Threshold,Locus,Predict Sites,Positive Sites,Negative Sites,Actual Donor Sites,Predict Num,Predict Positive Num,Predict Negative Num,TP,FP,TN,FN
5.5,ACU08131,"[1024, 2029, 2803, 3336]","[2029, 2803]","[1024, 3336]","[642, 1363, 2029, 2803, 3798]",5385,4,5381,2,2,5378,3
5.5,AGGGLINE,"[70, 2963, 3158, 3504, 4309, 6262, 6387]","[3158, 3504]","[70, 2963, 4309, 6262, 6387]","[3158, 3504]",7222,7,7215,2,5,7215,0
5.5,AGU04852,"[536, 3877, 3956, 5912, 6740, 8817, 8961, 10812]","[3956, 5912, 6740]","[536, 3877, 8817, 8961, 10812]","[3956, 5517, 5912, 6740]",10977,8,10969,3,5,10968,1
5.5,ALOEGLOBIM,"[237, 583, 1182]","[237, 583]",[1182],"[237, 583]",1684,3,1681,2,1,1681,0
5.5,ALOEGLOBIN,"[237, 583, 1182]","[237, 583]",[1182],"[237, 583]",1684,3,1681,2,1,1681,0
5.5,ALOPROTP1A,[166],[166],[],[166],411,1,410,1,0,410,0
5.5,AMU12024,"[257, 667, 2482]","[257, 667, 2482]",[],"[257, 667, 1864, 2126, 2482]",3645,3,3642,3,0,3640,2
5.5,AMU12025,"[1080, 1412, 1830, 2654, 2705, 3278]","[1412, 1830, 2654, 3278]","[1080, 2705]","[1412, 1830, 2654, 2902, 3278]",5376,6,5370,4,2,5369,1
5.5,AOIRHODOPS,"[894, 1702, 1969, 2754, 4005, 4067, 4840, 5373]","[1702, 4067, 5373]","[894, 1969, 2754, 4005, 4840]","[1702, 4067, 5373, 6243]",9916,8,9908,3,5,9907,1
5.5,ASPROP2,[],[],[],[325],665,0,665,0,0,664,1
5.5,ASYRVISP,"[625, 1042, 1585]","[625, 1042, 1585]",[],"[625, 1042, 1335, 1585, 1916]",2222,3,2219,3,0,2217,2
5.5,ATREGLOBIN,"[237, 588]","[237, 588]",[],"[237, 588]",1692,2,1690,2,0,1690,0
5.5,BABAPOE,"[60, 897, 2847]","[897, 2847]",[60],"[897, 2847]",4755,3,4752,2,1,4752,0
5.5,BATROX,"[341, 2078, 3011, 3924, 3975, 7655]","[341, 3011]","[2078, 3924, 3975, 7655]","[341, 3011, 5035, 6955]",8093,6,8087,2,4,8085,2
5.5,BCHEGLOBIN,"[237, 583, 1196]","[237, 583]",[1196],"[237, 583]",1698,3,1695,2,1,1695,0
5.5,BOVANPA,[],[],[],"[433, 858]",1762,0,1762,0,0,1760,2
5.5,BOVCOX7AL,"[1540, 2630, 3328, 3721, 3969, 5049]","[1540, 5049]","[2630, 3328, 3721, 3969]","[1540, 2812, 5049]",6850,6,6844,2,4,6843,1
5.5,BOVGAS,[],[],[],[751],1059,0,1059,0,0,1058,1
5.5,BOVIAP,"[437, 457, 602, 926, 1116, 1318, 1764, 1994, 3392, 3667, 3782, 3996]","[1764, 1994, 3392, 3667, 3996]","[437, 457, 602, 926, 1116, 1318, 3782]","[1568, 1764, 1994, 2354, 2606, 2999, 3157, 3392, 3667, 3996]",5392,12,5380,5,7,5375,5
5.5,BOVIRBP,"[2586, 2649, 3174, 3723, 3801, 4212, 6214, 6494, 7699, 9959, 11020]","[3174, 7699]","[2586, 2649, 3723, 3801, 4212, 6214, 6494, 9959, 11020]","[3174, 5595, 7699]",11786,11,11775,2,9,11774,1
5.5,BOVLHB,"[803, 1272]","[803, 1272]",[],"[803, 1272]",1857,2,1855,2,0,1855,0
5.5,BOVLYSOZMA,"[3039, 5771, 7260, 8654, 9247, 9304]","[3039, 5771, 8654]","[7260, 9247, 9304]","[3039, 5771, 8654]",12215,6,12209,3,3,12209,0
5.5,BOVLYSOZMB,"[1662, 2673, 3717, 4005, 5148, 6212, 6807, 7058]","[2673, 4005, 6212]","[1662, 3717, 5148, 6807, 7058]","[2673, 4005, 6212]",10205,8,10197,3,5,10197,0
5.5,BOVLYSOZMC,"[905, 2323, 4194, 4941, 4964, 5325, 6245]","[905, 2323, 4194]","[4941, 4964, 5325, 6245]","[905, 2323, 4194]",8044,7,8037,3,4,8037,0
5.5,BOVMYF5A,"[273, 1398]",[],"[273, 1398]","[698, 1625]",5212,2,5210,0,2,5208,2
5.5,BRHOX22,[1431],[1431],[],[1431],3435,1,3434,1,0,3434,0
5.5,BRHOX34A,[3491],[],[3491],[981],3491,1,3490,0,1,3489,1
5.5,BRU12895,"[1135, 1986]",[1135],[1986],[1135],3233,2,3231,1,1,3231,0
5.5,BTATPAAA,"[740, 2314, 4106, 4188, 5345, 5729, 9129]","[740, 2314, 5729, 9129]","[4106, 4188, 5345]","[740, 2314, 3707, 5729, 5984, 6337, 6827, 7151, 7770, 8023, 9129]",9908,7,9901,4,3,9894,7
5.5,BTEBGL2,"[294, 310, 658]","[310, 658]",[294],"[310, 658]",1834,3,1831,2,1,1831,0
5.5,BTEBGL4,"[294, 310, 658, 815]","[310, 658]","[294, 815]","[310, 658]",1829,4,1825,2,2,1825,0
5.5,BTGL01,"[98, 349, 365, 1008]","[365, 1008]","[98, 349]","[365, 1008]",2041,4,2037,2,2,2037,0
5.5,BTHOR02,[484],[484],[],"[484, 1920]",2420,1,2419,1,0,2418,1
5.5,BTKER6B,"[1678, 2346, 2913]",[1678],"[2346, 2913]","[1678, 2559, 3070, 3315, 3530, 4056, 4666]",5719,3,5716,1,2,5710,6
5.5,BTSPDNA,[960],[],[960],[1541],2149,1,2148,0,1,2147,1
5.5,BTSVSP109,"[799, 2189, 2359, 2555, 5292, 5643, 6096]","[2359, 5292]","[799, 2189, 2555, 5643, 6096]","[2359, 3984, 5292]",6949,7,6942,2,5,6941,1
5.5,BTTNP2G,"[847, 1326]",[],"[847, 1326]",[774],1842,2,1840,0,2,1839,1
5.5,BTU02285,"[21, 1858, 2873, 4222, 4780, 5056, 5654]","[4222, 4780, 5056]","[21, 1858, 2873, 5654]","[3792, 4222, 4487, 4780, 5056]",6389,7,6382,3,4,6380,2
5.5,CALEGLOBIM,"[236, 587, 1185, 1197]","[236, 587]","[1185, 1197]","[236, 587]",1691,4,1687,2,2,1687,0
5.5,CBUEGLOBIM,"[236, 587, 1185, 1197]","[236, 587]","[1185, 1197]","[236, 587]",1691,4,1687,2,2,1687,0
5.5,CCALAC,"[1358, 1852, 2409]","[1358, 1852, 2409]",[],"[1358, 1852, 2409]",3620,3,3617,3,0,3617,0
5.5,CCBEGLOBIM,"[237, 587, 1203]","[237, 587]",[1203],"[237, 587]",1696,3,1693,2,1,1693,0
5.5,CCBEGLOBIN,"[238, 589, 1206]","[238, 589]",[1206],"[238, 589]",1699,3,1696,2,1,1696,0
5.5,CCGHG,"[283, 1051, 1778]","[283, 1051, 1778]",[],"[283, 706, 1051, 1778]",2831,3,2828,3,0,2827,1
5.5,CCGONBS1,[1767],[1767],[],"[1767, 2072]",3464,1,3463,1,0,3462,1
5.5,CCGONBS2,[1785],[1785],[],"[1785, 2091]",3483,1,3482,1,0,3481,1
5.5,CCGTHA1,[302],[302],[],"[302, 572]",1145,1,1144,1,0,1143,1
5.5,CCT64CLU,"[1644, 1664, 2757, 3005, 4514, 5272, 5659]","[1644, 2757, 3005, 4514, 5272, 5659]",[1664],"[1644, 2757, 3005, 3496, 4514, 5272, 5659]",6278,7,6271,6,1,6270,1
5.5,CEPPINS,[],[],[],[858],1902,0,1902,0,0,1901,1
5.5,CHBLG,"[698, 928, 4019, 4298, 4861, 6255, 6280]",[4019],"[698, 928, 4298, 4861, 6255, 6280]","[2285, 3090, 4019, 5246, 6025]",8081,7,8074,1,6,8070,4
5.5,CHEBGLI,"[909, 1213]",[909],[1213],"[570, 909]",2206,2,2204,1,1,2203,1
5.5,CHEBGLII,"[547, 563, 912]","[563, 912]",[547],"[563, 912]",2260,3,2257,2,1,2257,0
5.5,CHKALDB,"[1452, 1506, 4004, 4462, 5731, 5748, 6172, 6664, 6955, 6960, 7504, 8186, 9185, 10577, 10844]","[6172, 6664, 6955, 8186, 9185]","[1452, 1506, 4004, 4462, 5731, 5748, 6960, 7504, 10577, 10844]","[6172, 6664, 6955, 7265, 8186, 8842, 9185]",11644,15,11629,5,10,11627,2
5.5,CHKAPOII,"[1839, 1891, 2131, 3317, 3820, 4488]","[3317, 3820]","[1839, 1891, 2131, 4488]","[3317, 3820]",4954,6,4948,2,4,4948,0
5.5,CHKDPCP,"[347, 637, 1624]",[637],"[347, 1624]",[637],1903,3,1900,1,2,1900,0
5.5,CHKMAX,"[1236, 2127, 2291, 3928, 4295]","[2127, 2291, 3928, 4295]",[1236],"[2127, 2291, 3928, 4295]",5691,5,5686,4,1,5686,0
5.5,CHKMYOD,"[2106, 3468, 4941, 5592, 6150]","[4941, 6150]","[2106, 3468, 5592]","[4941, 6150]",7382,5,7377,2,3,7377,0
5.5,CHKOVAL,"[1390, 3164, 3812, 4176, 4694, 6282, 7148, 8791]","[3164, 4176, 4694, 6282]","[1390, 3812, 7148, 8791]","[3164, 3466, 4176, 4694, 5795, 6282]",9199,8,9191,4,4,9189,2
5.5,CHKRPL30,"[671, 801, 1872, 2753, 2816]","[801, 1872, 2753]","[671, 2816]","[801, 1872, 2753]",3885,5,3880,3,2,3880,0
5.5,CHKRPL37A,"[201, 798, 996, 1376, 2125, 2255]","[798, 1376]","[201, 996, 2125, 2255]","[798, 1376, 2386]",3466,6,3460,2,4,3459,1
5.5,CHKRPL5G,"[1419, 1632, 2618]","[1419, 1632]",[2618],"[498, 1419, 1632, 3157, 3955, 5165, 6897]",8314,3,8311,2,1,8306,5
5.5,CHKTUB4B,"[779, 949, 1573]","[949, 1573]",[779],"[437, 949, 1573]",3146,3,3143,2,1,3142,1
5.5,CHKY,"[641, 794, 1664, 3603, 4683, 5213, 8361]","[3603, 4683]","[641, 794, 1664, 5213, 8361]","[3603, 4199, 4683, 5648, 6012, 6249]",8365,7,8358,2,5,8354,4
5.5,CHPPHYGEN,"[22, 2214, 3764, 3786, 4599, 4945, 5521, 7000, 8862, 10818, 10833, 10849, 11193, 11936, 12603]","[4599, 4945]","[22, 2214, 3764, 3786, 5521, 7000, 8862, 10818, 10833, 10849, 11193, 11936, 12603]","[4599, 4945]",13690,15,13675,2,13,13675,0
5.5,CHPPROTP1A,[],[],[],[159],398,0,398,0,0,397,1
5.5,CHPPROTP1B,[],[],[],[160],397,0,397,0,0,396,1
5.5,CHWEGLOBIM,"[237, 588]","[237, 588]",[],"[237, 588]",1702,2,1700,2,0,1700,0
5.5,CIGH,"[1281, 2029, 2889]","[1281, 2889]",[2029],"[1281, 1691, 2280, 2889]",3968,3,3965,2,1,3963,2
5.5,CITEGLOBIM,"[236, 587, 1186, 1198]","[236, 587]","[1186, 1198]","[236, 587]",1692,4,1688,2,2,1688,0
5.5,CJAEGLOBIN,"[237, 588]","[237, 588]",[],"[237, 588]",1703,2,1701,2,0,1701,0
5.5,CJINTERFG,"[4187, 4465, 8324]","[4187, 4465]",[8324],"[2881, 4187, 4465]",8520,3,8517,2,1,8516,1
5.5,CL54K,"[512, 535, 649, 706, 959, 1177, 1294, 1538, 2581, 2696]",[512],"[535, 649, 706, 959, 1177, 1294, 1538, 2581, 2696]",[512],3409,10,3399,1,9,3399,0
5.5,CMBGA2B2,"[383, 989, 1597]",[383],"[989, 1597]","[383, 718]",2685,3,2682,1,2,2681,1
5.5,CMEGA2E2,[416],[416],[],"[416, 753]",2047,1,2046,1,0,2045,1
5.5,CMU11711,"[1685, 2031, 2669]","[1685, 2031]",[2669],"[1685, 2031]",3165,3,3162,2,1,3162,0
5.5,CPPROT1GN,[],[],[],[164],391,0,391,0,0,390,1
5.5,CRASEQB,"[2825, 3434, 3452, 3464]",[2825],"[3434, 3452, 3464]","[1920, 2825]",5121,4,5117,1,3,5116,1
5.5,CRUCH7AHYD,"[1731, 2941, 3016, 5283, 7866, 9626]","[1731, 7866]","[2941, 3016, 5283, 9626]","[1731, 3651, 4938, 6076, 7866]",10607,6,10601,2,4,10598,3
5.5,CRUGAD45A,"[208, 859, 1877, 2417, 2553]","[1877, 2417]","[208, 859, 2553]","[1877, 2063, 2417]",4428,5,4423,2,3,4422,1
5.5,DMPROTP1,[],[],[],[249],617,0,617,0,0,616,1
5.5,DMU11712,"[1705, 2043, 2685]","[1705, 2043]",[2685],"[1705, 2043]",3020,3,3017,2,1,3017,0
5.5,DOGCOLIP,"[224, 249, 416, 1411, 2378, 2508]",[2378],"[224, 249, 416, 1411, 2508]","[1108, 2378]",3157,6,3151,1,5,3150,1
5.5,DOGIL8T,"[118, 1206, 1406, 1769]","[118, 1406, 1769]",[1206],"[118, 1406, 1769]",2230,4,2226,3,1,2226,0
5.5,ECGLOAP1,"[657, 889]",[657],[889],"[363, 657]",1134,2,1132,1,1,1131,1
5.5,ECPZA2GL,"[954, 1560, 1623, 3576, 3650, 4059]","[3576, 4059]","[954, 1560, 1623, 3650]","[3576, 4059]",5082,6,5076,2,4,5076,0
5.5,ECZGL1,"[700, 763]",[700],[763],"[700, 1534]",1995,2,1993,1,1,1992,1
5.5,ECZGL2,"[255, 318]",[255],[318],"[255, 1084]",1556,2,1554,1,1,1553,1
5.5,ELMETL,"[1097, 1291]","[1097, 1291]",[],"[1097, 1291]",1866,2,1864,2,0,1864,0
5.5,FDFELDI2,"[678, 703, 1070, 1882, 2011]",[],"[678, 703, 1070, 1882, 2011]","[276, 970]",2418,5,2413,0,5,2411,2
5.5,FDTNFA,"[187, 790, 972]","[187, 790, 972]",[],"[187, 790, 972]",1715,3,1712,3,0,1712,0
5.5,GDMYF5G,"[1036, 1104]",[1036],[1104],"[639, 1036]",1602,2,1600,1,1,1599,1
5.5,GGAC01,"[22, 273, 634, 1586, 1666, 3189, 3495, 3677, 3831, 3857]","[1666, 3189, 3677]","[22, 273, 634, 1586, 3495, 3831, 3857]","[1666, 2226, 3189, 3677]",5039,10,5029,3,7,5028,1
5.5,GGACTAC,"[339, 3218, 4216, 4398]","[3218, 4398]","[339, 4216]","[970, 2127, 2914, 3218, 4398]",5456,4,5452,2,2,5449,3
5.5,GGACTI,"[153, 841, 1659, 1841]","[841, 1841]","[153, 1659]","[404, 841, 1137, 1554, 1841]",2419,4,2415,2,2,2412,3
5.5,GGCALB,"[416, 1292, 1863, 2289, 3509, 3617, 5867, 6149, 6784, 7824, 8249, 8718, 9052]","[1863, 2289, 6784, 7824, 8718, 9052]","[416, 1292, 3509, 3617, 5867, 6149, 8249]","[386, 1863, 2289, 3467, 3793, 4235, 4894, 5205, 5933, 6784, 7035, 7824, 8718, 9052, 9685, 10195]",11061,13,11048,6,7,11038,10
5.5,GGCRYD1,"[267, 441, 2742, 3516, 4907, 5234, 6395, 7373, 7529]","[441, 2742, 3516, 4907, 5234, 6395]","[267, 7373, 7529]","[441, 1734, 2742, 3150, 3516, 3944, 4332, 4528, 4907, 5234, 5899, 6138, 6395, 6734, 7213]",8153,9,8144,6,3,8135,9
5.5,GGGL03,"[432, 768, 1160]","[432, 768]",[1160],"[432, 768]",1201,3,1198,2,1,1198,0
5.5,GGGNRHIA,"[1684, 3627, 4392, 4544]","[3627, 4392]","[1684, 4544]","[3627, 4392]",6275,4,6271,2,2,6271,0
5.5,GGNFM1D,"[1541, 4395, 5057]",[],"[1541, 4395, 5057]","[2132, 2451]",5631,3,5628,0,3,5626,2
5.5,GGPROP2,[],[],[],[307],641,0,641,0,0,640,1
5.5,GGRIHBGEN,"[1038, 1973, 2982, 3454]","[2982, 3454]","[1038, 1973]","[2982, 3219, 3454]",3879,4,3875,2,2,3874,1
5.5,GGVITIIG,"[54, 190, 2561, 2694, 2948, 2952, 3064, 3138, 4818, 5441, 5848, 6229, 6443, 7123, 8302, 8481, 9149, 9467, 10714, 10951, 10971, 12272, 12791, 13267, 13505, 15348, 15771, 15880, 17492, 17864, 19081, 19337, 20126]","[54, 190, 2694, 2948, 4818, 5441, 6229, 6443, 8302, 9149, 9467, 10714, 12272, 13267, 13505, 15348, 15771, 17864, 19081]","[2561, 2952, 3064, 3138, 5848, 7123, 8481, 10951, 10971, 12791, 15880, 17492, 19337, 20126]","[54, 190, 442, 2021, 2694, 2948, 3267, 3543, 3791, 4818, 5441, 6229, 6443, 7045, 7268, 8026, 8302, 9149, 9467, 10104, 10448, 10714, 11757, 12272, 12615, 13267, 13505, 14028, 14704, 15348, 15771, 16955, 17864, 19081]",20336,33,20303,19,14,20288,15
5.5,GIBPROTP1A,[],[],[],[160],394,0,394,0,0,393,1
5.5,GORAFPA,"[75, 999, 1860, 2955, 4192, 4564, 6976, 7766, 10727, 11145, 14707, 15952, 17195]","[999, 1860, 2955, 7766, 14707]","[75, 4192, 4564, 6976, 10727, 11145, 15952, 17195]","[999, 1860, 2955, 5457, 6760, 7766, 9445, 11629, 13421, 14087, 14707, 16581, 17834]",24600,13,24587,5,8,24579,8
5.5,GORPROTP1A,[],[],[],[164],405,0,405,0,0,404,1
5.5,GPIINS,[],[],[],[526],1465,0,1465,0,0,1464,1
5.5,HAMAMYLP,"[1394, 1473, 2308, 4561, 5045]",[2308],"[1394, 1473, 4561, 5045]",[2308],5948,5,5943,1,4,5943,0
5.5,HAMHG5,"[640, 1373, 1640, 2817, 4856, 6597]","[4856, 6597]","[640, 1373, 1640, 2817]","[4856, 5517, 6188, 6597, 7441]",9712,6,9706,2,4,9703,3
5.5,HROAMD1,"[237, 289, 1072, 2687, 3486, 4700, 4816, 5962]","[2687, 3486, 4700]","[237, 289, 1072, 4816, 5962]","[2687, 3486, 4700]",7092,8,7084,3,5,7084,0
5.5,HROMA2,"[739, 1174, 1285]","[739, 1174]",[1285],"[739, 1174]",1780,3,1777,2,1,1777,0
5.5,HROMA4A,"[1108, 1670, 1774]","[1108, 1670]",[1774],"[1108, 1670]",2332,3,2329,2,1,2329,0
5.5,HRSPRMI,[1880],[],[1880],[722],2199,1,2198,0,1,2197,1
5.5,HS1D3HLH,"[1039, 1231]",[1039],[1231],[1039],2474,2,2472,1,1,2472,0
5.5,HS2OXOC,"[116, 1162, 1421, 1694, 1719, 1825]","[116, 1162, 1421, 1694, 1825]",[1719],"[116, 871, 1162, 1421, 1694, 1825]",2511,6,2505,5,1,2504,1
5.5,HSABLGR1,"[1670, 3140, 3344, 5666, 6508, 6820, 8470, 8720, 10016, 10073, 10400, 10509, 10623, 11951, 12239, 13058, 13875, 15514, 15741, 16572, 17116, 17249, 20105, 20665, 24805, 24896, 25906, 26127, 29268, 32399, 33787, 35562, 35751]","[8720, 10400, 15741, 17116]","[1670, 3140, 3344, 5666, 6508, 6820, 8470, 10016, 10073, 10509, 10623, 11951, 12239, 13058, 13875, 15514, 16572, 17249, 20105, 20665, 24805, 24896, 25906, 26127, 29268, 32399, 33787, 35562, 35751]","[8720, 10400, 12434, 14200, 15741, 17116, 17991]",35955,33,35922,4,29,35919,3
5.5,HSALDCG,"[349, 1283, 2098, 2641, 3386, 3567]","[2641, 3567]","[349, 1283, 2098, 3386]","[2641, 2939, 3110, 3366, 3567, 3994, 4326]",5191,6,5185,2,4,5180,5
5.5,HSAPC3A,[2325],[],[2325],"[919, 1178]",6042,1,6041,0,1,6039,2
5.5,HSAPOA2B,"[232, 245, 490, 698, 916, 1554]","[490, 916]","[232, 245, 698, 1554]","[490, 916]",1748,6,1742,2,4,1742,0
5.5,HSAPOAIA,[57],[],[57],"[317, 661]",2186,1,2185,0,1,2183,2
5.5,HSAPOAIT,[231],[],[231],"[491, 835]",2378,1,2377,0,1,2375,2
5.5,HSAPOC2G,"[231, 1276, 1494, 2714]",[2714],"[231, 1276, 1494]","[2714, 3041]",3833,4,3829,1,3,3828,1
5.5,HSAQUPN2,[431],[431],[],"[431, 632, 746]",988,1,987,1,0,985,2
5.5,HSARYLA,"[1571, 2528, 2666]",[1571],"[2528, 2666]","[848, 1238, 1571, 1815, 2252, 2470, 2823]",3630,3,3627,1,2,3621,6
5.5,HSAT3,"[646, 825, 3311, 4823, 4978, 6059, 6934, 8536, 10401, 11303, 11320, 12719, 13056]","[646, 3311, 6059, 10401]","[825, 4823, 4978, 6934, 8536, 11303, 11320, 12719, 13056]","[646, 3311, 6059, 7102, 8303, 10401]",14199,13,14186,4,9,14184,2
5.5,HSATPCP1,"[496, 831, 4773, 5389, 5934, 6382, 6830, 6843, 6999, 7267, 8714, 9101]","[5389, 6382, 7267]","[496, 831, 4773, 5934, 6830, 6843, 6999, 8714, 9101]","[5389, 6382, 7267]",9450,12,9438,3,9,9438,0
5.5,HSATPCP2,"[2996, 4013, 4743, 6152, 7490, 8957, 9194, 9752, 10918, 11602, 13435]","[7490, 10918]","[2996, 4013, 4743, 6152, 8957, 9194, 9752, 11602, 13435]","[7490, 10195, 10918]",15009,11,14998,2,9,14997,1
5.5,HSB3A,"[2623, 2670]",[],"[2623, 2670]",[1843],3676,2,3674,0,2,3673,1
5.5,HSBGPG,"[560, 856, 1593]",[560],"[856, 1593]","[560, 850, 1096]",1668,3,1665,1,2,1663,2
5.5,HSBSF2,"[238, 1242, 2450, 2930, 3601, 4715, 4943, 5688]","[1242, 3601]","[238, 2450, 2930, 4715, 4943, 5688]","[1242, 1587, 2748, 3601]",5954,8,5946,2,6,5944,2
5.5,HSCBMYHC,"[369, 1577, 3193, 3932, 4595, 5041, 5485, 5644, 6694, 7246, 7567, 7735, 7912, 8898, 9174, 10877, 11339, 12155, 12427, 12829, 13342, 14210, 14571, 17120, 18228, 18590, 18777, 18896, 19262, 21839, 22088, 23454, 23701]","[4595, 5041, 5485, 5644, 6694, 7246, 7567, 8898, 9174, 10877, 11339, 12155, 12427, 12829, 13342, 14210, 14571, 17120, 18228, 18590, 18896, 19262, 21839, 22088, 23454, 23701]","[369, 1577, 3193, 3932, 7735, 7912, 18777]","[4595, 5041, 5485, 5644, 6354, 6529, 6694, 7246, 7567, 8354, 8898, 9174, 9626, 10530, 10877, 11339, 12155, 12427, 12829, 13342, 14210, 14571, 15900, 17120, 18228, 18590, 18896, 19262, 19970, 20319, 20604, 21466, 21839, 22088, 22474, 23454, 23701]",24993,33,24960,26,7,24949,11
5.5,HSCD14G,[159],[159],[],[159],1563,1,1562,1,0,1562,0
5.5,HSCKBG,"[876, 2570, 3521]",[3521],"[876, 2570]","[1341, 1619, 1824, 2380, 3174, 3521]",4193,3,4190,1,2,4185,5
5.5,HSCOMT2,"[1075, 2378]",[2378],[1075],"[1630, 1959, 2378]",3644,2,3642,1,1,3640,2
5.5,HSCPH70,"[633, 865, 2936, 3675, 4407, 4801]","[4407, 4801]","[633, 865, 2936, 3675]","[1729, 4204, 4407, 4801]",6704,6,6698,2,4,6696,2
5.5,HSCSF1PO,"[359, 779, 2816, 5647, 7572, 8287, 8694, 8725, 9217, 9575, 10517, 11063, 11515, 12975, 15733, 17882, 18046, 18156, 18208, 18465, 20123, 21311, 21444, 24260, 26732, 27465, 30823, 31040, 32108, 32301, 34006, 34399]","[7572, 8287, 11063, 17882, 18156, 18465, 20123, 27465, 30823, 31040, 32108, 32301, 34006]","[359, 779, 2816, 5647, 8694, 8725, 9217, 9575, 10517, 11515, 12975, 15733, 18046, 18208, 21311, 21444, 24260, 26732, 34399]","[1965, 7572, 8287, 10227, 11063, 15036, 17882, 18156, 18465, 20123, 26605, 26837, 27465, 28627, 30823, 31040, 32108, 32301, 33091, 34006]",35093,32,35061,13,19,35054,7
5.5,HSCST3G,"[1328, 3468, 3783, 3865, 4129, 5518, 7112]",[1328],"[3468, 3783, 3865, 4129, 5518, 7112]","[1328, 3694]",7285,7,7278,1,6,7277,1
5.5,HSCYCLA,"[2406, 5338, 5389, 6323]","[2406, 5338]","[5389, 6323]","[1393, 2406, 3731, 4168, 5338, 5911, 6667]",8356,4,8352,2,2,8347,5
5.5,HSCYP216,"[255, 879, 1836, 2402]","[255, 879, 1836, 2402]",[],"[255, 442, 879, 1088, 1278, 1466, 1836, 2215, 2402]",2764,4,2760,4,0,2755,5
5.5,HSCYP45C,"[185, 947, 1772, 4680, 4963, 5008, 5801, 6016, 6248, 6562]","[5801, 6016, 6248]","[185, 947, 1772, 4680, 4963, 5008, 6562]","[4942, 5624, 5801, 6016, 6248]",7547,10,7537,3,7,7535,2
5.5,HSCYTOK17,"[396, 452, 1709, 2079, 2304, 2928, 4123, 4987]","[1709, 2304, 4123]","[396, 452, 2079, 2928, 4987]","[581, 1709, 2304, 3066, 3693, 4000, 4123]",5253,8,5245,3,5,5241,4
5.5,HSCYTOK20,"[1277, 3128, 3978, 5281, 5352, 8722, 9313, 9470, 10828, 12705, 16343, 16620]","[5281, 9470, 12705]","[1277, 3128, 3978, 5352, 8722, 9313, 10828, 16343, 16620]","[5281, 7512, 9470, 9984, 10271, 11940, 12705]",18054,12,18042,3,9,18038,4
5.5,HSDAO,"[588, 956, 1751, 2551, 7431]",[7431],"[588, 956, 1751, 2551]","[6426, 7431, 9013]",9896,5,9891,1,4,9889,2
5.5,HSERPG,"[628, 1340, 1683, 2474]","[628, 1340, 1683, 2474]",[],"[628, 1340, 1683, 2474]",3391,4,3387,4,0,3387,0
5.5,HSFAU1,"[505, 857, 1096, 1129, 1613]","[857, 1096, 1613]","[505, 1129]","[857, 1096, 1613]",2009,5,2004,3,2,2004,0
5.5,HSFESFPS,"[1227, 1553, 4008, 4522, 5405, 5924, 6240, 6445, 7150, 7634, 8069, 8782, 9371, 10015, 11511]","[1227, 1553, 5405, 5924, 6240, 6445, 7150, 7634, 8069, 8782, 9371, 10015]","[4008, 4522, 11511]","[1227, 1553, 3023, 3336, 5405, 5598, 5924, 6240, 6445, 7150, 7634, 8069, 8782, 9151, 9371, 9768, 10015]",12256,15,12241,12,3,12236,5
5.5,HSGCSFG,"[404, 735, 744, 1230, 1521]","[404, 744, 1230, 1521]",[735],"[404, 744, 1230, 1521]",2953,5,2948,4,1,2948,0
5.5,HSGEBCMA,"[607, 700, 1648, 2292, 3234]",[607],"[700, 1648, 2292, 3234]","[607, 1496]",3720,5,3715,1,4,3714,1
5.5,HSGGL2,"[202, 547]","[202, 547]",[],"[202, 547]",1621,2,1619,2,0,1619,0
5.5,HSGLA,"[2148, 5269, 8378, 8413, 11761]","[5269, 8413]","[2148, 8378, 11761]","[1374, 5269, 7447, 8413, 10293, 10708]",12429,5,12424,2,3,12420,4
5.5,HSGROW2,"[345, 1091]","[345, 1091]",[],"[345, 762, 1091, 1349]",1957,2,1955,2,0,1953,2
5.5,HSGSTM4,"[37, 522, 2232, 3953]",[37],"[522, 2232, 3953]","[37, 391, 874, 1262, 1458, 2469, 2670]",4835,4,4831,1,3,4825,6
5.5,HSGTRH,"[442, 515, 2205, 2322, 3816, 5548, 6275, 6552]","[2205, 3816]","[442, 515, 2322, 5548, 6275, 6552]","[2205, 3816]",7217,8,7209,2,6,7209,0
5.5,HSHMG17G,"[1538, 1793, 2037, 2279, 2524, 3415, 3620, 4021, 5920, 7188]","[2524, 3415, 3620, 4021]","[1538, 1793, 2037, 2279, 5920, 7188]","[2524, 3415, 3620, 4021, 4553]",7188,10,7178,4,6,7177,1
5.5,HSHNRNPA,"[49, 707, 814, 868, 1086, 1936, 2295, 2481, 2660, 2869, 3602, 3962, 4312]","[814, 1936, 2295, 2481, 2660, 2869, 3962]","[49, 707, 868, 1086, 3602, 4312]","[814, 1494, 1936, 2295, 2481, 2660, 2869, 3962]",5361,13,5348,7,6,5347,1
5.5,HSHOX51,"[1278, 1791, 2052, 2415, 4023]",[2052],"[1278, 1791, 2415, 4023]",[2052],6298,5,6293,1,4,6293,0
5.5,HSHSC70,"[27, 1245, 1773, 2052, 2250, 3307, 3734]","[1245, 1773, 2250, 3307, 3734]","[27, 2052]","[1245, 1773, 2250, 2893, 3307, 3734, 4114]",5401,7,5394,5,2,5392,2
5.5,HSIFNAR,"[631, 830, 2696, 4612, 5386, 8569, 8594, 13828, 15482, 16062, 16944, 19442, 20346, 21132, 21239, 22586, 22719, 23783, 24341, 25061, 27880, 28142, 29554, 30489]","[830, 16944, 19442, 21132, 25061, 29554]","[631, 2696, 4612, 5386, 8569, 8594, 13828, 15482, 16062, 20346, 21239, 22586, 22719, 23783, 24341, 27880, 28142, 30489]","[830, 11325, 16944, 19188, 19442, 21132, 25061, 25314, 28679, 29554]",32899,24,32875,6,18,32871,4
5.5,HSIFNG,"[1897, 2175, 2413, 2446, 3631]","[1897, 2175]","[2413, 2446, 3631]","[589, 1897, 2175]",5954,5,5949,2,3,5948,1
5.5,HSIL1AG,"[1617, 2208, 3215, 3939, 4326, 5343, 5580, 7384, 9436, 9875, 11229]","[2208, 3215, 4326]","[1617, 3939, 5343, 5580, 7384, 9436, 9875, 11229]","[2208, 3215, 4326, 6433, 7940]",11963,11,11952,3,8,11950,2
5.5,HSIL1B,"[1515, 3144, 7406]","[3144, 7406]",[1515],"[2528, 3144, 5327, 6039, 7406]",9705,3,9702,2,1,9699,3
5.5,HSINT2,"[3549, 9331, 9480, 10216, 10533, 10644, 10708]",[3549],"[9331, 9480, 10216, 10533, 10644, 10708]","[1156, 3549]",11601,7,11594,1,6,11593,1
5.5,HSL7A,"[2073, 2867, 3525, 4052, 4164, 4919]","[2073, 2867, 3525, 4164, 4919]",[4052],"[2073, 2867, 3525, 3881, 4164, 4572, 4919]",5499,6,5493,5,1,5491,2
5.5,HSLCATG,"[991, 1352, 1590, 1672, 2266, 2574, 5372, 5638, 6574]","[991, 2266, 2574]","[1352, 1590, 1672, 5372, 5638, 6574]","[991, 1881, 2076, 2266, 2574]",6894,9,6885,3,6,6883,2
5.5,HSMECDAG,"[716, 1393, 1456, 2517, 2584, 2593, 2776, 2966, 3170, 3852]","[1393, 2517, 2776, 2966, 3852]","[716, 1456, 2584, 2593, 3170]","[1393, 2517, 2776, 2966, 3544, 3852]",4363,10,4353,5,5,4352,1
5.5,HSMED,"[52, 636, 789, 1354, 1998]",[1354],"[52, 636, 789, 1998]","[1354, 1943, 2315, 4716]",5285,5,5280,1,4,5277,3
5.5,HSMT1H,"[20, 816, 2125]",[816],"[20, 2125]","[816, 1475]",2135,3,2132,1,2,2131,1
5.5,HSNCAMX1,"[1550, 1609, 2245, 2486, 2537, 4142, 4190, 7852, 8529, 8552, 9373, 10015, 10317, 10722, 11726, 12072, 12550, 12786, 13049, 13893, 14002]","[1609, 4142, 7852, 8529, 9373, 10015, 10317, 10722, 12072, 12550, 12786, 13049, 13893, 14002]","[1550, 2245, 2486, 2537, 4190, 8552, 11726]","[1609, 4142, 4778, 5218, 6315, 6582, 6983, 7316, 7569, 7852, 8529, 8809, 9068, 9373, 9571, 10015, 10317, 10722, 11667, 12072, 12283, 12550, 12786, 13049, 13487, 13893, 14002]",16281,21,16260,14,7,16247,13
5.5,HSNFM,"[417, 432, 2675, 3849, 4491]",[2675],"[417, 432, 3849, 4491]","[1822, 2675]",6229,5,6224,1,4,6223,1
5.5,HSODCG,"[1002, 1938, 2912, 3968, 4192, 4433, 4649, 5028, 5421, 5633, 7111, 7614, 8052, 8090, 8854]","[4192, 4649, 5028, 5421, 5633, 7111, 7614]","[1002, 1938, 2912, 3968, 4433, 8052, 8090, 8854]","[4192, 4649, 5028, 5421, 5633, 5893, 7111, 7306, 7614]",9036,15,9021,7,8,9019,2
5.5,HSODF2,"[4, 131, 158, 964, 993]",[],"[4, 131, 158, 964, 993]",[600],1423,5,1418,0,5,1417,1
5.5,HSPAT133,"[393, 654, 794, 1173, 1447]",[1447],"[393, 654, 794, 1173]",[1447],3713,5,3708,1,4,3708,0
5.5,HSPLAPL,"[599, 827]","[599, 827]",[],"[403, 599, 827]",1275,2,1273,2,0,1272,1
5.5,HSPRB3L,"[386, 566, 789, 896, 1103, 2934, 3376]",[566],"[386, 789, 896, 1103, 2934, 3376]","[566, 1537]",4509,7,4502,1,6,4501,1
5.5,HSPRB4S,"[518, 913, 1018, 2812, 2957]",[],"[518, 913, 1018, 2812, 2957]","[693, 1658]",5806,5,5801,0,5,5799,2
5.5,HSPSAG,"[872, 1848, 4044, 4080]","[1848, 4044]","[872, 4080]","[447, 1848, 3764, 4044]",5866,4,5862,2,2,5860,2
5.5,HSRPII145,"[449, 588, 1233, 1378, 1535, 1688, 1729]","[449, 588, 1233]","[1378, 1535, 1688, 1729]","[449, 588, 908, 1071, 1233]",2086,7,2079,3,4,2077,2
5.5,HSRPS7,"[284, 404, 516, 1008, 1831, 2166, 2369, 4254, 5088, 5100, 6064, 6068, 6325, 6408, 6429]","[2166, 2369, 4254]","[284, 404, 516, 1008, 1831, 5088, 5100, 6064, 6068, 6325, 6408, 6429]","[2166, 2369, 3108, 4254, 6734]",7506,15,7491,3,12,7489,2
5.5,HSSAA1B,"[862, 1009, 1543, 2345, 2367]",[1543],"[862, 1009, 2345, 2367]","[1543, 3845]",4816,5,4811,1,4,4810,1
5.5,HSSHBG,"[1016, 1058, 2672, 3148]","[1058, 3148]","[1016, 2672]","[472, 696, 1058, 1551, 1938, 2205, 3148]",3803,4,3799,2,2,3794,5
5.5,HSSSPN1AG,"[2066, 2330, 3360, 3491]","[3360, 3491]","[2066, 2330]","[1343, 1635, 1809, 3360, 3491]",4089,4,4085,2,2,4082,3
5.5,HSSURF3,"[284, 1033, 1692, 2048, 2209, 2321, 3074]","[284, 1033, 1692, 2048, 2321, 3074]",[2209],"[284, 1033, 1692, 2048, 2321, 2729, 3074]",3410,7,3403,6,1,3402,1
5.5,HSTNFB,"[836, 1375, 3015]",[1375],"[836, 3015]","[1375, 1567]",3030,3,3027,1,2,3026,1
5.5,HSTPI1G,"[746, 919, 972, 1558, 2035, 3181, 4376, 4651, 4849]","[746, 2035, 3181]","[919, 972, 1558, 4376, 4651, 4849]","[746, 2035, 2231, 2438, 2821, 3181]",4988,9,4979,3,6,4976,3
5.5,HSTUBAG,"[96, 536, 2065, 2287, 2584, 3733, 3759]","[536, 2287, 2584]","[96, 2065, 3733, 3759]","[536, 2287, 2584]",4080,7,4073,3,4,4073,0
5.5,HSU01102,"[668, 817, 1671, 1943, 2568]",[668],"[817, 1671, 1943, 2568]","[668, 3896]",4988,5,4983,1,4,4982,1
5.5,HSU04357,"[97, 1201, 1342, 1963]","[97, 1342]","[1201, 1963]","[97, 1342]",2075,4,2071,2,2,2071,0
5.5,HSU04636,"[103, 1018, 1935, 2199, 2996, 4424, 5359, 5723, 6008]","[1018, 1935, 2199, 2996, 4424, 5359, 6008]","[103, 5723]","[1018, 1935, 2199, 2996, 3608, 4424, 4790, 5359, 6008]",9446,9,9437,7,2,9435,2
5.5,HSU05259,"[2091, 2173, 2435, 2685, 4128]","[2685, 4128]","[2091, 2173, 2435]","[782, 2685, 3045, 4128]",5663,5,5658,2,3,5656,2
5.5,HSU07807,"[454, 459, 757]",[757],"[454, 459]","[757, 3386]",4832,3,4829,1,2,4828,1
5.5,HSU07983,"[390, 1286]",[390],[1286],[390],1419,2,1417,1,1,1417,0
5.5,HSU08198,"[707, 895, 1124, 1316, 1689, 1811, 1845, 1900]","[895, 1124, 1316, 1689, 1811]","[707, 1845, 1900]","[583, 895, 1124, 1316, 1689, 1811]",2337,8,2329,5,3,2328,1
5.5,HSU12421,"[1400, 1941, 2080, 2255, 3573, 3747]",[2080],"[1400, 1941, 2255, 3573, 3747]","[311, 2080]",4251,6,4245,1,5,4244,1
5.5,HSUBR,"[957, 1589, 2324, 3005]","[1589, 2324]","[957, 3005]","[1589, 2324]",3290,4,3286,2,2,3286,0
5.5,HSXBXVIII,"[473, 1189, 2137, 3123, 3248, 3859, 4586, 5486, 6115, 6240, 7675, 9475, 9633, 11843, 12085]","[11843, 12085]","[473, 1189, 2137, 3123, 3248, 3859, 4586, 5486, 6115, 6240, 7675, 9475, 9633]","[11405, 11589, 11843, 12085]",12637,15,12622,2,13,12620,2
5.5,HSZNGP1,"[518, 565, 5752, 6347, 8597]",[518],"[565, 5752, 6347, 8597]","[518, 4718, 8313]",9816,5,9811,1,4,9809,2
5.5,HUMADAG,"[1309, 1355, 2405, 3737, 4501, 4623, 4817, 5267, 5657, 11568, 11763, 13458, 13503, 14450, 15661, 18465, 19292, 19529, 20776, 21114, 24224, 24752, 26467, 29419, 30860, 31115, 31304, 32497, 32675, 32916, 33952, 34484, 35203]","[19292, 26467, 31304, 32497, 32675, 32916, 34484, 35203]","[1309, 1355, 2405, 3737, 4501, 4623, 4817, 5267, 5657, 11568, 11763, 13458, 13503, 14450, 15661, 18465, 19529, 20776, 21114, 24224, 24752, 29419, 30860, 31115, 33952]","[4064, 19292, 26467, 29052, 29939, 31304, 32497, 32675, 32916, 34484, 35203]",36734,33,36701,8,25,36698,3
5.5,HUMADPRF02,"[1308, 1650, 3035, 3392, 4732, 5150]","[1308, 1650]","[3035, 3392, 4732, 5150]","[359, 1308, 1650]",5160,6,5154,2,4,5153,1
5.5,HUMAPEXN,"[349, 1364, 1465, 1535, 1863, 2622]","[1465, 1863, 2622]","[349, 1364, 1535]","[1465, 1863, 2622]",3723,6,3717,3,3,3717,0
5.5,HUMAPOCII,"[547, 1557, 1778, 2995]",[2995],"[547, 1557, 1778]","[2995, 3321]",4333,4,4329,1,3,4328,1
5.5,HUMAPOE4,"[1091, 1914, 3200]","[1914, 3200]",[1091],"[1914, 3200]",5508,3,5505,2,1,5505,0
5.5,HUMATPGG,"[203, 1445, 1902, 4293, 6534, 7456, 7885, 9672, 10406, 14100]","[1445, 1902, 4293, 6534, 7456, 9672, 14100]","[203, 7885, 10406]","[1445, 1727, 1902, 2677, 4293, 4749, 5307, 6118, 6534, 6749, 7456, 8198, 9436, 9672, 9946, 10190, 11405, 12074, 13663, 14100, 14276]",15108,10,15098,7,3,15084,14
5.5,HUMBETGLOA,"[376, 687, 942, 1311, 2559]",[1311],"[376, 687, 942, 2559]","[958, 1311]",2995,5,2990,1,4,2989,1
5.5,HUMBETGLOB,"[374, 685, 940, 1309, 2557]",[1309],"[374, 685, 940, 2557]","[956, 1309]",2993,5,2988,1,4,2987,1
5.5,HUMBETGLOC,"[376, 687, 942, 1311, 2559]",[1311],"[376, 687, 942, 2559]","[958, 1311]",2995,5,2990,1,4,2989,1
5.5,HUMBETGLOD,"[376, 687, 942, 1311, 2559]",[1311],"[376, 687, 942, 2559]","[958, 1311]",2995,5,2990,1,4,2989,1
5.5,HUMBETGLOE,"[374, 685, 940, 1309, 2557]",[1309],"[374, 685, 940, 2557]","[956, 1309]",2993,5,2988,1,4,2987,1
5.5,HUMBETGLOF,"[376, 687, 942, 1311, 2559]",[1311],"[376, 687, 942, 2559]","[958, 1311]",2995,5,2990,1,4,2989,1
5.5,HUMBETGLOG,"[376, 687, 942, 1311, 2559]",[1311],"[376, 687, 942, 2559]","[958, 1311]",2995,5,2990,1,4,2989,1
5.5,HUMBETGLOH,"[376, 687, 942, 1311, 2559]",[1311],"[376, 687, 942, 2559]","[958, 1311]",2995,5,2990,1,4,2989,1
5.5,HUMBETGLOI,"[374, 685, 940, 1309, 2557]",[1309],"[374, 685, 940, 2557]","[956, 1309]",2993,5,2988,1,4,2987,1
5.5,HUMBETGLOJ,"[374, 685, 940, 1309, 2557]",[1309],"[374, 685, 940, 2557]","[956, 1309]",2993,5,2988,1,4,2987,1
5.5,HUMBETGLOK,"[374, 685, 940, 1309, 2557]",[1309],"[374, 685, 940, 2557]","[956, 1309]",2993,5,2988,1,4,2987,1
5.5,HUMBETGLOL,"[374, 685, 940, 1309, 2557]",[1309],"[374, 685, 940, 2557]","[956, 1309]",2993,5,2988,1,4,2987,1
5.5,HUMBETGLOM,"[373, 684, 939, 1308, 2556]",[1308],"[373, 684, 939, 2556]","[955, 1308]",2992,5,2987,1,4,2986,1
5.5,HUMBETGLON,"[374, 685, 940, 1309, 2557]",[1309],"[374, 685, 940, 2557]","[956, 1309]",2993,5,2988,1,4,2987,1
5.5,HUMBETGLOO,"[374, 685, 940, 1309, 2557]",[1309],"[374, 685, 940, 2557]","[956, 1309]",2993,5,2988,1,4,2987,1
5.5,HUMBETGLOP,"[374, 685, 940, 1309, 2557]",[1309],"[374, 685, 940, 2557]","[956, 1309]",2993,5,2988,1,4,2987,1
5.5,HUMBETGLOR,"[374, 685, 940, 1309, 2557]",[1309],"[374, 685, 940, 2557]","[956, 1309]",2993,5,2988,1,4,2987,1
5.5,HUMCBRG,"[1220, 3041]",[1220],[3041],"[567, 1220]",3319,2,3317,1,1,3316,1
5.5,HUMCHYMASE,"[969, 3982, 5216, 6037]","[5216, 6037]","[969, 3982]","[5216, 6037, 6922, 7363]",8109,4,8105,2,2,8103,2
5.5,HUMCP21OH,"[947, 1571, 2528, 3094]","[947, 1571, 2528, 3094]",[],"[947, 1134, 1571, 1780, 1970, 2158, 2528, 2907, 3094]",4035,4,4031,4,0,4026,5
5.5,HUMCP21OHC,"[948, 1572, 2529, 3096]","[948, 1572, 2529, 3096]",[],"[948, 1135, 1572, 1781, 1971, 2159, 2529, 2908, 3096]",4037,4,4033,4,0,4028,5
5.5,HUMCS1,"[565, 669, 1334]","[565, 1334]",[669],"[565, 991, 1334, 1591]",2294,3,2291,2,1,2289,2
5.5,HUMCS3,"[566, 671, 1334, 2520]","[566, 1334]","[671, 2520]","[566, 991, 1334, 1588]",2733,4,2729,2,2,2727,2
5.5,HUMCSN2A,"[122, 3194, 4855, 5620, 5747, 6144, 7789, 9482]","[4855, 5747]","[122, 3194, 5620, 6144, 7789, 9482]","[4855, 5747, 6747, 6887, 8522]",10601,8,10593,2,6,10590,3
5.5,HUMCSPA,"[982, 2276, 2929, 3691]","[982, 2276, 2929]",[3691],"[982, 2276, 2929, 3392]",4784,4,4780,3,1,4779,1
5.5,HUMCTLA1,"[988, 1812, 2179, 2770, 3236]","[988, 2179, 2770, 3236]",[1812],"[988, 2179, 2770, 3236]",4521,5,4516,4,1,4516,0
5.5,HUMDEF5A,"[296, 2601]",[],"[296, 2601]",[1571],2873,2,2871,0,2,2870,1
5.5,HUMDZA2G,"[2003, 3942, 5389, 5436, 10624, 11212, 13467]",[5389],"[2003, 3942, 5436, 10624, 11212, 13467]","[5389, 9590, 13183]",14687,7,14680,1,6,14678,2
5.5,HUMELAFIN,"[326, 557, 1461]",[326],"[557, 1461]",[326],1871,3,1868,1,2,1868,0
5.5,HUMEPOHYDD,"[2289, 6542, 8696, 9045, 10475, 12105, 12409, 13804, 13924, 16085, 16775, 19204, 20857, 20883, 20994, 21354, 22251, 22952, 23010]","[8696, 16085, 16775, 19204, 21354]","[2289, 6542, 9045, 10475, 12105, 12409, 13804, 13924, 20857, 20883, 20994, 22251, 22952, 23010]","[5656, 8696, 15620, 16085, 16775, 19204, 21354]",24783,19,24764,5,14,24762,2
5.5,HUMG0S24B,[631],[631],[],[631],3128,1,3127,1,0,3127,0
5.5,HUMG0S8PP,"[784, 2682, 3768, 3932, 4646]","[2682, 3768, 3932, 4646]",[784],"[2682, 3768, 3932, 4646]",7338,5,7333,4,1,7333,0
5.5,HUMGAD45A,"[2457, 2596, 3645, 3880]","[2596, 3645]","[2457, 3880]","[2596, 3184, 3645]",5371,4,5367,2,2,5366,1
5.5,HUMGARE,"[810, 2411, 2653, 3207, 4469]","[810, 2653]","[2411, 3207, 4469]","[810, 2239, 2653, 3118]",4747,5,4742,2,3,4740,2
5.5,HUMGCK,"[1514, 1989, 3799, 3882, 5015, 5808, 6475]","[3882, 5015, 6475]","[1514, 1989, 3799, 5808]","[1188, 3360, 3882, 4312, 4806, 5015, 5452, 5964, 6475]",7530,7,7523,3,4,7517,6
5.5,HUMGFP40H,"[910, 1058, 1173, 2593, 3126, 4025]","[910, 1058, 1173, 2593]","[3126, 4025]","[910, 1058, 1173, 2593]",4372,6,4366,4,2,4366,0
5.5,HUMGHG,"[689, 1983, 2636, 3398]","[689, 1983, 2636]",[3398],"[689, 1983, 2636, 3099]",4445,4,4441,3,1,4440,1
5.5,HUMGHN,"[569, 673, 1316]","[569, 1316]",[673],"[569, 989, 1316, 1574]",2650,3,2647,2,1,2645,2
5.5,HUMGHV,"[432, 566, 1328, 2485]","[566, 1328]","[432, 2485]","[566, 998, 1328, 1584]",2653,4,2649,2,2,2647,2
5.5,HUMGSTM4A,"[777, 1272, 3023, 4760]",[777],"[1272, 3023, 4760]","[777, 1139, 1631, 2024, 2225, 3262, 3463]",6075,4,6071,1,3,6065,6
5.5,HUMHMGIY,"[720, 1075, 3749, 4627, 4660, 5150, 5496, 7133, 9286, 9390]",[4660],"[720, 1075, 3749, 4627, 5150, 5496, 7133, 9286, 9390]","[4660, 6544, 7270]",10103,10,10093,1,9,10091,2
5.5,HUMHOX13G,[380],[],[380],[811],3064,1,3063,0,1,3062,1
5.5,HUMHPARS1,"[1046, 3855, 5577, 6373, 7692, 7696, 8703, 9344, 9649, 11385]","[1046, 3855, 5577]","[6373, 7692, 7696, 8703, 9344, 9649, 11385]","[1046, 2632, 3020, 3855, 4744, 5577]",11544,10,11534,3,7,11531,3
5.5,HUMIBP3,"[1409, 1556, 2441, 2845, 2935, 3142, 3356, 3924, 4304, 4358, 4406, 4924, 6617, 8353, 8677]","[2441, 6617]","[1409, 1556, 2845, 2935, 3142, 3356, 3924, 4304, 4358, 4406, 4924, 8353, 8677]","[2441, 5953, 6617]",10877,15,10862,2,13,10861,1
5.5,HUMIDS,"[1972, 2038, 2376, 4119, 4174, 4778, 5244, 5385, 9161, 9282, 11158, 11397, 14655, 15879, 15901, 18552, 18689, 25810, 29400, 29441, 29518, 29710, 30410, 31004, 31147, 32099, 34645, 35761]","[2038, 5244, 15879]","[1972, 2376, 4119, 4174, 4778, 5385, 9161, 9282, 11158, 11397, 14655, 15901, 18552, 18689, 25810, 29400, 29441, 29518, 29710, 30410, 31004, 31147, 32099, 34645, 35761]","[1160, 2038, 2882, 5244, 8086, 9847, 15879, 19268]",36838,28,36810,3,25,36805,5
5.5,HUMIGERA,"[68, 1342, 1797, 2173, 3105, 4527, 4792, 5168]","[1342, 1797, 3105, 5168]","[68, 2173, 4527, 4792]","[1342, 1797, 3105, 5168]",7652,8,7644,4,4,7644,0
5.5,HUMIL2RGA,"[772, 840, 1476, 3031, 3126, 3353]","[1476, 3031, 3353]","[772, 840, 3126]","[203, 735, 1128, 1476, 2402, 3031, 3353]",4031,6,4025,3,3,4021,4
5.5,HUMIL4A,"[491, 1306, 1626, 3254, 7003, 7433, 8407, 8466]","[1306, 1626, 7003]","[491, 3254, 7433, 8407, 8466]","[1306, 1626, 7003]",9893,8,9885,3,5,9885,0
5.5,HUMIRBPG,"[786, 1823, 3181, 3550, 4672, 5069, 7160]","[3181, 7160]","[786, 1823, 3550, 4672, 5069]","[3181, 5157, 7160]",9704,7,9697,2,5,9696,1
5.5,HUMLHDC,"[166, 1727, 3070, 4925, 6016, 7415, 10512, 11221, 11774, 12354, 13017, 14169, 14605, 18382, 18464, 18855, 19312, 20300, 20482, 22046, 23463, 28671, 31819, 32156]","[7415, 14605, 18382, 19312, 20300, 20482]","[166, 1727, 3070, 4925, 6016, 10512, 11221, 11774, 12354, 13017, 14169, 18464, 18855, 22046, 23463, 28671, 31819, 32156]","[7415, 9773, 14605, 15584, 18382, 18782, 19312, 20300, 20482, 24666, 29773]",32344,24,32320,6,18,32315,5
5.5,HUMLUCT,"[1550, 2505, 2861]","[1550, 2505, 2861]",[],"[1550, 2505, 2861]",3289,3,3286,3,0,3286,0
5.5,HUMLYTOXBB,"[1235, 1357, 2202, 2734, 2934, 3631, 5345, 6032]","[2934, 3631]","[1235, 1357, 2202, 2734, 5345, 6032]","[2934, 3376, 3631]",6298,8,6290,2,6,6289,1
5.5,HUMMCHEMP,"[159, 674, 1590]","[674, 1590]",[159],"[674, 1590]",2758,3,2755,2,1,2755,0
5.5,HUMMET2,"[866, 1233]","[866, 1233]",[],"[866, 1233]",1696,2,1694,2,0,1694,0
5.5,HUMMGPA,"[845, 3748, 7617]",[],"[845, 3748, 7617]","[3516, 5093, 6334]",7727,3,7724,0,3,7721,3
5.5,HUMMIF,"[753, 1643]",[1643],[753],"[1281, 1643]",2160,2,2158,1,1,2157,1
5.5,HUMMIS,"[623, 1489]",[623],[1489],"[623, 1358, 1639, 1887]",3093,2,3091,1,1,3088,3
5.5,HUMMKXX,"[1168, 1737, 2463, 2985]",[1737],"[1168, 2463, 2985]","[1415, 1737, 2019]",3301,4,3297,1,3,3295,2
5.5,HUMNKG5PRO,"[2262, 3215, 3848, 3982, 5468]","[2262, 3215, 3848, 5468]",[3982],"[2262, 3215, 3848, 5468]",6739,5,6734,4,1,6734,0
5.5,HUMNTRI,"[1247, 2145, 2802, 3141]",[2802],"[1247, 2145, 3141]",[2802],3703,4,3699,1,3,3699,0
5.5,HUMNTRIII,"[1247, 2145, 2802, 3141]",[2802],"[1247, 2145, 3141]",[2802],3703,4,3699,1,3,3699,0
5.5,HUMOSTP,"[214, 1549, 3054, 3657, 4738, 6420, 6986, 7897, 8035, 8832]","[3657, 6986]","[214, 1549, 3054, 4738, 6420, 7897, 8035, 8832]","[3509, 3657, 6679, 6986, 8349]",10731,10,10721,2,8,10718,3
5.5,HUMPAP,"[1012, 1410, 2089, 3167, 3342, 4164]","[1410, 2089, 3167]","[1012, 3342, 4164]","[1410, 2089, 2414, 3167]",4490,6,4484,3,3,4483,1
5.5,HUMPCI,"[312, 2078, 2226, 2298, 2586, 3307, 3575, 4697, 7199, 8568, 8725, 11483, 14117, 14247, 15064]","[8568, 11483]","[312, 2078, 2226, 2298, 2586, 3307, 3575, 4697, 7199, 8725, 14117, 14247, 15064]","[8568, 10898, 11483]",15564,15,15549,2,13,15548,1
5.5,HUMPEM,"[934, 1033, 1537, 2266, 2707, 2973, 3203, 3297, 3904]","[934, 2266, 2707, 2973, 3203]","[1033, 1537, 3297, 3904]","[934, 2266, 2421, 2707, 2973, 3203]",4236,9,4227,5,4,4226,1
5.5,HUMPEPYYA,"[647, 727, 1201, 1307, 1537]",[1201],"[647, 727, 1307, 1537]","[1201, 1388]",2371,5,2366,1,4,2365,1
5.5,HUMPF4V1A,"[11, 199, 381, 826]","[381, 826]","[11, 199]","[381, 826]",1461,4,1457,2,2,1457,0
5.5,HUMPHOSA,"[233, 850, 1494, 1810, 3209]","[233, 850, 1494, 1810, 3209]",[],"[233, 850, 1494, 1810, 2323, 2988, 3209, 3729]",4885,5,4880,5,0,4877,3
5.5,HUMPRCA,"[130, 684, 1687, 2201, 2309, 2354, 3438, 4778, 5118, 5348, 5452, 5585, 10977, 11461]","[2201, 5118, 5348, 5585]","[130, 684, 1687, 2309, 2354, 3438, 4778, 5452, 10977, 11461]","[2201, 3631, 5118, 5348, 5585, 8396, 9387]",11718,14,11704,4,10,11701,3
5.5,HUMPREELAS,"[596, 826, 1729]",[596],"[826, 1729]",[596],2293,3,2290,1,2,2290,0
5.5,HUMPRPHX,"[1143, 1838, 2127, 2502, 2869, 3173, 3322, 3633]","[1838, 2127, 2869, 3173, 3322, 3633]","[1143, 2502]","[1346, 1838, 2127, 2652, 2869, 3173, 3322, 3633]",4525,8,4517,6,2,4515,2
5.5,HUMRCC1,"[638, 654, 2711, 4304, 4379, 4555, 4733, 5210, 5479, 5741, 7271, 11134, 12573, 13819, 14368, 14604, 14697, 15532, 20918, 22033, 22205, 24201, 26218, 26579, 26808, 28010, 28244, 28523, 28893, 29766]","[24201, 26218, 26579, 28010, 28244, 28893, 29766]","[638, 654, 2711, 4304, 4379, 4555, 4733, 5210, 5479, 5741, 7271, 11134, 12573, 13819, 14368, 14604, 14697, 15532, 20918, 22033, 22205, 26808, 28523]","[24201, 26218, 26579, 28010, 28244, 28893, 29247, 29766]",34634,30,34604,7,23,34603,1
5.5,HUMREGHOM,"[52, 684, 1419, 1909, 2739, 2825]","[684, 1419, 2739]","[52, 1909, 2825]","[684, 1419, 1864, 2739]",3404,6,3398,3,3,3397,1
5.5,HUMROD1X,[1876],[1876],[],"[1242, 1876]",2834,1,2833,1,0,2832,1
5.5,HUMRPIB2,"[510, 899, 1531, 2268, 2758, 3588, 3674]","[1531, 2268, 3588]","[510, 899, 2758, 3674]","[1531, 2268, 2713, 3588]",4330,7,4323,3,4,4322,1
5.5,HUMRPS6B,"[359, 1168, 1838, 3893]","[359, 1838]","[1168, 3893]","[359, 1059, 1838, 2178, 4051]",4967,4,4963,2,2,4960,3
5.5,HUMSEMI,"[793, 806, 2547, 2979, 3074, 3496]",[793],"[806, 2547, 2979, 3074, 3496]",[793],4157,6,4151,1,5,4151,0
5.5,HUMSEMIIB,"[493, 1316, 4486, 4499, 4667, 5820, 6446, 7146]",[4486],"[493, 1316, 4499, 4667, 5820, 6446, 7146]",[4486],8217,8,8209,1,7,8209,0
5.5,HUMSTATH2,"[1553, 2025, 2627, 2848]",[1553],"[2025, 2627, 2848]","[353, 1553, 1675]",4716,4,4712,1,3,4710,2
5.5,HUMTBGA,"[854, 1021, 2681, 4941, 5164, 5231, 6314, 6841, 7144]","[4941, 7144]","[854, 1021, 2681, 5164, 5231, 6314, 6841]","[4941, 6265, 7144]",8762,9,8753,2,7,8752,1
5.5,HUMTCRBRA,[278],[278],[],[278],729,1,728,1,0,728,0
5.5,HUMTHROMA,"[159, 787, 4817, 5134, 5715]",[4817],"[159, 787, 5134, 5715]","[1985, 2344, 2717, 4817]",6156,5,6151,1,4,6148,3
5.5,HUMTNP2SS,[86],[],[86],[658],1775,1,1774,0,1,1773,1
5.5,HUMTPALBU,"[313, 1621, 2741, 4587]","[1621, 2741]","[313, 4587]","[1094, 1621, 2741, 3425, 4361]",6165,4,6161,2,2,6158,3
5.5,HUMTRHYAL,"[201, 2232]",[],"[201, 2232]",[1645],9544,2,9542,0,2,9541,1
5.5,HUMTSHB2,[780],[],[780],[187],979,1,978,0,1,977,1
5.5,HUMV2R,"[261, 1366, 1507, 2128]","[261, 1507]","[1366, 2128]","[261, 1507]",2275,4,2271,2,2,2271,0
5.5,HYPSCGH,"[41, 806, 1039, 1624]","[41, 1039, 1624]",[806],"[41, 451, 1039, 1624]",2477,4,2473,3,1,2472,1
5.5,LAYEGLOBIN,"[238, 584, 1197]","[238, 584]",[1197],"[238, 584]",1695,3,1692,2,1,1692,0
5.5,LEBGLOB,"[94, 142, 157, 1501, 1926, 3171]",[1926],"[94, 142, 157, 1501, 3171]","[1577, 1926]",3639,6,3633,1,5,3632,1
5.5,LNOEGLOBIN,"[236, 587, 1185, 1197]","[236, 587]","[1185, 1197]","[236, 587]",1691,4,1687,2,2,1687,0
5.5,MACHBGA1,"[283, 495, 841]","[495, 841]",[283],"[495, 841]",2098,3,2095,2,1,2095,0
5.5,MACHBGA2,"[281, 493, 839]","[493, 839]",[281],"[493, 839]",2101,3,2098,2,1,2098,0
5.5,MAMGLUTRA,"[484, 2406, 3175, 5131]",[484],"[2406, 3175, 5131]","[484, 821, 1255, 1627, 1819, 2745, 2938]",6288,4,6284,1,3,6278,6
5.5,MAU09941,"[1031, 1166, 1803, 1830, 1846, 2427, 2667, 3134]",[1830],"[1031, 1166, 1803, 1846, 2427, 2667, 3134]",[1830],3799,8,3791,1,7,3791,0
5.5,MFAPOA2A,"[133, 379, 587, 785, 1422]","[379, 785]","[133, 587, 1422]","[379, 785]",1490,5,1485,2,3,1485,0
5.5,MFAPOC3A,[2232],[],[2232],"[913, 1172]",3255,1,3254,0,1,3252,2
5.5,MMA2IXCOA,"[859, 878, 1812, 4386, 5682, 5831, 6355, 6930, 7102, 7250, 7371, 7684, 8064, 8882, 9209, 9322, 9467, 9609, 9626, 11426, 11611, 13033, 13111, 13447, 13726, 14575, 15021, 15597, 15933, 16114, 16240, 16522, 16811, 17106, 17275, 18283]","[4386, 5682, 5831, 7102, 7250, 7371, 7684, 8064, 8882, 9322, 9467, 9626, 13033, 13447, 13726, 14575, 15021, 15597, 15933, 16114, 16240, 16522, 16811, 17275]","[859, 878, 1812, 6355, 6930, 9209, 9609, 11426, 11611, 13111, 17106, 18283]","[3132, 4386, 5682, 5831, 7102, 7250, 7371, 7684, 8064, 8216, 8401, 8539, 8882, 9322, 9467, 9626, 13033, 13447, 13726, 14575, 15021, 15338, 15597, 15746, 15933, 16114, 16240, 16522, 16811, 17275, 17647]",19472,36,19436,24,12,19429,7
5.5,MMACLGNA,"[474, 1458, 2537, 3107]",[474],"[1458, 2537, 3107]","[474, 3178]",3874,4,3870,1,3,3869,1
5.5,MMAPOG,"[265, 536]",[536],[265],"[536, 806]",2169,2,2167,1,1,2166,1
5.5,MMASM1G,"[1088, 3245, 3367, 3599, 3745]","[1088, 3245, 3745]","[3367, 3599]","[1088, 2244, 2928, 3245, 3745]",4768,5,4763,3,2,4761,2
5.5,MMCASEIB,"[2857, 4901, 4916, 5615, 6603, 7023, 7160, 7964, 9803, 10443, 11838]","[7023, 7160, 9803]","[2857, 4901, 4916, 5615, 6603, 7964, 10443, 11838]","[6252, 7023, 7160, 8126, 8252, 9803]",13047,11,13036,3,8,13033,3
5.5,MMCD24A,"[1126, 2486, 3805, 7063, 7475]",[2486],"[1126, 3805, 7063, 7475]",[2486],7635,5,7630,1,4,7630,0
5.5,MMCFOS,"[844, 1850, 2363, 3414]","[844, 1850, 2363]",[3414],"[844, 1850, 2363]",3960,4,3956,3,1,3956,0
5.5,MMCOL10A,"[560, 1070, 1802, 4222, 5660, 6146, 6371, 6704, 7009, 7192, 7335, 9284, 9322]",[1802],"[560, 1070, 4222, 5660, 6146, 6371, 6704, 7009, 7192, 7335, 9284, 9322]",[1802],9324,13,9311,1,12,9311,0
5.5,MMCRPG,[],[],[],[375],2133,0,2133,0,0,2132,1
5.5,MMCYTOKNA,"[810, 1580]",[810],[1580],"[810, 1559]",2552,2,2550,1,1,2549,1
5.5,MMDM2RR,"[665, 854, 878, 1651, 1846, 2407, 2702, 3378, 3701, 3962, 4925, 6030]","[665, 854, 1651, 2702, 3701, 3962, 4925]","[878, 1846, 2407, 3378, 6030]","[665, 854, 1305, 1651, 2702, 3701, 3962, 4925, 5134]",6633,12,6621,7,5,6619,2
5.5,MMDNAASFA,"[855, 1497, 1576, 2406, 3558]","[855, 1576]","[1497, 2406, 3558]","[855, 1241, 1576, 1823, 2135, 2357, 2695]",4311,5,4306,2,3,4301,5
5.5,MMEZGL,"[589, 1599]","[589, 1599]",[],"[589, 1599]",1947,2,1945,2,0,1945,0
5.5,MMG37,"[788, 2119, 2570]","[788, 2119, 2570]",[],"[332, 788, 1303, 2119, 2363, 2570]",3066,3,3063,3,0,3060,3
5.5,MMGBCRYA,"[671, 1003]","[671, 1003]",[],"[671, 1003]",2655,2,2653,2,0,2653,0
5.5,MMGCCRYA,"[721, 1056, 1430, 2488]","[721, 1056]","[1430, 2488]","[721, 1056]",2885,4,2881,2,2,2881,0
5.5,MMGFAPD,"[1901, 2449, 4335, 7253, 7902, 7907, 8227]","[1901, 4335, 7907]","[2449, 7253, 7902, 8227]","[713, 1624, 1901, 2995, 3906, 4335, 5452, 7907]",9964,7,9957,3,4,9952,5
5.5,MMGGLINE,"[204, 2076, 2288, 2634, 4813, 6374, 6955, 7167, 7513, 9179]","[7167, 7513]","[204, 2076, 2288, 2634, 4813, 6374, 6955, 9179]","[7167, 7513]",11279,10,11269,2,8,11269,0
5.5,MMGK5,[3525],[],[3525],"[695, 1805, 2595, 2825]",3603,1,3602,0,1,3598,4
5.5,MMH2D4Q5,"[159, 644]","[159, 644]",[],"[159, 644]",1101,2,1099,2,0,1099,0
5.5,MMHOX13,"[369, 1570]",[],"[369, 1570]",[800],2828,2,2826,0,2,2825,1
5.5,MMHOX24I,"[837, 1264]",[837],[1264],[837],1916,2,1914,1,1,1914,0
5.5,MMIL1BG,"[572, 1938, 4398, 5679]","[1938, 4398, 5679]",[572],"[1356, 1938, 3680, 4398, 5679]",7093,4,7089,3,1,7087,2
5.5,MMIL3G,"[2090, 2583]",[2090],[2583],"[686, 824, 1913, 2090]",3483,2,3481,1,1,3478,3
5.5,MMIL5G,"[980, 1593, 2262, 3597, 4806, 5303, 5441, 5742]","[1593, 3597]","[980, 2262, 4806, 5303, 5441, 5742]","[731, 1593, 3597]",6720,8,6712,2,6,6711,1
5.5,MMKFGF,"[976, 1045, 1337, 1556, 2886]",[1045],"[976, 1337, 1556, 2886]","[542, 1045]",3982,5,3977,1,4,3976,1
5.5,MMLDHAG,"[2132, 2774, 4377, 4577, 4824, 5333, 7171, 7208, 7338, 7668, 7780, 7959, 8315, 8402, 8597, 11532]","[4577, 7171, 7668, 8597]","[2132, 2774, 4377, 4824, 5333, 7208, 7338, 7780, 7959, 8315, 8402, 11532]","[4577, 5919, 7171, 7668, 8597, 10704]",12844,16,12828,4,12,12826,2
5.5,MMMMP9A,"[1890, 2781, 3945, 4206, 4321, 4864, 5695, 6356, 6564]","[2781, 3945, 4206, 5695, 6356, 6564]","[1890, 4321, 4864]","[1341, 2008, 2375, 2781, 3064, 3418, 3945, 4206, 5695, 5936, 6356, 6564]",8183,9,8174,6,3,8168,6
5.5,MMMRPS24,"[404, 1460, 2987, 3137, 3934]","[404, 1460, 3137]","[2987, 3934]","[404, 1460, 1761, 3137]",5492,5,5487,3,2,5486,1
5.5,MMMTIX,[402],[402],[],"[402, 951]",1553,1,1552,1,0,1551,1
5.5,MMMUPBS6,"[731, 2425, 3236]","[731, 3236]",[2425],"[731, 1203, 2045, 2793, 3236]",4615,3,4612,2,1,4609,3
5.5,MMMYCL,"[919, 1615, 1787, 2042, 6752, 7565, 8161]",[1787],"[919, 1615, 2042, 6752, 7565, 8161]",[1787],8309,7,8302,1,6,8302,0
5.5,MMNFMG,"[4409, 4804]",[],"[4409, 4804]","[1634, 2540]",5464,2,5462,0,2,5460,2
5.5,MMNMYC,[],[],[],[1163],4800,0,4800,0,0,4799,1
5.5,MMNUCLEO,"[784, 863, 2042, 3040, 3141, 4071, 4293, 4879, 5198, 5879, 6230, 6879, 8122, 8928, 10436, 11016]","[2042, 3141, 4293, 4879, 5198, 6230, 8122, 10436]","[784, 863, 3040, 4071, 5879, 6879, 8928, 11016]","[2042, 3141, 4293, 4694, 4879, 5198, 6230, 7517, 8122, 8738, 9050, 9881, 10436]",11471,16,11455,8,8,11450,5
5.5,MMODC2,"[331, 737, 1053, 1374, 2508, 2523, 2702, 2999, 4219]","[331, 737, 1053, 1374, 2508, 2702, 2999]","[2523, 4219]","[331, 737, 1053, 1374, 1557, 1801, 2508, 2702, 2999]",4253,9,4244,7,2,4242,2
5.5,MMOESTEOP,"[510, 993, 1127, 1666, 2605, 2609, 2821, 4834]","[993, 1127, 2821]","[510, 1666, 2605, 2609, 4834]","[993, 1127, 2283, 2821, 4101]",5775,8,5767,3,5,5765,2
5.5,MMPO,"[324, 475, 561, 1709, 1950, 2446, 3054, 3728, 3749, 6250, 6833, 6901, 7167, 7842, 8043, 8907, 9903, 10001, 10756]","[2446, 3728, 7167, 8907, 9903]","[324, 475, 561, 1709, 1950, 3054, 3749, 6250, 6833, 6901, 7842, 8043, 10001, 10756]","[2193, 2446, 2948, 3503, 3728, 4018, 4769, 7167, 8440, 8907, 9903]",11906,19,11887,5,14,11881,6
5.5,MMPPSOMA,"[562, 1034, 1208]",[1034],"[562, 1208]",[1034],2557,3,2554,1,2,2554,0
5.5,MMPROP2,[],[],[],[289],713,0,713,0,0,712,1
5.5,MMPROT1,[759],[759],[],[759],1179,1,1178,1,0,1178,0
5.5,MMPROT2,"[361, 508, 1218]",[1218],"[361, 508]",[1218],1569,3,1566,1,2,1566,0
5.5,MMSAP,"[441, 1558]",[441],[1558],[441],1869,2,1867,1,1,1867,0
5.5,MMSCIMIP,"[415, 1017]","[415, 1017]",[],"[415, 1017]",1981,2,1979,2,0,1979,0
5.5,MMSYNDE1A,"[1345, 1483, 1992, 2151, 5772, 6256, 6622, 9076, 9867, 11397, 11583, 11858, 14080, 15299, 16744, 16770, 17701, 19009, 19057, 19542, 19726, 19767, 20385, 20735, 20942, 21888, 22120, 22802, 23203]","[1345, 19009, 20385, 20942]","[1483, 1992, 2151, 5772, 6256, 6622, 9076, 9867, 11397, 11583, 11858, 14080, 15299, 16744, 16770, 17701, 19057, 19542, 19726, 19767, 20735, 21888, 22120, 22802, 23203]","[1345, 19009, 20385, 20942]",23593,29,23564,4,25,23564,0
5.5,MMTHY1G,"[1009, 1156]",[1009],[1156],"[80, 1009]",2683,2,2681,1,1,2680,1
5.5,MMTLAC,"[299, 748, 1171, 3092, 4297, 4373]","[299, 748, 1171, 3092]","[4297, 4373]","[299, 748, 1171, 3092, 3338]",5250,6,5244,4,2,5243,1
5.5,MMTNFBG,"[1196, 1553, 1728]",[1728],"[1196, 1553]","[1728, 1911]",3212,3,3209,1,2,3208,1
5.5,MMTROPIB,"[183, 1749, 1832, 1932, 2033, 4604]","[1932, 4604]","[183, 1749, 1832, 2033]","[1697, 1932, 2185, 2656, 3037, 3564, 4604]",5684,6,5678,2,4,5673,5
5.5,MMTUM198,"[120, 1849, 2818, 3313, 3587, 3818, 4180, 4220]","[2818, 3313, 3587, 3818, 4180]","[120, 1849, 4220]","[1692, 2818, 3098, 3313, 3587, 3818, 4180]",4377,8,4369,5,3,4367,2
5.5,MMU01530,"[1357, 3231]",[3231],[1357],"[3094, 3231]",6700,2,6698,1,1,6697,1
5.5,MMU02278,[],[],[],[1638],3974,0,3974,0,0,3973,1
5.5,MMU02298,"[1180, 3116, 4897]",[1180],"[3116, 4897]","[1180, 2413]",5852,3,5849,1,2,5848,1
5.5,MMU02884,"[814, 1630, 3386, 3669, 5244, 7567, 7973]","[1630, 5244]","[814, 3386, 3669, 7567, 7973]","[1630, 5244, 6836]",8758,7,8751,2,5,8750,1
5.5,MMU04056,"[186, 901, 1382, 1865, 2711, 2747, 4688, 6264, 7683, 8680, 8895, 14615, 15270, 15417, 16230, 16348, 16710, 18100, 20602, 21185]","[1382, 4688, 8895, 16230]","[186, 901, 1865, 2711, 2747, 6264, 7683, 8680, 14615, 15270, 15417, 16348, 16710, 18100, 20602, 21185]","[1382, 3530, 4688, 7979, 8895, 10317, 10876, 11259, 12211, 13491, 16230, 16561]",21711,20,21691,4,16,21683,8
5.5,MMU04827,"[105, 2280, 4281, 4301, 4969, 5675]","[4281, 4969]","[105, 2280, 4301, 5675]","[3684, 4281, 4969]",7601,6,7595,2,4,7594,1
5.5,MMU07568,"[84, 267, 482, 527]","[84, 267, 482]",[527],"[84, 267, 482]",744,4,740,3,1,740,0
5.5,MMU07808,"[61, 547, 673, 1697]","[673, 1697]","[61, 547]","[673, 1697]",2841,4,2837,2,2,2837,0
5.5,MMU09741,"[245, 1094, 1230]","[245, 1230]",[1094],"[245, 1230]",2845,3,2842,2,1,2842,0
5.5,MMU09964,"[375, 1295, 1968, 2317, 2490, 2680, 3428, 3796, 4303, 4607, 5091, 5726, 5730, 5977, 6890, 7525, 7760, 7962, 8601, 11246]","[1968, 3428, 4303, 4607, 7962, 8601]","[375, 1295, 2317, 2490, 2680, 3796, 5091, 5726, 5730, 5977, 6890, 7525, 7760, 11246]","[1968, 3428, 4303, 4607, 7962, 8162, 8601, 9017, 9311, 10875]",11455,20,11435,6,14,11431,4
5.5,MMU10098,"[1173, 5292, 5695, 5812]",[1173],"[5292, 5695, 5812]","[1173, 3509]",6118,4,6114,1,3,6113,1
5.5,MMU11054,"[204, 2250]",[],"[204, 2250]","[457, 1418, 1996]",2565,2,2563,0,2,2560,3
5.5,MMU11713,"[288, 634]","[288, 634]",[],"[288, 634]",1760,2,1758,2,0,1758,0
5.5,MMU12029,"[17, 381, 582, 1264]","[582, 1264]","[17, 381]","[582, 1264]",2256,4,2252,2,2,2252,0
5.5,MMU12273,"[38, 680, 1085]","[680, 1085]",[38],"[680, 1085, 1740]",2576,3,2573,2,1,2572,1
5.5,MMU12559,[247],[247],[],[247],919,1,918,1,0,918,0
5.5,MMU12560,[247],[247],[],[247],921,1,920,1,0,920,0
5.5,MMU12561,[247],[247],[],[247],917,1,916,1,0,916,0
5.5,MMU12562,[247],[247],[],[247],919,1,918,1,0,918,0
5.5,MMU12565,[247],[247],[],[247],1044,1,1043,1,0,1043,0
5.5,MMU13921,"[10, 952, 1867, 2003, 2197, 2354, 3525, 3990]","[952, 2003, 2354, 3990]","[10, 1867, 2197, 3525]","[952, 2003, 2354, 2693, 2930, 3241, 3990]",4671,8,4663,4,4,4660,3
5.5,MMU14421,"[3848, 5599]",[],"[3848, 5599]","[3668, 4237, 4502, 4814]",6255,2,6253,0,2,6249,4
5.5,MMVITRO,"[725, 2054, 2826, 3755, 3812, 3820, 3855, 3863, 4996]",[2054],"[725, 2826, 3755, 3812, 3820, 3855, 3863, 4996]","[1845, 2054, 2474, 2693, 3017, 3279, 4355]",4997,9,4988,1,8,4982,6
5.5,MMVPREB2,"[172, 214, 379]",[379],"[172, 214]",[379],1046,3,1043,1,2,1043,0
5.5,MMVPREB3,"[172, 214, 379]",[379],"[172, 214]",[379],1046,3,1043,1,2,1043,0
5.5,MNKEGLOBIM,"[237, 583, 1196]","[237, 583]",[1196],"[237, 583]",1694,3,1691,2,1,1691,0
5.5,MNKEGLOBIN,"[237, 583, 1194]","[237, 583]",[1194],"[237, 583]",1692,3,1689,2,1,1689,0
5.5,MNKHGBGGAG,"[92, 287, 633, 1338]","[287, 633]","[92, 1338]","[287, 633]",1698,4,1694,2,2,1694,0
5.5,MNPROP2,[],[],[],[278],697,0,697,0,0,696,1
5.5,MUS8HS20,"[257, 940, 1015, 1360, 2562]",[940],"[257, 1015, 1360, 2562]",[940],2623,5,2618,1,4,2618,0
5.5,MUSAP,"[3574, 4740, 4971, 5547, 6013, 6406, 6709, 7890, 8019]","[3574, 4740, 4971, 6406, 6709]","[5547, 6013, 7890, 8019]","[3574, 3815, 4034, 4509, 4740, 4971, 5290, 5619, 5952, 6406, 6709]",8087,9,8078,5,4,8072,6
5.5,MUSAP5A,"[551, 697, 786, 1768, 2428, 2463, 2681, 2759, 3332, 4614, 6816]","[2428, 2759, 4614]","[551, 697, 786, 1768, 2463, 2681, 3332, 6816]","[2428, 2759, 4614]",6822,11,6811,3,8,6811,0
5.5,MUSAPEX,"[1042, 1684, 2089]","[1684, 2089]",[1042],"[1684, 2089, 2742]",4035,3,4032,2,1,4031,1
5.5,MUSAPOAII,"[723, 1155]","[723, 1155]",[],"[723, 1155]",2953,2,2951,2,0,2951,0
5.5,MUSAPOIVA,"[588, 975, 1385]","[588, 975]",[1385],"[588, 975]",3013,3,3010,2,1,3010,0
5.5,MUSBMP4,"[336, 510, 664, 768, 2149, 2473, 2683, 5497]",[],"[336, 510, 664, 768, 2149, 2473, 2683, 5497]",[7179],9668,8,9660,0,8,9659,1
5.5,MUSBNP,"[336, 753, 1449]","[336, 753]",[1449],"[336, 753]",1461,3,1458,2,1,1458,0
5.5,MUSCD14A,[176],[176],[],[176],1866,1,1865,1,0,1865,0
5.5,MUSCRKNB,"[1440, 3842, 3862]",[3842],"[1440, 3862]","[1904, 2245, 2455, 2796, 3505, 3842]",4514,3,4511,1,2,4506,5
5.5,MUSCYTCOVB,"[724, 1319]","[724, 1319]",[],"[724, 1319, 1585]",2533,2,2531,2,0,2530,1
5.5,MUSENDOBA,"[2117, 2130, 2743, 3115, 3618, 3892, 4049, 4430, 4898, 5090, 5589, 5696, 5817, 6980, 7151]","[2743, 3618, 4049, 5090, 5589]","[2117, 2130, 3115, 3892, 4430, 4898, 5696, 5817, 6980, 7151]","[2743, 3618, 4049, 4853, 5090, 5589]",7872,15,7857,5,10,7856,1
5.5,MUSFAUA,"[846, 925, 1249, 1496, 2124]","[1249, 1496, 2124]","[846, 925]","[1249, 1496, 2124]",2843,5,2838,3,2,2838,0
5.5,MUSFERHC,"[483, 1827, 2185]","[483, 1827, 2185]",[],"[483, 1827, 2185]",2783,3,2780,3,0,2780,0
5.5,MUSFKBP13X,"[321, 736]","[321, 736]",[],"[321, 736, 904, 1282]",1574,2,1572,2,0,1570,2
5.5,MUSGAD45,"[935, 1458, 1595, 2647]","[935, 1458]","[1595, 2647]","[935, 1126, 1458]",3093,4,3089,2,2,3088,1
5.5,MUSGFJE,[624],[624],[],"[624, 1489]",2404,1,2403,1,0,2402,1
5.5,MUSGPOAD,"[1044, 1737, 4403, 4816, 4916, 5400, 7929]","[1044, 4403, 4916]","[1737, 4816, 5400, 7929]","[1044, 2306, 4403, 4916]",8069,7,8062,3,4,8061,1
5.5,MUSHBBH0,"[163, 365, 1112, 1265, 2081]",[365],"[163, 1112, 1265, 2081]","[365, 914]",2128,5,2123,1,4,2122,1
5.5,MUSHBBH1,"[249, 451]",[451],[249],"[451, 780]",1919,2,1917,1,1,1916,1
5.5,MUSHES1,"[556, 784, 1108, 1351, 2208]","[556, 784, 1108]","[1351, 2208]","[556, 784, 1108]",2818,5,2813,3,2,2813,0
5.5,MUSHOX35A,"[232, 612, 3150, 3519]",[],"[232, 612, 3150, 3519]",[1308],3848,4,3844,0,4,3843,1
5.5,MUSIL1RN,"[168, 512, 886, 2186, 2289, 2483, 3549, 3883, 5269]","[512, 2483, 3549]","[168, 886, 2186, 2289, 3883, 5269]","[512, 2483, 3549]",6343,9,6334,3,6,6334,0
5.5,MUSKE3A,"[1562, 1604, 1881, 2194, 3400, 3405]",[3400],"[1562, 1604, 1881, 2194, 3405]","[21, 544, 3218, 3400]",3613,6,3607,1,5,3604,3
5.5,MUSLMP7A,"[1318, 1354, 1407, 2454, 3029, 3046, 3178]","[1318, 2454, 3029]","[1354, 1407, 3046, 3178]","[1318, 2153, 2454, 3029, 3674]",4260,7,4253,3,4,4251,2
5.5,MUSLTA,"[1207, 1632, 1807]",[1807],"[1207, 1632]","[1807, 1990]",3287,3,3284,1,2,3283,1
5.5,MUSMC26,"[843, 2419, 2475, 3190, 3666, 3716, 4182]","[2419, 3190]","[843, 2475, 3666, 3716, 4182]","[2419, 3190, 4144]",5387,7,5380,2,5,5379,1
5.5,MUSOGC,"[113, 489]","[113, 489]",[],"[113, 290, 489]",942,2,940,2,0,939,1
5.5,MUSOGCA,"[285, 866, 1242]","[866, 1242]",[285],"[866, 1043, 1242]",1695,3,1692,2,1,1691,1
5.5,MUSOGCB,"[113, 490]","[113, 490]",[],"[113, 290, 490]",943,2,941,2,0,940,1
5.5,MUSPNMT,"[1665, 1881, 2135, 2755]",[1665],"[1881, 2135, 2755]","[1665, 2343]",3137,4,3133,1,3,3132,1
5.5,MUSPROTA,"[585, 1945, 2585, 3663]","[1945, 2585, 3663]",[585],"[1945, 2585, 3224, 3663]",4637,4,4633,3,1,4632,1
5.5,MUSPROTEB,"[337, 496, 594, 993, 1024]","[337, 594, 993]","[496, 1024]","[337, 594, 993, 1988]",2390,5,2385,3,2,2384,1
5.5,MUSPRPC2,"[801, 2740, 3019, 3833, 5493, 6797]",[801],"[2740, 3019, 3833, 5493, 6797]",[801],7299,6,7293,1,5,7293,0
5.5,MUSPRPMPB,"[801, 1480, 2974]",[801],"[1480, 2974]",[801],3567,3,3564,1,2,3564,0
5.5,MUSREGI,"[775, 1159, 2230, 2993]","[1159, 2230, 2993]",[775],"[1159, 1799, 2230, 2993]",3749,4,3745,3,1,3744,1
5.5,MUSREGII,"[530, 927, 1626, 3233]","[927, 1626]","[530, 3233]","[927, 1626, 1988, 3091]",3925,4,3921,2,2,3919,2
5.5,MUSROM1X,[1030],[],[1030],"[1242, 1848]",2780,1,2779,0,1,2777,2
5.5,MUSRPL30,"[500, 660, 1679, 2459, 3441]","[660, 2459]","[500, 1679, 3441]","[660, 1050, 2459]",3469,5,3464,2,3,3463,1
5.5,MUSRPS16,"[1868, 2005]","[1868, 2005]",[],"[450, 687, 1868, 2005]",2642,2,2640,2,0,2638,2
5.5,MUSS100B,"[342, 1721, 4920, 5219, 8061, 8612, 8736]",[4920],"[342, 1721, 5219, 8061, 8612, 8736]",[4920],8866,7,8859,1,6,8859,0
5.5,MUSSERPROA,"[1034, 1449, 2092, 3178, 3371]","[1449, 2092, 3178]","[1034, 3371]","[1449, 2092, 2739, 3178]",4450,5,4445,3,2,4444,1
5.5,MUSSSATGN,"[613, 840, 1825, 3039]","[840, 3039]","[613, 1825]","[840, 1162, 1346, 2905, 3039]",4059,4,4055,2,2,4052,3
5.5,MUSTCP,"[453, 470, 1329, 2463, 2496, 2781, 3642, 4019, 4278, 4687, 6098, 7230, 7512]","[453, 4278, 4687, 6098, 7230, 7512]","[470, 1329, 2463, 2496, 2781, 3642, 4019]","[453, 1705, 1993, 3270, 3746, 4278, 4687, 6098, 6552, 7230, 7512]",9254,13,9241,6,7,9236,5
5.5,MUSTHY1,"[1009, 1156]",[1009],[1156],"[80, 1009]",2683,2,2681,1,1,2680,1
5.5,MUSTLAG,"[261, 705, 1155, 1573, 3494, 4788]","[705, 1155, 1573, 3494]","[261, 4788]","[705, 1155, 1573, 3494, 3740]",5413,6,5407,4,2,5406,1
5.5,MUSTSHBA2,[830],[],[830],[464],1284,1,1283,0,1,1282,1
5.5,MUSY1GLOB,"[377, 690, 1224, 1249]","[377, 690]","[1224, 1249]","[377, 690]",1746,4,1742,2,2,1742,0
5.5,OABBGLOB,"[525, 692, 958, 1309, 2701]","[958, 1309]","[525, 692, 2701]","[958, 1309]",3242,5,3237,2,3,3237,0
5.5,OABCGLOB,"[957, 1312, 2648]","[957, 1312]",[2648],"[957, 1312]",3193,3,3190,2,1,3190,0
5.5,OAINIGFII1,[2106],[],[2106],[740],2386,1,2385,0,1,2384,1
5.5,OAINTL3,"[674, 813, 1909, 2072]","[674, 813, 1909, 2072]",[],"[674, 813, 1909, 2072]",2794,4,2790,4,0,2790,0
5.5,OAKRT213,"[1593, 3198, 4147, 4752, 4813, 5288, 5684, 6548, 8453, 8931, 9294]","[3198, 4147, 4813, 5288, 5684, 6548]","[1593, 4752, 8453, 8931, 9294]","[3198, 4147, 4813, 5288, 5684, 6077, 6548, 7393]",9523,11,9512,6,5,9510,2
5.5,OALGB,"[959, 2660, 3500, 4886, 4911]",[2660],"[959, 3500, 4886, 4911]","[938, 1742, 2660, 3883, 4656]",7372,5,7367,1,4,7363,4
5.5,OAMETIAG,[701],[701],[],"[701, 1479]",2793,1,2792,1,0,2791,1
5.5,OAMTIB,[],[],[],"[965, 1721]",3212,0,3212,0,0,3210,2
5.5,OAMTIC,[621],[621],[],"[621, 1295]",2376,1,2375,1,0,2374,1
5.5,OAMTII,"[799, 1023, 1976]",[1023],"[799, 1976]","[1023, 1378]",2048,3,2045,1,2,2044,1
5.5,OAPROTP1,[],[],[],[212],525,0,525,0,0,524,1
5.5,OATRICH,"[1183, 4772]",[],"[1183, 4772]",[3157],9337,2,9335,0,2,9334,1
5.5,OCAPOAIG,"[361, 1239, 1467]",[],"[361, 1239, 1467]","[553, 855]",1987,3,1984,0,3,1982,2
5.5,OCTNFBETA,"[68, 577]",[577],[68],"[577, 766]",1965,2,1963,1,1,1962,1
5.5,OCUTGLOB,"[2680, 3172, 3357, 3424, 3496, 4176, 5072]",[3357],"[2680, 3172, 3424, 3496, 4176, 5072]","[3357, 5831]",6561,7,6554,1,6,6553,1
5.5,OOGH,[333],[333],[],"[333, 740, 1084, 1475]",2155,1,2154,1,0,2151,3
5.5,OPOP1,[],[],[],[249],617,0,617,0,0,616,1
5.5,ORAPROTP1A,[],[],[],[163],410,0,410,0,0,409,1
5.5,PAA1GL,"[155, 204, 513]","[204, 513]",[155],"[204, 513]",873,3,870,2,1,870,0
5.5,PAAFPG,[214],[214],[],[214],1088,1,1087,1,0,1087,0
5.5,PAU03674,"[1194, 3171, 4013]","[3171, 4013]",[1194],"[3171, 3574, 3773, 4013, 4294, 4611]",5438,3,5435,2,1,5431,4
5.5,PIGAPAI,"[562, 794]",[794],[562],"[794, 1129]",3326,2,3324,1,1,3323,1
5.5,PIGAPCIII,"[45, 867, 944, 1711]",[1711],"[45, 867, 944]","[1432, 1711]",3269,4,3265,1,3,3264,1
5.5,PIGCNP,"[400, 528, 1150, 1622, 1662]",[400],"[528, 1150, 1622, 1662]",[400],1887,5,1882,1,4,1882,0
5.5,PIGFSB,[1598],[],[1598],"[515, 1042]",2044,1,2043,0,1,2041,2
5.5,PIKEGLOBIN,"[237, 588]","[237, 588]",[],"[237, 588]",1702,2,1700,2,0,1700,0
5.5,PPGLTG,[662],[662],[],"[373, 662]",1065,1,1064,1,0,1063,1
5.5,PPPROP2,[],[],[],[319],740,0,740,0,0,739,1
5.5,PPYPROP2,[],[],[],[272],689,0,689,0,0,688,1
5.5,PTAZGLO,"[943, 1603, 1648, 1652, 2244]",[1603],"[943, 1648, 1652, 2244]","[1603, 3077]",3612,5,3607,1,4,3606,1
5.5,PTGGGLOG,"[200, 545]","[200, 545]",[],"[200, 545]",1815,2,1813,2,0,1813,0
5.5,PTPPINS,[],[],[],[1410],2476,0,2476,0,0,2475,1
5.5,PTPROP2,[],[],[],[330],751,0,751,0,0,750,1
5.5,PVU11715,"[288, 633, 1272]","[288, 633]",[1272],"[288, 633]",1782,3,1779,2,1,1779,0
5.5,QULNFLW,"[1222, 2169, 2301, 2405, 3794, 4656, 5192, 5849, 5873, 6672, 6808]","[3794, 4656]","[1222, 2169, 2301, 2405, 5192, 5849, 5873, 6672, 6808]","[3794, 4656, 5921]",7926,11,7915,2,9,7914,1
5.5,QULTROPIA,"[2360, 3004, 3437, 3638, 4007, 4047]","[2360, 3004, 3437, 4047]","[3638, 4007]","[2186, 2360, 3004, 3437, 4047, 4336]",4959,6,4953,4,2,4951,2
5.5,RABCRP,"[397, 990]",[397],[990],[397],1431,2,1429,1,1,1429,0
5.5,RABDNP3AA,"[742, 816, 906, 2156]",[2156],"[742, 816, 906]",[2156],3083,4,3079,1,3,3079,0
5.5,RABSURFA,"[471, 3239, 4361, 5088, 5622, 5899, 6529]","[4361, 5088]","[471, 3239, 5622, 5899, 6529]","[4033, 4361, 5088]",8090,7,8083,2,5,8082,1
5.5,RABTNF,"[851, 1355, 1563]","[851, 1355, 1563]",[],"[851, 1355, 1563]",3193,3,3190,3,0,3190,0
5.5,RATCYC,"[362, 572, 1333]",[1333],"[362, 572]",[1333],2521,3,2518,1,2,2518,0
5.5,RATCYSS,"[1006, 1221, 4026]","[1006, 4026]",[1221],"[1006, 4026]",5556,3,5553,2,1,5553,0
5.5,RATDCCOVB,"[1559, 2267, 3126, 3716, 5129]","[2267, 3126]","[1559, 3716, 5129]","[2267, 2864, 3126]",5324,5,5319,2,3,5318,1
5.5,RATGRG,"[83, 286, 1732, 2187, 2392, 2616, 3290, 3552]","[83, 286, 2187, 2616, 3290]","[1732, 2392, 3552]","[83, 286, 1291, 1494, 1696, 1942, 2187, 2319, 2616, 2994, 3290]",3881,8,3873,5,3,3867,6
5.5,RATGROS,"[746, 1178, 1390, 1587]","[1178, 1390, 1587]",[746],"[1178, 1390, 1587]",2489,4,2485,3,1,2485,0
5.5,RATGSTY,"[659, 2830, 3804]",[659],"[2830, 3804]","[659, 996, 1495, 1862, 2060, 3180, 3376]",6287,3,6284,1,2,6278,6
5.5,RATIGFBA,"[850, 1242, 1788, 2034, 2203, 3002, 3105, 4512]","[2034, 3002]","[850, 1242, 1788, 2203, 3105, 4512]","[526, 2034, 3002]",4993,8,4985,2,6,4984,1
5.5,RATJE,"[1191, 1299, 2986]",[1191],"[1299, 2986]","[1191, 1989]",3098,3,3095,1,2,3094,1
5.5,RATKALA,"[3282, 4476, 4709, 4729]","[3282, 4476, 4709]",[4729],"[1275, 3282, 4476, 4709]",6250,4,6246,3,1,6245,1
5.5,RATLHB,"[817, 1230]","[817, 1230]",[],"[817, 1230]",1791,2,1789,2,0,1789,0
5.5,RATLITHOST,"[2464, 2496, 2847, 3471, 3902, 4652]","[2847, 3471, 3902, 4652]","[2464, 2496]","[2847, 3471, 3902, 4652]",5400,6,5394,4,2,5394,0
5.5,RATLYSOZYM,"[960, 1561, 3255, 3588, 5174]","[1561, 3255, 5174]","[960, 3588]","[1561, 3255, 5174]",6733,5,6728,3,2,6728,0
5.5,RATLYSZYM,"[6, 508, 574, 1007, 1099, 1667, 3840, 4290, 4624, 6230]","[574, 4290, 6230]","[6, 508, 1007, 1099, 1667, 3840, 4624]","[574, 4290, 6230]",7944,10,7934,3,7,7934,0
5.5,RATOSCAL,"[1192, 1586]","[1192, 1586]",[],"[1192, 1373, 1586]",2120,2,2118,2,0,2117,1
5.5,RATPAP,"[633, 1308, 1648, 2295, 3570]","[1308, 1648, 2295]","[633, 3570]","[1308, 1648, 2295, 2604, 3305]",4864,5,4859,3,2,4857,2
5.5,RATPAPIIB,"[1916, 2291, 2298, 2332, 2751, 3387, 3587, 3817]",[2298],"[1916, 2291, 2332, 2751, 3387, 3587, 3817]","[2298, 3140, 3473, 4107]",4718,8,4710,1,7,4707,3
5.5,RATPPP,"[1497, 1538, 2002, 2451, 4400]",[],"[1497, 1538, 2002, 2451, 4400]",[2261],4535,5,4530,0,5,4529,1
5.5,RATPTBZR02,"[673, 871, 909, 1206, 1927, 2066, 2200, 3232]",[2066],"[673, 871, 909, 1206, 1927, 2200, 3232]","[1306, 2066]",3427,8,3419,1,7,3418,1
5.5,RATRGPI,"[2329, 2361, 2712, 3339, 3770, 4521]","[2712, 3339, 3770, 4521]","[2329, 2361]","[2712, 3339, 3770, 4521]",5238,6,5232,4,2,5232,0
5.5,RATRPIII,"[1226, 1601, 1608, 1642, 2067, 2456, 2704, 2905, 3135]","[1608, 2456]","[1226, 1601, 1642, 2067, 2704, 2905, 3135]","[1608, 2456, 2790, 3426]",4134,9,4125,2,7,4123,2
5.5,RATSVSIV1,"[72, 244, 814, 892]",[244],"[72, 814, 892]",[244],974,4,970,1,3,970,0
5.5,RATTSHB,"[265, 2177, 2711]",[],"[265, 2177, 2711]",[4375],5160,3,5157,0,3,5156,1
5.5,RN0B2GLOB,"[84, 693, 1134]",[693],"[84, 1134]","[354, 693]",1791,3,1788,1,2,1787,1
5.5,RN2BGLOB,"[764, 1217]",[764],[1217],"[432, 764]",1877,2,1875,1,1,1874,1
5.5,RN3B2GLOB,[460],[460],[],"[122, 460]",1438,1,1437,1,0,1436,1
5.5,RN3B3GLOB,"[129, 739]",[739],[129],"[403, 739]",1739,2,1737,1,1,1736,1
5.5,RN3BGLOB,[626],[626],[],"[288, 626]",1532,1,1531,1,0,1530,1
5.5,RNAC01,"[127, 309, 1367, 2597, 2685, 2867]","[1367, 2597, 2867]","[127, 309, 2685]","[1367, 1694, 2597, 2867]",4085,6,4079,3,3,4078,1
5.5,RNAC02,"[1787, 2138, 2561]","[1787, 2138]",[2561],"[1368, 1787, 2138, 2429, 2743]",3193,3,3190,2,1,3187,3
5.5,RNANTANT,"[1524, 3119, 3883]","[1524, 3883]",[3119],"[1524, 3263, 3883]",5118,3,5115,2,1,5114,1
5.5,RNAPOEG,"[1293, 1955, 2863, 3203]","[1293, 1955]","[2863, 3203]","[1293, 1955]",3230,4,3226,2,2,3226,0
5.5,RNCALBD9,"[373, 1041, 2736]",[2736],"[373, 1041]",[2736],4884,3,4881,1,2,4881,0
5.5,RNGAMT,"[799, 1531, 4003, 4704, 4715]",[4003],"[799, 1531, 4704, 4715]","[2173, 3141, 3319, 3760, 4003]",4957,5,4952,1,4,4948,4
5.5,RNGMTG,"[1011, 1682, 2067, 2433, 2443, 3918, 4463, 4548, 5252]","[1682, 3918, 4463]","[1011, 2067, 2433, 2443, 4548, 5252]","[1682, 3249, 3918, 4254, 4463]",5392,9,5383,3,6,5381,2
5.5,RNGROW3,"[216, 471, 1652]","[471, 1652]",[216],"[471, 817, 1652, 1973]",2550,3,2547,2,1,2545,2
5.5,RNHSC73,"[498, 1244, 1713, 1982, 3448]","[1244, 1713, 1982, 3448]",[498],"[1244, 1713, 1982, 2618, 3034, 3448, 3766]",4313,5,4308,4,1,4305,3
5.5,RNLALB01,"[347, 821, 1242, 1414, 2419]","[1414, 2419]","[347, 821, 1242]","[1414, 1914, 2419]",3814,5,3809,2,3,3808,1
5.5,RNLPKG,"[2062, 2847, 3195, 4321, 7818, 8078, 9121, 9480, 12937]","[7818, 8078, 9480]","[2062, 2847, 3195, 4321, 9121, 12937]","[3219, 3949, 6009, 6284, 6605, 7192, 7453, 7818, 8078, 9480]",13004,9,12995,3,6,12988,7
5.5,RNODC,"[115, 1344, 3525, 3918, 4182, 4517, 4982, 5631, 5825, 6291]","[3525, 3918, 4182, 4517, 5631, 5825, 6291]","[115, 1344, 4982]","[3525, 3918, 4182, 4517, 4698, 4953, 5631, 5825, 6291]",7769,10,7759,7,3,7757,2
5.5,RNP9KA,"[207, 823, 1227, 2311]",[1227],"[207, 823, 2311]",[1227],2333,4,2329,1,3,2329,0
5.5,RNPBPG,"[1117, 1155, 1180, 2638, 2950, 4056]","[1117, 2950]","[1155, 1180, 2638, 4056]","[1117, 2950]",6022,6,6016,2,4,6016,0
5.5,RNPGMUT,"[1216, 1912]",[],"[1216, 1912]","[1596, 1872]",2421,2,2419,0,2,2417,2
5.5,RNPROST22,"[733, 876, 2200, 3916, 4526]","[876, 4526]","[733, 2200, 3916]","[876, 3647, 4526]",7668,5,7663,2,3,7662,1
5.5,RNREVSV2A,"[67, 1341]",[67],[1341],"[67, 1304]",1731,2,1729,1,1,1728,1
5.5,RNSDHG,"[379, 1536, 1993, 5590, 5691, 6052, 6253, 6984, 7081, 8671]","[5691, 6052, 6253, 6984, 8671]","[379, 1536, 1993, 5590, 7081]","[4640, 5691, 6052, 6253, 6984, 8671]",9571,10,9561,5,5,9560,1
5.5,RNSVFG,"[500, 636, 670, 1250, 1267, 1347]",[500],"[636, 670, 1250, 1267, 1347]",[500],1844,6,1838,1,5,1838,0
5.5,RNTHYCSG,"[318, 326, 1071, 1906]",[1071],"[318, 326, 1906]","[68, 1071]",2856,4,2852,1,3,2851,1
5.5,RNU03551,"[832, 2418]","[832, 2418]",[],"[832, 2418, 3083]",3591,2,3589,2,0,3588,1
5.5,RNU09193,"[1727, 2749, 3787, 3899]","[2749, 3787]","[1727, 3899]","[2084, 2749, 3084, 3787]",4188,4,4184,2,2,4182,2
5.5,RNU12250,"[293, 473, 1704]","[293, 473]",[1704],"[293, 473]",1864,3,1861,2,1,1861,0
5.5,RNUCPG,"[1881, 4187, 5744, 6018, 6121, 6983, 7395, 8157, 9172, 10198, 10292, 10603, 11061]",[8157],"[1881, 4187, 5744, 6018, 6121, 6983, 7395, 9172, 10198, 10292, 10603, 11061]","[4310, 5157, 7964, 8157, 9401]",12497,13,12484,1,12,12480,4
5.5,RNVEGP1,"[1043, 1286, 1834, 1994, 2076, 3032, 4037, 4140, 4452, 4844, 4962]","[1834, 3032, 4037]","[1043, 1286, 1994, 2076, 4140, 4452, 4844, 4962]","[1262, 1834, 3032, 4037, 4611]",5949,11,5938,3,8,5936,2
5.5,RNVEGP2C,"[1159, 1402, 1950, 2182, 4146, 4960, 5078]","[1950, 4146]","[1159, 1402, 2182, 4960, 5078]","[1378, 1950, 3128, 4146, 4723]",5745,7,5738,2,5,5735,3
5.5,RRU04320,[2500],[2500],[],"[2500, 3643]",6799,1,6798,1,0,6797,1
5.5,S46763,"[186, 1235, 1252, 2111, 3245, 3278, 3563, 4424, 4801, 5060, 5469, 6880, 8012, 8294]","[1235, 5060, 5469, 6880, 8012, 8294]","[186, 1252, 2111, 3245, 3278, 3563, 4424, 4801]","[1235, 2487, 2775, 4052, 4528, 5060, 5469, 6880, 7334, 8012, 8294]",10036,14,10022,6,8,10017,5
5.5,S49651,"[1652, 3255]","[1652, 3255]",[],"[1652, 2786, 3255, 4137]",5441,2,5439,2,0,5437,2
5.5,S57980,"[732, 875, 2198, 3914, 4524]","[875, 4524]","[732, 2198, 3914]","[875, 3645, 4524]",7666,5,7661,2,3,7660,1
5.5,S62287,"[190, 570, 3108]",[],"[190, 570, 3108]",[1266],3426,3,3423,0,3,3422,1
5.5,S63697,[280],[280],[],"[280, 829]",1332,1,1331,1,0,1330,1
5.5,S66606,"[238, 340, 2506, 4598, 6167]","[2506, 4598]","[238, 340, 6167]","[2506, 2706, 3899, 4598]",6360,5,6355,2,3,6353,2
5.5,S67057,"[322, 840]",[840],[322],[840],1747,2,1745,1,1,1745,0
5.5,S69277,"[207, 857, 3316, 3839, 4103, 4385]","[3316, 3839, 4103]","[207, 857, 4385]","[3098, 3316, 3521, 3839, 4103]",5517,6,5511,3,3,5509,2
5.5,S69278,"[846, 861, 2826, 3347, 3561, 3832, 4236]","[2826, 3347, 3561]","[846, 861, 3832, 4236]","[2590, 2826, 3031, 3347, 3561]",5016,7,5009,3,4,5007,2
5.5,S69350,[235],[235],[],[235],2153,1,2152,1,0,2152,0
5.5,SAIEGLOBIM,"[237, 588, 983, 1329]","[237, 588]","[983, 1329]","[237, 588]",1827,4,1823,2,2,1823,0
5.5,SMIGCU,"[799, 1233, 1779, 1946, 2624]","[799, 1233]","[1779, 1946, 2624]","[799, 1233, 1631]",2834,5,2829,2,3,2828,1
5.5,SMNPRP1A,[],[],[],[215],624,0,624,0,0,623,1
5.5,SOEEGLOBIN,"[236, 586, 1183, 1195]","[236, 586]","[1183, 1195]","[236, 586]",1689,4,1685,2,2,1685,0
5.5,SSBAT1G,"[482, 1471, 2215, 2582, 2592, 2814, 2990, 4538, 6678, 6735, 9144]","[2215, 2582, 4538, 9144]","[482, 1471, 2592, 2814, 2990, 6678, 6735]","[1316, 2215, 2582, 4538, 5771, 8238, 9144, 9388, 9674]",10667,11,10656,4,7,10651,5
5.5,SSIKBAGE,"[3334, 3713, 4091, 4470]","[3713, 4091, 4470]",[3334],"[2469, 3151, 3713, 4091, 4470]",5757,4,5753,3,1,5751,2
5.5,SSPINT1B,"[185, 2127, 2551, 4793, 6247, 6605, 6774, 8049, 8611]","[2551, 6605]","[185, 2127, 4793, 6247, 6774, 8049, 8611]","[1971, 2551, 3903, 5245, 6605]",8745,9,8736,2,7,8733,3
5.5,TAPROTP1,[],[],[],[230],548,0,548,0,0,547,1
5.5,TARHBE,"[119, 465]","[119, 465]",[],"[119, 465]",1683,2,1681,2,0,1681,0
5.5,TARHBG,"[58, 265, 608, 1032, 2072]",[265],"[58, 608, 1032, 2072]","[265, 612]",2140,5,2135,1,4,2134,1
5.5,TFLPA2P1,"[596, 972, 1749, 2495]","[596, 972, 1749]",[2495],"[596, 972, 1749]",2709,4,2705,3,1,2705,0
5.5,TFLPA2P2,"[590, 966, 1783]","[590, 966, 1783]",[],"[590, 966, 1783]",2432,3,2429,3,0,2429,0
5.5,TFLPA2P3,"[596, 972, 1749, 2495]","[596, 972, 1749]",[2495],"[596, 972, 1749]",2709,4,2705,3,1,2705,0
5.5,TFLPA2P4,"[590, 966, 1783]","[590, 966, 1783]",[],"[590, 966, 1783]",2432,3,2429,3,0,2429,0
5.5,TGLHBB,"[519, 888, 1106, 2034]","[519, 888]","[1106, 2034]","[519, 888]",2301,4,2297,2,2,2297,0
5.5,TIOPRP1A,[],[],[],[212],557,0,557,0,0,556,1
5.5,U00432,"[237, 793, 1101]","[237, 793, 1101]",[],"[83, 237, 793, 1101, 1312]",1576,3,1573,3,0,1571,2
5.5,U00433,"[83, 267, 752]","[83, 267, 752]",[],"[83, 267, 752, 1062, 1270]",1546,3,1543,3,0,1541,2
5.5,U00454,"[1031, 1598, 4179, 5820, 6800]",[1598],"[1031, 4179, 5820, 6800]","[1598, 4862]",7193,5,7188,1,4,7187,1
5.5,U00938,"[1169, 2719, 3017, 3079, 3311, 3617, 4070, 5155, 5202, 5261, 5809]","[1169, 4070, 5155]","[2719, 3017, 3079, 3311, 3617, 5202, 5261, 5809]","[1169, 4070, 5155]",6781,11,6770,3,8,6770,0
5.5,U01026,"[492, 1364, 1746, 2537]","[1364, 1746, 2537]",[492],"[1364, 1746, 2537]",3217,4,3213,3,1,3213,0
5.5,U01027,"[571, 947, 1710, 2740]","[571, 947, 1710]",[2740],"[571, 947, 1710]",2762,4,2758,3,1,2758,0
5.5,U01844,"[64, 623, 2090, 2653, 3211, 3256]","[2653, 3211]","[64, 623, 2090, 3256]","[1986, 2141, 2474, 2653, 3211]",4220,6,4214,2,4,4211,3
5.5,XELCRPGA,"[842, 1096, 3794]",[1096],"[842, 3794]",[1096],3892,3,3889,1,2,3889,0
5.5,XELCRYB,"[592, 1326]",[1326],[592],"[706, 1326]",2050,2,2048,1,1,2047,1
5.5,XELHBBC,"[263, 715]",[263],[715],"[263, 678]",1982,2,1980,1,1,1979,1
5.5,XLACTA,"[553, 1260, 2591, 3422, 4138, 4845, 4946, 5338]","[2591, 4138, 4845]","[553, 1260, 3422, 4946, 5338]","[2591, 3868, 4138, 4845, 5128]",5947,8,5939,3,5,5937,2
5.5,XLACTCAG,"[831, 1600, 3128, 3614, 4931, 5562, 6279, 6461, 7511, 7853, 8347, 8892]","[3614, 4931, 5562, 6461]","[831, 1600, 3128, 6279, 7511, 7853, 8347, 8892]","[2473, 3614, 4931, 5562, 6461]",8901,12,8889,4,8,8888,1
5.5,XLBGL3,"[1175, 1851]",[1175],[1851],"[388, 1175]",2965,2,2963,1,1,2962,1
5.5,XLGLAA1,[502],[502],[],"[137, 502]",1193,1,1192,1,0,1191,1
5.5,XLGLAA2,"[519, 1163]",[519],[1163],"[138, 519]",1193,2,1191,1,1,1190,1
5.5,XLK81A1G,"[2294, 2734, 3240, 3409, 3531, 3849]","[2294, 2734, 3531, 3849]","[3240, 3409]","[1759, 2294, 2734, 3026, 3531, 3849, 4170]",5893,6,5887,4,2,5884,3
5.5,XLRPL14,"[1292, 2140, 3085, 7158, 7904]",[7904],"[1292, 2140, 3085, 7158]","[912, 1891, 2087, 4978, 5356, 7904]",9117,5,9112,1,4,9107,5
5.5,XLRPL1AG,"[512, 634, 2121, 3735, 3831, 4573, 5179, 5303, 5757, 6451]","[512, 2121, 3831, 4573, 5179, 5757]","[634, 3735, 5303, 6451]","[512, 2121, 2438, 2818, 3137, 3831, 4573, 5179, 5757]",6950,10,6940,6,4,6937,3
5.5,XLS8,"[164, 692, 1006, 2893, 3963, 4181, 5912, 6381, 7181, 7381, 8411, 9832, 12388, 12978]","[5912, 7381]","[164, 692, 1006, 2893, 3963, 4181, 6381, 7181, 8411, 9832, 12388, 12978]","[2032, 3938, 5912, 7381, 12177]",13517,14,13503,2,12,13500,3
5.5,XLTUBAG,"[595, 678, 1280, 1323, 3268, 4179, 4401, 5575, 6604, 6630]","[678, 4401, 5575]","[595, 1280, 1323, 3268, 4179, 6604, 6630]","[678, 4401, 5575]",6889,10,6879,3,7,6879,0
5.5,XLXANF1A,[],[],[],"[1460, 1960, 2706]",4879,0,4879,0,0,4876,3
5.5,XTGLA,"[2034, 2838]",[2838],[2034],"[731, 2838]",4839,2,4837,1,1,4836,1
5.5,XTGLAA,"[416, 1411]",[1411],[416],"[1036, 1411]",1993,2,1991,1,1,1990,1
5.5,XTGLB,"[21, 389, 1823]",[],"[21, 389, 1823]","[2384, 2836]",4044,3,4041,0,3,4039,2
5.5,ZEFB2MICB,"[304, 1187, 1345]","[304, 1187]",[1345],"[304, 1187]",2194,3,2191,2,1,2191,0
