Threshold,Locus,Predict Sites,Positive Sites,Negative Sites,Actual Donor Sites,Predict Num,Predict Positive Num,Predict Negative Num,TP,FP,TN,FN
4.5,ACU08131,"[463, 642, 710, 845, 1024, 1255, 1363, 2029, 2245, 2350, 2637, 2803, 3336, 4512, 5313]","[642, 1363, 2029, 2803]","[463, 710, 845, 1024, 1255, 2245, 2350, 2637, 3336, 4512, 5313]","[642, 1363, 2029, 2803, 3798]",5385,15,5370,4,11,5369,1
4.5,AGGGLINE,"[32, 70, 2325, 2347, 2946, 2963, 3120, 3158, 3504, 4035, 4309, 4651, 5864, 6262, 6387]","[3158, 3504]","[32, 70, 2325, 2347, 2946, 2963, 3120, 4035, 4309, 4651, 5864, 6262, 6387]","[3158, 3504]",7222,15,7207,2,13,7207,0
4.5,AGU04852,"[536, 653, 2117, 2972, 3877, 3956, 4566, 4701, 4906, 5517, 5533, 5912, 6224, 6740, 6883, 8085, 8301, 8354, 8817, 8961, 10812]","[3956, 5517, 5912, 6740]","[536, 653, 2117, 2972, 3877, 4566, 4701, 4906, 5533, 6224, 6883, 8085, 8301, 8354, 8817, 8961, 10812]","[3956, 5517, 5912, 6740]",10977,21,10956,4,17,10956,0
4.5,ALOEGLOBIM,"[221, 237, 536, 583, 1170, 1182]","[237, 583]","[221, 536, 1170, 1182]","[237, 583]",1684,6,1678,2,4,1678,0
4.5,ALOEGLOBIN,"[221, 237, 536, 583, 1170, 1182]","[237, 583]","[221, 536, 1170, 1182]","[237, 583]",1684,6,1678,2,4,1678,0
4.5,ALOPROTP1A,"[59, 166, 170, 267]",[166],"[59, 170, 267]",[166],411,4,407,1,3,407,0
4.5,AMU12024,"[257, 667, 1583, 1960, 2482, 2685]","[257, 667, 2482]","[1583, 1960, 2685]","[257, 667, 1864, 2126, 2482]",3645,6,3639,3,3,3637,2
4.5,AMU12025,"[1080, 1412, 1830, 2654, 2705, 2736, 3278, 3313, 3343]","[1412, 1830, 2654, 3278]","[1080, 2705, 2736, 3313, 3343]","[1412, 1830, 2654, 2902, 3278]",5376,9,5367,4,5,5366,1
4.5,AOIRHODOPS,"[255, 894, 1702, 1969, 2754, 4005, 4067, 4385, 4840, 4953, 5373, 5483, 7056, 7600, 7800, 8156, 8308, 9057, 9133]","[1702, 4067, 5373]","[255, 894, 1969, 2754, 4005, 4385, 4840, 4953, 5483, 7056, 7600, 7800, 8156, 8308, 9057, 9133]","[1702, 4067, 5373, 6243]",9916,19,9897,3,16,9896,1
4.5,ASPROP2,"[75, 589]",[],"[75, 589]",[325],665,2,663,0,2,662,1
4.5,ASYRVISP,"[99, 625, 656, 1042, 1419, 1585]","[625, 1042, 1585]","[99, 656, 1419]","[625, 1042, 1335, 1585, 1916]",2222,6,2216,3,3,2214,2
4.5,ATREGLOBIN,"[221, 237, 541, 588, 604, 1187]","[237, 588]","[221, 541, 604, 1187]","[237, 588]",1692,6,1686,2,4,1686,0
4.5,BABAPOE,"[33, 60, 198, 267, 897, 1374, 2262, 2847, 3916, 3978, 3999]","[897, 2847]","[33, 60, 198, 267, 1374, 2262, 3916, 3978, 3999]","[897, 2847]",4755,11,4744,2,9,4744,0
4.5,BATROX,"[237, 341, 875, 2078, 2890, 3011, 3593, 3924, 3967, 3975, 4110, 4495, 4705, 4836, 5035, 5204, 6874, 6955, 7378, 7655]","[341, 3011, 5035, 6955]","[237, 875, 2078, 2890, 3593, 3924, 3967, 3975, 4110, 4495, 4705, 4836, 5204, 6874, 7378, 7655]","[341, 3011, 5035, 6955]",8093,20,8073,4,16,8073,0
4.5,BCHEGLOBIN,"[221, 237, 536, 583, 1184, 1196]","[237, 583]","[221, 536, 1184, 1196]","[237, 583]",1698,6,1692,2,4,1692,0
4.5,BOVANPA,"[334, 433, 598, 858]","[433, 858]","[334, 598]","[433, 858]",1762,4,1758,2,2,1758,0
4.5,BOVCOX7AL,"[1501, 1540, 1826, 2470, 2630, 2867, 2874, 3328, 3721, 3969, 4284, 5049, 6167]","[1540, 5049]","[1501, 1826, 2470, 2630, 2867, 2874, 3328, 3721, 3969, 4284, 6167]","[1540, 2812, 5049]",6850,13,6837,2,11,6836,1
4.5,BOVGAS,"[192, 751]",[751],[192],[751],1059,2,1057,1,1,1057,0
4.5,BOVIAP,"[437, 457, 602, 926, 1116, 1318, 1764, 1994, 2159, 2269, 2354, 2756, 2793, 2999, 3392, 3535, 3667, 3782, 3844, 3996, 4009, 4024, 5241, 5262]","[1764, 1994, 2354, 2999, 3392, 3667, 3996]","[437, 457, 602, 926, 1116, 1318, 2159, 2269, 2756, 2793, 3535, 3782, 3844, 4009, 4024, 5241, 5262]","[1568, 1764, 1994, 2354, 2606, 2999, 3157, 3392, 3667, 3996]",5392,24,5368,7,17,5365,3
4.5,BOVIRBP,"[129, 552, 994, 2388, 2586, 2649, 2769, 3174, 3723, 3801, 4212, 4806, 4970, 5048, 5349, 5595, 5761, 5857, 6214, 6494, 6540, 7699, 8937, 9959, 10082, 10749, 11020]","[3174, 5595, 7699]","[129, 552, 994, 2388, 2586, 2649, 2769, 3723, 3801, 4212, 4806, 4970, 5048, 5349, 5761, 5857, 6214, 6494, 6540, 8937, 9959, 10082, 10749, 11020]","[3174, 5595, 7699]",11786,27,11759,3,24,11759,0
4.5,BOVLHB,"[244, 592, 803, 944, 1062, 1272, 1401]","[803, 1272]","[244, 592, 944, 1062, 1401]","[803, 1272]",1857,7,1850,2,5,1850,0
4.5,BOVLYSOZMA,"[944, 2115, 2268, 2374, 2973, 3039, 3208, 3672, 4100, 5771, 6973, 7260, 8654, 9247, 9304, 9453, 10062]","[3039, 5771, 8654]","[944, 2115, 2268, 2374, 2973, 3208, 3672, 4100, 6973, 7260, 9247, 9304, 9453, 10062]","[3039, 5771, 8654]",12215,17,12198,3,14,12198,0
4.5,BOVLYSOZMB,"[35, 140, 461, 1229, 1662, 1890, 1993, 2607, 2673, 2843, 3717, 3743, 4005, 4797, 5148, 5241, 6212, 6807, 6928, 7058, 7511, 10002]","[2673, 4005, 6212]","[35, 140, 461, 1229, 1662, 1890, 1993, 2607, 2843, 3717, 3743, 4797, 5148, 5241, 6807, 6928, 7058, 7511, 10002]","[2673, 4005, 6212]",10205,22,10183,3,19,10183,0
4.5,BOVLYSOZMC,"[839, 905, 2107, 2323, 3388, 4194, 4941, 4964, 5325, 6235, 6245]","[905, 2323, 4194]","[839, 2107, 3388, 4941, 4964, 5325, 6235, 6245]","[905, 2323, 4194]",8044,11,8033,3,8,8033,0
4.5,BOVMYF5A,"[273, 698, 1398, 1625, 1824, 2273, 2815, 2895, 4171, 4583, 4629]","[698, 1625]","[273, 1398, 1824, 2273, 2815, 2895, 4171, 4583, 4629]","[698, 1625]",5212,11,5201,2,9,5201,0
4.5,BRHOX22,"[843, 1431, 1815]",[1431],"[843, 1815]",[1431],3435,3,3432,1,2,3432,0
4.5,BRHOX34A,"[588, 981, 2313, 3491]",[981],"[588, 2313, 3491]",[981],3491,4,3487,1,3,3487,0
4.5,BRU12895,"[1135, 1986]",[1135],[1986],[1135],3233,2,3231,1,1,3231,0
4.5,BTATPAAA,"[296, 740, 826, 1146, 1200, 2314, 2377, 2501, 3383, 3707, 4106, 4188, 5345, 5556, 5729, 5953, 8311, 8831, 9129, 9211, 9733]","[740, 2314, 3707, 5729, 9129]","[296, 826, 1146, 1200, 2377, 2501, 3383, 4106, 4188, 5345, 5556, 5953, 8311, 8831, 9211, 9733]","[740, 2314, 3707, 5729, 5984, 6337, 6827, 7151, 7770, 8023, 9129]",9908,21,9887,5,16,9881,6
4.5,BTEBGL2,"[294, 310, 327, 611, 658]","[310, 658]","[294, 327, 611]","[310, 658]",1834,5,1829,2,3,1829,0
4.5,BTEBGL4,"[294, 310, 327, 611, 658, 815]","[310, 658]","[294, 327, 611, 815]","[310, 658]",1829,6,1823,2,4,1823,0
4.5,BTGL01,"[98, 349, 365, 873, 1008]","[365, 1008]","[98, 349, 873]","[365, 1008]",2041,5,2036,2,3,2036,0
4.5,BTHOR02,"[484, 1123]",[484],[1123],"[484, 1920]",2420,2,2418,1,1,2417,1
4.5,BTKER6B,"[1008, 1678, 1925, 2219, 2346, 2559, 2913, 4056, 5608, 5686]","[1678, 2559, 4056]","[1008, 1925, 2219, 2346, 2913, 5608, 5686]","[1678, 2559, 3070, 3315, 3530, 4056, 4666]",5719,10,5709,3,7,5705,4
4.5,BTSPDNA,"[685, 960, 1054, 1546, 2123]",[],"[685, 960, 1054, 1546, 2123]",[1541],2149,5,2144,0,5,2143,1
4.5,BTSVSP109,"[52, 799, 1452, 1604, 2189, 2359, 2387, 2555, 5292, 5315, 5643, 6096, 6131]","[2359, 5292]","[52, 799, 1452, 1604, 2189, 2387, 2555, 5315, 5643, 6096, 6131]","[2359, 3984, 5292]",6949,13,6936,2,11,6935,1
4.5,BTTNP2G,"[24, 774, 847, 852, 1029, 1115, 1326]",[774],"[24, 847, 852, 1029, 1115, 1326]",[774],1842,7,1835,1,6,1835,0
4.5,BTU02285,"[21, 1858, 2334, 2873, 4169, 4222, 4487, 4780, 5056, 5654, 6075]","[4222, 4487, 4780, 5056]","[21, 1858, 2334, 2873, 4169, 5654, 6075]","[3792, 4222, 4487, 4780, 5056]",6389,11,6378,4,7,6377,1
4.5,CALEGLOBIM,"[220, 236, 540, 587, 603, 1185, 1197]","[236, 587]","[220, 540, 603, 1185, 1197]","[236, 587]",1691,7,1684,2,5,1684,0
4.5,CBUEGLOBIM,"[220, 236, 540, 587, 603, 874, 1185, 1197]","[236, 587]","[220, 540, 603, 874, 1185, 1197]","[236, 587]",1691,8,1683,2,6,1683,0
4.5,CCALAC,"[1128, 1178, 1358, 1852, 2409]","[1358, 1852, 2409]","[1128, 1178]","[1358, 1852, 2409]",3620,5,3615,3,2,3615,0
4.5,CCBEGLOBIM,"[221, 237, 540, 587, 1191, 1203]","[237, 587]","[221, 540, 1191, 1203]","[237, 587]",1696,6,1690,2,4,1690,0
4.5,CCBEGLOBIN,"[222, 238, 542, 589, 1194, 1206]","[238, 589]","[222, 542, 1194, 1206]","[238, 589]",1699,6,1693,2,4,1693,0
4.5,CCGHG,"[283, 863, 1051, 1778, 2305]","[283, 1051, 1778]","[863, 2305]","[283, 706, 1051, 1778]",2831,5,2826,3,2,2825,1
4.5,CCGONBS1,"[1599, 1767, 2688]",[1767],"[1599, 2688]","[1767, 2072]",3464,3,3461,1,2,3460,1
4.5,CCGONBS2,"[1617, 1785, 2707]",[1785],"[1617, 2707]","[1785, 2091]",3483,3,3480,1,2,3479,1
4.5,CCGTHA1,[302],[302],[],"[302, 572]",1145,1,1144,1,0,1143,1
4.5,CCT64CLU,"[274, 563, 1644, 1664, 2757, 2761, 2766, 3005, 3496, 3893, 4514, 4518, 4572, 4577, 5272, 5528, 5659, 6121]","[1644, 2757, 3005, 3496, 4514, 5272, 5659]","[274, 563, 1664, 2761, 2766, 3893, 4518, 4572, 4577, 5528, 6121]","[1644, 2757, 3005, 3496, 4514, 5272, 5659]",6278,18,6260,7,11,6260,0
4.5,CEPPINS,"[490, 858, 1399, 1509, 1513, 1517, 1760]",[858],"[490, 1399, 1509, 1513, 1517, 1760]",[858],1902,7,1895,1,6,1895,0
4.5,CHBLG,"[698, 928, 1465, 1472, 2308, 2807, 3794, 4019, 4298, 4302, 4700, 4861, 5756, 6025, 6255, 6280]","[4019, 6025]","[698, 928, 1465, 1472, 2308, 2807, 3794, 4298, 4302, 4700, 4861, 5756, 6255, 6280]","[2285, 3090, 4019, 5246, 6025]",8081,16,8065,2,14,8062,3
4.5,CHEBGLI,"[909, 1213]",[909],[1213],"[570, 909]",2206,2,2204,1,1,2203,1
4.5,CHEBGLII,"[547, 563, 580, 912, 1049]","[563, 912]","[547, 580, 1049]","[563, 912]",2260,5,2255,2,3,2255,0
4.5,CHKALDB,"[606, 1452, 1506, 1922, 1927, 2460, 3115, 4004, 4462, 5731, 5748, 6172, 6452, 6664, 6955, 6960, 7504, 8186, 8617, 9185, 10577, 10705, 10844]","[6172, 6664, 6955, 8186, 9185]","[606, 1452, 1506, 1922, 1927, 2460, 3115, 4004, 4462, 5731, 5748, 6452, 6960, 7504, 8617, 10577, 10705, 10844]","[6172, 6664, 6955, 7265, 8186, 8842, 9185]",11644,23,11621,5,18,11619,2
4.5,CHKAPOII,"[282, 1839, 1891, 2131, 3317, 3381, 3820, 4488]","[3317, 3820]","[282, 1839, 1891, 2131, 3381, 4488]","[3317, 3820]",4954,8,4946,2,6,4946,0
4.5,CHKDPCP,"[347, 637, 1624, 1878]",[637],"[347, 1624, 1878]",[637],1903,4,1899,1,3,1899,0
4.5,CHKMAX,"[632, 1236, 1816, 2127, 2291, 2882, 3172, 3189, 3400, 3928, 4295, 4931, 5173]","[2127, 2291, 3928, 4295]","[632, 1236, 1816, 2882, 3172, 3189, 3400, 4931, 5173]","[2127, 2291, 3928, 4295]",5691,13,5678,4,9,5678,0
4.5,CHKMYOD,"[2106, 2292, 3468, 4849, 4941, 5517, 5592, 5660, 6150, 6456, 6527]","[4941, 6150]","[2106, 2292, 3468, 4849, 5517, 5592, 5660, 6456, 6527]","[4941, 6150]",7382,11,7371,2,9,7371,0
4.5,CHKOVAL,"[1390, 2657, 3164, 3466, 3812, 4176, 4694, 4915, 5144, 6282, 6975, 7079, 7148, 8334, 8791, 9028]","[3164, 3466, 4176, 4694, 6282]","[1390, 2657, 3812, 4915, 5144, 6975, 7079, 7148, 8334, 8791, 9028]","[3164, 3466, 4176, 4694, 5795, 6282]",9199,16,9183,5,11,9182,1
4.5,CHKRPL30,"[545, 571, 671, 749, 801, 916, 1471, 1872, 2158, 2250, 2753, 2816, 2850]","[801, 1872, 2753]","[545, 571, 671, 749, 916, 1471, 2158, 2250, 2816, 2850]","[801, 1872, 2753]",3885,13,3872,3,10,3872,0
4.5,CHKRPL37A,"[16, 201, 798, 996, 1265, 1376, 2125, 2255, 2386, 3052, 3376]","[798, 1376, 2386]","[16, 201, 996, 1265, 2125, 2255, 3052, 3376]","[798, 1376, 2386]",3466,11,3455,3,8,3455,0
4.5,CHKRPL5G,"[99, 153, 1419, 1632, 2138, 2397, 2428, 2618, 3157, 3467, 4259, 5165]","[1419, 1632, 3157, 5165]","[99, 153, 2138, 2397, 2428, 2618, 3467, 4259]","[498, 1419, 1632, 3157, 3955, 5165, 6897]",8314,12,8302,4,8,8299,3
4.5,CHKTUB4B,"[264, 437, 779, 949, 1188, 1469, 1573, 1895]","[437, 949, 1573]","[264, 779, 1188, 1469, 1895]","[437, 949, 1573]",3146,8,3138,3,5,3138,0
4.5,CHKY,"[319, 641, 794, 1650, 1664, 2725, 2858, 3082, 3603, 4199, 4683, 5213, 5648, 6012, 6249, 6473, 8361]","[3603, 4199, 4683, 5648, 6012, 6249]","[319, 641, 794, 1650, 1664, 2725, 2858, 3082, 5213, 6473, 8361]","[3603, 4199, 4683, 5648, 6012, 6249]",8365,17,8348,6,11,8348,0
4.5,CHPPHYGEN,"[22, 543, 555, 1818, 1830, 2214, 2350, 3764, 3786, 4561, 4599, 4945, 5459, 5471, 5521, 6609, 7000, 8746, 8823, 8862, 9894, 10818, 10833, 10849, 10853, 11193, 11903, 11936, 12603, 13493]","[4599, 4945]","[22, 543, 555, 1818, 1830, 2214, 2350, 3764, 3786, 4561, 5459, 5471, 5521, 6609, 7000, 8746, 8823, 8862, 9894, 10818, 10833, 10849, 10853, 11193, 11903, 11936, 12603, 13493]","[4599, 4945]",13690,30,13660,2,28,13660,0
4.5,CHPPROTP1A,"[58, 159]",[159],[58],[159],398,2,396,1,1,396,0
4.5,CHPPROTP1B,"[56, 160]",[160],[56],[160],397,2,395,1,1,395,0
4.5,CHWEGLOBIM,"[221, 237, 541, 588, 1193]","[237, 588]","[221, 541, 1193]","[237, 588]",1702,5,1697,2,3,1697,0
4.5,CIGH,"[1281, 2029, 2130, 2889]","[1281, 2889]","[2029, 2130]","[1281, 1691, 2280, 2889]",3968,4,3964,2,2,3962,2
4.5,CITEGLOBIM,"[220, 236, 540, 587, 603, 890, 1186, 1198]","[236, 587]","[220, 540, 603, 890, 1186, 1198]","[236, 587]",1692,8,1684,2,6,1684,0
4.5,CJAEGLOBIN,"[221, 237, 541, 588, 1193]","[237, 588]","[221, 541, 1193]","[237, 588]",1703,5,1698,2,3,1698,0
4.5,CJINTERFG,"[191, 2428, 2635, 2881, 3158, 3303, 4187, 4465, 4702, 4734, 4750, 5524, 6036, 8152, 8324]","[2881, 4187, 4465]","[191, 2428, 2635, 3158, 3303, 4702, 4734, 4750, 5524, 6036, 8152, 8324]","[2881, 4187, 4465]",8520,15,8505,3,12,8505,0
4.5,CL54K,"[183, 512, 535, 649, 653, 706, 771, 959, 1177, 1294, 1538, 1926, 2581, 2696, 2715, 2797]",[512],"[183, 535, 649, 653, 706, 771, 959, 1177, 1294, 1538, 1926, 2581, 2696, 2715, 2797]",[512],3409,16,3393,1,15,3393,0
4.5,CMBGA2B2,"[383, 718, 810, 989, 1597]","[383, 718]","[810, 989, 1597]","[383, 718]",2685,5,2680,2,3,2680,0
4.5,CMEGA2E2,"[416, 492, 753]","[416, 753]",[492],"[416, 753]",2047,3,2044,2,1,2044,0
4.5,CMU11711,"[15, 790, 1685, 2031, 2627, 2669]","[1685, 2031]","[15, 790, 2627, 2669]","[1685, 2031]",3165,6,3159,2,4,3159,0
4.5,CPPROT1GN,[164],[164],[],[164],391,1,390,1,0,390,0
4.5,CRASEQB,"[783, 2825, 3434, 3452, 3464, 3482, 3593, 3635, 3641, 3647]",[2825],"[783, 3434, 3452, 3464, 3482, 3593, 3635, 3641, 3647]","[1920, 2825]",5121,10,5111,1,9,5110,1
4.5,CRUCH7AHYD,"[1339, 1731, 2936, 2941, 3016, 3792, 3841, 4121, 5283, 6076, 6613, 7866, 9375, 9626]","[1731, 6076, 7866]","[1339, 2936, 2941, 3016, 3792, 3841, 4121, 5283, 6613, 9375, 9626]","[1731, 3651, 4938, 6076, 7866]",10607,14,10593,3,11,10591,2
4.5,CRUGAD45A,"[208, 859, 1811, 1877, 2063, 2417, 2553, 3555]","[1877, 2063, 2417]","[208, 859, 1811, 2553, 3555]","[1877, 2063, 2417]",4428,8,4420,3,5,4420,0
4.5,DMPROTP1,[],[],[],[249],617,0,617,0,0,616,1
4.5,DMU11712,"[16, 792, 1705, 2043, 2685]","[1705, 2043]","[16, 792, 2685]","[1705, 2043]",3020,5,3015,2,3,3015,0
4.5,DOGCOLIP,"[224, 249, 416, 1108, 1343, 1411, 1747, 2378, 2508, 2694]","[1108, 2378]","[224, 249, 416, 1343, 1411, 1747, 2508, 2694]","[1108, 2378]",3157,10,3147,2,8,3147,0
4.5,DOGIL8T,"[118, 1206, 1406, 1769]","[118, 1406, 1769]",[1206],"[118, 1406, 1769]",2230,4,2226,3,1,2226,0
4.5,ECGLOAP1,"[363, 657, 889, 962, 968]","[363, 657]","[889, 962, 968]","[363, 657]",1134,5,1129,2,3,1129,0
4.5,ECPZA2GL,"[954, 1560, 1623, 1728, 2613, 3576, 3650, 3945, 4059]","[3576, 4059]","[954, 1560, 1623, 1728, 2613, 3650, 3945]","[3576, 4059]",5082,9,5073,2,7,5073,0
4.5,ECZGL1,"[700, 763, 874, 1033, 1534]","[700, 1534]","[763, 874, 1033]","[700, 1534]",1995,5,1990,2,3,1990,0
4.5,ECZGL2,"[255, 318, 429, 588, 1084]","[255, 1084]","[318, 429, 588]","[255, 1084]",1556,5,1551,2,3,1551,0
4.5,ELMETL,"[1097, 1291]","[1097, 1291]",[],"[1097, 1291]",1866,2,1864,2,0,1864,0
4.5,FDFELDI2,"[276, 641, 678, 703, 1070, 1882, 2011]",[276],"[641, 678, 703, 1070, 1882, 2011]","[276, 970]",2418,7,2411,1,6,2410,1
4.5,FDTNFA,"[187, 291, 547, 790, 885, 972]","[187, 790, 972]","[291, 547, 885]","[187, 790, 972]",1715,6,1709,3,3,1709,0
4.5,GDMYF5G,"[138, 639, 655, 1036, 1104]","[639, 1036]","[138, 655, 1104]","[639, 1036]",1602,5,1597,2,3,1597,0
4.5,GGAC01,"[22, 273, 443, 634, 774, 914, 970, 1119, 1343, 1586, 1666, 2226, 2261, 3189, 3330, 3338, 3495, 3561, 3677, 3831, 3857]","[1666, 2226, 3189, 3677]","[22, 273, 443, 634, 774, 914, 970, 1119, 1343, 1586, 2261, 3330, 3338, 3495, 3561, 3831, 3857]","[1666, 2226, 3189, 3677]",5039,21,5018,4,17,5018,0
4.5,GGACTAC,"[339, 533, 970, 1815, 2914, 3032, 3218, 4216, 4398, 5278]","[970, 2914, 3218, 4398]","[339, 533, 1815, 3032, 4216, 5278]","[970, 2127, 2914, 3218, 4398]",5456,10,5446,4,6,5445,1
4.5,GGACTI,"[153, 525, 788, 841, 1368, 1554, 1659, 1841]","[841, 1554, 1841]","[153, 525, 788, 1368, 1659]","[404, 841, 1137, 1554, 1841]",2419,8,2411,3,5,2409,2
4.5,GGCALB,"[386, 416, 421, 589, 596, 1016, 1292, 1863, 2289, 3467, 3509, 3617, 3793, 4414, 5205, 5262, 5867, 6149, 6694, 6784, 7824, 7865, 8249, 8718, 8722, 9052, 10195, 10530, 10551]","[386, 1863, 2289, 3467, 3793, 5205, 6784, 7824, 8718, 9052, 10195]","[416, 421, 589, 596, 1016, 1292, 3509, 3617, 4414, 5262, 5867, 6149, 6694, 7865, 8249, 8722, 10530, 10551]","[386, 1863, 2289, 3467, 3793, 4235, 4894, 5205, 5933, 6784, 7035, 7824, 8718, 9052, 9685, 10195]",11061,29,11032,11,18,11027,5
4.5,GGCRYD1,"[267, 441, 910, 2077, 2742, 3516, 4297, 4332, 4907, 5234, 5498, 5899, 6003, 6138, 6395, 6734, 6829, 7213, 7373, 7529]","[441, 2742, 3516, 4332, 4907, 5234, 5899, 6138, 6395, 6734, 7213]","[267, 910, 2077, 4297, 5498, 6003, 6829, 7373, 7529]","[441, 1734, 2742, 3150, 3516, 3944, 4332, 4528, 4907, 5234, 5899, 6138, 6395, 6734, 7213]",8153,20,8133,11,9,8129,4
4.5,GGGL03,"[432, 768, 1160]","[432, 768]",[1160],"[432, 768]",1201,3,1198,2,1,1198,0
4.5,GGGNRHIA,"[338, 1684, 2951, 3048, 3627, 4195, 4392, 4472, 4544, 5575]","[3627, 4392]","[338, 1684, 2951, 3048, 4195, 4472, 4544, 5575]","[3627, 4392]",6275,10,6265,2,8,6265,0
4.5,GGNFM1D,"[932, 1295, 1541, 2051, 2451, 3184, 3595, 4194, 4395, 4746, 4768, 5057]",[2451],"[932, 1295, 1541, 2051, 3184, 3595, 4194, 4395, 4746, 4768, 5057]","[2132, 2451]",5631,12,5619,1,11,5618,1
4.5,GGPROP2,"[51, 564]",[],"[51, 564]",[307],641,2,639,0,2,638,1
4.5,GGRIHBGEN,"[202, 219, 254, 676, 981, 1038, 1973, 2450, 2863, 2982, 3219, 3317, 3411, 3454]","[2982, 3219, 3454]","[202, 219, 254, 676, 981, 1038, 1973, 2450, 2863, 3317, 3411]","[2982, 3219, 3454]",3879,14,3865,3,11,3865,0
4.5,GGVITIIG,"[54, 190, 442, 830, 1596, 2561, 2694, 2948, 2952, 3064, 3138, 3145, 3791, 4295, 4818, 5441, 5848, 6062, 6229, 6443, 7045, 7123, 7127, 7740, 8026, 8302, 8481, 9149, 9439, 9467, 10448, 10714, 10951, 10971, 11663, 11667, 12272, 12791, 13267, 13505, 14139, 14252, 14413, 14589, 15348, 15771, 15880, 17019, 17447, 17492, 17815, 17864, 17913, 18829, 18882, 19081, 19337, 19348, 20126]","[54, 190, 442, 2694, 2948, 3791, 4818, 5441, 6229, 6443, 7045, 8026, 8302, 9149, 9467, 10448, 10714, 12272, 13267, 13505, 15348, 15771, 17864, 19081]","[830, 1596, 2561, 2952, 3064, 3138, 3145, 4295, 5848, 6062, 7123, 7127, 7740, 8481, 9439, 10951, 10971, 11663, 11667, 12791, 14139, 14252, 14413, 14589, 15880, 17019, 17447, 17492, 17815, 17913, 18829, 18882, 19337, 19348, 20126]","[54, 190, 442, 2021, 2694, 2948, 3267, 3543, 3791, 4818, 5441, 6229, 6443, 7045, 7268, 8026, 8302, 9149, 9467, 10104, 10448, 10714, 11757, 12272, 12615, 13267, 13505, 14028, 14704, 15348, 15771, 16955, 17864, 19081]",20336,59,20277,24,35,20267,10
4.5,GIBPROTP1A,"[56, 160, 260]",[160],"[56, 260]",[160],394,3,391,1,2,391,0
4.5,GORAFPA,"[75, 999, 1860, 2395, 2871, 2955, 3434, 4002, 4151, 4192, 4232, 4363, 4369, 4564, 5457, 6976, 7046, 7156, 7766, 7795, 10422, 10727, 10815, 11145, 11823, 12491, 13421, 14087, 14707, 15952, 17195, 20427, 20474, 20478, 22550, 23233, 23613]","[999, 1860, 2955, 5457, 7766, 13421, 14087, 14707]","[75, 2395, 2871, 3434, 4002, 4151, 4192, 4232, 4363, 4369, 4564, 6976, 7046, 7156, 7795, 10422, 10727, 10815, 11145, 11823, 12491, 15952, 17195, 20427, 20474, 20478, 22550, 23233, 23613]","[999, 1860, 2955, 5457, 6760, 7766, 9445, 11629, 13421, 14087, 14707, 16581, 17834]",24600,37,24563,8,29,24558,5
4.5,GORPROTP1A,"[60, 164]",[164],[60],[164],405,2,403,1,1,403,0
4.5,GPIINS,"[526, 587]",[526],[587],[526],1465,2,1463,1,1,1463,0
4.5,HAMAMYLP,"[1394, 1473, 2308, 3415, 3934, 4561, 5045]",[2308],"[1394, 1473, 3415, 3934, 4561, 5045]",[2308],5948,7,5941,1,6,5941,0
4.5,HAMHG5,"[640, 1373, 1640, 1905, 2817, 3433, 3461, 3620, 4856, 6188, 6597, 7240, 7441, 7668, 8258, 8295, 8396, 9231]","[4856, 6188, 6597, 7441]","[640, 1373, 1640, 1905, 2817, 3433, 3461, 3620, 7240, 7668, 8258, 8295, 8396, 9231]","[4856, 5517, 6188, 6597, 7441]",9712,18,9694,4,14,9693,1
4.5,HROAMD1,"[237, 289, 1072, 1585, 2687, 3486, 3830, 4081, 4700, 4816, 5723, 5734, 5962, 6212, 6863, 6983]","[2687, 3486, 4700]","[237, 289, 1072, 1585, 3830, 4081, 4816, 5723, 5734, 5962, 6212, 6863, 6983]","[2687, 3486, 4700]",7092,16,7076,3,13,7076,0
4.5,HROMA2,"[427, 739, 1174, 1285, 1351]","[739, 1174]","[427, 1285, 1351]","[739, 1174]",1780,5,1775,2,3,1775,0
4.5,HROMA4A,"[1055, 1108, 1670, 1774, 1840]","[1108, 1670]","[1055, 1774, 1840]","[1108, 1670]",2332,5,2327,2,3,2327,0
4.5,HRSPRMI,"[416, 1245, 1605, 1880, 2047]",[],"[416, 1245, 1605, 1880, 2047]",[722],2199,5,2194,0,5,2193,1
4.5,HS1D3HLH,"[173, 757, 1039, 1231, 1634]",[1039],"[173, 757, 1231, 1634]",[1039],2474,5,2469,1,4,2469,0
4.5,HS2OXOC,"[116, 1162, 1421, 1694, 1719, 1825, 1894, 2227]","[116, 1162, 1421, 1694, 1825]","[1719, 1894, 2227]","[116, 871, 1162, 1421, 1694, 1825]",2511,8,2503,5,3,2502,1
4.5,HSABLGR1,"[371, 749, 902, 1670, 1981, 2923, 3130, 3140, 3344, 4148, 4506, 4865, 5312, 5465, 5666, 6125, 6508, 6567, 6820, 6977, 8356, 8470, 8720, 9294, 9507, 10016, 10073, 10400, 10413, 10509, 10539, 10623, 10950, 11090, 11118, 11135, 11354, 11929, 11951, 11988, 11992, 12007, 12239, 12434, 12880, 13058, 13875, 15514, 15741, 16572, 17116, 17249, 18211, 19244, 20105, 20665, 20991, 23472, 23507, 23851, 24042, 24805, 24896, 25292, 25849, 25902, 25906, 26127, 26288, 27158, 29268, 29760, 30552, 31031, 32399, 32910, 33591, 33787, 35562, 35751]","[8720, 10400, 12434, 15741, 17116]","[371, 749, 902, 1670, 1981, 2923, 3130, 3140, 3344, 4148, 4506, 4865, 5312, 5465, 5666, 6125, 6508, 6567, 6820, 6977, 8356, 8470, 9294, 9507, 10016, 10073, 10413, 10509, 10539, 10623, 10950, 11090, 11118, 11135, 11354, 11929, 11951, 11988, 11992, 12007, 12239, 12880, 13058, 13875, 15514, 16572, 17249, 18211, 19244, 20105, 20665, 20991, 23472, 23507, 23851, 24042, 24805, 24896, 25292, 25849, 25902, 25906, 26127, 26288, 27158, 29268, 29760, 30552, 31031, 32399, 32910, 33591, 33787, 35562, 35751]","[8720, 10400, 12434, 14200, 15741, 17116, 17991]",35955,80,35875,5,75,35873,2
4.5,HSALDCG,"[349, 555, 801, 1014, 1283, 2098, 2481, 2641, 2663, 3366, 3386, 3567, 4346, 4434]","[2641, 3366, 3567]","[349, 555, 801, 1014, 1283, 2098, 2481, 2663, 3386, 4346, 4434]","[2641, 2939, 3110, 3366, 3567, 3994, 4326]",5191,14,5177,3,11,5173,4
4.5,HSAPC3A,"[226, 636, 919, 1246, 2140, 2325, 2515, 3492, 4662]",[919],"[226, 636, 1246, 2140, 2325, 2515, 3492, 4662]","[919, 1178]",6042,9,6033,1,8,6032,1
4.5,HSAPOA2B,"[232, 245, 338, 490, 698, 916, 1554]","[490, 916]","[232, 245, 338, 698, 1554]","[490, 916]",1748,7,1741,2,5,1741,0
4.5,HSAPOAIA,"[57, 317, 661, 1397]","[317, 661]","[57, 1397]","[317, 661]",2186,4,2182,2,2,2182,0
4.5,HSAPOAIT,"[231, 491, 835, 1572]","[491, 835]","[231, 1572]","[491, 835]",2378,4,2374,2,2,2374,0
4.5,HSAPOC2G,"[231, 255, 606, 1276, 1494, 1971, 2021, 2346, 2479, 2714, 2943]",[2714],"[231, 255, 606, 1276, 1494, 1971, 2021, 2346, 2479, 2943]","[2714, 3041]",3833,11,3822,1,10,3821,1
4.5,HSAQUPN2,"[431, 632, 917]","[431, 632]",[917],"[431, 632, 746]",988,3,985,2,1,984,1
4.5,HSARYLA,"[275, 848, 1238, 1571, 1906, 2141, 2252, 2470, 2528, 2666, 3040, 3432]","[848, 1238, 1571, 2252, 2470]","[275, 1906, 2141, 2528, 2666, 3040, 3432]","[848, 1238, 1571, 1815, 2252, 2470, 2823]",3630,12,3618,5,7,3616,2
4.5,HSAT3,"[646, 655, 825, 2225, 2451, 2846, 3311, 4422, 4823, 4978, 5095, 5311, 5717, 6015, 6059, 6879, 6934, 7225, 8072, 8536, 9045, 9625, 9717, 10205, 10401, 11303, 11320, 12719, 13056, 13775]","[646, 3311, 6059, 10401]","[655, 825, 2225, 2451, 2846, 4422, 4823, 4978, 5095, 5311, 5717, 6015, 6879, 6934, 7225, 8072, 8536, 9045, 9625, 9717, 10205, 11303, 11320, 12719, 13056, 13775]","[646, 3311, 6059, 7102, 8303, 10401]",14199,30,14169,4,26,14167,2
4.5,HSATPCP1,"[496, 831, 1257, 4080, 4773, 5389, 5934, 6382, 6830, 6843, 6860, 6999, 7267, 7854, 8207, 8714, 9101]","[5389, 6382, 7267]","[496, 831, 1257, 4080, 4773, 5934, 6830, 6843, 6860, 6999, 7854, 8207, 8714, 9101]","[5389, 6382, 7267]",9450,17,9433,3,14,9433,0
4.5,HSATPCP2,"[107, 2996, 4013, 4738, 4743, 5367, 6152, 6504, 6916, 7310, 7490, 8957, 9194, 9637, 9689, 9752, 10195, 10918, 11516, 11602, 12497, 13435, 13888]","[7490, 10195, 10918]","[107, 2996, 4013, 4738, 4743, 5367, 6152, 6504, 6916, 7310, 8957, 9194, 9637, 9689, 9752, 11516, 11602, 12497, 13435, 13888]","[7490, 10195, 10918]",15009,23,14986,3,20,14986,0
4.5,HSB3A,"[1843, 1940, 2085, 2623, 2640, 2670, 3203]",[1843],"[1940, 2085, 2623, 2640, 2670, 3203]",[1843],3676,7,3669,1,6,3669,0
4.5,HSBGPG,"[151, 560, 817, 856, 1096, 1340, 1593, 1645]","[560, 1096]","[151, 817, 856, 1340, 1593, 1645]","[560, 850, 1096]",1668,8,1660,2,6,1659,1
4.5,HSBSF2,"[238, 477, 1242, 1587, 2450, 2748, 2930, 2956, 3601, 4086, 4427, 4505, 4715, 4943, 5688]","[1242, 1587, 2748, 3601]","[238, 477, 2450, 2930, 2956, 4086, 4427, 4505, 4715, 4943, 5688]","[1242, 1587, 2748, 3601]",5954,15,5939,4,11,5939,0
4.5,HSCBMYHC,"[297, 369, 649, 1577, 2583, 2735, 2868, 3193, 3819, 3932, 4595, 4921, 5041, 5485, 5644, 6694, 7246, 7567, 7735, 7912, 8354, 8867, 8898, 9174, 10877, 11339, 11847, 12155, 12427, 12825, 12829, 13037, 13342, 14042, 14210, 14571, 15784, 17120, 18228, 18590, 18734, 18777, 18896, 19262, 19970, 20057, 20604, 21505, 21839, 22088, 22423, 22474, 22643, 23209, 23454, 23701, 23830]","[4595, 5041, 5485, 5644, 6694, 7246, 7567, 8354, 8898, 9174, 10877, 11339, 12155, 12427, 12829, 13342, 14210, 14571, 17120, 18228, 18590, 18896, 19262, 19970, 20604, 21839, 22088, 22474, 23454, 23701]","[297, 369, 649, 1577, 2583, 2735, 2868, 3193, 3819, 3932, 4921, 7735, 7912, 8867, 11847, 12825, 13037, 14042, 15784, 18734, 18777, 20057, 21505, 22423, 22643, 23209, 23830]","[4595, 5041, 5485, 5644, 6354, 6529, 6694, 7246, 7567, 8354, 8898, 9174, 9626, 10530, 10877, 11339, 12155, 12427, 12829, 13342, 14210, 14571, 15900, 17120, 18228, 18590, 18896, 19262, 19970, 20319, 20604, 21466, 21839, 22088, 22474, 23454, 23701]",24993,57,24936,30,27,24929,7
4.5,HSCD14G,"[159, 763]",[159],[763],[159],1563,2,1561,1,1,1561,0
4.5,HSCKBG,"[876, 1075, 1341, 1619, 1824, 2068, 2124, 2380, 2570, 2638, 2643, 3521]","[1341, 1619, 1824, 2380, 3521]","[876, 1075, 2068, 2124, 2570, 2638, 2643]","[1341, 1619, 1824, 2380, 3174, 3521]",4193,12,4181,5,7,4180,1
4.5,HSCOMT2,"[589, 1075, 2188, 2378, 2547, 2897]",[2378],"[589, 1075, 2188, 2547, 2897]","[1630, 1959, 2378]",3644,6,3638,1,5,3636,2
4.5,HSCPH70,"[205, 633, 773, 865, 2936, 3200, 3675, 3831, 4407, 4801, 6024]","[4407, 4801]","[205, 633, 773, 865, 2936, 3200, 3675, 3831, 6024]","[1729, 4204, 4407, 4801]",6704,11,6693,2,9,6691,2
4.5,HSCSF1PO,"[359, 496, 779, 1965, 2385, 2816, 3327, 3740, 3777, 4479, 5647, 6579, 6651, 6732, 7061, 7572, 7831, 8115, 8250, 8287, 8486, 8680, 8694, 8699, 8725, 8843, 8847, 8943, 9217, 9575, 9882, 10227, 10249, 10517, 11059, 11063, 11092, 11515, 11707, 12975, 13021, 14683, 15036, 15733, 17256, 17882, 17972, 18046, 18156, 18208, 18350, 18465, 18756, 19724, 20123, 21307, 21311, 21444, 23668, 24072, 24260, 24806, 25196, 25690, 25817, 26605, 26732, 26837, 26963, 27465, 30172, 30657, 30823, 30890, 31040, 31663, 31739, 31942, 32108, 32301, 32402, 32862, 33091, 33816, 34006, 34015, 34038, 34399]","[1965, 7572, 8287, 10227, 11063, 15036, 17882, 18156, 18465, 20123, 26605, 26837, 27465, 30823, 31040, 32108, 32301, 33091, 34006]","[359, 496, 779, 2385, 2816, 3327, 3740, 3777, 4479, 5647, 6579, 6651, 6732, 7061, 7831, 8115, 8250, 8486, 8680, 8694, 8699, 8725, 8843, 8847, 8943, 9217, 9575, 9882, 10249, 10517, 11059, 11092, 11515, 11707, 12975, 13021, 14683, 15733, 17256, 17972, 18046, 18208, 18350, 18756, 19724, 21307, 21311, 21444, 23668, 24072, 24260, 24806, 25196, 25690, 25817, 26732, 26963, 30172, 30657, 30890, 31663, 31739, 31942, 32402, 32862, 33816, 34015, 34038, 34399]","[1965, 7572, 8287, 10227, 11063, 15036, 17882, 18156, 18465, 20123, 26605, 26837, 27465, 28627, 30823, 31040, 32108, 32301, 33091, 34006]",35093,88,35005,19,69,35004,1
4.5,HSCST3G,"[271, 536, 888, 1145, 1328, 2342, 3064, 3159, 3468, 3694, 3783, 3865, 3938, 4129, 5518, 6231, 6448, 6632, 7112]","[1328, 3694]","[271, 536, 888, 1145, 2342, 3064, 3159, 3468, 3783, 3865, 3938, 4129, 5518, 6231, 6448, 6632, 7112]","[1328, 3694]",7285,19,7266,2,17,7266,0
4.5,HSCYCLA,"[407, 1029, 2406, 2954, 3668, 3731, 4168, 4520, 5338, 5389, 5911, 6070, 6323, 6982]","[2406, 3731, 4168, 5338, 5911]","[407, 1029, 2954, 3668, 4520, 5389, 6070, 6323, 6982]","[1393, 2406, 3731, 4168, 5338, 5911, 6667]",8356,14,8342,5,9,8340,2
4.5,HSCYP216,"[255, 302, 879, 1278, 1466, 1475, 1836, 2402]","[255, 879, 1278, 1466, 1836, 2402]","[302, 1475]","[255, 442, 879, 1088, 1278, 1466, 1836, 2215, 2402]",2764,8,2756,6,2,2753,3
4.5,HSCYP45C,"[185, 731, 947, 1772, 2667, 3538, 4603, 4680, 4942, 4963, 5008, 5801, 6016, 6248, 6562]","[4942, 5801, 6016, 6248]","[185, 731, 947, 1772, 2667, 3538, 4603, 4680, 4963, 5008, 6562]","[4942, 5624, 5801, 6016, 6248]",7547,15,7532,4,11,7531,1
4.5,HSCYTOK17,"[396, 452, 488, 581, 1709, 1951, 2079, 2304, 2582, 2928, 2935, 3066, 3257, 3468, 4000, 4123, 4987]","[581, 1709, 2304, 3066, 4000, 4123]","[396, 452, 488, 1951, 2079, 2582, 2928, 2935, 3257, 3468, 4987]","[581, 1709, 2304, 3066, 3693, 4000, 4123]",5253,17,5236,6,11,5235,1
4.5,HSCYTOK20,"[1277, 1871, 2515, 3128, 3978, 4019, 4732, 5152, 5205, 5281, 5352, 7458, 8722, 9313, 9470, 9642, 10005, 10828, 11940, 12705, 12783, 14034, 16190, 16343, 16620, 16791]","[5281, 9470, 11940, 12705]","[1277, 1871, 2515, 3128, 3978, 4019, 4732, 5152, 5205, 5352, 7458, 8722, 9313, 9642, 10005, 10828, 12783, 14034, 16190, 16343, 16620, 16791]","[5281, 7512, 9470, 9984, 10271, 11940, 12705]",18054,26,18028,4,22,18025,3
4.5,HSDAO,"[588, 956, 1080, 1177, 1381, 1635, 1665, 1751, 2551, 2877, 3885, 3987, 5744, 6426, 6696, 7431, 7548, 7766, 8329, 8880, 9013]","[6426, 7431, 9013]","[588, 956, 1080, 1177, 1381, 1635, 1665, 1751, 2551, 2877, 3885, 3987, 5744, 6696, 7548, 7766, 8329, 8880]","[6426, 7431, 9013]",9896,21,9875,3,18,9875,0
4.5,HSERPG,"[628, 1303, 1340, 1683, 1943, 2474, 2768]","[628, 1340, 1683, 2474]","[1303, 1943, 2768]","[628, 1340, 1683, 2474]",3391,7,3384,4,3,3384,0
4.5,HSFAU1,"[505, 655, 857, 1096, 1129, 1557, 1613]","[857, 1096, 1613]","[505, 655, 1129, 1557]","[857, 1096, 1613]",2009,7,2002,3,4,2002,0
4.5,HSFESFPS,"[8, 13, 738, 1227, 1248, 1553, 1650, 3180, 3797, 3873, 4008, 4522, 4547, 5028, 5154, 5405, 5924, 6240, 6445, 6767, 7089, 7150, 7330, 7634, 7757, 8052, 8069, 8546, 8720, 8782, 9151, 9176, 9371, 9424, 10015, 10445, 10626, 11511, 11788, 12225]","[1227, 1553, 5405, 5924, 6240, 6445, 7150, 7634, 8069, 8782, 9151, 9371, 10015]","[8, 13, 738, 1248, 1650, 3180, 3797, 3873, 4008, 4522, 4547, 5028, 5154, 6767, 7089, 7330, 7757, 8052, 8546, 8720, 9176, 9424, 10445, 10626, 11511, 11788, 12225]","[1227, 1553, 3023, 3336, 5405, 5598, 5924, 6240, 6445, 7150, 7634, 8069, 8782, 9151, 9371, 9768, 10015]",12256,40,12216,13,27,12212,4
4.5,HSGCSFG,"[404, 690, 735, 744, 748, 1230, 1521, 2048]","[404, 744, 1230, 1521]","[690, 735, 748, 2048]","[404, 744, 1230, 1521]",2953,8,2945,4,4,2945,0
4.5,HSGEBCMA,"[607, 700, 1294, 1648, 2292, 2430, 3234, 3273, 3292, 3607]",[607],"[700, 1294, 1648, 2292, 2430, 3234, 3273, 3292, 3607]","[607, 1496]",3720,10,3710,1,9,3709,1
4.5,HSGGL2,"[164, 202, 547, 1055, 1067]","[202, 547]","[164, 1055, 1067]","[202, 547]",1621,5,1616,2,3,1616,0
4.5,HSGLA,"[852, 868, 901, 2011, 2148, 2472, 4106, 5040, 5269, 6958, 8378, 8413, 9335, 10329, 10359, 10369, 10708, 11761, 12358]","[5269, 8413, 10708]","[852, 868, 901, 2011, 2148, 2472, 4106, 5040, 6958, 8378, 9335, 10329, 10359, 10369, 11761, 12358]","[1374, 5269, 7447, 8413, 10293, 10708]",12429,19,12410,3,16,12407,3
4.5,HSGROW2,"[211, 345, 462, 1091]","[345, 1091]","[211, 462]","[345, 762, 1091, 1349]",1957,4,1953,2,2,1951,2
4.5,HSGSTM4,"[37, 522, 1262, 1357, 1793, 2142, 2232, 2469, 2670, 3516, 3953, 3984, 3991]","[37, 1262, 2469, 2670]","[522, 1357, 1793, 2142, 2232, 3516, 3953, 3984, 3991]","[37, 391, 874, 1262, 1458, 2469, 2670]",4835,13,4822,4,9,4819,3
4.5,HSGTRH,"[442, 515, 1847, 2111, 2205, 2322, 2809, 3141, 3816, 5548, 6275, 6449, 6552]","[2205, 3816]","[442, 515, 1847, 2111, 2322, 2809, 3141, 5548, 6275, 6449, 6552]","[2205, 3816]",7217,13,7204,2,11,7204,0
4.5,HSHMG17G,"[1538, 1793, 2037, 2279, 2524, 2927, 2946, 3403, 3415, 3620, 4021, 4342, 4469, 5920, 7188]","[2524, 3415, 3620, 4021]","[1538, 1793, 2037, 2279, 2927, 2946, 3403, 4342, 4469, 5920, 7188]","[2524, 3415, 3620, 4021, 4553]",7188,15,7173,4,11,7172,1
4.5,HSHNRNPA,"[49, 707, 814, 868, 1086, 1494, 1789, 1936, 2295, 2481, 2660, 2869, 2927, 3229, 3602, 3962, 4312, 4316]","[814, 1494, 1936, 2295, 2481, 2660, 2869, 3962]","[49, 707, 868, 1086, 1789, 2927, 3229, 3602, 4312, 4316]","[814, 1494, 1936, 2295, 2481, 2660, 2869, 3962]",5361,18,5343,8,10,5343,0
4.5,HSHOX51,"[268, 760, 1278, 1425, 1651, 1791, 2052, 2130, 2393, 2415, 2519, 3022, 4023, 4748, 6206]",[2052],"[268, 760, 1278, 1425, 1651, 1791, 2130, 2393, 2415, 2519, 3022, 4023, 4748, 6206]",[2052],6298,15,6283,1,14,6283,0
4.5,HSHSC70,"[27, 777, 913, 1245, 1313, 1773, 2052, 2250, 3307, 3734, 4819, 5378]","[1245, 1773, 2250, 3307, 3734]","[27, 777, 913, 1313, 2052, 4819, 5378]","[1245, 1773, 2250, 2893, 3307, 3734, 4114]",5401,12,5389,5,7,5387,2
4.5,HSIFNAR,"[329, 583, 631, 830, 869, 1356, 1404, 1540, 2445, 2696, 4612, 5386, 5843, 7976, 8569, 8594, 9219, 10423, 10800, 11325, 11655, 11664, 12704, 13828, 13884, 14172, 15464, 15482, 16062, 16944, 17725, 17942, 19188, 19442, 20036, 20088, 20346, 21132, 21239, 21261, 22130, 22538, 22586, 22719, 23180, 23783, 24341, 25061, 25777, 26285, 26892, 27880, 28142, 28272, 29554, 30214, 30489]","[830, 11325, 16944, 19188, 19442, 21132, 25061, 29554]","[329, 583, 631, 869, 1356, 1404, 1540, 2445, 2696, 4612, 5386, 5843, 7976, 8569, 8594, 9219, 10423, 10800, 11655, 11664, 12704, 13828, 13884, 14172, 15464, 15482, 16062, 17725, 17942, 20036, 20088, 20346, 21239, 21261, 22130, 22538, 22586, 22719, 23180, 23783, 24341, 25777, 26285, 26892, 27880, 28142, 28272, 30214, 30489]","[830, 11325, 16944, 19188, 19442, 21132, 25061, 25314, 28679, 29554]",32899,57,32842,8,49,32840,2
4.5,HSIFNG,"[136, 589, 1897, 2175, 2364, 2413, 2446, 2771, 3213, 3631, 3690, 5305, 5853]","[589, 1897, 2175]","[136, 2364, 2413, 2446, 2771, 3213, 3631, 3690, 5305, 5853]","[589, 1897, 2175]",5954,13,5941,3,10,5941,0
4.5,HSIL1AG,"[1617, 2208, 2641, 2949, 3215, 3939, 4118, 4326, 4847, 5155, 5343, 5580, 7384, 7681, 7940, 8526, 9436, 9875, 11229]","[2208, 3215, 4326, 7940]","[1617, 2641, 2949, 3939, 4118, 4847, 5155, 5343, 5580, 7384, 7681, 8526, 9436, 9875, 11229]","[2208, 3215, 4326, 6433, 7940]",11963,19,11944,4,15,11943,1
4.5,HSIL1B,"[1515, 1565, 2240, 2528, 3144, 3903, 4393, 4496, 6039, 7406]","[2528, 3144, 6039, 7406]","[1515, 1565, 2240, 3903, 4393, 4496]","[2528, 3144, 5327, 6039, 7406]",9705,10,9695,4,6,9694,1
4.5,HSINT2,"[516, 1156, 2792, 3197, 3471, 3549, 9331, 9480, 10216, 10232, 10533, 10644, 10708]","[1156, 3549]","[516, 2792, 3197, 3471, 9331, 9480, 10216, 10232, 10533, 10644, 10708]","[1156, 3549]",11601,13,11588,2,11,11588,0
4.5,HSL7A,"[420, 1408, 2073, 2867, 3525, 4052, 4164, 4259, 4572, 4919]","[2073, 2867, 3525, 4164, 4572, 4919]","[420, 1408, 4052, 4259]","[2073, 2867, 3525, 3881, 4164, 4572, 4919]",5499,10,5489,6,4,5488,1
4.5,HSLCATG,"[991, 1352, 1590, 1629, 1672, 1881, 2266, 2574, 2609, 3577, 4200, 5051, 5372, 5638, 6402, 6574, 6705]","[991, 1881, 2266, 2574]","[1352, 1590, 1629, 1672, 2609, 3577, 4200, 5051, 5372, 5638, 6402, 6574, 6705]","[991, 1881, 2076, 2266, 2574]",6894,17,6877,4,13,6876,1
4.5,HSMECDAG,"[93, 230, 716, 1393, 1456, 1805, 2149, 2517, 2584, 2588, 2593, 2601, 2776, 2870, 2966, 3072, 3170, 3202, 3353, 3544, 3673, 3852, 3939, 4095, 4361]","[1393, 2517, 2776, 2966, 3544, 3852]","[93, 230, 716, 1456, 1805, 2149, 2584, 2588, 2593, 2601, 2870, 3072, 3170, 3202, 3353, 3673, 3939, 4095, 4361]","[1393, 2517, 2776, 2966, 3544, 3852]",4363,25,4338,6,19,4338,0
4.5,HSMED,"[36, 52, 277, 636, 789, 967, 1354, 1506, 1774, 1943, 1998, 2186, 4051, 4833]","[1354, 1943]","[36, 52, 277, 636, 789, 967, 1506, 1774, 1998, 2186, 4051, 4833]","[1354, 1943, 2315, 4716]",5285,14,5271,2,12,5269,2
4.5,HSMT1H,"[20, 196, 816, 1128, 1475, 2125]","[816, 1475]","[20, 196, 1128, 2125]","[816, 1475]",2135,6,2129,2,4,2129,0
4.5,HSNCAMX1,"[188, 638, 1256, 1550, 1609, 1794, 2245, 2381, 2470, 2486, 2537, 2808, 4142, 4157, 4190, 4778, 6582, 7569, 7640, 7852, 8529, 8552, 9068, 9369, 9373, 9522, 10015, 10317, 10722, 11509, 11667, 11710, 11726, 11870, 12072, 12467, 12550, 12786, 13049, 13357, 13684, 13893, 14002]","[1609, 4142, 4778, 6582, 7569, 7852, 8529, 9068, 9373, 10015, 10317, 10722, 11667, 12072, 12550, 12786, 13049, 13893, 14002]","[188, 638, 1256, 1550, 1794, 2245, 2381, 2470, 2486, 2537, 2808, 4157, 4190, 7640, 8552, 9369, 9522, 11509, 11710, 11726, 11870, 12467, 13357, 13684]","[1609, 4142, 4778, 5218, 6315, 6582, 6983, 7316, 7569, 7852, 8529, 8809, 9068, 9373, 9571, 10015, 10317, 10722, 11667, 12072, 12283, 12550, 12786, 13049, 13487, 13893, 14002]",16281,43,16238,19,24,16230,8
4.5,HSNFM,"[417, 432, 1741, 1822, 2675, 3772, 3849, 4491, 5057, 5148, 5343]","[1822, 2675]","[417, 432, 1741, 3772, 3849, 4491, 5057, 5148, 5343]","[1822, 2675]",6229,11,6218,2,9,6218,0
4.5,HSODCG,"[362, 735, 1002, 1938, 2912, 3745, 3968, 4192, 4433, 4649, 5028, 5421, 5633, 6298, 7111, 7614, 7618, 8052, 8090, 8214, 8842, 8854]","[4192, 4649, 5028, 5421, 5633, 7111, 7614]","[362, 735, 1002, 1938, 2912, 3745, 3968, 4433, 6298, 7618, 8052, 8090, 8214, 8842, 8854]","[4192, 4649, 5028, 5421, 5633, 5893, 7111, 7306, 7614]",9036,22,9014,7,15,9012,2
4.5,HSODF2,"[4, 131, 158, 964, 993, 1375]",[],"[4, 131, 158, 964, 993, 1375]",[600],1423,6,1417,0,6,1416,1
4.5,HSPAT133,"[393, 558, 654, 762, 794, 1126, 1173, 1447, 1782, 3711]",[1447],"[393, 558, 654, 762, 794, 1126, 1173, 1782, 3711]",[1447],3713,10,3703,1,9,3703,0
4.5,HSPLAPL,"[403, 599, 808, 827, 1192]","[403, 599, 827]","[808, 1192]","[403, 599, 827]",1275,5,1270,3,2,1270,0
4.5,HSPRB3L,"[386, 566, 789, 896, 1103, 1412, 1537, 2934, 3083, 3376]","[566, 1537]","[386, 789, 896, 1103, 1412, 2934, 3083, 3376]","[566, 1537]",4509,10,4499,2,8,4499,0
4.5,HSPRB4S,"[518, 913, 1018, 1534, 1658, 2384, 2812, 2957]",[1658],"[518, 913, 1018, 1534, 2384, 2812, 2957]","[693, 1658]",5806,8,5798,1,7,5797,1
4.5,HSPSAG,"[46, 447, 872, 1848, 3611, 3866, 4044, 4080, 4493]","[447, 1848, 4044]","[46, 872, 3611, 3866, 4080, 4493]","[447, 1848, 3764, 4044]",5866,9,5857,3,6,5856,1
4.5,HSRPII145,"[449, 588, 908, 1071, 1097, 1102, 1181, 1233, 1378, 1535, 1688, 1729]","[449, 588, 908, 1071, 1233]","[1097, 1102, 1181, 1378, 1535, 1688, 1729]","[449, 588, 908, 1071, 1233]",2086,12,2074,5,7,2074,0
4.5,HSRPS7,"[115, 284, 404, 415, 516, 1008, 1055, 1599, 1831, 2166, 2369, 2530, 2551, 3329, 3383, 4254, 4460, 5088, 5100, 5409, 5736, 5912, 5937, 6064, 6068, 6325, 6408, 6429]","[2166, 2369, 4254]","[115, 284, 404, 415, 516, 1008, 1055, 1599, 1831, 2530, 2551, 3329, 3383, 4460, 5088, 5100, 5409, 5736, 5912, 5937, 6064, 6068, 6325, 6408, 6429]","[2166, 2369, 3108, 4254, 6734]",7506,28,7478,3,25,7476,2
4.5,HSSAA1B,"[862, 1009, 1543, 1831, 2345, 2367, 3876, 4013, 4697, 4712, 4744]",[1543],"[862, 1009, 1831, 2345, 2367, 3876, 4013, 4697, 4712, 4744]","[1543, 3845]",4816,11,4805,1,10,4804,1
4.5,HSSHBG,"[1016, 1058, 2672, 2810, 2867, 3148]","[1058, 3148]","[1016, 2672, 2810, 2867]","[472, 696, 1058, 1551, 1938, 2205, 3148]",3803,6,3797,2,4,3792,5
4.5,HSSSPN1AG,"[2066, 2330, 3028, 3360, 3491, 3518, 4053]","[3360, 3491]","[2066, 2330, 3028, 3518, 4053]","[1343, 1635, 1809, 3360, 3491]",4089,7,4082,2,5,4079,3
4.5,HSSURF3,"[284, 1033, 1692, 2048, 2160, 2209, 2321, 2415, 2729, 3074]","[284, 1033, 1692, 2048, 2321, 2729, 3074]","[2160, 2209, 2415]","[284, 1033, 1692, 2048, 2321, 2729, 3074]",3410,10,3400,7,3,3400,0
4.5,HSTNFB,"[836, 980, 1375, 2506, 3015]",[1375],"[836, 980, 2506, 3015]","[1375, 1567]",3030,5,3025,1,4,3024,1
4.5,HSTPI1G,"[746, 919, 972, 1558, 1685, 1817, 2035, 2231, 3181, 3249, 3760, 4376, 4651, 4849]","[746, 2035, 2231, 3181]","[919, 972, 1558, 1685, 1817, 3249, 3760, 4376, 4651, 4849]","[746, 2035, 2231, 2438, 2821, 3181]",4988,14,4974,4,10,4972,2
4.5,HSTUBAG,"[96, 536, 2065, 2287, 2584, 3623, 3733, 3759, 3777, 3843]","[536, 2287, 2584]","[96, 2065, 3623, 3733, 3759, 3777, 3843]","[536, 2287, 2584]",4080,10,4070,3,7,4070,0
4.5,HSU01102,"[222, 275, 668, 817, 1671, 1943, 2082, 2568, 4655]",[668],"[222, 275, 817, 1671, 1943, 2082, 2568, 4655]","[668, 3896]",4988,9,4979,1,8,4978,1
4.5,HSU04357,"[97, 1201, 1342, 1963]","[97, 1342]","[1201, 1963]","[97, 1342]",2075,4,2071,2,2,2071,0
4.5,HSU04636,"[103, 1018, 1449, 1935, 2199, 2996, 3608, 3965, 4424, 4919, 5359, 5723, 6008, 6340]","[1018, 1935, 2199, 2996, 3608, 4424, 5359, 6008]","[103, 1449, 3965, 4919, 5723, 6340]","[1018, 1935, 2199, 2996, 3608, 4424, 4790, 5359, 6008]",9446,14,9432,8,6,9431,1
4.5,HSU05259,"[782, 814, 951, 2091, 2173, 2435, 2571, 2685, 2859, 3045, 3387, 3672, 4128]","[782, 2685, 3045, 4128]","[814, 951, 2091, 2173, 2435, 2571, 2859, 3387, 3672]","[782, 2685, 3045, 4128]",5663,13,5650,4,9,5650,0
4.5,HSU07807,"[454, 459, 609, 614, 757, 1040, 1991, 2736, 2873, 3386, 4350]","[757, 3386]","[454, 459, 609, 614, 1040, 1991, 2736, 2873, 4350]","[757, 3386]",4832,11,4821,2,9,4821,0
4.5,HSU07983,"[287, 390, 1286]",[390],"[287, 1286]",[390],1419,3,1416,1,2,1416,0
4.5,HSU08198,"[311, 676, 707, 895, 1072, 1124, 1316, 1392, 1689, 1811, 1845, 1892, 1900]","[895, 1124, 1316, 1689, 1811]","[311, 676, 707, 1072, 1392, 1845, 1892, 1900]","[583, 895, 1124, 1316, 1689, 1811]",2337,13,2324,5,8,2323,1
4.5,HSU12421,"[227, 311, 315, 1400, 1882, 1941, 2080, 2255, 2434, 3287, 3573, 3747, 3869]","[311, 2080]","[227, 315, 1400, 1882, 1941, 2255, 2434, 3287, 3573, 3747, 3869]","[311, 2080]",4251,13,4238,2,11,4238,0
4.5,HSUBR,"[957, 1589, 2316, 2324, 3005]","[1589, 2324]","[957, 2316, 3005]","[1589, 2324]",3290,5,3285,2,3,3285,0
4.5,HSXBXVIII,"[473, 1059, 1189, 1193, 1199, 1213, 1671, 1992, 2137, 2596, 2723, 3019, 3061, 3123, 3248, 3333, 3339, 3371, 3859, 4456, 4586, 5486, 6115, 6240, 6599, 7675, 8302, 8850, 8934, 9475, 9633, 10107, 10136, 10425, 10687, 11253, 11405, 11843, 11870, 12085, 12693]","[11405, 11843, 12085]","[473, 1059, 1189, 1193, 1199, 1213, 1671, 1992, 2137, 2596, 2723, 3019, 3061, 3123, 3248, 3333, 3339, 3371, 3859, 4456, 4586, 5486, 6115, 6240, 6599, 7675, 8302, 8850, 8934, 9475, 9633, 10107, 10136, 10425, 10687, 11253, 11870, 12693]","[11405, 11589, 11843, 12085]",12637,41,12596,3,38,12595,1
4.5,HSZNGP1,"[445, 518, 565, 1142, 1307, 2672, 3608, 4718, 4777, 5752, 6347, 6402, 6435, 6665, 8597, 8986, 8991, 9067]","[518, 4718]","[445, 565, 1142, 1307, 2672, 3608, 4777, 5752, 6347, 6402, 6435, 6665, 8597, 8986, 8991, 9067]","[518, 4718, 8313]",9816,18,9798,2,16,9797,1
4.5,HUMADAG,"[710, 1309, 1355, 1677, 2050, 2405, 3343, 3737, 4064, 4501, 4549, 4623, 4817, 4900, 5267, 5278, 5341, 5657, 6192, 8160, 9092, 11568, 11763, 13187, 13416, 13458, 13503, 14450, 14976, 15582, 15661, 15857, 15955, 16030, 17205, 17401, 18465, 19292, 19529, 19940, 20776, 21006, 21114, 22735, 22747, 23112, 23808, 24224, 24752, 25434, 26467, 26891, 27250, 28038, 28083, 28362, 28712, 28987, 29052, 29419, 29939, 30766, 30860, 31115, 31304, 31342, 31644, 32470, 32497, 32675, 32916, 33952, 34484, 34578, 34742, 35203, 36268]","[4064, 19292, 26467, 29052, 29939, 31304, 32497, 32675, 32916, 34484, 35203]","[710, 1309, 1355, 1677, 2050, 2405, 3343, 3737, 4501, 4549, 4623, 4817, 4900, 5267, 5278, 5341, 5657, 6192, 8160, 9092, 11568, 11763, 13187, 13416, 13458, 13503, 14450, 14976, 15582, 15661, 15857, 15955, 16030, 17205, 17401, 18465, 19529, 19940, 20776, 21006, 21114, 22735, 22747, 23112, 23808, 24224, 24752, 25434, 26891, 27250, 28038, 28083, 28362, 28712, 28987, 29419, 30766, 30860, 31115, 31342, 31644, 32470, 33952, 34578, 34742, 36268]","[4064, 19292, 26467, 29052, 29939, 31304, 32497, 32675, 32916, 34484, 35203]",36734,77,36657,11,66,36657,0
4.5,HUMADPRF02,"[359, 1308, 1650, 2953, 2972, 3035, 3392, 4213, 4253, 4732, 4870, 5150]","[359, 1308, 1650]","[2953, 2972, 3035, 3392, 4213, 4253, 4732, 4870, 5150]","[359, 1308, 1650]",5160,12,5148,3,9,5148,0
4.5,HUMAPEXN,"[137, 349, 1190, 1364, 1465, 1535, 1863, 2622, 2850]","[1465, 1863, 2622]","[137, 349, 1190, 1364, 1535, 2850]","[1465, 1863, 2622]",3723,9,3714,3,6,3714,0
4.5,HUMAPOCII,"[184, 547, 571, 891, 1557, 1778, 1980, 2255, 2305, 2630, 2760, 2995, 3223]",[2995],"[184, 547, 571, 891, 1557, 1778, 1980, 2255, 2305, 2630, 2760, 3223]","[2995, 3321]",4333,13,4320,1,12,4319,1
4.5,HUMAPOE4,"[617, 1064, 1091, 1225, 1294, 1324, 1773, 1914, 2409, 2611, 3200, 4032, 4292, 4313]","[1914, 3200]","[617, 1064, 1091, 1225, 1294, 1324, 1773, 2409, 2611, 4032, 4292, 4313]","[1914, 3200]",5508,14,5494,2,12,5494,0
4.5,HUMATPGG,"[203, 285, 1445, 1902, 2553, 2677, 2905, 2937, 4064, 4114, 4293, 4578, 5307, 5627, 6191, 6534, 6749, 7456, 7488, 7885, 9436, 9672, 10190, 10406, 11405, 11435, 12074, 14100, 14276, 14537]","[1445, 1902, 2677, 4293, 5307, 6534, 6749, 7456, 9436, 9672, 10190, 11405, 12074, 14100, 14276]","[203, 285, 2553, 2905, 2937, 4064, 4114, 4578, 5627, 6191, 7488, 7885, 10406, 11435, 14537]","[1445, 1727, 1902, 2677, 4293, 4749, 5307, 6118, 6534, 6749, 7456, 8198, 9436, 9672, 9946, 10190, 11405, 12074, 13663, 14100, 14276]",15108,30,15078,15,15,15072,6
4.5,HUMBETGLOA,"[52, 376, 687, 942, 1176, 1311, 2475, 2559]",[1311],"[52, 376, 687, 942, 1176, 2475, 2559]","[958, 1311]",2995,8,2987,1,7,2986,1
4.5,HUMBETGLOB,"[52, 374, 685, 940, 1174, 1309, 2473, 2557]",[1309],"[52, 374, 685, 940, 1174, 2473, 2557]","[956, 1309]",2993,8,2985,1,7,2984,1
4.5,HUMBETGLOC,"[52, 376, 687, 942, 1176, 1311, 2475, 2559]",[1311],"[52, 376, 687, 942, 1176, 2475, 2559]","[958, 1311]",2995,8,2987,1,7,2986,1
4.5,HUMBETGLOD,"[52, 376, 687, 942, 1176, 1311, 2475, 2559]",[1311],"[52, 376, 687, 942, 1176, 2475, 2559]","[958, 1311]",2995,8,2987,1,7,2986,1
4.5,HUMBETGLOE,"[52, 374, 685, 940, 1174, 1309, 2473, 2557]",[1309],"[52, 374, 685, 940, 1174, 2473, 2557]","[956, 1309]",2993,8,2985,1,7,2984,1
4.5,HUMBETGLOF,"[52, 376, 687, 942, 1176, 1311, 2475, 2559]",[1311],"[52, 376, 687, 942, 1176, 2475, 2559]","[958, 1311]",2995,8,2987,1,7,2986,1
4.5,HUMBETGLOG,"[52, 376, 687, 942, 1176, 1311, 2475, 2559]",[1311],"[52, 376, 687, 942, 1176, 2475, 2559]","[958, 1311]",2995,8,2987,1,7,2986,1
4.5,HUMBETGLOH,"[52, 376, 687, 942, 1176, 1311, 2475, 2559]",[1311],"[52, 376, 687, 942, 1176, 2475, 2559]","[958, 1311]",2995,8,2987,1,7,2986,1
4.5,HUMBETGLOI,"[52, 374, 685, 940, 1174, 1309, 2473, 2557]",[1309],"[52, 374, 685, 940, 1174, 2473, 2557]","[956, 1309]",2993,8,2985,1,7,2984,1
4.5,HUMBETGLOJ,"[52, 374, 685, 940, 1174, 1309, 2473, 2557]",[1309],"[52, 374, 685, 940, 1174, 2473, 2557]","[956, 1309]",2993,8,2985,1,7,2984,1
4.5,HUMBETGLOK,"[52, 374, 685, 940, 1174, 1309, 2473, 2557]",[1309],"[52, 374, 685, 940, 1174, 2473, 2557]","[956, 1309]",2993,8,2985,1,7,2984,1
4.5,HUMBETGLOL,"[52, 374, 685, 940, 1174, 1309, 2473, 2557]",[1309],"[52, 374, 685, 940, 1174, 2473, 2557]","[956, 1309]",2993,8,2985,1,7,2984,1
4.5,HUMBETGLOM,"[52, 373, 684, 939, 1173, 1308, 2472, 2556]",[1308],"[52, 373, 684, 939, 1173, 2472, 2556]","[955, 1308]",2992,8,2984,1,7,2983,1
4.5,HUMBETGLON,"[52, 374, 685, 940, 1174, 1309, 2473, 2557]",[1309],"[52, 374, 685, 940, 1174, 2473, 2557]","[956, 1309]",2993,8,2985,1,7,2984,1
4.5,HUMBETGLOO,"[52, 374, 685, 940, 1174, 1309, 2473, 2557]",[1309],"[52, 374, 685, 940, 1174, 2473, 2557]","[956, 1309]",2993,8,2985,1,7,2984,1
4.5,HUMBETGLOP,"[52, 374, 685, 940, 1174, 1309, 2473, 2557]",[1309],"[52, 374, 685, 940, 1174, 2473, 2557]","[956, 1309]",2993,8,2985,1,7,2984,1
4.5,HUMBETGLOR,"[52, 374, 685, 940, 1174, 1309, 2473, 2557]",[1309],"[52, 374, 685, 940, 1174, 2473, 2557]","[956, 1309]",2993,8,2985,1,7,2984,1
4.5,HUMCBRG,"[1220, 2901, 3041]",[1220],"[2901, 3041]","[567, 1220]",3319,3,3316,1,2,3315,1
4.5,HUMCHYMASE,"[969, 1185, 1277, 3165, 3982, 4038, 5216, 5644, 5779, 6037, 7220, 7255, 7463, 7615, 8052]","[5216, 6037]","[969, 1185, 1277, 3165, 3982, 4038, 5644, 5779, 7220, 7255, 7463, 7615, 8052]","[5216, 6037, 6922, 7363]",8109,15,8094,2,13,8092,2
4.5,HUMCP21OH,"[92, 435, 463, 644, 947, 994, 1571, 1970, 2158, 2167, 2528, 3094, 3659]","[947, 1571, 1970, 2158, 2528, 3094]","[92, 435, 463, 644, 994, 2167, 3659]","[947, 1134, 1571, 1780, 1970, 2158, 2528, 2907, 3094]",4035,13,4022,6,7,4019,3
4.5,HUMCP21OHC,"[92, 435, 645, 948, 995, 1572, 1971, 2159, 2529, 3096, 3661]","[948, 1572, 1971, 2159, 2529, 3096]","[92, 435, 645, 995, 3661]","[948, 1135, 1572, 1781, 1971, 2159, 2529, 2908, 3096]",4037,11,4026,6,5,4023,3
4.5,HUMCS1,"[85, 148, 310, 429, 565, 669, 991, 1334, 1591, 2210]","[565, 991, 1334, 1591]","[85, 148, 310, 429, 669, 2210]","[565, 991, 1334, 1591]",2294,10,2284,4,6,2284,0
4.5,HUMCS3,"[87, 150, 312, 431, 566, 671, 991, 1334, 1588, 2214, 2520]","[566, 991, 1334, 1588]","[87, 150, 312, 431, 671, 2214, 2520]","[566, 991, 1334, 1588]",2733,11,2722,4,7,2722,0
4.5,HUMCSN2A,"[122, 2228, 3194, 3776, 4104, 4855, 5620, 5747, 6144, 6747, 7789, 8522, 8683, 8805, 9482, 10265]","[4855, 5747, 6747, 8522]","[122, 2228, 3194, 3776, 4104, 5620, 6144, 7789, 8683, 8805, 9482, 10265]","[4855, 5747, 6747, 6887, 8522]",10601,16,10585,4,12,10584,1
4.5,HUMCSPA,"[455, 982, 2276, 2929, 3200, 3691]","[982, 2276, 2929]","[455, 3200, 3691]","[982, 2276, 2929, 3392]",4784,6,4778,3,3,4777,1
4.5,HUMCTLA1,"[988, 1812, 2119, 2179, 2297, 2770, 3041, 3122, 3236, 3532, 3695]","[988, 2179, 2770, 3236]","[1812, 2119, 2297, 3041, 3122, 3532, 3695]","[988, 2179, 2770, 3236]",4521,11,4510,4,7,4510,0
4.5,HUMDEF5A,"[296, 923, 1571, 1922, 2601]",[1571],"[296, 923, 1922, 2601]",[1571],2873,5,2868,1,4,2868,0
4.5,HUMDZA2G,"[24, 296, 631, 727, 829, 1982, 2003, 2928, 3711, 3942, 5316, 5389, 5436, 6013, 6178, 7542, 8480, 9590, 9649, 10624, 11212, 11267, 11300, 11530, 13467, 13857, 13862, 13938]","[5389, 9590]","[24, 296, 631, 727, 829, 1982, 2003, 2928, 3711, 3942, 5316, 5436, 6013, 6178, 7542, 8480, 9649, 10624, 11212, 11267, 11300, 11530, 13467, 13857, 13862, 13938]","[5389, 9590, 13183]",14687,28,14659,2,26,14658,1
4.5,HUMELAFIN,"[326, 557, 1351, 1461]",[326],"[557, 1351, 1461]",[326],1871,4,1867,1,3,1867,0
4.5,HUMEPOHYDD,"[504, 1107, 2164, 2283, 2289, 2972, 3680, 5656, 5997, 6115, 6289, 6422, 6537, 6542, 8217, 8696, 9045, 9132, 10475, 11832, 12105, 12409, 12928, 13103, 13241, 13416, 13804, 13924, 14095, 15227, 15620, 15705, 16085, 16775, 17075, 17080, 17238, 17789, 17810, 17870, 18395, 18944, 19204, 19373, 20545, 20683, 20720, 20857, 20883, 20954, 20979, 20994, 21354, 21648, 21945, 22251, 22856, 22952, 23010, 23217, 23497, 24312, 24469]","[5656, 8696, 15620, 16085, 16775, 19204, 21354]","[504, 1107, 2164, 2283, 2289, 2972, 3680, 5997, 6115, 6289, 6422, 6537, 6542, 8217, 9045, 9132, 10475, 11832, 12105, 12409, 12928, 13103, 13241, 13416, 13804, 13924, 14095, 15227, 15705, 17075, 17080, 17238, 17789, 17810, 17870, 18395, 18944, 19373, 20545, 20683, 20720, 20857, 20883, 20954, 20979, 20994, 21648, 21945, 22251, 22856, 22952, 23010, 23217, 23497, 24312, 24469]","[5656, 8696, 15620, 16085, 16775, 19204, 21354]",24783,63,24720,7,56,24720,0
4.5,HUMG0S24B,"[631, 1264]",[631],[1264],[631],3128,2,3126,1,1,3126,0
4.5,HUMG0S8PP,"[784, 942, 2152, 2682, 2826, 3036, 3170, 3768, 3840, 3932, 4113, 4646, 6236]","[2682, 3768, 3932, 4646]","[784, 942, 2152, 2826, 3036, 3170, 3840, 4113, 6236]","[2682, 3768, 3932, 4646]",7338,13,7325,4,9,7325,0
4.5,HUMGAD45A,"[724, 927, 1321, 1558, 2457, 2461, 2596, 2968, 3092, 3184, 3645, 3730, 3734, 3880, 4167, 4171, 4956]","[2596, 3184, 3645]","[724, 927, 1321, 1558, 2457, 2461, 2968, 3092, 3730, 3734, 3880, 4167, 4171, 4956]","[2596, 3184, 3645]",5371,17,5354,3,14,5354,0
4.5,HUMGARE,"[71, 322, 590, 810, 1467, 2243, 2411, 2653, 2861, 3118, 3133, 3207, 3213, 3259, 4469]","[810, 2653, 3118]","[71, 322, 590, 1467, 2243, 2411, 2861, 3133, 3207, 3213, 3259, 4469]","[810, 2239, 2653, 3118]",4747,15,4732,3,12,4731,1
4.5,HUMGCK,"[1514, 1989, 2345, 3096, 3248, 3360, 3789, 3799, 3882, 4312, 4806, 5015, 5092, 5808, 6475, 6651, 6765]","[3360, 3882, 4312, 4806, 5015, 6475]","[1514, 1989, 2345, 3096, 3248, 3789, 3799, 5092, 5808, 6651, 6765]","[1188, 3360, 3882, 4312, 4806, 5015, 5452, 5964, 6475]",7530,17,7513,6,11,7510,3
4.5,HUMGFP40H,"[910, 1058, 1173, 1846, 1943, 2593, 3126, 4025, 4290]","[910, 1058, 1173, 2593]","[1846, 1943, 3126, 4025, 4290]","[910, 1058, 1173, 2593]",4372,9,4363,4,5,4363,0
4.5,HUMGHG,"[40, 689, 1983, 2636, 2907, 3398]","[689, 1983, 2636]","[40, 2907, 3398]","[689, 1983, 2636, 3099]",4445,6,4439,3,3,4438,1
4.5,HUMGHN,"[85, 148, 434, 569, 673, 1316, 1574]","[569, 1316, 1574]","[85, 148, 434, 673]","[569, 989, 1316, 1574]",2650,7,2643,3,4,2642,1
4.5,HUMGHV,"[86, 149, 432, 566, 1328, 1351, 1584, 2485]","[566, 1328, 1584]","[86, 149, 432, 1351, 2485]","[566, 998, 1328, 1584]",2653,8,2645,3,5,2644,1
4.5,HUMGSTM4A,"[777, 1272, 1844, 2024, 2098, 2124, 2573, 2925, 3023, 3262, 3463, 4311, 4760, 4791, 4798, 4913, 5623]","[777, 2024, 3262, 3463]","[1272, 1844, 2098, 2124, 2573, 2925, 3023, 4311, 4760, 4791, 4798, 4913, 5623]","[777, 1139, 1631, 2024, 2225, 3262, 3463]",6075,17,6058,4,13,6055,3
4.5,HUMHMGIY,"[720, 1075, 1472, 1557, 2388, 2558, 3280, 3749, 3875, 3983, 4529, 4627, 4660, 5150, 5496, 6274, 6422, 6544, 6687, 7016, 7102, 7133, 7166, 7270, 7274, 7420, 7449, 7962, 8043, 8361, 9286, 9390, 9424, 9791, 10022]","[4660, 6544, 7270]","[720, 1075, 1472, 1557, 2388, 2558, 3280, 3749, 3875, 3983, 4529, 4627, 5150, 5496, 6274, 6422, 6687, 7016, 7102, 7133, 7166, 7274, 7420, 7449, 7962, 8043, 8361, 9286, 9390, 9424, 9791, 10022]","[4660, 6544, 7270]",10103,35,10068,3,32,10068,0
4.5,HUMHOX13G,"[336, 380, 503, 2576, 2796]",[],"[336, 380, 503, 2576, 2796]",[811],3064,5,3059,0,5,3058,1
4.5,HUMHPARS1,"[967, 1046, 1300, 2005, 2632, 3020, 3855, 4015, 4744, 5577, 5730, 6373, 6948, 7692, 7696, 8703, 8728, 9344, 9570, 9649, 9904, 10183, 10607, 11385]","[1046, 2632, 3020, 3855, 4744, 5577]","[967, 1300, 2005, 4015, 5730, 6373, 6948, 7692, 7696, 8703, 8728, 9344, 9570, 9649, 9904, 10183, 10607, 11385]","[1046, 2632, 3020, 3855, 4744, 5577]",11544,24,11520,6,18,11520,0
4.5,HUMIBP3,"[1260, 1284, 1409, 1556, 1685, 1701, 2441, 2457, 2584, 2715, 2845, 2935, 3142, 3149, 3356, 3924, 3984, 4247, 4304, 4358, 4406, 4924, 6617, 7687, 8353, 8677]","[2441, 6617]","[1260, 1284, 1409, 1556, 1685, 1701, 2457, 2584, 2715, 2845, 2935, 3142, 3149, 3356, 3924, 3984, 4247, 4304, 4358, 4406, 4924, 7687, 8353, 8677]","[2441, 5953, 6617]",10877,26,10851,2,24,10850,1
4.5,HUMIDS,"[1972, 2038, 2248, 2376, 3243, 3321, 4119, 4174, 4778, 4865, 5244, 5385, 5446, 5850, 5864, 6071, 6178, 8086, 8364, 9161, 9282, 9391, 9965, 10120, 10877, 11136, 11158, 11397, 11401, 12302, 12329, 14418, 14655, 14702, 15210, 15879, 15901, 18130, 18552, 18689, 18976, 21250, 21311, 21624, 21930, 22369, 22809, 23494, 24724, 25810, 25819, 28973, 29400, 29441, 29518, 29555, 29710, 30410, 30535, 31004, 31147, 31168, 32099, 33900, 34107, 34645, 35626, 35761, 35777, 35958]","[2038, 5244, 8086, 15879]","[1972, 2248, 2376, 3243, 3321, 4119, 4174, 4778, 4865, 5385, 5446, 5850, 5864, 6071, 6178, 8364, 9161, 9282, 9391, 9965, 10120, 10877, 11136, 11158, 11397, 11401, 12302, 12329, 14418, 14655, 14702, 15210, 15901, 18130, 18552, 18689, 18976, 21250, 21311, 21624, 21930, 22369, 22809, 23494, 24724, 25810, 25819, 28973, 29400, 29441, 29518, 29555, 29710, 30410, 30535, 31004, 31147, 31168, 32099, 33900, 34107, 34645, 35626, 35761, 35777, 35958]","[1160, 2038, 2882, 5244, 8086, 9847, 15879, 19268]",36838,70,36768,4,66,36764,4
4.5,HUMIGERA,"[68, 1072, 1089, 1342, 1601, 1797, 2173, 2574, 3105, 4527, 4792, 5168]","[1342, 1797, 3105, 5168]","[68, 1072, 1089, 1601, 2173, 2574, 4527, 4792]","[1342, 1797, 3105, 5168]",7652,12,7640,4,8,7640,0
4.5,HUMIL2RGA,"[28, 231, 772, 817, 840, 1232, 1476, 1646, 1957, 1980, 2162, 2683, 3031, 3126, 3353, 4026]","[1476, 3031, 3353]","[28, 231, 772, 817, 840, 1232, 1646, 1957, 1980, 2162, 2683, 3126, 4026]","[203, 735, 1128, 1476, 2402, 3031, 3353]",4031,16,4015,3,13,4011,4
4.5,HUMIL4A,"[59, 67, 189, 328, 491, 1306, 1626, 3234, 3254, 6557, 7003, 7433, 7514, 7981, 8135, 8407, 8466, 8512, 9369, 9400, 9622]","[1306, 1626, 7003]","[59, 67, 189, 328, 491, 3234, 3254, 6557, 7433, 7514, 7981, 8135, 8407, 8466, 8512, 9369, 9400, 9622]","[1306, 1626, 7003]",9893,21,9872,3,18,9872,0
4.5,HUMIRBPG,"[786, 1819, 1823, 2776, 3181, 3221, 3550, 4672, 5069, 5157, 5340, 6592, 7160, 7261, 8440, 9262]","[3181, 5157, 7160]","[786, 1819, 1823, 2776, 3221, 3550, 4672, 5069, 5340, 6592, 7261, 8440, 9262]","[3181, 5157, 7160]",9704,16,9688,3,13,9688,0
4.5,HUMLHDC,"[166, 1727, 1763, 3070, 3735, 4925, 5561, 6016, 6257, 7415, 7475, 8728, 8890, 8992, 9773, 10512, 10795, 11183, 11221, 11774, 12252, 12354, 13017, 13087, 13182, 14169, 14605, 14811, 15584, 16409, 16774, 17363, 18253, 18382, 18464, 18782, 18855, 18932, 19312, 19921, 19951, 20075, 20118, 20143, 20300, 20482, 21206, 22046, 22090, 22140, 22928, 23463, 24767, 25233, 25563, 27699, 28034, 28067, 28493, 28499, 28671, 29151, 30408, 30438, 31819, 32156]","[7415, 9773, 14605, 15584, 18382, 18782, 19312, 20300, 20482]","[166, 1727, 1763, 3070, 3735, 4925, 5561, 6016, 6257, 7475, 8728, 8890, 8992, 10512, 10795, 11183, 11221, 11774, 12252, 12354, 13017, 13087, 13182, 14169, 14811, 16409, 16774, 17363, 18253, 18464, 18855, 18932, 19921, 19951, 20075, 20118, 20143, 21206, 22046, 22090, 22140, 22928, 23463, 24767, 25233, 25563, 27699, 28034, 28067, 28493, 28499, 28671, 29151, 30408, 30438, 31819, 32156]","[7415, 9773, 14605, 15584, 18382, 18782, 19312, 20300, 20482, 24666, 29773]",32344,66,32278,9,57,32276,2
4.5,HUMLUCT,"[108, 1550, 2505, 2861]","[1550, 2505, 2861]",[108],"[1550, 2505, 2861]",3289,4,3285,3,1,3285,0
4.5,HUMLYTOXBB,"[1235, 1357, 1361, 2157, 2202, 2657, 2734, 2934, 3207, 3330, 3376, 3631, 4333, 4477, 5291, 5345, 5349, 5530, 6032]","[2934, 3376, 3631]","[1235, 1357, 1361, 2157, 2202, 2657, 2734, 3207, 3330, 4333, 4477, 5291, 5345, 5349, 5530, 6032]","[2934, 3376, 3631]",6298,19,6279,3,16,6279,0
4.5,HUMMCHEMP,"[159, 674, 812, 1077, 1590]","[674, 1590]","[159, 812, 1077]","[674, 1590]",2758,5,2753,2,3,2753,0
4.5,HUMMET2,"[866, 1233]","[866, 1233]",[],"[866, 1233]",1696,2,1694,2,0,1694,0
4.5,HUMMGPA,"[845, 1628, 2515, 3516, 3748, 4493, 6334, 7617]","[3516, 6334]","[845, 1628, 2515, 3748, 4493, 7617]","[3516, 5093, 6334]",7727,8,7719,2,6,7718,1
4.5,HUMMIF,"[700, 753, 912, 1643]",[1643],"[700, 753, 912]","[1281, 1643]",2160,4,2156,1,3,2155,1
4.5,HUMMIS,"[623, 669, 778, 1358, 1489, 1639, 1887]","[623, 1358, 1639, 1887]","[669, 778, 1489]","[623, 1358, 1639, 1887]",3093,7,3086,4,3,3086,0
4.5,HUMMKXX,"[870, 1168, 1264, 1415, 1574, 1737, 1887, 2202, 2463, 2985, 3142, 3172, 3194]","[1415, 1737]","[870, 1168, 1264, 1574, 1887, 2202, 2463, 2985, 3142, 3172, 3194]","[1415, 1737, 2019]",3301,13,3288,2,11,3287,1
4.5,HUMNKG5PRO,"[298, 843, 1055, 1505, 1644, 1896, 2262, 2639, 2715, 2915, 3215, 3283, 3314, 3848, 3982, 4048, 5468, 6599]","[2262, 3215, 3848, 5468]","[298, 843, 1055, 1505, 1644, 1896, 2639, 2715, 2915, 3283, 3314, 3982, 4048, 6599]","[2262, 3215, 3848, 5468]",6739,18,6721,4,14,6721,0
4.5,HUMNTRI,"[1247, 2145, 2412, 2802, 3141, 3151]",[2802],"[1247, 2145, 2412, 3141, 3151]",[2802],3703,6,3697,1,5,3697,0
4.5,HUMNTRIII,"[1247, 2145, 2412, 2802, 3141, 3151]",[2802],"[1247, 2145, 2412, 3141, 3151]",[2802],3703,6,3697,1,5,3697,0
4.5,HUMOSTP,"[214, 970, 1549, 2162, 2358, 3054, 3509, 3657, 4738, 6004, 6327, 6420, 6480, 6986, 7897, 8035, 8349, 8520, 8832, 9372, 10025, 10776]","[3509, 3657, 6986, 8349]","[214, 970, 1549, 2162, 2358, 3054, 4738, 6004, 6327, 6420, 6480, 7897, 8035, 8520, 8832, 9372, 10025, 10776]","[3509, 3657, 6679, 6986, 8349]",10731,22,10709,4,18,10708,1
4.5,HUMPAP,"[1012, 1410, 1495, 1970, 2089, 3167, 3342, 4164]","[1410, 2089, 3167]","[1012, 1495, 1970, 3342, 4164]","[1410, 2089, 2414, 3167]",4490,8,4482,3,5,4481,1
4.5,HUMPCI,"[312, 1538, 2078, 2226, 2298, 2586, 2784, 2812, 2930, 3129, 3307, 3575, 4697, 4859, 5210, 5543, 7199, 8384, 8568, 8664, 8725, 9209, 9603, 9964, 11275, 11483, 12792, 14117, 14121, 14247, 15064, 15146]","[8568, 11483]","[312, 1538, 2078, 2226, 2298, 2586, 2784, 2812, 2930, 3129, 3307, 3575, 4697, 4859, 5210, 5543, 7199, 8384, 8664, 8725, 9209, 9603, 9964, 11275, 12792, 14117, 14121, 14247, 15064, 15146]","[8568, 10898, 11483]",15564,32,15532,2,30,15531,1
4.5,HUMPEM,"[693, 700, 789, 934, 948, 1033, 1537, 2266, 2421, 2614, 2707, 2973, 3203, 3297, 3314, 3590, 3745, 3904, 3921]","[934, 2266, 2421, 2707, 2973, 3203]","[693, 700, 789, 948, 1033, 1537, 2614, 3297, 3314, 3590, 3745, 3904, 3921]","[934, 2266, 2421, 2707, 2973, 3203]",4236,19,4217,6,13,4217,0
4.5,HUMPEPYYA,"[647, 727, 766, 1201, 1307, 1537, 1699, 1824, 2196, 2243, 2254]",[1201],"[647, 727, 766, 1307, 1537, 1699, 1824, 2196, 2243, 2254]","[1201, 1388]",2371,11,2360,1,10,2359,1
4.5,HUMPF4V1A,"[11, 199, 381, 826]","[381, 826]","[11, 199]","[381, 826]",1461,4,1457,2,2,1457,0
4.5,HUMPHOSA,"[233, 312, 425, 850, 1300, 1494, 1555, 1713, 1810, 2185, 3209, 3729, 4516]","[233, 850, 1494, 1810, 3209, 3729]","[312, 425, 1300, 1555, 1713, 2185, 4516]","[233, 850, 1494, 1810, 2323, 2988, 3209, 3729]",4885,13,4872,6,7,4870,2
4.5,HUMPRCA,"[130, 498, 684, 1048, 1687, 2201, 2304, 2309, 2354, 3181, 3438, 3703, 3856, 4175, 4778, 5118, 5348, 5452, 5512, 5585, 6648, 6777, 7822, 7994, 8396, 8524, 8584, 9620, 10055, 10977, 10987, 11461]","[2201, 5118, 5348, 5585, 8396]","[130, 498, 684, 1048, 1687, 2304, 2309, 2354, 3181, 3438, 3703, 3856, 4175, 4778, 5452, 5512, 6648, 6777, 7822, 7994, 8524, 8584, 9620, 10055, 10977, 10987, 11461]","[2201, 3631, 5118, 5348, 5585, 8396, 9387]",11718,32,11686,5,27,11684,2
4.5,HUMPREELAS,"[253, 596, 826, 1619, 1729]",[596],"[253, 826, 1619, 1729]",[596],2293,5,2288,1,4,2288,0
4.5,HUMPRPHX,"[71, 963, 1143, 1475, 1551, 1838, 2127, 2502, 2550, 2869, 3173, 3322, 3633, 4225]","[1838, 2127, 2869, 3173, 3322, 3633]","[71, 963, 1143, 1475, 1551, 2502, 2550, 4225]","[1346, 1838, 2127, 2652, 2869, 3173, 3322, 3633]",4525,14,4511,6,8,4509,2
4.5,HUMRCC1,"[108, 246, 486, 638, 654, 1017, 1608, 2437, 2711, 4304, 4379, 4555, 4654, 4681, 4733, 4737, 5210, 5479, 5545, 5741, 6493, 7271, 10178, 11134, 11415, 12573, 12731, 13360, 13819, 14368, 14604, 14697, 14702, 15108, 15440, 15532, 16316, 16526, 16574, 16836, 17556, 18348, 18716, 19855, 20442, 20918, 22033, 22205, 22579, 23423, 23725, 24194, 24201, 26108, 26218, 26579, 26701, 26808, 26989, 28010, 28244, 28523, 28793, 28893, 29247, 29419, 29766, 30235, 30648, 31672, 32040, 33278, 34481]","[24201, 26218, 26579, 28010, 28244, 28893, 29247, 29766]","[108, 246, 486, 638, 654, 1017, 1608, 2437, 2711, 4304, 4379, 4555, 4654, 4681, 4733, 4737, 5210, 5479, 5545, 5741, 6493, 7271, 10178, 11134, 11415, 12573, 12731, 13360, 13819, 14368, 14604, 14697, 14702, 15108, 15440, 15532, 16316, 16526, 16574, 16836, 17556, 18348, 18716, 19855, 20442, 20918, 22033, 22205, 22579, 23423, 23725, 24194, 26108, 26701, 26808, 26989, 28523, 28793, 29419, 30235, 30648, 31672, 32040, 33278, 34481]","[24201, 26218, 26579, 28010, 28244, 28893, 29247, 29766]",34634,73,34561,8,65,34561,0
4.5,HUMREGHOM,"[52, 274, 684, 1170, 1419, 1864, 1909, 2739, 2825]","[684, 1419, 1864, 2739]","[52, 274, 1170, 1909, 2825]","[684, 1419, 1864, 2739]",3404,9,3395,4,5,3395,0
4.5,HUMROD1X,"[1146, 1242, 1876, 2227, 2343, 2695, 2720]","[1242, 1876]","[1146, 2227, 2343, 2695, 2720]","[1242, 1876]",2834,7,2827,2,5,2827,0
4.5,HUMRPIB2,"[472, 510, 899, 1121, 1531, 2017, 2268, 2713, 2758, 3588, 3674]","[1531, 2268, 2713, 3588]","[472, 510, 899, 1121, 2017, 2758, 3674]","[1531, 2268, 2713, 3588]",4330,11,4319,4,7,4319,0
4.5,HUMRPS6B,"[359, 363, 1168, 1543, 1838, 2178, 2651, 3072, 3893, 4051, 4432, 4838]","[359, 1838, 2178, 4051]","[363, 1168, 1543, 2651, 3072, 3893, 4432, 4838]","[359, 1059, 1838, 2178, 4051]",4967,12,4955,4,8,4954,1
4.5,HUMSEMI,"[578, 793, 806, 975, 1583, 2547, 2682, 2979, 3074, 3496]",[793],"[578, 806, 975, 1583, 2547, 2682, 2979, 3074, 3496]",[793],4157,10,4147,1,9,4147,0
4.5,HUMSEMIIB,"[493, 1298, 1316, 1389, 2515, 2616, 3511, 3769, 4271, 4486, 4499, 4660, 4667, 5275, 5328, 5820, 6304, 6446, 7146, 7527, 7944]",[4486],"[493, 1298, 1316, 1389, 2515, 2616, 3511, 3769, 4271, 4499, 4660, 4667, 5275, 5328, 5820, 6304, 6446, 7146, 7527, 7944]",[4486],8217,21,8196,1,20,8196,0
4.5,HUMSTATH2,"[353, 911, 1140, 1197, 1553, 1675, 2025, 2403, 2627, 2848]","[353, 1553, 1675]","[911, 1140, 1197, 2025, 2403, 2627, 2848]","[353, 1553, 1675]",4716,10,4706,3,7,4706,0
4.5,HUMTBGA,"[854, 1021, 1646, 2681, 3355, 4941, 5164, 5231, 5236, 5475, 5530, 5879, 6296, 6314, 6841, 7144, 7395, 7960, 8362]","[4941, 7144]","[854, 1021, 1646, 2681, 3355, 5164, 5231, 5236, 5475, 5530, 5879, 6296, 6314, 6841, 7395, 7960, 8362]","[4941, 6265, 7144]",8762,19,8743,2,17,8742,1
4.5,HUMTCRBRA,[278],[278],[],[278],729,1,728,1,0,728,0
4.5,HUMTHROMA,"[159, 787, 800, 1277, 1985, 2344, 2384, 2717, 4266, 4394, 4817, 5134, 5715]","[1985, 2344, 2717, 4817]","[159, 787, 800, 1277, 2384, 4266, 4394, 5134, 5715]","[1985, 2344, 2717, 4817]",6156,13,6143,4,9,6143,0
4.5,HUMTNP2SS,"[80, 86, 177, 658, 673]",[658],"[80, 86, 177, 673]",[658],1775,5,1770,1,4,1770,0
4.5,HUMTPALBU,"[313, 1621, 1708, 2692, 2741, 3781, 4361, 4587, 4707, 4720, 5992, 6086]","[1621, 2741, 4361]","[313, 1708, 2692, 3781, 4587, 4707, 4720, 5992, 6086]","[1094, 1621, 2741, 3425, 4361]",6165,12,6153,3,9,6151,2
4.5,HUMTRHYAL,"[201, 562, 1120, 1645, 2232, 2340, 6019, 6556, 7415]",[1645],"[201, 562, 1120, 2232, 2340, 6019, 6556, 7415]",[1645],9544,9,9535,1,8,9535,0
4.5,HUMTSHB2,"[187, 780]",[187],[780],[187],979,2,977,1,1,977,0
4.5,HUMV2R,"[261, 1366, 1507, 2128]","[261, 1507]","[1366, 2128]","[261, 1507]",2275,4,2271,2,2,2271,0
4.5,HYPSCGH,"[41, 806, 889, 1039, 1624]","[41, 1039, 1624]","[806, 889]","[41, 451, 1039, 1624]",2477,5,2472,3,2,2471,1
4.5,LAYEGLOBIN,"[222, 238, 537, 584, 1185, 1197, 1373]","[238, 584]","[222, 537, 1185, 1197, 1373]","[238, 584]",1695,7,1688,2,5,1688,0
4.5,LEBGLOB,"[94, 142, 157, 1501, 1539, 1561, 1663, 1791, 1926, 2206, 3171]",[1926],"[94, 142, 157, 1501, 1539, 1561, 1663, 1791, 2206, 3171]","[1577, 1926]",3639,11,3628,1,10,3627,1
4.5,LNOEGLOBIN,"[220, 236, 540, 587, 603, 1185, 1197]","[236, 587]","[220, 540, 603, 1185, 1197]","[236, 587]",1691,7,1684,2,5,1684,0
4.5,MACHBGA1,"[283, 457, 495, 841, 1370]","[495, 841]","[283, 457, 1370]","[495, 841]",2098,5,2093,2,3,2093,0
4.5,MACHBGA2,"[281, 455, 493, 839, 1367]","[493, 839]","[281, 455, 1367]","[493, 839]",2101,5,2096,2,3,2096,0
4.5,MAMGLUTRA,"[484, 663, 1627, 1718, 2152, 2406, 2745, 2938, 3175, 4252, 4967, 4974, 5131, 5213]","[484, 1627, 2745, 2938]","[663, 1718, 2152, 2406, 3175, 4252, 4967, 4974, 5131, 5213]","[484, 821, 1255, 1627, 1819, 2745, 2938]",6288,14,6274,4,10,6271,3
4.5,MAU09941,"[11, 613, 1031, 1166, 1803, 1830, 1846, 2427, 2667, 3134]",[1830],"[11, 613, 1031, 1166, 1803, 1846, 2427, 2667, 3134]",[1830],3799,10,3789,1,9,3789,0
4.5,MFAPOA2A,"[133, 226, 379, 587, 785, 1422]","[379, 785]","[133, 226, 587, 1422]","[379, 785]",1490,6,1484,2,4,1484,0
4.5,MFAPOC3A,"[232, 642, 1239, 2232, 2384]",[],"[232, 642, 1239, 2232, 2384]","[913, 1172]",3255,5,3250,0,5,3248,2
4.5,MMA2IXCOA,"[798, 859, 878, 1383, 1439, 1757, 1812, 1866, 1881, 3132, 4386, 5665, 5682, 5831, 6266, 6355, 6635, 6930, 7102, 7250, 7371, 7472, 7658, 7684, 8064, 8216, 8539, 8882, 9209, 9322, 9467, 9609, 9626, 10270, 10304, 10930, 11426, 11611, 13033, 13111, 13447, 13609, 13726, 14575, 15021, 15338, 15597, 15933, 16114, 16240, 16522, 16811, 17106, 17275, 18283]","[3132, 4386, 5682, 5831, 7102, 7250, 7371, 7684, 8064, 8216, 8539, 8882, 9322, 9467, 9626, 13033, 13447, 13726, 14575, 15021, 15338, 15597, 15933, 16114, 16240, 16522, 16811, 17275]","[798, 859, 878, 1383, 1439, 1757, 1812, 1866, 1881, 5665, 6266, 6355, 6635, 6930, 7472, 7658, 9209, 9609, 10270, 10304, 10930, 11426, 11611, 13111, 13609, 17106, 18283]","[3132, 4386, 5682, 5831, 7102, 7250, 7371, 7684, 8064, 8216, 8401, 8539, 8882, 9322, 9467, 9626, 13033, 13447, 13726, 14575, 15021, 15338, 15597, 15746, 15933, 16114, 16240, 16522, 16811, 17275, 17647]",19472,55,19417,28,27,19414,3
4.5,MMACLGNA,"[474, 499, 918, 1458, 1499, 2537, 2666, 3107, 3178]","[474, 3178]","[499, 918, 1458, 1499, 2537, 2666, 3107]","[474, 3178]",3874,9,3865,2,7,3865,0
4.5,MMAPOG,"[143, 265, 536, 806, 1186, 1456, 2056]","[536, 806]","[143, 265, 1186, 1456, 2056]","[536, 806]",2169,7,2162,2,5,2162,0
4.5,MMASM1G,"[1088, 2928, 3245, 3367, 3599, 3619, 3745]","[1088, 2928, 3245, 3745]","[3367, 3599, 3619]","[1088, 2244, 2928, 3245, 3745]",4768,7,4761,4,3,4760,1
4.5,MMCASEIB,"[2857, 4901, 4916, 5615, 5877, 6252, 6603, 6611, 6932, 7023, 7160, 7964, 8222, 9803, 10443, 11712, 11758, 11838, 12928, 13000]","[6252, 7023, 7160, 9803]","[2857, 4901, 4916, 5615, 5877, 6603, 6611, 6932, 7964, 8222, 10443, 11712, 11758, 11838, 12928, 13000]","[6252, 7023, 7160, 8126, 8252, 9803]",13047,20,13027,4,16,13025,2
4.5,MMCD24A,"[233, 477, 1126, 1969, 2486, 3805, 3949, 5478, 6430, 6441, 7063, 7475]",[2486],"[233, 477, 1126, 1969, 3805, 3949, 5478, 6430, 6441, 7063, 7475]",[2486],7635,12,7623,1,11,7623,0
4.5,MMCFOS,"[99, 844, 1850, 2162, 2363, 3414]","[844, 1850, 2363]","[99, 2162, 3414]","[844, 1850, 2363]",3960,6,3954,3,3,3954,0
4.5,MMCOL10A,"[216, 560, 1070, 1193, 1518, 1802, 1964, 2931, 3918, 4222, 4716, 4974, 5105, 5660, 6146, 6371, 6407, 6704, 7009, 7059, 7101, 7192, 7282, 7335, 9284, 9322]",[1802],"[216, 560, 1070, 1193, 1518, 1964, 2931, 3918, 4222, 4716, 4974, 5105, 5660, 6146, 6371, 6407, 6704, 7009, 7059, 7101, 7192, 7282, 7335, 9284, 9322]",[1802],9324,26,9298,1,25,9298,0
4.5,MMCRPG,"[375, 929]",[375],[929],[375],2133,2,2131,1,1,2131,0
4.5,MMCYTOKNA,"[810, 1123, 1580, 1881]",[810],"[1123, 1580, 1881]","[810, 1559]",2552,4,2548,1,3,2547,1
4.5,MMDM2RR,"[665, 854, 878, 1651, 1846, 2407, 2702, 3262, 3378, 3701, 3962, 4028, 4663, 4925, 5134, 6030, 6048]","[665, 854, 1651, 2702, 3701, 3962, 4925, 5134]","[878, 1846, 2407, 3262, 3378, 4028, 4663, 6030, 6048]","[665, 854, 1305, 1651, 2702, 3701, 3962, 4925, 5134]",6633,17,6616,8,9,6615,1
4.5,MMDNAASFA,"[542, 855, 918, 1497, 1576, 2357, 2406, 3306, 3558]","[855, 1576, 2357]","[542, 918, 1497, 2406, 3306, 3558]","[855, 1241, 1576, 1823, 2135, 2357, 2695]",4311,9,4302,3,6,4298,4
4.5,MMEZGL,"[589, 637, 802, 910, 1167, 1276, 1599]","[589, 1599]","[637, 802, 910, 1167, 1276]","[589, 1599]",1947,7,1940,2,5,1940,0
4.5,MMG37,"[265, 336, 348, 788, 2119, 2363, 2570, 2771, 2788]","[788, 2119, 2363, 2570]","[265, 336, 348, 2771, 2788]","[332, 788, 1303, 2119, 2363, 2570]",3066,9,3057,4,5,3055,2
4.5,MMGBCRYA,"[671, 1003, 1718, 2261, 2662]","[671, 1003]","[1718, 2261, 2662]","[671, 1003]",2655,5,2650,2,3,2650,0
4.5,MMGCCRYA,"[721, 1056, 1430, 1716, 1790, 1807, 2488, 2655]","[721, 1056]","[1430, 1716, 1790, 1807, 2488, 2655]","[721, 1056]",2885,8,2877,2,6,2877,0
4.5,MMGFAPD,"[108, 1901, 2449, 2760, 2995, 3473, 3660, 4335, 5452, 7117, 7253, 7902, 7907, 8227, 9093, 9788]","[1901, 2995, 4335, 5452, 7907]","[108, 2449, 2760, 3473, 3660, 7117, 7253, 7902, 8227, 9093, 9788]","[713, 1624, 1901, 2995, 3906, 4335, 5452, 7907]",9964,16,9948,5,11,9945,3
4.5,MMGGLINE,"[204, 1465, 1487, 2076, 2250, 2288, 2634, 3162, 4417, 4429, 4813, 4949, 6352, 6374, 6955, 7129, 7167, 7513, 8041, 8852, 9179, 10420, 10982]","[7167, 7513]","[204, 1465, 1487, 2076, 2250, 2288, 2634, 3162, 4417, 4429, 4813, 4949, 6352, 6374, 6955, 7129, 8041, 8852, 9179, 10420, 10982]","[7167, 7513]",11279,23,11256,2,21,11256,0
4.5,MMGK5,"[244, 695, 1805, 1890, 2626, 2825, 2850, 3525]","[695, 1805, 2825]","[244, 1890, 2626, 2850, 3525]","[695, 1805, 2595, 2825]",3603,8,3595,3,5,3594,1
4.5,MMH2D4Q5,"[159, 644]","[159, 644]",[],"[159, 644]",1101,2,1099,2,0,1099,0
4.5,MMHOX13,"[325, 369, 492, 800, 1037, 1570, 1651, 2407, 2583, 2798]",[800],"[325, 369, 492, 1037, 1570, 1651, 2407, 2583, 2798]",[800],2828,10,2818,1,9,2818,0
4.5,MMHOX24I,"[705, 837, 1160, 1264]",[837],"[705, 1160, 1264]",[837],1916,4,1912,1,3,1912,0
4.5,MMIL1BG,"[572, 1356, 1567, 1803, 1938, 4398, 5080, 5679]","[1356, 1938, 4398, 5679]","[572, 1567, 1803, 5080]","[1356, 1938, 3680, 4398, 5679]",7093,8,7085,4,4,7084,1
4.5,MMIL3G,"[129, 469, 686, 824, 1913, 2090, 2583]","[686, 824, 1913, 2090]","[129, 469, 2583]","[686, 824, 1913, 2090]",3483,7,3476,4,3,3476,0
4.5,MMIL5G,"[731, 980, 1593, 1625, 2262, 2448, 2708, 2874, 3597, 4806, 5303, 5441, 5742]","[731, 1593, 3597]","[980, 1625, 2262, 2448, 2708, 2874, 4806, 5303, 5441, 5742]","[731, 1593, 3597]",6720,13,6707,3,10,6707,0
4.5,MMKFGF,"[542, 693, 976, 1045, 1337, 1556, 2484, 2561, 2886, 3185]","[542, 1045]","[693, 976, 1337, 1556, 2484, 2561, 2886, 3185]","[542, 1045]",3982,10,3972,2,8,3972,0
4.5,MMLDHAG,"[105, 1180, 1906, 2132, 2186, 2429, 2774, 3295, 4167, 4377, 4577, 4824, 5333, 6038, 6042, 7171, 7208, 7338, 7668, 7780, 7959, 8206, 8280, 8315, 8402, 8414, 8597, 8833, 8981, 9999, 10704, 11532]","[4577, 7171, 7668, 8597, 10704]","[105, 1180, 1906, 2132, 2186, 2429, 2774, 3295, 4167, 4377, 4824, 5333, 6038, 6042, 7208, 7338, 7780, 7959, 8206, 8280, 8315, 8402, 8414, 8833, 8981, 9999, 11532]","[4577, 5919, 7171, 7668, 8597, 10704]",12844,32,12812,5,27,12811,1
4.5,MMMMP9A,"[880, 1476, 1890, 2008, 2375, 2781, 3064, 3418, 3945, 4206, 4321, 4492, 4864, 5695, 5716, 6356, 6564, 7752, 7954]","[2008, 2375, 2781, 3064, 3418, 3945, 4206, 5695, 6356, 6564]","[880, 1476, 1890, 4321, 4492, 4864, 5716, 7752, 7954]","[1341, 2008, 2375, 2781, 3064, 3418, 3945, 4206, 5695, 5936, 6356, 6564]",8183,19,8164,10,9,8162,2
4.5,MMMRPS24,"[404, 670, 1196, 1460, 2253, 2669, 2987, 3137, 3263, 3713, 3934, 5070]","[404, 1460, 3137]","[670, 1196, 2253, 2669, 2987, 3263, 3713, 3934, 5070]","[404, 1460, 1761, 3137]",5492,12,5480,3,9,5479,1
4.5,MMMTIX,"[402, 706, 951, 1355]","[402, 951]","[706, 1355]","[402, 951]",1553,4,1549,2,2,1549,0
4.5,MMMUPBS6,"[731, 1203, 1614, 1901, 2045, 2425, 3236, 3445]","[731, 1203, 2045, 3236]","[1614, 1901, 2425, 3445]","[731, 1203, 2045, 2793, 3236]",4615,8,4607,4,4,4606,1
4.5,MMMYCL,"[580, 806, 919, 1615, 1787, 2042, 2419, 4161, 4673, 4970, 6484, 6619, 6752, 7477, 7565, 8161]",[1787],"[580, 806, 919, 1615, 2042, 2419, 4161, 4673, 4970, 6484, 6619, 6752, 7477, 7565, 8161]",[1787],8309,16,8293,1,15,8293,0
4.5,MMNFMG,"[50, 97, 120, 638, 1634, 2540, 4409, 4448, 4619, 4798, 4804, 4855, 5044]","[1634, 2540]","[50, 97, 120, 638, 4409, 4448, 4619, 4798, 4804, 4855, 5044]","[1634, 2540]",5464,13,5451,2,11,5451,0
4.5,MMNMYC,"[869, 1163, 1210, 1355, 1609, 3549, 3661]",[1163],"[869, 1210, 1355, 1609, 3549, 3661]",[1163],4800,7,4793,1,6,4793,0
4.5,MMNUCLEO,"[184, 669, 784, 863, 2042, 3040, 3141, 3984, 4071, 4293, 4464, 4729, 4879, 5198, 5605, 5879, 6230, 6234, 6530, 6879, 8122, 8304, 8614, 8928, 9050, 9881, 10179, 10436, 10506, 11016]","[2042, 3141, 4293, 4879, 5198, 6230, 8122, 9050, 9881, 10436]","[184, 669, 784, 863, 3040, 3984, 4071, 4464, 4729, 5605, 5879, 6234, 6530, 6879, 8304, 8614, 8928, 10179, 10506, 11016]","[2042, 3141, 4293, 4694, 4879, 5198, 6230, 7517, 8122, 8738, 9050, 9881, 10436]",11471,30,11441,10,20,11438,3
4.5,MMODC2,"[124, 331, 737, 1053, 1374, 1557, 2073, 2508, 2523, 2702, 2999, 3433, 4219]","[331, 737, 1053, 1374, 1557, 2508, 2702, 2999]","[124, 2073, 2523, 3433, 4219]","[331, 737, 1053, 1374, 1557, 1801, 2508, 2702, 2999]",4253,13,4240,8,5,4239,1
4.5,MMOESTEOP,"[510, 993, 1127, 1662, 1666, 2605, 2609, 2821, 4101, 4452, 4834, 5607]","[993, 1127, 2821, 4101]","[510, 1662, 1666, 2605, 2609, 4452, 4834, 5607]","[993, 1127, 2283, 2821, 4101]",5775,12,5763,4,8,5762,1
4.5,MMPO,"[324, 475, 561, 857, 1709, 1950, 2446, 3054, 3336, 3728, 3749, 4385, 4835, 5312, 5641, 5673, 6250, 6833, 6901, 7167, 7842, 8043, 8109, 8440, 8907, 9716, 9809, 9903, 10001, 10055, 10756]","[2446, 3728, 7167, 8440, 8907, 9903]","[324, 475, 561, 857, 1709, 1950, 3054, 3336, 3749, 4385, 4835, 5312, 5641, 5673, 6250, 6833, 6901, 7842, 8043, 8109, 9716, 9809, 10001, 10055, 10756]","[2193, 2446, 2948, 3503, 3728, 4018, 4769, 7167, 8440, 8907, 9903]",11906,31,11875,6,25,11870,5
4.5,MMPPSOMA,"[251, 411, 447, 562, 706, 722, 1034, 1208, 1248, 2049]",[1034],"[251, 411, 447, 562, 706, 722, 1208, 1248, 2049]",[1034],2557,10,2547,1,9,2547,0
4.5,MMPROP2,[631],[],[631],[289],713,1,712,0,1,711,1
4.5,MMPROT1,"[312, 759]",[759],[312],[759],1179,2,1177,1,1,1177,0
4.5,MMPROT2,"[361, 508, 615, 880, 1218]",[1218],"[361, 508, 615, 880]",[1218],1569,5,1564,1,4,1564,0
4.5,MMSAP,"[441, 1558]",[441],[1558],[441],1869,2,1867,1,1,1867,0
4.5,MMSCIMIP,"[415, 578, 1017, 1054]","[415, 1017]","[578, 1054]","[415, 1017]",1981,4,1977,2,2,1977,0
4.5,MMSYNDE1A,"[526, 762, 816, 1054, 1345, 1483, 1992, 2151, 2623, 3132, 4867, 5018, 5616, 5772, 6256, 6622, 6741, 7683, 7733, 7828, 7931, 8043, 8442, 9076, 9867, 10122, 10903, 11397, 11583, 11858, 12132, 12515, 13599, 13723, 13851, 14080, 14254, 14623, 14634, 14843, 15172, 15203, 15299, 15845, 16639, 16744, 16770, 17647, 17701, 18837, 19009, 19057, 19424, 19542, 19726, 19767, 20385, 20515, 20735, 20942, 21888, 22120, 22488, 22707, 22802, 23203]","[1345, 19009, 20385, 20942]","[526, 762, 816, 1054, 1483, 1992, 2151, 2623, 3132, 4867, 5018, 5616, 5772, 6256, 6622, 6741, 7683, 7733, 7828, 7931, 8043, 8442, 9076, 9867, 10122, 10903, 11397, 11583, 11858, 12132, 12515, 13599, 13723, 13851, 14080, 14254, 14623, 14634, 14843, 15172, 15203, 15299, 15845, 16639, 16744, 16770, 17647, 17701, 18837, 19057, 19424, 19542, 19726, 19767, 20515, 20735, 21888, 22120, 22488, 22707, 22802, 23203]","[1345, 19009, 20385, 20942]",23593,66,23527,4,62,23527,0
4.5,MMTHY1G,"[80, 183, 616, 1009, 1156, 1833, 2181]","[80, 1009]","[183, 616, 1156, 1833, 2181]","[80, 1009]",2683,7,2676,2,5,2676,0
4.5,MMTLAC,"[299, 748, 912, 1171, 2858, 3092, 3509, 4297, 4373, 4783, 5339]","[299, 748, 1171, 3092]","[912, 2858, 3509, 4297, 4373, 4783, 5339]","[299, 748, 1171, 3092, 3338]",5250,11,5239,4,7,5238,1
4.5,MMTNFBG,"[524, 1196, 1553, 1728]",[1728],"[524, 1196, 1553]","[1728, 1911]",3212,4,3208,1,3,3207,1
4.5,MMTROPIB,"[183, 1744, 1749, 1832, 1932, 2033, 2185, 2656, 3037, 3564, 3690, 4580, 4604, 4620, 4748, 5561]","[1932, 2185, 2656, 3037, 3564, 4604]","[183, 1744, 1749, 1832, 2033, 3690, 4580, 4620, 4748, 5561]","[1697, 1932, 2185, 2656, 3037, 3564, 4604]",5684,16,5668,6,10,5667,1
4.5,MMTUM198,"[120, 347, 1849, 2818, 3098, 3313, 3587, 3818, 4180, 4220]","[2818, 3098, 3313, 3587, 3818, 4180]","[120, 347, 1849, 4220]","[1692, 2818, 3098, 3313, 3587, 3818, 4180]",4377,10,4367,6,4,4366,1
4.5,MMU01530,"[358, 636, 891, 924, 1080, 1357, 1589, 2269, 3231, 3803, 4167, 4904, 5405, 5885, 6039, 6229, 6423]",[3231],"[358, 636, 891, 924, 1080, 1357, 1589, 2269, 3803, 4167, 4904, 5405, 5885, 6039, 6229, 6423]","[3094, 3231]",6700,17,6683,1,16,6682,1
4.5,MMU02278,"[342, 1638, 1858, 2312, 2344, 3368, 3669, 3873]",[1638],"[342, 1858, 2312, 2344, 3368, 3669, 3873]",[1638],3974,8,3966,1,7,3966,0
4.5,MMU02298,"[475, 1180, 1508, 2413, 2874, 3116, 3120, 3911, 4749, 4794, 4897]","[1180, 2413]","[475, 1508, 2874, 3116, 3120, 3911, 4749, 4794, 4897]","[1180, 2413]",5852,11,5841,2,9,5841,0
4.5,MMU02884,"[668, 814, 1630, 1761, 2107, 2382, 2484, 3386, 3669, 4798, 5244, 5291, 5517, 6022, 6026, 6642, 6836, 7567, 7973]","[1630, 5244, 6836]","[668, 814, 1761, 2107, 2382, 2484, 3386, 3669, 4798, 5291, 5517, 6022, 6026, 6642, 7567, 7973]","[1630, 5244, 6836]",8758,19,8739,3,16,8739,0
4.5,MMU04056,"[186, 901, 1382, 1461, 1502, 1857, 1865, 2667, 2711, 2747, 2902, 3530, 4688, 6264, 7683, 8633, 8664, 8680, 8895, 10317, 10794, 10876, 10998, 11259, 12211, 13211, 14104, 14478, 14615, 15270, 15417, 15506, 15545, 15870, 16230, 16348, 16561, 16710, 16734, 16994, 17245, 18100, 19860, 20602, 21185]","[1382, 3530, 4688, 8895, 10317, 10876, 11259, 12211, 16230, 16561]","[186, 901, 1461, 1502, 1857, 1865, 2667, 2711, 2747, 2902, 6264, 7683, 8633, 8664, 8680, 10794, 10998, 13211, 14104, 14478, 14615, 15270, 15417, 15506, 15545, 15870, 16348, 16710, 16734, 16994, 17245, 18100, 19860, 20602, 21185]","[1382, 3530, 4688, 7979, 8895, 10317, 10876, 11259, 12211, 13491, 16230, 16561]",21711,45,21666,10,35,21664,2
4.5,MMU04827,"[105, 1649, 2280, 2512, 2767, 3551, 3555, 3684, 4281, 4301, 4969, 5286, 5444, 5675, 7133, 7369]","[3684, 4281, 4969]","[105, 1649, 2280, 2512, 2767, 3551, 3555, 4301, 5286, 5444, 5675, 7133, 7369]","[3684, 4281, 4969]",7601,16,7585,3,13,7585,0
4.5,MMU07568,"[84, 267, 482, 527]","[84, 267, 482]",[527],"[84, 267, 482]",744,4,740,3,1,740,0
4.5,MMU07808,"[61, 183, 404, 542, 547, 673, 677, 987, 1179, 1697, 1762, 2384]","[673, 1697]","[61, 183, 404, 542, 547, 677, 987, 1179, 1762, 2384]","[673, 1697]",2841,12,2829,2,10,2829,0
4.5,MMU09741,"[245, 1076, 1094, 1230, 2034]","[245, 1230]","[1076, 1094, 2034]","[245, 1230]",2845,5,2840,2,3,2840,0
4.5,MMU09964,"[375, 433, 510, 803, 857, 1295, 1299, 1968, 2317, 2490, 2680, 2697, 3428, 3448, 3796, 4303, 4607, 4657, 5091, 5726, 5730, 5754, 5793, 5977, 6240, 6890, 7525, 7760, 7962, 8162, 8601, 9017, 9311, 10372, 10429, 11246]","[1968, 3428, 4303, 4607, 7962, 8162, 8601, 9017, 9311]","[375, 433, 510, 803, 857, 1295, 1299, 2317, 2490, 2680, 2697, 3448, 3796, 4657, 5091, 5726, 5730, 5754, 5793, 5977, 6240, 6890, 7525, 7760, 10372, 10429, 11246]","[1968, 3428, 4303, 4607, 7962, 8162, 8601, 9017, 9311, 10875]",11455,36,11419,9,27,11418,1
4.5,MMU10098,"[593, 1155, 1173, 2957, 3270, 3509, 5292, 5695, 5812]","[1173, 3509]","[593, 1155, 2957, 3270, 5292, 5695, 5812]","[1173, 3509]",6118,9,6109,2,7,6109,0
4.5,MMU11054,"[185, 204, 1833, 1996, 2250]",[1996],"[185, 204, 1833, 2250]","[457, 1418, 1996]",2565,5,2560,1,4,2558,2
4.5,MMU11713,"[250, 288, 634]","[288, 634]",[250],"[288, 634]",1760,3,1757,2,1,1757,0
4.5,MMU12029,"[17, 297, 342, 381, 582, 1264, 1385, 1897]","[582, 1264]","[17, 297, 342, 381, 1385, 1897]","[582, 1264]",2256,8,2248,2,6,2248,0
4.5,MMU12273,"[38, 358, 389, 680, 1085, 1740, 1940]","[680, 1085, 1740]","[38, 358, 389, 1940]","[680, 1085, 1740]",2576,7,2569,3,4,2569,0
4.5,MMU12559,[247],[247],[],[247],919,1,918,1,0,918,0
4.5,MMU12560,"[247, 257]",[247],[257],[247],921,2,919,1,1,919,0
4.5,MMU12561,[247],[247],[],[247],917,1,916,1,0,916,0
4.5,MMU12562,[247],[247],[],[247],919,1,918,1,0,918,0
4.5,MMU12565,"[247, 396]",[247],[396],[247],1044,2,1042,1,1,1042,0
4.5,MMU13921,"[10, 162, 820, 856, 952, 1862, 1867, 2003, 2197, 2354, 3036, 3401, 3525, 3990, 4034]","[952, 2003, 2354, 3990]","[10, 162, 820, 856, 1862, 1867, 2197, 3036, 3401, 3525, 4034]","[952, 2003, 2354, 2693, 2930, 3241, 3990]",4671,15,4656,4,11,4653,3
4.5,MMU14421,"[1322, 1867, 1887, 1952, 3681, 3848, 3867, 3920, 4195, 4506, 4528, 4560, 5599, 5864]",[],"[1322, 1867, 1887, 1952, 3681, 3848, 3867, 3920, 4195, 4506, 4528, 4560, 5599, 5864]","[3668, 4237, 4502, 4814]",6255,14,6241,0,14,6237,4
4.5,MMVITRO,"[8, 725, 1025, 1425, 1861, 2054, 2071, 2693, 2718, 2826, 3755, 3812, 3820, 3855, 3863, 4355, 4941, 4985, 4996]","[2054, 2693, 4355]","[8, 725, 1025, 1425, 1861, 2071, 2718, 2826, 3755, 3812, 3820, 3855, 3863, 4941, 4985, 4996]","[1845, 2054, 2474, 2693, 3017, 3279, 4355]",4997,19,4978,3,16,4974,4
4.5,MMVPREB2,"[172, 214, 379, 930]",[379],"[172, 214, 930]",[379],1046,4,1042,1,3,1042,0
4.5,MMVPREB3,"[172, 214, 379]",[379],"[172, 214]",[379],1046,3,1043,1,2,1043,0
4.5,MNKEGLOBIM,"[221, 237, 536, 583, 1184, 1196]","[237, 583]","[221, 536, 1184, 1196]","[237, 583]",1694,6,1688,2,4,1688,0
4.5,MNKEGLOBIN,"[221, 237, 536, 583, 1182, 1194]","[237, 583]","[221, 536, 1182, 1194]","[237, 583]",1692,6,1686,2,4,1686,0
4.5,MNKHGBGGAG,"[75, 92, 249, 287, 633, 1064, 1338]","[287, 633]","[75, 92, 249, 1064, 1338]","[287, 633]",1698,7,1691,2,5,1691,0
4.5,MNPROP2,[620],[],[620],[278],697,1,696,0,1,695,1
4.5,MUS8HS20,"[257, 271, 940, 962, 1015, 1360, 1625, 2530, 2562]",[940],"[257, 271, 962, 1015, 1360, 1625, 2530, 2562]",[940],2623,9,2614,1,8,2614,0
4.5,MUSAP,"[110, 499, 810, 814, 931, 1012, 3574, 4509, 4740, 4971, 5230, 5290, 5529, 5547, 5619, 6013, 6406, 6709, 7890, 8019]","[3574, 4509, 4740, 4971, 5290, 5619, 6406, 6709]","[110, 499, 810, 814, 931, 1012, 5230, 5529, 5547, 6013, 7890, 8019]","[3574, 3815, 4034, 4509, 4740, 4971, 5290, 5619, 5952, 6406, 6709]",8087,20,8067,8,12,8064,3
4.5,MUSAP5A,"[354, 551, 651, 697, 786, 853, 1768, 2428, 2463, 2681, 2759, 3332, 3355, 4614, 5253, 6254, 6668, 6816]","[2428, 2759, 4614]","[354, 551, 651, 697, 786, 853, 1768, 2463, 2681, 3332, 3355, 5253, 6254, 6668, 6816]","[2428, 2759, 4614]",6822,18,6804,3,15,6804,0
4.5,MUSAPEX,"[300, 768, 1042, 1363, 1394, 1684, 2089, 2742, 2942]","[1684, 2089, 2742]","[300, 768, 1042, 1363, 1394, 2942]","[1684, 2089, 2742]",4035,9,4026,3,6,4026,0
4.5,MUSAPOAII,"[112, 474, 723, 1155]","[723, 1155]","[112, 474]","[723, 1155]",2953,4,2949,2,2,2949,0
4.5,MUSAPOIVA,"[588, 975, 1029, 1385, 2299, 2774, 2898]","[588, 975]","[1029, 1385, 2299, 2774, 2898]","[588, 975]",3013,7,3006,2,5,3006,0
4.5,MUSBMP4,"[336, 510, 664, 768, 1064, 1068, 2095, 2149, 2473, 2683, 2820, 2888, 2960, 3212, 3967, 4135, 4198, 4495, 4806, 5497, 5725, 6380, 7179, 7951, 8462]",[7179],"[336, 510, 664, 768, 1064, 1068, 2095, 2149, 2473, 2683, 2820, 2888, 2960, 3212, 3967, 4135, 4198, 4495, 4806, 5497, 5725, 6380, 7951, 8462]",[7179],9668,25,9643,1,24,9643,0
4.5,MUSBNP,"[336, 488, 753, 1449]","[336, 753]","[488, 1449]","[336, 753]",1461,4,1457,2,2,1457,0
4.5,MUSCD14A,"[176, 543, 777, 1122, 1454]",[176],"[543, 777, 1122, 1454]",[176],1866,5,1861,1,4,1861,0
4.5,MUSCRKNB,"[96, 460, 1440, 2245, 2455, 2796, 2829, 3842, 3862]","[2245, 2455, 2796, 3842]","[96, 460, 1440, 2829, 3862]","[1904, 2245, 2455, 2796, 3505, 3842]",4514,9,4505,4,5,4503,2
4.5,MUSCYTCOVB,"[724, 1081, 1319, 1925, 1946, 2066, 2168, 2234]","[724, 1319]","[1081, 1925, 1946, 2066, 2168, 2234]","[724, 1319, 1585]",2533,8,2525,2,6,2524,1
4.5,MUSENDOBA,"[135, 1066, 1500, 1507, 2117, 2130, 2614, 2743, 3027, 3115, 3350, 3618, 3892, 4049, 4342, 4371, 4430, 4898, 5090, 5527, 5589, 5616, 5696, 5700, 5817, 6358, 6929, 6980, 7151, 7585]","[2743, 3618, 4049, 5090, 5589]","[135, 1066, 1500, 1507, 2117, 2130, 2614, 3027, 3115, 3350, 3892, 4342, 4371, 4430, 4898, 5527, 5616, 5696, 5700, 5817, 6358, 6929, 6980, 7151, 7585]","[2743, 3618, 4049, 4853, 5090, 5589]",7872,30,7842,5,25,7841,1
4.5,MUSFAUA,"[760, 846, 925, 1249, 1253, 1496, 2068, 2124]","[1249, 1496, 2124]","[760, 846, 925, 1253, 2068]","[1249, 1496, 2124]",2843,8,2835,3,5,2835,0
4.5,MUSFERHC,"[483, 1103, 1827, 2185]","[483, 1827, 2185]",[1103],"[483, 1827, 2185]",2783,4,2779,3,1,2779,0
4.5,MUSFKBP13X,"[321, 736, 904, 928, 1070, 1556]","[321, 736, 904]","[928, 1070, 1556]","[321, 736, 904, 1282]",1574,6,1568,3,3,1567,1
4.5,MUSGAD45,"[559, 935, 1126, 1458, 1542, 1595, 1898, 2647]","[935, 1126, 1458]","[559, 1542, 1595, 1898, 2647]","[935, 1126, 1458]",3093,8,3085,3,5,3085,0
4.5,MUSGFJE,"[624, 1489]","[624, 1489]",[],"[624, 1489]",2404,2,2402,2,0,2402,0
4.5,MUSGPOAD,"[1044, 1328, 1737, 2306, 2538, 4403, 4816, 4916, 5083, 5342, 5400, 7929]","[1044, 2306, 4403, 4916]","[1328, 1737, 2538, 4816, 5083, 5342, 5400, 7929]","[1044, 2306, 4403, 4916]",8069,12,8057,4,8,8057,0
4.5,MUSHBBH0,"[163, 365, 914, 1012, 1112, 1265, 2081]","[365, 914]","[163, 1012, 1112, 1265, 2081]","[365, 914]",2128,7,2121,2,5,2121,0
4.5,MUSHBBH1,"[249, 451, 780, 1417, 1493]","[451, 780]","[249, 1417, 1493]","[451, 780]",1919,5,1914,2,3,1914,0
4.5,MUSHES1,"[355, 556, 784, 788, 1108, 1351, 1367, 1400, 1839, 2208]","[556, 784, 1108]","[355, 788, 1351, 1367, 1400, 1839, 2208]","[556, 784, 1108]",2818,10,2808,3,7,2808,0
4.5,MUSHOX35A,"[232, 612, 1715, 2007, 2577, 2661, 3150, 3519]",[],"[232, 612, 1715, 2007, 2577, 2661, 3150, 3519]",[1308],3848,8,3840,0,8,3839,1
4.5,MUSIL1RN,"[168, 512, 886, 1676, 1922, 2186, 2289, 2483, 2552, 3549, 3883, 3938, 5269]","[512, 2483, 3549]","[168, 886, 1676, 1922, 2186, 2289, 2552, 3883, 3938, 5269]","[512, 2483, 3549]",6343,13,6330,3,10,6330,0
4.5,MUSKE3A,"[21, 340, 657, 981, 1088, 1328, 1562, 1569, 1604, 1881, 2052, 2194, 3218, 3339, 3400, 3405]","[21, 3218, 3400]","[340, 657, 981, 1088, 1328, 1562, 1569, 1604, 1881, 2052, 2194, 3339, 3405]","[21, 544, 3218, 3400]",3613,16,3597,3,13,3596,1
4.5,MUSLMP7A,"[429, 487, 535, 1318, 1354, 1364, 1407, 2454, 3029, 3046, 3178]","[1318, 2454, 3029]","[429, 487, 535, 1354, 1364, 1407, 3046, 3178]","[1318, 2153, 2454, 3029, 3674]",4260,11,4249,3,8,4247,2
4.5,MUSLTA,"[530, 1207, 1632, 1807]",[1807],"[530, 1207, 1632]","[1807, 1990]",3287,4,3283,1,3,3282,1
4.5,MUSMC26,"[816, 843, 1906, 2419, 2475, 3190, 3666, 3682, 3716, 4182]","[2419, 3190]","[816, 843, 1906, 2475, 3666, 3682, 3716, 4182]","[2419, 3190, 4144]",5387,10,5377,2,8,5376,1
4.5,MUSOGC,"[113, 489]","[113, 489]",[],"[113, 290, 489]",942,2,940,2,0,939,1
4.5,MUSOGCA,"[214, 285, 866, 1043, 1242, 1495]","[866, 1043, 1242]","[214, 285, 1495]","[866, 1043, 1242]",1695,6,1689,3,3,1689,0
4.5,MUSOGCB,"[113, 290, 490]","[113, 290, 490]",[],"[113, 290, 490]",943,3,940,3,0,940,0
4.5,MUSPNMT,"[955, 1076, 1665, 1881, 2135, 2343, 2450, 2755]","[1665, 2343]","[955, 1076, 1881, 2135, 2450, 2755]","[1665, 2343]",3137,8,3129,2,6,3129,0
4.5,MUSPROTA,"[585, 1945, 2033, 2530, 2585, 3119, 3224, 3663]","[1945, 2585, 3224, 3663]","[585, 2033, 2530, 3119]","[1945, 2585, 3224, 3663]",4637,8,4629,4,4,4629,0
4.5,MUSPROTEB,"[337, 496, 594, 647, 765, 993, 1024, 1482, 2130]","[337, 594, 993]","[496, 647, 765, 1024, 1482, 2130]","[337, 594, 993, 1988]",2390,9,2381,3,6,2380,1
4.5,MUSPRPC2,"[801, 2455, 2470, 2740, 3019, 3141, 3531, 3778, 3833, 4087, 4186, 5493, 6797]",[801],"[2455, 2470, 2740, 3019, 3141, 3531, 3778, 3833, 4087, 4186, 5493, 6797]",[801],7299,13,7286,1,12,7286,0
4.5,MUSPRPMPB,"[801, 1480, 2974]",[801],"[1480, 2974]",[801],3567,3,3564,1,2,3564,0
4.5,MUSREGI,"[775, 1159, 1258, 1799, 1965, 2230, 2388, 2450, 2993]","[1159, 1799, 2230, 2993]","[775, 1258, 1965, 2388, 2450]","[1159, 1799, 2230, 2993]",3749,9,3740,4,5,3740,0
4.5,MUSREGII,"[530, 927, 1626, 1988, 2023, 3233]","[927, 1626, 1988]","[530, 2023, 3233]","[927, 1626, 1988, 3091]",3925,6,3919,3,3,3918,1
4.5,MUSROM1X,"[983, 1030, 1146, 1242, 1848, 2169, 2555, 2616, 2640]","[1242, 1848]","[983, 1030, 1146, 2169, 2555, 2616, 2640]","[1242, 1848]",2780,9,2771,2,7,2771,0
4.5,MUSRPL30,"[500, 660, 960, 1050, 1331, 1430, 1679, 2459, 3124, 3243, 3441]","[660, 1050, 2459]","[500, 960, 1331, 1430, 1679, 3124, 3243, 3441]","[660, 1050, 2459]",3469,11,3458,3,8,3458,0
4.5,MUSRPS16,"[17, 475, 758, 1868, 2005]","[1868, 2005]","[17, 475, 758]","[450, 687, 1868, 2005]",2642,5,2637,2,3,2635,2
4.5,MUSS100B,"[213, 342, 1097, 1721, 1778, 3660, 4920, 5082, 5219, 5329, 6291, 6295, 7045, 8033, 8061, 8612, 8671, 8736]",[4920],"[213, 342, 1097, 1721, 1778, 3660, 5082, 5219, 5329, 6291, 6295, 7045, 8033, 8061, 8612, 8671, 8736]",[4920],8866,18,8848,1,17,8848,0
4.5,MUSSERPROA,"[217, 1034, 1449, 2037, 2092, 2341, 2739, 3178, 3371]","[1449, 2092, 2739, 3178]","[217, 1034, 2037, 2341, 3371]","[1449, 2092, 2739, 3178]",4450,9,4441,4,5,4441,0
4.5,MUSSSATGN,"[613, 840, 1825, 2165, 2190, 2516, 2905, 3039, 3233, 3892]","[840, 2905, 3039]","[613, 1825, 2165, 2190, 2516, 3233, 3892]","[840, 1162, 1346, 2905, 3039]",4059,10,4049,3,7,4047,2
4.5,MUSTCP,"[453, 470, 1329, 1705, 1993, 2146, 2463, 2496, 2781, 3576, 3642, 4019, 4278, 4687, 6098, 6567, 7230, 7512, 7562]","[453, 1705, 1993, 4278, 4687, 6098, 7230, 7512]","[470, 1329, 2146, 2463, 2496, 2781, 3576, 3642, 4019, 6567, 7562]","[453, 1705, 1993, 3270, 3746, 4278, 4687, 6098, 6552, 7230, 7512]",9254,19,9235,8,11,9232,3
4.5,MUSTHY1,"[80, 183, 616, 1009, 1156, 1833, 2181]","[80, 1009]","[183, 616, 1156, 1833, 2181]","[80, 1009]",2683,7,2676,2,5,2676,0
4.5,MUSTLAG,"[261, 269, 705, 1155, 1314, 1573, 3260, 3494, 4788, 5201]","[705, 1155, 1573, 3494]","[261, 269, 1314, 3260, 4788, 5201]","[705, 1155, 1573, 3494, 3740]",5413,10,5403,4,6,5402,1
4.5,MUSTSHBA2,"[69, 388, 464, 830, 1045, 1255]",[464],"[69, 388, 830, 1045, 1255]",[464],1284,6,1278,1,5,1278,0
4.5,MUSY1GLOB,"[377, 690, 1066, 1224, 1249]","[377, 690]","[1066, 1224, 1249]","[377, 690]",1746,5,1741,2,3,1741,0
4.5,OABBGLOB,"[33, 192, 525, 692, 958, 1174, 1309, 2701]","[958, 1309]","[33, 192, 525, 692, 1174, 2701]","[958, 1309]",3242,8,3234,2,6,3234,0
4.5,OABCGLOB,"[33, 193, 957, 1177, 1312, 2648]","[957, 1312]","[33, 193, 1177, 2648]","[957, 1312]",3193,6,3187,2,4,3187,0
4.5,OAINIGFII1,"[740, 1165, 1588, 2106, 2199]",[740],"[1165, 1588, 2106, 2199]",[740],2386,5,2381,1,4,2381,0
4.5,OAINTL3,"[115, 674, 813, 1909, 2072, 2099]","[674, 813, 1909, 2072]","[115, 2099]","[674, 813, 1909, 2072]",2794,6,2788,4,2,2788,0
4.5,OAKRT213,"[144, 1215, 1228, 1328, 1593, 1714, 1992, 2852, 3198, 3333, 3938, 4147, 4467, 4642, 4752, 4813, 5210, 5258, 5288, 5377, 5584, 5684, 6077, 6474, 6548, 7393, 8453, 8502, 8931, 9083, 9294, 9316]","[3198, 4147, 4813, 5288, 5684, 6077, 6548, 7393]","[144, 1215, 1228, 1328, 1593, 1714, 1992, 2852, 3333, 3938, 4467, 4642, 4752, 5210, 5258, 5377, 5584, 6474, 8453, 8502, 8931, 9083, 9294, 9316]","[3198, 4147, 4813, 5288, 5684, 6077, 6548, 7393]",9523,32,9491,8,24,9491,0
4.5,OALGB,"[123, 959, 1459, 2438, 2660, 2939, 3336, 3500, 4387, 4656, 4886, 4911, 5143, 7320]","[2660, 4656]","[123, 959, 1459, 2438, 2939, 3336, 3500, 4387, 4886, 4911, 5143, 7320]","[938, 1742, 2660, 3883, 4656]",7372,14,7358,2,12,7355,3
4.5,OAMETIAG,"[9, 205, 438, 701, 1136, 1479]","[701, 1479]","[9, 205, 438, 1136]","[701, 1479]",2793,6,2787,2,4,2787,0
4.5,OAMTIB,"[444, 1721]",[1721],[444],"[965, 1721]",3212,2,3210,1,1,3209,1
4.5,OAMTIC,"[65, 381, 621, 707, 1295]","[621, 1295]","[65, 381, 707]","[621, 1295]",2376,5,2371,2,3,2371,0
4.5,OAMTII,"[799, 1023, 1312, 1378, 1976]","[1023, 1378]","[799, 1312, 1976]","[1023, 1378]",2048,5,2043,2,3,2043,0
4.5,OAPROTP1,[],[],[],[212],525,0,525,0,0,524,1
4.5,OATRICH,"[146, 152, 966, 1183, 3157, 4062, 4772, 5825, 6612, 6681, 6750, 7050, 7119, 7209, 7368, 7437, 7506, 7575]",[3157],"[146, 152, 966, 1183, 4062, 4772, 5825, 6612, 6681, 6750, 7050, 7119, 7209, 7368, 7437, 7506, 7575]",[3157],9337,18,9319,1,17,9319,0
4.5,OCAPOAIG,"[361, 553, 855, 1152, 1159, 1239, 1467]","[553, 855]","[361, 1152, 1159, 1239, 1467]","[553, 855]",1987,7,1980,2,5,1980,0
4.5,OCTNFBETA,"[68, 202, 577, 1637]",[577],"[68, 202, 1637]","[577, 766]",1965,4,1961,1,3,1960,1
4.5,OCUTGLOB,"[2162, 2680, 2700, 3077, 3172, 3357, 3424, 3496, 4176, 4912, 5062, 5072, 5207]",[3357],"[2162, 2680, 2700, 3077, 3172, 3424, 3496, 4176, 4912, 5062, 5072, 5207]","[3357, 5831]",6561,13,6548,1,12,6547,1
4.5,OOGH,"[200, 333, 768, 849, 1084, 1475]","[333, 1084, 1475]","[200, 768, 849]","[333, 740, 1084, 1475]",2155,6,2149,3,3,2148,1
4.5,OPOP1,[],[],[],[249],617,0,617,0,0,616,1
4.5,ORAPROTP1A,"[59, 163, 276]",[163],"[59, 276]",[163],410,3,407,1,2,407,0
4.5,PAA1GL,"[155, 204, 513]","[204, 513]",[155],"[204, 513]",873,3,870,2,1,870,0
4.5,PAAFPG,[214],[214],[],[214],1088,1,1087,1,0,1087,0
4.5,PAU03674,"[1194, 2414, 3171, 4013, 4611, 4765]","[3171, 4013, 4611]","[1194, 2414, 4765]","[3171, 3574, 3773, 4013, 4294, 4611]",5438,6,5432,3,3,5429,3
4.5,PIGAPAI,"[35, 62, 107, 562, 794, 1129, 1156, 1823, 1918, 2693]","[794, 1129]","[35, 62, 107, 562, 1156, 1823, 1918, 2693]","[794, 1129]",3326,10,3316,2,8,3316,0
4.5,PIGAPCIII,"[27, 45, 148, 736, 867, 944, 948, 1141, 1432, 1711, 2083, 2639]","[1432, 1711]","[27, 45, 148, 736, 867, 944, 948, 1141, 2083, 2639]","[1432, 1711]",3269,12,3257,2,10,3257,0
4.5,PIGCNP,"[400, 528, 1150, 1622, 1662]",[400],"[528, 1150, 1622, 1662]",[400],1887,5,1882,1,4,1882,0
4.5,PIGFSB,"[1598, 1801, 1849]",[],"[1598, 1801, 1849]","[515, 1042]",2044,3,2041,0,3,2039,2
4.5,PIKEGLOBIN,"[221, 237, 541, 588, 1193]","[237, 588]","[221, 541, 1193]","[237, 588]",1702,5,1697,2,3,1697,0
4.5,PPGLTG,"[373, 662]","[373, 662]",[],"[373, 662]",1065,2,1063,2,0,1063,0
4.5,PPPROP2,"[63, 576]",[],"[63, 576]",[319],740,2,738,0,2,737,1
4.5,PPYPROP2,[530],[],[530],[272],689,1,688,0,1,687,1
4.5,PTAZGLO,"[441, 943, 965, 974, 1062, 1086, 1603, 1648, 1652, 1749, 1791, 1947, 2244, 2987, 3077]","[1603, 3077]","[441, 943, 965, 974, 1062, 1086, 1648, 1652, 1749, 1791, 1947, 2244, 2987]","[1603, 3077]",3612,15,3597,2,13,3597,0
4.5,PTGGGLOG,"[162, 200, 545, 641, 1064, 1076]","[200, 545]","[162, 641, 1064, 1076]","[200, 545]",1815,6,1809,2,4,1809,0
4.5,PTPPINS,"[688, 933, 1054, 1140, 1410, 1985]",[1410],"[688, 933, 1054, 1140, 1985]",[1410],2476,6,2470,1,5,2470,0
4.5,PTPROP2,"[74, 588]",[],"[74, 588]",[330],751,2,749,0,2,748,1
4.5,PVU11715,"[288, 633, 1021, 1272, 1340]","[288, 633]","[1021, 1272, 1340]","[288, 633]",1782,5,1777,2,3,1777,0
4.5,QULNFLW,"[15, 867, 961, 1222, 1548, 2169, 2301, 2405, 2425, 2461, 2703, 3329, 3794, 4139, 4443, 4656, 5192, 5612, 5849, 5873, 5894, 6211, 6672, 6808, 7413]","[3794, 4656]","[15, 867, 961, 1222, 1548, 2169, 2301, 2405, 2425, 2461, 2703, 3329, 4139, 4443, 5192, 5612, 5849, 5873, 5894, 6211, 6672, 6808, 7413]","[3794, 4656, 5921]",7926,25,7901,2,23,7900,1
4.5,QULTROPIA,"[67, 240, 469, 591, 678, 689, 1858, 1998, 2186, 2360, 3004, 3437, 3638, 4007, 4020, 4047, 4225, 4229, 4336, 4544, 4565]","[2186, 2360, 3004, 3437, 4047, 4336]","[67, 240, 469, 591, 678, 689, 1858, 1998, 3638, 4007, 4020, 4225, 4229, 4544, 4565]","[2186, 2360, 3004, 3437, 4047, 4336]",4959,21,4938,6,15,4938,0
4.5,RABCRP,"[397, 416, 990, 1221]",[397],"[416, 990, 1221]",[397],1431,4,1427,1,3,1427,0
4.5,RABDNP3AA,"[370, 742, 816, 906, 2156, 2435, 2483]",[2156],"[370, 742, 816, 906, 2435, 2483]",[2156],3083,7,3076,1,6,3076,0
4.5,RABSURFA,"[471, 503, 636, 780, 1431, 3239, 3443, 3447, 3550, 4033, 4361, 4636, 5088, 5622, 5899, 6359, 6529, 6793, 7760]","[4033, 4361, 5088]","[471, 503, 636, 780, 1431, 3239, 3443, 3447, 3550, 4636, 5622, 5899, 6359, 6529, 6793, 7760]","[4033, 4361, 5088]",8090,19,8071,3,16,8071,0
4.5,RABTNF,"[261, 851, 1355, 1563, 2139]","[851, 1355, 1563]","[261, 2139]","[851, 1355, 1563]",3193,5,3188,3,2,3188,0
4.5,RATCYC,"[70, 362, 572, 1333, 2350]",[1333],"[70, 362, 572, 2350]",[1333],2521,5,2516,1,4,2516,0
4.5,RATCYSS,"[1006, 1119, 1221, 1630, 4026, 4083, 4200, 4283, 4869]","[1006, 4026]","[1119, 1221, 1630, 4083, 4200, 4283, 4869]","[1006, 4026]",5556,9,5547,2,7,5547,0
4.5,RATDCCOVB,"[788, 880, 1559, 2267, 2292, 2864, 3126, 3498, 3716, 3782, 5129]","[2267, 2864, 3126]","[788, 880, 1559, 2292, 3498, 3716, 3782, 5129]","[2267, 2864, 3126]",5324,11,5313,3,8,5313,0
4.5,RATGRG,"[83, 204, 286, 1291, 1622, 1732, 1942, 2187, 2319, 2392, 2525, 2616, 3290, 3294, 3552]","[83, 286, 1291, 1942, 2187, 2319, 2616, 3290]","[204, 1622, 1732, 2392, 2525, 3294, 3552]","[83, 286, 1291, 1494, 1696, 1942, 2187, 2319, 2616, 2994, 3290]",3881,15,3866,8,7,3863,3
4.5,RATGROS,"[621, 746, 1178, 1349, 1390, 1587, 2131]","[1178, 1390, 1587]","[621, 746, 1349, 2131]","[1178, 1390, 1587]",2489,7,2482,3,4,2482,0
4.5,RATGSTY,"[659, 718, 1310, 1862, 1959, 2086, 2830, 3003, 3180, 3376, 3804, 4691]","[659, 1862, 3180, 3376]","[718, 1310, 1959, 2086, 2830, 3003, 3804, 4691]","[659, 996, 1495, 1862, 2060, 3180, 3376]",6287,12,6275,4,8,6272,3
4.5,RATIGFBA,"[850, 1242, 1455, 1788, 1948, 2034, 2203, 3002, 3105, 3828, 4512, 4546]","[2034, 3002]","[850, 1242, 1455, 1788, 1948, 2203, 3105, 3828, 4512, 4546]","[526, 2034, 3002]",4993,12,4981,2,10,4980,1
4.5,RATJE,"[1191, 1299, 1989, 2986]","[1191, 1989]","[1299, 2986]","[1191, 1989]",3098,4,3094,2,2,3094,0
4.5,RATKALA,"[945, 1062, 1275, 3282, 4061, 4424, 4476, 4709, 4729, 4734, 4826, 5689, 5693]","[1275, 3282, 4476, 4709]","[945, 1062, 4061, 4424, 4729, 4734, 4826, 5689, 5693]","[1275, 3282, 4476, 4709]",6250,13,6237,4,9,6237,0
4.5,RATLHB,"[784, 817, 837, 1230, 1293, 1359, 1510]","[817, 1230]","[784, 837, 1293, 1359, 1510]","[817, 1230]",1791,7,1784,2,5,1784,0
4.5,RATLITHOST,"[2013, 2464, 2496, 2847, 3117, 3471, 3475, 3902, 4652]","[2847, 3471, 3902, 4652]","[2013, 2464, 2496, 3117, 3475]","[2847, 3471, 3902, 4652]",5400,9,5391,4,5,5391,0
4.5,RATLYSOZYM,"[960, 1561, 1736, 2210, 3255, 3588, 3999, 5174, 5339, 5443, 6270]","[1561, 3255, 5174]","[960, 1736, 2210, 3588, 3999, 5339, 5443, 6270]","[1561, 3255, 5174]",6733,11,6722,3,8,6722,0
4.5,RATLYSZYM,"[6, 306, 508, 574, 749, 1007, 1044, 1099, 1667, 3840, 4290, 4624, 5036, 6230, 6395, 6499, 7325]","[574, 4290, 6230]","[6, 306, 508, 749, 1007, 1044, 1099, 1667, 3840, 4624, 5036, 6395, 6499, 7325]","[574, 4290, 6230]",7944,17,7927,3,14,7927,0
4.5,RATOSCAL,"[1192, 1373, 1586, 1828]","[1192, 1373, 1586]",[1828],"[1192, 1373, 1586]",2120,4,2116,3,1,2116,0
4.5,RATPAP,"[628, 633, 1048, 1308, 1648, 2295, 3305, 3570]","[1308, 1648, 2295, 3305]","[628, 633, 1048, 3570]","[1308, 1648, 2295, 2604, 3305]",4864,8,4856,4,4,4855,1
4.5,RATPAPIIB,"[1916, 2291, 2298, 2332, 2701, 2705, 2751, 3021, 3387, 3473, 3587, 3817, 4107]","[2298, 3473, 4107]","[1916, 2291, 2332, 2701, 2705, 2751, 3021, 3387, 3587, 3817]","[2298, 3140, 3473, 4107]",4718,13,4705,3,10,4704,1
4.5,RATPPP,"[118, 740, 1497, 1538, 1542, 1983, 2002, 2261, 2451, 2521, 2853, 2927, 2990, 3991, 4400]",[2261],"[118, 740, 1497, 1538, 1542, 1983, 2002, 2451, 2521, 2853, 2927, 2990, 3991, 4400]",[2261],4535,15,4520,1,14,4520,0
4.5,RATPTBZR02,"[224, 669, 673, 727, 871, 909, 1206, 1306, 1535, 1927, 2066, 2200, 3232]","[1306, 2066]","[224, 669, 673, 727, 871, 909, 1206, 1535, 1927, 2200, 3232]","[1306, 2066]",3427,13,3414,2,11,3414,0
4.5,RATRGPI,"[1879, 2329, 2361, 2712, 2984, 3339, 3343, 3770, 4521]","[2712, 3339, 3770, 4521]","[1879, 2329, 2361, 2984, 3343]","[2712, 3339, 3770, 4521]",5238,9,5229,4,5,5229,0
4.5,RATRPIII,"[1226, 1601, 1608, 1642, 2017, 2021, 2067, 2337, 2456, 2704, 2790, 2905, 3135, 3426]","[1608, 2456, 2790, 3426]","[1226, 1601, 1642, 2017, 2021, 2067, 2337, 2704, 2905, 3135]","[1608, 2456, 2790, 3426]",4134,14,4120,4,10,4120,0
4.5,RATSVSIV1,"[67, 72, 244, 659, 814, 892]",[244],"[67, 72, 659, 814, 892]",[244],974,6,968,1,5,968,0
4.5,RATTSHB,"[260, 265, 2177, 2183, 2711, 3999, 4299, 4375]",[4375],"[260, 265, 2177, 2183, 2711, 3999, 4299]",[4375],5160,8,5152,1,7,5152,0
4.5,RN0B2GLOB,"[9, 84, 558, 693, 796, 1134]",[693],"[9, 84, 558, 796, 1134]","[354, 693]",1791,6,1785,1,5,1784,1
4.5,RN2BGLOB,"[264, 629, 764, 1217]",[764],"[264, 629, 1217]","[432, 764]",1877,4,1873,1,3,1872,1
4.5,RN3B2GLOB,"[84, 325, 460]",[460],"[84, 325]","[122, 460]",1438,3,1435,1,2,1434,1
4.5,RN3B3GLOB,"[129, 604, 739]",[739],"[129, 604]","[403, 739]",1739,3,1736,1,2,1735,1
4.5,RN3BGLOB,"[250, 491, 626]",[626],"[250, 491]","[288, 626]",1532,3,1529,1,2,1528,1
4.5,RNAC01,"[127, 309, 513, 582, 1367, 1463, 1694, 2190, 2597, 2685, 2867, 3335, 3767, 3984]","[1367, 1694, 2597, 2867]","[127, 309, 513, 582, 1463, 2190, 2685, 3335, 3767, 3984]","[1367, 1694, 2597, 2867]",4085,14,4071,4,10,4071,0
4.5,RNAC02,"[251, 262, 480, 636, 1475, 1787, 2138, 2180, 2243, 2561, 2759]","[1787, 2138]","[251, 262, 480, 636, 1475, 2180, 2243, 2561, 2759]","[1368, 1787, 2138, 2429, 2743]",3193,11,3182,2,9,3179,3
4.5,RNANTANT,"[236, 1524, 3119, 3263, 3609, 3883, 4213]","[1524, 3263, 3883]","[236, 3119, 3609, 4213]","[1524, 3263, 3883]",5118,7,5111,3,4,5111,0
4.5,RNAPOEG,"[459, 499, 1077, 1152, 1293, 1955, 2692, 2705, 2863, 2867, 2884, 3203]","[1293, 1955]","[459, 499, 1077, 1152, 2692, 2705, 2863, 2867, 2884, 3203]","[1293, 1955]",3230,12,3218,2,10,3218,0
4.5,RNCALBD9,"[161, 373, 469, 1041, 1532, 2736, 3508]",[2736],"[161, 373, 469, 1041, 1532, 3508]",[2736],4884,7,4877,1,6,4877,0
4.5,RNGAMT,"[799, 1531, 3141, 3628, 3760, 3802, 4003, 4441, 4635, 4704, 4715]","[3141, 3760, 4003]","[799, 1531, 3628, 3802, 4441, 4635, 4704, 4715]","[2173, 3141, 3319, 3760, 4003]",4957,11,4946,3,8,4944,2
4.5,RNGMTG,"[92, 440, 620, 1011, 1226, 1267, 1406, 1682, 1818, 2067, 2433, 2443, 2987, 3249, 3555, 3918, 4048, 4063, 4463, 4548, 5122, 5252, 5347]","[1682, 3249, 3918, 4463]","[92, 440, 620, 1011, 1226, 1267, 1406, 1818, 2067, 2433, 2443, 2987, 3555, 4048, 4063, 4548, 5122, 5252, 5347]","[1682, 3249, 3918, 4254, 4463]",5392,23,5369,4,19,5368,1
4.5,RNGROW3,"[216, 365, 471, 817, 1652]","[471, 817, 1652]","[216, 365]","[471, 817, 1652, 1973]",2550,5,2545,3,2,2544,1
4.5,RNHSC73,"[498, 522, 1244, 1528, 1713, 1982, 2506, 2618, 3034, 3448, 3452]","[1244, 1713, 1982, 2618, 3034, 3448]","[498, 522, 1528, 2506, 3452]","[1244, 1713, 1982, 2618, 3034, 3448, 3766]",4313,11,4302,6,5,4301,1
4.5,RNLALB01,"[39, 347, 351, 821, 1101, 1237, 1242, 1414, 1914, 2419, 2897, 3297]","[1414, 1914, 2419]","[39, 347, 351, 821, 1101, 1237, 1242, 2897, 3297]","[1414, 1914, 2419]",3814,12,3802,3,9,3802,0
4.5,RNLPKG,"[1729, 2062, 2183, 2847, 3195, 3374, 3949, 4321, 6284, 6805, 7192, 7321, 7818, 8078, 8465, 9121, 9142, 9414, 9480, 12180, 12937]","[3949, 6284, 7192, 7818, 8078, 9480]","[1729, 2062, 2183, 2847, 3195, 3374, 4321, 6805, 7321, 8465, 9121, 9142, 9414, 12180, 12937]","[3219, 3949, 6009, 6284, 6605, 7192, 7453, 7818, 8078, 9480]",13004,21,12983,6,15,12979,4
4.5,RNODC,"[115, 1097, 1344, 3174, 3305, 3525, 3918, 4182, 4517, 4698, 4982, 5631, 5650, 5825, 5851, 6291, 6582, 6692, 7326]","[3525, 3918, 4182, 4517, 4698, 5631, 5825, 6291]","[115, 1097, 1344, 3174, 3305, 4982, 5650, 5851, 6582, 6692, 7326]","[3525, 3918, 4182, 4517, 4698, 4953, 5631, 5825, 6291]",7769,19,7750,8,11,7749,1
4.5,RNP9KA,"[22, 30, 207, 248, 723, 823, 910, 1227, 2311]",[1227],"[22, 30, 207, 248, 723, 823, 910, 2311]",[1227],2333,9,2324,1,8,2324,0
4.5,RNPBPG,"[1117, 1155, 1180, 2592, 2638, 2950, 4056]","[1117, 2950]","[1155, 1180, 2592, 2638, 4056]","[1117, 2950]",6022,7,6015,2,5,6015,0
4.5,RNPGMUT,"[32, 1216, 1515, 1596, 1912, 2291]",[1596],"[32, 1216, 1515, 1912, 2291]","[1596, 1872]",2421,6,2415,1,5,2414,1
4.5,RNPROST22,"[444, 733, 876, 2200, 2702, 3647, 3916, 4526, 4727, 5680, 7412]","[876, 3647, 4526]","[444, 733, 2200, 2702, 3916, 4727, 5680, 7412]","[876, 3647, 4526]",7668,11,7657,3,8,7657,0
4.5,RNREVSV2A,"[12, 67, 71, 121, 290, 848, 1201, 1341]",[67],"[12, 71, 121, 290, 848, 1201, 1341]","[67, 1304]",1731,8,1723,1,7,1722,1
4.5,RNSDHG,"[199, 290, 379, 435, 1536, 1777, 1993, 2205, 3480, 3554, 4077, 5079, 5590, 5691, 5866, 6052, 6095, 6253, 6576, 6877, 6984, 7081, 7962, 8014, 8314, 8671, 9541]","[5691, 6052, 6253, 6984, 8671]","[199, 290, 379, 435, 1536, 1777, 1993, 2205, 3480, 3554, 4077, 5079, 5590, 5866, 6095, 6576, 6877, 7081, 7962, 8014, 8314, 9541]","[4640, 5691, 6052, 6253, 6984, 8671]",9571,27,9544,5,22,9543,1
4.5,RNSVFG,"[500, 636, 670, 1250, 1267, 1347]",[500],"[636, 670, 1250, 1267, 1347]",[500],1844,6,1838,1,5,1838,0
4.5,RNTHYCSG,"[68, 318, 326, 355, 679, 1071, 1906]","[68, 1071]","[318, 326, 355, 679, 1906]","[68, 1071]",2856,7,2849,2,5,2849,0
4.5,RNU03551,"[620, 715, 832, 1471, 1545, 2183, 2418, 3083, 3176, 3226]","[832, 2418, 3083]","[620, 715, 1471, 1545, 2183, 3176, 3226]","[832, 2418, 3083]",3591,10,3581,3,7,3581,0
4.5,RNU09193,"[1727, 2084, 2295, 2630, 2749, 3084, 3612, 3787, 3899]","[2084, 2749, 3084, 3787]","[1727, 2295, 2630, 3612, 3899]","[2084, 2749, 3084, 3787]",4188,9,4179,4,5,4179,0
4.5,RNU12250,"[293, 473, 1704, 1708]","[293, 473]","[1704, 1708]","[293, 473]",1864,4,1860,2,2,1860,0
4.5,RNUCPG,"[112, 1796, 1834, 1881, 2428, 2614, 2812, 3801, 4187, 4822, 4896, 4965, 5157, 5744, 6018, 6121, 6660, 6983, 7395, 8157, 9172, 9441, 10198, 10292, 10603, 11061, 11481, 11722]","[5157, 8157]","[112, 1796, 1834, 1881, 2428, 2614, 2812, 3801, 4187, 4822, 4896, 4965, 5744, 6018, 6121, 6660, 6983, 7395, 9172, 9441, 10198, 10292, 10603, 11061, 11481, 11722]","[4310, 5157, 7964, 8157, 9401]",12497,28,12469,2,26,12466,3
4.5,RNVEGP1,"[305, 1043, 1286, 1629, 1635, 1834, 1994, 2076, 2108, 3032, 4037, 4140, 4452, 4844, 4962, 5195, 5630, 5948]","[1834, 3032, 4037]","[305, 1043, 1286, 1629, 1635, 1994, 2076, 2108, 4140, 4452, 4844, 4962, 5195, 5630, 5948]","[1262, 1834, 3032, 4037, 4611]",5949,18,5931,3,15,5929,2
4.5,RNVEGP2C,"[1159, 1402, 1745, 1751, 1950, 2105, 2182, 2213, 4146, 4960, 5078, 5566]","[1950, 4146]","[1159, 1402, 1745, 1751, 2105, 2182, 2213, 4960, 5078, 5566]","[1378, 1950, 3128, 4146, 4723]",5745,12,5733,2,10,5730,3
4.5,RRU04320,"[838, 1126, 2107, 2118, 2500, 2606, 3301, 3643, 5366, 5370]","[2500, 3643]","[838, 1126, 2107, 2118, 2606, 3301, 5366, 5370]","[2500, 3643]",6799,10,6789,2,8,6789,0
4.5,S46763,"[186, 535, 1235, 1252, 2111, 2487, 2775, 2928, 3245, 3278, 3563, 4358, 4424, 4801, 5060, 5469, 6880, 7349, 8012, 8294, 8344]","[1235, 2487, 2775, 5060, 5469, 6880, 8012, 8294]","[186, 535, 1252, 2111, 2928, 3245, 3278, 3563, 4358, 4424, 4801, 7349, 8344]","[1235, 2487, 2775, 4052, 4528, 5060, 5469, 6880, 7334, 8012, 8294]",10036,21,10015,8,13,10012,3
4.5,S49651,"[1229, 1652, 3255, 3571, 4137]","[1652, 3255, 4137]","[1229, 3571]","[1652, 2786, 3255, 4137]",5441,5,5436,3,2,5435,1
4.5,S57980,"[443, 732, 875, 2198, 2700, 3645, 3914, 4524, 4725, 5678, 7410]","[875, 3645, 4524]","[443, 732, 2198, 2700, 3914, 4725, 5678, 7410]","[875, 3645, 4524]",7666,11,7655,3,8,7655,0
4.5,S62287,"[190, 570, 1673, 1965, 2535, 2619, 3108]",[],"[190, 570, 1673, 1965, 2535, 2619, 3108]",[1266],3426,7,3419,0,7,3418,1
4.5,S63697,"[280, 829]","[280, 829]",[],"[280, 829]",1332,2,1330,2,0,1330,0
4.5,S66606,"[238, 340, 679, 1076, 2506, 3899, 3982, 4598, 5644, 5958, 6167, 6255]","[2506, 3899, 4598]","[238, 340, 679, 1076, 3982, 5644, 5958, 6167, 6255]","[2506, 2706, 3899, 4598]",6360,12,6348,3,9,6347,1
4.5,S67057,"[98, 322, 840]",[840],"[98, 322]",[840],1747,3,1744,1,2,1744,0
4.5,S69277,"[207, 857, 1967, 1971, 2058, 2103, 3098, 3316, 3521, 3723, 3839, 4103, 4385]","[3098, 3316, 3521, 3839, 4103]","[207, 857, 1967, 1971, 2058, 2103, 3723, 4385]","[3098, 3316, 3521, 3839, 4103]",5517,13,5504,5,8,5504,0
4.5,S69278,"[279, 323, 846, 861, 1402, 1406, 1529, 2590, 2826, 3031, 3231, 3347, 3561, 3832, 4236, 4880]","[2590, 2826, 3031, 3347, 3561]","[279, 323, 846, 861, 1402, 1406, 1529, 3231, 3832, 4236, 4880]","[2590, 2826, 3031, 3347, 3561]",5016,16,5000,5,11,5000,0
4.5,S69350,"[235, 2149]",[235],[2149],[235],2153,2,2151,1,1,2151,0
4.5,SAIEGLOBIM,"[221, 237, 541, 588, 604, 983, 1317, 1329]","[237, 588]","[221, 541, 604, 983, 1317, 1329]","[237, 588]",1827,8,1819,2,6,1819,0
4.5,SMIGCU,"[799, 911, 1233, 1631, 1779, 1946, 2139, 2612, 2624]","[799, 1233, 1631]","[911, 1779, 1946, 2139, 2612, 2624]","[799, 1233, 1631]",2834,9,2825,3,6,2825,0
4.5,SMNPRP1A,[],[],[],[215],624,0,624,0,0,623,1
4.5,SOEEGLOBIN,"[17, 220, 236, 539, 586, 602, 1183, 1195]","[236, 586]","[17, 220, 539, 602, 1183, 1195]","[236, 586]",1689,8,1681,2,6,1681,0
4.5,SSBAT1G,"[260, 482, 1316, 1471, 1681, 1843, 2215, 2582, 2592, 2610, 2814, 2990, 3837, 4001, 4538, 5527, 6021, 6104, 6390, 6678, 6735, 6908, 7799, 8238, 9144, 9674]","[1316, 2215, 2582, 4538, 8238, 9144, 9674]","[260, 482, 1471, 1681, 1843, 2592, 2610, 2814, 2990, 3837, 4001, 5527, 6021, 6104, 6390, 6678, 6735, 6908, 7799]","[1316, 2215, 2582, 4538, 5771, 8238, 9144, 9388, 9674]",10667,26,10641,7,19,10639,2
4.5,SSIKBAGE,"[788, 956, 2469, 2528, 3151, 3334, 3713, 3766, 3954, 4091, 4470, 5251]","[2469, 3151, 3713, 4091, 4470]","[788, 956, 2528, 3334, 3766, 3954, 5251]","[2469, 3151, 3713, 4091, 4470]",5757,12,5745,5,7,5745,0
4.5,SSPINT1B,"[88, 185, 2127, 2551, 2759, 3903, 4793, 5245, 6247, 6605, 6609, 6774, 8049, 8541, 8611]","[2551, 3903, 5245, 6605]","[88, 185, 2127, 2759, 4793, 6247, 6609, 6774, 8049, 8541, 8611]","[1971, 2551, 3903, 5245, 6605]",8745,15,8730,4,11,8729,1
4.5,TAPROTP1,[],[],[],[230],548,0,548,0,0,547,1
4.5,TARHBE,"[76, 103, 119, 400, 465]","[119, 465]","[76, 103, 400]","[119, 465]",1683,5,1678,2,3,1678,0
4.5,TARHBG,"[58, 227, 265, 276, 608, 704, 1032, 2072]",[265],"[58, 227, 276, 608, 704, 1032, 2072]","[265, 612]",2140,8,2132,1,7,2131,1
4.5,TFLPA2P1,"[596, 972, 1311, 1749, 2495]","[596, 972, 1749]","[1311, 2495]","[596, 972, 1749]",2709,5,2704,3,2,2704,0
4.5,TFLPA2P2,"[590, 900, 935, 966, 1017, 1304, 1783]","[590, 966, 1783]","[900, 935, 1017, 1304]","[590, 966, 1783]",2432,7,2425,3,4,2425,0
4.5,TFLPA2P3,"[596, 972, 1311, 1749, 2495]","[596, 972, 1749]","[1311, 2495]","[596, 972, 1749]",2709,5,2704,3,2,2704,0
4.5,TFLPA2P4,"[590, 900, 935, 966, 1017, 1304, 1783]","[590, 966, 1783]","[900, 935, 1017, 1304]","[590, 966, 1783]",2432,7,2425,3,4,2425,0
4.5,TGLHBB,"[155, 519, 888, 1106, 1256, 1742, 2034]","[519, 888]","[155, 1106, 1256, 1742, 2034]","[519, 888]",2301,7,2294,2,5,2294,0
4.5,TIOPRP1A,[233],[],[233],[212],557,1,556,0,1,555,1
4.5,U00432,"[237, 793, 975, 1101, 1203]","[237, 793, 1101]","[975, 1203]","[83, 237, 793, 1101, 1312]",1576,5,1571,3,2,1569,2
4.5,U00433,"[83, 267, 752, 936, 1245, 1270]","[83, 267, 752, 1270]","[936, 1245]","[83, 267, 752, 1062, 1270]",1546,6,1540,4,2,1539,1
4.5,U00454,"[772, 849, 1031, 1062, 1066, 1090, 1598, 1967, 2071, 2382, 2781, 4179, 4529, 4824, 4862, 5303, 5625, 5820, 6782, 6800]","[1598, 4862]","[772, 849, 1031, 1062, 1066, 1090, 1967, 2071, 2382, 2781, 4179, 4529, 4824, 5303, 5625, 5820, 6782, 6800]","[1598, 4862]",7193,20,7173,2,18,7173,0
4.5,U00938,"[71, 247, 832, 912, 1169, 1465, 2719, 3013, 3017, 3079, 3311, 3617, 4070, 5155, 5202, 5261, 5809, 5962, 6482]","[1169, 4070, 5155]","[71, 247, 832, 912, 1465, 2719, 3013, 3017, 3079, 3311, 3617, 5202, 5261, 5809, 5962, 6482]","[1169, 4070, 5155]",6781,19,6762,3,16,6762,0
4.5,U01026,"[492, 1364, 1746, 1927, 2537, 2636, 2760]","[1364, 1746, 2537]","[492, 1927, 2636, 2760]","[1364, 1746, 2537]",3217,7,3210,3,4,3210,0
4.5,U01027,"[571, 947, 1128, 1290, 1710, 1809, 2740]","[571, 947, 1710]","[1128, 1290, 1809, 2740]","[571, 947, 1710]",2762,7,2755,3,4,2755,0
4.5,U01844,"[64, 476, 623, 684, 1559, 1589, 1986, 2090, 2141, 2395, 2653, 3211, 3256, 3781, 3843]","[1986, 2141, 2653, 3211]","[64, 476, 623, 684, 1559, 1589, 2090, 2395, 3256, 3781, 3843]","[1986, 2141, 2474, 2653, 3211]",4220,15,4205,4,11,4204,1
4.5,XELCRPGA,"[842, 892, 1096, 2377, 3338, 3794]",[1096],"[842, 892, 2377, 3338, 3794]",[1096],3892,6,3886,1,5,3886,0
4.5,XELCRYB,"[592, 706, 1326, 1500]","[706, 1326]","[592, 1500]","[706, 1326]",2050,4,2046,2,2,2046,0
4.5,XELHBBC,"[263, 715, 1418]",[263],"[715, 1418]","[263, 678]",1982,3,1979,1,2,1978,1
4.5,XLACTA,"[553, 1260, 2591, 3422, 3868, 4138, 4845, 4946, 5128, 5338, 5898]","[2591, 3868, 4138, 4845, 5128]","[553, 1260, 3422, 4946, 5338, 5898]","[2591, 3868, 4138, 4845, 5128]",5947,11,5936,5,6,5936,0
4.5,XLACTCAG,"[831, 1600, 2094, 3023, 3128, 3298, 3325, 3329, 3614, 4931, 5562, 6279, 6461, 7511, 7853, 8347, 8892]","[3614, 4931, 5562, 6461]","[831, 1600, 2094, 3023, 3128, 3298, 3325, 3329, 6279, 7511, 7853, 8347, 8892]","[2473, 3614, 4931, 5562, 6461]",8901,17,8884,4,13,8883,1
4.5,XLBGL3,"[1175, 1851, 2443]",[1175],"[1851, 2443]","[388, 1175]",2965,3,2962,1,2,2961,1
4.5,XLGLAA1,"[137, 502]","[137, 502]",[],"[137, 502]",1193,2,1191,2,0,1191,0
4.5,XLGLAA2,"[138, 519, 1163]","[138, 519]",[1163],"[138, 519]",1193,3,1190,2,1,1190,0
4.5,XLK81A1G,"[1671, 1911, 2294, 2734, 2900, 3145, 3240, 3409, 3531, 3849, 4425, 5672]","[2294, 2734, 3531, 3849]","[1671, 1911, 2900, 3145, 3240, 3409, 4425, 5672]","[1759, 2294, 2734, 3026, 3531, 3849, 4170]",5893,12,5881,4,8,5878,3
4.5,XLRPL14,"[912, 1141, 1292, 1837, 2087, 2140, 2624, 3051, 3085, 3897, 6485, 7158, 7904, 8659]","[912, 2087, 7904]","[1141, 1292, 1837, 2140, 2624, 3051, 3085, 3897, 6485, 7158, 8659]","[912, 1891, 2087, 4978, 5356, 7904]",9117,14,9103,3,11,9100,3
4.5,XLRPL1AG,"[308, 512, 634, 2121, 2638, 2695, 2818, 3735, 3831, 4433, 4573, 5179, 5303, 5643, 5757, 6451]","[512, 2121, 2818, 3831, 4573, 5179, 5757]","[308, 634, 2638, 2695, 3735, 4433, 5303, 5643, 6451]","[512, 2121, 2438, 2818, 3137, 3831, 4573, 5179, 5757]",6950,16,6934,7,9,6932,2
4.5,XLS8,"[164, 692, 804, 1006, 1874, 2032, 2326, 2616, 2865, 2893, 3963, 4181, 4856, 5618, 5708, 5849, 5912, 6381, 7181, 7381, 8071, 8411, 8542, 9832, 10967, 12388, 12978]","[2032, 5912, 7381]","[164, 692, 804, 1006, 1874, 2326, 2616, 2865, 2893, 3963, 4181, 4856, 5618, 5708, 5849, 6381, 7181, 8071, 8411, 8542, 9832, 10967, 12388, 12978]","[2032, 3938, 5912, 7381, 12177]",13517,27,13490,3,24,13488,2
4.5,XLTUBAG,"[272, 595, 678, 1280, 1323, 1454, 2006, 2020, 2610, 3094, 3268, 4024, 4179, 4401, 4775, 4898, 5039, 5431, 5575, 6604, 6612, 6630]","[678, 4401, 5575]","[272, 595, 1280, 1323, 1454, 2006, 2020, 2610, 3094, 3268, 4024, 4179, 4775, 4898, 5039, 5431, 6604, 6612, 6630]","[678, 4401, 5575]",6889,22,6867,3,19,6867,0
4.5,XLXANF1A,"[1460, 2706]","[1460, 2706]",[],"[1460, 1960, 2706]",4879,2,4877,2,0,4876,1
4.5,XTGLA,"[235, 269, 731, 1323, 2034, 2838, 3340, 4344]","[731, 2838]","[235, 269, 1323, 2034, 3340, 4344]","[731, 2838]",4839,8,4831,2,6,4831,0
4.5,XTGLAA,"[416, 656, 1036, 1411]","[1036, 1411]","[416, 656]","[1036, 1411]",1993,4,1989,2,2,1989,0
4.5,XTGLB,"[21, 212, 389, 1823, 2097, 2836]",[2836],"[21, 212, 389, 1823, 2097]","[2384, 2836]",4044,6,4038,1,5,4037,1
4.5,ZEFB2MICB,"[304, 985, 1187, 1345]","[304, 1187]","[985, 1345]","[304, 1187]",2194,4,2190,2,2,2190,0
