Threshold,Locus,Predict Sites,Positive Sites,Negative Sites,Actual Donor Sites,Predict Num,Predict Positive Num,Predict Negative Num,TP,FP,TN,FN
5.0,ACU08131,"[642, 845, 1024, 1255, 1363, 2029, 2350, 2803, 3336, 4512, 5313]","[642, 1363, 2029, 2803]","[845, 1024, 1255, 2350, 3336, 4512, 5313]","[642, 1363, 2029, 2803, 3798]",5385,11,5374,4,7,5373,1
5.0,AGGGLINE,"[70, 2946, 2963, 3158, 3504, 4035, 4309, 6262, 6387]","[3158, 3504]","[70, 2946, 2963, 4035, 4309, 6262, 6387]","[3158, 3504]",7222,9,7213,2,7,7213,0
5.0,AGU04852,"[536, 3877, 3956, 4566, 5517, 5533, 5912, 6224, 6740, 8817, 8961, 10812]","[3956, 5517, 5912, 6740]","[536, 3877, 4566, 5533, 6224, 8817, 8961, 10812]","[3956, 5517, 5912, 6740]",10977,12,10965,4,8,10965,0
5.0,ALOEGLOBIM,"[221, 237, 583, 1170, 1182]","[237, 583]","[221, 1170, 1182]","[237, 583]",1684,5,1679,2,3,1679,0
5.0,ALOEGLOBIN,"[221, 237, 583, 1170, 1182]","[237, 583]","[221, 1170, 1182]","[237, 583]",1684,5,1679,2,3,1679,0
5.0,ALOPROTP1A,[166],[166],[],[166],411,1,410,1,0,410,0
5.0,AMU12024,"[257, 667, 1583, 2482]","[257, 667, 2482]",[1583],"[257, 667, 1864, 2126, 2482]",3645,4,3641,3,1,3639,2
5.0,AMU12025,"[1080, 1412, 1830, 2654, 2705, 3278, 3313, 3343]","[1412, 1830, 2654, 3278]","[1080, 2705, 3313, 3343]","[1412, 1830, 2654, 2902, 3278]",5376,8,5368,4,4,5367,1
5.0,AOIRHODOPS,"[894, 1702, 1969, 2754, 4005, 4067, 4840, 4953, 5373, 7056, 7800, 9133]","[1702, 4067, 5373]","[894, 1969, 2754, 4005, 4840, 4953, 7056, 7800, 9133]","[1702, 4067, 5373, 6243]",9916,12,9904,3,9,9903,1
5.0,ASPROP2,[],[],[],[325],665,0,665,0,0,664,1
5.0,ASYRVISP,"[625, 656, 1042, 1585]","[625, 1042, 1585]",[656],"[625, 1042, 1335, 1585, 1916]",2222,4,2218,3,1,2216,2
5.0,ATREGLOBIN,"[221, 237, 588, 1187]","[237, 588]","[221, 1187]","[237, 588]",1692,4,1688,2,2,1688,0
5.0,BABAPOE,"[33, 60, 198, 897, 2847, 3916, 3978, 3999]","[897, 2847]","[33, 60, 198, 3916, 3978, 3999]","[897, 2847]",4755,8,4747,2,6,4747,0
5.0,BATROX,"[341, 2078, 3011, 3593, 3924, 3975, 4110, 4705, 4836, 5035, 6955, 7655]","[341, 3011, 5035, 6955]","[2078, 3593, 3924, 3975, 4110, 4705, 4836, 7655]","[341, 3011, 5035, 6955]",8093,12,8081,4,8,8081,0
5.0,BCHEGLOBIN,"[221, 237, 583, 1184, 1196]","[237, 583]","[221, 1184, 1196]","[237, 583]",1698,5,1693,2,3,1693,0
5.0,BOVANPA,"[433, 858]","[433, 858]",[],"[433, 858]",1762,2,1760,2,0,1760,0
5.0,BOVCOX7AL,"[1540, 2470, 2630, 2867, 3328, 3721, 3969, 5049, 6167]","[1540, 5049]","[2470, 2630, 2867, 3328, 3721, 3969, 6167]","[1540, 2812, 5049]",6850,9,6841,2,7,6840,1
5.0,BOVGAS,[751],[751],[],[751],1059,1,1058,1,0,1058,0
5.0,BOVIAP,"[437, 457, 602, 926, 1116, 1318, 1764, 1994, 2793, 3392, 3535, 3667, 3782, 3844, 3996, 5262]","[1764, 1994, 3392, 3667, 3996]","[437, 457, 602, 926, 1116, 1318, 2793, 3535, 3782, 3844, 5262]","[1568, 1764, 1994, 2354, 2606, 2999, 3157, 3392, 3667, 3996]",5392,16,5376,5,11,5371,5
5.0,BOVIRBP,"[129, 994, 2586, 2649, 3174, 3723, 3801, 4212, 5595, 5761, 6214, 6494, 6540, 7699, 9959, 10082, 10749, 11020]","[3174, 5595, 7699]","[129, 994, 2586, 2649, 3723, 3801, 4212, 5761, 6214, 6494, 6540, 9959, 10082, 10749, 11020]","[3174, 5595, 7699]",11786,18,11768,3,15,11768,0
5.0,BOVLHB,"[803, 1062, 1272]","[803, 1272]",[1062],"[803, 1272]",1857,3,1854,2,1,1854,0
5.0,BOVLYSOZMA,"[944, 2115, 2374, 3039, 3208, 5771, 7260, 8654, 9247, 9304]","[3039, 5771, 8654]","[944, 2115, 2374, 3208, 7260, 9247, 9304]","[3039, 5771, 8654]",12215,10,12205,3,7,12205,0
5.0,BOVLYSOZMB,"[140, 1229, 1662, 1993, 2673, 2843, 3717, 3743, 4005, 4797, 5148, 6212, 6807, 7058, 10002]","[2673, 4005, 6212]","[140, 1229, 1662, 1993, 2843, 3717, 3743, 4797, 5148, 6807, 7058, 10002]","[2673, 4005, 6212]",10205,15,10190,3,12,10190,0
5.0,BOVLYSOZMC,"[905, 2323, 4194, 4941, 4964, 5325, 6245]","[905, 2323, 4194]","[4941, 4964, 5325, 6245]","[905, 2323, 4194]",8044,7,8037,3,4,8037,0
5.0,BOVMYF5A,"[273, 698, 1398, 1625, 1824]","[698, 1625]","[273, 1398, 1824]","[698, 1625]",5212,5,5207,2,3,5207,0
5.0,BRHOX22,[1431],[1431],[],[1431],3435,1,3434,1,0,3434,0
5.0,BRHOX34A,"[588, 3491]",[],"[588, 3491]",[981],3491,2,3489,0,2,3488,1
5.0,BRU12895,"[1135, 1986]",[1135],[1986],[1135],3233,2,3231,1,1,3231,0
5.0,BTATPAAA,"[740, 826, 1146, 2314, 2501, 3383, 4106, 4188, 5345, 5556, 5729, 8311, 9129]","[740, 2314, 5729, 9129]","[826, 1146, 2501, 3383, 4106, 4188, 5345, 5556, 8311]","[740, 2314, 3707, 5729, 5984, 6337, 6827, 7151, 7770, 8023, 9129]",9908,13,9895,4,9,9888,7
5.0,BTEBGL2,"[294, 310, 327, 658]","[310, 658]","[294, 327]","[310, 658]",1834,4,1830,2,2,1830,0
5.0,BTEBGL4,"[294, 310, 327, 658, 815]","[310, 658]","[294, 327, 815]","[310, 658]",1829,5,1824,2,3,1824,0
5.0,BTGL01,"[98, 349, 365, 873, 1008]","[365, 1008]","[98, 349, 873]","[365, 1008]",2041,5,2036,2,3,2036,0
5.0,BTHOR02,[484],[484],[],"[484, 1920]",2420,1,2419,1,0,2418,1
5.0,BTKER6B,"[1678, 2346, 2913, 5608]",[1678],"[2346, 2913, 5608]","[1678, 2559, 3070, 3315, 3530, 4056, 4666]",5719,4,5715,1,3,5709,6
5.0,BTSPDNA,"[960, 1054]",[],"[960, 1054]",[1541],2149,2,2147,0,2,2146,1
5.0,BTSVSP109,"[52, 799, 1604, 2189, 2359, 2387, 2555, 5292, 5315, 5643, 6096, 6131]","[2359, 5292]","[52, 799, 1604, 2189, 2387, 2555, 5315, 5643, 6096, 6131]","[2359, 3984, 5292]",6949,12,6937,2,10,6936,1
5.0,BTTNP2G,"[24, 847, 852, 1115, 1326]",[],"[24, 847, 852, 1115, 1326]",[774],1842,5,1837,0,5,1836,1
5.0,BTU02285,"[21, 1858, 2873, 4222, 4487, 4780, 5056, 5654]","[4222, 4487, 4780, 5056]","[21, 1858, 2873, 5654]","[3792, 4222, 4487, 4780, 5056]",6389,8,6381,4,4,6380,1
5.0,CALEGLOBIM,"[220, 236, 587, 1185, 1197]","[236, 587]","[220, 1185, 1197]","[236, 587]",1691,5,1686,2,3,1686,0
5.0,CBUEGLOBIM,"[220, 236, 587, 1185, 1197]","[236, 587]","[220, 1185, 1197]","[236, 587]",1691,5,1686,2,3,1686,0
5.0,CCALAC,"[1178, 1358, 1852, 2409]","[1358, 1852, 2409]",[1178],"[1358, 1852, 2409]",3620,4,3616,3,1,3616,0
5.0,CCBEGLOBIM,"[221, 237, 587, 1191, 1203]","[237, 587]","[221, 1191, 1203]","[237, 587]",1696,5,1691,2,3,1691,0
5.0,CCBEGLOBIN,"[222, 238, 589, 1194, 1206]","[238, 589]","[222, 1194, 1206]","[238, 589]",1699,5,1694,2,3,1694,0
5.0,CCGHG,"[283, 863, 1051, 1778, 2305]","[283, 1051, 1778]","[863, 2305]","[283, 706, 1051, 1778]",2831,5,2826,3,2,2825,1
5.0,CCGONBS1,[1767],[1767],[],"[1767, 2072]",3464,1,3463,1,0,3462,1
5.0,CCGONBS2,[1785],[1785],[],"[1785, 2091]",3483,1,3482,1,0,3481,1
5.0,CCGTHA1,[302],[302],[],"[302, 572]",1145,1,1144,1,0,1143,1
5.0,CCT64CLU,"[563, 1644, 1664, 2757, 2761, 3005, 3496, 3893, 4514, 4572, 5272, 5659, 6121]","[1644, 2757, 3005, 3496, 4514, 5272, 5659]","[563, 1664, 2761, 3893, 4572, 6121]","[1644, 2757, 3005, 3496, 4514, 5272, 5659]",6278,13,6265,7,6,6265,0
5.0,CEPPINS,"[858, 1399, 1513]",[858],"[1399, 1513]",[858],1902,3,1899,1,2,1899,0
5.0,CHBLG,"[698, 928, 2308, 2807, 3794, 4019, 4298, 4700, 4861, 6025, 6255, 6280]","[4019, 6025]","[698, 928, 2308, 2807, 3794, 4298, 4700, 4861, 6255, 6280]","[2285, 3090, 4019, 5246, 6025]",8081,12,8069,2,10,8066,3
5.0,CHEBGLI,"[909, 1213]",[909],[1213],"[570, 909]",2206,2,2204,1,1,2203,1
5.0,CHEBGLII,"[547, 563, 580, 912, 1049]","[563, 912]","[547, 580, 1049]","[563, 912]",2260,5,2255,2,3,2255,0
5.0,CHKALDB,"[1452, 1506, 4004, 4462, 5731, 5748, 6172, 6664, 6955, 6960, 7504, 8186, 8617, 9185, 10577, 10844]","[6172, 6664, 6955, 8186, 9185]","[1452, 1506, 4004, 4462, 5731, 5748, 6960, 7504, 8617, 10577, 10844]","[6172, 6664, 6955, 7265, 8186, 8842, 9185]",11644,16,11628,5,11,11626,2
5.0,CHKAPOII,"[1839, 1891, 2131, 3317, 3820, 4488]","[3317, 3820]","[1839, 1891, 2131, 4488]","[3317, 3820]",4954,6,4948,2,4,4948,0
5.0,CHKDPCP,"[347, 637, 1624]",[637],"[347, 1624]",[637],1903,3,1900,1,2,1900,0
5.0,CHKMAX,"[632, 1236, 2127, 2291, 2882, 3172, 3928, 4295, 4931]","[2127, 2291, 3928, 4295]","[632, 1236, 2882, 3172, 4931]","[2127, 2291, 3928, 4295]",5691,9,5682,4,5,5682,0
5.0,CHKMYOD,"[2106, 3468, 4941, 5517, 5592, 5660, 6150, 6527]","[4941, 6150]","[2106, 3468, 5517, 5592, 5660, 6527]","[4941, 6150]",7382,8,7374,2,6,7374,0
5.0,CHKOVAL,"[1390, 3164, 3812, 4176, 4694, 6282, 7079, 7148, 8791, 9028]","[3164, 4176, 4694, 6282]","[1390, 3812, 7079, 7148, 8791, 9028]","[3164, 3466, 4176, 4694, 5795, 6282]",9199,10,9189,4,6,9187,2
5.0,CHKRPL30,"[545, 671, 749, 801, 916, 1872, 2753, 2816, 2850]","[801, 1872, 2753]","[545, 671, 749, 916, 2816, 2850]","[801, 1872, 2753]",3885,9,3876,3,6,3876,0
5.0,CHKRPL37A,"[16, 201, 798, 996, 1376, 2125, 2255, 3052]","[798, 1376]","[16, 201, 996, 2125, 2255, 3052]","[798, 1376, 2386]",3466,8,3458,2,6,3457,1
5.0,CHKRPL5G,"[99, 1419, 1632, 2618, 3157, 3467, 5165]","[1419, 1632, 3157, 5165]","[99, 2618, 3467]","[498, 1419, 1632, 3157, 3955, 5165, 6897]",8314,7,8307,4,3,8304,3
5.0,CHKTUB4B,"[779, 949, 1469, 1573, 1895]","[949, 1573]","[779, 1469, 1895]","[437, 949, 1573]",3146,5,3141,2,3,3140,1
5.0,CHKY,"[319, 641, 794, 1650, 1664, 3603, 4199, 4683, 5213, 5648, 6012, 6473, 8361]","[3603, 4199, 4683, 5648, 6012]","[319, 641, 794, 1650, 1664, 5213, 6473, 8361]","[3603, 4199, 4683, 5648, 6012, 6249]",8365,13,8352,5,8,8351,1
5.0,CHPPHYGEN,"[22, 555, 1830, 2214, 3764, 3786, 4599, 4945, 5471, 5521, 7000, 8746, 8862, 10818, 10833, 10849, 11193, 11903, 11936, 12603]","[4599, 4945]","[22, 555, 1830, 2214, 3764, 3786, 5471, 5521, 7000, 8746, 8862, 10818, 10833, 10849, 11193, 11903, 11936, 12603]","[4599, 4945]",13690,20,13670,2,18,13670,0
5.0,CHPPROTP1A,[159],[159],[],[159],398,1,397,1,0,397,0
5.0,CHPPROTP1B,[160],[160],[],[160],397,1,396,1,0,396,0
5.0,CHWEGLOBIM,"[221, 237, 588, 1193]","[237, 588]","[221, 1193]","[237, 588]",1702,4,1698,2,2,1698,0
5.0,CIGH,"[1281, 2029, 2130, 2889]","[1281, 2889]","[2029, 2130]","[1281, 1691, 2280, 2889]",3968,4,3964,2,2,3962,2
5.0,CITEGLOBIM,"[220, 236, 587, 890, 1186, 1198]","[236, 587]","[220, 890, 1186, 1198]","[236, 587]",1692,6,1686,2,4,1686,0
5.0,CJAEGLOBIN,"[221, 237, 588, 1193]","[237, 588]","[221, 1193]","[237, 588]",1703,4,1699,2,2,1699,0
5.0,CJINTERFG,"[3158, 3303, 4187, 4465, 4734, 4750, 6036, 8152, 8324]","[4187, 4465]","[3158, 3303, 4734, 4750, 6036, 8152, 8324]","[2881, 4187, 4465]",8520,9,8511,2,7,8510,1
5.0,CL54K,"[183, 512, 535, 649, 706, 959, 1177, 1294, 1538, 1926, 2581, 2696, 2715]",[512],"[183, 535, 649, 706, 959, 1177, 1294, 1538, 1926, 2581, 2696, 2715]",[512],3409,13,3396,1,12,3396,0
5.0,CMBGA2B2,"[383, 718, 989, 1597]","[383, 718]","[989, 1597]","[383, 718]",2685,4,2681,2,2,2681,0
5.0,CMEGA2E2,"[416, 753]","[416, 753]",[],"[416, 753]",2047,2,2045,2,0,2045,0
5.0,CMU11711,"[15, 790, 1685, 2031, 2669]","[1685, 2031]","[15, 790, 2669]","[1685, 2031]",3165,5,3160,2,3,3160,0
5.0,CPPROT1GN,[],[],[],[164],391,0,391,0,0,390,1
5.0,CRASEQB,"[2825, 3434, 3452, 3464, 3482, 3593, 3635, 3641, 3647]",[2825],"[3434, 3452, 3464, 3482, 3593, 3635, 3641, 3647]","[1920, 2825]",5121,9,5112,1,8,5111,1
5.0,CRUCH7AHYD,"[1731, 2941, 3016, 4121, 5283, 6076, 7866, 9375, 9626]","[1731, 6076, 7866]","[2941, 3016, 4121, 5283, 9375, 9626]","[1731, 3651, 4938, 6076, 7866]",10607,9,10598,3,6,10596,2
5.0,CRUGAD45A,"[208, 859, 1877, 2417, 2553, 3555]","[1877, 2417]","[208, 859, 2553, 3555]","[1877, 2063, 2417]",4428,6,4422,2,4,4421,1
5.0,DMPROTP1,[],[],[],[249],617,0,617,0,0,616,1
5.0,DMU11712,"[16, 792, 1705, 2043, 2685]","[1705, 2043]","[16, 792, 2685]","[1705, 2043]",3020,5,3015,2,3,3015,0
5.0,DOGCOLIP,"[224, 249, 416, 1108, 1411, 1747, 2378, 2508, 2694]","[1108, 2378]","[224, 249, 416, 1411, 1747, 2508, 2694]","[1108, 2378]",3157,9,3148,2,7,3148,0
5.0,DOGIL8T,"[118, 1206, 1406, 1769]","[118, 1406, 1769]",[1206],"[118, 1406, 1769]",2230,4,2226,3,1,2226,0
5.0,ECGLOAP1,"[363, 657, 889]","[363, 657]",[889],"[363, 657]",1134,3,1131,2,1,1131,0
5.0,ECPZA2GL,"[954, 1560, 1623, 3576, 3650, 4059]","[3576, 4059]","[954, 1560, 1623, 3650]","[3576, 4059]",5082,6,5076,2,4,5076,0
5.0,ECZGL1,"[700, 763, 874, 1033, 1534]","[700, 1534]","[763, 874, 1033]","[700, 1534]",1995,5,1990,2,3,1990,0
5.0,ECZGL2,"[255, 318, 429, 588, 1084]","[255, 1084]","[318, 429, 588]","[255, 1084]",1556,5,1551,2,3,1551,0
5.0,ELMETL,"[1097, 1291]","[1097, 1291]",[],"[1097, 1291]",1866,2,1864,2,0,1864,0
5.0,FDFELDI2,"[276, 678, 703, 1070, 1882, 2011]",[276],"[678, 703, 1070, 1882, 2011]","[276, 970]",2418,6,2412,1,5,2411,1
5.0,FDTNFA,"[187, 291, 547, 790, 972]","[187, 790, 972]","[291, 547]","[187, 790, 972]",1715,5,1710,3,2,1710,0
5.0,GDMYF5G,"[639, 655, 1036, 1104]","[639, 1036]","[655, 1104]","[639, 1036]",1602,4,1598,2,2,1598,0
5.0,GGAC01,"[22, 273, 443, 634, 970, 1586, 1666, 2226, 3189, 3338, 3495, 3677, 3831, 3857]","[1666, 2226, 3189, 3677]","[22, 273, 443, 634, 970, 1586, 3338, 3495, 3831, 3857]","[1666, 2226, 3189, 3677]",5039,14,5025,4,10,5025,0
5.0,GGACTAC,"[339, 1815, 2914, 3218, 4216, 4398, 5278]","[2914, 3218, 4398]","[339, 1815, 4216, 5278]","[970, 2127, 2914, 3218, 4398]",5456,7,5449,3,4,5447,2
5.0,GGACTI,"[153, 841, 1659, 1841]","[841, 1841]","[153, 1659]","[404, 841, 1137, 1554, 1841]",2419,4,2415,2,2,2412,3
5.0,GGCALB,"[386, 416, 421, 596, 1016, 1292, 1863, 2289, 3467, 3509, 3617, 3793, 5867, 6149, 6694, 6784, 7824, 8249, 8718, 9052]","[386, 1863, 2289, 3467, 3793, 6784, 7824, 8718, 9052]","[416, 421, 596, 1016, 1292, 3509, 3617, 5867, 6149, 6694, 8249]","[386, 1863, 2289, 3467, 3793, 4235, 4894, 5205, 5933, 6784, 7035, 7824, 8718, 9052, 9685, 10195]",11061,20,11041,9,11,11034,7
5.0,GGCRYD1,"[267, 441, 2742, 3516, 4297, 4907, 5234, 5899, 6138, 6395, 6734, 7373, 7529]","[441, 2742, 3516, 4907, 5234, 5899, 6138, 6395, 6734]","[267, 4297, 7373, 7529]","[441, 1734, 2742, 3150, 3516, 3944, 4332, 4528, 4907, 5234, 5899, 6138, 6395, 6734, 7213]",8153,13,8140,9,4,8134,6
5.0,GGGL03,"[432, 768, 1160]","[432, 768]",[1160],"[432, 768]",1201,3,1198,2,1,1198,0
5.0,GGGNRHIA,"[1684, 3627, 4392, 4544]","[3627, 4392]","[1684, 4544]","[3627, 4392]",6275,4,6271,2,2,6271,0
5.0,GGNFM1D,"[932, 1295, 1541, 3595, 4194, 4395, 4768, 5057]",[],"[932, 1295, 1541, 3595, 4194, 4395, 4768, 5057]","[2132, 2451]",5631,8,5623,0,8,5621,2
5.0,GGPROP2,[],[],[],[307],641,0,641,0,0,640,1
5.0,GGRIHBGEN,"[219, 981, 1038, 1973, 2982, 3219, 3454]","[2982, 3219, 3454]","[219, 981, 1038, 1973]","[2982, 3219, 3454]",3879,7,3872,3,4,3872,0
5.0,GGVITIIG,"[54, 190, 830, 2561, 2694, 2948, 2952, 3064, 3138, 3791, 4295, 4818, 5441, 5848, 6229, 6443, 7123, 7127, 8302, 8481, 9149, 9467, 10714, 10951, 10971, 11663, 11667, 12272, 12791, 13267, 13505, 14413, 15348, 15771, 15880, 17492, 17864, 18829, 19081, 19337, 19348, 20126]","[54, 190, 2694, 2948, 3791, 4818, 5441, 6229, 6443, 8302, 9149, 9467, 10714, 12272, 13267, 13505, 15348, 15771, 17864, 19081]","[830, 2561, 2952, 3064, 3138, 4295, 5848, 7123, 7127, 8481, 10951, 10971, 11663, 11667, 12791, 14413, 15880, 17492, 18829, 19337, 19348, 20126]","[54, 190, 442, 2021, 2694, 2948, 3267, 3543, 3791, 4818, 5441, 6229, 6443, 7045, 7268, 8026, 8302, 9149, 9467, 10104, 10448, 10714, 11757, 12272, 12615, 13267, 13505, 14028, 14704, 15348, 15771, 16955, 17864, 19081]",20336,42,20294,20,22,20280,14
5.0,GIBPROTP1A,[160],[160],[],[160],394,1,393,1,0,393,0
5.0,GORAFPA,"[75, 999, 1860, 2955, 3434, 4192, 4363, 4369, 4564, 6976, 7046, 7766, 7795, 10727, 11145, 13421, 14707, 15952, 17195, 20474, 20478, 23233]","[999, 1860, 2955, 7766, 13421, 14707]","[75, 3434, 4192, 4363, 4369, 4564, 6976, 7046, 7795, 10727, 11145, 15952, 17195, 20474, 20478, 23233]","[999, 1860, 2955, 5457, 6760, 7766, 9445, 11629, 13421, 14087, 14707, 16581, 17834]",24600,22,24578,6,16,24571,7
5.0,GORPROTP1A,[164],[164],[],[164],405,1,404,1,0,404,0
5.0,GPIINS,[526],[526],[],[526],1465,1,1464,1,0,1464,0
5.0,HAMAMYLP,"[1394, 1473, 2308, 4561, 5045]",[2308],"[1394, 1473, 4561, 5045]",[2308],5948,5,5943,1,4,5943,0
5.0,HAMHG5,"[640, 1373, 1640, 2817, 3433, 4856, 6188, 6597, 7240, 7441, 7668, 8295, 8396]","[4856, 6188, 6597, 7441]","[640, 1373, 1640, 2817, 3433, 7240, 7668, 8295, 8396]","[4856, 5517, 6188, 6597, 7441]",9712,13,9699,4,9,9698,1
5.0,HROAMD1,"[237, 289, 1072, 2687, 3486, 4700, 4816, 5723, 5734, 5962, 6212]","[2687, 3486, 4700]","[237, 289, 1072, 4816, 5723, 5734, 5962, 6212]","[2687, 3486, 4700]",7092,11,7081,3,8,7081,0
5.0,HROMA2,"[427, 739, 1174, 1285]","[739, 1174]","[427, 1285]","[739, 1174]",1780,4,1776,2,2,1776,0
5.0,HROMA4A,"[1108, 1670, 1774]","[1108, 1670]",[1774],"[1108, 1670]",2332,3,2329,2,1,2329,0
5.0,HRSPRMI,"[1880, 2047]",[],"[1880, 2047]",[722],2199,2,2197,0,2,2196,1
5.0,HS1D3HLH,"[173, 1039, 1231]",[1039],"[173, 1231]",[1039],2474,3,2471,1,2,2471,0
5.0,HS2OXOC,"[116, 1162, 1421, 1694, 1719, 1825, 1894]","[116, 1162, 1421, 1694, 1825]","[1719, 1894]","[116, 871, 1162, 1421, 1694, 1825]",2511,7,2504,5,2,2503,1
5.0,HSABLGR1,"[371, 1670, 2923, 3130, 3140, 3344, 4865, 5465, 5666, 6508, 6820, 8470, 8720, 10016, 10073, 10400, 10413, 10509, 10623, 11090, 11951, 11988, 11992, 12007, 12239, 13058, 13875, 15514, 15741, 16572, 17116, 17249, 20105, 20665, 24805, 24896, 25292, 25849, 25902, 25906, 26127, 26288, 29268, 29760, 32399, 32910, 33787, 35562, 35751]","[8720, 10400, 15741, 17116]","[371, 1670, 2923, 3130, 3140, 3344, 4865, 5465, 5666, 6508, 6820, 8470, 10016, 10073, 10413, 10509, 10623, 11090, 11951, 11988, 11992, 12007, 12239, 13058, 13875, 15514, 16572, 17249, 20105, 20665, 24805, 24896, 25292, 25849, 25902, 25906, 26127, 26288, 29268, 29760, 32399, 32910, 33787, 35562, 35751]","[8720, 10400, 12434, 14200, 15741, 17116, 17991]",35955,49,35906,4,45,35903,3
5.0,HSALDCG,"[349, 555, 801, 1283, 2098, 2481, 2641, 2663, 3366, 3386, 3567]","[2641, 3366, 3567]","[349, 555, 801, 1283, 2098, 2481, 2663, 3386]","[2641, 2939, 3110, 3366, 3567, 3994, 4326]",5191,11,5180,3,8,5176,4
5.0,HSAPC3A,"[1246, 2325, 2515, 3492]",[],"[1246, 2325, 2515, 3492]","[919, 1178]",6042,4,6038,0,4,6036,2
5.0,HSAPOA2B,"[232, 245, 338, 490, 698, 916, 1554]","[490, 916]","[232, 245, 338, 698, 1554]","[490, 916]",1748,7,1741,2,5,1741,0
5.0,HSAPOAIA,"[57, 317, 1397]",[317],"[57, 1397]","[317, 661]",2186,3,2183,1,2,2182,1
5.0,HSAPOAIT,"[231, 491, 1572]",[491],"[231, 1572]","[491, 835]",2378,3,2375,1,2,2374,1
5.0,HSAPOC2G,"[231, 255, 1276, 1494, 2714, 2943]",[2714],"[231, 255, 1276, 1494, 2943]","[2714, 3041]",3833,6,3827,1,5,3826,1
5.0,HSAQUPN2,"[431, 632]","[431, 632]",[],"[431, 632, 746]",988,2,986,2,0,985,1
5.0,HSARYLA,"[848, 1238, 1571, 1906, 2470, 2528, 2666, 3040]","[848, 1238, 1571, 2470]","[1906, 2528, 2666, 3040]","[848, 1238, 1571, 1815, 2252, 2470, 2823]",3630,8,3622,4,4,3619,3
5.0,HSAT3,"[646, 655, 825, 2225, 3311, 4823, 4978, 5095, 6015, 6059, 6879, 6934, 8536, 9717, 10205, 10401, 11303, 11320, 12719, 13056]","[646, 3311, 6059, 10401]","[655, 825, 2225, 4823, 4978, 5095, 6015, 6879, 6934, 8536, 9717, 10205, 11303, 11320, 12719, 13056]","[646, 3311, 6059, 7102, 8303, 10401]",14199,20,14179,4,16,14177,2
5.0,HSATPCP1,"[496, 831, 4773, 5389, 5934, 6382, 6830, 6843, 6999, 7267, 7854, 8714, 9101]","[5389, 6382, 7267]","[496, 831, 4773, 5934, 6830, 6843, 6999, 7854, 8714, 9101]","[5389, 6382, 7267]",9450,13,9437,3,10,9437,0
5.0,HSATPCP2,"[107, 2996, 4013, 4743, 6152, 7310, 7490, 8957, 9194, 9689, 9752, 10918, 11602, 12497, 13435]","[7490, 10918]","[107, 2996, 4013, 4743, 6152, 7310, 8957, 9194, 9689, 9752, 11602, 12497, 13435]","[7490, 10195, 10918]",15009,15,14994,2,13,14993,1
5.0,HSB3A,"[1843, 2085, 2623, 2640, 2670, 3203]",[1843],"[2085, 2623, 2640, 2670, 3203]",[1843],3676,6,3670,1,5,3670,0
5.0,HSBGPG,"[151, 560, 856, 1096, 1340, 1593, 1645]","[560, 1096]","[151, 856, 1340, 1593, 1645]","[560, 850, 1096]",1668,7,1661,2,5,1660,1
5.0,HSBSF2,"[238, 477, 1242, 2450, 2930, 2956, 3601, 4505, 4715, 4943, 5688]","[1242, 3601]","[238, 477, 2450, 2930, 2956, 4505, 4715, 4943, 5688]","[1242, 1587, 2748, 3601]",5954,11,5943,2,9,5941,2
5.0,HSCBMYHC,"[297, 369, 1577, 2583, 2868, 3193, 3932, 4595, 5041, 5485, 5644, 6694, 7246, 7567, 7735, 7912, 8898, 9174, 10877, 11339, 12155, 12427, 12829, 13037, 13342, 14042, 14210, 14571, 15784, 17120, 18228, 18590, 18777, 18896, 19262, 20604, 21839, 22088, 22643, 23209, 23454, 23701]","[4595, 5041, 5485, 5644, 6694, 7246, 7567, 8898, 9174, 10877, 11339, 12155, 12427, 12829, 13342, 14210, 14571, 17120, 18228, 18590, 18896, 19262, 20604, 21839, 22088, 23454, 23701]","[297, 369, 1577, 2583, 2868, 3193, 3932, 7735, 7912, 13037, 14042, 15784, 18777, 22643, 23209]","[4595, 5041, 5485, 5644, 6354, 6529, 6694, 7246, 7567, 8354, 8898, 9174, 9626, 10530, 10877, 11339, 12155, 12427, 12829, 13342, 14210, 14571, 15900, 17120, 18228, 18590, 18896, 19262, 19970, 20319, 20604, 21466, 21839, 22088, 22474, 23454, 23701]",24993,42,24951,27,15,24941,10
5.0,HSCD14G,[159],[159],[],[159],1563,1,1562,1,0,1562,0
5.0,HSCKBG,"[876, 1619, 1824, 2570, 3521]","[1619, 1824, 3521]","[876, 2570]","[1341, 1619, 1824, 2380, 3174, 3521]",4193,5,4188,3,2,4185,3
5.0,HSCOMT2,"[589, 1075, 2188, 2378, 2897]",[2378],"[589, 1075, 2188, 2897]","[1630, 1959, 2378]",3644,5,3639,1,4,3637,2
5.0,HSCPH70,"[205, 633, 865, 2936, 3200, 3675, 4407, 4801]","[4407, 4801]","[205, 633, 865, 2936, 3200, 3675]","[1729, 4204, 4407, 4801]",6704,8,6696,2,6,6694,2
5.0,HSCSF1PO,"[359, 496, 779, 1965, 2816, 4479, 5647, 6579, 7061, 7572, 7831, 8287, 8680, 8694, 8725, 8943, 9217, 9575, 10227, 10249, 10517, 11059, 11063, 11515, 11707, 12975, 14683, 15733, 17882, 18046, 18156, 18208, 18465, 19724, 20123, 21311, 21444, 23668, 24260, 24806, 26605, 26732, 26963, 27465, 30823, 30890, 31040, 31739, 31942, 32108, 32301, 32402, 32862, 33816, 34006, 34015, 34399]","[1965, 7572, 8287, 10227, 11063, 17882, 18156, 18465, 20123, 26605, 27465, 30823, 31040, 32108, 32301, 34006]","[359, 496, 779, 2816, 4479, 5647, 6579, 7061, 7831, 8680, 8694, 8725, 8943, 9217, 9575, 10249, 10517, 11059, 11515, 11707, 12975, 14683, 15733, 18046, 18208, 19724, 21311, 21444, 23668, 24260, 24806, 26732, 26963, 30890, 31739, 31942, 32402, 32862, 33816, 34015, 34399]","[1965, 7572, 8287, 10227, 11063, 15036, 17882, 18156, 18465, 20123, 26605, 26837, 27465, 28627, 30823, 31040, 32108, 32301, 33091, 34006]",35093,57,35036,16,41,35032,4
5.0,HSCST3G,"[271, 1328, 2342, 3064, 3468, 3694, 3783, 3865, 4129, 5518, 6448, 7112]","[1328, 3694]","[271, 2342, 3064, 3468, 3783, 3865, 4129, 5518, 6448, 7112]","[1328, 3694]",7285,12,7273,2,10,7273,0
5.0,HSCYCLA,"[1029, 2406, 2954, 3668, 3731, 4168, 5338, 5389, 5911, 6323, 6982]","[2406, 3731, 4168, 5338, 5911]","[1029, 2954, 3668, 5389, 6323, 6982]","[1393, 2406, 3731, 4168, 5338, 5911, 6667]",8356,11,8345,5,6,8343,2
5.0,HSCYP216,"[255, 879, 1278, 1836, 2402]","[255, 879, 1278, 1836, 2402]",[],"[255, 442, 879, 1088, 1278, 1466, 1836, 2215, 2402]",2764,5,2759,5,0,2755,4
5.0,HSCYP45C,"[185, 947, 1772, 2667, 4680, 4963, 5008, 5801, 6016, 6248, 6562]","[5801, 6016, 6248]","[185, 947, 1772, 2667, 4680, 4963, 5008, 6562]","[4942, 5624, 5801, 6016, 6248]",7547,11,7536,3,8,7534,2
5.0,HSCYTOK17,"[396, 452, 488, 581, 1709, 2079, 2304, 2928, 2935, 3257, 3468, 4000, 4123, 4987]","[581, 1709, 2304, 4000, 4123]","[396, 452, 488, 2079, 2928, 2935, 3257, 3468, 4987]","[581, 1709, 2304, 3066, 3693, 4000, 4123]",5253,14,5239,5,9,5237,2
5.0,HSCYTOK20,"[1277, 3128, 3978, 5152, 5281, 5352, 8722, 9313, 9470, 10005, 10828, 12705, 16190, 16343, 16620]","[5281, 9470, 12705]","[1277, 3128, 3978, 5152, 5352, 8722, 9313, 10005, 10828, 16190, 16343, 16620]","[5281, 7512, 9470, 9984, 10271, 11940, 12705]",18054,15,18039,3,12,18035,4
5.0,HSDAO,"[588, 956, 1177, 1635, 1665, 1751, 2551, 3885, 6426, 6696, 7431]","[6426, 7431]","[588, 956, 1177, 1635, 1665, 1751, 2551, 3885, 6696]","[6426, 7431, 9013]",9896,11,9885,2,9,9884,1
5.0,HSERPG,"[628, 1340, 1683, 1943, 2474, 2768]","[628, 1340, 1683, 2474]","[1943, 2768]","[628, 1340, 1683, 2474]",3391,6,3385,4,2,3385,0
5.0,HSFAU1,"[505, 655, 857, 1096, 1129, 1557, 1613]","[857, 1096, 1613]","[505, 655, 1129, 1557]","[857, 1096, 1613]",2009,7,2002,3,4,2002,0
5.0,HSFESFPS,"[1227, 1553, 3873, 4008, 4522, 4547, 5405, 5924, 6240, 6445, 7150, 7634, 7757, 8052, 8069, 8546, 8782, 9151, 9176, 9371, 10015, 11511, 11788, 12225]","[1227, 1553, 5405, 5924, 6240, 6445, 7150, 7634, 8069, 8782, 9151, 9371, 10015]","[3873, 4008, 4522, 4547, 7757, 8052, 8546, 9176, 11511, 11788, 12225]","[1227, 1553, 3023, 3336, 5405, 5598, 5924, 6240, 6445, 7150, 7634, 8069, 8782, 9151, 9371, 9768, 10015]",12256,24,12232,13,11,12228,4
5.0,HSGCSFG,"[404, 735, 744, 748, 1230, 1521]","[404, 744, 1230, 1521]","[735, 748]","[404, 744, 1230, 1521]",2953,6,2947,4,2,2947,0
5.0,HSGEBCMA,"[607, 700, 1648, 2292, 3234, 3273, 3607]",[607],"[700, 1648, 2292, 3234, 3273, 3607]","[607, 1496]",3720,7,3713,1,6,3712,1
5.0,HSGGL2,"[202, 547, 1067]","[202, 547]",[1067],"[202, 547]",1621,3,1618,2,1,1618,0
5.0,HSGLA,"[852, 868, 901, 2148, 5269, 8378, 8413, 10369, 11761]","[5269, 8413]","[852, 868, 901, 2148, 8378, 10369, 11761]","[1374, 5269, 7447, 8413, 10293, 10708]",12429,9,12420,2,7,12416,4
5.0,HSGROW2,"[345, 1091]","[345, 1091]",[],"[345, 762, 1091, 1349]",1957,2,1955,2,0,1953,2
5.0,HSGSTM4,"[37, 522, 2142, 2232, 3516, 3953]",[37],"[522, 2142, 2232, 3516, 3953]","[37, 391, 874, 1262, 1458, 2469, 2670]",4835,6,4829,1,5,4823,6
5.0,HSGTRH,"[442, 515, 2205, 2322, 3816, 5548, 6275, 6552]","[2205, 3816]","[442, 515, 2322, 5548, 6275, 6552]","[2205, 3816]",7217,8,7209,2,6,7209,0
5.0,HSHMG17G,"[1538, 1793, 2037, 2279, 2524, 2946, 3403, 3415, 3620, 4021, 4342, 5920, 7188]","[2524, 3415, 3620, 4021]","[1538, 1793, 2037, 2279, 2946, 3403, 4342, 5920, 7188]","[2524, 3415, 3620, 4021, 4553]",7188,13,7175,4,9,7174,1
5.0,HSHNRNPA,"[49, 707, 814, 868, 1086, 1494, 1936, 2295, 2481, 2660, 2869, 3229, 3602, 3962, 4312]","[814, 1494, 1936, 2295, 2481, 2660, 2869, 3962]","[49, 707, 868, 1086, 3229, 3602, 4312]","[814, 1494, 1936, 2295, 2481, 2660, 2869, 3962]",5361,15,5346,8,7,5346,0
5.0,HSHOX51,"[1278, 1791, 2052, 2393, 2415, 4023, 4748]",[2052],"[1278, 1791, 2393, 2415, 4023, 4748]",[2052],6298,7,6291,1,6,6291,0
5.0,HSHSC70,"[27, 777, 1245, 1773, 2052, 2250, 3307, 3734, 5378]","[1245, 1773, 2250, 3307, 3734]","[27, 777, 2052, 5378]","[1245, 1773, 2250, 2893, 3307, 3734, 4114]",5401,9,5392,5,4,5390,2
5.0,HSIFNAR,"[329, 631, 830, 869, 1356, 1540, 2696, 4612, 5386, 7976, 8569, 8594, 10423, 13828, 15482, 16062, 16944, 19442, 20346, 21132, 21239, 22586, 22719, 23783, 24341, 25061, 25777, 27880, 28142, 28272, 29554, 30489]","[830, 16944, 19442, 21132, 25061, 29554]","[329, 631, 869, 1356, 1540, 2696, 4612, 5386, 7976, 8569, 8594, 10423, 13828, 15482, 16062, 20346, 21239, 22586, 22719, 23783, 24341, 25777, 27880, 28142, 28272, 30489]","[830, 11325, 16944, 19188, 19442, 21132, 25061, 25314, 28679, 29554]",32899,32,32867,6,26,32863,4
5.0,HSIFNG,"[1897, 2175, 2413, 2446, 3631]","[1897, 2175]","[2413, 2446, 3631]","[589, 1897, 2175]",5954,5,5949,2,3,5948,1
5.0,HSIL1AG,"[1617, 2208, 2949, 3215, 3939, 4326, 5343, 5580, 7384, 7940, 9436, 9875, 11229]","[2208, 3215, 4326, 7940]","[1617, 2949, 3939, 5343, 5580, 7384, 9436, 9875, 11229]","[2208, 3215, 4326, 6433, 7940]",11963,13,11950,4,9,11949,1
5.0,HSIL1B,"[1515, 2528, 3144, 3903, 7406]","[2528, 3144, 7406]","[1515, 3903]","[2528, 3144, 5327, 6039, 7406]",9705,5,9700,3,2,9698,2
5.0,HSINT2,"[1156, 2792, 3549, 9331, 9480, 10216, 10232, 10533, 10644, 10708]","[1156, 3549]","[2792, 9331, 9480, 10216, 10232, 10533, 10644, 10708]","[1156, 3549]",11601,10,11591,2,8,11591,0
5.0,HSL7A,"[2073, 2867, 3525, 4052, 4164, 4259, 4572, 4919]","[2073, 2867, 3525, 4164, 4572, 4919]","[4052, 4259]","[2073, 2867, 3525, 3881, 4164, 4572, 4919]",5499,8,5491,6,2,5490,1
5.0,HSLCATG,"[991, 1352, 1590, 1672, 2266, 2574, 2609, 4200, 5372, 5638, 6574]","[991, 2266, 2574]","[1352, 1590, 1672, 2609, 4200, 5372, 5638, 6574]","[991, 1881, 2076, 2266, 2574]",6894,11,6883,3,8,6881,2
5.0,HSMECDAG,"[716, 1393, 1456, 1805, 2149, 2517, 2584, 2588, 2593, 2601, 2776, 2966, 3170, 3202, 3353, 3544, 3852]","[1393, 2517, 2776, 2966, 3544, 3852]","[716, 1456, 1805, 2149, 2584, 2588, 2593, 2601, 3170, 3202, 3353]","[1393, 2517, 2776, 2966, 3544, 3852]",4363,17,4346,6,11,4346,0
5.0,HSMED,"[52, 277, 636, 789, 1354, 1998]",[1354],"[52, 277, 636, 789, 1998]","[1354, 1943, 2315, 4716]",5285,6,5279,1,5,5276,3
5.0,HSMT1H,"[20, 816, 1475, 2125]","[816, 1475]","[20, 2125]","[816, 1475]",2135,4,2131,2,2,2131,0
5.0,HSNCAMX1,"[1550, 1609, 1794, 2245, 2486, 2537, 2808, 4142, 4157, 4190, 4778, 6582, 7569, 7640, 7852, 8529, 8552, 9373, 9522, 10015, 10317, 10722, 11509, 11710, 11726, 12072, 12550, 12786, 13049, 13684, 13893, 14002]","[1609, 4142, 4778, 6582, 7569, 7852, 8529, 9373, 10015, 10317, 10722, 12072, 12550, 12786, 13049, 13893, 14002]","[1550, 1794, 2245, 2486, 2537, 2808, 4157, 4190, 7640, 8552, 9522, 11509, 11710, 11726, 13684]","[1609, 4142, 4778, 5218, 6315, 6582, 6983, 7316, 7569, 7852, 8529, 8809, 9068, 9373, 9571, 10015, 10317, 10722, 11667, 12072, 12283, 12550, 12786, 13049, 13487, 13893, 14002]",16281,32,16249,17,15,16239,10
5.0,HSNFM,"[417, 432, 1822, 2675, 3849, 4491]","[1822, 2675]","[417, 432, 3849, 4491]","[1822, 2675]",6229,6,6223,2,4,6223,0
5.0,HSODCG,"[1002, 1938, 2912, 3745, 3968, 4192, 4433, 4649, 5028, 5421, 5633, 7111, 7614, 8052, 8090, 8214, 8842, 8854]","[4192, 4649, 5028, 5421, 5633, 7111, 7614]","[1002, 1938, 2912, 3745, 3968, 4433, 8052, 8090, 8214, 8842, 8854]","[4192, 4649, 5028, 5421, 5633, 5893, 7111, 7306, 7614]",9036,18,9018,7,11,9016,2
5.0,HSODF2,"[4, 131, 158, 964, 993, 1375]",[],"[4, 131, 158, 964, 993, 1375]",[600],1423,6,1417,0,6,1416,1
5.0,HSPAT133,"[393, 654, 794, 1173, 1447, 1782]",[1447],"[393, 654, 794, 1173, 1782]",[1447],3713,6,3707,1,5,3707,0
5.0,HSPLAPL,"[599, 808, 827]","[599, 827]",[808],"[403, 599, 827]",1275,3,1272,2,1,1271,1
5.0,HSPRB3L,"[386, 566, 789, 896, 1103, 1412, 2934, 3083, 3376]",[566],"[386, 789, 896, 1103, 1412, 2934, 3083, 3376]","[566, 1537]",4509,9,4500,1,8,4499,1
5.0,HSPRB4S,"[518, 913, 1018, 1534, 2812, 2957]",[],"[518, 913, 1018, 1534, 2812, 2957]","[693, 1658]",5806,6,5800,0,6,5798,2
5.0,HSPSAG,"[447, 872, 1848, 4044, 4080]","[447, 1848, 4044]","[872, 4080]","[447, 1848, 3764, 4044]",5866,5,5861,3,2,5860,1
5.0,HSRPII145,"[449, 588, 908, 1097, 1181, 1233, 1378, 1535, 1688, 1729]","[449, 588, 908, 1233]","[1097, 1181, 1378, 1535, 1688, 1729]","[449, 588, 908, 1071, 1233]",2086,10,2076,4,6,2075,1
5.0,HSRPS7,"[115, 284, 404, 516, 1008, 1831, 2166, 2369, 2530, 3329, 3383, 4254, 4460, 5088, 5100, 5409, 5912, 6064, 6068, 6325, 6408, 6429]","[2166, 2369, 4254]","[115, 284, 404, 516, 1008, 1831, 2530, 3329, 3383, 4460, 5088, 5100, 5409, 5912, 6064, 6068, 6325, 6408, 6429]","[2166, 2369, 3108, 4254, 6734]",7506,22,7484,3,19,7482,2
5.0,HSSAA1B,"[862, 1009, 1543, 2345, 2367, 3876, 4013, 4712, 4744]",[1543],"[862, 1009, 2345, 2367, 3876, 4013, 4712, 4744]","[1543, 3845]",4816,9,4807,1,8,4806,1
5.0,HSSHBG,"[1016, 1058, 2672, 2810, 2867, 3148]","[1058, 3148]","[1016, 2672, 2810, 2867]","[472, 696, 1058, 1551, 1938, 2205, 3148]",3803,6,3797,2,4,3792,5
5.0,HSSSPN1AG,"[2066, 2330, 3028, 3360, 3491, 4053]","[3360, 3491]","[2066, 2330, 3028, 4053]","[1343, 1635, 1809, 3360, 3491]",4089,6,4083,2,4,4080,3
5.0,HSSURF3,"[284, 1033, 1692, 2048, 2160, 2209, 2321, 2415, 2729, 3074]","[284, 1033, 1692, 2048, 2321, 2729, 3074]","[2160, 2209, 2415]","[284, 1033, 1692, 2048, 2321, 2729, 3074]",3410,10,3400,7,3,3400,0
5.0,HSTNFB,"[836, 1375, 3015]",[1375],"[836, 3015]","[1375, 1567]",3030,3,3027,1,2,3026,1
5.0,HSTPI1G,"[746, 919, 972, 1558, 1685, 1817, 2035, 3181, 4376, 4651, 4849]","[746, 2035, 3181]","[919, 972, 1558, 1685, 1817, 4376, 4651, 4849]","[746, 2035, 2231, 2438, 2821, 3181]",4988,11,4977,3,8,4974,3
5.0,HSTUBAG,"[96, 536, 2065, 2287, 2584, 3733, 3759, 3843]","[536, 2287, 2584]","[96, 2065, 3733, 3759, 3843]","[536, 2287, 2584]",4080,8,4072,3,5,4072,0
5.0,HSU01102,"[275, 668, 817, 1671, 1943, 2568]",[668],"[275, 817, 1671, 1943, 2568]","[668, 3896]",4988,6,4982,1,5,4981,1
5.0,HSU04357,"[97, 1201, 1342, 1963]","[97, 1342]","[1201, 1963]","[97, 1342]",2075,4,2071,2,2,2071,0
5.0,HSU04636,"[103, 1018, 1935, 2199, 2996, 3608, 4424, 5359, 5723, 6008]","[1018, 1935, 2199, 2996, 3608, 4424, 5359, 6008]","[103, 5723]","[1018, 1935, 2199, 2996, 3608, 4424, 4790, 5359, 6008]",9446,10,9436,8,2,9435,1
5.0,HSU05259,"[782, 2091, 2173, 2435, 2685, 3045, 4128]","[782, 2685, 3045, 4128]","[2091, 2173, 2435]","[782, 2685, 3045, 4128]",5663,7,5656,4,3,5656,0
5.0,HSU07807,"[454, 459, 614, 757, 1040, 2736, 2873, 3386, 4350]","[757, 3386]","[454, 459, 614, 1040, 2736, 2873, 4350]","[757, 3386]",4832,9,4823,2,7,4823,0
5.0,HSU07983,"[390, 1286]",[390],[1286],[390],1419,2,1417,1,1,1417,0
5.0,HSU08198,"[676, 707, 895, 1072, 1124, 1316, 1392, 1689, 1811, 1845, 1900]","[895, 1124, 1316, 1689, 1811]","[676, 707, 1072, 1392, 1845, 1900]","[583, 895, 1124, 1316, 1689, 1811]",2337,11,2326,5,6,2325,1
5.0,HSU12421,"[311, 1400, 1941, 2080, 2255, 2434, 3573, 3747, 3869]","[311, 2080]","[1400, 1941, 2255, 2434, 3573, 3747, 3869]","[311, 2080]",4251,9,4242,2,7,4242,0
5.0,HSUBR,"[957, 1589, 2324, 3005]","[1589, 2324]","[957, 3005]","[1589, 2324]",3290,4,3286,2,2,3286,0
5.0,HSXBXVIII,"[473, 1189, 1193, 2137, 2596, 2723, 3019, 3123, 3248, 3339, 3371, 3859, 4586, 5486, 6115, 6240, 7675, 9475, 9633, 10107, 10425, 10687, 11843, 11870, 12085]","[11843, 12085]","[473, 1189, 1193, 2137, 2596, 2723, 3019, 3123, 3248, 3339, 3371, 3859, 4586, 5486, 6115, 6240, 7675, 9475, 9633, 10107, 10425, 10687, 11870]","[11405, 11589, 11843, 12085]",12637,25,12612,2,23,12610,2
5.0,HSZNGP1,"[445, 518, 565, 2672, 5752, 6347, 6435, 8597, 8986]",[518],"[445, 565, 2672, 5752, 6347, 6435, 8597, 8986]","[518, 4718, 8313]",9816,9,9807,1,8,9805,2
5.0,HUMADAG,"[1309, 1355, 1677, 2405, 3737, 4501, 4623, 4817, 5267, 5278, 5341, 5657, 11568, 11763, 13187, 13458, 13503, 14450, 15661, 17205, 17401, 18465, 19292, 19529, 20776, 21006, 21114, 22735, 22747, 23808, 24224, 24752, 26467, 26891, 28362, 28712, 28987, 29052, 29419, 29939, 30860, 31115, 31304, 31342, 32497, 32675, 32916, 33952, 34484, 34578, 34742, 35203, 36268]","[19292, 26467, 29052, 29939, 31304, 32497, 32675, 32916, 34484, 35203]","[1309, 1355, 1677, 2405, 3737, 4501, 4623, 4817, 5267, 5278, 5341, 5657, 11568, 11763, 13187, 13458, 13503, 14450, 15661, 17205, 17401, 18465, 19529, 20776, 21006, 21114, 22735, 22747, 23808, 24224, 24752, 26891, 28362, 28712, 28987, 29419, 30860, 31115, 31342, 33952, 34578, 34742, 36268]","[4064, 19292, 26467, 29052, 29939, 31304, 32497, 32675, 32916, 34484, 35203]",36734,53,36681,10,43,36680,1
5.0,HUMADPRF02,"[359, 1308, 1650, 2953, 3035, 3392, 4213, 4732, 4870, 5150]","[359, 1308, 1650]","[2953, 3035, 3392, 4213, 4732, 4870, 5150]","[359, 1308, 1650]",5160,10,5150,3,7,5150,0
5.0,HUMAPEXN,"[349, 1190, 1364, 1465, 1535, 1863, 2622]","[1465, 1863, 2622]","[349, 1190, 1364, 1535]","[1465, 1863, 2622]",3723,7,3716,3,4,3716,0
5.0,HUMAPOCII,"[184, 547, 571, 1557, 1778, 2995, 3223]",[2995],"[184, 547, 571, 1557, 1778, 3223]","[2995, 3321]",4333,7,4326,1,6,4325,1
5.0,HUMAPOE4,"[1064, 1091, 1225, 1773, 1914, 3200, 4292, 4313]","[1914, 3200]","[1064, 1091, 1225, 1773, 4292, 4313]","[1914, 3200]",5508,8,5500,2,6,5500,0
5.0,HUMATPGG,"[203, 1445, 1902, 4293, 5307, 5627, 6191, 6534, 6749, 7456, 7885, 9672, 10406, 12074, 14100, 14276]","[1445, 1902, 4293, 5307, 6534, 6749, 7456, 9672, 12074, 14100, 14276]","[203, 5627, 6191, 7885, 10406]","[1445, 1727, 1902, 2677, 4293, 4749, 5307, 6118, 6534, 6749, 7456, 8198, 9436, 9672, 9946, 10190, 11405, 12074, 13663, 14100, 14276]",15108,16,15092,11,5,15082,10
5.0,HUMBETGLOA,"[376, 687, 942, 1176, 1311, 2475, 2559]",[1311],"[376, 687, 942, 1176, 2475, 2559]","[958, 1311]",2995,7,2988,1,6,2987,1
5.0,HUMBETGLOB,"[374, 685, 940, 1174, 1309, 2473, 2557]",[1309],"[374, 685, 940, 1174, 2473, 2557]","[956, 1309]",2993,7,2986,1,6,2985,1
5.0,HUMBETGLOC,"[376, 687, 942, 1176, 1311, 2475, 2559]",[1311],"[376, 687, 942, 1176, 2475, 2559]","[958, 1311]",2995,7,2988,1,6,2987,1
5.0,HUMBETGLOD,"[376, 687, 942, 1176, 1311, 2475, 2559]",[1311],"[376, 687, 942, 1176, 2475, 2559]","[958, 1311]",2995,7,2988,1,6,2987,1
5.0,HUMBETGLOE,"[374, 685, 940, 1174, 1309, 2473, 2557]",[1309],"[374, 685, 940, 1174, 2473, 2557]","[956, 1309]",2993,7,2986,1,6,2985,1
5.0,HUMBETGLOF,"[376, 687, 942, 1176, 1311, 2475, 2559]",[1311],"[376, 687, 942, 1176, 2475, 2559]","[958, 1311]",2995,7,2988,1,6,2987,1
5.0,HUMBETGLOG,"[376, 687, 942, 1176, 1311, 2475, 2559]",[1311],"[376, 687, 942, 1176, 2475, 2559]","[958, 1311]",2995,7,2988,1,6,2987,1
5.0,HUMBETGLOH,"[376, 687, 942, 1176, 1311, 2475, 2559]",[1311],"[376, 687, 942, 1176, 2475, 2559]","[958, 1311]",2995,7,2988,1,6,2987,1
5.0,HUMBETGLOI,"[374, 685, 940, 1174, 1309, 2473, 2557]",[1309],"[374, 685, 940, 1174, 2473, 2557]","[956, 1309]",2993,7,2986,1,6,2985,1
5.0,HUMBETGLOJ,"[374, 685, 940, 1174, 1309, 2473, 2557]",[1309],"[374, 685, 940, 1174, 2473, 2557]","[956, 1309]",2993,7,2986,1,6,2985,1
5.0,HUMBETGLOK,"[374, 685, 940, 1174, 1309, 2473, 2557]",[1309],"[374, 685, 940, 1174, 2473, 2557]","[956, 1309]",2993,7,2986,1,6,2985,1
5.0,HUMBETGLOL,"[374, 685, 940, 1174, 1309, 2473, 2557]",[1309],"[374, 685, 940, 1174, 2473, 2557]","[956, 1309]",2993,7,2986,1,6,2985,1
5.0,HUMBETGLOM,"[373, 684, 939, 1173, 1308, 2472, 2556]",[1308],"[373, 684, 939, 1173, 2472, 2556]","[955, 1308]",2992,7,2985,1,6,2984,1
5.0,HUMBETGLON,"[374, 685, 940, 1174, 1309, 2473, 2557]",[1309],"[374, 685, 940, 1174, 2473, 2557]","[956, 1309]",2993,7,2986,1,6,2985,1
5.0,HUMBETGLOO,"[374, 685, 940, 1174, 1309, 2473, 2557]",[1309],"[374, 685, 940, 1174, 2473, 2557]","[956, 1309]",2993,7,2986,1,6,2985,1
5.0,HUMBETGLOP,"[374, 685, 940, 1174, 1309, 2473, 2557]",[1309],"[374, 685, 940, 1174, 2473, 2557]","[956, 1309]",2993,7,2986,1,6,2985,1
5.0,HUMBETGLOR,"[374, 685, 940, 1174, 1309, 2473, 2557]",[1309],"[374, 685, 940, 1174, 2473, 2557]","[956, 1309]",2993,7,2986,1,6,2985,1
5.0,HUMCBRG,"[1220, 2901, 3041]",[1220],"[2901, 3041]","[567, 1220]",3319,3,3316,1,2,3315,1
5.0,HUMCHYMASE,"[969, 3982, 4038, 5216, 5779, 6037, 7220, 7255, 7463, 8052]","[5216, 6037]","[969, 3982, 4038, 5779, 7220, 7255, 7463, 8052]","[5216, 6037, 6922, 7363]",8109,10,8099,2,8,8097,2
5.0,HUMCP21OH,"[92, 947, 1571, 1970, 2528, 3094]","[947, 1571, 1970, 2528, 3094]",[92],"[947, 1134, 1571, 1780, 1970, 2158, 2528, 2907, 3094]",4035,6,4029,5,1,4025,4
5.0,HUMCP21OHC,"[92, 948, 1572, 1971, 2529, 3096]","[948, 1572, 1971, 2529, 3096]",[92],"[948, 1135, 1572, 1781, 1971, 2159, 2529, 2908, 3096]",4037,6,4031,5,1,4027,4
5.0,HUMCS1,"[310, 565, 669, 1334, 1591, 2210]","[565, 1334, 1591]","[310, 669, 2210]","[565, 991, 1334, 1591]",2294,6,2288,3,3,2287,1
5.0,HUMCS3,"[312, 566, 671, 1334, 1588, 2214, 2520]","[566, 1334, 1588]","[312, 671, 2214, 2520]","[566, 991, 1334, 1588]",2733,7,2726,3,4,2725,1
5.0,HUMCSN2A,"[122, 3194, 4104, 4855, 5620, 5747, 6144, 7789, 8805, 9482]","[4855, 5747]","[122, 3194, 4104, 5620, 6144, 7789, 8805, 9482]","[4855, 5747, 6747, 6887, 8522]",10601,10,10591,2,8,10588,3
5.0,HUMCSPA,"[455, 982, 2276, 2929, 3200, 3691]","[982, 2276, 2929]","[455, 3200, 3691]","[982, 2276, 2929, 3392]",4784,6,4778,3,3,4777,1
5.0,HUMCTLA1,"[988, 1812, 2119, 2179, 2297, 2770, 3041, 3122, 3236, 3532, 3695]","[988, 2179, 2770, 3236]","[1812, 2119, 2297, 3041, 3122, 3532, 3695]","[988, 2179, 2770, 3236]",4521,11,4510,4,7,4510,0
5.0,HUMDEF5A,"[296, 1571, 1922, 2601]",[1571],"[296, 1922, 2601]",[1571],2873,4,2869,1,3,2869,0
5.0,HUMDZA2G,"[24, 296, 727, 829, 2003, 2928, 3942, 5316, 5389, 5436, 7542, 10624, 11212, 11300, 13467, 13857]",[5389],"[24, 296, 727, 829, 2003, 2928, 3942, 5316, 5436, 7542, 10624, 11212, 11300, 13467, 13857]","[5389, 9590, 13183]",14687,16,14671,1,15,14669,2
5.0,HUMELAFIN,"[326, 557, 1461]",[326],"[557, 1461]",[326],1871,3,1868,1,2,1868,0
5.0,HUMEPOHYDD,"[1107, 2164, 2289, 5656, 6115, 6422, 6537, 6542, 8696, 9045, 9132, 10475, 11832, 12105, 12409, 13804, 13924, 15705, 16085, 16775, 17075, 17080, 17789, 17810, 19204, 19373, 20683, 20857, 20883, 20954, 20979, 20994, 21354, 21945, 22251, 22952, 23010, 23497, 24469]","[5656, 8696, 16085, 16775, 19204, 21354]","[1107, 2164, 2289, 6115, 6422, 6537, 6542, 9045, 9132, 10475, 11832, 12105, 12409, 13804, 13924, 15705, 17075, 17080, 17789, 17810, 19373, 20683, 20857, 20883, 20954, 20979, 20994, 21945, 22251, 22952, 23010, 23497, 24469]","[5656, 8696, 15620, 16085, 16775, 19204, 21354]",24783,39,24744,6,33,24743,1
5.0,HUMG0S24B,[631],[631],[],[631],3128,1,3127,1,0,3127,0
5.0,HUMG0S8PP,"[784, 942, 2152, 2682, 3768, 3932, 4646]","[2682, 3768, 3932, 4646]","[784, 942, 2152]","[2682, 3768, 3932, 4646]",7338,7,7331,4,3,7331,0
5.0,HUMGAD45A,"[2457, 2461, 2596, 2968, 3645, 3730, 3880, 4167, 4171, 4956]","[2596, 3645]","[2457, 2461, 2968, 3730, 3880, 4167, 4171, 4956]","[2596, 3184, 3645]",5371,10,5361,2,8,5360,1
5.0,HUMGARE,"[810, 1467, 2243, 2411, 2653, 3133, 3207, 3213, 4469]","[810, 2653]","[1467, 2243, 2411, 3133, 3207, 3213, 4469]","[810, 2239, 2653, 3118]",4747,9,4738,2,7,4736,2
5.0,HUMGCK,"[1514, 1989, 3799, 3882, 4806, 5015, 5092, 5808, 6475]","[3882, 4806, 5015, 6475]","[1514, 1989, 3799, 5092, 5808]","[1188, 3360, 3882, 4312, 4806, 5015, 5452, 5964, 6475]",7530,9,7521,4,5,7516,5
5.0,HUMGFP40H,"[910, 1058, 1173, 1846, 1943, 2593, 3126, 4025]","[910, 1058, 1173, 2593]","[1846, 1943, 3126, 4025]","[910, 1058, 1173, 2593]",4372,8,4364,4,4,4364,0
5.0,HUMGHG,"[40, 689, 1983, 2636, 2907, 3398]","[689, 1983, 2636]","[40, 2907, 3398]","[689, 1983, 2636, 3099]",4445,6,4439,3,3,4438,1
5.0,HUMGHN,"[569, 673, 1316, 1574]","[569, 1316, 1574]",[673],"[569, 989, 1316, 1574]",2650,4,2646,3,1,2645,1
5.0,HUMGHV,"[432, 566, 1328, 1584, 2485]","[566, 1328, 1584]","[432, 2485]","[566, 998, 1328, 1584]",2653,5,2648,3,2,2647,1
5.0,HUMGSTM4A,"[777, 1272, 1844, 2098, 2925, 3023, 4311, 4760, 4913]",[777],"[1272, 1844, 2098, 2925, 3023, 4311, 4760, 4913]","[777, 1139, 1631, 2024, 2225, 3262, 3463]",6075,9,6066,1,8,6060,6
5.0,HUMHMGIY,"[720, 1075, 1472, 3749, 3875, 4529, 4627, 4660, 5150, 5496, 6544, 6687, 7102, 7133, 7166, 7270, 7274, 7962, 8043, 8361, 9286, 9390, 10022]","[4660, 6544, 7270]","[720, 1075, 1472, 3749, 3875, 4529, 4627, 5150, 5496, 6687, 7102, 7133, 7166, 7274, 7962, 8043, 8361, 9286, 9390, 10022]","[4660, 6544, 7270]",10103,23,10080,3,20,10080,0
5.0,HUMHOX13G,[380],[],[380],[811],3064,1,3063,0,1,3062,1
5.0,HUMHPARS1,"[1046, 1300, 2632, 3020, 3855, 4744, 5577, 6373, 7692, 7696, 8703, 8728, 9344, 9649, 9904, 10183, 11385]","[1046, 2632, 3020, 3855, 4744, 5577]","[1300, 6373, 7692, 7696, 8703, 8728, 9344, 9649, 9904, 10183, 11385]","[1046, 2632, 3020, 3855, 4744, 5577]",11544,17,11527,6,11,11527,0
5.0,HUMIBP3,"[1409, 1556, 2441, 2457, 2584, 2845, 2935, 3142, 3356, 3924, 4247, 4304, 4358, 4406, 4924, 6617, 8353, 8677]","[2441, 6617]","[1409, 1556, 2457, 2584, 2845, 2935, 3142, 3356, 3924, 4247, 4304, 4358, 4406, 4924, 8353, 8677]","[2441, 5953, 6617]",10877,18,10859,2,16,10858,1
5.0,HUMIDS,"[1972, 2038, 2248, 2376, 3243, 3321, 4119, 4174, 4778, 4865, 5244, 5385, 5850, 6178, 8086, 8364, 9161, 9282, 10877, 11158, 11397, 11401, 12302, 14418, 14655, 15879, 15901, 18130, 18552, 18689, 21930, 22369, 22809, 23494, 25810, 28973, 29400, 29441, 29518, 29555, 29710, 30410, 30535, 31004, 31147, 32099, 33900, 34645, 35761]","[2038, 5244, 8086, 15879]","[1972, 2248, 2376, 3243, 3321, 4119, 4174, 4778, 4865, 5385, 5850, 6178, 8364, 9161, 9282, 10877, 11158, 11397, 11401, 12302, 14418, 14655, 15901, 18130, 18552, 18689, 21930, 22369, 22809, 23494, 25810, 28973, 29400, 29441, 29518, 29555, 29710, 30410, 30535, 31004, 31147, 32099, 33900, 34645, 35761]","[1160, 2038, 2882, 5244, 8086, 9847, 15879, 19268]",36838,49,36789,4,45,36785,4
5.0,HUMIGERA,"[68, 1089, 1342, 1797, 2173, 2574, 3105, 4527, 4792, 5168]","[1342, 1797, 3105, 5168]","[68, 1089, 2173, 2574, 4527, 4792]","[1342, 1797, 3105, 5168]",7652,10,7642,4,6,7642,0
5.0,HUMIL2RGA,"[28, 231, 772, 840, 1232, 1476, 1646, 1980, 2683, 3031, 3126, 3353]","[1476, 3031, 3353]","[28, 231, 772, 840, 1232, 1646, 1980, 2683, 3126]","[203, 735, 1128, 1476, 2402, 3031, 3353]",4031,12,4019,3,9,4015,4
5.0,HUMIL4A,"[67, 189, 491, 1306, 1626, 3234, 3254, 7003, 7433, 7514, 7981, 8407, 8466, 8512]","[1306, 1626, 7003]","[67, 189, 491, 3234, 3254, 7433, 7514, 7981, 8407, 8466, 8512]","[1306, 1626, 7003]",9893,14,9879,3,11,9879,0
5.0,HUMIRBPG,"[786, 1819, 1823, 3181, 3221, 3550, 4672, 5069, 5157, 6592, 7160, 9262]","[3181, 5157, 7160]","[786, 1819, 1823, 3221, 3550, 4672, 5069, 6592, 9262]","[3181, 5157, 7160]",9704,12,9692,3,9,9692,0
5.0,HUMLHDC,"[166, 1727, 3070, 4925, 5561, 6016, 7415, 8992, 9773, 10512, 11183, 11221, 11774, 12252, 12354, 13017, 14169, 14605, 14811, 16409, 18382, 18464, 18855, 18932, 19312, 19921, 20300, 20482, 22046, 22090, 22140, 22928, 23463, 25563, 28493, 28671, 29151, 30438, 31819, 32156]","[7415, 9773, 14605, 18382, 19312, 20300, 20482]","[166, 1727, 3070, 4925, 5561, 6016, 8992, 10512, 11183, 11221, 11774, 12252, 12354, 13017, 14169, 14811, 16409, 18464, 18855, 18932, 19921, 22046, 22090, 22140, 22928, 23463, 25563, 28493, 28671, 29151, 30438, 31819, 32156]","[7415, 9773, 14605, 15584, 18382, 18782, 19312, 20300, 20482, 24666, 29773]",32344,40,32304,7,33,32300,4
5.0,HUMLUCT,"[1550, 2505, 2861]","[1550, 2505, 2861]",[],"[1550, 2505, 2861]",3289,3,3286,3,0,3286,0
5.0,HUMLYTOXBB,"[1235, 1357, 2157, 2202, 2657, 2734, 2934, 3207, 3376, 3631, 4477, 5291, 5345, 5349, 5530, 6032]","[2934, 3376, 3631]","[1235, 1357, 2157, 2202, 2657, 2734, 3207, 4477, 5291, 5345, 5349, 5530, 6032]","[2934, 3376, 3631]",6298,16,6282,3,13,6282,0
5.0,HUMMCHEMP,"[159, 674, 812, 1590]","[674, 1590]","[159, 812]","[674, 1590]",2758,4,2754,2,2,2754,0
5.0,HUMMET2,"[866, 1233]","[866, 1233]",[],"[866, 1233]",1696,2,1694,2,0,1694,0
5.0,HUMMGPA,"[845, 1628, 2515, 3516, 3748, 4493, 6334, 7617]","[3516, 6334]","[845, 1628, 2515, 3748, 4493, 7617]","[3516, 5093, 6334]",7727,8,7719,2,6,7718,1
5.0,HUMMIF,"[753, 1643]",[1643],[753],"[1281, 1643]",2160,2,2158,1,1,2157,1
5.0,HUMMIS,"[623, 1489, 1639, 1887]","[623, 1639, 1887]",[1489],"[623, 1358, 1639, 1887]",3093,4,3089,3,1,3088,1
5.0,HUMMKXX,"[1168, 1574, 1737, 2463, 2985]",[1737],"[1168, 1574, 2463, 2985]","[1415, 1737, 2019]",3301,5,3296,1,4,3294,2
5.0,HUMNKG5PRO,"[1055, 1644, 2262, 2639, 2715, 3215, 3283, 3848, 3982, 5468, 6599]","[2262, 3215, 3848, 5468]","[1055, 1644, 2639, 2715, 3283, 3982, 6599]","[2262, 3215, 3848, 5468]",6739,11,6728,4,7,6728,0
5.0,HUMNTRI,"[1247, 2145, 2802, 3141, 3151]",[2802],"[1247, 2145, 3141, 3151]",[2802],3703,5,3698,1,4,3698,0
5.0,HUMNTRIII,"[1247, 2145, 2802, 3141, 3151]",[2802],"[1247, 2145, 3141, 3151]",[2802],3703,5,3698,1,4,3698,0
5.0,HUMOSTP,"[214, 1549, 3054, 3509, 3657, 4738, 6004, 6420, 6986, 7897, 8035, 8832, 10776]","[3509, 3657, 6986]","[214, 1549, 3054, 4738, 6004, 6420, 7897, 8035, 8832, 10776]","[3509, 3657, 6679, 6986, 8349]",10731,13,10718,3,10,10716,2
5.0,HUMPAP,"[1012, 1410, 1970, 2089, 3167, 3342, 4164]","[1410, 2089, 3167]","[1012, 1970, 3342, 4164]","[1410, 2089, 2414, 3167]",4490,7,4483,3,4,4482,1
5.0,HUMPCI,"[312, 1538, 2078, 2226, 2298, 2586, 2812, 3307, 3575, 4697, 4859, 5210, 5543, 7199, 8384, 8568, 8725, 9603, 11275, 11483, 14117, 14121, 14247, 15064]","[8568, 11483]","[312, 1538, 2078, 2226, 2298, 2586, 2812, 3307, 3575, 4697, 4859, 5210, 5543, 7199, 8384, 8725, 9603, 11275, 14117, 14121, 14247, 15064]","[8568, 10898, 11483]",15564,24,15540,2,22,15539,1
5.0,HUMPEM,"[693, 700, 934, 1033, 1537, 2266, 2707, 2973, 3203, 3297, 3590, 3904]","[934, 2266, 2707, 2973, 3203]","[693, 700, 1033, 1537, 3297, 3590, 3904]","[934, 2266, 2421, 2707, 2973, 3203]",4236,12,4224,5,7,4223,1
5.0,HUMPEPYYA,"[647, 727, 1201, 1307, 1537, 1699, 1824, 2196, 2243]",[1201],"[647, 727, 1307, 1537, 1699, 1824, 2196, 2243]","[1201, 1388]",2371,9,2362,1,8,2361,1
5.0,HUMPF4V1A,"[11, 199, 381, 826]","[381, 826]","[11, 199]","[381, 826]",1461,4,1457,2,2,1457,0
5.0,HUMPHOSA,"[233, 425, 850, 1494, 1555, 1810, 2185, 3209]","[233, 850, 1494, 1810, 3209]","[425, 1555, 2185]","[233, 850, 1494, 1810, 2323, 2988, 3209, 3729]",4885,8,4877,5,3,4874,3
5.0,HUMPRCA,"[130, 684, 1687, 2201, 2304, 2309, 2354, 3181, 3438, 4175, 4778, 5118, 5348, 5452, 5585, 8584, 10977, 10987, 11461]","[2201, 5118, 5348, 5585]","[130, 684, 1687, 2304, 2309, 2354, 3181, 3438, 4175, 4778, 5452, 8584, 10977, 10987, 11461]","[2201, 3631, 5118, 5348, 5585, 8396, 9387]",11718,19,11699,4,15,11696,3
5.0,HUMPREELAS,"[596, 826, 1729]",[596],"[826, 1729]",[596],2293,3,2290,1,2,2290,0
5.0,HUMPRPHX,"[71, 1143, 1475, 1838, 2127, 2502, 2869, 3173, 3322, 3633, 4225]","[1838, 2127, 2869, 3173, 3322, 3633]","[71, 1143, 1475, 2502, 4225]","[1346, 1838, 2127, 2652, 2869, 3173, 3322, 3633]",4525,11,4514,6,5,4512,2
5.0,HUMRCC1,"[108, 486, 638, 654, 2711, 4304, 4379, 4555, 4654, 4733, 4737, 5210, 5479, 5545, 5741, 7271, 11134, 11415, 12573, 13360, 13819, 14368, 14604, 14697, 15440, 15532, 16316, 16526, 20918, 22033, 22205, 24194, 24201, 26108, 26218, 26579, 26701, 26808, 28010, 28244, 28523, 28893, 29247, 29766, 30235, 33278]","[24201, 26218, 26579, 28010, 28244, 28893, 29247, 29766]","[108, 486, 638, 654, 2711, 4304, 4379, 4555, 4654, 4733, 4737, 5210, 5479, 5545, 5741, 7271, 11134, 11415, 12573, 13360, 13819, 14368, 14604, 14697, 15440, 15532, 16316, 16526, 20918, 22033, 22205, 24194, 26108, 26701, 26808, 28523, 30235, 33278]","[24201, 26218, 26579, 28010, 28244, 28893, 29247, 29766]",34634,46,34588,8,38,34588,0
5.0,HUMREGHOM,"[52, 274, 684, 1419, 1864, 1909, 2739, 2825]","[684, 1419, 1864, 2739]","[52, 274, 1909, 2825]","[684, 1419, 1864, 2739]",3404,8,3396,4,4,3396,0
5.0,HUMROD1X,"[1242, 1876, 2227, 2343, 2695]","[1242, 1876]","[2227, 2343, 2695]","[1242, 1876]",2834,5,2829,2,3,2829,0
5.0,HUMRPIB2,"[510, 899, 1121, 1531, 2268, 2713, 2758, 3588, 3674]","[1531, 2268, 2713, 3588]","[510, 899, 1121, 2758, 3674]","[1531, 2268, 2713, 3588]",4330,9,4321,4,5,4321,0
5.0,HUMRPS6B,"[359, 1168, 1543, 1838, 2178, 3893, 4432]","[359, 1838, 2178]","[1168, 1543, 3893, 4432]","[359, 1059, 1838, 2178, 4051]",4967,7,4960,3,4,4958,2
5.0,HUMSEMI,"[578, 793, 806, 975, 2547, 2979, 3074, 3496]",[793],"[578, 806, 975, 2547, 2979, 3074, 3496]",[793],4157,8,4149,1,7,4149,0
5.0,HUMSEMIIB,"[493, 1298, 1316, 1389, 2616, 3769, 4271, 4486, 4499, 4667, 5820, 6304, 6446, 7146, 7944]",[4486],"[493, 1298, 1316, 1389, 2616, 3769, 4271, 4499, 4667, 5820, 6304, 6446, 7146, 7944]",[4486],8217,15,8202,1,14,8202,0
5.0,HUMSTATH2,"[911, 1553, 2025, 2627, 2848]",[1553],"[911, 2025, 2627, 2848]","[353, 1553, 1675]",4716,5,4711,1,4,4709,2
5.0,HUMTBGA,"[854, 1021, 1646, 2681, 3355, 4941, 5164, 5231, 6314, 6841, 7144, 7395, 8362]","[4941, 7144]","[854, 1021, 1646, 2681, 3355, 5164, 5231, 6314, 6841, 7395, 8362]","[4941, 6265, 7144]",8762,13,8749,2,11,8748,1
5.0,HUMTCRBRA,[278],[278],[],[278],729,1,728,1,0,728,0
5.0,HUMTHROMA,"[159, 787, 1277, 1985, 2344, 2384, 2717, 4817, 5134, 5715]","[1985, 2344, 2717, 4817]","[159, 787, 1277, 2384, 5134, 5715]","[1985, 2344, 2717, 4817]",6156,10,6146,4,6,6146,0
5.0,HUMTNP2SS,"[80, 86]",[],"[80, 86]",[658],1775,2,1773,0,2,1772,1
5.0,HUMTPALBU,"[313, 1621, 2692, 2741, 4587, 5992]","[1621, 2741]","[313, 2692, 4587, 5992]","[1094, 1621, 2741, 3425, 4361]",6165,6,6159,2,4,6156,3
5.0,HUMTRHYAL,"[201, 1120, 1645, 2232, 6019, 6556]",[1645],"[201, 1120, 2232, 6019, 6556]",[1645],9544,6,9538,1,5,9538,0
5.0,HUMTSHB2,"[187, 780]",[187],[780],[187],979,2,977,1,1,977,0
5.0,HUMV2R,"[261, 1366, 1507, 2128]","[261, 1507]","[1366, 2128]","[261, 1507]",2275,4,2271,2,2,2271,0
5.0,HYPSCGH,"[41, 806, 889, 1039, 1624]","[41, 1039, 1624]","[806, 889]","[41, 451, 1039, 1624]",2477,5,2472,3,2,2471,1
5.0,LAYEGLOBIN,"[222, 238, 584, 1185, 1197]","[238, 584]","[222, 1185, 1197]","[238, 584]",1695,5,1690,2,3,1690,0
5.0,LEBGLOB,"[94, 142, 157, 1501, 1561, 1791, 1926, 3171]",[1926],"[94, 142, 157, 1501, 1561, 1791, 3171]","[1577, 1926]",3639,8,3631,1,7,3630,1
5.0,LNOEGLOBIN,"[236, 587, 1185, 1197]","[236, 587]","[1185, 1197]","[236, 587]",1691,4,1687,2,2,1687,0
5.0,MACHBGA1,"[283, 495, 841, 1370]","[495, 841]","[283, 1370]","[495, 841]",2098,4,2094,2,2,2094,0
5.0,MACHBGA2,"[281, 493, 839, 1367]","[493, 839]","[281, 1367]","[493, 839]",2101,4,2097,2,2,2097,0
5.0,MAMGLUTRA,"[484, 2406, 2745, 3175, 4252, 4974, 5131]","[484, 2745]","[2406, 3175, 4252, 4974, 5131]","[484, 821, 1255, 1627, 1819, 2745, 2938]",6288,7,6281,2,5,6276,5
5.0,MAU09941,"[1031, 1166, 1803, 1830, 1846, 2427, 2667, 3134]",[1830],"[1031, 1166, 1803, 1846, 2427, 2667, 3134]",[1830],3799,8,3791,1,7,3791,0
5.0,MFAPOA2A,"[133, 226, 379, 587, 785, 1422]","[379, 785]","[133, 226, 587, 1422]","[379, 785]",1490,6,1484,2,4,1484,0
5.0,MFAPOC3A,"[1239, 2232, 2384]",[],"[1239, 2232, 2384]","[913, 1172]",3255,3,3252,0,3,3250,2
5.0,MMA2IXCOA,"[859, 878, 1757, 1812, 1866, 1881, 3132, 4386, 5665, 5682, 5831, 6355, 6930, 7102, 7250, 7371, 7658, 7684, 8064, 8216, 8539, 8882, 9209, 9322, 9467, 9609, 9626, 10270, 10304, 10930, 11426, 11611, 13033, 13111, 13447, 13726, 14575, 15021, 15597, 15933, 16114, 16240, 16522, 16811, 17106, 17275, 18283]","[3132, 4386, 5682, 5831, 7102, 7250, 7371, 7684, 8064, 8216, 8539, 8882, 9322, 9467, 9626, 13033, 13447, 13726, 14575, 15021, 15597, 15933, 16114, 16240, 16522, 16811, 17275]","[859, 878, 1757, 1812, 1866, 1881, 5665, 6355, 6930, 7658, 9209, 9609, 10270, 10304, 10930, 11426, 11611, 13111, 17106, 18283]","[3132, 4386, 5682, 5831, 7102, 7250, 7371, 7684, 8064, 8216, 8401, 8539, 8882, 9322, 9467, 9626, 13033, 13447, 13726, 14575, 15021, 15338, 15597, 15746, 15933, 16114, 16240, 16522, 16811, 17275, 17647]",19472,47,19425,27,20,19421,4
5.0,MMACLGNA,"[474, 1458, 1499, 2537, 3107, 3178]","[474, 3178]","[1458, 1499, 2537, 3107]","[474, 3178]",3874,6,3868,2,4,3868,0
5.0,MMAPOG,"[265, 536, 1186, 1456]",[536],"[265, 1186, 1456]","[536, 806]",2169,4,2165,1,3,2164,1
5.0,MMASM1G,"[1088, 3245, 3367, 3599, 3745]","[1088, 3245, 3745]","[3367, 3599]","[1088, 2244, 2928, 3245, 3745]",4768,5,4763,3,2,4761,2
5.0,MMCASEIB,"[2857, 4901, 4916, 5615, 6252, 6603, 7023, 7160, 7964, 9803, 10443, 11758, 11838, 13000]","[6252, 7023, 7160, 9803]","[2857, 4901, 4916, 5615, 6603, 7964, 10443, 11758, 11838, 13000]","[6252, 7023, 7160, 8126, 8252, 9803]",13047,14,13033,4,10,13031,2
5.0,MMCD24A,"[233, 477, 1126, 1969, 2486, 3805, 3949, 5478, 6441, 7063, 7475]",[2486],"[233, 477, 1126, 1969, 3805, 3949, 5478, 6441, 7063, 7475]",[2486],7635,11,7624,1,10,7624,0
5.0,MMCFOS,"[844, 1850, 2162, 2363, 3414]","[844, 1850, 2363]","[2162, 3414]","[844, 1850, 2363]",3960,5,3955,3,2,3955,0
5.0,MMCOL10A,"[560, 1070, 1518, 1802, 1964, 2931, 3918, 4222, 4974, 5660, 6146, 6371, 6704, 7009, 7192, 7282, 7335, 9284, 9322]",[1802],"[560, 1070, 1518, 1964, 2931, 3918, 4222, 4974, 5660, 6146, 6371, 6704, 7009, 7192, 7282, 7335, 9284, 9322]",[1802],9324,19,9305,1,18,9305,0
5.0,MMCRPG,"[375, 929]",[375],[929],[375],2133,2,2131,1,1,2131,0
5.0,MMCYTOKNA,"[810, 1580, 1881]",[810],"[1580, 1881]","[810, 1559]",2552,3,2549,1,2,2548,1
5.0,MMDM2RR,"[665, 854, 878, 1651, 1846, 2407, 2702, 3262, 3378, 3701, 3962, 4663, 4925, 5134, 6030]","[665, 854, 1651, 2702, 3701, 3962, 4925, 5134]","[878, 1846, 2407, 3262, 3378, 4663, 6030]","[665, 854, 1305, 1651, 2702, 3701, 3962, 4925, 5134]",6633,15,6618,8,7,6617,1
5.0,MMDNAASFA,"[542, 855, 918, 1497, 1576, 2357, 2406, 3306, 3558]","[855, 1576, 2357]","[542, 918, 1497, 2406, 3306, 3558]","[855, 1241, 1576, 1823, 2135, 2357, 2695]",4311,9,4302,3,6,4298,4
5.0,MMEZGL,"[589, 637, 910, 1276, 1599]","[589, 1599]","[637, 910, 1276]","[589, 1599]",1947,5,1942,2,3,1942,0
5.0,MMG37,"[265, 348, 788, 2119, 2363, 2570, 2771, 2788]","[788, 2119, 2363, 2570]","[265, 348, 2771, 2788]","[332, 788, 1303, 2119, 2363, 2570]",3066,8,3058,4,4,3056,2
5.0,MMGBCRYA,"[671, 1003, 1718]","[671, 1003]",[1718],"[671, 1003]",2655,3,2652,2,1,2652,0
5.0,MMGCCRYA,"[721, 1056, 1430, 1790, 1807, 2488, 2655]","[721, 1056]","[1430, 1790, 1807, 2488, 2655]","[721, 1056]",2885,7,2878,2,5,2878,0
5.0,MMGFAPD,"[108, 1901, 2449, 3473, 4335, 5452, 7253, 7902, 7907, 8227, 9788]","[1901, 4335, 5452, 7907]","[108, 2449, 3473, 7253, 7902, 8227, 9788]","[713, 1624, 1901, 2995, 3906, 4335, 5452, 7907]",9964,11,9953,4,7,9949,4
5.0,MMGGLINE,"[204, 2076, 2288, 2634, 3162, 4429, 4813, 6374, 6955, 7167, 7513, 8041, 8852, 9179]","[7167, 7513]","[204, 2076, 2288, 2634, 3162, 4429, 4813, 6374, 6955, 8041, 8852, 9179]","[7167, 7513]",11279,14,11265,2,12,11265,0
5.0,MMGK5,"[695, 1805, 2825, 2850, 3525]","[695, 1805, 2825]","[2850, 3525]","[695, 1805, 2595, 2825]",3603,5,3598,3,2,3597,1
5.0,MMH2D4Q5,"[159, 644]","[159, 644]",[],"[159, 644]",1101,2,1099,2,0,1099,0
5.0,MMHOX13,"[369, 1037, 1570, 1651]",[],"[369, 1037, 1570, 1651]",[800],2828,4,2824,0,4,2823,1
5.0,MMHOX24I,"[837, 1264]",[837],[1264],[837],1916,2,1914,1,1,1914,0
5.0,MMIL1BG,"[572, 1356, 1567, 1803, 1938, 4398, 5679]","[1356, 1938, 4398, 5679]","[572, 1567, 1803]","[1356, 1938, 3680, 4398, 5679]",7093,7,7086,4,3,7085,1
5.0,MMIL3G,"[129, 469, 686, 824, 1913, 2090, 2583]","[686, 824, 1913, 2090]","[129, 469, 2583]","[686, 824, 1913, 2090]",3483,7,3476,4,3,3476,0
5.0,MMIL5G,"[731, 980, 1593, 1625, 2262, 3597, 4806, 5303, 5441, 5742]","[731, 1593, 3597]","[980, 1625, 2262, 4806, 5303, 5441, 5742]","[731, 1593, 3597]",6720,10,6710,3,7,6710,0
5.0,MMKFGF,"[542, 976, 1045, 1337, 1556, 2484, 2561, 2886]","[542, 1045]","[976, 1337, 1556, 2484, 2561, 2886]","[542, 1045]",3982,8,3974,2,6,3974,0
5.0,MMLDHAG,"[105, 1906, 2132, 2774, 4167, 4377, 4577, 4824, 5333, 6042, 7171, 7208, 7338, 7668, 7780, 7959, 8206, 8280, 8315, 8402, 8597, 9999, 11532]","[4577, 7171, 7668, 8597]","[105, 1906, 2132, 2774, 4167, 4377, 4824, 5333, 6042, 7208, 7338, 7780, 7959, 8206, 8280, 8315, 8402, 9999, 11532]","[4577, 5919, 7171, 7668, 8597, 10704]",12844,23,12821,4,19,12819,2
5.0,MMMMP9A,"[1476, 1890, 2008, 2375, 2781, 3064, 3945, 4206, 4321, 4492, 4864, 5695, 5716, 6356, 6564]","[2008, 2375, 2781, 3064, 3945, 4206, 5695, 6356, 6564]","[1476, 1890, 4321, 4492, 4864, 5716]","[1341, 2008, 2375, 2781, 3064, 3418, 3945, 4206, 5695, 5936, 6356, 6564]",8183,15,8168,9,6,8165,3
5.0,MMMRPS24,"[404, 1460, 2253, 2987, 3137, 3934, 5070]","[404, 1460, 3137]","[2253, 2987, 3934, 5070]","[404, 1460, 1761, 3137]",5492,7,5485,3,4,5484,1
5.0,MMMTIX,"[402, 706, 951]","[402, 951]",[706],"[402, 951]",1553,3,1550,2,1,1550,0
5.0,MMMUPBS6,"[731, 2425, 3236]","[731, 3236]",[2425],"[731, 1203, 2045, 2793, 3236]",4615,3,4612,2,1,4609,3
5.0,MMMYCL,"[806, 919, 1615, 1787, 2042, 4673, 6619, 6752, 7565, 8161]",[1787],"[806, 919, 1615, 2042, 4673, 6619, 6752, 7565, 8161]",[1787],8309,10,8299,1,9,8299,0
5.0,MMNFMG,"[120, 1634, 4409, 4448, 4619, 4804, 4855]",[1634],"[120, 4409, 4448, 4619, 4804, 4855]","[1634, 2540]",5464,7,5457,1,6,5456,1
5.0,MMNMYC,[1163],[1163],[],[1163],4800,1,4799,1,0,4799,0
5.0,MMNUCLEO,"[784, 863, 2042, 3040, 3141, 3984, 4071, 4293, 4464, 4879, 5198, 5879, 6230, 6530, 6879, 8122, 8304, 8928, 9050, 9881, 10179, 10436, 10506, 11016]","[2042, 3141, 4293, 4879, 5198, 6230, 8122, 9050, 9881, 10436]","[784, 863, 3040, 3984, 4071, 4464, 5879, 6530, 6879, 8304, 8928, 10179, 10506, 11016]","[2042, 3141, 4293, 4694, 4879, 5198, 6230, 7517, 8122, 8738, 9050, 9881, 10436]",11471,24,11447,10,14,11444,3
5.0,MMODC2,"[331, 737, 1053, 1374, 1557, 2508, 2523, 2702, 2999, 3433, 4219]","[331, 737, 1053, 1374, 1557, 2508, 2702, 2999]","[2523, 3433, 4219]","[331, 737, 1053, 1374, 1557, 1801, 2508, 2702, 2999]",4253,11,4242,8,3,4241,1
5.0,MMOESTEOP,"[510, 993, 1127, 1666, 2605, 2609, 2821, 4452, 4834]","[993, 1127, 2821]","[510, 1666, 2605, 2609, 4452, 4834]","[993, 1127, 2283, 2821, 4101]",5775,9,5766,3,6,5764,2
5.0,MMPO,"[324, 475, 561, 1709, 1950, 2446, 3054, 3728, 3749, 5312, 6250, 6833, 6901, 7167, 7842, 8043, 8109, 8907, 9716, 9903, 10001, 10055, 10756]","[2446, 3728, 7167, 8907, 9903]","[324, 475, 561, 1709, 1950, 3054, 3749, 5312, 6250, 6833, 6901, 7842, 8043, 8109, 9716, 10001, 10055, 10756]","[2193, 2446, 2948, 3503, 3728, 4018, 4769, 7167, 8440, 8907, 9903]",11906,23,11883,5,18,11877,6
5.0,MMPPSOMA,"[562, 722, 1034, 1208, 1248, 2049]",[1034],"[562, 722, 1208, 1248, 2049]",[1034],2557,6,2551,1,5,2551,0
5.0,MMPROP2,[],[],[],[289],713,0,713,0,0,712,1
5.0,MMPROT1,"[312, 759]",[759],[312],[759],1179,2,1177,1,1,1177,0
5.0,MMPROT2,"[361, 508, 615, 1218]",[1218],"[361, 508, 615]",[1218],1569,4,1565,1,3,1565,0
5.0,MMSAP,"[441, 1558]",[441],[1558],[441],1869,2,1867,1,1,1867,0
5.0,MMSCIMIP,"[415, 1017, 1054]","[415, 1017]",[1054],"[415, 1017]",1981,3,1978,2,1,1978,0
5.0,MMSYNDE1A,"[1054, 1345, 1483, 1992, 2151, 2623, 4867, 5772, 6256, 6622, 8043, 8442, 9076, 9867, 10903, 11397, 11583, 11858, 12132, 13599, 13723, 13851, 14080, 15172, 15203, 15299, 15845, 16744, 16770, 17647, 17701, 18837, 19009, 19057, 19424, 19542, 19726, 19767, 20385, 20735, 20942, 21888, 22120, 22488, 22707, 22802, 23203]","[1345, 19009, 20385, 20942]","[1054, 1483, 1992, 2151, 2623, 4867, 5772, 6256, 6622, 8043, 8442, 9076, 9867, 10903, 11397, 11583, 11858, 12132, 13599, 13723, 13851, 14080, 15172, 15203, 15299, 15845, 16744, 16770, 17647, 17701, 18837, 19057, 19424, 19542, 19726, 19767, 20735, 21888, 22120, 22488, 22707, 22802, 23203]","[1345, 19009, 20385, 20942]",23593,47,23546,4,43,23546,0
5.0,MMTHY1G,"[183, 1009, 1156]",[1009],"[183, 1156]","[80, 1009]",2683,3,2680,1,2,2679,1
5.0,MMTLAC,"[299, 748, 1171, 3092, 3509, 4297, 4373]","[299, 748, 1171, 3092]","[3509, 4297, 4373]","[299, 748, 1171, 3092, 3338]",5250,7,5243,4,3,5242,1
5.0,MMTNFBG,"[524, 1196, 1553, 1728]",[1728],"[524, 1196, 1553]","[1728, 1911]",3212,4,3208,1,3,3207,1
5.0,MMTROPIB,"[183, 1744, 1749, 1832, 1932, 2033, 4580, 4604, 4620, 4748]","[1932, 4604]","[183, 1744, 1749, 1832, 2033, 4580, 4620, 4748]","[1697, 1932, 2185, 2656, 3037, 3564, 4604]",5684,10,5674,2,8,5669,5
5.0,MMTUM198,"[120, 1849, 2818, 3313, 3587, 3818, 4180, 4220]","[2818, 3313, 3587, 3818, 4180]","[120, 1849, 4220]","[1692, 2818, 3098, 3313, 3587, 3818, 4180]",4377,8,4369,5,3,4367,2
5.0,MMU01530,"[358, 636, 1357, 3231, 4904, 6039]",[3231],"[358, 636, 1357, 4904, 6039]","[3094, 3231]",6700,6,6694,1,5,6693,1
5.0,MMU02278,"[2312, 3368]",[],"[2312, 3368]",[1638],3974,2,3972,0,2,3971,1
5.0,MMU02298,"[1180, 1508, 2874, 3116, 3911, 4749, 4794, 4897]",[1180],"[1508, 2874, 3116, 3911, 4749, 4794, 4897]","[1180, 2413]",5852,8,5844,1,7,5843,1
5.0,MMU02884,"[668, 814, 1630, 1761, 2107, 2382, 3386, 3669, 5244, 5291, 6022, 6836, 7567, 7973]","[1630, 5244, 6836]","[668, 814, 1761, 2107, 2382, 3386, 3669, 5291, 6022, 7567, 7973]","[1630, 5244, 6836]",8758,14,8744,3,11,8744,0
5.0,MMU04056,"[186, 901, 1382, 1461, 1857, 1865, 2711, 2747, 2902, 3530, 4688, 6264, 7683, 8633, 8680, 8895, 10876, 11259, 14104, 14615, 15270, 15417, 15506, 15545, 15870, 16230, 16348, 16561, 16710, 16734, 18100, 20602, 21185]","[1382, 3530, 4688, 8895, 10876, 11259, 16230, 16561]","[186, 901, 1461, 1857, 1865, 2711, 2747, 2902, 6264, 7683, 8633, 8680, 14104, 14615, 15270, 15417, 15506, 15545, 15870, 16348, 16710, 16734, 18100, 20602, 21185]","[1382, 3530, 4688, 7979, 8895, 10317, 10876, 11259, 12211, 13491, 16230, 16561]",21711,33,21678,8,25,21674,4
5.0,MMU04827,"[105, 2280, 2512, 2767, 3555, 3684, 4281, 4301, 4969, 5444, 5675]","[3684, 4281, 4969]","[105, 2280, 2512, 2767, 3555, 4301, 5444, 5675]","[3684, 4281, 4969]",7601,11,7590,3,8,7590,0
5.0,MMU07568,"[84, 267, 482, 527]","[84, 267, 482]",[527],"[84, 267, 482]",744,4,740,3,1,740,0
5.0,MMU07808,"[61, 547, 673, 1697]","[673, 1697]","[61, 547]","[673, 1697]",2841,4,2837,2,2,2837,0
5.0,MMU09741,"[245, 1094, 1230]","[245, 1230]",[1094],"[245, 1230]",2845,3,2842,2,1,2842,0
5.0,MMU09964,"[375, 803, 1295, 1968, 2317, 2490, 2680, 2697, 3428, 3796, 4303, 4607, 5091, 5726, 5730, 5977, 6890, 7525, 7760, 7962, 8601, 9017, 9311, 11246]","[1968, 3428, 4303, 4607, 7962, 8601, 9017, 9311]","[375, 803, 1295, 2317, 2490, 2680, 2697, 3796, 5091, 5726, 5730, 5977, 6890, 7525, 7760, 11246]","[1968, 3428, 4303, 4607, 7962, 8162, 8601, 9017, 9311, 10875]",11455,24,11431,8,16,11429,2
5.0,MMU10098,"[593, 1155, 1173, 3270, 3509, 5292, 5695, 5812]","[1173, 3509]","[593, 1155, 3270, 5292, 5695, 5812]","[1173, 3509]",6118,8,6110,2,6,6110,0
5.0,MMU11054,"[204, 1833, 2250]",[],"[204, 1833, 2250]","[457, 1418, 1996]",2565,3,2562,0,3,2559,3
5.0,MMU11713,"[288, 634]","[288, 634]",[],"[288, 634]",1760,2,1758,2,0,1758,0
5.0,MMU12029,"[17, 297, 342, 381, 582, 1264, 1385]","[582, 1264]","[17, 297, 342, 381, 1385]","[582, 1264]",2256,7,2249,2,5,2249,0
5.0,MMU12273,"[38, 680, 1085, 1740, 1940]","[680, 1085, 1740]","[38, 1940]","[680, 1085, 1740]",2576,5,2571,3,2,2571,0
5.0,MMU12559,[247],[247],[],[247],919,1,918,1,0,918,0
5.0,MMU12560,[247],[247],[],[247],921,1,920,1,0,920,0
5.0,MMU12561,[247],[247],[],[247],917,1,916,1,0,916,0
5.0,MMU12562,[247],[247],[],[247],919,1,918,1,0,918,0
5.0,MMU12565,"[247, 396]",[247],[396],[247],1044,2,1042,1,1,1042,0
5.0,MMU13921,"[10, 162, 820, 856, 952, 1867, 2003, 2197, 2354, 3036, 3525, 3990]","[952, 2003, 2354, 3990]","[10, 162, 820, 856, 1867, 2197, 3036, 3525]","[952, 2003, 2354, 2693, 2930, 3241, 3990]",4671,12,4659,4,8,4656,3
5.0,MMU14421,"[3848, 4506, 5599]",[],"[3848, 4506, 5599]","[3668, 4237, 4502, 4814]",6255,3,6252,0,3,6248,4
5.0,MMVITRO,"[725, 2054, 2718, 2826, 3755, 3812, 3820, 3855, 3863, 4941, 4996]",[2054],"[725, 2718, 2826, 3755, 3812, 3820, 3855, 3863, 4941, 4996]","[1845, 2054, 2474, 2693, 3017, 3279, 4355]",4997,11,4986,1,10,4980,6
5.0,MMVPREB2,"[172, 214, 379]",[379],"[172, 214]",[379],1046,3,1043,1,2,1043,0
5.0,MMVPREB3,"[172, 214, 379]",[379],"[172, 214]",[379],1046,3,1043,1,2,1043,0
5.0,MNKEGLOBIM,"[221, 237, 583, 1184, 1196]","[237, 583]","[221, 1184, 1196]","[237, 583]",1694,5,1689,2,3,1689,0
5.0,MNKEGLOBIN,"[221, 237, 583, 1182, 1194]","[237, 583]","[221, 1182, 1194]","[237, 583]",1692,5,1687,2,3,1687,0
5.0,MNKHGBGGAG,"[75, 92, 287, 633, 1064, 1338]","[287, 633]","[75, 92, 1064, 1338]","[287, 633]",1698,6,1692,2,4,1692,0
5.0,MNPROP2,[],[],[],[278],697,0,697,0,0,696,1
5.0,MUS8HS20,"[257, 271, 940, 1015, 1360, 1625, 2562]",[940],"[257, 271, 1015, 1360, 1625, 2562]",[940],2623,7,2616,1,6,2616,0
5.0,MUSAP,"[810, 814, 1012, 3574, 4740, 4971, 5230, 5529, 5547, 6013, 6406, 6709, 7890, 8019]","[3574, 4740, 4971, 6406, 6709]","[810, 814, 1012, 5230, 5529, 5547, 6013, 7890, 8019]","[3574, 3815, 4034, 4509, 4740, 4971, 5290, 5619, 5952, 6406, 6709]",8087,14,8073,5,9,8067,6
5.0,MUSAP5A,"[551, 697, 786, 1768, 2428, 2463, 2681, 2759, 3332, 3355, 4614, 6254, 6668, 6816]","[2428, 2759, 4614]","[551, 697, 786, 1768, 2463, 2681, 3332, 3355, 6254, 6668, 6816]","[2428, 2759, 4614]",6822,14,6808,3,11,6808,0
5.0,MUSAPEX,"[300, 768, 1042, 1684, 2089, 2742, 2942]","[1684, 2089, 2742]","[300, 768, 1042, 2942]","[1684, 2089, 2742]",4035,7,4028,3,4,4028,0
5.0,MUSAPOAII,"[112, 474, 723, 1155]","[723, 1155]","[112, 474]","[723, 1155]",2953,4,2949,2,2,2949,0
5.0,MUSAPOIVA,"[588, 975, 1385, 2299, 2774, 2898]","[588, 975]","[1385, 2299, 2774, 2898]","[588, 975]",3013,6,3007,2,4,3007,0
5.0,MUSBMP4,"[336, 510, 664, 768, 1064, 2149, 2473, 2683, 2888, 3967, 5497, 5725, 7179]",[7179],"[336, 510, 664, 768, 1064, 2149, 2473, 2683, 2888, 3967, 5497, 5725]",[7179],9668,13,9655,1,12,9655,0
5.0,MUSBNP,"[336, 488, 753, 1449]","[336, 753]","[488, 1449]","[336, 753]",1461,4,1457,2,2,1457,0
5.0,MUSCD14A,[176],[176],[],[176],1866,1,1865,1,0,1865,0
5.0,MUSCRKNB,"[96, 1440, 2245, 2455, 3842, 3862]","[2245, 2455, 3842]","[96, 1440, 3862]","[1904, 2245, 2455, 2796, 3505, 3842]",4514,6,4508,3,3,4505,3
5.0,MUSCYTCOVB,"[724, 1081, 1319, 2234]","[724, 1319]","[1081, 2234]","[724, 1319, 1585]",2533,4,2529,2,2,2528,1
5.0,MUSENDOBA,"[135, 1507, 2117, 2130, 2614, 2743, 3027, 3115, 3618, 3892, 4049, 4430, 4898, 5090, 5527, 5589, 5696, 5700, 5817, 6358, 6980, 7151, 7585]","[2743, 3618, 4049, 5090, 5589]","[135, 1507, 2117, 2130, 2614, 3027, 3115, 3892, 4430, 4898, 5527, 5696, 5700, 5817, 6358, 6980, 7151, 7585]","[2743, 3618, 4049, 4853, 5090, 5589]",7872,23,7849,5,18,7848,1
5.0,MUSFAUA,"[846, 925, 1249, 1496, 2068, 2124]","[1249, 1496, 2124]","[846, 925, 2068]","[1249, 1496, 2124]",2843,6,2837,3,3,2837,0
5.0,MUSFERHC,"[483, 1103, 1827, 2185]","[483, 1827, 2185]",[1103],"[483, 1827, 2185]",2783,4,2779,3,1,2779,0
5.0,MUSFKBP13X,"[321, 736, 904, 1070, 1556]","[321, 736, 904]","[1070, 1556]","[321, 736, 904, 1282]",1574,5,1569,3,2,1568,1
5.0,MUSGAD45,"[559, 935, 1458, 1595, 2647]","[935, 1458]","[559, 1595, 2647]","[935, 1126, 1458]",3093,5,3088,2,3,3087,1
5.0,MUSGFJE,[624],[624],[],"[624, 1489]",2404,1,2403,1,0,2402,1
5.0,MUSGPOAD,"[1044, 1328, 1737, 2306, 4403, 4816, 4916, 5342, 5400, 7929]","[1044, 2306, 4403, 4916]","[1328, 1737, 4816, 5342, 5400, 7929]","[1044, 2306, 4403, 4916]",8069,10,8059,4,6,8059,0
5.0,MUSHBBH0,"[163, 365, 914, 1112, 1265, 2081]","[365, 914]","[163, 1112, 1265, 2081]","[365, 914]",2128,6,2122,2,4,2122,0
5.0,MUSHBBH1,"[249, 451, 780, 1493]","[451, 780]","[249, 1493]","[451, 780]",1919,4,1915,2,2,1915,0
5.0,MUSHES1,"[355, 556, 784, 1108, 1351, 1400, 1839, 2208]","[556, 784, 1108]","[355, 1351, 1400, 1839, 2208]","[556, 784, 1108]",2818,8,2810,3,5,2810,0
5.0,MUSHOX35A,"[232, 612, 1715, 3150, 3519]",[],"[232, 612, 1715, 3150, 3519]",[1308],3848,5,3843,0,5,3842,1
5.0,MUSIL1RN,"[168, 512, 886, 1676, 1922, 2186, 2289, 2483, 3549, 3883, 5269]","[512, 2483, 3549]","[168, 886, 1676, 1922, 2186, 2289, 3883, 5269]","[512, 2483, 3549]",6343,11,6332,3,8,6332,0
5.0,MUSKE3A,"[21, 340, 981, 1562, 1604, 1881, 2194, 3218, 3400, 3405]","[21, 3218, 3400]","[340, 981, 1562, 1604, 1881, 2194, 3405]","[21, 544, 3218, 3400]",3613,10,3603,3,7,3602,1
5.0,MUSLMP7A,"[535, 1318, 1354, 1407, 2454, 3029, 3046, 3178]","[1318, 2454, 3029]","[535, 1354, 1407, 3046, 3178]","[1318, 2153, 2454, 3029, 3674]",4260,8,4252,3,5,4250,2
5.0,MUSLTA,"[530, 1207, 1632, 1807]",[1807],"[530, 1207, 1632]","[1807, 1990]",3287,4,3283,1,3,3282,1
5.0,MUSMC26,"[816, 843, 2419, 2475, 3190, 3666, 3682, 3716, 4182]","[2419, 3190]","[816, 843, 2475, 3666, 3682, 3716, 4182]","[2419, 3190, 4144]",5387,9,5378,2,7,5377,1
5.0,MUSOGC,"[113, 489]","[113, 489]",[],"[113, 290, 489]",942,2,940,2,0,939,1
5.0,MUSOGCA,"[214, 285, 866, 1242]","[866, 1242]","[214, 285]","[866, 1043, 1242]",1695,4,1691,2,2,1690,1
5.0,MUSOGCB,"[113, 490]","[113, 490]",[],"[113, 290, 490]",943,2,941,2,0,940,1
5.0,MUSPNMT,"[955, 1076, 1665, 1881, 2135, 2343, 2450, 2755]","[1665, 2343]","[955, 1076, 1881, 2135, 2450, 2755]","[1665, 2343]",3137,8,3129,2,6,3129,0
5.0,MUSPROTA,"[585, 1945, 2033, 2585, 3663]","[1945, 2585, 3663]","[585, 2033]","[1945, 2585, 3224, 3663]",4637,5,4632,3,2,4631,1
5.0,MUSPROTEB,"[337, 496, 594, 647, 993, 1024, 2130]","[337, 594, 993]","[496, 647, 1024, 2130]","[337, 594, 993, 1988]",2390,7,2383,3,4,2382,1
5.0,MUSPRPC2,"[801, 2455, 2740, 3019, 3141, 3531, 3778, 3833, 4087, 4186, 5493, 6797]",[801],"[2455, 2740, 3019, 3141, 3531, 3778, 3833, 4087, 4186, 5493, 6797]",[801],7299,12,7287,1,11,7287,0
5.0,MUSPRPMPB,"[801, 1480, 2974]",[801],"[1480, 2974]",[801],3567,3,3564,1,2,3564,0
5.0,MUSREGI,"[775, 1159, 1965, 2230, 2388, 2993]","[1159, 2230, 2993]","[775, 1965, 2388]","[1159, 1799, 2230, 2993]",3749,6,3743,3,3,3742,1
5.0,MUSREGII,"[530, 927, 1626, 2023, 3233]","[927, 1626]","[530, 2023, 3233]","[927, 1626, 1988, 3091]",3925,5,3920,2,3,3918,2
5.0,MUSROM1X,"[1030, 1242, 2555, 2616]",[1242],"[1030, 2555, 2616]","[1242, 1848]",2780,4,2776,1,3,2775,1
5.0,MUSRPL30,"[500, 660, 960, 1679, 2459, 3124, 3243, 3441]","[660, 2459]","[500, 960, 1679, 3124, 3243, 3441]","[660, 1050, 2459]",3469,8,3461,2,6,3460,1
5.0,MUSRPS16,"[17, 1868, 2005]","[1868, 2005]",[17],"[450, 687, 1868, 2005]",2642,3,2639,2,1,2637,2
5.0,MUSS100B,"[342, 1721, 1778, 4920, 5082, 5219, 6291, 8061, 8612, 8671, 8736]",[4920],"[342, 1721, 1778, 5082, 5219, 6291, 8061, 8612, 8671, 8736]",[4920],8866,11,8855,1,10,8855,0
5.0,MUSSERPROA,"[217, 1034, 1449, 2092, 2739, 3178, 3371]","[1449, 2092, 2739, 3178]","[217, 1034, 3371]","[1449, 2092, 2739, 3178]",4450,7,4443,4,3,4443,0
5.0,MUSSSATGN,"[613, 840, 1825, 2165, 3039, 3233]","[840, 3039]","[613, 1825, 2165, 3233]","[840, 1162, 1346, 2905, 3039]",4059,6,4053,2,4,4050,3
5.0,MUSTCP,"[453, 470, 1329, 1993, 2463, 2496, 2781, 3576, 3642, 4019, 4278, 4687, 6098, 7230, 7512]","[453, 1993, 4278, 4687, 6098, 7230, 7512]","[470, 1329, 2463, 2496, 2781, 3576, 3642, 4019]","[453, 1705, 1993, 3270, 3746, 4278, 4687, 6098, 6552, 7230, 7512]",9254,15,9239,7,8,9235,4
5.0,MUSTHY1,"[183, 1009, 1156]",[1009],"[183, 1156]","[80, 1009]",2683,3,2680,1,2,2679,1
5.0,MUSTLAG,"[261, 269, 705, 1155, 1573, 3494, 4788]","[705, 1155, 1573, 3494]","[261, 269, 4788]","[705, 1155, 1573, 3494, 3740]",5413,7,5406,4,3,5405,1
5.0,MUSTSHBA2,"[464, 830]",[464],[830],[464],1284,2,1282,1,1,1282,0
5.0,MUSY1GLOB,"[377, 690, 1224, 1249]","[377, 690]","[1224, 1249]","[377, 690]",1746,4,1742,2,2,1742,0
5.0,OABBGLOB,"[33, 192, 525, 692, 958, 1174, 1309, 2701]","[958, 1309]","[33, 192, 525, 692, 1174, 2701]","[958, 1309]",3242,8,3234,2,6,3234,0
5.0,OABCGLOB,"[33, 193, 957, 1177, 1312, 2648]","[957, 1312]","[33, 193, 1177, 2648]","[957, 1312]",3193,6,3187,2,4,3187,0
5.0,OAINIGFII1,"[740, 1165, 2106, 2199]",[740],"[1165, 2106, 2199]",[740],2386,4,2382,1,3,2382,0
5.0,OAINTL3,"[674, 813, 1909, 2072]","[674, 813, 1909, 2072]",[],"[674, 813, 1909, 2072]",2794,4,2790,4,0,2790,0
5.0,OAKRT213,"[1328, 1593, 1992, 3198, 3938, 4147, 4642, 4752, 4813, 5288, 5684, 6077, 6548, 7393, 8453, 8931, 9294]","[3198, 4147, 4813, 5288, 5684, 6077, 6548, 7393]","[1328, 1593, 1992, 3938, 4642, 4752, 8453, 8931, 9294]","[3198, 4147, 4813, 5288, 5684, 6077, 6548, 7393]",9523,17,9506,8,9,9506,0
5.0,OALGB,"[959, 2438, 2660, 3336, 3500, 4656, 4886, 4911]","[2660, 4656]","[959, 2438, 3336, 3500, 4886, 4911]","[938, 1742, 2660, 3883, 4656]",7372,8,7364,2,6,7361,3
5.0,OAMETIAG,"[701, 1479]","[701, 1479]",[],"[701, 1479]",2793,2,2791,2,0,2791,0
5.0,OAMTIB,"[444, 1721]",[1721],[444],"[965, 1721]",3212,2,3210,1,1,3209,1
5.0,OAMTIC,"[65, 381, 621, 707, 1295]","[621, 1295]","[65, 381, 707]","[621, 1295]",2376,5,2371,2,3,2371,0
5.0,OAMTII,"[799, 1023, 1378, 1976]","[1023, 1378]","[799, 1976]","[1023, 1378]",2048,4,2044,2,2,2044,0
5.0,OAPROTP1,[],[],[],[212],525,0,525,0,0,524,1
5.0,OATRICH,"[152, 966, 1183, 3157, 4062, 4772, 5825]",[3157],"[152, 966, 1183, 4062, 4772, 5825]",[3157],9337,7,9330,1,6,9330,0
5.0,OCAPOAIG,"[361, 1159, 1239, 1467]",[],"[361, 1159, 1239, 1467]","[553, 855]",1987,4,1983,0,4,1981,2
5.0,OCTNFBETA,"[68, 577]",[577],[68],"[577, 766]",1965,2,1963,1,1,1962,1
5.0,OCUTGLOB,"[2162, 2680, 3172, 3357, 3424, 3496, 4176, 5072]",[3357],"[2162, 2680, 3172, 3424, 3496, 4176, 5072]","[3357, 5831]",6561,8,6553,1,7,6552,1
5.0,OOGH,"[333, 1084, 1475]","[333, 1084, 1475]",[],"[333, 740, 1084, 1475]",2155,3,2152,3,0,2151,1
5.0,OPOP1,[],[],[],[249],617,0,617,0,0,616,1
5.0,ORAPROTP1A,[163],[163],[],[163],410,1,409,1,0,409,0
5.0,PAA1GL,"[155, 204, 513]","[204, 513]",[155],"[204, 513]",873,3,870,2,1,870,0
5.0,PAAFPG,[214],[214],[],[214],1088,1,1087,1,0,1087,0
5.0,PAU03674,"[1194, 3171, 4013]","[3171, 4013]",[1194],"[3171, 3574, 3773, 4013, 4294, 4611]",5438,3,5435,2,1,5431,4
5.0,PIGAPAI,"[62, 107, 562, 794, 1156, 1918, 2693]",[794],"[62, 107, 562, 1156, 1918, 2693]","[794, 1129]",3326,7,3319,1,6,3318,1
5.0,PIGAPCIII,"[27, 45, 148, 867, 944, 948, 1711]",[1711],"[27, 45, 148, 867, 944, 948]","[1432, 1711]",3269,7,3262,1,6,3261,1
5.0,PIGCNP,"[400, 528, 1150, 1622, 1662]",[400],"[528, 1150, 1622, 1662]",[400],1887,5,1882,1,4,1882,0
5.0,PIGFSB,"[1598, 1801, 1849]",[],"[1598, 1801, 1849]","[515, 1042]",2044,3,2041,0,3,2039,2
5.0,PIKEGLOBIN,"[221, 237, 588, 1193]","[237, 588]","[221, 1193]","[237, 588]",1702,4,1698,2,2,1698,0
5.0,PPGLTG,"[373, 662]","[373, 662]",[],"[373, 662]",1065,2,1063,2,0,1063,0
5.0,PPPROP2,[],[],[],[319],740,0,740,0,0,739,1
5.0,PPYPROP2,[],[],[],[272],689,0,689,0,0,688,1
5.0,PTAZGLO,"[943, 974, 1603, 1648, 1652, 1749, 2244, 3077]","[1603, 3077]","[943, 974, 1648, 1652, 1749, 2244]","[1603, 3077]",3612,8,3604,2,6,3604,0
5.0,PTGGGLOG,"[200, 545, 641, 1076]","[200, 545]","[641, 1076]","[200, 545]",1815,4,1811,2,2,1811,0
5.0,PTPPINS,"[933, 1140, 1410, 1985]",[1410],"[933, 1140, 1985]",[1410],2476,4,2472,1,3,2472,0
5.0,PTPROP2,[],[],[],[330],751,0,751,0,0,750,1
5.0,PVU11715,"[288, 633, 1021, 1272, 1340]","[288, 633]","[1021, 1272, 1340]","[288, 633]",1782,5,1777,2,3,1777,0
5.0,QULNFLW,"[1222, 1548, 2169, 2301, 2405, 3329, 3794, 4139, 4443, 4656, 5192, 5612, 5849, 5873, 5894, 6672, 6808, 7413]","[3794, 4656]","[1222, 1548, 2169, 2301, 2405, 3329, 4139, 4443, 5192, 5612, 5849, 5873, 5894, 6672, 6808, 7413]","[3794, 4656, 5921]",7926,18,7908,2,16,7907,1
5.0,QULTROPIA,"[67, 240, 591, 689, 1858, 2186, 2360, 3004, 3437, 3638, 4007, 4020, 4047, 4544]","[2186, 2360, 3004, 3437, 4047]","[67, 240, 591, 689, 1858, 3638, 4007, 4020, 4544]","[2186, 2360, 3004, 3437, 4047, 4336]",4959,14,4945,5,9,4944,1
5.0,RABCRP,"[397, 990, 1221]",[397],"[990, 1221]",[397],1431,3,1428,1,2,1428,0
5.0,RABDNP3AA,"[370, 742, 816, 906, 2156]",[2156],"[370, 742, 816, 906]",[2156],3083,5,3078,1,4,3078,0
5.0,RABSURFA,"[471, 636, 3239, 3443, 3447, 4361, 5088, 5622, 5899, 6529, 6793, 7760]","[4361, 5088]","[471, 636, 3239, 3443, 3447, 5622, 5899, 6529, 6793, 7760]","[4033, 4361, 5088]",8090,12,8078,2,10,8077,1
5.0,RABTNF,"[261, 851, 1355, 1563]","[851, 1355, 1563]",[261],"[851, 1355, 1563]",3193,4,3189,3,1,3189,0
5.0,RATCYC,"[70, 362, 572, 1333]",[1333],"[70, 362, 572]",[1333],2521,4,2517,1,3,2517,0
5.0,RATCYSS,"[1006, 1221, 1630, 4026]","[1006, 4026]","[1221, 1630]","[1006, 4026]",5556,4,5552,2,2,5552,0
5.0,RATDCCOVB,"[1559, 2267, 2864, 3126, 3716, 3782, 5129]","[2267, 2864, 3126]","[1559, 3716, 3782, 5129]","[2267, 2864, 3126]",5324,7,5317,3,4,5317,0
5.0,RATGRG,"[83, 286, 1732, 1942, 2187, 2319, 2392, 2616, 3290, 3294, 3552]","[83, 286, 1942, 2187, 2319, 2616, 3290]","[1732, 2392, 3294, 3552]","[83, 286, 1291, 1494, 1696, 1942, 2187, 2319, 2616, 2994, 3290]",3881,11,3870,7,4,3866,4
5.0,RATGROS,"[621, 746, 1178, 1390, 1587, 2131]","[1178, 1390, 1587]","[621, 746, 2131]","[1178, 1390, 1587]",2489,6,2483,3,3,2483,0
5.0,RATGSTY,"[659, 718, 1310, 2830, 3180, 3804, 4691]","[659, 3180]","[718, 1310, 2830, 3804, 4691]","[659, 996, 1495, 1862, 2060, 3180, 3376]",6287,7,6280,2,5,6275,5
5.0,RATIGFBA,"[850, 1242, 1788, 2034, 2203, 3002, 3105, 3828, 4512, 4546]","[2034, 3002]","[850, 1242, 1788, 2203, 3105, 3828, 4512, 4546]","[526, 2034, 3002]",4993,10,4983,2,8,4982,1
5.0,RATJE,"[1191, 1299, 2986]",[1191],"[1299, 2986]","[1191, 1989]",3098,3,3095,1,2,3094,1
5.0,RATKALA,"[1062, 1275, 3282, 4476, 4709, 4729, 4734, 5689]","[1275, 3282, 4476, 4709]","[1062, 4729, 4734, 5689]","[1275, 3282, 4476, 4709]",6250,8,6242,4,4,6242,0
5.0,RATLHB,"[784, 817, 1230]","[817, 1230]",[784],"[817, 1230]",1791,3,1788,2,1,1788,0
5.0,RATLITHOST,"[2013, 2464, 2496, 2847, 3471, 3475, 3902, 4652]","[2847, 3471, 3902, 4652]","[2013, 2464, 2496, 3475]","[2847, 3471, 3902, 4652]",5400,8,5392,4,4,5392,0
5.0,RATLYSOZYM,"[960, 1561, 1736, 3255, 3588, 5174, 5443]","[1561, 3255, 5174]","[960, 1736, 3588, 5443]","[1561, 3255, 5174]",6733,7,6726,3,4,6726,0
5.0,RATLYSZYM,"[6, 508, 574, 749, 1007, 1099, 1667, 3840, 4290, 4624, 6230, 6499]","[574, 4290, 6230]","[6, 508, 749, 1007, 1099, 1667, 3840, 4624, 6499]","[574, 4290, 6230]",7944,12,7932,3,9,7932,0
5.0,RATOSCAL,"[1192, 1586, 1828]","[1192, 1586]",[1828],"[1192, 1373, 1586]",2120,3,2117,2,1,2116,1
5.0,RATPAP,"[633, 1048, 1308, 1648, 2295, 3305, 3570]","[1308, 1648, 2295, 3305]","[633, 1048, 3570]","[1308, 1648, 2295, 2604, 3305]",4864,7,4857,4,3,4856,1
5.0,RATPAPIIB,"[1916, 2291, 2298, 2332, 2701, 2751, 3021, 3387, 3473, 3587, 3817, 4107]","[2298, 3473, 4107]","[1916, 2291, 2332, 2701, 2751, 3021, 3387, 3587, 3817]","[2298, 3140, 3473, 4107]",4718,12,4706,3,9,4705,1
5.0,RATPPP,"[1497, 1538, 2002, 2261, 2451, 2853, 2927, 4400]",[2261],"[1497, 1538, 2002, 2451, 2853, 2927, 4400]",[2261],4535,8,4527,1,7,4527,0
5.0,RATPTBZR02,"[224, 669, 673, 727, 871, 909, 1206, 1306, 1927, 2066, 2200, 3232]","[1306, 2066]","[224, 669, 673, 727, 871, 909, 1206, 1927, 2200, 3232]","[1306, 2066]",3427,12,3415,2,10,3415,0
5.0,RATRGPI,"[1879, 2329, 2361, 2712, 3339, 3343, 3770, 4521]","[2712, 3339, 3770, 4521]","[1879, 2329, 2361, 3343]","[2712, 3339, 3770, 4521]",5238,8,5230,4,4,5230,0
5.0,RATRPIII,"[1226, 1601, 1608, 1642, 2017, 2067, 2337, 2456, 2704, 2790, 2905, 3135, 3426]","[1608, 2456, 2790, 3426]","[1226, 1601, 1642, 2017, 2067, 2337, 2704, 2905, 3135]","[1608, 2456, 2790, 3426]",4134,13,4121,4,9,4121,0
5.0,RATSVSIV1,"[72, 244, 659, 814, 892]",[244],"[72, 659, 814, 892]",[244],974,5,969,1,4,969,0
5.0,RATTSHB,"[265, 2177, 2711, 4375]",[4375],"[265, 2177, 2711]",[4375],5160,4,5156,1,3,5156,0
5.0,RN0B2GLOB,"[9, 84, 558, 693, 796, 1134]",[693],"[9, 84, 558, 796, 1134]","[354, 693]",1791,6,1785,1,5,1784,1
5.0,RN2BGLOB,"[629, 764, 1217]",[764],"[629, 1217]","[432, 764]",1877,3,1874,1,2,1873,1
5.0,RN3B2GLOB,"[325, 460]",[460],[325],"[122, 460]",1438,2,1436,1,1,1435,1
5.0,RN3B3GLOB,"[129, 604, 739]",[739],"[129, 604]","[403, 739]",1739,3,1736,1,2,1735,1
5.0,RN3BGLOB,"[491, 626]",[626],[491],"[288, 626]",1532,2,1530,1,1,1529,1
5.0,RNAC01,"[127, 309, 1367, 1694, 2597, 2685, 2867, 3984]","[1367, 1694, 2597, 2867]","[127, 309, 2685, 3984]","[1367, 1694, 2597, 2867]",4085,8,4077,4,4,4077,0
5.0,RNAC02,"[251, 1475, 1787, 2138, 2180, 2561]","[1787, 2138]","[251, 1475, 2180, 2561]","[1368, 1787, 2138, 2429, 2743]",3193,6,3187,2,4,3184,3
5.0,RNANTANT,"[1524, 3119, 3263, 3883]","[1524, 3263, 3883]",[3119],"[1524, 3263, 3883]",5118,4,5114,3,1,5114,0
5.0,RNAPOEG,"[459, 499, 1293, 1955, 2863, 2884, 3203]","[1293, 1955]","[459, 499, 2863, 2884, 3203]","[1293, 1955]",3230,7,3223,2,5,3223,0
5.0,RNCALBD9,"[373, 1041, 2736, 3508]",[2736],"[373, 1041, 3508]",[2736],4884,4,4880,1,3,4880,0
5.0,RNGAMT,"[799, 1531, 4003, 4704, 4715]",[4003],"[799, 1531, 4704, 4715]","[2173, 3141, 3319, 3760, 4003]",4957,5,4952,1,4,4948,4
5.0,RNGMTG,"[92, 1011, 1226, 1682, 1818, 2067, 2433, 2443, 2987, 3249, 3918, 4063, 4463, 4548, 5252, 5347]","[1682, 3249, 3918, 4463]","[92, 1011, 1226, 1818, 2067, 2433, 2443, 2987, 4063, 4548, 5252, 5347]","[1682, 3249, 3918, 4254, 4463]",5392,16,5376,4,12,5375,1
5.0,RNGROW3,"[216, 365, 471, 817, 1652]","[471, 817, 1652]","[216, 365]","[471, 817, 1652, 1973]",2550,5,2545,3,2,2544,1
5.0,RNHSC73,"[498, 1244, 1713, 1982, 3034, 3448]","[1244, 1713, 1982, 3034, 3448]",[498],"[1244, 1713, 1982, 2618, 3034, 3448, 3766]",4313,6,4307,5,1,4305,2
5.0,RNLALB01,"[39, 347, 351, 821, 1237, 1242, 1414, 1914, 2419, 2897]","[1414, 1914, 2419]","[39, 347, 351, 821, 1237, 1242, 2897]","[1414, 1914, 2419]",3814,10,3804,3,7,3804,0
5.0,RNLPKG,"[2062, 2183, 2847, 3195, 3949, 4321, 6284, 6805, 7818, 8078, 9121, 9142, 9480, 12180, 12937]","[3949, 6284, 7818, 8078, 9480]","[2062, 2183, 2847, 3195, 4321, 6805, 9121, 9142, 12180, 12937]","[3219, 3949, 6009, 6284, 6605, 7192, 7453, 7818, 8078, 9480]",13004,15,12989,5,10,12984,5
5.0,RNODC,"[115, 1344, 3174, 3525, 3918, 4182, 4517, 4698, 4982, 5631, 5650, 5825, 5851, 6291, 6692, 7326]","[3525, 3918, 4182, 4517, 4698, 5631, 5825, 6291]","[115, 1344, 3174, 4982, 5650, 5851, 6692, 7326]","[3525, 3918, 4182, 4517, 4698, 4953, 5631, 5825, 6291]",7769,16,7753,8,8,7752,1
5.0,RNP9KA,"[30, 207, 723, 823, 1227, 2311]",[1227],"[30, 207, 723, 823, 2311]",[1227],2333,6,2327,1,5,2327,0
5.0,RNPBPG,"[1117, 1155, 1180, 2638, 2950, 4056]","[1117, 2950]","[1155, 1180, 2638, 4056]","[1117, 2950]",6022,6,6016,2,4,6016,0
5.0,RNPGMUT,"[1216, 1515, 1912, 2291]",[],"[1216, 1515, 1912, 2291]","[1596, 1872]",2421,4,2417,0,4,2415,2
5.0,RNPROST22,"[444, 733, 876, 2200, 3647, 3916, 4526, 4727, 7412]","[876, 3647, 4526]","[444, 733, 2200, 3916, 4727, 7412]","[876, 3647, 4526]",7668,9,7659,3,6,7659,0
5.0,RNREVSV2A,"[12, 67, 290, 1341]",[67],"[12, 290, 1341]","[67, 1304]",1731,4,1727,1,3,1726,1
5.0,RNSDHG,"[379, 435, 1536, 1993, 2205, 3480, 3554, 5590, 5691, 6052, 6253, 6576, 6984, 7081, 7962, 8014, 8671, 9541]","[5691, 6052, 6253, 6984, 8671]","[379, 435, 1536, 1993, 2205, 3480, 3554, 5590, 6576, 7081, 7962, 8014, 9541]","[4640, 5691, 6052, 6253, 6984, 8671]",9571,18,9553,5,13,9552,1
5.0,RNSVFG,"[500, 636, 670, 1250, 1267, 1347]",[500],"[636, 670, 1250, 1267, 1347]",[500],1844,6,1838,1,5,1838,0
5.0,RNTHYCSG,"[318, 326, 355, 1071, 1906]",[1071],"[318, 326, 355, 1906]","[68, 1071]",2856,5,2851,1,4,2850,1
5.0,RNU03551,"[832, 1545, 2418, 3226]","[832, 2418]","[1545, 3226]","[832, 2418, 3083]",3591,4,3587,2,2,3586,1
5.0,RNU09193,"[1727, 2630, 2749, 3084, 3787, 3899]","[2749, 3084, 3787]","[1727, 2630, 3899]","[2084, 2749, 3084, 3787]",4188,6,4182,3,3,4181,1
5.0,RNU12250,"[293, 473, 1704, 1708]","[293, 473]","[1704, 1708]","[293, 473]",1864,4,1860,2,2,1860,0
5.0,RNUCPG,"[112, 1881, 2428, 2614, 2812, 4187, 4822, 4896, 4965, 5744, 6018, 6121, 6983, 7395, 8157, 9172, 10198, 10292, 10603, 11061, 11481, 11722]",[8157],"[112, 1881, 2428, 2614, 2812, 4187, 4822, 4896, 4965, 5744, 6018, 6121, 6983, 7395, 9172, 10198, 10292, 10603, 11061, 11481, 11722]","[4310, 5157, 7964, 8157, 9401]",12497,22,12475,1,21,12471,4
5.0,RNVEGP1,"[1043, 1286, 1834, 1994, 2076, 3032, 4037, 4140, 4452, 4844, 4962, 5195, 5948]","[1834, 3032, 4037]","[1043, 1286, 1994, 2076, 4140, 4452, 4844, 4962, 5195, 5948]","[1262, 1834, 3032, 4037, 4611]",5949,13,5936,3,10,5934,2
5.0,RNVEGP2C,"[1159, 1402, 1950, 2182, 4146, 4960, 5078, 5566]","[1950, 4146]","[1159, 1402, 2182, 4960, 5078, 5566]","[1378, 1950, 3128, 4146, 4723]",5745,8,5737,2,6,5734,3
5.0,RRU04320,"[2107, 2118, 2500, 3643, 5366, 5370]","[2500, 3643]","[2107, 2118, 5366, 5370]","[2500, 3643]",6799,6,6793,2,4,6793,0
5.0,S46763,"[186, 1235, 1252, 2111, 2775, 3245, 3278, 3563, 4358, 4424, 4801, 5060, 5469, 6880, 8012, 8294]","[1235, 2775, 5060, 5469, 6880, 8012, 8294]","[186, 1252, 2111, 3245, 3278, 3563, 4358, 4424, 4801]","[1235, 2487, 2775, 4052, 4528, 5060, 5469, 6880, 7334, 8012, 8294]",10036,16,10020,7,9,10016,4
5.0,S49651,"[1652, 3255, 3571, 4137]","[1652, 3255, 4137]",[3571],"[1652, 2786, 3255, 4137]",5441,4,5437,3,1,5436,1
5.0,S57980,"[443, 732, 875, 2198, 3645, 3914, 4524, 4725, 7410]","[875, 3645, 4524]","[443, 732, 2198, 3914, 4725, 7410]","[875, 3645, 4524]",7666,9,7657,3,6,7657,0
5.0,S62287,"[190, 570, 1673, 3108]",[],"[190, 570, 1673, 3108]",[1266],3426,4,3422,0,4,3421,1
5.0,S63697,"[280, 829]","[280, 829]",[],"[280, 829]",1332,2,1330,2,0,1330,0
5.0,S66606,"[238, 340, 1076, 2506, 4598, 5644, 6167, 6255]","[2506, 4598]","[238, 340, 1076, 5644, 6167, 6255]","[2506, 2706, 3899, 4598]",6360,8,6352,2,6,6350,2
5.0,S67057,"[98, 322, 840]",[840],"[98, 322]",[840],1747,3,1744,1,2,1744,0
5.0,S69277,"[207, 857, 1971, 3316, 3521, 3839, 4103, 4385]","[3316, 3521, 3839, 4103]","[207, 857, 1971, 4385]","[3098, 3316, 3521, 3839, 4103]",5517,8,5509,4,4,5508,1
5.0,S69278,"[323, 846, 861, 1406, 2826, 3031, 3347, 3561, 3832, 4236]","[2826, 3031, 3347, 3561]","[323, 846, 861, 1406, 3832, 4236]","[2590, 2826, 3031, 3347, 3561]",5016,10,5006,4,6,5005,1
5.0,S69350,[235],[235],[],[235],2153,1,2152,1,0,2152,0
5.0,SAIEGLOBIM,"[221, 237, 588, 983, 1317, 1329]","[237, 588]","[221, 983, 1317, 1329]","[237, 588]",1827,6,1821,2,4,1821,0
5.0,SMIGCU,"[799, 1233, 1631, 1779, 1946, 2612, 2624]","[799, 1233, 1631]","[1779, 1946, 2612, 2624]","[799, 1233, 1631]",2834,7,2827,3,4,2827,0
5.0,SMNPRP1A,[],[],[],[215],624,0,624,0,0,623,1
5.0,SOEEGLOBIN,"[220, 236, 586, 1183, 1195]","[236, 586]","[220, 1183, 1195]","[236, 586]",1689,5,1684,2,3,1684,0
5.0,SSBAT1G,"[260, 482, 1471, 1843, 2215, 2582, 2592, 2610, 2814, 2990, 3837, 4538, 6104, 6390, 6678, 6735, 6908, 8238, 9144, 9674]","[2215, 2582, 4538, 8238, 9144, 9674]","[260, 482, 1471, 1843, 2592, 2610, 2814, 2990, 3837, 6104, 6390, 6678, 6735, 6908]","[1316, 2215, 2582, 4538, 5771, 8238, 9144, 9388, 9674]",10667,20,10647,6,14,10644,3
5.0,SSIKBAGE,"[788, 2469, 2528, 3151, 3334, 3713, 4091, 4470, 5251]","[2469, 3151, 3713, 4091, 4470]","[788, 2528, 3334, 5251]","[2469, 3151, 3713, 4091, 4470]",5757,9,5748,5,4,5748,0
5.0,SSPINT1B,"[185, 2127, 2551, 2759, 4793, 6247, 6605, 6609, 6774, 8049, 8541, 8611]","[2551, 6605]","[185, 2127, 2759, 4793, 6247, 6609, 6774, 8049, 8541, 8611]","[1971, 2551, 3903, 5245, 6605]",8745,12,8733,2,10,8730,3
5.0,TAPROTP1,[],[],[],[230],548,0,548,0,0,547,1
5.0,TARHBE,"[76, 103, 119, 465]","[119, 465]","[76, 103]","[119, 465]",1683,4,1679,2,2,1679,0
5.0,TARHBG,"[58, 265, 608, 704, 1032, 2072]",[265],"[58, 608, 704, 1032, 2072]","[265, 612]",2140,6,2134,1,5,2133,1
5.0,TFLPA2P1,"[596, 972, 1749, 2495]","[596, 972, 1749]",[2495],"[596, 972, 1749]",2709,4,2705,3,1,2705,0
5.0,TFLPA2P2,"[590, 935, 966, 1783]","[590, 966, 1783]",[935],"[590, 966, 1783]",2432,4,2428,3,1,2428,0
5.0,TFLPA2P3,"[596, 972, 1749, 2495]","[596, 972, 1749]",[2495],"[596, 972, 1749]",2709,4,2705,3,1,2705,0
5.0,TFLPA2P4,"[590, 935, 966, 1783]","[590, 966, 1783]",[935],"[590, 966, 1783]",2432,4,2428,3,1,2428,0
5.0,TGLHBB,"[519, 888, 1106, 1256, 1742, 2034]","[519, 888]","[1106, 1256, 1742, 2034]","[519, 888]",2301,6,2295,2,4,2295,0
5.0,TIOPRP1A,[],[],[],[212],557,0,557,0,0,556,1
5.0,U00432,"[237, 793, 1101]","[237, 793, 1101]",[],"[83, 237, 793, 1101, 1312]",1576,3,1573,3,0,1571,2
5.0,U00433,"[83, 267, 752, 1245]","[83, 267, 752]",[1245],"[83, 267, 752, 1062, 1270]",1546,4,1542,3,1,1540,2
5.0,U00454,"[772, 1031, 1066, 1090, 1598, 4179, 5625, 5820, 6800]",[1598],"[772, 1031, 1066, 1090, 4179, 5625, 5820, 6800]","[1598, 4862]",7193,9,7184,1,8,7183,1
5.0,U00938,"[71, 247, 1169, 2719, 3017, 3079, 3311, 3617, 4070, 5155, 5202, 5261, 5809, 5962]","[1169, 4070, 5155]","[71, 247, 2719, 3017, 3079, 3311, 3617, 5202, 5261, 5809, 5962]","[1169, 4070, 5155]",6781,14,6767,3,11,6767,0
5.0,U01026,"[492, 1364, 1746, 1927, 2537]","[1364, 1746, 2537]","[492, 1927]","[1364, 1746, 2537]",3217,5,3212,3,2,3212,0
5.0,U01027,"[571, 947, 1128, 1710, 2740]","[571, 947, 1710]","[1128, 2740]","[571, 947, 1710]",2762,5,2757,3,2,2757,0
5.0,U01844,"[64, 623, 684, 1986, 2090, 2141, 2653, 3211, 3256]","[1986, 2141, 2653, 3211]","[64, 623, 684, 2090, 3256]","[1986, 2141, 2474, 2653, 3211]",4220,9,4211,4,5,4210,1
5.0,XELCRPGA,"[842, 1096, 3794]",[1096],"[842, 3794]",[1096],3892,3,3889,1,2,3889,0
5.0,XELCRYB,"[592, 706, 1326, 1500]","[706, 1326]","[592, 1500]","[706, 1326]",2050,4,2046,2,2,2046,0
5.0,XELHBBC,"[263, 715]",[263],[715],"[263, 678]",1982,2,1980,1,1,1979,1
5.0,XLACTA,"[553, 1260, 2591, 3422, 3868, 4138, 4845, 4946, 5338, 5898]","[2591, 3868, 4138, 4845]","[553, 1260, 3422, 4946, 5338, 5898]","[2591, 3868, 4138, 4845, 5128]",5947,10,5937,4,6,5936,1
5.0,XLACTCAG,"[831, 1600, 2094, 3128, 3614, 4931, 5562, 6279, 6461, 7511, 7853, 8347, 8892]","[3614, 4931, 5562, 6461]","[831, 1600, 2094, 3128, 6279, 7511, 7853, 8347, 8892]","[2473, 3614, 4931, 5562, 6461]",8901,13,8888,4,9,8887,1
5.0,XLBGL3,"[1175, 1851]",[1175],[1851],"[388, 1175]",2965,2,2963,1,1,2962,1
5.0,XLGLAA1,[502],[502],[],"[137, 502]",1193,1,1192,1,0,1191,1
5.0,XLGLAA2,"[519, 1163]",[519],[1163],"[138, 519]",1193,2,1191,1,1,1190,1
5.0,XLK81A1G,"[2294, 2734, 3240, 3409, 3531, 3849, 4425]","[2294, 2734, 3531, 3849]","[3240, 3409, 4425]","[1759, 2294, 2734, 3026, 3531, 3849, 4170]",5893,7,5886,4,3,5883,3
5.0,XLRPL14,"[912, 1292, 1837, 2140, 3051, 3085, 6485, 7158, 7904]","[912, 7904]","[1292, 1837, 2140, 3051, 3085, 6485, 7158]","[912, 1891, 2087, 4978, 5356, 7904]",9117,9,9108,2,7,9104,4
5.0,XLRPL1AG,"[308, 512, 634, 2121, 2638, 3735, 3831, 4573, 5179, 5303, 5643, 5757, 6451]","[512, 2121, 3831, 4573, 5179, 5757]","[308, 634, 2638, 3735, 5303, 5643, 6451]","[512, 2121, 2438, 2818, 3137, 3831, 4573, 5179, 5757]",6950,13,6937,6,7,6934,3
5.0,XLS8,"[164, 692, 1006, 2326, 2893, 3963, 4181, 5912, 6381, 7181, 7381, 8411, 8542, 9832, 10967, 12388, 12978]","[5912, 7381]","[164, 692, 1006, 2326, 2893, 3963, 4181, 6381, 7181, 8411, 8542, 9832, 10967, 12388, 12978]","[2032, 3938, 5912, 7381, 12177]",13517,17,13500,2,15,13497,3
5.0,XLTUBAG,"[595, 678, 1280, 1323, 3094, 3268, 4179, 4401, 5431, 5575, 6604, 6612, 6630]","[678, 4401, 5575]","[595, 1280, 1323, 3094, 3268, 4179, 5431, 6604, 6612, 6630]","[678, 4401, 5575]",6889,13,6876,3,10,6876,0
5.0,XLXANF1A,"[1460, 2706]","[1460, 2706]",[],"[1460, 1960, 2706]",4879,2,4877,2,0,4876,1
5.0,XTGLA,"[235, 1323, 2034, 2838, 4344]",[2838],"[235, 1323, 2034, 4344]","[731, 2838]",4839,5,4834,1,4,4833,1
5.0,XTGLAA,"[416, 1411]",[1411],[416],"[1036, 1411]",1993,2,1991,1,1,1990,1
5.0,XTGLB,"[21, 389, 1823]",[],"[21, 389, 1823]","[2384, 2836]",4044,3,4041,0,3,4039,2
5.0,ZEFB2MICB,"[304, 1187, 1345]","[304, 1187]",[1345],"[304, 1187]",2194,3,2191,2,1,2191,0
