
Precision :0.22491850778703368, Recall:0.8961038961038961,f1_score:0.3595830920671685,Acc:0.9561499729076084 

Precision :0.1526448748373268, Recall:0.9591149591149591,f1_score:0.2633733984942544,Acc:0.9262954788745424 

Precision :0.21916851053918715, Recall:0.9052429052429053,f1_score:0.35289705606600413,Acc:0.9543922713996854 

Precision :0.33311374615722444, Recall:0.7296777296777297,f1_score:0.4574099200964873,Acc:0.9762181664397954 
