
Precision :0.12044546665052656, Recall:0.9571909571909571,f1_score:0.21396699102198805,Acc:0.9033545956307631 

Precision :0.1541255428345835, Recall:0.9389129389129389,f1_score:0.26478567552902876,Acc:0.9283471593350299 

Precision :0.4440124416796267, Recall:0.5493025493025493,f1_score:0.49107718770156955,Acc:0.9843540337773077 
