
Precision :0.44091249065071053, Recall:0.5670995670995671,f1_score:0.4961077214390911,Acc:0.9841414883825642 

Precision :0.44091249065071053, Recall:0.5670995670995671,f1_score:0.4961077214390911,Acc:0.9841414883825642 

Precision :0.1484953878723726, Recall:0.9446849446849447,f1_score:0.25664815419797454,Acc:0.9246671036861935 
