Threshold,Locus,Predict Sites,Positive Sites,Negative Sites,Actual Donor Sites,Predict Num,Predict Positive Num,Predict Negative Num,TP,FP,TN,FN
-1.5,ACU08131,"[13, 70, 116, 136, 158, 296, 322, 326, 341, 355, 364, 387, 463, 502, 505, 533, 551, 557, 642, 698, 710, 750, 783, 787, 790, 813, 824, 845, 849, 861, 863, 869, 880, 882, 888, 903, 925, 964, 983, 994, 1000, 1002, 1004, 1006, 1009, 1024, 1078, 1107, 1125, 1143, 1168, 1173, 1179, 1230, 1255, 1263, 1273, 1282, 1328, 1330, 1332, 1363, 1381, 1420, 1437, 1476, 1523, 1552, 1603, 1654, 1664, 1694, 1708, 1735, 1786, 1788, 1811, 1825, 1841, 1860, 1907, 1934, 1939, 1958, 1982, 1987, 1994, 2025, 2029, 2033, 2035, 2040, 2079, 2104, 2115, 2134, 2154, 2179, 2212, 2236, 2245, 2260, 2262, 2266, 2350, 2380, 2388, 2422, 2438, 2457, 2475, 2498, 2503, 2537, 2547, 2594, 2598, 2637, 2669, 2677, 2684, 2690, 2702, 2782, 2784, 2787, 2798, 2803, 2807, 2818, 2823, 2840, 2878, 2981, 2986, 2990, 3011, 3032, 3042, 3209, 3221, 3224, 3280, 3297, 3299, 3302, 3336, 3427, 3514, 3558, 3578, 3609, 3611, 3621, 3624, 3669, 3798, 3808, 3818, 3825, 3833, 3846, 3871, 3897, 3899, 3907, 3914, 3942, 3960, 3982, 3984, 4038, 4044, 4053, 4055, 4135, 4167, 4209, 4233, 4306, 4432, 4452, 4504, 4512, 4563, 4590, 4617, 4660, 4687, 4719, 4808, 4866, 4876, 4906, 4920, 4922, 4926, 4939, 4971, 4992, 5026, 5043, 5080, 5089, 5170, 5176, 5207, 5286, 5288, 5313, 5324, 5333, 5345, 5352, 5361, 5376]","[642, 1363, 2029, 2803, 3798]","[13, 70, 116, 136, 158, 296, 322, 326, 341, 355, 364, 387, 463, 502, 505, 533, 551, 557, 698, 710, 750, 783, 787, 790, 813, 824, 845, 849, 861, 863, 869, 880, 882, 888, 903, 925, 964, 983, 994, 1000, 1002, 1004, 1006, 1009, 1024, 1078, 1107, 1125, 1143, 1168, 1173, 1179, 1230, 1255, 1263, 1273, 1282, 1328, 1330, 1332, 1381, 1420, 1437, 1476, 1523, 1552, 1603, 1654, 1664, 1694, 1708, 1735, 1786, 1788, 1811, 1825, 1841, 1860, 1907, 1934, 1939, 1958, 1982, 1987, 1994, 2025, 2033, 2035, 2040, 2079, 2104, 2115, 2134, 2154, 2179, 2212, 2236, 2245, 2260, 2262, 2266, 2350, 2380, 2388, 2422, 2438, 2457, 2475, 2498, 2503, 2537, 2547, 2594, 2598, 2637, 2669, 2677, 2684, 2690, 2702, 2782, 2784, 2787, 2798, 2807, 2818, 2823, 2840, 2878, 2981, 2986, 2990, 3011, 3032, 3042, 3209, 3221, 3224, 3280, 3297, 3299, 3302, 3336, 3427, 3514, 3558, 3578, 3609, 3611, 3621, 3624, 3669, 3808, 3818, 3825, 3833, 3846, 3871, 3897, 3899, 3907, 3914, 3942, 3960, 3982, 3984, 4038, 4044, 4053, 4055, 4135, 4167, 4209, 4233, 4306, 4432, 4452, 4504, 4512, 4563, 4590, 4617, 4660, 4687, 4719, 4808, 4866, 4876, 4906, 4920, 4922, 4926, 4939, 4971, 4992, 5026, 5043, 5080, 5089, 5170, 5176, 5207, 5286, 5288, 5313, 5324, 5333, 5345, 5352, 5361, 5376]","[642, 1363, 2029, 2803, 3798]",5384,216,5168,5,211,5168,0
-1.5,AGGGLINE,"[11, 22, 32, 38, 70, 80, 205, 223, 262, 300, 320, 343, 345, 355, 432, 442, 444, 451, 486, 502, 544, 554, 578, 590, 596, 616, 630, 669, 689, 805, 812, 869, 901, 903, 908, 935, 970, 977, 1004, 1022, 1037, 1082, 1289, 1298, 1368, 1390, 1452, 1466, 1571, 1577, 1605, 1611, 1613, 1813, 1826, 1906, 1922, 1939, 1986, 1988, 1990, 2049, 2085, 2127, 2216, 2229, 2250, 2252, 2325, 2335, 2347, 2431, 2490, 2621, 2658, 2679, 2685, 2697, 2776, 2789, 2795, 2831, 2878, 2939, 2946, 2963, 2967, 3030, 3070, 3110, 3120, 3126, 3158, 3168, 3288, 3293, 3311, 3369, 3384, 3390, 3457, 3469, 3483, 3504, 3600, 3625, 3670, 3673, 3695, 3777, 3782, 3850, 3900, 3913, 3945, 4023, 4035, 4065, 4077, 4088, 4090, 4094, 4098, 4102, 4115, 4117, 4119, 4121, 4123, 4133, 4170, 4177, 4211, 4253, 4302, 4309, 4313, 4317, 4360, 4405, 4411, 4456, 4480, 4489, 4496, 4554, 4611, 4620, 4651, 4665, 4685, 4689, 4709, 4711, 4713, 4720, 4722, 4724, 4756, 4760, 4790, 4802, 4820, 4833, 4835, 4849, 4895, 4921, 4933, 4951, 4963, 4981, 5000, 5079, 5119, 5121, 5131, 5175, 5187, 5218, 5228, 5232, 5237, 5259, 5275, 5288, 5307, 5327, 5339, 5357, 5370, 5373, 5449, 5585, 5592, 5599, 5648, 5680, 5687, 5714, 5751, 5758, 5774, 5785, 5803, 5810, 5864, 5929, 5947, 5954, 6163, 6176, 6232, 6248, 6262, 6277, 6387, 6391, 6393, 6421, 6427, 6429, 6437, 6507, 6583, 6585, 6675, 6730, 6780, 6887, 6906, 6935, 6980, 6984, 6992, 7054, 7123, 7186, 7217, 7294, 7300, 7304, 7318, 7339, 7346]","[3158, 3504]","[11, 22, 32, 38, 70, 80, 205, 223, 262, 300, 320, 343, 345, 355, 432, 442, 444, 451, 486, 502, 544, 554, 578, 590, 596, 616, 630, 669, 689, 805, 812, 869, 901, 903, 908, 935, 970, 977, 1004, 1022, 1037, 1082, 1289, 1298, 1368, 1390, 1452, 1466, 1571, 1577, 1605, 1611, 1613, 1813, 1826, 1906, 1922, 1939, 1986, 1988, 1990, 2049, 2085, 2127, 2216, 2229, 2250, 2252, 2325, 2335, 2347, 2431, 2490, 2621, 2658, 2679, 2685, 2697, 2776, 2789, 2795, 2831, 2878, 2939, 2946, 2963, 2967, 3030, 3070, 3110, 3120, 3126, 3168, 3288, 3293, 3311, 3369, 3384, 3390, 3457, 3469, 3483, 3600, 3625, 3670, 3673, 3695, 3777, 3782, 3850, 3900, 3913, 3945, 4023, 4035, 4065, 4077, 4088, 4090, 4094, 4098, 4102, 4115, 4117, 4119, 4121, 4123, 4133, 4170, 4177, 4211, 4253, 4302, 4309, 4313, 4317, 4360, 4405, 4411, 4456, 4480, 4489, 4496, 4554, 4611, 4620, 4651, 4665, 4685, 4689, 4709, 4711, 4713, 4720, 4722, 4724, 4756, 4760, 4790, 4802, 4820, 4833, 4835, 4849, 4895, 4921, 4933, 4951, 4963, 4981, 5000, 5079, 5119, 5121, 5131, 5175, 5187, 5218, 5228, 5232, 5237, 5259, 5275, 5288, 5307, 5327, 5339, 5357, 5370, 5373, 5449, 5585, 5592, 5599, 5648, 5680, 5687, 5714, 5751, 5758, 5774, 5785, 5803, 5810, 5864, 5929, 5947, 5954, 6163, 6176, 6232, 6248, 6262, 6277, 6387, 6391, 6393, 6421, 6427, 6429, 6437, 6507, 6583, 6585, 6675, 6730, 6780, 6887, 6906, 6935, 6980, 6984, 6992, 7054, 7123, 7186, 7217, 7294, 7300, 7304, 7318, 7339, 7346]","[3158, 3504]",7220,245,6975,2,243,6975,0
-1.5,AGU04852,"[35, 40, 63, 86, 130, 174, 183, 187, 275, 284, 300, 318, 348, 382, 432, 491, 509, 536, 540, 619, 621, 631, 637, 653, 664, 675, 690, 722, 734, 767, 791, 825, 868, 885, 910, 915, 954, 969, 987, 1023, 1104, 1116, 1142, 1184, 1232, 1347, 1464, 1517, 1611, 1652, 1752, 1863, 1888, 1893, 1898, 1964, 1984, 2018, 2029, 2039, 2052, 2073, 2100, 2117, 2186, 2199, 2302, 2323, 2329, 2419, 2424, 2446, 2470, 2478, 2482, 2505, 2597, 2606, 2609, 2618, 2624, 2629, 2665, 2720, 2729, 2750, 2784, 2786, 2788, 2820, 2826, 2851, 2882, 2917, 2926, 2952, 2964, 2966, 2972, 2976, 2999, 3010, 3022, 3029, 3035, 3038, 3075, 3079, 3105, 3116, 3133, 3143, 3168, 3173, 3176, 3211, 3243, 3260, 3262, 3273, 3317, 3339, 3352, 3402, 3404, 3430, 3657, 3693, 3697, 3701, 3718, 3732, 3757, 3759, 3788, 3793, 3800, 3816, 3836, 3841, 3877, 3885, 3956, 3960, 3990, 4011, 4019, 4069, 4086, 4090, 4123, 4144, 4161, 4195, 4217, 4220, 4232, 4277, 4291, 4303, 4323, 4342, 4451, 4475, 4483, 4485, 4524, 4550, 4566, 4568, 4570, 4595, 4604, 4615, 4638, 4657, 4684, 4701, 4737, 4744, 4747, 4755, 4764, 4768, 4772, 4780, 4788, 4800, 4809, 4813, 4863, 4884, 4906, 4942, 4992, 5018, 5055, 5066, 5117, 5228, 5252, 5256, 5296, 5323, 5332, 5334, 5336, 5348, 5350, 5354, 5356, 5360, 5362, 5364, 5366, 5380, 5385, 5419, 5433, 5447, 5483, 5501, 5517, 5529, 5533, 5541, 5577, 5704, 5720, 5727, 5756, 5780, 5851, 5863, 5874, 5876, 5912, 5935, 5976, 5979, 5987, 6008, 6066, 6090, 6153, 6180, 6203, 6210, 6224, 6254, 6357, 6383, 6395, 6422, 6435, 6453, 6478, 6636, 6669, 6693, 6709, 6731, 6740, 6744, 6838, 6849, 6878, 6883, 6899, 6909, 6917, 6988, 7020, 7052, 7091, 7105, 7128, 7203, 7246, 7289, 7339, 7351, 7395, 7413, 7422, 7441, 7509, 7551, 7566, 7616, 7636, 7640, 7669, 7685, 7732, 7867, 7885, 7900, 7927, 7960, 7978, 8017, 8024, 8026, 8030, 8037, 8085, 8101, 8122, 8176, 8213, 8229, 8252, 8264, 8298, 8301, 8336, 8341, 8349, 8354, 8358, 8362, 8389, 8476, 8486, 8505, 8520, 8538, 8542, 8574, 8579, 8617, 8624, 8635, 8653, 8694, 8739, 8745, 8757, 8817, 8821, 8835, 8854, 8877, 8881, 8934, 8952, 8961, 9025, 9035, 9039, 9083, 9145, 9176, 9246, 9253, 9261, 9278, 9339, 9365, 9380, 9396, 9520, 9538, 9557, 9571, 9608, 9622, 9632, 9669, 9740, 9762, 9782, 9789, 9821, 9829, 9835, 9845, 9856, 9873, 9908, 10029, 10112, 10166, 10274, 10309, 10323, 10325, 10361, 10399, 10415, 10431, 10526, 10553, 10586, 10589, 10736, 10753, 10774, 10780, 10812, 10820, 10858, 10898, 10922, 10937, 10951, 10954, 10961]","[3956, 5517, 5912, 6740]","[35, 40, 63, 86, 130, 174, 183, 187, 275, 284, 300, 318, 348, 382, 432, 491, 509, 536, 540, 619, 621, 631, 637, 653, 664, 675, 690, 722, 734, 767, 791, 825, 868, 885, 910, 915, 954, 969, 987, 1023, 1104, 1116, 1142, 1184, 1232, 1347, 1464, 1517, 1611, 1652, 1752, 1863, 1888, 1893, 1898, 1964, 1984, 2018, 2029, 2039, 2052, 2073, 2100, 2117, 2186, 2199, 2302, 2323, 2329, 2419, 2424, 2446, 2470, 2478, 2482, 2505, 2597, 2606, 2609, 2618, 2624, 2629, 2665, 2720, 2729, 2750, 2784, 2786, 2788, 2820, 2826, 2851, 2882, 2917, 2926, 2952, 2964, 2966, 2972, 2976, 2999, 3010, 3022, 3029, 3035, 3038, 3075, 3079, 3105, 3116, 3133, 3143, 3168, 3173, 3176, 3211, 3243, 3260, 3262, 3273, 3317, 3339, 3352, 3402, 3404, 3430, 3657, 3693, 3697, 3701, 3718, 3732, 3757, 3759, 3788, 3793, 3800, 3816, 3836, 3841, 3877, 3885, 3960, 3990, 4011, 4019, 4069, 4086, 4090, 4123, 4144, 4161, 4195, 4217, 4220, 4232, 4277, 4291, 4303, 4323, 4342, 4451, 4475, 4483, 4485, 4524, 4550, 4566, 4568, 4570, 4595, 4604, 4615, 4638, 4657, 4684, 4701, 4737, 4744, 4747, 4755, 4764, 4768, 4772, 4780, 4788, 4800, 4809, 4813, 4863, 4884, 4906, 4942, 4992, 5018, 5055, 5066, 5117, 5228, 5252, 5256, 5296, 5323, 5332, 5334, 5336, 5348, 5350, 5354, 5356, 5360, 5362, 5364, 5366, 5380, 5385, 5419, 5433, 5447, 5483, 5501, 5529, 5533, 5541, 5577, 5704, 5720, 5727, 5756, 5780, 5851, 5863, 5874, 5876, 5935, 5976, 5979, 5987, 6008, 6066, 6090, 6153, 6180, 6203, 6210, 6224, 6254, 6357, 6383, 6395, 6422, 6435, 6453, 6478, 6636, 6669, 6693, 6709, 6731, 6744, 6838, 6849, 6878, 6883, 6899, 6909, 6917, 6988, 7020, 7052, 7091, 7105, 7128, 7203, 7246, 7289, 7339, 7351, 7395, 7413, 7422, 7441, 7509, 7551, 7566, 7616, 7636, 7640, 7669, 7685, 7732, 7867, 7885, 7900, 7927, 7960, 7978, 8017, 8024, 8026, 8030, 8037, 8085, 8101, 8122, 8176, 8213, 8229, 8252, 8264, 8298, 8301, 8336, 8341, 8349, 8354, 8358, 8362, 8389, 8476, 8486, 8505, 8520, 8538, 8542, 8574, 8579, 8617, 8624, 8635, 8653, 8694, 8739, 8745, 8757, 8817, 8821, 8835, 8854, 8877, 8881, 8934, 8952, 8961, 9025, 9035, 9039, 9083, 9145, 9176, 9246, 9253, 9261, 9278, 9339, 9365, 9380, 9396, 9520, 9538, 9557, 9571, 9608, 9622, 9632, 9669, 9740, 9762, 9782, 9789, 9821, 9829, 9835, 9845, 9856, 9873, 9908, 10029, 10112, 10166, 10274, 10309, 10323, 10325, 10361, 10399, 10415, 10431, 10526, 10553, 10586, 10589, 10736, 10753, 10774, 10780, 10812, 10820, 10858, 10898, 10922, 10937, 10951, 10954, 10961]","[3956, 5517, 5912, 6740]",10976,409,10567,4,405,10567,0
-1.5,ALOEGLOBIM,"[21, 55, 148, 189, 205, 221, 237, 244, 271, 290, 316, 334, 346, 367, 448, 469, 536, 548, 555, 562, 583, 599, 604, 641, 688, 720, 722, 755, 761, 811, 830, 843, 851, 925, 940, 954, 1030, 1035, 1043, 1049, 1059, 1065, 1137, 1154, 1170, 1176, 1182, 1200, 1250, 1271, 1278, 1284, 1297, 1301, 1399, 1404, 1410, 1455, 1479, 1481, 1488, 1504, 1511, 1532, 1540, 1548, 1604, 1620, 1634, 1669, 1677]","[237, 583]","[21, 55, 148, 189, 205, 221, 244, 271, 290, 316, 334, 346, 367, 448, 469, 536, 548, 555, 562, 599, 604, 641, 688, 720, 722, 755, 761, 811, 830, 843, 851, 925, 940, 954, 1030, 1035, 1043, 1049, 1059, 1065, 1137, 1154, 1170, 1176, 1182, 1200, 1250, 1271, 1278, 1284, 1297, 1301, 1399, 1404, 1410, 1455, 1479, 1481, 1488, 1504, 1511, 1532, 1540, 1548, 1604, 1620, 1634, 1669, 1677]","[237, 583]",1683,71,1612,2,69,1612,0
-1.5,ALOEGLOBIN,"[21, 55, 148, 189, 205, 221, 237, 271, 334, 346, 367, 448, 469, 536, 548, 555, 562, 583, 599, 604, 641, 688, 720, 722, 755, 761, 811, 830, 843, 851, 925, 940, 954, 1030, 1035, 1043, 1049, 1059, 1137, 1154, 1170, 1176, 1182, 1186, 1200, 1250, 1271, 1278, 1284, 1297, 1301, 1399, 1404, 1410, 1455, 1479, 1481, 1488, 1504, 1511, 1532, 1540, 1548, 1604, 1620, 1634, 1669]","[237, 583]","[21, 55, 148, 189, 205, 221, 271, 334, 346, 367, 448, 469, 536, 548, 555, 562, 599, 604, 641, 688, 720, 722, 755, 761, 811, 830, 843, 851, 925, 940, 954, 1030, 1035, 1043, 1049, 1059, 1137, 1154, 1170, 1176, 1182, 1186, 1200, 1250, 1271, 1278, 1284, 1297, 1301, 1399, 1404, 1410, 1455, 1479, 1481, 1488, 1504, 1511, 1532, 1540, 1548, 1604, 1620, 1634, 1669]","[237, 583]",1683,67,1616,2,65,1616,0
-1.5,ALOPROTP1A,"[7, 10, 59, 121, 166, 170, 186, 196, 267, 273, 281]",[166],"[7, 10, 59, 121, 170, 186, 196, 267, 273, 281]",[166],410,11,399,1,10,399,0
-1.5,AMU12024,"[85, 178, 180, 219, 257, 282, 411, 420, 472, 477, 483, 534, 586, 632, 647, 654, 656, 660, 664, 667, 671, 680, 768, 821, 872, 894, 920, 922, 929, 965, 1067, 1084, 1098, 1108, 1110, 1120, 1125, 1143, 1172, 1232, 1295, 1444, 1458, 1467, 1537, 1573, 1583, 1587, 1594, 1607, 1619, 1633, 1650, 1659, 1695, 1708, 1711, 1742, 1745, 1748, 1750, 1797, 1817, 1834, 1864, 1902, 1960, 1974, 1989, 2000, 2007, 2013, 2027, 2064, 2112, 2126, 2163, 2183, 2194, 2242, 2293, 2305, 2308, 2311, 2332, 2334, 2374, 2384, 2435, 2482, 2539, 2575, 2587, 2605, 2623, 2647, 2685, 2732, 2755, 2801, 2827, 2881, 2892, 2906, 2917, 2919, 2952, 2985, 3018, 3053, 3067, 3079, 3138, 3165, 3237, 3248, 3267, 3306, 3319, 3332, 3350, 3385, 3391, 3395, 3458, 3477, 3540, 3568, 3573, 3597, 3606, 3610]","[257, 667, 1864, 2126, 2482]","[85, 178, 180, 219, 282, 411, 420, 472, 477, 483, 534, 586, 632, 647, 654, 656, 660, 664, 671, 680, 768, 821, 872, 894, 920, 922, 929, 965, 1067, 1084, 1098, 1108, 1110, 1120, 1125, 1143, 1172, 1232, 1295, 1444, 1458, 1467, 1537, 1573, 1583, 1587, 1594, 1607, 1619, 1633, 1650, 1659, 1695, 1708, 1711, 1742, 1745, 1748, 1750, 1797, 1817, 1834, 1902, 1960, 1974, 1989, 2000, 2007, 2013, 2027, 2064, 2112, 2163, 2183, 2194, 2242, 2293, 2305, 2308, 2311, 2332, 2334, 2374, 2384, 2435, 2539, 2575, 2587, 2605, 2623, 2647, 2685, 2732, 2755, 2801, 2827, 2881, 2892, 2906, 2917, 2919, 2952, 2985, 3018, 3053, 3067, 3079, 3138, 3165, 3237, 3248, 3267, 3306, 3319, 3332, 3350, 3385, 3391, 3395, 3458, 3477, 3540, 3568, 3573, 3597, 3606, 3610]","[257, 667, 1864, 2126, 2482]",3644,132,3512,5,127,3512,0
-1.5,AMU12025,"[37, 49, 78, 91, 100, 178, 205, 241, 271, 278, 289, 295, 301, 321, 327, 385, 428, 453, 501, 510, 527, 529, 588, 599, 616, 635, 640, 729, 793, 800, 830, 843, 845, 854, 859, 886, 929, 1004, 1018, 1032, 1049, 1056, 1080, 1084, 1127, 1143, 1221, 1242, 1333, 1335, 1374, 1380, 1412, 1416, 1428, 1499, 1517, 1574, 1635, 1640, 1646, 1697, 1749, 1763, 1795, 1817, 1819, 1823, 1827, 1830, 1834, 1886, 1891, 1905, 1935, 1974, 1976, 1997, 2007, 2010, 2014, 2020, 2028, 2072, 2115, 2139, 2162, 2181, 2250, 2260, 2274, 2301, 2359, 2382, 2460, 2485, 2498, 2501, 2532, 2535, 2538, 2540, 2554, 2624, 2654, 2658, 2677, 2689, 2691, 2705, 2709, 2736, 2750, 2765, 2776, 2789, 2803, 2818, 2840, 2857, 2881, 2902, 2930, 2989, 3011, 3038, 3089, 3101, 3104, 3107, 3130, 3180, 3231, 3278, 3313, 3317, 3336, 3343, 3378, 3380, 3441, 3443, 3465, 3521, 3529, 3623, 3636, 3649, 3667, 3688, 3785, 3804, 3871, 3897, 3899, 3945, 4102, 4134, 4141, 4157, 4162, 4345, 4352, 4425, 4464, 4481, 4485, 4517, 4525, 4541, 4564, 4594, 4633, 4643, 4659, 4730, 4767, 4774, 4785, 4838, 4854, 4931, 5015, 5032, 5038, 5073, 5135, 5236, 5267, 5345, 5369, 5377]","[1412, 1830, 2654, 2902, 3278]","[37, 49, 78, 91, 100, 178, 205, 241, 271, 278, 289, 295, 301, 321, 327, 385, 428, 453, 501, 510, 527, 529, 588, 599, 616, 635, 640, 729, 793, 800, 830, 843, 845, 854, 859, 886, 929, 1004, 1018, 1032, 1049, 1056, 1080, 1084, 1127, 1143, 1221, 1242, 1333, 1335, 1374, 1380, 1416, 1428, 1499, 1517, 1574, 1635, 1640, 1646, 1697, 1749, 1763, 1795, 1817, 1819, 1823, 1827, 1834, 1886, 1891, 1905, 1935, 1974, 1976, 1997, 2007, 2010, 2014, 2020, 2028, 2072, 2115, 2139, 2162, 2181, 2250, 2260, 2274, 2301, 2359, 2382, 2460, 2485, 2498, 2501, 2532, 2535, 2538, 2540, 2554, 2624, 2658, 2677, 2689, 2691, 2705, 2709, 2736, 2750, 2765, 2776, 2789, 2803, 2818, 2840, 2857, 2881, 2930, 2989, 3011, 3038, 3089, 3101, 3104, 3107, 3130, 3180, 3231, 3313, 3317, 3336, 3343, 3378, 3380, 3441, 3443, 3465, 3521, 3529, 3623, 3636, 3649, 3667, 3688, 3785, 3804, 3871, 3897, 3899, 3945, 4102, 4134, 4141, 4157, 4162, 4345, 4352, 4425, 4464, 4481, 4485, 4517, 4525, 4541, 4564, 4594, 4633, 4643, 4659, 4730, 4767, 4774, 4785, 4838, 4854, 4931, 5015, 5032, 5038, 5073, 5135, 5236, 5267, 5345, 5369, 5377]","[1412, 1830, 2654, 2902, 3278]",5375,192,5183,5,187,5183,0
-1.5,AOIRHODOPS,"[15, 44, 46, 113, 122, 130, 141, 145, 154, 174, 206, 228, 235, 255, 296, 306, 327, 376, 384, 395, 397, 403, 410, 434, 440, 447, 462, 470, 485, 518, 575, 620, 627, 657, 671, 691, 741, 749, 768, 796, 830, 854, 856, 874, 894, 921, 930, 979, 1003, 1027, 1080, 1104, 1115, 1129, 1278, 1314, 1321, 1335, 1393, 1398, 1415, 1424, 1472, 1581, 1599, 1625, 1662, 1702, 1706, 1749, 1758, 1776, 1820, 1857, 1907, 1925, 1953, 1969, 1982, 1996, 2025, 2032, 2040, 2051, 2062, 2119, 2133, 2240, 2305, 2381, 2470, 2528, 2577, 2584, 2678, 2683, 2702, 2707, 2754, 2758, 2807, 2812, 2816, 2838, 2855, 2861, 2864, 2870, 2920, 2933, 2942, 2949, 2968, 3012, 3095, 3111, 3113, 3119, 3158, 3202, 3206, 3251, 3397, 3439, 3442, 3465, 3476, 3488, 3513, 3551, 3566, 3575, 3625, 3690, 3800, 3914, 3921, 3926, 3933, 3948, 4005, 4036, 4061, 4067, 4071, 4091, 4109, 4185, 4247, 4256, 4263, 4271, 4289, 4294, 4307, 4314, 4336, 4385, 4391, 4430, 4458, 4464, 4472, 4479, 4506, 4544, 4578, 4598, 4610, 4615, 4658, 4667, 4711, 4744, 4812, 4829, 4840, 4849, 4862, 4864, 4878, 4881, 4900, 4926, 4933, 4953, 4963, 4967, 5014, 5059, 5089, 5116, 5120, 5130, 5134, 5154, 5156, 5207, 5236, 5355, 5359, 5364, 5373, 5377, 5396, 5416, 5426, 5452, 5478, 5483, 5489, 5494, 5523, 5580, 5601, 5611, 5630, 5642, 5668, 5677, 5688, 5711, 5716, 5720, 5744, 5749, 5772, 5796, 5817, 5856, 5862, 5868, 5882, 5892, 5926, 5958, 6023, 6054, 6066, 6078, 6093, 6102, 6117, 6216, 6243, 6256, 6318, 6327, 6360, 6372, 6376, 6400, 6406, 6408, 6410, 6496, 6539, 6569, 6572, 6575, 6615, 6625, 6690, 6759, 6806, 6925, 6950, 6952, 6962, 6979, 7023, 7039, 7056, 7061, 7082, 7095, 7174, 7214, 7231, 7281, 7342, 7357, 7370, 7379, 7440, 7470, 7472, 7481, 7494, 7509, 7580, 7584, 7600, 7614, 7622, 7630, 7638, 7648, 7673, 7714, 7724, 7792, 7800, 7838, 8003, 8123, 8130, 8156, 8169, 8197, 8201, 8229, 8277, 8289, 8300, 8308, 8314, 8412, 8434, 8614, 8664, 8669, 8837, 8863, 8880, 8901, 8909, 8971, 8986, 9030, 9039, 9057, 9075, 9109, 9111, 9125, 9133, 9151, 9169, 9242, 9261, 9292, 9304, 9308, 9323, 9342, 9365, 9371, 9410, 9423, 9464, 9469, 9592, 9598, 9612, 9620, 9661, 9666, 9755, 9827, 9878, 9902, 9904]","[1702, 4067, 5373, 6243]","[15, 44, 46, 113, 122, 130, 141, 145, 154, 174, 206, 228, 235, 255, 296, 306, 327, 376, 384, 395, 397, 403, 410, 434, 440, 447, 462, 470, 485, 518, 575, 620, 627, 657, 671, 691, 741, 749, 768, 796, 830, 854, 856, 874, 894, 921, 930, 979, 1003, 1027, 1080, 1104, 1115, 1129, 1278, 1314, 1321, 1335, 1393, 1398, 1415, 1424, 1472, 1581, 1599, 1625, 1662, 1706, 1749, 1758, 1776, 1820, 1857, 1907, 1925, 1953, 1969, 1982, 1996, 2025, 2032, 2040, 2051, 2062, 2119, 2133, 2240, 2305, 2381, 2470, 2528, 2577, 2584, 2678, 2683, 2702, 2707, 2754, 2758, 2807, 2812, 2816, 2838, 2855, 2861, 2864, 2870, 2920, 2933, 2942, 2949, 2968, 3012, 3095, 3111, 3113, 3119, 3158, 3202, 3206, 3251, 3397, 3439, 3442, 3465, 3476, 3488, 3513, 3551, 3566, 3575, 3625, 3690, 3800, 3914, 3921, 3926, 3933, 3948, 4005, 4036, 4061, 4071, 4091, 4109, 4185, 4247, 4256, 4263, 4271, 4289, 4294, 4307, 4314, 4336, 4385, 4391, 4430, 4458, 4464, 4472, 4479, 4506, 4544, 4578, 4598, 4610, 4615, 4658, 4667, 4711, 4744, 4812, 4829, 4840, 4849, 4862, 4864, 4878, 4881, 4900, 4926, 4933, 4953, 4963, 4967, 5014, 5059, 5089, 5116, 5120, 5130, 5134, 5154, 5156, 5207, 5236, 5355, 5359, 5364, 5377, 5396, 5416, 5426, 5452, 5478, 5483, 5489, 5494, 5523, 5580, 5601, 5611, 5630, 5642, 5668, 5677, 5688, 5711, 5716, 5720, 5744, 5749, 5772, 5796, 5817, 5856, 5862, 5868, 5882, 5892, 5926, 5958, 6023, 6054, 6066, 6078, 6093, 6102, 6117, 6216, 6256, 6318, 6327, 6360, 6372, 6376, 6400, 6406, 6408, 6410, 6496, 6539, 6569, 6572, 6575, 6615, 6625, 6690, 6759, 6806, 6925, 6950, 6952, 6962, 6979, 7023, 7039, 7056, 7061, 7082, 7095, 7174, 7214, 7231, 7281, 7342, 7357, 7370, 7379, 7440, 7470, 7472, 7481, 7494, 7509, 7580, 7584, 7600, 7614, 7622, 7630, 7638, 7648, 7673, 7714, 7724, 7792, 7800, 7838, 8003, 8123, 8130, 8156, 8169, 8197, 8201, 8229, 8277, 8289, 8300, 8308, 8314, 8412, 8434, 8614, 8664, 8669, 8837, 8863, 8880, 8901, 8909, 8971, 8986, 9030, 9039, 9057, 9075, 9109, 9111, 9125, 9133, 9151, 9169, 9242, 9261, 9292, 9304, 9308, 9323, 9342, 9365, 9371, 9410, 9423, 9464, 9469, 9592, 9598, 9612, 9620, 9661, 9666, 9755, 9827, 9878, 9902, 9904]","[1702, 4067, 5373, 6243]",9915,363,9552,4,359,9552,0
-1.5,ASPROP2,"[63, 75, 107, 120, 142, 180, 251, 258, 325, 452, 555, 566, 589, 662]",[325],"[63, 75, 107, 120, 142, 180, 251, 258, 452, 555, 566, 589, 662]",[325],664,14,650,1,13,650,0
-1.5,ASYRVISP,"[53, 84, 99, 115, 126, 180, 224, 260, 264, 278, 294, 330, 359, 363, 367, 467, 473, 533, 625, 634, 650, 656, 786, 788, 822, 837, 852, 858, 886, 909, 932, 963, 1007, 1011, 1039, 1042, 1046, 1053, 1116, 1166, 1179, 1182, 1213, 1216, 1219, 1221, 1240, 1245, 1288, 1293, 1300, 1305, 1335, 1385, 1404, 1419, 1433, 1448, 1459, 1466, 1564, 1566, 1569, 1585, 1617, 1659, 1676, 1727, 1739, 1742, 1745, 1889, 1916, 1920, 1968, 1986, 2007, 2021, 2051, 2069, 2099, 2122]","[625, 1042, 1335, 1585, 1916]","[53, 84, 99, 115, 126, 180, 224, 260, 264, 278, 294, 330, 359, 363, 367, 467, 473, 533, 634, 650, 656, 786, 788, 822, 837, 852, 858, 886, 909, 932, 963, 1007, 1011, 1039, 1046, 1053, 1116, 1166, 1179, 1182, 1213, 1216, 1219, 1221, 1240, 1245, 1288, 1293, 1300, 1305, 1385, 1404, 1419, 1433, 1448, 1459, 1466, 1564, 1566, 1569, 1617, 1659, 1676, 1727, 1739, 1742, 1745, 1889, 1920, 1968, 1986, 2007, 2021, 2051, 2069, 2099, 2122]","[625, 1042, 1335, 1585, 1916]",2221,82,2139,5,77,2139,0
-1.5,ATREGLOBIN,"[21, 55, 148, 189, 205, 221, 237, 247, 271, 290, 316, 334, 346, 351, 453, 474, 541, 553, 567, 588, 604, 609, 693, 725, 760, 766, 828, 860, 868, 891, 935, 939, 954, 968, 1045, 1050, 1058, 1064, 1074, 1152, 1187, 1193, 1199, 1217, 1267, 1288, 1295, 1301, 1314, 1318, 1407, 1412, 1418, 1463, 1487, 1489, 1496, 1519, 1540, 1548, 1556, 1628, 1642, 1677, 1687]","[237, 588]","[21, 55, 148, 189, 205, 221, 247, 271, 290, 316, 334, 346, 351, 453, 474, 541, 553, 567, 604, 609, 693, 725, 760, 766, 828, 860, 868, 891, 935, 939, 954, 968, 1045, 1050, 1058, 1064, 1074, 1152, 1187, 1193, 1199, 1217, 1267, 1288, 1295, 1301, 1314, 1318, 1407, 1412, 1418, 1463, 1487, 1489, 1496, 1519, 1540, 1548, 1556, 1628, 1642, 1677, 1687]","[237, 588]",1691,65,1626,2,63,1626,0
-1.5,BABAPOE,"[33, 60, 72, 113, 146, 170, 198, 267, 272, 285, 331, 354, 363, 408, 418, 481, 486, 501, 550, 567, 673, 688, 694, 698, 754, 764, 770, 804, 860, 865, 881, 897, 918, 1003, 1029, 1080, 1090, 1147, 1152, 1191, 1223, 1269, 1278, 1289, 1297, 1312, 1331, 1357, 1374, 1414, 1427, 1431, 1492, 1497, 1519, 1558, 1590, 1638, 1647, 1658, 1668, 1681, 1702, 1729, 1746, 1778, 1820, 1898, 1910, 1941, 1944, 1953, 1985, 2029, 2032, 2045, 2084, 2109, 2144, 2222, 2235, 2262, 2312, 2355, 2368, 2421, 2427, 2433, 2442, 2468, 2486, 2490, 2512, 2567, 2581, 2583, 2593, 2613, 2668, 2680, 2704, 2721, 2756, 2782, 2793, 2803, 2830, 2847, 2851, 2881, 2903, 2909, 2948, 2958, 3055, 3121, 3129, 3144, 3191, 3265, 3373, 3435, 3537, 3598, 3615, 3630, 3635, 3648, 3670, 3765, 3767, 3804, 3837, 3852, 3867, 3916, 3978, 3990, 3999, 4076, 4089, 4109, 4122, 4131, 4143, 4164, 4223, 4288, 4318, 4344, 4346, 4425, 4429, 4431, 4439, 4443, 4482, 4507, 4512, 4517, 4619, 4628, 4650, 4663, 4682, 4734]","[897, 2847]","[33, 60, 72, 113, 146, 170, 198, 267, 272, 285, 331, 354, 363, 408, 418, 481, 486, 501, 550, 567, 673, 688, 694, 698, 754, 764, 770, 804, 860, 865, 881, 918, 1003, 1029, 1080, 1090, 1147, 1152, 1191, 1223, 1269, 1278, 1289, 1297, 1312, 1331, 1357, 1374, 1414, 1427, 1431, 1492, 1497, 1519, 1558, 1590, 1638, 1647, 1658, 1668, 1681, 1702, 1729, 1746, 1778, 1820, 1898, 1910, 1941, 1944, 1953, 1985, 2029, 2032, 2045, 2084, 2109, 2144, 2222, 2235, 2262, 2312, 2355, 2368, 2421, 2427, 2433, 2442, 2468, 2486, 2490, 2512, 2567, 2581, 2583, 2593, 2613, 2668, 2680, 2704, 2721, 2756, 2782, 2793, 2803, 2830, 2851, 2881, 2903, 2909, 2948, 2958, 3055, 3121, 3129, 3144, 3191, 3265, 3373, 3435, 3537, 3598, 3615, 3630, 3635, 3648, 3670, 3765, 3767, 3804, 3837, 3852, 3867, 3916, 3978, 3990, 3999, 4076, 4089, 4109, 4122, 4131, 4143, 4164, 4223, 4288, 4318, 4344, 4346, 4425, 4429, 4431, 4439, 4443, 4482, 4507, 4512, 4517, 4619, 4628, 4650, 4663, 4682, 4734]","[897, 2847]",4754,166,4588,2,164,4588,0
-1.5,BATROX,"[65, 67, 96, 111, 135, 170, 200, 213, 222, 237, 292, 304, 331, 341, 384, 396, 430, 443, 449, 466, 473, 491, 495, 518, 523, 532, 573, 600, 691, 717, 720, 734, 736, 769, 785, 832, 845, 855, 875, 879, 902, 916, 922, 927, 940, 1033, 1053, 1144, 1152, 1159, 1180, 1190, 1267, 1443, 1554, 1654, 1758, 1781, 1809, 1826, 1828, 1839, 1843, 1869, 1903, 1909, 1925, 1944, 1948, 2000, 2015, 2032, 2058, 2078, 2121, 2128, 2254, 2286, 2297, 2307, 2315, 2317, 2338, 2358, 2370, 2407, 2410, 2428, 2432, 2434, 2446, 2450, 2471, 2578, 2596, 2632, 2637, 2670, 2733, 2780, 2880, 2890, 2899, 2933, 2948, 2956, 2959, 2985, 3004, 3011, 3029, 3036, 3048, 3094, 3120, 3183, 3208, 3290, 3341, 3388, 3391, 3410, 3533, 3556, 3593, 3623, 3631, 3638, 3668, 3679, 3683, 3706, 3708, 3746, 3783, 3813, 3829, 3831, 3849, 3878, 3883, 3904, 3919, 3924, 3928, 3946, 3961, 3967, 3975, 3979, 4044, 4110, 4114, 4136, 4143, 4154, 4189, 4191, 4227, 4270, 4276, 4320, 4347, 4359, 4364, 4409, 4437, 4495, 4518, 4567, 4595, 4608, 4647, 4652, 4668, 4681, 4705, 4722, 4771, 4798, 4813, 4815, 4833, 4836, 4884, 4929, 4939, 4981, 4983, 4992, 4999, 5035, 5085, 5092, 5123, 5127, 5182, 5204, 5222, 5270, 5334, 5390, 5468, 5475, 5481, 5487, 5506, 5509, 5514, 5517, 5528, 5583, 5611, 5635, 5658, 5674, 5679, 5687, 5693, 5705, 5750, 5771, 5790, 5816, 5831, 5833, 5850, 5864, 5956, 5966, 5993, 6055, 6111, 6115, 6147, 6187, 6329, 6360, 6385, 6407, 6415, 6436, 6449, 6466, 6518, 6524, 6576, 6593, 6601, 6618, 6715, 6735, 6775, 6782, 6789, 6845, 6874, 6876, 6881, 6897, 6915, 6917, 6923, 6950, 6955, 6993, 7042, 7057, 7079, 7090, 7120, 7147, 7165, 7188, 7233, 7262, 7265, 7277, 7297, 7321, 7357, 7366, 7378, 7401, 7463, 7481, 7495, 7567, 7624, 7627, 7655, 7660, 7730, 7789, 7801, 7823, 7856, 7867, 7889, 7897, 7980, 7992, 8012, 8021, 8044]","[341, 3011, 5035, 6955]","[65, 67, 96, 111, 135, 170, 200, 213, 222, 237, 292, 304, 331, 384, 396, 430, 443, 449, 466, 473, 491, 495, 518, 523, 532, 573, 600, 691, 717, 720, 734, 736, 769, 785, 832, 845, 855, 875, 879, 902, 916, 922, 927, 940, 1033, 1053, 1144, 1152, 1159, 1180, 1190, 1267, 1443, 1554, 1654, 1758, 1781, 1809, 1826, 1828, 1839, 1843, 1869, 1903, 1909, 1925, 1944, 1948, 2000, 2015, 2032, 2058, 2078, 2121, 2128, 2254, 2286, 2297, 2307, 2315, 2317, 2338, 2358, 2370, 2407, 2410, 2428, 2432, 2434, 2446, 2450, 2471, 2578, 2596, 2632, 2637, 2670, 2733, 2780, 2880, 2890, 2899, 2933, 2948, 2956, 2959, 2985, 3004, 3029, 3036, 3048, 3094, 3120, 3183, 3208, 3290, 3341, 3388, 3391, 3410, 3533, 3556, 3593, 3623, 3631, 3638, 3668, 3679, 3683, 3706, 3708, 3746, 3783, 3813, 3829, 3831, 3849, 3878, 3883, 3904, 3919, 3924, 3928, 3946, 3961, 3967, 3975, 3979, 4044, 4110, 4114, 4136, 4143, 4154, 4189, 4191, 4227, 4270, 4276, 4320, 4347, 4359, 4364, 4409, 4437, 4495, 4518, 4567, 4595, 4608, 4647, 4652, 4668, 4681, 4705, 4722, 4771, 4798, 4813, 4815, 4833, 4836, 4884, 4929, 4939, 4981, 4983, 4992, 4999, 5085, 5092, 5123, 5127, 5182, 5204, 5222, 5270, 5334, 5390, 5468, 5475, 5481, 5487, 5506, 5509, 5514, 5517, 5528, 5583, 5611, 5635, 5658, 5674, 5679, 5687, 5693, 5705, 5750, 5771, 5790, 5816, 5831, 5833, 5850, 5864, 5956, 5966, 5993, 6055, 6111, 6115, 6147, 6187, 6329, 6360, 6385, 6407, 6415, 6436, 6449, 6466, 6518, 6524, 6576, 6593, 6601, 6618, 6715, 6735, 6775, 6782, 6789, 6845, 6874, 6876, 6881, 6897, 6915, 6917, 6923, 6950, 6993, 7042, 7057, 7079, 7090, 7120, 7147, 7165, 7188, 7233, 7262, 7265, 7277, 7297, 7321, 7357, 7366, 7378, 7401, 7463, 7481, 7495, 7567, 7624, 7627, 7655, 7660, 7730, 7789, 7801, 7823, 7856, 7867, 7889, 7897, 7980, 7992, 8012, 8021, 8044]","[341, 3011, 5035, 6955]",8092,305,7787,4,301,7787,0
-1.5,BCHEGLOBIN,"[21, 55, 148, 189, 205, 221, 237, 254, 271, 290, 316, 334, 346, 367, 448, 469, 536, 548, 555, 562, 583, 587, 599, 604, 688, 720, 755, 823, 842, 855, 937, 952, 966, 1041, 1046, 1054, 1060, 1070, 1076, 1115, 1149, 1166, 1184, 1190, 1196, 1200, 1214, 1264, 1285, 1292, 1298, 1311, 1315, 1412, 1417, 1423, 1468, 1492, 1494, 1501, 1517, 1524, 1545, 1553, 1561, 1633, 1648, 1683]","[237, 583]","[21, 55, 148, 189, 205, 221, 254, 271, 290, 316, 334, 346, 367, 448, 469, 536, 548, 555, 562, 587, 599, 604, 688, 720, 755, 823, 842, 855, 937, 952, 966, 1041, 1046, 1054, 1060, 1070, 1076, 1115, 1149, 1166, 1184, 1190, 1196, 1200, 1214, 1264, 1285, 1292, 1298, 1311, 1315, 1412, 1417, 1423, 1468, 1492, 1494, 1501, 1517, 1524, 1545, 1553, 1561, 1633, 1648, 1683]","[237, 583]",1697,68,1629,2,66,1629,0
-1.5,BOVANPA,"[13, 25, 52, 129, 146, 334, 391, 393, 403, 433, 455, 471, 474, 482, 525, 544, 579, 591, 598, 666, 788, 832, 858, 903, 928, 958, 1023, 1025, 1148, 1163, 1166, 1267, 1275, 1289, 1299, 1315, 1338, 1343, 1348, 1365, 1379, 1382, 1453, 1480, 1491, 1499, 1557, 1566, 1577, 1604, 1637, 1677, 1687, 1691, 1693, 1753]","[433, 858]","[13, 25, 52, 129, 146, 334, 391, 393, 403, 455, 471, 474, 482, 525, 544, 579, 591, 598, 666, 788, 832, 903, 928, 958, 1023, 1025, 1148, 1163, 1166, 1267, 1275, 1289, 1299, 1315, 1338, 1343, 1348, 1365, 1379, 1382, 1453, 1480, 1491, 1499, 1557, 1566, 1577, 1604, 1637, 1677, 1687, 1691, 1693, 1753]","[433, 858]",1761,56,1705,2,54,1705,0
-1.5,BOVCOX7AL,"[16, 25, 97, 172, 254, 263, 295, 299, 322, 336, 349, 363, 379, 415, 457, 469, 492, 547, 610, 614, 622, 637, 640, 647, 679, 683, 694, 699, 723, 749, 894, 936, 956, 1002, 1008, 1019, 1048, 1054, 1056, 1083, 1105, 1207, 1233, 1245, 1249, 1376, 1416, 1444, 1453, 1461, 1481, 1484, 1497, 1501, 1505, 1508, 1540, 1565, 1570, 1583, 1596, 1604, 1652, 1661, 1665, 1697, 1720, 1733, 1768, 1771, 1811, 1820, 1826, 1883, 1895, 1901, 1914, 1924, 1954, 1985, 1988, 2007, 2017, 2035, 2058, 2067, 2108, 2114, 2117, 2130, 2141, 2186, 2219, 2228, 2235, 2273, 2336, 2351, 2356, 2393, 2426, 2432, 2459, 2470, 2476, 2522, 2529, 2546, 2583, 2591, 2630, 2647, 2650, 2669, 2676, 2729, 2753, 2772, 2785, 2812, 2820, 2831, 2840, 2860, 2867, 2874, 2882, 2886, 2903, 3003, 3009, 3033, 3041, 3043, 3047, 3059, 3070, 3098, 3132, 3139, 3141, 3154, 3170, 3212, 3261, 3328, 3332, 3345, 3354, 3369, 3389, 3391, 3416, 3437, 3486, 3507, 3512, 3537, 3540, 3554, 3592, 3627, 3653, 3707, 3721, 3734, 3749, 3768, 3774, 3780, 3798, 3808, 3930, 3942, 3969, 3973, 3975, 3986, 4032, 4153, 4165, 4186, 4206, 4222, 4229, 4239, 4241, 4273, 4284, 4290, 4339, 4356, 4410, 4413, 4418, 4440, 4450, 4476, 4496, 4530, 4555, 4579, 4589, 4648, 4653, 4773, 4791, 4800, 4866, 4938, 4982, 4995, 5017, 5042, 5046, 5049, 5053, 5057, 5071, 5081, 5087, 5105, 5126, 5143, 5163, 5213, 5252, 5257, 5273, 5282, 5296, 5305, 5311, 5353, 5360, 5377, 5388, 5418, 5427, 5435, 5460, 5488, 5512, 5521, 5537, 5557, 5563, 5585, 5601, 5651, 5660, 5662, 5674, 5699, 5715, 5722, 5726, 5731, 5753, 5788, 5837, 5857, 5894, 5919, 5928, 5934, 5938, 5985, 6000, 6035, 6081, 6089, 6113, 6116, 6124, 6145, 6167, 6330, 6373, 6396, 6398, 6418, 6444, 6448, 6452, 6500, 6516, 6566, 6648, 6661, 6716, 6721, 6742, 6750, 6762, 6799, 6862]","[1540, 2812, 5049]","[16, 25, 97, 172, 254, 263, 295, 299, 322, 336, 349, 363, 379, 415, 457, 469, 492, 547, 610, 614, 622, 637, 640, 647, 679, 683, 694, 699, 723, 749, 894, 936, 956, 1002, 1008, 1019, 1048, 1054, 1056, 1083, 1105, 1207, 1233, 1245, 1249, 1376, 1416, 1444, 1453, 1461, 1481, 1484, 1497, 1501, 1505, 1508, 1565, 1570, 1583, 1596, 1604, 1652, 1661, 1665, 1697, 1720, 1733, 1768, 1771, 1811, 1820, 1826, 1883, 1895, 1901, 1914, 1924, 1954, 1985, 1988, 2007, 2017, 2035, 2058, 2067, 2108, 2114, 2117, 2130, 2141, 2186, 2219, 2228, 2235, 2273, 2336, 2351, 2356, 2393, 2426, 2432, 2459, 2470, 2476, 2522, 2529, 2546, 2583, 2591, 2630, 2647, 2650, 2669, 2676, 2729, 2753, 2772, 2785, 2820, 2831, 2840, 2860, 2867, 2874, 2882, 2886, 2903, 3003, 3009, 3033, 3041, 3043, 3047, 3059, 3070, 3098, 3132, 3139, 3141, 3154, 3170, 3212, 3261, 3328, 3332, 3345, 3354, 3369, 3389, 3391, 3416, 3437, 3486, 3507, 3512, 3537, 3540, 3554, 3592, 3627, 3653, 3707, 3721, 3734, 3749, 3768, 3774, 3780, 3798, 3808, 3930, 3942, 3969, 3973, 3975, 3986, 4032, 4153, 4165, 4186, 4206, 4222, 4229, 4239, 4241, 4273, 4284, 4290, 4339, 4356, 4410, 4413, 4418, 4440, 4450, 4476, 4496, 4530, 4555, 4579, 4589, 4648, 4653, 4773, 4791, 4800, 4866, 4938, 4982, 4995, 5017, 5042, 5046, 5053, 5057, 5071, 5081, 5087, 5105, 5126, 5143, 5163, 5213, 5252, 5257, 5273, 5282, 5296, 5305, 5311, 5353, 5360, 5377, 5388, 5418, 5427, 5435, 5460, 5488, 5512, 5521, 5537, 5557, 5563, 5585, 5601, 5651, 5660, 5662, 5674, 5699, 5715, 5722, 5726, 5731, 5753, 5788, 5837, 5857, 5894, 5919, 5928, 5934, 5938, 5985, 6000, 6035, 6081, 6089, 6113, 6116, 6124, 6145, 6167, 6330, 6373, 6396, 6398, 6418, 6444, 6448, 6452, 6500, 6516, 6566, 6648, 6661, 6716, 6721, 6742, 6750, 6762, 6799, 6862]","[1540, 2812, 5049]",6848,297,6551,3,294,6551,0
-1.5,BOVGAS,"[11, 54, 141, 173, 175, 192, 203, 225, 323, 406, 454, 487, 551, 553, 561, 573, 639, 744, 751, 795, 806, 832, 847, 922, 996]",[751],"[11, 54, 141, 173, 175, 192, 203, 225, 323, 406, 454, 487, 551, 553, 561, 573, 639, 744, 795, 806, 832, 847, 922, 996]",[751],1058,25,1033,1,24,1033,0
-1.5,BOVIAP,"[93, 98, 100, 134, 161, 174, 194, 207, 220, 262, 296, 320, 329, 402, 409, 414, 421, 437, 441, 457, 461, 463, 526, 533, 564, 602, 606, 608, 610, 612, 619, 673, 790, 825, 878, 895, 916, 921, 926, 966, 1019, 1080, 1098, 1116, 1143, 1160, 1306, 1318, 1330, 1332, 1426, 1433, 1469, 1516, 1568, 1700, 1742, 1764, 1768, 1816, 1835, 1866, 1868, 1886, 1895, 1979, 1994, 2004, 2015, 2033, 2037, 2039, 2057, 2107, 2129, 2141, 2159, 2188, 2200, 2235, 2237, 2242, 2267, 2269, 2273, 2295, 2309, 2320, 2325, 2329, 2354, 2366, 2403, 2413, 2437, 2441, 2447, 2450, 2465, 2504, 2518, 2585, 2606, 2615, 2643, 2646, 2670, 2674, 2691, 2701, 2711, 2715, 2717, 2719, 2721, 2725, 2729, 2731, 2734, 2739, 2749, 2756, 2784, 2793, 2802, 2804, 2813, 2864, 2874, 2893, 2900, 2937, 2939, 2972, 2999, 3018, 3024, 3029, 3046, 3048, 3069, 3092, 3096, 3098, 3139, 3141, 3157, 3198, 3231, 3282, 3337, 3352, 3385, 3392, 3396, 3410, 3420, 3422, 3440, 3444, 3449, 3460, 3493, 3535, 3634, 3649, 3667, 3682, 3689, 3720, 3747, 3752, 3755, 3782, 3844, 3848, 3850, 3879, 3996, 4002, 4005, 4009, 4024, 4046, 4111, 4130, 4166, 4172, 4202, 4211, 4229, 4259, 4396, 4419, 4502, 4569, 4656, 4665, 4693, 4731, 4799, 4860, 4869, 4884, 4887, 4900, 4912, 4932, 4934, 5007, 5030, 5060, 5074, 5089, 5115, 5136, 5199, 5212, 5221, 5223, 5241, 5254, 5256, 5262, 5271, 5277, 5290, 5301, 5318, 5352, 5355, 5367, 5372, 5388]","[1568, 1764, 1994, 2354, 2606, 2999, 3157, 3392, 3667, 3996]","[93, 98, 100, 134, 161, 174, 194, 207, 220, 262, 296, 320, 329, 402, 409, 414, 421, 437, 441, 457, 461, 463, 526, 533, 564, 602, 606, 608, 610, 612, 619, 673, 790, 825, 878, 895, 916, 921, 926, 966, 1019, 1080, 1098, 1116, 1143, 1160, 1306, 1318, 1330, 1332, 1426, 1433, 1469, 1516, 1700, 1742, 1768, 1816, 1835, 1866, 1868, 1886, 1895, 1979, 2004, 2015, 2033, 2037, 2039, 2057, 2107, 2129, 2141, 2159, 2188, 2200, 2235, 2237, 2242, 2267, 2269, 2273, 2295, 2309, 2320, 2325, 2329, 2366, 2403, 2413, 2437, 2441, 2447, 2450, 2465, 2504, 2518, 2585, 2615, 2643, 2646, 2670, 2674, 2691, 2701, 2711, 2715, 2717, 2719, 2721, 2725, 2729, 2731, 2734, 2739, 2749, 2756, 2784, 2793, 2802, 2804, 2813, 2864, 2874, 2893, 2900, 2937, 2939, 2972, 3018, 3024, 3029, 3046, 3048, 3069, 3092, 3096, 3098, 3139, 3141, 3198, 3231, 3282, 3337, 3352, 3385, 3396, 3410, 3420, 3422, 3440, 3444, 3449, 3460, 3493, 3535, 3634, 3649, 3682, 3689, 3720, 3747, 3752, 3755, 3782, 3844, 3848, 3850, 3879, 4002, 4005, 4009, 4024, 4046, 4111, 4130, 4166, 4172, 4202, 4211, 4229, 4259, 4396, 4419, 4502, 4569, 4656, 4665, 4693, 4731, 4799, 4860, 4869, 4884, 4887, 4900, 4912, 4932, 4934, 5007, 5030, 5060, 5074, 5089, 5115, 5136, 5199, 5212, 5221, 5223, 5241, 5254, 5256, 5262, 5271, 5277, 5290, 5301, 5318, 5352, 5355, 5367, 5372, 5388]","[1568, 1764, 1994, 2354, 2606, 2999, 3157, 3392, 3667, 3996]",5391,234,5157,10,224,5157,0
-1.5,BOVIRBP,"[11, 58, 78, 95, 129, 178, 207, 225, 298, 342, 357, 387, 438, 513, 528, 552, 579, 588, 603, 611, 621, 654, 656, 702, 711, 785, 790, 804, 807, 837, 885, 888, 903, 936, 944, 963, 969, 994, 1010, 1021, 1026, 1036, 1038, 1142, 1155, 1162, 1164, 1209, 1212, 1230, 1260, 1262, 1284, 1290, 1293, 1353, 1362, 1380, 1395, 1404, 1413, 1419, 1434, 1482, 1509, 1511, 1584, 1629, 1723, 1728, 1730, 1812, 1854, 1896, 1902, 1931, 1948, 1968, 2004, 2033, 2037, 2085, 2088, 2101, 2148, 2198, 2212, 2220, 2244, 2331, 2359, 2388, 2397, 2412, 2421, 2423, 2436, 2454, 2457, 2496, 2570, 2577, 2586, 2604, 2649, 2665, 2754, 2769, 2818, 2853, 2871, 2883, 2910, 2920, 2928, 2937, 2961, 2994, 3016, 3019, 3042, 3090, 3095, 3162, 3174, 3191, 3205, 3218, 3249, 3256, 3289, 3304, 3345, 3356, 3383, 3401, 3415, 3443, 3456, 3475, 3479, 3481, 3494, 3512, 3539, 3544, 3567, 3594, 3631, 3649, 3692, 3698, 3723, 3773, 3789, 3801, 3805, 3807, 3848, 3856, 3861, 3876, 3895, 3914, 3926, 3963, 3992, 4100, 4136, 4145, 4149, 4151, 4160, 4176, 4189, 4212, 4266, 4268, 4275, 4312, 4327, 4338, 4365, 4395, 4411, 4431, 4438, 4540, 4562, 4571, 4582, 4605, 4615, 4639, 4651, 4692, 4708, 4716, 4793, 4806, 4825, 4865, 4887, 4908, 4914, 4952, 4960, 4970, 4983, 5048, 5093, 5108, 5131, 5176, 5188, 5198, 5255, 5278, 5294, 5306, 5327, 5349, 5458, 5473, 5487, 5496, 5507, 5524, 5539, 5548, 5563, 5595, 5599, 5618, 5625, 5636, 5643, 5697, 5724, 5730, 5732, 5761, 5789, 5819, 5824, 5844, 5857, 5876, 5954, 5961, 5985, 6006, 6076, 6105, 6208, 6214, 6234, 6262, 6271, 6292, 6294, 6296, 6345, 6432, 6451, 6454, 6475, 6494, 6534, 6540, 6544, 6554, 6637, 6662, 6729, 6779, 6781, 6812, 6820, 6834, 6911, 6968, 6976, 7019, 7081, 7089, 7108, 7117, 7126, 7149, 7162, 7206, 7235, 7282, 7321, 7330, 7385, 7416, 7514, 7518, 7531, 7556, 7567, 7595, 7665, 7669, 7699, 7703, 7761, 7767, 7773, 7779, 7785, 7826, 7828, 7900, 7919, 7957, 8005, 8020, 8063, 8070, 8098, 8192, 8222, 8334, 8337, 8445, 8585, 8587, 8592, 8599, 8638, 8702, 8706, 8730, 8775, 8802, 8823, 8856, 8901, 8910, 8915, 8920, 8937, 8945, 8968, 9058, 9063, 9122, 9137, 9146, 9174, 9179, 9190, 9214, 9219, 9297, 9309, 9316, 9348, 9365, 9393, 9426, 9432, 9435, 9444, 9600, 9603, 9615, 9634, 9659, 9661, 9664, 9670, 9707, 9736, 9775, 9794, 9854, 9872, 9914, 9926, 9945, 9959, 9979, 10003, 10006, 10017, 10019, 10082, 10100, 10120, 10167, 10169, 10177, 10191, 10291, 10388, 10399, 10443, 10471, 10477, 10485, 10526, 10554, 10634, 10642, 10655, 10671, 10698, 10707, 10713, 10749, 10756, 10828, 10841, 10893, 10908, 10911, 10914, 10997, 11020, 11024, 11033, 11036, 11045, 11108, 11265, 11279, 11326, 11474, 11488, 11491, 11500, 11643, 11746, 11753, 11762]","[3174, 5595, 7699]","[11, 58, 78, 95, 129, 178, 207, 225, 298, 342, 357, 387, 438, 513, 528, 552, 579, 588, 603, 611, 621, 654, 656, 702, 711, 785, 790, 804, 807, 837, 885, 888, 903, 936, 944, 963, 969, 994, 1010, 1021, 1026, 1036, 1038, 1142, 1155, 1162, 1164, 1209, 1212, 1230, 1260, 1262, 1284, 1290, 1293, 1353, 1362, 1380, 1395, 1404, 1413, 1419, 1434, 1482, 1509, 1511, 1584, 1629, 1723, 1728, 1730, 1812, 1854, 1896, 1902, 1931, 1948, 1968, 2004, 2033, 2037, 2085, 2088, 2101, 2148, 2198, 2212, 2220, 2244, 2331, 2359, 2388, 2397, 2412, 2421, 2423, 2436, 2454, 2457, 2496, 2570, 2577, 2586, 2604, 2649, 2665, 2754, 2769, 2818, 2853, 2871, 2883, 2910, 2920, 2928, 2937, 2961, 2994, 3016, 3019, 3042, 3090, 3095, 3162, 3191, 3205, 3218, 3249, 3256, 3289, 3304, 3345, 3356, 3383, 3401, 3415, 3443, 3456, 3475, 3479, 3481, 3494, 3512, 3539, 3544, 3567, 3594, 3631, 3649, 3692, 3698, 3723, 3773, 3789, 3801, 3805, 3807, 3848, 3856, 3861, 3876, 3895, 3914, 3926, 3963, 3992, 4100, 4136, 4145, 4149, 4151, 4160, 4176, 4189, 4212, 4266, 4268, 4275, 4312, 4327, 4338, 4365, 4395, 4411, 4431, 4438, 4540, 4562, 4571, 4582, 4605, 4615, 4639, 4651, 4692, 4708, 4716, 4793, 4806, 4825, 4865, 4887, 4908, 4914, 4952, 4960, 4970, 4983, 5048, 5093, 5108, 5131, 5176, 5188, 5198, 5255, 5278, 5294, 5306, 5327, 5349, 5458, 5473, 5487, 5496, 5507, 5524, 5539, 5548, 5563, 5599, 5618, 5625, 5636, 5643, 5697, 5724, 5730, 5732, 5761, 5789, 5819, 5824, 5844, 5857, 5876, 5954, 5961, 5985, 6006, 6076, 6105, 6208, 6214, 6234, 6262, 6271, 6292, 6294, 6296, 6345, 6432, 6451, 6454, 6475, 6494, 6534, 6540, 6544, 6554, 6637, 6662, 6729, 6779, 6781, 6812, 6820, 6834, 6911, 6968, 6976, 7019, 7081, 7089, 7108, 7117, 7126, 7149, 7162, 7206, 7235, 7282, 7321, 7330, 7385, 7416, 7514, 7518, 7531, 7556, 7567, 7595, 7665, 7669, 7703, 7761, 7767, 7773, 7779, 7785, 7826, 7828, 7900, 7919, 7957, 8005, 8020, 8063, 8070, 8098, 8192, 8222, 8334, 8337, 8445, 8585, 8587, 8592, 8599, 8638, 8702, 8706, 8730, 8775, 8802, 8823, 8856, 8901, 8910, 8915, 8920, 8937, 8945, 8968, 9058, 9063, 9122, 9137, 9146, 9174, 9179, 9190, 9214, 9219, 9297, 9309, 9316, 9348, 9365, 9393, 9426, 9432, 9435, 9444, 9600, 9603, 9615, 9634, 9659, 9661, 9664, 9670, 9707, 9736, 9775, 9794, 9854, 9872, 9914, 9926, 9945, 9959, 9979, 10003, 10006, 10017, 10019, 10082, 10100, 10120, 10167, 10169, 10177, 10191, 10291, 10388, 10399, 10443, 10471, 10477, 10485, 10526, 10554, 10634, 10642, 10655, 10671, 10698, 10707, 10713, 10749, 10756, 10828, 10841, 10893, 10908, 10911, 10914, 10997, 11020, 11024, 11033, 11036, 11045, 11108, 11265, 11279, 11326, 11474, 11488, 11491, 11500, 11643, 11746, 11753, 11762]","[3174, 5595, 7699]",11785,439,11346,3,436,11346,0
-1.5,BOVLHB,"[33, 103, 199, 204, 233, 235, 244, 283, 343, 374, 407, 419, 438, 453, 554, 559, 575, 592, 612, 615, 628, 663, 698, 749, 761, 803, 807, 811, 854, 862, 875, 900, 902, 914, 926, 944, 956, 964, 966, 1005, 1035, 1037, 1057, 1062, 1115, 1131, 1140, 1142, 1172, 1221, 1225, 1272, 1294, 1349, 1361, 1369, 1401, 1422, 1439, 1450, 1455, 1460, 1526, 1562, 1564, 1595, 1622, 1634, 1646, 1659, 1665, 1725]","[803, 1272]","[33, 103, 199, 204, 233, 235, 244, 283, 343, 374, 407, 419, 438, 453, 554, 559, 575, 592, 612, 615, 628, 663, 698, 749, 761, 807, 811, 854, 862, 875, 900, 902, 914, 926, 944, 956, 964, 966, 1005, 1035, 1037, 1057, 1062, 1115, 1131, 1140, 1142, 1172, 1221, 1225, 1294, 1349, 1361, 1369, 1401, 1422, 1439, 1450, 1455, 1460, 1526, 1562, 1564, 1595, 1622, 1634, 1646, 1659, 1665, 1725]","[803, 1272]",1856,72,1784,2,70,1784,0
-1.5,BOVLYSOZMA,"[10, 58, 70, 77, 90, 132, 190, 193, 200, 239, 255, 278, 322, 350, 397, 444, 513, 530, 537, 602, 640, 643, 742, 780, 810, 856, 898, 909, 941, 944, 963, 970, 1014, 1056, 1072, 1094, 1112, 1161, 1172, 1189, 1212, 1255, 1292, 1295, 1309, 1356, 1363, 1371, 1380, 1398, 1423, 1426, 1430, 1550, 1558, 1581, 1585, 1589, 1609, 1611, 1707, 1792, 1810, 1819, 1891, 1966, 2048, 2057, 2089, 2093, 2115, 2138, 2141, 2161, 2255, 2263, 2268, 2278, 2289, 2326, 2374, 2378, 2390, 2402, 2435, 2437, 2451, 2458, 2460, 2479, 2516, 2526, 2553, 2558, 2575, 2680, 2702, 2758, 2760, 2762, 2802, 2819, 2835, 2872, 2876, 2926, 2960, 2973, 3023, 3027, 3039, 3043, 3078, 3080, 3121, 3140, 3152, 3166, 3201, 3208, 3231, 3255, 3424, 3672, 3688, 3737, 3739, 3763, 3767, 3783, 3804, 3806, 3905, 3907, 3914, 3997, 4000, 4018, 4066, 4095, 4100, 4127, 4163, 4206, 4216, 4229, 4245, 4278, 4290, 4301, 4314, 4346, 4372, 4397, 4417, 4425, 4469, 4544, 4591, 4644, 4666, 4679, 4694, 4735, 4802, 4823, 4887, 4925, 4934, 4948, 4972, 4981, 5014, 5164, 5166, 5256, 5360, 5369, 5455, 5507, 5514, 5554, 5610, 5612, 5669, 5712, 5715, 5717, 5753, 5758, 5771, 5786, 5791, 5813, 5839, 5936, 5955, 5967, 5974, 5997, 6041, 6100, 6103, 6108, 6185, 6240, 6280, 6325, 6346, 6360, 6433, 6604, 6631, 6780, 6811, 6831, 6839, 6864, 6886, 6932, 6955, 6973, 6982, 7004, 7040, 7143, 7159, 7196, 7212, 7248, 7256, 7260, 7283, 7293, 7327, 7415, 7446, 7512, 7520, 7554, 7580, 7645, 7699, 7741, 7746, 7812, 7884, 7890, 7920, 7928, 7967, 8014, 8028, 8108, 8112, 8143, 8181, 8195, 8211, 8220, 8292, 8386, 8425, 8607, 8612, 8614, 8628, 8632, 8654, 8667, 8671, 8673, 8675, 8677, 8679, 8681, 8685, 8687, 8689, 8691, 8722, 8741, 8811, 8869, 8871, 8898, 8950, 8959, 8963, 8966, 8988, 8994, 9004, 9056, 9084, 9109, 9156, 9181, 9185, 9247, 9266, 9270, 9304, 9327, 9369, 9390, 9410, 9437, 9453, 9501, 9562, 9567, 9603, 9662, 9712, 9715, 9855, 9861, 9886, 9925, 9933, 9943, 9951, 9963, 10015, 10024, 10062, 10066, 10127, 10140, 10146, 10160, 10179, 10189, 10195, 10236, 10245, 10294, 10318, 10348, 10386, 10394, 10409, 10451, 10584, 10610, 10688, 10729, 10765, 10777, 10782, 10784, 10799, 10810, 10823, 10865, 10904, 10923, 10933, 11050, 11102, 11149, 11245, 11291, 11373, 11382, 11513, 11525, 11619, 11634, 11654, 11656, 11677, 11857, 11911, 11937, 12021, 12036, 12042, 12068, 12114, 12120, 12122, 12142]","[3039, 5771, 8654]","[10, 58, 70, 77, 90, 132, 190, 193, 200, 239, 255, 278, 322, 350, 397, 444, 513, 530, 537, 602, 640, 643, 742, 780, 810, 856, 898, 909, 941, 944, 963, 970, 1014, 1056, 1072, 1094, 1112, 1161, 1172, 1189, 1212, 1255, 1292, 1295, 1309, 1356, 1363, 1371, 1380, 1398, 1423, 1426, 1430, 1550, 1558, 1581, 1585, 1589, 1609, 1611, 1707, 1792, 1810, 1819, 1891, 1966, 2048, 2057, 2089, 2093, 2115, 2138, 2141, 2161, 2255, 2263, 2268, 2278, 2289, 2326, 2374, 2378, 2390, 2402, 2435, 2437, 2451, 2458, 2460, 2479, 2516, 2526, 2553, 2558, 2575, 2680, 2702, 2758, 2760, 2762, 2802, 2819, 2835, 2872, 2876, 2926, 2960, 2973, 3023, 3027, 3043, 3078, 3080, 3121, 3140, 3152, 3166, 3201, 3208, 3231, 3255, 3424, 3672, 3688, 3737, 3739, 3763, 3767, 3783, 3804, 3806, 3905, 3907, 3914, 3997, 4000, 4018, 4066, 4095, 4100, 4127, 4163, 4206, 4216, 4229, 4245, 4278, 4290, 4301, 4314, 4346, 4372, 4397, 4417, 4425, 4469, 4544, 4591, 4644, 4666, 4679, 4694, 4735, 4802, 4823, 4887, 4925, 4934, 4948, 4972, 4981, 5014, 5164, 5166, 5256, 5360, 5369, 5455, 5507, 5514, 5554, 5610, 5612, 5669, 5712, 5715, 5717, 5753, 5758, 5786, 5791, 5813, 5839, 5936, 5955, 5967, 5974, 5997, 6041, 6100, 6103, 6108, 6185, 6240, 6280, 6325, 6346, 6360, 6433, 6604, 6631, 6780, 6811, 6831, 6839, 6864, 6886, 6932, 6955, 6973, 6982, 7004, 7040, 7143, 7159, 7196, 7212, 7248, 7256, 7260, 7283, 7293, 7327, 7415, 7446, 7512, 7520, 7554, 7580, 7645, 7699, 7741, 7746, 7812, 7884, 7890, 7920, 7928, 7967, 8014, 8028, 8108, 8112, 8143, 8181, 8195, 8211, 8220, 8292, 8386, 8425, 8607, 8612, 8614, 8628, 8632, 8667, 8671, 8673, 8675, 8677, 8679, 8681, 8685, 8687, 8689, 8691, 8722, 8741, 8811, 8869, 8871, 8898, 8950, 8959, 8963, 8966, 8988, 8994, 9004, 9056, 9084, 9109, 9156, 9181, 9185, 9247, 9266, 9270, 9304, 9327, 9369, 9390, 9410, 9437, 9453, 9501, 9562, 9567, 9603, 9662, 9712, 9715, 9855, 9861, 9886, 9925, 9933, 9943, 9951, 9963, 10015, 10024, 10062, 10066, 10127, 10140, 10146, 10160, 10179, 10189, 10195, 10236, 10245, 10294, 10318, 10348, 10386, 10394, 10409, 10451, 10584, 10610, 10688, 10729, 10765, 10777, 10782, 10784, 10799, 10810, 10823, 10865, 10904, 10923, 10933, 11050, 11102, 11149, 11245, 11291, 11373, 11382, 11513, 11525, 11619, 11634, 11654, 11656, 11677, 11857, 11911, 11937, 12021, 12036, 12042, 12068, 12114, 12120, 12122, 12142]","[3039, 5771, 8654]",12214,384,11830,3,381,11830,0
-1.5,BOVLYSOZMB,"[35, 88, 90, 126, 140, 203, 211, 215, 248, 261, 325, 334, 367, 380, 422, 461, 471, 490, 534, 549, 609, 617, 646, 693, 696, 739, 748, 800, 811, 834, 838, 847, 910, 929, 941, 994, 1073, 1094, 1139, 1141, 1229, 1253, 1304, 1346, 1362, 1364, 1401, 1413, 1424, 1432, 1451, 1463, 1507, 1515, 1544, 1561, 1608, 1645, 1662, 1666, 1675, 1681, 1780, 1815, 1867, 1885, 1890, 1900, 1910, 1993, 1997, 2023, 2028, 2041, 2054, 2059, 2061, 2080, 2082, 2095, 2123, 2143, 2153, 2203, 2269, 2306, 2346, 2390, 2394, 2424, 2434, 2436, 2453, 2469, 2506, 2510, 2560, 2594, 2607, 2657, 2673, 2713, 2715, 2775, 2787, 2801, 2836, 2843, 2853, 2902, 2907, 2920, 2941, 2945, 2957, 2980, 2988, 2993, 3007, 3047, 3067, 3100, 3179, 3251, 3275, 3284, 3333, 3385, 3397, 3414, 3435, 3499, 3501, 3503, 3543, 3567, 3583, 3585, 3640, 3698, 3717, 3721, 3732, 3743, 3750, 3754, 3759, 3772, 3776, 3806, 3841, 3846, 3903, 3946, 3949, 3951, 3987, 3992, 4005, 4020, 4025, 4047, 4056, 4073, 4105, 4117, 4135, 4150, 4254, 4261, 4293, 4303, 4317, 4321, 4328, 4357, 4393, 4409, 4447, 4466, 4476, 4523, 4526, 4528, 4530, 4532, 4582, 4606, 4609, 4662, 4675, 4725, 4745, 4756, 4766, 4768, 4770, 4772, 4774, 4778, 4797, 4801, 4864, 4870, 4971, 5051, 5058, 5100, 5103, 5148, 5158, 5201, 5223, 5241, 5331, 5426, 5462, 5478, 5482, 5518, 5564, 5582, 5594, 5625, 5638, 5680, 5708, 5732, 5741, 5753, 5756, 5775, 5833, 5876, 5934, 5991, 6038, 6165, 6170, 6172, 6186, 6190, 6212, 6261, 6280, 6287, 6294, 6296, 6301, 6309, 6344, 6353, 6376, 6410, 6412, 6414, 6416, 6475, 6485, 6557, 6566, 6580, 6596, 6614, 6621, 6644, 6683, 6691, 6714, 6718, 6722, 6726, 6732, 6739, 6760, 6785, 6807, 6867, 6895, 6897, 6917, 6928, 6942, 7058, 7118, 7168, 7303, 7309, 7334, 7373, 7381, 7391, 7399, 7411, 7426, 7472, 7511, 7515, 7576, 7589, 7609, 7628, 7638, 7644, 7694, 7764, 7767, 7801, 7810, 7839, 7862, 7904, 7940, 8091, 8138, 8185, 8189, 8217, 8238, 8314, 8354, 8407, 8420, 8422, 8425, 8472, 8475, 8486, 8497, 8598, 8610, 8728, 8828, 8844, 8863, 8884, 8942, 9094, 9114, 9168, 9194, 9294, 9318, 9455, 9510, 9580, 9662, 9679, 9690, 9729, 9788, 9802, 9822, 9831, 9862, 9871, 9886, 9897, 9958, 9963, 9971, 9988, 10002, 10007, 10037, 10050, 10116, 10178, 10198]","[2673, 4005, 6212]","[35, 88, 90, 126, 140, 203, 211, 215, 248, 261, 325, 334, 367, 380, 422, 461, 471, 490, 534, 549, 609, 617, 646, 693, 696, 739, 748, 800, 811, 834, 838, 847, 910, 929, 941, 994, 1073, 1094, 1139, 1141, 1229, 1253, 1304, 1346, 1362, 1364, 1401, 1413, 1424, 1432, 1451, 1463, 1507, 1515, 1544, 1561, 1608, 1645, 1662, 1666, 1675, 1681, 1780, 1815, 1867, 1885, 1890, 1900, 1910, 1993, 1997, 2023, 2028, 2041, 2054, 2059, 2061, 2080, 2082, 2095, 2123, 2143, 2153, 2203, 2269, 2306, 2346, 2390, 2394, 2424, 2434, 2436, 2453, 2469, 2506, 2510, 2560, 2594, 2607, 2657, 2713, 2715, 2775, 2787, 2801, 2836, 2843, 2853, 2902, 2907, 2920, 2941, 2945, 2957, 2980, 2988, 2993, 3007, 3047, 3067, 3100, 3179, 3251, 3275, 3284, 3333, 3385, 3397, 3414, 3435, 3499, 3501, 3503, 3543, 3567, 3583, 3585, 3640, 3698, 3717, 3721, 3732, 3743, 3750, 3754, 3759, 3772, 3776, 3806, 3841, 3846, 3903, 3946, 3949, 3951, 3987, 3992, 4020, 4025, 4047, 4056, 4073, 4105, 4117, 4135, 4150, 4254, 4261, 4293, 4303, 4317, 4321, 4328, 4357, 4393, 4409, 4447, 4466, 4476, 4523, 4526, 4528, 4530, 4532, 4582, 4606, 4609, 4662, 4675, 4725, 4745, 4756, 4766, 4768, 4770, 4772, 4774, 4778, 4797, 4801, 4864, 4870, 4971, 5051, 5058, 5100, 5103, 5148, 5158, 5201, 5223, 5241, 5331, 5426, 5462, 5478, 5482, 5518, 5564, 5582, 5594, 5625, 5638, 5680, 5708, 5732, 5741, 5753, 5756, 5775, 5833, 5876, 5934, 5991, 6038, 6165, 6170, 6172, 6186, 6190, 6261, 6280, 6287, 6294, 6296, 6301, 6309, 6344, 6353, 6376, 6410, 6412, 6414, 6416, 6475, 6485, 6557, 6566, 6580, 6596, 6614, 6621, 6644, 6683, 6691, 6714, 6718, 6722, 6726, 6732, 6739, 6760, 6785, 6807, 6867, 6895, 6897, 6917, 6928, 6942, 7058, 7118, 7168, 7303, 7309, 7334, 7373, 7381, 7391, 7399, 7411, 7426, 7472, 7511, 7515, 7576, 7589, 7609, 7628, 7638, 7644, 7694, 7764, 7767, 7801, 7810, 7839, 7862, 7904, 7940, 8091, 8138, 8185, 8189, 8217, 8238, 8314, 8354, 8407, 8420, 8422, 8425, 8472, 8475, 8486, 8497, 8598, 8610, 8728, 8828, 8844, 8863, 8884, 8942, 9094, 9114, 9168, 9194, 9294, 9318, 9455, 9510, 9580, 9662, 9679, 9690, 9729, 9788, 9802, 9822, 9831, 9862, 9871, 9886, 9897, 9958, 9963, 9971, 9988, 10002, 10007, 10037, 10050, 10116, 10178, 10198]","[2673, 4005, 6212]",10204,369,9835,3,366,9835,0
-1.5,BOVLYSOZMC,"[38, 108, 121, 142, 151, 281, 304, 374, 417, 434, 502, 542, 564, 622, 658, 668, 685, 701, 723, 725, 738, 742, 792, 826, 839, 889, 905, 933, 942, 944, 991, 1018, 1022, 1036, 1086, 1100, 1126, 1131, 1133, 1139, 1169, 1172, 1209, 1225, 1227, 1246, 1259, 1274, 1279, 1282, 1313, 1373, 1498, 1515, 1521, 1523, 1547, 1556, 1671, 1708, 1777, 1891, 1954, 2012, 2014, 2031, 2105, 2107, 2116, 2121, 2159, 2164, 2221, 2264, 2267, 2269, 2305, 2310, 2323, 2338, 2343, 2349, 2391, 2484, 2503, 2521, 2554, 2588, 2637, 2653, 2722, 2826, 2831, 2851, 2871, 2909, 2919, 2933, 2990, 3025, 3052, 3114, 3198, 3236, 3254, 3292, 3370, 3388, 3397, 3419, 3609, 3646, 3652, 3657, 3668, 3670, 3697, 3741, 3749, 3753, 3807, 3817, 3846, 3853, 3901, 3910, 4147, 4154, 4168, 4172, 4194, 4239, 4258, 4304, 4330, 4345, 4381, 4383, 4393, 4462, 4466, 4502, 4508, 4513, 4521, 4526, 4597, 4609, 4671, 4673, 4675, 4677, 4743, 4773, 4797, 4801, 4908, 4914, 4921, 4941, 4964, 5028, 5044, 5113, 5119, 5122, 5190, 5308, 5312, 5321, 5325, 5346, 5361, 5400, 5425, 5429, 5445, 5500, 5514, 5541, 5613, 5629, 5640, 5705, 5713, 5722, 5777, 5789, 5839, 5874, 5943, 6063, 6066, 6086, 6124, 6235, 6239, 6245, 6281, 6302, 6310, 6340, 6347, 6362, 6370, 6411, 6460, 6507, 6526, 6532, 6589, 6596, 6603, 6620, 6693, 6733, 6778, 6860, 6921, 6927, 6991, 6999, 7018, 7030, 7045, 7056, 7091, 7142, 7193, 7206, 7212, 7226, 7245, 7255, 7261, 7311, 7322, 7384, 7427, 7456, 7458, 7475, 7479, 7521, 7669, 7716, 7763, 7809, 7963, 8010]","[905, 2323, 4194]","[38, 108, 121, 142, 151, 281, 304, 374, 417, 434, 502, 542, 564, 622, 658, 668, 685, 701, 723, 725, 738, 742, 792, 826, 839, 889, 933, 942, 944, 991, 1018, 1022, 1036, 1086, 1100, 1126, 1131, 1133, 1139, 1169, 1172, 1209, 1225, 1227, 1246, 1259, 1274, 1279, 1282, 1313, 1373, 1498, 1515, 1521, 1523, 1547, 1556, 1671, 1708, 1777, 1891, 1954, 2012, 2014, 2031, 2105, 2107, 2116, 2121, 2159, 2164, 2221, 2264, 2267, 2269, 2305, 2310, 2338, 2343, 2349, 2391, 2484, 2503, 2521, 2554, 2588, 2637, 2653, 2722, 2826, 2831, 2851, 2871, 2909, 2919, 2933, 2990, 3025, 3052, 3114, 3198, 3236, 3254, 3292, 3370, 3388, 3397, 3419, 3609, 3646, 3652, 3657, 3668, 3670, 3697, 3741, 3749, 3753, 3807, 3817, 3846, 3853, 3901, 3910, 4147, 4154, 4168, 4172, 4239, 4258, 4304, 4330, 4345, 4381, 4383, 4393, 4462, 4466, 4502, 4508, 4513, 4521, 4526, 4597, 4609, 4671, 4673, 4675, 4677, 4743, 4773, 4797, 4801, 4908, 4914, 4921, 4941, 4964, 5028, 5044, 5113, 5119, 5122, 5190, 5308, 5312, 5321, 5325, 5346, 5361, 5400, 5425, 5429, 5445, 5500, 5514, 5541, 5613, 5629, 5640, 5705, 5713, 5722, 5777, 5789, 5839, 5874, 5943, 6063, 6066, 6086, 6124, 6235, 6239, 6245, 6281, 6302, 6310, 6340, 6347, 6362, 6370, 6411, 6460, 6507, 6526, 6532, 6589, 6596, 6603, 6620, 6693, 6733, 6778, 6860, 6921, 6927, 6991, 6999, 7018, 7030, 7045, 7056, 7091, 7142, 7193, 7206, 7212, 7226, 7245, 7255, 7261, 7311, 7322, 7384, 7427, 7456, 7458, 7475, 7479, 7521, 7669, 7716, 7763, 7809, 7963, 8010]","[905, 2323, 4194]",8043,250,7793,3,247,7793,0
-1.5,BOVMYF5A,"[58, 139, 235, 273, 277, 289, 302, 359, 403, 491, 520, 557, 594, 620, 681, 698, 713, 770, 772, 790, 793, 800, 807, 827, 935, 954, 977, 988, 1022, 1024, 1035, 1071, 1095, 1099, 1196, 1216, 1224, 1243, 1262, 1264, 1297, 1306, 1308, 1383, 1398, 1433, 1443, 1446, 1463, 1533, 1556, 1572, 1615, 1625, 1689, 1694, 1711, 1733, 1745, 1824, 1852, 1924, 1943, 1952, 1955, 2008, 2019, 2028, 2082, 2211, 2273, 2302, 2326, 2334, 2365, 2367, 2378, 2483, 2486, 2555, 2588, 2667, 2693, 2748, 2815, 2831, 2884, 2895, 2907, 2918, 2922, 2971, 2975, 3023, 3025, 3061, 3081, 3085, 3089, 3100, 3107, 3145, 3175, 3199, 3240, 3272, 3301, 3328, 3333, 3338, 3411, 3416, 3418, 3420, 3435, 3510, 3590, 3644, 3661, 3675, 3710, 3721, 3738, 3780, 3854, 3863, 3871, 3947, 3960, 4013, 4019, 4040, 4070, 4084, 4171, 4188, 4204, 4250, 4288, 4303, 4317, 4326, 4335, 4391, 4402, 4412, 4423, 4489, 4499, 4537, 4561, 4567, 4583, 4621, 4629, 4669, 4690, 4769, 4829, 4851, 4856, 4873, 4908, 4952, 5000, 5020, 5023, 5049, 5075, 5101, 5104, 5119, 5127, 5139, 5172, 5210]","[698, 1625]","[58, 139, 235, 273, 277, 289, 302, 359, 403, 491, 520, 557, 594, 620, 681, 713, 770, 772, 790, 793, 800, 807, 827, 935, 954, 977, 988, 1022, 1024, 1035, 1071, 1095, 1099, 1196, 1216, 1224, 1243, 1262, 1264, 1297, 1306, 1308, 1383, 1398, 1433, 1443, 1446, 1463, 1533, 1556, 1572, 1615, 1689, 1694, 1711, 1733, 1745, 1824, 1852, 1924, 1943, 1952, 1955, 2008, 2019, 2028, 2082, 2211, 2273, 2302, 2326, 2334, 2365, 2367, 2378, 2483, 2486, 2555, 2588, 2667, 2693, 2748, 2815, 2831, 2884, 2895, 2907, 2918, 2922, 2971, 2975, 3023, 3025, 3061, 3081, 3085, 3089, 3100, 3107, 3145, 3175, 3199, 3240, 3272, 3301, 3328, 3333, 3338, 3411, 3416, 3418, 3420, 3435, 3510, 3590, 3644, 3661, 3675, 3710, 3721, 3738, 3780, 3854, 3863, 3871, 3947, 3960, 4013, 4019, 4040, 4070, 4084, 4171, 4188, 4204, 4250, 4288, 4303, 4317, 4326, 4335, 4391, 4402, 4412, 4423, 4489, 4499, 4537, 4561, 4567, 4583, 4621, 4629, 4669, 4690, 4769, 4829, 4851, 4856, 4873, 4908, 4952, 5000, 5020, 5023, 5049, 5075, 5101, 5104, 5119, 5127, 5139, 5172, 5210]","[698, 1625]",5211,176,5035,2,174,5035,0
-1.5,BRHOX22,"[62, 93, 95, 101, 116, 166, 238, 257, 265, 284, 364, 399, 451, 462, 464, 530, 542, 574, 600, 623, 640, 648, 678, 685, 690, 768, 791, 809, 824, 828, 835, 843, 848, 990, 1034, 1122, 1137, 1143, 1159, 1297, 1308, 1384, 1394, 1425, 1431, 1471, 1478, 1482, 1491, 1514, 1537, 1590, 1600, 1614, 1619, 1641, 1782, 1815, 1822, 1825, 1878, 1944, 1951, 1956, 1992, 2007, 2013, 2019, 2047, 2059, 2068, 2117, 2136, 2149, 2214, 2234, 2236, 2289, 2301, 2317, 2332, 2334, 2426, 2444, 2452, 2493, 2502, 2511, 2521, 2539, 2572, 2614, 2644, 2706, 2829, 2839, 2851, 2861, 2873, 2894, 2906, 2909, 2914, 2964, 3016, 3018, 3039, 3108, 3122, 3130, 3151, 3161, 3174, 3197, 3204, 3227, 3290, 3304, 3336, 3338, 3347, 3395, 3414]",[1431],"[62, 93, 95, 101, 116, 166, 238, 257, 265, 284, 364, 399, 451, 462, 464, 530, 542, 574, 600, 623, 640, 648, 678, 685, 690, 768, 791, 809, 824, 828, 835, 843, 848, 990, 1034, 1122, 1137, 1143, 1159, 1297, 1308, 1384, 1394, 1425, 1471, 1478, 1482, 1491, 1514, 1537, 1590, 1600, 1614, 1619, 1641, 1782, 1815, 1822, 1825, 1878, 1944, 1951, 1956, 1992, 2007, 2013, 2019, 2047, 2059, 2068, 2117, 2136, 2149, 2214, 2234, 2236, 2289, 2301, 2317, 2332, 2334, 2426, 2444, 2452, 2493, 2502, 2511, 2521, 2539, 2572, 2614, 2644, 2706, 2829, 2839, 2851, 2861, 2873, 2894, 2906, 2909, 2914, 2964, 3016, 3018, 3039, 3108, 3122, 3130, 3151, 3161, 3174, 3197, 3204, 3227, 3290, 3304, 3336, 3338, 3347, 3395, 3414]",[1431],3434,123,3311,1,122,3311,0
-1.5,BRHOX34A,"[15, 44, 54, 58, 60, 64, 72, 86, 120, 182, 246, 284, 287, 412, 443, 451, 460, 475, 483, 509, 552, 588, 613, 699, 711, 756, 764, 778, 792, 802, 833, 921, 931, 952, 981, 986, 998, 1040, 1132, 1163, 1182, 1190, 1200, 1248, 1287, 1296, 1359, 1387, 1397, 1415, 1419, 1438, 1468, 1484, 1493, 1524, 1533, 1543, 1551, 1662, 1664, 1669, 1703, 1729, 1751, 1759, 1791, 1798, 1819, 1834, 1872, 1881, 1933, 1944, 1954, 1979, 2002, 2142, 2177, 2191, 2217, 2258, 2296, 2313, 2317, 2327, 2330, 2398, 2441, 2491, 2496, 2506, 2510, 2514, 2567, 2619, 2652, 2675, 2691, 2744, 2792, 2809, 2849, 2882, 2891, 2896, 2903, 2907, 2934, 2963, 2998, 3069, 3136, 3147, 3160, 3192, 3206, 3339, 3350, 3379, 3400, 3471, 3491]",[981],"[15, 44, 54, 58, 60, 64, 72, 86, 120, 182, 246, 284, 287, 412, 443, 451, 460, 475, 483, 509, 552, 588, 613, 699, 711, 756, 764, 778, 792, 802, 833, 921, 931, 952, 986, 998, 1040, 1132, 1163, 1182, 1190, 1200, 1248, 1287, 1296, 1359, 1387, 1397, 1415, 1419, 1438, 1468, 1484, 1493, 1524, 1533, 1543, 1551, 1662, 1664, 1669, 1703, 1729, 1751, 1759, 1791, 1798, 1819, 1834, 1872, 1881, 1933, 1944, 1954, 1979, 2002, 2142, 2177, 2191, 2217, 2258, 2296, 2313, 2317, 2327, 2330, 2398, 2441, 2491, 2496, 2506, 2510, 2514, 2567, 2619, 2652, 2675, 2691, 2744, 2792, 2809, 2849, 2882, 2891, 2896, 2903, 2907, 2934, 2963, 2998, 3069, 3136, 3147, 3160, 3192, 3206, 3339, 3350, 3379, 3400, 3471, 3491]",[981],3490,123,3367,1,122,3367,0
-1.5,BRU12895,"[92, 286, 373, 378, 393, 463, 481, 518, 542, 592, 661, 667, 674, 727, 753, 793, 799, 827, 868, 1016, 1115, 1135, 1203, 1231, 1240, 1254, 1299, 1318, 1320, 1342, 1347, 1397, 1471, 1495, 1503, 1511, 1526, 1543, 1561, 1568, 1612, 1614, 1616, 1620, 1622, 1624, 1626, 1630, 1634, 1639, 1644, 1651, 1685, 1695, 1708, 1744, 1779, 1812, 1814, 1818, 1868, 1951, 1986, 1990, 1998, 2072, 2140, 2182, 2207, 2232, 2249, 2272, 2284, 2301, 2341, 2355, 2392, 2449, 2497, 2510, 2565, 2575, 2648, 2680, 2743, 2753, 2827, 2841, 2886, 2928, 2942, 2949, 2973, 3045, 3069, 3076, 3096, 3122]",[1135],"[92, 286, 373, 378, 393, 463, 481, 518, 542, 592, 661, 667, 674, 727, 753, 793, 799, 827, 868, 1016, 1115, 1203, 1231, 1240, 1254, 1299, 1318, 1320, 1342, 1347, 1397, 1471, 1495, 1503, 1511, 1526, 1543, 1561, 1568, 1612, 1614, 1616, 1620, 1622, 1624, 1626, 1630, 1634, 1639, 1644, 1651, 1685, 1695, 1708, 1744, 1779, 1812, 1814, 1818, 1868, 1951, 1986, 1990, 1998, 2072, 2140, 2182, 2207, 2232, 2249, 2272, 2284, 2301, 2341, 2355, 2392, 2449, 2497, 2510, 2565, 2575, 2648, 2680, 2743, 2753, 2827, 2841, 2886, 2928, 2942, 2949, 2973, 3045, 3069, 3076, 3096, 3122]",[1135],3232,98,3134,1,97,3134,0
-1.5,BTATPAAA,"[43, 55, 61, 74, 112, 114, 142, 191, 217, 228, 249, 265, 296, 371, 392, 411, 419, 426, 459, 463, 470, 505, 541, 549, 565, 575, 580, 628, 685, 689, 695, 707, 740, 769, 774, 785, 817, 826, 836, 843, 908, 918, 925, 942, 951, 954, 1025, 1111, 1125, 1135, 1146, 1160, 1166, 1200, 1204, 1223, 1229, 1264, 1274, 1285, 1296, 1302, 1320, 1384, 1388, 1391, 1430, 1434, 1450, 1467, 1487, 1519, 1541, 1546, 1552, 1585, 1594, 1687, 1714, 1758, 1769, 1817, 1858, 1967, 1973, 1987, 2012, 2019, 2052, 2061, 2063, 2117, 2120, 2130, 2235, 2299, 2314, 2330, 2332, 2372, 2377, 2381, 2424, 2452, 2501, 2505, 2516, 2532, 2560, 2601, 2607, 2612, 2615, 2670, 2702, 2719, 2736, 2761, 2777, 2781, 2802, 2824, 2829, 2838, 2857, 2860, 2912, 2916, 2955, 2957, 2987, 2992, 2997, 3030, 3051, 3083, 3093, 3160, 3234, 3327, 3333, 3342, 3383, 3387, 3464, 3511, 3548, 3570, 3615, 3624, 3630, 3636, 3647, 3683, 3699, 3707, 3714, 3744, 3781, 3828, 3838, 3858, 3867, 3921, 3951, 3970, 3983, 3987, 3991, 3997, 4053, 4060, 4072, 4081, 4087, 4106, 4147, 4149, 4172, 4175, 4183, 4188, 4195, 4204, 4236, 4249, 4263, 4273, 4280, 4297, 4301, 4303, 4338, 4381, 4385, 4398, 4483, 4511, 4537, 4581, 4628, 4650, 4671, 4761, 4773, 4775, 4785, 4854, 4858, 4887, 4894, 4900, 4905, 4916, 4918, 4988, 4996, 5001, 5021, 5088, 5110, 5145, 5151, 5201, 5210, 5212, 5251, 5270, 5288, 5342, 5345, 5350, 5356, 5403, 5419, 5424, 5427, 5438, 5456, 5460, 5487, 5492, 5496, 5510, 5551, 5556, 5585, 5589, 5599, 5636, 5657, 5669, 5688, 5691, 5693, 5709, 5729, 5757, 5795, 5827, 5847, 5886, 5919, 5931, 5941, 5947, 5953, 5968, 5984, 6038, 6059, 6091, 6098, 6109, 6116, 6130, 6148, 6155, 6160, 6166, 6194, 6263, 6268, 6286, 6311, 6315, 6337, 6412, 6460, 6472, 6479, 6495, 6498, 6511, 6522, 6527, 6542, 6561, 6573, 6582, 6585, 6590, 6609, 6632, 6646, 6685, 6698, 6733, 6827, 6839, 6861, 6865, 6872, 6885, 6903, 6922, 6929, 6939, 6972, 6975, 6990, 6995, 7053, 7056, 7098, 7103, 7105, 7127, 7151, 7185, 7199, 7212, 7270, 7282, 7316, 7325, 7330, 7363, 7371, 7375, 7436, 7445, 7469, 7513, 7564, 7590, 7601, 7642, 7658, 7693, 7713, 7717, 7721, 7725, 7732, 7734, 7770, 7777, 7795, 7810, 7816, 7821, 7824, 7828, 7839, 7847, 7852, 7878, 7885, 7901, 7910, 7915, 7920, 7937, 7942, 7981, 7984, 7986, 7990, 8018, 8023, 8030, 8039, 8044, 8057, 8096, 8099, 8103, 8141, 8200, 8236, 8276, 8278, 8311, 8317, 8369, 8385, 8394, 8398, 8452, 8540, 8556, 8560, 8585, 8588, 8663, 8697, 8704, 8719, 8748, 8758, 8773, 8783, 8831, 8841, 8865, 8892, 8903, 9001, 9020, 9022, 9030, 9091, 9114, 9129, 9158, 9177, 9203, 9211, 9235, 9291, 9316, 9355, 9376, 9381, 9433, 9438, 9458, 9465, 9473, 9527, 9563, 9614, 9682, 9733, 9738, 9745, 9780, 9809, 9844, 9848, 9868, 9876]","[740, 2314, 3707, 5729, 5984, 6337, 6827, 7151, 7770, 8023, 9129]","[43, 55, 61, 74, 112, 114, 142, 191, 217, 228, 249, 265, 296, 371, 392, 411, 419, 426, 459, 463, 470, 505, 541, 549, 565, 575, 580, 628, 685, 689, 695, 707, 769, 774, 785, 817, 826, 836, 843, 908, 918, 925, 942, 951, 954, 1025, 1111, 1125, 1135, 1146, 1160, 1166, 1200, 1204, 1223, 1229, 1264, 1274, 1285, 1296, 1302, 1320, 1384, 1388, 1391, 1430, 1434, 1450, 1467, 1487, 1519, 1541, 1546, 1552, 1585, 1594, 1687, 1714, 1758, 1769, 1817, 1858, 1967, 1973, 1987, 2012, 2019, 2052, 2061, 2063, 2117, 2120, 2130, 2235, 2299, 2330, 2332, 2372, 2377, 2381, 2424, 2452, 2501, 2505, 2516, 2532, 2560, 2601, 2607, 2612, 2615, 2670, 2702, 2719, 2736, 2761, 2777, 2781, 2802, 2824, 2829, 2838, 2857, 2860, 2912, 2916, 2955, 2957, 2987, 2992, 2997, 3030, 3051, 3083, 3093, 3160, 3234, 3327, 3333, 3342, 3383, 3387, 3464, 3511, 3548, 3570, 3615, 3624, 3630, 3636, 3647, 3683, 3699, 3714, 3744, 3781, 3828, 3838, 3858, 3867, 3921, 3951, 3970, 3983, 3987, 3991, 3997, 4053, 4060, 4072, 4081, 4087, 4106, 4147, 4149, 4172, 4175, 4183, 4188, 4195, 4204, 4236, 4249, 4263, 4273, 4280, 4297, 4301, 4303, 4338, 4381, 4385, 4398, 4483, 4511, 4537, 4581, 4628, 4650, 4671, 4761, 4773, 4775, 4785, 4854, 4858, 4887, 4894, 4900, 4905, 4916, 4918, 4988, 4996, 5001, 5021, 5088, 5110, 5145, 5151, 5201, 5210, 5212, 5251, 5270, 5288, 5342, 5345, 5350, 5356, 5403, 5419, 5424, 5427, 5438, 5456, 5460, 5487, 5492, 5496, 5510, 5551, 5556, 5585, 5589, 5599, 5636, 5657, 5669, 5688, 5691, 5693, 5709, 5757, 5795, 5827, 5847, 5886, 5919, 5931, 5941, 5947, 5953, 5968, 6038, 6059, 6091, 6098, 6109, 6116, 6130, 6148, 6155, 6160, 6166, 6194, 6263, 6268, 6286, 6311, 6315, 6412, 6460, 6472, 6479, 6495, 6498, 6511, 6522, 6527, 6542, 6561, 6573, 6582, 6585, 6590, 6609, 6632, 6646, 6685, 6698, 6733, 6839, 6861, 6865, 6872, 6885, 6903, 6922, 6929, 6939, 6972, 6975, 6990, 6995, 7053, 7056, 7098, 7103, 7105, 7127, 7185, 7199, 7212, 7270, 7282, 7316, 7325, 7330, 7363, 7371, 7375, 7436, 7445, 7469, 7513, 7564, 7590, 7601, 7642, 7658, 7693, 7713, 7717, 7721, 7725, 7732, 7734, 7777, 7795, 7810, 7816, 7821, 7824, 7828, 7839, 7847, 7852, 7878, 7885, 7901, 7910, 7915, 7920, 7937, 7942, 7981, 7984, 7986, 7990, 8018, 8030, 8039, 8044, 8057, 8096, 8099, 8103, 8141, 8200, 8236, 8276, 8278, 8311, 8317, 8369, 8385, 8394, 8398, 8452, 8540, 8556, 8560, 8585, 8588, 8663, 8697, 8704, 8719, 8748, 8758, 8773, 8783, 8831, 8841, 8865, 8892, 8903, 9001, 9020, 9022, 9030, 9091, 9114, 9158, 9177, 9203, 9211, 9235, 9291, 9316, 9355, 9376, 9381, 9433, 9438, 9458, 9465, 9473, 9527, 9563, 9614, 9682, 9733, 9738, 9745, 9780, 9809, 9844, 9848, 9868, 9876]","[740, 2314, 3707, 5729, 5984, 6337, 6827, 7151, 7770, 8023, 9129]",9907,453,9454,11,442,9454,0
-1.5,BTEBGL2,"[4, 69, 156, 201, 221, 258, 262, 272, 278, 284, 287, 294, 310, 327, 339, 354, 376, 381, 409, 414, 445, 465, 482, 498, 523, 529, 544, 611, 623, 630, 637, 658, 676, 697, 703, 708, 711, 766, 799, 811, 828, 846, 852, 859, 890, 893, 920, 1079, 1120, 1129, 1171, 1175, 1220, 1254, 1276, 1317, 1323, 1376, 1396, 1429, 1477, 1597, 1620, 1669, 1754, 1760, 1764, 1779]","[310, 658]","[4, 69, 156, 201, 221, 258, 262, 272, 278, 284, 287, 294, 327, 339, 354, 376, 381, 409, 414, 445, 465, 482, 498, 523, 529, 544, 611, 623, 630, 637, 676, 697, 703, 708, 711, 766, 799, 811, 828, 846, 852, 859, 890, 893, 920, 1079, 1120, 1129, 1171, 1175, 1220, 1254, 1276, 1317, 1323, 1376, 1396, 1429, 1477, 1597, 1620, 1669, 1754, 1760, 1764, 1779]","[310, 658]",1833,68,1765,2,66,1765,0
-1.5,BTEBGL4,"[4, 69, 156, 201, 221, 258, 262, 272, 278, 284, 287, 294, 310, 327, 339, 354, 376, 381, 414, 465, 482, 498, 523, 544, 611, 623, 630, 637, 658, 662, 675, 696, 702, 707, 710, 763, 796, 808, 815, 825, 843, 849, 856, 886, 1078, 1119, 1128, 1169, 1273, 1314, 1320, 1348, 1353, 1373, 1429, 1474, 1594, 1617, 1643, 1646, 1676, 1719, 1750, 1756, 1775]","[310, 658]","[4, 69, 156, 201, 221, 258, 262, 272, 278, 284, 287, 294, 327, 339, 354, 376, 381, 414, 465, 482, 498, 523, 544, 611, 623, 630, 637, 662, 675, 696, 702, 707, 710, 763, 796, 808, 815, 825, 843, 849, 856, 886, 1078, 1119, 1128, 1169, 1273, 1314, 1320, 1348, 1353, 1373, 1429, 1474, 1594, 1617, 1643, 1646, 1676, 1719, 1750, 1756, 1775]","[310, 658]",1828,65,1763,2,63,1763,0
-1.5,BTGL01,"[5, 11, 15, 65, 72, 76, 98, 128, 176, 248, 306, 327, 333, 342, 346, 349, 365, 369, 389, 422, 424, 434, 503, 507, 536, 543, 549, 554, 562, 641, 649, 654, 681, 692, 709, 711, 765, 792, 815, 873, 894, 910, 943, 961, 973, 987, 1008, 1012, 1044, 1053, 1084, 1105, 1113, 1119, 1336, 1351, 1380, 1439, 1456, 1482, 1522, 1599, 1605, 1608, 1611, 1633, 1671, 1674, 1681, 1683, 1742, 1797, 1844, 1846, 1955, 1984]","[365, 1008]","[5, 11, 15, 65, 72, 76, 98, 128, 176, 248, 306, 327, 333, 342, 346, 349, 369, 389, 422, 424, 434, 503, 507, 536, 543, 549, 554, 562, 641, 649, 654, 681, 692, 709, 711, 765, 792, 815, 873, 894, 910, 943, 961, 973, 987, 1012, 1044, 1053, 1084, 1105, 1113, 1119, 1336, 1351, 1380, 1439, 1456, 1482, 1522, 1599, 1605, 1608, 1611, 1633, 1671, 1674, 1681, 1683, 1742, 1797, 1844, 1846, 1955, 1984]","[365, 1008]",2040,76,1964,2,74,1964,0
-1.5,BTHOR02,"[16, 36, 54, 90, 163, 169, 250, 261, 346, 356, 462, 484, 546, 567, 570, 595, 644, 663, 716, 773, 932, 939, 957, 975, 1060, 1078, 1085, 1123, 1186, 1230, 1256, 1262, 1268, 1357, 1375, 1378, 1397, 1456, 1489, 1491, 1661, 1717, 1796, 1843, 1855, 1920, 1936, 2003, 2013, 2019, 2030, 2047, 2084, 2105, 2119, 2130, 2132, 2150, 2219, 2343, 2345, 2365]","[484, 1920]","[16, 36, 54, 90, 163, 169, 250, 261, 346, 356, 462, 546, 567, 570, 595, 644, 663, 716, 773, 932, 939, 957, 975, 1060, 1078, 1085, 1123, 1186, 1230, 1256, 1262, 1268, 1357, 1375, 1378, 1397, 1456, 1489, 1491, 1661, 1717, 1796, 1843, 1855, 1936, 2003, 2013, 2019, 2030, 2047, 2084, 2105, 2119, 2130, 2132, 2150, 2219, 2343, 2345, 2365]","[484, 1920]",2419,62,2357,2,60,2357,0
-1.5,BTKER6B,"[26, 28, 84, 170, 188, 198, 250, 283, 303, 374, 469, 527, 554, 602, 718, 757, 772, 804, 814, 826, 938, 1008, 1029, 1047, 1061, 1074, 1110, 1114, 1154, 1160, 1214, 1236, 1241, 1244, 1259, 1298, 1322, 1331, 1346, 1355, 1397, 1439, 1442, 1448, 1451, 1466, 1540, 1576, 1593, 1602, 1631, 1678, 1718, 1724, 1767, 1769, 1820, 1830, 1836, 1841, 1865, 1874, 1925, 1958, 2044, 2078, 2114, 2116, 2155, 2171, 2188, 2217, 2219, 2223, 2263, 2300, 2338, 2346, 2359, 2392, 2413, 2441, 2443, 2447, 2462, 2518, 2559, 2574, 2577, 2587, 2618, 2680, 2703, 2745, 2788, 2798, 2825, 2841, 2893, 2899, 2913, 2926, 2944, 2974, 3070, 3113, 3174, 3184, 3189, 3195, 3217, 3302, 3315, 3332, 3340, 3347, 3350, 3355, 3432, 3446, 3530, 3534, 3619, 3626, 3634, 3673, 3737, 3784, 3792, 3804, 3807, 3812, 3875, 3884, 3886, 3960, 3975, 4056, 4101, 4140, 4158, 4178, 4192, 4251, 4280, 4297, 4316, 4327, 4335, 4372, 4389, 4407, 4524, 4539, 4575, 4581, 4633, 4637, 4666, 4686, 4717, 4725, 4739, 4758, 4879, 4888, 4900, 4906, 4935, 4937, 4988, 4991, 5001, 5029, 5047, 5073, 5105, 5128, 5142, 5162, 5321, 5332, 5342, 5348, 5376, 5469, 5518, 5523, 5585, 5608, 5612, 5623, 5686]","[1678, 2559, 3070, 3315, 3530, 4056, 4666]","[26, 28, 84, 170, 188, 198, 250, 283, 303, 374, 469, 527, 554, 602, 718, 757, 772, 804, 814, 826, 938, 1008, 1029, 1047, 1061, 1074, 1110, 1114, 1154, 1160, 1214, 1236, 1241, 1244, 1259, 1298, 1322, 1331, 1346, 1355, 1397, 1439, 1442, 1448, 1451, 1466, 1540, 1576, 1593, 1602, 1631, 1718, 1724, 1767, 1769, 1820, 1830, 1836, 1841, 1865, 1874, 1925, 1958, 2044, 2078, 2114, 2116, 2155, 2171, 2188, 2217, 2219, 2223, 2263, 2300, 2338, 2346, 2359, 2392, 2413, 2441, 2443, 2447, 2462, 2518, 2574, 2577, 2587, 2618, 2680, 2703, 2745, 2788, 2798, 2825, 2841, 2893, 2899, 2913, 2926, 2944, 2974, 3113, 3174, 3184, 3189, 3195, 3217, 3302, 3332, 3340, 3347, 3350, 3355, 3432, 3446, 3534, 3619, 3626, 3634, 3673, 3737, 3784, 3792, 3804, 3807, 3812, 3875, 3884, 3886, 3960, 3975, 4101, 4140, 4158, 4178, 4192, 4251, 4280, 4297, 4316, 4327, 4335, 4372, 4389, 4407, 4524, 4539, 4575, 4581, 4633, 4637, 4686, 4717, 4725, 4739, 4758, 4879, 4888, 4900, 4906, 4935, 4937, 4988, 4991, 5001, 5029, 5047, 5073, 5105, 5128, 5142, 5162, 5321, 5332, 5342, 5348, 5376, 5469, 5518, 5523, 5585, 5608, 5612, 5623, 5686]","[1678, 2559, 3070, 3315, 3530, 4056, 4666]",5718,193,5525,7,186,5525,0
-1.5,BTSPDNA,"[19, 28, 45, 55, 84, 95, 103, 145, 149, 175, 177, 183, 193, 195, 201, 286, 291, 333, 346, 370, 395, 476, 558, 577, 603, 643, 648, 659, 685, 694, 700, 702, 731, 744, 749, 757, 776, 890, 960, 964, 985, 990, 1009, 1013, 1036, 1051, 1054, 1065, 1077, 1087, 1155, 1164, 1221, 1226, 1265, 1290, 1338, 1360, 1394, 1413, 1431, 1449, 1541, 1546, 1554, 1563, 1577, 1592, 1682, 1702, 1707, 1713, 1719, 1731, 1787, 1873, 1876, 1934, 1989, 1991, 2018, 2025, 2049, 2073, 2075, 2106, 2112, 2123, 2132, 2135, 2137]",[1541],"[19, 28, 45, 55, 84, 95, 103, 145, 149, 175, 177, 183, 193, 195, 201, 286, 291, 333, 346, 370, 395, 476, 558, 577, 603, 643, 648, 659, 685, 694, 700, 702, 731, 744, 749, 757, 776, 890, 960, 964, 985, 990, 1009, 1013, 1036, 1051, 1054, 1065, 1077, 1087, 1155, 1164, 1221, 1226, 1265, 1290, 1338, 1360, 1394, 1413, 1431, 1449, 1546, 1554, 1563, 1577, 1592, 1682, 1702, 1707, 1713, 1719, 1731, 1787, 1873, 1876, 1934, 1989, 1991, 2018, 2025, 2049, 2073, 2075, 2106, 2112, 2123, 2132, 2135, 2137]",[1541],2148,91,2057,1,90,2057,0
-1.5,BTSVSP109,"[52, 74, 131, 155, 312, 321, 353, 357, 379, 384, 394, 417, 467, 483, 510, 549, 554, 578, 618, 632, 661, 799, 803, 809, 822, 826, 848, 865, 875, 890, 943, 954, 983, 987, 992, 994, 1019, 1021, 1122, 1147, 1173, 1238, 1283, 1300, 1324, 1351, 1357, 1401, 1452, 1466, 1485, 1489, 1496, 1574, 1604, 1608, 1613, 1615, 1741, 1744, 1746, 1787, 1789, 1806, 1811, 1832, 1948, 1969, 2054, 2119, 2189, 2209, 2219, 2225, 2232, 2258, 2294, 2322, 2324, 2328, 2349, 2359, 2387, 2410, 2420, 2422, 2428, 2449, 2476, 2538, 2555, 2567, 2648, 2652, 2669, 2683, 2709, 2741, 2746, 2765, 2770, 2782, 2787, 2794, 2807, 2809, 2813, 2820, 2834, 2853, 2863, 2899, 2922, 2958, 2976, 3052, 3094, 3101, 3105, 3121, 3128, 3139, 3167, 3169, 3171, 3173, 3175, 3177, 3181, 3186, 3194, 3211, 3226, 3283, 3334, 3392, 3394, 3396, 3398, 3457, 3501, 3514, 3556, 3573, 3590, 3624, 3674, 3740, 3752, 3776, 3814, 3817, 3819, 3936, 3963, 3984, 4053, 4068, 4070, 4072, 4086, 4181, 4192, 4199, 4241, 4243, 4248, 4256, 4282, 4318, 4348, 4351, 4386, 4391, 4401, 4469, 4473, 4492, 4502, 4509, 4515, 4604, 4612, 4617, 4675, 4688, 4730, 4773, 4788, 4798, 4849, 4855, 4895, 4934, 4951, 4967, 5045, 5056, 5109, 5124, 5216, 5223, 5236, 5239, 5261, 5280, 5292, 5296, 5298, 5315, 5388, 5407, 5411, 5435, 5450, 5460, 5475, 5507, 5517, 5539, 5607, 5643, 5647, 5667, 5669, 5671, 5688, 5700, 5714, 5724, 5736, 5747, 5749, 5758, 5767, 5815, 5959, 6016, 6032, 6074, 6096, 6102, 6115, 6131, 6164, 6169, 6200, 6240, 6381, 6439, 6451, 6561, 6630, 6677, 6730, 6759, 6772, 6807, 6810, 6853, 6861, 6869, 6919]","[2359, 3984, 5292]","[52, 74, 131, 155, 312, 321, 353, 357, 379, 384, 394, 417, 467, 483, 510, 549, 554, 578, 618, 632, 661, 799, 803, 809, 822, 826, 848, 865, 875, 890, 943, 954, 983, 987, 992, 994, 1019, 1021, 1122, 1147, 1173, 1238, 1283, 1300, 1324, 1351, 1357, 1401, 1452, 1466, 1485, 1489, 1496, 1574, 1604, 1608, 1613, 1615, 1741, 1744, 1746, 1787, 1789, 1806, 1811, 1832, 1948, 1969, 2054, 2119, 2189, 2209, 2219, 2225, 2232, 2258, 2294, 2322, 2324, 2328, 2349, 2387, 2410, 2420, 2422, 2428, 2449, 2476, 2538, 2555, 2567, 2648, 2652, 2669, 2683, 2709, 2741, 2746, 2765, 2770, 2782, 2787, 2794, 2807, 2809, 2813, 2820, 2834, 2853, 2863, 2899, 2922, 2958, 2976, 3052, 3094, 3101, 3105, 3121, 3128, 3139, 3167, 3169, 3171, 3173, 3175, 3177, 3181, 3186, 3194, 3211, 3226, 3283, 3334, 3392, 3394, 3396, 3398, 3457, 3501, 3514, 3556, 3573, 3590, 3624, 3674, 3740, 3752, 3776, 3814, 3817, 3819, 3936, 3963, 4053, 4068, 4070, 4072, 4086, 4181, 4192, 4199, 4241, 4243, 4248, 4256, 4282, 4318, 4348, 4351, 4386, 4391, 4401, 4469, 4473, 4492, 4502, 4509, 4515, 4604, 4612, 4617, 4675, 4688, 4730, 4773, 4788, 4798, 4849, 4855, 4895, 4934, 4951, 4967, 5045, 5056, 5109, 5124, 5216, 5223, 5236, 5239, 5261, 5280, 5296, 5298, 5315, 5388, 5407, 5411, 5435, 5450, 5460, 5475, 5507, 5517, 5539, 5607, 5643, 5647, 5667, 5669, 5671, 5688, 5700, 5714, 5724, 5736, 5747, 5749, 5758, 5767, 5815, 5959, 6016, 6032, 6074, 6096, 6102, 6115, 6131, 6164, 6169, 6200, 6240, 6381, 6439, 6451, 6561, 6630, 6677, 6730, 6759, 6772, 6807, 6810, 6853, 6861, 6869, 6919]","[2359, 3984, 5292]",6948,263,6685,3,260,6685,0
-1.5,BTTNP2G,"[24, 28, 30, 125, 127, 202, 204, 234, 263, 270, 321, 331, 644, 659, 710, 728, 746, 748, 774, 780, 789, 838, 847, 852, 872, 902, 932, 976, 1013, 1029, 1043, 1066, 1090, 1098, 1107, 1115, 1150, 1172, 1210, 1222, 1243, 1253, 1306, 1317, 1320, 1326, 1330, 1342, 1346, 1434, 1443, 1454, 1456, 1466, 1488, 1498, 1511, 1538, 1559, 1561, 1623, 1628, 1692, 1716, 1726, 1728, 1762, 1783, 1802, 1811, 1841]",[774],"[24, 28, 30, 125, 127, 202, 204, 234, 263, 270, 321, 331, 644, 659, 710, 728, 746, 748, 780, 789, 838, 847, 852, 872, 902, 932, 976, 1013, 1029, 1043, 1066, 1090, 1098, 1107, 1115, 1150, 1172, 1210, 1222, 1243, 1253, 1306, 1317, 1320, 1326, 1330, 1342, 1346, 1434, 1443, 1454, 1456, 1466, 1488, 1498, 1511, 1538, 1559, 1561, 1623, 1628, 1692, 1716, 1726, 1728, 1762, 1783, 1802, 1811, 1841]",[774],1841,71,1770,1,70,1770,0
-1.5,BTU02285,"[21, 30, 68, 83, 170, 187, 192, 196, 227, 242, 248, 316, 377, 403, 410, 420, 434, 438, 461, 516, 518, 522, 586, 621, 637, 644, 699, 708, 745, 771, 781, 794, 839, 881, 885, 898, 914, 921, 924, 926, 957, 996, 1015, 1025, 1100, 1139, 1149, 1158, 1168, 1210, 1213, 1215, 1233, 1238, 1242, 1343, 1346, 1428, 1445, 1476, 1531, 1575, 1584, 1613, 1620, 1633, 1689, 1717, 1772, 1788, 1854, 1858, 1882, 1887, 1924, 1996, 2009, 2042, 2118, 2131, 2137, 2150, 2152, 2180, 2197, 2208, 2253, 2268, 2308, 2327, 2334, 2341, 2347, 2367, 2374, 2438, 2481, 2527, 2576, 2613, 2655, 2674, 2806, 2825, 2855, 2857, 2873, 2888, 2904, 2936, 2975, 2980, 3004, 3009, 3011, 3039, 3100, 3104, 3112, 3123, 3176, 3231, 3238, 3249, 3267, 3275, 3280, 3321, 3338, 3388, 3418, 3422, 3424, 3458, 3461, 3472, 3493, 3558, 3624, 3665, 3667, 3693, 3695, 3717, 3756, 3771, 3784, 3792, 3827, 3866, 3880, 3900, 3906, 3933, 3961, 3977, 4059, 4142, 4158, 4169, 4173, 4188, 4213, 4222, 4325, 4330, 4351, 4363, 4406, 4463, 4477, 4487, 4531, 4602, 4625, 4632, 4700, 4711, 4716, 4780, 4809, 4820, 4863, 4923, 4950, 4963, 4968, 4986, 5056, 5060, 5087, 5124, 5165, 5172, 5174, 5182, 5197, 5222, 5240, 5391, 5427, 5429, 5476, 5530, 5545, 5571, 5585, 5609, 5635, 5654, 5658, 5663, 5727, 5749, 5758, 5798, 5832, 5835, 5889, 5908, 5941, 5943, 5982, 6018, 6024, 6046, 6075, 6100, 6193, 6206, 6248, 6275, 6279, 6316, 6360]","[3792, 4222, 4487, 4780, 5056]","[21, 30, 68, 83, 170, 187, 192, 196, 227, 242, 248, 316, 377, 403, 410, 420, 434, 438, 461, 516, 518, 522, 586, 621, 637, 644, 699, 708, 745, 771, 781, 794, 839, 881, 885, 898, 914, 921, 924, 926, 957, 996, 1015, 1025, 1100, 1139, 1149, 1158, 1168, 1210, 1213, 1215, 1233, 1238, 1242, 1343, 1346, 1428, 1445, 1476, 1531, 1575, 1584, 1613, 1620, 1633, 1689, 1717, 1772, 1788, 1854, 1858, 1882, 1887, 1924, 1996, 2009, 2042, 2118, 2131, 2137, 2150, 2152, 2180, 2197, 2208, 2253, 2268, 2308, 2327, 2334, 2341, 2347, 2367, 2374, 2438, 2481, 2527, 2576, 2613, 2655, 2674, 2806, 2825, 2855, 2857, 2873, 2888, 2904, 2936, 2975, 2980, 3004, 3009, 3011, 3039, 3100, 3104, 3112, 3123, 3176, 3231, 3238, 3249, 3267, 3275, 3280, 3321, 3338, 3388, 3418, 3422, 3424, 3458, 3461, 3472, 3493, 3558, 3624, 3665, 3667, 3693, 3695, 3717, 3756, 3771, 3784, 3827, 3866, 3880, 3900, 3906, 3933, 3961, 3977, 4059, 4142, 4158, 4169, 4173, 4188, 4213, 4325, 4330, 4351, 4363, 4406, 4463, 4477, 4531, 4602, 4625, 4632, 4700, 4711, 4716, 4809, 4820, 4863, 4923, 4950, 4963, 4968, 4986, 5060, 5087, 5124, 5165, 5172, 5174, 5182, 5197, 5222, 5240, 5391, 5427, 5429, 5476, 5530, 5545, 5571, 5585, 5609, 5635, 5654, 5658, 5663, 5727, 5749, 5758, 5798, 5832, 5835, 5889, 5908, 5941, 5943, 5982, 6018, 6024, 6046, 6075, 6100, 6193, 6206, 6248, 6275, 6279, 6316, 6360]","[3792, 4222, 4487, 4780, 5056]",6388,235,6153,5,230,6153,0
-1.5,CALEGLOBIM,"[21, 54, 147, 188, 204, 220, 236, 270, 289, 315, 333, 345, 350, 374, 452, 473, 540, 552, 566, 587, 603, 608, 692, 724, 759, 765, 827, 859, 867, 890, 934, 938, 953, 967, 1043, 1048, 1062, 1072, 1151, 1167, 1185, 1191, 1197, 1201, 1215, 1265, 1286, 1293, 1299, 1312, 1316, 1343, 1406, 1411, 1413, 1417, 1462, 1486, 1488, 1495, 1518, 1539, 1547, 1555, 1627, 1641, 1654, 1686]","[236, 587]","[21, 54, 147, 188, 204, 220, 270, 289, 315, 333, 345, 350, 374, 452, 473, 540, 552, 566, 603, 608, 692, 724, 759, 765, 827, 859, 867, 890, 934, 938, 953, 967, 1043, 1048, 1062, 1072, 1151, 1167, 1185, 1191, 1197, 1201, 1215, 1265, 1286, 1293, 1299, 1312, 1316, 1343, 1406, 1411, 1413, 1417, 1462, 1486, 1488, 1495, 1518, 1539, 1547, 1555, 1627, 1641, 1654, 1686]","[236, 587]",1690,68,1622,2,66,1622,0
-1.5,CBUEGLOBIM,"[21, 54, 147, 188, 204, 220, 236, 270, 289, 315, 333, 345, 350, 374, 452, 473, 540, 552, 566, 587, 603, 608, 692, 724, 759, 765, 827, 859, 867, 874, 890, 934, 938, 953, 967, 1043, 1048, 1062, 1072, 1151, 1167, 1185, 1191, 1197, 1201, 1215, 1265, 1286, 1293, 1299, 1312, 1316, 1343, 1406, 1411, 1413, 1417, 1462, 1486, 1488, 1495, 1518, 1539, 1547, 1555, 1627, 1637, 1641, 1654, 1676, 1686]","[236, 587]","[21, 54, 147, 188, 204, 220, 270, 289, 315, 333, 345, 350, 374, 452, 473, 540, 552, 566, 603, 608, 692, 724, 759, 765, 827, 859, 867, 874, 890, 934, 938, 953, 967, 1043, 1048, 1062, 1072, 1151, 1167, 1185, 1191, 1197, 1201, 1215, 1265, 1286, 1293, 1299, 1312, 1316, 1343, 1406, 1411, 1413, 1417, 1462, 1486, 1488, 1495, 1518, 1539, 1547, 1555, 1627, 1637, 1641, 1654, 1676, 1686]","[236, 587]",1690,71,1619,2,69,1619,0
-1.5,CCALAC,"[41, 47, 133, 160, 189, 191, 194, 203, 207, 229, 284, 299, 319, 321, 323, 338, 369, 385, 407, 418, 430, 436, 440, 480, 492, 502, 579, 732, 745, 767, 797, 863, 899, 932, 945, 997, 1014, 1047, 1078, 1128, 1138, 1144, 1165, 1178, 1193, 1206, 1252, 1273, 1298, 1358, 1394, 1525, 1527, 1622, 1699, 1717, 1720, 1740, 1750, 1763, 1798, 1834, 1852, 1903, 1925, 1927, 1942, 1965, 1969, 1971, 1981, 1994, 2056, 2059, 2084, 2115, 2121, 2168, 2225, 2276, 2286, 2328, 2367, 2369, 2371, 2409, 2522, 2540, 2603, 2616, 2646, 2650, 2697, 2809, 2916, 2934, 2955, 2958, 2973, 2986, 3097, 3100, 3108, 3148, 3171, 3233, 3241, 3275, 3279, 3283, 3295, 3333, 3364, 3397, 3440, 3499, 3509, 3518, 3541, 3607]","[1358, 1852, 2409]","[41, 47, 133, 160, 189, 191, 194, 203, 207, 229, 284, 299, 319, 321, 323, 338, 369, 385, 407, 418, 430, 436, 440, 480, 492, 502, 579, 732, 745, 767, 797, 863, 899, 932, 945, 997, 1014, 1047, 1078, 1128, 1138, 1144, 1165, 1178, 1193, 1206, 1252, 1273, 1298, 1394, 1525, 1527, 1622, 1699, 1717, 1720, 1740, 1750, 1763, 1798, 1834, 1903, 1925, 1927, 1942, 1965, 1969, 1971, 1981, 1994, 2056, 2059, 2084, 2115, 2121, 2168, 2225, 2276, 2286, 2328, 2367, 2369, 2371, 2522, 2540, 2603, 2616, 2646, 2650, 2697, 2809, 2916, 2934, 2955, 2958, 2973, 2986, 3097, 3100, 3108, 3148, 3171, 3233, 3241, 3275, 3279, 3283, 3295, 3333, 3364, 3397, 3440, 3499, 3509, 3518, 3541, 3607]","[1358, 1852, 2409]",3619,120,3499,3,117,3499,0
-1.5,CCBEGLOBIM,"[21, 55, 148, 189, 205, 221, 237, 270, 276, 289, 333, 352, 452, 473, 540, 552, 566, 587, 603, 608, 692, 724, 759, 765, 827, 846, 859, 867, 895, 905, 939, 943, 958, 972, 1048, 1053, 1061, 1067, 1077, 1083, 1089, 1156, 1173, 1191, 1197, 1203, 1207, 1221, 1271, 1292, 1305, 1318, 1322, 1381, 1414, 1419, 1425, 1470, 1494, 1496, 1503, 1526, 1547, 1555, 1563, 1646, 1681]","[237, 587]","[21, 55, 148, 189, 205, 221, 270, 276, 289, 333, 352, 452, 473, 540, 552, 566, 603, 608, 692, 724, 759, 765, 827, 846, 859, 867, 895, 905, 939, 943, 958, 972, 1048, 1053, 1061, 1067, 1077, 1083, 1089, 1156, 1173, 1191, 1197, 1203, 1207, 1221, 1271, 1292, 1305, 1318, 1322, 1381, 1414, 1419, 1425, 1470, 1494, 1496, 1503, 1526, 1547, 1555, 1563, 1646, 1681]","[237, 587]",1695,67,1628,2,65,1628,0
-1.5,CCBEGLOBIN,"[21, 56, 149, 190, 206, 222, 238, 248, 272, 278, 291, 335, 454, 475, 542, 554, 568, 589, 605, 610, 715, 726, 761, 767, 847, 860, 868, 896, 940, 944, 959, 973, 1051, 1056, 1064, 1070, 1080, 1086, 1092, 1159, 1176, 1194, 1200, 1206, 1210, 1224, 1274, 1295, 1308, 1321, 1325, 1384, 1417, 1422, 1428, 1473, 1497, 1499, 1506, 1529, 1550, 1558, 1566, 1649, 1684]","[238, 589]","[21, 56, 149, 190, 206, 222, 248, 272, 278, 291, 335, 454, 475, 542, 554, 568, 605, 610, 715, 726, 761, 767, 847, 860, 868, 896, 940, 944, 959, 973, 1051, 1056, 1064, 1070, 1080, 1086, 1092, 1159, 1176, 1194, 1200, 1206, 1210, 1224, 1274, 1295, 1308, 1321, 1325, 1384, 1417, 1422, 1428, 1473, 1497, 1499, 1506, 1529, 1550, 1558, 1566, 1649, 1684]","[238, 589]",1698,65,1633,2,63,1633,0
-1.5,CCGHG,"[10, 29, 75, 79, 84, 141, 200, 253, 283, 287, 291, 310, 317, 376, 385, 408, 414, 489, 497, 565, 579, 583, 586, 592, 596, 600, 604, 661, 706, 738, 752, 790, 798, 805, 822, 863, 874, 971, 1051, 1055, 1089, 1103, 1115, 1142, 1150, 1152, 1156, 1164, 1179, 1181, 1250, 1279, 1281, 1285, 1348, 1389, 1476, 1515, 1576, 1691, 1709, 1764, 1766, 1778, 1795, 1805, 1808, 1818, 1820, 1888, 1897, 1990, 2025, 2043, 2084, 2097, 2099, 2104, 2118, 2129, 2166, 2175, 2186, 2205, 2209, 2250, 2273, 2305, 2333, 2336, 2368, 2392, 2435, 2444, 2460, 2474, 2476, 2484, 2528, 2546, 2594, 2596, 2668, 2685, 2803, 2833]","[283, 706, 1051, 1778]","[10, 29, 75, 79, 84, 141, 200, 253, 287, 291, 310, 317, 376, 385, 408, 414, 489, 497, 565, 579, 583, 586, 592, 596, 600, 604, 661, 738, 752, 790, 798, 805, 822, 863, 874, 971, 1055, 1089, 1103, 1115, 1142, 1150, 1152, 1156, 1164, 1179, 1181, 1250, 1279, 1281, 1285, 1348, 1389, 1476, 1515, 1576, 1691, 1709, 1764, 1766, 1795, 1805, 1808, 1818, 1820, 1888, 1897, 1990, 2025, 2043, 2084, 2097, 2099, 2104, 2118, 2129, 2166, 2175, 2186, 2205, 2209, 2250, 2273, 2305, 2333, 2336, 2368, 2392, 2435, 2444, 2460, 2474, 2476, 2484, 2528, 2546, 2594, 2596, 2668, 2685, 2803, 2833]","[283, 706, 1051, 1778]",2830,106,2724,4,102,2724,0
-1.5,CCGONBS1,"[6, 38, 43, 49, 56, 62, 99, 107, 110, 119, 155, 186, 197, 217, 228, 237, 248, 256, 283, 294, 306, 317, 324, 349, 420, 431, 443, 446, 452, 489, 551, 592, 596, 603, 631, 676, 680, 704, 706, 784, 805, 844, 875, 882, 915, 928, 966, 972, 994, 1040, 1049, 1058, 1111, 1122, 1225, 1261, 1297, 1353, 1361, 1400, 1442, 1448, 1471, 1517, 1530, 1550, 1599, 1633, 1635, 1649, 1668, 1672, 1706, 1708, 1714, 1762, 1767, 1792, 1857, 1928, 1974, 1994, 2000, 2025, 2030, 2055, 2072, 2086, 2090, 2103, 2192, 2195, 2204, 2206, 2232, 2268, 2270, 2286, 2290, 2301, 2328, 2352, 2378, 2393, 2401, 2435, 2457, 2494, 2516, 2518, 2563, 2569, 2584, 2638, 2643, 2654, 2660, 2688, 2692, 2759, 2785, 2792, 2837, 2874, 3033, 3044, 3053, 3216, 3241, 3243, 3270, 3280, 3301, 3310, 3358, 3362, 3376, 3427, 3460]","[1767, 2072]","[6, 38, 43, 49, 56, 62, 99, 107, 110, 119, 155, 186, 197, 217, 228, 237, 248, 256, 283, 294, 306, 317, 324, 349, 420, 431, 443, 446, 452, 489, 551, 592, 596, 603, 631, 676, 680, 704, 706, 784, 805, 844, 875, 882, 915, 928, 966, 972, 994, 1040, 1049, 1058, 1111, 1122, 1225, 1261, 1297, 1353, 1361, 1400, 1442, 1448, 1471, 1517, 1530, 1550, 1599, 1633, 1635, 1649, 1668, 1672, 1706, 1708, 1714, 1762, 1792, 1857, 1928, 1974, 1994, 2000, 2025, 2030, 2055, 2086, 2090, 2103, 2192, 2195, 2204, 2206, 2232, 2268, 2270, 2286, 2290, 2301, 2328, 2352, 2378, 2393, 2401, 2435, 2457, 2494, 2516, 2518, 2563, 2569, 2584, 2638, 2643, 2654, 2660, 2688, 2692, 2759, 2785, 2792, 2837, 2874, 3033, 3044, 3053, 3216, 3241, 3243, 3270, 3280, 3301, 3310, 3358, 3362, 3376, 3427, 3460]","[1767, 2072]",3463,139,3324,2,137,3324,0
-1.5,CCGONBS2,"[6, 38, 43, 49, 56, 62, 99, 107, 110, 119, 134, 150, 192, 212, 223, 232, 243, 279, 290, 302, 313, 320, 345, 422, 433, 445, 448, 454, 491, 553, 594, 598, 605, 632, 677, 681, 705, 707, 779, 785, 801, 827, 840, 871, 878, 892, 911, 957, 963, 1079, 1126, 1137, 1243, 1279, 1315, 1371, 1418, 1433, 1460, 1466, 1489, 1535, 1548, 1568, 1617, 1651, 1653, 1667, 1686, 1690, 1724, 1726, 1732, 1780, 1785, 1810, 1826, 1876, 1947, 1993, 2013, 2019, 2044, 2049, 2074, 2091, 2105, 2109, 2121, 2210, 2213, 2222, 2224, 2250, 2286, 2288, 2304, 2319, 2344, 2370, 2396, 2411, 2419, 2453, 2475, 2512, 2534, 2536, 2581, 2587, 2602, 2656, 2662, 2673, 2679, 2707, 2711, 2778, 2804, 2811, 2856, 2893, 3052, 3063, 3072, 3235, 3260, 3262, 3289, 3299, 3320, 3329, 3395, 3442, 3446, 3479]","[1785, 2091]","[6, 38, 43, 49, 56, 62, 99, 107, 110, 119, 134, 150, 192, 212, 223, 232, 243, 279, 290, 302, 313, 320, 345, 422, 433, 445, 448, 454, 491, 553, 594, 598, 605, 632, 677, 681, 705, 707, 779, 785, 801, 827, 840, 871, 878, 892, 911, 957, 963, 1079, 1126, 1137, 1243, 1279, 1315, 1371, 1418, 1433, 1460, 1466, 1489, 1535, 1548, 1568, 1617, 1651, 1653, 1667, 1686, 1690, 1724, 1726, 1732, 1780, 1810, 1826, 1876, 1947, 1993, 2013, 2019, 2044, 2049, 2074, 2105, 2109, 2121, 2210, 2213, 2222, 2224, 2250, 2286, 2288, 2304, 2319, 2344, 2370, 2396, 2411, 2419, 2453, 2475, 2512, 2534, 2536, 2581, 2587, 2602, 2656, 2662, 2673, 2679, 2707, 2711, 2778, 2804, 2811, 2856, 2893, 3052, 3063, 3072, 3235, 3260, 3262, 3289, 3299, 3320, 3329, 3395, 3442, 3446, 3479]","[1785, 2091]",3482,136,3346,2,134,3346,0
-1.5,CCGTHA1,"[13, 26, 76, 84, 94, 106, 110, 112, 116, 129, 146, 156, 166, 170, 210, 236, 276, 302, 383, 390, 397, 451, 453, 496, 549, 551, 563, 572, 579, 601, 629, 644, 648, 676, 680, 695, 704, 776, 798, 832, 858, 865, 918, 948, 990, 1040, 1071, 1104]","[302, 572]","[13, 26, 76, 84, 94, 106, 110, 112, 116, 129, 146, 156, 166, 170, 210, 236, 276, 383, 390, 397, 451, 453, 496, 549, 551, 563, 579, 601, 629, 644, 648, 676, 680, 695, 704, 776, 798, 832, 858, 865, 918, 948, 990, 1040, 1071, 1104]","[302, 572]",1144,48,1096,2,46,1096,0
-1.5,CCT64CLU,"[30, 90, 112, 179, 274, 280, 285, 314, 330, 360, 396, 450, 516, 529, 543, 563, 872, 876, 888, 921, 923, 1036, 1045, 1060, 1066, 1074, 1116, 1176, 1192, 1232, 1278, 1357, 1359, 1403, 1422, 1447, 1459, 1467, 1492, 1534, 1598, 1622, 1644, 1648, 1664, 1668, 1688, 1705, 1721, 1740, 1754, 1775, 1781, 1786, 1807, 1822, 1832, 1857, 1873, 2646, 2667, 2757, 2761, 2766, 2779, 2813, 2816, 2818, 2823, 2840, 2888, 2914, 2923, 2957, 2971, 2993, 3005, 3012, 3014, 3021, 3120, 3219, 3292, 3295, 3301, 3321, 3328, 3339, 3496, 3518, 3531, 3537, 3582, 3603, 3630, 3638, 3670, 3690, 3694, 3696, 3701, 3762, 3768, 3833, 3847, 3852, 3868, 3893, 3898, 3947, 3962, 4023, 4076, 4091, 4109, 4154, 4240, 4254, 4276, 4339, 4359, 4365, 4367, 4384, 4406, 4429, 4431, 4436, 4482, 4491, 4510, 4514, 4518, 4550, 4559, 4565, 4567, 4572, 4577, 4585, 4593, 4595, 4600, 4613, 4623, 4643, 4657, 4680, 4693, 4702, 4707, 4721, 4723, 4732, 4754, 4808, 4836, 4891, 4930, 4941, 4983, 5015, 5020, 5030, 5065, 5088, 5205, 5210, 5215, 5253, 5263, 5272, 5323, 5337, 5341, 5364, 5391, 5401, 5429, 5431, 5456, 5474, 5506, 5528, 5534, 5570, 5615, 5659, 5669, 5675, 5710, 5712, 5801, 5838, 5874, 5878, 5888, 5939, 5944, 5957, 5962, 5977, 5992, 6015, 6019, 6032, 6052, 6057, 6113, 6121, 6128, 6158, 6169, 6233, 6277, 6296]","[1644, 2757, 3005, 3496, 4514, 5272, 5659]","[30, 90, 112, 179, 274, 280, 285, 314, 330, 360, 396, 450, 516, 529, 543, 563, 872, 876, 888, 921, 923, 1036, 1045, 1060, 1066, 1074, 1116, 1176, 1192, 1232, 1278, 1357, 1359, 1403, 1422, 1447, 1459, 1467, 1492, 1534, 1598, 1622, 1648, 1664, 1668, 1688, 1705, 1721, 1740, 1754, 1775, 1781, 1786, 1807, 1822, 1832, 1857, 1873, 2646, 2667, 2761, 2766, 2779, 2813, 2816, 2818, 2823, 2840, 2888, 2914, 2923, 2957, 2971, 2993, 3012, 3014, 3021, 3120, 3219, 3292, 3295, 3301, 3321, 3328, 3339, 3518, 3531, 3537, 3582, 3603, 3630, 3638, 3670, 3690, 3694, 3696, 3701, 3762, 3768, 3833, 3847, 3852, 3868, 3893, 3898, 3947, 3962, 4023, 4076, 4091, 4109, 4154, 4240, 4254, 4276, 4339, 4359, 4365, 4367, 4384, 4406, 4429, 4431, 4436, 4482, 4491, 4510, 4518, 4550, 4559, 4565, 4567, 4572, 4577, 4585, 4593, 4595, 4600, 4613, 4623, 4643, 4657, 4680, 4693, 4702, 4707, 4721, 4723, 4732, 4754, 4808, 4836, 4891, 4930, 4941, 4983, 5015, 5020, 5030, 5065, 5088, 5205, 5210, 5215, 5253, 5263, 5323, 5337, 5341, 5364, 5391, 5401, 5429, 5431, 5456, 5474, 5506, 5528, 5534, 5570, 5615, 5669, 5675, 5710, 5712, 5801, 5838, 5874, 5878, 5888, 5939, 5944, 5957, 5962, 5977, 5992, 6015, 6019, 6032, 6052, 6057, 6113, 6121, 6128, 6158, 6169, 6233, 6277, 6296]","[1644, 2757, 3005, 3496, 4514, 5272, 5659]",6276,216,6060,7,209,6060,0
-1.5,CEPPINS,"[47, 62, 73, 76, 113, 115, 120, 127, 208, 245, 364, 405, 464, 485, 490, 516, 524, 583, 591, 654, 679, 734, 746, 760, 776, 794, 796, 858, 928, 967, 974, 1007, 1021, 1035, 1043, 1066, 1068, 1106, 1114, 1135, 1193, 1205, 1218, 1228, 1235, 1257, 1272, 1296, 1299, 1399, 1408, 1424, 1439, 1441, 1445, 1487, 1493, 1509, 1513, 1517, 1540, 1550, 1590, 1606, 1615, 1693, 1701, 1706, 1760, 1832, 1878]",[858],"[47, 62, 73, 76, 113, 115, 120, 127, 208, 245, 364, 405, 464, 485, 490, 516, 524, 583, 591, 654, 679, 734, 746, 760, 776, 794, 796, 928, 967, 974, 1007, 1021, 1035, 1043, 1066, 1068, 1106, 1114, 1135, 1193, 1205, 1218, 1228, 1235, 1257, 1272, 1296, 1299, 1399, 1408, 1424, 1439, 1441, 1445, 1487, 1493, 1509, 1513, 1517, 1540, 1550, 1590, 1606, 1615, 1693, 1701, 1706, 1760, 1832, 1878]",[858],1901,71,1830,1,70,1830,0
-1.5,CHBLG,"[21, 51, 81, 110, 117, 123, 166, 170, 270, 305, 320, 326, 369, 403, 484, 509, 538, 604, 648, 692, 698, 785, 832, 900, 918, 928, 932, 952, 1109, 1164, 1197, 1204, 1207, 1224, 1284, 1298, 1350, 1395, 1413, 1425, 1427, 1437, 1458, 1465, 1472, 1479, 1489, 1506, 1508, 1527, 1540, 1556, 1561, 1581, 1638, 1667, 1696, 1698, 1729, 1762, 1770, 1784, 1827, 1871, 1921, 1952, 2015, 2052, 2071, 2115, 2194, 2229, 2249, 2285, 2293, 2301, 2305, 2308, 2312, 2359, 2364, 2369, 2379, 2472, 2474, 2564, 2639, 2650, 2655, 2672, 2676, 2741, 2768, 2770, 2807, 2811, 2834, 2841, 2851, 2876, 2895, 2926, 2938, 2950, 2964, 3014, 3028, 3030, 3034, 3090, 3133, 3149, 3154, 3207, 3353, 3390, 3406, 3425, 3464, 3478, 3515, 3517, 3531, 3533, 3563, 3617, 3623, 3640, 3644, 3646, 3693, 3699, 3701, 3706, 3776, 3788, 3794, 3798, 3813, 3918, 3957, 3959, 4003, 4019, 4023, 4030, 4069, 4077, 4092, 4119, 4122, 4191, 4205, 4235, 4266, 4270, 4298, 4302, 4308, 4322, 4357, 4413, 4435, 4474, 4480, 4583, 4597, 4624, 4630, 4636, 4694, 4700, 4783, 4830, 4858, 4861, 4887, 4894, 4919, 4939, 4951, 4985, 5026, 5029, 5052, 5055, 5062, 5097, 5158, 5181, 5207, 5238, 5246, 5250, 5282, 5306, 5312, 5349, 5383, 5401, 5408, 5416, 5420, 5461, 5476, 5483, 5485, 5509, 5573, 5599, 5619, 5631, 5636, 5669, 5682, 5696, 5714, 5756, 5778, 5846, 5919, 5934, 6025, 6094, 6131, 6136, 6148, 6192, 6242, 6249, 6255, 6269, 6277, 6280, 6303, 6323, 6330, 6336, 6376, 6432, 6444, 6449, 6456, 6520, 6535, 6539, 6555, 6629, 6705, 6754, 6794, 6845, 6886, 6907, 6917, 6957, 6974, 7003, 7107, 7157, 7204, 7208, 7222, 7248, 7302, 7308, 7381, 7438, 7522, 7554, 7560, 7573, 7577, 7599, 7607, 7616, 7664, 7676, 7719, 7723, 7741, 7767, 7779, 7805, 7846, 7850, 7918, 7935, 7953, 8038, 8044, 8051]","[2285, 3090, 4019, 5246, 6025]","[21, 51, 81, 110, 117, 123, 166, 170, 270, 305, 320, 326, 369, 403, 484, 509, 538, 604, 648, 692, 698, 785, 832, 900, 918, 928, 932, 952, 1109, 1164, 1197, 1204, 1207, 1224, 1284, 1298, 1350, 1395, 1413, 1425, 1427, 1437, 1458, 1465, 1472, 1479, 1489, 1506, 1508, 1527, 1540, 1556, 1561, 1581, 1638, 1667, 1696, 1698, 1729, 1762, 1770, 1784, 1827, 1871, 1921, 1952, 2015, 2052, 2071, 2115, 2194, 2229, 2249, 2293, 2301, 2305, 2308, 2312, 2359, 2364, 2369, 2379, 2472, 2474, 2564, 2639, 2650, 2655, 2672, 2676, 2741, 2768, 2770, 2807, 2811, 2834, 2841, 2851, 2876, 2895, 2926, 2938, 2950, 2964, 3014, 3028, 3030, 3034, 3133, 3149, 3154, 3207, 3353, 3390, 3406, 3425, 3464, 3478, 3515, 3517, 3531, 3533, 3563, 3617, 3623, 3640, 3644, 3646, 3693, 3699, 3701, 3706, 3776, 3788, 3794, 3798, 3813, 3918, 3957, 3959, 4003, 4023, 4030, 4069, 4077, 4092, 4119, 4122, 4191, 4205, 4235, 4266, 4270, 4298, 4302, 4308, 4322, 4357, 4413, 4435, 4474, 4480, 4583, 4597, 4624, 4630, 4636, 4694, 4700, 4783, 4830, 4858, 4861, 4887, 4894, 4919, 4939, 4951, 4985, 5026, 5029, 5052, 5055, 5062, 5097, 5158, 5181, 5207, 5238, 5250, 5282, 5306, 5312, 5349, 5383, 5401, 5408, 5416, 5420, 5461, 5476, 5483, 5485, 5509, 5573, 5599, 5619, 5631, 5636, 5669, 5682, 5696, 5714, 5756, 5778, 5846, 5919, 5934, 6094, 6131, 6136, 6148, 6192, 6242, 6249, 6255, 6269, 6277, 6280, 6303, 6323, 6330, 6336, 6376, 6432, 6444, 6449, 6456, 6520, 6535, 6539, 6555, 6629, 6705, 6754, 6794, 6845, 6886, 6907, 6917, 6957, 6974, 7003, 7107, 7157, 7204, 7208, 7222, 7248, 7302, 7308, 7381, 7438, 7522, 7554, 7560, 7573, 7577, 7599, 7607, 7616, 7664, 7676, 7719, 7723, 7741, 7767, 7779, 7805, 7846, 7850, 7918, 7935, 7953, 8038, 8044, 8051]","[2285, 3090, 4019, 5246, 6025]",8080,292,7788,5,287,7788,0
-1.5,CHEBGLI,"[24, 60, 82, 149, 177, 194, 206, 258, 388, 446, 456, 481, 522, 532, 538, 570, 577, 599, 693, 716, 774, 795, 844, 862, 874, 881, 888, 909, 922, 969, 1025, 1027, 1047, 1080, 1110, 1136, 1138, 1150, 1164, 1175, 1213, 1268, 1364, 1377, 1591, 1599, 1629, 1714, 1757, 1815, 1821, 1847, 1862, 1868, 1885, 1960, 1966, 2011, 2035, 2037, 2042, 2067, 2110, 2139, 2149, 2188, 2207]","[570, 909]","[24, 60, 82, 149, 177, 194, 206, 258, 388, 446, 456, 481, 522, 532, 538, 577, 599, 693, 716, 774, 795, 844, 862, 874, 881, 888, 922, 969, 1025, 1027, 1047, 1080, 1110, 1136, 1138, 1150, 1164, 1175, 1213, 1268, 1364, 1377, 1591, 1599, 1629, 1714, 1757, 1815, 1821, 1847, 1862, 1868, 1885, 1960, 1966, 2011, 2035, 2037, 2042, 2067, 2110, 2139, 2149, 2188, 2207]","[570, 909]",2204,67,2137,2,65,2137,0
-1.5,CHEBGLII,"[17, 34, 76, 83, 152, 164, 179, 210, 217, 237, 307, 322, 408, 454, 474, 511, 515, 525, 531, 537, 540, 547, 563, 570, 580, 593, 608, 630, 635, 668, 719, 736, 752, 777, 798, 877, 884, 891, 912, 923, 931, 952, 958, 963, 966, 1007, 1020, 1049, 1053, 1065, 1072, 1082, 1101, 1107, 1114, 1145, 1331, 1333, 1374, 1383, 1398, 1426, 1430, 1493, 1536, 1562, 1570, 1576, 1609, 1619, 1629, 1684, 1730, 1847, 1870, 1900, 1919, 2004, 2010, 2029, 2048, 2075, 2084, 2088, 2111, 2133, 2193, 2200, 2213, 2224, 2240, 2248]","[563, 912]","[17, 34, 76, 83, 152, 164, 179, 210, 217, 237, 307, 322, 408, 454, 474, 511, 515, 525, 531, 537, 540, 547, 570, 580, 593, 608, 630, 635, 668, 719, 736, 752, 777, 798, 877, 884, 891, 923, 931, 952, 958, 963, 966, 1007, 1020, 1049, 1053, 1065, 1072, 1082, 1101, 1107, 1114, 1145, 1331, 1333, 1374, 1383, 1398, 1426, 1430, 1493, 1536, 1562, 1570, 1576, 1609, 1619, 1629, 1684, 1730, 1847, 1870, 1900, 1919, 2004, 2010, 2029, 2048, 2075, 2084, 2088, 2111, 2133, 2193, 2200, 2213, 2224, 2240, 2248]","[563, 912]",2258,92,2166,2,90,2166,0
-1.5,CHKALDB,"[15, 22, 109, 153, 180, 273, 283, 289, 310, 318, 331, 391, 399, 422, 447, 454, 476, 502, 535, 539, 552, 564, 566, 606, 610, 646, 657, 714, 756, 758, 781, 796, 808, 844, 854, 888, 913, 919, 932, 939, 964, 979, 983, 988, 990, 1062, 1087, 1145, 1164, 1196, 1240, 1243, 1322, 1324, 1368, 1385, 1389, 1452, 1458, 1479, 1485, 1488, 1506, 1518, 1543, 1548, 1618, 1629, 1631, 1665, 1696, 1707, 1765, 1771, 1779, 1782, 1801, 1853, 1865, 1867, 1877, 1886, 1893, 1912, 1922, 1927, 1948, 2000, 2015, 2086, 2208, 2270, 2309, 2336, 2365, 2382, 2404, 2439, 2460, 2483, 2574, 2629, 2638, 2661, 2692, 2780, 2807, 2824, 2837, 2845, 2874, 2878, 2882, 2933, 2952, 2991, 3064, 3077, 3089, 3094, 3115, 3135, 3166, 3199, 3207, 3342, 3354, 3371, 3386, 3389, 3400, 3409, 3417, 3440, 3457, 3464, 3499, 3508, 3516, 3523, 3545, 3560, 3600, 3602, 3613, 3627, 3646, 3685, 3734, 3795, 3807, 3817, 3831, 3841, 3908, 4004, 4016, 4046, 4101, 4126, 4177, 4179, 4183, 4228, 4281, 4318, 4388, 4411, 4416, 4429, 4462, 4466, 4489, 4543, 4572, 4621, 4630, 4646, 4680, 4802, 4853, 4865, 4884, 5005, 5025, 5059, 5103, 5138, 5164, 5245, 5251, 5306, 5323, 5346, 5381, 5410, 5437, 5468, 5491, 5516, 5522, 5530, 5682, 5717, 5722, 5731, 5748, 5794, 5808, 5837, 5847, 5930, 5985, 5994, 6001, 6010, 6129, 6168, 6172, 6189, 6199, 6243, 6317, 6329, 6337, 6392, 6404, 6447, 6452, 6484, 6509, 6568, 6608, 6649, 6652, 6664, 6792, 6795, 6829, 6837, 6852, 6955, 6960, 6983, 6987, 7007, 7009, 7039, 7062, 7078, 7128, 7135, 7149, 7165, 7170, 7175, 7188, 7242, 7265, 7323, 7360, 7394, 7436, 7462, 7464, 7487, 7504, 7518, 7523, 7527, 7537, 7585, 7600, 7620, 7679, 7698, 7705, 7709, 7712, 7728, 7740, 7804, 7867, 7918, 7924, 7994, 8097, 8111, 8120, 8145, 8166, 8170, 8186, 8309, 8340, 8439, 8478, 8481, 8489, 8520, 8533, 8553, 8560, 8611, 8617, 8639, 8667, 8742, 8771, 8787, 8793, 8802, 8842, 8925, 8929, 8935, 8998, 9006, 9012, 9185, 9206, 9214, 9226, 9257, 9282, 9313, 9317, 9319, 9351, 9385, 9390, 9411, 9415, 9449, 9485, 9528, 9567, 9577, 9607, 9626, 9736, 9886, 9964, 10046, 10058, 10060, 10141, 10177, 10213, 10219, 10232, 10244, 10295, 10297, 10378, 10380, 10385, 10415, 10421, 10424, 10435, 10454, 10460, 10465, 10565, 10574, 10577, 10589, 10599, 10604, 10638, 10658, 10705, 10733, 10797, 10835, 10844, 10849, 10868, 10904, 10908, 10955, 10966, 11003, 11014, 11039, 11096, 11130, 11199, 11201, 11222, 11245, 11270, 11275, 11301, 11348, 11371, 11427, 11432, 11458, 11485, 11487, 11630, 11632]","[6172, 6664, 6955, 7265, 8186, 8842, 9185]","[15, 22, 109, 153, 180, 273, 283, 289, 310, 318, 331, 391, 399, 422, 447, 454, 476, 502, 535, 539, 552, 564, 566, 606, 610, 646, 657, 714, 756, 758, 781, 796, 808, 844, 854, 888, 913, 919, 932, 939, 964, 979, 983, 988, 990, 1062, 1087, 1145, 1164, 1196, 1240, 1243, 1322, 1324, 1368, 1385, 1389, 1452, 1458, 1479, 1485, 1488, 1506, 1518, 1543, 1548, 1618, 1629, 1631, 1665, 1696, 1707, 1765, 1771, 1779, 1782, 1801, 1853, 1865, 1867, 1877, 1886, 1893, 1912, 1922, 1927, 1948, 2000, 2015, 2086, 2208, 2270, 2309, 2336, 2365, 2382, 2404, 2439, 2460, 2483, 2574, 2629, 2638, 2661, 2692, 2780, 2807, 2824, 2837, 2845, 2874, 2878, 2882, 2933, 2952, 2991, 3064, 3077, 3089, 3094, 3115, 3135, 3166, 3199, 3207, 3342, 3354, 3371, 3386, 3389, 3400, 3409, 3417, 3440, 3457, 3464, 3499, 3508, 3516, 3523, 3545, 3560, 3600, 3602, 3613, 3627, 3646, 3685, 3734, 3795, 3807, 3817, 3831, 3841, 3908, 4004, 4016, 4046, 4101, 4126, 4177, 4179, 4183, 4228, 4281, 4318, 4388, 4411, 4416, 4429, 4462, 4466, 4489, 4543, 4572, 4621, 4630, 4646, 4680, 4802, 4853, 4865, 4884, 5005, 5025, 5059, 5103, 5138, 5164, 5245, 5251, 5306, 5323, 5346, 5381, 5410, 5437, 5468, 5491, 5516, 5522, 5530, 5682, 5717, 5722, 5731, 5748, 5794, 5808, 5837, 5847, 5930, 5985, 5994, 6001, 6010, 6129, 6168, 6189, 6199, 6243, 6317, 6329, 6337, 6392, 6404, 6447, 6452, 6484, 6509, 6568, 6608, 6649, 6652, 6792, 6795, 6829, 6837, 6852, 6960, 6983, 6987, 7007, 7009, 7039, 7062, 7078, 7128, 7135, 7149, 7165, 7170, 7175, 7188, 7242, 7323, 7360, 7394, 7436, 7462, 7464, 7487, 7504, 7518, 7523, 7527, 7537, 7585, 7600, 7620, 7679, 7698, 7705, 7709, 7712, 7728, 7740, 7804, 7867, 7918, 7924, 7994, 8097, 8111, 8120, 8145, 8166, 8170, 8309, 8340, 8439, 8478, 8481, 8489, 8520, 8533, 8553, 8560, 8611, 8617, 8639, 8667, 8742, 8771, 8787, 8793, 8802, 8925, 8929, 8935, 8998, 9006, 9012, 9206, 9214, 9226, 9257, 9282, 9313, 9317, 9319, 9351, 9385, 9390, 9411, 9415, 9449, 9485, 9528, 9567, 9577, 9607, 9626, 9736, 9886, 9964, 10046, 10058, 10060, 10141, 10177, 10213, 10219, 10232, 10244, 10295, 10297, 10378, 10380, 10385, 10415, 10421, 10424, 10435, 10454, 10460, 10465, 10565, 10574, 10577, 10589, 10599, 10604, 10638, 10658, 10705, 10733, 10797, 10835, 10844, 10849, 10868, 10904, 10908, 10955, 10966, 11003, 11014, 11039, 11096, 11130, 11199, 11201, 11222, 11245, 11270, 11275, 11301, 11348, 11371, 11427, 11432, 11458, 11485, 11487, 11630, 11632]","[6172, 6664, 6955, 7265, 8186, 8842, 9185]",11643,404,11239,7,397,11239,0
-1.5,CHKAPOII,"[5, 12, 37, 64, 69, 136, 258, 282, 323, 328, 335, 341, 352, 364, 377, 385, 399, 405, 454, 456, 489, 502, 537, 545, 556, 620, 688, 729, 741, 779, 787, 799, 850, 852, 876, 901, 917, 921, 929, 933, 974, 989, 993, 1000, 1081, 1088, 1090, 1104, 1220, 1226, 1232, 1246, 1261, 1285, 1328, 1334, 1339, 1343, 1357, 1359, 1367, 1371, 1383, 1397, 1404, 1440, 1446, 1449, 1483, 1507, 1522, 1532, 1563, 1576, 1588, 1611, 1618, 1626, 1663, 1783, 1839, 1864, 1891, 1895, 1901, 1978, 1984, 1994, 2032, 2044, 2067, 2131, 2223, 2226, 2247, 2262, 2276, 2289, 2296, 2320, 2366, 2383, 2385, 2434, 2457, 2508, 2519, 2531, 2536, 2550, 2609, 2620, 2625, 2664, 2670, 2687, 2689, 2716, 2743, 2757, 2781, 2798, 2875, 2877, 2902, 2911, 3004, 3014, 3048, 3141, 3199, 3204, 3217, 3225, 3227, 3243, 3259, 3277, 3286, 3317, 3343, 3381, 3397, 3419, 3426, 3438, 3444, 3455, 3477, 3495, 3500, 3509, 3523, 3541, 3546, 3600, 3615, 3662, 3693, 3696, 3707, 3746, 3755, 3771, 3803, 3820, 3837, 3845, 3861, 3881, 3906, 3912, 3946, 3952, 3957, 3964, 3975, 3980, 4017, 4026, 4038, 4047, 4107, 4259, 4269, 4271, 4324, 4340, 4433, 4446, 4460, 4472, 4476, 4488, 4492, 4496, 4509, 4549, 4581, 4642, 4707, 4793, 4799, 4830, 4845, 4878, 4933]","[3317, 3820]","[5, 12, 37, 64, 69, 136, 258, 282, 323, 328, 335, 341, 352, 364, 377, 385, 399, 405, 454, 456, 489, 502, 537, 545, 556, 620, 688, 729, 741, 779, 787, 799, 850, 852, 876, 901, 917, 921, 929, 933, 974, 989, 993, 1000, 1081, 1088, 1090, 1104, 1220, 1226, 1232, 1246, 1261, 1285, 1328, 1334, 1339, 1343, 1357, 1359, 1367, 1371, 1383, 1397, 1404, 1440, 1446, 1449, 1483, 1507, 1522, 1532, 1563, 1576, 1588, 1611, 1618, 1626, 1663, 1783, 1839, 1864, 1891, 1895, 1901, 1978, 1984, 1994, 2032, 2044, 2067, 2131, 2223, 2226, 2247, 2262, 2276, 2289, 2296, 2320, 2366, 2383, 2385, 2434, 2457, 2508, 2519, 2531, 2536, 2550, 2609, 2620, 2625, 2664, 2670, 2687, 2689, 2716, 2743, 2757, 2781, 2798, 2875, 2877, 2902, 2911, 3004, 3014, 3048, 3141, 3199, 3204, 3217, 3225, 3227, 3243, 3259, 3277, 3286, 3343, 3381, 3397, 3419, 3426, 3438, 3444, 3455, 3477, 3495, 3500, 3509, 3523, 3541, 3546, 3600, 3615, 3662, 3693, 3696, 3707, 3746, 3755, 3771, 3803, 3837, 3845, 3861, 3881, 3906, 3912, 3946, 3952, 3957, 3964, 3975, 3980, 4017, 4026, 4038, 4047, 4107, 4259, 4269, 4271, 4324, 4340, 4433, 4446, 4460, 4472, 4476, 4488, 4492, 4496, 4509, 4549, 4581, 4642, 4707, 4793, 4799, 4830, 4845, 4878, 4933]","[3317, 3820]",4953,207,4746,2,205,4746,0
-1.5,CHKDPCP,"[92, 109, 143, 216, 276, 306, 317, 347, 364, 369, 374, 387, 401, 415, 417, 515, 572, 610, 620, 623, 637, 869, 1001, 1052, 1104, 1197, 1608, 1624, 1636, 1649, 1654, 1671, 1681, 1709, 1733, 1826, 1844, 1867, 1878, 1882, 1884, 1890, 1892, 1894, 1896, 1898]",[637],"[92, 109, 143, 216, 276, 306, 317, 347, 364, 369, 374, 387, 401, 415, 417, 515, 572, 610, 620, 623, 869, 1001, 1052, 1104, 1197, 1608, 1624, 1636, 1649, 1654, 1671, 1681, 1709, 1733, 1826, 1844, 1867, 1878, 1882, 1884, 1890, 1892, 1894, 1896, 1898]",[637],1902,46,1856,1,45,1856,0
-1.5,CHKMAX,"[27, 35, 62, 76, 98, 121, 251, 260, 281, 304, 307, 312, 367, 369, 470, 474, 517, 553, 605, 632, 636, 639, 675, 727, 736, 771, 785, 789, 798, 817, 836, 848, 915, 924, 962, 974, 978, 1012, 1014, 1025, 1037, 1052, 1133, 1181, 1206, 1208, 1217, 1236, 1265, 1299, 1314, 1381, 1419, 1528, 1750, 1816, 1917, 1945, 2055, 2115, 2127, 2131, 2175, 2190, 2200, 2284, 2291, 2295, 2310, 2313, 2336, 2341, 2356, 2372, 2379, 2420, 2422, 2435, 2451, 2466, 2488, 2499, 2503, 2505, 2527, 2532, 2564, 2577, 2582, 2599, 2607, 2623, 2633, 2639, 2655, 2673, 2678, 2683, 2701, 2703, 2712, 2716, 2721, 2728, 2738, 2756, 2761, 2763, 2767, 2805, 2814, 2829, 2832, 2861, 2866, 2882, 2889, 2908, 2913, 2930, 2937, 2941, 2958, 2968, 2984, 2990, 2992, 2999, 3018, 3030, 3046, 3052, 3058, 3064, 3087, 3090, 3123, 3143, 3153, 3172, 3177, 3182, 3189, 3193, 3205, 3219, 3240, 3254, 3259, 3264, 3273, 3289, 3297, 3308, 3327, 3339, 3373, 3395, 3400, 3420, 3453, 3458, 3483, 3497, 3510, 3546, 3575, 3583, 3594, 3609, 3614, 3616, 3630, 3651, 3723, 3743, 3764, 3768, 3772, 3774, 3776, 3778, 3780, 3782, 3784, 3786, 3788, 3790, 3792, 3794, 3798, 3804, 3896, 3904, 3928, 3933, 3936, 3988, 4011, 4027, 4036, 4050, 4055, 4059, 4063, 4079, 4096, 4131, 4146, 4206, 4215, 4295, 4347, 4369, 4390, 4662, 4868, 4914, 4931, 4950, 4971, 4973, 5026, 5029, 5035, 5037, 5098, 5130, 5134, 5173, 5180, 5208, 5289, 5295, 5307, 5343, 5369, 5407, 5449, 5506, 5545, 5558, 5574, 5613, 5659, 5686, 5689]","[2127, 2291, 3928, 4295]","[27, 35, 62, 76, 98, 121, 251, 260, 281, 304, 307, 312, 367, 369, 470, 474, 517, 553, 605, 632, 636, 639, 675, 727, 736, 771, 785, 789, 798, 817, 836, 848, 915, 924, 962, 974, 978, 1012, 1014, 1025, 1037, 1052, 1133, 1181, 1206, 1208, 1217, 1236, 1265, 1299, 1314, 1381, 1419, 1528, 1750, 1816, 1917, 1945, 2055, 2115, 2131, 2175, 2190, 2200, 2284, 2295, 2310, 2313, 2336, 2341, 2356, 2372, 2379, 2420, 2422, 2435, 2451, 2466, 2488, 2499, 2503, 2505, 2527, 2532, 2564, 2577, 2582, 2599, 2607, 2623, 2633, 2639, 2655, 2673, 2678, 2683, 2701, 2703, 2712, 2716, 2721, 2728, 2738, 2756, 2761, 2763, 2767, 2805, 2814, 2829, 2832, 2861, 2866, 2882, 2889, 2908, 2913, 2930, 2937, 2941, 2958, 2968, 2984, 2990, 2992, 2999, 3018, 3030, 3046, 3052, 3058, 3064, 3087, 3090, 3123, 3143, 3153, 3172, 3177, 3182, 3189, 3193, 3205, 3219, 3240, 3254, 3259, 3264, 3273, 3289, 3297, 3308, 3327, 3339, 3373, 3395, 3400, 3420, 3453, 3458, 3483, 3497, 3510, 3546, 3575, 3583, 3594, 3609, 3614, 3616, 3630, 3651, 3723, 3743, 3764, 3768, 3772, 3774, 3776, 3778, 3780, 3782, 3784, 3786, 3788, 3790, 3792, 3794, 3798, 3804, 3896, 3904, 3933, 3936, 3988, 4011, 4027, 4036, 4050, 4055, 4059, 4063, 4079, 4096, 4131, 4146, 4206, 4215, 4347, 4369, 4390, 4662, 4868, 4914, 4931, 4950, 4971, 4973, 5026, 5029, 5035, 5037, 5098, 5130, 5134, 5173, 5180, 5208, 5289, 5295, 5307, 5343, 5369, 5407, 5449, 5506, 5545, 5558, 5574, 5613, 5659, 5686, 5689]","[2127, 2291, 3928, 4295]",5690,247,5443,4,243,5443,0
-1.5,CHKMYOD,"[49, 79, 90, 100, 131, 148, 179, 200, 231, 243, 308, 316, 329, 348, 396, 404, 406, 424, 481, 486, 521, 541, 551, 567, 581, 613, 617, 646, 777, 799, 838, 852, 868, 916, 984, 1012, 1029, 1057, 1073, 1166, 1177, 1220, 1226, 1254, 1263, 1268, 1277, 1279, 1285, 1296, 1303, 1309, 1318, 1355, 1422, 1424, 1433, 1440, 1462, 1493, 1496, 1509, 1537, 1570, 1669, 1671, 1702, 1708, 1725, 1738, 1756, 1764, 1921, 1927, 2014, 2075, 2106, 2157, 2172, 2244, 2282, 2292, 2313, 2352, 2361, 2365, 2454, 2468, 2504, 2510, 2559, 2565, 2627, 2629, 2660, 2682, 2687, 2703, 2754, 2767, 2811, 2885, 2913, 2922, 2944, 3011, 3030, 3049, 3066, 3077, 3103, 3126, 3134, 3142, 3175, 3273, 3309, 3314, 3319, 3321, 3379, 3395, 3422, 3440, 3449, 3459, 3468, 3547, 3573, 3708, 3746, 3769, 3822, 3944, 3972, 3990, 3996, 4038, 4121, 4229, 4236, 4239, 4261, 4281, 4299, 4334, 4374, 4463, 4475, 4515, 4521, 4596, 4609, 4640, 4728, 4794, 4849, 4875, 4898, 4941, 4945, 4966, 4979, 5005, 5020, 5043, 5045, 5065, 5079, 5081, 5145, 5154, 5164, 5166, 5206, 5213, 5257, 5366, 5371, 5391, 5458, 5483, 5495, 5503, 5517, 5562, 5584, 5592, 5601, 5609, 5630, 5660, 5665, 5691, 5711, 5764, 5772, 5832, 5875, 5877, 5915, 5970, 6010, 6023, 6076, 6093, 6150, 6154, 6178, 6180, 6242, 6284, 6321, 6327, 6350, 6390, 6445, 6456, 6527, 6562, 6672, 6726, 6733, 6824, 6881, 6927, 6933, 7019, 7034, 7172, 7205, 7247, 7340, 7343, 7345]","[4941, 6150]","[49, 79, 90, 100, 131, 148, 179, 200, 231, 243, 308, 316, 329, 348, 396, 404, 406, 424, 481, 486, 521, 541, 551, 567, 581, 613, 617, 646, 777, 799, 838, 852, 868, 916, 984, 1012, 1029, 1057, 1073, 1166, 1177, 1220, 1226, 1254, 1263, 1268, 1277, 1279, 1285, 1296, 1303, 1309, 1318, 1355, 1422, 1424, 1433, 1440, 1462, 1493, 1496, 1509, 1537, 1570, 1669, 1671, 1702, 1708, 1725, 1738, 1756, 1764, 1921, 1927, 2014, 2075, 2106, 2157, 2172, 2244, 2282, 2292, 2313, 2352, 2361, 2365, 2454, 2468, 2504, 2510, 2559, 2565, 2627, 2629, 2660, 2682, 2687, 2703, 2754, 2767, 2811, 2885, 2913, 2922, 2944, 3011, 3030, 3049, 3066, 3077, 3103, 3126, 3134, 3142, 3175, 3273, 3309, 3314, 3319, 3321, 3379, 3395, 3422, 3440, 3449, 3459, 3468, 3547, 3573, 3708, 3746, 3769, 3822, 3944, 3972, 3990, 3996, 4038, 4121, 4229, 4236, 4239, 4261, 4281, 4299, 4334, 4374, 4463, 4475, 4515, 4521, 4596, 4609, 4640, 4728, 4794, 4849, 4875, 4898, 4945, 4966, 4979, 5005, 5020, 5043, 5045, 5065, 5079, 5081, 5145, 5154, 5164, 5166, 5206, 5213, 5257, 5366, 5371, 5391, 5458, 5483, 5495, 5503, 5517, 5562, 5584, 5592, 5601, 5609, 5630, 5660, 5665, 5691, 5711, 5764, 5772, 5832, 5875, 5877, 5915, 5970, 6010, 6023, 6076, 6093, 6154, 6178, 6180, 6242, 6284, 6321, 6327, 6350, 6390, 6445, 6456, 6527, 6562, 6672, 6726, 6733, 6824, 6881, 6927, 6933, 7019, 7034, 7172, 7205, 7247, 7340, 7343, 7345]","[4941, 6150]",7381,235,7146,2,233,7146,0
-1.5,CHKOVAL,"[26, 120, 163, 166, 168, 240, 253, 322, 332, 357, 368, 390, 421, 434, 443, 454, 518, 662, 677, 697, 714, 779, 783, 806, 864, 869, 916, 952, 971, 1021, 1062, 1065, 1267, 1289, 1293, 1297, 1335, 1337, 1341, 1361, 1376, 1390, 1468, 1480, 1492, 1497, 1505, 1534, 1536, 1564, 1577, 1603, 1670, 1700, 1722, 1729, 1754, 1787, 1820, 1827, 1837, 1863, 1898, 1900, 1902, 1906, 1920, 1923, 1927, 1984, 2081, 2116, 2155, 2172, 2200, 2216, 2238, 2255, 2263, 2304, 2346, 2376, 2449, 2482, 2485, 2487, 2548, 2657, 2667, 2704, 2729, 2784, 2806, 2884, 2897, 2912, 2924, 2931, 2968, 3009, 3038, 3103, 3119, 3129, 3164, 3225, 3293, 3295, 3415, 3452, 3466, 3574, 3591, 3633, 3684, 3686, 3702, 3712, 3753, 3758, 3812, 3837, 3874, 3900, 3902, 3915, 3944, 3954, 3987, 4001, 4039, 4046, 4048, 4059, 4138, 4176, 4202, 4204, 4232, 4246, 4261, 4384, 4446, 4449, 4457, 4459, 4532, 4544, 4587, 4589, 4591, 4602, 4675, 4682, 4694, 4699, 4713, 4720, 4726, 4771, 4802, 4810, 4827, 4890, 4915, 4953, 4956, 5035, 5081, 5083, 5098, 5120, 5131, 5144, 5153, 5155, 5157, 5170, 5186, 5237, 5297, 5308, 5327, 5332, 5338, 5371, 5374, 5396, 5401, 5414, 5450, 5600, 5621, 5684, 5705, 5711, 5737, 5786, 5795, 5818, 5841, 5874, 5910, 5946, 6042, 6141, 6152, 6174, 6226, 6242, 6246, 6282, 6296, 6338, 6406, 6423, 6425, 6496, 6503, 6549, 6570, 6575, 6589, 6624, 6654, 6666, 6679, 6712, 6715, 6740, 6749, 6790, 6805, 6832, 6857, 6861, 6928, 6955, 6975, 6979, 6991, 7009, 7022, 7044, 7046, 7048, 7064, 7076, 7079, 7102, 7134, 7148, 7152, 7178, 7194, 7234, 7242, 7268, 7275, 7284, 7341, 7355, 7360, 7362, 7444, 7463, 7469, 7504, 7513, 7544, 7603, 7685, 7691, 7768, 7770, 7792, 7799, 7821, 7871, 7915, 7939, 7941, 8014, 8037, 8122, 8125, 8130, 8146, 8161, 8201, 8246, 8310, 8313, 8322, 8334, 8410, 8420, 8447, 8456, 8500, 8548, 8592, 8651, 8791, 8795, 8808, 8836, 8846, 8853, 8858, 8864, 8922, 8925, 8934, 8944, 8949, 8982, 9009, 9018, 9024, 9028, 9105, 9164, 9166, 9201]","[3164, 3466, 4176, 4694, 5795, 6282]","[26, 120, 163, 166, 168, 240, 253, 322, 332, 357, 368, 390, 421, 434, 443, 454, 518, 662, 677, 697, 714, 779, 783, 806, 864, 869, 916, 952, 971, 1021, 1062, 1065, 1267, 1289, 1293, 1297, 1335, 1337, 1341, 1361, 1376, 1390, 1468, 1480, 1492, 1497, 1505, 1534, 1536, 1564, 1577, 1603, 1670, 1700, 1722, 1729, 1754, 1787, 1820, 1827, 1837, 1863, 1898, 1900, 1902, 1906, 1920, 1923, 1927, 1984, 2081, 2116, 2155, 2172, 2200, 2216, 2238, 2255, 2263, 2304, 2346, 2376, 2449, 2482, 2485, 2487, 2548, 2657, 2667, 2704, 2729, 2784, 2806, 2884, 2897, 2912, 2924, 2931, 2968, 3009, 3038, 3103, 3119, 3129, 3225, 3293, 3295, 3415, 3452, 3574, 3591, 3633, 3684, 3686, 3702, 3712, 3753, 3758, 3812, 3837, 3874, 3900, 3902, 3915, 3944, 3954, 3987, 4001, 4039, 4046, 4048, 4059, 4138, 4202, 4204, 4232, 4246, 4261, 4384, 4446, 4449, 4457, 4459, 4532, 4544, 4587, 4589, 4591, 4602, 4675, 4682, 4699, 4713, 4720, 4726, 4771, 4802, 4810, 4827, 4890, 4915, 4953, 4956, 5035, 5081, 5083, 5098, 5120, 5131, 5144, 5153, 5155, 5157, 5170, 5186, 5237, 5297, 5308, 5327, 5332, 5338, 5371, 5374, 5396, 5401, 5414, 5450, 5600, 5621, 5684, 5705, 5711, 5737, 5786, 5818, 5841, 5874, 5910, 5946, 6042, 6141, 6152, 6174, 6226, 6242, 6246, 6296, 6338, 6406, 6423, 6425, 6496, 6503, 6549, 6570, 6575, 6589, 6624, 6654, 6666, 6679, 6712, 6715, 6740, 6749, 6790, 6805, 6832, 6857, 6861, 6928, 6955, 6975, 6979, 6991, 7009, 7022, 7044, 7046, 7048, 7064, 7076, 7079, 7102, 7134, 7148, 7152, 7178, 7194, 7234, 7242, 7268, 7275, 7284, 7341, 7355, 7360, 7362, 7444, 7463, 7469, 7504, 7513, 7544, 7603, 7685, 7691, 7768, 7770, 7792, 7799, 7821, 7871, 7915, 7939, 7941, 8014, 8037, 8122, 8125, 8130, 8146, 8161, 8201, 8246, 8310, 8313, 8322, 8334, 8410, 8420, 8447, 8456, 8500, 8548, 8592, 8651, 8791, 8795, 8808, 8836, 8846, 8853, 8858, 8864, 8922, 8925, 8934, 8944, 8949, 8982, 9009, 9018, 9024, 9028, 9105, 9164, 9166, 9201]","[3164, 3466, 4176, 4694, 5795, 6282]",9198,325,8873,6,319,8873,0
-1.5,CHKRPL30,"[67, 103, 114, 116, 118, 123, 162, 234, 268, 315, 334, 368, 384, 527, 531, 545, 571, 594, 612, 657, 664, 666, 671, 675, 714, 749, 783, 801, 805, 820, 822, 832, 875, 878, 916, 989, 1013, 1058, 1075, 1099, 1137, 1148, 1151, 1167, 1212, 1219, 1243, 1245, 1266, 1285, 1302, 1305, 1326, 1333, 1335, 1357, 1373, 1382, 1397, 1431, 1446, 1458, 1466, 1471, 1475, 1487, 1497, 1504, 1525, 1530, 1541, 1552, 1574, 1580, 1638, 1641, 1684, 1694, 1696, 1765, 1778, 1786, 1836, 1840, 1872, 1882, 1918, 1925, 1940, 1947, 1957, 1967, 1974, 1980, 1990, 1995, 2021, 2023, 2038, 2046, 2054, 2113, 2130, 2142, 2158, 2162, 2185, 2209, 2215, 2218, 2245, 2250, 2272, 2285, 2307, 2353, 2393, 2403, 2410, 2530, 2541, 2543, 2571, 2576, 2588, 2592, 2663, 2678, 2708, 2725, 2727, 2753, 2787, 2797, 2800, 2816, 2820, 2826, 2837, 2842, 2850, 2855, 2883, 2891, 2915, 2990, 3024, 3052, 3067, 3111, 3115, 3124, 3132, 3188, 3275, 3321, 3370, 3374, 3385, 3403, 3416, 3437, 3439, 3442, 3478, 3523, 3552, 3573, 3604, 3633, 3712, 3757, 3766, 3774, 3782, 3799, 3838, 3845, 3854, 3860, 3863, 3883]","[801, 1872, 2753]","[67, 103, 114, 116, 118, 123, 162, 234, 268, 315, 334, 368, 384, 527, 531, 545, 571, 594, 612, 657, 664, 666, 671, 675, 714, 749, 783, 805, 820, 822, 832, 875, 878, 916, 989, 1013, 1058, 1075, 1099, 1137, 1148, 1151, 1167, 1212, 1219, 1243, 1245, 1266, 1285, 1302, 1305, 1326, 1333, 1335, 1357, 1373, 1382, 1397, 1431, 1446, 1458, 1466, 1471, 1475, 1487, 1497, 1504, 1525, 1530, 1541, 1552, 1574, 1580, 1638, 1641, 1684, 1694, 1696, 1765, 1778, 1786, 1836, 1840, 1882, 1918, 1925, 1940, 1947, 1957, 1967, 1974, 1980, 1990, 1995, 2021, 2023, 2038, 2046, 2054, 2113, 2130, 2142, 2158, 2162, 2185, 2209, 2215, 2218, 2245, 2250, 2272, 2285, 2307, 2353, 2393, 2403, 2410, 2530, 2541, 2543, 2571, 2576, 2588, 2592, 2663, 2678, 2708, 2725, 2727, 2787, 2797, 2800, 2816, 2820, 2826, 2837, 2842, 2850, 2855, 2883, 2891, 2915, 2990, 3024, 3052, 3067, 3111, 3115, 3124, 3132, 3188, 3275, 3321, 3370, 3374, 3385, 3403, 3416, 3437, 3439, 3442, 3478, 3523, 3552, 3573, 3604, 3633, 3712, 3757, 3766, 3774, 3782, 3799, 3838, 3845, 3854, 3860, 3863, 3883]","[801, 1872, 2753]",3884,182,3702,3,179,3702,0
-1.5,CHKRPL37A,"[6, 16, 31, 36, 38, 57, 78, 81, 88, 103, 177, 183, 196, 201, 253, 255, 266, 324, 366, 368, 370, 440, 452, 476, 486, 516, 522, 542, 547, 554, 556, 589, 691, 695, 705, 798, 860, 915, 946, 948, 962, 996, 1021, 1035, 1067, 1071, 1075, 1085, 1094, 1116, 1123, 1141, 1144, 1177, 1179, 1199, 1201, 1265, 1274, 1278, 1293, 1319, 1351, 1376, 1419, 1423, 1428, 1435, 1440, 1508, 1514, 1527, 1540, 1545, 1558, 1566, 1600, 1605, 1618, 1663, 1678, 1774, 1791, 1795, 1797, 1884, 1946, 1950, 1982, 1987, 1991, 2025, 2038, 2079, 2099, 2125, 2139, 2182, 2202, 2226, 2255, 2261, 2264, 2324, 2328, 2340, 2367, 2370, 2386, 2409, 2498, 2512, 2540, 2575, 2621, 2627, 2639, 2641, 2657, 2685, 2714, 2739, 2763, 2821, 2838, 2854, 2858, 2905, 2911, 2980, 3052, 3065, 3075, 3083, 3117, 3146, 3169, 3179, 3185, 3204, 3231, 3245, 3251, 3292, 3347, 3357, 3376, 3381, 3386, 3391, 3396, 3403, 3414, 3419, 3462]","[798, 1376, 2386]","[6, 16, 31, 36, 38, 57, 78, 81, 88, 103, 177, 183, 196, 201, 253, 255, 266, 324, 366, 368, 370, 440, 452, 476, 486, 516, 522, 542, 547, 554, 556, 589, 691, 695, 705, 860, 915, 946, 948, 962, 996, 1021, 1035, 1067, 1071, 1075, 1085, 1094, 1116, 1123, 1141, 1144, 1177, 1179, 1199, 1201, 1265, 1274, 1278, 1293, 1319, 1351, 1419, 1423, 1428, 1435, 1440, 1508, 1514, 1527, 1540, 1545, 1558, 1566, 1600, 1605, 1618, 1663, 1678, 1774, 1791, 1795, 1797, 1884, 1946, 1950, 1982, 1987, 1991, 2025, 2038, 2079, 2099, 2125, 2139, 2182, 2202, 2226, 2255, 2261, 2264, 2324, 2328, 2340, 2367, 2370, 2409, 2498, 2512, 2540, 2575, 2621, 2627, 2639, 2641, 2657, 2685, 2714, 2739, 2763, 2821, 2838, 2854, 2858, 2905, 2911, 2980, 3052, 3065, 3075, 3083, 3117, 3146, 3169, 3179, 3185, 3204, 3231, 3245, 3251, 3292, 3347, 3357, 3376, 3381, 3386, 3391, 3396, 3403, 3414, 3419, 3462]","[798, 1376, 2386]",3465,155,3310,3,152,3310,0
-1.5,CHKRPL5G,"[13, 30, 96, 99, 128, 153, 206, 221, 300, 309, 340, 355, 405, 446, 483, 498, 502, 512, 611, 632, 658, 705, 715, 785, 814, 830, 875, 948, 971, 980, 995, 1013, 1022, 1030, 1036, 1067, 1090, 1094, 1106, 1152, 1167, 1173, 1211, 1225, 1227, 1239, 1273, 1312, 1319, 1323, 1351, 1355, 1397, 1419, 1498, 1540, 1546, 1551, 1571, 1586, 1599, 1603, 1632, 1637, 1641, 1644, 1646, 1661, 1708, 1775, 1790, 1830, 1849, 1855, 1865, 1937, 1981, 1983, 1990, 2004, 2017, 2044, 2061, 2063, 2105, 2121, 2138, 2145, 2148, 2180, 2196, 2291, 2301, 2308, 2388, 2390, 2397, 2402, 2414, 2428, 2451, 2473, 2481, 2495, 2542, 2560, 2568, 2578, 2618, 2683, 2701, 2710, 2725, 2747, 2757, 2760, 2901, 2924, 2934, 2940, 2949, 2952, 2974, 2989, 3017, 3055, 3059, 3092, 3094, 3100, 3126, 3131, 3137, 3144, 3157, 3161, 3175, 3183, 3237, 3243, 3246, 3264, 3274, 3288, 3300, 3327, 3345, 3406, 3419, 3433, 3442, 3467, 3500, 3508, 3525, 3552, 3573, 3598, 3607, 3609, 3618, 3637, 3674, 3715, 3768, 3794, 3800, 3821, 3828, 3830, 3846, 3858, 3873, 3909, 3921, 3926, 3933, 3936, 3955, 4002, 4004, 4006, 4023, 4062, 4068, 4077, 4083, 4127, 4159, 4166, 4233, 4239, 4259, 4269, 4305, 4309, 4327, 4331, 4341, 4349, 4374, 4398, 4405, 4440, 4446, 4452, 4461, 4475, 4508, 4535, 4559, 4572, 4608, 4620, 4629, 4638, 4648, 4658, 4703, 4719, 4732, 4735, 4746, 4750, 4766, 4917, 4940, 4942, 4986, 4995, 5004, 5039, 5069, 5134, 5165, 5187, 5191, 5195, 5212, 5219, 5229, 5251, 5259, 5264, 5319, 5334, 5338, 5458, 5499, 5544, 5562, 5566, 5636, 5652, 5656, 5676, 5704, 5718, 5743, 5750, 5755, 5812, 5824, 5837, 5852, 5862, 5958, 5980, 6060, 6064, 6074, 6088, 6107, 6109, 6114, 6124, 6177, 6179, 6186, 6194, 6233, 6238, 6248, 6253, 6262, 6265, 6288, 6294, 6356, 6399, 6420, 6478, 6488, 6510, 6514, 6541, 6574, 6582, 6620, 6639, 6652, 6690, 6697, 6702, 6721, 6747, 6785, 6819, 6883, 6897, 6909, 6952, 6975, 7000, 7022, 7030, 7049, 7081, 7112, 7152, 7156, 7221, 7223, 7227, 7292, 7339, 7369, 7382, 7385, 7426, 7471, 7508, 7515, 7548, 7590, 7602, 7644, 7673, 7675, 7787, 7854, 7856, 7864, 7964, 7986, 7992, 8003, 8058, 8062, 8072, 8075, 8080, 8083, 8093, 8098, 8189, 8207, 8232, 8254, 8292]","[498, 1419, 1632, 3157, 3955, 5165, 6897]","[13, 30, 96, 99, 128, 153, 206, 221, 300, 309, 340, 355, 405, 446, 483, 502, 512, 611, 632, 658, 705, 715, 785, 814, 830, 875, 948, 971, 980, 995, 1013, 1022, 1030, 1036, 1067, 1090, 1094, 1106, 1152, 1167, 1173, 1211, 1225, 1227, 1239, 1273, 1312, 1319, 1323, 1351, 1355, 1397, 1498, 1540, 1546, 1551, 1571, 1586, 1599, 1603, 1637, 1641, 1644, 1646, 1661, 1708, 1775, 1790, 1830, 1849, 1855, 1865, 1937, 1981, 1983, 1990, 2004, 2017, 2044, 2061, 2063, 2105, 2121, 2138, 2145, 2148, 2180, 2196, 2291, 2301, 2308, 2388, 2390, 2397, 2402, 2414, 2428, 2451, 2473, 2481, 2495, 2542, 2560, 2568, 2578, 2618, 2683, 2701, 2710, 2725, 2747, 2757, 2760, 2901, 2924, 2934, 2940, 2949, 2952, 2974, 2989, 3017, 3055, 3059, 3092, 3094, 3100, 3126, 3131, 3137, 3144, 3161, 3175, 3183, 3237, 3243, 3246, 3264, 3274, 3288, 3300, 3327, 3345, 3406, 3419, 3433, 3442, 3467, 3500, 3508, 3525, 3552, 3573, 3598, 3607, 3609, 3618, 3637, 3674, 3715, 3768, 3794, 3800, 3821, 3828, 3830, 3846, 3858, 3873, 3909, 3921, 3926, 3933, 3936, 4002, 4004, 4006, 4023, 4062, 4068, 4077, 4083, 4127, 4159, 4166, 4233, 4239, 4259, 4269, 4305, 4309, 4327, 4331, 4341, 4349, 4374, 4398, 4405, 4440, 4446, 4452, 4461, 4475, 4508, 4535, 4559, 4572, 4608, 4620, 4629, 4638, 4648, 4658, 4703, 4719, 4732, 4735, 4746, 4750, 4766, 4917, 4940, 4942, 4986, 4995, 5004, 5039, 5069, 5134, 5187, 5191, 5195, 5212, 5219, 5229, 5251, 5259, 5264, 5319, 5334, 5338, 5458, 5499, 5544, 5562, 5566, 5636, 5652, 5656, 5676, 5704, 5718, 5743, 5750, 5755, 5812, 5824, 5837, 5852, 5862, 5958, 5980, 6060, 6064, 6074, 6088, 6107, 6109, 6114, 6124, 6177, 6179, 6186, 6194, 6233, 6238, 6248, 6253, 6262, 6265, 6288, 6294, 6356, 6399, 6420, 6478, 6488, 6510, 6514, 6541, 6574, 6582, 6620, 6639, 6652, 6690, 6697, 6702, 6721, 6747, 6785, 6819, 6883, 6909, 6952, 6975, 7000, 7022, 7030, 7049, 7081, 7112, 7152, 7156, 7221, 7223, 7227, 7292, 7339, 7369, 7382, 7385, 7426, 7471, 7508, 7515, 7548, 7590, 7602, 7644, 7673, 7675, 7787, 7854, 7856, 7864, 7964, 7986, 7992, 8003, 8058, 8062, 8072, 8075, 8080, 8083, 8093, 8098, 8189, 8207, 8232, 8254, 8292]","[498, 1419, 1632, 3157, 3955, 5165, 6897]",8313,360,7953,7,353,7953,0
-1.5,CHKTUB4B,"[16, 31, 33, 37, 65, 70, 75, 104, 114, 188, 223, 243, 248, 264, 323, 340, 367, 437, 561, 678, 681, 699, 706, 708, 748, 753, 762, 779, 811, 849, 891, 925, 949, 1005, 1034, 1070, 1073, 1082, 1126, 1150, 1154, 1168, 1171, 1177, 1179, 1188, 1199, 1205, 1207, 1268, 1280, 1294, 1300, 1353, 1382, 1400, 1405, 1415, 1420, 1423, 1469, 1473, 1491, 1521, 1531, 1573, 1577, 1634, 1637, 1668, 1693, 1695, 1710, 1769, 1778, 1787, 1790, 1801, 1803, 1851, 1895, 1906, 1937, 1940, 1955, 1957, 1967, 1970, 2009, 2053, 2080, 2117, 2133, 2136, 2195, 2204, 2217, 2259, 2272, 2311, 2369, 2408, 2422, 2456, 2461, 2477, 2483, 2489, 2491, 2596, 2623, 2687, 2689, 2695, 2704, 2740, 2761, 2779, 2829, 2831, 2852, 2871, 2918, 2963, 2968, 2984, 2998, 3020, 3023, 3110, 3114, 3124, 3136]","[437, 949, 1573]","[16, 31, 33, 37, 65, 70, 75, 104, 114, 188, 223, 243, 248, 264, 323, 340, 367, 561, 678, 681, 699, 706, 708, 748, 753, 762, 779, 811, 849, 891, 925, 1005, 1034, 1070, 1073, 1082, 1126, 1150, 1154, 1168, 1171, 1177, 1179, 1188, 1199, 1205, 1207, 1268, 1280, 1294, 1300, 1353, 1382, 1400, 1405, 1415, 1420, 1423, 1469, 1473, 1491, 1521, 1531, 1577, 1634, 1637, 1668, 1693, 1695, 1710, 1769, 1778, 1787, 1790, 1801, 1803, 1851, 1895, 1906, 1937, 1940, 1955, 1957, 1967, 1970, 2009, 2053, 2080, 2117, 2133, 2136, 2195, 2204, 2217, 2259, 2272, 2311, 2369, 2408, 2422, 2456, 2461, 2477, 2483, 2489, 2491, 2596, 2623, 2687, 2689, 2695, 2704, 2740, 2761, 2779, 2829, 2831, 2852, 2871, 2918, 2963, 2968, 2984, 2998, 3020, 3023, 3110, 3114, 3124, 3136]","[437, 949, 1573]",3145,133,3012,3,130,3012,0
-1.5,CHKY,"[25, 72, 78, 81, 85, 143, 186, 203, 214, 233, 265, 270, 277, 313, 319, 323, 340, 356, 427, 447, 514, 558, 571, 578, 641, 691, 695, 731, 741, 773, 788, 794, 798, 805, 835, 863, 887, 891, 951, 999, 1007, 1019, 1045, 1051, 1088, 1112, 1467, 1489, 1495, 1530, 1560, 1609, 1616, 1632, 1650, 1664, 1680, 1752, 1769, 1844, 1873, 1879, 1881, 1885, 1892, 1915, 1937, 2046, 2091, 2096, 2126, 2128, 2197, 2253, 2259, 2262, 2277, 2301, 2336, 2387, 2427, 2530, 2580, 2622, 2627, 2674, 2692, 2725, 2730, 2758, 2794, 2799, 2825, 2858, 2869, 2888, 2891, 2895, 2926, 2931, 2954, 2994, 3029, 3038, 3043, 3056, 3068, 3082, 3109, 3192, 3200, 3218, 3255, 3347, 3354, 3356, 3364, 3370, 3450, 3504, 3521, 3558, 3577, 3603, 3620, 3622, 3627, 3634, 3667, 3740, 3779, 3811, 3864, 3929, 3953, 3963, 4022, 4077, 4079, 4106, 4148, 4199, 4207, 4253, 4289, 4296, 4299, 4328, 4345, 4349, 4394, 4402, 4431, 4435, 4439, 4462, 4466, 4488, 4518, 4553, 4555, 4683, 4693, 4695, 4709, 4750, 4770, 4802, 4835, 4881, 4957, 4965, 5049, 5056, 5082, 5163, 5186, 5213, 5237, 5242, 5258, 5274, 5282, 5338, 5355, 5360, 5403, 5418, 5420, 5504, 5543, 5569, 5629, 5648, 5655, 5689, 5723, 5832, 5889, 5911, 5922, 6012, 6053, 6108, 6119, 6121, 6141, 6209, 6213, 6231, 6249, 6289, 6342, 6347, 6374, 6383, 6393, 6407, 6453, 6455, 6473, 6493, 6513, 6517, 6541, 6611, 6635, 6663, 6721, 6763, 6815, 6896, 6953, 6963, 7009, 7054, 7057, 7068, 7072, 7160, 7168, 7200, 7202, 7314, 7350, 7362, 7390, 7430, 7507, 7517, 7585, 7588, 7593, 7625, 7669, 7734, 7736, 7751, 7780, 7826, 7831, 7846, 7878, 7880, 7882, 7884, 7915, 8063, 8084, 8091, 8196, 8203, 8215, 8221, 8232, 8274, 8291, 8297, 8326, 8330, 8349, 8361]","[3603, 4199, 4683, 5648, 6012, 6249]","[25, 72, 78, 81, 85, 143, 186, 203, 214, 233, 265, 270, 277, 313, 319, 323, 340, 356, 427, 447, 514, 558, 571, 578, 641, 691, 695, 731, 741, 773, 788, 794, 798, 805, 835, 863, 887, 891, 951, 999, 1007, 1019, 1045, 1051, 1088, 1112, 1467, 1489, 1495, 1530, 1560, 1609, 1616, 1632, 1650, 1664, 1680, 1752, 1769, 1844, 1873, 1879, 1881, 1885, 1892, 1915, 1937, 2046, 2091, 2096, 2126, 2128, 2197, 2253, 2259, 2262, 2277, 2301, 2336, 2387, 2427, 2530, 2580, 2622, 2627, 2674, 2692, 2725, 2730, 2758, 2794, 2799, 2825, 2858, 2869, 2888, 2891, 2895, 2926, 2931, 2954, 2994, 3029, 3038, 3043, 3056, 3068, 3082, 3109, 3192, 3200, 3218, 3255, 3347, 3354, 3356, 3364, 3370, 3450, 3504, 3521, 3558, 3577, 3620, 3622, 3627, 3634, 3667, 3740, 3779, 3811, 3864, 3929, 3953, 3963, 4022, 4077, 4079, 4106, 4148, 4207, 4253, 4289, 4296, 4299, 4328, 4345, 4349, 4394, 4402, 4431, 4435, 4439, 4462, 4466, 4488, 4518, 4553, 4555, 4693, 4695, 4709, 4750, 4770, 4802, 4835, 4881, 4957, 4965, 5049, 5056, 5082, 5163, 5186, 5213, 5237, 5242, 5258, 5274, 5282, 5338, 5355, 5360, 5403, 5418, 5420, 5504, 5543, 5569, 5629, 5655, 5689, 5723, 5832, 5889, 5911, 5922, 6053, 6108, 6119, 6121, 6141, 6209, 6213, 6231, 6289, 6342, 6347, 6374, 6383, 6393, 6407, 6453, 6455, 6473, 6493, 6513, 6517, 6541, 6611, 6635, 6663, 6721, 6763, 6815, 6896, 6953, 6963, 7009, 7054, 7057, 7068, 7072, 7160, 7168, 7200, 7202, 7314, 7350, 7362, 7390, 7430, 7507, 7517, 7585, 7588, 7593, 7625, 7669, 7734, 7736, 7751, 7780, 7826, 7831, 7846, 7878, 7880, 7882, 7884, 7915, 8063, 8084, 8091, 8196, 8203, 8215, 8221, 8232, 8274, 8291, 8297, 8326, 8330, 8349, 8361]","[3603, 4199, 4683, 5648, 6012, 6249]",8364,282,8082,6,276,8082,0
-1.5,CHPPHYGEN,"[22, 83, 118, 120, 127, 143, 150, 188, 191, 213, 261, 300, 370, 375, 421, 434, 481, 543, 555, 585, 598, 605, 607, 609, 611, 613, 615, 617, 619, 621, 623, 625, 627, 629, 631, 637, 639, 676, 683, 718, 725, 810, 821, 825, 868, 913, 919, 964, 988, 997, 1004, 1121, 1189, 1193, 1199, 1217, 1221, 1232, 1256, 1263, 1267, 1309, 1328, 1334, 1341, 1357, 1403, 1424, 1429, 1498, 1517, 1523, 1599, 1617, 1623, 1625, 1649, 1664, 1678, 1736, 1762, 1772, 1802, 1818, 1830, 1861, 1873, 1875, 1880, 1902, 1918, 1920, 1931, 1983, 2019, 2025, 2098, 2118, 2126, 2214, 2225, 2232, 2284, 2308, 2350, 2387, 2394, 2421, 2446, 2485, 2499, 2548, 2561, 2566, 2579, 2586, 2647, 2791, 2848, 2867, 2897, 2913, 3020, 3026, 3035, 3054, 3060, 3062, 3370, 3385, 3387, 3409, 3434, 3436, 3438, 3516, 3533, 3575, 3641, 3669, 3672, 3690, 3692, 3743, 3764, 3774, 3786, 3809, 3839, 3842, 3899, 3909, 3925, 3975, 3982, 4044, 4096, 4125, 4236, 4284, 4294, 4319, 4380, 4387, 4471, 4478, 4511, 4551, 4561, 4567, 4599, 4609, 4642, 4661, 4694, 4729, 4752, 4810, 4831, 4898, 4910, 4924, 4945, 5006, 5041, 5043, 5066, 5073, 5111, 5114, 5136, 5181, 5220, 5286, 5291, 5337, 5350, 5459, 5471, 5501, 5514, 5521, 5525, 5529, 5531, 5533, 5535, 5537, 5539, 5541, 5543, 5545, 5547, 5551, 5557, 5559, 5596, 5603, 5638, 5645, 5730, 5741, 5745, 5788, 5833, 5839, 5884, 5908, 5917, 5924, 6095, 6111, 6115, 6121, 6137, 6143, 6150, 6152, 6154, 6186, 6213, 6225, 6244, 6250, 6257, 6259, 6273, 6340, 6345, 6379, 6391, 6409, 6434, 6439, 6444, 6446, 6510, 6526, 6550, 6552, 6562, 6592, 6609, 6621, 6623, 6652, 6666, 6671, 6693, 6706, 6709, 6722, 6761, 6766, 6773, 6791, 6810, 6826, 6883, 6903, 6911, 7000, 7011, 7018, 7056, 7072, 7111, 7138, 7172, 7179, 7206, 7239, 7281, 7354, 7372, 7379, 7492, 7503, 7600, 7655, 7670, 7697, 7738, 7809, 7815, 7830, 7843, 7849, 7851, 7859, 7884, 7929, 7966, 7989, 8004, 8006, 8073, 8091, 8115, 8148, 8202, 8301, 8306, 8325, 8328, 8354, 8399, 8403, 8411, 8430, 8457, 8472, 8546, 8609, 8640, 8717, 8727, 8742, 8746, 8757, 8763, 8770, 8788, 8823, 8841, 8845, 8862, 8927, 8965, 8987, 9041, 9056, 9089, 9122, 9137, 9220, 9244, 9263, 9295, 9306, 9349, 9355, 9357, 9384, 9395, 9402, 9420, 9432, 9442, 9446, 9483, 9516, 9631, 9639, 9699, 9732, 9765, 9810, 9832, 9851, 9854, 9867, 9894, 9910, 9942, 9988, 9995, 10001, 10041, 10066, 10087, 10103, 10162, 10175, 10184, 10218, 10262, 10313, 10335, 10352, 10364, 10416, 10422, 10427, 10450, 10621, 10676, 10726, 10758, 10761, 10802, 10812, 10818, 10833, 10849, 10853, 10873, 10890, 10928, 10949, 10977, 11000, 11035, 11058, 11079, 11146, 11158, 11172, 11193, 11197, 11204, 11250, 11272, 11300, 11325, 11348, 11466, 11498, 11552, 11577, 11580, 11626, 11636, 11645, 11668, 11681, 11685, 11689, 11693, 11697, 11739, 11802, 11808, 11811, 11815, 11828, 11903, 11924, 11936, 11990, 12038, 12106, 12122, 12125, 12134, 12170, 12174, 12237, 12253, 12327, 12401, 12473, 12482, 12487, 12550, 12560, 12575, 12586, 12590, 12593, 12595, 12597, 12603, 12607, 12631, 12647, 12674, 12719, 12787, 12816, 12843, 12863, 12897, 12943, 12968, 13037, 13061, 13064, 13103, 13228, 13238, 13318, 13375, 13397, 13416, 13458, 13463, 13479, 13493, 13531, 13548, 13561, 13567, 13593, 13605, 13634, 13689]","[4599, 4945]","[22, 83, 118, 120, 127, 143, 150, 188, 191, 213, 261, 300, 370, 375, 421, 434, 481, 543, 555, 585, 598, 605, 607, 609, 611, 613, 615, 617, 619, 621, 623, 625, 627, 629, 631, 637, 639, 676, 683, 718, 725, 810, 821, 825, 868, 913, 919, 964, 988, 997, 1004, 1121, 1189, 1193, 1199, 1217, 1221, 1232, 1256, 1263, 1267, 1309, 1328, 1334, 1341, 1357, 1403, 1424, 1429, 1498, 1517, 1523, 1599, 1617, 1623, 1625, 1649, 1664, 1678, 1736, 1762, 1772, 1802, 1818, 1830, 1861, 1873, 1875, 1880, 1902, 1918, 1920, 1931, 1983, 2019, 2025, 2098, 2118, 2126, 2214, 2225, 2232, 2284, 2308, 2350, 2387, 2394, 2421, 2446, 2485, 2499, 2548, 2561, 2566, 2579, 2586, 2647, 2791, 2848, 2867, 2897, 2913, 3020, 3026, 3035, 3054, 3060, 3062, 3370, 3385, 3387, 3409, 3434, 3436, 3438, 3516, 3533, 3575, 3641, 3669, 3672, 3690, 3692, 3743, 3764, 3774, 3786, 3809, 3839, 3842, 3899, 3909, 3925, 3975, 3982, 4044, 4096, 4125, 4236, 4284, 4294, 4319, 4380, 4387, 4471, 4478, 4511, 4551, 4561, 4567, 4609, 4642, 4661, 4694, 4729, 4752, 4810, 4831, 4898, 4910, 4924, 5006, 5041, 5043, 5066, 5073, 5111, 5114, 5136, 5181, 5220, 5286, 5291, 5337, 5350, 5459, 5471, 5501, 5514, 5521, 5525, 5529, 5531, 5533, 5535, 5537, 5539, 5541, 5543, 5545, 5547, 5551, 5557, 5559, 5596, 5603, 5638, 5645, 5730, 5741, 5745, 5788, 5833, 5839, 5884, 5908, 5917, 5924, 6095, 6111, 6115, 6121, 6137, 6143, 6150, 6152, 6154, 6186, 6213, 6225, 6244, 6250, 6257, 6259, 6273, 6340, 6345, 6379, 6391, 6409, 6434, 6439, 6444, 6446, 6510, 6526, 6550, 6552, 6562, 6592, 6609, 6621, 6623, 6652, 6666, 6671, 6693, 6706, 6709, 6722, 6761, 6766, 6773, 6791, 6810, 6826, 6883, 6903, 6911, 7000, 7011, 7018, 7056, 7072, 7111, 7138, 7172, 7179, 7206, 7239, 7281, 7354, 7372, 7379, 7492, 7503, 7600, 7655, 7670, 7697, 7738, 7809, 7815, 7830, 7843, 7849, 7851, 7859, 7884, 7929, 7966, 7989, 8004, 8006, 8073, 8091, 8115, 8148, 8202, 8301, 8306, 8325, 8328, 8354, 8399, 8403, 8411, 8430, 8457, 8472, 8546, 8609, 8640, 8717, 8727, 8742, 8746, 8757, 8763, 8770, 8788, 8823, 8841, 8845, 8862, 8927, 8965, 8987, 9041, 9056, 9089, 9122, 9137, 9220, 9244, 9263, 9295, 9306, 9349, 9355, 9357, 9384, 9395, 9402, 9420, 9432, 9442, 9446, 9483, 9516, 9631, 9639, 9699, 9732, 9765, 9810, 9832, 9851, 9854, 9867, 9894, 9910, 9942, 9988, 9995, 10001, 10041, 10066, 10087, 10103, 10162, 10175, 10184, 10218, 10262, 10313, 10335, 10352, 10364, 10416, 10422, 10427, 10450, 10621, 10676, 10726, 10758, 10761, 10802, 10812, 10818, 10833, 10849, 10853, 10873, 10890, 10928, 10949, 10977, 11000, 11035, 11058, 11079, 11146, 11158, 11172, 11193, 11197, 11204, 11250, 11272, 11300, 11325, 11348, 11466, 11498, 11552, 11577, 11580, 11626, 11636, 11645, 11668, 11681, 11685, 11689, 11693, 11697, 11739, 11802, 11808, 11811, 11815, 11828, 11903, 11924, 11936, 11990, 12038, 12106, 12122, 12125, 12134, 12170, 12174, 12237, 12253, 12327, 12401, 12473, 12482, 12487, 12550, 12560, 12575, 12586, 12590, 12593, 12595, 12597, 12603, 12607, 12631, 12647, 12674, 12719, 12787, 12816, 12843, 12863, 12897, 12943, 12968, 13037, 13061, 13064, 13103, 13228, 13238, 13318, 13375, 13397, 13416, 13458, 13463, 13479, 13493, 13531, 13548, 13561, 13567, 13593, 13605, 13634, 13689]","[4599, 4945]",13689,517,13172,2,515,13172,0
-1.5,CHPPROTP1A,"[6, 9, 58, 69, 111, 159, 163, 179, 240, 251, 266, 280]",[159],"[6, 9, 58, 69, 111, 163, 179, 240, 251, 266, 280]",[159],397,12,385,1,11,385,0
-1.5,CHPPROTP1B,"[4, 7, 56, 67, 112, 160, 164, 180, 241, 252, 267, 281]",[160],"[4, 7, 56, 67, 112, 164, 180, 241, 252, 267, 281]",[160],396,12,384,1,11,384,0
-1.5,CHWEGLOBIM,"[21, 55, 148, 189, 205, 221, 237, 271, 290, 316, 334, 453, 474, 541, 553, 567, 588, 604, 694, 726, 761, 767, 829, 848, 861, 869, 897, 941, 945, 960, 974, 1050, 1055, 1063, 1069, 1079, 1085, 1121, 1158, 1175, 1193, 1199, 1209, 1222, 1271, 1293, 1306, 1319, 1323, 1417, 1422, 1428, 1473, 1497, 1499, 1506, 1529, 1550, 1558, 1566, 1652, 1687]","[237, 588]","[21, 55, 148, 189, 205, 221, 271, 290, 316, 334, 453, 474, 541, 553, 567, 604, 694, 726, 761, 767, 829, 848, 861, 869, 897, 941, 945, 960, 974, 1050, 1055, 1063, 1069, 1079, 1085, 1121, 1158, 1175, 1193, 1199, 1209, 1222, 1271, 1293, 1306, 1319, 1323, 1417, 1422, 1428, 1473, 1497, 1499, 1506, 1529, 1550, 1558, 1566, 1652, 1687]","[237, 588]",1701,62,1639,2,60,1639,0
-1.5,CIGH,"[79, 185, 194, 285, 290, 315, 317, 331, 346, 428, 452, 457, 467, 506, 565, 598, 605, 642, 676, 681, 711, 713, 732, 817, 876, 880, 1046, 1117, 1150, 1200, 1249, 1281, 1365, 1382, 1395, 1401, 1438, 1490, 1513, 1520, 1556, 1564, 1568, 1571, 1577, 1581, 1585, 1589, 1691, 1737, 1775, 1900, 1918, 1937, 1981, 2011, 2029, 2033, 2062, 2130, 2134, 2200, 2280, 2360, 2363, 2368, 2385, 2452, 2514, 2517, 2536, 2593, 2634, 2636, 2705, 2812, 2820, 2865, 2877, 2889, 2937, 2947, 2960, 2962, 3025, 3041, 3050, 3178, 3196, 3237, 3252, 3271, 3340, 3360, 3379, 3422, 3445, 3451, 3490, 3493, 3527, 3550, 3595, 3628, 3630, 3638, 3648, 3652, 3702, 3704, 3741, 3743, 3750, 3759, 3782, 3797]","[1281, 1691, 2280, 2889]","[79, 185, 194, 285, 290, 315, 317, 331, 346, 428, 452, 457, 467, 506, 565, 598, 605, 642, 676, 681, 711, 713, 732, 817, 876, 880, 1046, 1117, 1150, 1200, 1249, 1365, 1382, 1395, 1401, 1438, 1490, 1513, 1520, 1556, 1564, 1568, 1571, 1577, 1581, 1585, 1589, 1737, 1775, 1900, 1918, 1937, 1981, 2011, 2029, 2033, 2062, 2130, 2134, 2200, 2360, 2363, 2368, 2385, 2452, 2514, 2517, 2536, 2593, 2634, 2636, 2705, 2812, 2820, 2865, 2877, 2937, 2947, 2960, 2962, 3025, 3041, 3050, 3178, 3196, 3237, 3252, 3271, 3340, 3360, 3379, 3422, 3445, 3451, 3490, 3493, 3527, 3550, 3595, 3628, 3630, 3638, 3648, 3652, 3702, 3704, 3741, 3743, 3750, 3759, 3782, 3797]","[1281, 1691, 2280, 2889]",3967,116,3851,4,112,3851,0
-1.5,CITEGLOBIM,"[21, 54, 147, 188, 204, 220, 236, 270, 289, 315, 333, 345, 350, 374, 452, 473, 540, 552, 559, 566, 587, 603, 608, 692, 759, 765, 827, 859, 867, 890, 894, 934, 938, 953, 967, 1043, 1048, 1056, 1062, 1072, 1151, 1168, 1186, 1192, 1198, 1202, 1216, 1266, 1287, 1294, 1300, 1313, 1317, 1344, 1407, 1412, 1418, 1463, 1487, 1489, 1496, 1519, 1540, 1548, 1556, 1628, 1642, 1677, 1687]","[236, 587]","[21, 54, 147, 188, 204, 220, 270, 289, 315, 333, 345, 350, 374, 452, 473, 540, 552, 559, 566, 603, 608, 692, 759, 765, 827, 859, 867, 890, 894, 934, 938, 953, 967, 1043, 1048, 1056, 1062, 1072, 1151, 1168, 1186, 1192, 1198, 1202, 1216, 1266, 1287, 1294, 1300, 1313, 1317, 1344, 1407, 1412, 1418, 1463, 1487, 1489, 1496, 1519, 1540, 1548, 1556, 1628, 1642, 1677, 1687]","[236, 587]",1691,69,1622,2,67,1622,0
-1.5,CJAEGLOBIN,"[21, 55, 148, 189, 205, 221, 237, 243, 271, 290, 294, 316, 334, 353, 453, 474, 541, 553, 567, 588, 604, 694, 726, 761, 767, 829, 848, 861, 869, 897, 941, 945, 948, 960, 974, 1050, 1055, 1063, 1069, 1079, 1085, 1158, 1175, 1193, 1199, 1209, 1222, 1272, 1293, 1306, 1319, 1323, 1418, 1423, 1429, 1474, 1498, 1500, 1507, 1530, 1551, 1559, 1567, 1653, 1688]","[237, 588]","[21, 55, 148, 189, 205, 221, 243, 271, 290, 294, 316, 334, 353, 453, 474, 541, 553, 567, 604, 694, 726, 761, 767, 829, 848, 861, 869, 897, 941, 945, 948, 960, 974, 1050, 1055, 1063, 1069, 1079, 1085, 1158, 1175, 1193, 1199, 1209, 1222, 1272, 1293, 1306, 1319, 1323, 1418, 1423, 1429, 1474, 1498, 1500, 1507, 1530, 1551, 1559, 1567, 1653, 1688]","[237, 588]",1702,65,1637,2,63,1637,0
-1.5,CJINTERFG,"[79, 191, 206, 233, 245, 281, 307, 422, 435, 470, 486, 497, 512, 528, 530, 585, 620, 622, 632, 666, 671, 684, 775, 785, 862, 1052, 1116, 1132, 1143, 1294, 1330, 1361, 1487, 1500, 1510, 1526, 1546, 1571, 1575, 1582, 1588, 1601, 1605, 1619, 1633, 1651, 1698, 1795, 1860, 1864, 1879, 1911, 1932, 1955, 2059, 2061, 2068, 2089, 2114, 2119, 2150, 2200, 2237, 2243, 2303, 2310, 2343, 2382, 2384, 2389, 2395, 2419, 2428, 2441, 2453, 2573, 2575, 2585, 2610, 2635, 2640, 2848, 2881, 2885, 2914, 2942, 2957, 2967, 2974, 3126, 3143, 3158, 3176, 3191, 3246, 3268, 3275, 3293, 3303, 3308, 3346, 3363, 3400, 3438, 3518, 3602, 3607, 3729, 3764, 3774, 3779, 3802, 3863, 3879, 3892, 3911, 3979, 3992, 4072, 4085, 4125, 4136, 4187, 4286, 4373, 4402, 4465, 4490, 4498, 4519, 4533, 4554, 4611, 4636, 4638, 4653, 4657, 4662, 4681, 4702, 4719, 4730, 4734, 4750, 4777, 4867, 4887, 4922, 4934, 4976, 5078, 5105, 5128, 5154, 5160, 5164, 5187, 5241, 5404, 5459, 5463, 5478, 5524, 5574, 5596, 5608, 5610, 5657, 5679, 5688, 5710, 5731, 5753, 5761, 5765, 5822, 5878, 5910, 5936, 5939, 5944, 5976, 5999, 6030, 6036, 6050, 6080, 6121, 6127, 6149, 6212, 6239, 6251, 6268, 6289, 6314, 6348, 6397, 6418, 6450, 6457, 6462, 6469, 6488, 6541, 6619, 6657, 6673, 6708, 6714, 6741, 6754, 6760, 6768, 6774, 6808, 6901, 6949, 6963, 6998, 7016, 7038, 7140, 7163, 7192, 7210, 7217, 7267, 7324, 7328, 7331, 7371, 7395, 7399, 7443, 7461, 7463, 7468, 7537, 7557, 7603, 7629, 7631, 7647, 7659, 7686, 7734, 7746, 7749, 7791, 7849, 7871, 7903, 7975, 7993, 7995, 8000, 8003, 8045, 8060, 8063, 8065, 8084, 8109, 8113, 8130, 8152, 8191, 8202, 8209, 8324, 8352, 8359, 8413, 8415, 8418, 8423, 8438, 8448, 8486, 8496, 8503, 8512]","[2881, 4187, 4465]","[79, 191, 206, 233, 245, 281, 307, 422, 435, 470, 486, 497, 512, 528, 530, 585, 620, 622, 632, 666, 671, 684, 775, 785, 862, 1052, 1116, 1132, 1143, 1294, 1330, 1361, 1487, 1500, 1510, 1526, 1546, 1571, 1575, 1582, 1588, 1601, 1605, 1619, 1633, 1651, 1698, 1795, 1860, 1864, 1879, 1911, 1932, 1955, 2059, 2061, 2068, 2089, 2114, 2119, 2150, 2200, 2237, 2243, 2303, 2310, 2343, 2382, 2384, 2389, 2395, 2419, 2428, 2441, 2453, 2573, 2575, 2585, 2610, 2635, 2640, 2848, 2885, 2914, 2942, 2957, 2967, 2974, 3126, 3143, 3158, 3176, 3191, 3246, 3268, 3275, 3293, 3303, 3308, 3346, 3363, 3400, 3438, 3518, 3602, 3607, 3729, 3764, 3774, 3779, 3802, 3863, 3879, 3892, 3911, 3979, 3992, 4072, 4085, 4125, 4136, 4286, 4373, 4402, 4490, 4498, 4519, 4533, 4554, 4611, 4636, 4638, 4653, 4657, 4662, 4681, 4702, 4719, 4730, 4734, 4750, 4777, 4867, 4887, 4922, 4934, 4976, 5078, 5105, 5128, 5154, 5160, 5164, 5187, 5241, 5404, 5459, 5463, 5478, 5524, 5574, 5596, 5608, 5610, 5657, 5679, 5688, 5710, 5731, 5753, 5761, 5765, 5822, 5878, 5910, 5936, 5939, 5944, 5976, 5999, 6030, 6036, 6050, 6080, 6121, 6127, 6149, 6212, 6239, 6251, 6268, 6289, 6314, 6348, 6397, 6418, 6450, 6457, 6462, 6469, 6488, 6541, 6619, 6657, 6673, 6708, 6714, 6741, 6754, 6760, 6768, 6774, 6808, 6901, 6949, 6963, 6998, 7016, 7038, 7140, 7163, 7192, 7210, 7217, 7267, 7324, 7328, 7331, 7371, 7395, 7399, 7443, 7461, 7463, 7468, 7537, 7557, 7603, 7629, 7631, 7647, 7659, 7686, 7734, 7746, 7749, 7791, 7849, 7871, 7903, 7975, 7993, 7995, 8000, 8003, 8045, 8060, 8063, 8065, 8084, 8109, 8113, 8130, 8152, 8191, 8202, 8209, 8324, 8352, 8359, 8413, 8415, 8418, 8423, 8438, 8448, 8486, 8496, 8503, 8512]","[2881, 4187, 4465]",8519,283,8236,3,280,8236,0
-1.5,CL54K,"[22, 24, 32, 60, 68, 94, 112, 119, 132, 141, 157, 183, 189, 203, 217, 262, 279, 313, 335, 352, 357, 408, 412, 429, 512, 532, 535, 543, 609, 611, 649, 653, 706, 711, 726, 751, 771, 777, 906, 918, 931, 959, 965, 978, 993, 997, 1038, 1084, 1177, 1186, 1190, 1238, 1248, 1263, 1265, 1288, 1294, 1370, 1402, 1431, 1456, 1510, 1538, 1549, 1559, 1569, 1653, 1668, 1680, 1808, 1845, 1926, 1956, 1958, 1980, 1991, 1993, 2152, 2223, 2226, 2234, 2263, 2280, 2338, 2341, 2353, 2368, 2378, 2403, 2409, 2426, 2498, 2522, 2537, 2547, 2555, 2581, 2639, 2661, 2696, 2715, 2719, 2726, 2753, 2760, 2778, 2797, 2808, 2822, 2871, 2874, 2915, 2954, 2965, 3048, 3124, 3143, 3145, 3159, 3218, 3222, 3344, 3360, 3369, 3376, 3406]",[512],"[22, 24, 32, 60, 68, 94, 112, 119, 132, 141, 157, 183, 189, 203, 217, 262, 279, 313, 335, 352, 357, 408, 412, 429, 532, 535, 543, 609, 611, 649, 653, 706, 711, 726, 751, 771, 777, 906, 918, 931, 959, 965, 978, 993, 997, 1038, 1084, 1177, 1186, 1190, 1238, 1248, 1263, 1265, 1288, 1294, 1370, 1402, 1431, 1456, 1510, 1538, 1549, 1559, 1569, 1653, 1668, 1680, 1808, 1845, 1926, 1956, 1958, 1980, 1991, 1993, 2152, 2223, 2226, 2234, 2263, 2280, 2338, 2341, 2353, 2368, 2378, 2403, 2409, 2426, 2498, 2522, 2537, 2547, 2555, 2581, 2639, 2661, 2696, 2715, 2719, 2726, 2753, 2760, 2778, 2797, 2808, 2822, 2871, 2874, 2915, 2954, 2965, 3048, 3124, 3143, 3145, 3159, 3218, 3222, 3344, 3360, 3369, 3376, 3406]",[512],3407,126,3281,1,125,3281,0
-1.5,CMBGA2B2,"[41, 44, 62, 105, 150, 190, 195, 217, 255, 294, 345, 351, 361, 383, 387, 463, 465, 467, 469, 525, 583, 587, 604, 628, 669, 697, 718, 762, 779, 810, 823, 835, 856, 859, 956, 989, 997, 1006, 1027, 1032, 1044, 1060, 1092, 1104, 1126, 1143, 1171, 1230, 1235, 1286, 1303, 1311, 1322, 1422, 1437, 1455, 1487, 1490, 1510, 1536, 1545, 1547, 1551, 1560, 1597, 1619, 1653, 1668, 1672, 1678, 1724, 1732, 1749, 1829, 1835, 1838, 1861, 1911, 1922, 1949, 1974, 1987, 1991, 1993, 2051, 2061, 2083, 2095, 2098, 2101, 2103, 2108, 2149, 2189, 2206, 2210, 2220, 2234, 2268, 2380, 2390, 2473, 2475, 2479, 2492, 2508, 2518, 2521, 2541, 2545, 2566, 2570, 2580, 2596, 2618, 2648]","[383, 718]","[41, 44, 62, 105, 150, 190, 195, 217, 255, 294, 345, 351, 361, 387, 463, 465, 467, 469, 525, 583, 587, 604, 628, 669, 697, 762, 779, 810, 823, 835, 856, 859, 956, 989, 997, 1006, 1027, 1032, 1044, 1060, 1092, 1104, 1126, 1143, 1171, 1230, 1235, 1286, 1303, 1311, 1322, 1422, 1437, 1455, 1487, 1490, 1510, 1536, 1545, 1547, 1551, 1560, 1597, 1619, 1653, 1668, 1672, 1678, 1724, 1732, 1749, 1829, 1835, 1838, 1861, 1911, 1922, 1949, 1974, 1987, 1991, 1993, 2051, 2061, 2083, 2095, 2098, 2101, 2103, 2108, 2149, 2189, 2206, 2210, 2220, 2234, 2268, 2380, 2390, 2473, 2475, 2479, 2492, 2508, 2518, 2521, 2541, 2545, 2566, 2570, 2580, 2596, 2618, 2648]","[383, 718]",2684,116,2568,2,114,2568,0
-1.5,CMEGA2E2,"[62, 149, 270, 272, 286, 311, 327, 335, 378, 384, 394, 416, 420, 439, 466, 486, 492, 494, 496, 498, 500, 502, 510, 560, 618, 663, 718, 732, 753, 760, 762, 790, 798, 805, 837, 873, 896, 918, 922, 956, 960, 995, 1050, 1061, 1064, 1075, 1095, 1196, 1228, 1258, 1294, 1301, 1506, 1566, 1584, 1588, 1747, 1753, 1779, 1838, 1889, 1893, 1931, 1933, 1981, 1991, 1993, 1995, 2005]","[416, 753]","[62, 149, 270, 272, 286, 311, 327, 335, 378, 384, 394, 420, 439, 466, 486, 492, 494, 496, 498, 500, 502, 510, 560, 618, 663, 718, 732, 760, 762, 790, 798, 805, 837, 873, 896, 918, 922, 956, 960, 995, 1050, 1061, 1064, 1075, 1095, 1196, 1228, 1258, 1294, 1301, 1506, 1566, 1584, 1588, 1747, 1753, 1779, 1838, 1889, 1893, 1931, 1933, 1981, 1991, 1993, 1995, 2005]","[416, 753]",2046,69,1977,2,67,1977,0
-1.5,CMU11711,"[10, 15, 61, 70, 100, 106, 142, 153, 204, 214, 234, 332, 337, 438, 539, 549, 589, 604, 665, 753, 790, 797, 826, 848, 868, 888, 906, 910, 952, 973, 1018, 1058, 1063, 1101, 1179, 1250, 1268, 1280, 1296, 1328, 1357, 1387, 1389, 1496, 1503, 1536, 1561, 1596, 1637, 1647, 1653, 1685, 1703, 1794, 1896, 1917, 1941, 1966, 1984, 1996, 2010, 2031, 2052, 2142, 2144, 2164, 2199, 2205, 2257, 2264, 2339, 2384, 2420, 2489, 2493, 2498, 2524, 2528, 2601, 2627, 2669, 2687, 2716, 2741, 2758, 2765, 2774, 2785, 2890, 2896, 2941, 2967, 2972, 2997, 3019, 3027, 3035, 3037, 3108]","[1685, 2031]","[10, 15, 61, 70, 100, 106, 142, 153, 204, 214, 234, 332, 337, 438, 539, 549, 589, 604, 665, 753, 790, 797, 826, 848, 868, 888, 906, 910, 952, 973, 1018, 1058, 1063, 1101, 1179, 1250, 1268, 1280, 1296, 1328, 1357, 1387, 1389, 1496, 1503, 1536, 1561, 1596, 1637, 1647, 1653, 1703, 1794, 1896, 1917, 1941, 1966, 1984, 1996, 2010, 2052, 2142, 2144, 2164, 2199, 2205, 2257, 2264, 2339, 2384, 2420, 2489, 2493, 2498, 2524, 2528, 2601, 2627, 2669, 2687, 2716, 2741, 2758, 2765, 2774, 2785, 2890, 2896, 2941, 2967, 2972, 2997, 3019, 3027, 3035, 3037, 3108]","[1685, 2031]",3163,99,3064,2,97,3064,0
-1.5,CPPROT1GN,"[12, 15, 36, 56, 102, 144, 164, 189, 199, 231, 240, 255, 267]",[164],"[12, 15, 36, 56, 102, 144, 189, 199, 231, 240, 255, 267]",[164],390,13,377,1,12,377,0
-1.5,CRASEQB,"[24, 79, 154, 324, 378, 386, 430, 456, 465, 480, 512, 559, 576, 620, 655, 669, 693, 718, 730, 735, 769, 774, 783, 881, 885, 902, 933, 974, 992, 1038, 1044, 1054, 1194, 1260, 1446, 1450, 1471, 1509, 1535, 1574, 1584, 1592, 1605, 1701, 1712, 1718, 1762, 1767, 1804, 1829, 1835, 1920, 1955, 1993, 2007, 2018, 2035, 2037, 2039, 2042, 2046, 2097, 2123, 2153, 2158, 2161, 2191, 2228, 2233, 2245, 2247, 2283, 2328, 2333, 2340, 2354, 2366, 2423, 2438, 2483, 2504, 2512, 2528, 2684, 2686, 2691, 2734, 2764, 2787, 2825, 2853, 2858, 2860, 2880, 2949, 3018, 3089, 3091, 3237, 3241, 3259, 3286, 3297, 3301, 3328, 3342, 3358, 3434, 3449, 3452, 3464, 3482, 3517, 3520, 3541, 3593, 3617, 3635, 3641, 3647, 3785, 3812, 3833, 3871, 3946, 3952, 4113, 4147, 4185, 4216, 4255, 4258, 4273, 4298, 4303, 4312, 4324, 4330, 4351, 4375, 4378, 4390, 4405, 4531, 4607, 4629, 4646, 4710, 4721, 4751, 4793, 4801, 4825, 4866, 4888, 4931, 4959, 4975, 4989, 5037, 5040, 5062, 5104]","[1920, 2825]","[24, 79, 154, 324, 378, 386, 430, 456, 465, 480, 512, 559, 576, 620, 655, 669, 693, 718, 730, 735, 769, 774, 783, 881, 885, 902, 933, 974, 992, 1038, 1044, 1054, 1194, 1260, 1446, 1450, 1471, 1509, 1535, 1574, 1584, 1592, 1605, 1701, 1712, 1718, 1762, 1767, 1804, 1829, 1835, 1955, 1993, 2007, 2018, 2035, 2037, 2039, 2042, 2046, 2097, 2123, 2153, 2158, 2161, 2191, 2228, 2233, 2245, 2247, 2283, 2328, 2333, 2340, 2354, 2366, 2423, 2438, 2483, 2504, 2512, 2528, 2684, 2686, 2691, 2734, 2764, 2787, 2853, 2858, 2860, 2880, 2949, 3018, 3089, 3091, 3237, 3241, 3259, 3286, 3297, 3301, 3328, 3342, 3358, 3434, 3449, 3452, 3464, 3482, 3517, 3520, 3541, 3593, 3617, 3635, 3641, 3647, 3785, 3812, 3833, 3871, 3946, 3952, 4113, 4147, 4185, 4216, 4255, 4258, 4273, 4298, 4303, 4312, 4324, 4330, 4351, 4375, 4378, 4390, 4405, 4531, 4607, 4629, 4646, 4710, 4721, 4751, 4793, 4801, 4825, 4866, 4888, 4931, 4959, 4975, 4989, 5037, 5040, 5062, 5104]","[1920, 2825]",5120,163,4957,2,161,4957,0
-1.5,CRUCH7AHYD,"[37, 41, 67, 89, 161, 164, 213, 221, 271, 316, 344, 418, 440, 464, 658, 682, 731, 748, 768, 770, 778, 781, 788, 803, 844, 856, 868, 870, 883, 889, 901, 916, 938, 971, 1013, 1036, 1065, 1088, 1096, 1158, 1205, 1286, 1301, 1339, 1357, 1365, 1370, 1405, 1509, 1526, 1541, 1564, 1687, 1690, 1692, 1700, 1708, 1731, 1790, 1798, 1851, 1887, 1927, 1939, 1943, 1945, 1955, 1960, 1980, 1995, 2000, 2032, 2110, 2117, 2119, 2311, 2387, 2444, 2465, 2472, 2474, 2495, 2542, 2567, 2587, 2690, 2707, 2726, 2734, 2794, 2814, 2827, 2835, 2838, 2872, 2890, 2893, 2896, 2899, 2919, 2936, 2941, 2945, 2950, 2957, 2962, 2964, 2971, 3009, 3016, 3030, 3061, 3094, 3130, 3143, 3151, 3155, 3164, 3178, 3186, 3190, 3198, 3206, 3210, 3219, 3243, 3268, 3276, 3281, 3296, 3309, 3320, 3333, 3343, 3360, 3377, 3418, 3440, 3460, 3520, 3591, 3651, 3732, 3769, 3786, 3792, 3798, 3806, 3841, 3845, 3954, 3966, 3973, 4065, 4078, 4088, 4099, 4121, 4201, 4229, 4240, 4264, 4310, 4517, 4528, 4542, 4561, 4566, 4590, 4627, 4683, 4687, 4774, 4786, 4812, 4938, 4970, 5030, 5034, 5043, 5053, 5059, 5061, 5085, 5095, 5171, 5218, 5223, 5280, 5283, 5287, 5417, 5421, 5506, 5556, 5559, 5574, 5613, 5619, 5623, 5633, 5669, 5789, 5795, 5979, 5998, 6004, 6069, 6076, 6107, 6114, 6140, 6190, 6235, 6243, 6330, 6352, 6373, 6413, 6430, 6433, 6440, 6448, 6479, 6559, 6598, 6613, 6623, 6638, 6739, 6741, 6768, 6780, 6819, 6840, 6905, 6932, 6963, 7006, 7030, 7032, 7045, 7090, 7115, 7128, 7135, 7144, 7152, 7178, 7181, 7192, 7227, 7256, 7291, 7314, 7332, 7353, 7399, 7434, 7457, 7723, 7866, 7888, 7893, 7901, 7907, 7920, 7926, 7955, 8000, 8016, 8123, 8154, 8180, 8235, 8247, 8293, 8303, 8308, 8315, 8317, 8329, 8376, 8514, 8629, 8636, 8641, 8646, 8733, 8740, 8743, 8787, 8844, 8863, 8907, 8924, 9075, 9099, 9113, 9115, 9217, 9225, 9227, 9259, 9273, 9313, 9327, 9330, 9334, 9372, 9375, 9401, 9403, 9595, 9626, 9630, 9716, 9750, 9801, 9833, 9849, 9906, 9950, 9961, 9984, 10020, 10060, 10078, 10125, 10219, 10237, 10243, 10248, 10279, 10290, 10296, 10316, 10324, 10327, 10375, 10400, 10458, 10497, 10564, 10571, 10599]","[1731, 3651, 4938, 6076, 7866]","[37, 41, 67, 89, 161, 164, 213, 221, 271, 316, 344, 418, 440, 464, 658, 682, 731, 748, 768, 770, 778, 781, 788, 803, 844, 856, 868, 870, 883, 889, 901, 916, 938, 971, 1013, 1036, 1065, 1088, 1096, 1158, 1205, 1286, 1301, 1339, 1357, 1365, 1370, 1405, 1509, 1526, 1541, 1564, 1687, 1690, 1692, 1700, 1708, 1790, 1798, 1851, 1887, 1927, 1939, 1943, 1945, 1955, 1960, 1980, 1995, 2000, 2032, 2110, 2117, 2119, 2311, 2387, 2444, 2465, 2472, 2474, 2495, 2542, 2567, 2587, 2690, 2707, 2726, 2734, 2794, 2814, 2827, 2835, 2838, 2872, 2890, 2893, 2896, 2899, 2919, 2936, 2941, 2945, 2950, 2957, 2962, 2964, 2971, 3009, 3016, 3030, 3061, 3094, 3130, 3143, 3151, 3155, 3164, 3178, 3186, 3190, 3198, 3206, 3210, 3219, 3243, 3268, 3276, 3281, 3296, 3309, 3320, 3333, 3343, 3360, 3377, 3418, 3440, 3460, 3520, 3591, 3732, 3769, 3786, 3792, 3798, 3806, 3841, 3845, 3954, 3966, 3973, 4065, 4078, 4088, 4099, 4121, 4201, 4229, 4240, 4264, 4310, 4517, 4528, 4542, 4561, 4566, 4590, 4627, 4683, 4687, 4774, 4786, 4812, 4970, 5030, 5034, 5043, 5053, 5059, 5061, 5085, 5095, 5171, 5218, 5223, 5280, 5283, 5287, 5417, 5421, 5506, 5556, 5559, 5574, 5613, 5619, 5623, 5633, 5669, 5789, 5795, 5979, 5998, 6004, 6069, 6107, 6114, 6140, 6190, 6235, 6243, 6330, 6352, 6373, 6413, 6430, 6433, 6440, 6448, 6479, 6559, 6598, 6613, 6623, 6638, 6739, 6741, 6768, 6780, 6819, 6840, 6905, 6932, 6963, 7006, 7030, 7032, 7045, 7090, 7115, 7128, 7135, 7144, 7152, 7178, 7181, 7192, 7227, 7256, 7291, 7314, 7332, 7353, 7399, 7434, 7457, 7723, 7888, 7893, 7901, 7907, 7920, 7926, 7955, 8000, 8016, 8123, 8154, 8180, 8235, 8247, 8293, 8303, 8308, 8315, 8317, 8329, 8376, 8514, 8629, 8636, 8641, 8646, 8733, 8740, 8743, 8787, 8844, 8863, 8907, 8924, 9075, 9099, 9113, 9115, 9217, 9225, 9227, 9259, 9273, 9313, 9327, 9330, 9334, 9372, 9375, 9401, 9403, 9595, 9626, 9630, 9716, 9750, 9801, 9833, 9849, 9906, 9950, 9961, 9984, 10020, 10060, 10078, 10125, 10219, 10237, 10243, 10248, 10279, 10290, 10296, 10316, 10324, 10327, 10375, 10400, 10458, 10497, 10564, 10571, 10599]","[1731, 3651, 4938, 6076, 7866]",10606,346,10260,5,341,10260,0
-1.5,CRUGAD45A,"[158, 189, 202, 208, 215, 233, 280, 424, 466, 527, 548, 589, 596, 627, 629, 654, 673, 691, 750, 760, 775, 782, 785, 804, 850, 859, 863, 902, 929, 951, 987, 1013, 1033, 1038, 1057, 1059, 1148, 1202, 1209, 1265, 1289, 1375, 1469, 1509, 1545, 1550, 1556, 1562, 1570, 1596, 1678, 1695, 1744, 1811, 1877, 1881, 1883, 1898, 1919, 1971, 1992, 2011, 2028, 2034, 2036, 2051, 2061, 2063, 2070, 2147, 2149, 2171, 2192, 2195, 2200, 2237, 2306, 2376, 2405, 2411, 2417, 2448, 2467, 2491, 2500, 2509, 2521, 2525, 2553, 2557, 2604, 2673, 2720, 2759, 2763, 2770, 2795, 2865, 2891, 2944, 2946, 2954, 2981, 2988, 3016, 3052, 3054, 3099, 3148, 3172, 3180, 3182, 3193, 3234, 3252, 3255, 3264, 3293, 3335, 3373, 3382, 3398, 3402, 3408, 3428, 3542, 3555, 3605, 3626, 3675, 3755, 3757, 3766, 3781, 3803, 3807, 3835, 3846, 3862, 3879, 3885, 3957, 4003, 4030, 4035, 4044, 4108, 4164, 4216, 4323, 4356, 4360, 4368, 4370, 4424, 4426]","[1877, 2063, 2417]","[158, 189, 202, 208, 215, 233, 280, 424, 466, 527, 548, 589, 596, 627, 629, 654, 673, 691, 750, 760, 775, 782, 785, 804, 850, 859, 863, 902, 929, 951, 987, 1013, 1033, 1038, 1057, 1059, 1148, 1202, 1209, 1265, 1289, 1375, 1469, 1509, 1545, 1550, 1556, 1562, 1570, 1596, 1678, 1695, 1744, 1811, 1881, 1883, 1898, 1919, 1971, 1992, 2011, 2028, 2034, 2036, 2051, 2061, 2070, 2147, 2149, 2171, 2192, 2195, 2200, 2237, 2306, 2376, 2405, 2411, 2448, 2467, 2491, 2500, 2509, 2521, 2525, 2553, 2557, 2604, 2673, 2720, 2759, 2763, 2770, 2795, 2865, 2891, 2944, 2946, 2954, 2981, 2988, 3016, 3052, 3054, 3099, 3148, 3172, 3180, 3182, 3193, 3234, 3252, 3255, 3264, 3293, 3335, 3373, 3382, 3398, 3402, 3408, 3428, 3542, 3555, 3605, 3626, 3675, 3755, 3757, 3766, 3781, 3803, 3807, 3835, 3846, 3862, 3879, 3885, 3957, 4003, 4030, 4035, 4044, 4108, 4164, 4216, 4323, 4356, 4360, 4368, 4370, 4424, 4426]","[1877, 2063, 2417]",4427,156,4271,3,153,4271,0
-1.5,DMPROTP1,"[26, 33, 54, 57, 72, 156, 192, 195, 249, 258, 282, 299, 307, 377, 406, 546, 594]",[249],"[26, 33, 54, 57, 72, 156, 192, 195, 258, 282, 299, 307, 377, 406, 546, 594]",[249],616,17,599,1,16,599,0
-1.5,DMU11712,"[11, 16, 64, 120, 145, 182, 191, 218, 238, 335, 340, 443, 507, 592, 607, 636, 704, 721, 737, 755, 792, 850, 868, 895, 915, 957, 991, 1025, 1033, 1122, 1347, 1372, 1403, 1405, 1409, 1505, 1520, 1581, 1616, 1657, 1667, 1673, 1705, 1806, 1908, 1929, 1953, 1996, 2008, 2022, 2043, 2047, 2064, 2160, 2162, 2182, 2217, 2223, 2274, 2357, 2402, 2406, 2420, 2437, 2505, 2509, 2511, 2545, 2552, 2619, 2655, 2685, 2703, 2757, 2774, 2781, 2790, 2800, 2903, 2909, 2954, 2980, 2985, 3010]","[1705, 2043]","[11, 16, 64, 120, 145, 182, 191, 218, 238, 335, 340, 443, 507, 592, 607, 636, 704, 721, 737, 755, 792, 850, 868, 895, 915, 957, 991, 1025, 1033, 1122, 1347, 1372, 1403, 1405, 1409, 1505, 1520, 1581, 1616, 1657, 1667, 1673, 1806, 1908, 1929, 1953, 1996, 2008, 2022, 2047, 2064, 2160, 2162, 2182, 2217, 2223, 2274, 2357, 2402, 2406, 2420, 2437, 2505, 2509, 2511, 2545, 2552, 2619, 2655, 2685, 2703, 2757, 2774, 2781, 2790, 2800, 2903, 2909, 2954, 2980, 2985, 3010]","[1705, 2043]",3019,84,2935,2,82,2935,0
-1.5,DOGCOLIP,"[6, 113, 141, 202, 212, 224, 249, 253, 365, 394, 408, 416, 420, 519, 530, 600, 629, 655, 767, 789, 793, 817, 884, 899, 904, 919, 926, 1021, 1063, 1075, 1108, 1148, 1261, 1278, 1343, 1379, 1411, 1433, 1461, 1518, 1576, 1581, 1602, 1624, 1640, 1705, 1747, 1766, 1775, 1814, 1834, 1905, 1953, 1975, 1995, 2002, 2043, 2066, 2075, 2093, 2114, 2126, 2154, 2199, 2205, 2271, 2287, 2299, 2365, 2378, 2382, 2394, 2399, 2431, 2443, 2503, 2508, 2512, 2550, 2578, 2582, 2602, 2651, 2657, 2671, 2694, 2729, 2761, 2778, 2813, 2821, 2839, 2845, 2859, 2887, 2889, 2918, 3059, 3063, 3098, 3108, 3119, 3139]","[1108, 2378]","[6, 113, 141, 202, 212, 224, 249, 253, 365, 394, 408, 416, 420, 519, 530, 600, 629, 655, 767, 789, 793, 817, 884, 899, 904, 919, 926, 1021, 1063, 1075, 1148, 1261, 1278, 1343, 1379, 1411, 1433, 1461, 1518, 1576, 1581, 1602, 1624, 1640, 1705, 1747, 1766, 1775, 1814, 1834, 1905, 1953, 1975, 1995, 2002, 2043, 2066, 2075, 2093, 2114, 2126, 2154, 2199, 2205, 2271, 2287, 2299, 2365, 2382, 2394, 2399, 2431, 2443, 2503, 2508, 2512, 2550, 2578, 2582, 2602, 2651, 2657, 2671, 2694, 2729, 2761, 2778, 2813, 2821, 2839, 2845, 2859, 2887, 2889, 2918, 3059, 3063, 3098, 3108, 3119, 3139]","[1108, 2378]",3156,103,3053,2,101,3053,0
-1.5,DOGIL8T,"[48, 112, 118, 135, 152, 154, 162, 223, 302, 344, 393, 395, 434, 453, 475, 514, 516, 528, 577, 579, 610, 671, 686, 727, 758, 797, 883, 943, 968, 995, 1007, 1020, 1045, 1149, 1206, 1210, 1222, 1227, 1231, 1280, 1287, 1310, 1312, 1365, 1375, 1387, 1406, 1410, 1457, 1482, 1484, 1498, 1549, 1598, 1637, 1686, 1710, 1712, 1737, 1746, 1749, 1769, 1829, 1909, 1918, 1922, 1929, 1956, 1960, 1969, 1974, 1990, 1997, 2003, 2011, 2031, 2039, 2083, 2125, 2222]","[118, 1406, 1769]","[48, 112, 135, 152, 154, 162, 223, 302, 344, 393, 395, 434, 453, 475, 514, 516, 528, 577, 579, 610, 671, 686, 727, 758, 797, 883, 943, 968, 995, 1007, 1020, 1045, 1149, 1206, 1210, 1222, 1227, 1231, 1280, 1287, 1310, 1312, 1365, 1375, 1387, 1410, 1457, 1482, 1484, 1498, 1549, 1598, 1637, 1686, 1710, 1712, 1737, 1746, 1749, 1829, 1909, 1918, 1922, 1929, 1956, 1960, 1969, 1974, 1990, 1997, 2003, 2011, 2031, 2039, 2083, 2125, 2222]","[118, 1406, 1769]",2229,80,2149,3,77,2149,0
-1.5,ECGLOAP1,"[10, 24, 105, 115, 117, 140, 201, 298, 309, 323, 331, 363, 439, 522, 543, 567, 599, 621, 636, 657, 725, 770, 827, 832, 845, 870, 889, 893, 925, 933, 939, 962, 968, 974, 995, 1001, 1026, 1051, 1057, 1077, 1080, 1093, 1099, 1128]","[363, 657]","[10, 24, 105, 115, 117, 140, 201, 298, 309, 323, 331, 439, 522, 543, 567, 599, 621, 636, 725, 770, 827, 832, 845, 870, 889, 893, 925, 933, 939, 962, 968, 974, 995, 1001, 1026, 1051, 1057, 1077, 1080, 1093, 1099, 1128]","[363, 657]",1133,44,1089,2,42,1089,0
-1.5,ECPZA2GL,"[6, 19, 46, 51, 59, 77, 86, 166, 184, 193, 201, 221, 230, 253, 259, 269, 271, 325, 340, 383, 423, 432, 443, 501, 510, 517, 522, 570, 579, 604, 681, 767, 771, 789, 803, 810, 818, 826, 828, 842, 954, 989, 1019, 1055, 1067, 1096, 1104, 1119, 1126, 1201, 1255, 1263, 1267, 1386, 1388, 1467, 1495, 1498, 1537, 1560, 1564, 1585, 1591, 1600, 1609, 1611, 1615, 1623, 1632, 1648, 1671, 1675, 1689, 1702, 1711, 1718, 1728, 1743, 1784, 1830, 1866, 1885, 1887, 1898, 1957, 2012, 2104, 2142, 2153, 2163, 2166, 2176, 2180, 2199, 2219, 2242, 2256, 2307, 2361, 2375, 2398, 2516, 2557, 2613, 2638, 2672, 2676, 2770, 2892, 2915, 2950, 2953, 2979, 3076, 3092, 3118, 3123, 3202, 3208, 3212, 3218, 3234, 3269, 3396, 3433, 3442, 3475, 3484, 3489, 3511, 3527, 3532, 3552, 3576, 3650, 3654, 3669, 3688, 3694, 3924, 3945, 3969, 4038, 4047, 4059, 4140, 4144, 4153, 4302, 4304, 4313, 4332, 4388, 4417, 4442, 4450, 4457, 4469, 4478, 4484, 4487, 4491, 4542, 4554, 4592, 4600, 4610, 4627, 4647, 4657, 4673, 4747, 4805, 4877, 4903, 4944, 4959, 5020, 5031, 5046, 5060, 5077]","[3576, 4059]","[6, 19, 46, 51, 59, 77, 86, 166, 184, 193, 201, 221, 230, 253, 259, 269, 271, 325, 340, 383, 423, 432, 443, 501, 510, 517, 522, 570, 579, 604, 681, 767, 771, 789, 803, 810, 818, 826, 828, 842, 954, 989, 1019, 1055, 1067, 1096, 1104, 1119, 1126, 1201, 1255, 1263, 1267, 1386, 1388, 1467, 1495, 1498, 1537, 1560, 1564, 1585, 1591, 1600, 1609, 1611, 1615, 1623, 1632, 1648, 1671, 1675, 1689, 1702, 1711, 1718, 1728, 1743, 1784, 1830, 1866, 1885, 1887, 1898, 1957, 2012, 2104, 2142, 2153, 2163, 2166, 2176, 2180, 2199, 2219, 2242, 2256, 2307, 2361, 2375, 2398, 2516, 2557, 2613, 2638, 2672, 2676, 2770, 2892, 2915, 2950, 2953, 2979, 3076, 3092, 3118, 3123, 3202, 3208, 3212, 3218, 3234, 3269, 3396, 3433, 3442, 3475, 3484, 3489, 3511, 3527, 3532, 3552, 3650, 3654, 3669, 3688, 3694, 3924, 3945, 3969, 4038, 4047, 4140, 4144, 4153, 4302, 4304, 4313, 4332, 4388, 4417, 4442, 4450, 4457, 4469, 4478, 4484, 4487, 4491, 4542, 4554, 4592, 4600, 4610, 4627, 4647, 4657, 4673, 4747, 4805, 4877, 4903, 4944, 4959, 5020, 5031, 5046, 5060, 5077]","[3576, 4059]",5081,182,4899,2,180,4899,0
-1.5,ECZGL1,"[8, 44, 59, 66, 111, 135, 173, 176, 190, 196, 213, 215, 219, 229, 262, 274, 279, 301, 345, 353, 385, 394, 440, 526, 528, 607, 635, 638, 677, 700, 704, 725, 731, 740, 749, 751, 755, 763, 772, 788, 816, 818, 826, 832, 835, 845, 856, 874, 878, 884, 886, 972, 1033, 1041, 1085, 1112, 1129, 1167, 1175, 1195, 1252, 1420, 1432, 1444, 1462, 1513, 1522, 1534, 1566, 1571, 1580, 1588, 1602, 1614, 1695, 1703, 1765, 1778, 1801, 1813, 1855, 1862, 1887, 1927, 1930, 1948, 1965, 1983]","[700, 1534]","[8, 44, 59, 66, 111, 135, 173, 176, 190, 196, 213, 215, 219, 229, 262, 274, 279, 301, 345, 353, 385, 394, 440, 526, 528, 607, 635, 638, 677, 704, 725, 731, 740, 749, 751, 755, 763, 772, 788, 816, 818, 826, 832, 835, 845, 856, 874, 878, 884, 886, 972, 1033, 1041, 1085, 1112, 1129, 1167, 1175, 1195, 1252, 1420, 1432, 1444, 1462, 1513, 1522, 1566, 1571, 1580, 1588, 1602, 1614, 1695, 1703, 1765, 1778, 1801, 1813, 1855, 1862, 1887, 1927, 1930, 1948, 1965, 1983]","[700, 1534]",1993,88,1905,2,86,1905,0
-1.5,ECZGL2,"[81, 83, 162, 190, 193, 232, 255, 259, 280, 286, 295, 304, 306, 310, 318, 327, 343, 371, 373, 381, 387, 390, 400, 411, 429, 433, 439, 441, 527, 588, 596, 667, 684, 722, 730, 750, 807, 970, 982, 994, 1012, 1063, 1072, 1084, 1116, 1121, 1130, 1138, 1152, 1164, 1245, 1253, 1315, 1328, 1351, 1363, 1405, 1412, 1437, 1477, 1480, 1498, 1515, 1533]","[255, 1084]","[81, 83, 162, 190, 193, 232, 259, 280, 286, 295, 304, 306, 310, 318, 327, 343, 371, 373, 381, 387, 390, 400, 411, 429, 433, 439, 441, 527, 588, 596, 667, 684, 722, 730, 750, 807, 970, 982, 994, 1012, 1063, 1072, 1116, 1121, 1130, 1138, 1152, 1164, 1245, 1253, 1315, 1328, 1351, 1363, 1405, 1412, 1437, 1477, 1480, 1498, 1515, 1533]","[255, 1084]",1555,64,1491,2,62,1491,0
-1.5,ELMETL,"[9, 18, 23, 25, 29, 63, 92, 105, 108, 112, 114, 147, 158, 250, 348, 379, 383, 385, 399, 446, 467, 493, 509, 532, 569, 615, 617, 623, 629, 637, 651, 727, 738, 774, 842, 870, 872, 908, 922, 928, 956, 970, 1009, 1018, 1037, 1057, 1082, 1097, 1101, 1113, 1120, 1132, 1137, 1156, 1221, 1240, 1243, 1256, 1282, 1291, 1318, 1337, 1346, 1362, 1366, 1430, 1454, 1464, 1466, 1499, 1514, 1518, 1528, 1578, 1582, 1592, 1594, 1601, 1615, 1657, 1664, 1671, 1676, 1683, 1686, 1708, 1733, 1737, 1745, 1768, 1778, 1840, 1842, 1858, 1861, 1863]","[1097, 1291]","[9, 18, 23, 25, 29, 63, 92, 105, 108, 112, 114, 147, 158, 250, 348, 379, 383, 385, 399, 446, 467, 493, 509, 532, 569, 615, 617, 623, 629, 637, 651, 727, 738, 774, 842, 870, 872, 908, 922, 928, 956, 970, 1009, 1018, 1037, 1057, 1082, 1101, 1113, 1120, 1132, 1137, 1156, 1221, 1240, 1243, 1256, 1282, 1318, 1337, 1346, 1362, 1366, 1430, 1454, 1464, 1466, 1499, 1514, 1518, 1528, 1578, 1582, 1592, 1594, 1601, 1615, 1657, 1664, 1671, 1676, 1683, 1686, 1708, 1733, 1737, 1745, 1768, 1778, 1840, 1842, 1858, 1861, 1863]","[1097, 1291]",1865,96,1769,2,94,1769,0
-1.5,FDFELDI2,"[32, 64, 83, 90, 131, 133, 135, 151, 157, 233, 248, 266, 276, 349, 364, 378, 459, 475, 485, 504, 515, 521, 571, 578, 607, 623, 628, 632, 641, 657, 665, 678, 682, 703, 718, 759, 765, 774, 826, 849, 871, 925, 949, 970, 1007, 1014, 1026, 1052, 1070, 1148, 1178, 1187, 1189, 1210, 1235, 1237, 1251, 1261, 1282, 1289, 1291, 1306, 1362, 1373, 1462, 1490, 1520, 1542, 1555, 1562, 1578, 1588, 1621, 1643, 1647, 1649, 1658, 1695, 1700, 1710, 1714, 1738, 1743, 1754, 1770, 1778, 1858, 1882, 1987, 2011, 2015, 2019, 2055, 2089, 2093, 2104, 2149, 2187, 2246, 2266]","[276, 970]","[32, 64, 83, 90, 131, 133, 135, 151, 157, 233, 248, 266, 349, 364, 378, 459, 475, 485, 504, 515, 521, 571, 578, 607, 623, 628, 632, 641, 657, 665, 678, 682, 703, 718, 759, 765, 774, 826, 849, 871, 925, 949, 1007, 1014, 1026, 1052, 1070, 1148, 1178, 1187, 1189, 1210, 1235, 1237, 1251, 1261, 1282, 1289, 1291, 1306, 1362, 1373, 1462, 1490, 1520, 1542, 1555, 1562, 1578, 1588, 1621, 1643, 1647, 1649, 1658, 1695, 1700, 1710, 1714, 1738, 1743, 1754, 1770, 1778, 1858, 1882, 1987, 2011, 2015, 2019, 2055, 2089, 2093, 2104, 2149, 2187, 2246, 2266]","[276, 970]",2417,100,2317,2,98,2317,0
-1.5,FDTNFA,"[28, 87, 93, 163, 187, 191, 260, 273, 275, 291, 305, 334, 376, 457, 459, 469, 474, 476, 480, 517, 547, 579, 583, 598, 604, 661, 695, 702, 790, 829, 835, 858, 864, 885, 891, 945, 956, 965, 968, 972, 989, 1011, 1111, 1169, 1203, 1237, 1244, 1258, 1343, 1369, 1396, 1413, 1432, 1468, 1519, 1590, 1634, 1686]","[187, 790, 972]","[28, 87, 93, 163, 191, 260, 273, 275, 291, 305, 334, 376, 457, 459, 469, 474, 476, 480, 517, 547, 579, 583, 598, 604, 661, 695, 702, 829, 835, 858, 864, 885, 891, 945, 956, 965, 968, 989, 1011, 1111, 1169, 1203, 1237, 1244, 1258, 1343, 1369, 1396, 1413, 1432, 1468, 1519, 1590, 1634, 1686]","[187, 790, 972]",1714,58,1656,3,55,1656,0
-1.5,GDMYF5G,"[11, 17, 59, 89, 138, 300, 313, 344, 432, 461, 498, 524, 561, 633, 639, 655, 698, 716, 729, 745, 753, 759, 789, 860, 864, 978, 1036, 1083, 1104, 1121, 1146, 1184, 1227, 1341, 1425, 1431, 1479, 1481, 1514, 1540, 1564]","[639, 1036]","[11, 17, 59, 89, 138, 300, 313, 344, 432, 461, 498, 524, 561, 633, 655, 698, 716, 729, 745, 753, 759, 789, 860, 864, 978, 1083, 1104, 1121, 1146, 1184, 1227, 1341, 1425, 1431, 1479, 1481, 1514, 1540, 1564]","[639, 1036]",1601,41,1560,2,39,1560,0
-1.5,GGAC01,"[6, 22, 26, 40, 56, 116, 150, 203, 241, 273, 284, 332, 358, 443, 569, 621, 634, 668, 708, 716, 750, 774, 778, 782, 784, 786, 788, 790, 794, 808, 833, 863, 874, 876, 904, 914, 947, 954, 956, 958, 962, 970, 981, 983, 995, 1003, 1032, 1057, 1069, 1078, 1095, 1109, 1119, 1125, 1203, 1240, 1246, 1343, 1384, 1388, 1477, 1491, 1493, 1586, 1590, 1601, 1625, 1630, 1645, 1649, 1666, 1683, 1711, 1716, 1725, 1772, 1800, 1807, 1812, 1837, 1839, 1873, 1882, 1889, 1893, 1903, 1905, 1932, 1936, 1980, 1987, 1989, 1995, 1999, 2022, 2026, 2050, 2066, 2083, 2148, 2169, 2226, 2230, 2261, 2343, 2389, 2485, 2496, 2528, 2535, 2547, 2550, 2556, 2585, 2587, 2591, 2602, 2611, 2664, 2687, 2691, 2693, 2698, 2729, 2755, 2782, 2786, 2801, 2812, 2823, 2826, 2835, 2840, 2853, 2859, 2873, 2916, 2934, 3011, 3015, 3034, 3120, 3125, 3148, 3154, 3189, 3276, 3313, 3330, 3338, 3342, 3363, 3378, 3382, 3402, 3431, 3495, 3507, 3510, 3544, 3546, 3551, 3561, 3571, 3584, 3589, 3594, 3597, 3607, 3677, 3723, 3727, 3782, 3812, 3831, 3835, 3848, 3857, 3861, 3867, 3881, 3886, 3888, 3890, 3898, 3925, 3957, 3980, 3982, 3986, 3991, 4055, 4062, 4112, 4130, 4205, 4309, 4315, 4317, 4344, 4394, 4468, 4499, 4512, 4514, 4532, 4536, 4545, 4557, 4567, 4609, 4629, 4639, 4648, 4684, 4689, 4695, 4699, 4721, 4752, 4776, 4778, 4794, 4812, 4816, 4846, 4848, 4852, 4874, 4880, 4885, 4890, 4898, 4910, 4928, 4934, 4966, 4985, 4996, 5005, 5028]","[1666, 2226, 3189, 3677]","[6, 22, 26, 40, 56, 116, 150, 203, 241, 273, 284, 332, 358, 443, 569, 621, 634, 668, 708, 716, 750, 774, 778, 782, 784, 786, 788, 790, 794, 808, 833, 863, 874, 876, 904, 914, 947, 954, 956, 958, 962, 970, 981, 983, 995, 1003, 1032, 1057, 1069, 1078, 1095, 1109, 1119, 1125, 1203, 1240, 1246, 1343, 1384, 1388, 1477, 1491, 1493, 1586, 1590, 1601, 1625, 1630, 1645, 1649, 1683, 1711, 1716, 1725, 1772, 1800, 1807, 1812, 1837, 1839, 1873, 1882, 1889, 1893, 1903, 1905, 1932, 1936, 1980, 1987, 1989, 1995, 1999, 2022, 2026, 2050, 2066, 2083, 2148, 2169, 2230, 2261, 2343, 2389, 2485, 2496, 2528, 2535, 2547, 2550, 2556, 2585, 2587, 2591, 2602, 2611, 2664, 2687, 2691, 2693, 2698, 2729, 2755, 2782, 2786, 2801, 2812, 2823, 2826, 2835, 2840, 2853, 2859, 2873, 2916, 2934, 3011, 3015, 3034, 3120, 3125, 3148, 3154, 3276, 3313, 3330, 3338, 3342, 3363, 3378, 3382, 3402, 3431, 3495, 3507, 3510, 3544, 3546, 3551, 3561, 3571, 3584, 3589, 3594, 3597, 3607, 3723, 3727, 3782, 3812, 3831, 3835, 3848, 3857, 3861, 3867, 3881, 3886, 3888, 3890, 3898, 3925, 3957, 3980, 3982, 3986, 3991, 4055, 4062, 4112, 4130, 4205, 4309, 4315, 4317, 4344, 4394, 4468, 4499, 4512, 4514, 4532, 4536, 4545, 4557, 4567, 4609, 4629, 4639, 4648, 4684, 4689, 4695, 4699, 4721, 4752, 4776, 4778, 4794, 4812, 4816, 4846, 4848, 4852, 4874, 4880, 4885, 4890, 4898, 4910, 4928, 4934, 4966, 4985, 4996, 5005, 5028]","[1666, 2226, 3189, 3677]",5038,241,4797,4,237,4797,0
-1.5,GGACTAC,"[33, 90, 118, 229, 311, 324, 328, 339, 343, 346, 351, 430, 435, 446, 533, 549, 603, 614, 623, 635, 641, 662, 682, 695, 769, 779, 791, 795, 821, 825, 843, 845, 871, 873, 895, 934, 949, 970, 1018, 1075, 1100, 1104, 1159, 1169, 1194, 1266, 1282, 1284, 1372, 1437, 1450, 1472, 1498, 1526, 1542, 1554, 1589, 1642, 1700, 1704, 1737, 1753, 1756, 1785, 1803, 1811, 1815, 1821, 1838, 1842, 1866, 1962, 1964, 2025, 2047, 2063, 2074, 2104, 2118, 2127, 2212, 2243, 2277, 2300, 2304, 2410, 2420, 2431, 2469, 2480, 2509, 2511, 2520, 2548, 2552, 2578, 2606, 2627, 2676, 2687, 2690, 2698, 2703, 2708, 2717, 2730, 2752, 2770, 2790, 2806, 2833, 2890, 2904, 2914, 2953, 3016, 3032, 3040, 3044, 3063, 3149, 3154, 3167, 3176, 3218, 3222, 3247, 3254, 3281, 3340, 3359, 3366, 3375, 3463, 3476, 3509, 3514, 3520, 3561, 3568, 3570, 3587, 3598, 3600, 3633, 3649, 3657, 3659, 3661, 3722, 3726, 3736, 3744, 3755, 3823, 3871, 3948, 3952, 4041, 4071, 4081, 4091, 4140, 4157, 4181, 4216, 4231, 4265, 4267, 4282, 4292, 4315, 4318, 4328, 4336, 4398, 4434, 4446, 4502, 4567, 4590, 4635, 4675, 4680, 4693, 4697, 4704, 4726, 4780, 4787, 4797, 4837, 4855, 4891, 4942, 4986, 4992, 4997, 5013, 5026, 5113, 5124, 5128, 5182, 5187, 5195, 5200, 5229, 5266, 5278, 5292, 5372]","[970, 2127, 2914, 3218, 4398]","[33, 90, 118, 229, 311, 324, 328, 339, 343, 346, 351, 430, 435, 446, 533, 549, 603, 614, 623, 635, 641, 662, 682, 695, 769, 779, 791, 795, 821, 825, 843, 845, 871, 873, 895, 934, 949, 1018, 1075, 1100, 1104, 1159, 1169, 1194, 1266, 1282, 1284, 1372, 1437, 1450, 1472, 1498, 1526, 1542, 1554, 1589, 1642, 1700, 1704, 1737, 1753, 1756, 1785, 1803, 1811, 1815, 1821, 1838, 1842, 1866, 1962, 1964, 2025, 2047, 2063, 2074, 2104, 2118, 2212, 2243, 2277, 2300, 2304, 2410, 2420, 2431, 2469, 2480, 2509, 2511, 2520, 2548, 2552, 2578, 2606, 2627, 2676, 2687, 2690, 2698, 2703, 2708, 2717, 2730, 2752, 2770, 2790, 2806, 2833, 2890, 2904, 2953, 3016, 3032, 3040, 3044, 3063, 3149, 3154, 3167, 3176, 3222, 3247, 3254, 3281, 3340, 3359, 3366, 3375, 3463, 3476, 3509, 3514, 3520, 3561, 3568, 3570, 3587, 3598, 3600, 3633, 3649, 3657, 3659, 3661, 3722, 3726, 3736, 3744, 3755, 3823, 3871, 3948, 3952, 4041, 4071, 4081, 4091, 4140, 4157, 4181, 4216, 4231, 4265, 4267, 4282, 4292, 4315, 4318, 4328, 4336, 4434, 4446, 4502, 4567, 4590, 4635, 4675, 4680, 4693, 4697, 4704, 4726, 4780, 4787, 4797, 4837, 4855, 4891, 4942, 4986, 4992, 4997, 5013, 5026, 5113, 5124, 5128, 5182, 5187, 5195, 5200, 5229, 5266, 5278, 5292, 5372]","[970, 2127, 2914, 3218, 4398]",5455,212,5243,5,207,5243,0
-1.5,GGACTI,"[26, 37, 52, 60, 143, 153, 157, 168, 176, 181, 207, 210, 219, 230, 252, 277, 279, 305, 307, 329, 368, 383, 404, 411, 424, 431, 448, 450, 452, 477, 485, 517, 525, 529, 535, 552, 580, 596, 676, 678, 739, 761, 777, 788, 792, 807, 818, 832, 841, 845, 892, 902, 923, 929, 933, 937, 975, 980, 999, 1001, 1030, 1113, 1137, 1164, 1217, 1232, 1235, 1244, 1259, 1269, 1288, 1290, 1305, 1368, 1376, 1380, 1399, 1490, 1512, 1554, 1558, 1659, 1735, 1748, 1753, 1761, 1771, 1779, 1841, 1852, 1854, 1865, 1873, 1904, 1923, 1927, 1934, 1943, 1946, 1956, 1958, 2013, 2020, 2030, 2070, 2088, 2120, 2182, 2186, 2233, 2246, 2269, 2277, 2279, 2283, 2288, 2290, 2321, 2345]","[404, 841, 1137, 1554, 1841]","[26, 37, 52, 60, 143, 153, 157, 168, 176, 181, 207, 210, 219, 230, 252, 277, 279, 305, 307, 329, 368, 383, 411, 424, 431, 448, 450, 452, 477, 485, 517, 525, 529, 535, 552, 580, 596, 676, 678, 739, 761, 777, 788, 792, 807, 818, 832, 845, 892, 902, 923, 929, 933, 937, 975, 980, 999, 1001, 1030, 1113, 1164, 1217, 1232, 1235, 1244, 1259, 1269, 1288, 1290, 1305, 1368, 1376, 1380, 1399, 1490, 1512, 1558, 1659, 1735, 1748, 1753, 1761, 1771, 1779, 1852, 1854, 1865, 1873, 1904, 1923, 1927, 1934, 1943, 1946, 1956, 1958, 2013, 2020, 2030, 2070, 2088, 2120, 2182, 2186, 2233, 2246, 2269, 2277, 2279, 2283, 2288, 2290, 2321, 2345]","[404, 841, 1137, 1554, 1841]",2418,119,2299,5,114,2299,0
-1.5,GGCALB,"[16, 90, 97, 103, 113, 194, 199, 288, 292, 364, 386, 390, 398, 408, 416, 421, 474, 485, 487, 520, 526, 542, 544, 589, 596, 613, 615, 659, 718, 733, 740, 753, 781, 790, 794, 796, 811, 813, 817, 855, 866, 889, 893, 916, 928, 944, 946, 1016, 1031, 1042, 1084, 1105, 1111, 1115, 1128, 1141, 1150, 1187, 1201, 1215, 1217, 1219, 1225, 1238, 1246, 1272, 1277, 1287, 1289, 1292, 1296, 1332, 1358, 1399, 1418, 1420, 1442, 1479, 1504, 1514, 1542, 1555, 1577, 1617, 1664, 1672, 1701, 1724, 1739, 1819, 1821, 1835, 1863, 1867, 1935, 1948, 1987, 2016, 2060, 2070, 2106, 2214, 2221, 2270, 2289, 2293, 2320, 2323, 2325, 2361, 2376, 2387, 2426, 2461, 2549, 2557, 2561, 2635, 2637, 2642, 2650, 2654, 2719, 2735, 2764, 2771, 2791, 2864, 2870, 2872, 2874, 2881, 2890, 2993, 3002, 3041, 3047, 3062, 3066, 3071, 3123, 3142, 3147, 3149, 3298, 3307, 3331, 3378, 3432, 3457, 3467, 3492, 3503, 3506, 3509, 3526, 3531, 3605, 3617, 3629, 3638, 3640, 3659, 3686, 3693, 3715, 3720, 3724, 3748, 3750, 3793, 3797, 3805, 3836, 3841, 3872, 3887, 3891, 3919, 3957, 3959, 3967, 3975, 3992, 4056, 4128, 4132, 4139, 4204, 4213, 4235, 4243, 4253, 4297, 4312, 4324, 4346, 4350, 4368, 4405, 4414, 4487, 4491, 4498, 4534, 4538, 4548, 4552, 4573, 4596, 4598, 4666, 4668, 4672, 4680, 4688, 4703, 4706, 4749, 4761, 4786, 4805, 4819, 4834, 4837, 4858, 4894, 4946, 4974, 4984, 5010, 5019, 5030, 5043, 5084, 5173, 5181, 5205, 5225, 5232, 5246, 5255, 5262, 5272, 5274, 5278, 5333, 5368, 5404, 5446, 5455, 5462, 5499, 5524, 5539, 5568, 5582, 5592, 5614, 5617, 5634, 5656, 5675, 5686, 5727, 5730, 5818, 5820, 5825, 5848, 5850, 5862, 5864, 5867, 5882, 5887, 5894, 5897, 5933, 5963, 5981, 6010, 6012, 6023, 6033, 6045, 6079, 6123, 6136, 6149, 6181, 6190, 6249, 6252, 6264, 6293, 6316, 6321, 6323, 6348, 6454, 6463, 6522, 6526, 6581, 6633, 6657, 6673, 6694, 6724, 6729, 6742, 6744, 6748, 6756, 6762, 6784, 6788, 6861, 6889, 6933, 6947, 7035, 7082, 7096, 7101, 7108, 7127, 7145, 7157, 7159, 7164, 7185, 7188, 7218, 7244, 7288, 7310, 7391, 7433, 7457, 7483, 7488, 7494, 7579, 7618, 7631, 7682, 7688, 7709, 7741, 7754, 7775, 7824, 7828, 7833, 7836, 7848, 7865, 7875, 7913, 7938, 7954, 7993, 7997, 8105, 8127, 8141, 8224, 8249, 8253, 8260, 8324, 8374, 8394, 8396, 8400, 8488, 8491, 8501, 8506, 8508, 8537, 8546, 8594, 8634, 8667, 8671, 8718, 8722, 8728, 8739, 8776, 8786, 8800, 8811, 8829, 8932, 8959, 8976, 8987, 8989, 8994, 9004, 9009, 9033, 9052, 9059, 9082, 9099, 9162, 9200, 9228, 9232, 9247, 9268, 9296, 9323, 9373, 9384, 9394, 9398, 9431, 9437, 9441, 9443, 9449, 9555, 9580, 9628, 9631, 9634, 9662, 9685, 9689, 9701, 9723, 9734, 9736, 9756, 9778, 9789, 9862, 9880, 9901, 9916, 9941, 9993, 10013, 10020, 10030, 10052, 10097, 10110, 10161, 10195, 10219, 10233, 10250, 10257, 10429, 10447, 10454, 10458, 10460, 10469, 10478, 10481, 10487, 10508, 10516, 10525, 10530, 10534, 10539, 10551, 10580, 10626, 10647, 10707, 10731, 10787, 10840, 10850, 10905, 11008, 11012, 11022]","[386, 1863, 2289, 3467, 3793, 4235, 4894, 5205, 5933, 6784, 7035, 7824, 8718, 9052, 9685, 10195]","[16, 90, 97, 103, 113, 194, 199, 288, 292, 364, 390, 398, 408, 416, 421, 474, 485, 487, 520, 526, 542, 544, 589, 596, 613, 615, 659, 718, 733, 740, 753, 781, 790, 794, 796, 811, 813, 817, 855, 866, 889, 893, 916, 928, 944, 946, 1016, 1031, 1042, 1084, 1105, 1111, 1115, 1128, 1141, 1150, 1187, 1201, 1215, 1217, 1219, 1225, 1238, 1246, 1272, 1277, 1287, 1289, 1292, 1296, 1332, 1358, 1399, 1418, 1420, 1442, 1479, 1504, 1514, 1542, 1555, 1577, 1617, 1664, 1672, 1701, 1724, 1739, 1819, 1821, 1835, 1867, 1935, 1948, 1987, 2016, 2060, 2070, 2106, 2214, 2221, 2270, 2293, 2320, 2323, 2325, 2361, 2376, 2387, 2426, 2461, 2549, 2557, 2561, 2635, 2637, 2642, 2650, 2654, 2719, 2735, 2764, 2771, 2791, 2864, 2870, 2872, 2874, 2881, 2890, 2993, 3002, 3041, 3047, 3062, 3066, 3071, 3123, 3142, 3147, 3149, 3298, 3307, 3331, 3378, 3432, 3457, 3492, 3503, 3506, 3509, 3526, 3531, 3605, 3617, 3629, 3638, 3640, 3659, 3686, 3693, 3715, 3720, 3724, 3748, 3750, 3797, 3805, 3836, 3841, 3872, 3887, 3891, 3919, 3957, 3959, 3967, 3975, 3992, 4056, 4128, 4132, 4139, 4204, 4213, 4243, 4253, 4297, 4312, 4324, 4346, 4350, 4368, 4405, 4414, 4487, 4491, 4498, 4534, 4538, 4548, 4552, 4573, 4596, 4598, 4666, 4668, 4672, 4680, 4688, 4703, 4706, 4749, 4761, 4786, 4805, 4819, 4834, 4837, 4858, 4946, 4974, 4984, 5010, 5019, 5030, 5043, 5084, 5173, 5181, 5225, 5232, 5246, 5255, 5262, 5272, 5274, 5278, 5333, 5368, 5404, 5446, 5455, 5462, 5499, 5524, 5539, 5568, 5582, 5592, 5614, 5617, 5634, 5656, 5675, 5686, 5727, 5730, 5818, 5820, 5825, 5848, 5850, 5862, 5864, 5867, 5882, 5887, 5894, 5897, 5963, 5981, 6010, 6012, 6023, 6033, 6045, 6079, 6123, 6136, 6149, 6181, 6190, 6249, 6252, 6264, 6293, 6316, 6321, 6323, 6348, 6454, 6463, 6522, 6526, 6581, 6633, 6657, 6673, 6694, 6724, 6729, 6742, 6744, 6748, 6756, 6762, 6788, 6861, 6889, 6933, 6947, 7082, 7096, 7101, 7108, 7127, 7145, 7157, 7159, 7164, 7185, 7188, 7218, 7244, 7288, 7310, 7391, 7433, 7457, 7483, 7488, 7494, 7579, 7618, 7631, 7682, 7688, 7709, 7741, 7754, 7775, 7828, 7833, 7836, 7848, 7865, 7875, 7913, 7938, 7954, 7993, 7997, 8105, 8127, 8141, 8224, 8249, 8253, 8260, 8324, 8374, 8394, 8396, 8400, 8488, 8491, 8501, 8506, 8508, 8537, 8546, 8594, 8634, 8667, 8671, 8722, 8728, 8739, 8776, 8786, 8800, 8811, 8829, 8932, 8959, 8976, 8987, 8989, 8994, 9004, 9009, 9033, 9059, 9082, 9099, 9162, 9200, 9228, 9232, 9247, 9268, 9296, 9323, 9373, 9384, 9394, 9398, 9431, 9437, 9441, 9443, 9449, 9555, 9580, 9628, 9631, 9634, 9662, 9689, 9701, 9723, 9734, 9736, 9756, 9778, 9789, 9862, 9880, 9901, 9916, 9941, 9993, 10013, 10020, 10030, 10052, 10097, 10110, 10161, 10219, 10233, 10250, 10257, 10429, 10447, 10454, 10458, 10460, 10469, 10478, 10481, 10487, 10508, 10516, 10525, 10530, 10534, 10539, 10551, 10580, 10626, 10647, 10707, 10731, 10787, 10840, 10850, 10905, 11008, 11012, 11022]","[386, 1863, 2289, 3467, 3793, 4235, 4894, 5205, 5933, 6784, 7035, 7824, 8718, 9052, 9685, 10195]",11060,488,10572,16,472,10572,0
-1.5,GGCRYD1,"[95, 171, 203, 217, 267, 279, 302, 310, 378, 388, 419, 441, 469, 480, 515, 520, 524, 530, 540, 570, 600, 673, 752, 842, 861, 870, 910, 932, 951, 1020, 1041, 1043, 1061, 1073, 1085, 1087, 1114, 1180, 1184, 1191, 1226, 1270, 1283, 1464, 1566, 1720, 1734, 1770, 1787, 1862, 1896, 1904, 1973, 2046, 2051, 2053, 2077, 2081, 2085, 2090, 2092, 2154, 2203, 2217, 2243, 2251, 2261, 2338, 2342, 2407, 2476, 2482, 2484, 2539, 2574, 2578, 2622, 2688, 2701, 2742, 2784, 2807, 2872, 2886, 2905, 2907, 2921, 3015, 3039, 3059, 3150, 3181, 3242, 3355, 3372, 3374, 3418, 3421, 3499, 3516, 3532, 3539, 3610, 3632, 3642, 3644, 3713, 3751, 3809, 3811, 3817, 3830, 3944, 4021, 4036, 4103, 4113, 4150, 4211, 4274, 4297, 4332, 4350, 4358, 4360, 4380, 4428, 4446, 4474, 4477, 4522, 4528, 4546, 4567, 4596, 4624, 4639, 4641, 4694, 4697, 4728, 4730, 4732, 4766, 4779, 4800, 4889, 4903, 4907, 4941, 5051, 5065, 5118, 5211, 5234, 5238, 5245, 5324, 5361, 5434, 5498, 5512, 5534, 5592, 5595, 5650, 5654, 5690, 5697, 5738, 5775, 5882, 5885, 5887, 5889, 5899, 5969, 6003, 6010, 6031, 6045, 6077, 6096, 6138, 6231, 6236, 6240, 6242, 6273, 6356, 6365, 6377, 6395, 6400, 6423, 6426, 6450, 6470, 6598, 6653, 6722, 6726, 6734, 6738, 6791, 6829, 6835, 6839, 6841, 6845, 6883, 6892, 6911, 6923, 6934, 7072, 7083, 7213, 7217, 7251, 7253, 7325, 7368, 7373, 7388, 7424, 7435, 7475, 7483, 7520, 7529, 7560, 7641, 7659, 7711, 7733, 7752, 7754, 7762, 7772, 7779, 7796, 7857, 7859, 7874, 7885, 7888, 7923, 7926, 7928, 7933, 7952, 7959, 7985, 8014, 8021, 8092, 8113]","[441, 1734, 2742, 3150, 3516, 3944, 4332, 4528, 4907, 5234, 5899, 6138, 6395, 6734, 7213]","[95, 171, 203, 217, 267, 279, 302, 310, 378, 388, 419, 469, 480, 515, 520, 524, 530, 540, 570, 600, 673, 752, 842, 861, 870, 910, 932, 951, 1020, 1041, 1043, 1061, 1073, 1085, 1087, 1114, 1180, 1184, 1191, 1226, 1270, 1283, 1464, 1566, 1720, 1770, 1787, 1862, 1896, 1904, 1973, 2046, 2051, 2053, 2077, 2081, 2085, 2090, 2092, 2154, 2203, 2217, 2243, 2251, 2261, 2338, 2342, 2407, 2476, 2482, 2484, 2539, 2574, 2578, 2622, 2688, 2701, 2784, 2807, 2872, 2886, 2905, 2907, 2921, 3015, 3039, 3059, 3181, 3242, 3355, 3372, 3374, 3418, 3421, 3499, 3532, 3539, 3610, 3632, 3642, 3644, 3713, 3751, 3809, 3811, 3817, 3830, 4021, 4036, 4103, 4113, 4150, 4211, 4274, 4297, 4350, 4358, 4360, 4380, 4428, 4446, 4474, 4477, 4522, 4546, 4567, 4596, 4624, 4639, 4641, 4694, 4697, 4728, 4730, 4732, 4766, 4779, 4800, 4889, 4903, 4941, 5051, 5065, 5118, 5211, 5238, 5245, 5324, 5361, 5434, 5498, 5512, 5534, 5592, 5595, 5650, 5654, 5690, 5697, 5738, 5775, 5882, 5885, 5887, 5889, 5969, 6003, 6010, 6031, 6045, 6077, 6096, 6231, 6236, 6240, 6242, 6273, 6356, 6365, 6377, 6400, 6423, 6426, 6450, 6470, 6598, 6653, 6722, 6726, 6738, 6791, 6829, 6835, 6839, 6841, 6845, 6883, 6892, 6911, 6923, 6934, 7072, 7083, 7217, 7251, 7253, 7325, 7368, 7373, 7388, 7424, 7435, 7475, 7483, 7520, 7529, 7560, 7641, 7659, 7711, 7733, 7752, 7754, 7762, 7772, 7779, 7796, 7857, 7859, 7874, 7885, 7888, 7923, 7926, 7928, 7933, 7952, 7959, 7985, 8014, 8021, 8092, 8113]","[441, 1734, 2742, 3150, 3516, 3944, 4332, 4528, 4907, 5234, 5899, 6138, 6395, 6734, 7213]",8152,258,7894,15,243,7894,0
-1.5,GGGL03,"[44, 154, 183, 188, 192, 251, 258, 305, 329, 340, 345, 367, 408, 432, 436, 552, 654, 747, 756, 768, 772, 774, 898, 901, 904, 940, 966, 973, 982, 996, 1001, 1015, 1096, 1110, 1130, 1160, 1164, 1166, 1187, 1190, 1193, 1201, 1204, 1206]","[432, 768]","[44, 154, 183, 188, 192, 251, 258, 305, 329, 340, 345, 367, 408, 436, 552, 654, 747, 756, 772, 774, 898, 901, 904, 940, 966, 973, 982, 996, 1001, 1015, 1096, 1110, 1130, 1160, 1164, 1166, 1187, 1190, 1193, 1201, 1204, 1206]","[432, 768]",1199,44,1155,2,42,1155,0
-1.5,GGGNRHIA,"[12, 51, 123, 199, 220, 249, 251, 307, 338, 363, 379, 401, 433, 448, 490, 518, 529, 581, 605, 607, 669, 727, 760, 921, 969, 1001, 1015, 1100, 1126, 1165, 1178, 1184, 1218, 1259, 1273, 1286, 1309, 1329, 1369, 1441, 1445, 1456, 1463, 1469, 1475, 1521, 1579, 1582, 1595, 1661, 1684, 1688, 1699, 1779, 1851, 1950, 1954, 1993, 2057, 2126, 2137, 2154, 2171, 2244, 2253, 2279, 2315, 2319, 2325, 2456, 2544, 2546, 2550, 2562, 2566, 2577, 2592, 2748, 2756, 2787, 2822, 2852, 2900, 2904, 2909, 2919, 2934, 2941, 2946, 2951, 2955, 3013, 3048, 3053, 3126, 3181, 3286, 3295, 3308, 3340, 3360, 3371, 3380, 3422, 3433, 3441, 3510, 3514, 3537, 3563, 3627, 3641, 3678, 3709, 3744, 3746, 3748, 3767, 3778, 3783, 3804, 3809, 3815, 3820, 3826, 3850, 3858, 3881, 3917, 3942, 3972, 4002, 4018, 4020, 4079, 4135, 4163, 4177, 4184, 4195, 4207, 4212, 4277, 4315, 4372, 4392, 4396, 4401, 4421, 4462, 4470, 4472, 4476, 4479, 4514, 4544, 4587, 4627, 4655, 4725, 4739, 4757, 4784, 4846, 4985, 5032, 5049, 5111, 5176, 5178, 5216, 5245, 5248, 5321, 5408, 5447, 5484, 5520, 5563, 5575, 5640, 5658, 5667, 5703, 5742, 5758, 5763, 5817, 5878, 5885, 5887, 5889, 6027, 6040, 6042, 6091, 6095, 6109, 6120, 6141, 6204, 6217, 6231]","[3627, 4392]","[12, 51, 123, 199, 220, 249, 251, 307, 338, 363, 379, 401, 433, 448, 490, 518, 529, 581, 605, 607, 669, 727, 760, 921, 969, 1001, 1015, 1100, 1126, 1165, 1178, 1184, 1218, 1259, 1273, 1286, 1309, 1329, 1369, 1441, 1445, 1456, 1463, 1469, 1475, 1521, 1579, 1582, 1595, 1661, 1684, 1688, 1699, 1779, 1851, 1950, 1954, 1993, 2057, 2126, 2137, 2154, 2171, 2244, 2253, 2279, 2315, 2319, 2325, 2456, 2544, 2546, 2550, 2562, 2566, 2577, 2592, 2748, 2756, 2787, 2822, 2852, 2900, 2904, 2909, 2919, 2934, 2941, 2946, 2951, 2955, 3013, 3048, 3053, 3126, 3181, 3286, 3295, 3308, 3340, 3360, 3371, 3380, 3422, 3433, 3441, 3510, 3514, 3537, 3563, 3641, 3678, 3709, 3744, 3746, 3748, 3767, 3778, 3783, 3804, 3809, 3815, 3820, 3826, 3850, 3858, 3881, 3917, 3942, 3972, 4002, 4018, 4020, 4079, 4135, 4163, 4177, 4184, 4195, 4207, 4212, 4277, 4315, 4372, 4396, 4401, 4421, 4462, 4470, 4472, 4476, 4479, 4514, 4544, 4587, 4627, 4655, 4725, 4739, 4757, 4784, 4846, 4985, 5032, 5049, 5111, 5176, 5178, 5216, 5245, 5248, 5321, 5408, 5447, 5484, 5520, 5563, 5575, 5640, 5658, 5667, 5703, 5742, 5758, 5763, 5817, 5878, 5885, 5887, 5889, 6027, 6040, 6042, 6091, 6095, 6109, 6120, 6141, 6204, 6217, 6231]","[3627, 4392]",6274,203,6071,2,201,6071,0
-1.5,GGNFM1D,"[29, 42, 145, 167, 180, 196, 232, 258, 271, 275, 361, 365, 368, 610, 616, 656, 771, 789, 801, 803, 817, 841, 859, 874, 932, 944, 964, 966, 1056, 1102, 1112, 1135, 1186, 1208, 1268, 1295, 1383, 1393, 1406, 1541, 1721, 1742, 1775, 1817, 1885, 1891, 1930, 2008, 2047, 2051, 2103, 2132, 2144, 2149, 2187, 2194, 2199, 2224, 2228, 2248, 2285, 2304, 2367, 2381, 2394, 2413, 2451, 2467, 2475, 2534, 2540, 2614, 2616, 2650, 2664, 2666, 2673, 2683, 2695, 2709, 2760, 2804, 2822, 2920, 2922, 2952, 3002, 3045, 3075, 3089, 3144, 3184, 3189, 3219, 3283, 3354, 3389, 3448, 3462, 3468, 3535, 3540, 3595, 3613, 3666, 3723, 3738, 3765, 3779, 3876, 4084, 4092, 4101, 4121, 4152, 4194, 4284, 4356, 4392, 4395, 4566, 4569, 4587, 4596, 4605, 4617, 4623, 4656, 4663, 4668, 4746, 4755, 4768, 4782, 4810, 4825, 4835, 4847, 4851, 4857, 4869, 4905, 4920, 4944, 4947, 4964, 5014, 5018, 5027, 5057, 5061, 5084, 5112, 5127, 5171, 5242, 5258, 5289, 5300, 5323, 5365, 5437, 5458, 5469, 5509, 5533, 5541, 5567, 5588, 5590, 5593, 5611]","[2132, 2451]","[29, 42, 145, 167, 180, 196, 232, 258, 271, 275, 361, 365, 368, 610, 616, 656, 771, 789, 801, 803, 817, 841, 859, 874, 932, 944, 964, 966, 1056, 1102, 1112, 1135, 1186, 1208, 1268, 1295, 1383, 1393, 1406, 1541, 1721, 1742, 1775, 1817, 1885, 1891, 1930, 2008, 2047, 2051, 2103, 2144, 2149, 2187, 2194, 2199, 2224, 2228, 2248, 2285, 2304, 2367, 2381, 2394, 2413, 2467, 2475, 2534, 2540, 2614, 2616, 2650, 2664, 2666, 2673, 2683, 2695, 2709, 2760, 2804, 2822, 2920, 2922, 2952, 3002, 3045, 3075, 3089, 3144, 3184, 3189, 3219, 3283, 3354, 3389, 3448, 3462, 3468, 3535, 3540, 3595, 3613, 3666, 3723, 3738, 3765, 3779, 3876, 4084, 4092, 4101, 4121, 4152, 4194, 4284, 4356, 4392, 4395, 4566, 4569, 4587, 4596, 4605, 4617, 4623, 4656, 4663, 4668, 4746, 4755, 4768, 4782, 4810, 4825, 4835, 4847, 4851, 4857, 4869, 4905, 4920, 4944, 4947, 4964, 5014, 5018, 5027, 5057, 5061, 5084, 5112, 5127, 5171, 5242, 5258, 5289, 5300, 5323, 5365, 5437, 5458, 5469, 5509, 5533, 5541, 5567, 5588, 5590, 5593, 5611]","[2132, 2451]",5630,172,5458,2,170,5458,0
-1.5,GGPROP2,"[39, 51, 81, 83, 156, 162, 307, 335, 434, 547, 564, 637]",[307],"[39, 51, 81, 83, 156, 162, 335, 434, 547, 564, 637]",[307],640,12,628,1,11,628,0
-1.5,GGRIHBGEN,"[19, 26, 28, 76, 98, 106, 120, 123, 137, 163, 192, 202, 219, 221, 223, 234, 240, 254, 282, 289, 291, 309, 315, 322, 405, 434, 469, 481, 534, 562, 569, 608, 612, 627, 633, 676, 685, 691, 712, 716, 736, 740, 766, 778, 783, 798, 801, 809, 817, 825, 829, 872, 893, 961, 981, 990, 1038, 1067, 1165, 1181, 1183, 1192, 1194, 1235, 1237, 1275, 1332, 1373, 1390, 1494, 1525, 1535, 1538, 1541, 1544, 1551, 1555, 1592, 1594, 1601, 1806, 1884, 1897, 1973, 1977, 2046, 2050, 2073, 2078, 2088, 2139, 2149, 2182, 2207, 2288, 2316, 2381, 2385, 2450, 2459, 2469, 2507, 2518, 2569, 2574, 2585, 2603, 2613, 2644, 2666, 2675, 2725, 2729, 2733, 2773, 2788, 2863, 2870, 2982, 2998, 3012, 3018, 3020, 3075, 3082, 3181, 3211, 3219, 3227, 3233, 3252, 3265, 3302, 3308, 3317, 3325, 3343, 3345, 3380, 3394, 3402, 3405, 3411, 3454, 3512, 3544, 3552, 3621, 3648, 3757, 3784, 3787, 3818, 3821, 3831, 3855, 3861]","[2982, 3219, 3454]","[19, 26, 28, 76, 98, 106, 120, 123, 137, 163, 192, 202, 219, 221, 223, 234, 240, 254, 282, 289, 291, 309, 315, 322, 405, 434, 469, 481, 534, 562, 569, 608, 612, 627, 633, 676, 685, 691, 712, 716, 736, 740, 766, 778, 783, 798, 801, 809, 817, 825, 829, 872, 893, 961, 981, 990, 1038, 1067, 1165, 1181, 1183, 1192, 1194, 1235, 1237, 1275, 1332, 1373, 1390, 1494, 1525, 1535, 1538, 1541, 1544, 1551, 1555, 1592, 1594, 1601, 1806, 1884, 1897, 1973, 1977, 2046, 2050, 2073, 2078, 2088, 2139, 2149, 2182, 2207, 2288, 2316, 2381, 2385, 2450, 2459, 2469, 2507, 2518, 2569, 2574, 2585, 2603, 2613, 2644, 2666, 2675, 2725, 2729, 2733, 2773, 2788, 2863, 2870, 2998, 3012, 3018, 3020, 3075, 3082, 3181, 3211, 3227, 3233, 3252, 3265, 3302, 3308, 3317, 3325, 3343, 3345, 3380, 3394, 3402, 3405, 3411, 3512, 3544, 3552, 3621, 3648, 3757, 3784, 3787, 3818, 3821, 3831, 3855, 3861]","[2982, 3219, 3454]",3878,157,3721,3,154,3721,0
-1.5,GGVITIIG,"[50, 54, 122, 144, 165, 179, 190, 194, 217, 266, 321, 335, 365, 380, 382, 410, 442, 453, 490, 507, 522, 562, 567, 571, 584, 614, 640, 649, 658, 662, 690, 695, 701, 811, 830, 834, 860, 913, 959, 973, 989, 1006, 1016, 1031, 1048, 1055, 1067, 1096, 1110, 1114, 1146, 1150, 1180, 1219, 1291, 1309, 1313, 1318, 1387, 1478, 1491, 1580, 1596, 1635, 1668, 1679, 1687, 1718, 1726, 1740, 1744, 1769, 1784, 1792, 1802, 1847, 1858, 1893, 1939, 1952, 1972, 2021, 2076, 2096, 2133, 2172, 2314, 2318, 2322, 2339, 2351, 2362, 2387, 2423, 2429, 2431, 2500, 2545, 2561, 2613, 2640, 2682, 2688, 2694, 2698, 2705, 2733, 2746, 2776, 2787, 2849, 2877, 2882, 2892, 2894, 2928, 2934, 2948, 2952, 2957, 2977, 2993, 2999, 3051, 3056, 3064, 3068, 3104, 3132, 3138, 3145, 3157, 3213, 3267, 3282, 3314, 3379, 3388, 3463, 3520, 3543, 3553, 3565, 3615, 3654, 3791, 3795, 3805, 3823, 3837, 3876, 3893, 3980, 3983, 4022, 4025, 4036, 4053, 4114, 4121, 4148, 4188, 4196, 4208, 4216, 4225, 4239, 4283, 4295, 4299, 4326, 4411, 4460, 4484, 4495, 4502, 4551, 4593, 4646, 4657, 4728, 4740, 4764, 4818, 4822, 4828, 4842, 4876, 4979, 5036, 5040, 5081, 5110, 5125, 5129, 5176, 5187, 5196, 5204, 5262, 5290, 5298, 5361, 5441, 5445, 5454, 5494, 5507, 5533, 5536, 5604, 5628, 5647, 5667, 5696, 5710, 5732, 5757, 5843, 5848, 5859, 5882, 5898, 5927, 5929, 5943, 5965, 5980, 5995, 6011, 6062, 6078, 6134, 6161, 6173, 6220, 6229, 6233, 6250, 6252, 6306, 6339, 6356, 6395, 6408, 6418, 6443, 6447, 6486, 6516, 6520, 6526, 6590, 6611, 6673, 6706, 6764, 6777, 6785, 6814, 6822, 6832, 6836, 6876, 6884, 6896, 6931, 6935, 6958, 7022, 7027, 7039, 7045, 7065, 7123, 7127, 7162, 7166, 7178, 7268, 7272, 7291, 7293, 7297, 7317, 7335, 7358, 7372, 7376, 7382, 7393, 7419, 7424, 7428, 7444, 7514, 7520, 7552, 7579, 7615, 7623, 7681, 7711, 7730, 7740, 7809, 7813, 7817, 7821, 7856, 7861, 7945, 7978, 8017, 8026, 8115, 8189, 8202, 8204, 8229, 8239, 8258, 8264, 8295, 8302, 8306, 8314, 8321, 8328, 8338, 8374, 8441, 8447, 8481, 8496, 8506, 8560, 8562, 8572, 8588, 8597, 8601, 8603, 8663, 8678, 8699, 8702, 8829, 8858, 8897, 8953, 8983, 9037, 9131, 9149, 9158, 9186, 9190, 9194, 9198, 9202, 9206, 9233, 9288, 9310, 9357, 9380, 9399, 9439, 9459, 9467, 9472, 9523, 9533, 9544, 9561, 9615, 9731, 9776, 9919, 9975, 10000, 10104, 10148, 10195, 10283, 10340, 10365, 10395, 10448, 10453, 10460, 10481, 10485, 10504, 10521, 10530, 10532, 10618, 10629, 10703, 10714, 10753, 10783, 10819, 10828, 10830, 10834, 10839, 10877, 10920, 10930, 10951, 10971, 10982, 11009, 11027, 11041, 11067, 11121, 11132, 11230, 11265, 11320, 11353, 11383, 11389, 11395, 11419, 11428, 11431, 11437, 11455, 11476, 11515, 11530, 11554, 11560, 11563, 11572, 11588, 11596, 11663, 11667, 11719, 11739, 11757, 11770, 11774, 11806, 11811, 11818, 11907, 11934, 11953, 11969, 12005, 12029, 12085, 12101, 12119, 12152, 12225, 12241, 12272, 12299, 12317, 12322, 12392, 12419, 12431, 12461, 12476, 12478, 12508, 12547, 12615, 12624, 12657, 12663, 12680, 12718, 12723, 12736, 12750, 12775, 12791, 12795, 12797, 12800, 12802, 12810, 12845, 12861, 12917, 12927, 12932, 13013, 13067, 13084, 13086, 13112, 13147, 13168, 13180, 13186, 13192, 13218, 13243, 13264, 13267, 13297, 13309, 13358, 13368, 13401, 13416, 13427, 13452, 13463, 13473, 13485, 13494, 13497, 13505, 13510, 13523, 13541, 13552, 13563, 13606, 13622, 13628, 13640, 13654, 13674, 13676, 13681, 13691, 13697, 13721, 13748, 13763, 13774, 13798, 13819, 13832, 13842, 13889, 13898, 13927, 13974, 14002, 14028, 14077, 14085, 14089, 14134, 14139, 14155, 14157, 14224, 14227, 14232, 14236, 14247, 14252, 14256, 14284, 14287, 14328, 14368, 14386, 14406, 14413, 14417, 14485, 14497, 14509, 14516, 14527, 14546, 14589, 14613, 14685, 14704, 14710, 14720, 14807, 14823, 14843, 14864, 14873, 14918, 14921, 14938, 14949, 14964, 14992, 14999, 15006, 15101, 15177, 15205, 15250, 15283, 15296, 15344, 15348, 15352, 15402, 15507, 15551, 15556, 15563, 15571, 15582, 15589, 15600, 15632, 15678, 15698, 15710, 15722, 15771, 15775, 15794, 15807, 15809, 15820, 15834, 15849, 15869, 15875, 15880, 15884, 15900, 15902, 15907, 15944, 15986, 15999, 16030, 16061, 16063, 16075, 16134, 16141, 16145, 16156, 16170, 16243, 16254, 16287, 16335, 16341, 16344, 16378, 16392, 16418, 16425, 16438, 16465, 16476, 16492, 16497, 16499, 16502, 16513, 16535, 16552, 16612, 16663, 16673, 16689, 16706, 16785, 16802, 16848, 16857, 16867, 16891, 16917, 16930, 16955, 16994, 17013, 17017, 17019, 17023, 17033, 17038, 17041, 17092, 17173, 17177, 17193, 17206, 17219, 17221, 17261, 17273, 17299, 17311, 17374, 17377, 17391, 17447, 17466, 17481, 17492, 17526, 17530, 17710, 17738, 17747, 17778, 17815, 17825, 17855, 17864, 17913, 17923, 17932, 17968, 18050, 18058, 18076, 18078, 18104, 18132, 18153, 18201, 18222, 18281, 18286, 18296, 18359, 18423, 18455, 18474, 18505, 18517, 18520, 18526, 18528, 18599, 18602, 18654, 18676, 18720, 18760, 18764, 18772, 18829, 18839, 18851, 18855, 18882, 18904, 18922, 18942, 18960, 18973, 18986, 19005, 19015, 19050, 19056, 19081, 19128, 19132, 19135, 19174, 19226, 19241, 19289, 19337, 19348, 19365, 19367, 19378, 19388, 19390, 19408, 19426, 19440, 19501, 19513, 19515, 19538, 19543, 19562, 19569, 19619, 19623, 19625, 19627, 19638, 19799, 19814, 19839, 19872, 19880, 19910, 19926, 19933, 19942, 20037, 20049, 20088, 20096, 20114, 20126, 20171, 20173, 20176, 20178, 20250, 20260, 20327]","[54, 190, 442, 2021, 2694, 2948, 3267, 3543, 3791, 4818, 5441, 6229, 6443, 7045, 7268, 8026, 8302, 9149, 9467, 10104, 10448, 10714, 11757, 12272, 12615, 13267, 13505, 14028, 14704, 15348, 15771, 16955, 17864, 19081]","[50, 122, 144, 165, 179, 194, 217, 266, 321, 335, 365, 380, 382, 410, 453, 490, 507, 522, 562, 567, 571, 584, 614, 640, 649, 658, 662, 690, 695, 701, 811, 830, 834, 860, 913, 959, 973, 989, 1006, 1016, 1031, 1048, 1055, 1067, 1096, 1110, 1114, 1146, 1150, 1180, 1219, 1291, 1309, 1313, 1318, 1387, 1478, 1491, 1580, 1596, 1635, 1668, 1679, 1687, 1718, 1726, 1740, 1744, 1769, 1784, 1792, 1802, 1847, 1858, 1893, 1939, 1952, 1972, 2076, 2096, 2133, 2172, 2314, 2318, 2322, 2339, 2351, 2362, 2387, 2423, 2429, 2431, 2500, 2545, 2561, 2613, 2640, 2682, 2688, 2698, 2705, 2733, 2746, 2776, 2787, 2849, 2877, 2882, 2892, 2894, 2928, 2934, 2952, 2957, 2977, 2993, 2999, 3051, 3056, 3064, 3068, 3104, 3132, 3138, 3145, 3157, 3213, 3282, 3314, 3379, 3388, 3463, 3520, 3553, 3565, 3615, 3654, 3795, 3805, 3823, 3837, 3876, 3893, 3980, 3983, 4022, 4025, 4036, 4053, 4114, 4121, 4148, 4188, 4196, 4208, 4216, 4225, 4239, 4283, 4295, 4299, 4326, 4411, 4460, 4484, 4495, 4502, 4551, 4593, 4646, 4657, 4728, 4740, 4764, 4822, 4828, 4842, 4876, 4979, 5036, 5040, 5081, 5110, 5125, 5129, 5176, 5187, 5196, 5204, 5262, 5290, 5298, 5361, 5445, 5454, 5494, 5507, 5533, 5536, 5604, 5628, 5647, 5667, 5696, 5710, 5732, 5757, 5843, 5848, 5859, 5882, 5898, 5927, 5929, 5943, 5965, 5980, 5995, 6011, 6062, 6078, 6134, 6161, 6173, 6220, 6233, 6250, 6252, 6306, 6339, 6356, 6395, 6408, 6418, 6447, 6486, 6516, 6520, 6526, 6590, 6611, 6673, 6706, 6764, 6777, 6785, 6814, 6822, 6832, 6836, 6876, 6884, 6896, 6931, 6935, 6958, 7022, 7027, 7039, 7065, 7123, 7127, 7162, 7166, 7178, 7272, 7291, 7293, 7297, 7317, 7335, 7358, 7372, 7376, 7382, 7393, 7419, 7424, 7428, 7444, 7514, 7520, 7552, 7579, 7615, 7623, 7681, 7711, 7730, 7740, 7809, 7813, 7817, 7821, 7856, 7861, 7945, 7978, 8017, 8115, 8189, 8202, 8204, 8229, 8239, 8258, 8264, 8295, 8306, 8314, 8321, 8328, 8338, 8374, 8441, 8447, 8481, 8496, 8506, 8560, 8562, 8572, 8588, 8597, 8601, 8603, 8663, 8678, 8699, 8702, 8829, 8858, 8897, 8953, 8983, 9037, 9131, 9158, 9186, 9190, 9194, 9198, 9202, 9206, 9233, 9288, 9310, 9357, 9380, 9399, 9439, 9459, 9472, 9523, 9533, 9544, 9561, 9615, 9731, 9776, 9919, 9975, 10000, 10148, 10195, 10283, 10340, 10365, 10395, 10453, 10460, 10481, 10485, 10504, 10521, 10530, 10532, 10618, 10629, 10703, 10753, 10783, 10819, 10828, 10830, 10834, 10839, 10877, 10920, 10930, 10951, 10971, 10982, 11009, 11027, 11041, 11067, 11121, 11132, 11230, 11265, 11320, 11353, 11383, 11389, 11395, 11419, 11428, 11431, 11437, 11455, 11476, 11515, 11530, 11554, 11560, 11563, 11572, 11588, 11596, 11663, 11667, 11719, 11739, 11770, 11774, 11806, 11811, 11818, 11907, 11934, 11953, 11969, 12005, 12029, 12085, 12101, 12119, 12152, 12225, 12241, 12299, 12317, 12322, 12392, 12419, 12431, 12461, 12476, 12478, 12508, 12547, 12624, 12657, 12663, 12680, 12718, 12723, 12736, 12750, 12775, 12791, 12795, 12797, 12800, 12802, 12810, 12845, 12861, 12917, 12927, 12932, 13013, 13067, 13084, 13086, 13112, 13147, 13168, 13180, 13186, 13192, 13218, 13243, 13264, 13297, 13309, 13358, 13368, 13401, 13416, 13427, 13452, 13463, 13473, 13485, 13494, 13497, 13510, 13523, 13541, 13552, 13563, 13606, 13622, 13628, 13640, 13654, 13674, 13676, 13681, 13691, 13697, 13721, 13748, 13763, 13774, 13798, 13819, 13832, 13842, 13889, 13898, 13927, 13974, 14002, 14077, 14085, 14089, 14134, 14139, 14155, 14157, 14224, 14227, 14232, 14236, 14247, 14252, 14256, 14284, 14287, 14328, 14368, 14386, 14406, 14413, 14417, 14485, 14497, 14509, 14516, 14527, 14546, 14589, 14613, 14685, 14710, 14720, 14807, 14823, 14843, 14864, 14873, 14918, 14921, 14938, 14949, 14964, 14992, 14999, 15006, 15101, 15177, 15205, 15250, 15283, 15296, 15344, 15352, 15402, 15507, 15551, 15556, 15563, 15571, 15582, 15589, 15600, 15632, 15678, 15698, 15710, 15722, 15775, 15794, 15807, 15809, 15820, 15834, 15849, 15869, 15875, 15880, 15884, 15900, 15902, 15907, 15944, 15986, 15999, 16030, 16061, 16063, 16075, 16134, 16141, 16145, 16156, 16170, 16243, 16254, 16287, 16335, 16341, 16344, 16378, 16392, 16418, 16425, 16438, 16465, 16476, 16492, 16497, 16499, 16502, 16513, 16535, 16552, 16612, 16663, 16673, 16689, 16706, 16785, 16802, 16848, 16857, 16867, 16891, 16917, 16930, 16994, 17013, 17017, 17019, 17023, 17033, 17038, 17041, 17092, 17173, 17177, 17193, 17206, 17219, 17221, 17261, 17273, 17299, 17311, 17374, 17377, 17391, 17447, 17466, 17481, 17492, 17526, 17530, 17710, 17738, 17747, 17778, 17815, 17825, 17855, 17913, 17923, 17932, 17968, 18050, 18058, 18076, 18078, 18104, 18132, 18153, 18201, 18222, 18281, 18286, 18296, 18359, 18423, 18455, 18474, 18505, 18517, 18520, 18526, 18528, 18599, 18602, 18654, 18676, 18720, 18760, 18764, 18772, 18829, 18839, 18851, 18855, 18882, 18904, 18922, 18942, 18960, 18973, 18986, 19005, 19015, 19050, 19056, 19128, 19132, 19135, 19174, 19226, 19241, 19289, 19337, 19348, 19365, 19367, 19378, 19388, 19390, 19408, 19426, 19440, 19501, 19513, 19515, 19538, 19543, 19562, 19569, 19619, 19623, 19625, 19627, 19638, 19799, 19814, 19839, 19872, 19880, 19910, 19926, 19933, 19942, 20037, 20049, 20088, 20096, 20114, 20126, 20171, 20173, 20176, 20178, 20250, 20260, 20327]","[54, 190, 442, 2021, 2694, 2948, 3267, 3543, 3791, 4818, 5441, 6229, 6443, 7045, 7268, 8026, 8302, 9149, 9467, 10104, 10448, 10714, 11757, 12272, 12615, 13267, 13505, 14028, 14704, 15348, 15771, 16955, 17864, 19081]",20335,821,19514,34,787,19514,0
-1.5,GIBPROTP1A,"[4, 7, 56, 67, 112, 160, 164, 179, 234, 245, 260, 274, 380]",[160],"[4, 7, 56, 67, 112, 164, 179, 234, 245, 260, 274, 380]",[160],393,13,380,1,12,380,0
-1.5,GORAFPA,"[20, 31, 33, 55, 75, 103, 132, 167, 169, 210, 264, 288, 295, 379, 399, 410, 437, 447, 462, 464, 508, 537, 605, 625, 699, 703, 789, 811, 842, 919, 923, 999, 1156, 1171, 1189, 1201, 1205, 1243, 1288, 1298, 1315, 1320, 1322, 1368, 1409, 1423, 1441, 1466, 1469, 1543, 1595, 1677, 1709, 1742, 1763, 1780, 1832, 1860, 1881, 1892, 1894, 1909, 1931, 1939, 2021, 2116, 2125, 2163, 2174, 2199, 2232, 2261, 2268, 2272, 2332, 2335, 2337, 2395, 2404, 2448, 2455, 2495, 2530, 2540, 2551, 2613, 2746, 2784, 2807, 2843, 2871, 2883, 2930, 2939, 2955, 2959, 2969, 2982, 3033, 3066, 3126, 3173, 3276, 3306, 3333, 3362, 3364, 3426, 3434, 3438, 3575, 3653, 3678, 3684, 3703, 3709, 3717, 3790, 3808, 3924, 3929, 3938, 3954, 4002, 4090, 4092, 4144, 4151, 4180, 4192, 4232, 4262, 4313, 4333, 4358, 4363, 4369, 4421, 4427, 4440, 4522, 4535, 4561, 4564, 4568, 4572, 4574, 4576, 4578, 4580, 4584, 4596, 4600, 4624, 4721, 4723, 4729, 4744, 4757, 4765, 4773, 4776, 4797, 4806, 4820, 4881, 4883, 4885, 4902, 4918, 5042, 5056, 5123, 5181, 5206, 5295, 5324, 5395, 5407, 5414, 5417, 5457, 5476, 5520, 5533, 5541, 5550, 5557, 5573, 5580, 5590, 5602, 5626, 5634, 5654, 5657, 5686, 5774, 5813, 5848, 5866, 5876, 5901, 5934, 6046, 6085, 6101, 6108, 6121, 6125, 6153, 6220, 6285, 6318, 6356, 6364, 6396, 6405, 6434, 6456, 6493, 6504, 6554, 6571, 6590, 6663, 6760, 6777, 6789, 6794, 6839, 6849, 6856, 6889, 6905, 6927, 6976, 6980, 6990, 7027, 7046, 7050, 7154, 7156, 7160, 7192, 7217, 7227, 7304, 7306, 7314, 7325, 7394, 7420, 7445, 7454, 7527, 7548, 7614, 7625, 7629, 7723, 7728, 7766, 7795, 7829, 7875, 7947, 8046, 8107, 8122, 8257, 8299, 8334, 8367, 8370, 8374, 8404, 8409, 8421, 8434, 8466, 8503, 8510, 8594, 8617, 8651, 8707, 8734, 8836, 8921, 8936, 8946, 9033, 9108, 9177, 9212, 9215, 9237, 9240, 9332, 9349, 9385, 9394, 9421, 9431, 9445, 9522, 9540, 9548, 9552, 9561, 9589, 9592, 9650, 9755, 9881, 9903, 9917, 9982, 9988, 10025, 10041, 10070, 10079, 10082, 10134, 10136, 10144, 10148, 10151, 10163, 10165, 10248, 10310, 10346, 10364, 10408, 10422, 10433, 10459, 10488, 10516, 10545, 10574, 10652, 10700, 10718, 10727, 10731, 10781, 10807, 10815, 10844, 10884, 10890, 10903, 10958, 10971, 10990, 11078, 11084, 11105, 11145, 11175, 11205, 11499, 11502, 11508, 11544, 11566, 11629, 11641, 11661, 11708, 11720, 11737, 11781, 11813, 11823, 11840, 11920, 11979, 12024, 12108, 12110, 12123, 12128, 12153, 12170, 12175, 12178, 12201, 12206, 12246, 12267, 12272, 12276, 12309, 12346, 12364, 12377, 12380, 12467, 12491, 12528, 12542, 12575, 12579, 12584, 12665, 12675, 12793, 12815, 12921, 12923, 12941, 12996, 13037, 13041, 13052, 13115, 13119, 13169, 13226, 13334, 13378, 13421, 13447, 13486, 13519, 13570, 13581, 13605, 13639, 13641, 13688, 13691, 13711, 13737, 13751, 13795, 13807, 13841, 13906, 13937, 13962, 13968, 14087, 14097, 14104, 14113, 14138, 14183, 14188, 14197, 14200, 14225, 14240, 14263, 14267, 14318, 14331, 14349, 14364, 14386, 14401, 14407, 14424, 14441, 14492, 14496, 14568, 14610, 14672, 14693, 14707, 14711, 14713, 14722, 14748, 14791, 14803, 14826, 14841, 14850, 14852, 14881, 14907, 14914, 14920, 14987, 15145, 15195, 15202, 15218, 15235, 15251, 15255, 15283, 15290, 15339, 15412, 15427, 15446, 15453, 15470, 15480, 15492, 15537, 15539, 15545, 15555, 15612, 15620, 15744, 15758, 15790, 15801, 15823, 15832, 15917, 15919, 15927, 15929, 15935, 15939, 15952, 15956, 15960, 15982, 16063, 16067, 16071, 16085, 16181, 16207, 16237, 16308, 16382, 16405, 16415, 16417, 16425, 16474, 16477, 16539, 16553, 16555, 16581, 16630, 16731, 16760, 16780, 16794, 16798, 16816, 16828, 16835, 16845, 16856, 16883, 16885, 16906, 17004, 17010, 17027, 17044, 17058, 17064, 17070, 17079, 17134, 17188, 17195, 17207, 17255, 17291, 17304, 17313, 17328, 17330, 17366, 17374, 17376, 17390, 17457, 17462, 17467, 17511, 17555, 17567, 17569, 17571, 17576, 17580, 17585, 17592, 17601, 17607, 17641, 17675, 17701, 17717, 17759, 17782, 17816, 17834, 17852, 17882, 18055, 18076, 18093, 18099, 18115, 18201, 18218, 18257, 18270, 18273, 18300, 18426, 18434, 18453, 18460, 18511, 18515, 18607, 18638, 18678, 18680, 18682, 18694, 18700, 18702, 18713, 18723, 18728, 18761, 18777, 18868, 18874, 18911, 18918, 18940, 18989, 19030, 19033, 19048, 19104, 19118, 19127, 19201, 19231, 19311, 19430, 19475, 19541, 19603, 19605, 19646, 19676, 19729, 19748, 19772, 19782, 19814, 19820, 19876, 19898, 19955, 20187, 20192, 20206, 20215, 20297, 20301, 20326, 20382, 20420, 20427, 20434, 20444, 20467, 20474, 20478, 20487, 20495, 20502, 20514, 20565, 20584, 20600, 20617, 20619, 20692, 20707, 20718, 20741, 20846, 20879, 20906, 20953, 21040, 21074, 21076, 21088, 21186, 21194, 21207, 21279, 21287, 21353, 21358, 21369, 21374, 21377, 21413, 21445, 21499, 21510, 21520, 21563, 21579, 21581, 21659, 21688, 21701, 21704, 21744, 21781, 21836, 21890, 21919, 21925, 21974, 22056, 22091, 22129, 22155, 22176, 22190, 22263, 22283, 22316, 22322, 22346, 22382, 22417, 22454, 22476, 22488, 22490, 22550, 22558, 22578, 22603, 22638, 22647, 22649, 22811, 22826, 22828, 22846, 22896, 22937, 22941, 22983, 22986, 23003, 23096, 23104, 23106, 23108, 23110, 23112, 23114, 23116, 23118, 23120, 23122, 23124, 23126, 23130, 23138, 23140, 23144, 23146, 23148, 23150, 23158, 23160, 23162, 23164, 23168, 23173, 23175, 23194, 23197, 23229, 23233, 23237, 23260, 23317, 23338, 23355, 23410, 23424, 23489, 23511, 23533, 23539, 23562, 23613, 23624, 23698, 23759, 23763, 23776, 23825, 23877, 23888, 23908, 23937, 23976, 23987, 24060, 24062, 24064, 24081, 24093, 24316, 24371, 24387, 24393, 24402, 24429, 24517, 24526, 24529, 24538, 24558]","[999, 1860, 2955, 5457, 6760, 7766, 9445, 11629, 13421, 14087, 14707, 16581, 17834]","[20, 31, 33, 55, 75, 103, 132, 167, 169, 210, 264, 288, 295, 379, 399, 410, 437, 447, 462, 464, 508, 537, 605, 625, 699, 703, 789, 811, 842, 919, 923, 1156, 1171, 1189, 1201, 1205, 1243, 1288, 1298, 1315, 1320, 1322, 1368, 1409, 1423, 1441, 1466, 1469, 1543, 1595, 1677, 1709, 1742, 1763, 1780, 1832, 1881, 1892, 1894, 1909, 1931, 1939, 2021, 2116, 2125, 2163, 2174, 2199, 2232, 2261, 2268, 2272, 2332, 2335, 2337, 2395, 2404, 2448, 2455, 2495, 2530, 2540, 2551, 2613, 2746, 2784, 2807, 2843, 2871, 2883, 2930, 2939, 2959, 2969, 2982, 3033, 3066, 3126, 3173, 3276, 3306, 3333, 3362, 3364, 3426, 3434, 3438, 3575, 3653, 3678, 3684, 3703, 3709, 3717, 3790, 3808, 3924, 3929, 3938, 3954, 4002, 4090, 4092, 4144, 4151, 4180, 4192, 4232, 4262, 4313, 4333, 4358, 4363, 4369, 4421, 4427, 4440, 4522, 4535, 4561, 4564, 4568, 4572, 4574, 4576, 4578, 4580, 4584, 4596, 4600, 4624, 4721, 4723, 4729, 4744, 4757, 4765, 4773, 4776, 4797, 4806, 4820, 4881, 4883, 4885, 4902, 4918, 5042, 5056, 5123, 5181, 5206, 5295, 5324, 5395, 5407, 5414, 5417, 5476, 5520, 5533, 5541, 5550, 5557, 5573, 5580, 5590, 5602, 5626, 5634, 5654, 5657, 5686, 5774, 5813, 5848, 5866, 5876, 5901, 5934, 6046, 6085, 6101, 6108, 6121, 6125, 6153, 6220, 6285, 6318, 6356, 6364, 6396, 6405, 6434, 6456, 6493, 6504, 6554, 6571, 6590, 6663, 6777, 6789, 6794, 6839, 6849, 6856, 6889, 6905, 6927, 6976, 6980, 6990, 7027, 7046, 7050, 7154, 7156, 7160, 7192, 7217, 7227, 7304, 7306, 7314, 7325, 7394, 7420, 7445, 7454, 7527, 7548, 7614, 7625, 7629, 7723, 7728, 7795, 7829, 7875, 7947, 8046, 8107, 8122, 8257, 8299, 8334, 8367, 8370, 8374, 8404, 8409, 8421, 8434, 8466, 8503, 8510, 8594, 8617, 8651, 8707, 8734, 8836, 8921, 8936, 8946, 9033, 9108, 9177, 9212, 9215, 9237, 9240, 9332, 9349, 9385, 9394, 9421, 9431, 9522, 9540, 9548, 9552, 9561, 9589, 9592, 9650, 9755, 9881, 9903, 9917, 9982, 9988, 10025, 10041, 10070, 10079, 10082, 10134, 10136, 10144, 10148, 10151, 10163, 10165, 10248, 10310, 10346, 10364, 10408, 10422, 10433, 10459, 10488, 10516, 10545, 10574, 10652, 10700, 10718, 10727, 10731, 10781, 10807, 10815, 10844, 10884, 10890, 10903, 10958, 10971, 10990, 11078, 11084, 11105, 11145, 11175, 11205, 11499, 11502, 11508, 11544, 11566, 11641, 11661, 11708, 11720, 11737, 11781, 11813, 11823, 11840, 11920, 11979, 12024, 12108, 12110, 12123, 12128, 12153, 12170, 12175, 12178, 12201, 12206, 12246, 12267, 12272, 12276, 12309, 12346, 12364, 12377, 12380, 12467, 12491, 12528, 12542, 12575, 12579, 12584, 12665, 12675, 12793, 12815, 12921, 12923, 12941, 12996, 13037, 13041, 13052, 13115, 13119, 13169, 13226, 13334, 13378, 13447, 13486, 13519, 13570, 13581, 13605, 13639, 13641, 13688, 13691, 13711, 13737, 13751, 13795, 13807, 13841, 13906, 13937, 13962, 13968, 14097, 14104, 14113, 14138, 14183, 14188, 14197, 14200, 14225, 14240, 14263, 14267, 14318, 14331, 14349, 14364, 14386, 14401, 14407, 14424, 14441, 14492, 14496, 14568, 14610, 14672, 14693, 14711, 14713, 14722, 14748, 14791, 14803, 14826, 14841, 14850, 14852, 14881, 14907, 14914, 14920, 14987, 15145, 15195, 15202, 15218, 15235, 15251, 15255, 15283, 15290, 15339, 15412, 15427, 15446, 15453, 15470, 15480, 15492, 15537, 15539, 15545, 15555, 15612, 15620, 15744, 15758, 15790, 15801, 15823, 15832, 15917, 15919, 15927, 15929, 15935, 15939, 15952, 15956, 15960, 15982, 16063, 16067, 16071, 16085, 16181, 16207, 16237, 16308, 16382, 16405, 16415, 16417, 16425, 16474, 16477, 16539, 16553, 16555, 16630, 16731, 16760, 16780, 16794, 16798, 16816, 16828, 16835, 16845, 16856, 16883, 16885, 16906, 17004, 17010, 17027, 17044, 17058, 17064, 17070, 17079, 17134, 17188, 17195, 17207, 17255, 17291, 17304, 17313, 17328, 17330, 17366, 17374, 17376, 17390, 17457, 17462, 17467, 17511, 17555, 17567, 17569, 17571, 17576, 17580, 17585, 17592, 17601, 17607, 17641, 17675, 17701, 17717, 17759, 17782, 17816, 17852, 17882, 18055, 18076, 18093, 18099, 18115, 18201, 18218, 18257, 18270, 18273, 18300, 18426, 18434, 18453, 18460, 18511, 18515, 18607, 18638, 18678, 18680, 18682, 18694, 18700, 18702, 18713, 18723, 18728, 18761, 18777, 18868, 18874, 18911, 18918, 18940, 18989, 19030, 19033, 19048, 19104, 19118, 19127, 19201, 19231, 19311, 19430, 19475, 19541, 19603, 19605, 19646, 19676, 19729, 19748, 19772, 19782, 19814, 19820, 19876, 19898, 19955, 20187, 20192, 20206, 20215, 20297, 20301, 20326, 20382, 20420, 20427, 20434, 20444, 20467, 20474, 20478, 20487, 20495, 20502, 20514, 20565, 20584, 20600, 20617, 20619, 20692, 20707, 20718, 20741, 20846, 20879, 20906, 20953, 21040, 21074, 21076, 21088, 21186, 21194, 21207, 21279, 21287, 21353, 21358, 21369, 21374, 21377, 21413, 21445, 21499, 21510, 21520, 21563, 21579, 21581, 21659, 21688, 21701, 21704, 21744, 21781, 21836, 21890, 21919, 21925, 21974, 22056, 22091, 22129, 22155, 22176, 22190, 22263, 22283, 22316, 22322, 22346, 22382, 22417, 22454, 22476, 22488, 22490, 22550, 22558, 22578, 22603, 22638, 22647, 22649, 22811, 22826, 22828, 22846, 22896, 22937, 22941, 22983, 22986, 23003, 23096, 23104, 23106, 23108, 23110, 23112, 23114, 23116, 23118, 23120, 23122, 23124, 23126, 23130, 23138, 23140, 23144, 23146, 23148, 23150, 23158, 23160, 23162, 23164, 23168, 23173, 23175, 23194, 23197, 23229, 23233, 23237, 23260, 23317, 23338, 23355, 23410, 23424, 23489, 23511, 23533, 23539, 23562, 23613, 23624, 23698, 23759, 23763, 23776, 23825, 23877, 23888, 23908, 23937, 23976, 23987, 24060, 24062, 24064, 24081, 24093, 24316, 24371, 24387, 24393, 24402, 24429, 24517, 24526, 24529, 24538, 24558]","[999, 1860, 2955, 5457, 6760, 7766, 9445, 11629, 13421, 14087, 14707, 16581, 17834]",24599,842,23757,13,829,23757,0
-1.5,GORPROTP1A,"[8, 11, 60, 71, 116, 164, 168, 184, 245, 256, 261, 285]",[164],"[8, 11, 60, 71, 116, 168, 184, 245, 256, 261, 285]",[164],404,12,392,1,11,392,0
-1.5,GPIINS,"[81, 97, 105, 161, 178, 188, 191, 203, 207, 216, 251, 283, 292, 322, 347, 366, 414, 428, 455, 462, 464, 466, 502, 526, 558, 564, 587, 614, 622, 651, 659, 664, 667, 670, 696, 703, 725, 796, 807, 838, 855, 943, 950, 952, 956, 970, 972, 1023, 1031, 1034, 1037, 1039, 1048, 1115, 1138, 1175, 1217, 1225, 1233, 1238, 1358, 1362, 1364, 1424, 1454]",[526],"[81, 97, 105, 161, 178, 188, 191, 203, 207, 216, 251, 283, 292, 322, 347, 366, 414, 428, 455, 462, 464, 466, 502, 558, 564, 587, 614, 622, 651, 659, 664, 667, 670, 696, 703, 725, 796, 807, 838, 855, 943, 950, 952, 956, 970, 972, 1023, 1031, 1034, 1037, 1039, 1048, 1115, 1138, 1175, 1217, 1225, 1233, 1238, 1358, 1362, 1364, 1424, 1454]",[526],1464,65,1399,1,64,1399,0
-1.5,HAMAMYLP,"[9, 21, 48, 59, 110, 129, 203, 248, 257, 271, 337, 360, 362, 367, 369, 385, 423, 446, 508, 511, 539, 545, 559, 579, 618, 632, 684, 699, 735, 739, 800, 806, 847, 860, 901, 912, 917, 985, 1029, 1057, 1079, 1097, 1138, 1155, 1188, 1193, 1214, 1227, 1229, 1235, 1283, 1342, 1356, 1379, 1394, 1414, 1473, 1536, 1539, 1549, 1557, 1608, 1646, 1674, 1781, 1794, 1840, 1859, 1888, 1917, 1927, 1967, 1976, 2167, 2170, 2201, 2262, 2308, 2327, 2340, 2419, 2439, 2455, 2500, 2519, 2562, 2616, 2650, 2671, 2681, 2687, 2722, 2740, 2750, 2763, 2770, 2786, 2826, 2848, 2874, 2884, 2911, 2921, 3002, 3004, 3062, 3078, 3116, 3168, 3232, 3245, 3316, 3329, 3363, 3415, 3425, 3504, 3543, 3569, 3826, 3894, 3905, 3934, 3956, 3968, 4070, 4102, 4117, 4127, 4152, 4161, 4199, 4254, 4257, 4263, 4304, 4334, 4346, 4355, 4383, 4386, 4491, 4505, 4536, 4561, 4572, 4577, 4674, 4721, 4761, 4787, 4794, 4825, 4851, 4855, 4864, 4926, 5005, 5045, 5049, 5063, 5093, 5135, 5174, 5193, 5295, 5297, 5345, 5379, 5419, 5424, 5429, 5453, 5467, 5496, 5541, 5581, 5615, 5618, 5690, 5702, 5707, 5771, 5785, 5845, 5849, 5919]",[2308],"[9, 21, 48, 59, 110, 129, 203, 248, 257, 271, 337, 360, 362, 367, 369, 385, 423, 446, 508, 511, 539, 545, 559, 579, 618, 632, 684, 699, 735, 739, 800, 806, 847, 860, 901, 912, 917, 985, 1029, 1057, 1079, 1097, 1138, 1155, 1188, 1193, 1214, 1227, 1229, 1235, 1283, 1342, 1356, 1379, 1394, 1414, 1473, 1536, 1539, 1549, 1557, 1608, 1646, 1674, 1781, 1794, 1840, 1859, 1888, 1917, 1927, 1967, 1976, 2167, 2170, 2201, 2262, 2327, 2340, 2419, 2439, 2455, 2500, 2519, 2562, 2616, 2650, 2671, 2681, 2687, 2722, 2740, 2750, 2763, 2770, 2786, 2826, 2848, 2874, 2884, 2911, 2921, 3002, 3004, 3062, 3078, 3116, 3168, 3232, 3245, 3316, 3329, 3363, 3415, 3425, 3504, 3543, 3569, 3826, 3894, 3905, 3934, 3956, 3968, 4070, 4102, 4117, 4127, 4152, 4161, 4199, 4254, 4257, 4263, 4304, 4334, 4346, 4355, 4383, 4386, 4491, 4505, 4536, 4561, 4572, 4577, 4674, 4721, 4761, 4787, 4794, 4825, 4851, 4855, 4864, 4926, 5005, 5045, 5049, 5063, 5093, 5135, 5174, 5193, 5295, 5297, 5345, 5379, 5419, 5424, 5429, 5453, 5467, 5496, 5541, 5581, 5615, 5618, 5690, 5702, 5707, 5771, 5785, 5845, 5849, 5919]",[2308],5947,187,5760,1,186,5760,0
-1.5,HAMHG5,"[10, 12, 14, 16, 18, 20, 22, 24, 26, 28, 30, 32, 34, 36, 40, 44, 48, 52, 56, 60, 62, 68, 70, 78, 92, 152, 172, 178, 184, 212, 251, 280, 331, 346, 399, 407, 424, 428, 478, 510, 530, 548, 550, 554, 570, 588, 609, 615, 640, 664, 724, 781, 846, 852, 900, 921, 933, 953, 965, 977, 1062, 1075, 1115, 1132, 1189, 1225, 1236, 1253, 1327, 1333, 1357, 1373, 1377, 1385, 1408, 1484, 1623, 1640, 1690, 1719, 1724, 1817, 1857, 1870, 1886, 1900, 1905, 1909, 1919, 1976, 1982, 1999, 2005, 2028, 2101, 2146, 2153, 2155, 2157, 2159, 2161, 2163, 2165, 2167, 2169, 2171, 2173, 2175, 2177, 2179, 2181, 2183, 2185, 2187, 2191, 2198, 2214, 2261, 2301, 2338, 2362, 2369, 2388, 2427, 2443, 2464, 2468, 2473, 2521, 2616, 2623, 2679, 2699, 2711, 2720, 2734, 2767, 2817, 2821, 2825, 2827, 2897, 2913, 2920, 2963, 2965, 2967, 2969, 2971, 2973, 2975, 2977, 2979, 2981, 2983, 2985, 2987, 2989, 2991, 2993, 2997, 3001, 3005, 3009, 3013, 3017, 3021, 3097, 3124, 3139, 3152, 3159, 3164, 3213, 3223, 3229, 3239, 3251, 3272, 3326, 3334, 3340, 3345, 3425, 3433, 3461, 3501, 3547, 3591, 3609, 3613, 3620, 3642, 3644, 3678, 3689, 3722, 3789, 3822, 3846, 3893, 3933, 3950, 4022, 4042, 4067, 4089, 4094, 4103, 4127, 4184, 4213, 4237, 4247, 4277, 4280, 4283, 4290, 4319, 4410, 4418, 4420, 4517, 4541, 4549, 4571, 4589, 4598, 4601, 4610, 4619, 4633, 4662, 4682, 4689, 4692, 4703, 4712, 4730, 4780, 4805, 4856, 4873, 4876, 4931, 4982, 4984, 5060, 5078, 5104, 5152, 5196, 5212, 5284, 5387, 5395, 5403, 5421, 5439, 5460, 5517, 5575, 5598, 5603, 5637, 5639, 5652, 5716, 5724, 5764, 5773, 5779, 5810, 5814, 5841, 5852, 5905, 5907, 5920, 5935, 5947, 5953, 5989, 5995, 6007, 6025, 6109, 6145, 6160, 6188, 6212, 6236, 6286, 6294, 6339, 6342, 6348, 6362, 6398, 6407, 6462, 6478, 6597, 6613, 6694, 6714, 6724, 6741, 6769, 6780, 6827, 6916, 6932, 6978, 7003, 7008, 7011, 7017, 7060, 7128, 7156, 7213, 7229, 7240, 7258, 7261, 7282, 7287, 7311, 7404, 7420, 7427, 7441, 7445, 7490, 7493, 7557, 7576, 7581, 7583, 7601, 7608, 7610, 7668, 7679, 7690, 7829, 7838, 7874, 7931, 7956, 7982, 8028, 8108, 8122, 8209, 8215, 8258, 8262, 8281, 8286, 8295, 8387, 8396, 8406, 8427, 8452, 8509, 8569, 8610, 8625, 8635, 8667, 8719, 8793, 8795, 8803, 8807, 8812, 8840, 8862, 8881, 8895, 8932, 9008, 9013, 9031, 9035, 9040, 9059, 9121, 9149, 9182, 9223, 9231, 9260, 9284, 9336, 9354, 9416, 9424, 9475, 9525, 9572, 9658]","[4856, 5517, 6188, 6597, 7441]","[10, 12, 14, 16, 18, 20, 22, 24, 26, 28, 30, 32, 34, 36, 40, 44, 48, 52, 56, 60, 62, 68, 70, 78, 92, 152, 172, 178, 184, 212, 251, 280, 331, 346, 399, 407, 424, 428, 478, 510, 530, 548, 550, 554, 570, 588, 609, 615, 640, 664, 724, 781, 846, 852, 900, 921, 933, 953, 965, 977, 1062, 1075, 1115, 1132, 1189, 1225, 1236, 1253, 1327, 1333, 1357, 1373, 1377, 1385, 1408, 1484, 1623, 1640, 1690, 1719, 1724, 1817, 1857, 1870, 1886, 1900, 1905, 1909, 1919, 1976, 1982, 1999, 2005, 2028, 2101, 2146, 2153, 2155, 2157, 2159, 2161, 2163, 2165, 2167, 2169, 2171, 2173, 2175, 2177, 2179, 2181, 2183, 2185, 2187, 2191, 2198, 2214, 2261, 2301, 2338, 2362, 2369, 2388, 2427, 2443, 2464, 2468, 2473, 2521, 2616, 2623, 2679, 2699, 2711, 2720, 2734, 2767, 2817, 2821, 2825, 2827, 2897, 2913, 2920, 2963, 2965, 2967, 2969, 2971, 2973, 2975, 2977, 2979, 2981, 2983, 2985, 2987, 2989, 2991, 2993, 2997, 3001, 3005, 3009, 3013, 3017, 3021, 3097, 3124, 3139, 3152, 3159, 3164, 3213, 3223, 3229, 3239, 3251, 3272, 3326, 3334, 3340, 3345, 3425, 3433, 3461, 3501, 3547, 3591, 3609, 3613, 3620, 3642, 3644, 3678, 3689, 3722, 3789, 3822, 3846, 3893, 3933, 3950, 4022, 4042, 4067, 4089, 4094, 4103, 4127, 4184, 4213, 4237, 4247, 4277, 4280, 4283, 4290, 4319, 4410, 4418, 4420, 4517, 4541, 4549, 4571, 4589, 4598, 4601, 4610, 4619, 4633, 4662, 4682, 4689, 4692, 4703, 4712, 4730, 4780, 4805, 4873, 4876, 4931, 4982, 4984, 5060, 5078, 5104, 5152, 5196, 5212, 5284, 5387, 5395, 5403, 5421, 5439, 5460, 5575, 5598, 5603, 5637, 5639, 5652, 5716, 5724, 5764, 5773, 5779, 5810, 5814, 5841, 5852, 5905, 5907, 5920, 5935, 5947, 5953, 5989, 5995, 6007, 6025, 6109, 6145, 6160, 6212, 6236, 6286, 6294, 6339, 6342, 6348, 6362, 6398, 6407, 6462, 6478, 6613, 6694, 6714, 6724, 6741, 6769, 6780, 6827, 6916, 6932, 6978, 7003, 7008, 7011, 7017, 7060, 7128, 7156, 7213, 7229, 7240, 7258, 7261, 7282, 7287, 7311, 7404, 7420, 7427, 7445, 7490, 7493, 7557, 7576, 7581, 7583, 7601, 7608, 7610, 7668, 7679, 7690, 7829, 7838, 7874, 7931, 7956, 7982, 8028, 8108, 8122, 8209, 8215, 8258, 8262, 8281, 8286, 8295, 8387, 8396, 8406, 8427, 8452, 8509, 8569, 8610, 8625, 8635, 8667, 8719, 8793, 8795, 8803, 8807, 8812, 8840, 8862, 8881, 8895, 8932, 9008, 9013, 9031, 9035, 9040, 9059, 9121, 9149, 9182, 9223, 9231, 9260, 9284, 9336, 9354, 9416, 9424, 9475, 9525, 9572, 9658]","[4856, 5517, 6188, 6597, 7441]",9711,405,9306,5,400,9306,0
-1.5,HROAMD1,"[54, 134, 137, 149, 157, 171, 206, 237, 259, 286, 289, 319, 355, 368, 402, 441, 451, 457, 461, 546, 581, 585, 704, 717, 778, 798, 824, 860, 896, 938, 1017, 1043, 1072, 1104, 1241, 1243, 1351, 1353, 1369, 1378, 1390, 1437, 1461, 1486, 1539, 1566, 1585, 1590, 1629, 1647, 1655, 1664, 1686, 1776, 1796, 1955, 2017, 2112, 2160, 2173, 2219, 2239, 2286, 2322, 2331, 2341, 2376, 2426, 2486, 2515, 2543, 2579, 2626, 2633, 2640, 2642, 2648, 2674, 2687, 2695, 2715, 2754, 2815, 2835, 2854, 2893, 2898, 2903, 2911, 2914, 2920, 3063, 3094, 3239, 3260, 3266, 3282, 3290, 3327, 3337, 3343, 3348, 3357, 3377, 3389, 3462, 3486, 3494, 3573, 3607, 3612, 3628, 3644, 3649, 3659, 3663, 3665, 3828, 3830, 3834, 3903, 3928, 3963, 3972, 3986, 3997, 4013, 4081, 4181, 4217, 4254, 4261, 4267, 4347, 4461, 4467, 4600, 4693, 4700, 4704, 4739, 4744, 4754, 4761, 4772, 4788, 4795, 4807, 4816, 4823, 4829, 4839, 4858, 4864, 4872, 4885, 4951, 4979, 5014, 5022, 5054, 5057, 5134, 5138, 5140, 5145, 5161, 5204, 5207, 5260, 5291, 5311, 5316, 5318, 5336, 5341, 5358, 5373, 5380, 5383, 5389, 5413, 5420, 5423, 5483, 5494, 5505, 5528, 5575, 5594, 5632, 5634, 5651, 5710, 5723, 5727, 5734, 5738, 5795, 5836, 5869, 5915, 5958, 5962, 6063, 6068, 6073, 6078, 6109, 6112, 6119, 6126, 6142, 6186, 6212, 6216, 6242, 6261, 6264, 6380, 6408, 6415, 6449, 6480, 6531, 6557, 6587, 6669, 6708, 6719, 6728, 6748, 6799, 6811, 6824, 6863, 6893, 6969, 6978, 6983, 7001]","[2687, 3486, 4700]","[54, 134, 137, 149, 157, 171, 206, 237, 259, 286, 289, 319, 355, 368, 402, 441, 451, 457, 461, 546, 581, 585, 704, 717, 778, 798, 824, 860, 896, 938, 1017, 1043, 1072, 1104, 1241, 1243, 1351, 1353, 1369, 1378, 1390, 1437, 1461, 1486, 1539, 1566, 1585, 1590, 1629, 1647, 1655, 1664, 1686, 1776, 1796, 1955, 2017, 2112, 2160, 2173, 2219, 2239, 2286, 2322, 2331, 2341, 2376, 2426, 2486, 2515, 2543, 2579, 2626, 2633, 2640, 2642, 2648, 2674, 2695, 2715, 2754, 2815, 2835, 2854, 2893, 2898, 2903, 2911, 2914, 2920, 3063, 3094, 3239, 3260, 3266, 3282, 3290, 3327, 3337, 3343, 3348, 3357, 3377, 3389, 3462, 3494, 3573, 3607, 3612, 3628, 3644, 3649, 3659, 3663, 3665, 3828, 3830, 3834, 3903, 3928, 3963, 3972, 3986, 3997, 4013, 4081, 4181, 4217, 4254, 4261, 4267, 4347, 4461, 4467, 4600, 4693, 4704, 4739, 4744, 4754, 4761, 4772, 4788, 4795, 4807, 4816, 4823, 4829, 4839, 4858, 4864, 4872, 4885, 4951, 4979, 5014, 5022, 5054, 5057, 5134, 5138, 5140, 5145, 5161, 5204, 5207, 5260, 5291, 5311, 5316, 5318, 5336, 5341, 5358, 5373, 5380, 5383, 5389, 5413, 5420, 5423, 5483, 5494, 5505, 5528, 5575, 5594, 5632, 5634, 5651, 5710, 5723, 5727, 5734, 5738, 5795, 5836, 5869, 5915, 5958, 5962, 6063, 6068, 6073, 6078, 6109, 6112, 6119, 6126, 6142, 6186, 6212, 6216, 6242, 6261, 6264, 6380, 6408, 6415, 6449, 6480, 6531, 6557, 6587, 6669, 6708, 6719, 6728, 6748, 6799, 6811, 6824, 6863, 6893, 6969, 6978, 6983, 7001]","[2687, 3486, 4700]",7091,241,6850,3,238,6850,0
-1.5,HROMA2,"[18, 20, 33, 41, 98, 127, 175, 217, 219, 224, 259, 284, 292, 315, 339, 344, 349, 358, 393, 397, 415, 423, 427, 450, 511, 574, 576, 686, 705, 739, 743, 757, 762, 769, 773, 777, 781, 808, 820, 825, 838, 844, 902, 916, 919, 988, 996, 1000, 1016, 1163, 1174, 1280, 1285, 1300, 1316, 1351, 1384, 1397, 1405, 1417, 1450, 1486, 1497, 1547, 1601, 1640, 1709]","[739, 1174]","[18, 20, 33, 41, 98, 127, 175, 217, 219, 224, 259, 284, 292, 315, 339, 344, 349, 358, 393, 397, 415, 423, 427, 450, 511, 574, 576, 686, 705, 743, 757, 762, 769, 773, 777, 781, 808, 820, 825, 838, 844, 902, 916, 919, 988, 996, 1000, 1016, 1163, 1280, 1285, 1300, 1316, 1351, 1384, 1397, 1405, 1417, 1450, 1486, 1497, 1547, 1601, 1640, 1709]","[739, 1174]",1779,67,1712,2,65,1712,0
-1.5,HROMA4A,"[45, 69, 135, 150, 161, 184, 217, 219, 265, 321, 388, 390, 403, 411, 468, 497, 544, 562, 588, 593, 628, 653, 661, 684, 708, 713, 718, 727, 755, 762, 766, 784, 792, 819, 880, 943, 945, 1055, 1074, 1108, 1114, 1126, 1131, 1134, 1138, 1142, 1185, 1200, 1204, 1206, 1225, 1304, 1316, 1321, 1334, 1340, 1398, 1412, 1415, 1484, 1492, 1496, 1512, 1670, 1769, 1774, 1789, 1805, 1840, 1873, 1886, 1894, 1906, 1939, 1975, 1986, 2036, 2090, 2129, 2166, 2178, 2198, 2287, 2291]","[1108, 1670]","[45, 69, 135, 150, 161, 184, 217, 219, 265, 321, 388, 390, 403, 411, 468, 497, 544, 562, 588, 593, 628, 653, 661, 684, 708, 713, 718, 727, 755, 762, 766, 784, 792, 819, 880, 943, 945, 1055, 1074, 1114, 1126, 1131, 1134, 1138, 1142, 1185, 1200, 1204, 1206, 1225, 1304, 1316, 1321, 1334, 1340, 1398, 1412, 1415, 1484, 1492, 1496, 1512, 1769, 1774, 1789, 1805, 1840, 1873, 1886, 1894, 1906, 1939, 1975, 1986, 2036, 2090, 2129, 2166, 2178, 2198, 2287, 2291]","[1108, 1670]",2331,84,2247,2,82,2247,0
-1.5,HRSPRMI,"[49, 133, 138, 160, 191, 213, 237, 247, 251, 264, 297, 340, 416, 435, 444, 487, 551, 570, 573, 662, 683, 706, 722, 731, 750, 799, 801, 828, 830, 846, 935, 974, 984, 1064, 1107, 1113, 1157, 1211, 1228, 1237, 1245, 1266, 1349, 1389, 1416, 1448, 1492, 1556, 1605, 1644, 1685, 1710, 1797, 1826, 1834, 1880, 1904, 1906, 1941, 2017, 2029, 2039, 2047, 2064, 2134, 2138, 2144, 2155, 2157, 2166, 2184, 2197]",[722],"[49, 133, 138, 160, 191, 213, 237, 247, 251, 264, 297, 340, 416, 435, 444, 487, 551, 570, 573, 662, 683, 706, 731, 750, 799, 801, 828, 830, 846, 935, 974, 984, 1064, 1107, 1113, 1157, 1211, 1228, 1237, 1245, 1266, 1349, 1389, 1416, 1448, 1492, 1556, 1605, 1644, 1685, 1710, 1797, 1826, 1834, 1880, 1904, 1906, 1941, 2017, 2029, 2039, 2047, 2064, 2134, 2138, 2144, 2155, 2157, 2166, 2184, 2197]",[722],2198,72,2126,1,71,2126,0
-1.5,HS1D3HLH,"[109, 149, 173, 177, 185, 234, 271, 318, 331, 333, 380, 416, 423, 467, 507, 516, 539, 559, 617, 641, 659, 667, 674, 680, 757, 778, 780, 789, 800, 901, 937, 955, 982, 1039, 1051, 1117, 1213, 1231, 1235, 1259, 1280, 1315, 1346, 1360, 1382, 1394, 1399, 1438, 1447, 1456, 1465, 1499, 1548, 1557, 1567, 1575, 1578, 1596, 1607, 1634, 1645, 1667, 1750, 1876, 1896, 1904, 1949, 1984, 1997, 2003, 2014, 2055, 2063, 2079, 2114, 2122, 2127, 2146, 2156, 2169, 2230, 2246, 2257, 2308, 2351, 2367, 2381, 2417, 2473]",[1039],"[109, 149, 173, 177, 185, 234, 271, 318, 331, 333, 380, 416, 423, 467, 507, 516, 539, 559, 617, 641, 659, 667, 674, 680, 757, 778, 780, 789, 800, 901, 937, 955, 982, 1051, 1117, 1213, 1231, 1235, 1259, 1280, 1315, 1346, 1360, 1382, 1394, 1399, 1438, 1447, 1456, 1465, 1499, 1548, 1557, 1567, 1575, 1578, 1596, 1607, 1634, 1645, 1667, 1750, 1876, 1896, 1904, 1949, 1984, 1997, 2003, 2014, 2055, 2063, 2079, 2114, 2122, 2127, 2146, 2156, 2169, 2230, 2246, 2257, 2308, 2351, 2367, 2381, 2417, 2473]",[1039],2473,89,2384,1,88,2384,0
-1.5,HS2OXOC,"[15, 37, 70, 83, 87, 92, 98, 116, 179, 191, 201, 208, 221, 239, 304, 375, 449, 451, 461, 473, 487, 562, 564, 636, 660, 670, 755, 802, 831, 871, 894, 901, 905, 958, 975, 1016, 1021, 1047, 1076, 1095, 1104, 1112, 1130, 1162, 1173, 1252, 1288, 1350, 1364, 1401, 1414, 1421, 1425, 1451, 1456, 1461, 1470, 1616, 1627, 1645, 1674, 1694, 1698, 1700, 1719, 1723, 1731, 1742, 1825, 1857, 1859, 1878, 1880, 1894, 1939, 1943, 1954, 1995, 2013, 2087, 2099, 2208, 2227, 2239, 2286, 2400, 2404, 2460, 2484]","[116, 871, 1162, 1421, 1694, 1825]","[15, 37, 70, 83, 87, 92, 98, 179, 191, 201, 208, 221, 239, 304, 375, 449, 451, 461, 473, 487, 562, 564, 636, 660, 670, 755, 802, 831, 894, 901, 905, 958, 975, 1016, 1021, 1047, 1076, 1095, 1104, 1112, 1130, 1173, 1252, 1288, 1350, 1364, 1401, 1414, 1425, 1451, 1456, 1461, 1470, 1616, 1627, 1645, 1674, 1698, 1700, 1719, 1723, 1731, 1742, 1857, 1859, 1878, 1880, 1894, 1939, 1943, 1954, 1995, 2013, 2087, 2099, 2208, 2227, 2239, 2286, 2400, 2404, 2460, 2484]","[116, 871, 1162, 1421, 1694, 1825]",2510,89,2421,6,83,2421,0
-1.5,HSABLGR1,"[7, 14, 138, 169, 171, 185, 201, 210, 221, 226, 231, 250, 285, 305, 319, 323, 371, 380, 441, 535, 540, 619, 625, 674, 685, 708, 732, 749, 845, 860, 864, 868, 885, 895, 902, 952, 968, 992, 1024, 1037, 1080, 1112, 1155, 1158, 1165, 1171, 1224, 1236, 1279, 1338, 1346, 1370, 1412, 1428, 1516, 1521, 1560, 1592, 1645, 1666, 1670, 1679, 1700, 1727, 1788, 1860, 1895, 1897, 1903, 1927, 1938, 1981, 2006, 2073, 2076, 2142, 2154, 2175, 2218, 2265, 2274, 2278, 2414, 2451, 2468, 2545, 2567, 2647, 2651, 2655, 2695, 2739, 2771, 2816, 2825, 2846, 2859, 2880, 2923, 2959, 2977, 3020, 3054, 3058, 3082, 3110, 3130, 3140, 3159, 3163, 3178, 3182, 3215, 3220, 3222, 3247, 3265, 3287, 3289, 3293, 3297, 3299, 3315, 3344, 3382, 3435, 3463, 3476, 3507, 3519, 3526, 3551, 3593, 3596, 3603, 3636, 3677, 3683, 3829, 3845, 3851, 3857, 3873, 3908, 3915, 3926, 3960, 3962, 4040, 4108, 4121, 4135, 4148, 4166, 4198, 4208, 4240, 4243, 4250, 4256, 4315, 4321, 4356, 4369, 4415, 4425, 4479, 4506, 4511, 4528, 4593, 4608, 4623, 4628, 4673, 4757, 4804, 4806, 4826, 4856, 4865, 4869, 4895, 4905, 4960, 4965, 4967, 5051, 5085, 5108, 5119, 5152, 5157, 5159, 5214, 5218, 5268, 5284, 5288, 5296, 5300, 5312, 5317, 5334, 5342, 5359, 5396, 5427, 5453, 5465, 5495, 5517, 5519, 5528, 5614, 5666, 5719, 5882, 5890, 5919, 5926, 5958, 6019, 6028, 6039, 6047, 6049, 6059, 6081, 6108, 6125, 6260, 6273, 6312, 6315, 6334, 6360, 6461, 6479, 6497, 6500, 6508, 6512, 6514, 6527, 6540, 6567, 6592, 6604, 6617, 6665, 6672, 6678, 6705, 6708, 6743, 6756, 6758, 6764, 6778, 6820, 6824, 6826, 6904, 6908, 6922, 6932, 6977, 6996, 7002, 7049, 7056, 7070, 7079, 7084, 7121, 7168, 7188, 7197, 7212, 7223, 7252, 7254, 7388, 7420, 7465, 7499, 7504, 7507, 7661, 7696, 7724, 7727, 7754, 7802, 7862, 7864, 7895, 7897, 7899, 7939, 7993, 8039, 8046, 8060, 8082, 8113, 8139, 8141, 8181, 8265, 8293, 8316, 8332, 8339, 8356, 8378, 8395, 8428, 8450, 8470, 8538, 8543, 8622, 8676, 8679, 8720, 8724, 8778, 8792, 8800, 8802, 8806, 8835, 8870, 8893, 8895, 8903, 8950, 8956, 9004, 9030, 9035, 9075, 9114, 9120, 9148, 9189, 9191, 9194, 9199, 9201, 9209, 9230, 9238, 9244, 9250, 9294, 9310, 9318, 9330, 9340, 9367, 9379, 9450, 9456, 9496, 9507, 9550, 9568, 9610, 9636, 9652, 9698, 9709, 9717, 9719, 9732, 9753, 9755, 9782, 9871, 9876, 9881, 9895, 9914, 9971, 9999, 10009, 10016, 10020, 10032, 10043, 10050, 10067, 10073, 10091, 10112, 10121, 10132, 10138, 10207, 10225, 10246, 10256, 10265, 10278, 10310, 10353, 10362, 10370, 10378, 10380, 10400, 10413, 10417, 10441, 10444, 10501, 10509, 10520, 10535, 10539, 10544, 10547, 10557, 10572, 10582, 10606, 10623, 10627, 10718, 10723, 10728, 10762, 10794, 10850, 10861, 10871, 10884, 10933, 10950, 10960, 10991, 10999, 11005, 11010, 11052, 11074, 11079, 11090, 11094, 11118, 11135, 11145, 11158, 11167, 11192, 11216, 11303, 11333, 11339, 11354, 11363, 11370, 11378, 11411, 11437, 11442, 11447, 11466, 11480, 11487, 11557, 11570, 11597, 11632, 11704, 11749, 11774, 11795, 11800, 11815, 11837, 11845, 11858, 11861, 11872, 11884, 11895, 11903, 11929, 11951, 11988, 11992, 11996, 12007, 12019, 12024, 12066, 12083, 12099, 12103, 12120, 12138, 12168, 12205, 12215, 12222, 12239, 12277, 12325, 12327, 12332, 12337, 12345, 12396, 12401, 12413, 12416, 12434, 12439, 12454, 12465, 12499, 12511, 12550, 12552, 12564, 12598, 12651, 12656, 12695, 12727, 12772, 12781, 12792, 12806, 12815, 12836, 12863, 12880, 12906, 12940, 12948, 12982, 12989, 13016, 13058, 13094, 13111, 13154, 13172, 13183, 13188, 13203, 13205, 13209, 13231, 13251, 13262, 13285, 13303, 13330, 13371, 13407, 13413, 13442, 13444, 13451, 13454, 13479, 13500, 13513, 13537, 13539, 13560, 13572, 13579, 13640, 13659, 13662, 13683, 13696, 13782, 13810, 13819, 13842, 13866, 13875, 13890, 13935, 13960, 13963, 13987, 13996, 14022, 14038, 14064, 14075, 14107, 14112, 14125, 14171, 14198, 14200, 14240, 14267, 14291, 14324, 14326, 14385, 14416, 14421, 14431, 14438, 14465, 14487, 14496, 14507, 14531, 14533, 14536, 14549, 14673, 14676, 14689, 14724, 14754, 14789, 14882, 14887, 14913, 14973, 14977, 14997, 15006, 15016, 15039, 15060, 15087, 15216, 15224, 15260, 15292, 15336, 15345, 15356, 15366, 15370, 15379, 15400, 15427, 15442, 15444, 15468, 15472, 15514, 15519, 15525, 15530, 15539, 15589, 15591, 15596, 15627, 15629, 15631, 15646, 15678, 15741, 15745, 15765, 15838, 15880, 15893, 15907, 15913, 15922, 15929, 15933, 15941, 16007, 16019, 16100, 16105, 16141, 16210, 16217, 16304, 16325, 16354, 16372, 16378, 16387, 16407, 16458, 16559, 16566, 16572, 16584, 16600, 16660, 16686, 16723, 16732, 16750, 16792, 16794, 16803, 16811, 16865, 16874, 16909, 16922, 16943, 16951, 16963, 16978, 17015, 17018, 17026, 17036, 17116, 17129, 17142, 17170, 17185, 17190, 17216, 17218, 17249, 17298, 17305, 17310, 17312, 17316, 17320, 17326, 17334, 17342, 17360, 17390, 17394, 17398, 17455, 17460, 17463, 17505, 17531, 17547, 17549, 17585, 17596, 17606, 17610, 17619, 17638, 17665, 17733, 17738, 17757, 17765, 17789, 17799, 17806, 17811, 17824, 17828, 17848, 17886, 17922, 17942, 17960, 17991, 18028, 18043, 18092, 18096, 18126, 18128, 18133, 18177, 18204, 18206, 18211, 18286, 18370, 18448, 18451, 18462, 18466, 18542, 18588, 18609, 18624, 18633, 18638, 18705, 18759, 18773, 18785, 18803, 18833, 18840, 18904, 18921, 18974, 19026, 19031, 19068, 19126, 19158, 19199, 19204, 19207, 19209, 19217, 19244, 19276, 19282, 19297, 19316, 19332, 19372, 19395, 19404, 19416, 19462, 19469, 19499, 19518, 19598, 19601, 19603, 19618, 19672, 19684, 19718, 19728, 19732, 19760, 19767, 19773, 19798, 19816, 19848, 19888, 19893, 19906, 19913, 19972, 20007, 20015, 20023, 20062, 20065, 20078, 20105, 20109, 20121, 20150, 20160, 20204, 20217, 20257, 20270, 20282, 20295, 20317, 20325, 20399, 20403, 20421, 20429, 20445, 20450, 20518, 20591, 20604, 20623, 20650, 20652, 20665, 20758, 20764, 20769, 20840, 20860, 20885, 20894, 20900, 20915, 20928, 20947, 20974, 20991, 21053, 21132, 21155, 21158, 21219, 21282, 21307, 21312, 21358, 21381, 21401, 21406, 21453, 21483, 21496, 21510, 21542, 21558, 21640, 21705, 21815, 21828, 21830, 21832, 21880, 21899, 21929, 21956, 21970, 21982, 22014, 22020, 22026, 22031, 22036, 22059, 22065, 22080, 22148, 22156, 22180, 22206, 22242, 22256, 22312, 22329, 22359, 22368, 22372, 22421, 22449, 22561, 22586, 22591, 22601, 22630, 22636, 22709, 22713, 22717, 22721, 22749, 22764, 22769, 22774, 22808, 22840, 22860, 22886, 22895, 22906, 22914, 22929, 22948, 22975, 23029, 23040, 23050, 23054, 23084, 23111, 23113, 23126, 23128, 23169, 23216, 23256, 23264, 23277, 23290, 23312, 23317, 23330, 23335, 23348, 23362, 23393, 23400, 23466, 23469, 23472, 23476, 23482, 23507, 23529, 23535, 23554, 23576, 23584, 23626, 23652, 23699, 23730, 23748, 23851, 23855, 23860, 23873, 23926, 23938, 23951, 23957, 23981, 24037, 24042, 24066, 24117, 24127, 24148, 24277, 24281, 24298, 24302, 24320, 24340, 24377, 24406, 24432, 24503, 24548, 24557, 24560, 24567, 24577, 24590, 24602, 24612, 24654, 24656, 24683, 24699, 24701, 24710, 24758, 24765, 24778, 24805, 24809, 24821, 24853, 24896, 24901, 24914, 24954, 24979, 25073, 25146, 25159, 25177, 25221, 25228, 25253, 25292, 25294, 25296, 25303, 25309, 25353, 25356, 25362, 25381, 25383, 25435, 25453, 25517, 25534, 25621, 25632, 25655, 25725, 25739, 25762, 25772, 25783, 25786, 25801, 25818, 25823, 25836, 25849, 25853, 25868, 25892, 25902, 25906, 25933, 25948, 25973, 26008, 26010, 26017, 26024, 26026, 26031, 26040, 26087, 26100, 26127, 26131, 26145, 26152, 26177, 26217, 26219, 26225, 26227, 26235, 26288, 26294, 26300, 26503, 26508, 26528, 26554, 26585, 26590, 26592, 26611, 26618, 26684, 26692, 26702, 26725, 26782, 26789, 26825, 26836, 26854, 26858, 26930, 26938, 26974, 26984, 27006, 27026, 27050, 27059, 27070, 27080, 27084, 27093, 27114, 27125, 27141, 27158, 27209, 27240, 27285, 27349, 27377, 27412, 27442, 27467, 27487, 27538, 27641, 27689, 27692, 27717, 27744, 27777, 27801, 27807, 27841, 27853, 27877, 27882, 27884, 27888, 27917, 27925, 28008, 28025, 28028, 28031, 28033, 28039, 28059, 28136, 28196, 28199, 28239, 28249, 28260, 28271, 28374, 28382, 28400, 28440, 28496, 28506, 28563, 28569, 28596, 28603, 28665, 28694, 28698, 28727, 28746, 28757, 28759, 28806, 28824, 28886, 28946, 28963, 28995, 29019, 29036, 29048, 29115, 29153, 29268, 29272, 29297, 29345, 29391, 29419, 29439, 29571, 29574, 29584, 29591, 29616, 29619, 29688, 29691, 29709, 29729, 29760, 29764, 29796, 29810, 29830, 29873, 29946, 29953, 29994, 30019, 30027, 30047, 30084, 30090, 30094, 30124, 30175, 30182, 30184, 30190, 30234, 30259, 30336, 30405, 30410, 30424, 30448, 30471, 30494, 30552, 30556, 30570, 30592, 30604, 30606, 30616, 30618, 30641, 30675, 30683, 30700, 30708, 30715, 30721, 30729, 30738, 30758, 30780, 30803, 30912, 30924, 30926, 30943, 30951, 30956, 30958, 30977, 31027, 31031, 31049, 31073, 31083, 31094, 31104, 31117, 31138, 31165, 31182, 31270, 31290, 31294, 31307, 31326, 31331, 31336, 31371, 31376, 31443, 31460, 31462, 31493, 31531, 31576, 31607, 31612, 31615, 31651, 31683, 31699, 31701, 31745, 31760, 31763, 31806, 31834, 31856, 31882, 31899, 31901, 31943, 31958, 31975, 32007, 32020, 32029, 32050, 32063, 32126, 32128, 32138, 32197, 32215, 32233, 32238, 32245, 32251, 32282, 32296, 32303, 32317, 32327, 32387, 32399, 32450, 32463, 32492, 32548, 32561, 32588, 32606, 32661, 32679, 32682, 32753, 32847, 32852, 32865, 32910, 32914, 32939, 32952, 32956, 32984, 32987, 33000, 33059, 33065, 33100, 33161, 33169, 33194, 33206, 33240, 33289, 33304, 33307, 33372, 33374, 33398, 33415, 33428, 33459, 33550, 33564, 33582, 33591, 33599, 33629, 33664, 33695, 33757, 33775, 33779, 33787, 33791, 33826, 33842, 33869, 33888, 33941, 33970, 33974, 33976, 33988, 34011, 34063, 34097, 34107, 34121, 34128, 34153, 34195, 34198, 34205, 34211, 34264, 34270, 34314, 34322, 34388, 34435, 34468, 34494, 34514, 34547, 34551, 34563, 34567, 34596, 34601, 34603, 34639, 34643, 34658, 34672, 34709, 34752, 34795, 34828, 34832, 34928, 34931, 34957, 34998, 35028, 35047, 35051, 35058, 35102, 35109, 35111, 35120, 35126, 35210, 35331, 35343, 35370, 35418, 35464, 35474, 35562, 35568, 35588, 35591, 35601, 35608, 35642, 35655, 35657, 35671, 35673, 35684, 35736, 35748, 35751, 35758, 35835, 35850, 35898, 35912]","[8720, 10400, 12434, 14200, 15741, 17116, 17991]","[7, 14, 138, 169, 171, 185, 201, 210, 221, 226, 231, 250, 285, 305, 319, 323, 371, 380, 441, 535, 540, 619, 625, 674, 685, 708, 732, 749, 845, 860, 864, 868, 885, 895, 902, 952, 968, 992, 1024, 1037, 1080, 1112, 1155, 1158, 1165, 1171, 1224, 1236, 1279, 1338, 1346, 1370, 1412, 1428, 1516, 1521, 1560, 1592, 1645, 1666, 1670, 1679, 1700, 1727, 1788, 1860, 1895, 1897, 1903, 1927, 1938, 1981, 2006, 2073, 2076, 2142, 2154, 2175, 2218, 2265, 2274, 2278, 2414, 2451, 2468, 2545, 2567, 2647, 2651, 2655, 2695, 2739, 2771, 2816, 2825, 2846, 2859, 2880, 2923, 2959, 2977, 3020, 3054, 3058, 3082, 3110, 3130, 3140, 3159, 3163, 3178, 3182, 3215, 3220, 3222, 3247, 3265, 3287, 3289, 3293, 3297, 3299, 3315, 3344, 3382, 3435, 3463, 3476, 3507, 3519, 3526, 3551, 3593, 3596, 3603, 3636, 3677, 3683, 3829, 3845, 3851, 3857, 3873, 3908, 3915, 3926, 3960, 3962, 4040, 4108, 4121, 4135, 4148, 4166, 4198, 4208, 4240, 4243, 4250, 4256, 4315, 4321, 4356, 4369, 4415, 4425, 4479, 4506, 4511, 4528, 4593, 4608, 4623, 4628, 4673, 4757, 4804, 4806, 4826, 4856, 4865, 4869, 4895, 4905, 4960, 4965, 4967, 5051, 5085, 5108, 5119, 5152, 5157, 5159, 5214, 5218, 5268, 5284, 5288, 5296, 5300, 5312, 5317, 5334, 5342, 5359, 5396, 5427, 5453, 5465, 5495, 5517, 5519, 5528, 5614, 5666, 5719, 5882, 5890, 5919, 5926, 5958, 6019, 6028, 6039, 6047, 6049, 6059, 6081, 6108, 6125, 6260, 6273, 6312, 6315, 6334, 6360, 6461, 6479, 6497, 6500, 6508, 6512, 6514, 6527, 6540, 6567, 6592, 6604, 6617, 6665, 6672, 6678, 6705, 6708, 6743, 6756, 6758, 6764, 6778, 6820, 6824, 6826, 6904, 6908, 6922, 6932, 6977, 6996, 7002, 7049, 7056, 7070, 7079, 7084, 7121, 7168, 7188, 7197, 7212, 7223, 7252, 7254, 7388, 7420, 7465, 7499, 7504, 7507, 7661, 7696, 7724, 7727, 7754, 7802, 7862, 7864, 7895, 7897, 7899, 7939, 7993, 8039, 8046, 8060, 8082, 8113, 8139, 8141, 8181, 8265, 8293, 8316, 8332, 8339, 8356, 8378, 8395, 8428, 8450, 8470, 8538, 8543, 8622, 8676, 8679, 8724, 8778, 8792, 8800, 8802, 8806, 8835, 8870, 8893, 8895, 8903, 8950, 8956, 9004, 9030, 9035, 9075, 9114, 9120, 9148, 9189, 9191, 9194, 9199, 9201, 9209, 9230, 9238, 9244, 9250, 9294, 9310, 9318, 9330, 9340, 9367, 9379, 9450, 9456, 9496, 9507, 9550, 9568, 9610, 9636, 9652, 9698, 9709, 9717, 9719, 9732, 9753, 9755, 9782, 9871, 9876, 9881, 9895, 9914, 9971, 9999, 10009, 10016, 10020, 10032, 10043, 10050, 10067, 10073, 10091, 10112, 10121, 10132, 10138, 10207, 10225, 10246, 10256, 10265, 10278, 10310, 10353, 10362, 10370, 10378, 10380, 10413, 10417, 10441, 10444, 10501, 10509, 10520, 10535, 10539, 10544, 10547, 10557, 10572, 10582, 10606, 10623, 10627, 10718, 10723, 10728, 10762, 10794, 10850, 10861, 10871, 10884, 10933, 10950, 10960, 10991, 10999, 11005, 11010, 11052, 11074, 11079, 11090, 11094, 11118, 11135, 11145, 11158, 11167, 11192, 11216, 11303, 11333, 11339, 11354, 11363, 11370, 11378, 11411, 11437, 11442, 11447, 11466, 11480, 11487, 11557, 11570, 11597, 11632, 11704, 11749, 11774, 11795, 11800, 11815, 11837, 11845, 11858, 11861, 11872, 11884, 11895, 11903, 11929, 11951, 11988, 11992, 11996, 12007, 12019, 12024, 12066, 12083, 12099, 12103, 12120, 12138, 12168, 12205, 12215, 12222, 12239, 12277, 12325, 12327, 12332, 12337, 12345, 12396, 12401, 12413, 12416, 12439, 12454, 12465, 12499, 12511, 12550, 12552, 12564, 12598, 12651, 12656, 12695, 12727, 12772, 12781, 12792, 12806, 12815, 12836, 12863, 12880, 12906, 12940, 12948, 12982, 12989, 13016, 13058, 13094, 13111, 13154, 13172, 13183, 13188, 13203, 13205, 13209, 13231, 13251, 13262, 13285, 13303, 13330, 13371, 13407, 13413, 13442, 13444, 13451, 13454, 13479, 13500, 13513, 13537, 13539, 13560, 13572, 13579, 13640, 13659, 13662, 13683, 13696, 13782, 13810, 13819, 13842, 13866, 13875, 13890, 13935, 13960, 13963, 13987, 13996, 14022, 14038, 14064, 14075, 14107, 14112, 14125, 14171, 14198, 14240, 14267, 14291, 14324, 14326, 14385, 14416, 14421, 14431, 14438, 14465, 14487, 14496, 14507, 14531, 14533, 14536, 14549, 14673, 14676, 14689, 14724, 14754, 14789, 14882, 14887, 14913, 14973, 14977, 14997, 15006, 15016, 15039, 15060, 15087, 15216, 15224, 15260, 15292, 15336, 15345, 15356, 15366, 15370, 15379, 15400, 15427, 15442, 15444, 15468, 15472, 15514, 15519, 15525, 15530, 15539, 15589, 15591, 15596, 15627, 15629, 15631, 15646, 15678, 15745, 15765, 15838, 15880, 15893, 15907, 15913, 15922, 15929, 15933, 15941, 16007, 16019, 16100, 16105, 16141, 16210, 16217, 16304, 16325, 16354, 16372, 16378, 16387, 16407, 16458, 16559, 16566, 16572, 16584, 16600, 16660, 16686, 16723, 16732, 16750, 16792, 16794, 16803, 16811, 16865, 16874, 16909, 16922, 16943, 16951, 16963, 16978, 17015, 17018, 17026, 17036, 17129, 17142, 17170, 17185, 17190, 17216, 17218, 17249, 17298, 17305, 17310, 17312, 17316, 17320, 17326, 17334, 17342, 17360, 17390, 17394, 17398, 17455, 17460, 17463, 17505, 17531, 17547, 17549, 17585, 17596, 17606, 17610, 17619, 17638, 17665, 17733, 17738, 17757, 17765, 17789, 17799, 17806, 17811, 17824, 17828, 17848, 17886, 17922, 17942, 17960, 18028, 18043, 18092, 18096, 18126, 18128, 18133, 18177, 18204, 18206, 18211, 18286, 18370, 18448, 18451, 18462, 18466, 18542, 18588, 18609, 18624, 18633, 18638, 18705, 18759, 18773, 18785, 18803, 18833, 18840, 18904, 18921, 18974, 19026, 19031, 19068, 19126, 19158, 19199, 19204, 19207, 19209, 19217, 19244, 19276, 19282, 19297, 19316, 19332, 19372, 19395, 19404, 19416, 19462, 19469, 19499, 19518, 19598, 19601, 19603, 19618, 19672, 19684, 19718, 19728, 19732, 19760, 19767, 19773, 19798, 19816, 19848, 19888, 19893, 19906, 19913, 19972, 20007, 20015, 20023, 20062, 20065, 20078, 20105, 20109, 20121, 20150, 20160, 20204, 20217, 20257, 20270, 20282, 20295, 20317, 20325, 20399, 20403, 20421, 20429, 20445, 20450, 20518, 20591, 20604, 20623, 20650, 20652, 20665, 20758, 20764, 20769, 20840, 20860, 20885, 20894, 20900, 20915, 20928, 20947, 20974, 20991, 21053, 21132, 21155, 21158, 21219, 21282, 21307, 21312, 21358, 21381, 21401, 21406, 21453, 21483, 21496, 21510, 21542, 21558, 21640, 21705, 21815, 21828, 21830, 21832, 21880, 21899, 21929, 21956, 21970, 21982, 22014, 22020, 22026, 22031, 22036, 22059, 22065, 22080, 22148, 22156, 22180, 22206, 22242, 22256, 22312, 22329, 22359, 22368, 22372, 22421, 22449, 22561, 22586, 22591, 22601, 22630, 22636, 22709, 22713, 22717, 22721, 22749, 22764, 22769, 22774, 22808, 22840, 22860, 22886, 22895, 22906, 22914, 22929, 22948, 22975, 23029, 23040, 23050, 23054, 23084, 23111, 23113, 23126, 23128, 23169, 23216, 23256, 23264, 23277, 23290, 23312, 23317, 23330, 23335, 23348, 23362, 23393, 23400, 23466, 23469, 23472, 23476, 23482, 23507, 23529, 23535, 23554, 23576, 23584, 23626, 23652, 23699, 23730, 23748, 23851, 23855, 23860, 23873, 23926, 23938, 23951, 23957, 23981, 24037, 24042, 24066, 24117, 24127, 24148, 24277, 24281, 24298, 24302, 24320, 24340, 24377, 24406, 24432, 24503, 24548, 24557, 24560, 24567, 24577, 24590, 24602, 24612, 24654, 24656, 24683, 24699, 24701, 24710, 24758, 24765, 24778, 24805, 24809, 24821, 24853, 24896, 24901, 24914, 24954, 24979, 25073, 25146, 25159, 25177, 25221, 25228, 25253, 25292, 25294, 25296, 25303, 25309, 25353, 25356, 25362, 25381, 25383, 25435, 25453, 25517, 25534, 25621, 25632, 25655, 25725, 25739, 25762, 25772, 25783, 25786, 25801, 25818, 25823, 25836, 25849, 25853, 25868, 25892, 25902, 25906, 25933, 25948, 25973, 26008, 26010, 26017, 26024, 26026, 26031, 26040, 26087, 26100, 26127, 26131, 26145, 26152, 26177, 26217, 26219, 26225, 26227, 26235, 26288, 26294, 26300, 26503, 26508, 26528, 26554, 26585, 26590, 26592, 26611, 26618, 26684, 26692, 26702, 26725, 26782, 26789, 26825, 26836, 26854, 26858, 26930, 26938, 26974, 26984, 27006, 27026, 27050, 27059, 27070, 27080, 27084, 27093, 27114, 27125, 27141, 27158, 27209, 27240, 27285, 27349, 27377, 27412, 27442, 27467, 27487, 27538, 27641, 27689, 27692, 27717, 27744, 27777, 27801, 27807, 27841, 27853, 27877, 27882, 27884, 27888, 27917, 27925, 28008, 28025, 28028, 28031, 28033, 28039, 28059, 28136, 28196, 28199, 28239, 28249, 28260, 28271, 28374, 28382, 28400, 28440, 28496, 28506, 28563, 28569, 28596, 28603, 28665, 28694, 28698, 28727, 28746, 28757, 28759, 28806, 28824, 28886, 28946, 28963, 28995, 29019, 29036, 29048, 29115, 29153, 29268, 29272, 29297, 29345, 29391, 29419, 29439, 29571, 29574, 29584, 29591, 29616, 29619, 29688, 29691, 29709, 29729, 29760, 29764, 29796, 29810, 29830, 29873, 29946, 29953, 29994, 30019, 30027, 30047, 30084, 30090, 30094, 30124, 30175, 30182, 30184, 30190, 30234, 30259, 30336, 30405, 30410, 30424, 30448, 30471, 30494, 30552, 30556, 30570, 30592, 30604, 30606, 30616, 30618, 30641, 30675, 30683, 30700, 30708, 30715, 30721, 30729, 30738, 30758, 30780, 30803, 30912, 30924, 30926, 30943, 30951, 30956, 30958, 30977, 31027, 31031, 31049, 31073, 31083, 31094, 31104, 31117, 31138, 31165, 31182, 31270, 31290, 31294, 31307, 31326, 31331, 31336, 31371, 31376, 31443, 31460, 31462, 31493, 31531, 31576, 31607, 31612, 31615, 31651, 31683, 31699, 31701, 31745, 31760, 31763, 31806, 31834, 31856, 31882, 31899, 31901, 31943, 31958, 31975, 32007, 32020, 32029, 32050, 32063, 32126, 32128, 32138, 32197, 32215, 32233, 32238, 32245, 32251, 32282, 32296, 32303, 32317, 32327, 32387, 32399, 32450, 32463, 32492, 32548, 32561, 32588, 32606, 32661, 32679, 32682, 32753, 32847, 32852, 32865, 32910, 32914, 32939, 32952, 32956, 32984, 32987, 33000, 33059, 33065, 33100, 33161, 33169, 33194, 33206, 33240, 33289, 33304, 33307, 33372, 33374, 33398, 33415, 33428, 33459, 33550, 33564, 33582, 33591, 33599, 33629, 33664, 33695, 33757, 33775, 33779, 33787, 33791, 33826, 33842, 33869, 33888, 33941, 33970, 33974, 33976, 33988, 34011, 34063, 34097, 34107, 34121, 34128, 34153, 34195, 34198, 34205, 34211, 34264, 34270, 34314, 34322, 34388, 34435, 34468, 34494, 34514, 34547, 34551, 34563, 34567, 34596, 34601, 34603, 34639, 34643, 34658, 34672, 34709, 34752, 34795, 34828, 34832, 34928, 34931, 34957, 34998, 35028, 35047, 35051, 35058, 35102, 35109, 35111, 35120, 35126, 35210, 35331, 35343, 35370, 35418, 35464, 35474, 35562, 35568, 35588, 35591, 35601, 35608, 35642, 35655, 35657, 35671, 35673, 35684, 35736, 35748, 35751, 35758, 35835, 35850, 35898, 35912]","[8720, 10400, 12434, 14200, 15741, 17116, 17991]",35954,1507,34447,7,1500,34447,0
-1.5,HSALDCG,"[48, 88, 105, 126, 148, 169, 180, 222, 225, 227, 265, 285, 289, 346, 349, 509, 511, 555, 578, 598, 683, 714, 728, 780, 801, 822, 902, 948, 959, 962, 973, 993, 1014, 1084, 1087, 1119, 1124, 1163, 1223, 1246, 1252, 1283, 1379, 1421, 1517, 1535, 1632, 1638, 1655, 1741, 1746, 1755, 1800, 1827, 1914, 1921, 1952, 1958, 1984, 1991, 1997, 2058, 2068, 2098, 2102, 2124, 2187, 2192, 2203, 2244, 2331, 2361, 2375, 2481, 2486, 2523, 2540, 2598, 2633, 2637, 2641, 2655, 2663, 2668, 2674, 2759, 2788, 2798, 2808, 2820, 2822, 2830, 2886, 2927, 2939, 2974, 2976, 2990, 2992, 3001, 3040, 3055, 3065, 3070, 3110, 3121, 3142, 3144, 3162, 3178, 3186, 3195, 3229, 3250, 3266, 3274, 3276, 3289, 3295, 3333, 3343, 3352, 3366, 3368, 3370, 3374, 3383, 3386, 3395, 3402, 3411, 3422, 3492, 3501, 3547, 3551, 3567, 3618, 3620, 3700, 3714, 3728, 3732, 3767, 3774, 3793, 3819, 3831, 3833, 3847, 3858, 3894, 3923, 3954, 3967, 3975, 3994, 4043, 4052, 4065, 4090, 4097, 4101, 4128, 4139, 4147, 4237, 4257, 4326, 4340, 4343, 4346, 4350, 4395, 4434, 4460, 4471, 4483, 4499, 4530, 4584, 4753, 4772, 4817, 4871, 4874, 4901, 4926, 4950, 5029, 5038, 5066, 5088, 5130, 5137]","[2641, 2939, 3110, 3366, 3567, 3994, 4326]","[48, 88, 105, 126, 148, 169, 180, 222, 225, 227, 265, 285, 289, 346, 349, 509, 511, 555, 578, 598, 683, 714, 728, 780, 801, 822, 902, 948, 959, 962, 973, 993, 1014, 1084, 1087, 1119, 1124, 1163, 1223, 1246, 1252, 1283, 1379, 1421, 1517, 1535, 1632, 1638, 1655, 1741, 1746, 1755, 1800, 1827, 1914, 1921, 1952, 1958, 1984, 1991, 1997, 2058, 2068, 2098, 2102, 2124, 2187, 2192, 2203, 2244, 2331, 2361, 2375, 2481, 2486, 2523, 2540, 2598, 2633, 2637, 2655, 2663, 2668, 2674, 2759, 2788, 2798, 2808, 2820, 2822, 2830, 2886, 2927, 2974, 2976, 2990, 2992, 3001, 3040, 3055, 3065, 3070, 3121, 3142, 3144, 3162, 3178, 3186, 3195, 3229, 3250, 3266, 3274, 3276, 3289, 3295, 3333, 3343, 3352, 3368, 3370, 3374, 3383, 3386, 3395, 3402, 3411, 3422, 3492, 3501, 3547, 3551, 3618, 3620, 3700, 3714, 3728, 3732, 3767, 3774, 3793, 3819, 3831, 3833, 3847, 3858, 3894, 3923, 3954, 3967, 3975, 4043, 4052, 4065, 4090, 4097, 4101, 4128, 4139, 4147, 4237, 4257, 4340, 4343, 4346, 4350, 4395, 4434, 4460, 4471, 4483, 4499, 4530, 4584, 4753, 4772, 4817, 4871, 4874, 4901, 4926, 4950, 5029, 5038, 5066, 5088, 5130, 5137]","[2641, 2939, 3110, 3366, 3567, 3994, 4326]",5190,195,4995,7,188,4995,0
-1.5,HSAPC3A,"[17, 102, 110, 140, 172, 190, 226, 357, 405, 433, 445, 455, 461, 580, 616, 631, 636, 715, 762, 823, 859, 876, 919, 930, 952, 984, 987, 1146, 1161, 1178, 1246, 1271, 1294, 1330, 1358, 1380, 1669, 1674, 1677, 1713, 1745, 1790, 1810, 1820, 1829, 1833, 1881, 1937, 1951, 1991, 2023, 2103, 2120, 2140, 2178, 2207, 2212, 2244, 2265, 2286, 2325, 2329, 2361, 2363, 2373, 2375, 2410, 2475, 2515, 2519, 2570, 2665, 2668, 2680, 2683, 2688, 2738, 2746, 2778, 2797, 2806, 2843, 2852, 2872, 2891, 2896, 2905, 2908, 2923, 2933, 2945, 2947, 2959, 3022, 3064, 3106, 3124, 3212, 3216, 3233, 3242, 3324, 3331, 3338, 3340, 3349, 3351, 3383, 3387, 3409, 3449, 3492, 3508, 3533, 3542, 3582, 3587, 3608, 3610, 3612, 3657, 3666, 3668, 3686, 3734, 3763, 3769, 3832, 3837, 3849, 3863, 3867, 3874, 3895, 3904, 3924, 3958, 3992, 3995, 4005, 4033, 4081, 4086, 4118, 4148, 4196, 4222, 4231, 4233, 4245, 4249, 4277, 4282, 4284, 4309, 4318, 4400, 4447, 4460, 4494, 4585, 4608, 4618, 4622, 4647, 4662, 4674, 4679, 4711, 4721, 4779, 4794, 4799, 4820, 4838, 4870, 4886, 4919, 4928, 4939, 4962, 4984, 5011, 5083, 5090, 5139, 5146, 5158, 5179, 5203, 5222, 5261, 5274, 5277, 5280, 5331, 5356, 5379, 5419, 5422, 5444, 5461, 5463, 5467, 5476, 5488, 5552, 5712, 5747, 5751, 5771, 5823, 5846, 5856, 5881]","[919, 1178]","[17, 102, 110, 140, 172, 190, 226, 357, 405, 433, 445, 455, 461, 580, 616, 631, 636, 715, 762, 823, 859, 876, 930, 952, 984, 987, 1146, 1161, 1246, 1271, 1294, 1330, 1358, 1380, 1669, 1674, 1677, 1713, 1745, 1790, 1810, 1820, 1829, 1833, 1881, 1937, 1951, 1991, 2023, 2103, 2120, 2140, 2178, 2207, 2212, 2244, 2265, 2286, 2325, 2329, 2361, 2363, 2373, 2375, 2410, 2475, 2515, 2519, 2570, 2665, 2668, 2680, 2683, 2688, 2738, 2746, 2778, 2797, 2806, 2843, 2852, 2872, 2891, 2896, 2905, 2908, 2923, 2933, 2945, 2947, 2959, 3022, 3064, 3106, 3124, 3212, 3216, 3233, 3242, 3324, 3331, 3338, 3340, 3349, 3351, 3383, 3387, 3409, 3449, 3492, 3508, 3533, 3542, 3582, 3587, 3608, 3610, 3612, 3657, 3666, 3668, 3686, 3734, 3763, 3769, 3832, 3837, 3849, 3863, 3867, 3874, 3895, 3904, 3924, 3958, 3992, 3995, 4005, 4033, 4081, 4086, 4118, 4148, 4196, 4222, 4231, 4233, 4245, 4249, 4277, 4282, 4284, 4309, 4318, 4400, 4447, 4460, 4494, 4585, 4608, 4618, 4622, 4647, 4662, 4674, 4679, 4711, 4721, 4779, 4794, 4799, 4820, 4838, 4870, 4886, 4919, 4928, 4939, 4962, 4984, 5011, 5083, 5090, 5139, 5146, 5158, 5179, 5203, 5222, 5261, 5274, 5277, 5280, 5331, 5356, 5379, 5419, 5422, 5444, 5461, 5463, 5467, 5476, 5488, 5552, 5712, 5747, 5751, 5771, 5823, 5846, 5856, 5881]","[919, 1178]",6039,215,5824,2,213,5824,0
-1.5,HSAPOA2B,"[17, 56, 137, 152, 156, 168, 232, 245, 265, 267, 301, 321, 338, 381, 459, 490, 494, 496, 527, 533, 536, 557, 573, 682, 686, 698, 726, 745, 747, 749, 751, 753, 755, 757, 759, 761, 763, 765, 767, 769, 771, 773, 775, 791, 816, 818, 830, 838, 851, 884, 916, 935, 946, 954, 981, 992, 1006, 1047, 1074, 1129, 1152, 1207, 1221, 1225, 1264, 1273, 1311, 1326, 1375, 1396, 1425, 1430, 1554, 1577, 1585, 1639, 1645, 1647, 1655, 1702]","[490, 916]","[17, 56, 137, 152, 156, 168, 232, 245, 265, 267, 301, 321, 338, 381, 459, 494, 496, 527, 533, 536, 557, 573, 682, 686, 698, 726, 745, 747, 749, 751, 753, 755, 757, 759, 761, 763, 765, 767, 769, 771, 773, 775, 791, 816, 818, 830, 838, 851, 884, 935, 946, 954, 981, 992, 1006, 1047, 1074, 1129, 1152, 1207, 1221, 1225, 1264, 1273, 1311, 1326, 1375, 1396, 1425, 1430, 1554, 1577, 1585, 1639, 1645, 1647, 1655, 1702]","[490, 916]",1747,80,1667,2,78,1667,0
-1.5,HSAPOAIA,"[57, 79, 103, 134, 143, 158, 187, 254, 286, 301, 317, 321, 374, 404, 484, 563, 581, 583, 587, 593, 628, 661, 679, 709, 778, 815, 863, 882, 892, 894, 949, 996, 1026, 1073, 1081, 1120, 1122, 1126, 1133, 1135, 1173, 1277, 1319, 1397, 1409, 1441, 1475, 1586, 1693, 1781, 1799, 1825, 1849, 1879, 1894, 1903, 1942, 2020, 2055, 2090, 2098, 2103, 2124, 2135, 2177]","[317, 661]","[57, 79, 103, 134, 143, 158, 187, 254, 286, 301, 321, 374, 404, 484, 563, 581, 583, 587, 593, 628, 679, 709, 778, 815, 863, 882, 892, 894, 949, 996, 1026, 1073, 1081, 1120, 1122, 1126, 1133, 1135, 1173, 1277, 1319, 1397, 1409, 1441, 1475, 1586, 1693, 1781, 1799, 1825, 1849, 1879, 1894, 1903, 1942, 2020, 2055, 2090, 2098, 2103, 2124, 2135, 2177]","[317, 661]",2183,65,2118,2,63,2118,0
-1.5,HSAPOAIT,"[44, 120, 231, 253, 277, 308, 317, 332, 361, 428, 460, 475, 491, 495, 548, 578, 658, 737, 755, 757, 761, 767, 802, 835, 853, 866, 883, 952, 990, 1038, 1057, 1067, 1069, 1124, 1171, 1201, 1248, 1256, 1295, 1297, 1301, 1308, 1310, 1348, 1452, 1494, 1572, 1584, 1616, 1650, 1761, 1868, 1956, 1974, 2000, 2024, 2054, 2069, 2078, 2117, 2143, 2195, 2230, 2265, 2273, 2278, 2299, 2310, 2353]","[491, 835]","[44, 120, 231, 253, 277, 308, 317, 332, 361, 428, 460, 475, 495, 548, 578, 658, 737, 755, 757, 761, 767, 802, 853, 866, 883, 952, 990, 1038, 1057, 1067, 1069, 1124, 1171, 1201, 1248, 1256, 1295, 1297, 1301, 1308, 1310, 1348, 1452, 1494, 1572, 1584, 1616, 1650, 1761, 1868, 1956, 1974, 2000, 2024, 2054, 2069, 2078, 2117, 2143, 2195, 2230, 2265, 2273, 2278, 2299, 2310, 2353]","[491, 835]",2377,69,2308,2,67,2308,0
-1.5,HSAPOC2G,"[13, 33, 39, 46, 61, 68, 73, 88, 130, 165, 174, 185, 189, 214, 220, 231, 250, 255, 273, 291, 355, 357, 372, 374, 376, 378, 380, 382, 384, 386, 388, 390, 392, 394, 396, 398, 400, 402, 404, 406, 408, 410, 412, 414, 450, 510, 526, 565, 591, 597, 606, 632, 645, 652, 666, 680, 727, 745, 776, 790, 797, 822, 863, 868, 881, 940, 946, 959, 967, 981, 1049, 1060, 1063, 1076, 1121, 1128, 1153, 1198, 1201, 1211, 1270, 1276, 1352, 1408, 1427, 1429, 1444, 1451, 1474, 1494, 1505, 1528, 1553, 1572, 1586, 1588, 1645, 1675, 1706, 1719, 1801, 1845, 1858, 1903, 1935, 1971, 1981, 1994, 2021, 2037, 2044, 2069, 2114, 2121, 2127, 2148, 2185, 2191, 2226, 2277, 2280, 2287, 2293, 2346, 2352, 2358, 2401, 2456, 2471, 2479, 2500, 2578, 2585, 2610, 2646, 2701, 2714, 2718, 2720, 2883, 2943, 2972, 2999, 3024, 3041, 3067, 3257, 3324, 3345, 3409, 3426, 3448, 3488, 3513, 3576, 3674, 3713, 3720, 3736, 3768, 3810]","[2714, 3041]","[13, 33, 39, 46, 61, 68, 73, 88, 130, 165, 174, 185, 189, 214, 220, 231, 250, 255, 273, 291, 355, 357, 372, 374, 376, 378, 380, 382, 384, 386, 388, 390, 392, 394, 396, 398, 400, 402, 404, 406, 408, 410, 412, 414, 450, 510, 526, 565, 591, 597, 606, 632, 645, 652, 666, 680, 727, 745, 776, 790, 797, 822, 863, 868, 881, 940, 946, 959, 967, 981, 1049, 1060, 1063, 1076, 1121, 1128, 1153, 1198, 1201, 1211, 1270, 1276, 1352, 1408, 1427, 1429, 1444, 1451, 1474, 1494, 1505, 1528, 1553, 1572, 1586, 1588, 1645, 1675, 1706, 1719, 1801, 1845, 1858, 1903, 1935, 1971, 1981, 1994, 2021, 2037, 2044, 2069, 2114, 2121, 2127, 2148, 2185, 2191, 2226, 2277, 2280, 2287, 2293, 2346, 2352, 2358, 2401, 2456, 2471, 2479, 2500, 2578, 2585, 2610, 2646, 2701, 2718, 2720, 2883, 2943, 2972, 2999, 3024, 3067, 3257, 3324, 3345, 3409, 3426, 3448, 3488, 3513, 3576, 3674, 3713, 3720, 3736, 3768, 3810]","[2714, 3041]",3832,161,3671,2,159,3671,0
-1.5,HSAQUPN2,"[14, 73, 107, 109, 191, 211, 222, 236, 281, 287, 299, 311, 338, 362, 422, 431, 435, 497, 503, 530, 608, 632, 636, 746, 773, 794, 830, 856, 872, 917, 931, 935, 969]","[431, 632, 746]","[14, 73, 107, 109, 191, 211, 222, 236, 281, 287, 299, 311, 338, 362, 422, 435, 497, 503, 530, 608, 636, 773, 794, 830, 856, 872, 917, 931, 935, 969]","[431, 632, 746]",987,33,954,3,30,954,0
-1.5,HSARYLA,"[229, 236, 275, 329, 340, 413, 421, 451, 459, 500, 506, 514, 522, 529, 553, 560, 587, 619, 644, 685, 699, 803, 819, 825, 833, 848, 929, 963, 981, 1025, 1039, 1055, 1091, 1097, 1147, 1160, 1222, 1238, 1401, 1407, 1421, 1435, 1447, 1451, 1555, 1571, 1575, 1619, 1667, 1688, 1738, 1792, 1815, 1836, 1849, 1902, 1906, 1914, 1935, 1951, 1953, 1956, 1970, 1985, 1991, 2004, 2041, 2052, 2054, 2066, 2076, 2090, 2118, 2141, 2165, 2175, 2204, 2237, 2252, 2256, 2316, 2344, 2419, 2470, 2479, 2528, 2532, 2534, 2540, 2549, 2553, 2561, 2577, 2588, 2605, 2613, 2627, 2633, 2666, 2670, 2675, 2697, 2765, 2769, 2783, 2797, 2823, 2836, 2912, 2950, 3040, 3064, 3066, 3087, 3128, 3141, 3162, 3282, 3305, 3320, 3322, 3333, 3337, 3349, 3361, 3377, 3400, 3408, 3410, 3416, 3422, 3429, 3432, 3452, 3462, 3473, 3499, 3522, 3527, 3558, 3567, 3571, 3575, 3591, 3621, 3629]","[848, 1238, 1571, 1815, 2252, 2470, 2823]","[229, 236, 275, 329, 340, 413, 421, 451, 459, 500, 506, 514, 522, 529, 553, 560, 587, 619, 644, 685, 699, 803, 819, 825, 833, 929, 963, 981, 1025, 1039, 1055, 1091, 1097, 1147, 1160, 1222, 1401, 1407, 1421, 1435, 1447, 1451, 1555, 1575, 1619, 1667, 1688, 1738, 1792, 1836, 1849, 1902, 1906, 1914, 1935, 1951, 1953, 1956, 1970, 1985, 1991, 2004, 2041, 2052, 2054, 2066, 2076, 2090, 2118, 2141, 2165, 2175, 2204, 2237, 2256, 2316, 2344, 2419, 2479, 2528, 2532, 2534, 2540, 2549, 2553, 2561, 2577, 2588, 2605, 2613, 2627, 2633, 2666, 2670, 2675, 2697, 2765, 2769, 2783, 2797, 2836, 2912, 2950, 3040, 3064, 3066, 3087, 3128, 3141, 3162, 3282, 3305, 3320, 3322, 3333, 3337, 3349, 3361, 3377, 3400, 3408, 3410, 3416, 3422, 3429, 3432, 3452, 3462, 3473, 3499, 3522, 3527, 3558, 3567, 3571, 3575, 3591, 3621, 3629]","[848, 1238, 1571, 1815, 2252, 2470, 2823]",3629,146,3483,7,139,3483,0
-1.5,HSAT3,"[7, 9, 28, 32, 66, 160, 241, 252, 257, 272, 280, 327, 335, 337, 350, 445, 588, 607, 617, 629, 646, 655, 685, 690, 755, 764, 775, 786, 796, 825, 890, 892, 903, 912, 1071, 1189, 1192, 1219, 1239, 1270, 1287, 1306, 1384, 1519, 1523, 1538, 1578, 1602, 1706, 1735, 1770, 1828, 1841, 1849, 1878, 1898, 1936, 1947, 1953, 1991, 2017, 2044, 2057, 2077, 2081, 2093, 2101, 2122, 2160, 2164, 2168, 2172, 2218, 2225, 2229, 2274, 2300, 2316, 2318, 2345, 2354, 2365, 2409, 2435, 2451, 2566, 2639, 2678, 2742, 2803, 2846, 2882, 2885, 2892, 2904, 2948, 2990, 2997, 3011, 3058, 3138, 3140, 3232, 3243, 3276, 3282, 3311, 3323, 3343, 3452, 3528, 3566, 3590, 3661, 3673, 3675, 3678, 3696, 3707, 3723, 3747, 3768, 3817, 3822, 3825, 3830, 3861, 3893, 3947, 3958, 3968, 3980, 4045, 4083, 4114, 4169, 4180, 4190, 4222, 4249, 4254, 4266, 4330, 4374, 4422, 4428, 4447, 4467, 4505, 4516, 4538, 4559, 4582, 4648, 4708, 4715, 4742, 4746, 4761, 4779, 4823, 4860, 4921, 4931, 4937, 4945, 4964, 4978, 4992, 5079, 5081, 5095, 5174, 5238, 5305, 5311, 5443, 5476, 5491, 5493, 5514, 5575, 5579, 5612, 5694, 5717, 5722, 5747, 5757, 5776, 5791, 5843, 5947, 5951, 6015, 6019, 6023, 6059, 6120, 6185, 6235, 6252, 6255, 6328, 6385, 6395, 6399, 6412, 6459, 6489, 6520, 6645, 6655, 6665, 6811, 6830, 6858, 6879, 6934, 6938, 6942, 7003, 7036, 7075, 7081, 7102, 7225, 7231, 7244, 7283, 7308, 7313, 7318, 7384, 7442, 7453, 7461, 7463, 7495, 7522, 7578, 7610, 7658, 7666, 7674, 7718, 7785, 7829, 7850, 7854, 7880, 7897, 7917, 7923, 8001, 8016, 8032, 8050, 8072, 8128, 8152, 8163, 8194, 8234, 8303, 8344, 8359, 8367, 8396, 8481, 8492, 8529, 8536, 8540, 8544, 8551, 8570, 8637, 8640, 8725, 8733, 8769, 8801, 8823, 8836, 8845, 8854, 8864, 8874, 8887, 8906, 8933, 8950, 8991, 9005, 9018, 9045, 9070, 9095, 9103, 9139, 9152, 9196, 9205, 9214, 9217, 9219, 9224, 9260, 9265, 9310, 9315, 9396, 9401, 9404, 9446, 9537, 9547, 9560, 9608, 9625, 9635, 9717, 9730, 9816, 9905, 9910, 9915, 9980, 10024, 10046, 10060, 10066, 10089, 10096, 10116, 10131, 10133, 10159, 10189, 10195, 10205, 10279, 10323, 10336, 10401, 10405, 10429, 10463, 10483, 10547, 10549, 10584, 10591, 10621, 10689, 10696, 10745, 10768, 10776, 10839, 10859, 10884, 10904, 10914, 10918, 10927, 10948, 10975, 11051, 11077, 11090, 11142, 11168, 11214, 11258, 11260, 11278, 11303, 11320, 11324, 11326, 11334, 11344, 11346, 11390, 11393, 11430, 11450, 11467, 11479, 11496, 11515, 11529, 11531, 11537, 11545, 11547, 11556, 11568, 11576, 11604, 11660, 11664, 11718, 11748, 11773, 11815, 11834, 11847, 11854, 11889, 11916, 11977, 11982, 12007, 12023, 12057, 12084, 12095, 12162, 12165, 12233, 12249, 12279, 12288, 12299, 12309, 12322, 12343, 12370, 12396, 12444, 12450, 12467, 12482, 12484, 12513, 12541, 12547, 12555, 12579, 12584, 12593, 12602, 12719, 12731, 12738, 12741, 12764, 12793, 12823, 12834, 12850, 12918, 12972, 12989, 13013, 13036, 13056, 13092, 13146, 13155, 13187, 13223, 13345, 13358, 13364, 13390, 13451, 13469, 13487, 13502, 13512, 13514, 13532, 13589, 13619, 13625, 13660, 13700, 13702, 13706, 13739, 13764, 13775, 13791, 13806, 13817, 13830, 13850, 13880, 13928, 13948, 13987, 13991, 14001, 14099, 14132, 14180]","[646, 3311, 6059, 7102, 8303, 10401]","[7, 9, 28, 32, 66, 160, 241, 252, 257, 272, 280, 327, 335, 337, 350, 445, 588, 607, 617, 629, 655, 685, 690, 755, 764, 775, 786, 796, 825, 890, 892, 903, 912, 1071, 1189, 1192, 1219, 1239, 1270, 1287, 1306, 1384, 1519, 1523, 1538, 1578, 1602, 1706, 1735, 1770, 1828, 1841, 1849, 1878, 1898, 1936, 1947, 1953, 1991, 2017, 2044, 2057, 2077, 2081, 2093, 2101, 2122, 2160, 2164, 2168, 2172, 2218, 2225, 2229, 2274, 2300, 2316, 2318, 2345, 2354, 2365, 2409, 2435, 2451, 2566, 2639, 2678, 2742, 2803, 2846, 2882, 2885, 2892, 2904, 2948, 2990, 2997, 3011, 3058, 3138, 3140, 3232, 3243, 3276, 3282, 3323, 3343, 3452, 3528, 3566, 3590, 3661, 3673, 3675, 3678, 3696, 3707, 3723, 3747, 3768, 3817, 3822, 3825, 3830, 3861, 3893, 3947, 3958, 3968, 3980, 4045, 4083, 4114, 4169, 4180, 4190, 4222, 4249, 4254, 4266, 4330, 4374, 4422, 4428, 4447, 4467, 4505, 4516, 4538, 4559, 4582, 4648, 4708, 4715, 4742, 4746, 4761, 4779, 4823, 4860, 4921, 4931, 4937, 4945, 4964, 4978, 4992, 5079, 5081, 5095, 5174, 5238, 5305, 5311, 5443, 5476, 5491, 5493, 5514, 5575, 5579, 5612, 5694, 5717, 5722, 5747, 5757, 5776, 5791, 5843, 5947, 5951, 6015, 6019, 6023, 6120, 6185, 6235, 6252, 6255, 6328, 6385, 6395, 6399, 6412, 6459, 6489, 6520, 6645, 6655, 6665, 6811, 6830, 6858, 6879, 6934, 6938, 6942, 7003, 7036, 7075, 7081, 7225, 7231, 7244, 7283, 7308, 7313, 7318, 7384, 7442, 7453, 7461, 7463, 7495, 7522, 7578, 7610, 7658, 7666, 7674, 7718, 7785, 7829, 7850, 7854, 7880, 7897, 7917, 7923, 8001, 8016, 8032, 8050, 8072, 8128, 8152, 8163, 8194, 8234, 8344, 8359, 8367, 8396, 8481, 8492, 8529, 8536, 8540, 8544, 8551, 8570, 8637, 8640, 8725, 8733, 8769, 8801, 8823, 8836, 8845, 8854, 8864, 8874, 8887, 8906, 8933, 8950, 8991, 9005, 9018, 9045, 9070, 9095, 9103, 9139, 9152, 9196, 9205, 9214, 9217, 9219, 9224, 9260, 9265, 9310, 9315, 9396, 9401, 9404, 9446, 9537, 9547, 9560, 9608, 9625, 9635, 9717, 9730, 9816, 9905, 9910, 9915, 9980, 10024, 10046, 10060, 10066, 10089, 10096, 10116, 10131, 10133, 10159, 10189, 10195, 10205, 10279, 10323, 10336, 10405, 10429, 10463, 10483, 10547, 10549, 10584, 10591, 10621, 10689, 10696, 10745, 10768, 10776, 10839, 10859, 10884, 10904, 10914, 10918, 10927, 10948, 10975, 11051, 11077, 11090, 11142, 11168, 11214, 11258, 11260, 11278, 11303, 11320, 11324, 11326, 11334, 11344, 11346, 11390, 11393, 11430, 11450, 11467, 11479, 11496, 11515, 11529, 11531, 11537, 11545, 11547, 11556, 11568, 11576, 11604, 11660, 11664, 11718, 11748, 11773, 11815, 11834, 11847, 11854, 11889, 11916, 11977, 11982, 12007, 12023, 12057, 12084, 12095, 12162, 12165, 12233, 12249, 12279, 12288, 12299, 12309, 12322, 12343, 12370, 12396, 12444, 12450, 12467, 12482, 12484, 12513, 12541, 12547, 12555, 12579, 12584, 12593, 12602, 12719, 12731, 12738, 12741, 12764, 12793, 12823, 12834, 12850, 12918, 12972, 12989, 13013, 13036, 13056, 13092, 13146, 13155, 13187, 13223, 13345, 13358, 13364, 13390, 13451, 13469, 13487, 13502, 13512, 13514, 13532, 13589, 13619, 13625, 13660, 13700, 13702, 13706, 13739, 13764, 13775, 13791, 13806, 13817, 13830, 13850, 13880, 13928, 13948, 13987, 13991, 14001, 14099, 14132, 14180]","[646, 3311, 6059, 7102, 8303, 10401]",14198,500,13698,6,494,13698,0
-1.5,HSATPCP1,"[26, 80, 93, 133, 146, 158, 286, 289, 292, 296, 302, 355, 361, 401, 453, 456, 469, 496, 528, 534, 612, 617, 630, 673, 705, 750, 753, 766, 806, 831, 970, 989, 1067, 1076, 1079, 1142, 1165, 1170, 1173, 1215, 1241, 1257, 1305, 1316, 1339, 1444, 1460, 1473, 1504, 1518, 1525, 1550, 1598, 1601, 1618, 1674, 1680, 1709, 1723, 1770, 1782, 1795, 1838, 1870, 1917, 1920, 1930, 1988, 1994, 2009, 2029, 2127, 2133, 2146, 2173, 2197, 2236, 2258, 2271, 2304, 2347, 2415, 2433, 2463, 2633, 2691, 2723, 2768, 2771, 2781, 2840, 2846, 2875, 2877, 2879, 2889, 2970, 3013, 3045, 3088, 3091, 3144, 3169, 3277, 3310, 3314, 3412, 3432, 3477, 3545, 3584, 3586, 3626, 3768, 3799, 3848, 3853, 3892, 3924, 3972, 3981, 3992, 4006, 4036, 4063, 4080, 4160, 4224, 4245, 4360, 4396, 4401, 4403, 4413, 4420, 4425, 4454, 4464, 4475, 4484, 4517, 4524, 4544, 4558, 4612, 4650, 4666, 4715, 4726, 4730, 4773, 4777, 4805, 4820, 4831, 4837, 4843, 4876, 4879, 4891, 4893, 4901, 4914, 4961, 4975, 5008, 5021, 5023, 5058, 5216, 5230, 5233, 5254, 5273, 5299, 5305, 5389, 5394, 5407, 5414, 5417, 5424, 5426, 5431, 5489, 5503, 5509, 5516, 5525, 5548, 5576, 5579, 5587, 5611, 5646, 5659, 5669, 5752, 5769, 5802, 5812, 5854, 5887, 5891, 5924, 5928, 5934, 5938, 5940, 5980, 5989, 6004, 6016, 6022, 6024, 6028, 6062, 6074, 6084, 6089, 6099, 6105, 6224, 6277, 6284, 6314, 6337, 6339, 6364, 6382, 6429, 6442, 6519, 6561, 6563, 6566, 6573, 6579, 6617, 6630, 6642, 6670, 6777, 6788, 6800, 6830, 6839, 6843, 6860, 6865, 6867, 6897, 6904, 6953, 6974, 6999, 7003, 7008, 7017, 7022, 7115, 7140, 7182, 7199, 7203, 7205, 7212, 7235, 7237, 7267, 7277, 7299, 7313, 7359, 7430, 7470, 7495, 7524, 7641, 7664, 7672, 7698, 7715, 7755, 7763, 7792, 7808, 7812, 7846, 7854, 7883, 7927, 7940, 7969, 7979, 8018, 8029, 8039, 8066, 8093, 8100, 8105, 8109, 8120, 8163, 8194, 8202, 8207, 8211, 8232, 8246, 8254, 8301, 8304, 8355, 8376, 8488, 8515, 8529, 8639, 8656, 8692, 8701, 8708, 8714, 8732, 8748, 8752, 8786, 8814, 8827, 8889, 8902, 8947, 8954, 9023, 9036, 9095, 9101, 9191, 9193, 9286, 9304, 9402, 9405, 9436, 9439, 9444, 9449]","[5389, 6382, 7267]","[26, 80, 93, 133, 146, 158, 286, 289, 292, 296, 302, 355, 361, 401, 453, 456, 469, 496, 528, 534, 612, 617, 630, 673, 705, 750, 753, 766, 806, 831, 970, 989, 1067, 1076, 1079, 1142, 1165, 1170, 1173, 1215, 1241, 1257, 1305, 1316, 1339, 1444, 1460, 1473, 1504, 1518, 1525, 1550, 1598, 1601, 1618, 1674, 1680, 1709, 1723, 1770, 1782, 1795, 1838, 1870, 1917, 1920, 1930, 1988, 1994, 2009, 2029, 2127, 2133, 2146, 2173, 2197, 2236, 2258, 2271, 2304, 2347, 2415, 2433, 2463, 2633, 2691, 2723, 2768, 2771, 2781, 2840, 2846, 2875, 2877, 2879, 2889, 2970, 3013, 3045, 3088, 3091, 3144, 3169, 3277, 3310, 3314, 3412, 3432, 3477, 3545, 3584, 3586, 3626, 3768, 3799, 3848, 3853, 3892, 3924, 3972, 3981, 3992, 4006, 4036, 4063, 4080, 4160, 4224, 4245, 4360, 4396, 4401, 4403, 4413, 4420, 4425, 4454, 4464, 4475, 4484, 4517, 4524, 4544, 4558, 4612, 4650, 4666, 4715, 4726, 4730, 4773, 4777, 4805, 4820, 4831, 4837, 4843, 4876, 4879, 4891, 4893, 4901, 4914, 4961, 4975, 5008, 5021, 5023, 5058, 5216, 5230, 5233, 5254, 5273, 5299, 5305, 5394, 5407, 5414, 5417, 5424, 5426, 5431, 5489, 5503, 5509, 5516, 5525, 5548, 5576, 5579, 5587, 5611, 5646, 5659, 5669, 5752, 5769, 5802, 5812, 5854, 5887, 5891, 5924, 5928, 5934, 5938, 5940, 5980, 5989, 6004, 6016, 6022, 6024, 6028, 6062, 6074, 6084, 6089, 6099, 6105, 6224, 6277, 6284, 6314, 6337, 6339, 6364, 6429, 6442, 6519, 6561, 6563, 6566, 6573, 6579, 6617, 6630, 6642, 6670, 6777, 6788, 6800, 6830, 6839, 6843, 6860, 6865, 6867, 6897, 6904, 6953, 6974, 6999, 7003, 7008, 7017, 7022, 7115, 7140, 7182, 7199, 7203, 7205, 7212, 7235, 7237, 7277, 7299, 7313, 7359, 7430, 7470, 7495, 7524, 7641, 7664, 7672, 7698, 7715, 7755, 7763, 7792, 7808, 7812, 7846, 7854, 7883, 7927, 7940, 7969, 7979, 8018, 8029, 8039, 8066, 8093, 8100, 8105, 8109, 8120, 8163, 8194, 8202, 8207, 8211, 8232, 8246, 8254, 8301, 8304, 8355, 8376, 8488, 8515, 8529, 8639, 8656, 8692, 8701, 8708, 8714, 8732, 8748, 8752, 8786, 8814, 8827, 8889, 8902, 8947, 8954, 9023, 9036, 9095, 9101, 9191, 9193, 9286, 9304, 9402, 9405, 9436, 9439, 9444, 9449]","[5389, 6382, 7267]",9449,349,9100,3,346,9100,0
-1.5,HSATPCP2,"[6, 19, 21, 41, 107, 138, 195, 239, 247, 302, 317, 391, 398, 407, 438, 558, 586, 662, 688, 778, 786, 854, 870, 887, 916, 964, 973, 1035, 1049, 1053, 1068, 1143, 1163, 1205, 1210, 1278, 1289, 1294, 1460, 1463, 1514, 1531, 1546, 1563, 1565, 1626, 1632, 1671, 1683, 1692, 1695, 1701, 1704, 1707, 1710, 1713, 1716, 1719, 1722, 1768, 1775, 1798, 1818, 1820, 1827, 1876, 1982, 2051, 2066, 2098, 2106, 2109, 2125, 2150, 2183, 2197, 2265, 2282, 2337, 2402, 2550, 2552, 2673, 2709, 2726, 2745, 2747, 2753, 2781, 2795, 2931, 2991, 2996, 3018, 3053, 3101, 3106, 3206, 3258, 3296, 3319, 3326, 3423, 3457, 3524, 3536, 3624, 3646, 3666, 3668, 3702, 3721, 3744, 3769, 3787, 3800, 3824, 3870, 3890, 3912, 3927, 3937, 4003, 4013, 4040, 4103, 4160, 4174, 4180, 4218, 4254, 4267, 4337, 4393, 4442, 4463, 4477, 4493, 4516, 4532, 4538, 4568, 4573, 4612, 4641, 4668, 4676, 4682, 4692, 4709, 4738, 4743, 4757, 4794, 4844, 4878, 4907, 4937, 4954, 4982, 4997, 5026, 5030, 5066, 5078, 5134, 5220, 5238, 5310, 5324, 5329, 5342, 5367, 5438, 5451, 5494, 5497, 5525, 5537, 5556, 5616, 5623, 5636, 5641, 5669, 5715, 5732, 5739, 5765, 5831, 5847, 5883, 5894, 5902, 5916, 5962, 5964, 6023, 6029, 6060, 6127, 6145, 6152, 6187, 6189, 6278, 6354, 6398, 6407, 6418, 6428, 6432, 6441, 6460, 6487, 6504, 6599, 6643, 6658, 6718, 6722, 6726, 6730, 6734, 6738, 6755, 6780, 6785, 6790, 6793, 6856, 6876, 6901, 6910, 6916, 6921, 6931, 6935, 6944, 6963, 6990, 7005, 7007, 7016, 7045, 7130, 7164, 7171, 7188, 7214, 7245, 7247, 7252, 7265, 7310, 7333, 7379, 7410, 7453, 7468, 7490, 7494, 7589, 7680, 7690, 7703, 7756, 7762, 7768, 7805, 7843, 7851, 7895, 7908, 8049, 8081, 8090, 8126, 8135, 8146, 8156, 8169, 8188, 8197, 8208, 8218, 8222, 8231, 8252, 8306, 8316, 8384, 8414, 8432, 8435, 8445, 8468, 8477, 8481, 8498, 8578, 8599, 8622, 8638, 8664, 8689, 8720, 8803, 8809, 8901, 8903, 8913, 8929, 8933, 8957, 9001, 9032, 9151, 9154, 9167, 9194, 9198, 9212, 9244, 9286, 9289, 9302, 9355, 9361, 9364, 9367, 9502, 9507, 9552, 9573, 9584, 9594, 9596, 9601, 9611, 9627, 9637, 9647, 9682, 9689, 9693, 9700, 9710, 9720, 9752, 9770, 9790, 9857, 9886, 9911, 9932, 9937, 9987, 9993, 10030, 10040, 10048, 10099, 10117, 10145, 10159, 10162, 10195, 10205, 10210, 10219, 10222, 10231, 10238, 10247, 10268, 10332, 10359, 10369, 10405, 10423, 10452, 10581, 10621, 10669, 10850, 10856, 10863, 10886, 10888, 10908, 10918, 10927, 10943, 10966, 10984, 11009, 11029, 11033, 11037, 11041, 11056, 11081, 11086, 11107, 11139, 11156, 11210, 11221, 11231, 11244, 11265, 11383, 11404, 11411, 11421, 11462, 11477, 11516, 11530, 11537, 11602, 11613, 11674, 11680, 11686, 11693, 11714, 11728, 11736, 11789, 11802, 11822, 11832, 11846, 11853, 11869, 11878, 11926, 11936, 11995, 12001, 12014, 12030, 12044, 12113, 12115, 12119, 12123, 12127, 12131, 12153, 12186, 12197, 12199, 12243, 12248, 12281, 12286, 12342, 12349, 12374, 12419, 12432, 12491, 12497, 12501, 12540, 12652, 12698, 12707, 12789, 12813, 12916, 12930, 12965, 12969, 13004, 13012, 13100, 13157, 13162, 13201, 13233, 13249, 13318, 13343, 13351, 13353, 13387, 13419, 13435, 13464, 13525, 13530, 13539, 13570, 13602, 13648, 13657, 13668, 13676, 13691, 13710, 13737, 13780, 13789, 13800, 13810, 13823, 13871, 13888, 13916, 13925, 13936, 13946, 13959, 13980, 14007, 14022, 14024, 14135, 14163, 14232, 14243, 14285, 14344, 14358, 14371, 14383, 14394, 14400, 14422, 14466, 14508, 14535, 14598, 14600, 14726, 14752, 14789, 14794, 14803, 14805, 14845, 14848, 14859, 14888, 14917, 14919, 14937, 14946, 14954, 14960, 14976, 14979, 14985]","[7490, 10195, 10918]","[6, 19, 21, 41, 107, 138, 195, 239, 247, 302, 317, 391, 398, 407, 438, 558, 586, 662, 688, 778, 786, 854, 870, 887, 916, 964, 973, 1035, 1049, 1053, 1068, 1143, 1163, 1205, 1210, 1278, 1289, 1294, 1460, 1463, 1514, 1531, 1546, 1563, 1565, 1626, 1632, 1671, 1683, 1692, 1695, 1701, 1704, 1707, 1710, 1713, 1716, 1719, 1722, 1768, 1775, 1798, 1818, 1820, 1827, 1876, 1982, 2051, 2066, 2098, 2106, 2109, 2125, 2150, 2183, 2197, 2265, 2282, 2337, 2402, 2550, 2552, 2673, 2709, 2726, 2745, 2747, 2753, 2781, 2795, 2931, 2991, 2996, 3018, 3053, 3101, 3106, 3206, 3258, 3296, 3319, 3326, 3423, 3457, 3524, 3536, 3624, 3646, 3666, 3668, 3702, 3721, 3744, 3769, 3787, 3800, 3824, 3870, 3890, 3912, 3927, 3937, 4003, 4013, 4040, 4103, 4160, 4174, 4180, 4218, 4254, 4267, 4337, 4393, 4442, 4463, 4477, 4493, 4516, 4532, 4538, 4568, 4573, 4612, 4641, 4668, 4676, 4682, 4692, 4709, 4738, 4743, 4757, 4794, 4844, 4878, 4907, 4937, 4954, 4982, 4997, 5026, 5030, 5066, 5078, 5134, 5220, 5238, 5310, 5324, 5329, 5342, 5367, 5438, 5451, 5494, 5497, 5525, 5537, 5556, 5616, 5623, 5636, 5641, 5669, 5715, 5732, 5739, 5765, 5831, 5847, 5883, 5894, 5902, 5916, 5962, 5964, 6023, 6029, 6060, 6127, 6145, 6152, 6187, 6189, 6278, 6354, 6398, 6407, 6418, 6428, 6432, 6441, 6460, 6487, 6504, 6599, 6643, 6658, 6718, 6722, 6726, 6730, 6734, 6738, 6755, 6780, 6785, 6790, 6793, 6856, 6876, 6901, 6910, 6916, 6921, 6931, 6935, 6944, 6963, 6990, 7005, 7007, 7016, 7045, 7130, 7164, 7171, 7188, 7214, 7245, 7247, 7252, 7265, 7310, 7333, 7379, 7410, 7453, 7468, 7494, 7589, 7680, 7690, 7703, 7756, 7762, 7768, 7805, 7843, 7851, 7895, 7908, 8049, 8081, 8090, 8126, 8135, 8146, 8156, 8169, 8188, 8197, 8208, 8218, 8222, 8231, 8252, 8306, 8316, 8384, 8414, 8432, 8435, 8445, 8468, 8477, 8481, 8498, 8578, 8599, 8622, 8638, 8664, 8689, 8720, 8803, 8809, 8901, 8903, 8913, 8929, 8933, 8957, 9001, 9032, 9151, 9154, 9167, 9194, 9198, 9212, 9244, 9286, 9289, 9302, 9355, 9361, 9364, 9367, 9502, 9507, 9552, 9573, 9584, 9594, 9596, 9601, 9611, 9627, 9637, 9647, 9682, 9689, 9693, 9700, 9710, 9720, 9752, 9770, 9790, 9857, 9886, 9911, 9932, 9937, 9987, 9993, 10030, 10040, 10048, 10099, 10117, 10145, 10159, 10162, 10205, 10210, 10219, 10222, 10231, 10238, 10247, 10268, 10332, 10359, 10369, 10405, 10423, 10452, 10581, 10621, 10669, 10850, 10856, 10863, 10886, 10888, 10908, 10927, 10943, 10966, 10984, 11009, 11029, 11033, 11037, 11041, 11056, 11081, 11086, 11107, 11139, 11156, 11210, 11221, 11231, 11244, 11265, 11383, 11404, 11411, 11421, 11462, 11477, 11516, 11530, 11537, 11602, 11613, 11674, 11680, 11686, 11693, 11714, 11728, 11736, 11789, 11802, 11822, 11832, 11846, 11853, 11869, 11878, 11926, 11936, 11995, 12001, 12014, 12030, 12044, 12113, 12115, 12119, 12123, 12127, 12131, 12153, 12186, 12197, 12199, 12243, 12248, 12281, 12286, 12342, 12349, 12374, 12419, 12432, 12491, 12497, 12501, 12540, 12652, 12698, 12707, 12789, 12813, 12916, 12930, 12965, 12969, 13004, 13012, 13100, 13157, 13162, 13201, 13233, 13249, 13318, 13343, 13351, 13353, 13387, 13419, 13435, 13464, 13525, 13530, 13539, 13570, 13602, 13648, 13657, 13668, 13676, 13691, 13710, 13737, 13780, 13789, 13800, 13810, 13823, 13871, 13888, 13916, 13925, 13936, 13946, 13959, 13980, 14007, 14022, 14024, 14135, 14163, 14232, 14243, 14285, 14344, 14358, 14371, 14383, 14394, 14400, 14422, 14466, 14508, 14535, 14598, 14600, 14726, 14752, 14789, 14794, 14803, 14805, 14845, 14848, 14859, 14888, 14917, 14919, 14937, 14946, 14954, 14960, 14976, 14979, 14985]","[7490, 10195, 10918]",15008,557,14451,3,554,14451,0
-1.5,HSB3A,"[19, 88, 105, 131, 158, 201, 223, 244, 255, 292, 303, 320, 353, 438, 462, 476, 482, 542, 580, 646, 720, 734, 739, 779, 791, 809, 815, 857, 859, 863, 890, 905, 908, 949, 973, 983, 989, 994, 996, 998, 1021, 1034, 1052, 1068, 1082, 1109, 1118, 1120, 1124, 1127, 1129, 1139, 1144, 1165, 1168, 1175, 1224, 1250, 1292, 1316, 1322, 1325, 1399, 1424, 1432, 1451, 1510, 1521, 1552, 1574, 1641, 1717, 1731, 1843, 1847, 1878, 1895, 1897, 1901, 1905, 1918, 1920, 1940, 1978, 2024, 2033, 2085, 2108, 2135, 2176, 2207, 2210, 2285, 2339, 2350, 2394, 2455, 2551, 2606, 2617, 2623, 2640, 2647, 2655, 2659, 2670, 2674, 2682, 2684, 2708, 2714, 2725, 2732, 2734, 2736, 2744, 2747, 2765, 2787, 2813, 2841, 2931, 2983, 3021, 3047, 3075, 3125, 3128, 3139, 3144, 3166, 3194, 3199, 3203, 3207, 3234, 3290, 3314, 3348, 3373, 3423, 3425, 3445, 3462, 3474, 3566, 3631]",[1843],"[19, 88, 105, 131, 158, 201, 223, 244, 255, 292, 303, 320, 353, 438, 462, 476, 482, 542, 580, 646, 720, 734, 739, 779, 791, 809, 815, 857, 859, 863, 890, 905, 908, 949, 973, 983, 989, 994, 996, 998, 1021, 1034, 1052, 1068, 1082, 1109, 1118, 1120, 1124, 1127, 1129, 1139, 1144, 1165, 1168, 1175, 1224, 1250, 1292, 1316, 1322, 1325, 1399, 1424, 1432, 1451, 1510, 1521, 1552, 1574, 1641, 1717, 1731, 1847, 1878, 1895, 1897, 1901, 1905, 1918, 1920, 1940, 1978, 2024, 2033, 2085, 2108, 2135, 2176, 2207, 2210, 2285, 2339, 2350, 2394, 2455, 2551, 2606, 2617, 2623, 2640, 2647, 2655, 2659, 2670, 2674, 2682, 2684, 2708, 2714, 2725, 2732, 2734, 2736, 2744, 2747, 2765, 2787, 2813, 2841, 2931, 2983, 3021, 3047, 3075, 3125, 3128, 3139, 3144, 3166, 3194, 3199, 3203, 3207, 3234, 3290, 3314, 3348, 3373, 3423, 3425, 3445, 3462, 3474, 3566, 3631]",[1843],3675,147,3528,1,146,3528,0
-1.5,HSBGPG,"[13, 29, 70, 116, 137, 151, 155, 169, 205, 207, 222, 230, 303, 378, 419, 428, 560, 564, 595, 790, 817, 832, 850, 856, 877, 904, 941, 1055, 1058, 1081, 1096, 1143, 1147, 1168, 1181, 1187, 1193, 1212, 1233, 1235, 1283, 1288, 1340, 1342, 1344, 1362, 1369, 1421, 1428, 1532, 1585, 1593, 1597, 1615, 1617, 1628, 1630, 1645, 1653]","[560, 850, 1096]","[13, 29, 70, 116, 137, 151, 155, 169, 205, 207, 222, 230, 303, 378, 419, 428, 564, 595, 790, 817, 832, 856, 877, 904, 941, 1055, 1058, 1081, 1143, 1147, 1168, 1181, 1187, 1193, 1212, 1233, 1235, 1283, 1288, 1340, 1342, 1344, 1362, 1369, 1421, 1428, 1532, 1585, 1593, 1597, 1615, 1617, 1628, 1630, 1645, 1653]","[560, 850, 1096]",1667,59,1608,3,56,1608,0
-1.5,HSBSF2,"[76, 111, 119, 123, 210, 238, 242, 245, 274, 284, 318, 332, 335, 348, 354, 423, 463, 477, 501, 544, 565, 631, 634, 677, 760, 823, 833, 874, 906, 917, 920, 1000, 1024, 1086, 1150, 1242, 1246, 1281, 1291, 1293, 1304, 1306, 1308, 1355, 1360, 1405, 1437, 1464, 1491, 1550, 1587, 1621, 1645, 1647, 1672, 1696, 1730, 1747, 1749, 1757, 1788, 1825, 1869, 1873, 1917, 1935, 1959, 1969, 1974, 1986, 2041, 2059, 2089, 2102, 2107, 2160, 2179, 2189, 2220, 2232, 2241, 2324, 2333, 2335, 2360, 2393, 2429, 2443, 2450, 2472, 2474, 2520, 2553, 2556, 2580, 2583, 2585, 2605, 2620, 2638, 2647, 2654, 2656, 2748, 2816, 2847, 2851, 2857, 2866, 2871, 2930, 2945, 2953, 2956, 2973, 2997, 3022, 3064, 3070, 3106, 3149, 3178, 3241, 3300, 3336, 3381, 3466, 3482, 3492, 3499, 3510, 3533, 3536, 3556, 3566, 3601, 3605, 3629, 3631, 3655, 3708, 3720, 3763, 3772, 3776, 3809, 3835, 3861, 3906, 3926, 3988, 4005, 4044, 4061, 4076, 4086, 4108, 4134, 4154, 4202, 4240, 4286, 4289, 4291, 4296, 4317, 4321, 4329, 4358, 4392, 4410, 4427, 4431, 4443, 4476, 4479, 4505, 4527, 4574, 4611, 4656, 4665, 4675, 4688, 4715, 4821, 4824, 4885, 4889, 4895, 4909, 4943, 4947, 4983, 4992, 5025, 5039, 5052, 5110, 5116, 5140, 5180, 5422, 5506, 5556, 5613, 5621, 5668, 5688, 5713, 5734, 5761, 5772, 5815, 5817, 5876, 5889, 5898, 5944, 5946, 5953]","[1242, 1587, 2748, 3601]","[76, 111, 119, 123, 210, 238, 242, 245, 274, 284, 318, 332, 335, 348, 354, 423, 463, 477, 501, 544, 565, 631, 634, 677, 760, 823, 833, 874, 906, 917, 920, 1000, 1024, 1086, 1150, 1246, 1281, 1291, 1293, 1304, 1306, 1308, 1355, 1360, 1405, 1437, 1464, 1491, 1550, 1621, 1645, 1647, 1672, 1696, 1730, 1747, 1749, 1757, 1788, 1825, 1869, 1873, 1917, 1935, 1959, 1969, 1974, 1986, 2041, 2059, 2089, 2102, 2107, 2160, 2179, 2189, 2220, 2232, 2241, 2324, 2333, 2335, 2360, 2393, 2429, 2443, 2450, 2472, 2474, 2520, 2553, 2556, 2580, 2583, 2585, 2605, 2620, 2638, 2647, 2654, 2656, 2816, 2847, 2851, 2857, 2866, 2871, 2930, 2945, 2953, 2956, 2973, 2997, 3022, 3064, 3070, 3106, 3149, 3178, 3241, 3300, 3336, 3381, 3466, 3482, 3492, 3499, 3510, 3533, 3536, 3556, 3566, 3605, 3629, 3631, 3655, 3708, 3720, 3763, 3772, 3776, 3809, 3835, 3861, 3906, 3926, 3988, 4005, 4044, 4061, 4076, 4086, 4108, 4134, 4154, 4202, 4240, 4286, 4289, 4291, 4296, 4317, 4321, 4329, 4358, 4392, 4410, 4427, 4431, 4443, 4476, 4479, 4505, 4527, 4574, 4611, 4656, 4665, 4675, 4688, 4715, 4821, 4824, 4885, 4889, 4895, 4909, 4943, 4947, 4983, 4992, 5025, 5039, 5052, 5110, 5116, 5140, 5180, 5422, 5506, 5556, 5613, 5621, 5668, 5688, 5713, 5734, 5761, 5772, 5815, 5817, 5876, 5889, 5898, 5944, 5946, 5953]","[1242, 1587, 2748, 3601]",5953,221,5732,4,217,5732,0
-1.5,HSCBMYHC,"[45, 51, 53, 62, 128, 172, 264, 278, 297, 301, 336, 345, 360, 369, 401, 411, 467, 469, 533, 536, 585, 619, 625, 649, 693, 731, 755, 778, 788, 842, 860, 864, 897, 924, 929, 948, 1008, 1016, 1024, 1100, 1189, 1225, 1230, 1233, 1253, 1266, 1294, 1297, 1304, 1453, 1480, 1498, 1504, 1527, 1553, 1559, 1577, 1581, 1736, 1771, 1814, 1840, 1858, 1895, 1931, 2063, 2104, 2162, 2178, 2210, 2213, 2219, 2222, 2228, 2251, 2258, 2403, 2440, 2477, 2482, 2489, 2495, 2532, 2560, 2583, 2687, 2694, 2699, 2715, 2721, 2735, 2739, 2805, 2807, 2809, 2811, 2813, 2815, 2817, 2819, 2821, 2823, 2825, 2827, 2829, 2831, 2833, 2850, 2858, 2868, 2872, 2902, 2911, 2915, 2917, 2927, 2931, 2943, 2971, 2991, 2995, 3008, 3016, 3061, 3063, 3077, 3085, 3105, 3118, 3137, 3150, 3175, 3181, 3193, 3218, 3267, 3274, 3286, 3293, 3297, 3301, 3319, 3349, 3493, 3504, 3514, 3524, 3542, 3555, 3592, 3607, 3620, 3639, 3661, 3683, 3717, 3784, 3819, 3828, 3833, 3877, 3909, 3923, 3932, 3953, 3967, 4025, 4065, 4092, 4108, 4181, 4207, 4228, 4263, 4289, 4296, 4447, 4508, 4528, 4547, 4549, 4560, 4568, 4585, 4595, 4599, 4601, 4612, 4634, 4644, 4657, 4695, 4776, 4787, 4816, 4881, 4900, 4906, 4921, 4944, 4996, 5041, 5064, 5113, 5122, 5139, 5211, 5223, 5302, 5347, 5355, 5369, 5379, 5381, 5394, 5397, 5471, 5485, 5502, 5576, 5644, 5648, 5661, 5708, 5756, 5885, 6044, 6054, 6069, 6087, 6116, 6118, 6160, 6194, 6198, 6205, 6208, 6270, 6285, 6293, 6354, 6374, 6379, 6502, 6529, 6533, 6567, 6578, 6668, 6694, 6698, 6752, 6810, 6814, 6818, 6834, 6902, 6952, 6969, 6971, 6973, 6986, 6988, 6997, 7026, 7065, 7094, 7246, 7250, 7319, 7345, 7351, 7375, 7393, 7398, 7431, 7525, 7567, 7571, 7573, 7575, 7594, 7609, 7668, 7671, 7705, 7714, 7716, 7735, 7753, 7760, 7889, 7894, 7912, 7937, 7939, 7958, 7962, 7978, 8012, 8070, 8095, 8188, 8227, 8262, 8354, 8383, 8388, 8403, 8491, 8536, 8563, 8608, 8617, 8628, 8638, 8647, 8651, 8672, 8699, 8789, 8837, 8850, 8856, 8867, 8898, 8924, 8933, 8950, 9024, 9057, 9059, 9084, 9128, 9174, 9178, 9194, 9252, 9274, 9283, 9285, 9288, 9384, 9526, 9530, 9547, 9568, 9626, 9752, 9768, 9788, 9824, 9885, 9907, 9909, 9915, 9918, 9920, 9936, 9974, 9977, 9982, 9985, 9989, 10031, 10070, 10076, 10080, 10090, 10145, 10172, 10179, 10181, 10195, 10252, 10258, 10297, 10397, 10454, 10457, 10465, 10501, 10530, 10535, 10554, 10582, 10594, 10622, 10627, 10630, 10639, 10652, 10667, 10730, 10743, 10859, 10861, 10877, 10881, 10988, 11025, 11112, 11139, 11302, 11310, 11331, 11339, 11430, 11433, 11483, 11516, 11520, 11529, 11534, 11536, 11567, 11594, 11755, 11847, 11874, 11897, 11962, 12039, 12057, 12082, 12084, 12155, 12159, 12167, 12229, 12277, 12303, 12405, 12411, 12427, 12500, 12528, 12545, 12635, 12657, 12668, 12692, 12765, 12786, 12788, 12805, 12825, 12829, 12849, 12877, 12888, 12890, 12969, 12988, 13022, 13037, 13099, 13107, 13132, 13187, 13257, 13294, 13333, 13342, 13361, 13445, 13489, 13589, 13681, 13739, 13758, 13786, 13849, 13882, 13887, 14001, 14042, 14114, 14125, 14177, 14210, 14242, 14352, 14386, 14394, 14520, 14544, 14562, 14571, 14575, 14589, 14617, 14631, 14633, 14635, 14637, 14639, 14641, 14643, 14645, 14647, 14649, 14651, 14653, 14655, 14657, 14659, 14661, 14663, 14665, 14667, 14669, 14671, 14675, 14700, 14705, 14761, 14768, 14771, 14790, 14806, 14847, 14890, 14929, 14943, 15009, 15033, 15095, 15120, 15124, 15165, 15178, 15209, 15221, 15253, 15295, 15298, 15303, 15311, 15370, 15375, 15416, 15533, 15546, 15643, 15683, 15707, 15784, 15900, 15905, 15948, 16007, 16013, 16076, 16080, 16112, 16136, 16148, 16314, 16321, 16355, 16370, 16384, 16403, 16410, 16443, 16451, 16512, 16518, 16557, 16618, 16665, 16690, 16739, 16799, 16852, 16875, 16945, 16969, 16994, 17120, 17125, 17163, 17191, 17225, 17257, 17259, 17284, 17288, 17311, 17368, 17400, 17429, 17492, 17497, 17512, 17594, 17620, 17651, 17658, 17795, 17811, 17815, 17828, 17895, 17918, 17972, 17975, 18099, 18138, 18192, 18228, 18288, 18308, 18339, 18480, 18539, 18573, 18590, 18615, 18734, 18750, 18766, 18777, 18890, 18896, 18988, 19047, 19094, 19130, 19194, 19202, 19214, 19262, 19364, 19460, 19469, 19486, 19494, 19511, 19527, 19588, 19596, 19604, 19688, 19712, 19826, 19846, 19904, 19910, 19970, 19981, 20023, 20028, 20057, 20084, 20132, 20164, 20176, 20191, 20319, 20321, 20374, 20399, 20415, 20458, 20464, 20504, 20509, 20544, 20582, 20604, 20606, 20608, 20610, 20612, 20614, 20628, 20731, 20742, 20752, 20757, 20772, 20847, 20964, 21066, 21074, 21087, 21111, 21122, 21289, 21292, 21352, 21439, 21466, 21495, 21505, 21512, 21553, 21576, 21585, 21665, 21669, 21704, 21747, 21752, 21755, 21772, 21810, 21818, 21839, 22025, 22037, 22045, 22088, 22123, 22133, 22149, 22151, 22153, 22174, 22369, 22419, 22423, 22474, 22486, 22521, 22548, 22643, 22742, 22767, 22776, 22851, 22853, 22873, 22929, 22971, 23029, 23043, 23051, 23079, 23132, 23176, 23209, 23234, 23241, 23255, 23265, 23320, 23400, 23421, 23454, 23458, 23518, 23595, 23605, 23659, 23684, 23701, 23830, 23899, 23926, 23931, 23993, 24013, 24023, 24046, 24057, 24068, 24081, 24100, 24128, 24143, 24241, 24278, 24306, 24308, 24445, 24455, 24471, 24508, 24595, 24644, 24653, 24663, 24690, 24693, 24695, 24702, 24716, 24721, 24743, 24751, 24755, 24794, 24830, 24854, 24859, 24877, 24891, 24901, 24926, 24966]","[4595, 5041, 5485, 5644, 6354, 6529, 6694, 7246, 7567, 8354, 8898, 9174, 9626, 10530, 10877, 11339, 12155, 12427, 12829, 13342, 14210, 14571, 15900, 17120, 18228, 18590, 18896, 19262, 19970, 20319, 20604, 21466, 21839, 22088, 22474, 23454, 23701]","[45, 51, 53, 62, 128, 172, 264, 278, 297, 301, 336, 345, 360, 369, 401, 411, 467, 469, 533, 536, 585, 619, 625, 649, 693, 731, 755, 778, 788, 842, 860, 864, 897, 924, 929, 948, 1008, 1016, 1024, 1100, 1189, 1225, 1230, 1233, 1253, 1266, 1294, 1297, 1304, 1453, 1480, 1498, 1504, 1527, 1553, 1559, 1577, 1581, 1736, 1771, 1814, 1840, 1858, 1895, 1931, 2063, 2104, 2162, 2178, 2210, 2213, 2219, 2222, 2228, 2251, 2258, 2403, 2440, 2477, 2482, 2489, 2495, 2532, 2560, 2583, 2687, 2694, 2699, 2715, 2721, 2735, 2739, 2805, 2807, 2809, 2811, 2813, 2815, 2817, 2819, 2821, 2823, 2825, 2827, 2829, 2831, 2833, 2850, 2858, 2868, 2872, 2902, 2911, 2915, 2917, 2927, 2931, 2943, 2971, 2991, 2995, 3008, 3016, 3061, 3063, 3077, 3085, 3105, 3118, 3137, 3150, 3175, 3181, 3193, 3218, 3267, 3274, 3286, 3293, 3297, 3301, 3319, 3349, 3493, 3504, 3514, 3524, 3542, 3555, 3592, 3607, 3620, 3639, 3661, 3683, 3717, 3784, 3819, 3828, 3833, 3877, 3909, 3923, 3932, 3953, 3967, 4025, 4065, 4092, 4108, 4181, 4207, 4228, 4263, 4289, 4296, 4447, 4508, 4528, 4547, 4549, 4560, 4568, 4585, 4599, 4601, 4612, 4634, 4644, 4657, 4695, 4776, 4787, 4816, 4881, 4900, 4906, 4921, 4944, 4996, 5064, 5113, 5122, 5139, 5211, 5223, 5302, 5347, 5355, 5369, 5379, 5381, 5394, 5397, 5471, 5502, 5576, 5648, 5661, 5708, 5756, 5885, 6044, 6054, 6069, 6087, 6116, 6118, 6160, 6194, 6198, 6205, 6208, 6270, 6285, 6293, 6374, 6379, 6502, 6533, 6567, 6578, 6668, 6698, 6752, 6810, 6814, 6818, 6834, 6902, 6952, 6969, 6971, 6973, 6986, 6988, 6997, 7026, 7065, 7094, 7250, 7319, 7345, 7351, 7375, 7393, 7398, 7431, 7525, 7571, 7573, 7575, 7594, 7609, 7668, 7671, 7705, 7714, 7716, 7735, 7753, 7760, 7889, 7894, 7912, 7937, 7939, 7958, 7962, 7978, 8012, 8070, 8095, 8188, 8227, 8262, 8383, 8388, 8403, 8491, 8536, 8563, 8608, 8617, 8628, 8638, 8647, 8651, 8672, 8699, 8789, 8837, 8850, 8856, 8867, 8924, 8933, 8950, 9024, 9057, 9059, 9084, 9128, 9178, 9194, 9252, 9274, 9283, 9285, 9288, 9384, 9526, 9530, 9547, 9568, 9752, 9768, 9788, 9824, 9885, 9907, 9909, 9915, 9918, 9920, 9936, 9974, 9977, 9982, 9985, 9989, 10031, 10070, 10076, 10080, 10090, 10145, 10172, 10179, 10181, 10195, 10252, 10258, 10297, 10397, 10454, 10457, 10465, 10501, 10535, 10554, 10582, 10594, 10622, 10627, 10630, 10639, 10652, 10667, 10730, 10743, 10859, 10861, 10881, 10988, 11025, 11112, 11139, 11302, 11310, 11331, 11430, 11433, 11483, 11516, 11520, 11529, 11534, 11536, 11567, 11594, 11755, 11847, 11874, 11897, 11962, 12039, 12057, 12082, 12084, 12159, 12167, 12229, 12277, 12303, 12405, 12411, 12500, 12528, 12545, 12635, 12657, 12668, 12692, 12765, 12786, 12788, 12805, 12825, 12849, 12877, 12888, 12890, 12969, 12988, 13022, 13037, 13099, 13107, 13132, 13187, 13257, 13294, 13333, 13361, 13445, 13489, 13589, 13681, 13739, 13758, 13786, 13849, 13882, 13887, 14001, 14042, 14114, 14125, 14177, 14242, 14352, 14386, 14394, 14520, 14544, 14562, 14575, 14589, 14617, 14631, 14633, 14635, 14637, 14639, 14641, 14643, 14645, 14647, 14649, 14651, 14653, 14655, 14657, 14659, 14661, 14663, 14665, 14667, 14669, 14671, 14675, 14700, 14705, 14761, 14768, 14771, 14790, 14806, 14847, 14890, 14929, 14943, 15009, 15033, 15095, 15120, 15124, 15165, 15178, 15209, 15221, 15253, 15295, 15298, 15303, 15311, 15370, 15375, 15416, 15533, 15546, 15643, 15683, 15707, 15784, 15905, 15948, 16007, 16013, 16076, 16080, 16112, 16136, 16148, 16314, 16321, 16355, 16370, 16384, 16403, 16410, 16443, 16451, 16512, 16518, 16557, 16618, 16665, 16690, 16739, 16799, 16852, 16875, 16945, 16969, 16994, 17125, 17163, 17191, 17225, 17257, 17259, 17284, 17288, 17311, 17368, 17400, 17429, 17492, 17497, 17512, 17594, 17620, 17651, 17658, 17795, 17811, 17815, 17828, 17895, 17918, 17972, 17975, 18099, 18138, 18192, 18288, 18308, 18339, 18480, 18539, 18573, 18615, 18734, 18750, 18766, 18777, 18890, 18988, 19047, 19094, 19130, 19194, 19202, 19214, 19364, 19460, 19469, 19486, 19494, 19511, 19527, 19588, 19596, 19604, 19688, 19712, 19826, 19846, 19904, 19910, 19981, 20023, 20028, 20057, 20084, 20132, 20164, 20176, 20191, 20321, 20374, 20399, 20415, 20458, 20464, 20504, 20509, 20544, 20582, 20606, 20608, 20610, 20612, 20614, 20628, 20731, 20742, 20752, 20757, 20772, 20847, 20964, 21066, 21074, 21087, 21111, 21122, 21289, 21292, 21352, 21439, 21495, 21505, 21512, 21553, 21576, 21585, 21665, 21669, 21704, 21747, 21752, 21755, 21772, 21810, 21818, 22025, 22037, 22045, 22123, 22133, 22149, 22151, 22153, 22174, 22369, 22419, 22423, 22486, 22521, 22548, 22643, 22742, 22767, 22776, 22851, 22853, 22873, 22929, 22971, 23029, 23043, 23051, 23079, 23132, 23176, 23209, 23234, 23241, 23255, 23265, 23320, 23400, 23421, 23458, 23518, 23595, 23605, 23659, 23684, 23830, 23899, 23926, 23931, 23993, 24013, 24023, 24046, 24057, 24068, 24081, 24100, 24128, 24143, 24241, 24278, 24306, 24308, 24445, 24455, 24471, 24508, 24595, 24644, 24653, 24663, 24690, 24693, 24695, 24702, 24716, 24721, 24743, 24751, 24755, 24794, 24830, 24854, 24859, 24877, 24891, 24901, 24926, 24966]","[4595, 5041, 5485, 5644, 6354, 6529, 6694, 7246, 7567, 8354, 8898, 9174, 9626, 10530, 10877, 11339, 12155, 12427, 12829, 13342, 14210, 14571, 15900, 17120, 18228, 18590, 18896, 19262, 19970, 20319, 20604, 21466, 21839, 22088, 22474, 23454, 23701]",24992,803,24189,37,766,24189,0
-1.5,HSCD14G,"[30, 56, 58, 79, 87, 89, 121, 136, 159, 163, 165, 170, 178, 187, 209, 255, 286, 292, 317, 346, 378, 393, 395, 397, 399, 406, 412, 431, 460, 486, 499, 514, 529, 544, 562, 575, 577, 585, 697, 699, 702, 741, 763, 811, 846, 903, 961, 963, 986, 988, 1036, 1062, 1095, 1114, 1144, 1204, 1240, 1285, 1298, 1304, 1314, 1318, 1324, 1326, 1339, 1427, 1435, 1496, 1501, 1503, 1532, 1541, 1553]",[159],"[30, 56, 58, 79, 87, 89, 121, 136, 163, 165, 170, 178, 187, 209, 255, 286, 292, 317, 346, 378, 393, 395, 397, 399, 406, 412, 431, 460, 486, 499, 514, 529, 544, 562, 575, 577, 585, 697, 699, 702, 741, 763, 811, 846, 903, 961, 963, 986, 988, 1036, 1062, 1095, 1114, 1144, 1204, 1240, 1285, 1298, 1304, 1314, 1318, 1324, 1326, 1339, 1427, 1435, 1496, 1501, 1503, 1532, 1541, 1553]",[159],1562,73,1489,1,72,1489,0
-1.5,HSCKBG,"[47, 93, 98, 129, 135, 191, 194, 236, 251, 347, 381, 395, 508, 554, 587, 601, 657, 670, 672, 770, 773, 811, 821, 876, 880, 901, 942, 1032, 1072, 1075, 1101, 1107, 1124, 1244, 1261, 1313, 1328, 1341, 1426, 1431, 1471, 1484, 1493, 1520, 1619, 1677, 1718, 1733, 1755, 1817, 1824, 1878, 1923, 1950, 2027, 2040, 2056, 2068, 2099, 2124, 2145, 2318, 2320, 2373, 2380, 2384, 2458, 2518, 2524, 2529, 2552, 2570, 2574, 2597, 2638, 2643, 2746, 2789, 2800, 2817, 2877, 2890, 2907, 2909, 2917, 2992, 3022, 3075, 3077, 3081, 3105, 3141, 3174, 3220, 3224, 3280, 3286, 3323, 3369, 3434, 3436, 3484, 3521, 3534, 3549, 3603, 3620, 3638, 3671, 3680, 3689, 3692, 3701, 3834, 3856, 3863, 3887, 3899, 3909, 3963, 3979, 3985, 3988, 4062, 4078, 4102, 4152, 4166]","[1341, 1619, 1824, 2380, 3174, 3521]","[47, 93, 98, 129, 135, 191, 194, 236, 251, 347, 381, 395, 508, 554, 587, 601, 657, 670, 672, 770, 773, 811, 821, 876, 880, 901, 942, 1032, 1072, 1075, 1101, 1107, 1124, 1244, 1261, 1313, 1328, 1426, 1431, 1471, 1484, 1493, 1520, 1677, 1718, 1733, 1755, 1817, 1878, 1923, 1950, 2027, 2040, 2056, 2068, 2099, 2124, 2145, 2318, 2320, 2373, 2384, 2458, 2518, 2524, 2529, 2552, 2570, 2574, 2597, 2638, 2643, 2746, 2789, 2800, 2817, 2877, 2890, 2907, 2909, 2917, 2992, 3022, 3075, 3077, 3081, 3105, 3141, 3220, 3224, 3280, 3286, 3323, 3369, 3434, 3436, 3484, 3534, 3549, 3603, 3620, 3638, 3671, 3680, 3689, 3692, 3701, 3834, 3856, 3863, 3887, 3899, 3909, 3963, 3979, 3985, 3988, 4062, 4078, 4102, 4152, 4166]","[1341, 1619, 1824, 2380, 3174, 3521]",4192,128,4064,6,122,4064,0
-1.5,HSCOMT2,"[31, 64, 103, 140, 159, 197, 220, 230, 284, 329, 333, 343, 367, 378, 409, 448, 467, 487, 528, 539, 549, 583, 589, 600, 636, 675, 678, 703, 709, 734, 736, 784, 911, 925, 936, 942, 1064, 1075, 1079, 1102, 1110, 1193, 1261, 1283, 1285, 1289, 1364, 1374, 1389, 1398, 1401, 1439, 1495, 1527, 1563, 1601, 1614, 1630, 1636, 1651, 1696, 1712, 1730, 1773, 1782, 1806, 1831, 1845, 1865, 1909, 1932, 1947, 1959, 1961, 1979, 2004, 2045, 2085, 2122, 2128, 2132, 2148, 2152, 2154, 2160, 2182, 2188, 2192, 2208, 2212, 2220, 2246, 2258, 2299, 2306, 2324, 2350, 2378, 2403, 2431, 2467, 2477, 2479, 2513, 2521, 2523, 2544, 2547, 2551, 2561, 2589, 2596, 2619, 2642, 2651, 2662, 2667, 2705, 2739, 2742, 2747, 2755, 2774, 2785, 2827, 2831, 2843, 2866, 2884, 2897, 2920, 2943, 2980, 2983, 3082, 3091, 3100, 3132, 3342, 3451, 3458, 3492, 3495, 3503, 3536, 3580, 3628]","[1630, 1959, 2378]","[31, 64, 103, 140, 159, 197, 220, 230, 284, 329, 333, 343, 367, 378, 409, 448, 467, 487, 528, 539, 549, 583, 589, 600, 636, 675, 678, 703, 709, 734, 736, 784, 911, 925, 936, 942, 1064, 1075, 1079, 1102, 1110, 1193, 1261, 1283, 1285, 1289, 1364, 1374, 1389, 1398, 1401, 1439, 1495, 1527, 1563, 1601, 1614, 1636, 1651, 1696, 1712, 1730, 1773, 1782, 1806, 1831, 1845, 1865, 1909, 1932, 1947, 1961, 1979, 2004, 2045, 2085, 2122, 2128, 2132, 2148, 2152, 2154, 2160, 2182, 2188, 2192, 2208, 2212, 2220, 2246, 2258, 2299, 2306, 2324, 2350, 2403, 2431, 2467, 2477, 2479, 2513, 2521, 2523, 2544, 2547, 2551, 2561, 2589, 2596, 2619, 2642, 2651, 2662, 2667, 2705, 2739, 2742, 2747, 2755, 2774, 2785, 2827, 2831, 2843, 2866, 2884, 2897, 2920, 2943, 2980, 2983, 3082, 3091, 3100, 3132, 3342, 3451, 3458, 3492, 3495, 3503, 3536, 3580, 3628]","[1630, 1959, 2378]",3643,147,3496,3,144,3496,0
-1.5,HSCPH70,"[11, 16, 36, 45, 109, 114, 153, 189, 205, 233, 242, 253, 276, 297, 324, 341, 377, 407, 477, 527, 561, 568, 633, 660, 676, 718, 773, 829, 844, 865, 924, 926, 944, 1006, 1057, 1069, 1072, 1074, 1113, 1153, 1158, 1213, 1235, 1302, 1328, 1349, 1358, 1363, 1438, 1461, 1508, 1522, 1562, 1581, 1584, 1611, 1646, 1648, 1663, 1675, 1693, 1717, 1729, 1746, 1768, 1778, 1784, 1788, 1791, 1888, 1896, 1953, 1972, 1991, 2009, 2020, 2041, 2163, 2190, 2202, 2226, 2228, 2247, 2252, 2296, 2303, 2336, 2354, 2373, 2398, 2423, 2449, 2514, 2552, 2563, 2589, 2615, 2629, 2646, 2669, 2709, 2724, 2775, 2820, 2861, 2893, 2921, 2923, 2936, 2940, 2955, 2978, 2990, 3031, 3051, 3085, 3115, 3172, 3200, 3204, 3229, 3260, 3302, 3305, 3318, 3382, 3395, 3416, 3450, 3469, 3485, 3506, 3561, 3574, 3602, 3622, 3675, 3697, 3741, 3744, 3762, 3794, 3802, 3831, 3847, 3855, 3858, 3895, 3899, 3901, 3906, 3915, 3959, 3985, 3992, 4028, 4054, 4069, 4077, 4120, 4156, 4175, 4188, 4204, 4243, 4249, 4253, 4255, 4257, 4259, 4261, 4265, 4283, 4287, 4327, 4357, 4366, 4394, 4402, 4407, 4439, 4513, 4536, 4555, 4587, 4595, 4602, 4629, 4632, 4659, 4719, 4764, 4798, 4801, 4807, 4845, 4960, 4972, 5008, 5011, 5021, 5060, 5066, 5071, 5142, 5160, 5162, 5188, 5196, 5207, 5217, 5230, 5241, 5251, 5278, 5321, 5376, 5382, 5387, 5390, 5423, 5455, 5500, 5509, 5541, 5562, 5590, 5617, 5633, 5666, 5670, 5709, 5750, 5796, 5801, 5840, 5872, 5918, 5927, 5938, 5946, 5948, 5961, 5980, 6007, 6024, 6051, 6065, 6096, 6173, 6180, 6215, 6231, 6234, 6246, 6267, 6334, 6393, 6432, 6448, 6473, 6519, 6565, 6584, 6603, 6610, 6631, 6650, 6685, 6693, 6702]","[1729, 4204, 4407, 4801]","[11, 16, 36, 45, 109, 114, 153, 189, 205, 233, 242, 253, 276, 297, 324, 341, 377, 407, 477, 527, 561, 568, 633, 660, 676, 718, 773, 829, 844, 865, 924, 926, 944, 1006, 1057, 1069, 1072, 1074, 1113, 1153, 1158, 1213, 1235, 1302, 1328, 1349, 1358, 1363, 1438, 1461, 1508, 1522, 1562, 1581, 1584, 1611, 1646, 1648, 1663, 1675, 1693, 1717, 1746, 1768, 1778, 1784, 1788, 1791, 1888, 1896, 1953, 1972, 1991, 2009, 2020, 2041, 2163, 2190, 2202, 2226, 2228, 2247, 2252, 2296, 2303, 2336, 2354, 2373, 2398, 2423, 2449, 2514, 2552, 2563, 2589, 2615, 2629, 2646, 2669, 2709, 2724, 2775, 2820, 2861, 2893, 2921, 2923, 2936, 2940, 2955, 2978, 2990, 3031, 3051, 3085, 3115, 3172, 3200, 3204, 3229, 3260, 3302, 3305, 3318, 3382, 3395, 3416, 3450, 3469, 3485, 3506, 3561, 3574, 3602, 3622, 3675, 3697, 3741, 3744, 3762, 3794, 3802, 3831, 3847, 3855, 3858, 3895, 3899, 3901, 3906, 3915, 3959, 3985, 3992, 4028, 4054, 4069, 4077, 4120, 4156, 4175, 4188, 4243, 4249, 4253, 4255, 4257, 4259, 4261, 4265, 4283, 4287, 4327, 4357, 4366, 4394, 4402, 4439, 4513, 4536, 4555, 4587, 4595, 4602, 4629, 4632, 4659, 4719, 4764, 4798, 4807, 4845, 4960, 4972, 5008, 5011, 5021, 5060, 5066, 5071, 5142, 5160, 5162, 5188, 5196, 5207, 5217, 5230, 5241, 5251, 5278, 5321, 5376, 5382, 5387, 5390, 5423, 5455, 5500, 5509, 5541, 5562, 5590, 5617, 5633, 5666, 5670, 5709, 5750, 5796, 5801, 5840, 5872, 5918, 5927, 5938, 5946, 5948, 5961, 5980, 6007, 6024, 6051, 6065, 6096, 6173, 6180, 6215, 6231, 6234, 6246, 6267, 6334, 6393, 6432, 6448, 6473, 6519, 6565, 6584, 6603, 6610, 6631, 6650, 6685, 6693, 6702]","[1729, 4204, 4407, 4801]",6703,271,6432,4,267,6432,0
-1.5,HSCSF1PO,"[10, 23, 40, 48, 86, 115, 148, 175, 238, 314, 319, 341, 359, 384, 409, 454, 469, 496, 513, 522, 528, 534, 569, 648, 678, 760, 779, 783, 847, 853, 911, 931, 956, 971, 977, 984, 993, 1004, 1053, 1122, 1198, 1243, 1277, 1290, 1333, 1415, 1433, 1526, 1542, 1562, 1719, 1722, 1798, 1815, 1817, 1824, 1847, 1862, 1946, 1965, 1983, 1995, 2001, 2003, 2021, 2052, 2098, 2102, 2119, 2122, 2127, 2141, 2146, 2164, 2169, 2202, 2204, 2241, 2265, 2267, 2285, 2306, 2325, 2335, 2374, 2378, 2385, 2402, 2428, 2448, 2465, 2515, 2564, 2567, 2570, 2582, 2591, 2598, 2619, 2661, 2670, 2704, 2710, 2749, 2759, 2770, 2816, 2829, 2840, 2961, 2973, 3041, 3101, 3106, 3145, 3151, 3219, 3228, 3249, 3262, 3283, 3310, 3312, 3325, 3327, 3331, 3367, 3381, 3394, 3412, 3432, 3434, 3471, 3517, 3536, 3549, 3590, 3603, 3616, 3647, 3691, 3732, 3737, 3740, 3744, 3750, 3777, 3809, 3815, 4017, 4042, 4112, 4118, 4128, 4166, 4200, 4248, 4275, 4315, 4364, 4367, 4371, 4417, 4441, 4447, 4458, 4479, 4490, 4503, 4508, 4534, 4555, 4658, 4668, 4703, 4705, 4707, 4726, 4736, 4808, 4825, 4843, 4918, 4931, 4933, 4938, 4940, 4942, 4944, 4946, 4948, 4950, 4952, 4954, 4956, 4958, 4960, 4962, 4964, 4966, 4968, 4970, 4972, 4974, 4976, 4978, 4980, 4982, 4984, 4988, 5002, 5027, 5053, 5063, 5071, 5073, 5097, 5232, 5245, 5252, 5270, 5350, 5393, 5398, 5400, 5409, 5411, 5446, 5468, 5494, 5510, 5525, 5572, 5626, 5647, 5676, 5680, 5682, 5750, 5857, 5872, 5895, 5956, 6017, 6048, 6097, 6104, 6110, 6151, 6165, 6173, 6177, 6183, 6214, 6248, 6274, 6288, 6342, 6493, 6551, 6563, 6565, 6571, 6579, 6591, 6593, 6602, 6614, 6644, 6651, 6702, 6706, 6732, 6769, 6793, 6903, 6935, 6938, 6957, 6966, 6990, 7061, 7129, 7145, 7152, 7196, 7249, 7289, 7314, 7328, 7341, 7355, 7358, 7376, 7389, 7391, 7406, 7444, 7572, 7579, 7647, 7674, 7712, 7741, 7746, 7771, 7781, 7791, 7809, 7831, 7884, 7887, 7889, 7943, 7958, 7975, 7983, 8022, 8037, 8040, 8045, 8074, 8091, 8106, 8115, 8119, 8121, 8125, 8227, 8239, 8250, 8277, 8287, 8291, 8325, 8354, 8357, 8372, 8374, 8387, 8425, 8459, 8461, 8486, 8502, 8511, 8521, 8558, 8573, 8575, 8577, 8645, 8651, 8680, 8684, 8691, 8694, 8699, 8725, 8792, 8803, 8805, 8843, 8847, 8851, 8853, 8868, 8876, 8882, 8888, 8927, 8943, 9001, 9016, 9022, 9078, 9095, 9097, 9172, 9217, 9309, 9346, 9391, 9403, 9430, 9445, 9474, 9543, 9545, 9575, 9579, 9592, 9595, 9606, 9621, 9626, 9637, 9654, 9665, 9673, 9702, 9743, 9758, 9765, 9774, 9787, 9789, 9816, 9832, 9847, 9857, 9876, 9882, 9894, 9908, 9931, 9982, 10001, 10003, 10061, 10071, 10083, 10119, 10134, 10164, 10166, 10182, 10227, 10249, 10254, 10280, 10290, 10360, 10389, 10393, 10423, 10438, 10444, 10448, 10458, 10517, 10543, 10641, 10686, 10763, 10783, 10815, 10873, 10975, 11008, 11020, 11056, 11059, 11063, 11075, 11078, 11081, 11088, 11092, 11109, 11111, 11123, 11143, 11181, 11274, 11291, 11301, 11336, 11414, 11436, 11483, 11515, 11519, 11536, 11651, 11656, 11659, 11661, 11668, 11691, 11707, 11713, 11723, 11759, 11765, 11777, 11785, 11793, 11811, 11814, 11817, 11855, 11874, 11889, 11909, 11929, 12016, 12030, 12055, 12057, 12072, 12089, 12101, 12105, 12110, 12150, 12153, 12155, 12157, 12165, 12215, 12228, 12236, 12245, 12294, 12296, 12320, 12328, 12337, 12346, 12362, 12404, 12408, 12436, 12448, 12482, 12535, 12547, 12638, 12671, 12673, 12675, 12690, 12710, 12759, 12875, 12886, 12899, 12907, 12909, 12926, 12938, 12941, 12953, 12967, 12975, 12999, 13021, 13025, 13035, 13038, 13044, 13063, 13067, 13223, 13231, 13234, 13245, 13247, 13249, 13271, 13276, 13281, 13288, 13294, 13311, 13331, 13389, 13421, 13436, 13450, 13468, 13475, 13480, 13482, 13484, 13486, 13488, 13490, 13509, 13526, 13604, 13618, 13620, 13628, 13657, 13698, 13714, 13729, 13764, 13818, 13830, 13839, 13856, 13860, 13870, 13873, 13945, 13951, 13964, 14032, 14054, 14151, 14221, 14244, 14247, 14268, 14345, 14381, 14393, 14403, 14485, 14493, 14495, 14499, 14503, 14505, 14507, 14509, 14628, 14645, 14680, 14683, 14695, 14697, 14716, 14719, 14730, 14736, 14768, 14825, 14846, 14890, 14896, 14920, 14926, 14951, 15036, 15082, 15129, 15131, 15202, 15209, 15211, 15302, 15304, 15512, 15556, 15581, 15639, 15641, 15674, 15682, 15689, 15700, 15720, 15733, 15757, 15783, 15792, 15804, 15876, 15920, 15926, 15952, 15997, 16006, 16027, 16040, 16061, 16088, 16103, 16105, 16115, 16165, 16189, 16192, 16194, 16245, 16247, 16280, 16290, 16304, 16323, 16336, 16338, 16433, 16506, 16552, 16554, 16588, 16651, 16720, 16727, 16740, 16763, 16787, 16804, 16824, 16837, 16887, 16958, 16984, 17027, 17095, 17122, 17132, 17147, 17170, 17172, 17190, 17215, 17256, 17272, 17277, 17409, 17428, 17465, 17471, 17474, 17480, 17491, 17587, 17600, 17616, 17622, 17643, 17862, 17882, 17886, 17943, 17968, 17972, 17990, 18002, 18004, 18046, 18052, 18090, 18092, 18105, 18121, 18135, 18140, 18156, 18160, 18208, 18212, 18274, 18276, 18290, 18299, 18323, 18350, 18356, 18374, 18406, 18425, 18432, 18465, 18563, 18594, 18602, 18644, 18657, 18667, 18756, 18760, 18778, 18780, 18791, 18811, 18949, 18955, 18992, 19049, 19109, 19111, 19143, 19146, 19192, 19242, 19245, 19299, 19313, 19378, 19394, 19403, 19447, 19486, 19552, 19570, 19605, 19611, 19613, 19652, 19654, 19657, 19704, 19724, 19773, 19788, 19848, 19850, 19877, 19924, 19936, 19938, 20048, 20051, 20054, 20107, 20113, 20123, 20138, 20151, 20159, 20177, 20217, 20244, 20248, 20257, 20283, 20323, 20336, 20373, 20394, 20425, 20442, 20484, 20510, 20580, 20625, 20628, 20672, 20677, 20693, 20721, 20759, 20764, 20769, 20771, 20780, 20782, 20791, 20801, 20830, 20870, 20904, 20914, 20924, 20953, 20965, 20970, 21020, 21072, 21080, 21084, 21119, 21154, 21230, 21237, 21272, 21286, 21307, 21311, 21334, 21348, 21405, 21428, 21430, 21438, 21444, 21461, 21473, 21482, 21497, 21501, 21515, 21519, 21533, 21536, 21538, 21565, 21611, 21629, 21638, 21649, 21735, 21781, 21839, 21845, 21892, 21895, 21927, 21973, 21984, 21988, 21992, 22013, 22040, 22052, 22083, 22104, 22139, 22143, 22157, 22180, 22196, 22203, 22239, 22324, 22368, 22391, 22468, 22471, 22484, 22518, 22642, 22675, 22684, 22691, 22730, 22800, 22807, 22811, 22820, 22866, 22884, 22908, 22972, 23041, 23086, 23163, 23190, 23198, 23238, 23243, 23401, 23437, 23449, 23478, 23506, 23594, 23665, 23668, 23712, 23827, 23884, 23912, 23980, 24053, 24059, 24072, 24081, 24178, 24188, 24190, 24194, 24198, 24247, 24260, 24264, 24281, 24321, 24400, 24430, 24525, 24611, 24700, 24703, 24737, 24749, 24774, 24783, 24806, 24811, 24822, 24892, 24903, 24916, 24938, 24972, 24991, 25007, 25032, 25045, 25151, 25156, 25169, 25196, 25222, 25231, 25234, 25264, 25431, 25484, 25492, 25661, 25690, 25744, 25783, 25815, 25817, 25831, 25836, 25848, 25877, 25967, 25977, 25984, 26024, 26033, 26044, 26090, 26095, 26099, 26111, 26151, 26213, 26228, 26246, 26271, 26289, 26311, 26411, 26423, 26456, 26486, 26493, 26573, 26600, 26605, 26650, 26656, 26696, 26719, 26721, 26725, 26732, 26764, 26767, 26786, 26815, 26821, 26835, 26837, 26841, 26872, 26875, 26888, 26902, 26963, 26983, 27022, 27028, 27042, 27072, 27080, 27117, 27129, 27149, 27188, 27190, 27192, 27227, 27237, 27268, 27289, 27295, 27297, 27300, 27337, 27340, 27388, 27434, 27453, 27465, 27494, 27574, 27576, 27591, 27633, 27659, 27712, 27756, 27763, 27837, 27864, 27905, 27962, 28033, 28038, 28041, 28077, 28109, 28156, 28164, 28175, 28185, 28198, 28217, 28244, 28271, 28345, 28377, 28469, 28475, 28486, 28627, 28660, 28680, 28704, 28724, 28752, 28764, 28777, 28845, 28856, 28858, 28890, 28922, 28924, 28928, 28949, 28964, 28981, 28989, 28994, 29007, 29059, 29084, 29125, 29128, 29200, 29206, 29301, 29372, 29386, 29397, 29403, 29410, 29485, 29504, 29509, 29535, 29537, 29564, 29682, 29734, 29771, 29782, 29786, 29809, 29876, 29885, 29920, 29926, 29985, 29995, 29998, 30013, 30016, 30041, 30043, 30071, 30078, 30145, 30172, 30195, 30214, 30221, 30247, 30280, 30286, 30316, 30327, 30339, 30341, 30400, 30437, 30450, 30482, 30502, 30549, 30603, 30605, 30616, 30636, 30654, 30657, 30661, 30664, 30684, 30689, 30730, 30739, 30757, 30771, 30823, 30831, 30890, 30897, 30904, 30906, 31004, 31040, 31044, 31077, 31081, 31103, 31133, 31141, 31158, 31196, 31209, 31243, 31254, 31270, 31306, 31343, 31346, 31351, 31401, 31408, 31429, 31478, 31482, 31485, 31493, 31514, 31541, 31598, 31605, 31607, 31657, 31663, 31668, 31724, 31739, 31764, 31773, 31829, 31836, 31848, 31855, 31903, 31942, 31971, 31984, 32000, 32010, 32015, 32031, 32036, 32096, 32108, 32112, 32129, 32146, 32153, 32201, 32206, 32235, 32246, 32258, 32301, 32349, 32361, 32373, 32378, 32398, 32402, 32408, 32445, 32510, 32621, 32664, 32748, 32765, 32775, 32780, 32782, 32862, 32868, 32894, 32922, 32924, 32926, 32930, 32932, 33017, 33041, 33091, 33158, 33160, 33196, 33352, 33372, 33377, 33379, 33463, 33465, 33504, 33538, 33586, 33588, 33686, 33698, 33707, 33723, 33729, 33743, 33797, 33816, 33820, 33832, 33834, 34006, 34010, 34015, 34027, 34031, 34038, 34047, 34086, 34137, 34158, 34182, 34276, 34355, 34399, 34417, 34458, 34511, 34513, 34522, 34524, 34541, 34668, 34831, 34839, 34851, 34864, 34871, 34888, 34923, 34984, 34992, 35034, 35045, 35052, 35063]","[1965, 7572, 8287, 10227, 11063, 15036, 17882, 18156, 18465, 20123, 26605, 26837, 27465, 28627, 30823, 31040, 32108, 32301, 33091, 34006]","[10, 23, 40, 48, 86, 115, 148, 175, 238, 314, 319, 341, 359, 384, 409, 454, 469, 496, 513, 522, 528, 534, 569, 648, 678, 760, 779, 783, 847, 853, 911, 931, 956, 971, 977, 984, 993, 1004, 1053, 1122, 1198, 1243, 1277, 1290, 1333, 1415, 1433, 1526, 1542, 1562, 1719, 1722, 1798, 1815, 1817, 1824, 1847, 1862, 1946, 1983, 1995, 2001, 2003, 2021, 2052, 2098, 2102, 2119, 2122, 2127, 2141, 2146, 2164, 2169, 2202, 2204, 2241, 2265, 2267, 2285, 2306, 2325, 2335, 2374, 2378, 2385, 2402, 2428, 2448, 2465, 2515, 2564, 2567, 2570, 2582, 2591, 2598, 2619, 2661, 2670, 2704, 2710, 2749, 2759, 2770, 2816, 2829, 2840, 2961, 2973, 3041, 3101, 3106, 3145, 3151, 3219, 3228, 3249, 3262, 3283, 3310, 3312, 3325, 3327, 3331, 3367, 3381, 3394, 3412, 3432, 3434, 3471, 3517, 3536, 3549, 3590, 3603, 3616, 3647, 3691, 3732, 3737, 3740, 3744, 3750, 3777, 3809, 3815, 4017, 4042, 4112, 4118, 4128, 4166, 4200, 4248, 4275, 4315, 4364, 4367, 4371, 4417, 4441, 4447, 4458, 4479, 4490, 4503, 4508, 4534, 4555, 4658, 4668, 4703, 4705, 4707, 4726, 4736, 4808, 4825, 4843, 4918, 4931, 4933, 4938, 4940, 4942, 4944, 4946, 4948, 4950, 4952, 4954, 4956, 4958, 4960, 4962, 4964, 4966, 4968, 4970, 4972, 4974, 4976, 4978, 4980, 4982, 4984, 4988, 5002, 5027, 5053, 5063, 5071, 5073, 5097, 5232, 5245, 5252, 5270, 5350, 5393, 5398, 5400, 5409, 5411, 5446, 5468, 5494, 5510, 5525, 5572, 5626, 5647, 5676, 5680, 5682, 5750, 5857, 5872, 5895, 5956, 6017, 6048, 6097, 6104, 6110, 6151, 6165, 6173, 6177, 6183, 6214, 6248, 6274, 6288, 6342, 6493, 6551, 6563, 6565, 6571, 6579, 6591, 6593, 6602, 6614, 6644, 6651, 6702, 6706, 6732, 6769, 6793, 6903, 6935, 6938, 6957, 6966, 6990, 7061, 7129, 7145, 7152, 7196, 7249, 7289, 7314, 7328, 7341, 7355, 7358, 7376, 7389, 7391, 7406, 7444, 7579, 7647, 7674, 7712, 7741, 7746, 7771, 7781, 7791, 7809, 7831, 7884, 7887, 7889, 7943, 7958, 7975, 7983, 8022, 8037, 8040, 8045, 8074, 8091, 8106, 8115, 8119, 8121, 8125, 8227, 8239, 8250, 8277, 8291, 8325, 8354, 8357, 8372, 8374, 8387, 8425, 8459, 8461, 8486, 8502, 8511, 8521, 8558, 8573, 8575, 8577, 8645, 8651, 8680, 8684, 8691, 8694, 8699, 8725, 8792, 8803, 8805, 8843, 8847, 8851, 8853, 8868, 8876, 8882, 8888, 8927, 8943, 9001, 9016, 9022, 9078, 9095, 9097, 9172, 9217, 9309, 9346, 9391, 9403, 9430, 9445, 9474, 9543, 9545, 9575, 9579, 9592, 9595, 9606, 9621, 9626, 9637, 9654, 9665, 9673, 9702, 9743, 9758, 9765, 9774, 9787, 9789, 9816, 9832, 9847, 9857, 9876, 9882, 9894, 9908, 9931, 9982, 10001, 10003, 10061, 10071, 10083, 10119, 10134, 10164, 10166, 10182, 10249, 10254, 10280, 10290, 10360, 10389, 10393, 10423, 10438, 10444, 10448, 10458, 10517, 10543, 10641, 10686, 10763, 10783, 10815, 10873, 10975, 11008, 11020, 11056, 11059, 11075, 11078, 11081, 11088, 11092, 11109, 11111, 11123, 11143, 11181, 11274, 11291, 11301, 11336, 11414, 11436, 11483, 11515, 11519, 11536, 11651, 11656, 11659, 11661, 11668, 11691, 11707, 11713, 11723, 11759, 11765, 11777, 11785, 11793, 11811, 11814, 11817, 11855, 11874, 11889, 11909, 11929, 12016, 12030, 12055, 12057, 12072, 12089, 12101, 12105, 12110, 12150, 12153, 12155, 12157, 12165, 12215, 12228, 12236, 12245, 12294, 12296, 12320, 12328, 12337, 12346, 12362, 12404, 12408, 12436, 12448, 12482, 12535, 12547, 12638, 12671, 12673, 12675, 12690, 12710, 12759, 12875, 12886, 12899, 12907, 12909, 12926, 12938, 12941, 12953, 12967, 12975, 12999, 13021, 13025, 13035, 13038, 13044, 13063, 13067, 13223, 13231, 13234, 13245, 13247, 13249, 13271, 13276, 13281, 13288, 13294, 13311, 13331, 13389, 13421, 13436, 13450, 13468, 13475, 13480, 13482, 13484, 13486, 13488, 13490, 13509, 13526, 13604, 13618, 13620, 13628, 13657, 13698, 13714, 13729, 13764, 13818, 13830, 13839, 13856, 13860, 13870, 13873, 13945, 13951, 13964, 14032, 14054, 14151, 14221, 14244, 14247, 14268, 14345, 14381, 14393, 14403, 14485, 14493, 14495, 14499, 14503, 14505, 14507, 14509, 14628, 14645, 14680, 14683, 14695, 14697, 14716, 14719, 14730, 14736, 14768, 14825, 14846, 14890, 14896, 14920, 14926, 14951, 15082, 15129, 15131, 15202, 15209, 15211, 15302, 15304, 15512, 15556, 15581, 15639, 15641, 15674, 15682, 15689, 15700, 15720, 15733, 15757, 15783, 15792, 15804, 15876, 15920, 15926, 15952, 15997, 16006, 16027, 16040, 16061, 16088, 16103, 16105, 16115, 16165, 16189, 16192, 16194, 16245, 16247, 16280, 16290, 16304, 16323, 16336, 16338, 16433, 16506, 16552, 16554, 16588, 16651, 16720, 16727, 16740, 16763, 16787, 16804, 16824, 16837, 16887, 16958, 16984, 17027, 17095, 17122, 17132, 17147, 17170, 17172, 17190, 17215, 17256, 17272, 17277, 17409, 17428, 17465, 17471, 17474, 17480, 17491, 17587, 17600, 17616, 17622, 17643, 17862, 17886, 17943, 17968, 17972, 17990, 18002, 18004, 18046, 18052, 18090, 18092, 18105, 18121, 18135, 18140, 18160, 18208, 18212, 18274, 18276, 18290, 18299, 18323, 18350, 18356, 18374, 18406, 18425, 18432, 18563, 18594, 18602, 18644, 18657, 18667, 18756, 18760, 18778, 18780, 18791, 18811, 18949, 18955, 18992, 19049, 19109, 19111, 19143, 19146, 19192, 19242, 19245, 19299, 19313, 19378, 19394, 19403, 19447, 19486, 19552, 19570, 19605, 19611, 19613, 19652, 19654, 19657, 19704, 19724, 19773, 19788, 19848, 19850, 19877, 19924, 19936, 19938, 20048, 20051, 20054, 20107, 20113, 20138, 20151, 20159, 20177, 20217, 20244, 20248, 20257, 20283, 20323, 20336, 20373, 20394, 20425, 20442, 20484, 20510, 20580, 20625, 20628, 20672, 20677, 20693, 20721, 20759, 20764, 20769, 20771, 20780, 20782, 20791, 20801, 20830, 20870, 20904, 20914, 20924, 20953, 20965, 20970, 21020, 21072, 21080, 21084, 21119, 21154, 21230, 21237, 21272, 21286, 21307, 21311, 21334, 21348, 21405, 21428, 21430, 21438, 21444, 21461, 21473, 21482, 21497, 21501, 21515, 21519, 21533, 21536, 21538, 21565, 21611, 21629, 21638, 21649, 21735, 21781, 21839, 21845, 21892, 21895, 21927, 21973, 21984, 21988, 21992, 22013, 22040, 22052, 22083, 22104, 22139, 22143, 22157, 22180, 22196, 22203, 22239, 22324, 22368, 22391, 22468, 22471, 22484, 22518, 22642, 22675, 22684, 22691, 22730, 22800, 22807, 22811, 22820, 22866, 22884, 22908, 22972, 23041, 23086, 23163, 23190, 23198, 23238, 23243, 23401, 23437, 23449, 23478, 23506, 23594, 23665, 23668, 23712, 23827, 23884, 23912, 23980, 24053, 24059, 24072, 24081, 24178, 24188, 24190, 24194, 24198, 24247, 24260, 24264, 24281, 24321, 24400, 24430, 24525, 24611, 24700, 24703, 24737, 24749, 24774, 24783, 24806, 24811, 24822, 24892, 24903, 24916, 24938, 24972, 24991, 25007, 25032, 25045, 25151, 25156, 25169, 25196, 25222, 25231, 25234, 25264, 25431, 25484, 25492, 25661, 25690, 25744, 25783, 25815, 25817, 25831, 25836, 25848, 25877, 25967, 25977, 25984, 26024, 26033, 26044, 26090, 26095, 26099, 26111, 26151, 26213, 26228, 26246, 26271, 26289, 26311, 26411, 26423, 26456, 26486, 26493, 26573, 26600, 26650, 26656, 26696, 26719, 26721, 26725, 26732, 26764, 26767, 26786, 26815, 26821, 26835, 26841, 26872, 26875, 26888, 26902, 26963, 26983, 27022, 27028, 27042, 27072, 27080, 27117, 27129, 27149, 27188, 27190, 27192, 27227, 27237, 27268, 27289, 27295, 27297, 27300, 27337, 27340, 27388, 27434, 27453, 27494, 27574, 27576, 27591, 27633, 27659, 27712, 27756, 27763, 27837, 27864, 27905, 27962, 28033, 28038, 28041, 28077, 28109, 28156, 28164, 28175, 28185, 28198, 28217, 28244, 28271, 28345, 28377, 28469, 28475, 28486, 28660, 28680, 28704, 28724, 28752, 28764, 28777, 28845, 28856, 28858, 28890, 28922, 28924, 28928, 28949, 28964, 28981, 28989, 28994, 29007, 29059, 29084, 29125, 29128, 29200, 29206, 29301, 29372, 29386, 29397, 29403, 29410, 29485, 29504, 29509, 29535, 29537, 29564, 29682, 29734, 29771, 29782, 29786, 29809, 29876, 29885, 29920, 29926, 29985, 29995, 29998, 30013, 30016, 30041, 30043, 30071, 30078, 30145, 30172, 30195, 30214, 30221, 30247, 30280, 30286, 30316, 30327, 30339, 30341, 30400, 30437, 30450, 30482, 30502, 30549, 30603, 30605, 30616, 30636, 30654, 30657, 30661, 30664, 30684, 30689, 30730, 30739, 30757, 30771, 30831, 30890, 30897, 30904, 30906, 31004, 31044, 31077, 31081, 31103, 31133, 31141, 31158, 31196, 31209, 31243, 31254, 31270, 31306, 31343, 31346, 31351, 31401, 31408, 31429, 31478, 31482, 31485, 31493, 31514, 31541, 31598, 31605, 31607, 31657, 31663, 31668, 31724, 31739, 31764, 31773, 31829, 31836, 31848, 31855, 31903, 31942, 31971, 31984, 32000, 32010, 32015, 32031, 32036, 32096, 32112, 32129, 32146, 32153, 32201, 32206, 32235, 32246, 32258, 32349, 32361, 32373, 32378, 32398, 32402, 32408, 32445, 32510, 32621, 32664, 32748, 32765, 32775, 32780, 32782, 32862, 32868, 32894, 32922, 32924, 32926, 32930, 32932, 33017, 33041, 33158, 33160, 33196, 33352, 33372, 33377, 33379, 33463, 33465, 33504, 33538, 33586, 33588, 33686, 33698, 33707, 33723, 33729, 33743, 33797, 33816, 33820, 33832, 33834, 34010, 34015, 34027, 34031, 34038, 34047, 34086, 34137, 34158, 34182, 34276, 34355, 34399, 34417, 34458, 34511, 34513, 34522, 34524, 34541, 34668, 34831, 34839, 34851, 34864, 34871, 34888, 34923, 34984, 34992, 35034, 35045, 35052, 35063]","[1965, 7572, 8287, 10227, 11063, 15036, 17882, 18156, 18465, 20123, 26605, 26837, 27465, 28627, 30823, 31040, 32108, 32301, 33091, 34006]",35092,1353,33739,20,1333,33739,0
-1.5,HSCST3G,"[105, 153, 180, 208, 213, 217, 234, 245, 266, 271, 330, 394, 405, 423, 455, 457, 505, 528, 536, 545, 602, 888, 919, 931, 936, 1006, 1018, 1065, 1133, 1145, 1190, 1214, 1227, 1229, 1236, 1253, 1261, 1285, 1307, 1310, 1328, 1332, 1349, 1404, 1453, 1462, 1486, 1488, 1505, 1535, 1540, 1661, 1777, 1825, 1853, 1881, 1910, 1920, 1922, 1926, 1932, 1937, 1969, 1981, 2091, 2108, 2135, 2195, 2199, 2210, 2225, 2234, 2236, 2262, 2342, 2387, 2484, 2524, 2563, 2570, 2592, 2644, 2708, 2723, 2765, 2767, 2772, 2806, 2823, 2830, 2895, 2912, 2914, 2919, 2934, 2947, 2955, 2990, 2995, 3011, 3064, 3066, 3068, 3120, 3155, 3159, 3178, 3205, 3231, 3256, 3305, 3322, 3329, 3373, 3423, 3430, 3432, 3443, 3451, 3468, 3495, 3503, 3509, 3514, 3520, 3522, 3526, 3544, 3574, 3576, 3583, 3592, 3610, 3630, 3632, 3694, 3698, 3740, 3742, 3744, 3746, 3748, 3750, 3752, 3754, 3756, 3758, 3760, 3762, 3773, 3783, 3787, 3789, 3795, 3803, 3805, 3809, 3815, 3839, 3845, 3849, 3851, 3859, 3865, 3869, 3871, 3873, 3879, 3883, 3885, 3887, 3893, 3895, 3904, 3906, 3928, 3930, 3934, 3936, 3938, 3942, 3948, 3950, 3952, 3962, 3964, 3970, 3972, 3976, 4002, 4008, 4023, 4047, 4049, 4051, 4053, 4055, 4057, 4063, 4067, 4077, 4087, 4111, 4117, 4123, 4129, 4139, 4151, 4153, 4155, 4161, 4170, 4173, 4175, 4185, 4229, 4250, 4260, 4300, 4384, 4387, 4397, 4468, 4473, 4526, 4557, 4580, 4601, 4620, 4642, 4691, 4720, 4731, 4741, 4746, 4793, 4813, 4817, 4825, 4840, 4882, 4909, 4978, 5018, 5034, 5038, 5053, 5089, 5109, 5130, 5140, 5241, 5243, 5248, 5280, 5310, 5320, 5335, 5374, 5376, 5391, 5497, 5518, 5526, 5573, 5581, 5594, 5620, 5647, 5661, 5677, 5688, 5744, 5755, 5786, 5810, 5816, 5872, 5904, 5973, 5990, 6030, 6079, 6101, 6111, 6189, 6207, 6231, 6293, 6321, 6361, 6388, 6397, 6439, 6448, 6457, 6459, 6498, 6521, 6525, 6549, 6556, 6570, 6573, 6576, 6582, 6586, 6589, 6596, 6610, 6619, 6632, 6674, 6704, 6737, 6743, 6757, 6782, 6784, 6786, 6814, 6848, 6852, 6889, 6921, 6949, 6955, 7044, 7112, 7116, 7142, 7153, 7169, 7191, 7200, 7212, 7232]","[1328, 3694]","[105, 153, 180, 208, 213, 217, 234, 245, 266, 271, 330, 394, 405, 423, 455, 457, 505, 528, 536, 545, 602, 888, 919, 931, 936, 1006, 1018, 1065, 1133, 1145, 1190, 1214, 1227, 1229, 1236, 1253, 1261, 1285, 1307, 1310, 1332, 1349, 1404, 1453, 1462, 1486, 1488, 1505, 1535, 1540, 1661, 1777, 1825, 1853, 1881, 1910, 1920, 1922, 1926, 1932, 1937, 1969, 1981, 2091, 2108, 2135, 2195, 2199, 2210, 2225, 2234, 2236, 2262, 2342, 2387, 2484, 2524, 2563, 2570, 2592, 2644, 2708, 2723, 2765, 2767, 2772, 2806, 2823, 2830, 2895, 2912, 2914, 2919, 2934, 2947, 2955, 2990, 2995, 3011, 3064, 3066, 3068, 3120, 3155, 3159, 3178, 3205, 3231, 3256, 3305, 3322, 3329, 3373, 3423, 3430, 3432, 3443, 3451, 3468, 3495, 3503, 3509, 3514, 3520, 3522, 3526, 3544, 3574, 3576, 3583, 3592, 3610, 3630, 3632, 3698, 3740, 3742, 3744, 3746, 3748, 3750, 3752, 3754, 3756, 3758, 3760, 3762, 3773, 3783, 3787, 3789, 3795, 3803, 3805, 3809, 3815, 3839, 3845, 3849, 3851, 3859, 3865, 3869, 3871, 3873, 3879, 3883, 3885, 3887, 3893, 3895, 3904, 3906, 3928, 3930, 3934, 3936, 3938, 3942, 3948, 3950, 3952, 3962, 3964, 3970, 3972, 3976, 4002, 4008, 4023, 4047, 4049, 4051, 4053, 4055, 4057, 4063, 4067, 4077, 4087, 4111, 4117, 4123, 4129, 4139, 4151, 4153, 4155, 4161, 4170, 4173, 4175, 4185, 4229, 4250, 4260, 4300, 4384, 4387, 4397, 4468, 4473, 4526, 4557, 4580, 4601, 4620, 4642, 4691, 4720, 4731, 4741, 4746, 4793, 4813, 4817, 4825, 4840, 4882, 4909, 4978, 5018, 5034, 5038, 5053, 5089, 5109, 5130, 5140, 5241, 5243, 5248, 5280, 5310, 5320, 5335, 5374, 5376, 5391, 5497, 5518, 5526, 5573, 5581, 5594, 5620, 5647, 5661, 5677, 5688, 5744, 5755, 5786, 5810, 5816, 5872, 5904, 5973, 5990, 6030, 6079, 6101, 6111, 6189, 6207, 6231, 6293, 6321, 6361, 6388, 6397, 6439, 6448, 6457, 6459, 6498, 6521, 6525, 6549, 6556, 6570, 6573, 6576, 6582, 6586, 6589, 6596, 6610, 6619, 6632, 6674, 6704, 6737, 6743, 6757, 6782, 6784, 6786, 6814, 6848, 6852, 6889, 6921, 6949, 6955, 7044, 7112, 7116, 7142, 7153, 7169, 7191, 7200, 7212, 7232]","[1328, 3694]",7284,337,6947,2,335,6947,0
-1.5,HSCYCLA,"[8, 55, 85, 145, 156, 171, 175, 216, 231, 264, 274, 337, 361, 392, 397, 407, 416, 464, 522, 551, 649, 678, 705, 765, 834, 849, 976, 1014, 1017, 1029, 1049, 1098, 1102, 1108, 1111, 1125, 1177, 1182, 1333, 1341, 1358, 1393, 1422, 1426, 1436, 1466, 1508, 1515, 1520, 1524, 1530, 1532, 1537, 1547, 1589, 1593, 1604, 1632, 1644, 1664, 1666, 1722, 1781, 1783, 1858, 1861, 1903, 1913, 1930, 1985, 1997, 2073, 2128, 2162, 2186, 2201, 2229, 2255, 2313, 2397, 2406, 2426, 2428, 2439, 2509, 2513, 2525, 2546, 2595, 2604, 2683, 2696, 2734, 2761, 2782, 2792, 2819, 2827, 2836, 2853, 2857, 2931, 2940, 2954, 2988, 3031, 3043, 3201, 3214, 3285, 3376, 3441, 3463, 3518, 3619, 3640, 3647, 3668, 3683, 3731, 3737, 3751, 3755, 3762, 3775, 3841, 3857, 3867, 3877, 3944, 3951, 3962, 3966, 3999, 4016, 4024, 4034, 4079, 4096, 4111, 4115, 4139, 4159, 4168, 4182, 4194, 4239, 4266, 4270, 4293, 4311, 4383, 4392, 4445, 4464, 4475, 4480, 4493, 4520, 4538, 4545, 4614, 4627, 4680, 4824, 4850, 5003, 5005, 5018, 5022, 5024, 5126, 5133, 5158, 5166, 5172, 5206, 5266, 5327, 5338, 5365, 5376, 5389, 5407, 5428, 5436, 5439, 5452, 5478, 5501, 5542, 5568, 5571, 5594, 5670, 5728, 5742, 5770, 5781, 5841, 5893, 5911, 5915, 5923, 5942, 5957, 5995, 6059, 6068, 6070, 6108, 6124, 6160, 6181, 6193, 6208, 6229, 6265, 6280, 6282, 6286, 6291, 6294, 6306, 6323, 6366, 6413, 6436, 6476, 6478, 6483, 6529, 6637, 6652, 6667, 6711, 6786, 6793, 6804, 6830, 6866, 6887, 6906, 6910, 6949, 6982, 7024, 7032, 7069, 7103, 7117, 7124, 7126, 7188, 7200, 7221, 7231, 7242, 7248, 7282, 7293, 7311, 7346, 7377, 7413, 7439, 7443, 7544, 7563, 7593, 7602, 7612, 7622, 7637, 7644, 7654, 7701, 7772, 7792, 7848, 7905, 7928, 7931, 7942, 7956, 7973, 8023, 8037, 8039, 8050, 8113, 8177, 8191, 8225, 8231, 8284, 8289, 8328]","[1393, 2406, 3731, 4168, 5338, 5911, 6667]","[8, 55, 85, 145, 156, 171, 175, 216, 231, 264, 274, 337, 361, 392, 397, 407, 416, 464, 522, 551, 649, 678, 705, 765, 834, 849, 976, 1014, 1017, 1029, 1049, 1098, 1102, 1108, 1111, 1125, 1177, 1182, 1333, 1341, 1358, 1422, 1426, 1436, 1466, 1508, 1515, 1520, 1524, 1530, 1532, 1537, 1547, 1589, 1593, 1604, 1632, 1644, 1664, 1666, 1722, 1781, 1783, 1858, 1861, 1903, 1913, 1930, 1985, 1997, 2073, 2128, 2162, 2186, 2201, 2229, 2255, 2313, 2397, 2426, 2428, 2439, 2509, 2513, 2525, 2546, 2595, 2604, 2683, 2696, 2734, 2761, 2782, 2792, 2819, 2827, 2836, 2853, 2857, 2931, 2940, 2954, 2988, 3031, 3043, 3201, 3214, 3285, 3376, 3441, 3463, 3518, 3619, 3640, 3647, 3668, 3683, 3737, 3751, 3755, 3762, 3775, 3841, 3857, 3867, 3877, 3944, 3951, 3962, 3966, 3999, 4016, 4024, 4034, 4079, 4096, 4111, 4115, 4139, 4159, 4182, 4194, 4239, 4266, 4270, 4293, 4311, 4383, 4392, 4445, 4464, 4475, 4480, 4493, 4520, 4538, 4545, 4614, 4627, 4680, 4824, 4850, 5003, 5005, 5018, 5022, 5024, 5126, 5133, 5158, 5166, 5172, 5206, 5266, 5327, 5365, 5376, 5389, 5407, 5428, 5436, 5439, 5452, 5478, 5501, 5542, 5568, 5571, 5594, 5670, 5728, 5742, 5770, 5781, 5841, 5893, 5915, 5923, 5942, 5957, 5995, 6059, 6068, 6070, 6108, 6124, 6160, 6181, 6193, 6208, 6229, 6265, 6280, 6282, 6286, 6291, 6294, 6306, 6323, 6366, 6413, 6436, 6476, 6478, 6483, 6529, 6637, 6652, 6711, 6786, 6793, 6804, 6830, 6866, 6887, 6906, 6910, 6949, 6982, 7024, 7032, 7069, 7103, 7117, 7124, 7126, 7188, 7200, 7221, 7231, 7242, 7248, 7282, 7293, 7311, 7346, 7377, 7413, 7439, 7443, 7544, 7563, 7593, 7602, 7612, 7622, 7637, 7644, 7654, 7701, 7772, 7792, 7848, 7905, 7928, 7931, 7942, 7956, 7973, 8023, 8037, 8039, 8050, 8113, 8177, 8191, 8225, 8231, 8284, 8289, 8328]","[1393, 2406, 3731, 4168, 5338, 5911, 6667]",8355,298,8057,7,291,8057,0
-1.5,HSCYP216,"[109, 118, 255, 302, 354, 357, 360, 396, 404, 442, 496, 520, 565, 567, 598, 629, 646, 665, 732, 829, 846, 849, 874, 879, 908, 927, 1013, 1088, 1154, 1207, 1218, 1254, 1260, 1278, 1310, 1327, 1395, 1439, 1466, 1475, 1479, 1508, 1543, 1583, 1644, 1655, 1689, 1740, 1755, 1771, 1809, 1836, 1888, 1917, 1931, 1963, 1996, 2082, 2099, 2153, 2174, 2215, 2228, 2239, 2264, 2371, 2402, 2406, 2426, 2434, 2437, 2447, 2549, 2557, 2559, 2596, 2599, 2681, 2710, 2760]","[255, 442, 879, 1088, 1278, 1466, 1836, 2215, 2402]","[109, 118, 302, 354, 357, 360, 396, 404, 496, 520, 565, 567, 598, 629, 646, 665, 732, 829, 846, 849, 874, 908, 927, 1013, 1154, 1207, 1218, 1254, 1260, 1310, 1327, 1395, 1439, 1475, 1479, 1508, 1543, 1583, 1644, 1655, 1689, 1740, 1755, 1771, 1809, 1888, 1917, 1931, 1963, 1996, 2082, 2099, 2153, 2174, 2228, 2239, 2264, 2371, 2406, 2426, 2434, 2437, 2447, 2549, 2557, 2559, 2596, 2599, 2681, 2710, 2760]","[255, 442, 879, 1088, 1278, 1466, 1836, 2215, 2402]",2763,80,2683,9,71,2683,0
-1.5,HSCYP45C,"[42, 63, 68, 75, 89, 127, 138, 185, 224, 227, 237, 249, 263, 271, 286, 332, 343, 363, 408, 410, 413, 424, 626, 661, 670, 689, 731, 775, 805, 810, 828, 839, 864, 888, 947, 973, 1020, 1115, 1150, 1167, 1199, 1216, 1256, 1263, 1300, 1304, 1353, 1409, 1452, 1477, 1493, 1503, 1507, 1581, 1629, 1639, 1659, 1665, 1688, 1720, 1763, 1772, 1830, 1850, 1890, 1899, 1923, 1965, 1977, 2048, 2052, 2093, 2110, 2157, 2166, 2179, 2188, 2201, 2254, 2261, 2265, 2308, 2376, 2432, 2475, 2493, 2557, 2559, 2612, 2638, 2643, 2651, 2667, 2675, 2680, 2728, 2791, 2798, 2827, 2832, 2854, 2878, 2888, 2918, 2936, 2990, 3013, 3045, 3065, 3148, 3169, 3209, 3212, 3221, 3251, 3263, 3268, 3312, 3358, 3364, 3392, 3405, 3451, 3533, 3535, 3538, 3542, 3554, 3586, 3588, 3609, 3642, 3646, 3674, 3679, 3689, 3695, 3731, 3745, 3753, 3766, 3795, 3819, 3821, 3835, 3908, 3927, 3930, 3975, 3988, 3996, 4137, 4175, 4180, 4189, 4213, 4305, 4323, 4333, 4363, 4366, 4369, 4405, 4463, 4469, 4504, 4506, 4603, 4621, 4635, 4680, 4687, 4690, 4696, 4705, 4712, 4795, 4798, 4912, 4942, 4947, 4963, 4967, 4970, 5001, 5008, 5278, 5290, 5292, 5310, 5333, 5336, 5409, 5421, 5447, 5457, 5477, 5537, 5577, 5624, 5629, 5640, 5651, 5659, 5712, 5722, 5751, 5758, 5773, 5801, 5805, 5826, 5830, 5839, 5849, 5881, 5897, 5908, 6016, 6040, 6081, 6085, 6178, 6219, 6227, 6248, 6433, 6450, 6479, 6496, 6510, 6517, 6525, 6554, 6556, 6562, 6585, 6618, 6630, 6642, 6648, 6694, 6726, 6764, 6769, 6864, 6935, 6975, 6978, 7004, 7012, 7065, 7081, 7087, 7107, 7165, 7202, 7246, 7327, 7368, 7395, 7429, 7440, 7462, 7483, 7506, 7510]","[4942, 5624, 5801, 6016, 6248]","[42, 63, 68, 75, 89, 127, 138, 185, 224, 227, 237, 249, 263, 271, 286, 332, 343, 363, 408, 410, 413, 424, 626, 661, 670, 689, 731, 775, 805, 810, 828, 839, 864, 888, 947, 973, 1020, 1115, 1150, 1167, 1199, 1216, 1256, 1263, 1300, 1304, 1353, 1409, 1452, 1477, 1493, 1503, 1507, 1581, 1629, 1639, 1659, 1665, 1688, 1720, 1763, 1772, 1830, 1850, 1890, 1899, 1923, 1965, 1977, 2048, 2052, 2093, 2110, 2157, 2166, 2179, 2188, 2201, 2254, 2261, 2265, 2308, 2376, 2432, 2475, 2493, 2557, 2559, 2612, 2638, 2643, 2651, 2667, 2675, 2680, 2728, 2791, 2798, 2827, 2832, 2854, 2878, 2888, 2918, 2936, 2990, 3013, 3045, 3065, 3148, 3169, 3209, 3212, 3221, 3251, 3263, 3268, 3312, 3358, 3364, 3392, 3405, 3451, 3533, 3535, 3538, 3542, 3554, 3586, 3588, 3609, 3642, 3646, 3674, 3679, 3689, 3695, 3731, 3745, 3753, 3766, 3795, 3819, 3821, 3835, 3908, 3927, 3930, 3975, 3988, 3996, 4137, 4175, 4180, 4189, 4213, 4305, 4323, 4333, 4363, 4366, 4369, 4405, 4463, 4469, 4504, 4506, 4603, 4621, 4635, 4680, 4687, 4690, 4696, 4705, 4712, 4795, 4798, 4912, 4947, 4963, 4967, 4970, 5001, 5008, 5278, 5290, 5292, 5310, 5333, 5336, 5409, 5421, 5447, 5457, 5477, 5537, 5577, 5629, 5640, 5651, 5659, 5712, 5722, 5751, 5758, 5773, 5805, 5826, 5830, 5839, 5849, 5881, 5897, 5908, 6040, 6081, 6085, 6178, 6219, 6227, 6433, 6450, 6479, 6496, 6510, 6517, 6525, 6554, 6556, 6562, 6585, 6618, 6630, 6642, 6648, 6694, 6726, 6764, 6769, 6864, 6935, 6975, 6978, 7004, 7012, 7065, 7081, 7087, 7107, 7165, 7202, 7246, 7327, 7368, 7395, 7429, 7440, 7462, 7483, 7506, 7510]","[4942, 5624, 5801, 6016, 6248]",7546,267,7279,5,262,7279,0
-1.5,HSCYTOK17,"[25, 45, 122, 124, 241, 255, 309, 345, 348, 372, 396, 452, 456, 488, 498, 505, 534, 547, 581, 594, 603, 672, 689, 692, 700, 736, 738, 776, 796, 828, 851, 854, 894, 908, 910, 913, 937, 951, 958, 963, 968, 974, 982, 1040, 1042, 1060, 1162, 1245, 1269, 1282, 1358, 1417, 1422, 1427, 1434, 1477, 1572, 1574, 1641, 1681, 1709, 1722, 1764, 1792, 1799, 1822, 1864, 1886, 1951, 1963, 1969, 1984, 1990, 2079, 2106, 2147, 2176, 2178, 2208, 2304, 2309, 2325, 2342, 2346, 2382, 2401, 2436, 2465, 2467, 2488, 2506, 2571, 2582, 2724, 2732, 2774, 2812, 2819, 2832, 2850, 2857, 2928, 2932, 2935, 2946, 2970, 3001, 3008, 3066, 3073, 3131, 3158, 3171, 3192, 3245, 3249, 3257, 3288, 3311, 3325, 3357, 3375, 3382, 3386, 3439, 3457, 3468, 3492, 3552, 3559, 3588, 3601, 3609, 3616, 3625, 3693, 3707, 3759, 3827, 3863, 3935, 4000, 4004, 4019, 4032, 4046, 4109, 4123, 4127, 4135, 4153, 4158, 4186, 4200, 4247, 4304, 4309, 4320, 4357, 4375, 4420, 4479, 4483, 4509, 4563, 4595, 4616, 4633, 4795, 4798, 4818, 4820, 4822, 4827, 4829, 4834, 4840, 4846, 4972, 4982, 4987, 4991, 4999, 5008, 5023, 5044, 5223, 5246]","[581, 1709, 2304, 3066, 3693, 4000, 4123]","[25, 45, 122, 124, 241, 255, 309, 345, 348, 372, 396, 452, 456, 488, 498, 505, 534, 547, 594, 603, 672, 689, 692, 700, 736, 738, 776, 796, 828, 851, 854, 894, 908, 910, 913, 937, 951, 958, 963, 968, 974, 982, 1040, 1042, 1060, 1162, 1245, 1269, 1282, 1358, 1417, 1422, 1427, 1434, 1477, 1572, 1574, 1641, 1681, 1722, 1764, 1792, 1799, 1822, 1864, 1886, 1951, 1963, 1969, 1984, 1990, 2079, 2106, 2147, 2176, 2178, 2208, 2309, 2325, 2342, 2346, 2382, 2401, 2436, 2465, 2467, 2488, 2506, 2571, 2582, 2724, 2732, 2774, 2812, 2819, 2832, 2850, 2857, 2928, 2932, 2935, 2946, 2970, 3001, 3008, 3073, 3131, 3158, 3171, 3192, 3245, 3249, 3257, 3288, 3311, 3325, 3357, 3375, 3382, 3386, 3439, 3457, 3468, 3492, 3552, 3559, 3588, 3601, 3609, 3616, 3625, 3707, 3759, 3827, 3863, 3935, 4004, 4019, 4032, 4046, 4109, 4127, 4135, 4153, 4158, 4186, 4200, 4247, 4304, 4309, 4320, 4357, 4375, 4420, 4479, 4483, 4509, 4563, 4595, 4616, 4633, 4795, 4798, 4818, 4820, 4822, 4827, 4829, 4834, 4840, 4846, 4972, 4982, 4987, 4991, 4999, 5008, 5023, 5044, 5223, 5246]","[581, 1709, 2304, 3066, 3693, 4000, 4123]",5252,188,5064,7,181,5064,0
-1.5,HSCYTOK20,"[60, 116, 122, 124, 143, 151, 153, 182, 195, 203, 358, 472, 560, 624, 647, 677, 681, 703, 714, 729, 731, 733, 736, 774, 1032, 1063, 1067, 1085, 1104, 1226, 1260, 1277, 1304, 1379, 1411, 1429, 1446, 1452, 1498, 1501, 1561, 1566, 1577, 1585, 1609, 1624, 1643, 1669, 1691, 1703, 1757, 1780, 1783, 1814, 1826, 1871, 1886, 1914, 1953, 2073, 2078, 2091, 2134, 2163, 2166, 2209, 2212, 2222, 2260, 2262, 2281, 2287, 2321, 2396, 2418, 2423, 2448, 2473, 2515, 2526, 2528, 2530, 2536, 2589, 2601, 2608, 2614, 2636, 2644, 2741, 2850, 2852, 2900, 2912, 2992, 3012, 3051, 3069, 3089, 3098, 3118, 3125, 3128, 3132, 3139, 3243, 3274, 3287, 3343, 3347, 3370, 3385, 3417, 3537, 3569, 3603, 3635, 3659, 3682, 3684, 3703, 3723, 3742, 3783, 3793, 3837, 3839, 3892, 3978, 3982, 4007, 4019, 4023, 4075, 4087, 4089, 4111, 4131, 4134, 4266, 4274, 4286, 4301, 4308, 4312, 4400, 4453, 4468, 4514, 4527, 4531, 4535, 4631, 4670, 4726, 4732, 4742, 4749, 4752, 4764, 4771, 4797, 4869, 4948, 4951, 4955, 4960, 5003, 5047, 5085, 5089, 5129, 5152, 5188, 5202, 5205, 5231, 5243, 5276, 5281, 5311, 5338, 5347, 5352, 5371, 5427, 5435, 5445, 5570, 5575, 5613, 5653, 5667, 5699, 5730, 5753, 5763, 5772, 5774, 5814, 5871, 5950, 5960, 6072, 6081, 6138, 6156, 6228, 6297, 6312, 6317, 6332, 6440, 6446, 6462, 6555, 6592, 6699, 6792, 6824, 6826, 6838, 6859, 6875, 6964, 7009, 7034, 7058, 7077, 7090, 7135, 7212, 7225, 7284, 7290, 7303, 7319, 7403, 7418, 7458, 7512, 7516, 7528, 7613, 7646, 7660, 7716, 7733, 7752, 7762, 7781, 7789, 7817, 7828, 7855, 7897, 7909, 7921, 7931, 7941, 7943, 7954, 7963, 7991, 8006, 8053, 8061, 8065, 8069, 8128, 8134, 8147, 8233, 8275, 8334, 8367, 8376, 8443, 8449, 8480, 8493, 8508, 8547, 8556, 8608, 8630, 8682, 8696, 8722, 8748, 8760, 8781, 8795, 8803, 8856, 8860, 8864, 8872, 8884, 8892, 8930, 8952, 8965, 9065, 9099, 9151, 9159, 9176, 9196, 9293, 9313, 9344, 9374, 9470, 9488, 9491, 9511, 9566, 9570, 9573, 9579, 9642, 9693, 9735, 9781, 9825, 9858, 9864, 9870, 9926, 9933, 9971, 9984, 10005, 10015, 10017, 10141, 10166, 10172, 10202, 10271, 10304, 10320, 10327, 10451, 10476, 10503, 10527, 10546, 10552, 10567, 10579, 10597, 10603, 10620, 10642, 10686, 10699, 10714, 10718, 10828, 10852, 10882, 10916, 10940, 10968, 11052, 11060, 11083, 11128, 11131, 11133, 11135, 11141, 11162, 11200, 11206, 11213, 11294, 11298, 11328, 11346, 11408, 11421, 11428, 11446, 11458, 11499, 11503, 11563, 11571, 11581, 11618, 11693, 11709, 11772, 11787, 11793, 11831, 11935, 11940, 11966, 11978, 12004, 12125, 12143, 12146, 12304, 12318, 12333, 12335, 12409, 12458, 12475, 12486, 12494, 12507, 12525, 12591, 12705, 12778, 12783, 12797, 12814, 12902, 12915, 12932, 12952, 12958, 12968, 13053, 13243, 13300, 13316, 13421, 13432, 13538, 13583, 13588, 13658, 13667, 13682, 13685, 13697, 13706, 13752, 13834, 13847, 13852, 13880, 13941, 14008, 14030, 14034, 14085, 14099, 14146, 14171, 14195, 14222, 14314, 14349, 14354, 14420, 14457, 14477, 14572, 14582, 14592, 14666, 14774, 14785, 14852, 14934, 14980, 15020, 15045, 15087, 15089, 15102, 15110, 15154, 15164, 15248, 15250, 15297, 15302, 15316, 15358, 15377, 15384, 15407, 15552, 15637, 15653, 15656, 15829, 15853, 15878, 15889, 15899, 15935, 15976, 15989, 16008, 16025, 16064, 16095, 16129, 16133, 16178, 16190, 16246, 16305, 16343, 16347, 16364, 16376, 16411, 16413, 16419, 16436, 16498, 16549, 16574, 16578, 16586, 16620, 16625, 16713, 16738, 16791, 16811, 16836, 16839, 16920, 17004, 17070, 17125, 17157, 17174, 17199, 17254, 17286, 17367, 17479, 17485, 17647, 17661, 17676, 17759, 17764, 17820, 17823, 17864, 17947, 17955, 17957, 18014, 18021, 18029, 18043, 18049]","[5281, 7512, 9470, 9984, 10271, 11940, 12705]","[60, 116, 122, 124, 143, 151, 153, 182, 195, 203, 358, 472, 560, 624, 647, 677, 681, 703, 714, 729, 731, 733, 736, 774, 1032, 1063, 1067, 1085, 1104, 1226, 1260, 1277, 1304, 1379, 1411, 1429, 1446, 1452, 1498, 1501, 1561, 1566, 1577, 1585, 1609, 1624, 1643, 1669, 1691, 1703, 1757, 1780, 1783, 1814, 1826, 1871, 1886, 1914, 1953, 2073, 2078, 2091, 2134, 2163, 2166, 2209, 2212, 2222, 2260, 2262, 2281, 2287, 2321, 2396, 2418, 2423, 2448, 2473, 2515, 2526, 2528, 2530, 2536, 2589, 2601, 2608, 2614, 2636, 2644, 2741, 2850, 2852, 2900, 2912, 2992, 3012, 3051, 3069, 3089, 3098, 3118, 3125, 3128, 3132, 3139, 3243, 3274, 3287, 3343, 3347, 3370, 3385, 3417, 3537, 3569, 3603, 3635, 3659, 3682, 3684, 3703, 3723, 3742, 3783, 3793, 3837, 3839, 3892, 3978, 3982, 4007, 4019, 4023, 4075, 4087, 4089, 4111, 4131, 4134, 4266, 4274, 4286, 4301, 4308, 4312, 4400, 4453, 4468, 4514, 4527, 4531, 4535, 4631, 4670, 4726, 4732, 4742, 4749, 4752, 4764, 4771, 4797, 4869, 4948, 4951, 4955, 4960, 5003, 5047, 5085, 5089, 5129, 5152, 5188, 5202, 5205, 5231, 5243, 5276, 5311, 5338, 5347, 5352, 5371, 5427, 5435, 5445, 5570, 5575, 5613, 5653, 5667, 5699, 5730, 5753, 5763, 5772, 5774, 5814, 5871, 5950, 5960, 6072, 6081, 6138, 6156, 6228, 6297, 6312, 6317, 6332, 6440, 6446, 6462, 6555, 6592, 6699, 6792, 6824, 6826, 6838, 6859, 6875, 6964, 7009, 7034, 7058, 7077, 7090, 7135, 7212, 7225, 7284, 7290, 7303, 7319, 7403, 7418, 7458, 7516, 7528, 7613, 7646, 7660, 7716, 7733, 7752, 7762, 7781, 7789, 7817, 7828, 7855, 7897, 7909, 7921, 7931, 7941, 7943, 7954, 7963, 7991, 8006, 8053, 8061, 8065, 8069, 8128, 8134, 8147, 8233, 8275, 8334, 8367, 8376, 8443, 8449, 8480, 8493, 8508, 8547, 8556, 8608, 8630, 8682, 8696, 8722, 8748, 8760, 8781, 8795, 8803, 8856, 8860, 8864, 8872, 8884, 8892, 8930, 8952, 8965, 9065, 9099, 9151, 9159, 9176, 9196, 9293, 9313, 9344, 9374, 9488, 9491, 9511, 9566, 9570, 9573, 9579, 9642, 9693, 9735, 9781, 9825, 9858, 9864, 9870, 9926, 9933, 9971, 10005, 10015, 10017, 10141, 10166, 10172, 10202, 10304, 10320, 10327, 10451, 10476, 10503, 10527, 10546, 10552, 10567, 10579, 10597, 10603, 10620, 10642, 10686, 10699, 10714, 10718, 10828, 10852, 10882, 10916, 10940, 10968, 11052, 11060, 11083, 11128, 11131, 11133, 11135, 11141, 11162, 11200, 11206, 11213, 11294, 11298, 11328, 11346, 11408, 11421, 11428, 11446, 11458, 11499, 11503, 11563, 11571, 11581, 11618, 11693, 11709, 11772, 11787, 11793, 11831, 11935, 11966, 11978, 12004, 12125, 12143, 12146, 12304, 12318, 12333, 12335, 12409, 12458, 12475, 12486, 12494, 12507, 12525, 12591, 12778, 12783, 12797, 12814, 12902, 12915, 12932, 12952, 12958, 12968, 13053, 13243, 13300, 13316, 13421, 13432, 13538, 13583, 13588, 13658, 13667, 13682, 13685, 13697, 13706, 13752, 13834, 13847, 13852, 13880, 13941, 14008, 14030, 14034, 14085, 14099, 14146, 14171, 14195, 14222, 14314, 14349, 14354, 14420, 14457, 14477, 14572, 14582, 14592, 14666, 14774, 14785, 14852, 14934, 14980, 15020, 15045, 15087, 15089, 15102, 15110, 15154, 15164, 15248, 15250, 15297, 15302, 15316, 15358, 15377, 15384, 15407, 15552, 15637, 15653, 15656, 15829, 15853, 15878, 15889, 15899, 15935, 15976, 15989, 16008, 16025, 16064, 16095, 16129, 16133, 16178, 16190, 16246, 16305, 16343, 16347, 16364, 16376, 16411, 16413, 16419, 16436, 16498, 16549, 16574, 16578, 16586, 16620, 16625, 16713, 16738, 16791, 16811, 16836, 16839, 16920, 17004, 17070, 17125, 17157, 17174, 17199, 17254, 17286, 17367, 17479, 17485, 17647, 17661, 17676, 17759, 17764, 17820, 17823, 17864, 17947, 17955, 17957, 18014, 18021, 18029, 18043, 18049]","[5281, 7512, 9470, 9984, 10271, 11940, 12705]",18053,563,17490,7,556,17490,0
-1.5,HSDAO,"[10, 19, 49, 129, 131, 158, 245, 253, 277, 283, 292, 324, 347, 413, 419, 448, 466, 486, 498, 517, 537, 541, 577, 588, 663, 680, 707, 723, 746, 748, 788, 873, 895, 956, 970, 982, 1017, 1035, 1080, 1111, 1119, 1126, 1149, 1154, 1177, 1217, 1263, 1285, 1329, 1333, 1342, 1345, 1381, 1437, 1458, 1499, 1511, 1526, 1552, 1565, 1567, 1581, 1591, 1597, 1601, 1635, 1647, 1654, 1665, 1671, 1676, 1682, 1699, 1710, 1712, 1725, 1738, 1740, 1742, 1751, 1755, 1772, 1855, 2046, 2139, 2152, 2183, 2197, 2229, 2273, 2276, 2286, 2345, 2351, 2513, 2551, 2560, 2582, 2586, 2594, 2747, 2775, 2834, 2836, 2854, 2869, 2877, 2881, 2914, 2921, 2941, 2953, 2969, 2974, 2989, 3053, 3071, 3084, 3089, 3091, 3142, 3147, 3156, 3160, 3182, 3218, 3236, 3303, 3316, 3340, 3344, 3373, 3484, 3486, 3490, 3515, 3590, 3597, 3609, 3617, 3633, 3678, 3684, 3727, 3751, 3800, 3811, 3877, 3885, 3953, 3964, 3974, 3987, 4051, 4089, 4109, 4122, 4156, 4301, 4328, 4423, 4435, 4444, 4465, 4505, 4529, 4572, 4584, 4623, 4844, 4877, 4949, 4985, 5034, 5060, 5092, 5099, 5107, 5121, 5135, 5148, 5153, 5166, 5186, 5194, 5201, 5254, 5296, 5414, 5427, 5429, 5451, 5474, 5516, 5552, 5561, 5566, 5611, 5627, 5633, 5636, 5744, 5804, 5861, 5870, 5903, 5909, 5921, 5929, 5965, 5975, 5996, 6007, 6083, 6128, 6165, 6200, 6206, 6275, 6395, 6407, 6419, 6426, 6513, 6516, 6523, 6551, 6574, 6576, 6592, 6605, 6614, 6632, 6634, 6660, 6684, 6696, 6705, 6731, 6733, 6736, 6741, 6758, 6797, 6869, 6911, 6980, 6983, 7028, 7041, 7048, 7055, 7058, 7079, 7092, 7219, 7248, 7299, 7384, 7431, 7461, 7465, 7478, 7480, 7482, 7484, 7486, 7490, 7492, 7496, 7500, 7502, 7548, 7554, 7562, 7566, 7594, 7600, 7619, 7632, 7634, 7656, 7712, 7727, 7731, 7736, 7738, 7740, 7750, 7766, 7815, 7828, 7871, 7903, 7950, 7963, 8003, 8028, 8057, 8140, 8146, 8162, 8190, 8221, 8237, 8268, 8302, 8329, 8347, 8354, 8410, 8419, 8421, 8427, 8437, 8496, 8502, 8537, 8626, 8631, 8639, 8660, 8668, 8701, 8705, 8719, 8869, 8880, 8893, 8901, 8910, 8919, 8965, 8968, 9013, 9040, 9130, 9142, 9152, 9154, 9165, 9173, 9227, 9263, 9273, 9276, 9280, 9328, 9337, 9343, 9406, 9472, 9478, 9480, 9583, 9585, 9674, 9676, 9707, 9709, 9711, 9732, 9750, 9786, 9802, 9839, 9856]","[6426, 7431, 9013]","[10, 19, 49, 129, 131, 158, 245, 253, 277, 283, 292, 324, 347, 413, 419, 448, 466, 486, 498, 517, 537, 541, 577, 588, 663, 680, 707, 723, 746, 748, 788, 873, 895, 956, 970, 982, 1017, 1035, 1080, 1111, 1119, 1126, 1149, 1154, 1177, 1217, 1263, 1285, 1329, 1333, 1342, 1345, 1381, 1437, 1458, 1499, 1511, 1526, 1552, 1565, 1567, 1581, 1591, 1597, 1601, 1635, 1647, 1654, 1665, 1671, 1676, 1682, 1699, 1710, 1712, 1725, 1738, 1740, 1742, 1751, 1755, 1772, 1855, 2046, 2139, 2152, 2183, 2197, 2229, 2273, 2276, 2286, 2345, 2351, 2513, 2551, 2560, 2582, 2586, 2594, 2747, 2775, 2834, 2836, 2854, 2869, 2877, 2881, 2914, 2921, 2941, 2953, 2969, 2974, 2989, 3053, 3071, 3084, 3089, 3091, 3142, 3147, 3156, 3160, 3182, 3218, 3236, 3303, 3316, 3340, 3344, 3373, 3484, 3486, 3490, 3515, 3590, 3597, 3609, 3617, 3633, 3678, 3684, 3727, 3751, 3800, 3811, 3877, 3885, 3953, 3964, 3974, 3987, 4051, 4089, 4109, 4122, 4156, 4301, 4328, 4423, 4435, 4444, 4465, 4505, 4529, 4572, 4584, 4623, 4844, 4877, 4949, 4985, 5034, 5060, 5092, 5099, 5107, 5121, 5135, 5148, 5153, 5166, 5186, 5194, 5201, 5254, 5296, 5414, 5427, 5429, 5451, 5474, 5516, 5552, 5561, 5566, 5611, 5627, 5633, 5636, 5744, 5804, 5861, 5870, 5903, 5909, 5921, 5929, 5965, 5975, 5996, 6007, 6083, 6128, 6165, 6200, 6206, 6275, 6395, 6407, 6419, 6513, 6516, 6523, 6551, 6574, 6576, 6592, 6605, 6614, 6632, 6634, 6660, 6684, 6696, 6705, 6731, 6733, 6736, 6741, 6758, 6797, 6869, 6911, 6980, 6983, 7028, 7041, 7048, 7055, 7058, 7079, 7092, 7219, 7248, 7299, 7384, 7461, 7465, 7478, 7480, 7482, 7484, 7486, 7490, 7492, 7496, 7500, 7502, 7548, 7554, 7562, 7566, 7594, 7600, 7619, 7632, 7634, 7656, 7712, 7727, 7731, 7736, 7738, 7740, 7750, 7766, 7815, 7828, 7871, 7903, 7950, 7963, 8003, 8028, 8057, 8140, 8146, 8162, 8190, 8221, 8237, 8268, 8302, 8329, 8347, 8354, 8410, 8419, 8421, 8427, 8437, 8496, 8502, 8537, 8626, 8631, 8639, 8660, 8668, 8701, 8705, 8719, 8869, 8880, 8893, 8901, 8910, 8919, 8965, 8968, 9040, 9130, 9142, 9152, 9154, 9165, 9173, 9227, 9263, 9273, 9276, 9280, 9328, 9337, 9343, 9406, 9472, 9478, 9480, 9583, 9585, 9674, 9676, 9707, 9709, 9711, 9732, 9750, 9786, 9802, 9839, 9856]","[6426, 7431, 9013]",9895,367,9528,3,364,9528,0
-1.5,HSERPG,"[93, 143, 212, 227, 277, 516, 563, 568, 585, 621, 628, 632, 665, 671, 711, 738, 765, 781, 831, 845, 853, 868, 877, 885, 891, 980, 994, 1004, 1015, 1020, 1022, 1070, 1081, 1115, 1210, 1281, 1303, 1340, 1425, 1432, 1437, 1475, 1480, 1539, 1583, 1585, 1603, 1653, 1683, 1774, 1821, 1900, 1938, 1943, 1948, 1951, 1958, 1961, 2026, 2033, 2061, 2069, 2119, 2205, 2219, 2253, 2290, 2294, 2309, 2315, 2338, 2368, 2372, 2389, 2411, 2423, 2427, 2474, 2478, 2509, 2526, 2539, 2550, 2554, 2571, 2727, 2768, 2815, 2848, 2895, 2960, 3152, 3162, 3175, 3201, 3227, 3230, 3291]","[628, 1340, 1683, 2474]","[93, 143, 212, 227, 277, 516, 563, 568, 585, 621, 632, 665, 671, 711, 738, 765, 781, 831, 845, 853, 868, 877, 885, 891, 980, 994, 1004, 1015, 1020, 1022, 1070, 1081, 1115, 1210, 1281, 1303, 1425, 1432, 1437, 1475, 1480, 1539, 1583, 1585, 1603, 1653, 1774, 1821, 1900, 1938, 1943, 1948, 1951, 1958, 1961, 2026, 2033, 2061, 2069, 2119, 2205, 2219, 2253, 2290, 2294, 2309, 2315, 2338, 2368, 2372, 2389, 2411, 2423, 2427, 2478, 2509, 2526, 2539, 2550, 2554, 2571, 2727, 2768, 2815, 2848, 2895, 2960, 3152, 3162, 3175, 3201, 3227, 3230, 3291]","[628, 1340, 1683, 2474]",3390,98,3292,4,94,3292,0
-1.5,HSFAU1,"[28, 80, 103, 179, 205, 223, 238, 273, 285, 290, 327, 335, 343, 375, 399, 410, 415, 432, 436, 484, 505, 540, 547, 559, 600, 655, 679, 824, 842, 857, 870, 881, 894, 947, 957, 993, 996, 1043, 1050, 1074, 1096, 1100, 1123, 1129, 1135, 1140, 1144, 1146, 1151, 1172, 1186, 1194, 1220, 1282, 1284, 1290, 1317, 1322, 1349, 1367, 1421, 1498, 1508, 1535, 1557, 1569, 1581, 1592, 1599, 1613, 1617, 1623, 1632, 1638, 1640, 1693, 1741, 1787, 1821, 1843, 1865, 1868, 1920, 2004, 2006]","[857, 1096, 1613]","[28, 80, 103, 179, 205, 223, 238, 273, 285, 290, 327, 335, 343, 375, 399, 410, 415, 432, 436, 484, 505, 540, 547, 559, 600, 655, 679, 824, 842, 870, 881, 894, 947, 957, 993, 996, 1043, 1050, 1074, 1100, 1123, 1129, 1135, 1140, 1144, 1146, 1151, 1172, 1186, 1194, 1220, 1282, 1284, 1290, 1317, 1322, 1349, 1367, 1421, 1498, 1508, 1535, 1557, 1569, 1581, 1592, 1599, 1617, 1623, 1632, 1638, 1640, 1693, 1741, 1787, 1821, 1843, 1865, 1868, 1920, 2004, 2006]","[857, 1096, 1613]",2008,85,1923,3,82,1923,0
-1.5,HSFESFPS,"[8, 13, 34, 55, 69, 95, 190, 286, 292, 344, 353, 362, 457, 474, 478, 507, 513, 543, 608, 614, 663, 701, 720, 728, 735, 738, 742, 771, 791, 856, 870, 872, 902, 1034, 1109, 1125, 1132, 1142, 1180, 1222, 1227, 1231, 1248, 1252, 1260, 1302, 1341, 1368, 1373, 1522, 1553, 1578, 1648, 1650, 1691, 1746, 1757, 1770, 1781, 1791, 1798, 1803, 1827, 1844, 1861, 1870, 1889, 1893, 1897, 1964, 1980, 1985, 1999, 2033, 2035, 2065, 2078, 2080, 2086, 2118, 2159, 2210, 2269, 2273, 2290, 2295, 2301, 2415, 2527, 2534, 2542, 2580, 2625, 2635, 2637, 2652, 2695, 2717, 2724, 2752, 2790, 2821, 2961, 2984, 3003, 3023, 3027, 3065, 3083, 3094, 3161, 3180, 3184, 3195, 3226, 3235, 3297, 3336, 3435, 3446, 3520, 3593, 3628, 3637, 3645, 3688, 3726, 3744, 3769, 3797, 3805, 3873, 3881, 3908, 3911, 3923, 3967, 3982, 3992, 4008, 4027, 4091, 4097, 4122, 4127, 4166, 4172, 4198, 4243, 4252, 4263, 4273, 4335, 4407, 4510, 4522, 4532, 4537, 4547, 4556, 4580, 4587, 4600, 4607, 4647, 4663, 4675, 4688, 4763, 4790, 4795, 4866, 4874, 4894, 4919, 4934, 4945, 4955, 4968, 5011, 5013, 5017, 5028, 5038, 5073, 5116, 5135, 5154, 5165, 5254, 5307, 5319, 5322, 5378, 5399, 5405, 5478, 5501, 5508, 5534, 5578, 5587, 5598, 5602, 5605, 5650, 5658, 5672, 5675, 5698, 5706, 5749, 5771, 5795, 5811, 5829, 5844, 5865, 5924, 5928, 6054, 6078, 6108, 6116, 6198, 6230, 6240, 6343, 6445, 6449, 6535, 6598, 6624, 6626, 6682, 6693, 6721, 6767, 6805, 6832, 6835, 6902, 6905, 6910, 6970, 6996, 6999, 7027, 7042, 7063, 7089, 7093, 7098, 7102, 7107, 7115, 7150, 7154, 7230, 7237, 7248, 7328, 7330, 7345, 7360, 7365, 7393, 7408, 7496, 7516, 7602, 7605, 7625, 7634, 7667, 7684, 7686, 7690, 7706, 7757, 7761, 7789, 7798, 7825, 7836, 7840, 7851, 7874, 7886, 7888, 7899, 7914, 8020, 8024, 8045, 8047, 8052, 8069, 8073, 8116, 8178, 8234, 8320, 8322, 8349, 8380, 8424, 8443, 8462, 8499, 8510, 8524, 8546, 8553, 8582, 8598, 8637, 8640, 8678, 8714, 8720, 8764, 8782, 8786, 8810, 8827, 8845, 8847, 8852, 8865, 8868, 8871, 8901, 8904, 8927, 8943, 8950, 8956, 9028, 9045, 9068, 9087, 9100, 9102, 9132, 9144, 9151, 9176, 9193, 9198, 9294, 9315, 9341, 9356, 9371, 9375, 9382, 9416, 9424, 9481, 9491, 9494, 9504, 9547, 9575, 9635, 9663, 9734, 9739, 9768, 9853, 9915, 9917, 10001, 10005, 10015, 10026, 10179, 10225, 10239, 10270, 10283, 10314, 10325, 10328, 10335, 10360, 10405, 10412, 10418, 10445, 10483, 10496, 10527, 10581, 10586, 10599, 10626, 10652, 10658, 10664, 10699, 10752, 10765, 10796, 10817, 10882, 10884, 10890, 10900, 10953, 10959, 10965, 10996, 11000, 11054, 11068, 11079, 11083, 11090, 11097, 11123, 11128, 11193, 11196, 11243, 11253, 11270, 11300, 11312, 11349, 11351, 11356, 11378, 11397, 11410, 11430, 11511, 11539, 11558, 11655, 11666, 11721, 11745, 11766, 11782, 11788, 11793, 11822, 11852, 11865, 11926, 11980, 12018, 12020, 12024, 12034, 12039, 12042, 12052, 12062, 12083, 12182, 12185, 12225, 12251]","[1227, 1553, 3023, 3336, 5405, 5598, 5924, 6240, 6445, 7150, 7634, 8069, 8782, 9151, 9371, 9768, 10015]","[8, 13, 34, 55, 69, 95, 190, 286, 292, 344, 353, 362, 457, 474, 478, 507, 513, 543, 608, 614, 663, 701, 720, 728, 735, 738, 742, 771, 791, 856, 870, 872, 902, 1034, 1109, 1125, 1132, 1142, 1180, 1222, 1231, 1248, 1252, 1260, 1302, 1341, 1368, 1373, 1522, 1578, 1648, 1650, 1691, 1746, 1757, 1770, 1781, 1791, 1798, 1803, 1827, 1844, 1861, 1870, 1889, 1893, 1897, 1964, 1980, 1985, 1999, 2033, 2035, 2065, 2078, 2080, 2086, 2118, 2159, 2210, 2269, 2273, 2290, 2295, 2301, 2415, 2527, 2534, 2542, 2580, 2625, 2635, 2637, 2652, 2695, 2717, 2724, 2752, 2790, 2821, 2961, 2984, 3003, 3027, 3065, 3083, 3094, 3161, 3180, 3184, 3195, 3226, 3235, 3297, 3435, 3446, 3520, 3593, 3628, 3637, 3645, 3688, 3726, 3744, 3769, 3797, 3805, 3873, 3881, 3908, 3911, 3923, 3967, 3982, 3992, 4008, 4027, 4091, 4097, 4122, 4127, 4166, 4172, 4198, 4243, 4252, 4263, 4273, 4335, 4407, 4510, 4522, 4532, 4537, 4547, 4556, 4580, 4587, 4600, 4607, 4647, 4663, 4675, 4688, 4763, 4790, 4795, 4866, 4874, 4894, 4919, 4934, 4945, 4955, 4968, 5011, 5013, 5017, 5028, 5038, 5073, 5116, 5135, 5154, 5165, 5254, 5307, 5319, 5322, 5378, 5399, 5478, 5501, 5508, 5534, 5578, 5587, 5602, 5605, 5650, 5658, 5672, 5675, 5698, 5706, 5749, 5771, 5795, 5811, 5829, 5844, 5865, 5928, 6054, 6078, 6108, 6116, 6198, 6230, 6343, 6449, 6535, 6598, 6624, 6626, 6682, 6693, 6721, 6767, 6805, 6832, 6835, 6902, 6905, 6910, 6970, 6996, 6999, 7027, 7042, 7063, 7089, 7093, 7098, 7102, 7107, 7115, 7154, 7230, 7237, 7248, 7328, 7330, 7345, 7360, 7365, 7393, 7408, 7496, 7516, 7602, 7605, 7625, 7667, 7684, 7686, 7690, 7706, 7757, 7761, 7789, 7798, 7825, 7836, 7840, 7851, 7874, 7886, 7888, 7899, 7914, 8020, 8024, 8045, 8047, 8052, 8073, 8116, 8178, 8234, 8320, 8322, 8349, 8380, 8424, 8443, 8462, 8499, 8510, 8524, 8546, 8553, 8582, 8598, 8637, 8640, 8678, 8714, 8720, 8764, 8786, 8810, 8827, 8845, 8847, 8852, 8865, 8868, 8871, 8901, 8904, 8927, 8943, 8950, 8956, 9028, 9045, 9068, 9087, 9100, 9102, 9132, 9144, 9176, 9193, 9198, 9294, 9315, 9341, 9356, 9375, 9382, 9416, 9424, 9481, 9491, 9494, 9504, 9547, 9575, 9635, 9663, 9734, 9739, 9853, 9915, 9917, 10001, 10005, 10026, 10179, 10225, 10239, 10270, 10283, 10314, 10325, 10328, 10335, 10360, 10405, 10412, 10418, 10445, 10483, 10496, 10527, 10581, 10586, 10599, 10626, 10652, 10658, 10664, 10699, 10752, 10765, 10796, 10817, 10882, 10884, 10890, 10900, 10953, 10959, 10965, 10996, 11000, 11054, 11068, 11079, 11083, 11090, 11097, 11123, 11128, 11193, 11196, 11243, 11253, 11270, 11300, 11312, 11349, 11351, 11356, 11378, 11397, 11410, 11430, 11511, 11539, 11558, 11655, 11666, 11721, 11745, 11766, 11782, 11788, 11793, 11822, 11852, 11865, 11926, 11980, 12018, 12020, 12024, 12034, 12039, 12042, 12052, 12062, 12083, 12182, 12185, 12225, 12251]","[1227, 1553, 3023, 3336, 5405, 5598, 5924, 6240, 6445, 7150, 7634, 8069, 8782, 9151, 9371, 9768, 10015]",12255,466,11789,17,449,11789,0
-1.5,HSGCSFG,"[82, 104, 125, 254, 264, 290, 295, 404, 408, 461, 463, 516, 537, 540, 554, 596, 604, 618, 677, 690, 735, 739, 744, 748, 759, 774, 848, 894, 903, 931, 970, 983, 989, 1051, 1094, 1121, 1123, 1139, 1158, 1230, 1234, 1236, 1301, 1309, 1330, 1454, 1488, 1521, 1530, 1540, 1549, 1552, 1584, 1586, 1606, 1631, 1728, 1781, 1811, 1816, 1871, 1954, 1993, 1999, 2040, 2048, 2059, 2121, 2132, 2141, 2164, 2171, 2180, 2296, 2319, 2404, 2428, 2447, 2481, 2490, 2514, 2553, 2581, 2590, 2592, 2594, 2612, 2645, 2659, 2667, 2691, 2693, 2704, 2736, 2759, 2770, 2790, 2802, 2815, 2843, 2847, 2863, 2894, 2912]","[404, 744, 1230, 1521]","[82, 104, 125, 254, 264, 290, 295, 408, 461, 463, 516, 537, 540, 554, 596, 604, 618, 677, 690, 735, 739, 748, 759, 774, 848, 894, 903, 931, 970, 983, 989, 1051, 1094, 1121, 1123, 1139, 1158, 1234, 1236, 1301, 1309, 1330, 1454, 1488, 1530, 1540, 1549, 1552, 1584, 1586, 1606, 1631, 1728, 1781, 1811, 1816, 1871, 1954, 1993, 1999, 2040, 2048, 2059, 2121, 2132, 2141, 2164, 2171, 2180, 2296, 2319, 2404, 2428, 2447, 2481, 2490, 2514, 2553, 2581, 2590, 2592, 2594, 2612, 2645, 2659, 2667, 2691, 2693, 2704, 2736, 2759, 2770, 2790, 2802, 2815, 2843, 2847, 2863, 2894, 2912]","[404, 744, 1230, 1521]",2952,104,2848,4,100,2848,0
-1.5,HSGEBCMA,"[21, 85, 141, 149, 166, 217, 289, 292, 308, 334, 412, 449, 471, 479, 497, 523, 586, 598, 607, 611, 639, 641, 700, 740, 766, 848, 868, 888, 970, 983, 988, 1005, 1036, 1050, 1057, 1082, 1128, 1137, 1141, 1179, 1194, 1200, 1206, 1294, 1298, 1327, 1349, 1351, 1363, 1394, 1432, 1496, 1500, 1508, 1545, 1610, 1612, 1642, 1648, 1697, 1743, 1785, 1831, 1841, 1910, 1935, 2044, 2106, 2128, 2185, 2201, 2206, 2211, 2277, 2292, 2296, 2321, 2331, 2342, 2352, 2365, 2386, 2413, 2430, 2492, 2494, 2498, 2512, 2528, 2538, 2562, 2587, 2645, 2647, 2679, 2684, 2690, 2721, 2766, 2797, 2804, 2820, 2849, 2955, 2989, 3014, 3035, 3050, 3052, 3074, 3114, 3129, 3148, 3154, 3169, 3184, 3234, 3256, 3264, 3266, 3273, 3279, 3292, 3352, 3364, 3409, 3441, 3486, 3489, 3499, 3552, 3558, 3607, 3650, 3716, 3752, 3773, 3782]","[607, 1496]","[21, 85, 141, 149, 166, 217, 289, 292, 308, 334, 412, 449, 471, 479, 497, 523, 586, 598, 611, 639, 641, 700, 740, 766, 848, 868, 888, 970, 983, 988, 1005, 1036, 1050, 1057, 1082, 1128, 1137, 1141, 1179, 1194, 1200, 1206, 1294, 1298, 1327, 1349, 1351, 1363, 1394, 1432, 1500, 1508, 1545, 1610, 1612, 1642, 1648, 1697, 1743, 1785, 1831, 1841, 1910, 1935, 2044, 2106, 2128, 2185, 2201, 2206, 2211, 2277, 2292, 2296, 2321, 2331, 2342, 2352, 2365, 2386, 2413, 2430, 2492, 2494, 2498, 2512, 2528, 2538, 2562, 2587, 2645, 2647, 2679, 2684, 2690, 2721, 2766, 2797, 2804, 2820, 2849, 2955, 2989, 3014, 3035, 3050, 3052, 3074, 3114, 3129, 3148, 3154, 3169, 3184, 3234, 3256, 3264, 3266, 3273, 3279, 3292, 3352, 3364, 3409, 3441, 3486, 3489, 3499, 3552, 3558, 3607, 3650, 3716, 3752, 3773, 3782]","[607, 1496]",3711,138,3573,2,136,3573,0
-1.5,HSGGL2,"[74, 114, 154, 164, 170, 202, 212, 245, 264, 297, 331, 354, 412, 433, 500, 512, 526, 547, 608, 630, 632, 639, 655, 662, 700, 725, 773, 812, 882, 887, 933, 946, 1055, 1067, 1097, 1110, 1119, 1121, 1123, 1125, 1127, 1129, 1131, 1133, 1135, 1137, 1139, 1141, 1143, 1149, 1151, 1188, 1195, 1230, 1237, 1322, 1333, 1337, 1380, 1425, 1431, 1476, 1500, 1509, 1516]","[202, 547]","[74, 114, 154, 164, 170, 212, 245, 264, 297, 331, 354, 412, 433, 500, 512, 526, 608, 630, 632, 639, 655, 662, 700, 725, 773, 812, 882, 887, 933, 946, 1055, 1067, 1097, 1110, 1119, 1121, 1123, 1125, 1127, 1129, 1131, 1133, 1135, 1137, 1139, 1141, 1143, 1149, 1151, 1188, 1195, 1230, 1237, 1322, 1333, 1337, 1380, 1425, 1431, 1476, 1500, 1509, 1516]","[202, 547]",1620,65,1555,2,63,1555,0
-1.5,HSGLA,"[8, 22, 75, 94, 111, 121, 149, 162, 181, 184, 195, 234, 250, 302, 307, 350, 403, 414, 455, 481, 509, 521, 570, 714, 779, 821, 852, 860, 868, 885, 896, 901, 937, 955, 972, 995, 1002, 1020, 1080, 1102, 1109, 1122, 1141, 1163, 1168, 1174, 1332, 1374, 1388, 1414, 1416, 1422, 1426, 1458, 1554, 1556, 1680, 1728, 1730, 1739, 1752, 1772, 1798, 1807, 1822, 1826, 1852, 1875, 1878, 1893, 1906, 1923, 1956, 1974, 2011, 2017, 2037, 2072, 2148, 2178, 2244, 2272, 2325, 2339, 2359, 2363, 2370, 2382, 2392, 2432, 2440, 2444, 2472, 2483, 2491, 2494, 2499, 2503, 2505, 2541, 2588, 2657, 2665, 2762, 2792, 2830, 2840, 2880, 2905, 2910, 2935, 2980, 3043, 3054, 3064, 3074, 3077, 3096, 3123, 3129, 3131, 3141, 3173, 3192, 3198, 3203, 3222, 3242, 3262, 3274, 3317, 3326, 3336, 3346, 3359, 3380, 3407, 3422, 3424, 3483, 3486, 3499, 3503, 3517, 3562, 3602, 3621, 3717, 3771, 3773, 3879, 3886, 3898, 3923, 3955, 3998, 4007, 4018, 4028, 4032, 4041, 4062, 4106, 4143, 4149, 4153, 4165, 4176, 4184, 4191, 4224, 4236, 4256, 4267, 4370, 4397, 4429, 4435, 4469, 4531, 4608, 4694, 4724, 4741, 4971, 4996, 5009, 5022, 5040, 5066, 5093, 5128, 5153, 5160, 5180, 5269, 5308, 5320, 5359, 5362, 5374, 5405, 5419, 5451, 5474, 5497, 5500, 5510, 5563, 5575, 5683, 5717, 5731, 5818, 5821, 5857, 5889, 5935, 5944, 5955, 5965, 5978, 5997, 6024, 6073, 6164, 6166, 6172, 6208, 6348, 6353, 6399, 6425, 6470, 6479, 6490, 6513, 6532, 6559, 6617, 6628, 6672, 6706, 6710, 6740, 6767, 6784, 6818, 6824, 6854, 6884, 6890, 6931, 6936, 6958, 6983, 7136, 7140, 7164, 7169, 7200, 7227, 7241, 7269, 7308, 7389, 7411, 7420, 7426, 7447, 7500, 7543, 7573, 7628, 7663, 7701, 7707, 7741, 7752, 7837, 7846, 7915, 7967, 7998, 8012, 8019, 8044, 8061, 8089, 8102, 8137, 8161, 8167, 8321, 8370, 8378, 8382, 8413, 8421, 8445, 8483, 8502, 8534, 8565, 8598, 8663, 8843, 8910, 9018, 9045, 9170, 9297, 9319, 9333, 9335, 9361, 9375, 9391, 9533, 9548, 9553, 9592, 9623, 9641, 9668, 9677, 9686, 9696, 9757, 9784, 9868, 9921, 9981, 10000, 10031, 10054, 10089, 10100, 10154, 10204, 10213, 10273, 10293, 10329, 10359, 10369, 10395, 10401, 10420, 10427, 10430, 10444, 10453, 10482, 10509, 10513, 10549, 10654, 10692, 10708, 10718, 10809, 10885, 10993, 10995, 11029, 11057, 11096, 11104, 11111, 11146, 11163, 11184, 11192, 11247, 11342, 11355, 11400, 11432, 11472, 11477, 11488, 11540, 11546, 11631, 11689, 11721, 11761, 11766, 11779, 11832, 11840, 11845, 11975, 12034, 12036, 12082, 12096, 12112, 12125, 12151, 12168, 12200, 12244, 12257, 12322, 12332, 12335, 12358, 12402, 12417]","[1374, 5269, 7447, 8413, 10293, 10708]","[8, 22, 75, 94, 111, 121, 149, 162, 181, 184, 195, 234, 250, 302, 307, 350, 403, 414, 455, 481, 509, 521, 570, 714, 779, 821, 852, 860, 868, 885, 896, 901, 937, 955, 972, 995, 1002, 1020, 1080, 1102, 1109, 1122, 1141, 1163, 1168, 1174, 1332, 1388, 1414, 1416, 1422, 1426, 1458, 1554, 1556, 1680, 1728, 1730, 1739, 1752, 1772, 1798, 1807, 1822, 1826, 1852, 1875, 1878, 1893, 1906, 1923, 1956, 1974, 2011, 2017, 2037, 2072, 2148, 2178, 2244, 2272, 2325, 2339, 2359, 2363, 2370, 2382, 2392, 2432, 2440, 2444, 2472, 2483, 2491, 2494, 2499, 2503, 2505, 2541, 2588, 2657, 2665, 2762, 2792, 2830, 2840, 2880, 2905, 2910, 2935, 2980, 3043, 3054, 3064, 3074, 3077, 3096, 3123, 3129, 3131, 3141, 3173, 3192, 3198, 3203, 3222, 3242, 3262, 3274, 3317, 3326, 3336, 3346, 3359, 3380, 3407, 3422, 3424, 3483, 3486, 3499, 3503, 3517, 3562, 3602, 3621, 3717, 3771, 3773, 3879, 3886, 3898, 3923, 3955, 3998, 4007, 4018, 4028, 4032, 4041, 4062, 4106, 4143, 4149, 4153, 4165, 4176, 4184, 4191, 4224, 4236, 4256, 4267, 4370, 4397, 4429, 4435, 4469, 4531, 4608, 4694, 4724, 4741, 4971, 4996, 5009, 5022, 5040, 5066, 5093, 5128, 5153, 5160, 5180, 5308, 5320, 5359, 5362, 5374, 5405, 5419, 5451, 5474, 5497, 5500, 5510, 5563, 5575, 5683, 5717, 5731, 5818, 5821, 5857, 5889, 5935, 5944, 5955, 5965, 5978, 5997, 6024, 6073, 6164, 6166, 6172, 6208, 6348, 6353, 6399, 6425, 6470, 6479, 6490, 6513, 6532, 6559, 6617, 6628, 6672, 6706, 6710, 6740, 6767, 6784, 6818, 6824, 6854, 6884, 6890, 6931, 6936, 6958, 6983, 7136, 7140, 7164, 7169, 7200, 7227, 7241, 7269, 7308, 7389, 7411, 7420, 7426, 7500, 7543, 7573, 7628, 7663, 7701, 7707, 7741, 7752, 7837, 7846, 7915, 7967, 7998, 8012, 8019, 8044, 8061, 8089, 8102, 8137, 8161, 8167, 8321, 8370, 8378, 8382, 8421, 8445, 8483, 8502, 8534, 8565, 8598, 8663, 8843, 8910, 9018, 9045, 9170, 9297, 9319, 9333, 9335, 9361, 9375, 9391, 9533, 9548, 9553, 9592, 9623, 9641, 9668, 9677, 9686, 9696, 9757, 9784, 9868, 9921, 9981, 10000, 10031, 10054, 10089, 10100, 10154, 10204, 10213, 10273, 10329, 10359, 10369, 10395, 10401, 10420, 10427, 10430, 10444, 10453, 10482, 10509, 10513, 10549, 10654, 10692, 10718, 10809, 10885, 10993, 10995, 11029, 11057, 11096, 11104, 11111, 11146, 11163, 11184, 11192, 11247, 11342, 11355, 11400, 11432, 11472, 11477, 11488, 11540, 11546, 11631, 11689, 11721, 11761, 11766, 11779, 11832, 11840, 11845, 11975, 12034, 12036, 12082, 12096, 12112, 12125, 12151, 12168, 12200, 12244, 12257, 12322, 12332, 12335, 12358, 12402, 12417]","[1374, 5269, 7447, 8413, 10293, 10708]",12428,411,12017,6,405,12017,0
-1.5,HSGROW2,"[12, 34, 39, 42, 63, 85, 92, 135, 137, 175, 179, 197, 211, 223, 243, 309, 314, 345, 377, 404, 433, 452, 462, 471, 497, 548, 589, 664, 724, 758, 762, 781, 794, 807, 856, 899, 904, 916, 932, 941, 951, 958, 1000, 1091, 1095, 1133, 1136, 1225, 1238, 1254, 1274, 1276, 1298, 1349, 1355, 1405, 1485, 1558, 1658, 1740, 1761, 1766, 1776, 1789, 1808, 1819, 1833, 1866, 1920, 1942, 1952, 1955]","[345, 762, 1091, 1349]","[12, 34, 39, 42, 63, 85, 92, 135, 137, 175, 179, 197, 211, 223, 243, 309, 314, 377, 404, 433, 452, 462, 471, 497, 548, 589, 664, 724, 758, 781, 794, 807, 856, 899, 904, 916, 932, 941, 951, 958, 1000, 1095, 1133, 1136, 1225, 1238, 1254, 1274, 1276, 1298, 1355, 1405, 1485, 1558, 1658, 1740, 1761, 1766, 1776, 1789, 1808, 1819, 1833, 1866, 1920, 1942, 1952, 1955]","[345, 762, 1091, 1349]",1956,72,1884,4,68,1884,0
-1.5,HSGSTM4,"[18, 37, 41, 47, 59, 73, 84, 117, 153, 163, 165, 167, 169, 171, 173, 175, 177, 179, 181, 183, 185, 187, 189, 191, 193, 207, 217, 222, 228, 248, 259, 267, 374, 391, 407, 431, 452, 462, 466, 522, 573, 578, 591, 628, 630, 679, 689, 692, 746, 778, 831, 874, 878, 907, 914, 950, 993, 1023, 1045, 1051, 1061, 1085, 1088, 1095, 1163, 1233, 1260, 1262, 1266, 1268, 1272, 1283, 1296, 1319, 1335, 1339, 1346, 1350, 1357, 1384, 1386, 1416, 1437, 1458, 1473, 1495, 1559, 1566, 1571, 1579, 1682, 1745, 1750, 1785, 1793, 1797, 1800, 1807, 1825, 1835, 1852, 1908, 1992, 2057, 2074, 2076, 2098, 2106, 2131, 2134, 2142, 2146, 2219, 2232, 2260, 2282, 2324, 2339, 2347, 2350, 2453, 2457, 2469, 2482, 2568, 2605, 2670, 2776, 2822, 2824, 2856, 2907, 2937, 2946, 2960, 2980, 2986, 3004, 3107, 3139, 3157, 3202, 3226, 3246, 3254, 3258, 3277, 3287, 3294, 3346, 3355, 3366, 3375, 3428, 3430, 3440, 3479, 3484, 3511, 3516, 3518, 3520, 3532, 3578, 3615, 3623, 3704, 3735, 3738, 3741, 3750, 3761, 3766, 3773, 3776, 3911, 3926, 3933, 3936, 3953, 3957, 3968, 3971, 3984, 3991, 3999, 4038, 4088, 4098, 4150, 4159, 4161, 4163, 4183, 4192, 4212, 4215, 4223, 4329, 4341, 4343, 4351, 4381, 4404, 4412, 4415, 4432, 4445, 4464, 4466, 4483, 4496, 4499, 4519, 4562, 4564, 4589, 4600, 4621, 4623, 4630, 4648, 4656, 4678, 4680, 4687, 4809, 4825]","[37, 391, 874, 1262, 1458, 2469, 2670]","[18, 41, 47, 59, 73, 84, 117, 153, 163, 165, 167, 169, 171, 173, 175, 177, 179, 181, 183, 185, 187, 189, 191, 193, 207, 217, 222, 228, 248, 259, 267, 374, 407, 431, 452, 462, 466, 522, 573, 578, 591, 628, 630, 679, 689, 692, 746, 778, 831, 878, 907, 914, 950, 993, 1023, 1045, 1051, 1061, 1085, 1088, 1095, 1163, 1233, 1260, 1266, 1268, 1272, 1283, 1296, 1319, 1335, 1339, 1346, 1350, 1357, 1384, 1386, 1416, 1437, 1473, 1495, 1559, 1566, 1571, 1579, 1682, 1745, 1750, 1785, 1793, 1797, 1800, 1807, 1825, 1835, 1852, 1908, 1992, 2057, 2074, 2076, 2098, 2106, 2131, 2134, 2142, 2146, 2219, 2232, 2260, 2282, 2324, 2339, 2347, 2350, 2453, 2457, 2482, 2568, 2605, 2776, 2822, 2824, 2856, 2907, 2937, 2946, 2960, 2980, 2986, 3004, 3107, 3139, 3157, 3202, 3226, 3246, 3254, 3258, 3277, 3287, 3294, 3346, 3355, 3366, 3375, 3428, 3430, 3440, 3479, 3484, 3511, 3516, 3518, 3520, 3532, 3578, 3615, 3623, 3704, 3735, 3738, 3741, 3750, 3761, 3766, 3773, 3776, 3911, 3926, 3933, 3936, 3953, 3957, 3968, 3971, 3984, 3991, 3999, 4038, 4088, 4098, 4150, 4159, 4161, 4163, 4183, 4192, 4212, 4215, 4223, 4329, 4341, 4343, 4351, 4381, 4404, 4412, 4415, 4432, 4445, 4464, 4466, 4483, 4496, 4499, 4519, 4562, 4564, 4589, 4600, 4621, 4623, 4630, 4648, 4656, 4678, 4680, 4687, 4809, 4825]","[37, 391, 874, 1262, 1458, 2469, 2670]",4834,228,4606,7,221,4606,0
-1.5,HSGTRH,"[129, 143, 166, 180, 190, 196, 199, 201, 205, 225, 227, 245, 259, 309, 316, 387, 442, 446, 460, 515, 536, 541, 571, 599, 619, 652, 753, 773, 778, 834, 842, 890, 920, 940, 965, 1000, 1053, 1129, 1135, 1193, 1205, 1251, 1293, 1295, 1301, 1389, 1391, 1491, 1515, 1541, 1553, 1590, 1597, 1607, 1615, 1620, 1653, 1739, 1781, 1810, 1825, 1836, 1847, 1857, 1875, 1905, 1921, 1923, 1927, 1931, 1965, 1969, 2001, 2025, 2044, 2054, 2111, 2115, 2205, 2237, 2285, 2304, 2322, 2343, 2429, 2431, 2443, 2455, 2457, 2496, 2502, 2506, 2542, 2553, 2604, 2629, 2692, 2703, 2744, 2809, 2814, 2838, 2856, 2930, 2950, 3022, 3045, 3093, 3136, 3141, 3162, 3276, 3317, 3358, 3434, 3460, 3541, 3549, 3565, 3653, 3732, 3736, 3784, 3816, 3826, 3862, 3910, 3946, 3949, 3957, 3976, 3980, 3983, 4016, 4020, 4055, 4078, 4142, 4213, 4230, 4273, 4341, 4429, 4444, 4462, 4529, 4537, 4609, 4668, 4680, 4699, 4732, 4747, 4759, 4911, 4930, 4969, 4979, 5040, 5045, 5116, 5160, 5169, 5180, 5190, 5203, 5222, 5247, 5338, 5386, 5399, 5458, 5469, 5478, 5509, 5521, 5548, 5598, 5640, 5645, 5711, 5717, 5758, 5766, 5771, 5821, 5896, 5904, 5921, 5926, 5964, 6045, 6087, 6094, 6122, 6144, 6149, 6154, 6163, 6217, 6244, 6248, 6256, 6275, 6285, 6287, 6368, 6443, 6449, 6552, 6599, 6619, 6622, 6635, 6664, 6683, 6688, 6713, 6726, 6762, 6814, 6825, 6867, 6870, 6874, 6933, 6938, 6958, 7006, 7043, 7051, 7057, 7139, 7193, 7199, 7214]","[2205, 3816]","[129, 143, 166, 180, 190, 196, 199, 201, 205, 225, 227, 245, 259, 309, 316, 387, 442, 446, 460, 515, 536, 541, 571, 599, 619, 652, 753, 773, 778, 834, 842, 890, 920, 940, 965, 1000, 1053, 1129, 1135, 1193, 1205, 1251, 1293, 1295, 1301, 1389, 1391, 1491, 1515, 1541, 1553, 1590, 1597, 1607, 1615, 1620, 1653, 1739, 1781, 1810, 1825, 1836, 1847, 1857, 1875, 1905, 1921, 1923, 1927, 1931, 1965, 1969, 2001, 2025, 2044, 2054, 2111, 2115, 2237, 2285, 2304, 2322, 2343, 2429, 2431, 2443, 2455, 2457, 2496, 2502, 2506, 2542, 2553, 2604, 2629, 2692, 2703, 2744, 2809, 2814, 2838, 2856, 2930, 2950, 3022, 3045, 3093, 3136, 3141, 3162, 3276, 3317, 3358, 3434, 3460, 3541, 3549, 3565, 3653, 3732, 3736, 3784, 3826, 3862, 3910, 3946, 3949, 3957, 3976, 3980, 3983, 4016, 4020, 4055, 4078, 4142, 4213, 4230, 4273, 4341, 4429, 4444, 4462, 4529, 4537, 4609, 4668, 4680, 4699, 4732, 4747, 4759, 4911, 4930, 4969, 4979, 5040, 5045, 5116, 5160, 5169, 5180, 5190, 5203, 5222, 5247, 5338, 5386, 5399, 5458, 5469, 5478, 5509, 5521, 5548, 5598, 5640, 5645, 5711, 5717, 5758, 5766, 5771, 5821, 5896, 5904, 5921, 5926, 5964, 6045, 6087, 6094, 6122, 6144, 6149, 6154, 6163, 6217, 6244, 6248, 6256, 6275, 6285, 6287, 6368, 6443, 6449, 6552, 6599, 6619, 6622, 6635, 6664, 6683, 6688, 6713, 6726, 6762, 6814, 6825, 6867, 6870, 6874, 6933, 6938, 6958, 7006, 7043, 7051, 7057, 7139, 7193, 7199, 7214]","[2205, 3816]",7216,236,6980,2,234,6980,0
-1.5,HSHMG17G,"[25, 31, 40, 98, 114, 139, 156, 262, 283, 310, 400, 417, 574, 636, 651, 656, 794, 800, 819, 831, 845, 850, 856, 892, 897, 911, 920, 925, 953, 959, 980, 1017, 1026, 1029, 1043, 1045, 1052, 1063, 1117, 1149, 1157, 1159, 1166, 1198, 1207, 1269, 1405, 1427, 1429, 1462, 1475, 1483, 1488, 1508, 1521, 1526, 1528, 1538, 1542, 1548, 1579, 1587, 1595, 1636, 1643, 1685, 1745, 1776, 1793, 1798, 1820, 1842, 1861, 1888, 1917, 1963, 2037, 2041, 2061, 2065, 2073, 2083, 2100, 2279, 2300, 2335, 2344, 2354, 2407, 2409, 2470, 2494, 2524, 2528, 2589, 2656, 2658, 2752, 2798, 2885, 2905, 2927, 2941, 2946, 2970, 2995, 3089, 3125, 3131, 3134, 3169, 3190, 3235, 3268, 3270, 3309, 3318, 3403, 3415, 3437, 3473, 3483, 3490, 3610, 3620, 3626, 3644, 3705, 3709, 3716, 3757, 3766, 3786, 3795, 3808, 3889, 3898, 3902, 3905, 3909, 3929, 4021, 4025, 4073, 4098, 4116, 4126, 4128, 4144, 4148, 4150, 4162, 4166, 4189, 4234, 4275, 4342, 4348, 4366, 4383, 4410, 4469, 4553, 4576, 4594, 4633, 4647, 4662, 4664, 4670, 4716, 4767, 4777, 4790, 4815, 4833, 4854, 4887, 4921, 4929, 4933, 4940, 4982, 5014, 5030, 5035, 5037, 5039, 5056, 5058, 5067, 5073, 5078, 5159, 5221, 5241, 5351, 5461, 5468, 5470, 5472, 5494, 5517, 5529, 5532, 5548, 5594, 5600, 5608, 5637, 5644, 5708, 5726, 5746, 5760, 5777, 5821, 5845, 5882, 5887, 5895, 5905, 5920, 5937, 5946, 5980, 6000, 6007, 6012, 6031, 6047, 6061, 6068, 6077, 6084, 6104, 6106, 6138, 6140, 6160, 6171, 6182, 6255, 6263, 6271, 6277, 6279, 6297, 6302, 6324, 6393, 6403, 6425, 6442, 6455, 6490, 6495, 6511, 6556, 6564, 6578, 6587, 6601, 6611, 6617, 6626, 6675, 6682, 6703, 6733, 6819, 6836, 6844, 6865, 6906, 6913, 6916, 6924, 6938, 6968, 6975, 6986, 7042, 7062, 7064, 7087, 7100, 7118, 7131, 7183, 7188]","[2524, 3415, 3620, 4021, 4553]","[25, 31, 40, 98, 114, 139, 156, 262, 283, 310, 400, 417, 574, 636, 651, 656, 794, 800, 819, 831, 845, 850, 856, 892, 897, 911, 920, 925, 953, 959, 980, 1017, 1026, 1029, 1043, 1045, 1052, 1063, 1117, 1149, 1157, 1159, 1166, 1198, 1207, 1269, 1405, 1427, 1429, 1462, 1475, 1483, 1488, 1508, 1521, 1526, 1528, 1538, 1542, 1548, 1579, 1587, 1595, 1636, 1643, 1685, 1745, 1776, 1793, 1798, 1820, 1842, 1861, 1888, 1917, 1963, 2037, 2041, 2061, 2065, 2073, 2083, 2100, 2279, 2300, 2335, 2344, 2354, 2407, 2409, 2470, 2494, 2528, 2589, 2656, 2658, 2752, 2798, 2885, 2905, 2927, 2941, 2946, 2970, 2995, 3089, 3125, 3131, 3134, 3169, 3190, 3235, 3268, 3270, 3309, 3318, 3403, 3437, 3473, 3483, 3490, 3610, 3626, 3644, 3705, 3709, 3716, 3757, 3766, 3786, 3795, 3808, 3889, 3898, 3902, 3905, 3909, 3929, 4025, 4073, 4098, 4116, 4126, 4128, 4144, 4148, 4150, 4162, 4166, 4189, 4234, 4275, 4342, 4348, 4366, 4383, 4410, 4469, 4576, 4594, 4633, 4647, 4662, 4664, 4670, 4716, 4767, 4777, 4790, 4815, 4833, 4854, 4887, 4921, 4929, 4933, 4940, 4982, 5014, 5030, 5035, 5037, 5039, 5056, 5058, 5067, 5073, 5078, 5159, 5221, 5241, 5351, 5461, 5468, 5470, 5472, 5494, 5517, 5529, 5532, 5548, 5594, 5600, 5608, 5637, 5644, 5708, 5726, 5746, 5760, 5777, 5821, 5845, 5882, 5887, 5895, 5905, 5920, 5937, 5946, 5980, 6000, 6007, 6012, 6031, 6047, 6061, 6068, 6077, 6084, 6104, 6106, 6138, 6140, 6160, 6171, 6182, 6255, 6263, 6271, 6277, 6279, 6297, 6302, 6324, 6393, 6403, 6425, 6442, 6455, 6490, 6495, 6511, 6556, 6564, 6578, 6587, 6601, 6611, 6617, 6626, 6675, 6682, 6703, 6733, 6819, 6836, 6844, 6865, 6906, 6913, 6916, 6924, 6938, 6968, 6975, 6986, 7042, 7062, 7064, 7087, 7100, 7118, 7131, 7183, 7188]","[2524, 3415, 3620, 4021, 4553]",7187,291,6896,5,286,6896,0
-1.5,HSHNRNPA,"[11, 29, 44, 49, 220, 255, 271, 318, 323, 413, 426, 458, 470, 481, 485, 502, 543, 554, 576, 589, 628, 687, 707, 723, 727, 749, 778, 796, 807, 814, 818, 868, 883, 922, 956, 1006, 1032, 1086, 1121, 1159, 1163, 1250, 1280, 1287, 1294, 1298, 1340, 1421, 1489, 1494, 1518, 1549, 1577, 1595, 1606, 1661, 1664, 1698, 1700, 1751, 1789, 1830, 1849, 1858, 1891, 1936, 1940, 1981, 2040, 2068, 2100, 2114, 2129, 2133, 2185, 2201, 2229, 2255, 2279, 2291, 2295, 2299, 2309, 2319, 2325, 2337, 2367, 2405, 2421, 2426, 2440, 2460, 2481, 2511, 2530, 2567, 2573, 2576, 2591, 2594, 2597, 2600, 2606, 2609, 2615, 2633, 2636, 2651, 2654, 2660, 2664, 2669, 2681, 2723, 2745, 2761, 2794, 2803, 2812, 2815, 2818, 2821, 2830, 2836, 2869, 2888, 2927, 2931, 2949, 2955, 2988, 3061, 3069, 3073, 3076, 3097, 3127, 3130, 3139, 3157, 3172, 3220, 3223, 3229, 3233, 3240, 3249, 3256, 3258, 3289, 3295, 3311, 3316, 3328, 3402, 3432, 3441, 3459, 3498, 3522, 3536, 3559, 3567, 3602, 3606, 3624, 3691, 3773, 3821, 3824, 3926, 3962, 3967, 3975, 3990, 3999, 4001, 4005, 4083, 4138, 4141, 4210, 4241, 4252, 4264, 4279, 4291, 4312, 4316, 4330, 4379, 4390, 4418, 4424, 4435, 4460, 4486, 4578, 4596, 4610, 4629, 4632, 4683, 4685, 4709, 4715, 4725, 4734, 4754, 4761, 4763, 4791, 4833, 4839, 4847, 4877, 4882, 4884, 4889, 4914, 4930, 4932, 4937, 4954, 4964, 4997, 5027, 5029, 5053, 5105, 5114, 5120, 5159, 5195, 5209, 5211, 5254]","[814, 1494, 1936, 2295, 2481, 2660, 2869, 3962]","[11, 29, 44, 49, 220, 255, 271, 318, 323, 413, 426, 458, 470, 481, 485, 502, 543, 554, 576, 589, 628, 687, 707, 723, 727, 749, 778, 796, 807, 818, 868, 883, 922, 956, 1006, 1032, 1086, 1121, 1159, 1163, 1250, 1280, 1287, 1294, 1298, 1340, 1421, 1489, 1518, 1549, 1577, 1595, 1606, 1661, 1664, 1698, 1700, 1751, 1789, 1830, 1849, 1858, 1891, 1940, 1981, 2040, 2068, 2100, 2114, 2129, 2133, 2185, 2201, 2229, 2255, 2279, 2291, 2299, 2309, 2319, 2325, 2337, 2367, 2405, 2421, 2426, 2440, 2460, 2511, 2530, 2567, 2573, 2576, 2591, 2594, 2597, 2600, 2606, 2609, 2615, 2633, 2636, 2651, 2654, 2664, 2669, 2681, 2723, 2745, 2761, 2794, 2803, 2812, 2815, 2818, 2821, 2830, 2836, 2888, 2927, 2931, 2949, 2955, 2988, 3061, 3069, 3073, 3076, 3097, 3127, 3130, 3139, 3157, 3172, 3220, 3223, 3229, 3233, 3240, 3249, 3256, 3258, 3289, 3295, 3311, 3316, 3328, 3402, 3432, 3441, 3459, 3498, 3522, 3536, 3559, 3567, 3602, 3606, 3624, 3691, 3773, 3821, 3824, 3926, 3967, 3975, 3990, 3999, 4001, 4005, 4083, 4138, 4141, 4210, 4241, 4252, 4264, 4279, 4291, 4312, 4316, 4330, 4379, 4390, 4418, 4424, 4435, 4460, 4486, 4578, 4596, 4610, 4629, 4632, 4683, 4685, 4709, 4715, 4725, 4734, 4754, 4761, 4763, 4791, 4833, 4839, 4847, 4877, 4882, 4884, 4889, 4914, 4930, 4932, 4937, 4954, 4964, 4997, 5027, 5029, 5053, 5105, 5114, 5120, 5159, 5195, 5209, 5211, 5254]","[814, 1494, 1936, 2295, 2481, 2660, 2869, 3962]",5360,237,5123,8,229,5123,0
-1.5,HSHOX51,"[9, 19, 22, 101, 117, 204, 210, 218, 226, 229, 268, 282, 295, 298, 321, 335, 340, 346, 381, 400, 427, 460, 517, 567, 578, 651, 680, 688, 698, 703, 752, 760, 782, 795, 826, 841, 856, 862, 976, 991, 1032, 1043, 1081, 1199, 1234, 1245, 1247, 1261, 1278, 1282, 1300, 1313, 1351, 1398, 1425, 1446, 1475, 1510, 1547, 1596, 1622, 1629, 1633, 1640, 1651, 1666, 1675, 1684, 1791, 1848, 1878, 1959, 2012, 2036, 2042, 2052, 2063, 2068, 2095, 2120, 2126, 2130, 2138, 2140, 2201, 2212, 2230, 2246, 2260, 2298, 2332, 2344, 2347, 2393, 2397, 2401, 2405, 2415, 2419, 2425, 2431, 2433, 2519, 2548, 2575, 2592, 2611, 2627, 2690, 2707, 2732, 2734, 2738, 2762, 2783, 2822, 2930, 3001, 3022, 3027, 3032, 3067, 3144, 3189, 3242, 3262, 3300, 3320, 3341, 3354, 3361, 3370, 3389, 3431, 3460, 3484, 3497, 3507, 3545, 3555, 3558, 3601, 3641, 3685, 3737, 3766, 3783, 3803, 3886, 3955, 3974, 3983, 3985, 3999, 4004, 4015, 4023, 4088, 4184, 4190, 4304, 4356, 4362, 4428, 4431, 4445, 4454, 4509, 4521, 4544, 4553, 4575, 4600, 4619, 4643, 4685, 4709, 4748, 4789, 4797, 4822, 4904, 4921, 4934, 4940, 4957, 4993, 5095, 5129, 5208, 5257, 5288, 5426, 5504, 5529, 5549, 5555, 5588, 5604, 5614, 5643, 5659, 5678, 5721, 5748, 5750, 5756, 5760, 5786, 5788, 5817, 5822, 5824, 5882, 5898, 5902, 5915, 5977, 6002, 6013, 6047, 6049, 6068, 6073, 6137, 6179, 6188, 6190, 6196, 6206, 6244, 6259, 6276]",[2052],"[9, 19, 22, 101, 117, 204, 210, 218, 226, 229, 268, 282, 295, 298, 321, 335, 340, 346, 381, 400, 427, 460, 517, 567, 578, 651, 680, 688, 698, 703, 752, 760, 782, 795, 826, 841, 856, 862, 976, 991, 1032, 1043, 1081, 1199, 1234, 1245, 1247, 1261, 1278, 1282, 1300, 1313, 1351, 1398, 1425, 1446, 1475, 1510, 1547, 1596, 1622, 1629, 1633, 1640, 1651, 1666, 1675, 1684, 1791, 1848, 1878, 1959, 2012, 2036, 2042, 2063, 2068, 2095, 2120, 2126, 2130, 2138, 2140, 2201, 2212, 2230, 2246, 2260, 2298, 2332, 2344, 2347, 2393, 2397, 2401, 2405, 2415, 2419, 2425, 2431, 2433, 2519, 2548, 2575, 2592, 2611, 2627, 2690, 2707, 2732, 2734, 2738, 2762, 2783, 2822, 2930, 3001, 3022, 3027, 3032, 3067, 3144, 3189, 3242, 3262, 3300, 3320, 3341, 3354, 3361, 3370, 3389, 3431, 3460, 3484, 3497, 3507, 3545, 3555, 3558, 3601, 3641, 3685, 3737, 3766, 3783, 3803, 3886, 3955, 3974, 3983, 3985, 3999, 4004, 4015, 4023, 4088, 4184, 4190, 4304, 4356, 4362, 4428, 4431, 4445, 4454, 4509, 4521, 4544, 4553, 4575, 4600, 4619, 4643, 4685, 4709, 4748, 4789, 4797, 4822, 4904, 4921, 4934, 4940, 4957, 4993, 5095, 5129, 5208, 5257, 5288, 5426, 5504, 5529, 5549, 5555, 5588, 5604, 5614, 5643, 5659, 5678, 5721, 5748, 5750, 5756, 5760, 5786, 5788, 5817, 5822, 5824, 5882, 5898, 5902, 5915, 5977, 6002, 6013, 6047, 6049, 6068, 6073, 6137, 6179, 6188, 6190, 6196, 6206, 6244, 6259, 6276]",[2052],6297,233,6064,1,232,6064,0
-1.5,HSHSC70,"[27, 31, 41, 54, 59, 63, 87, 97, 100, 106, 114, 119, 185, 198, 212, 229, 305, 324, 329, 332, 336, 346, 367, 390, 404, 414, 416, 456, 470, 477, 499, 506, 550, 563, 575, 596, 647, 650, 672, 681, 689, 701, 763, 770, 777, 787, 789, 809, 815, 839, 844, 852, 898, 913, 939, 959, 971, 1058, 1062, 1089, 1091, 1095, 1115, 1186, 1194, 1214, 1245, 1313, 1368, 1384, 1387, 1419, 1426, 1432, 1449, 1456, 1483, 1488, 1496, 1541, 1576, 1613, 1641, 1644, 1668, 1674, 1716, 1728, 1773, 1778, 1790, 1797, 1809, 1884, 1895, 1905, 1923, 1931, 1952, 1973, 1988, 1997, 2040, 2052, 2056, 2075, 2078, 2112, 2115, 2121, 2149, 2182, 2190, 2250, 2254, 2263, 2272, 2305, 2337, 2355, 2377, 2391, 2427, 2458, 2484, 2533, 2550, 2563, 2572, 2578, 2587, 2614, 2668, 2704, 2721, 2756, 2781, 2785, 2797, 2887, 2893, 2902, 2938, 2948, 2955, 2972, 3021, 3031, 3054, 3084, 3123, 3135, 3169, 3188, 3203, 3230, 3293, 3295, 3307, 3317, 3328, 3400, 3424, 3447, 3486, 3507, 3510, 3535, 3551, 3585, 3620, 3637, 3662, 3682, 3692, 3734, 3755, 3773, 3793, 3841, 3884, 3908, 3913, 3930, 3964, 4077, 4079, 4114, 4169, 4195, 4197, 4202, 4234, 4253, 4255, 4278, 4284, 4296, 4325, 4329, 4343, 4349, 4367, 4379, 4396, 4421, 4493, 4519, 4527, 4569, 4572, 4590, 4593, 4622, 4640, 4642, 4648, 4693, 4705, 4721, 4735, 4814, 4819, 4910, 4919, 4929, 4937, 4986, 4993, 5010, 5017, 5121, 5141, 5145, 5180, 5183, 5194, 5228, 5253, 5263, 5291, 5330, 5359, 5369, 5378, 5385]","[1245, 1773, 2250, 2893, 3307, 3734, 4114]","[27, 31, 41, 54, 59, 63, 87, 97, 100, 106, 114, 119, 185, 198, 212, 229, 305, 324, 329, 332, 336, 346, 367, 390, 404, 414, 416, 456, 470, 477, 499, 506, 550, 563, 575, 596, 647, 650, 672, 681, 689, 701, 763, 770, 777, 787, 789, 809, 815, 839, 844, 852, 898, 913, 939, 959, 971, 1058, 1062, 1089, 1091, 1095, 1115, 1186, 1194, 1214, 1313, 1368, 1384, 1387, 1419, 1426, 1432, 1449, 1456, 1483, 1488, 1496, 1541, 1576, 1613, 1641, 1644, 1668, 1674, 1716, 1728, 1778, 1790, 1797, 1809, 1884, 1895, 1905, 1923, 1931, 1952, 1973, 1988, 1997, 2040, 2052, 2056, 2075, 2078, 2112, 2115, 2121, 2149, 2182, 2190, 2254, 2263, 2272, 2305, 2337, 2355, 2377, 2391, 2427, 2458, 2484, 2533, 2550, 2563, 2572, 2578, 2587, 2614, 2668, 2704, 2721, 2756, 2781, 2785, 2797, 2887, 2902, 2938, 2948, 2955, 2972, 3021, 3031, 3054, 3084, 3123, 3135, 3169, 3188, 3203, 3230, 3293, 3295, 3317, 3328, 3400, 3424, 3447, 3486, 3507, 3510, 3535, 3551, 3585, 3620, 3637, 3662, 3682, 3692, 3755, 3773, 3793, 3841, 3884, 3908, 3913, 3930, 3964, 4077, 4079, 4169, 4195, 4197, 4202, 4234, 4253, 4255, 4278, 4284, 4296, 4325, 4329, 4343, 4349, 4367, 4379, 4396, 4421, 4493, 4519, 4527, 4569, 4572, 4590, 4593, 4622, 4640, 4642, 4648, 4693, 4705, 4721, 4735, 4814, 4819, 4910, 4919, 4929, 4937, 4986, 4993, 5010, 5017, 5121, 5141, 5145, 5180, 5183, 5194, 5228, 5253, 5263, 5291, 5330, 5359, 5369, 5378, 5385]","[1245, 1773, 2250, 2893, 3307, 3734, 4114]",5400,246,5154,7,239,5154,0
-1.5,HSIFNAR,"[7, 48, 92, 109, 114, 149, 197, 311, 319, 329, 331, 333, 346, 352, 365, 394, 399, 429, 485, 526, 549, 553, 568, 583, 585, 587, 589, 591, 593, 595, 597, 599, 616, 620, 631, 654, 669, 671, 712, 724, 731, 760, 787, 799, 811, 830, 869, 906, 927, 943, 1003, 1006, 1036, 1041, 1043, 1048, 1065, 1073, 1083, 1102, 1122, 1139, 1143, 1190, 1218, 1227, 1229, 1282, 1288, 1305, 1318, 1356, 1371, 1375, 1382, 1393, 1404, 1420, 1437, 1448, 1452, 1467, 1486, 1508, 1517, 1540, 1544, 1585, 1597, 1601, 1603, 1663, 1676, 1780, 1834, 1942, 1944, 1954, 1988, 2020, 2036, 2063, 2072, 2083, 2093, 2106, 2150, 2165, 2167, 2230, 2247, 2302, 2308, 2374, 2399, 2445, 2453, 2463, 2523, 2594, 2605, 2612, 2620, 2623, 2632, 2663, 2677, 2680, 2684, 2696, 2718, 2742, 2747, 2789, 2807, 2811, 2819, 2825, 2837, 2886, 2891, 2898, 2948, 2950, 2978, 2990, 3039, 3041, 3051, 3071, 3098, 3100, 3156, 3173, 3183, 3187, 3195, 3202, 3214, 3297, 3320, 3337, 3362, 3397, 3430, 3443, 3452, 3455, 3461, 3503, 3516, 3529, 3572, 3579, 3603, 3610, 3632, 3651, 3654, 3714, 3756, 3791, 3814, 3818, 3843, 3849, 3856, 3858, 3860, 3887, 3909, 3967, 3980, 3992, 3996, 4011, 4014, 4046, 4091, 4103, 4124, 4150, 4183, 4272, 4280, 4307, 4315, 4330, 4401, 4427, 4445, 4458, 4462, 4474, 4481, 4549, 4554, 4597, 4612, 4686, 4742, 4753, 4780, 4791, 4808, 4846, 4920, 4960, 5026, 5041, 5056, 5061, 5097, 5135, 5163, 5264, 5267, 5313, 5327, 5386, 5424, 5468, 5512, 5587, 5630, 5648, 5712, 5732, 5749, 5754, 5799, 5805, 5843, 5883, 5896, 5912, 5938, 6115, 6121, 6240, 6253, 6258, 6357, 6365, 6378, 6393, 6407, 6601, 6613, 6642, 6656, 6674, 6710, 6712, 6732, 6771, 6822, 6827, 6838, 6892, 6936, 6949, 6963, 6966, 7062, 7109, 7112, 7140, 7181, 7184, 7248, 7262, 7321, 7354, 7361, 7395, 7409, 7430, 7522, 7531, 7556, 7613, 7631, 7686, 7694, 7698, 7702, 7732, 7796, 7816, 7843, 7976, 8009, 8020, 8092, 8096, 8101, 8112, 8182, 8199, 8431, 8443, 8501, 8514, 8569, 8594, 8645, 8715, 8751, 8799, 8858, 9033, 9047, 9051, 9072, 9219, 9252, 9355, 9360, 9399, 9431, 9477, 9486, 9497, 9505, 9507, 9520, 9539, 9566, 9606, 9696, 9717, 9748, 9767, 9829, 9861, 9877, 9907, 9963, 9968, 9998, 10028, 10099, 10101, 10110, 10147, 10270, 10302, 10318, 10348, 10369, 10395, 10397, 10402, 10414, 10423, 10425, 10427, 10463, 10472, 10504, 10507, 10517, 10593, 10612, 10627, 10677, 10696, 10707, 10715, 10728, 10789, 10800, 10841, 10886, 10897, 11026, 11044, 11104, 11127, 11157, 11162, 11166, 11175, 11179, 11201, 11230, 11236, 11268, 11286, 11290, 11299, 11325, 11329, 11349, 11410, 11412, 11438, 11477, 11505, 11533, 11536, 11545, 11580, 11634, 11640, 11649, 11655, 11664, 11668, 11676, 11687, 11723, 11776, 11778, 11795, 11803, 11832, 11845, 11950, 11960, 11962, 11968, 11999, 12012, 12016, 12035, 12060, 12062, 12068, 12103, 12114, 12130, 12138, 12189, 12217, 12219, 12225, 12275, 12281, 12293, 12316, 12328, 12359, 12366, 12416, 12445, 12475, 12480, 12518, 12551, 12581, 12605, 12616, 12626, 12660, 12663, 12687, 12704, 12735, 12760, 12767, 12769, 12773, 12832, 12838, 12847, 12859, 12972, 12992, 13065, 13070, 13092, 13116, 13202, 13221, 13256, 13264, 13291, 13325, 13359, 13384, 13409, 13434, 13459, 13484, 13524, 13530, 13536, 13629, 13634, 13691, 13734, 13828, 13873, 13884, 13888, 13899, 13965, 14006, 14019, 14050, 14064, 14071, 14096, 14124, 14166, 14169, 14172, 14176, 14182, 14241, 14247, 14260, 14282, 14380, 14436, 14517, 14566, 14610, 14642, 14687, 14696, 14717, 14751, 14778, 14793, 14795, 14844, 14874, 14930, 14937, 14942, 14947, 14982, 15032, 15058, 15097, 15103, 15109, 15131, 15148, 15159, 15196, 15204, 15211, 15233, 15245, 15281, 15368, 15387, 15424, 15437, 15464, 15482, 15562, 15565, 15578, 15631, 15637, 15643, 15686, 15734, 15835, 15883, 15921, 15942, 15954, 15995, 16046, 16062, 16084, 16149, 16159, 16174, 16179, 16257, 16269, 16276, 16329, 16404, 16459, 16514, 16538, 16570, 16578, 16580, 16592, 16613, 16673, 16696, 16707, 16795, 16801, 16803, 16818, 16875, 16909, 16916, 16944, 16979, 17116, 17119, 17136, 17164, 17231, 17240, 17262, 17269, 17271, 17276, 17279, 17287, 17313, 17371, 17416, 17435, 17476, 17485, 17498, 17548, 17574, 17618, 17626, 17637, 17647, 17651, 17681, 17708, 17725, 17853, 17884, 17897, 17899, 17915, 17942, 17992, 18039, 18042, 18052, 18111, 18117, 18124, 18126, 18130, 18183, 18205, 18224, 18240, 18274, 18338, 18351, 18394, 18426, 18486, 18499, 18564, 18577, 18656, 18716, 18727, 18730, 18782, 18828, 18872, 18886, 18913, 18934, 18952, 18979, 18990, 19009, 19053, 19083, 19121, 19135, 19180, 19182, 19188, 19220, 19406, 19420, 19427, 19442, 19534, 19556, 19608, 19647, 19663, 19690, 19715, 19750, 19777, 19780, 19793, 19799, 19846, 19858, 19887, 19910, 19952, 19999, 20023, 20036, 20044, 20054, 20062, 20088, 20113, 20130, 20153, 20189, 20233, 20240, 20303, 20309, 20346, 20372, 20382, 20425, 20452, 20454, 20456, 20610, 20615, 20686, 20704, 20706, 20731, 20751, 20761, 20774, 20795, 20837, 20839, 20860, 20883, 20893, 20895, 20975, 20983, 20985, 21052, 21056, 21118, 21123, 21132, 21165, 21209, 21239, 21243, 21261, 21295, 21357, 21414, 21416, 21430, 21579, 21598, 21610, 21622, 21647, 21714, 21719, 21749, 21796, 21801, 21819, 21850, 21909, 21933, 21971, 21987, 22027, 22038, 22057, 22082, 22128, 22130, 22134, 22183, 22190, 22211, 22219, 22269, 22281, 22300, 22316, 22338, 22373, 22387, 22414, 22430, 22451, 22469, 22474, 22479, 22494, 22497, 22514, 22532, 22538, 22586, 22627, 22644, 22655, 22657, 22661, 22719, 22723, 22738, 22766, 22774, 22822, 22851, 22886, 22951, 22956, 22988, 23001, 23027, 23043, 23045, 23092, 23100, 23115, 23136, 23180, 23209, 23218, 23239, 23251, 23273, 23300, 23369, 23431, 23460, 23491, 23501, 23539, 23541, 23594, 23616, 23639, 23665, 23686, 23705, 23726, 23732, 23766, 23783, 23787, 23795, 23833, 23881, 23885, 23897, 23919, 23948, 23950, 23975, 23985, 23999, 24039, 24044, 24121, 24139, 24204, 24207, 24295, 24301, 24319, 24323, 24341, 24345, 24359, 24436, 24441, 24449, 24509, 24515, 24550, 24568, 24686, 24715, 24738, 24742, 24755, 24757, 24776, 24799, 24810, 24894, 24920, 24928, 24942, 24944, 24991, 25026, 25041, 25061, 25069, 25088, 25099, 25198, 25222, 25235, 25251, 25314, 25325, 25330, 25340, 25368, 25385, 25416, 25430, 25437, 25489, 25555, 25560, 25565, 25592, 25600, 25618, 25630, 25643, 25666, 25674, 25707, 25755, 25765, 25777, 25798, 25895, 25932, 25969, 25974, 25999, 26020, 26039, 26082, 26137, 26145, 26219, 26285, 26299, 26313, 26360, 26399, 26407, 26441, 26450, 26529, 26542, 26558, 26578, 26582, 26592, 26596, 26637, 26639, 26649, 26658, 26698, 26701, 26704, 26745, 26757, 26795, 26798, 26816, 26892, 26897, 26909, 26914, 26962, 26969, 26980, 27001, 27028, 27046, 27052, 27074, 27076, 27087, 27132, 27206, 27224, 27228, 27236, 27240, 27263, 27277, 27344, 27370, 27380, 27385, 27420, 27446, 27492, 27522, 27540, 27543, 27546, 27549, 27552, 27591, 27648, 27703, 27729, 27744, 27746, 27761, 27840, 27880, 27884, 27904, 27952, 27985, 27991, 28065, 28071, 28074, 28076, 28115, 28142, 28146, 28192, 28232, 28235, 28250, 28272, 28315, 28350, 28422, 28437, 28489, 28506, 28585, 28592, 28594, 28640, 28649, 28657, 28661, 28679, 28710, 28729, 28742, 28756, 28828, 28850, 28868, 28872, 28877, 28901, 28927, 28996, 29018, 29032, 29042, 29084, 29126, 29131, 29133, 29139, 29159, 29168, 29181, 29232, 29238, 29251, 29257, 29266, 29290, 29345, 29354, 29366, 29394, 29434, 29444, 29466, 29543, 29554, 29606, 29608, 29622, 29629, 29672, 29712, 29722, 29743, 29793, 29821, 29838, 29841, 29854, 29885, 29889, 29899, 29906, 29922, 29972, 29975, 29988, 30041, 30047, 30053, 30063, 30088, 30118, 30127, 30131, 30136, 30149, 30184, 30191, 30195, 30203, 30214, 30218, 30231, 30265, 30272, 30400, 30439, 30452, 30456, 30461, 30475, 30489, 30497, 30509, 30527, 30529, 30582, 30626, 30635, 30637, 30642, 30710, 30733, 30771, 30785, 30809, 30839, 30841, 30854, 30881, 30895, 30937, 30949, 30989, 30998, 31084, 31184, 31281, 31290, 31313, 31332, 31334, 31339, 31346, 31379, 31397, 31414, 31516, 31529, 31572, 31601, 31604, 31644, 31649, 31715, 31721, 31727, 31761, 31769, 31800, 31812, 31833, 31835, 31855, 31883, 31897, 31918, 31928, 31936, 31952, 31967, 32009, 32020, 32024, 32103, 32132, 32142, 32165, 32218, 32269, 32286, 32354, 32399, 32428, 32446, 32450, 32462, 32488, 32567, 32580, 32635, 32659, 32662, 32704, 32775, 32895]","[830, 11325, 16944, 19188, 19442, 21132, 25061, 25314, 28679, 29554]","[7, 48, 92, 109, 114, 149, 197, 311, 319, 329, 331, 333, 346, 352, 365, 394, 399, 429, 485, 526, 549, 553, 568, 583, 585, 587, 589, 591, 593, 595, 597, 599, 616, 620, 631, 654, 669, 671, 712, 724, 731, 760, 787, 799, 811, 869, 906, 927, 943, 1003, 1006, 1036, 1041, 1043, 1048, 1065, 1073, 1083, 1102, 1122, 1139, 1143, 1190, 1218, 1227, 1229, 1282, 1288, 1305, 1318, 1356, 1371, 1375, 1382, 1393, 1404, 1420, 1437, 1448, 1452, 1467, 1486, 1508, 1517, 1540, 1544, 1585, 1597, 1601, 1603, 1663, 1676, 1780, 1834, 1942, 1944, 1954, 1988, 2020, 2036, 2063, 2072, 2083, 2093, 2106, 2150, 2165, 2167, 2230, 2247, 2302, 2308, 2374, 2399, 2445, 2453, 2463, 2523, 2594, 2605, 2612, 2620, 2623, 2632, 2663, 2677, 2680, 2684, 2696, 2718, 2742, 2747, 2789, 2807, 2811, 2819, 2825, 2837, 2886, 2891, 2898, 2948, 2950, 2978, 2990, 3039, 3041, 3051, 3071, 3098, 3100, 3156, 3173, 3183, 3187, 3195, 3202, 3214, 3297, 3320, 3337, 3362, 3397, 3430, 3443, 3452, 3455, 3461, 3503, 3516, 3529, 3572, 3579, 3603, 3610, 3632, 3651, 3654, 3714, 3756, 3791, 3814, 3818, 3843, 3849, 3856, 3858, 3860, 3887, 3909, 3967, 3980, 3992, 3996, 4011, 4014, 4046, 4091, 4103, 4124, 4150, 4183, 4272, 4280, 4307, 4315, 4330, 4401, 4427, 4445, 4458, 4462, 4474, 4481, 4549, 4554, 4597, 4612, 4686, 4742, 4753, 4780, 4791, 4808, 4846, 4920, 4960, 5026, 5041, 5056, 5061, 5097, 5135, 5163, 5264, 5267, 5313, 5327, 5386, 5424, 5468, 5512, 5587, 5630, 5648, 5712, 5732, 5749, 5754, 5799, 5805, 5843, 5883, 5896, 5912, 5938, 6115, 6121, 6240, 6253, 6258, 6357, 6365, 6378, 6393, 6407, 6601, 6613, 6642, 6656, 6674, 6710, 6712, 6732, 6771, 6822, 6827, 6838, 6892, 6936, 6949, 6963, 6966, 7062, 7109, 7112, 7140, 7181, 7184, 7248, 7262, 7321, 7354, 7361, 7395, 7409, 7430, 7522, 7531, 7556, 7613, 7631, 7686, 7694, 7698, 7702, 7732, 7796, 7816, 7843, 7976, 8009, 8020, 8092, 8096, 8101, 8112, 8182, 8199, 8431, 8443, 8501, 8514, 8569, 8594, 8645, 8715, 8751, 8799, 8858, 9033, 9047, 9051, 9072, 9219, 9252, 9355, 9360, 9399, 9431, 9477, 9486, 9497, 9505, 9507, 9520, 9539, 9566, 9606, 9696, 9717, 9748, 9767, 9829, 9861, 9877, 9907, 9963, 9968, 9998, 10028, 10099, 10101, 10110, 10147, 10270, 10302, 10318, 10348, 10369, 10395, 10397, 10402, 10414, 10423, 10425, 10427, 10463, 10472, 10504, 10507, 10517, 10593, 10612, 10627, 10677, 10696, 10707, 10715, 10728, 10789, 10800, 10841, 10886, 10897, 11026, 11044, 11104, 11127, 11157, 11162, 11166, 11175, 11179, 11201, 11230, 11236, 11268, 11286, 11290, 11299, 11329, 11349, 11410, 11412, 11438, 11477, 11505, 11533, 11536, 11545, 11580, 11634, 11640, 11649, 11655, 11664, 11668, 11676, 11687, 11723, 11776, 11778, 11795, 11803, 11832, 11845, 11950, 11960, 11962, 11968, 11999, 12012, 12016, 12035, 12060, 12062, 12068, 12103, 12114, 12130, 12138, 12189, 12217, 12219, 12225, 12275, 12281, 12293, 12316, 12328, 12359, 12366, 12416, 12445, 12475, 12480, 12518, 12551, 12581, 12605, 12616, 12626, 12660, 12663, 12687, 12704, 12735, 12760, 12767, 12769, 12773, 12832, 12838, 12847, 12859, 12972, 12992, 13065, 13070, 13092, 13116, 13202, 13221, 13256, 13264, 13291, 13325, 13359, 13384, 13409, 13434, 13459, 13484, 13524, 13530, 13536, 13629, 13634, 13691, 13734, 13828, 13873, 13884, 13888, 13899, 13965, 14006, 14019, 14050, 14064, 14071, 14096, 14124, 14166, 14169, 14172, 14176, 14182, 14241, 14247, 14260, 14282, 14380, 14436, 14517, 14566, 14610, 14642, 14687, 14696, 14717, 14751, 14778, 14793, 14795, 14844, 14874, 14930, 14937, 14942, 14947, 14982, 15032, 15058, 15097, 15103, 15109, 15131, 15148, 15159, 15196, 15204, 15211, 15233, 15245, 15281, 15368, 15387, 15424, 15437, 15464, 15482, 15562, 15565, 15578, 15631, 15637, 15643, 15686, 15734, 15835, 15883, 15921, 15942, 15954, 15995, 16046, 16062, 16084, 16149, 16159, 16174, 16179, 16257, 16269, 16276, 16329, 16404, 16459, 16514, 16538, 16570, 16578, 16580, 16592, 16613, 16673, 16696, 16707, 16795, 16801, 16803, 16818, 16875, 16909, 16916, 16979, 17116, 17119, 17136, 17164, 17231, 17240, 17262, 17269, 17271, 17276, 17279, 17287, 17313, 17371, 17416, 17435, 17476, 17485, 17498, 17548, 17574, 17618, 17626, 17637, 17647, 17651, 17681, 17708, 17725, 17853, 17884, 17897, 17899, 17915, 17942, 17992, 18039, 18042, 18052, 18111, 18117, 18124, 18126, 18130, 18183, 18205, 18224, 18240, 18274, 18338, 18351, 18394, 18426, 18486, 18499, 18564, 18577, 18656, 18716, 18727, 18730, 18782, 18828, 18872, 18886, 18913, 18934, 18952, 18979, 18990, 19009, 19053, 19083, 19121, 19135, 19180, 19182, 19220, 19406, 19420, 19427, 19534, 19556, 19608, 19647, 19663, 19690, 19715, 19750, 19777, 19780, 19793, 19799, 19846, 19858, 19887, 19910, 19952, 19999, 20023, 20036, 20044, 20054, 20062, 20088, 20113, 20130, 20153, 20189, 20233, 20240, 20303, 20309, 20346, 20372, 20382, 20425, 20452, 20454, 20456, 20610, 20615, 20686, 20704, 20706, 20731, 20751, 20761, 20774, 20795, 20837, 20839, 20860, 20883, 20893, 20895, 20975, 20983, 20985, 21052, 21056, 21118, 21123, 21165, 21209, 21239, 21243, 21261, 21295, 21357, 21414, 21416, 21430, 21579, 21598, 21610, 21622, 21647, 21714, 21719, 21749, 21796, 21801, 21819, 21850, 21909, 21933, 21971, 21987, 22027, 22038, 22057, 22082, 22128, 22130, 22134, 22183, 22190, 22211, 22219, 22269, 22281, 22300, 22316, 22338, 22373, 22387, 22414, 22430, 22451, 22469, 22474, 22479, 22494, 22497, 22514, 22532, 22538, 22586, 22627, 22644, 22655, 22657, 22661, 22719, 22723, 22738, 22766, 22774, 22822, 22851, 22886, 22951, 22956, 22988, 23001, 23027, 23043, 23045, 23092, 23100, 23115, 23136, 23180, 23209, 23218, 23239, 23251, 23273, 23300, 23369, 23431, 23460, 23491, 23501, 23539, 23541, 23594, 23616, 23639, 23665, 23686, 23705, 23726, 23732, 23766, 23783, 23787, 23795, 23833, 23881, 23885, 23897, 23919, 23948, 23950, 23975, 23985, 23999, 24039, 24044, 24121, 24139, 24204, 24207, 24295, 24301, 24319, 24323, 24341, 24345, 24359, 24436, 24441, 24449, 24509, 24515, 24550, 24568, 24686, 24715, 24738, 24742, 24755, 24757, 24776, 24799, 24810, 24894, 24920, 24928, 24942, 24944, 24991, 25026, 25041, 25069, 25088, 25099, 25198, 25222, 25235, 25251, 25325, 25330, 25340, 25368, 25385, 25416, 25430, 25437, 25489, 25555, 25560, 25565, 25592, 25600, 25618, 25630, 25643, 25666, 25674, 25707, 25755, 25765, 25777, 25798, 25895, 25932, 25969, 25974, 25999, 26020, 26039, 26082, 26137, 26145, 26219, 26285, 26299, 26313, 26360, 26399, 26407, 26441, 26450, 26529, 26542, 26558, 26578, 26582, 26592, 26596, 26637, 26639, 26649, 26658, 26698, 26701, 26704, 26745, 26757, 26795, 26798, 26816, 26892, 26897, 26909, 26914, 26962, 26969, 26980, 27001, 27028, 27046, 27052, 27074, 27076, 27087, 27132, 27206, 27224, 27228, 27236, 27240, 27263, 27277, 27344, 27370, 27380, 27385, 27420, 27446, 27492, 27522, 27540, 27543, 27546, 27549, 27552, 27591, 27648, 27703, 27729, 27744, 27746, 27761, 27840, 27880, 27884, 27904, 27952, 27985, 27991, 28065, 28071, 28074, 28076, 28115, 28142, 28146, 28192, 28232, 28235, 28250, 28272, 28315, 28350, 28422, 28437, 28489, 28506, 28585, 28592, 28594, 28640, 28649, 28657, 28661, 28710, 28729, 28742, 28756, 28828, 28850, 28868, 28872, 28877, 28901, 28927, 28996, 29018, 29032, 29042, 29084, 29126, 29131, 29133, 29139, 29159, 29168, 29181, 29232, 29238, 29251, 29257, 29266, 29290, 29345, 29354, 29366, 29394, 29434, 29444, 29466, 29543, 29606, 29608, 29622, 29629, 29672, 29712, 29722, 29743, 29793, 29821, 29838, 29841, 29854, 29885, 29889, 29899, 29906, 29922, 29972, 29975, 29988, 30041, 30047, 30053, 30063, 30088, 30118, 30127, 30131, 30136, 30149, 30184, 30191, 30195, 30203, 30214, 30218, 30231, 30265, 30272, 30400, 30439, 30452, 30456, 30461, 30475, 30489, 30497, 30509, 30527, 30529, 30582, 30626, 30635, 30637, 30642, 30710, 30733, 30771, 30785, 30809, 30839, 30841, 30854, 30881, 30895, 30937, 30949, 30989, 30998, 31084, 31184, 31281, 31290, 31313, 31332, 31334, 31339, 31346, 31379, 31397, 31414, 31516, 31529, 31572, 31601, 31604, 31644, 31649, 31715, 31721, 31727, 31761, 31769, 31800, 31812, 31833, 31835, 31855, 31883, 31897, 31918, 31928, 31936, 31952, 31967, 32009, 32020, 32024, 32103, 32132, 32142, 32165, 32218, 32269, 32286, 32354, 32399, 32428, 32446, 32450, 32462, 32488, 32567, 32580, 32635, 32659, 32662, 32704, 32775, 32895]","[830, 11325, 16944, 19188, 19442, 21132, 25061, 25314, 28679, 29554]",32898,1235,31663,10,1225,31663,0
-1.5,HSIFNG,"[15, 22, 33, 55, 63, 91, 93, 98, 104, 136, 149, 161, 283, 293, 318, 343, 556, 589, 593, 609, 615, 622, 650, 679, 702, 777, 781, 835, 867, 885, 899, 924, 955, 976, 1002, 1011, 1047, 1064, 1101, 1106, 1182, 1219, 1382, 1406, 1434, 1440, 1453, 1469, 1479, 1484, 1508, 1571, 1595, 1614, 1695, 1730, 1798, 1835, 1846, 1897, 1970, 1974, 1996, 2083, 2085, 2112, 2175, 2201, 2216, 2244, 2324, 2330, 2347, 2364, 2368, 2373, 2392, 2403, 2413, 2431, 2442, 2446, 2464, 2535, 2557, 2577, 2612, 2665, 2677, 2771, 2794, 2817, 2843, 2849, 2853, 2982, 3021, 3093, 3134, 3167, 3213, 3252, 3262, 3299, 3302, 3350, 3372, 3460, 3463, 3516, 3572, 3602, 3628, 3631, 3636, 3667, 3690, 3736, 3742, 3756, 3786, 3833, 3860, 3950, 3962, 3979, 3996, 4002, 4025, 4075, 4086, 4115, 4168, 4175, 4187, 4206, 4259, 4264, 4278, 4376, 4392, 4429, 4435, 4463, 4472, 4482, 4490, 4600, 4648, 4662, 4697, 4715, 4731, 4737, 4839, 4862, 4891, 4916, 4966, 5027, 5030, 5070, 5075, 5098, 5127, 5142, 5160, 5162, 5167, 5211, 5236, 5242, 5257, 5303, 5305, 5328, 5330, 5346, 5358, 5385, 5409, 5433, 5445, 5448, 5471, 5490, 5555, 5570, 5688, 5694, 5699, 5702, 5706, 5708, 5744, 5759, 5762, 5764, 5783, 5810, 5831, 5853, 5892, 5910, 5918]","[589, 1897, 2175]","[15, 22, 33, 55, 63, 91, 93, 98, 104, 136, 149, 161, 283, 293, 318, 343, 556, 593, 609, 615, 622, 650, 679, 702, 777, 781, 835, 867, 885, 899, 924, 955, 976, 1002, 1011, 1047, 1064, 1101, 1106, 1182, 1219, 1382, 1406, 1434, 1440, 1453, 1469, 1479, 1484, 1508, 1571, 1595, 1614, 1695, 1730, 1798, 1835, 1846, 1970, 1974, 1996, 2083, 2085, 2112, 2201, 2216, 2244, 2324, 2330, 2347, 2364, 2368, 2373, 2392, 2403, 2413, 2431, 2442, 2446, 2464, 2535, 2557, 2577, 2612, 2665, 2677, 2771, 2794, 2817, 2843, 2849, 2853, 2982, 3021, 3093, 3134, 3167, 3213, 3252, 3262, 3299, 3302, 3350, 3372, 3460, 3463, 3516, 3572, 3602, 3628, 3631, 3636, 3667, 3690, 3736, 3742, 3756, 3786, 3833, 3860, 3950, 3962, 3979, 3996, 4002, 4025, 4075, 4086, 4115, 4168, 4175, 4187, 4206, 4259, 4264, 4278, 4376, 4392, 4429, 4435, 4463, 4472, 4482, 4490, 4600, 4648, 4662, 4697, 4715, 4731, 4737, 4839, 4862, 4891, 4916, 4966, 5027, 5030, 5070, 5075, 5098, 5127, 5142, 5160, 5162, 5167, 5211, 5236, 5242, 5257, 5303, 5305, 5328, 5330, 5346, 5358, 5385, 5409, 5433, 5445, 5448, 5471, 5490, 5555, 5570, 5688, 5694, 5699, 5702, 5706, 5708, 5744, 5759, 5762, 5764, 5783, 5810, 5831, 5853, 5892, 5910, 5918]","[589, 1897, 2175]",5953,205,5748,3,202,5748,0
-1.5,HSIL1AG,"[15, 20, 48, 50, 53, 62, 93, 332, 465, 470, 535, 566, 620, 730, 748, 762, 805, 826, 848, 916, 980, 998, 1188, 1213, 1299, 1347, 1375, 1383, 1473, 1479, 1489, 1518, 1612, 1617, 1621, 1637, 1730, 1830, 1852, 1855, 1863, 1915, 1987, 2038, 2130, 2137, 2155, 2181, 2208, 2231, 2245, 2281, 2310, 2313, 2321, 2323, 2337, 2347, 2384, 2441, 2595, 2630, 2641, 2703, 2706, 2730, 2759, 2783, 2797, 2802, 2804, 2823, 2840, 2914, 2949, 2992, 3019, 3025, 3054, 3065, 3067, 3071, 3073, 3075, 3094, 3103, 3165, 3215, 3229, 3260, 3263, 3356, 3391, 3474, 3519, 3521, 3535, 3540, 3576, 3586, 3631, 3670, 3698, 3708, 3719, 3749, 3939, 4118, 4160, 4170, 4220, 4223, 4226, 4244, 4261, 4326, 4333, 4373, 4382, 4406, 4411, 4447, 4503, 4554, 4560, 4563, 4565, 4593, 4646, 4651, 4667, 4687, 4729, 4835, 4840, 4847, 4864, 4918, 4943, 4948, 4987, 5019, 5066, 5075, 5094, 5097, 5111, 5138, 5155, 5318, 5343, 5347, 5383, 5397, 5419, 5502, 5512, 5548, 5552, 5580, 5620, 5691, 5710, 5754, 5811, 5839, 5855, 5874, 5918, 5926, 5953, 5965, 5969, 6002, 6116, 6189, 6193, 6203, 6205, 6216, 6218, 6222, 6246, 6255, 6278, 6306, 6370, 6392, 6433, 6543, 6611, 6662, 6669, 6672, 6691, 6750, 6821, 6842, 6888, 7002, 7020, 7171, 7173, 7177, 7216, 7224, 7271, 7300, 7384, 7388, 7410, 7430, 7432, 7457, 7462, 7496, 7562, 7589, 7604, 7608, 7610, 7622, 7639, 7666, 7681, 7814, 7830, 7868, 7897, 7901, 7928, 7940, 7986, 7990, 8025, 8095, 8132, 8271, 8413, 8510, 8514, 8526, 8530, 8559, 8570, 8580, 8601, 8615, 8623, 8673, 8689, 8701, 8703, 8710, 8713, 8828, 8846, 8854, 8870, 8873, 8891, 8922, 8928, 8931, 8943, 8968, 8974, 8977, 8989, 9014, 9020, 9023, 9035, 9060, 9066, 9069, 9081, 9106, 9112, 9115, 9140, 9174, 9255, 9290, 9313, 9323, 9411, 9422, 9431, 9436, 9449, 9473, 9539, 9554, 9605, 9685, 9719, 9733, 9771, 9775, 9779, 9781, 9783, 9785, 9789, 9793, 9795, 9797, 9799, 9801, 9844, 9875, 9926, 10013, 10122, 10173, 10193, 10196, 10321, 10324, 10428, 10430, 10487, 10491, 10516, 10521, 10538, 10545, 10572, 10592, 10604, 10633, 10639, 10697, 10887, 11029, 11038, 11115, 11181, 11183, 11213, 11229, 11268, 11271, 11306, 11321, 11338, 11360, 11367, 11518, 11550, 11587, 11686, 11703, 11725, 11782, 11793, 11831, 11868, 11936, 11949]","[2208, 3215, 4326, 6433, 7940]","[15, 20, 48, 50, 53, 62, 93, 332, 465, 470, 535, 566, 620, 730, 748, 762, 805, 826, 848, 916, 980, 998, 1188, 1213, 1299, 1347, 1375, 1383, 1473, 1479, 1489, 1518, 1612, 1617, 1621, 1637, 1730, 1830, 1852, 1855, 1863, 1915, 1987, 2038, 2130, 2137, 2155, 2181, 2231, 2245, 2281, 2310, 2313, 2321, 2323, 2337, 2347, 2384, 2441, 2595, 2630, 2641, 2703, 2706, 2730, 2759, 2783, 2797, 2802, 2804, 2823, 2840, 2914, 2949, 2992, 3019, 3025, 3054, 3065, 3067, 3071, 3073, 3075, 3094, 3103, 3165, 3229, 3260, 3263, 3356, 3391, 3474, 3519, 3521, 3535, 3540, 3576, 3586, 3631, 3670, 3698, 3708, 3719, 3749, 3939, 4118, 4160, 4170, 4220, 4223, 4226, 4244, 4261, 4333, 4373, 4382, 4406, 4411, 4447, 4503, 4554, 4560, 4563, 4565, 4593, 4646, 4651, 4667, 4687, 4729, 4835, 4840, 4847, 4864, 4918, 4943, 4948, 4987, 5019, 5066, 5075, 5094, 5097, 5111, 5138, 5155, 5318, 5343, 5347, 5383, 5397, 5419, 5502, 5512, 5548, 5552, 5580, 5620, 5691, 5710, 5754, 5811, 5839, 5855, 5874, 5918, 5926, 5953, 5965, 5969, 6002, 6116, 6189, 6193, 6203, 6205, 6216, 6218, 6222, 6246, 6255, 6278, 6306, 6370, 6392, 6543, 6611, 6662, 6669, 6672, 6691, 6750, 6821, 6842, 6888, 7002, 7020, 7171, 7173, 7177, 7216, 7224, 7271, 7300, 7384, 7388, 7410, 7430, 7432, 7457, 7462, 7496, 7562, 7589, 7604, 7608, 7610, 7622, 7639, 7666, 7681, 7814, 7830, 7868, 7897, 7901, 7928, 7986, 7990, 8025, 8095, 8132, 8271, 8413, 8510, 8514, 8526, 8530, 8559, 8570, 8580, 8601, 8615, 8623, 8673, 8689, 8701, 8703, 8710, 8713, 8828, 8846, 8854, 8870, 8873, 8891, 8922, 8928, 8931, 8943, 8968, 8974, 8977, 8989, 9014, 9020, 9023, 9035, 9060, 9066, 9069, 9081, 9106, 9112, 9115, 9140, 9174, 9255, 9290, 9313, 9323, 9411, 9422, 9431, 9436, 9449, 9473, 9539, 9554, 9605, 9685, 9719, 9733, 9771, 9775, 9779, 9781, 9783, 9785, 9789, 9793, 9795, 9797, 9799, 9801, 9844, 9875, 9926, 10013, 10122, 10173, 10193, 10196, 10321, 10324, 10428, 10430, 10487, 10491, 10516, 10521, 10538, 10545, 10572, 10592, 10604, 10633, 10639, 10697, 10887, 11029, 11038, 11115, 11181, 11183, 11213, 11229, 11268, 11271, 11306, 11321, 11338, 11360, 11367, 11518, 11550, 11587, 11686, 11703, 11725, 11782, 11793, 11831, 11868, 11936, 11949]","[2208, 3215, 4326, 6433, 7940]",11962,361,11601,5,356,11601,0
-1.5,HSIL1B,"[74, 101, 104, 117, 126, 215, 283, 317, 410, 428, 517, 567, 583, 638, 649, 661, 680, 693, 735, 767, 810, 821, 827, 865, 867, 905, 935, 965, 983, 1002, 1101, 1109, 1134, 1245, 1268, 1281, 1291, 1294, 1296, 1313, 1327, 1352, 1379, 1446, 1497, 1515, 1519, 1541, 1551, 1565, 1569, 1575, 1585, 1587, 1636, 1649, 1659, 1683, 1710, 1728, 1736, 1845, 1855, 2006, 2034, 2069, 2073, 2165, 2167, 2240, 2288, 2294, 2299, 2422, 2428, 2439, 2466, 2490, 2506, 2528, 2532, 2550, 2563, 2579, 2593, 2634, 2646, 2653, 2724, 2804, 2806, 2861, 2894, 2949, 2963, 2992, 3013, 3018, 3023, 3091, 3144, 3235, 3269, 3309, 3326, 3339, 3343, 3346, 3349, 3362, 3365, 3379, 3382, 3404, 3540, 3565, 3644, 3659, 3764, 3792, 3866, 3879, 3903, 3910, 3916, 3956, 3960, 4058, 4079, 4166, 4178, 4234, 4273, 4276, 4293, 4329, 4357, 4359, 4383, 4393, 4406, 4412, 4439, 4441, 4477, 4485, 4490, 4492, 4496, 4505, 4522, 4554, 4559, 4587, 4604, 4606, 4616, 4741, 4746, 4749, 4833, 4862, 4871, 4882, 4892, 4905, 4952, 5064, 5075, 5124, 5220, 5260, 5327, 5330, 5348, 5362, 5427, 5584, 5588, 5599, 5635, 5657, 5664, 5700, 5705, 5710, 5749, 5771, 5783, 5858, 5912, 5927, 5975, 5980, 6039, 6057, 6110, 6117, 6145, 6216, 6234, 6236, 6289, 6303, 6308, 6332, 6361, 6399, 6415, 6476, 6479, 6486, 6530, 6550, 6555, 6573, 6576, 6593, 6601, 6624, 6626, 6725, 6728, 6734, 6764, 6787, 6876, 6896, 6950, 6973, 7017, 7117, 7121, 7128, 7141, 7166, 7170, 7196, 7219, 7225, 7240, 7274, 7277, 7295, 7311, 7328, 7357, 7370, 7406, 7410, 7512, 7525, 7538, 7568, 7659, 7711, 7792, 7798, 7849, 7979, 8005, 8022, 8033, 8128, 8130, 8216, 8237, 8348, 8364, 8373, 8414, 8422, 8482, 8520, 8701, 8705, 8750, 8756, 8758, 8762, 8812, 8814, 8918, 8956, 8976, 8995, 9010, 9049, 9058, 9140, 9180, 9190, 9193, 9251, 9267, 9284, 9336, 9348, 9353, 9376, 9464, 9466, 9470, 9479, 9497, 9556, 9627, 9692, 9716]","[2528, 3144, 5327, 6039, 7406]","[74, 101, 104, 117, 126, 215, 283, 317, 410, 428, 517, 567, 583, 638, 649, 661, 680, 693, 735, 767, 810, 821, 827, 865, 867, 905, 935, 965, 983, 1002, 1101, 1109, 1134, 1245, 1268, 1281, 1291, 1294, 1296, 1313, 1327, 1352, 1379, 1446, 1497, 1515, 1519, 1541, 1551, 1565, 1569, 1575, 1585, 1587, 1636, 1649, 1659, 1683, 1710, 1728, 1736, 1845, 1855, 2006, 2034, 2069, 2073, 2165, 2167, 2240, 2288, 2294, 2299, 2422, 2428, 2439, 2466, 2490, 2506, 2532, 2550, 2563, 2579, 2593, 2634, 2646, 2653, 2724, 2804, 2806, 2861, 2894, 2949, 2963, 2992, 3013, 3018, 3023, 3091, 3235, 3269, 3309, 3326, 3339, 3343, 3346, 3349, 3362, 3365, 3379, 3382, 3404, 3540, 3565, 3644, 3659, 3764, 3792, 3866, 3879, 3903, 3910, 3916, 3956, 3960, 4058, 4079, 4166, 4178, 4234, 4273, 4276, 4293, 4329, 4357, 4359, 4383, 4393, 4406, 4412, 4439, 4441, 4477, 4485, 4490, 4492, 4496, 4505, 4522, 4554, 4559, 4587, 4604, 4606, 4616, 4741, 4746, 4749, 4833, 4862, 4871, 4882, 4892, 4905, 4952, 5064, 5075, 5124, 5220, 5260, 5330, 5348, 5362, 5427, 5584, 5588, 5599, 5635, 5657, 5664, 5700, 5705, 5710, 5749, 5771, 5783, 5858, 5912, 5927, 5975, 5980, 6057, 6110, 6117, 6145, 6216, 6234, 6236, 6289, 6303, 6308, 6332, 6361, 6399, 6415, 6476, 6479, 6486, 6530, 6550, 6555, 6573, 6576, 6593, 6601, 6624, 6626, 6725, 6728, 6734, 6764, 6787, 6876, 6896, 6950, 6973, 7017, 7117, 7121, 7128, 7141, 7166, 7170, 7196, 7219, 7225, 7240, 7274, 7277, 7295, 7311, 7328, 7357, 7370, 7410, 7512, 7525, 7538, 7568, 7659, 7711, 7792, 7798, 7849, 7979, 8005, 8022, 8033, 8128, 8130, 8216, 8237, 8348, 8364, 8373, 8414, 8422, 8482, 8520, 8701, 8705, 8750, 8756, 8758, 8762, 8812, 8814, 8918, 8956, 8976, 8995, 9010, 9049, 9058, 9140, 9180, 9190, 9193, 9251, 9267, 9284, 9336, 9348, 9353, 9376, 9464, 9466, 9470, 9479, 9497, 9556, 9627, 9692, 9716]","[2528, 3144, 5327, 6039, 7406]",9703,309,9394,5,304,9394,0
-1.5,HSINT2,"[47, 54, 58, 60, 181, 221, 253, 257, 318, 349, 384, 410, 439, 477, 516, 531, 533, 626, 637, 698, 719, 814, 860, 1007, 1030, 1094, 1125, 1156, 1160, 1204, 1263, 1285, 1296, 1313, 1347, 1367, 1392, 1425, 1448, 1454, 1465, 1478, 1562, 1564, 1689, 1743, 1833, 1848, 1856, 1879, 1899, 1965, 1982, 1996, 2070, 2079, 2090, 2113, 2157, 2173, 2267, 2280, 2291, 2297, 2329, 2383, 2385, 2439, 2449, 2460, 2467, 2561, 2564, 2572, 2576, 2589, 2629, 2698, 2733, 2735, 2788, 2792, 2828, 2855, 2867, 2887, 2909, 2939, 3009, 3073, 3089, 3120, 3124, 3150, 3155, 3178, 3189, 3197, 3205, 3230, 3277, 3282, 3323, 3328, 3330, 3332, 3361, 3363, 3405, 3420, 3445, 3465, 3471, 3480, 3493, 3509, 3549, 3562, 3567, 3571, 3586, 3592, 3627, 3634, 3653, 3704, 3717, 3719, 3723, 3742, 3790, 3800, 3841, 3859, 3992, 4108, 4110, 4123, 4136, 4140, 4167, 4173, 4189, 4200, 4273, 4288, 4327, 4432, 4469, 4880, 4884, 4898, 4900, 4923, 4993, 4996, 5020, 5054, 5098, 5111, 5128, 5135, 5178, 5198, 5235, 5237, 5256, 5327, 5335, 5361, 5386, 5500, 5517, 5691, 6386, 6390, 6410, 6426, 6432, 6546, 6570, 6581, 6631, 6694, 6727, 6755, 6782, 6809, 6819, 6824, 6835, 6837, 6857, 6884, 6935, 6954, 6966, 6968, 7058, 7074, 7188, 7219, 7226, 7228, 7230, 7235, 7243, 7297, 7303, 7336, 7341, 7398, 7408, 7422, 7476, 7506, 7543, 7564, 7590, 7600, 7615, 7620, 7752, 7796, 7816, 7837, 7863, 7883, 7887, 7986, 7990, 7992, 8020, 8039, 8082, 8109, 8129, 8132, 8172, 8178, 8196, 8227, 8232, 8276, 8289, 8335, 8358, 8449, 8481, 8486, 8525, 8531, 8557, 8569, 8604, 8613, 8624, 8634, 8647, 8668, 8722, 8759, 8836, 8849, 8887, 8889, 8920, 8934, 8967, 8973, 9056, 9058, 9072, 9082, 9214, 9220, 9224, 9256, 9271, 9281, 9288, 9328, 9331, 9337, 9341, 9416, 9443, 9459, 9480, 9545, 9582, 9602, 9637, 9692, 9733, 9738, 9760, 9800, 9804, 9808, 9810, 9840, 9886, 9888, 9917, 9937, 9942, 9949, 9989, 10034, 10085, 10103, 10113, 10131, 10152, 10156, 10162, 10164, 10166, 10173, 10175, 10177, 10179, 10181, 10185, 10200, 10202, 10216, 10220, 10222, 10228, 10232, 10236, 10238, 10248, 10255, 10261, 10263, 10273, 10277, 10279, 10281, 10283, 10295, 10299, 10307, 10309, 10314, 10316, 10318, 10320, 10322, 10326, 10328, 10330, 10332, 10334, 10336, 10338, 10340, 10342, 10344, 10346, 10348, 10350, 10352, 10354, 10419, 10421, 10451, 10453, 10458, 10509, 10533, 10559, 10584, 10620, 10644, 10663, 10665, 10702, 10708, 10736, 10775, 10805, 10820, 10835, 10865, 10871, 10895, 10943, 10947, 10994, 10996, 11007, 11019, 11044, 11125, 11129, 11148, 11230, 11253, 11260, 11281, 11296, 11327, 11351, 11375, 11383, 11425, 11427, 11429, 11433, 11442, 11500, 11512, 11532, 11551, 11562, 11573, 11596]","[1156, 3549]","[47, 54, 58, 60, 181, 221, 253, 257, 318, 349, 384, 410, 439, 477, 516, 531, 533, 626, 637, 698, 719, 814, 860, 1007, 1030, 1094, 1125, 1160, 1204, 1263, 1285, 1296, 1313, 1347, 1367, 1392, 1425, 1448, 1454, 1465, 1478, 1562, 1564, 1689, 1743, 1833, 1848, 1856, 1879, 1899, 1965, 1982, 1996, 2070, 2079, 2090, 2113, 2157, 2173, 2267, 2280, 2291, 2297, 2329, 2383, 2385, 2439, 2449, 2460, 2467, 2561, 2564, 2572, 2576, 2589, 2629, 2698, 2733, 2735, 2788, 2792, 2828, 2855, 2867, 2887, 2909, 2939, 3009, 3073, 3089, 3120, 3124, 3150, 3155, 3178, 3189, 3197, 3205, 3230, 3277, 3282, 3323, 3328, 3330, 3332, 3361, 3363, 3405, 3420, 3445, 3465, 3471, 3480, 3493, 3509, 3562, 3567, 3571, 3586, 3592, 3627, 3634, 3653, 3704, 3717, 3719, 3723, 3742, 3790, 3800, 3841, 3859, 3992, 4108, 4110, 4123, 4136, 4140, 4167, 4173, 4189, 4200, 4273, 4288, 4327, 4432, 4469, 4880, 4884, 4898, 4900, 4923, 4993, 4996, 5020, 5054, 5098, 5111, 5128, 5135, 5178, 5198, 5235, 5237, 5256, 5327, 5335, 5361, 5386, 5500, 5517, 5691, 6386, 6390, 6410, 6426, 6432, 6546, 6570, 6581, 6631, 6694, 6727, 6755, 6782, 6809, 6819, 6824, 6835, 6837, 6857, 6884, 6935, 6954, 6966, 6968, 7058, 7074, 7188, 7219, 7226, 7228, 7230, 7235, 7243, 7297, 7303, 7336, 7341, 7398, 7408, 7422, 7476, 7506, 7543, 7564, 7590, 7600, 7615, 7620, 7752, 7796, 7816, 7837, 7863, 7883, 7887, 7986, 7990, 7992, 8020, 8039, 8082, 8109, 8129, 8132, 8172, 8178, 8196, 8227, 8232, 8276, 8289, 8335, 8358, 8449, 8481, 8486, 8525, 8531, 8557, 8569, 8604, 8613, 8624, 8634, 8647, 8668, 8722, 8759, 8836, 8849, 8887, 8889, 8920, 8934, 8967, 8973, 9056, 9058, 9072, 9082, 9214, 9220, 9224, 9256, 9271, 9281, 9288, 9328, 9331, 9337, 9341, 9416, 9443, 9459, 9480, 9545, 9582, 9602, 9637, 9692, 9733, 9738, 9760, 9800, 9804, 9808, 9810, 9840, 9886, 9888, 9917, 9937, 9942, 9949, 9989, 10034, 10085, 10103, 10113, 10131, 10152, 10156, 10162, 10164, 10166, 10173, 10175, 10177, 10179, 10181, 10185, 10200, 10202, 10216, 10220, 10222, 10228, 10232, 10236, 10238, 10248, 10255, 10261, 10263, 10273, 10277, 10279, 10281, 10283, 10295, 10299, 10307, 10309, 10314, 10316, 10318, 10320, 10322, 10326, 10328, 10330, 10332, 10334, 10336, 10338, 10340, 10342, 10344, 10346, 10348, 10350, 10352, 10354, 10419, 10421, 10451, 10453, 10458, 10509, 10533, 10559, 10584, 10620, 10644, 10663, 10665, 10702, 10708, 10736, 10775, 10805, 10820, 10835, 10865, 10871, 10895, 10943, 10947, 10994, 10996, 11007, 11019, 11044, 11125, 11129, 11148, 11230, 11253, 11260, 11281, 11296, 11327, 11351, 11375, 11383, 11425, 11427, 11429, 11433, 11442, 11500, 11512, 11532, 11551, 11562, 11573, 11596]","[1156, 3549]",11600,421,11179,2,419,11179,0
-1.5,HSL7A,"[9, 31, 79, 105, 107, 122, 199, 225, 229, 242, 255, 291, 378, 405, 420, 467, 537, 556, 645, 696, 792, 807, 1045, 1055, 1058, 1077, 1090, 1133, 1140, 1165, 1207, 1223, 1282, 1288, 1369, 1402, 1408, 1430, 1443, 1524, 1552, 1559, 1601, 1605, 1623, 1625, 1789, 1805, 1808, 1813, 1840, 1894, 1907, 1983, 1989, 2073, 2077, 2084, 2092, 2108, 2117, 2193, 2195, 2214, 2234, 2236, 2250, 2302, 2317, 2340, 2361, 2370, 2398, 2409, 2470, 2477, 2488, 2508, 2511, 2544, 2564, 2576, 2589, 2597, 2600, 2610, 2646, 2651, 2706, 2718, 2776, 2797, 2821, 2824, 2835, 2867, 2871, 2895, 2918, 2921, 2929, 2937, 2944, 2954, 2958, 2960, 2965, 2968, 3065, 3103, 3108, 3114, 3127, 3149, 3156, 3174, 3194, 3211, 3213, 3217, 3219, 3230, 3259, 3310, 3354, 3413, 3436, 3476, 3525, 3530, 3535, 3540, 3598, 3623, 3686, 3726, 3768, 3807, 3881, 3886, 3905, 3942, 3981, 4007, 4034, 4052, 4056, 4067, 4070, 4073, 4095, 4107, 4131, 4134, 4149, 4164, 4168, 4205, 4221, 4237, 4241, 4255, 4259, 4268, 4293, 4310, 4339, 4405, 4444, 4464, 4469, 4520, 4549, 4564, 4572, 4576, 4705, 4723, 4735, 4738, 4781, 4877, 4919, 4947, 5073, 5116, 5125, 5147, 5151, 5158, 5209, 5216, 5223, 5235, 5278, 5280, 5289, 5298, 5315, 5323, 5366, 5371, 5374, 5376, 5381, 5405, 5463, 5474, 5484, 5497]","[2073, 2867, 3525, 3881, 4164, 4572, 4919]","[9, 31, 79, 105, 107, 122, 199, 225, 229, 242, 255, 291, 378, 405, 420, 467, 537, 556, 645, 696, 792, 807, 1045, 1055, 1058, 1077, 1090, 1133, 1140, 1165, 1207, 1223, 1282, 1288, 1369, 1402, 1408, 1430, 1443, 1524, 1552, 1559, 1601, 1605, 1623, 1625, 1789, 1805, 1808, 1813, 1840, 1894, 1907, 1983, 1989, 2077, 2084, 2092, 2108, 2117, 2193, 2195, 2214, 2234, 2236, 2250, 2302, 2317, 2340, 2361, 2370, 2398, 2409, 2470, 2477, 2488, 2508, 2511, 2544, 2564, 2576, 2589, 2597, 2600, 2610, 2646, 2651, 2706, 2718, 2776, 2797, 2821, 2824, 2835, 2871, 2895, 2918, 2921, 2929, 2937, 2944, 2954, 2958, 2960, 2965, 2968, 3065, 3103, 3108, 3114, 3127, 3149, 3156, 3174, 3194, 3211, 3213, 3217, 3219, 3230, 3259, 3310, 3354, 3413, 3436, 3476, 3530, 3535, 3540, 3598, 3623, 3686, 3726, 3768, 3807, 3886, 3905, 3942, 3981, 4007, 4034, 4052, 4056, 4067, 4070, 4073, 4095, 4107, 4131, 4134, 4149, 4168, 4205, 4221, 4237, 4241, 4255, 4259, 4268, 4293, 4310, 4339, 4405, 4444, 4464, 4469, 4520, 4549, 4564, 4576, 4705, 4723, 4735, 4738, 4781, 4877, 4947, 5073, 5116, 5125, 5147, 5151, 5158, 5209, 5216, 5223, 5235, 5278, 5280, 5289, 5298, 5315, 5323, 5366, 5371, 5374, 5376, 5381, 5405, 5463, 5474, 5484, 5497]","[2073, 2867, 3525, 3881, 4164, 4572, 4919]",5498,210,5288,7,203,5288,0
-1.5,HSLCATG,"[24, 48, 53, 57, 64, 67, 73, 104, 114, 130, 154, 157, 164, 236, 284, 289, 304, 333, 361, 372, 377, 433, 441, 466, 598, 600, 697, 801, 819, 863, 867, 924, 964, 981, 991, 1105, 1117, 1119, 1178, 1211, 1223, 1225, 1234, 1258, 1261, 1352, 1462, 1464, 1485, 1574, 1576, 1590, 1594, 1596, 1603, 1613, 1620, 1629, 1636, 1640, 1645, 1663, 1672, 1678, 1704, 1723, 1774, 1777, 1788, 1855, 1881, 1891, 1940, 1961, 1988, 2004, 2045, 2050, 2076, 2082, 2114, 2149, 2158, 2171, 2187, 2199, 2214, 2229, 2266, 2270, 2296, 2305, 2362, 2387, 2538, 2561, 2574, 2609, 2659, 2672, 2707, 2726, 2750, 2765, 2769, 2771, 2775, 2792, 2805, 2831, 2841, 2896, 2914, 2987, 3038, 3053, 3072, 3159, 3330, 3353, 3358, 3363, 3424, 3478, 3489, 3512, 3533, 3560, 3577, 3587, 3626, 3666, 3671, 3716, 3742, 3762, 3796, 3807, 3817, 3830, 3878, 3893, 3895, 3905, 3948, 3965, 3970, 3973, 3991, 4041, 4057, 4101, 4112, 4130, 4135, 4156, 4183, 4185, 4200, 4210, 4260, 4283, 4329, 4339, 4343, 4399, 4402, 4413, 4458, 4555, 4571, 4608, 4654, 4660, 4669, 4674, 4704, 4712, 4730, 4790, 4794, 4796, 4812, 4823, 4848, 4855, 4880, 4922, 4968, 4983, 5051, 5076, 5107, 5135, 5140, 5142, 5147, 5200, 5221, 5229, 5238, 5240, 5247, 5259, 5301, 5320, 5331, 5372, 5389, 5396, 5415, 5435, 5448, 5500, 5569, 5572, 5638, 5643, 5649, 5664, 5722, 5749, 5769, 5873, 5900, 5914, 5920, 5932, 5945, 5957, 5972, 5985, 6016, 6028, 6060, 6106, 6119, 6159, 6184, 6208, 6215, 6269, 6292, 6317, 6357, 6362, 6375, 6402, 6420, 6427, 6496, 6509, 6547, 6562, 6568, 6574, 6664, 6666, 6678, 6705, 6737, 6743, 6756, 6794, 6822, 6841, 6851, 6885]","[991, 1881, 2076, 2266, 2574]","[24, 48, 53, 57, 64, 67, 73, 104, 114, 130, 154, 157, 164, 236, 284, 289, 304, 333, 361, 372, 377, 433, 441, 466, 598, 600, 697, 801, 819, 863, 867, 924, 964, 981, 1105, 1117, 1119, 1178, 1211, 1223, 1225, 1234, 1258, 1261, 1352, 1462, 1464, 1485, 1574, 1576, 1590, 1594, 1596, 1603, 1613, 1620, 1629, 1636, 1640, 1645, 1663, 1672, 1678, 1704, 1723, 1774, 1777, 1788, 1855, 1891, 1940, 1961, 1988, 2004, 2045, 2050, 2082, 2114, 2149, 2158, 2171, 2187, 2199, 2214, 2229, 2270, 2296, 2305, 2362, 2387, 2538, 2561, 2609, 2659, 2672, 2707, 2726, 2750, 2765, 2769, 2771, 2775, 2792, 2805, 2831, 2841, 2896, 2914, 2987, 3038, 3053, 3072, 3159, 3330, 3353, 3358, 3363, 3424, 3478, 3489, 3512, 3533, 3560, 3577, 3587, 3626, 3666, 3671, 3716, 3742, 3762, 3796, 3807, 3817, 3830, 3878, 3893, 3895, 3905, 3948, 3965, 3970, 3973, 3991, 4041, 4057, 4101, 4112, 4130, 4135, 4156, 4183, 4185, 4200, 4210, 4260, 4283, 4329, 4339, 4343, 4399, 4402, 4413, 4458, 4555, 4571, 4608, 4654, 4660, 4669, 4674, 4704, 4712, 4730, 4790, 4794, 4796, 4812, 4823, 4848, 4855, 4880, 4922, 4968, 4983, 5051, 5076, 5107, 5135, 5140, 5142, 5147, 5200, 5221, 5229, 5238, 5240, 5247, 5259, 5301, 5320, 5331, 5372, 5389, 5396, 5415, 5435, 5448, 5500, 5569, 5572, 5638, 5643, 5649, 5664, 5722, 5749, 5769, 5873, 5900, 5914, 5920, 5932, 5945, 5957, 5972, 5985, 6016, 6028, 6060, 6106, 6119, 6159, 6184, 6208, 6215, 6269, 6292, 6317, 6357, 6362, 6375, 6402, 6420, 6427, 6496, 6509, 6547, 6562, 6568, 6574, 6664, 6666, 6678, 6705, 6737, 6743, 6756, 6794, 6822, 6841, 6851, 6885]","[991, 1881, 2076, 2266, 2574]",6893,268,6625,5,263,6625,0
-1.5,HSMECDAG,"[25, 67, 74, 93, 115, 117, 157, 166, 193, 230, 298, 316, 336, 351, 375, 387, 422, 453, 471, 482, 529, 555, 599, 716, 811, 873, 875, 884, 911, 923, 956, 962, 992, 994, 999, 1010, 1042, 1048, 1112, 1129, 1153, 1174, 1190, 1198, 1223, 1268, 1333, 1352, 1354, 1393, 1397, 1430, 1453, 1456, 1500, 1595, 1597, 1636, 1641, 1656, 1669, 1805, 1869, 1873, 1967, 1973, 1988, 2037, 2056, 2077, 2095, 2108, 2149, 2169, 2208, 2210, 2234, 2239, 2243, 2252, 2254, 2286, 2332, 2337, 2352, 2356, 2358, 2380, 2424, 2427, 2439, 2443, 2460, 2469, 2517, 2521, 2544, 2568, 2584, 2588, 2593, 2597, 2601, 2616, 2620, 2637, 2655, 2700, 2727, 2731, 2737, 2776, 2814, 2827, 2850, 2860, 2870, 2875, 2966, 2970, 2975, 2991, 2994, 3027, 3032, 3045, 3072, 3090, 3119, 3122, 3162, 3167, 3170, 3174, 3180, 3202, 3239, 3245, 3277, 3295, 3353, 3359, 3408, 3413, 3456, 3499, 3506, 3544, 3558, 3560, 3617, 3626, 3661, 3666, 3673, 3713, 3719, 3736, 3751, 3772, 3774, 3807, 3813, 3816, 3852, 3893, 3925, 3939, 3953, 3955, 3959, 3979, 3986, 4038, 4068, 4075, 4084, 4095, 4100, 4106, 4111, 4138, 4146, 4157, 4201, 4207, 4219, 4280, 4282, 4292, 4306, 4334, 4336, 4340, 4352, 4361]","[1393, 2517, 2776, 2966, 3544, 3852]","[25, 67, 74, 93, 115, 117, 157, 166, 193, 230, 298, 316, 336, 351, 375, 387, 422, 453, 471, 482, 529, 555, 599, 716, 811, 873, 875, 884, 911, 923, 956, 962, 992, 994, 999, 1010, 1042, 1048, 1112, 1129, 1153, 1174, 1190, 1198, 1223, 1268, 1333, 1352, 1354, 1397, 1430, 1453, 1456, 1500, 1595, 1597, 1636, 1641, 1656, 1669, 1805, 1869, 1873, 1967, 1973, 1988, 2037, 2056, 2077, 2095, 2108, 2149, 2169, 2208, 2210, 2234, 2239, 2243, 2252, 2254, 2286, 2332, 2337, 2352, 2356, 2358, 2380, 2424, 2427, 2439, 2443, 2460, 2469, 2521, 2544, 2568, 2584, 2588, 2593, 2597, 2601, 2616, 2620, 2637, 2655, 2700, 2727, 2731, 2737, 2814, 2827, 2850, 2860, 2870, 2875, 2970, 2975, 2991, 2994, 3027, 3032, 3045, 3072, 3090, 3119, 3122, 3162, 3167, 3170, 3174, 3180, 3202, 3239, 3245, 3277, 3295, 3353, 3359, 3408, 3413, 3456, 3499, 3506, 3558, 3560, 3617, 3626, 3661, 3666, 3673, 3713, 3719, 3736, 3751, 3772, 3774, 3807, 3813, 3816, 3893, 3925, 3939, 3953, 3955, 3959, 3979, 3986, 4038, 4068, 4075, 4084, 4095, 4100, 4106, 4111, 4138, 4146, 4157, 4201, 4207, 4219, 4280, 4282, 4292, 4306, 4334, 4336, 4340, 4352, 4361]","[1393, 2517, 2776, 2966, 3544, 3852]",4362,196,4166,6,190,4166,0
-1.5,HSMED,"[19, 36, 46, 52, 63, 122, 139, 172, 187, 221, 263, 277, 281, 300, 307, 324, 353, 360, 377, 406, 413, 430, 459, 466, 483, 512, 519, 578, 584, 594, 619, 636, 640, 687, 710, 756, 768, 789, 812, 840, 886, 896, 902, 961, 967, 1078, 1124, 1160, 1177, 1197, 1310, 1327, 1354, 1397, 1432, 1434, 1460, 1496, 1506, 1531, 1537, 1561, 1568, 1592, 1596, 1600, 1618, 1626, 1642, 1673, 1693, 1697, 1704, 1724, 1774, 1809, 1838, 1851, 1916, 1932, 1941, 1943, 1947, 1957, 1959, 1983, 1989, 1993, 1998, 2002, 2041, 2090, 2177, 2186, 2192, 2240, 2249, 2282, 2303, 2315, 2366, 2383, 2407, 2420, 2433, 2441, 2450, 2472, 2484, 2513, 2521, 2557, 2683, 2765, 2808, 2850, 2935, 2962, 2964, 2987, 3054, 3074, 3098, 3142, 3154, 3159, 3186, 3232, 3234, 3237, 3240, 3244, 3250, 3315, 3350, 3388, 3438, 3443, 3513, 3529, 3539, 3551, 3801, 3831, 3867, 3899, 3945, 3950, 3954, 3975, 3988, 4051, 4089, 4123, 4148, 4175, 4212, 4294, 4348, 4350, 4355, 4359, 4390, 4432, 4449, 4451, 4493, 4515, 4521, 4563, 4568, 4606, 4638, 4644, 4647, 4663, 4674, 4686, 4707, 4716, 4720, 4729, 4762, 4782, 4821, 4833, 4868, 4903, 4987, 4995, 4999, 5103, 5165, 5172, 5174, 5192, 5194, 5202, 5214, 5218, 5222, 5229, 5232, 5245, 5266]","[1354, 1943, 2315, 4716]","[19, 36, 46, 52, 63, 122, 139, 172, 187, 221, 263, 277, 281, 300, 307, 324, 353, 360, 377, 406, 413, 430, 459, 466, 483, 512, 519, 578, 584, 594, 619, 636, 640, 687, 710, 756, 768, 789, 812, 840, 886, 896, 902, 961, 967, 1078, 1124, 1160, 1177, 1197, 1310, 1327, 1397, 1432, 1434, 1460, 1496, 1506, 1531, 1537, 1561, 1568, 1592, 1596, 1600, 1618, 1626, 1642, 1673, 1693, 1697, 1704, 1724, 1774, 1809, 1838, 1851, 1916, 1932, 1941, 1947, 1957, 1959, 1983, 1989, 1993, 1998, 2002, 2041, 2090, 2177, 2186, 2192, 2240, 2249, 2282, 2303, 2366, 2383, 2407, 2420, 2433, 2441, 2450, 2472, 2484, 2513, 2521, 2557, 2683, 2765, 2808, 2850, 2935, 2962, 2964, 2987, 3054, 3074, 3098, 3142, 3154, 3159, 3186, 3232, 3234, 3237, 3240, 3244, 3250, 3315, 3350, 3388, 3438, 3443, 3513, 3529, 3539, 3551, 3801, 3831, 3867, 3899, 3945, 3950, 3954, 3975, 3988, 4051, 4089, 4123, 4148, 4175, 4212, 4294, 4348, 4350, 4355, 4359, 4390, 4432, 4449, 4451, 4493, 4515, 4521, 4563, 4568, 4606, 4638, 4644, 4647, 4663, 4674, 4686, 4707, 4720, 4729, 4762, 4782, 4821, 4833, 4868, 4903, 4987, 4995, 4999, 5103, 5165, 5172, 5174, 5192, 5194, 5202, 5214, 5218, 5222, 5229, 5232, 5245, 5266]","[1354, 1943, 2315, 4716]",5284,205,5079,4,201,5079,0
-1.5,HSMT1H,"[20, 72, 116, 142, 147, 156, 164, 179, 196, 238, 279, 325, 367, 383, 385, 396, 435, 442, 474, 496, 544, 546, 567, 585, 632, 636, 641, 649, 659, 707, 731, 816, 831, 836, 873, 883, 893, 986, 996, 1002, 1047, 1051, 1128, 1150, 1164, 1170, 1189, 1231, 1288, 1334, 1358, 1409, 1440, 1449, 1475, 1479, 1509, 1518, 1547, 1575, 1615, 1682, 1717, 1741, 1762, 1767, 1774, 1828, 1835, 1837, 1865, 1874, 1885, 1894, 1911, 1934, 1995, 2004, 2044, 2078, 2125, 2129]","[816, 1475]","[20, 72, 116, 142, 147, 156, 164, 179, 196, 238, 279, 325, 367, 383, 385, 396, 435, 442, 474, 496, 544, 546, 567, 585, 632, 636, 641, 649, 659, 707, 731, 831, 836, 873, 883, 893, 986, 996, 1002, 1047, 1051, 1128, 1150, 1164, 1170, 1189, 1231, 1288, 1334, 1358, 1409, 1440, 1449, 1479, 1509, 1518, 1547, 1575, 1615, 1682, 1717, 1741, 1762, 1767, 1774, 1828, 1835, 1837, 1865, 1874, 1885, 1894, 1911, 1934, 1995, 2004, 2044, 2078, 2125, 2129]","[816, 1475]",2134,82,2052,2,80,2052,0
-1.5,HSNCAMX1,"[82, 91, 112, 125, 171, 188, 216, 236, 246, 259, 280, 307, 334, 409, 454, 480, 530, 539, 550, 560, 573, 638, 696, 770, 774, 793, 817, 846, 848, 850, 919, 934, 980, 1106, 1143, 1147, 1174, 1187, 1256, 1266, 1352, 1424, 1502, 1508, 1518, 1536, 1539, 1550, 1554, 1556, 1609, 1613, 1652, 1737, 1759, 1764, 1787, 1794, 1803, 1805, 1887, 1975, 1977, 1996, 2021, 2033, 2041, 2079, 2111, 2129, 2162, 2164, 2166, 2177, 2183, 2207, 2216, 2219, 2228, 2245, 2249, 2255, 2263, 2265, 2271, 2276, 2279, 2300, 2302, 2306, 2310, 2320, 2334, 2344, 2350, 2373, 2379, 2381, 2413, 2419, 2427, 2457, 2462, 2464, 2468, 2470, 2474, 2486, 2490, 2502, 2504, 2511, 2519, 2525, 2537, 2541, 2547, 2555, 2557, 2568, 2576, 2583, 2585, 2681, 2698, 2712, 2724, 2728, 2737, 2780, 2791, 2808, 2868, 2898, 2917, 2958, 2974, 3004, 3025, 3030, 3044, 3069, 3121, 3161, 3168, 3191, 3267, 3294, 3330, 3377, 3460, 3519, 3525, 3655, 3675, 3718, 3743, 3748, 3829, 3879, 3881, 3892, 3964, 3966, 4077, 4081, 4142, 4146, 4157, 4163, 4190, 4232, 4268, 4283, 4285, 4322, 4364, 4378, 4385, 4399, 4405, 4473, 4482, 4542, 4554, 4608, 4671, 4716, 4748, 4750, 4759, 4773, 4778, 4782, 4831, 4969, 4974, 5015, 5035, 5065, 5067, 5073, 5075, 5081, 5138, 5218, 5250, 5258, 5262, 5264, 5272, 5289, 5305, 5321, 5378, 5424, 5461, 5488, 5515, 5524, 5655, 5687, 5805, 5811, 5813, 5830, 5834, 5916, 5939, 5946, 5968, 5995, 6001, 6024, 6033, 6051, 6099, 6101, 6167, 6169, 6177, 6192, 6202, 6218, 6227, 6233, 6247, 6251, 6254, 6279, 6315, 6319, 6340, 6345, 6351, 6353, 6363, 6380, 6440, 6479, 6572, 6582, 6728, 6794, 6796, 6825, 6837, 6933, 6965, 6983, 6987, 7022, 7061, 7076, 7163, 7184, 7186, 7228, 7251, 7283, 7296, 7309, 7316, 7335, 7342, 7354, 7372, 7383, 7444, 7535, 7562, 7569, 7591, 7598, 7600, 7619, 7640, 7676, 7727, 7741, 7764, 7774, 7785, 7795, 7848, 7852, 7856, 7887, 7921, 7942, 8033, 8047, 8058, 8076, 8088, 8107, 8171, 8177, 8181, 8198, 8204, 8209, 8215, 8246, 8248, 8340, 8349, 8371, 8454, 8490, 8512, 8519, 8526, 8529, 8533, 8546, 8552, 8556, 8561, 8569, 8611, 8664, 8802, 8809, 8838, 8856, 8881, 8959, 8967, 8978, 9025, 9034, 9061, 9068, 9077, 9083, 9098, 9248, 9265, 9273, 9318, 9325, 9339, 9342, 9349, 9366, 9369, 9373, 9385, 9474, 9486, 9491, 9522, 9528, 9571, 9589, 9602, 9670, 9687, 9714, 9724, 9743, 9797, 9801, 9863, 9868, 9879, 9914, 9942, 9984, 9996, 9999, 10015, 10019, 10025, 10066, 10087, 10100, 10153, 10187, 10193, 10224, 10263, 10269, 10302, 10310, 10317, 10367, 10369, 10410, 10424, 10428, 10456, 10507, 10532, 10537, 10544, 10549, 10592, 10610, 10613, 10634, 10661, 10694, 10722, 10726, 10752, 10803, 10805, 10854, 10897, 10962, 10972, 10979, 10996, 11091, 11096, 11104, 11135, 11212, 11219, 11230, 11240, 11249, 11253, 11301, 11303, 11316, 11318, 11341, 11352, 11441, 11474, 11476, 11478, 11509, 11533, 11540, 11543, 11599, 11604, 11610, 11615, 11625, 11640, 11667, 11673, 11698, 11710, 11726, 11772, 11784, 11797, 11800, 11806, 11808, 11829, 11849, 11856, 11864, 11870, 11875, 11892, 11933, 11936, 11939, 11958, 11970, 12005, 12072, 12144, 12149, 12159, 12191, 12249, 12264, 12283, 12287, 12313, 12362, 12375, 12467, 12508, 12519, 12545, 12550, 12597, 12702, 12714, 12745, 12757, 12786, 12792, 12812, 12815, 12843, 12902, 12924, 12928, 12957, 13030, 13049, 13161, 13186, 13245, 13268, 13302, 13307, 13338, 13357, 13395, 13408, 13412, 13487, 13505, 13514, 13609, 13646, 13663, 13666, 13684, 13691, 13723, 13734, 13743, 13752, 13774, 13810, 13819, 13843, 13887, 13893, 13909, 13913, 13970, 13980, 13990, 14002, 14016, 14038, 14055, 14064, 14066, 14344, 14399, 14440, 14463, 14474, 14543, 14575, 14600, 14616, 14621, 14692, 14706, 14730, 14789, 14812, 14838, 14936, 14971, 14974, 14990, 14996, 15009, 15056, 15061, 15078, 15144, 15353, 15375, 15384, 15493, 15542, 15553, 15565, 15569, 15598, 15600, 15602, 15612, 15626, 15629, 15745, 15753, 15793, 15807, 15899, 15907, 15914, 15945, 15947, 16027, 16041, 16049, 16112, 16150, 16155, 16157, 16213, 16229, 16237, 16257, 16277]","[1609, 4142, 4778, 5218, 6315, 6582, 6983, 7316, 7569, 7852, 8529, 8809, 9068, 9373, 9571, 10015, 10317, 10722, 11667, 12072, 12283, 12550, 12786, 13049, 13487, 13893, 14002]","[82, 91, 112, 125, 171, 188, 216, 236, 246, 259, 280, 307, 334, 409, 454, 480, 530, 539, 550, 560, 573, 638, 696, 770, 774, 793, 817, 846, 848, 850, 919, 934, 980, 1106, 1143, 1147, 1174, 1187, 1256, 1266, 1352, 1424, 1502, 1508, 1518, 1536, 1539, 1550, 1554, 1556, 1613, 1652, 1737, 1759, 1764, 1787, 1794, 1803, 1805, 1887, 1975, 1977, 1996, 2021, 2033, 2041, 2079, 2111, 2129, 2162, 2164, 2166, 2177, 2183, 2207, 2216, 2219, 2228, 2245, 2249, 2255, 2263, 2265, 2271, 2276, 2279, 2300, 2302, 2306, 2310, 2320, 2334, 2344, 2350, 2373, 2379, 2381, 2413, 2419, 2427, 2457, 2462, 2464, 2468, 2470, 2474, 2486, 2490, 2502, 2504, 2511, 2519, 2525, 2537, 2541, 2547, 2555, 2557, 2568, 2576, 2583, 2585, 2681, 2698, 2712, 2724, 2728, 2737, 2780, 2791, 2808, 2868, 2898, 2917, 2958, 2974, 3004, 3025, 3030, 3044, 3069, 3121, 3161, 3168, 3191, 3267, 3294, 3330, 3377, 3460, 3519, 3525, 3655, 3675, 3718, 3743, 3748, 3829, 3879, 3881, 3892, 3964, 3966, 4077, 4081, 4146, 4157, 4163, 4190, 4232, 4268, 4283, 4285, 4322, 4364, 4378, 4385, 4399, 4405, 4473, 4482, 4542, 4554, 4608, 4671, 4716, 4748, 4750, 4759, 4773, 4782, 4831, 4969, 4974, 5015, 5035, 5065, 5067, 5073, 5075, 5081, 5138, 5250, 5258, 5262, 5264, 5272, 5289, 5305, 5321, 5378, 5424, 5461, 5488, 5515, 5524, 5655, 5687, 5805, 5811, 5813, 5830, 5834, 5916, 5939, 5946, 5968, 5995, 6001, 6024, 6033, 6051, 6099, 6101, 6167, 6169, 6177, 6192, 6202, 6218, 6227, 6233, 6247, 6251, 6254, 6279, 6319, 6340, 6345, 6351, 6353, 6363, 6380, 6440, 6479, 6572, 6728, 6794, 6796, 6825, 6837, 6933, 6965, 6987, 7022, 7061, 7076, 7163, 7184, 7186, 7228, 7251, 7283, 7296, 7309, 7335, 7342, 7354, 7372, 7383, 7444, 7535, 7562, 7591, 7598, 7600, 7619, 7640, 7676, 7727, 7741, 7764, 7774, 7785, 7795, 7848, 7856, 7887, 7921, 7942, 8033, 8047, 8058, 8076, 8088, 8107, 8171, 8177, 8181, 8198, 8204, 8209, 8215, 8246, 8248, 8340, 8349, 8371, 8454, 8490, 8512, 8519, 8526, 8533, 8546, 8552, 8556, 8561, 8569, 8611, 8664, 8802, 8838, 8856, 8881, 8959, 8967, 8978, 9025, 9034, 9061, 9077, 9083, 9098, 9248, 9265, 9273, 9318, 9325, 9339, 9342, 9349, 9366, 9369, 9385, 9474, 9486, 9491, 9522, 9528, 9589, 9602, 9670, 9687, 9714, 9724, 9743, 9797, 9801, 9863, 9868, 9879, 9914, 9942, 9984, 9996, 9999, 10019, 10025, 10066, 10087, 10100, 10153, 10187, 10193, 10224, 10263, 10269, 10302, 10310, 10367, 10369, 10410, 10424, 10428, 10456, 10507, 10532, 10537, 10544, 10549, 10592, 10610, 10613, 10634, 10661, 10694, 10726, 10752, 10803, 10805, 10854, 10897, 10962, 10972, 10979, 10996, 11091, 11096, 11104, 11135, 11212, 11219, 11230, 11240, 11249, 11253, 11301, 11303, 11316, 11318, 11341, 11352, 11441, 11474, 11476, 11478, 11509, 11533, 11540, 11543, 11599, 11604, 11610, 11615, 11625, 11640, 11673, 11698, 11710, 11726, 11772, 11784, 11797, 11800, 11806, 11808, 11829, 11849, 11856, 11864, 11870, 11875, 11892, 11933, 11936, 11939, 11958, 11970, 12005, 12144, 12149, 12159, 12191, 12249, 12264, 12287, 12313, 12362, 12375, 12467, 12508, 12519, 12545, 12597, 12702, 12714, 12745, 12757, 12792, 12812, 12815, 12843, 12902, 12924, 12928, 12957, 13030, 13161, 13186, 13245, 13268, 13302, 13307, 13338, 13357, 13395, 13408, 13412, 13505, 13514, 13609, 13646, 13663, 13666, 13684, 13691, 13723, 13734, 13743, 13752, 13774, 13810, 13819, 13843, 13887, 13909, 13913, 13970, 13980, 13990, 14016, 14038, 14055, 14064, 14066, 14344, 14399, 14440, 14463, 14474, 14543, 14575, 14600, 14616, 14621, 14692, 14706, 14730, 14789, 14812, 14838, 14936, 14971, 14974, 14990, 14996, 15009, 15056, 15061, 15078, 15144, 15353, 15375, 15384, 15493, 15542, 15553, 15565, 15569, 15598, 15600, 15602, 15612, 15626, 15629, 15745, 15753, 15793, 15807, 15899, 15907, 15914, 15945, 15947, 16027, 16041, 16049, 16112, 16150, 16155, 16157, 16213, 16229, 16237, 16257, 16277]","[1609, 4142, 4778, 5218, 6315, 6582, 6983, 7316, 7569, 7852, 8529, 8809, 9068, 9373, 9571, 10015, 10317, 10722, 11667, 12072, 12283, 12550, 12786, 13049, 13487, 13893, 14002]",16280,624,15656,27,597,15656,0
-1.5,HSNFM,"[21, 56, 163, 185, 242, 254, 300, 331, 362, 417, 432, 468, 528, 551, 606, 712, 753, 774, 790, 820, 839, 861, 883, 1096, 1188, 1231, 1252, 1323, 1387, 1393, 1411, 1432, 1465, 1507, 1611, 1698, 1737, 1741, 1822, 1887, 1919, 1957, 2032, 2053, 2116, 2161, 2163, 2184, 2243, 2269, 2280, 2288, 2305, 2311, 2315, 2320, 2331, 2355, 2398, 2417, 2422, 2424, 2433, 2443, 2477, 2484, 2487, 2506, 2520, 2537, 2539, 2591, 2637, 2669, 2675, 2691, 2695, 2716, 2768, 2792, 2836, 2838, 2882, 2895, 2917, 2998, 3020, 3037, 3044, 3166, 3181, 3203, 3206, 3230, 3265, 3325, 3334, 3341, 3355, 3366, 3371, 3422, 3572, 3593, 3606, 3702, 3738, 3746, 3751, 3772, 3782, 3795, 3831, 3838, 3849, 3853, 3863, 3871, 3897, 3917, 3940, 3962, 4020, 4069, 4101, 4121, 4142, 4184, 4198, 4316, 4330, 4337, 4432, 4476, 4491, 4562, 4575, 4583, 4604, 4619, 4642, 4649, 4664, 4681, 4688, 4696, 4703, 4720, 4727, 4735, 4742, 4759, 4766, 4781, 4798, 4805, 4820, 4844, 4859, 4873, 4886, 4896, 4925, 4952, 4982, 5012, 5027, 5036, 5039, 5057, 5063, 5148, 5163, 5172, 5204, 5216, 5234, 5262, 5334, 5343, 5354, 5357, 5360, 5372, 5388, 5403, 5429, 5435, 5447, 5498, 5507, 5525, 5534, 5544, 5573, 5603, 5630, 5656, 5668, 5701, 5744, 5748, 5779, 5790, 5817, 5829, 5914, 5965, 5996, 6005, 6022, 6109, 6156, 6210]","[1822, 2675]","[21, 56, 163, 185, 242, 254, 300, 331, 362, 417, 432, 468, 528, 551, 606, 712, 753, 774, 790, 820, 839, 861, 883, 1096, 1188, 1231, 1252, 1323, 1387, 1393, 1411, 1432, 1465, 1507, 1611, 1698, 1737, 1741, 1887, 1919, 1957, 2032, 2053, 2116, 2161, 2163, 2184, 2243, 2269, 2280, 2288, 2305, 2311, 2315, 2320, 2331, 2355, 2398, 2417, 2422, 2424, 2433, 2443, 2477, 2484, 2487, 2506, 2520, 2537, 2539, 2591, 2637, 2669, 2691, 2695, 2716, 2768, 2792, 2836, 2838, 2882, 2895, 2917, 2998, 3020, 3037, 3044, 3166, 3181, 3203, 3206, 3230, 3265, 3325, 3334, 3341, 3355, 3366, 3371, 3422, 3572, 3593, 3606, 3702, 3738, 3746, 3751, 3772, 3782, 3795, 3831, 3838, 3849, 3853, 3863, 3871, 3897, 3917, 3940, 3962, 4020, 4069, 4101, 4121, 4142, 4184, 4198, 4316, 4330, 4337, 4432, 4476, 4491, 4562, 4575, 4583, 4604, 4619, 4642, 4649, 4664, 4681, 4688, 4696, 4703, 4720, 4727, 4735, 4742, 4759, 4766, 4781, 4798, 4805, 4820, 4844, 4859, 4873, 4886, 4896, 4925, 4952, 4982, 5012, 5027, 5036, 5039, 5057, 5063, 5148, 5163, 5172, 5204, 5216, 5234, 5262, 5334, 5343, 5354, 5357, 5360, 5372, 5388, 5403, 5429, 5435, 5447, 5498, 5507, 5525, 5534, 5544, 5573, 5603, 5630, 5656, 5668, 5701, 5744, 5748, 5779, 5790, 5817, 5829, 5914, 5965, 5996, 6005, 6022, 6109, 6156, 6210]","[1822, 2675]",6228,214,6014,2,212,6014,0
-1.5,HSODCG,"[9, 129, 159, 213, 245, 278, 285, 305, 320, 362, 376, 390, 449, 455, 591, 603, 621, 661, 697, 718, 725, 735, 759, 768, 780, 785, 795, 808, 954, 1002, 1084, 1086, 1118, 1121, 1192, 1331, 1361, 1392, 1452, 1494, 1498, 1520, 1523, 1529, 1560, 1577, 1589, 1648, 1668, 1673, 1695, 1701, 1703, 1728, 1748, 1750, 1799, 1816, 1859, 1913, 1923, 1938, 1951, 1984, 1992, 2020, 2073, 2108, 2145, 2149, 2161, 2200, 2221, 2278, 2299, 2319, 2341, 2368, 2374, 2393, 2397, 2405, 2446, 2474, 2483, 2511, 2532, 2561, 2566, 2606, 2612, 2621, 2649, 2662, 2690, 2693, 2706, 2751, 2758, 2829, 2834, 2847, 2906, 2912, 2956, 3007, 3019, 3029, 3065, 3098, 3136, 3140, 3144, 3172, 3181, 3185, 3193, 3195, 3211, 3242, 3256, 3263, 3285, 3288, 3333, 3346, 3405, 3411, 3446, 3454, 3567, 3576, 3617, 3639, 3641, 3662, 3693, 3707, 3721, 3745, 3749, 3781, 3783, 3794, 3815, 3826, 3920, 3968, 3972, 3998, 4014, 4033, 4103, 4113, 4139, 4192, 4196, 4218, 4230, 4241, 4259, 4287, 4302, 4320, 4323, 4334, 4343, 4358, 4388, 4407, 4421, 4426, 4428, 4430, 4433, 4445, 4456, 4534, 4537, 4554, 4556, 4581, 4601, 4638, 4649, 4680, 4696, 4720, 4771, 4809, 4811, 4866, 4870, 4877, 4885, 4919, 4927, 4941, 4982, 4987, 5002, 5028, 5135, 5155, 5198, 5230, 5240, 5282, 5286, 5290, 5323, 5336, 5338, 5348, 5410, 5414, 5416, 5421, 5432, 5447, 5463, 5491, 5524, 5558, 5571, 5591, 5616, 5633, 5637, 5643, 5651, 5717, 5721, 5726, 5737, 5776, 5815, 5819, 5829, 5849, 5872, 5893, 5911, 5921, 5996, 6004, 6006, 6018, 6029, 6034, 6071, 6073, 6107, 6135, 6161, 6164, 6186, 6211, 6253, 6258, 6271, 6298, 6324, 6336, 6378, 6415, 6421, 6448, 6470, 6532, 6549, 6579, 6597, 6622, 6630, 6670, 6676, 6685, 6735, 6773, 6781, 6835, 6850, 6860, 6865, 6878, 6896, 6957, 6971, 6989, 7002, 7083, 7111, 7115, 7138, 7163, 7203, 7208, 7224, 7231, 7285, 7306, 7324, 7347, 7357, 7359, 7370, 7419, 7451, 7481, 7501, 7505, 7594, 7599, 7611, 7614, 7618, 7631, 7638, 7668, 7670, 7764, 7766, 7776, 7806, 7816, 7836, 7881, 7883, 7951, 7971, 8016, 8019, 8029, 8052, 8059, 8078, 8090, 8111, 8125, 8188, 8207, 8214, 8218, 8224, 8297, 8327, 8334, 8346, 8373, 8385, 8393, 8395, 8410, 8427, 8461, 8495, 8501, 8506, 8544, 8631, 8659, 8666, 8700, 8721, 8758, 8789, 8822, 8842, 8854, 8880, 8887, 8922, 8954, 8957, 9000, 9013, 9015]","[4192, 4649, 5028, 5421, 5633, 5893, 7111, 7306, 7614]","[9, 129, 159, 213, 245, 278, 285, 305, 320, 362, 376, 390, 449, 455, 591, 603, 621, 661, 697, 718, 725, 735, 759, 768, 780, 785, 795, 808, 954, 1002, 1084, 1086, 1118, 1121, 1192, 1331, 1361, 1392, 1452, 1494, 1498, 1520, 1523, 1529, 1560, 1577, 1589, 1648, 1668, 1673, 1695, 1701, 1703, 1728, 1748, 1750, 1799, 1816, 1859, 1913, 1923, 1938, 1951, 1984, 1992, 2020, 2073, 2108, 2145, 2149, 2161, 2200, 2221, 2278, 2299, 2319, 2341, 2368, 2374, 2393, 2397, 2405, 2446, 2474, 2483, 2511, 2532, 2561, 2566, 2606, 2612, 2621, 2649, 2662, 2690, 2693, 2706, 2751, 2758, 2829, 2834, 2847, 2906, 2912, 2956, 3007, 3019, 3029, 3065, 3098, 3136, 3140, 3144, 3172, 3181, 3185, 3193, 3195, 3211, 3242, 3256, 3263, 3285, 3288, 3333, 3346, 3405, 3411, 3446, 3454, 3567, 3576, 3617, 3639, 3641, 3662, 3693, 3707, 3721, 3745, 3749, 3781, 3783, 3794, 3815, 3826, 3920, 3968, 3972, 3998, 4014, 4033, 4103, 4113, 4139, 4196, 4218, 4230, 4241, 4259, 4287, 4302, 4320, 4323, 4334, 4343, 4358, 4388, 4407, 4421, 4426, 4428, 4430, 4433, 4445, 4456, 4534, 4537, 4554, 4556, 4581, 4601, 4638, 4680, 4696, 4720, 4771, 4809, 4811, 4866, 4870, 4877, 4885, 4919, 4927, 4941, 4982, 4987, 5002, 5135, 5155, 5198, 5230, 5240, 5282, 5286, 5290, 5323, 5336, 5338, 5348, 5410, 5414, 5416, 5432, 5447, 5463, 5491, 5524, 5558, 5571, 5591, 5616, 5637, 5643, 5651, 5717, 5721, 5726, 5737, 5776, 5815, 5819, 5829, 5849, 5872, 5911, 5921, 5996, 6004, 6006, 6018, 6029, 6034, 6071, 6073, 6107, 6135, 6161, 6164, 6186, 6211, 6253, 6258, 6271, 6298, 6324, 6336, 6378, 6415, 6421, 6448, 6470, 6532, 6549, 6579, 6597, 6622, 6630, 6670, 6676, 6685, 6735, 6773, 6781, 6835, 6850, 6860, 6865, 6878, 6896, 6957, 6971, 6989, 7002, 7083, 7115, 7138, 7163, 7203, 7208, 7224, 7231, 7285, 7324, 7347, 7357, 7359, 7370, 7419, 7451, 7481, 7501, 7505, 7594, 7599, 7611, 7618, 7631, 7638, 7668, 7670, 7764, 7766, 7776, 7806, 7816, 7836, 7881, 7883, 7951, 7971, 8016, 8019, 8029, 8052, 8059, 8078, 8090, 8111, 8125, 8188, 8207, 8214, 8218, 8224, 8297, 8327, 8334, 8346, 8373, 8385, 8393, 8395, 8410, 8427, 8461, 8495, 8501, 8506, 8544, 8631, 8659, 8666, 8700, 8721, 8758, 8789, 8822, 8842, 8854, 8880, 8887, 8922, 8954, 8957, 9000, 9013, 9015]","[4192, 4649, 5028, 5421, 5633, 5893, 7111, 7306, 7614]",9035,378,8657,9,369,8657,0
-1.5,HSODF2,"[4, 8, 25, 30, 39, 47, 62, 81, 83, 97, 128, 131, 136, 158, 162, 171, 173, 234, 250, 269, 271, 308, 310, 331, 381, 387, 396, 419, 438, 447, 480, 482, 497, 504, 506, 524, 545, 600, 629, 633, 650, 670, 703, 722, 786, 788, 802, 884, 890, 907, 913, 920, 937, 943, 949, 964, 968, 970, 972, 993, 1017, 1061, 1063, 1078, 1106, 1108, 1119, 1155, 1164, 1200, 1227, 1238, 1256, 1272, 1277, 1307, 1375, 1379, 1412]",[600],"[4, 8, 25, 30, 39, 47, 62, 81, 83, 97, 128, 131, 136, 158, 162, 171, 173, 234, 250, 269, 271, 308, 310, 331, 381, 387, 396, 419, 438, 447, 480, 482, 497, 504, 506, 524, 545, 629, 633, 650, 670, 703, 722, 786, 788, 802, 884, 890, 907, 913, 920, 937, 943, 949, 964, 968, 970, 972, 993, 1017, 1061, 1063, 1078, 1106, 1108, 1119, 1155, 1164, 1200, 1227, 1238, 1256, 1272, 1277, 1307, 1375, 1379, 1412]",[600],1422,79,1343,1,78,1343,0
-1.5,HSPAT133,"[51, 117, 123, 130, 182, 200, 239, 273, 311, 313, 318, 366, 393, 397, 443, 475, 558, 590, 602, 620, 654, 667, 682, 684, 693, 727, 762, 785, 794, 904, 949, 957, 1007, 1019, 1057, 1068, 1126, 1173, 1177, 1208, 1212, 1353, 1447, 1466, 1578, 1632, 1637, 1660, 1666, 1668, 1677, 1679, 1685, 1693, 1707, 1734, 1752, 1760, 1778, 1782, 1791, 1801, 1815, 1889, 1961, 1981, 2025, 2057, 2109, 2129, 2207, 2220, 2226, 2254, 2318, 2347, 2366, 2370, 2413, 2531, 2582, 2597, 2627, 2695, 2717, 2722, 2737, 2860, 2870, 2872, 2943, 2995, 3034, 3036, 3085, 3183, 3191, 3205, 3220, 3361, 3372, 3381, 3420, 3458, 3523, 3540, 3548, 3574, 3579, 3622, 3684, 3711]",[1447],"[51, 117, 123, 130, 182, 200, 239, 273, 311, 313, 318, 366, 393, 397, 443, 475, 558, 590, 602, 620, 654, 667, 682, 684, 693, 727, 762, 785, 794, 904, 949, 957, 1007, 1019, 1057, 1068, 1126, 1173, 1177, 1208, 1212, 1353, 1466, 1578, 1632, 1637, 1660, 1666, 1668, 1677, 1679, 1685, 1693, 1707, 1734, 1752, 1760, 1778, 1782, 1791, 1801, 1815, 1889, 1961, 1981, 2025, 2057, 2109, 2129, 2207, 2220, 2226, 2254, 2318, 2347, 2366, 2370, 2413, 2531, 2582, 2597, 2627, 2695, 2717, 2722, 2737, 2860, 2870, 2872, 2943, 2995, 3034, 3036, 3085, 3183, 3191, 3205, 3220, 3361, 3372, 3381, 3420, 3458, 3523, 3540, 3548, 3574, 3579, 3622, 3684, 3711]",[1447],3712,112,3600,1,111,3600,0
-1.5,HSPLAPL,"[9, 24, 33, 104, 179, 181, 191, 209, 215, 218, 276, 351, 403, 481, 533, 593, 599, 603, 658, 661, 719, 728, 808, 812, 827, 831, 884, 889, 941, 969, 974, 1002, 1024, 1026, 1038, 1048, 1073, 1080, 1111, 1133, 1158, 1167, 1192, 1197, 1207, 1209, 1214, 1225, 1271]","[403, 599, 827]","[9, 24, 33, 104, 179, 181, 191, 209, 215, 218, 276, 351, 481, 533, 593, 603, 658, 661, 719, 728, 808, 812, 831, 884, 889, 941, 969, 974, 1002, 1024, 1026, 1038, 1048, 1073, 1080, 1111, 1133, 1158, 1167, 1192, 1197, 1207, 1209, 1214, 1225, 1271]","[403, 599, 827]",1274,49,1225,3,46,1225,0
-1.5,HSPRB3L,"[7, 19, 93, 145, 186, 209, 252, 261, 279, 356, 383, 386, 400, 402, 415, 456, 472, 479, 519, 523, 566, 589, 592, 616, 625, 674, 703, 743, 770, 789, 820, 825, 837, 840, 873, 896, 900, 916, 934, 1010, 1050, 1075, 1085, 1097, 1103, 1111, 1132, 1153, 1167, 1216, 1227, 1229, 1314, 1319, 1374, 1407, 1412, 1432, 1443, 1466, 1486, 1503, 1527, 1537, 1605, 1755, 1759, 1781, 1813, 1924, 1941, 1969, 1993, 2002, 2004, 2069, 2132, 2195, 2207, 2258, 2270, 2321, 2333, 2384, 2447, 2459, 2510, 2522, 2573, 2585, 2636, 2699, 2913, 2922, 2934, 2961, 2971, 2995, 3029, 3060, 3083, 3096, 3129, 3166, 3168, 3183, 3186, 3204, 3218, 3265, 3304, 3320, 3346, 3376, 3380, 3445, 3525, 3527, 3584, 3593, 3661, 3671, 3702, 3704, 3737, 3754, 3757, 3785, 3803, 3900, 3902, 3921, 3957, 3992, 4005, 4014, 4040, 4045, 4071, 4085, 4103, 4142, 4145, 4200, 4203, 4219, 4223, 4229, 4234, 4236, 4418, 4424, 4429, 4500]","[566, 1537]","[7, 19, 93, 145, 186, 209, 252, 261, 279, 356, 383, 386, 400, 402, 415, 456, 472, 479, 519, 523, 589, 592, 616, 625, 674, 703, 743, 770, 789, 820, 825, 837, 840, 873, 896, 900, 916, 934, 1010, 1050, 1075, 1085, 1097, 1103, 1111, 1132, 1153, 1167, 1216, 1227, 1229, 1314, 1319, 1374, 1407, 1412, 1432, 1443, 1466, 1486, 1503, 1527, 1605, 1755, 1759, 1781, 1813, 1924, 1941, 1969, 1993, 2002, 2004, 2069, 2132, 2195, 2207, 2258, 2270, 2321, 2333, 2384, 2447, 2459, 2510, 2522, 2573, 2585, 2636, 2699, 2913, 2922, 2934, 2961, 2971, 2995, 3029, 3060, 3083, 3096, 3129, 3166, 3168, 3183, 3186, 3204, 3218, 3265, 3304, 3320, 3346, 3376, 3380, 3445, 3525, 3527, 3584, 3593, 3661, 3671, 3702, 3704, 3737, 3754, 3757, 3785, 3803, 3900, 3902, 3921, 3957, 3992, 4005, 4014, 4040, 4045, 4071, 4085, 4103, 4142, 4145, 4200, 4203, 4219, 4223, 4229, 4234, 4236, 4418, 4424, 4429, 4500]","[566, 1537]",4508,154,4354,2,152,4354,0
-1.5,HSPRB4S,"[18, 34, 58, 60, 70, 72, 97, 139, 151, 225, 266, 271, 318, 341, 384, 393, 411, 487, 515, 518, 542, 582, 599, 606, 646, 650, 687, 693, 719, 741, 747, 750, 828, 868, 913, 942, 947, 959, 966, 995, 1018, 1022, 1038, 1049, 1058, 1146, 1195, 1205, 1214, 1223, 1231, 1252, 1274, 1276, 1280, 1338, 1436, 1441, 1496, 1529, 1534, 1554, 1565, 1587, 1607, 1624, 1658, 1714, 1726, 1843, 1858, 1875, 1879, 1916, 2048, 2056, 2067, 2095, 2119, 2128, 2258, 2321, 2384, 2495, 2510, 2573, 2636, 2790, 2812, 2870, 2903, 2934, 2957, 2970, 3004, 3041, 3043, 3058, 3061, 3179, 3195, 3223, 3225, 3256, 3364, 3367, 3403, 3405, 3462, 3470, 3523, 3540, 3550, 3581, 3583, 3589, 3616, 3633, 3650, 3682, 3737, 3779, 3781, 3800, 3820, 3838, 3856, 3889, 3905, 3963, 3966, 3981, 3992, 3999, 4043, 4183, 4194, 4199, 4233, 4265, 4281, 4301, 4310, 4327, 4340, 4373, 4400, 4402, 4504, 4579, 4584, 4604, 4659, 4827, 4913, 4941, 4963, 4987, 5054, 5068, 5186, 5204, 5208, 5381, 5385, 5463, 5467, 5473, 5532, 5623, 5652, 5688, 5694, 5799]","[693, 1658]","[18, 34, 58, 60, 70, 72, 97, 139, 151, 225, 266, 271, 318, 341, 384, 393, 411, 487, 515, 518, 542, 582, 599, 606, 646, 650, 687, 719, 741, 747, 750, 828, 868, 913, 942, 947, 959, 966, 995, 1018, 1022, 1038, 1049, 1058, 1146, 1195, 1205, 1214, 1223, 1231, 1252, 1274, 1276, 1280, 1338, 1436, 1441, 1496, 1529, 1534, 1554, 1565, 1587, 1607, 1624, 1714, 1726, 1843, 1858, 1875, 1879, 1916, 2048, 2056, 2067, 2095, 2119, 2128, 2258, 2321, 2384, 2495, 2510, 2573, 2636, 2790, 2812, 2870, 2903, 2934, 2957, 2970, 3004, 3041, 3043, 3058, 3061, 3179, 3195, 3223, 3225, 3256, 3364, 3367, 3403, 3405, 3462, 3470, 3523, 3540, 3550, 3581, 3583, 3589, 3616, 3633, 3650, 3682, 3737, 3779, 3781, 3800, 3820, 3838, 3856, 3889, 3905, 3963, 3966, 3981, 3992, 3999, 4043, 4183, 4194, 4199, 4233, 4265, 4281, 4301, 4310, 4327, 4340, 4373, 4400, 4402, 4504, 4579, 4584, 4604, 4659, 4827, 4913, 4941, 4963, 4987, 5054, 5068, 5186, 5204, 5208, 5381, 5385, 5463, 5467, 5473, 5532, 5623, 5652, 5688, 5694, 5799]","[693, 1658]",5805,174,5631,2,172,5631,0
-1.5,HSPSAG,"[19, 27, 46, 56, 75, 110, 163, 174, 182, 200, 233, 235, 280, 292, 330, 393, 403, 407, 413, 430, 434, 439, 447, 462, 498, 639, 741, 753, 794, 806, 872, 876, 1007, 1070, 1294, 1332, 1339, 1406, 1590, 1649, 1707, 1717, 1731, 1759, 1765, 1775, 1786, 1796, 1804, 1815, 1848, 1852, 1865, 1878, 1880, 1884, 1971, 1977, 1995, 2030, 2040, 2084, 2097, 2110, 2112, 2189, 2204, 2206, 2218, 2246, 2261, 2339, 2352, 2383, 2397, 2404, 2428, 2471, 2474, 2487, 2539, 2545, 2551, 2564, 2586, 2594, 2663, 2679, 2681, 2683, 2687, 2695, 2770, 2834, 2863, 2970, 2989, 3110, 3144, 3183, 3185, 3203, 3284, 3328, 3332, 3349, 3365, 3460, 3484, 3497, 3535, 3544, 3611, 3648, 3676, 3682, 3764, 3782, 3808, 3838, 3866, 3886, 3903, 3929, 3931, 3933, 3945, 3960, 3962, 3964, 3987, 4004, 4006, 4044, 4080, 4084, 4108, 4127, 4151, 4170, 4223, 4268, 4322, 4353, 4368, 4417, 4419, 4427, 4456, 4463, 4465, 4493, 4499, 4598, 4616, 4630, 4648, 4724, 4734, 4741, 4775, 4838, 4847, 4870, 4971, 4975, 5035, 5051, 5058, 5066, 5079, 5088, 5121, 5165, 5242, 5272, 5340, 5414, 5434, 5438, 5444, 5446, 5456, 5463, 5474, 5483, 5508, 5518, 5521, 5535, 5554, 5591, 5594, 5666, 5668, 5673, 5680, 5710, 5712, 5722, 5736, 5738, 5755, 5815, 5826, 5828, 5841, 5865]","[447, 1848, 3764, 4044]","[19, 27, 46, 56, 75, 110, 163, 174, 182, 200, 233, 235, 280, 292, 330, 393, 403, 407, 413, 430, 434, 439, 462, 498, 639, 741, 753, 794, 806, 872, 876, 1007, 1070, 1294, 1332, 1339, 1406, 1590, 1649, 1707, 1717, 1731, 1759, 1765, 1775, 1786, 1796, 1804, 1815, 1852, 1865, 1878, 1880, 1884, 1971, 1977, 1995, 2030, 2040, 2084, 2097, 2110, 2112, 2189, 2204, 2206, 2218, 2246, 2261, 2339, 2352, 2383, 2397, 2404, 2428, 2471, 2474, 2487, 2539, 2545, 2551, 2564, 2586, 2594, 2663, 2679, 2681, 2683, 2687, 2695, 2770, 2834, 2863, 2970, 2989, 3110, 3144, 3183, 3185, 3203, 3284, 3328, 3332, 3349, 3365, 3460, 3484, 3497, 3535, 3544, 3611, 3648, 3676, 3682, 3782, 3808, 3838, 3866, 3886, 3903, 3929, 3931, 3933, 3945, 3960, 3962, 3964, 3987, 4004, 4006, 4080, 4084, 4108, 4127, 4151, 4170, 4223, 4268, 4322, 4353, 4368, 4417, 4419, 4427, 4456, 4463, 4465, 4493, 4499, 4598, 4616, 4630, 4648, 4724, 4734, 4741, 4775, 4838, 4847, 4870, 4971, 4975, 5035, 5051, 5058, 5066, 5079, 5088, 5121, 5165, 5242, 5272, 5340, 5414, 5434, 5438, 5444, 5446, 5456, 5463, 5474, 5483, 5508, 5518, 5521, 5535, 5554, 5591, 5594, 5666, 5668, 5673, 5680, 5710, 5712, 5722, 5736, 5738, 5755, 5815, 5826, 5828, 5841, 5865]","[447, 1848, 3764, 4044]",5865,208,5657,4,204,5657,0
-1.5,HSRPII145,"[12, 23, 100, 152, 274, 276, 333, 384, 423, 427, 449, 467, 472, 532, 545, 588, 614, 631, 657, 672, 695, 784, 799, 830, 833, 844, 903, 908, 912, 940, 942, 960, 968, 1021, 1038, 1062, 1071, 1077, 1086, 1097, 1102, 1143, 1145, 1157, 1181, 1200, 1211, 1219, 1233, 1237, 1257, 1270, 1302, 1306, 1350, 1378, 1451, 1453, 1489, 1510, 1512, 1535, 1546, 1561, 1583, 1598, 1610, 1615, 1619, 1623, 1625, 1641, 1664, 1688, 1694, 1729, 1754, 1878, 1894, 1956, 1979, 2068]","[449, 588, 908, 1071, 1233]","[12, 23, 100, 152, 274, 276, 333, 384, 423, 427, 467, 472, 532, 545, 614, 631, 657, 672, 695, 784, 799, 830, 833, 844, 903, 912, 940, 942, 960, 968, 1021, 1038, 1062, 1077, 1086, 1097, 1102, 1143, 1145, 1157, 1181, 1200, 1211, 1219, 1237, 1257, 1270, 1302, 1306, 1350, 1378, 1451, 1453, 1489, 1510, 1512, 1535, 1546, 1561, 1583, 1598, 1610, 1615, 1619, 1623, 1625, 1641, 1664, 1688, 1694, 1729, 1754, 1878, 1894, 1956, 1979, 2068]","[449, 588, 908, 1071, 1233]",2085,82,2003,5,77,2003,0
-1.5,HSRPS7,"[21, 55, 67, 85, 115, 166, 172, 180, 199, 227, 244, 264, 268, 280, 284, 288, 318, 385, 404, 415, 477, 506, 516, 520, 526, 565, 571, 585, 592, 601, 696, 716, 726, 731, 790, 794, 821, 828, 848, 875, 921, 936, 998, 1008, 1055, 1077, 1099, 1103, 1107, 1131, 1136, 1191, 1198, 1200, 1215, 1220, 1223, 1276, 1288, 1347, 1357, 1367, 1380, 1394, 1420, 1437, 1442, 1458, 1490, 1499, 1554, 1599, 1628, 1652, 1715, 1726, 1784, 1803, 1831, 1835, 1873, 1896, 1930, 1957, 2003, 2048, 2063, 2093, 2098, 2115, 2144, 2150, 2166, 2174, 2185, 2192, 2232, 2234, 2236, 2248, 2269, 2273, 2281, 2369, 2400, 2410, 2423, 2435, 2446, 2452, 2495, 2503, 2516, 2530, 2539, 2551, 2585, 2595, 2600, 2665, 2717, 2723, 2731, 2734, 2737, 2785, 2791, 2847, 2853, 2857, 2860, 2871, 2873, 2877, 2885, 2940, 2973, 2977, 2980, 2983, 3045, 3054, 3079, 3108, 3132, 3138, 3142, 3164, 3181, 3224, 3237, 3253, 3266, 3285, 3295, 3305, 3329, 3383, 3415, 3419, 3424, 3437, 3483, 3488, 3492, 3542, 3555, 3598, 3626, 3630, 3640, 3644, 3674, 3677, 3680, 3690, 3730, 3743, 3755, 3837, 3854, 3882, 3896, 3909, 3912, 3921, 3967, 3973, 3982, 4016, 4032, 4041, 4048, 4116, 4223, 4254, 4258, 4280, 4284, 4347, 4361, 4374, 4381, 4417, 4430, 4438, 4447, 4460, 4464, 4469, 4523, 4569, 4633, 4644, 4654, 4658, 4668, 4683, 4746, 4772, 4790, 4796, 4811, 4828, 4846, 4899, 4922, 4937, 4987, 4993, 5024, 5052, 5054, 5067, 5075, 5085, 5088, 5100, 5104, 5140, 5167, 5219, 5248, 5260, 5316, 5368, 5376, 5409, 5413, 5419, 5478, 5503, 5531, 5541, 5569, 5572, 5576, 5593, 5621, 5647, 5655, 5666, 5671, 5711, 5736, 5745, 5788, 5803, 5810, 5842, 5844, 5879, 5897, 5912, 5919, 5937, 6001, 6008, 6052, 6057, 6064, 6068, 6072, 6084, 6087, 6127, 6137, 6146, 6158, 6193, 6196, 6224, 6230, 6233, 6258, 6272, 6309, 6325, 6329, 6348, 6386, 6408, 6429, 6433, 6518, 6554, 6585, 6599, 6644, 6662, 6692, 6722, 6734, 6741, 6762, 6773, 6779, 6791, 6827, 6830, 6887, 6892, 6937, 6950, 6963, 6966, 6974, 6982, 6993, 6996, 7003, 7007, 7010, 7022, 7045, 7049, 7061, 7082, 7087, 7090, 7092, 7134, 7137, 7157, 7160, 7164, 7232, 7236, 7251, 7273, 7277, 7293, 7351, 7376, 7389, 7455, 7465, 7467, 7485, 7494, 7496, 7500]","[2166, 2369, 3108, 4254, 6734]","[21, 55, 67, 85, 115, 166, 172, 180, 199, 227, 244, 264, 268, 280, 284, 288, 318, 385, 404, 415, 477, 506, 516, 520, 526, 565, 571, 585, 592, 601, 696, 716, 726, 731, 790, 794, 821, 828, 848, 875, 921, 936, 998, 1008, 1055, 1077, 1099, 1103, 1107, 1131, 1136, 1191, 1198, 1200, 1215, 1220, 1223, 1276, 1288, 1347, 1357, 1367, 1380, 1394, 1420, 1437, 1442, 1458, 1490, 1499, 1554, 1599, 1628, 1652, 1715, 1726, 1784, 1803, 1831, 1835, 1873, 1896, 1930, 1957, 2003, 2048, 2063, 2093, 2098, 2115, 2144, 2150, 2174, 2185, 2192, 2232, 2234, 2236, 2248, 2269, 2273, 2281, 2400, 2410, 2423, 2435, 2446, 2452, 2495, 2503, 2516, 2530, 2539, 2551, 2585, 2595, 2600, 2665, 2717, 2723, 2731, 2734, 2737, 2785, 2791, 2847, 2853, 2857, 2860, 2871, 2873, 2877, 2885, 2940, 2973, 2977, 2980, 2983, 3045, 3054, 3079, 3132, 3138, 3142, 3164, 3181, 3224, 3237, 3253, 3266, 3285, 3295, 3305, 3329, 3383, 3415, 3419, 3424, 3437, 3483, 3488, 3492, 3542, 3555, 3598, 3626, 3630, 3640, 3644, 3674, 3677, 3680, 3690, 3730, 3743, 3755, 3837, 3854, 3882, 3896, 3909, 3912, 3921, 3967, 3973, 3982, 4016, 4032, 4041, 4048, 4116, 4223, 4258, 4280, 4284, 4347, 4361, 4374, 4381, 4417, 4430, 4438, 4447, 4460, 4464, 4469, 4523, 4569, 4633, 4644, 4654, 4658, 4668, 4683, 4746, 4772, 4790, 4796, 4811, 4828, 4846, 4899, 4922, 4937, 4987, 4993, 5024, 5052, 5054, 5067, 5075, 5085, 5088, 5100, 5104, 5140, 5167, 5219, 5248, 5260, 5316, 5368, 5376, 5409, 5413, 5419, 5478, 5503, 5531, 5541, 5569, 5572, 5576, 5593, 5621, 5647, 5655, 5666, 5671, 5711, 5736, 5745, 5788, 5803, 5810, 5842, 5844, 5879, 5897, 5912, 5919, 5937, 6001, 6008, 6052, 6057, 6064, 6068, 6072, 6084, 6087, 6127, 6137, 6146, 6158, 6193, 6196, 6224, 6230, 6233, 6258, 6272, 6309, 6325, 6329, 6348, 6386, 6408, 6429, 6433, 6518, 6554, 6585, 6599, 6644, 6662, 6692, 6722, 6741, 6762, 6773, 6779, 6791, 6827, 6830, 6887, 6892, 6937, 6950, 6963, 6966, 6974, 6982, 6993, 6996, 7003, 7007, 7010, 7022, 7045, 7049, 7061, 7082, 7087, 7090, 7092, 7134, 7137, 7157, 7160, 7164, 7232, 7236, 7251, 7273, 7277, 7293, 7351, 7376, 7389, 7455, 7465, 7467, 7485, 7494, 7496, 7500]","[2166, 2369, 3108, 4254, 6734]",7505,362,7143,5,357,7143,0
-1.5,HSSAA1B,"[13, 92, 117, 122, 127, 161, 194, 210, 229, 250, 281, 305, 349, 359, 371, 375, 435, 470, 475, 527, 598, 641, 713, 797, 862, 881, 982, 1009, 1018, 1028, 1031, 1064, 1118, 1128, 1151, 1159, 1189, 1195, 1200, 1203, 1226, 1233, 1251, 1272, 1300, 1306, 1319, 1357, 1376, 1403, 1414, 1473, 1495, 1497, 1543, 1558, 1656, 1688, 1697, 1704, 1744, 1747, 1764, 1804, 1806, 1831, 1850, 1867, 1907, 1910, 1922, 1953, 1966, 2016, 2027, 2057, 2091, 2149, 2159, 2184, 2203, 2261, 2319, 2345, 2367, 2422, 2430, 2444, 2458, 2467, 2484, 2513, 2520, 2584, 2605, 2607, 2623, 2644, 2655, 2676, 2703, 2721, 2753, 2786, 2796, 2799, 2812, 2871, 2877, 2896, 2912, 2953, 3011, 3029, 3057, 3072, 3083, 3085, 3115, 3121, 3126, 3139, 3182, 3189, 3214, 3257, 3273, 3327, 3333, 3392, 3404, 3411, 3413, 3436, 3445, 3505, 3553, 3570, 3609, 3613, 3647, 3652, 3719, 3820, 3837, 3845, 3865, 3876, 3903, 3926, 3934, 3979, 3986, 3988, 3994, 4000, 4007, 4013, 4017, 4042, 4064, 4086, 4089, 4096, 4171, 4267, 4315, 4403, 4441, 4452, 4474, 4482, 4493, 4508, 4526, 4554, 4560, 4571, 4575, 4642, 4697, 4712, 4716, 4720, 4744, 4768, 4816]","[1543, 3845]","[13, 92, 117, 122, 127, 161, 194, 210, 229, 250, 281, 305, 349, 359, 371, 375, 435, 470, 475, 527, 598, 641, 713, 797, 862, 881, 982, 1009, 1018, 1028, 1031, 1064, 1118, 1128, 1151, 1159, 1189, 1195, 1200, 1203, 1226, 1233, 1251, 1272, 1300, 1306, 1319, 1357, 1376, 1403, 1414, 1473, 1495, 1497, 1558, 1656, 1688, 1697, 1704, 1744, 1747, 1764, 1804, 1806, 1831, 1850, 1867, 1907, 1910, 1922, 1953, 1966, 2016, 2027, 2057, 2091, 2149, 2159, 2184, 2203, 2261, 2319, 2345, 2367, 2422, 2430, 2444, 2458, 2467, 2484, 2513, 2520, 2584, 2605, 2607, 2623, 2644, 2655, 2676, 2703, 2721, 2753, 2786, 2796, 2799, 2812, 2871, 2877, 2896, 2912, 2953, 3011, 3029, 3057, 3072, 3083, 3085, 3115, 3121, 3126, 3139, 3182, 3189, 3214, 3257, 3273, 3327, 3333, 3392, 3404, 3411, 3413, 3436, 3445, 3505, 3553, 3570, 3609, 3613, 3647, 3652, 3719, 3820, 3837, 3865, 3876, 3903, 3926, 3934, 3979, 3986, 3988, 3994, 4000, 4007, 4013, 4017, 4042, 4064, 4086, 4089, 4096, 4171, 4267, 4315, 4403, 4441, 4452, 4474, 4482, 4493, 4508, 4526, 4554, 4560, 4571, 4575, 4642, 4697, 4712, 4716, 4720, 4744, 4768, 4816]","[1543, 3845]",4815,187,4628,2,185,4628,0
-1.5,HSSHBG,"[17, 37, 128, 141, 183, 199, 221, 228, 232, 344, 351, 425, 472, 531, 551, 582, 605, 664, 696, 703, 732, 787, 817, 856, 887, 911, 949, 1016, 1020, 1058, 1089, 1100, 1125, 1183, 1231, 1235, 1243, 1257, 1313, 1336, 1389, 1395, 1416, 1428, 1443, 1461, 1544, 1551, 1568, 1590, 1605, 1615, 1654, 1713, 1753, 1781, 1872, 1877, 1938, 2205, 2218, 2231, 2238, 2276, 2291, 2362, 2365, 2368, 2378, 2388, 2428, 2497, 2506, 2544, 2562, 2575, 2587, 2615, 2672, 2676, 2679, 2759, 2764, 2776, 2810, 2823, 2827, 2867, 2882, 2943, 2946, 2960, 2988, 3019, 3030, 3033, 3047, 3148, 3278, 3285, 3288, 3306, 3315, 3323, 3440, 3454, 3605, 3618, 3630, 3637, 3671, 3686, 3744, 3778, 3803]","[472, 696, 1058, 1551, 1938, 2205, 3148]","[17, 37, 128, 141, 183, 199, 221, 228, 232, 344, 351, 425, 531, 551, 582, 605, 664, 703, 732, 787, 817, 856, 887, 911, 949, 1016, 1020, 1089, 1100, 1125, 1183, 1231, 1235, 1243, 1257, 1313, 1336, 1389, 1395, 1416, 1428, 1443, 1461, 1544, 1568, 1590, 1605, 1615, 1654, 1713, 1753, 1781, 1872, 1877, 2218, 2231, 2238, 2276, 2291, 2362, 2365, 2368, 2378, 2388, 2428, 2497, 2506, 2544, 2562, 2575, 2587, 2615, 2672, 2676, 2679, 2759, 2764, 2776, 2810, 2823, 2827, 2867, 2882, 2943, 2946, 2960, 2988, 3019, 3030, 3033, 3047, 3278, 3285, 3288, 3306, 3315, 3323, 3440, 3454, 3605, 3618, 3630, 3637, 3671, 3686, 3744, 3778, 3803]","[472, 696, 1058, 1551, 1938, 2205, 3148]",3802,115,3687,7,108,3687,0
-1.5,HSSSPN1AG,"[8, 42, 65, 152, 155, 269, 293, 336, 357, 359, 370, 372, 399, 409, 418, 436, 456, 535, 547, 567, 589, 673, 743, 778, 785, 854, 859, 948, 974, 977, 1031, 1125, 1135, 1148, 1157, 1163, 1232, 1245, 1289, 1320, 1343, 1373, 1378, 1384, 1402, 1407, 1416, 1424, 1434, 1569, 1616, 1635, 1646, 1667, 1672, 1678, 1740, 1772, 1781, 1809, 1846, 1853, 1860, 1865, 1872, 1874, 1937, 1999, 2022, 2030, 2035, 2049, 2066, 2070, 2076, 2081, 2097, 2109, 2119, 2140, 2146, 2159, 2171, 2220, 2243, 2258, 2260, 2280, 2308, 2330, 2335, 2362, 2396, 2400, 2464, 2474, 2483, 2485, 2523, 2537, 2575, 2578, 2595, 2640, 2652, 2656, 2662, 2667, 2735, 2751, 2769, 2808, 2812, 2846, 2848, 2859, 2869, 2881, 2896, 2905, 2907, 2947, 2973, 2975, 2997, 3014, 3028, 3040, 3042, 3073, 3089, 3145, 3159, 3240, 3269, 3273, 3283, 3304, 3316, 3322, 3341, 3348, 3360, 3370, 3374, 3384, 3433, 3491, 3518, 3559, 3580, 3588, 3590, 3614, 3625, 3653, 3699, 3717, 3726, 3754, 3781, 3788, 3796, 3857, 3861, 3864, 3907, 3922, 3934, 3945, 3963, 3972, 4013, 4016, 4018, 4053, 4068, 4070, 4077, 4087]","[1343, 1635, 1809, 3360, 3491]","[8, 42, 65, 152, 155, 269, 293, 336, 357, 359, 370, 372, 399, 409, 418, 436, 456, 535, 547, 567, 589, 673, 743, 778, 785, 854, 859, 948, 974, 977, 1031, 1125, 1135, 1148, 1157, 1163, 1232, 1245, 1289, 1320, 1373, 1378, 1384, 1402, 1407, 1416, 1424, 1434, 1569, 1616, 1646, 1667, 1672, 1678, 1740, 1772, 1781, 1846, 1853, 1860, 1865, 1872, 1874, 1937, 1999, 2022, 2030, 2035, 2049, 2066, 2070, 2076, 2081, 2097, 2109, 2119, 2140, 2146, 2159, 2171, 2220, 2243, 2258, 2260, 2280, 2308, 2330, 2335, 2362, 2396, 2400, 2464, 2474, 2483, 2485, 2523, 2537, 2575, 2578, 2595, 2640, 2652, 2656, 2662, 2667, 2735, 2751, 2769, 2808, 2812, 2846, 2848, 2859, 2869, 2881, 2896, 2905, 2907, 2947, 2973, 2975, 2997, 3014, 3028, 3040, 3042, 3073, 3089, 3145, 3159, 3240, 3269, 3273, 3283, 3304, 3316, 3322, 3341, 3348, 3370, 3374, 3384, 3433, 3518, 3559, 3580, 3588, 3590, 3614, 3625, 3653, 3699, 3717, 3726, 3754, 3781, 3788, 3796, 3857, 3861, 3864, 3907, 3922, 3934, 3945, 3963, 3972, 4013, 4016, 4018, 4053, 4068, 4070, 4077, 4087]","[1343, 1635, 1809, 3360, 3491]",4088,180,3908,5,175,3908,0
-1.5,HSSURF3,"[19, 22, 27, 54, 105, 118, 194, 200, 284, 288, 295, 303, 319, 328, 403, 405, 470, 485, 508, 529, 538, 566, 577, 610, 638, 645, 656, 676, 679, 711, 743, 756, 764, 767, 777, 813, 818, 873, 885, 942, 963, 987, 990, 1001, 1033, 1037, 1061, 1084, 1087, 1095, 1103, 1110, 1120, 1124, 1126, 1131, 1134, 1231, 1269, 1280, 1294, 1316, 1323, 1341, 1361, 1378, 1380, 1384, 1386, 1398, 1426, 1478, 1521, 1580, 1603, 1643, 1692, 1697, 1702, 1707, 1765, 1790, 1853, 1893, 1935, 1974, 2048, 2052, 2071, 2092, 2105, 2132, 2139, 2160, 2164, 2191, 2209, 2213, 2224, 2227, 2230, 2252, 2264, 2288, 2291, 2306, 2321, 2325, 2377, 2393, 2397, 2411, 2415, 2424, 2449, 2495, 2562, 2601, 2621, 2626, 2677, 2706, 2721, 2729, 2733, 2861, 2878, 2890, 2893, 2936, 3032, 3074, 3102, 3226, 3269, 3278, 3300, 3304, 3311, 3362, 3369, 3376, 3388]","[284, 1033, 1692, 2048, 2321, 2729, 3074]","[19, 22, 27, 54, 105, 118, 194, 200, 288, 295, 303, 319, 328, 403, 405, 470, 485, 508, 529, 538, 566, 577, 610, 638, 645, 656, 676, 679, 711, 743, 756, 764, 767, 777, 813, 818, 873, 885, 942, 963, 987, 990, 1001, 1037, 1061, 1084, 1087, 1095, 1103, 1110, 1120, 1124, 1126, 1131, 1134, 1231, 1269, 1280, 1294, 1316, 1323, 1341, 1361, 1378, 1380, 1384, 1386, 1398, 1426, 1478, 1521, 1580, 1603, 1643, 1697, 1702, 1707, 1765, 1790, 1853, 1893, 1935, 1974, 2052, 2071, 2092, 2105, 2132, 2139, 2160, 2164, 2191, 2209, 2213, 2224, 2227, 2230, 2252, 2264, 2288, 2291, 2306, 2325, 2377, 2393, 2397, 2411, 2415, 2424, 2449, 2495, 2562, 2601, 2621, 2626, 2677, 2706, 2721, 2733, 2861, 2878, 2890, 2893, 2936, 3032, 3102, 3226, 3269, 3278, 3300, 3304, 3311, 3362, 3369, 3376, 3388]","[284, 1033, 1692, 2048, 2321, 2729, 3074]",3407,143,3264,7,136,3264,0
-1.5,HSTNFB,"[21, 38, 40, 63, 96, 112, 143, 189, 236, 328, 354, 358, 372, 405, 440, 454, 653, 702, 808, 836, 871, 878, 901, 927, 980, 984, 989, 995, 1025, 1069, 1122, 1172, 1180, 1202, 1218, 1267, 1292, 1309, 1311, 1313, 1354, 1375, 1406, 1471, 1473, 1507, 1567, 1736, 1862, 1880, 1909, 1919, 1945, 2011, 2031, 2044, 2071, 2073, 2109, 2195, 2223, 2308, 2362, 2432, 2436, 2484, 2488, 2506, 2691, 2732, 2862, 2870, 2872, 2874, 2876, 2878, 2880, 2888, 2954, 2999, 3015]","[1375, 1567]","[21, 38, 40, 63, 96, 112, 143, 189, 236, 328, 354, 358, 372, 405, 440, 454, 653, 702, 808, 836, 871, 878, 901, 927, 980, 984, 989, 995, 1025, 1069, 1122, 1172, 1180, 1202, 1218, 1267, 1292, 1309, 1311, 1313, 1354, 1406, 1471, 1473, 1507, 1736, 1862, 1880, 1909, 1919, 1945, 2011, 2031, 2044, 2071, 2073, 2109, 2195, 2223, 2308, 2362, 2432, 2436, 2484, 2488, 2506, 2691, 2732, 2862, 2870, 2872, 2874, 2876, 2878, 2880, 2888, 2954, 2999, 3015]","[1375, 1567]",3029,81,2948,2,79,2948,0
-1.5,HSTPI1G,"[38, 66, 68, 87, 123, 136, 145, 159, 192, 207, 231, 255, 297, 313, 325, 351, 419, 439, 448, 576, 583, 655, 692, 730, 746, 767, 800, 827, 837, 864, 884, 915, 919, 923, 972, 987, 1026, 1045, 1096, 1127, 1143, 1277, 1304, 1363, 1367, 1372, 1511, 1558, 1590, 1612, 1616, 1621, 1685, 1694, 1707, 1727, 1732, 1768, 1782, 1817, 1845, 1855, 1888, 1893, 1913, 1916, 1920, 1979, 2003, 2035, 2046, 2056, 2058, 2060, 2085, 2105, 2176, 2180, 2221, 2231, 2235, 2289, 2320, 2350, 2407, 2428, 2438, 2493, 2498, 2561, 2604, 2646, 2663, 2718, 2740, 2758, 2779, 2781, 2792, 2821, 2867, 2938, 2971, 2988, 3001, 3028, 3034, 3064, 3102, 3138, 3150, 3166, 3181, 3185, 3194, 3207, 3212, 3249, 3312, 3354, 3369, 3373, 3376, 3399, 3486, 3519, 3538, 3555, 3587, 3593, 3632, 3645, 3654, 3685, 3688, 3705, 3720, 3760, 3790, 3808, 3814, 3822, 3827, 3829, 3833, 3846, 3870, 3878, 3947, 3976, 4025, 4077, 4112, 4118, 4151, 4164, 4190, 4193, 4212, 4216, 4219, 4236, 4244, 4293, 4303, 4306, 4330, 4342, 4344, 4376, 4380, 4386, 4457, 4459, 4534, 4547, 4586, 4598, 4601, 4651, 4721, 4796, 4811, 4827, 4829, 4845, 4849, 4868, 4888, 4901, 4908, 4933, 4947, 4957, 4978]","[746, 2035, 2231, 2438, 2821, 3181]","[38, 66, 68, 87, 123, 136, 145, 159, 192, 207, 231, 255, 297, 313, 325, 351, 419, 439, 448, 576, 583, 655, 692, 730, 767, 800, 827, 837, 864, 884, 915, 919, 923, 972, 987, 1026, 1045, 1096, 1127, 1143, 1277, 1304, 1363, 1367, 1372, 1511, 1558, 1590, 1612, 1616, 1621, 1685, 1694, 1707, 1727, 1732, 1768, 1782, 1817, 1845, 1855, 1888, 1893, 1913, 1916, 1920, 1979, 2003, 2046, 2056, 2058, 2060, 2085, 2105, 2176, 2180, 2221, 2235, 2289, 2320, 2350, 2407, 2428, 2493, 2498, 2561, 2604, 2646, 2663, 2718, 2740, 2758, 2779, 2781, 2792, 2867, 2938, 2971, 2988, 3001, 3028, 3034, 3064, 3102, 3138, 3150, 3166, 3185, 3194, 3207, 3212, 3249, 3312, 3354, 3369, 3373, 3376, 3399, 3486, 3519, 3538, 3555, 3587, 3593, 3632, 3645, 3654, 3685, 3688, 3705, 3720, 3760, 3790, 3808, 3814, 3822, 3827, 3829, 3833, 3846, 3870, 3878, 3947, 3976, 4025, 4077, 4112, 4118, 4151, 4164, 4190, 4193, 4212, 4216, 4219, 4236, 4244, 4293, 4303, 4306, 4330, 4342, 4344, 4376, 4380, 4386, 4457, 4459, 4534, 4547, 4586, 4598, 4601, 4651, 4721, 4796, 4811, 4827, 4829, 4845, 4849, 4868, 4888, 4901, 4908, 4933, 4947, 4957, 4978]","[746, 2035, 2231, 2438, 2821, 3181]",4987,195,4792,6,189,4792,0
-1.5,HSTUBAG,"[12, 17, 22, 71, 90, 93, 96, 105, 110, 153, 158, 175, 284, 308, 310, 314, 323, 359, 410, 430, 465, 471, 489, 536, 566, 568, 592, 614, 633, 656, 708, 723, 742, 801, 806, 837, 839, 841, 843, 845, 847, 849, 851, 853, 855, 857, 859, 861, 863, 865, 867, 869, 871, 875, 902, 904, 906, 908, 910, 912, 914, 916, 918, 920, 922, 924, 928, 937, 978, 984, 993, 1071, 1074, 1134, 1141, 1223, 1235, 1265, 1267, 1269, 1271, 1273, 1277, 1308, 1329, 1349, 1410, 1447, 1457, 1498, 1539, 1549, 1624, 1642, 1650, 1717, 1770, 1823, 1826, 1848, 1905, 1912, 1932, 1937, 1977, 2065, 2069, 2085, 2098, 2173, 2221, 2244, 2256, 2258, 2262, 2280, 2287, 2301, 2310, 2323, 2337, 2360, 2427, 2440, 2560, 2562, 2584, 2607, 2689, 2745, 2753, 2759, 2813, 2821, 2841, 2882, 2896, 2904, 2937, 2949, 2979, 3041, 3053, 3111, 3122, 3153, 3199, 3207, 3215, 3290, 3374, 3419, 3426, 3441, 3466, 3471, 3474, 3479, 3482, 3494, 3528, 3538, 3550, 3569, 3596, 3599, 3606, 3623, 3635, 3637, 3694, 3706, 3717, 3733, 3737, 3759, 3777, 3815, 3819, 3821, 3843, 3878, 3887, 3939, 3956, 3960, 3966, 3968, 4045, 4052, 4064]","[536, 2287, 2584]","[12, 17, 22, 71, 90, 93, 96, 105, 110, 153, 158, 175, 284, 308, 310, 314, 323, 359, 410, 430, 465, 471, 489, 566, 568, 592, 614, 633, 656, 708, 723, 742, 801, 806, 837, 839, 841, 843, 845, 847, 849, 851, 853, 855, 857, 859, 861, 863, 865, 867, 869, 871, 875, 902, 904, 906, 908, 910, 912, 914, 916, 918, 920, 922, 924, 928, 937, 978, 984, 993, 1071, 1074, 1134, 1141, 1223, 1235, 1265, 1267, 1269, 1271, 1273, 1277, 1308, 1329, 1349, 1410, 1447, 1457, 1498, 1539, 1549, 1624, 1642, 1650, 1717, 1770, 1823, 1826, 1848, 1905, 1912, 1932, 1937, 1977, 2065, 2069, 2085, 2098, 2173, 2221, 2244, 2256, 2258, 2262, 2280, 2301, 2310, 2323, 2337, 2360, 2427, 2440, 2560, 2562, 2607, 2689, 2745, 2753, 2759, 2813, 2821, 2841, 2882, 2896, 2904, 2937, 2949, 2979, 3041, 3053, 3111, 3122, 3153, 3199, 3207, 3215, 3290, 3374, 3419, 3426, 3441, 3466, 3471, 3474, 3479, 3482, 3494, 3528, 3538, 3550, 3569, 3596, 3599, 3606, 3623, 3635, 3637, 3694, 3706, 3717, 3733, 3737, 3759, 3777, 3815, 3819, 3821, 3843, 3878, 3887, 3939, 3956, 3960, 3966, 3968, 4045, 4052, 4064]","[536, 2287, 2584]",4079,191,3888,3,188,3888,0
-1.5,HSU01102,"[13, 53, 81, 100, 142, 147, 149, 155, 192, 222, 262, 270, 275, 279, 296, 318, 361, 371, 373, 388, 405, 450, 457, 462, 471, 503, 545, 625, 640, 668, 672, 745, 812, 817, 858, 877, 939, 963, 1032, 1045, 1052, 1077, 1105, 1137, 1204, 1257, 1269, 1290, 1391, 1418, 1536, 1561, 1585, 1630, 1632, 1652, 1657, 1663, 1671, 1675, 1711, 1715, 1736, 1738, 1773, 1785, 1842, 1865, 1870, 1909, 1939, 1943, 1947, 1983, 1992, 2003, 2014, 2026, 2069, 2076, 2082, 2132, 2154, 2166, 2192, 2196, 2210, 2242, 2287, 2300, 2359, 2365, 2418, 2494, 2549, 2561, 2568, 2607, 2619, 2632, 2645, 2732, 2736, 2746, 2768, 2771, 2795, 2808, 2825, 2828, 2834, 2858, 2860, 2875, 2877, 2885, 2907, 2921, 2930, 3050, 3055, 3099, 3125, 3133, 3140, 3170, 3179, 3190, 3200, 3213, 3232, 3258, 3273, 3275, 3285, 3343, 3393, 3412, 3618, 3683, 3738, 3848, 3896, 3914, 3923, 3930, 3952, 3965, 4008, 4040, 4084, 4100, 4141, 4166, 4249, 4262, 4317, 4323, 4351, 4403, 4428, 4472, 4503, 4548, 4556, 4567, 4575, 4577, 4590, 4611, 4638, 4655, 4690, 4761, 4779, 4822, 4883, 4885]","[668, 3896]","[13, 53, 81, 100, 142, 147, 149, 155, 192, 222, 262, 270, 275, 279, 296, 318, 361, 371, 373, 388, 405, 450, 457, 462, 471, 503, 545, 625, 640, 672, 745, 812, 817, 858, 877, 939, 963, 1032, 1045, 1052, 1077, 1105, 1137, 1204, 1257, 1269, 1290, 1391, 1418, 1536, 1561, 1585, 1630, 1632, 1652, 1657, 1663, 1671, 1675, 1711, 1715, 1736, 1738, 1773, 1785, 1842, 1865, 1870, 1909, 1939, 1943, 1947, 1983, 1992, 2003, 2014, 2026, 2069, 2076, 2082, 2132, 2154, 2166, 2192, 2196, 2210, 2242, 2287, 2300, 2359, 2365, 2418, 2494, 2549, 2561, 2568, 2607, 2619, 2632, 2645, 2732, 2736, 2746, 2768, 2771, 2795, 2808, 2825, 2828, 2834, 2858, 2860, 2875, 2877, 2885, 2907, 2921, 2930, 3050, 3055, 3099, 3125, 3133, 3140, 3170, 3179, 3190, 3200, 3213, 3232, 3258, 3273, 3275, 3285, 3343, 3393, 3412, 3618, 3683, 3738, 3848, 3914, 3923, 3930, 3952, 3965, 4008, 4040, 4084, 4100, 4141, 4166, 4249, 4262, 4317, 4323, 4351, 4403, 4428, 4472, 4503, 4548, 4556, 4567, 4575, 4577, 4590, 4611, 4638, 4655, 4690, 4761, 4779, 4822, 4883, 4885]","[668, 3896]",4987,178,4809,2,176,4809,0
-1.5,HSU04357,"[24, 97, 118, 123, 132, 136, 192, 217, 310, 314, 366, 370, 459, 582, 603, 657, 674, 693, 708, 748, 764, 766, 774, 779, 792, 800, 847, 872, 886, 909, 915, 978, 985, 996, 1036, 1068, 1070, 1074, 1090, 1107, 1135, 1140, 1201, 1215, 1217, 1227, 1239, 1254, 1263, 1272, 1277, 1299, 1307, 1316, 1342, 1346, 1348, 1354, 1399, 1459, 1470, 1531, 1562, 1650, 1660, 1665, 1715, 1743, 1764, 1786, 1788, 1820, 1838, 1867, 1882, 1900, 1902, 1932, 1953, 1963, 1974]","[97, 1342]","[24, 118, 123, 132, 136, 192, 217, 310, 314, 366, 370, 459, 582, 603, 657, 674, 693, 708, 748, 764, 766, 774, 779, 792, 800, 847, 872, 886, 909, 915, 978, 985, 996, 1036, 1068, 1070, 1074, 1090, 1107, 1135, 1140, 1201, 1215, 1217, 1227, 1239, 1254, 1263, 1272, 1277, 1299, 1307, 1316, 1346, 1348, 1354, 1399, 1459, 1470, 1531, 1562, 1650, 1660, 1665, 1715, 1743, 1764, 1786, 1788, 1820, 1838, 1867, 1882, 1900, 1902, 1932, 1953, 1963, 1974]","[97, 1342]",2074,81,1993,2,79,1993,0
-1.5,HSU04636,"[25, 42, 97, 103, 115, 165, 176, 220, 224, 228, 287, 316, 328, 353, 444, 465, 555, 569, 608, 652, 673, 677, 741, 749, 772, 814, 823, 852, 858, 869, 989, 996, 1018, 1022, 1051, 1092, 1102, 1135, 1165, 1180, 1287, 1324, 1357, 1384, 1449, 1492, 1518, 1523, 1591, 1601, 1608, 1647, 1678, 1689, 1730, 1842, 1854, 1856, 1860, 1866, 1868, 1882, 1888, 1896, 1935, 1939, 1951, 1966, 1990, 2105, 2144, 2147, 2199, 2203, 2209, 2222, 2262, 2382, 2398, 2421, 2426, 2430, 2434, 2440, 2448, 2497, 2561, 2565, 2605, 2650, 2657, 2663, 2679, 2688, 2707, 2709, 2761, 2795, 2959, 2987, 2996, 3000, 3022, 3120, 3131, 3143, 3167, 3183, 3189, 3264, 3325, 3354, 3365, 3426, 3458, 3517, 3608, 3632, 3636, 3776, 3781, 3843, 3849, 3861, 3875, 3894, 3898, 3910, 3932, 3960, 3965, 3970, 4017, 4024, 4084, 4089, 4121, 4155, 4159, 4168, 4211, 4340, 4362, 4383, 4424, 4493, 4560, 4573, 4629, 4636, 4648, 4655, 4660, 4667, 4677, 4711, 4720, 4748, 4790, 4839, 4841, 4864, 4878, 4881, 4919, 5025, 5062, 5089, 5104, 5117, 5175, 5186, 5322, 5359, 5395, 5399, 5452, 5455, 5471, 5544, 5563, 5593, 5654, 5681, 5719, 5723, 5784, 5811, 5860, 5867, 5870, 5890, 5899, 5955, 6008, 6041, 6045, 6049, 6113, 6118, 6189, 6211, 6234, 6243, 6254, 6262, 6264, 6277, 6296, 6323, 6340, 6385, 6404, 6448, 6453, 6467, 6507, 6516, 6533, 6547, 6555, 6571, 6602, 6613, 6619, 6653, 6698, 6706, 6760, 6817, 6871, 6887, 6900, 7005, 7014, 7018, 7026, 7050, 7093, 7194, 7202, 7257, 7295, 7304, 7319, 7328, 7357, 7363, 7401, 7467, 7479, 7489, 7516, 7555, 7605, 7628, 7643, 7645, 7692, 7695, 7768, 7775, 7798, 7891, 7907, 7928, 7937, 7947, 7985, 8023, 8108, 8112, 8301, 8379, 8396, 8439, 8466, 8483, 8490, 8494, 8507, 8569, 8640, 8645, 8699, 8709, 8756, 8772, 8792, 8815, 8827, 8873, 8880, 8903, 8942, 8982, 9032, 9034, 9044, 9088, 9207, 9234, 9320, 9325, 9341, 9356, 9358, 9371, 9382, 9396, 9410]","[1018, 1935, 2199, 2996, 3608, 4424, 4790, 5359, 6008]","[25, 42, 97, 103, 115, 165, 176, 220, 224, 228, 287, 316, 328, 353, 444, 465, 555, 569, 608, 652, 673, 677, 741, 749, 772, 814, 823, 852, 858, 869, 989, 996, 1022, 1051, 1092, 1102, 1135, 1165, 1180, 1287, 1324, 1357, 1384, 1449, 1492, 1518, 1523, 1591, 1601, 1608, 1647, 1678, 1689, 1730, 1842, 1854, 1856, 1860, 1866, 1868, 1882, 1888, 1896, 1939, 1951, 1966, 1990, 2105, 2144, 2147, 2203, 2209, 2222, 2262, 2382, 2398, 2421, 2426, 2430, 2434, 2440, 2448, 2497, 2561, 2565, 2605, 2650, 2657, 2663, 2679, 2688, 2707, 2709, 2761, 2795, 2959, 2987, 3000, 3022, 3120, 3131, 3143, 3167, 3183, 3189, 3264, 3325, 3354, 3365, 3426, 3458, 3517, 3632, 3636, 3776, 3781, 3843, 3849, 3861, 3875, 3894, 3898, 3910, 3932, 3960, 3965, 3970, 4017, 4024, 4084, 4089, 4121, 4155, 4159, 4168, 4211, 4340, 4362, 4383, 4493, 4560, 4573, 4629, 4636, 4648, 4655, 4660, 4667, 4677, 4711, 4720, 4748, 4839, 4841, 4864, 4878, 4881, 4919, 5025, 5062, 5089, 5104, 5117, 5175, 5186, 5322, 5395, 5399, 5452, 5455, 5471, 5544, 5563, 5593, 5654, 5681, 5719, 5723, 5784, 5811, 5860, 5867, 5870, 5890, 5899, 5955, 6041, 6045, 6049, 6113, 6118, 6189, 6211, 6234, 6243, 6254, 6262, 6264, 6277, 6296, 6323, 6340, 6385, 6404, 6448, 6453, 6467, 6507, 6516, 6533, 6547, 6555, 6571, 6602, 6613, 6619, 6653, 6698, 6706, 6760, 6817, 6871, 6887, 6900, 7005, 7014, 7018, 7026, 7050, 7093, 7194, 7202, 7257, 7295, 7304, 7319, 7328, 7357, 7363, 7401, 7467, 7479, 7489, 7516, 7555, 7605, 7628, 7643, 7645, 7692, 7695, 7768, 7775, 7798, 7891, 7907, 7928, 7937, 7947, 7985, 8023, 8108, 8112, 8301, 8379, 8396, 8439, 8466, 8483, 8490, 8494, 8507, 8569, 8640, 8645, 8699, 8709, 8756, 8772, 8792, 8815, 8827, 8873, 8880, 8903, 8942, 8982, 9032, 9034, 9044, 9088, 9207, 9234, 9320, 9325, 9341, 9356, 9358, 9371, 9382, 9396, 9410]","[1018, 1935, 2199, 2996, 3608, 4424, 4790, 5359, 6008]",9445,311,9134,9,302,9134,0
-1.5,HSU05259,"[20, 54, 109, 130, 150, 153, 164, 192, 201, 228, 241, 247, 299, 316, 344, 392, 423, 486, 499, 582, 627, 632, 637, 644, 655, 765, 782, 814, 826, 927, 933, 951, 1021, 1119, 1134, 1138, 1177, 1189, 1222, 1271, 1304, 1347, 1364, 1376, 1462, 1633, 1675, 1742, 1753, 1773, 1822, 1857, 1862, 1891, 1915, 1979, 1998, 2044, 2051, 2055, 2091, 2173, 2235, 2247, 2304, 2338, 2392, 2404, 2417, 2435, 2495, 2503, 2530, 2571, 2591, 2618, 2620, 2627, 2644, 2678, 2685, 2689, 2735, 2748, 2763, 2774, 2778, 2824, 2829, 2840, 2859, 3015, 3018, 3045, 3067, 3109, 3129, 3179, 3236, 3316, 3349, 3351, 3354, 3366, 3368, 3387, 3419, 3449, 3451, 3483, 3491, 3553, 3632, 3672, 3710, 3904, 3907, 3937, 3977, 3999, 4085, 4128, 4132, 4139, 4150, 4164, 4171, 4177, 4191, 4214, 4216, 4222, 4230, 4281, 4324, 4365, 4403, 4418, 4490, 4497, 4505, 4552, 4642, 4681, 4692, 4720, 4734, 4776, 4871, 4878, 4921, 4945, 4976, 5018, 5090, 5096, 5155, 5200, 5209, 5220, 5230, 5243, 5264, 5291, 5360, 5385, 5390, 5436, 5453, 5473, 5504, 5515, 5525, 5538, 5559, 5587, 5619, 5652]","[782, 2685, 3045, 4128]","[20, 54, 109, 130, 150, 153, 164, 192, 201, 228, 241, 247, 299, 316, 344, 392, 423, 486, 499, 582, 627, 632, 637, 644, 655, 765, 814, 826, 927, 933, 951, 1021, 1119, 1134, 1138, 1177, 1189, 1222, 1271, 1304, 1347, 1364, 1376, 1462, 1633, 1675, 1742, 1753, 1773, 1822, 1857, 1862, 1891, 1915, 1979, 1998, 2044, 2051, 2055, 2091, 2173, 2235, 2247, 2304, 2338, 2392, 2404, 2417, 2435, 2495, 2503, 2530, 2571, 2591, 2618, 2620, 2627, 2644, 2678, 2689, 2735, 2748, 2763, 2774, 2778, 2824, 2829, 2840, 2859, 3015, 3018, 3067, 3109, 3129, 3179, 3236, 3316, 3349, 3351, 3354, 3366, 3368, 3387, 3419, 3449, 3451, 3483, 3491, 3553, 3632, 3672, 3710, 3904, 3907, 3937, 3977, 3999, 4085, 4132, 4139, 4150, 4164, 4171, 4177, 4191, 4214, 4216, 4222, 4230, 4281, 4324, 4365, 4403, 4418, 4490, 4497, 4505, 4552, 4642, 4681, 4692, 4720, 4734, 4776, 4871, 4878, 4921, 4945, 4976, 5018, 5090, 5096, 5155, 5200, 5209, 5220, 5230, 5243, 5264, 5291, 5360, 5385, 5390, 5436, 5453, 5473, 5504, 5515, 5525, 5538, 5559, 5587, 5619, 5652]","[782, 2685, 3045, 4128]",5662,178,5484,4,174,5484,0
-1.5,HSU07807,"[7, 10, 56, 59, 99, 101, 106, 120, 127, 179, 184, 188, 194, 201, 253, 268, 319, 374, 380, 403, 405, 426, 454, 459, 463, 484, 506, 580, 582, 591, 609, 614, 692, 742, 744, 752, 757, 761, 781, 822, 870, 891, 906, 927, 1014, 1031, 1040, 1078, 1097, 1144, 1154, 1197, 1225, 1299, 1324, 1362, 1381, 1387, 1390, 1392, 1405, 1523, 1526, 1531, 1590, 1638, 1740, 1819, 1848, 1864, 1983, 1988, 1991, 1995, 2001, 2047, 2054, 2068, 2082, 2100, 2481, 2483, 2491, 2562, 2568, 2577, 2579, 2594, 2598, 2602, 2644, 2652, 2654, 2703, 2720, 2736, 2738, 2740, 2774, 2785, 2795, 2829, 2856, 2873, 2883, 2899, 2901, 2955, 2959, 2972, 2991, 3055, 3133, 3139, 3168, 3247, 3291, 3298, 3333, 3335, 3368, 3377, 3386, 3390, 3395, 3421, 3446, 3451, 3460, 3464, 3495, 3509, 3541, 3586, 3589, 3599, 3658, 3664, 3699, 3708, 3933, 3947, 3958, 4006, 4023, 4052, 4054, 4098, 4101, 4197, 4222, 4284, 4332, 4335, 4347, 4350, 4361, 4431, 4440, 4477, 4508, 4542, 4544, 4548, 4553, 4570, 4581, 4590, 4593, 4618, 4621, 4623, 4627, 4638, 4643, 4673, 4681, 4725, 4748, 4765, 4771, 4778, 4796]","[757, 3386]","[7, 10, 56, 59, 99, 101, 106, 120, 127, 179, 184, 188, 194, 201, 253, 268, 319, 374, 380, 403, 405, 426, 454, 459, 463, 484, 506, 580, 582, 591, 609, 614, 692, 742, 744, 752, 761, 781, 822, 870, 891, 906, 927, 1014, 1031, 1040, 1078, 1097, 1144, 1154, 1197, 1225, 1299, 1324, 1362, 1381, 1387, 1390, 1392, 1405, 1523, 1526, 1531, 1590, 1638, 1740, 1819, 1848, 1864, 1983, 1988, 1991, 1995, 2001, 2047, 2054, 2068, 2082, 2100, 2481, 2483, 2491, 2562, 2568, 2577, 2579, 2594, 2598, 2602, 2644, 2652, 2654, 2703, 2720, 2736, 2738, 2740, 2774, 2785, 2795, 2829, 2856, 2873, 2883, 2899, 2901, 2955, 2959, 2972, 2991, 3055, 3133, 3139, 3168, 3247, 3291, 3298, 3333, 3335, 3368, 3377, 3390, 3395, 3421, 3446, 3451, 3460, 3464, 3495, 3509, 3541, 3586, 3589, 3599, 3658, 3664, 3699, 3708, 3933, 3947, 3958, 4006, 4023, 4052, 4054, 4098, 4101, 4197, 4222, 4284, 4332, 4335, 4347, 4350, 4361, 4431, 4440, 4477, 4508, 4542, 4544, 4548, 4553, 4570, 4581, 4590, 4593, 4618, 4621, 4623, 4627, 4638, 4643, 4673, 4681, 4725, 4748, 4765, 4771, 4778, 4796]","[757, 3386]",4831,183,4648,2,181,4648,0
-1.5,HSU07983,"[79, 90, 101, 117, 121, 127, 137, 145, 152, 154, 170, 211, 213, 237, 280, 283, 287, 295, 354, 390, 394, 406, 440, 456, 459, 486, 515, 522, 525, 531, 594, 600, 612, 621, 727, 742, 762, 834, 945, 982, 1003, 1008, 1148, 1158, 1169, 1242, 1286, 1378]",[390],"[79, 90, 101, 117, 121, 127, 137, 145, 152, 154, 170, 211, 213, 237, 280, 283, 287, 295, 354, 394, 406, 440, 456, 459, 486, 515, 522, 525, 531, 594, 600, 612, 621, 727, 742, 762, 834, 945, 982, 1003, 1008, 1148, 1158, 1169, 1242, 1286, 1378]",[390],1418,48,1370,1,47,1370,0
-1.5,HSU08198,"[12, 15, 24, 51, 59, 91, 108, 113, 139, 145, 161, 163, 180, 184, 197, 226, 241, 255, 275, 311, 318, 362, 373, 395, 398, 583, 589, 599, 613, 622, 631, 645, 676, 684, 691, 693, 707, 725, 746, 757, 779, 785, 848, 875, 879, 895, 987, 1009, 1015, 1027, 1030, 1072, 1124, 1142, 1147, 1151, 1172, 1194, 1228, 1234, 1275, 1299, 1303, 1316, 1320, 1336, 1392, 1457, 1460, 1476, 1478, 1552, 1574, 1601, 1613, 1620, 1624, 1637, 1684, 1689, 1693, 1706, 1801, 1811, 1815, 1842, 1845, 1892, 1900, 1922, 1932, 1936, 1960, 1965, 1985, 2056, 2060, 2068, 2085, 2132, 2189, 2210, 2275, 2303]","[583, 895, 1124, 1316, 1689, 1811]","[12, 15, 24, 51, 59, 91, 108, 113, 139, 145, 161, 163, 180, 184, 197, 226, 241, 255, 275, 311, 318, 362, 373, 395, 398, 589, 599, 613, 622, 631, 645, 676, 684, 691, 693, 707, 725, 746, 757, 779, 785, 848, 875, 879, 987, 1009, 1015, 1027, 1030, 1072, 1142, 1147, 1151, 1172, 1194, 1228, 1234, 1275, 1299, 1303, 1320, 1336, 1392, 1457, 1460, 1476, 1478, 1552, 1574, 1601, 1613, 1620, 1624, 1637, 1684, 1693, 1706, 1801, 1815, 1842, 1845, 1892, 1900, 1922, 1932, 1936, 1960, 1965, 1985, 2056, 2060, 2068, 2085, 2132, 2189, 2210, 2275, 2303]","[583, 895, 1124, 1316, 1689, 1811]",2336,104,2232,6,98,2232,0
-1.5,HSU12421,"[6, 10, 144, 182, 189, 217, 227, 251, 270, 282, 311, 315, 321, 329, 382, 415, 444, 455, 463, 509, 573, 575, 577, 583, 587, 669, 741, 743, 772, 825, 852, 858, 922, 927, 938, 945, 957, 999, 1037, 1044, 1085, 1107, 1181, 1211, 1215, 1238, 1308, 1317, 1366, 1381, 1384, 1400, 1404, 1433, 1436, 1452, 1518, 1619, 1632, 1665, 1684, 1690, 1706, 1717, 1733, 1755, 1807, 1838, 1842, 1844, 1849, 1854, 1869, 1882, 1913, 1941, 1957, 1993, 1996, 2060, 2080, 2084, 2086, 2099, 2134, 2158, 2162, 2199, 2211, 2255, 2282, 2291, 2295, 2309, 2311, 2334, 2339, 2341, 2350, 2426, 2431, 2434, 2476, 2502, 2517, 2519, 2546, 2552, 2558, 2569, 2580, 2590, 2603, 2624, 2651, 2666, 2668, 2739, 2805, 2821, 2826, 2832, 2888, 2893, 2932, 2938, 2964, 3010, 3057, 3062, 3067, 3101, 3133, 3153, 3186, 3211, 3216, 3220, 3242, 3253, 3269, 3287, 3336, 3349, 3365, 3393, 3453, 3458, 3480, 3485, 3551, 3562, 3567, 3573, 3577, 3602, 3608, 3616, 3633, 3642, 3690, 3705, 3709, 3732, 3740, 3747, 3822, 3847, 3869, 3873, 3910, 3924, 3929, 3932, 3938, 3968, 3972, 3992, 4010, 4040, 4047, 4142]","[311, 2080]","[6, 10, 144, 182, 189, 217, 227, 251, 270, 282, 315, 321, 329, 382, 415, 444, 455, 463, 509, 573, 575, 577, 583, 587, 669, 741, 743, 772, 825, 852, 858, 922, 927, 938, 945, 957, 999, 1037, 1044, 1085, 1107, 1181, 1211, 1215, 1238, 1308, 1317, 1366, 1381, 1384, 1400, 1404, 1433, 1436, 1452, 1518, 1619, 1632, 1665, 1684, 1690, 1706, 1717, 1733, 1755, 1807, 1838, 1842, 1844, 1849, 1854, 1869, 1882, 1913, 1941, 1957, 1993, 1996, 2060, 2084, 2086, 2099, 2134, 2158, 2162, 2199, 2211, 2255, 2282, 2291, 2295, 2309, 2311, 2334, 2339, 2341, 2350, 2426, 2431, 2434, 2476, 2502, 2517, 2519, 2546, 2552, 2558, 2569, 2580, 2590, 2603, 2624, 2651, 2666, 2668, 2739, 2805, 2821, 2826, 2832, 2888, 2893, 2932, 2938, 2964, 3010, 3057, 3062, 3067, 3101, 3133, 3153, 3186, 3211, 3216, 3220, 3242, 3253, 3269, 3287, 3336, 3349, 3365, 3393, 3453, 3458, 3480, 3485, 3551, 3562, 3567, 3573, 3577, 3602, 3608, 3616, 3633, 3642, 3690, 3705, 3709, 3732, 3740, 3747, 3822, 3847, 3869, 3873, 3910, 3924, 3929, 3932, 3938, 3968, 3972, 3992, 4010, 4040, 4047, 4142]","[311, 2080]",4250,182,4068,2,180,4068,0
-1.5,HSUBR,"[59, 67, 74, 110, 115, 142, 156, 161, 174, 219, 251, 296, 309, 362, 368, 374, 409, 417, 456, 470, 497, 512, 525, 538, 564, 584, 586, 634, 645, 648, 681, 708, 729, 776, 793, 827, 832, 946, 957, 1008, 1080, 1093, 1230, 1233, 1295, 1297, 1320, 1332, 1336, 1453, 1455, 1461, 1496, 1513, 1518, 1545, 1549, 1553, 1589, 1623, 1683, 1759, 1777, 1803, 1810, 1837, 1841, 1856, 1878, 1900, 1923, 1985, 2033, 2048, 2057, 2099, 2145, 2197, 2316, 2324, 2328, 2338, 2489, 2495, 2497, 2501, 2509, 2524, 2542, 2576, 2621, 2645, 2771, 2783, 2809, 2820, 2822, 2839, 2841, 2844, 2846, 2907, 2909, 2911, 2928, 2930, 2936, 2938, 2943, 2969, 2971, 2988, 3005, 3009, 3038, 3047, 3052, 3089, 3117, 3124, 3133, 3150, 3152, 3203, 3229, 3248, 3261, 3263, 3266, 3268, 3287, 3291, 3308, 3313]","[1589, 2324]","[59, 67, 74, 110, 115, 142, 156, 161, 174, 219, 251, 296, 309, 362, 368, 374, 409, 417, 456, 470, 497, 512, 525, 538, 564, 584, 586, 634, 645, 648, 681, 708, 729, 776, 793, 827, 832, 946, 957, 1008, 1080, 1093, 1230, 1233, 1295, 1297, 1320, 1332, 1336, 1453, 1455, 1461, 1496, 1513, 1518, 1545, 1549, 1553, 1623, 1683, 1759, 1777, 1803, 1810, 1837, 1841, 1856, 1878, 1900, 1923, 1985, 2033, 2048, 2057, 2099, 2145, 2197, 2316, 2328, 2338, 2489, 2495, 2497, 2501, 2509, 2524, 2542, 2576, 2621, 2645, 2771, 2783, 2809, 2820, 2822, 2839, 2841, 2844, 2846, 2907, 2909, 2911, 2928, 2930, 2936, 2938, 2943, 2969, 2971, 2988, 3005, 3009, 3038, 3047, 3052, 3089, 3117, 3124, 3133, 3150, 3152, 3203, 3229, 3248, 3261, 3263, 3266, 3268, 3287, 3291, 3308, 3313]","[1589, 2324]",3287,134,3153,2,132,3153,0
-1.5,HSXBXVIII,"[32, 43, 45, 84, 142, 184, 238, 280, 291, 307, 312, 340, 343, 348, 370, 402, 417, 431, 442, 466, 473, 479, 497, 506, 514, 529, 536, 579, 629, 644, 653, 657, 670, 701, 712, 788, 951, 1023, 1028, 1056, 1059, 1063, 1065, 1086, 1092, 1133, 1158, 1167, 1176, 1180, 1182, 1189, 1193, 1197, 1199, 1203, 1213, 1258, 1278, 1294, 1415, 1440, 1445, 1490, 1516, 1535, 1573, 1583, 1593, 1595, 1607, 1626, 1653, 1671, 1771, 1774, 1779, 1817, 1852, 1859, 1992, 2005, 2038, 2068, 2081, 2090, 2119, 2131, 2137, 2154, 2179, 2202, 2269, 2331, 2403, 2421, 2491, 2503, 2509, 2553, 2570, 2578, 2596, 2604, 2652, 2670, 2703, 2723, 2730, 2732, 2781, 2783, 2785, 2792, 2806, 2811, 2823, 2842, 2844, 2866, 2885, 2897, 2901, 2924, 2930, 2932, 2945, 2969, 2999, 3006, 3010, 3019, 3026, 3032, 3061, 3074, 3099, 3123, 3156, 3171, 3173, 3175, 3208, 3237, 3248, 3254, 3267, 3275, 3293, 3314, 3323, 3325, 3333, 3339, 3345, 3365, 3371, 3415, 3429, 3469, 3523, 3525, 3567, 3621, 3663, 3677, 3693, 3698, 3726, 3729, 3734, 3756, 3788, 3803, 3817, 3828, 3837, 3839, 3852, 3854, 3859, 3863, 3884, 3893, 3919, 3929, 3947, 3952, 3973, 4012, 4062, 4068, 4073, 4111, 4113, 4115, 4122, 4178, 4348, 4420, 4425, 4453, 4456, 4460, 4462, 4483, 4489, 4530, 4555, 4564, 4573, 4586, 4590, 4616, 4683, 4703, 4744, 4746, 4751, 4764, 4778, 4785, 4804, 4822, 4829, 4831, 4841, 4866, 4886, 4916, 4927, 4983, 4989, 5022, 5030, 5045, 5049, 5158, 5221, 5248, 5257, 5272, 5290, 5320, 5325, 5356, 5362, 5383, 5389, 5401, 5415, 5421, 5470, 5486, 5490, 5533, 5542, 5555, 5560, 5694, 5728, 5784, 5852, 5877, 5901, 5912, 5919, 5954, 5971, 5982, 5985, 5991, 6012, 6037, 6050, 6064, 6068, 6115, 6193, 6240, 6252, 6254, 6256, 6382, 6419, 6460, 6466, 6507, 6556, 6594, 6599, 6603, 6673, 6699, 6724, 6733, 6850, 6855, 6859, 6861, 6939, 6951, 6985, 6992, 7000, 7067, 7073, 7127, 7182, 7233, 7257, 7259, 7359, 7437, 7479, 7514, 7545, 7551, 7572, 7578, 7610, 7653, 7675, 7686, 7711, 7713, 7717, 7725, 7774, 7811, 7823, 7927, 7965, 7981, 8016, 8024, 8094, 8109, 8174, 8187, 8254, 8260, 8274, 8289, 8302, 8324, 8402, 8557, 8603, 8612, 8647, 8654, 8689, 8726, 8785, 8850, 8915, 8918, 8934, 8943, 8978, 9011, 9028, 9061, 9072, 9081, 9093, 9095, 9133, 9154, 9170, 9194, 9198, 9207, 9282, 9342, 9366, 9382, 9395, 9410, 9475, 9504, 9516, 9537, 9552, 9558, 9566, 9570, 9573, 9630, 9633, 9641, 9700, 9741, 9756, 9782, 9824, 9849, 9852, 9865, 9927, 9936, 9975, 9977, 9983, 10043, 10049, 10052, 10058, 10077, 10107, 10136, 10160, 10186, 10197, 10200, 10230, 10235, 10252, 10308, 10318, 10323, 10352, 10382, 10403, 10425, 10464, 10578, 10629, 10633, 10687, 10692, 10696, 10701, 10703, 10705, 10723, 10737, 10815, 10857, 10897, 10911, 10947, 10960, 10984, 11016, 11115, 11140, 11162, 11196, 11253, 11310, 11366, 11405, 11409, 11424, 11428, 11445, 11471, 11492, 11556, 11589, 11593, 11615, 11638, 11666, 11714, 11731, 11758, 11760, 11769, 11785, 11802, 11843, 11856, 11870, 11948, 11963, 12021, 12024, 12073, 12085, 12092, 12116, 12140, 12154, 12156, 12175, 12183, 12286, 12311, 12315, 12320, 12408, 12416, 12444, 12534, 12557, 12637, 12661, 12665, 12693]","[11405, 11589, 11843, 12085]","[32, 43, 45, 84, 142, 184, 238, 280, 291, 307, 312, 340, 343, 348, 370, 402, 417, 431, 442, 466, 473, 479, 497, 506, 514, 529, 536, 579, 629, 644, 653, 657, 670, 701, 712, 788, 951, 1023, 1028, 1056, 1059, 1063, 1065, 1086, 1092, 1133, 1158, 1167, 1176, 1180, 1182, 1189, 1193, 1197, 1199, 1203, 1213, 1258, 1278, 1294, 1415, 1440, 1445, 1490, 1516, 1535, 1573, 1583, 1593, 1595, 1607, 1626, 1653, 1671, 1771, 1774, 1779, 1817, 1852, 1859, 1992, 2005, 2038, 2068, 2081, 2090, 2119, 2131, 2137, 2154, 2179, 2202, 2269, 2331, 2403, 2421, 2491, 2503, 2509, 2553, 2570, 2578, 2596, 2604, 2652, 2670, 2703, 2723, 2730, 2732, 2781, 2783, 2785, 2792, 2806, 2811, 2823, 2842, 2844, 2866, 2885, 2897, 2901, 2924, 2930, 2932, 2945, 2969, 2999, 3006, 3010, 3019, 3026, 3032, 3061, 3074, 3099, 3123, 3156, 3171, 3173, 3175, 3208, 3237, 3248, 3254, 3267, 3275, 3293, 3314, 3323, 3325, 3333, 3339, 3345, 3365, 3371, 3415, 3429, 3469, 3523, 3525, 3567, 3621, 3663, 3677, 3693, 3698, 3726, 3729, 3734, 3756, 3788, 3803, 3817, 3828, 3837, 3839, 3852, 3854, 3859, 3863, 3884, 3893, 3919, 3929, 3947, 3952, 3973, 4012, 4062, 4068, 4073, 4111, 4113, 4115, 4122, 4178, 4348, 4420, 4425, 4453, 4456, 4460, 4462, 4483, 4489, 4530, 4555, 4564, 4573, 4586, 4590, 4616, 4683, 4703, 4744, 4746, 4751, 4764, 4778, 4785, 4804, 4822, 4829, 4831, 4841, 4866, 4886, 4916, 4927, 4983, 4989, 5022, 5030, 5045, 5049, 5158, 5221, 5248, 5257, 5272, 5290, 5320, 5325, 5356, 5362, 5383, 5389, 5401, 5415, 5421, 5470, 5486, 5490, 5533, 5542, 5555, 5560, 5694, 5728, 5784, 5852, 5877, 5901, 5912, 5919, 5954, 5971, 5982, 5985, 5991, 6012, 6037, 6050, 6064, 6068, 6115, 6193, 6240, 6252, 6254, 6256, 6382, 6419, 6460, 6466, 6507, 6556, 6594, 6599, 6603, 6673, 6699, 6724, 6733, 6850, 6855, 6859, 6861, 6939, 6951, 6985, 6992, 7000, 7067, 7073, 7127, 7182, 7233, 7257, 7259, 7359, 7437, 7479, 7514, 7545, 7551, 7572, 7578, 7610, 7653, 7675, 7686, 7711, 7713, 7717, 7725, 7774, 7811, 7823, 7927, 7965, 7981, 8016, 8024, 8094, 8109, 8174, 8187, 8254, 8260, 8274, 8289, 8302, 8324, 8402, 8557, 8603, 8612, 8647, 8654, 8689, 8726, 8785, 8850, 8915, 8918, 8934, 8943, 8978, 9011, 9028, 9061, 9072, 9081, 9093, 9095, 9133, 9154, 9170, 9194, 9198, 9207, 9282, 9342, 9366, 9382, 9395, 9410, 9475, 9504, 9516, 9537, 9552, 9558, 9566, 9570, 9573, 9630, 9633, 9641, 9700, 9741, 9756, 9782, 9824, 9849, 9852, 9865, 9927, 9936, 9975, 9977, 9983, 10043, 10049, 10052, 10058, 10077, 10107, 10136, 10160, 10186, 10197, 10200, 10230, 10235, 10252, 10308, 10318, 10323, 10352, 10382, 10403, 10425, 10464, 10578, 10629, 10633, 10687, 10692, 10696, 10701, 10703, 10705, 10723, 10737, 10815, 10857, 10897, 10911, 10947, 10960, 10984, 11016, 11115, 11140, 11162, 11196, 11253, 11310, 11366, 11409, 11424, 11428, 11445, 11471, 11492, 11556, 11593, 11615, 11638, 11666, 11714, 11731, 11758, 11760, 11769, 11785, 11802, 11856, 11870, 11948, 11963, 12021, 12024, 12073, 12092, 12116, 12140, 12154, 12156, 12175, 12183, 12286, 12311, 12315, 12320, 12408, 12416, 12444, 12534, 12557, 12637, 12661, 12665, 12693]","[11405, 11589, 11843, 12085]",12630,502,12128,4,498,12128,0
-1.5,HSZNGP1,"[19, 25, 36, 67, 130, 259, 261, 263, 303, 360, 408, 445, 454, 518, 522, 542, 565, 581, 637, 649, 752, 792, 799, 810, 871, 920, 932, 948, 965, 997, 1001, 1014, 1033, 1056, 1084, 1101, 1140, 1142, 1173, 1183, 1192, 1220, 1234, 1258, 1284, 1287, 1307, 1311, 1332, 1378, 1398, 1441, 1529, 1619, 1638, 1654, 1673, 1677, 1684, 1690, 1705, 1716, 1737, 1765, 1790, 1825, 1844, 1909, 1914, 1953, 1985, 2032, 2041, 2051, 2061, 2093, 2110, 2120, 2135, 2137, 2166, 2177, 2179, 2246, 2251, 2256, 2286, 2315, 2317, 2344, 2364, 2374, 2387, 2408, 2435, 2507, 2520, 2557, 2585, 2588, 2672, 2674, 2676, 2701, 2710, 2721, 2731, 2744, 2765, 2792, 2794, 2864, 2897, 2958, 2997, 3002, 3058, 3107, 3109, 3116, 3176, 3191, 3233, 3244, 3250, 3270, 3303, 3309, 3314, 3326, 3380, 3385, 3424, 3456, 3511, 3522, 3532, 3545, 3564, 3591, 3608, 3633, 3683, 3688, 3727, 3733, 3804, 3825, 3835, 3848, 3869, 3940, 3957, 3983, 4001, 4053, 4109, 4114, 4179, 4198, 4206, 4226, 4245, 4248, 4264, 4293, 4312, 4323, 4326, 4328, 4371, 4378, 4409, 4457, 4518, 4568, 4609, 4693, 4698, 4712, 4718, 4722, 4742, 4749, 4775, 4777, 4781, 4857, 4886, 4935, 4947, 4958, 5026, 5061, 5073, 5089, 5113, 5116, 5141, 5148, 5164, 5210, 5214, 5229, 5247, 5253, 5295, 5360, 5385, 5402, 5409, 5483, 5496, 5508, 5519, 5525, 5539, 5589, 5594, 5605, 5623, 5627, 5649, 5666, 5732, 5737, 5746, 5752, 5773, 5775, 5777, 5805, 5860, 5902, 5932, 5945, 5990, 5997, 6022, 6066, 6075, 6079, 6138, 6144, 6179, 6188, 6239, 6268, 6321, 6347, 6375, 6402, 6408, 6435, 6488, 6495, 6531, 6550, 6586, 6632, 6642, 6656, 6665, 6756, 6766, 6768, 6774, 6866, 6917, 6922, 7019, 7034, 7090, 7134, 7166, 7186, 7211, 7220, 7231, 7241, 7254, 7275, 7355, 7366, 7389, 7410, 7437, 7452, 7454, 7471, 7513, 7543, 7546, 7548, 7588, 7614, 7668, 7674, 7702, 7750, 7788, 7851, 7865, 7872, 7884, 7951, 7961, 8015, 8020, 8038, 8045, 8059, 8064, 8067, 8200, 8222, 8254, 8313, 8337, 8397, 8546, 8588, 8597, 8603, 8611, 8615, 8702, 8705, 8722, 8724, 8731, 8760, 8762, 8806, 8809, 8824, 8829, 8842, 8845, 8922, 8968, 8974, 8986, 8991, 9016, 9042, 9059, 9067, 9107, 9113, 9157, 9192, 9195, 9198, 9239, 9276, 9300, 9363, 9366, 9369, 9375, 9411, 9441, 9444, 9474, 9486, 9503, 9525, 9551, 9580, 9582, 9601, 9639, 9700, 9762, 9772, 9780, 9800]","[518, 4718, 8313]","[19, 25, 36, 67, 130, 259, 261, 263, 303, 360, 408, 445, 454, 522, 542, 565, 581, 637, 649, 752, 792, 799, 810, 871, 920, 932, 948, 965, 997, 1001, 1014, 1033, 1056, 1084, 1101, 1140, 1142, 1173, 1183, 1192, 1220, 1234, 1258, 1284, 1287, 1307, 1311, 1332, 1378, 1398, 1441, 1529, 1619, 1638, 1654, 1673, 1677, 1684, 1690, 1705, 1716, 1737, 1765, 1790, 1825, 1844, 1909, 1914, 1953, 1985, 2032, 2041, 2051, 2061, 2093, 2110, 2120, 2135, 2137, 2166, 2177, 2179, 2246, 2251, 2256, 2286, 2315, 2317, 2344, 2364, 2374, 2387, 2408, 2435, 2507, 2520, 2557, 2585, 2588, 2672, 2674, 2676, 2701, 2710, 2721, 2731, 2744, 2765, 2792, 2794, 2864, 2897, 2958, 2997, 3002, 3058, 3107, 3109, 3116, 3176, 3191, 3233, 3244, 3250, 3270, 3303, 3309, 3314, 3326, 3380, 3385, 3424, 3456, 3511, 3522, 3532, 3545, 3564, 3591, 3608, 3633, 3683, 3688, 3727, 3733, 3804, 3825, 3835, 3848, 3869, 3940, 3957, 3983, 4001, 4053, 4109, 4114, 4179, 4198, 4206, 4226, 4245, 4248, 4264, 4293, 4312, 4323, 4326, 4328, 4371, 4378, 4409, 4457, 4518, 4568, 4609, 4693, 4698, 4712, 4722, 4742, 4749, 4775, 4777, 4781, 4857, 4886, 4935, 4947, 4958, 5026, 5061, 5073, 5089, 5113, 5116, 5141, 5148, 5164, 5210, 5214, 5229, 5247, 5253, 5295, 5360, 5385, 5402, 5409, 5483, 5496, 5508, 5519, 5525, 5539, 5589, 5594, 5605, 5623, 5627, 5649, 5666, 5732, 5737, 5746, 5752, 5773, 5775, 5777, 5805, 5860, 5902, 5932, 5945, 5990, 5997, 6022, 6066, 6075, 6079, 6138, 6144, 6179, 6188, 6239, 6268, 6321, 6347, 6375, 6402, 6408, 6435, 6488, 6495, 6531, 6550, 6586, 6632, 6642, 6656, 6665, 6756, 6766, 6768, 6774, 6866, 6917, 6922, 7019, 7034, 7090, 7134, 7166, 7186, 7211, 7220, 7231, 7241, 7254, 7275, 7355, 7366, 7389, 7410, 7437, 7452, 7454, 7471, 7513, 7543, 7546, 7548, 7588, 7614, 7668, 7674, 7702, 7750, 7788, 7851, 7865, 7872, 7884, 7951, 7961, 8015, 8020, 8038, 8045, 8059, 8064, 8067, 8200, 8222, 8254, 8337, 8397, 8546, 8588, 8597, 8603, 8611, 8615, 8702, 8705, 8722, 8724, 8731, 8760, 8762, 8806, 8809, 8824, 8829, 8842, 8845, 8922, 8968, 8974, 8986, 8991, 9016, 9042, 9059, 9067, 9107, 9113, 9157, 9192, 9195, 9198, 9239, 9276, 9300, 9363, 9366, 9369, 9375, 9411, 9441, 9444, 9474, 9486, 9503, 9525, 9551, 9580, 9582, 9601, 9639, 9700, 9762, 9772, 9780, 9800]","[518, 4718, 8313]",9815,378,9437,3,375,9437,0
-1.5,HUMADAG,"[8, 15, 24, 26, 38, 47, 73, 104, 106, 176, 204, 242, 249, 305, 314, 331, 339, 380, 399, 510, 529, 565, 619, 640, 643, 650, 653, 683, 710, 717, 731, 809, 821, 860, 880, 891, 901, 903, 927, 957, 1012, 1032, 1066, 1088, 1091, 1133, 1153, 1159, 1185, 1241, 1248, 1301, 1309, 1336, 1355, 1421, 1423, 1457, 1489, 1533, 1554, 1565, 1575, 1579, 1588, 1609, 1677, 1691, 1864, 1898, 1940, 1947, 1951, 1973, 1977, 2001, 2005, 2017, 2025, 2038, 2050, 2055, 2059, 2088, 2120, 2277, 2327, 2351, 2353, 2355, 2365, 2368, 2381, 2405, 2409, 2418, 2423, 2428, 2455, 2500, 2513, 2566, 2572, 2578, 2686, 2689, 2692, 2756, 2769, 2799, 2805, 2864, 2907, 2915, 2983, 3032, 3055, 3079, 3090, 3195, 3203, 3205, 3217, 3237, 3255, 3291, 3293, 3310, 3332, 3343, 3364, 3438, 3485, 3539, 3541, 3560, 3573, 3737, 3741, 3746, 3764, 3775, 3796, 3908, 3920, 4064, 4095, 4204, 4247, 4271, 4303, 4317, 4321, 4326, 4353, 4355, 4378, 4395, 4434, 4439, 4457, 4464, 4482, 4492, 4498, 4501, 4521, 4549, 4623, 4634, 4652, 4722, 4738, 4744, 4754, 4781, 4803, 4817, 4821, 4829, 4834, 4836, 4842, 4845, 4857, 4867, 4898, 4900, 4904, 4916, 4930, 4946, 4982, 5039, 5049, 5051, 5053, 5055, 5058, 5061, 5071, 5124, 5136, 5141, 5143, 5149, 5231, 5233, 5261, 5267, 5278, 5282, 5284, 5290, 5292, 5296, 5312, 5341, 5401, 5423, 5428, 5562, 5572, 5587, 5612, 5617, 5630, 5657, 5661, 5680, 5751, 5763, 5773, 5816, 5828, 5863, 5871, 5929, 6010, 6119, 6156, 6160, 6167, 6192, 6205, 6211, 6230, 6232, 6241, 6253, 6261, 6275, 6277, 6294, 6304, 6306, 6324, 6352, 6408, 6480, 6527, 6615, 6621, 6630, 6661, 6709, 6759, 6785, 6793, 6795, 6799, 6804, 6854, 6911, 6950, 6978, 7034, 7088, 7131, 7165, 7179, 7184, 7188, 7195, 7206, 7249, 7298, 7300, 7316, 7322, 7338, 7343, 7351, 7356, 7358, 7380, 7413, 7425, 7434, 7461, 7501, 7551, 7561, 7568, 7577, 7625, 7630, 7669, 7701, 7719, 7721, 7754, 7759, 7762, 7764, 7830, 7875, 7884, 7895, 7905, 7917, 7938, 7980, 7982, 7992, 8003, 8093, 8140, 8152, 8160, 8235, 8279, 8285, 8311, 8357, 8366, 8377, 8387, 8400, 8421, 8448, 8550, 8614, 8634, 8652, 8723, 8780, 8842, 8844, 8856, 8868, 8876, 8884, 8908, 8948, 8957, 8990, 9000, 9056, 9061, 9072, 9092, 9117, 9123, 9129, 9231, 9271, 9315, 9319, 9322, 9399, 9402, 9467, 9482, 9497, 9529, 9548, 9551, 9572, 9575, 9586, 9600, 9617, 9628, 9633, 9643, 9656, 9658, 9665, 9711, 9736, 9787, 9801, 9863, 9924, 9946, 9970, 9988, 9992, 10048, 10053, 10056, 10091, 10097, 10123, 10139, 10141, 10177, 10188, 10198, 10226, 10236, 10243, 10252, 10311, 10316, 10355, 10387, 10439, 10450, 10471, 10498, 10515, 10546, 10556, 10592, 10610, 10617, 10636, 10639, 10641, 10665, 10715, 10717, 10735, 10759, 10782, 10806, 10816, 10832, 10858, 10860, 10918, 10977, 10995, 11076, 11086, 11099, 11111, 11119, 11124, 11160, 11162, 11166, 11176, 11190, 11262, 11267, 11291, 11296, 11303, 11336, 11377, 11399, 11425, 11427, 11463, 11472, 11484, 11497, 11534, 11558, 11568, 11572, 11651, 11665, 11675, 11685, 11689, 11763, 11767, 11792, 11804, 11825, 11843, 11855, 11869, 11871, 11878, 11946, 12008, 12025, 12057, 12068, 12072, 12101, 12112, 12137, 12142, 12147, 12150, 12176, 12211, 12241, 12252, 12272, 12275, 12307, 12319, 12333, 12383, 12435, 12462, 12492, 12498, 12531, 12555, 12569, 12578, 12584, 12674, 12723, 12736, 12771, 12778, 12831, 12869, 13074, 13116, 13118, 13146, 13163, 13187, 13191, 13224, 13232, 13235, 13253, 13262, 13278, 13314, 13319, 13390, 13398, 13416, 13458, 13476, 13503, 13507, 13521, 13553, 13576, 13598, 13601, 13611, 13790, 13835, 13898, 13938, 13984, 14049, 14093, 14101, 14157, 14190, 14204, 14207, 14296, 14328, 14350, 14378, 14406, 14425, 14450, 14461, 14470, 14477, 14513, 14515, 14617, 14624, 14648, 14680, 14685, 14701, 14703, 14749, 14797, 14833, 14855, 14885, 14890, 14928, 14960, 14976, 15005, 15025, 15035, 15048, 15069, 15112, 15137, 15143, 15182, 15214, 15259, 15289, 15302, 15323, 15350, 15352, 15395, 15408, 15431, 15443, 15478, 15564, 15582, 15595, 15601, 15607, 15661, 15688, 15751, 15763, 15803, 15820, 15830, 15857, 15875, 15907, 15952, 15955, 15959, 15965, 16018, 16024, 16030, 16073, 16108, 16119, 16260, 16262, 16333, 16354, 16424, 16426, 16454, 16477, 16502, 16643, 16647, 16685, 16700, 16715, 16740, 16742, 16746, 16769, 16773, 16779, 16793, 16830, 16975, 16980, 16985, 17019, 17025, 17051, 17067, 17069, 17106, 17117, 17127, 17140, 17161, 17188, 17205, 17265, 17370, 17375, 17389, 17401, 17405, 17451, 17453, 17492, 17498, 17527, 17533, 17547, 17559, 17588, 17632, 17642, 17662, 17683, 17700, 17702, 17763, 17784, 17820, 17825, 17850, 17854, 17961, 18074, 18096, 18244, 18249, 18256, 18263, 18283, 18331, 18385, 18415, 18419, 18425, 18438, 18465, 18469, 18482, 18489, 18514, 18554, 18559, 18625, 18631, 18637, 18652, 18743, 18757, 18772, 18791, 18829, 18864, 18918, 18949, 18951, 18989, 19001, 19059, 19064, 19081, 19090, 19105, 19113, 19123, 19159, 19166, 19178, 19230, 19292, 19332, 19376, 19400, 19429, 19437, 19522, 19524, 19529, 19571, 19581, 19654, 19659, 19704, 19730, 19775, 19795, 19804, 19817, 19838, 19865, 19892, 19940, 19945, 19964, 20101, 20143, 20176, 20204, 20245, 20296, 20321, 20407, 20443, 20456, 20551, 20564, 20725, 20776, 20879, 20891, 20893, 20912, 20925, 20954, 20976, 21003, 21006, 21010, 21015, 21020, 21027, 21044, 21059, 21097, 21101, 21108, 21114, 21118, 21127, 21163, 21176, 21222, 21227, 21267, 21303, 21311, 21354, 21399, 21444, 21490, 21499, 21523, 21546, 21567, 21569, 21573, 21650, 21786, 21845, 21871, 21876, 21891, 21934, 21939, 21967, 22008, 22138, 22144, 22158, 22216, 22259, 22342, 22345, 22355, 22419, 22430, 22436, 22470, 22489, 22504, 22528, 22535, 22547, 22578, 22592, 22612, 22633, 22669, 22672, 22735, 22741, 22747, 22751, 22757, 22760, 22836, 22861, 22863, 22867, 22887, 22956, 22978, 23008, 23024, 23112, 23152, 23163, 23220, 23304, 23359, 23405, 23429, 23510, 23540, 23542, 23554, 23569, 23581, 23599, 23621, 23649, 23665, 23675, 23693, 23718, 23721, 23724, 23726, 23728, 23751, 23794, 23808, 23812, 23824, 23861, 23921, 23934, 23945, 24010, 24025, 24027, 24039, 24080, 24086, 24111, 24135, 24165, 24224, 24234, 24260, 24283, 24286, 24367, 24391, 24449, 24510, 24535, 24540, 24543, 24561, 24584, 24610, 24626, 24645, 24666, 24674, 24689, 24710, 24737, 24742, 24752, 24893, 24938, 24963, 24989, 25083, 25099, 25133, 25169, 25203, 25208, 25247, 25253, 25279, 25324, 25333, 25344, 25354, 25417, 25434, 25471, 25476, 25492, 25532, 25540, 25582, 25584, 25628, 25719, 25732, 25734, 25743, 25764, 25824, 25851, 25869, 25904, 26052, 26054, 26056, 26062, 26064, 26132, 26143, 26150, 26167, 26173, 26197, 26227, 26237, 26267, 26286, 26313, 26393, 26440, 26467, 26489, 26542, 26594, 26603, 26616, 26649, 26653, 26655, 26721, 26731, 26782, 26810, 26826, 26891, 26912, 26922, 27020, 27025, 27028, 27095, 27137, 27142, 27151, 27185, 27206, 27250, 27303, 27322, 27381, 27383, 27405, 27432, 27462, 27467, 27479, 27500, 27527, 27585, 27599, 27638, 27640, 27648, 27662, 27678, 27680, 27708, 27717, 27758, 27854, 27907, 27952, 27957, 27960, 28000, 28027, 28038, 28043, 28056, 28083, 28099, 28174, 28177, 28190, 28255, 28335, 28338, 28362, 28407, 28409, 28417, 28438, 28450, 28479, 28517, 28542, 28552, 28586, 28633, 28678, 28690, 28712, 28722, 28737, 28760, 28762, 28778, 28797, 28810, 28830, 28839, 28877, 28944, 28948, 28972, 28975, 28977, 28981, 28987, 28992, 28997, 29023, 29052, 29056, 29086, 29088, 29171, 29220, 29223, 29243, 29267, 29269, 29277, 29348, 29394, 29419, 29423, 29473, 29530, 29577, 29591, 29700, 29704, 29708, 29845, 29848, 29857, 29896, 29907, 29916, 29939, 29943, 29973, 30006, 30014, 30030, 30048, 30197, 30261, 30280, 30296, 30321, 30357, 30361, 30371, 30386, 30388, 30402, 30419, 30443, 30450, 30499, 30604, 30609, 30614, 30648, 30677, 30721, 30728, 30764, 30766, 30787, 30797, 30841, 30846, 30860, 30871, 30875, 30877, 30907, 30942, 30950, 30967, 31025, 31028, 31042, 31073, 31093, 31099, 31115, 31127, 31138, 31144, 31158, 31180, 31190, 31193, 31201, 31203, 31210, 31226, 31229, 31304, 31313, 31342, 31364, 31396, 31415, 31417, 31425, 31468, 31471, 31484, 31535, 31560, 31591, 31594, 31604, 31607, 31617, 31644, 31670, 31682, 31689, 31717, 31879, 31881, 31893, 31914, 31924, 31926, 31944, 31986, 32007, 32019, 32040, 32047, 32057, 32065, 32105, 32119, 32130, 32178, 32192, 32208, 32216, 32243, 32258, 32291, 32303, 32343, 32362, 32431, 32450, 32470, 32485, 32488, 32497, 32576, 32675, 32691, 32727, 32753, 32771, 32862, 32879, 32916, 33007, 33093, 33098, 33343, 33387, 33409, 33429, 33486, 33495, 33573, 33597, 33606, 33612, 33626, 33630, 33678, 33696, 33709, 33712, 33754, 33782, 33793, 33800, 33802, 33805, 33829, 33842, 33849, 33851, 33870, 33880, 33918, 33921, 33931, 33952, 33956, 33962, 33976, 33998, 34003, 34027, 34098, 34106, 34139, 34172, 34191, 34249, 34262, 34279, 34285, 34291, 34308, 34314, 34484, 34488, 34492, 34494, 34519, 34527, 34532, 34542, 34547, 34578, 34582, 34669, 34689, 34694, 34712, 34721, 34742, 34744, 34746, 34782, 34823, 34825, 34834, 34873, 34908, 34938, 34962, 34964, 34970, 34996, 35008, 35013, 35067, 35203, 35207, 35213, 35249, 35251, 35261, 35309, 35311, 35325, 35351, 35365, 35433, 35442, 35522, 35570, 35576, 35604, 35613, 35693, 35712, 35769, 35817, 35837, 35854, 35894, 35917, 35927, 35941, 35967, 35981, 35988, 35996, 35999, 36016, 36045, 36080, 36086, 36115, 36172, 36229, 36246, 36262, 36268, 36318, 36357, 36381, 36393, 36435, 36460, 36498, 36513, 36528, 36531, 36575, 36640, 36651, 36681, 36707, 36733]","[4064, 19292, 26467, 29052, 29939, 31304, 32497, 32675, 32916, 34484, 35203]","[8, 15, 24, 26, 38, 47, 73, 104, 106, 176, 204, 242, 249, 305, 314, 331, 339, 380, 399, 510, 529, 565, 619, 640, 643, 650, 653, 683, 710, 717, 731, 809, 821, 860, 880, 891, 901, 903, 927, 957, 1012, 1032, 1066, 1088, 1091, 1133, 1153, 1159, 1185, 1241, 1248, 1301, 1309, 1336, 1355, 1421, 1423, 1457, 1489, 1533, 1554, 1565, 1575, 1579, 1588, 1609, 1677, 1691, 1864, 1898, 1940, 1947, 1951, 1973, 1977, 2001, 2005, 2017, 2025, 2038, 2050, 2055, 2059, 2088, 2120, 2277, 2327, 2351, 2353, 2355, 2365, 2368, 2381, 2405, 2409, 2418, 2423, 2428, 2455, 2500, 2513, 2566, 2572, 2578, 2686, 2689, 2692, 2756, 2769, 2799, 2805, 2864, 2907, 2915, 2983, 3032, 3055, 3079, 3090, 3195, 3203, 3205, 3217, 3237, 3255, 3291, 3293, 3310, 3332, 3343, 3364, 3438, 3485, 3539, 3541, 3560, 3573, 3737, 3741, 3746, 3764, 3775, 3796, 3908, 3920, 4095, 4204, 4247, 4271, 4303, 4317, 4321, 4326, 4353, 4355, 4378, 4395, 4434, 4439, 4457, 4464, 4482, 4492, 4498, 4501, 4521, 4549, 4623, 4634, 4652, 4722, 4738, 4744, 4754, 4781, 4803, 4817, 4821, 4829, 4834, 4836, 4842, 4845, 4857, 4867, 4898, 4900, 4904, 4916, 4930, 4946, 4982, 5039, 5049, 5051, 5053, 5055, 5058, 5061, 5071, 5124, 5136, 5141, 5143, 5149, 5231, 5233, 5261, 5267, 5278, 5282, 5284, 5290, 5292, 5296, 5312, 5341, 5401, 5423, 5428, 5562, 5572, 5587, 5612, 5617, 5630, 5657, 5661, 5680, 5751, 5763, 5773, 5816, 5828, 5863, 5871, 5929, 6010, 6119, 6156, 6160, 6167, 6192, 6205, 6211, 6230, 6232, 6241, 6253, 6261, 6275, 6277, 6294, 6304, 6306, 6324, 6352, 6408, 6480, 6527, 6615, 6621, 6630, 6661, 6709, 6759, 6785, 6793, 6795, 6799, 6804, 6854, 6911, 6950, 6978, 7034, 7088, 7131, 7165, 7179, 7184, 7188, 7195, 7206, 7249, 7298, 7300, 7316, 7322, 7338, 7343, 7351, 7356, 7358, 7380, 7413, 7425, 7434, 7461, 7501, 7551, 7561, 7568, 7577, 7625, 7630, 7669, 7701, 7719, 7721, 7754, 7759, 7762, 7764, 7830, 7875, 7884, 7895, 7905, 7917, 7938, 7980, 7982, 7992, 8003, 8093, 8140, 8152, 8160, 8235, 8279, 8285, 8311, 8357, 8366, 8377, 8387, 8400, 8421, 8448, 8550, 8614, 8634, 8652, 8723, 8780, 8842, 8844, 8856, 8868, 8876, 8884, 8908, 8948, 8957, 8990, 9000, 9056, 9061, 9072, 9092, 9117, 9123, 9129, 9231, 9271, 9315, 9319, 9322, 9399, 9402, 9467, 9482, 9497, 9529, 9548, 9551, 9572, 9575, 9586, 9600, 9617, 9628, 9633, 9643, 9656, 9658, 9665, 9711, 9736, 9787, 9801, 9863, 9924, 9946, 9970, 9988, 9992, 10048, 10053, 10056, 10091, 10097, 10123, 10139, 10141, 10177, 10188, 10198, 10226, 10236, 10243, 10252, 10311, 10316, 10355, 10387, 10439, 10450, 10471, 10498, 10515, 10546, 10556, 10592, 10610, 10617, 10636, 10639, 10641, 10665, 10715, 10717, 10735, 10759, 10782, 10806, 10816, 10832, 10858, 10860, 10918, 10977, 10995, 11076, 11086, 11099, 11111, 11119, 11124, 11160, 11162, 11166, 11176, 11190, 11262, 11267, 11291, 11296, 11303, 11336, 11377, 11399, 11425, 11427, 11463, 11472, 11484, 11497, 11534, 11558, 11568, 11572, 11651, 11665, 11675, 11685, 11689, 11763, 11767, 11792, 11804, 11825, 11843, 11855, 11869, 11871, 11878, 11946, 12008, 12025, 12057, 12068, 12072, 12101, 12112, 12137, 12142, 12147, 12150, 12176, 12211, 12241, 12252, 12272, 12275, 12307, 12319, 12333, 12383, 12435, 12462, 12492, 12498, 12531, 12555, 12569, 12578, 12584, 12674, 12723, 12736, 12771, 12778, 12831, 12869, 13074, 13116, 13118, 13146, 13163, 13187, 13191, 13224, 13232, 13235, 13253, 13262, 13278, 13314, 13319, 13390, 13398, 13416, 13458, 13476, 13503, 13507, 13521, 13553, 13576, 13598, 13601, 13611, 13790, 13835, 13898, 13938, 13984, 14049, 14093, 14101, 14157, 14190, 14204, 14207, 14296, 14328, 14350, 14378, 14406, 14425, 14450, 14461, 14470, 14477, 14513, 14515, 14617, 14624, 14648, 14680, 14685, 14701, 14703, 14749, 14797, 14833, 14855, 14885, 14890, 14928, 14960, 14976, 15005, 15025, 15035, 15048, 15069, 15112, 15137, 15143, 15182, 15214, 15259, 15289, 15302, 15323, 15350, 15352, 15395, 15408, 15431, 15443, 15478, 15564, 15582, 15595, 15601, 15607, 15661, 15688, 15751, 15763, 15803, 15820, 15830, 15857, 15875, 15907, 15952, 15955, 15959, 15965, 16018, 16024, 16030, 16073, 16108, 16119, 16260, 16262, 16333, 16354, 16424, 16426, 16454, 16477, 16502, 16643, 16647, 16685, 16700, 16715, 16740, 16742, 16746, 16769, 16773, 16779, 16793, 16830, 16975, 16980, 16985, 17019, 17025, 17051, 17067, 17069, 17106, 17117, 17127, 17140, 17161, 17188, 17205, 17265, 17370, 17375, 17389, 17401, 17405, 17451, 17453, 17492, 17498, 17527, 17533, 17547, 17559, 17588, 17632, 17642, 17662, 17683, 17700, 17702, 17763, 17784, 17820, 17825, 17850, 17854, 17961, 18074, 18096, 18244, 18249, 18256, 18263, 18283, 18331, 18385, 18415, 18419, 18425, 18438, 18465, 18469, 18482, 18489, 18514, 18554, 18559, 18625, 18631, 18637, 18652, 18743, 18757, 18772, 18791, 18829, 18864, 18918, 18949, 18951, 18989, 19001, 19059, 19064, 19081, 19090, 19105, 19113, 19123, 19159, 19166, 19178, 19230, 19332, 19376, 19400, 19429, 19437, 19522, 19524, 19529, 19571, 19581, 19654, 19659, 19704, 19730, 19775, 19795, 19804, 19817, 19838, 19865, 19892, 19940, 19945, 19964, 20101, 20143, 20176, 20204, 20245, 20296, 20321, 20407, 20443, 20456, 20551, 20564, 20725, 20776, 20879, 20891, 20893, 20912, 20925, 20954, 20976, 21003, 21006, 21010, 21015, 21020, 21027, 21044, 21059, 21097, 21101, 21108, 21114, 21118, 21127, 21163, 21176, 21222, 21227, 21267, 21303, 21311, 21354, 21399, 21444, 21490, 21499, 21523, 21546, 21567, 21569, 21573, 21650, 21786, 21845, 21871, 21876, 21891, 21934, 21939, 21967, 22008, 22138, 22144, 22158, 22216, 22259, 22342, 22345, 22355, 22419, 22430, 22436, 22470, 22489, 22504, 22528, 22535, 22547, 22578, 22592, 22612, 22633, 22669, 22672, 22735, 22741, 22747, 22751, 22757, 22760, 22836, 22861, 22863, 22867, 22887, 22956, 22978, 23008, 23024, 23112, 23152, 23163, 23220, 23304, 23359, 23405, 23429, 23510, 23540, 23542, 23554, 23569, 23581, 23599, 23621, 23649, 23665, 23675, 23693, 23718, 23721, 23724, 23726, 23728, 23751, 23794, 23808, 23812, 23824, 23861, 23921, 23934, 23945, 24010, 24025, 24027, 24039, 24080, 24086, 24111, 24135, 24165, 24224, 24234, 24260, 24283, 24286, 24367, 24391, 24449, 24510, 24535, 24540, 24543, 24561, 24584, 24610, 24626, 24645, 24666, 24674, 24689, 24710, 24737, 24742, 24752, 24893, 24938, 24963, 24989, 25083, 25099, 25133, 25169, 25203, 25208, 25247, 25253, 25279, 25324, 25333, 25344, 25354, 25417, 25434, 25471, 25476, 25492, 25532, 25540, 25582, 25584, 25628, 25719, 25732, 25734, 25743, 25764, 25824, 25851, 25869, 25904, 26052, 26054, 26056, 26062, 26064, 26132, 26143, 26150, 26167, 26173, 26197, 26227, 26237, 26267, 26286, 26313, 26393, 26440, 26489, 26542, 26594, 26603, 26616, 26649, 26653, 26655, 26721, 26731, 26782, 26810, 26826, 26891, 26912, 26922, 27020, 27025, 27028, 27095, 27137, 27142, 27151, 27185, 27206, 27250, 27303, 27322, 27381, 27383, 27405, 27432, 27462, 27467, 27479, 27500, 27527, 27585, 27599, 27638, 27640, 27648, 27662, 27678, 27680, 27708, 27717, 27758, 27854, 27907, 27952, 27957, 27960, 28000, 28027, 28038, 28043, 28056, 28083, 28099, 28174, 28177, 28190, 28255, 28335, 28338, 28362, 28407, 28409, 28417, 28438, 28450, 28479, 28517, 28542, 28552, 28586, 28633, 28678, 28690, 28712, 28722, 28737, 28760, 28762, 28778, 28797, 28810, 28830, 28839, 28877, 28944, 28948, 28972, 28975, 28977, 28981, 28987, 28992, 28997, 29023, 29056, 29086, 29088, 29171, 29220, 29223, 29243, 29267, 29269, 29277, 29348, 29394, 29419, 29423, 29473, 29530, 29577, 29591, 29700, 29704, 29708, 29845, 29848, 29857, 29896, 29907, 29916, 29943, 29973, 30006, 30014, 30030, 30048, 30197, 30261, 30280, 30296, 30321, 30357, 30361, 30371, 30386, 30388, 30402, 30419, 30443, 30450, 30499, 30604, 30609, 30614, 30648, 30677, 30721, 30728, 30764, 30766, 30787, 30797, 30841, 30846, 30860, 30871, 30875, 30877, 30907, 30942, 30950, 30967, 31025, 31028, 31042, 31073, 31093, 31099, 31115, 31127, 31138, 31144, 31158, 31180, 31190, 31193, 31201, 31203, 31210, 31226, 31229, 31313, 31342, 31364, 31396, 31415, 31417, 31425, 31468, 31471, 31484, 31535, 31560, 31591, 31594, 31604, 31607, 31617, 31644, 31670, 31682, 31689, 31717, 31879, 31881, 31893, 31914, 31924, 31926, 31944, 31986, 32007, 32019, 32040, 32047, 32057, 32065, 32105, 32119, 32130, 32178, 32192, 32208, 32216, 32243, 32258, 32291, 32303, 32343, 32362, 32431, 32450, 32470, 32485, 32488, 32576, 32691, 32727, 32753, 32771, 32862, 32879, 33007, 33093, 33098, 33343, 33387, 33409, 33429, 33486, 33495, 33573, 33597, 33606, 33612, 33626, 33630, 33678, 33696, 33709, 33712, 33754, 33782, 33793, 33800, 33802, 33805, 33829, 33842, 33849, 33851, 33870, 33880, 33918, 33921, 33931, 33952, 33956, 33962, 33976, 33998, 34003, 34027, 34098, 34106, 34139, 34172, 34191, 34249, 34262, 34279, 34285, 34291, 34308, 34314, 34488, 34492, 34494, 34519, 34527, 34532, 34542, 34547, 34578, 34582, 34669, 34689, 34694, 34712, 34721, 34742, 34744, 34746, 34782, 34823, 34825, 34834, 34873, 34908, 34938, 34962, 34964, 34970, 34996, 35008, 35013, 35067, 35207, 35213, 35249, 35251, 35261, 35309, 35311, 35325, 35351, 35365, 35433, 35442, 35522, 35570, 35576, 35604, 35613, 35693, 35712, 35769, 35817, 35837, 35854, 35894, 35917, 35927, 35941, 35967, 35981, 35988, 35996, 35999, 36016, 36045, 36080, 36086, 36115, 36172, 36229, 36246, 36262, 36268, 36318, 36357, 36381, 36393, 36435, 36460, 36498, 36513, 36528, 36531, 36575, 36640, 36651, 36681, 36707, 36733]","[4064, 19292, 26467, 29052, 29939, 31304, 32497, 32675, 32916, 34484, 35203]",36733,1400,35333,11,1389,35333,0
-1.5,HUMADPRF02,"[16, 90, 205, 277, 337, 359, 378, 425, 475, 492, 514, 528, 605, 609, 620, 638, 681, 694, 707, 713, 747, 756, 763, 772, 869, 878, 904, 928, 936, 945, 955, 970, 1043, 1058, 1088, 1092, 1135, 1138, 1141, 1143, 1158, 1169, 1198, 1205, 1214, 1219, 1241, 1243, 1250, 1254, 1308, 1325, 1329, 1333, 1338, 1351, 1353, 1373, 1445, 1447, 1456, 1461, 1469, 1483, 1499, 1526, 1539, 1563, 1623, 1650, 1697, 1706, 1730, 1743, 1756, 1765, 1915, 1937, 1941, 1952, 1976, 1982, 1996, 2001, 2011, 2033, 2048, 2074, 2102, 2108, 2123, 2131, 2184, 2260, 2267, 2284, 2306, 2351, 2405, 2444, 2446, 2462, 2605, 2615, 2643, 2653, 2658, 2663, 2682, 2685, 2744, 2803, 2805, 2811, 2817, 2819, 2827, 2837, 2855, 2882, 2887, 2947, 2949, 2953, 2972, 3016, 3035, 3039, 3090, 3182, 3225, 3285, 3305, 3307, 3311, 3355, 3392, 3426, 3454, 3463, 3477, 3497, 3529, 3552, 3557, 3575, 3733, 3739, 3761, 3767, 3771, 3777, 3787, 3854, 3880, 3904, 3913, 3921, 3932, 3942, 3944, 3946, 3994, 4041, 4076, 4118, 4141, 4152, 4161, 4173, 4187, 4192, 4213, 4215, 4217, 4223, 4243, 4245, 4247, 4249, 4251, 4253, 4257, 4259, 4261, 4265, 4273, 4275, 4279, 4283, 4287, 4289, 4291, 4294, 4297, 4300, 4309, 4311, 4318, 4338, 4498, 4588, 4595, 4684, 4692, 4701, 4732, 4736, 4745, 4748, 4778, 4826, 4870, 4943, 4947, 4951, 4954, 4965, 4990, 4997, 5039, 5058, 5067, 5120, 5131, 5139, 5150]","[359, 1308, 1650]","[16, 90, 205, 277, 337, 378, 425, 475, 492, 514, 528, 605, 609, 620, 638, 681, 694, 707, 713, 747, 756, 763, 772, 869, 878, 904, 928, 936, 945, 955, 970, 1043, 1058, 1088, 1092, 1135, 1138, 1141, 1143, 1158, 1169, 1198, 1205, 1214, 1219, 1241, 1243, 1250, 1254, 1325, 1329, 1333, 1338, 1351, 1353, 1373, 1445, 1447, 1456, 1461, 1469, 1483, 1499, 1526, 1539, 1563, 1623, 1697, 1706, 1730, 1743, 1756, 1765, 1915, 1937, 1941, 1952, 1976, 1982, 1996, 2001, 2011, 2033, 2048, 2074, 2102, 2108, 2123, 2131, 2184, 2260, 2267, 2284, 2306, 2351, 2405, 2444, 2446, 2462, 2605, 2615, 2643, 2653, 2658, 2663, 2682, 2685, 2744, 2803, 2805, 2811, 2817, 2819, 2827, 2837, 2855, 2882, 2887, 2947, 2949, 2953, 2972, 3016, 3035, 3039, 3090, 3182, 3225, 3285, 3305, 3307, 3311, 3355, 3392, 3426, 3454, 3463, 3477, 3497, 3529, 3552, 3557, 3575, 3733, 3739, 3761, 3767, 3771, 3777, 3787, 3854, 3880, 3904, 3913, 3921, 3932, 3942, 3944, 3946, 3994, 4041, 4076, 4118, 4141, 4152, 4161, 4173, 4187, 4192, 4213, 4215, 4217, 4223, 4243, 4245, 4247, 4249, 4251, 4253, 4257, 4259, 4261, 4265, 4273, 4275, 4279, 4283, 4287, 4289, 4291, 4294, 4297, 4300, 4309, 4311, 4318, 4338, 4498, 4588, 4595, 4684, 4692, 4701, 4732, 4736, 4745, 4748, 4778, 4826, 4870, 4943, 4947, 4951, 4954, 4965, 4990, 4997, 5039, 5058, 5067, 5120, 5131, 5139, 5150]","[359, 1308, 1650]",5159,227,4932,3,224,4932,0
-1.5,HUMAPEXN,"[47, 50, 86, 130, 137, 166, 172, 196, 201, 210, 256, 284, 294, 332, 344, 349, 364, 486, 496, 502, 668, 681, 706, 753, 766, 770, 782, 787, 823, 874, 880, 885, 888, 890, 946, 954, 967, 980, 994, 1002, 1032, 1045, 1081, 1100, 1151, 1156, 1186, 1190, 1246, 1249, 1268, 1313, 1331, 1335, 1347, 1364, 1368, 1376, 1394, 1398, 1417, 1434, 1465, 1510, 1512, 1530, 1535, 1539, 1565, 1569, 1577, 1589, 1599, 1604, 1628, 1649, 1653, 1693, 1748, 1783, 1821, 1863, 1867, 1897, 1907, 1915, 1972, 1982, 2008, 2021, 2233, 2285, 2296, 2341, 2345, 2428, 2432, 2458, 2539, 2563, 2568, 2573, 2593, 2622, 2781, 2787, 2804, 2808, 2814, 2826, 2845, 2850, 2861, 2894, 2928, 2933, 2935, 2949, 3051, 3144, 3148, 3197, 3199, 3232, 3266, 3368, 3401, 3441, 3558, 3600, 3608, 3617, 3622, 3721]","[1465, 1863, 2622]","[47, 50, 86, 130, 137, 166, 172, 196, 201, 210, 256, 284, 294, 332, 344, 349, 364, 486, 496, 502, 668, 681, 706, 753, 766, 770, 782, 787, 823, 874, 880, 885, 888, 890, 946, 954, 967, 980, 994, 1002, 1032, 1045, 1081, 1100, 1151, 1156, 1186, 1190, 1246, 1249, 1268, 1313, 1331, 1335, 1347, 1364, 1368, 1376, 1394, 1398, 1417, 1434, 1510, 1512, 1530, 1535, 1539, 1565, 1569, 1577, 1589, 1599, 1604, 1628, 1649, 1653, 1693, 1748, 1783, 1821, 1867, 1897, 1907, 1915, 1972, 1982, 2008, 2021, 2233, 2285, 2296, 2341, 2345, 2428, 2432, 2458, 2539, 2563, 2568, 2573, 2593, 2781, 2787, 2804, 2808, 2814, 2826, 2845, 2850, 2861, 2894, 2928, 2933, 2935, 2949, 3051, 3144, 3148, 3197, 3199, 3232, 3266, 3368, 3401, 3441, 3558, 3600, 3608, 3617, 3622, 3721]","[1465, 1863, 2622]",3722,134,3588,3,131,3588,0
-1.5,HUMAPOCII,"[14, 16, 61, 70, 94, 102, 112, 135, 167, 169, 184, 198, 202, 207, 215, 280, 329, 349, 355, 362, 377, 384, 389, 404, 446, 481, 490, 501, 505, 530, 536, 547, 566, 571, 589, 607, 661, 668, 670, 685, 687, 689, 691, 693, 695, 697, 699, 737, 764, 795, 811, 850, 876, 882, 891, 917, 930, 937, 951, 965, 1012, 1030, 1061, 1075, 1082, 1107, 1147, 1152, 1165, 1224, 1230, 1242, 1250, 1263, 1331, 1345, 1358, 1399, 1409, 1434, 1451, 1479, 1482, 1492, 1551, 1557, 1692, 1711, 1713, 1728, 1735, 1758, 1778, 1789, 1812, 1837, 1856, 1870, 1872, 1929, 1958, 1980, 1985, 1989, 2002, 2085, 2129, 2142, 2187, 2219, 2255, 2265, 2278, 2305, 2321, 2328, 2353, 2398, 2405, 2411, 2467, 2471, 2512, 2561, 2564, 2571, 2577, 2630, 2636, 2642, 2733, 2736, 2760, 2781, 2866, 2891, 2927, 2982, 2995, 2999, 3001, 3163, 3223, 3252, 3279, 3304, 3321, 3347, 3610, 3631, 3695, 3712, 3734, 3774, 3799, 3862, 3960, 3999, 4006, 4022, 4091, 4101, 4121, 4124, 4160, 4174, 4176, 4193, 4213, 4220, 4232, 4236, 4245, 4250, 4259, 4263, 4271, 4294, 4333]","[2995, 3321]","[14, 16, 61, 70, 94, 102, 112, 135, 167, 169, 184, 198, 202, 207, 215, 280, 329, 349, 355, 362, 377, 384, 389, 404, 446, 481, 490, 501, 505, 530, 536, 547, 566, 571, 589, 607, 661, 668, 670, 685, 687, 689, 691, 693, 695, 697, 699, 737, 764, 795, 811, 850, 876, 882, 891, 917, 930, 937, 951, 965, 1012, 1030, 1061, 1075, 1082, 1107, 1147, 1152, 1165, 1224, 1230, 1242, 1250, 1263, 1331, 1345, 1358, 1399, 1409, 1434, 1451, 1479, 1482, 1492, 1551, 1557, 1692, 1711, 1713, 1728, 1735, 1758, 1778, 1789, 1812, 1837, 1856, 1870, 1872, 1929, 1958, 1980, 1985, 1989, 2002, 2085, 2129, 2142, 2187, 2219, 2255, 2265, 2278, 2305, 2321, 2328, 2353, 2398, 2405, 2411, 2467, 2471, 2512, 2561, 2564, 2571, 2577, 2630, 2636, 2642, 2733, 2736, 2760, 2781, 2866, 2891, 2927, 2982, 2999, 3001, 3163, 3223, 3252, 3279, 3304, 3347, 3610, 3631, 3695, 3712, 3734, 3774, 3799, 3862, 3960, 3999, 4006, 4022, 4091, 4101, 4121, 4124, 4160, 4174, 4176, 4193, 4213, 4220, 4232, 4236, 4245, 4250, 4259, 4263, 4271, 4294, 4333]","[2995, 3321]",4332,179,4153,2,177,4153,0
-1.5,HUMAPOE4,"[26, 40, 149, 166, 188, 205, 214, 235, 250, 281, 388, 393, 414, 432, 464, 509, 518, 529, 539, 552, 573, 587, 600, 617, 752, 824, 826, 830, 845, 867, 874, 877, 923, 955, 1027, 1064, 1091, 1103, 1173, 1197, 1225, 1294, 1299, 1324, 1379, 1388, 1433, 1443, 1506, 1511, 1526, 1575, 1586, 1696, 1711, 1717, 1773, 1783, 1799, 1821, 1877, 1882, 1898, 1914, 1936, 2023, 2071, 2095, 2119, 2153, 2178, 2183, 2222, 2254, 2301, 2310, 2321, 2331, 2344, 2365, 2376, 2392, 2409, 2433, 2440, 2465, 2489, 2571, 2584, 2611, 2661, 2706, 2719, 2772, 2778, 2784, 2793, 2819, 2863, 2918, 2932, 2934, 2944, 2965, 3021, 3033, 3074, 3109, 3135, 3146, 3156, 3183, 3200, 3204, 3234, 3256, 3262, 3278, 3302, 3312, 3475, 3483, 3498, 3546, 3687, 3750, 3851, 3929, 3944, 3949, 3962, 4001, 4032, 4079, 4081, 4151, 4166, 4181, 4292, 4304, 4313, 4390, 4403, 4423, 4436, 4445, 4457, 4478, 4537, 4602, 4632, 4659, 4741, 4743, 4747, 4751, 4789, 4814, 4819, 4881, 4926, 4935, 4956, 4969, 4988, 5013, 5085, 5095, 5142, 5149, 5175, 5222, 5225, 5227, 5229, 5231, 5242, 5252, 5267, 5312, 5364, 5375, 5445]","[1914, 3200]","[26, 40, 149, 166, 188, 205, 214, 235, 250, 281, 388, 393, 414, 432, 464, 509, 518, 529, 539, 552, 573, 587, 600, 617, 752, 824, 826, 830, 845, 867, 874, 877, 923, 955, 1027, 1064, 1091, 1103, 1173, 1197, 1225, 1294, 1299, 1324, 1379, 1388, 1433, 1443, 1506, 1511, 1526, 1575, 1586, 1696, 1711, 1717, 1773, 1783, 1799, 1821, 1877, 1882, 1898, 1936, 2023, 2071, 2095, 2119, 2153, 2178, 2183, 2222, 2254, 2301, 2310, 2321, 2331, 2344, 2365, 2376, 2392, 2409, 2433, 2440, 2465, 2489, 2571, 2584, 2611, 2661, 2706, 2719, 2772, 2778, 2784, 2793, 2819, 2863, 2918, 2932, 2934, 2944, 2965, 3021, 3033, 3074, 3109, 3135, 3146, 3156, 3183, 3204, 3234, 3256, 3262, 3278, 3302, 3312, 3475, 3483, 3498, 3546, 3687, 3750, 3851, 3929, 3944, 3949, 3962, 4001, 4032, 4079, 4081, 4151, 4166, 4181, 4292, 4304, 4313, 4390, 4403, 4423, 4436, 4445, 4457, 4478, 4537, 4602, 4632, 4659, 4741, 4743, 4747, 4751, 4789, 4814, 4819, 4881, 4926, 4935, 4956, 4969, 4988, 5013, 5085, 5095, 5142, 5149, 5175, 5222, 5225, 5227, 5229, 5231, 5242, 5252, 5267, 5312, 5364, 5375, 5445]","[1914, 3200]",5507,183,5324,2,181,5324,0
-1.5,HUMATPGG,"[30, 130, 141, 156, 172, 182, 187, 191, 203, 213, 268, 285, 290, 297, 313, 315, 317, 320, 331, 336, 354, 357, 383, 396, 499, 524, 552, 559, 570, 594, 599, 618, 631, 662, 676, 683, 708, 731, 748, 753, 760, 766, 825, 831, 866, 868, 874, 914, 916, 951, 996, 1022, 1077, 1084, 1102, 1113, 1122, 1139, 1200, 1230, 1290, 1306, 1323, 1333, 1336, 1344, 1373, 1387, 1404, 1409, 1445, 1449, 1462, 1469, 1474, 1486, 1492, 1556, 1620, 1629, 1727, 1762, 1781, 1856, 1860, 1891, 1902, 1923, 2170, 2195, 2327, 2418, 2420, 2426, 2553, 2562, 2592, 2601, 2605, 2648, 2677, 2686, 2689, 2809, 2819, 2880, 2891, 2905, 2920, 2930, 2937, 2964, 2966, 2980, 3025, 3032, 3102, 3115, 3168, 3180, 3294, 3446, 3513, 3538, 3602, 3630, 3657, 3664, 3691, 3733, 3762, 3818, 3865, 3883, 3899, 3995, 3997, 4043, 4060, 4064, 4114, 4118, 4181, 4206, 4284, 4293, 4297, 4347, 4382, 4479, 4550, 4553, 4565, 4578, 4589, 4631, 4657, 4684, 4738, 4749, 4753, 4777, 4871, 4916, 4934, 4953, 4983, 5015, 5055, 5058, 5105, 5112, 5191, 5208, 5216, 5247, 5265, 5268, 5277, 5301, 5307, 5311, 5493, 5530, 5558, 5575, 5593, 5627, 5638, 5659, 5661, 5717, 5792, 5794, 5808, 5833, 5882, 5900, 5919, 5953, 5964, 5967, 5985, 6009, 6057, 6071, 6113, 6118, 6120, 6158, 6165, 6191, 6205, 6233, 6257, 6271, 6297, 6302, 6323, 6369, 6375, 6391, 6416, 6431, 6452, 6464, 6471, 6482, 6503, 6519, 6525, 6534, 6573, 6575, 6600, 6620, 6710, 6742, 6749, 7311, 7335, 7394, 7449, 7456, 7488, 7605, 7623, 7674, 7752, 7781, 7783, 7833, 7858, 7861, 7864, 7870, 7885, 7889, 7897, 7908, 7923, 7930, 7944, 7980, 7982, 8017, 8078, 8126, 8168, 8176, 8198, 8208, 8222, 8227, 8257, 8351, 8374, 8402, 8529, 8543, 8558, 8581, 8620, 8670, 8672, 8688, 8710, 8753, 8801, 8805, 8843, 8869, 8948, 8974, 9016, 9032, 9179, 9186, 9189, 9199, 9204, 9216, 9218, 9271, 9275, 9286, 9299, 9308, 9315, 9351, 9353, 9383, 9408, 9410, 9416, 9425, 9436, 9489, 9500, 9529, 9535, 9537, 9582, 9612, 9614, 9645, 9651, 9672, 9691, 9720, 9778, 9786, 9792, 9805, 9807, 9846, 9927, 9936, 9946, 9976, 9978, 10001, 10015, 10035, 10127, 10133, 10150, 10190, 10208, 10223, 10293, 10309, 10311, 10313, 10328, 10343, 10354, 10406, 10478, 10507, 10587, 10614, 10624, 10635, 10649, 10691, 10735, 10770, 10775, 10789, 10815, 10840, 10852, 10855, 10861, 10865, 10947, 10977, 11018, 11116, 11140, 11142, 11148, 11163, 11201, 11222, 11290, 11318, 11354, 11365, 11405, 11409, 11415, 11435, 11494, 11507, 11509, 11527, 11543, 11555, 11559, 11574, 11582, 11665, 11725, 11745, 11759, 11761, 11777, 11783, 11803, 11811, 11815, 11817, 11834, 11840, 11872, 11886, 11906, 11928, 11989, 12001, 12005, 12022, 12070, 12074, 12135, 12137, 12160, 12162, 12209, 12284, 12320, 12372, 12384, 12387, 12403, 12415, 12440, 12455, 12505, 12511, 12544, 12549, 12568, 12570, 12584, 12600, 12623, 12650, 12660, 12702, 12709, 12775, 12804, 12835, 12858, 12862, 12874, 12882, 12909, 12922, 12987, 13022, 13055, 13061, 13084, 13136, 13243, 13271, 13327, 13342, 13458, 13510, 13546, 13555, 13571, 13592, 13594, 13663, 13702, 13728, 13731, 13759, 13765, 13775, 13848, 13851, 13876, 13883, 13885, 13887, 13936, 14011, 14023, 14032, 14052, 14100, 14110, 14137, 14174, 14184, 14190, 14193, 14200, 14257, 14276, 14280, 14282, 14318, 14470, 14537, 14552, 14611, 14623, 14682, 14746, 14749, 14755, 14773, 14796, 14866, 14881, 14906, 14911, 14918, 14939, 14950, 14956, 14974, 15010, 15017, 15036, 15090]","[1445, 1727, 1902, 2677, 4293, 4749, 5307, 6118, 6534, 6749, 7456, 8198, 9436, 9672, 9946, 10190, 11405, 12074, 13663, 14100, 14276]","[30, 130, 141, 156, 172, 182, 187, 191, 203, 213, 268, 285, 290, 297, 313, 315, 317, 320, 331, 336, 354, 357, 383, 396, 499, 524, 552, 559, 570, 594, 599, 618, 631, 662, 676, 683, 708, 731, 748, 753, 760, 766, 825, 831, 866, 868, 874, 914, 916, 951, 996, 1022, 1077, 1084, 1102, 1113, 1122, 1139, 1200, 1230, 1290, 1306, 1323, 1333, 1336, 1344, 1373, 1387, 1404, 1409, 1449, 1462, 1469, 1474, 1486, 1492, 1556, 1620, 1629, 1762, 1781, 1856, 1860, 1891, 1923, 2170, 2195, 2327, 2418, 2420, 2426, 2553, 2562, 2592, 2601, 2605, 2648, 2686, 2689, 2809, 2819, 2880, 2891, 2905, 2920, 2930, 2937, 2964, 2966, 2980, 3025, 3032, 3102, 3115, 3168, 3180, 3294, 3446, 3513, 3538, 3602, 3630, 3657, 3664, 3691, 3733, 3762, 3818, 3865, 3883, 3899, 3995, 3997, 4043, 4060, 4064, 4114, 4118, 4181, 4206, 4284, 4297, 4347, 4382, 4479, 4550, 4553, 4565, 4578, 4589, 4631, 4657, 4684, 4738, 4753, 4777, 4871, 4916, 4934, 4953, 4983, 5015, 5055, 5058, 5105, 5112, 5191, 5208, 5216, 5247, 5265, 5268, 5277, 5301, 5311, 5493, 5530, 5558, 5575, 5593, 5627, 5638, 5659, 5661, 5717, 5792, 5794, 5808, 5833, 5882, 5900, 5919, 5953, 5964, 5967, 5985, 6009, 6057, 6071, 6113, 6120, 6158, 6165, 6191, 6205, 6233, 6257, 6271, 6297, 6302, 6323, 6369, 6375, 6391, 6416, 6431, 6452, 6464, 6471, 6482, 6503, 6519, 6525, 6573, 6575, 6600, 6620, 6710, 6742, 7311, 7335, 7394, 7449, 7488, 7605, 7623, 7674, 7752, 7781, 7783, 7833, 7858, 7861, 7864, 7870, 7885, 7889, 7897, 7908, 7923, 7930, 7944, 7980, 7982, 8017, 8078, 8126, 8168, 8176, 8208, 8222, 8227, 8257, 8351, 8374, 8402, 8529, 8543, 8558, 8581, 8620, 8670, 8672, 8688, 8710, 8753, 8801, 8805, 8843, 8869, 8948, 8974, 9016, 9032, 9179, 9186, 9189, 9199, 9204, 9216, 9218, 9271, 9275, 9286, 9299, 9308, 9315, 9351, 9353, 9383, 9408, 9410, 9416, 9425, 9489, 9500, 9529, 9535, 9537, 9582, 9612, 9614, 9645, 9651, 9691, 9720, 9778, 9786, 9792, 9805, 9807, 9846, 9927, 9936, 9976, 9978, 10001, 10015, 10035, 10127, 10133, 10150, 10208, 10223, 10293, 10309, 10311, 10313, 10328, 10343, 10354, 10406, 10478, 10507, 10587, 10614, 10624, 10635, 10649, 10691, 10735, 10770, 10775, 10789, 10815, 10840, 10852, 10855, 10861, 10865, 10947, 10977, 11018, 11116, 11140, 11142, 11148, 11163, 11201, 11222, 11290, 11318, 11354, 11365, 11409, 11415, 11435, 11494, 11507, 11509, 11527, 11543, 11555, 11559, 11574, 11582, 11665, 11725, 11745, 11759, 11761, 11777, 11783, 11803, 11811, 11815, 11817, 11834, 11840, 11872, 11886, 11906, 11928, 11989, 12001, 12005, 12022, 12070, 12135, 12137, 12160, 12162, 12209, 12284, 12320, 12372, 12384, 12387, 12403, 12415, 12440, 12455, 12505, 12511, 12544, 12549, 12568, 12570, 12584, 12600, 12623, 12650, 12660, 12702, 12709, 12775, 12804, 12835, 12858, 12862, 12874, 12882, 12909, 12922, 12987, 13022, 13055, 13061, 13084, 13136, 13243, 13271, 13327, 13342, 13458, 13510, 13546, 13555, 13571, 13592, 13594, 13702, 13728, 13731, 13759, 13765, 13775, 13848, 13851, 13876, 13883, 13885, 13887, 13936, 14011, 14023, 14032, 14052, 14110, 14137, 14174, 14184, 14190, 14193, 14200, 14257, 14280, 14282, 14318, 14470, 14537, 14552, 14611, 14623, 14682, 14746, 14749, 14755, 14773, 14796, 14866, 14881, 14906, 14911, 14918, 14939, 14950, 14956, 14974, 15010, 15017, 15036, 15090]","[1445, 1727, 1902, 2677, 4293, 4749, 5307, 6118, 6534, 6749, 7456, 8198, 9436, 9672, 9946, 10190, 11405, 12074, 13663, 14100, 14276]",15107,534,14573,21,513,14573,0
-1.5,HUMBETGLOA,"[52, 56, 74, 96, 136, 164, 246, 252, 256, 260, 311, 351, 376, 380, 443, 488, 534, 551, 582, 592, 601, 641, 665, 687, 717, 735, 791, 837, 869, 892, 910, 920, 926, 935, 939, 942, 958, 962, 970, 982, 1011, 1034, 1068, 1095, 1118, 1176, 1197, 1204, 1213, 1264, 1276, 1290, 1311, 1358, 1369, 1387, 1395, 1434, 1436, 1568, 1603, 1628, 1637, 1660, 1662, 1744, 1750, 1752, 1769, 1792, 1806, 1907, 1943, 1957, 2007, 2016, 2023, 2079, 2173, 2179, 2183, 2185, 2224, 2245, 2248, 2255, 2257, 2280, 2323, 2428, 2468, 2475, 2479, 2559, 2638, 2657, 2676, 2805, 2834, 2886, 2912, 2918, 2931, 2964, 2981]","[958, 1311]","[52, 56, 74, 96, 136, 164, 246, 252, 256, 260, 311, 351, 376, 380, 443, 488, 534, 551, 582, 592, 601, 641, 665, 687, 717, 735, 791, 837, 869, 892, 910, 920, 926, 935, 939, 942, 962, 970, 982, 1011, 1034, 1068, 1095, 1118, 1176, 1197, 1204, 1213, 1264, 1276, 1290, 1358, 1369, 1387, 1395, 1434, 1436, 1568, 1603, 1628, 1637, 1660, 1662, 1744, 1750, 1752, 1769, 1792, 1806, 1907, 1943, 1957, 2007, 2016, 2023, 2079, 2173, 2179, 2183, 2185, 2224, 2245, 2248, 2255, 2257, 2280, 2323, 2428, 2468, 2475, 2479, 2559, 2638, 2657, 2676, 2805, 2834, 2886, 2912, 2918, 2931, 2964, 2981]","[958, 1311]",2994,105,2889,2,103,2889,0
-1.5,HUMBETGLOB,"[52, 56, 74, 96, 136, 164, 246, 252, 256, 260, 309, 349, 374, 378, 441, 486, 532, 549, 580, 590, 599, 639, 663, 685, 715, 733, 789, 835, 867, 890, 908, 918, 924, 933, 937, 940, 956, 960, 968, 980, 1009, 1032, 1066, 1093, 1116, 1174, 1195, 1202, 1211, 1262, 1274, 1288, 1309, 1356, 1367, 1385, 1393, 1432, 1434, 1566, 1601, 1626, 1635, 1658, 1660, 1742, 1748, 1750, 1767, 1790, 1804, 1905, 1941, 1955, 2005, 2014, 2021, 2077, 2171, 2177, 2181, 2183, 2222, 2243, 2246, 2253, 2255, 2278, 2321, 2426, 2466, 2473, 2477, 2557, 2636, 2655, 2674, 2803, 2832, 2884, 2916, 2929, 2962, 2979]","[956, 1309]","[52, 56, 74, 96, 136, 164, 246, 252, 256, 260, 309, 349, 374, 378, 441, 486, 532, 549, 580, 590, 599, 639, 663, 685, 715, 733, 789, 835, 867, 890, 908, 918, 924, 933, 937, 940, 960, 968, 980, 1009, 1032, 1066, 1093, 1116, 1174, 1195, 1202, 1211, 1262, 1274, 1288, 1356, 1367, 1385, 1393, 1432, 1434, 1566, 1601, 1626, 1635, 1658, 1660, 1742, 1748, 1750, 1767, 1790, 1804, 1905, 1941, 1955, 2005, 2014, 2021, 2077, 2171, 2177, 2181, 2183, 2222, 2243, 2246, 2253, 2255, 2278, 2321, 2426, 2466, 2473, 2477, 2557, 2636, 2655, 2674, 2803, 2832, 2884, 2916, 2929, 2962, 2979]","[956, 1309]",2992,104,2888,2,102,2888,0
-1.5,HUMBETGLOC,"[52, 56, 74, 96, 136, 164, 246, 252, 256, 260, 311, 351, 376, 380, 443, 488, 534, 551, 582, 592, 601, 641, 665, 687, 717, 735, 791, 837, 869, 892, 910, 920, 926, 935, 939, 942, 958, 962, 970, 982, 1011, 1034, 1068, 1095, 1118, 1176, 1197, 1204, 1213, 1264, 1276, 1290, 1311, 1358, 1369, 1387, 1395, 1434, 1436, 1568, 1603, 1628, 1637, 1660, 1662, 1744, 1750, 1752, 1769, 1792, 1806, 1907, 1943, 1957, 2007, 2016, 2023, 2079, 2173, 2179, 2183, 2185, 2224, 2245, 2248, 2255, 2257, 2280, 2323, 2428, 2468, 2475, 2479, 2559, 2638, 2657, 2676, 2805, 2834, 2886, 2918, 2931, 2964, 2981]","[958, 1311]","[52, 56, 74, 96, 136, 164, 246, 252, 256, 260, 311, 351, 376, 380, 443, 488, 534, 551, 582, 592, 601, 641, 665, 687, 717, 735, 791, 837, 869, 892, 910, 920, 926, 935, 939, 942, 962, 970, 982, 1011, 1034, 1068, 1095, 1118, 1176, 1197, 1204, 1213, 1264, 1276, 1290, 1358, 1369, 1387, 1395, 1434, 1436, 1568, 1603, 1628, 1637, 1660, 1662, 1744, 1750, 1752, 1769, 1792, 1806, 1907, 1943, 1957, 2007, 2016, 2023, 2079, 2173, 2179, 2183, 2185, 2224, 2245, 2248, 2255, 2257, 2280, 2323, 2428, 2468, 2475, 2479, 2559, 2638, 2657, 2676, 2805, 2834, 2886, 2918, 2931, 2964, 2981]","[958, 1311]",2994,104,2890,2,102,2890,0
-1.5,HUMBETGLOD,"[52, 56, 74, 96, 136, 164, 246, 252, 256, 260, 311, 351, 376, 380, 443, 488, 534, 551, 582, 592, 601, 641, 665, 687, 717, 735, 791, 837, 869, 892, 910, 920, 926, 935, 939, 942, 958, 962, 970, 982, 1011, 1034, 1068, 1095, 1118, 1176, 1197, 1204, 1213, 1264, 1276, 1290, 1311, 1358, 1369, 1387, 1395, 1434, 1436, 1568, 1603, 1628, 1637, 1660, 1662, 1744, 1750, 1752, 1769, 1792, 1806, 1907, 1943, 1957, 2007, 2016, 2023, 2079, 2173, 2179, 2183, 2185, 2224, 2245, 2248, 2255, 2257, 2280, 2323, 2428, 2468, 2475, 2479, 2559, 2638, 2657, 2676, 2805, 2834, 2886, 2918, 2931, 2964, 2981]","[958, 1311]","[52, 56, 74, 96, 136, 164, 246, 252, 256, 260, 311, 351, 376, 380, 443, 488, 534, 551, 582, 592, 601, 641, 665, 687, 717, 735, 791, 837, 869, 892, 910, 920, 926, 935, 939, 942, 962, 970, 982, 1011, 1034, 1068, 1095, 1118, 1176, 1197, 1204, 1213, 1264, 1276, 1290, 1358, 1369, 1387, 1395, 1434, 1436, 1568, 1603, 1628, 1637, 1660, 1662, 1744, 1750, 1752, 1769, 1792, 1806, 1907, 1943, 1957, 2007, 2016, 2023, 2079, 2173, 2179, 2183, 2185, 2224, 2245, 2248, 2255, 2257, 2280, 2323, 2428, 2468, 2475, 2479, 2559, 2638, 2657, 2676, 2805, 2834, 2886, 2918, 2931, 2964, 2981]","[958, 1311]",2994,104,2890,2,102,2890,0
-1.5,HUMBETGLOE,"[52, 56, 74, 96, 136, 164, 246, 252, 256, 260, 309, 349, 374, 378, 441, 486, 532, 549, 580, 590, 599, 639, 663, 685, 715, 733, 789, 835, 867, 890, 908, 918, 924, 933, 937, 940, 956, 960, 968, 980, 1009, 1032, 1066, 1093, 1116, 1174, 1195, 1202, 1211, 1262, 1274, 1288, 1309, 1356, 1367, 1385, 1393, 1432, 1434, 1566, 1601, 1626, 1635, 1658, 1660, 1742, 1748, 1750, 1767, 1790, 1804, 1905, 1941, 1955, 2005, 2014, 2021, 2077, 2171, 2177, 2181, 2183, 2222, 2243, 2246, 2253, 2255, 2278, 2321, 2426, 2466, 2473, 2477, 2557, 2636, 2655, 2674, 2803, 2832, 2884, 2916, 2929, 2962, 2979]","[956, 1309]","[52, 56, 74, 96, 136, 164, 246, 252, 256, 260, 309, 349, 374, 378, 441, 486, 532, 549, 580, 590, 599, 639, 663, 685, 715, 733, 789, 835, 867, 890, 908, 918, 924, 933, 937, 940, 960, 968, 980, 1009, 1032, 1066, 1093, 1116, 1174, 1195, 1202, 1211, 1262, 1274, 1288, 1356, 1367, 1385, 1393, 1432, 1434, 1566, 1601, 1626, 1635, 1658, 1660, 1742, 1748, 1750, 1767, 1790, 1804, 1905, 1941, 1955, 2005, 2014, 2021, 2077, 2171, 2177, 2181, 2183, 2222, 2243, 2246, 2253, 2255, 2278, 2321, 2426, 2466, 2473, 2477, 2557, 2636, 2655, 2674, 2803, 2832, 2884, 2916, 2929, 2962, 2979]","[956, 1309]",2992,104,2888,2,102,2888,0
-1.5,HUMBETGLOF,"[52, 56, 74, 96, 136, 164, 246, 252, 256, 260, 311, 351, 376, 380, 443, 488, 534, 551, 582, 592, 601, 641, 665, 687, 717, 735, 791, 837, 869, 892, 910, 920, 926, 935, 939, 942, 958, 962, 970, 982, 1011, 1034, 1068, 1095, 1118, 1176, 1197, 1204, 1213, 1264, 1276, 1290, 1311, 1358, 1369, 1387, 1395, 1434, 1436, 1568, 1603, 1628, 1637, 1660, 1662, 1744, 1750, 1752, 1769, 1792, 1806, 1907, 1943, 1957, 2007, 2016, 2023, 2079, 2173, 2179, 2183, 2185, 2224, 2245, 2248, 2255, 2257, 2280, 2323, 2428, 2468, 2475, 2479, 2559, 2638, 2657, 2676, 2805, 2834, 2886, 2912, 2918, 2931, 2964, 2981]","[958, 1311]","[52, 56, 74, 96, 136, 164, 246, 252, 256, 260, 311, 351, 376, 380, 443, 488, 534, 551, 582, 592, 601, 641, 665, 687, 717, 735, 791, 837, 869, 892, 910, 920, 926, 935, 939, 942, 962, 970, 982, 1011, 1034, 1068, 1095, 1118, 1176, 1197, 1204, 1213, 1264, 1276, 1290, 1358, 1369, 1387, 1395, 1434, 1436, 1568, 1603, 1628, 1637, 1660, 1662, 1744, 1750, 1752, 1769, 1792, 1806, 1907, 1943, 1957, 2007, 2016, 2023, 2079, 2173, 2179, 2183, 2185, 2224, 2245, 2248, 2255, 2257, 2280, 2323, 2428, 2468, 2475, 2479, 2559, 2638, 2657, 2676, 2805, 2834, 2886, 2912, 2918, 2931, 2964, 2981]","[958, 1311]",2994,105,2889,2,103,2889,0
-1.5,HUMBETGLOG,"[52, 56, 74, 96, 136, 164, 246, 252, 256, 260, 311, 351, 376, 380, 443, 488, 534, 551, 582, 592, 601, 641, 665, 687, 717, 735, 791, 837, 869, 892, 910, 920, 926, 935, 939, 942, 958, 962, 970, 982, 1011, 1034, 1068, 1095, 1118, 1176, 1197, 1204, 1213, 1264, 1276, 1290, 1311, 1358, 1369, 1387, 1395, 1434, 1436, 1568, 1603, 1628, 1637, 1660, 1662, 1744, 1750, 1752, 1769, 1792, 1806, 1907, 1943, 1957, 2007, 2016, 2023, 2079, 2173, 2179, 2183, 2185, 2224, 2245, 2248, 2255, 2257, 2280, 2323, 2428, 2468, 2475, 2479, 2559, 2638, 2657, 2676, 2805, 2834, 2886, 2912, 2918, 2931, 2964, 2981]","[958, 1311]","[52, 56, 74, 96, 136, 164, 246, 252, 256, 260, 311, 351, 376, 380, 443, 488, 534, 551, 582, 592, 601, 641, 665, 687, 717, 735, 791, 837, 869, 892, 910, 920, 926, 935, 939, 942, 962, 970, 982, 1011, 1034, 1068, 1095, 1118, 1176, 1197, 1204, 1213, 1264, 1276, 1290, 1358, 1369, 1387, 1395, 1434, 1436, 1568, 1603, 1628, 1637, 1660, 1662, 1744, 1750, 1752, 1769, 1792, 1806, 1907, 1943, 1957, 2007, 2016, 2023, 2079, 2173, 2179, 2183, 2185, 2224, 2245, 2248, 2255, 2257, 2280, 2323, 2428, 2468, 2475, 2479, 2559, 2638, 2657, 2676, 2805, 2834, 2886, 2912, 2918, 2931, 2964, 2981]","[958, 1311]",2994,105,2889,2,103,2889,0
-1.5,HUMBETGLOH,"[52, 56, 74, 96, 136, 164, 246, 252, 256, 260, 311, 351, 376, 380, 443, 488, 534, 551, 582, 592, 601, 641, 665, 687, 717, 735, 791, 837, 869, 892, 910, 920, 926, 935, 939, 942, 958, 962, 970, 982, 1011, 1034, 1068, 1095, 1118, 1176, 1197, 1204, 1213, 1264, 1276, 1290, 1311, 1358, 1369, 1387, 1395, 1434, 1436, 1568, 1603, 1628, 1637, 1660, 1662, 1744, 1750, 1752, 1769, 1792, 1806, 1907, 1943, 1957, 2007, 2016, 2023, 2079, 2173, 2179, 2183, 2185, 2224, 2245, 2248, 2255, 2257, 2280, 2323, 2428, 2468, 2475, 2479, 2559, 2638, 2657, 2676, 2805, 2834, 2886, 2912, 2918, 2931, 2964, 2981]","[958, 1311]","[52, 56, 74, 96, 136, 164, 246, 252, 256, 260, 311, 351, 376, 380, 443, 488, 534, 551, 582, 592, 601, 641, 665, 687, 717, 735, 791, 837, 869, 892, 910, 920, 926, 935, 939, 942, 962, 970, 982, 1011, 1034, 1068, 1095, 1118, 1176, 1197, 1204, 1213, 1264, 1276, 1290, 1358, 1369, 1387, 1395, 1434, 1436, 1568, 1603, 1628, 1637, 1660, 1662, 1744, 1750, 1752, 1769, 1792, 1806, 1907, 1943, 1957, 2007, 2016, 2023, 2079, 2173, 2179, 2183, 2185, 2224, 2245, 2248, 2255, 2257, 2280, 2323, 2428, 2468, 2475, 2479, 2559, 2638, 2657, 2676, 2805, 2834, 2886, 2912, 2918, 2931, 2964, 2981]","[958, 1311]",2994,105,2889,2,103,2889,0
-1.5,HUMBETGLOI,"[52, 56, 74, 96, 136, 164, 246, 252, 256, 260, 309, 349, 374, 378, 441, 486, 532, 549, 580, 590, 599, 639, 663, 685, 715, 733, 789, 835, 867, 890, 908, 918, 924, 933, 937, 940, 956, 960, 968, 980, 1009, 1032, 1066, 1093, 1116, 1174, 1195, 1202, 1211, 1262, 1274, 1288, 1309, 1356, 1367, 1385, 1393, 1432, 1434, 1566, 1601, 1626, 1635, 1658, 1660, 1742, 1748, 1750, 1767, 1790, 1804, 1905, 1941, 1955, 2005, 2014, 2021, 2077, 2171, 2177, 2181, 2183, 2222, 2243, 2246, 2253, 2255, 2278, 2321, 2426, 2466, 2473, 2477, 2557, 2636, 2655, 2674, 2803, 2832, 2884, 2910, 2916, 2929, 2962, 2979]","[956, 1309]","[52, 56, 74, 96, 136, 164, 246, 252, 256, 260, 309, 349, 374, 378, 441, 486, 532, 549, 580, 590, 599, 639, 663, 685, 715, 733, 789, 835, 867, 890, 908, 918, 924, 933, 937, 940, 960, 968, 980, 1009, 1032, 1066, 1093, 1116, 1174, 1195, 1202, 1211, 1262, 1274, 1288, 1356, 1367, 1385, 1393, 1432, 1434, 1566, 1601, 1626, 1635, 1658, 1660, 1742, 1748, 1750, 1767, 1790, 1804, 1905, 1941, 1955, 2005, 2014, 2021, 2077, 2171, 2177, 2181, 2183, 2222, 2243, 2246, 2253, 2255, 2278, 2321, 2426, 2466, 2473, 2477, 2557, 2636, 2655, 2674, 2803, 2832, 2884, 2910, 2916, 2929, 2962, 2979]","[956, 1309]",2992,105,2887,2,103,2887,0
-1.5,HUMBETGLOJ,"[52, 56, 74, 96, 136, 164, 246, 252, 256, 260, 309, 349, 374, 378, 441, 486, 532, 549, 580, 590, 599, 639, 663, 685, 715, 733, 789, 835, 867, 890, 908, 918, 924, 933, 937, 940, 956, 960, 968, 980, 1009, 1032, 1066, 1093, 1116, 1174, 1195, 1202, 1211, 1262, 1274, 1288, 1309, 1356, 1367, 1385, 1393, 1432, 1434, 1566, 1601, 1626, 1635, 1658, 1660, 1742, 1748, 1750, 1767, 1790, 1804, 1905, 1941, 1955, 2005, 2014, 2021, 2077, 2171, 2177, 2181, 2183, 2222, 2243, 2246, 2253, 2255, 2278, 2321, 2426, 2466, 2473, 2477, 2557, 2636, 2655, 2674, 2803, 2832, 2884, 2910, 2916, 2929, 2962, 2979]","[956, 1309]","[52, 56, 74, 96, 136, 164, 246, 252, 256, 260, 309, 349, 374, 378, 441, 486, 532, 549, 580, 590, 599, 639, 663, 685, 715, 733, 789, 835, 867, 890, 908, 918, 924, 933, 937, 940, 960, 968, 980, 1009, 1032, 1066, 1093, 1116, 1174, 1195, 1202, 1211, 1262, 1274, 1288, 1356, 1367, 1385, 1393, 1432, 1434, 1566, 1601, 1626, 1635, 1658, 1660, 1742, 1748, 1750, 1767, 1790, 1804, 1905, 1941, 1955, 2005, 2014, 2021, 2077, 2171, 2177, 2181, 2183, 2222, 2243, 2246, 2253, 2255, 2278, 2321, 2426, 2466, 2473, 2477, 2557, 2636, 2655, 2674, 2803, 2832, 2884, 2910, 2916, 2929, 2962, 2979]","[956, 1309]",2992,105,2887,2,103,2887,0
-1.5,HUMBETGLOK,"[52, 56, 74, 96, 136, 164, 246, 252, 256, 260, 309, 349, 374, 378, 441, 486, 532, 549, 580, 590, 599, 639, 663, 685, 715, 733, 789, 835, 867, 890, 908, 918, 924, 933, 937, 940, 956, 960, 968, 980, 1009, 1032, 1066, 1093, 1116, 1174, 1195, 1202, 1211, 1262, 1274, 1288, 1309, 1356, 1367, 1385, 1393, 1432, 1434, 1566, 1601, 1626, 1635, 1658, 1660, 1742, 1748, 1750, 1767, 1790, 1804, 1905, 1941, 1955, 2005, 2014, 2021, 2077, 2171, 2177, 2181, 2183, 2222, 2243, 2246, 2253, 2255, 2278, 2321, 2426, 2466, 2473, 2477, 2557, 2636, 2655, 2674, 2803, 2832, 2884, 2910, 2916, 2929, 2962, 2979]","[956, 1309]","[52, 56, 74, 96, 136, 164, 246, 252, 256, 260, 309, 349, 374, 378, 441, 486, 532, 549, 580, 590, 599, 639, 663, 685, 715, 733, 789, 835, 867, 890, 908, 918, 924, 933, 937, 940, 960, 968, 980, 1009, 1032, 1066, 1093, 1116, 1174, 1195, 1202, 1211, 1262, 1274, 1288, 1356, 1367, 1385, 1393, 1432, 1434, 1566, 1601, 1626, 1635, 1658, 1660, 1742, 1748, 1750, 1767, 1790, 1804, 1905, 1941, 1955, 2005, 2014, 2021, 2077, 2171, 2177, 2181, 2183, 2222, 2243, 2246, 2253, 2255, 2278, 2321, 2426, 2466, 2473, 2477, 2557, 2636, 2655, 2674, 2803, 2832, 2884, 2910, 2916, 2929, 2962, 2979]","[956, 1309]",2992,105,2887,2,103,2887,0
-1.5,HUMBETGLOL,"[52, 56, 74, 96, 136, 164, 246, 252, 256, 260, 309, 349, 374, 378, 441, 486, 532, 549, 580, 590, 599, 639, 663, 685, 715, 733, 789, 835, 867, 890, 908, 918, 924, 933, 937, 940, 956, 960, 968, 980, 1009, 1032, 1066, 1093, 1116, 1174, 1195, 1202, 1211, 1262, 1274, 1288, 1309, 1356, 1367, 1385, 1393, 1432, 1434, 1566, 1601, 1626, 1635, 1658, 1660, 1742, 1748, 1750, 1767, 1790, 1804, 1905, 1941, 1955, 2005, 2014, 2021, 2077, 2171, 2177, 2181, 2183, 2222, 2243, 2246, 2253, 2255, 2278, 2321, 2426, 2466, 2473, 2477, 2557, 2636, 2655, 2674, 2803, 2832, 2884, 2910, 2916, 2929, 2962, 2979]","[956, 1309]","[52, 56, 74, 96, 136, 164, 246, 252, 256, 260, 309, 349, 374, 378, 441, 486, 532, 549, 580, 590, 599, 639, 663, 685, 715, 733, 789, 835, 867, 890, 908, 918, 924, 933, 937, 940, 960, 968, 980, 1009, 1032, 1066, 1093, 1116, 1174, 1195, 1202, 1211, 1262, 1274, 1288, 1356, 1367, 1385, 1393, 1432, 1434, 1566, 1601, 1626, 1635, 1658, 1660, 1742, 1748, 1750, 1767, 1790, 1804, 1905, 1941, 1955, 2005, 2014, 2021, 2077, 2171, 2177, 2181, 2183, 2222, 2243, 2246, 2253, 2255, 2278, 2321, 2426, 2466, 2473, 2477, 2557, 2636, 2655, 2674, 2803, 2832, 2884, 2910, 2916, 2929, 2962, 2979]","[956, 1309]",2992,105,2887,2,103,2887,0
-1.5,HUMBETGLOM,"[52, 56, 74, 96, 136, 164, 246, 252, 256, 260, 308, 348, 373, 377, 440, 485, 531, 548, 579, 589, 598, 638, 662, 684, 714, 732, 788, 834, 866, 889, 907, 917, 923, 932, 936, 939, 955, 959, 967, 979, 1008, 1031, 1065, 1092, 1115, 1173, 1194, 1201, 1210, 1261, 1273, 1287, 1308, 1355, 1366, 1384, 1392, 1431, 1433, 1565, 1600, 1625, 1634, 1657, 1659, 1741, 1747, 1749, 1766, 1789, 1803, 1904, 1940, 1954, 2004, 2013, 2020, 2076, 2170, 2176, 2180, 2182, 2221, 2242, 2245, 2252, 2254, 2277, 2320, 2425, 2465, 2472, 2476, 2556, 2635, 2654, 2673, 2802, 2831, 2883, 2909, 2915, 2928, 2961, 2978]","[955, 1308]","[52, 56, 74, 96, 136, 164, 246, 252, 256, 260, 308, 348, 373, 377, 440, 485, 531, 548, 579, 589, 598, 638, 662, 684, 714, 732, 788, 834, 866, 889, 907, 917, 923, 932, 936, 939, 959, 967, 979, 1008, 1031, 1065, 1092, 1115, 1173, 1194, 1201, 1210, 1261, 1273, 1287, 1355, 1366, 1384, 1392, 1431, 1433, 1565, 1600, 1625, 1634, 1657, 1659, 1741, 1747, 1749, 1766, 1789, 1803, 1904, 1940, 1954, 2004, 2013, 2020, 2076, 2170, 2176, 2180, 2182, 2221, 2242, 2245, 2252, 2254, 2277, 2320, 2425, 2465, 2472, 2476, 2556, 2635, 2654, 2673, 2802, 2831, 2883, 2909, 2915, 2928, 2961, 2978]","[955, 1308]",2991,105,2886,2,103,2886,0
-1.5,HUMBETGLON,"[52, 56, 74, 96, 136, 164, 246, 252, 256, 260, 309, 349, 374, 378, 441, 486, 532, 549, 580, 590, 599, 639, 663, 685, 715, 733, 789, 835, 867, 890, 908, 918, 924, 933, 937, 940, 956, 960, 968, 980, 1009, 1032, 1066, 1093, 1116, 1174, 1195, 1202, 1211, 1262, 1274, 1288, 1309, 1356, 1367, 1385, 1393, 1432, 1434, 1566, 1601, 1626, 1635, 1658, 1660, 1742, 1748, 1750, 1767, 1790, 1804, 1905, 1941, 1955, 2005, 2014, 2021, 2077, 2171, 2177, 2181, 2183, 2222, 2243, 2246, 2253, 2255, 2278, 2321, 2426, 2466, 2473, 2477, 2557, 2636, 2655, 2674, 2803, 2832, 2884, 2910, 2916, 2929, 2962, 2979]","[956, 1309]","[52, 56, 74, 96, 136, 164, 246, 252, 256, 260, 309, 349, 374, 378, 441, 486, 532, 549, 580, 590, 599, 639, 663, 685, 715, 733, 789, 835, 867, 890, 908, 918, 924, 933, 937, 940, 960, 968, 980, 1009, 1032, 1066, 1093, 1116, 1174, 1195, 1202, 1211, 1262, 1274, 1288, 1356, 1367, 1385, 1393, 1432, 1434, 1566, 1601, 1626, 1635, 1658, 1660, 1742, 1748, 1750, 1767, 1790, 1804, 1905, 1941, 1955, 2005, 2014, 2021, 2077, 2171, 2177, 2181, 2183, 2222, 2243, 2246, 2253, 2255, 2278, 2321, 2426, 2466, 2473, 2477, 2557, 2636, 2655, 2674, 2803, 2832, 2884, 2910, 2916, 2929, 2962, 2979]","[956, 1309]",2992,105,2887,2,103,2887,0
-1.5,HUMBETGLOO,"[52, 56, 74, 96, 136, 164, 246, 252, 256, 260, 309, 349, 374, 378, 441, 486, 532, 549, 580, 590, 599, 639, 663, 685, 715, 733, 789, 835, 867, 890, 908, 918, 924, 933, 937, 940, 956, 960, 968, 980, 1009, 1032, 1066, 1093, 1116, 1174, 1195, 1202, 1211, 1262, 1274, 1288, 1309, 1356, 1367, 1385, 1393, 1432, 1434, 1566, 1601, 1626, 1635, 1658, 1660, 1742, 1748, 1750, 1767, 1790, 1804, 1905, 1941, 1955, 2005, 2014, 2021, 2077, 2171, 2177, 2181, 2183, 2222, 2243, 2246, 2253, 2255, 2278, 2321, 2426, 2466, 2473, 2477, 2557, 2636, 2655, 2674, 2803, 2832, 2884, 2910, 2916, 2929, 2962, 2979]","[956, 1309]","[52, 56, 74, 96, 136, 164, 246, 252, 256, 260, 309, 349, 374, 378, 441, 486, 532, 549, 580, 590, 599, 639, 663, 685, 715, 733, 789, 835, 867, 890, 908, 918, 924, 933, 937, 940, 960, 968, 980, 1009, 1032, 1066, 1093, 1116, 1174, 1195, 1202, 1211, 1262, 1274, 1288, 1356, 1367, 1385, 1393, 1432, 1434, 1566, 1601, 1626, 1635, 1658, 1660, 1742, 1748, 1750, 1767, 1790, 1804, 1905, 1941, 1955, 2005, 2014, 2021, 2077, 2171, 2177, 2181, 2183, 2222, 2243, 2246, 2253, 2255, 2278, 2321, 2426, 2466, 2473, 2477, 2557, 2636, 2655, 2674, 2803, 2832, 2884, 2910, 2916, 2929, 2962, 2979]","[956, 1309]",2992,105,2887,2,103,2887,0
-1.5,HUMBETGLOP,"[52, 56, 74, 96, 136, 164, 246, 252, 256, 260, 309, 349, 374, 378, 441, 486, 532, 549, 580, 590, 599, 639, 663, 685, 715, 733, 789, 835, 867, 890, 908, 918, 924, 933, 937, 940, 956, 960, 968, 980, 1009, 1032, 1066, 1093, 1116, 1174, 1195, 1202, 1211, 1262, 1274, 1288, 1309, 1356, 1367, 1385, 1393, 1432, 1434, 1566, 1601, 1626, 1635, 1658, 1660, 1742, 1748, 1750, 1767, 1790, 1804, 1905, 1941, 1955, 2005, 2014, 2021, 2077, 2171, 2177, 2181, 2183, 2222, 2243, 2246, 2253, 2255, 2278, 2321, 2426, 2466, 2473, 2477, 2557, 2636, 2655, 2674, 2803, 2832, 2884, 2910, 2916, 2929, 2962, 2979]","[956, 1309]","[52, 56, 74, 96, 136, 164, 246, 252, 256, 260, 309, 349, 374, 378, 441, 486, 532, 549, 580, 590, 599, 639, 663, 685, 715, 733, 789, 835, 867, 890, 908, 918, 924, 933, 937, 940, 960, 968, 980, 1009, 1032, 1066, 1093, 1116, 1174, 1195, 1202, 1211, 1262, 1274, 1288, 1356, 1367, 1385, 1393, 1432, 1434, 1566, 1601, 1626, 1635, 1658, 1660, 1742, 1748, 1750, 1767, 1790, 1804, 1905, 1941, 1955, 2005, 2014, 2021, 2077, 2171, 2177, 2181, 2183, 2222, 2243, 2246, 2253, 2255, 2278, 2321, 2426, 2466, 2473, 2477, 2557, 2636, 2655, 2674, 2803, 2832, 2884, 2910, 2916, 2929, 2962, 2979]","[956, 1309]",2992,105,2887,2,103,2887,0
-1.5,HUMBETGLOR,"[52, 56, 74, 96, 136, 164, 246, 252, 256, 260, 309, 349, 374, 378, 441, 486, 532, 549, 580, 590, 599, 639, 663, 685, 715, 733, 789, 835, 867, 890, 908, 918, 924, 933, 937, 940, 956, 960, 968, 980, 1009, 1032, 1066, 1093, 1116, 1174, 1195, 1202, 1211, 1262, 1274, 1288, 1309, 1356, 1367, 1385, 1393, 1432, 1434, 1566, 1601, 1626, 1635, 1658, 1660, 1742, 1748, 1750, 1767, 1790, 1804, 1905, 1941, 1955, 2005, 2014, 2021, 2077, 2171, 2177, 2181, 2183, 2222, 2243, 2246, 2253, 2255, 2278, 2321, 2426, 2466, 2473, 2477, 2557, 2636, 2655, 2674, 2803, 2832, 2884, 2910, 2916, 2929, 2962, 2979]","[956, 1309]","[52, 56, 74, 96, 136, 164, 246, 252, 256, 260, 309, 349, 374, 378, 441, 486, 532, 549, 580, 590, 599, 639, 663, 685, 715, 733, 789, 835, 867, 890, 908, 918, 924, 933, 937, 940, 960, 968, 980, 1009, 1032, 1066, 1093, 1116, 1174, 1195, 1202, 1211, 1262, 1274, 1288, 1356, 1367, 1385, 1393, 1432, 1434, 1566, 1601, 1626, 1635, 1658, 1660, 1742, 1748, 1750, 1767, 1790, 1804, 1905, 1941, 1955, 2005, 2014, 2021, 2077, 2171, 2177, 2181, 2183, 2222, 2243, 2246, 2253, 2255, 2278, 2321, 2426, 2466, 2473, 2477, 2557, 2636, 2655, 2674, 2803, 2832, 2884, 2910, 2916, 2929, 2962, 2979]","[956, 1309]",2992,105,2887,2,103,2887,0
-1.5,HUMCBRG,"[7, 22, 32, 74, 80, 90, 99, 154, 156, 167, 237, 254, 296, 305, 341, 352, 374, 377, 395, 416, 517, 533, 539, 567, 582, 624, 684, 704, 771, 865, 881, 883, 885, 914, 976, 1044, 1052, 1073, 1080, 1147, 1172, 1183, 1185, 1220, 1224, 1323, 1337, 1363, 1426, 1435, 1469, 1483, 1525, 1540, 1582, 1627, 1634, 1667, 1755, 1799, 1843, 1846, 1945, 1985, 1990, 1999, 2050, 2114, 2123, 2155, 2165, 2181, 2255, 2257, 2267, 2272, 2282, 2330, 2338, 2358, 2470, 2494, 2597, 2599, 2613, 2616, 2622, 2640, 2689, 2715, 2732, 2736, 2757, 2796, 2811, 2848, 2897, 2901, 2950, 2964, 2966, 2998, 3038, 3041, 3080, 3094, 3118, 3177, 3216, 3224, 3229, 3236, 3268, 3313]","[567, 1220]","[7, 22, 32, 74, 80, 90, 99, 154, 156, 167, 237, 254, 296, 305, 341, 352, 374, 377, 395, 416, 517, 533, 539, 582, 624, 684, 704, 771, 865, 881, 883, 885, 914, 976, 1044, 1052, 1073, 1080, 1147, 1172, 1183, 1185, 1224, 1323, 1337, 1363, 1426, 1435, 1469, 1483, 1525, 1540, 1582, 1627, 1634, 1667, 1755, 1799, 1843, 1846, 1945, 1985, 1990, 1999, 2050, 2114, 2123, 2155, 2165, 2181, 2255, 2257, 2267, 2272, 2282, 2330, 2338, 2358, 2470, 2494, 2597, 2599, 2613, 2616, 2622, 2640, 2689, 2715, 2732, 2736, 2757, 2796, 2811, 2848, 2897, 2901, 2950, 2964, 2966, 2998, 3038, 3041, 3080, 3094, 3118, 3177, 3216, 3224, 3229, 3236, 3268, 3313]","[567, 1220]",3318,114,3204,2,112,3204,0
-1.5,HUMCHYMASE,"[63, 160, 177, 219, 222, 269, 283, 501, 510, 557, 616, 646, 697, 784, 811, 825, 838, 853, 969, 973, 1026, 1030, 1162, 1169, 1174, 1185, 1197, 1204, 1216, 1221, 1277, 1326, 1379, 1412, 1426, 1433, 1458, 1515, 1534, 1559, 1569, 1602, 1709, 1714, 1737, 1805, 1808, 1826, 1872, 1919, 1924, 1952, 2067, 2073, 2099, 2174, 2214, 2246, 2311, 2315, 2361, 2378, 2421, 2432, 2447, 2523, 2571, 2594, 2663, 2682, 2725, 2786, 2951, 2956, 2966, 2987, 2992, 3038, 3135, 3165, 3176, 3252, 3275, 3296, 3351, 3406, 3463, 3555, 3561, 3563, 3671, 3680, 3683, 3729, 3756, 3765, 3769, 3830, 3843, 3874, 3968, 3982, 4008, 4038, 4040, 4042, 4056, 4064, 4070, 4087, 4092, 4098, 4104, 4116, 4149, 4241, 4355, 4373, 4379, 4385, 4406, 4488, 4542, 4545, 4569, 4623, 4631, 4633, 4647, 4652, 4657, 4692, 4728, 4754, 4826, 4831, 4874, 4907, 4923, 4963, 4986, 5028, 5043, 5060, 5063, 5196, 5216, 5220, 5228, 5250, 5305, 5356, 5358, 5440, 5459, 5474, 5537, 5553, 5602, 5629, 5644, 5650, 5659, 5716, 5723, 5779, 5844, 5856, 5872, 5951, 5964, 5982, 5985, 6008, 6027, 6037, 6050, 6086, 6135, 6183, 6187, 6189, 6248, 6253, 6261, 6276, 6393, 6429, 6499, 6516, 6518, 6577, 6586, 6588, 6645, 6668, 6673, 6686, 6751, 6786, 6796, 6853, 6912, 6922, 6979, 7138, 7191, 7198, 7220, 7255, 7323, 7325, 7327, 7363, 7379, 7435, 7443, 7446, 7450, 7455, 7463, 7492, 7548, 7554, 7563, 7573, 7609, 7615, 7636, 7648, 7656, 7684, 7756, 7758, 7766, 7781, 7795, 7931, 7933, 7935, 7950, 7962, 7995, 8006, 8031, 8052, 8056, 8058, 8060, 8094]","[5216, 6037, 6922, 7363]","[63, 160, 177, 219, 222, 269, 283, 501, 510, 557, 616, 646, 697, 784, 811, 825, 838, 853, 969, 973, 1026, 1030, 1162, 1169, 1174, 1185, 1197, 1204, 1216, 1221, 1277, 1326, 1379, 1412, 1426, 1433, 1458, 1515, 1534, 1559, 1569, 1602, 1709, 1714, 1737, 1805, 1808, 1826, 1872, 1919, 1924, 1952, 2067, 2073, 2099, 2174, 2214, 2246, 2311, 2315, 2361, 2378, 2421, 2432, 2447, 2523, 2571, 2594, 2663, 2682, 2725, 2786, 2951, 2956, 2966, 2987, 2992, 3038, 3135, 3165, 3176, 3252, 3275, 3296, 3351, 3406, 3463, 3555, 3561, 3563, 3671, 3680, 3683, 3729, 3756, 3765, 3769, 3830, 3843, 3874, 3968, 3982, 4008, 4038, 4040, 4042, 4056, 4064, 4070, 4087, 4092, 4098, 4104, 4116, 4149, 4241, 4355, 4373, 4379, 4385, 4406, 4488, 4542, 4545, 4569, 4623, 4631, 4633, 4647, 4652, 4657, 4692, 4728, 4754, 4826, 4831, 4874, 4907, 4923, 4963, 4986, 5028, 5043, 5060, 5063, 5196, 5220, 5228, 5250, 5305, 5356, 5358, 5440, 5459, 5474, 5537, 5553, 5602, 5629, 5644, 5650, 5659, 5716, 5723, 5779, 5844, 5856, 5872, 5951, 5964, 5982, 5985, 6008, 6027, 6050, 6086, 6135, 6183, 6187, 6189, 6248, 6253, 6261, 6276, 6393, 6429, 6499, 6516, 6518, 6577, 6586, 6588, 6645, 6668, 6673, 6686, 6751, 6786, 6796, 6853, 6912, 6979, 7138, 7191, 7198, 7220, 7255, 7323, 7325, 7327, 7379, 7435, 7443, 7446, 7450, 7455, 7463, 7492, 7548, 7554, 7563, 7573, 7609, 7615, 7636, 7648, 7656, 7684, 7756, 7758, 7766, 7781, 7795, 7931, 7933, 7935, 7950, 7962, 7995, 8006, 8031, 8052, 8056, 8058, 8060, 8094]","[5216, 6037, 6922, 7363]",8107,250,7857,4,246,7857,0
-1.5,HUMCP21OH,"[58, 80, 87, 92, 96, 119, 121, 126, 185, 189, 228, 267, 281, 393, 408, 413, 435, 463, 468, 505, 511, 541, 588, 614, 622, 626, 634, 644, 649, 737, 801, 810, 947, 994, 1046, 1049, 1052, 1088, 1096, 1134, 1188, 1212, 1257, 1259, 1290, 1321, 1338, 1357, 1424, 1521, 1538, 1541, 1566, 1571, 1600, 1619, 1705, 1780, 1846, 1899, 1910, 1946, 1952, 1970, 2002, 2019, 2087, 2131, 2158, 2167, 2171, 2200, 2235, 2275, 2336, 2347, 2381, 2432, 2447, 2463, 2501, 2528, 2580, 2609, 2623, 2655, 2688, 2774, 2791, 2807, 2845, 2866, 2907, 2920, 2931, 2956, 3063, 3094, 3098, 3119, 3127, 3130, 3140, 3242, 3250, 3252, 3289, 3292, 3374, 3403, 3453, 3481, 3509, 3533, 3542, 3586, 3589, 3627, 3648, 3659, 3706, 3723, 3755, 3758, 3798, 3844, 4025]","[947, 1134, 1571, 1780, 1970, 2158, 2528, 2907, 3094]","[58, 80, 87, 92, 96, 119, 121, 126, 185, 189, 228, 267, 281, 393, 408, 413, 435, 463, 468, 505, 511, 541, 588, 614, 622, 626, 634, 644, 649, 737, 801, 810, 994, 1046, 1049, 1052, 1088, 1096, 1188, 1212, 1257, 1259, 1290, 1321, 1338, 1357, 1424, 1521, 1538, 1541, 1566, 1600, 1619, 1705, 1846, 1899, 1910, 1946, 1952, 2002, 2019, 2087, 2131, 2167, 2171, 2200, 2235, 2275, 2336, 2347, 2381, 2432, 2447, 2463, 2501, 2580, 2609, 2623, 2655, 2688, 2774, 2791, 2807, 2845, 2866, 2920, 2931, 2956, 3063, 3098, 3119, 3127, 3130, 3140, 3242, 3250, 3252, 3289, 3292, 3374, 3403, 3453, 3481, 3509, 3533, 3542, 3586, 3589, 3627, 3648, 3659, 3706, 3723, 3755, 3758, 3798, 3844, 4025]","[947, 1134, 1571, 1780, 1970, 2158, 2528, 2907, 3094]",4034,127,3907,9,118,3907,0
-1.5,HUMCP21OHC,"[58, 80, 87, 92, 96, 119, 121, 126, 185, 189, 228, 267, 281, 393, 408, 413, 435, 463, 469, 506, 512, 542, 589, 615, 623, 627, 635, 645, 650, 738, 802, 811, 948, 995, 1047, 1050, 1053, 1089, 1097, 1135, 1189, 1213, 1258, 1260, 1291, 1322, 1339, 1358, 1425, 1522, 1539, 1542, 1567, 1572, 1601, 1620, 1706, 1781, 1847, 1900, 1911, 1947, 1953, 1971, 2003, 2020, 2088, 2132, 2159, 2168, 2170, 2172, 2201, 2236, 2276, 2337, 2348, 2382, 2433, 2448, 2464, 2502, 2529, 2581, 2610, 2624, 2656, 2689, 2775, 2792, 2808, 2846, 2867, 2908, 2922, 2933, 2958, 3065, 3096, 3100, 3121, 3129, 3132, 3142, 3244, 3252, 3254, 3291, 3294, 3376, 3405, 3455, 3483, 3511, 3535, 3544, 3588, 3591, 3629, 3636, 3650, 3661, 3708, 3725, 3757, 3760, 3800, 3846, 4027]","[948, 1135, 1572, 1781, 1971, 2159, 2529, 2908, 3096]","[58, 80, 87, 92, 96, 119, 121, 126, 185, 189, 228, 267, 281, 393, 408, 413, 435, 463, 469, 506, 512, 542, 589, 615, 623, 627, 635, 645, 650, 738, 802, 811, 995, 1047, 1050, 1053, 1089, 1097, 1189, 1213, 1258, 1260, 1291, 1322, 1339, 1358, 1425, 1522, 1539, 1542, 1567, 1601, 1620, 1706, 1847, 1900, 1911, 1947, 1953, 2003, 2020, 2088, 2132, 2168, 2170, 2172, 2201, 2236, 2276, 2337, 2348, 2382, 2433, 2448, 2464, 2502, 2581, 2610, 2624, 2656, 2689, 2775, 2792, 2808, 2846, 2867, 2922, 2933, 2958, 3065, 3100, 3121, 3129, 3132, 3142, 3244, 3252, 3254, 3291, 3294, 3376, 3405, 3455, 3483, 3511, 3535, 3544, 3588, 3591, 3629, 3636, 3650, 3661, 3708, 3725, 3757, 3760, 3800, 3846, 4027]","[948, 1135, 1572, 1781, 1971, 2159, 2529, 2908, 3096]",4036,129,3907,9,120,3907,0
-1.5,HUMCS1,"[18, 47, 80, 85, 89, 134, 144, 148, 154, 190, 196, 254, 259, 264, 268, 282, 304, 310, 353, 355, 393, 397, 415, 429, 434, 462, 528, 533, 549, 565, 597, 623, 652, 669, 673, 721, 818, 893, 987, 991, 1010, 1016, 1023, 1036, 1058, 1086, 1134, 1162, 1194, 1243, 1334, 1338, 1376, 1379, 1411, 1464, 1467, 1480, 1485, 1496, 1516, 1518, 1591, 1597, 1609, 1679, 1726, 1800, 1900, 1982, 2003, 2008, 2018, 2031, 2042, 2050, 2060, 2074, 2095, 2106, 2140, 2160, 2183, 2190, 2193, 2196, 2210, 2214, 2243, 2278]","[565, 991, 1334, 1591]","[18, 47, 80, 85, 89, 134, 144, 148, 154, 190, 196, 254, 259, 264, 268, 282, 304, 310, 353, 355, 393, 397, 415, 429, 434, 462, 528, 533, 549, 597, 623, 652, 669, 673, 721, 818, 893, 987, 1010, 1016, 1023, 1036, 1058, 1086, 1134, 1162, 1194, 1243, 1338, 1376, 1379, 1411, 1464, 1467, 1480, 1485, 1496, 1516, 1518, 1597, 1609, 1679, 1726, 1800, 1900, 1982, 2003, 2008, 2018, 2031, 2042, 2050, 2060, 2074, 2095, 2106, 2140, 2160, 2183, 2190, 2193, 2196, 2210, 2214, 2243, 2278]","[565, 991, 1334, 1591]",2293,90,2203,4,86,2203,0
-1.5,HUMCS3,"[18, 47, 82, 87, 91, 136, 146, 150, 156, 198, 256, 261, 266, 270, 284, 306, 312, 355, 357, 395, 399, 417, 431, 436, 463, 529, 534, 566, 598, 625, 654, 671, 675, 723, 818, 893, 907, 987, 991, 1010, 1016, 1023, 1036, 1056, 1084, 1120, 1134, 1162, 1194, 1243, 1334, 1338, 1376, 1379, 1411, 1461, 1464, 1477, 1482, 1493, 1513, 1515, 1588, 1594, 1606, 1670, 1676, 1724, 1798, 1898, 1980, 2001, 2006, 2016, 2023, 2029, 2040, 2048, 2058, 2076, 2098, 2109, 2143, 2163, 2187, 2194, 2197, 2200, 2214, 2218, 2356, 2372, 2386, 2494, 2520, 2614, 2625, 2677, 2703, 2712, 2721, 2728]","[566, 991, 1334, 1588]","[18, 47, 82, 87, 91, 136, 146, 150, 156, 198, 256, 261, 266, 270, 284, 306, 312, 355, 357, 395, 399, 417, 431, 436, 463, 529, 534, 598, 625, 654, 671, 675, 723, 818, 893, 907, 987, 1010, 1016, 1023, 1036, 1056, 1084, 1120, 1134, 1162, 1194, 1243, 1338, 1376, 1379, 1411, 1461, 1464, 1477, 1482, 1493, 1513, 1515, 1594, 1606, 1670, 1676, 1724, 1798, 1898, 1980, 2001, 2006, 2016, 2023, 2029, 2040, 2048, 2058, 2076, 2098, 2109, 2143, 2163, 2187, 2194, 2197, 2200, 2214, 2218, 2356, 2372, 2386, 2494, 2520, 2614, 2625, 2677, 2703, 2712, 2721, 2728]","[566, 991, 1334, 1588]",2732,102,2630,4,98,2630,0
-1.5,HUMCSN2A,"[26, 28, 43, 54, 122, 148, 166, 176, 199, 219, 232, 241, 244, 286, 303, 394, 503, 509, 546, 559, 591, 693, 697, 744, 760, 772, 792, 846, 856, 858, 894, 904, 912, 919, 930, 942, 954, 963, 969, 979, 987, 1004, 1018, 1043, 1051, 1063, 1100, 1118, 1200, 1261, 1335, 1397, 1404, 1412, 1451, 1480, 1490, 1524, 1542, 1586, 1588, 1590, 1625, 1639, 1644, 1677, 1729, 1740, 1758, 1819, 1830, 1845, 1858, 1869, 1898, 1922, 1936, 1959, 1965, 1976, 1978, 2086, 2092, 2101, 2107, 2120, 2128, 2135, 2139, 2141, 2160, 2175, 2228, 2230, 2232, 2249, 2251, 2255, 2257, 2287, 2297, 2300, 2327, 2344, 2406, 2416, 2418, 2424, 2455, 2468, 2472, 2491, 2498, 2518, 2520, 2559, 2570, 2585, 2593, 2643, 2671, 2673, 2679, 2751, 2753, 2761, 2774, 2802, 2824, 2837, 2860, 2862, 2899, 2913, 2934, 2958, 2967, 2999, 3019, 3034, 3145, 3169, 3178, 3185, 3194, 3226, 3233, 3235, 3251, 3333, 3360, 3405, 3411, 3423, 3430, 3446, 3452, 3460, 3463, 3475, 3480, 3532, 3547, 3566, 3584, 3593, 3600, 3645, 3706, 3710, 3735, 3738, 3760, 3776, 3780, 3851, 3855, 3866, 3868, 3882, 3904, 3983, 3988, 4101, 4104, 4127, 4170, 4184, 4188, 4264, 4315, 4331, 4368, 4417, 4435, 4499, 4520, 4534, 4567, 4623, 4642, 4719, 4741, 4798, 4810, 4831, 4855, 4859, 4914, 4945, 5032, 5058, 5098, 5190, 5200, 5230, 5240, 5242, 5246, 5250, 5274, 5348, 5391, 5439, 5463, 5493, 5516, 5521, 5532, 5555, 5620, 5662, 5696, 5742, 5747, 5778, 5788, 5804, 5820, 5860, 5877, 5896, 5927, 6064, 6085, 6088, 6102, 6115, 6140, 6144, 6154, 6195, 6215, 6239, 6244, 6276, 6278, 6280, 6295, 6302, 6333, 6354, 6381, 6392, 6425, 6472, 6489, 6492, 6530, 6682, 6722, 6747, 6768, 6810, 6848, 6857, 6887, 6905, 6929, 6957, 6959, 7037, 7126, 7145, 7155, 7171, 7201, 7210, 7221, 7223, 7234, 7248, 7300, 7324, 7363, 7376, 7474, 7489, 7617, 7652, 7662, 7685, 7687, 7732, 7772, 7789, 7793, 7869, 8070, 8111, 8114, 8186, 8303, 8350, 8353, 8393, 8396, 8417, 8483, 8522, 8562, 8564, 8568, 8574, 8593, 8598, 8628, 8662, 8668, 8683, 8696, 8704, 8711, 8715, 8717, 8751, 8799, 8805, 8807, 8809, 8826, 8834, 8850, 8961, 8975, 9007, 9016, 9044, 9133, 9184, 9261, 9316, 9325, 9406, 9421, 9440, 9458, 9482, 9495, 9569, 9620, 9688, 9863, 9916, 9918, 9924, 10040, 10045, 10050, 10111, 10137, 10243, 10250, 10265, 10394, 10448, 10471, 10511]","[4855, 5747, 6747, 6887, 8522]","[26, 28, 43, 54, 122, 148, 166, 176, 199, 219, 232, 241, 244, 286, 303, 394, 503, 509, 546, 559, 591, 693, 697, 744, 760, 772, 792, 846, 856, 858, 894, 904, 912, 919, 930, 942, 954, 963, 969, 979, 987, 1004, 1018, 1043, 1051, 1063, 1100, 1118, 1200, 1261, 1335, 1397, 1404, 1412, 1451, 1480, 1490, 1524, 1542, 1586, 1588, 1590, 1625, 1639, 1644, 1677, 1729, 1740, 1758, 1819, 1830, 1845, 1858, 1869, 1898, 1922, 1936, 1959, 1965, 1976, 1978, 2086, 2092, 2101, 2107, 2120, 2128, 2135, 2139, 2141, 2160, 2175, 2228, 2230, 2232, 2249, 2251, 2255, 2257, 2287, 2297, 2300, 2327, 2344, 2406, 2416, 2418, 2424, 2455, 2468, 2472, 2491, 2498, 2518, 2520, 2559, 2570, 2585, 2593, 2643, 2671, 2673, 2679, 2751, 2753, 2761, 2774, 2802, 2824, 2837, 2860, 2862, 2899, 2913, 2934, 2958, 2967, 2999, 3019, 3034, 3145, 3169, 3178, 3185, 3194, 3226, 3233, 3235, 3251, 3333, 3360, 3405, 3411, 3423, 3430, 3446, 3452, 3460, 3463, 3475, 3480, 3532, 3547, 3566, 3584, 3593, 3600, 3645, 3706, 3710, 3735, 3738, 3760, 3776, 3780, 3851, 3855, 3866, 3868, 3882, 3904, 3983, 3988, 4101, 4104, 4127, 4170, 4184, 4188, 4264, 4315, 4331, 4368, 4417, 4435, 4499, 4520, 4534, 4567, 4623, 4642, 4719, 4741, 4798, 4810, 4831, 4859, 4914, 4945, 5032, 5058, 5098, 5190, 5200, 5230, 5240, 5242, 5246, 5250, 5274, 5348, 5391, 5439, 5463, 5493, 5516, 5521, 5532, 5555, 5620, 5662, 5696, 5742, 5778, 5788, 5804, 5820, 5860, 5877, 5896, 5927, 6064, 6085, 6088, 6102, 6115, 6140, 6144, 6154, 6195, 6215, 6239, 6244, 6276, 6278, 6280, 6295, 6302, 6333, 6354, 6381, 6392, 6425, 6472, 6489, 6492, 6530, 6682, 6722, 6768, 6810, 6848, 6857, 6905, 6929, 6957, 6959, 7037, 7126, 7145, 7155, 7171, 7201, 7210, 7221, 7223, 7234, 7248, 7300, 7324, 7363, 7376, 7474, 7489, 7617, 7652, 7662, 7685, 7687, 7732, 7772, 7789, 7793, 7869, 8070, 8111, 8114, 8186, 8303, 8350, 8353, 8393, 8396, 8417, 8483, 8562, 8564, 8568, 8574, 8593, 8598, 8628, 8662, 8668, 8683, 8696, 8704, 8711, 8715, 8717, 8751, 8799, 8805, 8807, 8809, 8826, 8834, 8850, 8961, 8975, 9007, 9016, 9044, 9133, 9184, 9261, 9316, 9325, 9406, 9421, 9440, 9458, 9482, 9495, 9569, 9620, 9688, 9863, 9916, 9918, 9924, 10040, 10045, 10050, 10111, 10137, 10243, 10250, 10265, 10394, 10448, 10471, 10511]","[4855, 5747, 6747, 6887, 8522]",10600,378,10222,5,373,10222,0
-1.5,HUMCSPA,"[19, 32, 51, 78, 118, 228, 302, 356, 366, 455, 470, 483, 489, 494, 496, 498, 583, 648, 703, 771, 864, 866, 872, 878, 885, 947, 982, 986, 1034, 1050, 1149, 1163, 1172, 1174, 1211, 1213, 1239, 1248, 1267, 1317, 1368, 1381, 1409, 1441, 1553, 1580, 1681, 1736, 1857, 1883, 1896, 1909, 1940, 1985, 2023, 2206, 2216, 2218, 2232, 2247, 2276, 2372, 2454, 2462, 2470, 2477, 2487, 2495, 2521, 2524, 2530, 2632, 2637, 2649, 2755, 2787, 2803, 2860, 2929, 2968, 2972, 3026, 3036, 3060, 3076, 3078, 3151, 3164, 3200, 3217, 3222, 3224, 3237, 3278, 3290, 3307, 3309, 3315, 3354, 3356, 3384, 3392, 3397, 3455, 3463, 3506, 3554, 3586, 3602, 3604, 3608, 3632, 3691, 3695, 3720, 3815, 3817, 3819, 3827, 3837, 3890, 4007, 4014, 4020, 4031, 4049, 4051, 4122, 4129, 4193, 4246, 4256, 4328, 4378, 4401, 4413, 4463, 4526, 4546, 4663, 4751, 4753]","[982, 2276, 2929, 3392]","[19, 32, 51, 78, 118, 228, 302, 356, 366, 455, 470, 483, 489, 494, 496, 498, 583, 648, 703, 771, 864, 866, 872, 878, 885, 947, 986, 1034, 1050, 1149, 1163, 1172, 1174, 1211, 1213, 1239, 1248, 1267, 1317, 1368, 1381, 1409, 1441, 1553, 1580, 1681, 1736, 1857, 1883, 1896, 1909, 1940, 1985, 2023, 2206, 2216, 2218, 2232, 2247, 2372, 2454, 2462, 2470, 2477, 2487, 2495, 2521, 2524, 2530, 2632, 2637, 2649, 2755, 2787, 2803, 2860, 2968, 2972, 3026, 3036, 3060, 3076, 3078, 3151, 3164, 3200, 3217, 3222, 3224, 3237, 3278, 3290, 3307, 3309, 3315, 3354, 3356, 3384, 3397, 3455, 3463, 3506, 3554, 3586, 3602, 3604, 3608, 3632, 3691, 3695, 3720, 3815, 3817, 3819, 3827, 3837, 3890, 4007, 4014, 4020, 4031, 4049, 4051, 4122, 4129, 4193, 4246, 4256, 4328, 4378, 4401, 4413, 4463, 4526, 4546, 4663, 4751, 4753]","[982, 2276, 2929, 3392]",4783,142,4641,4,138,4641,0
-1.5,HUMCTLA1,"[13, 58, 122, 131, 156, 200, 205, 240, 263, 280, 320, 332, 337, 344, 370, 375, 400, 440, 453, 569, 590, 597, 605, 655, 677, 701, 705, 713, 716, 752, 769, 775, 799, 835, 988, 992, 998, 1033, 1120, 1122, 1184, 1188, 1229, 1246, 1299, 1332, 1391, 1422, 1424, 1472, 1628, 1656, 1730, 1760, 1812, 1859, 1976, 2000, 2119, 2124, 2150, 2169, 2179, 2264, 2284, 2297, 2311, 2316, 2320, 2336, 2340, 2349, 2360, 2375, 2447, 2482, 2559, 2587, 2596, 2628, 2644, 2701, 2770, 2809, 2813, 2867, 2901, 2917, 2919, 2933, 2937, 3005, 3041, 3063, 3065, 3122, 3134, 3151, 3183, 3196, 3200, 3236, 3279, 3311, 3314, 3341, 3428, 3435, 3480, 3500, 3513, 3518, 3532, 3550, 3559, 3562, 3584, 3633, 3695, 3703, 3766, 3777, 3784, 3790, 3900, 3904, 3912, 3975, 3987, 4050, 4099, 4132, 4144, 4394, 4418]","[988, 2179, 2770, 3236]","[13, 58, 122, 131, 156, 200, 205, 240, 263, 280, 320, 332, 337, 344, 370, 375, 400, 440, 453, 569, 590, 597, 605, 655, 677, 701, 705, 713, 716, 752, 769, 775, 799, 835, 992, 998, 1033, 1120, 1122, 1184, 1188, 1229, 1246, 1299, 1332, 1391, 1422, 1424, 1472, 1628, 1656, 1730, 1760, 1812, 1859, 1976, 2000, 2119, 2124, 2150, 2169, 2264, 2284, 2297, 2311, 2316, 2320, 2336, 2340, 2349, 2360, 2375, 2447, 2482, 2559, 2587, 2596, 2628, 2644, 2701, 2809, 2813, 2867, 2901, 2917, 2919, 2933, 2937, 3005, 3041, 3063, 3065, 3122, 3134, 3151, 3183, 3196, 3200, 3279, 3311, 3314, 3341, 3428, 3435, 3480, 3500, 3513, 3518, 3532, 3550, 3559, 3562, 3584, 3633, 3695, 3703, 3766, 3777, 3784, 3790, 3900, 3904, 3912, 3975, 3987, 4050, 4099, 4132, 4144, 4394, 4418]","[988, 2179, 2770, 3236]",4520,135,4385,4,131,4385,0
-1.5,HUMDEF5A,"[58, 79, 95, 97, 137, 159, 173, 180, 201, 226, 296, 326, 369, 394, 407, 434, 468, 485, 500, 514, 530, 543, 549, 558, 579, 625, 677, 710, 720, 740, 851, 923, 927, 980, 1007, 1100, 1136, 1310, 1387, 1435, 1500, 1571, 1636, 1641, 1643, 1651, 1666, 1719, 1783, 1833, 1868, 1922, 1934, 1995, 2021, 2039, 2047, 2141, 2196, 2213, 2240, 2253, 2255, 2276, 2280, 2291, 2299, 2306, 2323, 2394, 2457, 2481, 2493, 2523, 2550, 2592, 2601, 2618, 2620, 2622, 2631, 2687, 2706, 2737, 2794, 2798, 2856, 2859, 2863, 2868]",[1571],"[58, 79, 95, 97, 137, 159, 173, 180, 201, 226, 296, 326, 369, 394, 407, 434, 468, 485, 500, 514, 530, 543, 549, 558, 579, 625, 677, 710, 720, 740, 851, 923, 927, 980, 1007, 1100, 1136, 1310, 1387, 1435, 1500, 1636, 1641, 1643, 1651, 1666, 1719, 1783, 1833, 1868, 1922, 1934, 1995, 2021, 2039, 2047, 2141, 2196, 2213, 2240, 2253, 2255, 2276, 2280, 2291, 2299, 2306, 2323, 2394, 2457, 2481, 2493, 2523, 2550, 2592, 2601, 2618, 2620, 2622, 2631, 2687, 2706, 2737, 2794, 2798, 2856, 2859, 2863, 2868]",[1571],2872,90,2782,1,89,2782,0
-1.5,HUMDZA2G,"[6, 9, 17, 19, 24, 36, 114, 123, 125, 179, 182, 217, 249, 284, 296, 329, 331, 333, 491, 560, 562, 575, 595, 631, 653, 680, 691, 717, 720, 727, 791, 793, 795, 818, 820, 822, 829, 831, 833, 835, 842, 849, 860, 896, 905, 910, 974, 990, 1030, 1074, 1080, 1160, 1162, 1171, 1186, 1212, 1217, 1219, 1245, 1262, 1265, 1277, 1302, 1313, 1355, 1364, 1369, 1401, 1418, 1425, 1427, 1439, 1484, 1531, 1586, 1608, 1645, 1649, 1676, 1715, 1717, 1722, 1737, 1747, 1759, 1767, 1769, 1789, 1797, 1809, 1811, 1827, 1829, 1902, 1912, 1927, 1973, 1980, 1982, 2003, 2008, 2013, 2017, 2022, 2127, 2171, 2173, 2206, 2239, 2277, 2296, 2304, 2353, 2362, 2369, 2406, 2471, 2479, 2517, 2553, 2563, 2574, 2725, 2780, 2928, 2955, 2979, 3037, 3053, 3069, 3113, 3209, 3225, 3238, 3336, 3382, 3396, 3430, 3466, 3522, 3554, 3566, 3601, 3607, 3610, 3622, 3637, 3667, 3673, 3711, 3719, 3740, 3763, 3775, 3779, 3787, 3793, 3795, 3811, 3877, 3902, 3913, 3942, 3969, 4027, 4150, 4163, 4171, 4175, 4219, 4262, 4294, 4320, 4339, 4364, 4375, 4386, 4396, 4409, 4416, 4436, 4463, 4504, 4522, 4530, 4541, 4573, 4590, 4610, 4616, 4625, 4633, 4662, 4665, 4810, 4849, 4857, 4863, 4890, 4896, 4907, 4938, 5001, 5130, 5132, 5134, 5174, 5231, 5279, 5316, 5325, 5389, 5393, 5413, 5436, 5452, 5508, 5520, 5623, 5663, 5670, 5681, 5742, 5791, 5803, 5819, 5836, 5868, 5872, 5885, 5904, 5927, 5955, 5972, 6011, 6013, 6044, 6054, 6063, 6091, 6105, 6129, 6155, 6158, 6178, 6182, 6203, 6249, 6269, 6312, 6400, 6490, 6509, 6525, 6544, 6548, 6555, 6561, 6576, 6587, 6608, 6636, 6661, 6696, 6715, 6780, 6785, 6824, 6856, 6903, 6912, 6922, 6932, 6964, 6981, 6991, 7006, 7008, 7037, 7048, 7050, 7117, 7122, 7127, 7157, 7186, 7188, 7215, 7235, 7245, 7258, 7279, 7306, 7378, 7391, 7427, 7455, 7458, 7542, 7544, 7546, 7571, 7580, 7591, 7601, 7614, 7635, 7662, 7664, 7734, 7736, 7769, 7830, 7869, 7874, 7930, 7979, 7981, 7988, 8048, 8063, 8105, 8116, 8122, 8142, 8175, 8181, 8186, 8198, 8252, 8257, 8296, 8328, 8372, 8383, 8394, 8404, 8417, 8436, 8463, 8480, 8505, 8555, 8560, 8599, 8605, 8676, 8697, 8707, 8720, 8741, 8812, 8829, 8855, 8873, 8925, 8981, 8986, 9051, 9070, 9078, 9098, 9117, 9120, 9136, 9165, 9184, 9195, 9198, 9200, 9243, 9250, 9281, 9329, 9390, 9440, 9481, 9565, 9570, 9584, 9590, 9594, 9614, 9621, 9647, 9649, 9653, 9758, 9807, 9819, 9830, 9898, 9933, 9945, 9961, 9985, 9988, 10013, 10020, 10036, 10082, 10086, 10101, 10118, 10124, 10166, 10231, 10256, 10273, 10280, 10355, 10368, 10380, 10391, 10397, 10411, 10461, 10466, 10477, 10495, 10499, 10521, 10538, 10604, 10609, 10618, 10624, 10645, 10647, 10649, 10677, 10732, 10774, 10804, 10817, 10862, 10869, 10894, 10938, 10947, 10951, 11010, 11016, 11051, 11060, 11104, 11133, 11186, 11212, 11240, 11267, 11273, 11300, 11353, 11360, 11396, 11415, 11451, 11497, 11507, 11521, 11530, 11621, 11631, 11633, 11639, 11731, 11782, 11787, 11884, 11899, 11954, 11998, 12030, 12050, 12075, 12084, 12095, 12105, 12118, 12139, 12219, 12230, 12253, 12274, 12301, 12316, 12318, 12335, 12383, 12413, 12416, 12418, 12458, 12484, 12538, 12544, 12572, 12620, 12658, 12721, 12735, 12742, 12754, 12821, 12831, 12885, 12890, 12908, 12915, 12929, 12934, 12937, 13070, 13092, 13124, 13183, 13207, 13267, 13416, 13458, 13467, 13473, 13481, 13485, 13572, 13575, 13592, 13594, 13601, 13630, 13632, 13676, 13679, 13694, 13699, 13701, 13713, 13716, 13793, 13839, 13845, 13857, 13862, 13887, 13913, 13930, 13938, 13978, 13984, 14028, 14063, 14066, 14069, 14110, 14147, 14171, 14234, 14237, 14240, 14246, 14282, 14312, 14315, 14345, 14357, 14374, 14396, 14422, 14451, 14453, 14472, 14510, 14571, 14633, 14643, 14651, 14671]","[5389, 9590, 13183]","[6, 9, 17, 19, 24, 36, 114, 123, 125, 179, 182, 217, 249, 284, 296, 329, 331, 333, 491, 560, 562, 575, 595, 631, 653, 680, 691, 717, 720, 727, 791, 793, 795, 818, 820, 822, 829, 831, 833, 835, 842, 849, 860, 896, 905, 910, 974, 990, 1030, 1074, 1080, 1160, 1162, 1171, 1186, 1212, 1217, 1219, 1245, 1262, 1265, 1277, 1302, 1313, 1355, 1364, 1369, 1401, 1418, 1425, 1427, 1439, 1484, 1531, 1586, 1608, 1645, 1649, 1676, 1715, 1717, 1722, 1737, 1747, 1759, 1767, 1769, 1789, 1797, 1809, 1811, 1827, 1829, 1902, 1912, 1927, 1973, 1980, 1982, 2003, 2008, 2013, 2017, 2022, 2127, 2171, 2173, 2206, 2239, 2277, 2296, 2304, 2353, 2362, 2369, 2406, 2471, 2479, 2517, 2553, 2563, 2574, 2725, 2780, 2928, 2955, 2979, 3037, 3053, 3069, 3113, 3209, 3225, 3238, 3336, 3382, 3396, 3430, 3466, 3522, 3554, 3566, 3601, 3607, 3610, 3622, 3637, 3667, 3673, 3711, 3719, 3740, 3763, 3775, 3779, 3787, 3793, 3795, 3811, 3877, 3902, 3913, 3942, 3969, 4027, 4150, 4163, 4171, 4175, 4219, 4262, 4294, 4320, 4339, 4364, 4375, 4386, 4396, 4409, 4416, 4436, 4463, 4504, 4522, 4530, 4541, 4573, 4590, 4610, 4616, 4625, 4633, 4662, 4665, 4810, 4849, 4857, 4863, 4890, 4896, 4907, 4938, 5001, 5130, 5132, 5134, 5174, 5231, 5279, 5316, 5325, 5393, 5413, 5436, 5452, 5508, 5520, 5623, 5663, 5670, 5681, 5742, 5791, 5803, 5819, 5836, 5868, 5872, 5885, 5904, 5927, 5955, 5972, 6011, 6013, 6044, 6054, 6063, 6091, 6105, 6129, 6155, 6158, 6178, 6182, 6203, 6249, 6269, 6312, 6400, 6490, 6509, 6525, 6544, 6548, 6555, 6561, 6576, 6587, 6608, 6636, 6661, 6696, 6715, 6780, 6785, 6824, 6856, 6903, 6912, 6922, 6932, 6964, 6981, 6991, 7006, 7008, 7037, 7048, 7050, 7117, 7122, 7127, 7157, 7186, 7188, 7215, 7235, 7245, 7258, 7279, 7306, 7378, 7391, 7427, 7455, 7458, 7542, 7544, 7546, 7571, 7580, 7591, 7601, 7614, 7635, 7662, 7664, 7734, 7736, 7769, 7830, 7869, 7874, 7930, 7979, 7981, 7988, 8048, 8063, 8105, 8116, 8122, 8142, 8175, 8181, 8186, 8198, 8252, 8257, 8296, 8328, 8372, 8383, 8394, 8404, 8417, 8436, 8463, 8480, 8505, 8555, 8560, 8599, 8605, 8676, 8697, 8707, 8720, 8741, 8812, 8829, 8855, 8873, 8925, 8981, 8986, 9051, 9070, 9078, 9098, 9117, 9120, 9136, 9165, 9184, 9195, 9198, 9200, 9243, 9250, 9281, 9329, 9390, 9440, 9481, 9565, 9570, 9584, 9594, 9614, 9621, 9647, 9649, 9653, 9758, 9807, 9819, 9830, 9898, 9933, 9945, 9961, 9985, 9988, 10013, 10020, 10036, 10082, 10086, 10101, 10118, 10124, 10166, 10231, 10256, 10273, 10280, 10355, 10368, 10380, 10391, 10397, 10411, 10461, 10466, 10477, 10495, 10499, 10521, 10538, 10604, 10609, 10618, 10624, 10645, 10647, 10649, 10677, 10732, 10774, 10804, 10817, 10862, 10869, 10894, 10938, 10947, 10951, 11010, 11016, 11051, 11060, 11104, 11133, 11186, 11212, 11240, 11267, 11273, 11300, 11353, 11360, 11396, 11415, 11451, 11497, 11507, 11521, 11530, 11621, 11631, 11633, 11639, 11731, 11782, 11787, 11884, 11899, 11954, 11998, 12030, 12050, 12075, 12084, 12095, 12105, 12118, 12139, 12219, 12230, 12253, 12274, 12301, 12316, 12318, 12335, 12383, 12413, 12416, 12418, 12458, 12484, 12538, 12544, 12572, 12620, 12658, 12721, 12735, 12742, 12754, 12821, 12831, 12885, 12890, 12908, 12915, 12929, 12934, 12937, 13070, 13092, 13124, 13207, 13267, 13416, 13458, 13467, 13473, 13481, 13485, 13572, 13575, 13592, 13594, 13601, 13630, 13632, 13676, 13679, 13694, 13699, 13701, 13713, 13716, 13793, 13839, 13845, 13857, 13862, 13887, 13913, 13930, 13938, 13978, 13984, 14028, 14063, 14066, 14069, 14110, 14147, 14171, 14234, 14237, 14240, 14246, 14282, 14312, 14315, 14345, 14357, 14374, 14396, 14422, 14451, 14453, 14472, 14510, 14571, 14633, 14643, 14651, 14671]","[5389, 9590, 13183]",14686,578,14108,3,575,14108,0
-1.5,HUMELAFIN,"[11, 43, 48, 70, 98, 115, 152, 208, 271, 274, 277, 301, 316, 326, 330, 338, 355, 417, 492, 503, 518, 538, 548, 553, 557, 579, 589, 598, 637, 682, 689, 704, 776, 786, 802, 831, 839, 853, 893, 912, 923, 952, 993, 998, 1033, 1035, 1048, 1050, 1073, 1089, 1096, 1152, 1160, 1197, 1208, 1218, 1256, 1269, 1280, 1298, 1305, 1351, 1414, 1419, 1443, 1456, 1461, 1517, 1534, 1538, 1549, 1552, 1559, 1587, 1608, 1647, 1657, 1704, 1719]",[326],"[11, 43, 48, 70, 98, 115, 152, 208, 271, 274, 277, 301, 316, 330, 338, 355, 417, 492, 503, 518, 538, 548, 553, 557, 579, 589, 598, 637, 682, 689, 704, 776, 786, 802, 831, 839, 853, 893, 912, 923, 952, 993, 998, 1033, 1035, 1048, 1050, 1073, 1089, 1096, 1152, 1160, 1197, 1208, 1218, 1256, 1269, 1280, 1298, 1305, 1351, 1414, 1419, 1443, 1456, 1461, 1517, 1534, 1538, 1549, 1552, 1559, 1587, 1608, 1647, 1657, 1704, 1719]",[326],1870,79,1791,1,78,1791,0
-1.5,HUMEPOHYDD,"[11, 37, 51, 83, 88, 117, 124, 127, 210, 264, 275, 320, 326, 350, 356, 362, 390, 397, 436, 451, 479, 496, 504, 532, 586, 615, 637, 640, 740, 776, 798, 818, 820, 829, 845, 849, 865, 943, 997, 1001, 1048, 1073, 1079, 1093, 1107, 1111, 1116, 1147, 1149, 1197, 1209, 1214, 1237, 1241, 1253, 1277, 1288, 1351, 1368, 1380, 1433, 1435, 1443, 1446, 1470, 1493, 1499, 1536, 1560, 1582, 1595, 1629, 1670, 1678, 1691, 1704, 1718, 1724, 1751, 1792, 1842, 1854, 1857, 1863, 1940, 1951, 1957, 1960, 1965, 1972, 2001, 2035, 2043, 2054, 2061, 2071, 2121, 2153, 2164, 2172, 2182, 2190, 2228, 2263, 2275, 2283, 2289, 2298, 2301, 2305, 2324, 2386, 2404, 2419, 2434, 2445, 2452, 2464, 2468, 2513, 2523, 2541, 2546, 2618, 2801, 2824, 2830, 2939, 2972, 2990, 2997, 3022, 3063, 3066, 3069, 3079, 3099, 3143, 3255, 3264, 3313, 3327, 3391, 3429, 3433, 3443, 3451, 3469, 3472, 3476, 3511, 3517, 3532, 3588, 3598, 3635, 3680, 3687, 3757, 3767, 3793, 3801, 3823, 3838, 3916, 3938, 3941, 3946, 3976, 3997, 4010, 4013, 4028, 4053, 4071, 4128, 4147, 4151, 4155, 4208, 4222, 4241, 4275, 4312, 4319, 4347, 4375, 4385, 4393, 4407, 4422, 4452, 4470, 4474, 4499, 4521, 4526, 4568, 4570, 4595, 4656, 4704, 4725, 4758, 4802, 4812, 4825, 4868, 4900, 4940, 4945, 4952, 4958, 4996, 5017, 5036, 5057, 5065, 5111, 5140, 5158, 5199, 5207, 5211, 5227, 5288, 5295, 5297, 5301, 5320, 5331, 5336, 5338, 5359, 5368, 5410, 5448, 5475, 5500, 5523, 5568, 5571, 5589, 5629, 5637, 5656, 5688, 5697, 5700, 5702, 5717, 5780, 5790, 5814, 5820, 5889, 5909, 5916, 5925, 5979, 5984, 5987, 5997, 6005, 6011, 6053, 6067, 6069, 6071, 6085, 6103, 6115, 6265, 6277, 6289, 6294, 6334, 6349, 6389, 6393, 6409, 6411, 6422, 6426, 6474, 6492, 6506, 6537, 6542, 6546, 6585, 6599, 6631, 6677, 6758, 6802, 6847, 6869, 6950, 7036, 7056, 7064, 7098, 7169, 7197, 7201, 7228, 7253, 7258, 7261, 7329, 7351, 7374, 7384, 7395, 7405, 7418, 7439, 7483, 7493, 7509, 7537, 7552, 7563, 7591, 7653, 7686, 7690, 7695, 7712, 7723, 7767, 7830, 7841, 7869, 7929, 7946, 7960, 7975, 7980, 7982, 7997, 8018, 8031, 8153, 8166, 8217, 8223, 8229, 8271, 8328, 8343, 8366, 8373, 8378, 8410, 8417, 8428, 8435, 8463, 8608, 8650, 8696, 8728, 8759, 8769, 8779, 8807, 8818, 8830, 8949, 8999, 9005, 9018, 9045, 9049, 9061, 9091, 9132, 9136, 9150, 9207, 9213, 9307, 9315, 9328, 9368, 9470, 9476, 9489, 9499, 9512, 9545, 9564, 9582, 9601, 9631, 9644, 9709, 9713, 9746, 9754, 9771, 9792, 9866, 9887, 9923, 9929, 9982, 10023, 10038, 10042, 10046, 10101, 10106, 10119, 10184, 10212, 10263, 10276, 10307, 10319, 10327, 10339, 10351, 10392, 10397, 10404, 10410, 10450, 10472, 10475, 10565, 10578, 10599, 10621, 10644, 10654, 10697, 10700, 10713, 10753, 10778, 10813, 10872, 10877, 10890, 10904, 10921, 10933, 10965, 11007, 11010, 11017, 11023, 11082, 11088, 11192, 11240, 11279, 11282, 11284, 11286, 11394, 11402, 11414, 11482, 11499, 11505, 11543, 11560, 11579, 11614, 11660, 11709, 11715, 11772, 11796, 11817, 11832, 11834, 11836, 11845, 11896, 11953, 11988, 11998, 12013, 12018, 12021, 12023, 12089, 12105, 12183, 12188, 12227, 12259, 12305, 12314, 12325, 12333, 12335, 12367, 12394, 12409, 12471, 12482, 12492, 12553, 12568, 12570, 12607, 12625, 12668, 12682, 12687, 12746, 12819, 12823, 12828, 12846, 12873, 12882, 12898, 12921, 12924, 12926, 12928, 13005, 13007, 13009, 13030, 13058, 13063, 13076, 13103, 13124, 13201, 13214, 13241, 13267, 13279, 13286, 13292, 13322, 13372, 13374, 13411, 13416, 13505, 13511, 13556, 13558, 13563, 13603, 13618, 13622, 13624, 13651, 13690, 13692, 13738, 13743, 13754, 13763, 13804, 13808, 13810, 13815, 13878, 13912, 13924, 13950, 13971, 13979, 13988, 14049, 14086, 14095, 14107, 14168, 14308, 14310, 14313, 14316, 14318, 14332, 14352, 14384, 14406, 14420, 14431, 14440, 14451, 14461, 14474, 14495, 14522, 14539, 14592, 14606, 14622, 14624, 14660, 14676, 14788, 14794, 14799, 14832, 14925, 14941, 14954, 14961, 14985, 14999, 15043, 15062, 15100, 15106, 15125, 15164, 15183, 15186, 15197, 15209, 15225, 15227, 15231, 15233, 15242, 15244, 15260, 15295, 15326, 15342, 15349, 15375, 15415, 15443, 15466, 15556, 15620, 15637, 15666, 15675, 15705, 15716, 15831, 15858, 15866, 15916, 15924, 15956, 15966, 16077, 16085, 16090, 16096, 16102, 16105, 16107, 16109, 16111, 16113, 16115, 16117, 16119, 16121, 16123, 16125, 16127, 16129, 16131, 16133, 16135, 16137, 16139, 16141, 16155, 16163, 16165, 16172, 16204, 16206, 16213, 16224, 16237, 16255, 16259, 16269, 16282, 16287, 16308, 16324, 16390, 16433, 16442, 16463, 16570, 16643, 16653, 16678, 16689, 16696, 16708, 16752, 16771, 16775, 16779, 16781, 16837, 16885, 16997, 17006, 17075, 17080, 17098, 17135, 17159, 17170, 17193, 17206, 17238, 17258, 17347, 17442, 17479, 17489, 17493, 17502, 17511, 17646, 17705, 17777, 17789, 17805, 17810, 17870, 17899, 17908, 17942, 17956, 17982, 17986, 18044, 18064, 18069, 18074, 18077, 18079, 18113, 18145, 18190, 18199, 18220, 18233, 18254, 18281, 18296, 18298, 18387, 18392, 18395, 18430, 18462, 18509, 18529, 18539, 18573, 18600, 18665, 18681, 18695, 18726, 18823, 18835, 18857, 18859, 18879, 18887, 18926, 18944, 18972, 18982, 19017, 19052, 19118, 19122, 19204, 19215, 19229, 19241, 19280, 19285, 19320, 19347, 19356, 19373, 19378, 19386, 19391, 19409, 19416, 19446, 19512, 19566, 19571, 19579, 19592, 19595, 19642, 19673, 19698, 19744, 19764, 19785, 19814, 19839, 19867, 19874, 19887, 19920, 19931, 19985, 20012, 20018, 20080, 20093, 20118, 20161, 20197, 20242, 20278, 20318, 20371, 20403, 20451, 20460, 20463, 20469, 20545, 20550, 20552, 20668, 20674, 20683, 20688, 20699, 20713, 20720, 20725, 20734, 20739, 20767, 20789, 20807, 20827, 20857, 20883, 20890, 20899, 20906, 20926, 20934, 20954, 20958, 20979, 20983, 20994, 20998, 21017, 21059, 21080, 21102, 21112, 21151, 21189, 21201, 21259, 21354, 21438, 21441, 21450, 21468, 21501, 21507, 21539, 21564, 21590, 21597, 21609, 21625, 21648, 21685, 21715, 21729, 21768, 21772, 21815, 21855, 21882, 21888, 21941, 21945, 21950, 21956, 21987, 21991, 22049, 22055, 22059, 22115, 22164, 22246, 22248, 22251, 22307, 22318, 22344, 22516, 22522, 22539, 22603, 22624, 22696, 22830, 22856, 22870, 22952, 22956, 22980, 23010, 23033, 23056, 23083, 23153, 23155, 23217, 23314, 23321, 23324, 23326, 23328, 23330, 23398, 23426, 23451, 23479, 23497, 23524, 23633, 23652, 23678, 23693, 23799, 23856, 23884, 23927, 23935, 23951, 24027, 24235, 24310, 24312, 24408, 24441, 24469, 24471, 24481, 24509, 24592, 24616, 24629, 24704, 24706, 24738, 24773]","[5656, 8696, 15620, 16085, 16775, 19204, 21354]","[11, 37, 51, 83, 88, 117, 124, 127, 210, 264, 275, 320, 326, 350, 356, 362, 390, 397, 436, 451, 479, 496, 504, 532, 586, 615, 637, 640, 740, 776, 798, 818, 820, 829, 845, 849, 865, 943, 997, 1001, 1048, 1073, 1079, 1093, 1107, 1111, 1116, 1147, 1149, 1197, 1209, 1214, 1237, 1241, 1253, 1277, 1288, 1351, 1368, 1380, 1433, 1435, 1443, 1446, 1470, 1493, 1499, 1536, 1560, 1582, 1595, 1629, 1670, 1678, 1691, 1704, 1718, 1724, 1751, 1792, 1842, 1854, 1857, 1863, 1940, 1951, 1957, 1960, 1965, 1972, 2001, 2035, 2043, 2054, 2061, 2071, 2121, 2153, 2164, 2172, 2182, 2190, 2228, 2263, 2275, 2283, 2289, 2298, 2301, 2305, 2324, 2386, 2404, 2419, 2434, 2445, 2452, 2464, 2468, 2513, 2523, 2541, 2546, 2618, 2801, 2824, 2830, 2939, 2972, 2990, 2997, 3022, 3063, 3066, 3069, 3079, 3099, 3143, 3255, 3264, 3313, 3327, 3391, 3429, 3433, 3443, 3451, 3469, 3472, 3476, 3511, 3517, 3532, 3588, 3598, 3635, 3680, 3687, 3757, 3767, 3793, 3801, 3823, 3838, 3916, 3938, 3941, 3946, 3976, 3997, 4010, 4013, 4028, 4053, 4071, 4128, 4147, 4151, 4155, 4208, 4222, 4241, 4275, 4312, 4319, 4347, 4375, 4385, 4393, 4407, 4422, 4452, 4470, 4474, 4499, 4521, 4526, 4568, 4570, 4595, 4656, 4704, 4725, 4758, 4802, 4812, 4825, 4868, 4900, 4940, 4945, 4952, 4958, 4996, 5017, 5036, 5057, 5065, 5111, 5140, 5158, 5199, 5207, 5211, 5227, 5288, 5295, 5297, 5301, 5320, 5331, 5336, 5338, 5359, 5368, 5410, 5448, 5475, 5500, 5523, 5568, 5571, 5589, 5629, 5637, 5688, 5697, 5700, 5702, 5717, 5780, 5790, 5814, 5820, 5889, 5909, 5916, 5925, 5979, 5984, 5987, 5997, 6005, 6011, 6053, 6067, 6069, 6071, 6085, 6103, 6115, 6265, 6277, 6289, 6294, 6334, 6349, 6389, 6393, 6409, 6411, 6422, 6426, 6474, 6492, 6506, 6537, 6542, 6546, 6585, 6599, 6631, 6677, 6758, 6802, 6847, 6869, 6950, 7036, 7056, 7064, 7098, 7169, 7197, 7201, 7228, 7253, 7258, 7261, 7329, 7351, 7374, 7384, 7395, 7405, 7418, 7439, 7483, 7493, 7509, 7537, 7552, 7563, 7591, 7653, 7686, 7690, 7695, 7712, 7723, 7767, 7830, 7841, 7869, 7929, 7946, 7960, 7975, 7980, 7982, 7997, 8018, 8031, 8153, 8166, 8217, 8223, 8229, 8271, 8328, 8343, 8366, 8373, 8378, 8410, 8417, 8428, 8435, 8463, 8608, 8650, 8728, 8759, 8769, 8779, 8807, 8818, 8830, 8949, 8999, 9005, 9018, 9045, 9049, 9061, 9091, 9132, 9136, 9150, 9207, 9213, 9307, 9315, 9328, 9368, 9470, 9476, 9489, 9499, 9512, 9545, 9564, 9582, 9601, 9631, 9644, 9709, 9713, 9746, 9754, 9771, 9792, 9866, 9887, 9923, 9929, 9982, 10023, 10038, 10042, 10046, 10101, 10106, 10119, 10184, 10212, 10263, 10276, 10307, 10319, 10327, 10339, 10351, 10392, 10397, 10404, 10410, 10450, 10472, 10475, 10565, 10578, 10599, 10621, 10644, 10654, 10697, 10700, 10713, 10753, 10778, 10813, 10872, 10877, 10890, 10904, 10921, 10933, 10965, 11007, 11010, 11017, 11023, 11082, 11088, 11192, 11240, 11279, 11282, 11284, 11286, 11394, 11402, 11414, 11482, 11499, 11505, 11543, 11560, 11579, 11614, 11660, 11709, 11715, 11772, 11796, 11817, 11832, 11834, 11836, 11845, 11896, 11953, 11988, 11998, 12013, 12018, 12021, 12023, 12089, 12105, 12183, 12188, 12227, 12259, 12305, 12314, 12325, 12333, 12335, 12367, 12394, 12409, 12471, 12482, 12492, 12553, 12568, 12570, 12607, 12625, 12668, 12682, 12687, 12746, 12819, 12823, 12828, 12846, 12873, 12882, 12898, 12921, 12924, 12926, 12928, 13005, 13007, 13009, 13030, 13058, 13063, 13076, 13103, 13124, 13201, 13214, 13241, 13267, 13279, 13286, 13292, 13322, 13372, 13374, 13411, 13416, 13505, 13511, 13556, 13558, 13563, 13603, 13618, 13622, 13624, 13651, 13690, 13692, 13738, 13743, 13754, 13763, 13804, 13808, 13810, 13815, 13878, 13912, 13924, 13950, 13971, 13979, 13988, 14049, 14086, 14095, 14107, 14168, 14308, 14310, 14313, 14316, 14318, 14332, 14352, 14384, 14406, 14420, 14431, 14440, 14451, 14461, 14474, 14495, 14522, 14539, 14592, 14606, 14622, 14624, 14660, 14676, 14788, 14794, 14799, 14832, 14925, 14941, 14954, 14961, 14985, 14999, 15043, 15062, 15100, 15106, 15125, 15164, 15183, 15186, 15197, 15209, 15225, 15227, 15231, 15233, 15242, 15244, 15260, 15295, 15326, 15342, 15349, 15375, 15415, 15443, 15466, 15556, 15637, 15666, 15675, 15705, 15716, 15831, 15858, 15866, 15916, 15924, 15956, 15966, 16077, 16090, 16096, 16102, 16105, 16107, 16109, 16111, 16113, 16115, 16117, 16119, 16121, 16123, 16125, 16127, 16129, 16131, 16133, 16135, 16137, 16139, 16141, 16155, 16163, 16165, 16172, 16204, 16206, 16213, 16224, 16237, 16255, 16259, 16269, 16282, 16287, 16308, 16324, 16390, 16433, 16442, 16463, 16570, 16643, 16653, 16678, 16689, 16696, 16708, 16752, 16771, 16779, 16781, 16837, 16885, 16997, 17006, 17075, 17080, 17098, 17135, 17159, 17170, 17193, 17206, 17238, 17258, 17347, 17442, 17479, 17489, 17493, 17502, 17511, 17646, 17705, 17777, 17789, 17805, 17810, 17870, 17899, 17908, 17942, 17956, 17982, 17986, 18044, 18064, 18069, 18074, 18077, 18079, 18113, 18145, 18190, 18199, 18220, 18233, 18254, 18281, 18296, 18298, 18387, 18392, 18395, 18430, 18462, 18509, 18529, 18539, 18573, 18600, 18665, 18681, 18695, 18726, 18823, 18835, 18857, 18859, 18879, 18887, 18926, 18944, 18972, 18982, 19017, 19052, 19118, 19122, 19215, 19229, 19241, 19280, 19285, 19320, 19347, 19356, 19373, 19378, 19386, 19391, 19409, 19416, 19446, 19512, 19566, 19571, 19579, 19592, 19595, 19642, 19673, 19698, 19744, 19764, 19785, 19814, 19839, 19867, 19874, 19887, 19920, 19931, 19985, 20012, 20018, 20080, 20093, 20118, 20161, 20197, 20242, 20278, 20318, 20371, 20403, 20451, 20460, 20463, 20469, 20545, 20550, 20552, 20668, 20674, 20683, 20688, 20699, 20713, 20720, 20725, 20734, 20739, 20767, 20789, 20807, 20827, 20857, 20883, 20890, 20899, 20906, 20926, 20934, 20954, 20958, 20979, 20983, 20994, 20998, 21017, 21059, 21080, 21102, 21112, 21151, 21189, 21201, 21259, 21438, 21441, 21450, 21468, 21501, 21507, 21539, 21564, 21590, 21597, 21609, 21625, 21648, 21685, 21715, 21729, 21768, 21772, 21815, 21855, 21882, 21888, 21941, 21945, 21950, 21956, 21987, 21991, 22049, 22055, 22059, 22115, 22164, 22246, 22248, 22251, 22307, 22318, 22344, 22516, 22522, 22539, 22603, 22624, 22696, 22830, 22856, 22870, 22952, 22956, 22980, 23010, 23033, 23056, 23083, 23153, 23155, 23217, 23314, 23321, 23324, 23326, 23328, 23330, 23398, 23426, 23451, 23479, 23497, 23524, 23633, 23652, 23678, 23693, 23799, 23856, 23884, 23927, 23935, 23951, 24027, 24235, 24310, 24312, 24408, 24441, 24469, 24471, 24481, 24509, 24592, 24616, 24629, 24704, 24706, 24738, 24773]","[5656, 8696, 15620, 16085, 16775, 19204, 21354]",24782,977,23805,7,970,23805,0
-1.5,HUMG0S24B,"[91, 103, 105, 107, 109, 139, 147, 151, 183, 187, 356, 450, 504, 524, 538, 631, 658, 801, 812, 855, 873, 880, 922, 964, 967, 1005, 1043, 1087, 1101, 1113, 1133, 1137, 1179, 1182, 1261, 1264, 1268, 1293, 1317, 1331, 1392, 1399, 1415, 1449, 1465, 1471, 1557, 1564, 1600, 1616, 1624, 1677, 1742, 1760, 1785, 1791, 1954, 2097, 2158, 2197, 2213, 2221, 2236, 2344, 2394, 2402, 2413, 2445, 2457, 2460, 2483, 2501, 2509, 2565, 2573, 2575, 2586, 2598, 2610, 2622, 2643, 2718, 2723, 2769, 2775, 2785, 2817, 2843, 2929, 2946, 2949, 2962, 2982, 3015, 3034, 3102, 3129]",[631],"[91, 103, 105, 107, 109, 139, 147, 151, 183, 187, 356, 450, 504, 524, 538, 658, 801, 812, 855, 873, 880, 922, 964, 967, 1005, 1043, 1087, 1101, 1113, 1133, 1137, 1179, 1182, 1261, 1264, 1268, 1293, 1317, 1331, 1392, 1399, 1415, 1449, 1465, 1471, 1557, 1564, 1600, 1616, 1624, 1677, 1742, 1760, 1785, 1791, 1954, 2097, 2158, 2197, 2213, 2221, 2236, 2344, 2394, 2402, 2413, 2445, 2457, 2460, 2483, 2501, 2509, 2565, 2573, 2575, 2586, 2598, 2610, 2622, 2643, 2718, 2723, 2769, 2775, 2785, 2817, 2843, 2929, 2946, 2949, 2962, 2982, 3015, 3034, 3102, 3129]",[631],3127,97,3030,1,96,3030,0
-1.5,HUMG0S8PP,"[12, 91, 97, 161, 163, 197, 216, 222, 248, 313, 364, 391, 401, 451, 460, 468, 502, 529, 545, 612, 625, 630, 660, 666, 704, 743, 745, 784, 805, 848, 889, 908, 915, 932, 939, 942, 956, 958, 964, 988, 1006, 1018, 1096, 1104, 1181, 1195, 1230, 1281, 1304, 1342, 1373, 1379, 1405, 1426, 1523, 1588, 1648, 1672, 1719, 1726, 1729, 1774, 1814, 1875, 1882, 1926, 1959, 2009, 2083, 2142, 2148, 2152, 2208, 2254, 2257, 2333, 2359, 2399, 2432, 2438, 2579, 2636, 2682, 2686, 2744, 2767, 2813, 2826, 2831, 2842, 2853, 2894, 2897, 2920, 3036, 3051, 3113, 3121, 3146, 3161, 3166, 3170, 3213, 3227, 3261, 3286, 3305, 3314, 3325, 3358, 3374, 3421, 3431, 3449, 3458, 3467, 3493, 3502, 3510, 3515, 3558, 3577, 3590, 3600, 3611, 3624, 3633, 3637, 3686, 3768, 3784, 3803, 3836, 3840, 3894, 3897, 3932, 4081, 4113, 4145, 4167, 4172, 4267, 4289, 4316, 4356, 4399, 4432, 4482, 4510, 4521, 4551, 4646, 4658, 4699, 4707, 4736, 4756, 4785, 4797, 4956, 4985, 5029, 5052, 5096, 5153, 5191, 5228, 5233, 5236, 5252, 5273, 5296, 5298, 5322, 5325, 5333, 5336, 5361, 5383, 5391, 5442, 5449, 5452, 5478, 5489, 5510, 5516, 5521, 5532, 5540, 5571, 5586, 5606, 5610, 5612, 5633, 5635, 5649, 5657, 5672, 5674, 5685, 5723, 5726, 5788, 5815, 5845, 5866, 5877, 5970, 6056, 6062, 6091, 6110, 6162, 6236, 6247, 6257, 6292, 6400, 6437, 6457, 6478, 6487, 6539, 6549, 6552, 6626, 6645, 6727, 6758, 6832, 6834, 6839, 6924, 7061, 7140, 7167, 7286]","[2682, 3768, 3932, 4646]","[12, 91, 97, 161, 163, 197, 216, 222, 248, 313, 364, 391, 401, 451, 460, 468, 502, 529, 545, 612, 625, 630, 660, 666, 704, 743, 745, 784, 805, 848, 889, 908, 915, 932, 939, 942, 956, 958, 964, 988, 1006, 1018, 1096, 1104, 1181, 1195, 1230, 1281, 1304, 1342, 1373, 1379, 1405, 1426, 1523, 1588, 1648, 1672, 1719, 1726, 1729, 1774, 1814, 1875, 1882, 1926, 1959, 2009, 2083, 2142, 2148, 2152, 2208, 2254, 2257, 2333, 2359, 2399, 2432, 2438, 2579, 2636, 2686, 2744, 2767, 2813, 2826, 2831, 2842, 2853, 2894, 2897, 2920, 3036, 3051, 3113, 3121, 3146, 3161, 3166, 3170, 3213, 3227, 3261, 3286, 3305, 3314, 3325, 3358, 3374, 3421, 3431, 3449, 3458, 3467, 3493, 3502, 3510, 3515, 3558, 3577, 3590, 3600, 3611, 3624, 3633, 3637, 3686, 3784, 3803, 3836, 3840, 3894, 3897, 4081, 4113, 4145, 4167, 4172, 4267, 4289, 4316, 4356, 4399, 4432, 4482, 4510, 4521, 4551, 4658, 4699, 4707, 4736, 4756, 4785, 4797, 4956, 4985, 5029, 5052, 5096, 5153, 5191, 5228, 5233, 5236, 5252, 5273, 5296, 5298, 5322, 5325, 5333, 5336, 5361, 5383, 5391, 5442, 5449, 5452, 5478, 5489, 5510, 5516, 5521, 5532, 5540, 5571, 5586, 5606, 5610, 5612, 5633, 5635, 5649, 5657, 5672, 5674, 5685, 5723, 5726, 5788, 5815, 5845, 5866, 5877, 5970, 6056, 6062, 6091, 6110, 6162, 6236, 6247, 6257, 6292, 6400, 6437, 6457, 6478, 6487, 6539, 6549, 6552, 6626, 6645, 6727, 6758, 6832, 6834, 6839, 6924, 7061, 7140, 7167, 7286]","[2682, 3768, 3932, 4646]",7337,240,7097,4,236,7097,0
-1.5,HUMGAD45A,"[11, 29, 46, 48, 63, 100, 134, 221, 233, 255, 271, 278, 287, 373, 392, 397, 438, 470, 481, 522, 590, 599, 628, 649, 680, 724, 786, 798, 895, 912, 927, 950, 963, 1008, 1042, 1114, 1134, 1151, 1153, 1178, 1197, 1215, 1292, 1314, 1321, 1337, 1387, 1394, 1396, 1400, 1402, 1410, 1425, 1447, 1482, 1502, 1505, 1558, 1580, 1600, 1628, 1761, 1779, 1800, 1832, 1906, 1999, 2020, 2088, 2136, 2203, 2206, 2217, 2259, 2266, 2273, 2304, 2313, 2326, 2361, 2457, 2461, 2465, 2495, 2543, 2596, 2600, 2655, 2668, 2699, 2743, 2769, 2819, 2825, 2835, 2846, 2860, 2899, 2909, 2917, 2927, 2951, 2957, 2968, 2975, 2978, 3003, 3006, 3076, 3078, 3092, 3113, 3132, 3149, 3155, 3157, 3182, 3184, 3188, 3240, 3283, 3298, 3353, 3356, 3420, 3423, 3428, 3465, 3534, 3633, 3639, 3645, 3675, 3697, 3708, 3719, 3727, 3730, 3734, 3740, 3749, 3772, 3774, 3797, 3824, 3827, 3880, 3884, 3891, 3932, 4002, 4022, 4044, 4046, 4095, 4167, 4171, 4179, 4194, 4200, 4240, 4250, 4283, 4303, 4308, 4334, 4353, 4396, 4402, 4409, 4414, 4427, 4472, 4479, 4490, 4499, 4515, 4517, 4529, 4590, 4611, 4640, 4657, 4679, 4782, 4802, 4808, 4828, 4956, 4972, 5015, 5036, 5104, 5120, 5161, 5163, 5174, 5180, 5205, 5225, 5255]","[2596, 3184, 3645]","[11, 29, 46, 48, 63, 100, 134, 221, 233, 255, 271, 278, 287, 373, 392, 397, 438, 470, 481, 522, 590, 599, 628, 649, 680, 724, 786, 798, 895, 912, 927, 950, 963, 1008, 1042, 1114, 1134, 1151, 1153, 1178, 1197, 1215, 1292, 1314, 1321, 1337, 1387, 1394, 1396, 1400, 1402, 1410, 1425, 1447, 1482, 1502, 1505, 1558, 1580, 1600, 1628, 1761, 1779, 1800, 1832, 1906, 1999, 2020, 2088, 2136, 2203, 2206, 2217, 2259, 2266, 2273, 2304, 2313, 2326, 2361, 2457, 2461, 2465, 2495, 2543, 2600, 2655, 2668, 2699, 2743, 2769, 2819, 2825, 2835, 2846, 2860, 2899, 2909, 2917, 2927, 2951, 2957, 2968, 2975, 2978, 3003, 3006, 3076, 3078, 3092, 3113, 3132, 3149, 3155, 3157, 3182, 3188, 3240, 3283, 3298, 3353, 3356, 3420, 3423, 3428, 3465, 3534, 3633, 3639, 3675, 3697, 3708, 3719, 3727, 3730, 3734, 3740, 3749, 3772, 3774, 3797, 3824, 3827, 3880, 3884, 3891, 3932, 4002, 4022, 4044, 4046, 4095, 4167, 4171, 4179, 4194, 4200, 4240, 4250, 4283, 4303, 4308, 4334, 4353, 4396, 4402, 4409, 4414, 4427, 4472, 4479, 4490, 4499, 4515, 4517, 4529, 4590, 4611, 4640, 4657, 4679, 4782, 4802, 4808, 4828, 4956, 4972, 5015, 5036, 5104, 5120, 5161, 5163, 5174, 5180, 5205, 5225, 5255]","[2596, 3184, 3645]",5370,201,5169,3,198,5169,0
-1.5,HUMGARE,"[20, 25, 55, 71, 89, 109, 143, 299, 309, 322, 389, 429, 436, 498, 590, 598, 609, 623, 633, 686, 721, 756, 758, 810, 814, 852, 964, 1014, 1041, 1056, 1068, 1110, 1121, 1138, 1155, 1176, 1182, 1245, 1255, 1264, 1273, 1277, 1285, 1292, 1322, 1329, 1364, 1386, 1399, 1450, 1460, 1467, 1471, 1525, 1537, 1540, 1554, 1556, 1573, 1583, 1627, 1641, 1668, 1673, 1688, 1721, 1794, 1823, 1872, 1881, 1897, 1900, 1906, 2022, 2040, 2064, 2097, 2127, 2148, 2208, 2223, 2239, 2243, 2293, 2299, 2314, 2328, 2330, 2353, 2355, 2364, 2373, 2405, 2407, 2411, 2415, 2417, 2435, 2455, 2489, 2491, 2519, 2525, 2533, 2542, 2558, 2570, 2572, 2579, 2582, 2591, 2601, 2603, 2611, 2615, 2631, 2639, 2653, 2794, 2861, 2910, 2936, 2943, 2947, 2960, 2964, 2998, 3003, 3012, 3070, 3093, 3118, 3133, 3159, 3186, 3190, 3207, 3213, 3254, 3259, 3317, 3369, 3396, 3409, 3504, 3507, 3522, 3531, 3545, 3547, 3551, 3565, 3575, 3598, 3619, 3664, 3678, 3697, 3861, 3872, 3878, 3993, 4030, 4123, 4141, 4263, 4345, 4363, 4373, 4424, 4469, 4492, 4502, 4507, 4532, 4568, 4575, 4581, 4637, 4701, 4704, 4712, 4718]","[810, 2239, 2653, 3118]","[20, 25, 55, 71, 89, 109, 143, 299, 309, 322, 389, 429, 436, 498, 590, 598, 609, 623, 633, 686, 721, 756, 758, 814, 852, 964, 1014, 1041, 1056, 1068, 1110, 1121, 1138, 1155, 1176, 1182, 1245, 1255, 1264, 1273, 1277, 1285, 1292, 1322, 1329, 1364, 1386, 1399, 1450, 1460, 1467, 1471, 1525, 1537, 1540, 1554, 1556, 1573, 1583, 1627, 1641, 1668, 1673, 1688, 1721, 1794, 1823, 1872, 1881, 1897, 1900, 1906, 2022, 2040, 2064, 2097, 2127, 2148, 2208, 2223, 2243, 2293, 2299, 2314, 2328, 2330, 2353, 2355, 2364, 2373, 2405, 2407, 2411, 2415, 2417, 2435, 2455, 2489, 2491, 2519, 2525, 2533, 2542, 2558, 2570, 2572, 2579, 2582, 2591, 2601, 2603, 2611, 2615, 2631, 2639, 2794, 2861, 2910, 2936, 2943, 2947, 2960, 2964, 2998, 3003, 3012, 3070, 3093, 3133, 3159, 3186, 3190, 3207, 3213, 3254, 3259, 3317, 3369, 3396, 3409, 3504, 3507, 3522, 3531, 3545, 3547, 3551, 3565, 3575, 3598, 3619, 3664, 3678, 3697, 3861, 3872, 3878, 3993, 4030, 4123, 4141, 4263, 4345, 4363, 4373, 4424, 4469, 4492, 4502, 4507, 4532, 4568, 4575, 4581, 4637, 4701, 4704, 4712, 4718]","[810, 2239, 2653, 3118]",4746,183,4563,4,179,4563,0
-1.5,HUMGCK,"[18, 36, 57, 66, 68, 79, 99, 219, 235, 244, 255, 262, 295, 304, 312, 404, 406, 444, 468, 475, 478, 494, 497, 506, 573, 598, 634, 725, 737, 774, 809, 856, 916, 926, 952, 979, 1137, 1188, 1220, 1249, 1299, 1311, 1369, 1385, 1514, 1525, 1542, 1582, 1638, 1640, 1669, 1677, 1748, 1780, 1873, 1953, 1989, 1995, 2006, 2052, 2156, 2262, 2345, 2350, 2444, 2454, 2472, 2493, 2597, 2647, 2775, 2864, 2879, 2895, 2946, 2964, 2971, 3004, 3013, 3016, 3021, 3034, 3051, 3078, 3080, 3096, 3108, 3110, 3123, 3142, 3191, 3197, 3248, 3312, 3314, 3335, 3360, 3370, 3398, 3523, 3614, 3635, 3684, 3688, 3717, 3729, 3757, 3774, 3783, 3789, 3799, 3812, 3819, 3839, 3882, 3954, 3974, 4030, 4079, 4087, 4095, 4126, 4168, 4179, 4212, 4288, 4312, 4321, 4384, 4400, 4430, 4438, 4459, 4494, 4503, 4534, 4553, 4558, 4589, 4600, 4605, 4622, 4677, 4767, 4770, 4806, 4820, 4901, 4930, 4933, 4942, 4954, 4992, 4999, 5011, 5015, 5063, 5065, 5088, 5092, 5118, 5123, 5139, 5153, 5156, 5164, 5228, 5309, 5318, 5341, 5345, 5356, 5404, 5417, 5442, 5452, 5497, 5580, 5584, 5607, 5623, 5637, 5650, 5655, 5717, 5772, 5784, 5790, 5808, 5825, 5832, 5848, 5857, 5872, 5947, 5949, 5956, 5964, 5966, 5981, 5985, 6006, 6029, 6195, 6320, 6341, 6364, 6422, 6437, 6443, 6455, 6457, 6475, 6500, 6505, 6533, 6543, 6564, 6607, 6616, 6630, 6639, 6651, 6721, 6730, 6744, 6753, 6765, 6817, 6830, 6871, 6885, 6905, 6914, 6921, 6933, 6946, 6955, 7013, 7026, 7062, 7127, 7155, 7263, 7272, 7306, 7325, 7354, 7356, 7501, 7556, 7563, 7591, 7773, 7775]","[1188, 3360, 3882, 4312, 4806, 5015, 5452, 5964, 6475]","[18, 36, 57, 66, 68, 79, 99, 219, 235, 244, 255, 262, 295, 304, 312, 404, 406, 444, 468, 475, 478, 494, 497, 506, 573, 598, 634, 725, 737, 774, 809, 856, 916, 926, 952, 979, 1137, 1220, 1249, 1299, 1311, 1369, 1385, 1514, 1525, 1542, 1582, 1638, 1640, 1669, 1677, 1748, 1780, 1873, 1953, 1989, 1995, 2006, 2052, 2156, 2262, 2345, 2350, 2444, 2454, 2472, 2493, 2597, 2647, 2775, 2864, 2879, 2895, 2946, 2964, 2971, 3004, 3013, 3016, 3021, 3034, 3051, 3078, 3080, 3096, 3108, 3110, 3123, 3142, 3191, 3197, 3248, 3312, 3314, 3335, 3370, 3398, 3523, 3614, 3635, 3684, 3688, 3717, 3729, 3757, 3774, 3783, 3789, 3799, 3812, 3819, 3839, 3954, 3974, 4030, 4079, 4087, 4095, 4126, 4168, 4179, 4212, 4288, 4321, 4384, 4400, 4430, 4438, 4459, 4494, 4503, 4534, 4553, 4558, 4589, 4600, 4605, 4622, 4677, 4767, 4770, 4820, 4901, 4930, 4933, 4942, 4954, 4992, 4999, 5011, 5063, 5065, 5088, 5092, 5118, 5123, 5139, 5153, 5156, 5164, 5228, 5309, 5318, 5341, 5345, 5356, 5404, 5417, 5442, 5497, 5580, 5584, 5607, 5623, 5637, 5650, 5655, 5717, 5772, 5784, 5790, 5808, 5825, 5832, 5848, 5857, 5872, 5947, 5949, 5956, 5966, 5981, 5985, 6006, 6029, 6195, 6320, 6341, 6364, 6422, 6437, 6443, 6455, 6457, 6500, 6505, 6533, 6543, 6564, 6607, 6616, 6630, 6639, 6651, 6721, 6730, 6744, 6753, 6765, 6817, 6830, 6871, 6885, 6905, 6914, 6921, 6933, 6946, 6955, 7013, 7026, 7062, 7127, 7155, 7263, 7272, 7306, 7325, 7354, 7356, 7501, 7556, 7563, 7591, 7773, 7775]","[1188, 3360, 3882, 4312, 4806, 5015, 5452, 5964, 6475]",7519,255,7264,9,246,7264,0
-1.5,HUMGFP40H,"[4, 11, 22, 28, 50, 78, 138, 152, 224, 243, 278, 289, 325, 387, 434, 472, 557, 621, 626, 634, 647, 651, 655, 662, 686, 697, 703, 710, 716, 724, 726, 763, 765, 783, 790, 811, 834, 841, 855, 910, 954, 963, 997, 1039, 1050, 1058, 1062, 1140, 1156, 1173, 1177, 1182, 1217, 1229, 1298, 1382, 1412, 1465, 1473, 1517, 1568, 1578, 1611, 1678, 1697, 1703, 1707, 1731, 1745, 1748, 1752, 1803, 1840, 1846, 1870, 1875, 1943, 1965, 1994, 2044, 2111, 2113, 2225, 2236, 2266, 2272, 2349, 2355, 2361, 2399, 2486, 2546, 2551, 2569, 2586, 2593, 2597, 2611, 2624, 2628, 2639, 2646, 2660, 2684, 2694, 2704, 2738, 2752, 2781, 2857, 2891, 2929, 2972, 2976, 2985, 3034, 3039, 3042, 3078, 3084, 3110, 3126, 3130, 3155, 3175, 3185, 3194, 3219, 3246, 3261, 3263, 3295, 3319, 3325, 3415, 3420, 3426, 3448, 3545, 3615, 3620, 3716, 3721, 3833, 3835, 3837, 3839, 3841, 3843, 3845, 3847, 3849, 3851, 3853, 3855, 3857, 3859, 3861, 3863, 3865, 3867, 3871, 3898, 3962, 4025, 4095, 4106, 4290, 4308, 4317, 4337]","[910, 1058, 1173, 2593]","[4, 11, 22, 28, 50, 78, 138, 152, 224, 243, 278, 289, 325, 387, 434, 472, 557, 621, 626, 634, 647, 651, 655, 662, 686, 697, 703, 710, 716, 724, 726, 763, 765, 783, 790, 811, 834, 841, 855, 954, 963, 997, 1039, 1050, 1062, 1140, 1156, 1177, 1182, 1217, 1229, 1298, 1382, 1412, 1465, 1473, 1517, 1568, 1578, 1611, 1678, 1697, 1703, 1707, 1731, 1745, 1748, 1752, 1803, 1840, 1846, 1870, 1875, 1943, 1965, 1994, 2044, 2111, 2113, 2225, 2236, 2266, 2272, 2349, 2355, 2361, 2399, 2486, 2546, 2551, 2569, 2586, 2597, 2611, 2624, 2628, 2639, 2646, 2660, 2684, 2694, 2704, 2738, 2752, 2781, 2857, 2891, 2929, 2972, 2976, 2985, 3034, 3039, 3042, 3078, 3084, 3110, 3126, 3130, 3155, 3175, 3185, 3194, 3219, 3246, 3261, 3263, 3295, 3319, 3325, 3415, 3420, 3426, 3448, 3545, 3615, 3620, 3716, 3721, 3833, 3835, 3837, 3839, 3841, 3843, 3845, 3847, 3849, 3851, 3853, 3855, 3857, 3859, 3861, 3863, 3865, 3867, 3871, 3898, 3962, 4025, 4095, 4106, 4290, 4308, 4317, 4337]","[910, 1058, 1173, 2593]",4371,171,4200,4,167,4200,0
-1.5,HUMGHG,"[40, 55, 68, 74, 79, 81, 83, 168, 232, 287, 424, 426, 432, 438, 445, 521, 530, 539, 545, 654, 689, 693, 741, 757, 856, 870, 879, 881, 918, 920, 946, 955, 974, 1024, 1075, 1088, 1116, 1148, 1260, 1287, 1388, 1443, 1564, 1590, 1603, 1616, 1647, 1692, 1730, 1913, 1923, 1925, 1939, 1954, 1983, 2079, 2161, 2169, 2177, 2184, 2194, 2202, 2228, 2231, 2237, 2339, 2344, 2356, 2462, 2494, 2510, 2567, 2636, 2675, 2679, 2733, 2743, 2767, 2783, 2785, 2858, 2871, 2907, 2924, 2929, 2931, 2944, 2985, 2997, 3014, 3016, 3022, 3061, 3063, 3091, 3099, 3104, 3162, 3170, 3213, 3251, 3261, 3293, 3309, 3311, 3315, 3339, 3398, 3402, 3427, 3522, 3524, 3526, 3534, 3544, 3597, 3713, 3720, 3726, 3737, 3755, 3757, 3828, 3835, 3899, 3952, 3962, 4033, 4083, 4106, 4156, 4218, 4238, 4354, 4443, 4445]","[689, 1983, 2636, 3099]","[40, 55, 68, 74, 79, 81, 83, 168, 232, 287, 424, 426, 432, 438, 445, 521, 530, 539, 545, 654, 693, 741, 757, 856, 870, 879, 881, 918, 920, 946, 955, 974, 1024, 1075, 1088, 1116, 1148, 1260, 1287, 1388, 1443, 1564, 1590, 1603, 1616, 1647, 1692, 1730, 1913, 1923, 1925, 1939, 1954, 2079, 2161, 2169, 2177, 2184, 2194, 2202, 2228, 2231, 2237, 2339, 2344, 2356, 2462, 2494, 2510, 2567, 2675, 2679, 2733, 2743, 2767, 2783, 2785, 2858, 2871, 2907, 2924, 2929, 2931, 2944, 2985, 2997, 3014, 3016, 3022, 3061, 3063, 3091, 3104, 3162, 3170, 3213, 3251, 3261, 3293, 3309, 3311, 3315, 3339, 3398, 3402, 3427, 3522, 3524, 3526, 3534, 3544, 3597, 3713, 3720, 3726, 3737, 3755, 3757, 3828, 3835, 3899, 3952, 3962, 4033, 4083, 4106, 4156, 4218, 4238, 4354, 4443, 4445]","[689, 1983, 2636, 3099]",4444,136,4308,4,132,4308,0
-1.5,HUMGHN,"[18, 47, 80, 85, 89, 95, 141, 144, 148, 155, 193, 199, 235, 257, 262, 265, 285, 307, 313, 357, 359, 397, 401, 419, 434, 439, 446, 466, 532, 537, 569, 600, 627, 657, 664, 673, 677, 696, 775, 777, 816, 891, 951, 985, 989, 1008, 1021, 1034, 1082, 1131, 1143, 1158, 1176, 1183, 1225, 1316, 1320, 1358, 1361, 1450, 1463, 1479, 1499, 1501, 1523, 1574, 1580, 1629, 1631, 1664, 1711, 1783, 1883, 1965, 1986, 1991, 2001, 2014, 2033, 2044, 2058, 2091, 2145, 2168, 2178, 2181, 2201, 2217, 2254, 2259, 2333, 2384, 2395, 2418, 2439, 2483, 2583, 2625, 2639]","[569, 989, 1316, 1574]","[18, 47, 80, 85, 89, 95, 141, 144, 148, 155, 193, 199, 235, 257, 262, 265, 285, 307, 313, 357, 359, 397, 401, 419, 434, 439, 446, 466, 532, 537, 600, 627, 657, 664, 673, 677, 696, 775, 777, 816, 891, 951, 985, 1008, 1021, 1034, 1082, 1131, 1143, 1158, 1176, 1183, 1225, 1320, 1358, 1361, 1450, 1463, 1479, 1499, 1501, 1523, 1580, 1629, 1631, 1664, 1711, 1783, 1883, 1965, 1986, 1991, 2001, 2014, 2033, 2044, 2058, 2091, 2145, 2168, 2178, 2181, 2201, 2217, 2254, 2259, 2333, 2384, 2395, 2418, 2439, 2483, 2583, 2625, 2639]","[569, 989, 1316, 1574]",2649,99,2550,4,95,2550,0
-1.5,HUMGHV,"[47, 81, 86, 90, 135, 145, 149, 155, 192, 198, 234, 256, 261, 264, 284, 306, 312, 333, 356, 358, 396, 400, 432, 464, 530, 535, 566, 597, 624, 653, 670, 694, 722, 825, 900, 957, 964, 994, 998, 1010, 1017, 1030, 1043, 1064, 1092, 1105, 1136, 1141, 1153, 1169, 1188, 1195, 1237, 1307, 1328, 1332, 1351, 1361, 1369, 1372, 1404, 1457, 1473, 1509, 1511, 1533, 1580, 1584, 1590, 1669, 1697, 1716, 1790, 1890, 1972, 1993, 1998, 2008, 2021, 2040, 2051, 2065, 2077, 2080, 2087, 2098, 2152, 2160, 2175, 2185, 2188, 2207, 2223, 2237, 2260, 2265, 2379, 2388, 2399, 2417, 2422, 2443, 2485, 2514, 2586, 2642]","[566, 998, 1328, 1584]","[47, 81, 86, 90, 135, 145, 149, 155, 192, 198, 234, 256, 261, 264, 284, 306, 312, 333, 356, 358, 396, 400, 432, 464, 530, 535, 597, 624, 653, 670, 694, 722, 825, 900, 957, 964, 994, 1010, 1017, 1030, 1043, 1064, 1092, 1105, 1136, 1141, 1153, 1169, 1188, 1195, 1237, 1307, 1332, 1351, 1361, 1369, 1372, 1404, 1457, 1473, 1509, 1511, 1533, 1580, 1590, 1669, 1697, 1716, 1790, 1890, 1972, 1993, 1998, 2008, 2021, 2040, 2051, 2065, 2077, 2080, 2087, 2098, 2152, 2160, 2175, 2185, 2188, 2207, 2223, 2237, 2260, 2265, 2379, 2388, 2399, 2417, 2422, 2443, 2485, 2514, 2586, 2642]","[566, 998, 1328, 1584]",2652,106,2546,4,102,2546,0
-1.5,HUMGSTM4A,"[74, 116, 184, 195, 262, 301, 393, 456, 487, 493, 516, 539, 554, 558, 565, 588, 595, 641, 666, 687, 713, 758, 777, 781, 787, 799, 813, 824, 857, 893, 903, 905, 907, 909, 911, 913, 915, 917, 919, 921, 923, 925, 927, 929, 931, 933, 935, 937, 939, 943, 953, 964, 969, 974, 976, 996, 1007, 1015, 1122, 1139, 1153, 1181, 1202, 1212, 1272, 1285, 1340, 1345, 1385, 1387, 1436, 1446, 1449, 1490, 1503, 1535, 1588, 1631, 1635, 1652, 1665, 1672, 1708, 1751, 1781, 1803, 1809, 1819, 1844, 1848, 1855, 1925, 1995, 2022, 2024, 2028, 2030, 2033, 2043, 2045, 2047, 2058, 2084, 2098, 2102, 2106, 2113, 2117, 2124, 2151, 2153, 2183, 2204, 2225, 2240, 2262, 2326, 2333, 2338, 2346, 2450, 2517, 2534, 2565, 2573, 2577, 2580, 2587, 2605, 2615, 2632, 2773, 2838, 2856, 2858, 2880, 2888, 2914, 2917, 2925, 2929, 3010, 3023, 3051, 3074, 3117, 3132, 3140, 3143, 3246, 3250, 3262, 3275, 3361, 3398, 3463, 3569, 3615, 3617, 3649, 3700, 3730, 3739, 3753, 3773, 3779, 3797, 3901, 3917, 3928, 3933, 3951, 3996, 4021, 4041, 4049, 4053, 4072, 4082, 4089, 4140, 4149, 4160, 4169, 4223, 4225, 4235, 4274, 4279, 4306, 4311, 4313, 4315, 4329, 4379, 4417, 4425, 4505, 4536, 4539, 4550, 4561, 4566, 4573, 4576, 4701, 4718, 4733, 4740, 4743, 4748, 4760, 4764, 4775, 4778, 4791, 4798, 4806, 4845, 4895, 4905, 4913, 4957, 4966, 4968, 4970, 4991, 5001, 5021, 5024, 5032, 5138, 5150, 5152, 5193, 5218, 5226, 5248, 5262, 5281, 5283, 5300, 5313, 5316, 5337, 5380, 5382, 5407, 5418, 5440, 5442, 5449, 5571, 5581, 5587, 5601, 5623, 5629, 5663, 5884, 5894, 5930, 5956, 5979]","[777, 1139, 1631, 2024, 2225, 3262, 3463]","[74, 116, 184, 195, 262, 301, 393, 456, 487, 493, 516, 539, 554, 558, 565, 588, 595, 641, 666, 687, 713, 758, 781, 787, 799, 813, 824, 857, 893, 903, 905, 907, 909, 911, 913, 915, 917, 919, 921, 923, 925, 927, 929, 931, 933, 935, 937, 939, 943, 953, 964, 969, 974, 976, 996, 1007, 1015, 1122, 1153, 1181, 1202, 1212, 1272, 1285, 1340, 1345, 1385, 1387, 1436, 1446, 1449, 1490, 1503, 1535, 1588, 1635, 1652, 1665, 1672, 1708, 1751, 1781, 1803, 1809, 1819, 1844, 1848, 1855, 1925, 1995, 2022, 2028, 2030, 2033, 2043, 2045, 2047, 2058, 2084, 2098, 2102, 2106, 2113, 2117, 2124, 2151, 2153, 2183, 2204, 2240, 2262, 2326, 2333, 2338, 2346, 2450, 2517, 2534, 2565, 2573, 2577, 2580, 2587, 2605, 2615, 2632, 2773, 2838, 2856, 2858, 2880, 2888, 2914, 2917, 2925, 2929, 3010, 3023, 3051, 3074, 3117, 3132, 3140, 3143, 3246, 3250, 3275, 3361, 3398, 3569, 3615, 3617, 3649, 3700, 3730, 3739, 3753, 3773, 3779, 3797, 3901, 3917, 3928, 3933, 3951, 3996, 4021, 4041, 4049, 4053, 4072, 4082, 4089, 4140, 4149, 4160, 4169, 4223, 4225, 4235, 4274, 4279, 4306, 4311, 4313, 4315, 4329, 4379, 4417, 4425, 4505, 4536, 4539, 4550, 4561, 4566, 4573, 4576, 4701, 4718, 4733, 4740, 4743, 4748, 4760, 4764, 4775, 4778, 4791, 4798, 4806, 4845, 4895, 4905, 4913, 4957, 4966, 4968, 4970, 4991, 5001, 5021, 5024, 5032, 5138, 5150, 5152, 5193, 5218, 5226, 5248, 5262, 5281, 5283, 5300, 5313, 5316, 5337, 5380, 5382, 5407, 5418, 5440, 5442, 5449, 5571, 5581, 5587, 5601, 5623, 5629, 5663, 5884, 5894, 5930, 5956, 5979]","[777, 1139, 1631, 2024, 2225, 3262, 3463]",6074,264,5810,7,257,5810,0
-1.5,HUMHMGIY,"[23, 56, 63, 83, 109, 139, 175, 188, 190, 216, 241, 310, 331, 359, 390, 405, 425, 442, 449, 459, 496, 583, 626, 654, 720, 724, 740, 806, 873, 926, 955, 1075, 1137, 1337, 1375, 1472, 1514, 1521, 1557, 1654, 1743, 1766, 1883, 1908, 1927, 1937, 1947, 1952, 1961, 1967, 2031, 2074, 2090, 2113, 2136, 2145, 2147, 2161, 2200, 2202, 2314, 2330, 2343, 2345, 2388, 2401, 2415, 2454, 2469, 2509, 2513, 2520, 2541, 2558, 2578, 2704, 2755, 2758, 2760, 2786, 2854, 2862, 2904, 2913, 2937, 2962, 2994, 3053, 3068, 3116, 3172, 3189, 3195, 3259, 3267, 3280, 3318, 3326, 3370, 3384, 3386, 3417, 3450, 3475, 3485, 3501, 3554, 3614, 3664, 3668, 3677, 3687, 3732, 3749, 3767, 3875, 3897, 3900, 3919, 3921, 3974, 3978, 3983, 4023, 4055, 4124, 4158, 4172, 4180, 4193, 4232, 4328, 4358, 4397, 4399, 4410, 4412, 4416, 4427, 4434, 4450, 4529, 4533, 4627, 4648, 4655, 4660, 4664, 4711, 4753, 4773, 4779, 4781, 4785, 4801, 4805, 4831, 4933, 4945, 4986, 4994, 5010, 5049, 5069, 5075, 5100, 5122, 5132, 5150, 5161, 5169, 5183, 5187, 5206, 5263, 5272, 5280, 5284, 5290, 5308, 5363, 5435, 5444, 5451, 5457, 5461, 5496, 5510, 5541, 5556, 5565, 5569, 5574, 5581, 5584, 5588, 5619, 5626, 5633, 5635, 5655, 5660, 5712, 5722, 5726, 5733, 5735, 5745, 5752, 5766, 5802, 5885, 5961, 5969, 5982, 5984, 5986, 5999, 6012, 6019, 6033, 6151, 6274, 6334, 6344, 6351, 6397, 6412, 6422, 6475, 6527, 6544, 6572, 6598, 6619, 6627, 6658, 6673, 6687, 6711, 6728, 6744, 6776, 6818, 6834, 6877, 6897, 6929, 7003, 7016, 7022, 7032, 7034, 7038, 7057, 7068, 7089, 7097, 7102, 7108, 7110, 7115, 7133, 7137, 7166, 7270, 7274, 7315, 7321, 7328, 7335, 7420, 7436, 7449, 7463, 7506, 7508, 7510, 7583, 7629, 7691, 7695, 7711, 7768, 7781, 7790, 7821, 7827, 7894, 7923, 7931, 7939, 7962, 7966, 7991, 7995, 8013, 8019, 8021, 8024, 8043, 8047, 8095, 8151, 8167, 8267, 8361, 8374, 8376, 8378, 8428, 8434, 8494, 8507, 8526, 8631, 8642, 8775, 8833, 8965, 8968, 8995, 9045, 9060, 9134, 9136, 9153, 9199, 9241, 9248, 9286, 9311, 9348, 9357, 9360, 9390, 9408, 9424, 9561, 9567, 9646, 9730, 9763, 9791, 9823, 9855, 9857, 9884, 9895, 9933, 9992, 9995, 9997, 9999, 10022, 10031, 10110]","[4660, 6544, 7270]","[23, 56, 63, 83, 109, 139, 175, 188, 190, 216, 241, 310, 331, 359, 390, 405, 425, 442, 449, 459, 496, 583, 626, 654, 720, 724, 740, 806, 873, 926, 955, 1075, 1137, 1337, 1375, 1472, 1514, 1521, 1557, 1654, 1743, 1766, 1883, 1908, 1927, 1937, 1947, 1952, 1961, 1967, 2031, 2074, 2090, 2113, 2136, 2145, 2147, 2161, 2200, 2202, 2314, 2330, 2343, 2345, 2388, 2401, 2415, 2454, 2469, 2509, 2513, 2520, 2541, 2558, 2578, 2704, 2755, 2758, 2760, 2786, 2854, 2862, 2904, 2913, 2937, 2962, 2994, 3053, 3068, 3116, 3172, 3189, 3195, 3259, 3267, 3280, 3318, 3326, 3370, 3384, 3386, 3417, 3450, 3475, 3485, 3501, 3554, 3614, 3664, 3668, 3677, 3687, 3732, 3749, 3767, 3875, 3897, 3900, 3919, 3921, 3974, 3978, 3983, 4023, 4055, 4124, 4158, 4172, 4180, 4193, 4232, 4328, 4358, 4397, 4399, 4410, 4412, 4416, 4427, 4434, 4450, 4529, 4533, 4627, 4648, 4655, 4664, 4711, 4753, 4773, 4779, 4781, 4785, 4801, 4805, 4831, 4933, 4945, 4986, 4994, 5010, 5049, 5069, 5075, 5100, 5122, 5132, 5150, 5161, 5169, 5183, 5187, 5206, 5263, 5272, 5280, 5284, 5290, 5308, 5363, 5435, 5444, 5451, 5457, 5461, 5496, 5510, 5541, 5556, 5565, 5569, 5574, 5581, 5584, 5588, 5619, 5626, 5633, 5635, 5655, 5660, 5712, 5722, 5726, 5733, 5735, 5745, 5752, 5766, 5802, 5885, 5961, 5969, 5982, 5984, 5986, 5999, 6012, 6019, 6033, 6151, 6274, 6334, 6344, 6351, 6397, 6412, 6422, 6475, 6527, 6572, 6598, 6619, 6627, 6658, 6673, 6687, 6711, 6728, 6744, 6776, 6818, 6834, 6877, 6897, 6929, 7003, 7016, 7022, 7032, 7034, 7038, 7057, 7068, 7089, 7097, 7102, 7108, 7110, 7115, 7133, 7137, 7166, 7274, 7315, 7321, 7328, 7335, 7420, 7436, 7449, 7463, 7506, 7508, 7510, 7583, 7629, 7691, 7695, 7711, 7768, 7781, 7790, 7821, 7827, 7894, 7923, 7931, 7939, 7962, 7966, 7991, 7995, 8013, 8019, 8021, 8024, 8043, 8047, 8095, 8151, 8167, 8267, 8361, 8374, 8376, 8378, 8428, 8434, 8494, 8507, 8526, 8631, 8642, 8775, 8833, 8965, 8968, 8995, 9045, 9060, 9134, 9136, 9153, 9199, 9241, 9248, 9286, 9311, 9348, 9357, 9360, 9390, 9408, 9424, 9561, 9567, 9646, 9730, 9763, 9791, 9823, 9855, 9857, 9884, 9895, 9933, 9992, 9995, 9997, 9999, 10022, 10031, 10110]","[4660, 6544, 7270]",10098,357,9741,3,354,9741,0
-1.5,HUMHOX13G,"[55, 93, 106, 121, 129, 144, 156, 182, 190, 264, 280, 336, 380, 414, 503, 564, 675, 686, 730, 811, 862, 904, 1004, 1040, 1102, 1131, 1144, 1153, 1392, 1440, 1446, 1451, 1471, 1594, 1641, 1643, 1653, 1684, 1737, 1741, 1934, 1955, 2022, 2039, 2049, 2066, 2071, 2075, 2083, 2115, 2188, 2194, 2295, 2362, 2373, 2399, 2405, 2409, 2415, 2481, 2496, 2502, 2531, 2533, 2536, 2543, 2551, 2563, 2576, 2588, 2623, 2647, 2652, 2662, 2689, 2711, 2742, 2796, 2809, 2814, 2818, 2828, 2840, 2852, 2856, 2860, 2877, 2882, 2909, 2984, 2996, 3046, 3059]",[811],"[55, 93, 106, 121, 129, 144, 156, 182, 190, 264, 280, 336, 380, 414, 503, 564, 675, 686, 730, 862, 904, 1004, 1040, 1102, 1131, 1144, 1153, 1392, 1440, 1446, 1451, 1471, 1594, 1641, 1643, 1653, 1684, 1737, 1741, 1934, 1955, 2022, 2039, 2049, 2066, 2071, 2075, 2083, 2115, 2188, 2194, 2295, 2362, 2373, 2399, 2405, 2409, 2415, 2481, 2496, 2502, 2531, 2533, 2536, 2543, 2551, 2563, 2576, 2588, 2623, 2647, 2652, 2662, 2689, 2711, 2742, 2796, 2809, 2814, 2818, 2828, 2840, 2852, 2856, 2860, 2877, 2882, 2909, 2984, 2996, 3046, 3059]",[811],3062,93,2969,1,92,2969,0
-1.5,HUMHPARS1,"[20, 40, 105, 138, 202, 224, 235, 287, 319, 338, 431, 436, 440, 442, 471, 473, 573, 588, 601, 686, 688, 723, 779, 783, 802, 816, 842, 844, 873, 878, 885, 906, 926, 930, 967, 975, 1046, 1081, 1113, 1163, 1180, 1220, 1261, 1278, 1300, 1317, 1320, 1341, 1377, 1398, 1431, 1579, 1584, 1623, 1629, 1655, 1673, 1700, 1709, 1730, 1762, 1789, 1816, 1818, 1850, 1853, 1864, 1874, 1878, 1886, 1907, 1911, 1961, 1982, 2005, 2037, 2089, 2105, 2162, 2175, 2199, 2213, 2260, 2327, 2348, 2352, 2362, 2364, 2424, 2433, 2435, 2437, 2441, 2449, 2451, 2453, 2455, 2457, 2459, 2461, 2465, 2475, 2477, 2479, 2481, 2495, 2500, 2548, 2562, 2598, 2616, 2632, 2643, 2648, 2654, 2656, 2681, 2812, 2828, 2863, 2959, 2971, 2982, 2984, 3020, 3027, 3085, 3088, 3096, 3111, 3168, 3200, 3258, 3270, 3294, 3323, 3337, 3402, 3465, 3470, 3496, 3508, 3536, 3549, 3567, 3590, 3667, 3732, 3782, 3808, 3824, 3846, 3855, 3859, 3931, 3972, 4010, 4015, 4032, 4042, 4084, 4114, 4146, 4178, 4332, 4355, 4394, 4437, 4473, 4515, 4536, 4552, 4587, 4683, 4695, 4706, 4708, 4744, 4751, 4809, 4812, 4820, 4835, 4892, 4924, 4982, 4994, 5018, 5047, 5061, 5126, 5189, 5194, 5220, 5232, 5260, 5273, 5291, 5454, 5506, 5530, 5546, 5568, 5577, 5581, 5646, 5687, 5725, 5730, 5747, 5757, 5829, 5861, 5893, 6047, 6070, 6109, 6152, 6188, 6258, 6276, 6285, 6304, 6309, 6370, 6373, 6413, 6479, 6499, 6503, 6532, 6548, 6595, 6620, 6730, 6748, 6763, 6790, 6823, 6825, 6841, 6880, 6887, 6889, 6893, 6948, 6964, 7039, 7045, 7076, 7092, 7127, 7164, 7199, 7204, 7212, 7217, 7221, 7225, 7231, 7252, 7338, 7348, 7358, 7374, 7377, 7392, 7449, 7492, 7499, 7502, 7510, 7528, 7569, 7614, 7692, 7696, 7710, 7752, 7756, 7775, 7807, 7835, 7874, 7891, 7901, 7948, 8010, 8019, 8041, 8104, 8118, 8126, 8143, 8204, 8230, 8245, 8261, 8339, 8378, 8383, 8385, 8401, 8420, 8434, 8485, 8495, 8532, 8541, 8568, 8602, 8624, 8644, 8688, 8696, 8703, 8717, 8728, 8808, 8835, 8920, 8980, 8988, 8994, 9038, 9085, 9120, 9127, 9143, 9174, 9189, 9195, 9266, 9279, 9332, 9344, 9365, 9388, 9445, 9447, 9481, 9522, 9529, 9533, 9570, 9578, 9649, 9684, 9716, 9767, 9784, 9824, 9865, 9882, 9899, 9904, 9921, 9924, 9981, 10002, 10035, 10054, 10149, 10183, 10187, 10226, 10258, 10276, 10278, 10303, 10312, 10320, 10332, 10364, 10375, 10391, 10393, 10406, 10408, 10455, 10466, 10472, 10476, 10488, 10509, 10511, 10563, 10584, 10607, 10668, 10689, 10755, 10772, 10835, 10851, 10899, 10926, 10939, 10948, 10973, 10984, 11002, 11038, 11046, 11084, 11125, 11127, 11173, 11211, 11263, 11275, 11295, 11326, 11355, 11363, 11371, 11385, 11394, 11403, 11411, 11422, 11425, 11439, 11460, 11467, 11478, 11480, 11485, 11502, 11506, 11513]","[1046, 2632, 3020, 3855, 4744, 5577]","[20, 40, 105, 138, 202, 224, 235, 287, 319, 338, 431, 436, 440, 442, 471, 473, 573, 588, 601, 686, 688, 723, 779, 783, 802, 816, 842, 844, 873, 878, 885, 906, 926, 930, 967, 975, 1081, 1113, 1163, 1180, 1220, 1261, 1278, 1300, 1317, 1320, 1341, 1377, 1398, 1431, 1579, 1584, 1623, 1629, 1655, 1673, 1700, 1709, 1730, 1762, 1789, 1816, 1818, 1850, 1853, 1864, 1874, 1878, 1886, 1907, 1911, 1961, 1982, 2005, 2037, 2089, 2105, 2162, 2175, 2199, 2213, 2260, 2327, 2348, 2352, 2362, 2364, 2424, 2433, 2435, 2437, 2441, 2449, 2451, 2453, 2455, 2457, 2459, 2461, 2465, 2475, 2477, 2479, 2481, 2495, 2500, 2548, 2562, 2598, 2616, 2643, 2648, 2654, 2656, 2681, 2812, 2828, 2863, 2959, 2971, 2982, 2984, 3027, 3085, 3088, 3096, 3111, 3168, 3200, 3258, 3270, 3294, 3323, 3337, 3402, 3465, 3470, 3496, 3508, 3536, 3549, 3567, 3590, 3667, 3732, 3782, 3808, 3824, 3846, 3859, 3931, 3972, 4010, 4015, 4032, 4042, 4084, 4114, 4146, 4178, 4332, 4355, 4394, 4437, 4473, 4515, 4536, 4552, 4587, 4683, 4695, 4706, 4708, 4751, 4809, 4812, 4820, 4835, 4892, 4924, 4982, 4994, 5018, 5047, 5061, 5126, 5189, 5194, 5220, 5232, 5260, 5273, 5291, 5454, 5506, 5530, 5546, 5568, 5581, 5646, 5687, 5725, 5730, 5747, 5757, 5829, 5861, 5893, 6047, 6070, 6109, 6152, 6188, 6258, 6276, 6285, 6304, 6309, 6370, 6373, 6413, 6479, 6499, 6503, 6532, 6548, 6595, 6620, 6730, 6748, 6763, 6790, 6823, 6825, 6841, 6880, 6887, 6889, 6893, 6948, 6964, 7039, 7045, 7076, 7092, 7127, 7164, 7199, 7204, 7212, 7217, 7221, 7225, 7231, 7252, 7338, 7348, 7358, 7374, 7377, 7392, 7449, 7492, 7499, 7502, 7510, 7528, 7569, 7614, 7692, 7696, 7710, 7752, 7756, 7775, 7807, 7835, 7874, 7891, 7901, 7948, 8010, 8019, 8041, 8104, 8118, 8126, 8143, 8204, 8230, 8245, 8261, 8339, 8378, 8383, 8385, 8401, 8420, 8434, 8485, 8495, 8532, 8541, 8568, 8602, 8624, 8644, 8688, 8696, 8703, 8717, 8728, 8808, 8835, 8920, 8980, 8988, 8994, 9038, 9085, 9120, 9127, 9143, 9174, 9189, 9195, 9266, 9279, 9332, 9344, 9365, 9388, 9445, 9447, 9481, 9522, 9529, 9533, 9570, 9578, 9649, 9684, 9716, 9767, 9784, 9824, 9865, 9882, 9899, 9904, 9921, 9924, 9981, 10002, 10035, 10054, 10149, 10183, 10187, 10226, 10258, 10276, 10278, 10303, 10312, 10320, 10332, 10364, 10375, 10391, 10393, 10406, 10408, 10455, 10466, 10472, 10476, 10488, 10509, 10511, 10563, 10584, 10607, 10668, 10689, 10755, 10772, 10835, 10851, 10899, 10926, 10939, 10948, 10973, 10984, 11002, 11038, 11046, 11084, 11125, 11127, 11173, 11211, 11263, 11275, 11295, 11326, 11355, 11363, 11371, 11385, 11394, 11403, 11411, 11422, 11425, 11439, 11460, 11467, 11478, 11480, 11485, 11502, 11506, 11513]","[1046, 2632, 3020, 3855, 4744, 5577]",11543,431,11112,6,425,11112,0
-1.5,HUMIBP3,"[59, 65, 75, 92, 157, 182, 225, 232, 241, 246, 248, 268, 297, 344, 358, 364, 385, 428, 436, 451, 471, 670, 713, 723, 739, 782, 834, 838, 854, 882, 951, 1000, 1010, 1059, 1077, 1111, 1115, 1117, 1223, 1248, 1250, 1260, 1276, 1284, 1326, 1332, 1364, 1366, 1383, 1409, 1413, 1473, 1495, 1556, 1570, 1586, 1593, 1604, 1613, 1623, 1631, 1641, 1649, 1673, 1685, 1701, 1718, 1730, 1795, 1843, 1853, 1974, 1976, 1981, 2018, 2026, 2035, 2086, 2107, 2141, 2146, 2149, 2163, 2174, 2187, 2206, 2208, 2221, 2253, 2277, 2300, 2325, 2380, 2390, 2395, 2441, 2457, 2466, 2501, 2509, 2555, 2584, 2593, 2643, 2650, 2656, 2677, 2687, 2693, 2715, 2731, 2776, 2845, 2849, 2860, 2870, 2910, 2924, 2935, 2951, 2956, 2966, 2984, 3011, 3024, 3046, 3048, 3052, 3065, 3077, 3142, 3146, 3149, 3153, 3164, 3333, 3356, 3542, 3553, 3611, 3617, 3635, 3734, 3778, 3795, 3800, 3810, 3822, 3833, 3860, 3901, 3909, 3912, 3918, 3924, 3953, 3984, 3998, 4005, 4054, 4108, 4123, 4154, 4169, 4186, 4247, 4262, 4272, 4290, 4292, 4304, 4342, 4349, 4358, 4406, 4410, 4421, 4476, 4495, 4530, 4548, 4554, 4557, 4583, 4650, 4672, 4713, 4915, 4924, 4928, 4944, 4956, 4964, 4977, 5020, 5024, 5026, 5048, 5122, 5171, 5182, 5197, 5203, 5247, 5263, 5272, 5281, 5323, 5385, 5394, 5409, 5456, 5500, 5534, 5550, 5553, 5557, 5560, 5586, 5639, 5647, 5655, 5675, 5699, 5701, 5735, 5739, 5765, 5767, 5778, 5800, 5814, 5895, 5953, 6005, 6064, 6086, 6273, 6290, 6327, 6333, 6356, 6375, 6397, 6409, 6415, 6425, 6453, 6462, 6498, 6507, 6551, 6567, 6569, 6585, 6617, 6621, 6626, 6633, 6676, 6697, 6723, 6734, 6748, 6764, 6799, 6832, 6874, 6905, 6928, 6936, 6959, 6967, 6991, 7006, 7008, 7018, 7087, 7095, 7133, 7137, 7144, 7146, 7184, 7188, 7249, 7251, 7263, 7296, 7334, 7349, 7377, 7471, 7503, 7561, 7574, 7607, 7687, 7697, 7708, 7734, 7743, 7790, 7802, 7821, 7835, 7842, 7854, 7866, 7875, 7925, 7929, 7937, 7952, 8064, 8099, 8120, 8211, 8250, 8252, 8254, 8262, 8308, 8334, 8353, 8357, 8423, 8514, 8553, 8555, 8575, 8648, 8663, 8677, 8681, 8689, 8751, 8756, 8775, 8793, 8832, 8836, 8840, 8863, 9014, 9035, 9049, 9068, 9095, 9118, 9132, 9189, 9209, 9232, 9299, 9383, 9390, 9415, 9427, 9445, 9458, 9486, 9489, 9503, 9575, 9593, 9597, 9622, 9637, 9648, 9677, 9682, 9726, 9772, 9775, 9797, 9835, 9842, 9873, 9900, 9945, 10026, 10031, 10056, 10085, 10227, 10240, 10319, 10401, 10425, 10458, 10483, 10554, 10564, 10602, 10645, 10708, 10721, 10735, 10748, 10812]","[2441, 5953, 6617]","[59, 65, 75, 92, 157, 182, 225, 232, 241, 246, 248, 268, 297, 344, 358, 364, 385, 428, 436, 451, 471, 670, 713, 723, 739, 782, 834, 838, 854, 882, 951, 1000, 1010, 1059, 1077, 1111, 1115, 1117, 1223, 1248, 1250, 1260, 1276, 1284, 1326, 1332, 1364, 1366, 1383, 1409, 1413, 1473, 1495, 1556, 1570, 1586, 1593, 1604, 1613, 1623, 1631, 1641, 1649, 1673, 1685, 1701, 1718, 1730, 1795, 1843, 1853, 1974, 1976, 1981, 2018, 2026, 2035, 2086, 2107, 2141, 2146, 2149, 2163, 2174, 2187, 2206, 2208, 2221, 2253, 2277, 2300, 2325, 2380, 2390, 2395, 2457, 2466, 2501, 2509, 2555, 2584, 2593, 2643, 2650, 2656, 2677, 2687, 2693, 2715, 2731, 2776, 2845, 2849, 2860, 2870, 2910, 2924, 2935, 2951, 2956, 2966, 2984, 3011, 3024, 3046, 3048, 3052, 3065, 3077, 3142, 3146, 3149, 3153, 3164, 3333, 3356, 3542, 3553, 3611, 3617, 3635, 3734, 3778, 3795, 3800, 3810, 3822, 3833, 3860, 3901, 3909, 3912, 3918, 3924, 3953, 3984, 3998, 4005, 4054, 4108, 4123, 4154, 4169, 4186, 4247, 4262, 4272, 4290, 4292, 4304, 4342, 4349, 4358, 4406, 4410, 4421, 4476, 4495, 4530, 4548, 4554, 4557, 4583, 4650, 4672, 4713, 4915, 4924, 4928, 4944, 4956, 4964, 4977, 5020, 5024, 5026, 5048, 5122, 5171, 5182, 5197, 5203, 5247, 5263, 5272, 5281, 5323, 5385, 5394, 5409, 5456, 5500, 5534, 5550, 5553, 5557, 5560, 5586, 5639, 5647, 5655, 5675, 5699, 5701, 5735, 5739, 5765, 5767, 5778, 5800, 5814, 5895, 6005, 6064, 6086, 6273, 6290, 6327, 6333, 6356, 6375, 6397, 6409, 6415, 6425, 6453, 6462, 6498, 6507, 6551, 6567, 6569, 6585, 6621, 6626, 6633, 6676, 6697, 6723, 6734, 6748, 6764, 6799, 6832, 6874, 6905, 6928, 6936, 6959, 6967, 6991, 7006, 7008, 7018, 7087, 7095, 7133, 7137, 7144, 7146, 7184, 7188, 7249, 7251, 7263, 7296, 7334, 7349, 7377, 7471, 7503, 7561, 7574, 7607, 7687, 7697, 7708, 7734, 7743, 7790, 7802, 7821, 7835, 7842, 7854, 7866, 7875, 7925, 7929, 7937, 7952, 8064, 8099, 8120, 8211, 8250, 8252, 8254, 8262, 8308, 8334, 8353, 8357, 8423, 8514, 8553, 8555, 8575, 8648, 8663, 8677, 8681, 8689, 8751, 8756, 8775, 8793, 8832, 8836, 8840, 8863, 9014, 9035, 9049, 9068, 9095, 9118, 9132, 9189, 9209, 9232, 9299, 9383, 9390, 9415, 9427, 9445, 9458, 9486, 9489, 9503, 9575, 9593, 9597, 9622, 9637, 9648, 9677, 9682, 9726, 9772, 9775, 9797, 9835, 9842, 9873, 9900, 9945, 10026, 10031, 10056, 10085, 10227, 10240, 10319, 10401, 10425, 10458, 10483, 10554, 10564, 10602, 10645, 10708, 10721, 10735, 10748, 10812]","[2441, 5953, 6617]",10876,401,10475,3,398,10475,0
-1.5,HUMIDS,"[7, 31, 37, 125, 127, 134, 145, 153, 160, 165, 170, 172, 214, 296, 372, 443, 462, 596, 598, 636, 672, 695, 752, 875, 935, 955, 970, 976, 1045, 1097, 1102, 1114, 1120, 1160, 1394, 1685, 1791, 1797, 1804, 1824, 1851, 1856, 1858, 1862, 1868, 1895, 1897, 1927, 1972, 1977, 2038, 2060, 2064, 2066, 2068, 2078, 2089, 2115, 2132, 2146, 2162, 2174, 2177, 2191, 2225, 2241, 2248, 2266, 2316, 2333, 2356, 2376, 2392, 2449, 2451, 2471, 2495, 2536, 2549, 2566, 2568, 2573, 2605, 2629, 2637, 2660, 2668, 2710, 2712, 2728, 2769, 2794, 2826, 2848, 2856, 2860, 2882, 2901, 2916, 2923, 3003, 3007, 3060, 3070, 3108, 3110, 3115, 3120, 3137, 3140, 3164, 3170, 3172, 3177, 3216, 3222, 3226, 3238, 3243, 3266, 3268, 3313, 3321, 3351, 3366, 3374, 3392, 3466, 3506, 3517, 3545, 3630, 3633, 3686, 3693, 3713, 3731, 3739, 3771, 3773, 3792, 3797, 3842, 3888, 3921, 4021, 4069, 4098, 4110, 4112, 4119, 4123, 4174, 4228, 4233, 4247, 4287, 4293, 4304, 4306, 4320, 4384, 4407, 4409, 4437, 4446, 4566, 4627, 4634, 4684, 4688, 4735, 4768, 4778, 4834, 4865, 4876, 4917, 4971, 5005, 5028, 5061, 5103, 5108, 5186, 5195, 5228, 5244, 5252, 5309, 5320, 5325, 5334, 5352, 5356, 5365, 5385, 5391, 5425, 5446, 5450, 5482, 5484, 5509, 5537, 5617, 5619, 5639, 5641, 5672, 5703, 5725, 5744, 5812, 5823, 5829, 5838, 5840, 5850, 5864, 5869, 5876, 5918, 5927, 5948, 6029, 6068, 6071, 6075, 6101, 6113, 6115, 6136, 6139, 6150, 6173, 6178, 6195, 6246, 6255, 6269, 6285, 6327, 6337, 6346, 6376, 6389, 6404, 6513, 6528, 6609, 6652, 6678, 6710, 6733, 6780, 6796, 6806, 6869, 6895, 6913, 6948, 6964, 6989, 6993, 7002, 7013, 7023, 7027, 7036, 7078, 7093, 7095, 7150, 7194, 7231, 7243, 7249, 7284, 7305, 7335, 7368, 7376, 7398, 7447, 7449, 7454, 7457, 7490, 7523, 7632, 7665, 7671, 7686, 7692, 7767, 7773, 7784, 7800, 7815, 7817, 7819, 7821, 7889, 7933, 7939, 8001, 8019, 8044, 8049, 8086, 8097, 8121, 8130, 8135, 8166, 8198, 8225, 8230, 8249, 8266, 8277, 8316, 8351, 8356, 8364, 8380, 8383, 8410, 8449, 8489, 8494, 8547, 8557, 8575, 8678, 8687, 8700, 8721, 8761, 8770, 8796, 8801, 8853, 8921, 8981, 9000, 9053, 9113, 9131, 9161, 9165, 9174, 9204, 9234, 9254, 9266, 9282, 9286, 9321, 9341, 9344, 9391, 9413, 9417, 9421, 9450, 9454, 9470, 9503, 9526, 9541, 9554, 9597, 9606, 9625, 9642, 9690, 9730, 9751, 9812, 9814, 9819, 9835, 9847, 9861, 9871, 9892, 9897, 9901, 9919, 9963, 9965, 9982, 9990, 9996, 10007, 10025, 10055, 10090, 10094, 10104, 10106, 10108, 10120, 10137, 10170, 10187, 10192, 10227, 10235, 10245, 10254, 10279, 10293, 10301, 10316, 10348, 10361, 10366, 10535, 10569, 10580, 10582, 10624, 10638, 10677, 10734, 10754, 10771, 10776, 10853, 10868, 10873, 10877, 10884, 10886, 10901, 10926, 10950, 10987, 10992, 11035, 11041, 11071, 11073, 11097, 11102, 11131, 11136, 11158, 11182, 11184, 11194, 11213, 11220, 11246, 11265, 11274, 11278, 11288, 11290, 11294, 11336, 11341, 11346, 11397, 11401, 11462, 11468, 11480, 11482, 11537, 11577, 11583, 11594, 11632, 11644, 11735, 11760, 11782, 11849, 11872, 11880, 11885, 11921, 11928, 11938, 11995, 12006, 12036, 12176, 12236, 12251, 12272, 12288, 12302, 12319, 12325, 12329, 12344, 12360, 12362, 12376, 12407, 12436, 12440, 12496, 12504, 12559, 12646, 12714, 12737, 12739, 12743, 12833, 12840, 12853, 12855, 12881, 12897, 12925, 12946, 12948, 12961, 13065, 13087, 13103, 13159, 13162, 13258, 13281, 13321, 13400, 13432, 13434, 13437, 13452, 13462, 13470, 13500, 13502, 13506, 13552, 13579, 13633, 13698, 13760, 13812, 13840, 13889, 13908, 13919, 13925, 13928, 13969, 13977, 14036, 14040, 14050, 14052, 14114, 14118, 14124, 14129, 14154, 14169, 14180, 14262, 14292, 14294, 14300, 14325, 14386, 14404, 14418, 14429, 14483, 14508, 14544, 14575, 14581, 14621, 14645, 14655, 14685, 14702, 14719, 14730, 14769, 14799, 14808, 14821, 14840, 14881, 14892, 14903, 14912, 14925, 14958, 14962, 14980, 15012, 15022, 15027, 15035, 15056, 15062, 15131, 15143, 15163, 15176, 15194, 15205, 15210, 15235, 15293, 15473, 15477, 15495, 15502, 15512, 15536, 15547, 15567, 15575, 15579, 15584, 15596, 15654, 15693, 15782, 15803, 15819, 15879, 15901, 15927, 15968, 15982, 15990, 16006, 16038, 16078, 16080, 16084, 16088, 16098, 16103, 16153, 16155, 16169, 16194, 16215, 16527, 16574, 16648, 16662, 16698, 16792, 16827, 16829, 16833, 16837, 16844, 16858, 16873, 16877, 16888, 16896, 16901, 16912, 16928, 16966, 16970, 16993, 17048, 17085, 17099, 17168, 17181, 17194, 17227, 17241, 17250, 17253, 17358, 17364, 17423, 17446, 17512, 17520, 17536, 17550, 17552, 17562, 17591, 17633, 17639, 17671, 17700, 17715, 17728, 17741, 17751, 17822, 17837, 17881, 17885, 17914, 17922, 17930, 17973, 17975, 18042, 18105, 18126, 18130, 18154, 18173, 18188, 18251, 18277, 18287, 18292, 18322, 18335, 18339, 18344, 18368, 18379, 18395, 18407, 18412, 18430, 18493, 18509, 18530, 18552, 18603, 18605, 18628, 18633, 18666, 18689, 18708, 18711, 18731, 18742, 18780, 18782, 18806, 18811, 18824, 18827, 18845, 18879, 18944, 18947, 18957, 18976, 18999, 19023, 19043, 19046, 19076, 19095, 19106, 19156, 19268, 19301, 19324, 19357, 19386, 19413, 19461, 19483, 19510, 19537, 19562, 19565, 19599, 19615, 19657, 19677, 19717, 19733, 19747, 19773, 19802, 19916, 19931, 19943, 19967, 19994, 20019, 20021, 20032, 20038, 20044, 20073, 20090, 20093, 20114, 20121, 20137, 20220, 20225, 20255, 20339, 20367, 20382, 20442, 20467, 20475, 20499, 20545, 20772, 20795, 20851, 20859, 20882, 20894, 20914, 20938, 20958, 20963, 20968, 20996, 21014, 21029, 21041, 21081, 21107, 21158, 21174, 21176, 21193, 21206, 21216, 21245, 21250, 21267, 21305, 21311, 21429, 21472, 21477, 21567, 21581, 21584, 21597, 21624, 21640, 21712, 21714, 21720, 21730, 21789, 21795, 21876, 21887, 21891, 21919, 21930, 21938, 21946, 21957, 21972, 22029, 22055, 22069, 22072, 22104, 22115, 22159, 22162, 22255, 22264, 22288, 22309, 22318, 22343, 22351, 22354, 22369, 22422, 22452, 22455, 22472, 22480, 22500, 22512, 22515, 22524, 22530, 22536, 22538, 22542, 22552, 22597, 22602, 22604, 22609, 22617, 22623, 22667, 22689, 22695, 22711, 22714, 22728, 22755, 22795, 22809, 22814, 22822, 22825, 22837, 22860, 22897, 22940, 22994, 23045, 23078, 23086, 23127, 23146, 23157, 23166, 23188, 23215, 23287, 23294, 23296, 23300, 23359, 23398, 23415, 23472, 23477, 23494, 23506, 23516, 23524, 23601, 23648, 23736, 23840, 23946, 23955, 23999, 24062, 24069, 24078, 24133, 24135, 24147, 24189, 24268, 24284, 24311, 24330, 24334, 24345, 24426, 24445, 24455, 24477, 24504, 24520, 24523, 24526, 24540, 24611, 24624, 24667, 24670, 24678, 24688, 24707, 24714, 24724, 24734, 24770, 24772, 24812, 24857, 24865, 24873, 24888, 24893, 24926, 24995, 25002, 25063, 25084, 25108, 25168, 25239, 25251, 25290, 25293, 25314, 25347, 25403, 25407, 25414, 25424, 25437, 25482, 25514, 25545, 25554, 25559, 25562, 25572, 25630, 25636, 25649, 25657, 25687, 25718, 25721, 25737, 25744, 25752, 25810, 25819, 25828, 25831, 25836, 25909, 25959, 26004, 26008, 26022, 26046, 26093, 26105, 26228, 26234, 26254, 26288, 26308, 26336, 26338, 26425, 26427, 26449, 26466, 26490, 26497, 26502, 26535, 26550, 26552, 26586, 26617, 26622, 26634, 26649, 26668, 26702, 26765, 26768, 26785, 26836, 26843, 26849, 26852, 26888, 26900, 26931, 26943, 26975, 27017, 27020, 27023, 27033, 27091, 27097, 27110, 27132, 27201, 27205, 27220, 27229, 27237, 27248, 27260, 27262, 27284, 27291, 27332, 27334, 27341, 27351, 27425, 27432, 27451, 27475, 27509, 27567, 27690, 27735, 27785, 27789, 27796, 27821, 27833, 27870, 27882, 27894, 27923, 27963, 27969, 27973, 27983, 27991, 28066, 28071, 28096, 28098, 28112, 28169, 28223, 28235, 28269, 28300, 28311, 28366, 28394, 28432, 28449, 28465, 28469, 28520, 28522, 28537, 28544, 28565, 28622, 28627, 28632, 28657, 28676, 28707, 28713, 28735, 28739, 28751, 28773, 28787, 28792, 28845, 28850, 28855, 28882, 28890, 28919, 28950, 28973, 28981, 28988, 29033, 29043, 29070, 29084, 29147, 29159, 29209, 29211, 29213, 29231, 29246, 29291, 29294, 29300, 29302, 29315, 29338, 29356, 29359, 29361, 29365, 29370, 29393, 29400, 29438, 29441, 29471, 29501, 29518, 29555, 29572, 29576, 29585, 29614, 29670, 29695, 29710, 29768, 29787, 29798, 29825, 29830, 29950, 29955, 30034, 30049, 30069, 30077, 30110, 30207, 30255, 30261, 30268, 30284, 30311, 30339, 30341, 30346, 30360, 30410, 30430, 30436, 30482, 30493, 30535, 30554, 30573, 30602, 30606, 30612, 30619, 30756, 30773, 30778, 30791, 30822, 30843, 30868, 30926, 30931, 30939, 30957, 30992, 30999, 31004, 31017, 31038, 31046, 31142, 31144, 31147, 31168, 31179, 31190, 31227, 31231, 31240, 31250, 31287, 31289, 31291, 31515, 31606, 31615, 31645, 31699, 31863, 31914, 31916, 31918, 31921, 31938, 31954, 31956, 31991, 32027, 32099, 32165, 32178, 32233, 32252, 32260, 32296, 32302, 32304, 32316, 32333, 32462, 32481, 32526, 32562, 32576, 32687, 32744, 32758, 32764, 32779, 32809, 32816, 32844, 32851, 32858, 32876, 32898, 32960, 32970, 33025, 33035, 33043, 33064, 33083, 33094, 33096, 33117, 33137, 33180, 33216, 33223, 33255, 33314, 33318, 33333, 33335, 33366, 33369, 33385, 33398, 33412, 33429, 33434, 33452, 33480, 33583, 33587, 33617, 33619, 33641, 33645, 33667, 33697, 33730, 33842, 33882, 33900, 33905, 33928, 34061, 34107, 34166, 34255, 34269, 34286, 34307, 34355, 34383, 34404, 34423, 34425, 34427, 34442, 34486, 34513, 34561, 34575, 34598, 34638, 34645, 34665, 34684, 34757, 34846, 34868, 34878, 34897, 34903, 34925, 34930, 34990, 35092, 35103, 35105, 35108, 35136, 35175, 35192, 35201, 35296, 35358, 35454, 35508, 35521, 35535, 35626, 35637, 35640, 35711, 35723, 35752, 35761, 35766, 35777, 35785, 35813, 35816, 35853, 35860, 35913, 35924, 35948, 35958, 35977, 35983, 36028, 36102, 36112, 36138, 36154, 36156, 36169, 36177, 36187, 36195, 36223, 36255, 36284, 36293, 36339, 36395, 36411, 36415, 36418, 36440, 36455, 36508, 36583, 36631, 36655, 36659, 36668, 36682, 36686, 36699, 36718, 36726, 36753, 36755, 36775, 36777, 36810, 36820, 36822, 36837]","[1160, 2038, 2882, 5244, 8086, 9847, 15879, 19268]","[7, 31, 37, 125, 127, 134, 145, 153, 160, 165, 170, 172, 214, 296, 372, 443, 462, 596, 598, 636, 672, 695, 752, 875, 935, 955, 970, 976, 1045, 1097, 1102, 1114, 1120, 1394, 1685, 1791, 1797, 1804, 1824, 1851, 1856, 1858, 1862, 1868, 1895, 1897, 1927, 1972, 1977, 2060, 2064, 2066, 2068, 2078, 2089, 2115, 2132, 2146, 2162, 2174, 2177, 2191, 2225, 2241, 2248, 2266, 2316, 2333, 2356, 2376, 2392, 2449, 2451, 2471, 2495, 2536, 2549, 2566, 2568, 2573, 2605, 2629, 2637, 2660, 2668, 2710, 2712, 2728, 2769, 2794, 2826, 2848, 2856, 2860, 2901, 2916, 2923, 3003, 3007, 3060, 3070, 3108, 3110, 3115, 3120, 3137, 3140, 3164, 3170, 3172, 3177, 3216, 3222, 3226, 3238, 3243, 3266, 3268, 3313, 3321, 3351, 3366, 3374, 3392, 3466, 3506, 3517, 3545, 3630, 3633, 3686, 3693, 3713, 3731, 3739, 3771, 3773, 3792, 3797, 3842, 3888, 3921, 4021, 4069, 4098, 4110, 4112, 4119, 4123, 4174, 4228, 4233, 4247, 4287, 4293, 4304, 4306, 4320, 4384, 4407, 4409, 4437, 4446, 4566, 4627, 4634, 4684, 4688, 4735, 4768, 4778, 4834, 4865, 4876, 4917, 4971, 5005, 5028, 5061, 5103, 5108, 5186, 5195, 5228, 5252, 5309, 5320, 5325, 5334, 5352, 5356, 5365, 5385, 5391, 5425, 5446, 5450, 5482, 5484, 5509, 5537, 5617, 5619, 5639, 5641, 5672, 5703, 5725, 5744, 5812, 5823, 5829, 5838, 5840, 5850, 5864, 5869, 5876, 5918, 5927, 5948, 6029, 6068, 6071, 6075, 6101, 6113, 6115, 6136, 6139, 6150, 6173, 6178, 6195, 6246, 6255, 6269, 6285, 6327, 6337, 6346, 6376, 6389, 6404, 6513, 6528, 6609, 6652, 6678, 6710, 6733, 6780, 6796, 6806, 6869, 6895, 6913, 6948, 6964, 6989, 6993, 7002, 7013, 7023, 7027, 7036, 7078, 7093, 7095, 7150, 7194, 7231, 7243, 7249, 7284, 7305, 7335, 7368, 7376, 7398, 7447, 7449, 7454, 7457, 7490, 7523, 7632, 7665, 7671, 7686, 7692, 7767, 7773, 7784, 7800, 7815, 7817, 7819, 7821, 7889, 7933, 7939, 8001, 8019, 8044, 8049, 8097, 8121, 8130, 8135, 8166, 8198, 8225, 8230, 8249, 8266, 8277, 8316, 8351, 8356, 8364, 8380, 8383, 8410, 8449, 8489, 8494, 8547, 8557, 8575, 8678, 8687, 8700, 8721, 8761, 8770, 8796, 8801, 8853, 8921, 8981, 9000, 9053, 9113, 9131, 9161, 9165, 9174, 9204, 9234, 9254, 9266, 9282, 9286, 9321, 9341, 9344, 9391, 9413, 9417, 9421, 9450, 9454, 9470, 9503, 9526, 9541, 9554, 9597, 9606, 9625, 9642, 9690, 9730, 9751, 9812, 9814, 9819, 9835, 9861, 9871, 9892, 9897, 9901, 9919, 9963, 9965, 9982, 9990, 9996, 10007, 10025, 10055, 10090, 10094, 10104, 10106, 10108, 10120, 10137, 10170, 10187, 10192, 10227, 10235, 10245, 10254, 10279, 10293, 10301, 10316, 10348, 10361, 10366, 10535, 10569, 10580, 10582, 10624, 10638, 10677, 10734, 10754, 10771, 10776, 10853, 10868, 10873, 10877, 10884, 10886, 10901, 10926, 10950, 10987, 10992, 11035, 11041, 11071, 11073, 11097, 11102, 11131, 11136, 11158, 11182, 11184, 11194, 11213, 11220, 11246, 11265, 11274, 11278, 11288, 11290, 11294, 11336, 11341, 11346, 11397, 11401, 11462, 11468, 11480, 11482, 11537, 11577, 11583, 11594, 11632, 11644, 11735, 11760, 11782, 11849, 11872, 11880, 11885, 11921, 11928, 11938, 11995, 12006, 12036, 12176, 12236, 12251, 12272, 12288, 12302, 12319, 12325, 12329, 12344, 12360, 12362, 12376, 12407, 12436, 12440, 12496, 12504, 12559, 12646, 12714, 12737, 12739, 12743, 12833, 12840, 12853, 12855, 12881, 12897, 12925, 12946, 12948, 12961, 13065, 13087, 13103, 13159, 13162, 13258, 13281, 13321, 13400, 13432, 13434, 13437, 13452, 13462, 13470, 13500, 13502, 13506, 13552, 13579, 13633, 13698, 13760, 13812, 13840, 13889, 13908, 13919, 13925, 13928, 13969, 13977, 14036, 14040, 14050, 14052, 14114, 14118, 14124, 14129, 14154, 14169, 14180, 14262, 14292, 14294, 14300, 14325, 14386, 14404, 14418, 14429, 14483, 14508, 14544, 14575, 14581, 14621, 14645, 14655, 14685, 14702, 14719, 14730, 14769, 14799, 14808, 14821, 14840, 14881, 14892, 14903, 14912, 14925, 14958, 14962, 14980, 15012, 15022, 15027, 15035, 15056, 15062, 15131, 15143, 15163, 15176, 15194, 15205, 15210, 15235, 15293, 15473, 15477, 15495, 15502, 15512, 15536, 15547, 15567, 15575, 15579, 15584, 15596, 15654, 15693, 15782, 15803, 15819, 15901, 15927, 15968, 15982, 15990, 16006, 16038, 16078, 16080, 16084, 16088, 16098, 16103, 16153, 16155, 16169, 16194, 16215, 16527, 16574, 16648, 16662, 16698, 16792, 16827, 16829, 16833, 16837, 16844, 16858, 16873, 16877, 16888, 16896, 16901, 16912, 16928, 16966, 16970, 16993, 17048, 17085, 17099, 17168, 17181, 17194, 17227, 17241, 17250, 17253, 17358, 17364, 17423, 17446, 17512, 17520, 17536, 17550, 17552, 17562, 17591, 17633, 17639, 17671, 17700, 17715, 17728, 17741, 17751, 17822, 17837, 17881, 17885, 17914, 17922, 17930, 17973, 17975, 18042, 18105, 18126, 18130, 18154, 18173, 18188, 18251, 18277, 18287, 18292, 18322, 18335, 18339, 18344, 18368, 18379, 18395, 18407, 18412, 18430, 18493, 18509, 18530, 18552, 18603, 18605, 18628, 18633, 18666, 18689, 18708, 18711, 18731, 18742, 18780, 18782, 18806, 18811, 18824, 18827, 18845, 18879, 18944, 18947, 18957, 18976, 18999, 19023, 19043, 19046, 19076, 19095, 19106, 19156, 19301, 19324, 19357, 19386, 19413, 19461, 19483, 19510, 19537, 19562, 19565, 19599, 19615, 19657, 19677, 19717, 19733, 19747, 19773, 19802, 19916, 19931, 19943, 19967, 19994, 20019, 20021, 20032, 20038, 20044, 20073, 20090, 20093, 20114, 20121, 20137, 20220, 20225, 20255, 20339, 20367, 20382, 20442, 20467, 20475, 20499, 20545, 20772, 20795, 20851, 20859, 20882, 20894, 20914, 20938, 20958, 20963, 20968, 20996, 21014, 21029, 21041, 21081, 21107, 21158, 21174, 21176, 21193, 21206, 21216, 21245, 21250, 21267, 21305, 21311, 21429, 21472, 21477, 21567, 21581, 21584, 21597, 21624, 21640, 21712, 21714, 21720, 21730, 21789, 21795, 21876, 21887, 21891, 21919, 21930, 21938, 21946, 21957, 21972, 22029, 22055, 22069, 22072, 22104, 22115, 22159, 22162, 22255, 22264, 22288, 22309, 22318, 22343, 22351, 22354, 22369, 22422, 22452, 22455, 22472, 22480, 22500, 22512, 22515, 22524, 22530, 22536, 22538, 22542, 22552, 22597, 22602, 22604, 22609, 22617, 22623, 22667, 22689, 22695, 22711, 22714, 22728, 22755, 22795, 22809, 22814, 22822, 22825, 22837, 22860, 22897, 22940, 22994, 23045, 23078, 23086, 23127, 23146, 23157, 23166, 23188, 23215, 23287, 23294, 23296, 23300, 23359, 23398, 23415, 23472, 23477, 23494, 23506, 23516, 23524, 23601, 23648, 23736, 23840, 23946, 23955, 23999, 24062, 24069, 24078, 24133, 24135, 24147, 24189, 24268, 24284, 24311, 24330, 24334, 24345, 24426, 24445, 24455, 24477, 24504, 24520, 24523, 24526, 24540, 24611, 24624, 24667, 24670, 24678, 24688, 24707, 24714, 24724, 24734, 24770, 24772, 24812, 24857, 24865, 24873, 24888, 24893, 24926, 24995, 25002, 25063, 25084, 25108, 25168, 25239, 25251, 25290, 25293, 25314, 25347, 25403, 25407, 25414, 25424, 25437, 25482, 25514, 25545, 25554, 25559, 25562, 25572, 25630, 25636, 25649, 25657, 25687, 25718, 25721, 25737, 25744, 25752, 25810, 25819, 25828, 25831, 25836, 25909, 25959, 26004, 26008, 26022, 26046, 26093, 26105, 26228, 26234, 26254, 26288, 26308, 26336, 26338, 26425, 26427, 26449, 26466, 26490, 26497, 26502, 26535, 26550, 26552, 26586, 26617, 26622, 26634, 26649, 26668, 26702, 26765, 26768, 26785, 26836, 26843, 26849, 26852, 26888, 26900, 26931, 26943, 26975, 27017, 27020, 27023, 27033, 27091, 27097, 27110, 27132, 27201, 27205, 27220, 27229, 27237, 27248, 27260, 27262, 27284, 27291, 27332, 27334, 27341, 27351, 27425, 27432, 27451, 27475, 27509, 27567, 27690, 27735, 27785, 27789, 27796, 27821, 27833, 27870, 27882, 27894, 27923, 27963, 27969, 27973, 27983, 27991, 28066, 28071, 28096, 28098, 28112, 28169, 28223, 28235, 28269, 28300, 28311, 28366, 28394, 28432, 28449, 28465, 28469, 28520, 28522, 28537, 28544, 28565, 28622, 28627, 28632, 28657, 28676, 28707, 28713, 28735, 28739, 28751, 28773, 28787, 28792, 28845, 28850, 28855, 28882, 28890, 28919, 28950, 28973, 28981, 28988, 29033, 29043, 29070, 29084, 29147, 29159, 29209, 29211, 29213, 29231, 29246, 29291, 29294, 29300, 29302, 29315, 29338, 29356, 29359, 29361, 29365, 29370, 29393, 29400, 29438, 29441, 29471, 29501, 29518, 29555, 29572, 29576, 29585, 29614, 29670, 29695, 29710, 29768, 29787, 29798, 29825, 29830, 29950, 29955, 30034, 30049, 30069, 30077, 30110, 30207, 30255, 30261, 30268, 30284, 30311, 30339, 30341, 30346, 30360, 30410, 30430, 30436, 30482, 30493, 30535, 30554, 30573, 30602, 30606, 30612, 30619, 30756, 30773, 30778, 30791, 30822, 30843, 30868, 30926, 30931, 30939, 30957, 30992, 30999, 31004, 31017, 31038, 31046, 31142, 31144, 31147, 31168, 31179, 31190, 31227, 31231, 31240, 31250, 31287, 31289, 31291, 31515, 31606, 31615, 31645, 31699, 31863, 31914, 31916, 31918, 31921, 31938, 31954, 31956, 31991, 32027, 32099, 32165, 32178, 32233, 32252, 32260, 32296, 32302, 32304, 32316, 32333, 32462, 32481, 32526, 32562, 32576, 32687, 32744, 32758, 32764, 32779, 32809, 32816, 32844, 32851, 32858, 32876, 32898, 32960, 32970, 33025, 33035, 33043, 33064, 33083, 33094, 33096, 33117, 33137, 33180, 33216, 33223, 33255, 33314, 33318, 33333, 33335, 33366, 33369, 33385, 33398, 33412, 33429, 33434, 33452, 33480, 33583, 33587, 33617, 33619, 33641, 33645, 33667, 33697, 33730, 33842, 33882, 33900, 33905, 33928, 34061, 34107, 34166, 34255, 34269, 34286, 34307, 34355, 34383, 34404, 34423, 34425, 34427, 34442, 34486, 34513, 34561, 34575, 34598, 34638, 34645, 34665, 34684, 34757, 34846, 34868, 34878, 34897, 34903, 34925, 34930, 34990, 35092, 35103, 35105, 35108, 35136, 35175, 35192, 35201, 35296, 35358, 35454, 35508, 35521, 35535, 35626, 35637, 35640, 35711, 35723, 35752, 35761, 35766, 35777, 35785, 35813, 35816, 35853, 35860, 35913, 35924, 35948, 35958, 35977, 35983, 36028, 36102, 36112, 36138, 36154, 36156, 36169, 36177, 36187, 36195, 36223, 36255, 36284, 36293, 36339, 36395, 36411, 36415, 36418, 36440, 36455, 36508, 36583, 36631, 36655, 36659, 36668, 36682, 36686, 36699, 36718, 36726, 36753, 36755, 36775, 36777, 36810, 36820, 36822, 36837]","[1160, 2038, 2882, 5244, 8086, 9847, 15879, 19268]",36837,1456,35381,8,1448,35381,0
-1.5,HUMIGERA,"[10, 22, 49, 53, 68, 81, 90, 101, 106, 147, 231, 263, 301, 330, 332, 358, 381, 399, 437, 443, 462, 487, 529, 548, 614, 618, 627, 674, 683, 702, 715, 729, 757, 775, 818, 825, 831, 835, 853, 908, 915, 971, 986, 1016, 1022, 1058, 1060, 1066, 1072, 1084, 1089, 1093, 1097, 1116, 1177, 1261, 1319, 1321, 1323, 1342, 1346, 1403, 1418, 1422, 1425, 1444, 1476, 1479, 1507, 1551, 1582, 1601, 1610, 1664, 1688, 1753, 1789, 1797, 1823, 1825, 1835, 1982, 2015, 2034, 2130, 2141, 2144, 2173, 2235, 2250, 2314, 2358, 2427, 2480, 2489, 2506, 2569, 2574, 2578, 2596, 2604, 2652, 2654, 2713, 2740, 2754, 2770, 2774, 2867, 2912, 2925, 2948, 2965, 3003, 3014, 3036, 3051, 3065, 3075, 3083, 3085, 3102, 3105, 3141, 3177, 3189, 3203, 3253, 3266, 3297, 3309, 3340, 3390, 3396, 3406, 3416, 3444, 3446, 3459, 3465, 3471, 3600, 3683, 3697, 3718, 3737, 3739, 3761, 3818, 3845, 3952, 4000, 4011, 4042, 4070, 4098, 4124, 4253, 4281, 4299, 4317, 4342, 4344, 4365, 4380, 4407, 4443, 4465, 4527, 4644, 4653, 4672, 4758, 4792, 4835, 4892, 4939, 4942, 4971, 4979, 4996, 4998, 5005, 5024, 5037, 5043, 5090, 5105, 5116, 5118, 5136, 5158, 5168, 5172, 5176, 5247, 5264, 5309, 5315, 5359, 5365, 5406, 5409, 5418, 5431, 5438, 5466, 5489, 5622, 5626, 5633, 5635, 5641, 5643, 5681, 5689, 5709, 5755, 5760, 5782, 5807, 5836, 5891, 5898, 5919, 5931, 5948, 6001, 6031, 6038, 6049, 6055, 6068, 6083, 6090, 6119, 6143, 6188, 6250, 6281, 6303, 6362, 6372, 6473, 6533, 6676, 6683, 6710, 6714, 6717, 6725, 6732, 6768, 6951, 6955, 6992, 7001, 7013, 7019, 7023, 7040, 7083, 7126, 7144, 7161, 7165, 7169, 7238, 7275, 7280, 7380, 7400, 7446, 7641]","[1342, 1797, 3105, 5168]","[10, 22, 49, 53, 68, 81, 90, 101, 106, 147, 231, 263, 301, 330, 332, 358, 381, 399, 437, 443, 462, 487, 529, 548, 614, 618, 627, 674, 683, 702, 715, 729, 757, 775, 818, 825, 831, 835, 853, 908, 915, 971, 986, 1016, 1022, 1058, 1060, 1066, 1072, 1084, 1089, 1093, 1097, 1116, 1177, 1261, 1319, 1321, 1323, 1346, 1403, 1418, 1422, 1425, 1444, 1476, 1479, 1507, 1551, 1582, 1601, 1610, 1664, 1688, 1753, 1789, 1823, 1825, 1835, 1982, 2015, 2034, 2130, 2141, 2144, 2173, 2235, 2250, 2314, 2358, 2427, 2480, 2489, 2506, 2569, 2574, 2578, 2596, 2604, 2652, 2654, 2713, 2740, 2754, 2770, 2774, 2867, 2912, 2925, 2948, 2965, 3003, 3014, 3036, 3051, 3065, 3075, 3083, 3085, 3102, 3141, 3177, 3189, 3203, 3253, 3266, 3297, 3309, 3340, 3390, 3396, 3406, 3416, 3444, 3446, 3459, 3465, 3471, 3600, 3683, 3697, 3718, 3737, 3739, 3761, 3818, 3845, 3952, 4000, 4011, 4042, 4070, 4098, 4124, 4253, 4281, 4299, 4317, 4342, 4344, 4365, 4380, 4407, 4443, 4465, 4527, 4644, 4653, 4672, 4758, 4792, 4835, 4892, 4939, 4942, 4971, 4979, 4996, 4998, 5005, 5024, 5037, 5043, 5090, 5105, 5116, 5118, 5136, 5158, 5172, 5176, 5247, 5264, 5309, 5315, 5359, 5365, 5406, 5409, 5418, 5431, 5438, 5466, 5489, 5622, 5626, 5633, 5635, 5641, 5643, 5681, 5689, 5709, 5755, 5760, 5782, 5807, 5836, 5891, 5898, 5919, 5931, 5948, 6001, 6031, 6038, 6049, 6055, 6068, 6083, 6090, 6119, 6143, 6188, 6250, 6281, 6303, 6362, 6372, 6473, 6533, 6676, 6683, 6710, 6714, 6717, 6725, 6732, 6768, 6951, 6955, 6992, 7001, 7013, 7019, 7023, 7040, 7083, 7126, 7144, 7161, 7165, 7169, 7238, 7275, 7280, 7380, 7400, 7446, 7641]","[1342, 1797, 3105, 5168]",7651,274,7377,4,270,7377,0
-1.5,HUMIL2RGA,"[5, 7, 11, 21, 24, 28, 41, 148, 203, 231, 240, 246, 259, 272, 299, 316, 321, 342, 381, 385, 414, 437, 458, 512, 643, 664, 669, 735, 772, 776, 801, 808, 817, 840, 851, 855, 892, 943, 976, 1017, 1128, 1146, 1166, 1188, 1210, 1232, 1260, 1335, 1378, 1426, 1440, 1445, 1476, 1480, 1492, 1498, 1519, 1646, 1733, 1738, 1778, 1784, 1810, 1850, 1859, 1870, 1880, 1884, 1893, 1914, 1941, 1957, 1980, 2035, 2087, 2091, 2103, 2105, 2114, 2144, 2162, 2166, 2176, 2248, 2279, 2281, 2304, 2311, 2336, 2342, 2357, 2402, 2483, 2505, 2552, 2560, 2562, 2567, 2572, 2578, 2583, 2589, 2597, 2621, 2643, 2683, 2718, 2783, 2794, 2823, 2841, 2857, 2870, 2881, 2884, 2906, 2947, 2963, 2966, 2975, 3009, 3013, 3031, 3068, 3091, 3101, 3111, 3126, 3130, 3153, 3158, 3229, 3252, 3278, 3353, 3421, 3423, 3429, 3470, 3478, 3528, 3565, 3586, 3588, 3599, 3612, 3615, 3631, 3654, 3715, 3718, 3742, 3760, 3777, 3781, 3868, 3924, 3929, 3942, 3997, 4016, 4026]","[203, 735, 1128, 1476, 2402, 3031, 3353]","[5, 7, 11, 21, 24, 28, 41, 148, 231, 240, 246, 259, 272, 299, 316, 321, 342, 381, 385, 414, 437, 458, 512, 643, 664, 669, 772, 776, 801, 808, 817, 840, 851, 855, 892, 943, 976, 1017, 1146, 1166, 1188, 1210, 1232, 1260, 1335, 1378, 1426, 1440, 1445, 1480, 1492, 1498, 1519, 1646, 1733, 1738, 1778, 1784, 1810, 1850, 1859, 1870, 1880, 1884, 1893, 1914, 1941, 1957, 1980, 2035, 2087, 2091, 2103, 2105, 2114, 2144, 2162, 2166, 2176, 2248, 2279, 2281, 2304, 2311, 2336, 2342, 2357, 2483, 2505, 2552, 2560, 2562, 2567, 2572, 2578, 2583, 2589, 2597, 2621, 2643, 2683, 2718, 2783, 2794, 2823, 2841, 2857, 2870, 2881, 2884, 2906, 2947, 2963, 2966, 2975, 3009, 3013, 3068, 3091, 3101, 3111, 3126, 3130, 3153, 3158, 3229, 3252, 3278, 3421, 3423, 3429, 3470, 3478, 3528, 3565, 3586, 3588, 3599, 3612, 3615, 3631, 3654, 3715, 3718, 3742, 3760, 3777, 3781, 3868, 3924, 3929, 3942, 3997, 4016, 4026]","[203, 735, 1128, 1476, 2402, 3031, 3353]",4030,162,3868,7,155,3868,0
-1.5,HUMIL4A,"[28, 31, 59, 63, 67, 75, 104, 112, 126, 149, 162, 189, 239, 290, 295, 328, 353, 365, 399, 407, 439, 491, 588, 596, 604, 687, 705, 722, 789, 868, 870, 913, 930, 957, 961, 989, 1006, 1021, 1023, 1041, 1060, 1098, 1112, 1175, 1220, 1248, 1306, 1310, 1344, 1356, 1376, 1395, 1405, 1408, 1412, 1466, 1470, 1486, 1496, 1524, 1529, 1536, 1583, 1599, 1626, 1644, 1680, 1735, 1737, 1762, 1785, 1800, 1823, 1844, 1865, 1907, 1918, 2021, 2072, 2124, 2187, 2265, 2293, 2296, 2326, 2360, 2374, 2444, 2447, 2499, 2509, 2513, 2523, 2693, 2718, 2723, 2726, 2794, 2810, 2812, 2839, 2849, 2931, 2969, 2971, 2973, 2975, 2977, 2979, 2981, 2983, 2985, 2989, 2997, 2999, 3001, 3003, 3007, 3017, 3021, 3025, 3035, 3039, 3045, 3047, 3049, 3051, 3053, 3055, 3057, 3059, 3061, 3063, 3065, 3067, 3069, 3073, 3135, 3147, 3161, 3234, 3254, 3266, 3301, 3303, 3354, 3368, 3380, 3391, 3414, 3425, 3433, 3469, 3507, 3539, 3581, 3708, 3806, 3825, 3858, 3861, 3877, 3959, 3969, 3974, 4015, 4037, 4046, 4052, 4063, 4072, 4089, 4122, 4131, 4139, 4295, 4326, 4335, 4347, 4364, 4392, 4460, 4465, 4483, 4538, 4541, 4571, 4602, 4609, 4740, 4771, 4808, 4830, 4837, 4906, 4957, 4997, 5071, 5081, 5094, 5160, 5176, 5184, 5190, 5212, 5346, 5354, 5426, 5432, 5439, 5457, 5486, 5499, 5501, 5549, 5558, 5564, 5595, 5634, 5714, 5720, 5731, 5734, 5746, 5766, 5803, 5823, 5902, 5923, 5952, 5982, 6048, 6203, 6257, 6296, 6332, 6427, 6460, 6483, 6490, 6503, 6525, 6557, 6600, 6622, 6639, 6652, 6658, 6662, 6683, 6702, 6706, 6807, 6865, 6914, 7003, 7015, 7037, 7047, 7098, 7131, 7152, 7159, 7171, 7182, 7184, 7239, 7256, 7274, 7281, 7319, 7350, 7433, 7472, 7486, 7498, 7500, 7514, 7518, 7525, 7574, 7617, 7633, 7646, 7650, 7661, 7666, 7709, 7726, 7748, 7753, 7779, 7796, 7818, 7823, 7849, 7866, 7888, 7893, 7915, 7971, 7974, 7981, 8041, 8045, 8093, 8122, 8129, 8135, 8140, 8159, 8165, 8179, 8188, 8208, 8316, 8355, 8362, 8384, 8391, 8407, 8430, 8437, 8446, 8461, 8466, 8490, 8512, 8523, 8558, 8578, 8605, 8675, 8678, 8686, 8706, 8713, 8726, 8747, 8752, 8814, 8824, 8845, 8884, 8911, 8927, 9000, 9058, 9088, 9114, 9125, 9161, 9169, 9229, 9246, 9262, 9282, 9292, 9310, 9369, 9375, 9382, 9398, 9400, 9407, 9442, 9461, 9501, 9508, 9516, 9530, 9603, 9622, 9626, 9680, 9682, 9733, 9767, 9801, 9836]","[1306, 1626, 7003]","[28, 31, 59, 63, 67, 75, 104, 112, 126, 149, 162, 189, 239, 290, 295, 328, 353, 365, 399, 407, 439, 491, 588, 596, 604, 687, 705, 722, 789, 868, 870, 913, 930, 957, 961, 989, 1006, 1021, 1023, 1041, 1060, 1098, 1112, 1175, 1220, 1248, 1310, 1344, 1356, 1376, 1395, 1405, 1408, 1412, 1466, 1470, 1486, 1496, 1524, 1529, 1536, 1583, 1599, 1644, 1680, 1735, 1737, 1762, 1785, 1800, 1823, 1844, 1865, 1907, 1918, 2021, 2072, 2124, 2187, 2265, 2293, 2296, 2326, 2360, 2374, 2444, 2447, 2499, 2509, 2513, 2523, 2693, 2718, 2723, 2726, 2794, 2810, 2812, 2839, 2849, 2931, 2969, 2971, 2973, 2975, 2977, 2979, 2981, 2983, 2985, 2989, 2997, 2999, 3001, 3003, 3007, 3017, 3021, 3025, 3035, 3039, 3045, 3047, 3049, 3051, 3053, 3055, 3057, 3059, 3061, 3063, 3065, 3067, 3069, 3073, 3135, 3147, 3161, 3234, 3254, 3266, 3301, 3303, 3354, 3368, 3380, 3391, 3414, 3425, 3433, 3469, 3507, 3539, 3581, 3708, 3806, 3825, 3858, 3861, 3877, 3959, 3969, 3974, 4015, 4037, 4046, 4052, 4063, 4072, 4089, 4122, 4131, 4139, 4295, 4326, 4335, 4347, 4364, 4392, 4460, 4465, 4483, 4538, 4541, 4571, 4602, 4609, 4740, 4771, 4808, 4830, 4837, 4906, 4957, 4997, 5071, 5081, 5094, 5160, 5176, 5184, 5190, 5212, 5346, 5354, 5426, 5432, 5439, 5457, 5486, 5499, 5501, 5549, 5558, 5564, 5595, 5634, 5714, 5720, 5731, 5734, 5746, 5766, 5803, 5823, 5902, 5923, 5952, 5982, 6048, 6203, 6257, 6296, 6332, 6427, 6460, 6483, 6490, 6503, 6525, 6557, 6600, 6622, 6639, 6652, 6658, 6662, 6683, 6702, 6706, 6807, 6865, 6914, 7015, 7037, 7047, 7098, 7131, 7152, 7159, 7171, 7182, 7184, 7239, 7256, 7274, 7281, 7319, 7350, 7433, 7472, 7486, 7498, 7500, 7514, 7518, 7525, 7574, 7617, 7633, 7646, 7650, 7661, 7666, 7709, 7726, 7748, 7753, 7779, 7796, 7818, 7823, 7849, 7866, 7888, 7893, 7915, 7971, 7974, 7981, 8041, 8045, 8093, 8122, 8129, 8135, 8140, 8159, 8165, 8179, 8188, 8208, 8316, 8355, 8362, 8384, 8391, 8407, 8430, 8437, 8446, 8461, 8466, 8490, 8512, 8523, 8558, 8578, 8605, 8675, 8678, 8686, 8706, 8713, 8726, 8747, 8752, 8814, 8824, 8845, 8884, 8911, 8927, 9000, 9058, 9088, 9114, 9125, 9161, 9169, 9229, 9246, 9262, 9282, 9292, 9310, 9369, 9375, 9382, 9398, 9400, 9407, 9442, 9461, 9501, 9508, 9516, 9530, 9603, 9622, 9626, 9680, 9682, 9733, 9767, 9801, 9836]","[1306, 1626, 7003]",9892,380,9512,3,377,9512,0
-1.5,HUMIRBPG,"[97, 121, 142, 153, 157, 167, 208, 226, 341, 343, 358, 388, 499, 509, 514, 529, 553, 580, 589, 591, 622, 655, 712, 772, 786, 791, 805, 808, 838, 886, 889, 945, 964, 970, 978, 995, 1011, 1027, 1037, 1039, 1111, 1132, 1156, 1163, 1165, 1210, 1213, 1231, 1263, 1285, 1357, 1402, 1420, 1422, 1426, 1441, 1487, 1491, 1516, 1518, 1591, 1636, 1730, 1735, 1737, 1779, 1819, 1823, 1861, 1903, 1909, 1949, 1952, 1957, 1960, 1975, 2011, 2044, 2092, 2095, 2108, 2155, 2203, 2205, 2251, 2254, 2338, 2395, 2404, 2419, 2428, 2443, 2461, 2553, 2584, 2593, 2611, 2669, 2725, 2761, 2776, 2825, 2858, 2860, 2878, 2917, 2927, 2935, 2944, 2968, 3026, 3049, 3061, 3169, 3181, 3221, 3256, 3263, 3267, 3312, 3355, 3366, 3382, 3400, 3404, 3412, 3467, 3500, 3543, 3550, 3554, 3556, 3575, 3579, 3603, 3610, 3631, 3693, 3696, 3708, 3757, 3776, 3801, 3837, 3841, 3861, 3901, 3945, 3948, 3995, 4037, 4053, 4070, 4074, 4079, 4084, 4112, 4185, 4206, 4238, 4246, 4267, 4321, 4331, 4337, 4344, 4397, 4408, 4422, 4429, 4464, 4466, 4496, 4542, 4548, 4554, 4580, 4587, 4599, 4606, 4612, 4640, 4665, 4672, 4677, 4686, 4736, 4740, 4795, 4802, 4836, 4860, 4893, 4944, 4981, 5020, 5049, 5058, 5069, 5086, 5101, 5157, 5161, 5171, 5175, 5212, 5252, 5330, 5340, 5356, 5378, 5389, 5426, 5439, 5556, 5568, 5572, 5575, 5577, 5579, 5607, 5609, 5648, 5660, 5750, 5792, 5800, 5838, 5845, 5853, 5866, 5904, 5935, 5970, 5986, 5996, 6057, 6067, 6075, 6085, 6145, 6147, 6180, 6303, 6337, 6349, 6404, 6439, 6463, 6471, 6558, 6565, 6592, 6596, 6648, 6673, 6693, 6722, 6741, 6766, 6975, 7017, 7028, 7056, 7126, 7130, 7153, 7156, 7160, 7164, 7189, 7232, 7234, 7238, 7244, 7250, 7261, 7322, 7360, 7371, 7390, 7415, 7429, 7439, 7543, 7555, 7564, 7586, 7609, 7656, 7724, 7755, 7759, 7776, 7818, 7820, 7826, 7868, 7889, 7924, 7926, 7948, 8094, 8107, 8115, 8124, 8126, 8131, 8140, 8142, 8147, 8224, 8276, 8348, 8359, 8367, 8424, 8435, 8440, 8444, 8450, 8497, 8534, 8563, 8622, 8627, 8638, 8713, 8723, 8766, 8795, 8811, 8813, 8873, 8885, 8892, 8924, 8969, 9002, 9008, 9020, 9086, 9118, 9193, 9208, 9244, 9249, 9262, 9266, 9288, 9308, 9312, 9322, 9367, 9381, 9393, 9396, 9450, 9550, 9663, 9666, 9678, 9683, 9691, 9705]","[3181, 5157, 7160]","[97, 121, 142, 153, 157, 167, 208, 226, 341, 343, 358, 388, 499, 509, 514, 529, 553, 580, 589, 591, 622, 655, 712, 772, 786, 791, 805, 808, 838, 886, 889, 945, 964, 970, 978, 995, 1011, 1027, 1037, 1039, 1111, 1132, 1156, 1163, 1165, 1210, 1213, 1231, 1263, 1285, 1357, 1402, 1420, 1422, 1426, 1441, 1487, 1491, 1516, 1518, 1591, 1636, 1730, 1735, 1737, 1779, 1819, 1823, 1861, 1903, 1909, 1949, 1952, 1957, 1960, 1975, 2011, 2044, 2092, 2095, 2108, 2155, 2203, 2205, 2251, 2254, 2338, 2395, 2404, 2419, 2428, 2443, 2461, 2553, 2584, 2593, 2611, 2669, 2725, 2761, 2776, 2825, 2858, 2860, 2878, 2917, 2927, 2935, 2944, 2968, 3026, 3049, 3061, 3169, 3221, 3256, 3263, 3267, 3312, 3355, 3366, 3382, 3400, 3404, 3412, 3467, 3500, 3543, 3550, 3554, 3556, 3575, 3579, 3603, 3610, 3631, 3693, 3696, 3708, 3757, 3776, 3801, 3837, 3841, 3861, 3901, 3945, 3948, 3995, 4037, 4053, 4070, 4074, 4079, 4084, 4112, 4185, 4206, 4238, 4246, 4267, 4321, 4331, 4337, 4344, 4397, 4408, 4422, 4429, 4464, 4466, 4496, 4542, 4548, 4554, 4580, 4587, 4599, 4606, 4612, 4640, 4665, 4672, 4677, 4686, 4736, 4740, 4795, 4802, 4836, 4860, 4893, 4944, 4981, 5020, 5049, 5058, 5069, 5086, 5101, 5161, 5171, 5175, 5212, 5252, 5330, 5340, 5356, 5378, 5389, 5426, 5439, 5556, 5568, 5572, 5575, 5577, 5579, 5607, 5609, 5648, 5660, 5750, 5792, 5800, 5838, 5845, 5853, 5866, 5904, 5935, 5970, 5986, 5996, 6057, 6067, 6075, 6085, 6145, 6147, 6180, 6303, 6337, 6349, 6404, 6439, 6463, 6471, 6558, 6565, 6592, 6596, 6648, 6673, 6693, 6722, 6741, 6766, 6975, 7017, 7028, 7056, 7126, 7130, 7153, 7156, 7164, 7189, 7232, 7234, 7238, 7244, 7250, 7261, 7322, 7360, 7371, 7390, 7415, 7429, 7439, 7543, 7555, 7564, 7586, 7609, 7656, 7724, 7755, 7759, 7776, 7818, 7820, 7826, 7868, 7889, 7924, 7926, 7948, 8094, 8107, 8115, 8124, 8126, 8131, 8140, 8142, 8147, 8224, 8276, 8348, 8359, 8367, 8424, 8435, 8440, 8444, 8450, 8497, 8534, 8563, 8622, 8627, 8638, 8713, 8723, 8766, 8795, 8811, 8813, 8873, 8885, 8892, 8924, 8969, 9002, 9008, 9020, 9086, 9118, 9193, 9208, 9244, 9249, 9262, 9266, 9288, 9308, 9312, 9322, 9367, 9381, 9393, 9396, 9450, 9550, 9663, 9666, 9678, 9683, 9691, 9705]","[3181, 5157, 7160]",9703,365,9338,3,362,9338,0
-1.5,HUMLHDC,"[12, 19, 88, 91, 101, 134, 160, 166, 258, 262, 304, 309, 354, 384, 386, 449, 451, 458, 477, 501, 522, 536, 604, 609, 648, 654, 681, 697, 727, 736, 747, 757, 766, 770, 791, 818, 820, 843, 860, 874, 925, 931, 941, 965, 990, 1011, 1031, 1075, 1135, 1188, 1193, 1195, 1273, 1288, 1306, 1311, 1326, 1369, 1382, 1396, 1435, 1456, 1462, 1481, 1483, 1506, 1551, 1553, 1635, 1637, 1654, 1662, 1666, 1697, 1727, 1763, 1769, 1792, 1804, 1809, 1865, 1883, 1925, 1950, 1955, 2026, 2083, 2094, 2117, 2138, 2165, 2194, 2219, 2255, 2285, 2314, 2327, 2342, 2371, 2388, 2500, 2510, 2512, 2546, 2549, 2555, 2562, 2619, 2628, 2753, 2782, 2794, 2802, 2859, 2910, 2936, 3010, 3070, 3086, 3092, 3112, 3300, 3419, 3529, 3546, 3551, 3564, 3595, 3633, 3697, 3702, 3735, 3741, 3766, 3785, 3812, 3820, 3876, 3912, 3927, 3933, 3959, 3963, 4086, 4123, 4127, 4192, 4427, 4434, 4436, 4456, 4470, 4472, 4520, 4533, 4592, 4598, 4641, 4817, 4869, 4876, 4897, 4919, 4925, 4929, 4935, 4973, 5063, 5075, 5077, 5116, 5146, 5190, 5212, 5217, 5225, 5291, 5295, 5302, 5315, 5327, 5330, 5415, 5459, 5520, 5524, 5561, 5574, 5594, 5597, 5691, 5714, 5735, 5778, 5781, 5794, 5797, 5813, 5821, 5833, 5881, 5931, 5958, 5970, 6016, 6047, 6082, 6095, 6126, 6140, 6147, 6172, 6207, 6217, 6230, 6251, 6257, 6289, 6295, 6432, 6434, 6468, 6492, 6510, 6513, 6593, 6601, 6661, 6671, 6703, 6712, 6726, 6763, 6793, 6800, 6821, 6870, 6933, 6969, 6989, 7010, 7082, 7090, 7138, 7150, 7185, 7234, 7283, 7347, 7357, 7401, 7415, 7475, 7479, 7493, 7498, 7536, 7574, 7585, 7587, 7657, 7775, 7819, 7821, 7874, 7878, 7889, 7906, 7909, 7949, 7953, 8022, 8024, 8028, 8060, 8075, 8081, 8100, 8137, 8144, 8149, 8171, 8200, 8208, 8238, 8277, 8281, 8345, 8363, 8379, 8401, 8485, 8579, 8610, 8624, 8658, 8671, 8674, 8690, 8720, 8722, 8728, 8814, 8871, 8890, 8894, 8896, 8898, 8902, 8992, 9016, 9047, 9071, 9169, 9172, 9241, 9246, 9285, 9317, 9363, 9372, 9382, 9392, 9396, 9405, 9424, 9451, 9478, 9511, 9550, 9560, 9611, 9628, 9641, 9654, 9656, 9668, 9705, 9773, 9783, 9823, 9827, 9830, 9856, 9925, 9947, 9954, 9982, 9997, 10059, 10061, 10081, 10089, 10120, 10122, 10127, 10150, 10153, 10156, 10192, 10197, 10199, 10230, 10261, 10269, 10274, 10292, 10326, 10331, 10400, 10415, 10421, 10486, 10489, 10512, 10530, 10544, 10564, 10584, 10595, 10635, 10698, 10710, 10717, 10761, 10782, 10795, 10799, 10809, 10843, 10870, 10918, 10949, 10988, 11022, 11053, 11067, 11143, 11156, 11183, 11215, 11221, 11294, 11321, 11346, 11400, 11423, 11444, 11471, 11473, 11581, 11591, 11645, 11652, 11674, 11685, 11703, 11713, 11761, 11765, 11770, 11774, 11797, 11801, 11886, 11905, 11919, 11932, 11944, 12004, 12033, 12131, 12187, 12209, 12211, 12234, 12252, 12256, 12258, 12272, 12285, 12321, 12323, 12342, 12347, 12354, 12358, 12386, 12389, 12416, 12435, 12449, 12454, 12464, 12469, 12471, 12498, 12504, 12597, 12607, 12625, 12635, 12639, 12644, 12700, 12703, 12713, 12744, 12756, 12763, 12788, 12834, 12837, 12847, 12906, 12947, 12953, 13017, 13021, 13049, 13062, 13074, 13087, 13102, 13158, 13182, 13186, 13188, 13195, 13241, 13246, 13302, 13319, 13343, 13365, 13375, 13393, 13467, 13575, 13584, 13608, 13628, 13649, 13676, 13743, 13768, 13798, 13823, 13880, 13885, 13924, 13956, 14004, 14013, 14024, 14034, 14047, 14066, 14093, 14169, 14173, 14188, 14217, 14223, 14226, 14314, 14329, 14337, 14379, 14381, 14398, 14423, 14461, 14472, 14491, 14494, 14605, 14609, 14621, 14643, 14656, 14685, 14791, 14807, 14811, 14895, 14907, 14911, 14959, 14967, 14975, 15039, 15091, 15093, 15095, 15099, 15103, 15113, 15171, 15299, 15310, 15330, 15390, 15403, 15417, 15430, 15435, 15475, 15477, 15497, 15508, 15584, 15624, 15700, 15769, 15824, 15840, 15874, 15886, 15896, 15950, 15970, 16003, 16044, 16072, 16075, 16085, 16099, 16124, 16129, 16227, 16240, 16252, 16327, 16364, 16369, 16376, 16382, 16409, 16447, 16460, 16488, 16490, 16526, 16577, 16651, 16670, 16722, 16729, 16774, 16781, 16920, 16925, 16934, 16944, 16986, 16988, 17017, 17022, 17033, 17048, 17055, 17085, 17125, 17145, 17150, 17221, 17237, 17239, 17279, 17290, 17313, 17348, 17363, 17443, 17467, 17499, 17501, 17536, 17540, 17581, 17614, 17628, 17682, 17771, 17782, 17816, 17882, 17965, 17971, 17980, 17995, 18002, 18039, 18077, 18079, 18091, 18253, 18257, 18318, 18361, 18382, 18413, 18417, 18464, 18468, 18478, 18519, 18552, 18587, 18619, 18625, 18650, 18663, 18677, 18698, 18770, 18782, 18786, 18827, 18855, 18859, 18887, 18900, 18919, 18932, 18953, 18957, 18985, 19000, 19019, 19023, 19059, 19067, 19089, 19108, 19118, 19140, 19155, 19164, 19168, 19171, 19194, 19217, 19245, 19249, 19272, 19276, 19292, 19312, 19316, 19329, 19362, 19419, 19452, 19461, 19497, 19500, 19502, 19511, 19518, 19553, 19568, 19588, 19630, 19632, 19687, 19692, 19802, 19809, 19829, 19835, 19852, 19884, 19902, 19921, 19931, 19951, 20075, 20118, 20123, 20137, 20143, 20153, 20195, 20204, 20213, 20231, 20264, 20274, 20287, 20294, 20300, 20304, 20306, 20392, 20403, 20426, 20428, 20464, 20482, 20486, 20508, 20518, 20525, 20534, 20540, 20559, 20564, 20628, 20638, 20646, 20672, 20710, 20712, 20774, 20804, 20841, 20857, 20917, 20930, 20933, 20936, 20955, 20957, 20962, 21088, 21118, 21156, 21188, 21206, 21260, 21305, 21332, 21349, 21359, 21399, 21414, 21435, 21487, 21501, 21519, 21524, 21545, 21547, 21570, 21572, 21579, 21593, 21602, 21640, 21649, 21652, 21661, 21665, 21685, 21687, 21718, 21720, 21734, 21748, 21766, 21813, 21842, 21854, 21856, 21867, 21883, 21894, 21923, 22046, 22066, 22069, 22090, 22114, 22140, 22196, 22219, 22223, 22236, 22238, 22264, 22266, 22274, 22325, 22351, 22386, 22402, 22435, 22441, 22581, 22659, 22741, 22844, 22855, 22928, 22943, 22985, 23008, 23033, 23070, 23108, 23120, 23130, 23228, 23246, 23293, 23414, 23428, 23450, 23457, 23463, 23475, 23496, 23517, 23555, 23571, 23584, 23600, 23619, 23667, 23696, 23701, 23756, 23789, 23816, 23864, 23866, 23871, 23882, 23912, 23919, 24017, 24054, 24059, 24074, 24086, 24116, 24133, 24137, 24224, 24232, 24296, 24311, 24318, 24340, 24357, 24380, 24388, 24447, 24453, 24517, 24549, 24593, 24614, 24618, 24626, 24636, 24657, 24666, 24670, 24683, 24698, 24732, 24767, 24769, 24774, 24780, 24782, 24887, 24909, 24929, 24941, 24946, 24970, 24985, 24987, 24989, 24991, 25000, 25034, 25106, 25119, 25206, 25211, 25233, 25246, 25366, 25369, 25405, 25407, 25450, 25476, 25479, 25488, 25548, 25563, 25567, 25569, 25574, 25595, 25614, 25622, 25656, 25685, 25698, 25734, 25763, 25846, 25865, 25889, 25895, 25905, 25922, 25972, 25980, 25984, 25998, 26011, 26066, 26102, 26105, 26119, 26123, 26129, 26136, 26163, 26184, 26218, 26391, 26430, 26488, 26511, 26543, 26636, 26660, 26714, 26723, 26726, 26756, 26909, 26948, 27031, 27053, 27058, 27061, 27104, 27130, 27175, 27184, 27195, 27205, 27214, 27266, 27389, 27410, 27421, 27550, 27563, 27596, 27613, 27625, 27642, 27653, 27672, 27699, 27729, 27752, 27789, 27794, 27808, 27814, 27823, 27830, 27877, 27882, 27902, 27923, 27930, 27943, 27957, 28001, 28003, 28007, 28034, 28067, 28086, 28088, 28104, 28133, 28162, 28177, 28191, 28207, 28219, 28224, 28292, 28321, 28334, 28343, 28386, 28399, 28411, 28446, 28459, 28462, 28468, 28472, 28493, 28499, 28537, 28550, 28565, 28577, 28579, 28633, 28671, 28675, 28785, 28789, 28799, 28843, 28855, 28897, 28923, 28947, 28957, 28980, 28983, 28985, 29038, 29053, 29075, 29088, 29112, 29144, 29151, 29161, 29174, 29183, 29233, 29316, 29345, 29356, 29379, 29411, 29456, 29467, 29564, 29584, 29602, 29628, 29672, 29704, 29755, 29773, 29798, 29812, 29815, 29869, 29931, 29993, 30012, 30091, 30100, 30123, 30151, 30169, 30185, 30189, 30193, 30247, 30249, 30259, 30383, 30387, 30408, 30430, 30432, 30438, 30442, 30474, 30498, 30515, 30547, 30610, 30648, 30674, 30700, 30717, 30730, 30732, 30742, 30854, 30862, 30867, 30871, 30888, 30905, 30908, 30917, 30976, 31013, 31033, 31060, 31070, 31080, 31102, 31108, 31137, 31151, 31179, 31191, 31239, 31264, 31275, 31305, 31332, 31391, 31403, 31406, 31421, 31426, 31433, 31462, 31491, 31519, 31526, 31550, 31558, 31578, 31621, 31630, 31654, 31657, 31663, 31678, 31690, 31702, 31734, 31745, 31755, 31819, 31843, 31856, 31866, 31868, 31874, 31900, 31944, 31949, 32020, 32046, 32122, 32146, 32156, 32160, 32165, 32168, 32236, 32252, 32302, 32310, 32325, 32346]","[7415, 9773, 14605, 15584, 18382, 18782, 19312, 20300, 20482, 24666, 29773]","[12, 19, 88, 91, 101, 134, 160, 166, 258, 262, 304, 309, 354, 384, 386, 449, 451, 458, 477, 501, 522, 536, 604, 609, 648, 654, 681, 697, 727, 736, 747, 757, 766, 770, 791, 818, 820, 843, 860, 874, 925, 931, 941, 965, 990, 1011, 1031, 1075, 1135, 1188, 1193, 1195, 1273, 1288, 1306, 1311, 1326, 1369, 1382, 1396, 1435, 1456, 1462, 1481, 1483, 1506, 1551, 1553, 1635, 1637, 1654, 1662, 1666, 1697, 1727, 1763, 1769, 1792, 1804, 1809, 1865, 1883, 1925, 1950, 1955, 2026, 2083, 2094, 2117, 2138, 2165, 2194, 2219, 2255, 2285, 2314, 2327, 2342, 2371, 2388, 2500, 2510, 2512, 2546, 2549, 2555, 2562, 2619, 2628, 2753, 2782, 2794, 2802, 2859, 2910, 2936, 3010, 3070, 3086, 3092, 3112, 3300, 3419, 3529, 3546, 3551, 3564, 3595, 3633, 3697, 3702, 3735, 3741, 3766, 3785, 3812, 3820, 3876, 3912, 3927, 3933, 3959, 3963, 4086, 4123, 4127, 4192, 4427, 4434, 4436, 4456, 4470, 4472, 4520, 4533, 4592, 4598, 4641, 4817, 4869, 4876, 4897, 4919, 4925, 4929, 4935, 4973, 5063, 5075, 5077, 5116, 5146, 5190, 5212, 5217, 5225, 5291, 5295, 5302, 5315, 5327, 5330, 5415, 5459, 5520, 5524, 5561, 5574, 5594, 5597, 5691, 5714, 5735, 5778, 5781, 5794, 5797, 5813, 5821, 5833, 5881, 5931, 5958, 5970, 6016, 6047, 6082, 6095, 6126, 6140, 6147, 6172, 6207, 6217, 6230, 6251, 6257, 6289, 6295, 6432, 6434, 6468, 6492, 6510, 6513, 6593, 6601, 6661, 6671, 6703, 6712, 6726, 6763, 6793, 6800, 6821, 6870, 6933, 6969, 6989, 7010, 7082, 7090, 7138, 7150, 7185, 7234, 7283, 7347, 7357, 7401, 7475, 7479, 7493, 7498, 7536, 7574, 7585, 7587, 7657, 7775, 7819, 7821, 7874, 7878, 7889, 7906, 7909, 7949, 7953, 8022, 8024, 8028, 8060, 8075, 8081, 8100, 8137, 8144, 8149, 8171, 8200, 8208, 8238, 8277, 8281, 8345, 8363, 8379, 8401, 8485, 8579, 8610, 8624, 8658, 8671, 8674, 8690, 8720, 8722, 8728, 8814, 8871, 8890, 8894, 8896, 8898, 8902, 8992, 9016, 9047, 9071, 9169, 9172, 9241, 9246, 9285, 9317, 9363, 9372, 9382, 9392, 9396, 9405, 9424, 9451, 9478, 9511, 9550, 9560, 9611, 9628, 9641, 9654, 9656, 9668, 9705, 9783, 9823, 9827, 9830, 9856, 9925, 9947, 9954, 9982, 9997, 10059, 10061, 10081, 10089, 10120, 10122, 10127, 10150, 10153, 10156, 10192, 10197, 10199, 10230, 10261, 10269, 10274, 10292, 10326, 10331, 10400, 10415, 10421, 10486, 10489, 10512, 10530, 10544, 10564, 10584, 10595, 10635, 10698, 10710, 10717, 10761, 10782, 10795, 10799, 10809, 10843, 10870, 10918, 10949, 10988, 11022, 11053, 11067, 11143, 11156, 11183, 11215, 11221, 11294, 11321, 11346, 11400, 11423, 11444, 11471, 11473, 11581, 11591, 11645, 11652, 11674, 11685, 11703, 11713, 11761, 11765, 11770, 11774, 11797, 11801, 11886, 11905, 11919, 11932, 11944, 12004, 12033, 12131, 12187, 12209, 12211, 12234, 12252, 12256, 12258, 12272, 12285, 12321, 12323, 12342, 12347, 12354, 12358, 12386, 12389, 12416, 12435, 12449, 12454, 12464, 12469, 12471, 12498, 12504, 12597, 12607, 12625, 12635, 12639, 12644, 12700, 12703, 12713, 12744, 12756, 12763, 12788, 12834, 12837, 12847, 12906, 12947, 12953, 13017, 13021, 13049, 13062, 13074, 13087, 13102, 13158, 13182, 13186, 13188, 13195, 13241, 13246, 13302, 13319, 13343, 13365, 13375, 13393, 13467, 13575, 13584, 13608, 13628, 13649, 13676, 13743, 13768, 13798, 13823, 13880, 13885, 13924, 13956, 14004, 14013, 14024, 14034, 14047, 14066, 14093, 14169, 14173, 14188, 14217, 14223, 14226, 14314, 14329, 14337, 14379, 14381, 14398, 14423, 14461, 14472, 14491, 14494, 14609, 14621, 14643, 14656, 14685, 14791, 14807, 14811, 14895, 14907, 14911, 14959, 14967, 14975, 15039, 15091, 15093, 15095, 15099, 15103, 15113, 15171, 15299, 15310, 15330, 15390, 15403, 15417, 15430, 15435, 15475, 15477, 15497, 15508, 15624, 15700, 15769, 15824, 15840, 15874, 15886, 15896, 15950, 15970, 16003, 16044, 16072, 16075, 16085, 16099, 16124, 16129, 16227, 16240, 16252, 16327, 16364, 16369, 16376, 16382, 16409, 16447, 16460, 16488, 16490, 16526, 16577, 16651, 16670, 16722, 16729, 16774, 16781, 16920, 16925, 16934, 16944, 16986, 16988, 17017, 17022, 17033, 17048, 17055, 17085, 17125, 17145, 17150, 17221, 17237, 17239, 17279, 17290, 17313, 17348, 17363, 17443, 17467, 17499, 17501, 17536, 17540, 17581, 17614, 17628, 17682, 17771, 17782, 17816, 17882, 17965, 17971, 17980, 17995, 18002, 18039, 18077, 18079, 18091, 18253, 18257, 18318, 18361, 18413, 18417, 18464, 18468, 18478, 18519, 18552, 18587, 18619, 18625, 18650, 18663, 18677, 18698, 18770, 18786, 18827, 18855, 18859, 18887, 18900, 18919, 18932, 18953, 18957, 18985, 19000, 19019, 19023, 19059, 19067, 19089, 19108, 19118, 19140, 19155, 19164, 19168, 19171, 19194, 19217, 19245, 19249, 19272, 19276, 19292, 19316, 19329, 19362, 19419, 19452, 19461, 19497, 19500, 19502, 19511, 19518, 19553, 19568, 19588, 19630, 19632, 19687, 19692, 19802, 19809, 19829, 19835, 19852, 19884, 19902, 19921, 19931, 19951, 20075, 20118, 20123, 20137, 20143, 20153, 20195, 20204, 20213, 20231, 20264, 20274, 20287, 20294, 20304, 20306, 20392, 20403, 20426, 20428, 20464, 20486, 20508, 20518, 20525, 20534, 20540, 20559, 20564, 20628, 20638, 20646, 20672, 20710, 20712, 20774, 20804, 20841, 20857, 20917, 20930, 20933, 20936, 20955, 20957, 20962, 21088, 21118, 21156, 21188, 21206, 21260, 21305, 21332, 21349, 21359, 21399, 21414, 21435, 21487, 21501, 21519, 21524, 21545, 21547, 21570, 21572, 21579, 21593, 21602, 21640, 21649, 21652, 21661, 21665, 21685, 21687, 21718, 21720, 21734, 21748, 21766, 21813, 21842, 21854, 21856, 21867, 21883, 21894, 21923, 22046, 22066, 22069, 22090, 22114, 22140, 22196, 22219, 22223, 22236, 22238, 22264, 22266, 22274, 22325, 22351, 22386, 22402, 22435, 22441, 22581, 22659, 22741, 22844, 22855, 22928, 22943, 22985, 23008, 23033, 23070, 23108, 23120, 23130, 23228, 23246, 23293, 23414, 23428, 23450, 23457, 23463, 23475, 23496, 23517, 23555, 23571, 23584, 23600, 23619, 23667, 23696, 23701, 23756, 23789, 23816, 23864, 23866, 23871, 23882, 23912, 23919, 24017, 24054, 24059, 24074, 24086, 24116, 24133, 24137, 24224, 24232, 24296, 24311, 24318, 24340, 24357, 24380, 24388, 24447, 24453, 24517, 24549, 24593, 24614, 24618, 24626, 24636, 24657, 24670, 24683, 24698, 24732, 24767, 24769, 24774, 24780, 24782, 24887, 24909, 24929, 24941, 24946, 24970, 24985, 24987, 24989, 24991, 25000, 25034, 25106, 25119, 25206, 25211, 25233, 25246, 25366, 25369, 25405, 25407, 25450, 25476, 25479, 25488, 25548, 25563, 25567, 25569, 25574, 25595, 25614, 25622, 25656, 25685, 25698, 25734, 25763, 25846, 25865, 25889, 25895, 25905, 25922, 25972, 25980, 25984, 25998, 26011, 26066, 26102, 26105, 26119, 26123, 26129, 26136, 26163, 26184, 26218, 26391, 26430, 26488, 26511, 26543, 26636, 26660, 26714, 26723, 26726, 26756, 26909, 26948, 27031, 27053, 27058, 27061, 27104, 27130, 27175, 27184, 27195, 27205, 27214, 27266, 27389, 27410, 27421, 27550, 27563, 27596, 27613, 27625, 27642, 27653, 27672, 27699, 27729, 27752, 27789, 27794, 27808, 27814, 27823, 27830, 27877, 27882, 27902, 27923, 27930, 27943, 27957, 28001, 28003, 28007, 28034, 28067, 28086, 28088, 28104, 28133, 28162, 28177, 28191, 28207, 28219, 28224, 28292, 28321, 28334, 28343, 28386, 28399, 28411, 28446, 28459, 28462, 28468, 28472, 28493, 28499, 28537, 28550, 28565, 28577, 28579, 28633, 28671, 28675, 28785, 28789, 28799, 28843, 28855, 28897, 28923, 28947, 28957, 28980, 28983, 28985, 29038, 29053, 29075, 29088, 29112, 29144, 29151, 29161, 29174, 29183, 29233, 29316, 29345, 29356, 29379, 29411, 29456, 29467, 29564, 29584, 29602, 29628, 29672, 29704, 29755, 29798, 29812, 29815, 29869, 29931, 29993, 30012, 30091, 30100, 30123, 30151, 30169, 30185, 30189, 30193, 30247, 30249, 30259, 30383, 30387, 30408, 30430, 30432, 30438, 30442, 30474, 30498, 30515, 30547, 30610, 30648, 30674, 30700, 30717, 30730, 30732, 30742, 30854, 30862, 30867, 30871, 30888, 30905, 30908, 30917, 30976, 31013, 31033, 31060, 31070, 31080, 31102, 31108, 31137, 31151, 31179, 31191, 31239, 31264, 31275, 31305, 31332, 31391, 31403, 31406, 31421, 31426, 31433, 31462, 31491, 31519, 31526, 31550, 31558, 31578, 31621, 31630, 31654, 31657, 31663, 31678, 31690, 31702, 31734, 31745, 31755, 31819, 31843, 31856, 31866, 31868, 31874, 31900, 31944, 31949, 32020, 32046, 32122, 32146, 32156, 32160, 32165, 32168, 32236, 32252, 32302, 32310, 32325, 32346]","[7415, 9773, 14605, 15584, 18382, 18782, 19312, 20300, 20482, 24666, 29773]",32343,1225,31118,11,1214,31118,0
-1.5,HUMLUCT,"[38, 49, 51, 74, 108, 128, 179, 218, 304, 324, 334, 364, 378, 461, 508, 538, 649, 675, 728, 787, 808, 819, 875, 893, 1000, 1076, 1095, 1153, 1164, 1175, 1228, 1253, 1255, 1267, 1303, 1337, 1353, 1358, 1476, 1480, 1504, 1542, 1544, 1550, 1594, 1631, 1676, 1731, 1738, 1780, 1800, 1808, 1818, 1840, 1854, 1877, 1901, 1904, 1943, 1948, 1980, 2068, 2071, 2130, 2176, 2216, 2308, 2323, 2369, 2387, 2405, 2409, 2464, 2474, 2505, 2509, 2562, 2587, 2589, 2601, 2604, 2658, 2778, 2806, 2829, 2838, 2841, 2861, 2919, 2954, 2962, 2977, 3004, 3008, 3015, 3043, 3073, 3089, 3111, 3191]","[1550, 2505, 2861]","[38, 49, 51, 74, 108, 128, 179, 218, 304, 324, 334, 364, 378, 461, 508, 538, 649, 675, 728, 787, 808, 819, 875, 893, 1000, 1076, 1095, 1153, 1164, 1175, 1228, 1253, 1255, 1267, 1303, 1337, 1353, 1358, 1476, 1480, 1504, 1542, 1544, 1594, 1631, 1676, 1731, 1738, 1780, 1800, 1808, 1818, 1840, 1854, 1877, 1901, 1904, 1943, 1948, 1980, 2068, 2071, 2130, 2176, 2216, 2308, 2323, 2369, 2387, 2405, 2409, 2464, 2474, 2509, 2562, 2587, 2589, 2601, 2604, 2658, 2778, 2806, 2829, 2838, 2841, 2919, 2954, 2962, 2977, 3004, 3008, 3015, 3043, 3073, 3089, 3111, 3191]","[1550, 2505, 2861]",3288,100,3188,3,97,3188,0
-1.5,HUMLYTOXBB,"[19, 42, 82, 130, 164, 181, 282, 332, 393, 397, 453, 456, 458, 492, 524, 540, 544, 569, 589, 599, 612, 633, 650, 660, 675, 677, 709, 713, 763, 813, 839, 855, 893, 904, 914, 975, 981, 1015, 1080, 1097, 1126, 1147, 1153, 1195, 1235, 1247, 1269, 1317, 1324, 1357, 1361, 1383, 1395, 1424, 1430, 1472, 1476, 1484, 1497, 1502, 1511, 1515, 1534, 1608, 1687, 1695, 1731, 1737, 1761, 1763, 1783, 1809, 1818, 1829, 1839, 1852, 1873, 1900, 1902, 1915, 1917, 1983, 2006, 2043, 2056, 2086, 2109, 2115, 2145, 2157, 2184, 2188, 2192, 2195, 2199, 2202, 2275, 2284, 2407, 2553, 2641, 2657, 2672, 2674, 2694, 2696, 2702, 2717, 2734, 2761, 2800, 2821, 2838, 2859, 2877, 2898, 2910, 2934, 2938, 2957, 2967, 2995, 2998, 3004, 3007, 3048, 3092, 3100, 3106, 3150, 3172, 3207, 3209, 3213, 3223, 3229, 3274, 3280, 3312, 3330, 3376, 3503, 3516, 3537, 3560, 3631, 3658, 3660, 3675, 3719, 3726, 3759, 3786, 3788, 3808, 3832, 3846, 3864, 4006, 4014, 4155, 4160, 4214, 4234, 4298, 4307, 4333, 4348, 4358, 4363, 4376, 4400, 4402, 4430, 4466, 4472, 4477, 4491, 4495, 4498, 4504, 4508, 4547, 4558, 4568, 4618, 4665, 4669, 4677, 4683, 4697, 4708, 4736, 4738, 4765, 4822, 4830, 4897, 4935, 4948, 4957, 5005, 5100, 5143, 5217, 5220, 5277, 5291, 5345, 5349, 5353, 5355, 5359, 5374, 5380, 5435, 5456, 5469, 5498, 5530, 5553, 5630, 5655, 5660, 5681, 5705, 5797, 5820, 5831, 5841, 5868, 5870, 5953, 6014, 6032, 6112, 6164, 6167, 6179, 6193, 6201, 6206, 6286]","[2934, 3376, 3631]","[19, 42, 82, 130, 164, 181, 282, 332, 393, 397, 453, 456, 458, 492, 524, 540, 544, 569, 589, 599, 612, 633, 650, 660, 675, 677, 709, 713, 763, 813, 839, 855, 893, 904, 914, 975, 981, 1015, 1080, 1097, 1126, 1147, 1153, 1195, 1235, 1247, 1269, 1317, 1324, 1357, 1361, 1383, 1395, 1424, 1430, 1472, 1476, 1484, 1497, 1502, 1511, 1515, 1534, 1608, 1687, 1695, 1731, 1737, 1761, 1763, 1783, 1809, 1818, 1829, 1839, 1852, 1873, 1900, 1902, 1915, 1917, 1983, 2006, 2043, 2056, 2086, 2109, 2115, 2145, 2157, 2184, 2188, 2192, 2195, 2199, 2202, 2275, 2284, 2407, 2553, 2641, 2657, 2672, 2674, 2694, 2696, 2702, 2717, 2734, 2761, 2800, 2821, 2838, 2859, 2877, 2898, 2910, 2938, 2957, 2967, 2995, 2998, 3004, 3007, 3048, 3092, 3100, 3106, 3150, 3172, 3207, 3209, 3213, 3223, 3229, 3274, 3280, 3312, 3330, 3503, 3516, 3537, 3560, 3658, 3660, 3675, 3719, 3726, 3759, 3786, 3788, 3808, 3832, 3846, 3864, 4006, 4014, 4155, 4160, 4214, 4234, 4298, 4307, 4333, 4348, 4358, 4363, 4376, 4400, 4402, 4430, 4466, 4472, 4477, 4491, 4495, 4498, 4504, 4508, 4547, 4558, 4568, 4618, 4665, 4669, 4677, 4683, 4697, 4708, 4736, 4738, 4765, 4822, 4830, 4897, 4935, 4948, 4957, 5005, 5100, 5143, 5217, 5220, 5277, 5291, 5345, 5349, 5353, 5355, 5359, 5374, 5380, 5435, 5456, 5469, 5498, 5530, 5553, 5630, 5655, 5660, 5681, 5705, 5797, 5820, 5831, 5841, 5868, 5870, 5953, 6014, 6032, 6112, 6164, 6167, 6179, 6193, 6201, 6206, 6286]","[2934, 3376, 3631]",6297,243,6054,3,240,6054,0
-1.5,HUMMCHEMP,"[91, 148, 159, 277, 280, 284, 320, 328, 337, 351, 604, 621, 674, 746, 749, 790, 812, 867, 954, 968, 984, 988, 992, 1030, 1034, 1065, 1077, 1084, 1141, 1167, 1189, 1208, 1302, 1328, 1489, 1528, 1569, 1585, 1590, 1634, 1666, 1674, 1693, 1701, 1737, 1765, 1802, 1837, 1848, 1899, 1988, 2004, 2023, 2027, 2172, 2182, 2201, 2206, 2252, 2335, 2402, 2419, 2449, 2468, 2500, 2511, 2514, 2540, 2570, 2600, 2603, 2621, 2646, 2710]","[674, 1590]","[91, 148, 159, 277, 280, 284, 320, 328, 337, 351, 604, 621, 746, 749, 790, 812, 867, 954, 968, 984, 988, 992, 1030, 1034, 1065, 1077, 1084, 1141, 1167, 1189, 1208, 1302, 1328, 1489, 1528, 1569, 1585, 1634, 1666, 1674, 1693, 1701, 1737, 1765, 1802, 1837, 1848, 1899, 1988, 2004, 2023, 2027, 2172, 2182, 2201, 2206, 2252, 2335, 2402, 2419, 2449, 2468, 2500, 2511, 2514, 2540, 2570, 2600, 2603, 2621, 2646, 2710]","[674, 1590]",2756,74,2682,2,72,2682,0
-1.5,HUMMET2,"[7, 37, 47, 58, 79, 112, 114, 197, 213, 264, 308, 314, 355, 362, 432, 438, 463, 487, 505, 512, 565, 601, 603, 615, 629, 643, 664, 683, 685, 798, 866, 887, 889, 896, 939, 985, 1006, 1030, 1062, 1076, 1103, 1109, 1128, 1167, 1207, 1233, 1237, 1316, 1357, 1394, 1403, 1424, 1456, 1463, 1470, 1472, 1500, 1509, 1553, 1590, 1604, 1610, 1641, 1682]","[866, 1233]","[7, 37, 47, 58, 79, 112, 114, 197, 213, 264, 308, 314, 355, 362, 432, 438, 463, 487, 505, 512, 565, 601, 603, 615, 629, 643, 664, 683, 685, 798, 887, 889, 896, 939, 985, 1006, 1030, 1062, 1076, 1103, 1109, 1128, 1167, 1207, 1237, 1316, 1357, 1394, 1403, 1424, 1456, 1463, 1470, 1472, 1500, 1509, 1553, 1590, 1604, 1610, 1641, 1682]","[866, 1233]",1695,64,1631,2,62,1631,0
-1.5,HUMMGPA,"[4, 24, 40, 77, 132, 147, 174, 185, 193, 307, 333, 337, 353, 590, 593, 689, 752, 845, 973, 1011, 1045, 1050, 1091, 1213, 1269, 1278, 1288, 1299, 1323, 1325, 1338, 1355, 1375, 1380, 1465, 1531, 1546, 1566, 1588, 1608, 1611, 1628, 1632, 1671, 1684, 1723, 1777, 1781, 1796, 1829, 1835, 1864, 1918, 2041, 2127, 2187, 2194, 2205, 2238, 2295, 2309, 2396, 2411, 2429, 2431, 2434, 2444, 2464, 2477, 2484, 2488, 2515, 2522, 2526, 2530, 2556, 2598, 2641, 2707, 2719, 2740, 2749, 2872, 2916, 2918, 2954, 2979, 3022, 3047, 3051, 3076, 3091, 3100, 3102, 3121, 3137, 3189, 3191, 3199, 3204, 3212, 3236, 3262, 3290, 3330, 3354, 3497, 3500, 3516, 3542, 3632, 3745, 3748, 3758, 3847, 3857, 3864, 3906, 3911, 3918, 3962, 4042, 4232, 4249, 4351, 4363, 4410, 4422, 4484, 4493, 4500, 4517, 4523, 4544, 4586, 4611, 4710, 4727, 4741, 4757, 4767, 4965, 4982, 5093, 5097, 5219, 5279, 5361, 5388, 5401, 5425, 5451, 5461, 5513, 5540, 5545, 5548, 5550, 5584, 5616, 5661, 5670, 5681, 5704, 5725, 5752, 5900, 5977, 6006, 6047, 6185, 6334, 6338, 6361, 6374, 6376, 6399, 6439, 6617, 6629, 6633, 6637, 6687, 6700, 6717, 6737, 6770, 6781, 6791, 6825, 6852, 6938, 6973, 7072, 7107, 7220, 7230, 7279, 7291, 7330, 7339, 7349, 7355, 7366, 7376, 7401, 7403, 7419, 7509, 7603, 7617, 7644, 7651, 7702]","[3516, 5093, 6334]","[4, 24, 40, 77, 132, 147, 174, 185, 193, 307, 333, 337, 353, 590, 593, 689, 752, 845, 973, 1011, 1045, 1050, 1091, 1213, 1269, 1278, 1288, 1299, 1323, 1325, 1338, 1355, 1375, 1380, 1465, 1531, 1546, 1566, 1588, 1608, 1611, 1628, 1632, 1671, 1684, 1723, 1777, 1781, 1796, 1829, 1835, 1864, 1918, 2041, 2127, 2187, 2194, 2205, 2238, 2295, 2309, 2396, 2411, 2429, 2431, 2434, 2444, 2464, 2477, 2484, 2488, 2515, 2522, 2526, 2530, 2556, 2598, 2641, 2707, 2719, 2740, 2749, 2872, 2916, 2918, 2954, 2979, 3022, 3047, 3051, 3076, 3091, 3100, 3102, 3121, 3137, 3189, 3191, 3199, 3204, 3212, 3236, 3262, 3290, 3330, 3354, 3497, 3500, 3542, 3632, 3745, 3748, 3758, 3847, 3857, 3864, 3906, 3911, 3918, 3962, 4042, 4232, 4249, 4351, 4363, 4410, 4422, 4484, 4493, 4500, 4517, 4523, 4544, 4586, 4611, 4710, 4727, 4741, 4757, 4767, 4965, 4982, 5097, 5219, 5279, 5361, 5388, 5401, 5425, 5451, 5461, 5513, 5540, 5545, 5548, 5550, 5584, 5616, 5661, 5670, 5681, 5704, 5725, 5752, 5900, 5977, 6006, 6047, 6185, 6338, 6361, 6374, 6376, 6399, 6439, 6617, 6629, 6633, 6637, 6687, 6700, 6717, 6737, 6770, 6781, 6791, 6825, 6852, 6938, 6973, 7072, 7107, 7220, 7230, 7279, 7291, 7330, 7339, 7349, 7355, 7366, 7376, 7401, 7403, 7419, 7509, 7603, 7617, 7644, 7651, 7702]","[3516, 5093, 6334]",7726,214,7512,3,211,7512,0
-1.5,HUMMIF,"[30, 71, 82, 97, 134, 201, 288, 331, 403, 418, 420, 477, 521, 558, 580, 682, 700, 713, 717, 722, 753, 772, 825, 833, 892, 903, 912, 932, 963, 979, 997, 1056, 1061, 1082, 1085, 1096, 1105, 1129, 1133, 1137, 1151, 1188, 1200, 1215, 1226, 1281, 1310, 1328, 1394, 1410, 1416, 1433, 1469, 1479, 1485, 1488, 1529, 1601, 1643, 1716, 1739, 1775, 1825, 1862, 1893, 1910, 1925, 1960, 1988, 1999, 2001, 2014, 2025, 2046, 2103, 2123, 2143]","[1281, 1643]","[30, 71, 82, 97, 134, 201, 288, 331, 403, 418, 420, 477, 521, 558, 580, 682, 700, 713, 717, 722, 753, 772, 825, 833, 892, 903, 912, 932, 963, 979, 997, 1056, 1061, 1082, 1085, 1096, 1105, 1129, 1133, 1137, 1151, 1188, 1200, 1215, 1226, 1310, 1328, 1394, 1410, 1416, 1433, 1469, 1479, 1485, 1488, 1529, 1601, 1716, 1739, 1775, 1825, 1862, 1893, 1910, 1925, 1960, 1988, 1999, 2001, 2014, 2025, 2046, 2103, 2123, 2143]","[1281, 1643]",2159,77,2082,2,75,2082,0
-1.5,HUMMIS,"[86, 114, 135, 244, 249, 304, 314, 372, 379, 424, 427, 469, 514, 527, 601, 623, 627, 669, 678, 733, 736, 755, 762, 766, 778, 837, 899, 1055, 1115, 1127, 1169, 1171, 1214, 1243, 1295, 1300, 1322, 1328, 1350, 1358, 1381, 1392, 1420, 1427, 1441, 1450, 1474, 1489, 1520, 1563, 1565, 1572, 1639, 1643, 1649, 1671, 1710, 1739, 1764, 1824, 1867, 1887, 1933, 1941, 1970, 2044, 2059, 2142, 2253, 2262, 2287, 2336, 2458, 2463, 2492, 2535, 2557, 2581, 2623, 2625, 2671, 2674, 2699, 2731, 2769, 2797, 2809, 2820, 2822, 2832, 2867, 2956, 2958, 2962, 2966, 2968, 2980, 3020, 3029, 3093]","[623, 1358, 1639, 1887]","[86, 114, 135, 244, 249, 304, 314, 372, 379, 424, 427, 469, 514, 527, 601, 627, 669, 678, 733, 736, 755, 762, 766, 778, 837, 899, 1055, 1115, 1127, 1169, 1171, 1214, 1243, 1295, 1300, 1322, 1328, 1350, 1381, 1392, 1420, 1427, 1441, 1450, 1474, 1489, 1520, 1563, 1565, 1572, 1643, 1649, 1671, 1710, 1739, 1764, 1824, 1867, 1933, 1941, 1970, 2044, 2059, 2142, 2253, 2262, 2287, 2336, 2458, 2463, 2492, 2535, 2557, 2581, 2623, 2625, 2671, 2674, 2699, 2731, 2769, 2797, 2809, 2820, 2822, 2832, 2867, 2956, 2958, 2962, 2966, 2968, 2980, 3020, 3029, 3093]","[623, 1358, 1639, 1887]",3092,100,2992,4,96,2992,0
-1.5,HUMMKXX,"[14, 78, 89, 110, 115, 131, 176, 215, 225, 247, 282, 293, 356, 389, 411, 471, 523, 537, 545, 614, 664, 679, 681, 706, 748, 814, 860, 870, 876, 899, 915, 940, 1040, 1062, 1108, 1114, 1168, 1172, 1249, 1264, 1290, 1399, 1415, 1485, 1532, 1563, 1565, 1574, 1600, 1609, 1652, 1656, 1699, 1706, 1729, 1737, 1750, 1867, 1873, 1887, 1891, 1893, 1916, 1957, 1976, 2019, 2039, 2047, 2078, 2096, 2125, 2169, 2202, 2315, 2344, 2365, 2376, 2409, 2442, 2463, 2493, 2523, 2538, 2605, 2658, 2660, 2664, 2676, 2687, 2708, 2792, 2839, 2850, 2859, 2867, 2926, 2935, 2985, 3109, 3116, 3124, 3126, 3134, 3142, 3162, 3172, 3176, 3191, 3194, 3198, 3262, 3276, 3293]","[1415, 1737, 2019]","[14, 78, 89, 110, 115, 131, 176, 215, 225, 247, 282, 293, 356, 389, 411, 471, 523, 537, 545, 614, 664, 679, 681, 706, 748, 814, 860, 870, 876, 899, 915, 940, 1040, 1062, 1108, 1114, 1168, 1172, 1249, 1264, 1290, 1399, 1485, 1532, 1563, 1565, 1574, 1600, 1609, 1652, 1656, 1699, 1706, 1729, 1750, 1867, 1873, 1887, 1891, 1893, 1916, 1957, 1976, 2039, 2047, 2078, 2096, 2125, 2169, 2202, 2315, 2344, 2365, 2376, 2409, 2442, 2463, 2493, 2523, 2538, 2605, 2658, 2660, 2664, 2676, 2687, 2708, 2792, 2839, 2850, 2859, 2867, 2926, 2935, 2985, 3109, 3116, 3124, 3126, 3134, 3142, 3162, 3172, 3176, 3191, 3194, 3198, 3262, 3276, 3293]","[1415, 1737, 2019]",3300,113,3187,3,110,3187,0
-1.5,HUMNKG5PRO,"[6, 8, 13, 23, 79, 103, 111, 114, 129, 147, 150, 173, 208, 214, 247, 252, 290, 294, 298, 302, 330, 345, 354, 362, 366, 389, 557, 593, 605, 666, 670, 673, 732, 797, 800, 816, 819, 843, 854, 869, 881, 888, 934, 964, 1038, 1055, 1060, 1073, 1118, 1150, 1195, 1200, 1208, 1259, 1265, 1306, 1315, 1377, 1379, 1383, 1389, 1431, 1439, 1475, 1505, 1543, 1556, 1604, 1644, 1689, 1735, 1741, 1743, 1801, 1811, 1818, 1860, 1865, 1890, 1896, 1921, 1927, 1937, 2008, 2010, 2016, 2020, 2037, 2076, 2082, 2088, 2091, 2100, 2179, 2181, 2262, 2345, 2357, 2388, 2431, 2433, 2447, 2513, 2515, 2564, 2567, 2589, 2628, 2639, 2661, 2715, 2719, 2721, 2758, 2788, 2854, 2885, 2915, 2925, 2927, 2931, 2940, 2944, 2970, 2978, 3022, 3095, 3100, 3111, 3116, 3126, 3139, 3168, 3190, 3215, 3221, 3271, 3283, 3288, 3306, 3314, 3320, 3350, 3366, 3387, 3422, 3503, 3519, 3527, 3530, 3549, 3580, 3584, 3615, 3617, 3709, 3711, 3750, 3783, 3798, 3830, 3848, 3876, 3904, 3912, 3947, 3982, 3992, 3994, 3996, 4000, 4022, 4030, 4046, 4048, 4052, 4065, 4074, 4085, 4115, 4161, 4192, 4247, 4290, 4381, 4389, 4391, 4457, 4473, 4475, 4502, 4510, 4521, 4529, 4544, 4592, 4594, 4662, 4676, 4688, 4709, 4955, 4968, 4993, 4995, 5043, 5135, 5149, 5153, 5180, 5200, 5235, 5278, 5281, 5300, 5323, 5327, 5340, 5356, 5379, 5407, 5435, 5448, 5453, 5468, 5472, 5480, 5505, 5574, 5576, 5611, 5651, 5654, 5657, 5662, 5672, 5692, 5694, 5744, 5798, 5804, 5806, 5808, 5810, 5856, 5908, 6019, 6043, 6072, 6156, 6169, 6227, 6237, 6246, 6251, 6256, 6278, 6290, 6353, 6382, 6422, 6524, 6526, 6563, 6576, 6580, 6582, 6586, 6599, 6606, 6608, 6625, 6632, 6634, 6651, 6672, 6704, 6711]","[2262, 3215, 3848, 5468]","[6, 8, 13, 23, 79, 103, 111, 114, 129, 147, 150, 173, 208, 214, 247, 252, 290, 294, 298, 302, 330, 345, 354, 362, 366, 389, 557, 593, 605, 666, 670, 673, 732, 797, 800, 816, 819, 843, 854, 869, 881, 888, 934, 964, 1038, 1055, 1060, 1073, 1118, 1150, 1195, 1200, 1208, 1259, 1265, 1306, 1315, 1377, 1379, 1383, 1389, 1431, 1439, 1475, 1505, 1543, 1556, 1604, 1644, 1689, 1735, 1741, 1743, 1801, 1811, 1818, 1860, 1865, 1890, 1896, 1921, 1927, 1937, 2008, 2010, 2016, 2020, 2037, 2076, 2082, 2088, 2091, 2100, 2179, 2181, 2345, 2357, 2388, 2431, 2433, 2447, 2513, 2515, 2564, 2567, 2589, 2628, 2639, 2661, 2715, 2719, 2721, 2758, 2788, 2854, 2885, 2915, 2925, 2927, 2931, 2940, 2944, 2970, 2978, 3022, 3095, 3100, 3111, 3116, 3126, 3139, 3168, 3190, 3221, 3271, 3283, 3288, 3306, 3314, 3320, 3350, 3366, 3387, 3422, 3503, 3519, 3527, 3530, 3549, 3580, 3584, 3615, 3617, 3709, 3711, 3750, 3783, 3798, 3830, 3876, 3904, 3912, 3947, 3982, 3992, 3994, 3996, 4000, 4022, 4030, 4046, 4048, 4052, 4065, 4074, 4085, 4115, 4161, 4192, 4247, 4290, 4381, 4389, 4391, 4457, 4473, 4475, 4502, 4510, 4521, 4529, 4544, 4592, 4594, 4662, 4676, 4688, 4709, 4955, 4968, 4993, 4995, 5043, 5135, 5149, 5153, 5180, 5200, 5235, 5278, 5281, 5300, 5323, 5327, 5340, 5356, 5379, 5407, 5435, 5448, 5453, 5472, 5480, 5505, 5574, 5576, 5611, 5651, 5654, 5657, 5662, 5672, 5692, 5694, 5744, 5798, 5804, 5806, 5808, 5810, 5856, 5908, 6019, 6043, 6072, 6156, 6169, 6227, 6237, 6246, 6251, 6256, 6278, 6290, 6353, 6382, 6422, 6524, 6526, 6563, 6576, 6580, 6582, 6586, 6599, 6606, 6608, 6625, 6632, 6634, 6651, 6672, 6704, 6711]","[2262, 3215, 3848, 5468]",6738,278,6460,4,274,6460,0
-1.5,HUMNTRI,"[10, 54, 144, 163, 241, 311, 313, 319, 408, 422, 427, 459, 575, 581, 606, 608, 639, 668, 689, 739, 751, 795, 797, 803, 833, 835, 887, 893, 928, 935, 937, 961, 965, 998, 1009, 1017, 1101, 1161, 1208, 1222, 1247, 1251, 1321, 1349, 1368, 1372, 1385, 1457, 1470, 1483, 1501, 1544, 1561, 1586, 1601, 1629, 1633, 1663, 1679, 1698, 1714, 1756, 1765, 1799, 1830, 1840, 1895, 1897, 1939, 1944, 1987, 1993, 2034, 2145, 2166, 2287, 2320, 2342, 2354, 2367, 2412, 2420, 2523, 2549, 2615, 2663, 2711, 2753, 2802, 2857, 2865, 2870, 2894, 3007, 3067, 3079, 3141, 3151, 3153, 3155, 3157, 3159, 3213, 3215, 3234, 3256, 3259, 3263, 3296, 3308, 3422, 3439, 3559, 3618, 3637, 3639, 3648, 3652, 3654, 3675]",[2802],"[10, 54, 144, 163, 241, 311, 313, 319, 408, 422, 427, 459, 575, 581, 606, 608, 639, 668, 689, 739, 751, 795, 797, 803, 833, 835, 887, 893, 928, 935, 937, 961, 965, 998, 1009, 1017, 1101, 1161, 1208, 1222, 1247, 1251, 1321, 1349, 1368, 1372, 1385, 1457, 1470, 1483, 1501, 1544, 1561, 1586, 1601, 1629, 1633, 1663, 1679, 1698, 1714, 1756, 1765, 1799, 1830, 1840, 1895, 1897, 1939, 1944, 1987, 1993, 2034, 2145, 2166, 2287, 2320, 2342, 2354, 2367, 2412, 2420, 2523, 2549, 2615, 2663, 2711, 2753, 2857, 2865, 2870, 2894, 3007, 3067, 3079, 3141, 3151, 3153, 3155, 3157, 3159, 3213, 3215, 3234, 3256, 3259, 3263, 3296, 3308, 3422, 3439, 3559, 3618, 3637, 3639, 3648, 3652, 3654, 3675]",[2802],3702,120,3582,1,119,3582,0
-1.5,HUMNTRIII,"[10, 54, 144, 163, 225, 241, 311, 313, 319, 408, 422, 427, 459, 575, 581, 606, 608, 639, 668, 689, 739, 751, 795, 797, 803, 835, 842, 887, 893, 928, 935, 937, 961, 965, 998, 1009, 1017, 1101, 1161, 1208, 1222, 1247, 1251, 1321, 1349, 1368, 1372, 1385, 1457, 1470, 1483, 1501, 1544, 1561, 1586, 1601, 1629, 1633, 1663, 1679, 1698, 1714, 1756, 1765, 1799, 1830, 1840, 1895, 1897, 1939, 1944, 1987, 1993, 2034, 2145, 2166, 2287, 2320, 2342, 2354, 2367, 2412, 2420, 2523, 2549, 2615, 2663, 2711, 2753, 2802, 2857, 2865, 2870, 2894, 3007, 3067, 3079, 3141, 3151, 3153, 3155, 3157, 3159, 3213, 3215, 3234, 3256, 3259, 3263, 3296, 3308, 3422, 3439, 3559, 3618, 3637, 3639, 3648, 3652, 3654, 3675]",[2802],"[10, 54, 144, 163, 225, 241, 311, 313, 319, 408, 422, 427, 459, 575, 581, 606, 608, 639, 668, 689, 739, 751, 795, 797, 803, 835, 842, 887, 893, 928, 935, 937, 961, 965, 998, 1009, 1017, 1101, 1161, 1208, 1222, 1247, 1251, 1321, 1349, 1368, 1372, 1385, 1457, 1470, 1483, 1501, 1544, 1561, 1586, 1601, 1629, 1633, 1663, 1679, 1698, 1714, 1756, 1765, 1799, 1830, 1840, 1895, 1897, 1939, 1944, 1987, 1993, 2034, 2145, 2166, 2287, 2320, 2342, 2354, 2367, 2412, 2420, 2523, 2549, 2615, 2663, 2711, 2753, 2857, 2865, 2870, 2894, 3007, 3067, 3079, 3141, 3151, 3153, 3155, 3157, 3159, 3213, 3215, 3234, 3256, 3259, 3263, 3296, 3308, 3422, 3439, 3559, 3618, 3637, 3639, 3648, 3652, 3654, 3675]",[2802],3702,121,3581,1,120,3581,0
-1.5,HUMOSTP,"[57, 59, 65, 145, 170, 176, 214, 229, 241, 288, 304, 336, 338, 371, 378, 381, 386, 461, 472, 482, 491, 632, 634, 682, 835, 963, 965, 970, 981, 1022, 1107, 1144, 1149, 1270, 1361, 1445, 1509, 1515, 1549, 1572, 1581, 1588, 1614, 1659, 1737, 1744, 1759, 1802, 1805, 1874, 1894, 1897, 1949, 2008, 2039, 2067, 2075, 2089, 2096, 2098, 2100, 2102, 2150, 2152, 2162, 2174, 2213, 2215, 2219, 2228, 2265, 2300, 2358, 2369, 2381, 2384, 2442, 2506, 2513, 2524, 2622, 2669, 2674, 2750, 2833, 2843, 2845, 2874, 2966, 2995, 3007, 3013, 3054, 3123, 3127, 3131, 3154, 3157, 3163, 3239, 3257, 3287, 3319, 3353, 3364, 3369, 3372, 3375, 3385, 3396, 3411, 3467, 3498, 3509, 3513, 3556, 3558, 3568, 3587, 3618, 3657, 3712, 3723, 3734, 3774, 3808, 3820, 3890, 3909, 3931, 3933, 4036, 4045, 4049, 4074, 4102, 4119, 4121, 4126, 4130, 4139, 4145, 4155, 4230, 4259, 4369, 4426, 4428, 4430, 4438, 4440, 4442, 4444, 4446, 4476, 4530, 4605, 4632, 4681, 4731, 4738, 4744, 4758, 4854, 4863, 4896, 4924, 4990, 5005, 5010, 5013, 5015, 5049, 5068, 5114, 5123, 5134, 5142, 5144, 5157, 5176, 5203, 5220, 5316, 5345, 5358, 5386, 5406, 5433, 5446, 5516, 5530, 5610, 5680, 5688, 5770, 5775, 5846, 5856, 5862, 5918, 5926, 5928, 5960, 5987, 6004, 6014, 6061, 6064, 6140, 6149, 6159, 6167, 6220, 6222, 6227, 6232, 6255, 6302, 6322, 6327, 6388, 6406, 6420, 6424, 6437, 6480, 6490, 6496, 6522, 6532, 6594, 6622, 6679, 6710, 6780, 6808, 6878, 6907, 6909, 6926, 6950, 6986, 7127, 7154, 7239, 7245, 7391, 7445, 7553, 7573, 7585, 7588, 7601, 7678, 7684, 7708, 7726, 7813, 7847, 7897, 7901, 7906, 7946, 7959, 8035, 8097, 8139, 8165, 8205, 8265, 8287, 8293, 8295, 8312, 8327, 8349, 8377, 8395, 8515, 8520, 8642, 8647, 8676, 8731, 8785, 8789, 8818, 8832, 8836, 8841, 8871, 8884, 8889, 8901, 8912, 8944, 8970, 9027, 9032, 9040, 9099, 9159, 9183, 9201, 9278, 9288, 9305, 9312, 9356, 9359, 9372, 9402, 9423, 9437, 9548, 9555, 9557, 9569, 9586, 9588, 9605, 9630, 9649, 9693, 9734, 9813, 9819, 9831, 9848, 9850, 9874, 9888, 9891, 9919, 9977, 9987, 10010, 10025, 10030, 10032, 10058, 10074, 10116, 10156, 10233, 10241, 10293, 10325, 10352, 10365, 10379, 10617, 10776, 10785, 10793, 10814]","[3509, 3657, 6679, 6986, 8349]","[57, 59, 65, 145, 170, 176, 214, 229, 241, 288, 304, 336, 338, 371, 378, 381, 386, 461, 472, 482, 491, 632, 634, 682, 835, 963, 965, 970, 981, 1022, 1107, 1144, 1149, 1270, 1361, 1445, 1509, 1515, 1549, 1572, 1581, 1588, 1614, 1659, 1737, 1744, 1759, 1802, 1805, 1874, 1894, 1897, 1949, 2008, 2039, 2067, 2075, 2089, 2096, 2098, 2100, 2102, 2150, 2152, 2162, 2174, 2213, 2215, 2219, 2228, 2265, 2300, 2358, 2369, 2381, 2384, 2442, 2506, 2513, 2524, 2622, 2669, 2674, 2750, 2833, 2843, 2845, 2874, 2966, 2995, 3007, 3013, 3054, 3123, 3127, 3131, 3154, 3157, 3163, 3239, 3257, 3287, 3319, 3353, 3364, 3369, 3372, 3375, 3385, 3396, 3411, 3467, 3498, 3513, 3556, 3558, 3568, 3587, 3618, 3712, 3723, 3734, 3774, 3808, 3820, 3890, 3909, 3931, 3933, 4036, 4045, 4049, 4074, 4102, 4119, 4121, 4126, 4130, 4139, 4145, 4155, 4230, 4259, 4369, 4426, 4428, 4430, 4438, 4440, 4442, 4444, 4446, 4476, 4530, 4605, 4632, 4681, 4731, 4738, 4744, 4758, 4854, 4863, 4896, 4924, 4990, 5005, 5010, 5013, 5015, 5049, 5068, 5114, 5123, 5134, 5142, 5144, 5157, 5176, 5203, 5220, 5316, 5345, 5358, 5386, 5406, 5433, 5446, 5516, 5530, 5610, 5680, 5688, 5770, 5775, 5846, 5856, 5862, 5918, 5926, 5928, 5960, 5987, 6004, 6014, 6061, 6064, 6140, 6149, 6159, 6167, 6220, 6222, 6227, 6232, 6255, 6302, 6322, 6327, 6388, 6406, 6420, 6424, 6437, 6480, 6490, 6496, 6522, 6532, 6594, 6622, 6710, 6780, 6808, 6878, 6907, 6909, 6926, 6950, 7127, 7154, 7239, 7245, 7391, 7445, 7553, 7573, 7585, 7588, 7601, 7678, 7684, 7708, 7726, 7813, 7847, 7897, 7901, 7906, 7946, 7959, 8035, 8097, 8139, 8165, 8205, 8265, 8287, 8293, 8295, 8312, 8327, 8377, 8395, 8515, 8520, 8642, 8647, 8676, 8731, 8785, 8789, 8818, 8832, 8836, 8841, 8871, 8884, 8889, 8901, 8912, 8944, 8970, 9027, 9032, 9040, 9099, 9159, 9183, 9201, 9278, 9288, 9305, 9312, 9356, 9359, 9372, 9402, 9423, 9437, 9548, 9555, 9557, 9569, 9586, 9588, 9605, 9630, 9649, 9693, 9734, 9813, 9819, 9831, 9848, 9850, 9874, 9888, 9891, 9919, 9977, 9987, 10010, 10025, 10030, 10032, 10058, 10074, 10116, 10156, 10233, 10241, 10293, 10325, 10352, 10365, 10379, 10617, 10776, 10785, 10793, 10814]","[3509, 3657, 6679, 6986, 8349]",10714,357,10357,5,352,10357,0
-1.5,HUMPAP,"[33, 56, 112, 123, 131, 167, 194, 313, 440, 448, 457, 467, 550, 593, 641, 659, 673, 677, 747, 812, 814, 1012, 1016, 1085, 1128, 1157, 1186, 1202, 1257, 1262, 1268, 1299, 1322, 1359, 1361, 1403, 1410, 1437, 1481, 1483, 1490, 1495, 1503, 1506, 1556, 1567, 1582, 1596, 1620, 1624, 1644, 1652, 1676, 1680, 1690, 1721, 1737, 1746, 1756, 1774, 1792, 1857, 1859, 1868, 1897, 1909, 1970, 2089, 2093, 2096, 2103, 2106, 2108, 2115, 2122, 2139, 2180, 2237, 2309, 2311, 2315, 2322, 2342, 2354, 2367, 2384, 2414, 2420, 2450, 2485, 2500, 2586, 2592, 2633, 2661, 2770, 2844, 2886, 2963, 3062, 3069, 3074, 3080, 3085, 3143, 3153, 3167, 3196, 3225, 3266, 3270, 3272, 3336, 3342, 3455, 3472, 3477, 3482, 3512, 3525, 3536, 3538, 3543, 3545, 3572, 3574, 3664, 3736, 3745, 3755, 3785, 3787, 3793, 3811, 3858, 3860, 3874, 3890, 3892, 3907, 3921, 3950, 3973, 3990, 3992, 4022, 4034, 4065, 4164, 4168, 4221, 4270, 4315, 4356, 4366, 4376, 4446, 4461, 4478]","[1410, 2089, 2414, 3167]","[33, 56, 112, 123, 131, 167, 194, 313, 440, 448, 457, 467, 550, 593, 641, 659, 673, 677, 747, 812, 814, 1012, 1016, 1085, 1128, 1157, 1186, 1202, 1257, 1262, 1268, 1299, 1322, 1359, 1361, 1403, 1437, 1481, 1483, 1490, 1495, 1503, 1506, 1556, 1567, 1582, 1596, 1620, 1624, 1644, 1652, 1676, 1680, 1690, 1721, 1737, 1746, 1756, 1774, 1792, 1857, 1859, 1868, 1897, 1909, 1970, 2093, 2096, 2103, 2106, 2108, 2115, 2122, 2139, 2180, 2237, 2309, 2311, 2315, 2322, 2342, 2354, 2367, 2384, 2420, 2450, 2485, 2500, 2586, 2592, 2633, 2661, 2770, 2844, 2886, 2963, 3062, 3069, 3074, 3080, 3085, 3143, 3153, 3196, 3225, 3266, 3270, 3272, 3336, 3342, 3455, 3472, 3477, 3482, 3512, 3525, 3536, 3538, 3543, 3545, 3572, 3574, 3664, 3736, 3745, 3755, 3785, 3787, 3793, 3811, 3858, 3860, 3874, 3890, 3892, 3907, 3921, 3950, 3973, 3990, 3992, 4022, 4034, 4065, 4164, 4168, 4221, 4270, 4315, 4356, 4366, 4376, 4446, 4461, 4478]","[1410, 2089, 2414, 3167]",4489,159,4330,4,155,4330,0
-1.5,HUMPCI,"[121, 127, 229, 236, 261, 284, 291, 308, 312, 317, 333, 361, 412, 420, 443, 474, 511, 536, 552, 555, 579, 582, 615, 648, 651, 681, 714, 717, 747, 760, 774, 777, 803, 807, 812, 830, 836, 863, 892, 908, 914, 951, 956, 960, 963, 975, 977, 1006, 1073, 1087, 1089, 1118, 1264, 1287, 1289, 1299, 1321, 1398, 1485, 1492, 1515, 1538, 1579, 1597, 1614, 1629, 1706, 1765, 1781, 1818, 1821, 1823, 1844, 1853, 1856, 1883, 1933, 1957, 1975, 1978, 1982, 2052, 2054, 2078, 2082, 2103, 2124, 2160, 2167, 2208, 2226, 2230, 2248, 2298, 2329, 2331, 2355, 2382, 2399, 2420, 2426, 2430, 2511, 2526, 2563, 2579, 2586, 2612, 2671, 2713, 2739, 2753, 2773, 2784, 2812, 2868, 2930, 2939, 2948, 2957, 2967, 2976, 2996, 3001, 3019, 3039, 3044, 3055, 3117, 3129, 3162, 3191, 3212, 3238, 3269, 3307, 3328, 3360, 3391, 3393, 3420, 3462, 3467, 3469, 3477, 3490, 3526, 3536, 3545, 3556, 3562, 3575, 3592, 3610, 3612, 3636, 3648, 3655, 3674, 3685, 3695, 3710, 3714, 3732, 3758, 3791, 3831, 3874, 3914, 3992, 4004, 4040, 4063, 4114, 4175, 4218, 4232, 4244, 4247, 4332, 4425, 4435, 4486, 4509, 4545, 4580, 4613, 4644, 4652, 4672, 4697, 4702, 4718, 4751, 4759, 4786, 4799, 4849, 4859, 4883, 4906, 4912, 4922, 4936, 4943, 4977, 4986, 5014, 5025, 5044, 5087, 5128, 5147, 5158, 5210, 5226, 5234, 5284, 5302, 5358, 5360, 5368, 5375, 5419, 5449, 5454, 5525, 5533, 5543, 5550, 5552, 5556, 5608, 5612, 5623, 5702, 5708, 5719, 5740, 5742, 5786, 5810, 5822, 5825, 5841, 5850, 5864, 5888, 5899, 5904, 5911, 5996, 6125, 6142, 6158, 6171, 6192, 6205, 6220, 6315, 6332, 6337, 6350, 6352, 6354, 6356, 6358, 6360, 6362, 6364, 6366, 6368, 6370, 6372, 6374, 6376, 6378, 6380, 6382, 6384, 6386, 6390, 6399, 6409, 6414, 6487, 6507, 6509, 6513, 6549, 6559, 6561, 6624, 6682, 6723, 6728, 6766, 6773, 6826, 6877, 6948, 7009, 7037, 7048, 7054, 7088, 7096, 7109, 7125, 7190, 7199, 7211, 7255, 7277, 7317, 7328, 7367, 7379, 7398, 7415, 7445, 7454, 7465, 7472, 7508, 7529, 7570, 7643, 7655, 7663, 7705, 7737, 7775, 7777, 7803, 7851, 7853, 7858, 7877, 7969, 7976, 8039, 8054, 8058, 8066, 8156, 8360, 8363, 8384, 8388, 8404, 8501, 8534, 8537, 8546, 8568, 8664, 8683, 8689, 8704, 8725, 8747, 8760, 8800, 8858, 8871, 8961, 9094, 9154, 9187, 9196, 9209, 9238, 9252, 9270, 9298, 9377, 9402, 9413, 9448, 9451, 9460, 9550, 9555, 9574, 9603, 9607, 9643, 9704, 9741, 9762, 9820, 9827, 9852, 9898, 9901, 9911, 9964, 9973, 9976, 10011, 10090, 10107, 10139, 10150, 10242, 10273, 10323, 10330, 10337, 10381, 10410, 10444, 10485, 10493, 10522, 10631, 10680, 10695, 10698, 10704, 10730, 10767, 10770, 10819, 10839, 10855, 10874, 10898, 10982, 11034, 11064, 11091, 11101, 11104, 11112, 11213, 11255, 11275, 11285, 11287, 11403, 11415, 11443, 11474, 11483, 11487, 12191, 12194, 12226, 12313, 12426, 12442, 12456, 12518, 12575, 12583, 12593, 12611, 12623, 12626, 12632, 12640, 12688, 12746, 12776, 12792, 12825, 12860, 12868, 12875, 12888, 12966, 12981, 13003, 13076, 13092, 13124, 13139, 13156, 13183, 13194, 13221, 13247, 13259, 13291, 13296, 13298, 13345, 13369, 13408, 13417, 13427, 13447, 13486, 13560, 13588, 13593, 13595, 13606, 13635, 13670, 13706, 13739, 13762, 13851, 13854, 13859, 13871, 13890, 13915, 13944, 13951, 13956, 14061, 14073, 14113, 14117, 14121, 14143, 14155, 14206, 14229, 14238, 14247, 14251, 14264, 14272, 14304, 14352, 14422, 14435, 14446, 14452, 14465, 14488, 14498, 14546, 14551, 14562, 14588, 14593, 14606, 14608, 14679, 14695, 14699, 14715, 14754, 14771, 14773, 14779, 14785, 14795, 14798, 14811, 14829, 14837, 14878, 14890, 14938, 14943, 14982, 15007, 15018, 15056, 15061, 15064, 15078, 15101, 15122, 15146, 15150, 15159, 15164, 15191, 15226, 15234, 15255, 15290, 15302, 15402, 15412, 15418, 15468, 15498, 15521, 15549]","[8568, 10898, 11483]","[121, 127, 229, 236, 261, 284, 291, 308, 312, 317, 333, 361, 412, 420, 443, 474, 511, 536, 552, 555, 579, 582, 615, 648, 651, 681, 714, 717, 747, 760, 774, 777, 803, 807, 812, 830, 836, 863, 892, 908, 914, 951, 956, 960, 963, 975, 977, 1006, 1073, 1087, 1089, 1118, 1264, 1287, 1289, 1299, 1321, 1398, 1485, 1492, 1515, 1538, 1579, 1597, 1614, 1629, 1706, 1765, 1781, 1818, 1821, 1823, 1844, 1853, 1856, 1883, 1933, 1957, 1975, 1978, 1982, 2052, 2054, 2078, 2082, 2103, 2124, 2160, 2167, 2208, 2226, 2230, 2248, 2298, 2329, 2331, 2355, 2382, 2399, 2420, 2426, 2430, 2511, 2526, 2563, 2579, 2586, 2612, 2671, 2713, 2739, 2753, 2773, 2784, 2812, 2868, 2930, 2939, 2948, 2957, 2967, 2976, 2996, 3001, 3019, 3039, 3044, 3055, 3117, 3129, 3162, 3191, 3212, 3238, 3269, 3307, 3328, 3360, 3391, 3393, 3420, 3462, 3467, 3469, 3477, 3490, 3526, 3536, 3545, 3556, 3562, 3575, 3592, 3610, 3612, 3636, 3648, 3655, 3674, 3685, 3695, 3710, 3714, 3732, 3758, 3791, 3831, 3874, 3914, 3992, 4004, 4040, 4063, 4114, 4175, 4218, 4232, 4244, 4247, 4332, 4425, 4435, 4486, 4509, 4545, 4580, 4613, 4644, 4652, 4672, 4697, 4702, 4718, 4751, 4759, 4786, 4799, 4849, 4859, 4883, 4906, 4912, 4922, 4936, 4943, 4977, 4986, 5014, 5025, 5044, 5087, 5128, 5147, 5158, 5210, 5226, 5234, 5284, 5302, 5358, 5360, 5368, 5375, 5419, 5449, 5454, 5525, 5533, 5543, 5550, 5552, 5556, 5608, 5612, 5623, 5702, 5708, 5719, 5740, 5742, 5786, 5810, 5822, 5825, 5841, 5850, 5864, 5888, 5899, 5904, 5911, 5996, 6125, 6142, 6158, 6171, 6192, 6205, 6220, 6315, 6332, 6337, 6350, 6352, 6354, 6356, 6358, 6360, 6362, 6364, 6366, 6368, 6370, 6372, 6374, 6376, 6378, 6380, 6382, 6384, 6386, 6390, 6399, 6409, 6414, 6487, 6507, 6509, 6513, 6549, 6559, 6561, 6624, 6682, 6723, 6728, 6766, 6773, 6826, 6877, 6948, 7009, 7037, 7048, 7054, 7088, 7096, 7109, 7125, 7190, 7199, 7211, 7255, 7277, 7317, 7328, 7367, 7379, 7398, 7415, 7445, 7454, 7465, 7472, 7508, 7529, 7570, 7643, 7655, 7663, 7705, 7737, 7775, 7777, 7803, 7851, 7853, 7858, 7877, 7969, 7976, 8039, 8054, 8058, 8066, 8156, 8360, 8363, 8384, 8388, 8404, 8501, 8534, 8537, 8546, 8664, 8683, 8689, 8704, 8725, 8747, 8760, 8800, 8858, 8871, 8961, 9094, 9154, 9187, 9196, 9209, 9238, 9252, 9270, 9298, 9377, 9402, 9413, 9448, 9451, 9460, 9550, 9555, 9574, 9603, 9607, 9643, 9704, 9741, 9762, 9820, 9827, 9852, 9898, 9901, 9911, 9964, 9973, 9976, 10011, 10090, 10107, 10139, 10150, 10242, 10273, 10323, 10330, 10337, 10381, 10410, 10444, 10485, 10493, 10522, 10631, 10680, 10695, 10698, 10704, 10730, 10767, 10770, 10819, 10839, 10855, 10874, 10982, 11034, 11064, 11091, 11101, 11104, 11112, 11213, 11255, 11275, 11285, 11287, 11403, 11415, 11443, 11474, 11487, 12191, 12194, 12226, 12313, 12426, 12442, 12456, 12518, 12575, 12583, 12593, 12611, 12623, 12626, 12632, 12640, 12688, 12746, 12776, 12792, 12825, 12860, 12868, 12875, 12888, 12966, 12981, 13003, 13076, 13092, 13124, 13139, 13156, 13183, 13194, 13221, 13247, 13259, 13291, 13296, 13298, 13345, 13369, 13408, 13417, 13427, 13447, 13486, 13560, 13588, 13593, 13595, 13606, 13635, 13670, 13706, 13739, 13762, 13851, 13854, 13859, 13871, 13890, 13915, 13944, 13951, 13956, 14061, 14073, 14113, 14117, 14121, 14143, 14155, 14206, 14229, 14238, 14247, 14251, 14264, 14272, 14304, 14352, 14422, 14435, 14446, 14452, 14465, 14488, 14498, 14546, 14551, 14562, 14588, 14593, 14606, 14608, 14679, 14695, 14699, 14715, 14754, 14771, 14773, 14779, 14785, 14795, 14798, 14811, 14829, 14837, 14878, 14890, 14938, 14943, 14982, 15007, 15018, 15056, 15061, 15064, 15078, 15101, 15122, 15146, 15150, 15159, 15164, 15191, 15226, 15234, 15255, 15290, 15302, 15402, 15412, 15418, 15468, 15498, 15521, 15549]","[8568, 10898, 11483]",15563,588,14975,3,585,14975,0
-1.5,HUMPEM,"[17, 65, 99, 102, 109, 130, 146, 224, 244, 248, 265, 287, 296, 314, 317, 394, 417, 422, 437, 457, 499, 544, 586, 590, 623, 626, 634, 654, 672, 693, 700, 717, 729, 743, 767, 779, 789, 799, 924, 934, 948, 955, 973, 985, 993, 997, 1027, 1033, 1060, 1064, 1123, 1127, 1151, 1175, 1283, 1316, 1330, 1445, 1451, 1472, 1510, 1537, 1541, 1555, 1577, 1609, 1643, 1669, 1678, 1684, 1729, 1787, 1847, 1909, 1954, 2081, 2101, 2155, 2266, 2270, 2421, 2433, 2444, 2446, 2449, 2452, 2460, 2465, 2468, 2471, 2480, 2493, 2504, 2516, 2539, 2548, 2562, 2580, 2583, 2586, 2614, 2634, 2654, 2700, 2707, 2762, 2764, 2788, 2850, 2854, 2859, 2882, 2895, 2922, 2928, 2940, 2973, 2977, 3009, 3056, 3060, 3064, 3133, 3164, 3177, 3186, 3203, 3238, 3266, 3297, 3304, 3309, 3314, 3352, 3416, 3490, 3498, 3546, 3590, 3600, 3633, 3663, 3676, 3691, 3735, 3745, 3751, 3783, 3806, 3816, 3833, 3844, 3865, 3894, 3904, 3921, 3975, 3977, 3979, 3991, 4019, 4027, 4099, 4102, 4137, 4144, 4158, 4166, 4168, 4170, 4210, 4221]","[934, 2266, 2421, 2707, 2973, 3203]","[17, 65, 99, 102, 109, 130, 146, 224, 244, 248, 265, 287, 296, 314, 317, 394, 417, 422, 437, 457, 499, 544, 586, 590, 623, 626, 634, 654, 672, 693, 700, 717, 729, 743, 767, 779, 789, 799, 924, 948, 955, 973, 985, 993, 997, 1027, 1033, 1060, 1064, 1123, 1127, 1151, 1175, 1283, 1316, 1330, 1445, 1451, 1472, 1510, 1537, 1541, 1555, 1577, 1609, 1643, 1669, 1678, 1684, 1729, 1787, 1847, 1909, 1954, 2081, 2101, 2155, 2270, 2433, 2444, 2446, 2449, 2452, 2460, 2465, 2468, 2471, 2480, 2493, 2504, 2516, 2539, 2548, 2562, 2580, 2583, 2586, 2614, 2634, 2654, 2700, 2762, 2764, 2788, 2850, 2854, 2859, 2882, 2895, 2922, 2928, 2940, 2977, 3009, 3056, 3060, 3064, 3133, 3164, 3177, 3186, 3238, 3266, 3297, 3304, 3309, 3314, 3352, 3416, 3490, 3498, 3546, 3590, 3600, 3633, 3663, 3676, 3691, 3735, 3745, 3751, 3783, 3806, 3816, 3833, 3844, 3865, 3894, 3904, 3921, 3975, 3977, 3979, 3991, 4019, 4027, 4099, 4102, 4137, 4144, 4158, 4166, 4168, 4170, 4210, 4221]","[934, 2266, 2421, 2707, 2973, 3203]",4235,172,4063,6,166,4063,0
-1.5,HUMPEPYYA,"[7, 20, 25, 67, 72, 95, 121, 138, 141, 169, 311, 316, 327, 338, 398, 422, 447, 584, 625, 647, 651, 691, 714, 727, 731, 734, 766, 790, 796, 843, 854, 859, 885, 899, 904, 924, 963, 965, 970, 1000, 1016, 1018, 1022, 1033, 1052, 1070, 1088, 1187, 1201, 1230, 1266, 1307, 1377, 1382, 1388, 1464, 1516, 1534, 1537, 1583, 1641, 1652, 1658, 1676, 1682, 1699, 1708, 1710, 1726, 1763, 1773, 1796, 1802, 1811, 1817, 1824, 1831, 1967, 1982, 1987, 1999, 2073, 2098, 2125, 2162, 2165, 2186, 2196, 2201, 2203, 2221, 2235, 2237, 2243, 2254, 2258, 2260, 2307, 2324, 2326]","[1201, 1388]","[7, 20, 25, 67, 72, 95, 121, 138, 141, 169, 311, 316, 327, 338, 398, 422, 447, 584, 625, 647, 651, 691, 714, 727, 731, 734, 766, 790, 796, 843, 854, 859, 885, 899, 904, 924, 963, 965, 970, 1000, 1016, 1018, 1022, 1033, 1052, 1070, 1088, 1187, 1230, 1266, 1307, 1377, 1382, 1464, 1516, 1534, 1537, 1583, 1641, 1652, 1658, 1676, 1682, 1699, 1708, 1710, 1726, 1763, 1773, 1796, 1802, 1811, 1817, 1824, 1831, 1967, 1982, 1987, 1999, 2073, 2098, 2125, 2162, 2165, 2186, 2196, 2201, 2203, 2221, 2235, 2237, 2243, 2254, 2258, 2260, 2307, 2324, 2326]","[1201, 1388]",2370,100,2270,2,98,2270,0
-1.5,HUMPF4V1A,"[4, 11, 23, 46, 67, 86, 104, 167, 175, 199, 298, 365, 381, 494, 501, 509, 514, 530, 562, 573, 607, 619, 628, 727, 733, 735, 737, 755, 785, 826, 847, 864, 923, 928, 1002, 1034, 1054, 1056, 1075, 1093, 1097, 1136, 1142, 1288, 1316, 1325, 1383, 1455]","[381, 826]","[4, 11, 23, 46, 67, 86, 104, 167, 175, 199, 298, 365, 494, 501, 509, 514, 530, 562, 573, 607, 619, 628, 727, 733, 735, 737, 755, 785, 847, 864, 923, 928, 1002, 1034, 1054, 1056, 1075, 1093, 1097, 1136, 1142, 1288, 1316, 1325, 1383, 1455]","[381, 826]",1460,48,1412,2,46,1412,0
-1.5,HUMPHOSA,"[87, 119, 121, 145, 221, 233, 298, 302, 312, 330, 364, 390, 399, 425, 427, 429, 501, 506, 536, 540, 551, 564, 570, 604, 619, 630, 633, 655, 671, 696, 720, 726, 750, 784, 794, 830, 839, 850, 875, 919, 979, 988, 1040, 1080, 1139, 1164, 1176, 1181, 1184, 1186, 1200, 1210, 1233, 1238, 1252, 1266, 1286, 1290, 1300, 1379, 1382, 1447, 1469, 1474, 1494, 1500, 1520, 1555, 1559, 1630, 1709, 1713, 1743, 1788, 1810, 1832, 1854, 1888, 1908, 1914, 1943, 2037, 2102, 2167, 2185, 2195, 2267, 2274, 2279, 2283, 2309, 2323, 2348, 2372, 2389, 2409, 2411, 2430, 2441, 2469, 2525, 2556, 2562, 2572, 2590, 2596, 2604, 2671, 2705, 2747, 2763, 2802, 2822, 2879, 2942, 2953, 2971, 2988, 3009, 3011, 3013, 3086, 3105, 3126, 3164, 3197, 3209, 3243, 3245, 3252, 3267, 3294, 3302, 3367, 3385, 3419, 3458, 3463, 3473, 3500, 3527, 3541, 3551, 3556, 3572, 3575, 3580, 3633, 3680, 3729, 3763, 3810, 3812, 3816, 3818, 3820, 3871, 3887, 4068, 4076, 4134, 4142, 4293, 4310, 4326, 4345, 4394, 4409, 4449, 4454, 4474, 4516, 4576, 4579, 4641, 4658, 4743, 4755, 4757, 4759, 4761, 4763, 4765, 4767, 4769, 4771, 4773, 4775, 4777, 4779, 4781, 4783, 4789, 4793, 4801, 4803, 4807, 4809, 4821, 4827, 4833, 4837]","[233, 850, 1494, 1810, 2323, 2988, 3209, 3729]","[87, 119, 121, 145, 221, 298, 302, 312, 330, 364, 390, 399, 425, 427, 429, 501, 506, 536, 540, 551, 564, 570, 604, 619, 630, 633, 655, 671, 696, 720, 726, 750, 784, 794, 830, 839, 875, 919, 979, 988, 1040, 1080, 1139, 1164, 1176, 1181, 1184, 1186, 1200, 1210, 1233, 1238, 1252, 1266, 1286, 1290, 1300, 1379, 1382, 1447, 1469, 1474, 1500, 1520, 1555, 1559, 1630, 1709, 1713, 1743, 1788, 1832, 1854, 1888, 1908, 1914, 1943, 2037, 2102, 2167, 2185, 2195, 2267, 2274, 2279, 2283, 2309, 2348, 2372, 2389, 2409, 2411, 2430, 2441, 2469, 2525, 2556, 2562, 2572, 2590, 2596, 2604, 2671, 2705, 2747, 2763, 2802, 2822, 2879, 2942, 2953, 2971, 3009, 3011, 3013, 3086, 3105, 3126, 3164, 3197, 3243, 3245, 3252, 3267, 3294, 3302, 3367, 3385, 3419, 3458, 3463, 3473, 3500, 3527, 3541, 3551, 3556, 3572, 3575, 3580, 3633, 3680, 3763, 3810, 3812, 3816, 3818, 3820, 3871, 3887, 4068, 4076, 4134, 4142, 4293, 4310, 4326, 4345, 4394, 4409, 4449, 4454, 4474, 4516, 4576, 4579, 4641, 4658, 4743, 4755, 4757, 4759, 4761, 4763, 4765, 4767, 4769, 4771, 4773, 4775, 4777, 4779, 4781, 4783, 4789, 4793, 4801, 4803, 4807, 4809, 4821, 4827, 4833, 4837]","[233, 850, 1494, 1810, 2323, 2988, 3209, 3729]",4884,202,4682,8,194,4682,0
-1.5,HUMPRCA,"[16, 32, 55, 71, 79, 81, 83, 85, 89, 96, 109, 116, 130, 136, 146, 202, 224, 250, 255, 272, 289, 327, 394, 441, 448, 488, 498, 521, 541, 547, 555, 581, 608, 635, 663, 684, 704, 715, 717, 753, 756, 784, 808, 860, 898, 929, 980, 982, 1021, 1043, 1048, 1053, 1055, 1068, 1089, 1122, 1143, 1146, 1215, 1228, 1267, 1272, 1281, 1283, 1292, 1294, 1345, 1349, 1360, 1385, 1419, 1447, 1475, 1478, 1481, 1532, 1612, 1657, 1687, 1691, 1714, 1719, 1741, 1750, 1759, 1777, 1790, 1914, 1916, 1932, 2053, 2076, 2114, 2120, 2133, 2157, 2161, 2201, 2234, 2254, 2304, 2309, 2354, 2371, 2403, 2460, 2510, 2613, 2654, 2692, 2696, 2705, 2761, 2852, 2913, 2920, 2937, 2975, 3005, 3007, 3025, 3028, 3030, 3044, 3092, 3114, 3136, 3161, 3181, 3200, 3217, 3438, 3488, 3499, 3518, 3545, 3567, 3584, 3619, 3631, 3676, 3703, 3737, 3743, 3751, 3781, 3796, 3839, 3841, 3846, 3856, 3877, 3879, 3883, 3886, 3995, 3997, 3999, 4001, 4003, 4045, 4085, 4098, 4102, 4121, 4151, 4157, 4167, 4170, 4175, 4184, 4265, 4310, 4423, 4447, 4491, 4511, 4572, 4576, 4584, 4593, 4634, 4641, 4746, 4770, 4778, 4791, 4814, 4827, 4863, 4879, 4905, 4979, 5114, 5118, 5122, 5201, 5213, 5220, 5227, 5247, 5259, 5277, 5348, 5361, 5399, 5452, 5512, 5528, 5534, 5571, 5585, 5624, 5631, 5674, 5701, 5747, 5870, 5873, 5889, 5897, 5913, 5932, 5968, 6079, 6173, 6188, 6420, 6430, 6496, 6549, 6560, 6568, 6570, 6574, 6583, 6604, 6631, 6648, 6737, 6777, 6802, 6827, 6856, 6933, 6941, 6948, 6952, 6967, 6980, 7002, 7078, 7100, 7117, 7123, 7132, 7154, 7157, 7205, 7218, 7247, 7252, 7256, 7345, 7350, 7409, 7418, 7428, 7445, 7470, 7579, 7615, 7666, 7703, 7719, 7788, 7822, 7839, 7875, 7878, 7883, 7917, 7921, 7928, 7960, 7994, 8011, 8015, 8028, 8047, 8055, 8128, 8137, 8156, 8164, 8203, 8215, 8252, 8265, 8301, 8339, 8396, 8421, 8426, 8433, 8473, 8506, 8524, 8580, 8584, 8614, 8630, 8733, 8773, 8815, 8821, 8853, 8881, 9026, 9030, 9032, 9042, 9054, 9063, 9117, 9189, 9206, 9225, 9241, 9269, 9311, 9332, 9377, 9387, 9430, 9456, 9479, 9515, 9538, 9561, 9570, 9580, 9595, 9620, 9636, 9640, 9694, 9696, 9716, 9749, 9780, 9884, 9970, 9978, 10003, 10026, 10055, 10083, 10088, 10113, 10130, 10172, 10176, 10178, 10185, 10195, 10229, 10242, 10290, 10316, 10331, 10349, 10363, 10374, 10376, 10380, 10395, 10440, 10444, 10459, 10498, 10520, 10544, 10572, 10665, 10734, 10818, 10821, 10835, 10845, 10860, 10877, 10879, 10924, 10938, 10961, 10968, 10977, 10987, 10996, 11031, 11165, 11229, 11252, 11300, 11305, 11325, 11345, 11347, 11439, 11461, 11500, 11508, 11542, 11551, 11560, 11583, 11602, 11649, 11656, 11658, 11679, 11706, 11708, 11712]","[2201, 3631, 5118, 5348, 5585, 8396, 9387]","[16, 32, 55, 71, 79, 81, 83, 85, 89, 96, 109, 116, 130, 136, 146, 202, 224, 250, 255, 272, 289, 327, 394, 441, 448, 488, 498, 521, 541, 547, 555, 581, 608, 635, 663, 684, 704, 715, 717, 753, 756, 784, 808, 860, 898, 929, 980, 982, 1021, 1043, 1048, 1053, 1055, 1068, 1089, 1122, 1143, 1146, 1215, 1228, 1267, 1272, 1281, 1283, 1292, 1294, 1345, 1349, 1360, 1385, 1419, 1447, 1475, 1478, 1481, 1532, 1612, 1657, 1687, 1691, 1714, 1719, 1741, 1750, 1759, 1777, 1790, 1914, 1916, 1932, 2053, 2076, 2114, 2120, 2133, 2157, 2161, 2234, 2254, 2304, 2309, 2354, 2371, 2403, 2460, 2510, 2613, 2654, 2692, 2696, 2705, 2761, 2852, 2913, 2920, 2937, 2975, 3005, 3007, 3025, 3028, 3030, 3044, 3092, 3114, 3136, 3161, 3181, 3200, 3217, 3438, 3488, 3499, 3518, 3545, 3567, 3584, 3619, 3676, 3703, 3737, 3743, 3751, 3781, 3796, 3839, 3841, 3846, 3856, 3877, 3879, 3883, 3886, 3995, 3997, 3999, 4001, 4003, 4045, 4085, 4098, 4102, 4121, 4151, 4157, 4167, 4170, 4175, 4184, 4265, 4310, 4423, 4447, 4491, 4511, 4572, 4576, 4584, 4593, 4634, 4641, 4746, 4770, 4778, 4791, 4814, 4827, 4863, 4879, 4905, 4979, 5114, 5122, 5201, 5213, 5220, 5227, 5247, 5259, 5277, 5361, 5399, 5452, 5512, 5528, 5534, 5571, 5624, 5631, 5674, 5701, 5747, 5870, 5873, 5889, 5897, 5913, 5932, 5968, 6079, 6173, 6188, 6420, 6430, 6496, 6549, 6560, 6568, 6570, 6574, 6583, 6604, 6631, 6648, 6737, 6777, 6802, 6827, 6856, 6933, 6941, 6948, 6952, 6967, 6980, 7002, 7078, 7100, 7117, 7123, 7132, 7154, 7157, 7205, 7218, 7247, 7252, 7256, 7345, 7350, 7409, 7418, 7428, 7445, 7470, 7579, 7615, 7666, 7703, 7719, 7788, 7822, 7839, 7875, 7878, 7883, 7917, 7921, 7928, 7960, 7994, 8011, 8015, 8028, 8047, 8055, 8128, 8137, 8156, 8164, 8203, 8215, 8252, 8265, 8301, 8339, 8421, 8426, 8433, 8473, 8506, 8524, 8580, 8584, 8614, 8630, 8733, 8773, 8815, 8821, 8853, 8881, 9026, 9030, 9032, 9042, 9054, 9063, 9117, 9189, 9206, 9225, 9241, 9269, 9311, 9332, 9377, 9430, 9456, 9479, 9515, 9538, 9561, 9570, 9580, 9595, 9620, 9636, 9640, 9694, 9696, 9716, 9749, 9780, 9884, 9970, 9978, 10003, 10026, 10055, 10083, 10088, 10113, 10130, 10172, 10176, 10178, 10185, 10195, 10229, 10242, 10290, 10316, 10331, 10349, 10363, 10374, 10376, 10380, 10395, 10440, 10444, 10459, 10498, 10520, 10544, 10572, 10665, 10734, 10818, 10821, 10835, 10845, 10860, 10877, 10879, 10924, 10938, 10961, 10968, 10977, 10987, 10996, 11031, 11165, 11229, 11252, 11300, 11305, 11325, 11345, 11347, 11439, 11461, 11500, 11508, 11542, 11551, 11560, 11583, 11602, 11649, 11656, 11658, 11679, 11706, 11708, 11712]","[2201, 3631, 5118, 5348, 5585, 8396, 9387]",11717,425,11292,7,418,11292,0
-1.5,HUMPREELAS,"[51, 59, 68, 81, 91, 96, 100, 132, 137, 159, 180, 201, 209, 236, 253, 274, 282, 314, 319, 341, 369, 386, 423, 478, 541, 544, 547, 571, 586, 596, 600, 608, 625, 686, 761, 772, 787, 807, 817, 822, 826, 848, 858, 867, 906, 950, 957, 972, 1044, 1054, 1070, 1099, 1107, 1121, 1161, 1180, 1191, 1220, 1261, 1266, 1301, 1303, 1316, 1318, 1341, 1357, 1364, 1420, 1428, 1465, 1476, 1486, 1524, 1537, 1548, 1566, 1573, 1619, 1682, 1687, 1711, 1724, 1729, 1785, 1802, 1806, 1817, 1820, 1827, 1854, 1875, 1914, 1924, 1971, 1986, 2147, 2191, 2216, 2232, 2240]",[596],"[51, 59, 68, 81, 91, 96, 100, 132, 137, 159, 180, 201, 209, 236, 253, 274, 282, 314, 319, 341, 369, 386, 423, 478, 541, 544, 547, 571, 586, 600, 608, 625, 686, 761, 772, 787, 807, 817, 822, 826, 848, 858, 867, 906, 950, 957, 972, 1044, 1054, 1070, 1099, 1107, 1121, 1161, 1180, 1191, 1220, 1261, 1266, 1301, 1303, 1316, 1318, 1341, 1357, 1364, 1420, 1428, 1465, 1476, 1486, 1524, 1537, 1548, 1566, 1573, 1619, 1682, 1687, 1711, 1724, 1729, 1785, 1802, 1806, 1817, 1820, 1827, 1854, 1875, 1914, 1924, 1971, 1986, 2147, 2191, 2216, 2232, 2240]",[596],2291,100,2191,1,99,2191,0
-1.5,HUMPRPHX,"[42, 71, 75, 81, 92, 163, 231, 287, 292, 303, 317, 348, 379, 416, 444, 482, 515, 521, 532, 568, 572, 627, 677, 693, 736, 778, 815, 856, 865, 963, 982, 1143, 1229, 1271, 1285, 1293, 1299, 1346, 1373, 1384, 1395, 1451, 1453, 1475, 1477, 1479, 1512, 1541, 1551, 1560, 1564, 1570, 1583, 1613, 1617, 1712, 1717, 1724, 1772, 1777, 1823, 1838, 1860, 1892, 1902, 1911, 1931, 1981, 2034, 2127, 2131, 2140, 2152, 2161, 2164, 2169, 2172, 2191, 2232, 2263, 2266, 2311, 2334, 2357, 2388, 2416, 2429, 2438, 2480, 2502, 2506, 2508, 2523, 2532, 2538, 2550, 2594, 2639, 2652, 2691, 2694, 2725, 2742, 2754, 2841, 2848, 2869, 2873, 2993, 3089, 3108, 3173, 3179, 3208, 3279, 3322, 3326, 3342, 3436, 3488, 3552, 3561, 3597, 3633, 3642, 3719, 3723, 3761, 3789, 3802, 3825, 3837, 3854, 3883, 3886, 3914, 3957, 4040, 4051, 4054, 4136, 4145, 4221, 4225, 4235, 4269, 4288, 4302, 4308, 4310, 4312, 4314, 4319, 4344, 4364, 4382, 4488]","[1346, 1838, 2127, 2652, 2869, 3173, 3322, 3633]","[42, 71, 75, 81, 92, 163, 231, 287, 292, 303, 317, 348, 379, 416, 444, 482, 515, 521, 532, 568, 572, 627, 677, 693, 736, 778, 815, 856, 865, 963, 982, 1143, 1229, 1271, 1285, 1293, 1299, 1373, 1384, 1395, 1451, 1453, 1475, 1477, 1479, 1512, 1541, 1551, 1560, 1564, 1570, 1583, 1613, 1617, 1712, 1717, 1724, 1772, 1777, 1823, 1860, 1892, 1902, 1911, 1931, 1981, 2034, 2131, 2140, 2152, 2161, 2164, 2169, 2172, 2191, 2232, 2263, 2266, 2311, 2334, 2357, 2388, 2416, 2429, 2438, 2480, 2502, 2506, 2508, 2523, 2532, 2538, 2550, 2594, 2639, 2691, 2694, 2725, 2742, 2754, 2841, 2848, 2873, 2993, 3089, 3108, 3179, 3208, 3279, 3326, 3342, 3436, 3488, 3552, 3561, 3597, 3642, 3719, 3723, 3761, 3789, 3802, 3825, 3837, 3854, 3883, 3886, 3914, 3957, 4040, 4051, 4054, 4136, 4145, 4221, 4225, 4235, 4269, 4288, 4302, 4308, 4310, 4312, 4314, 4319, 4344, 4364, 4382, 4488]","[1346, 1838, 2127, 2652, 2869, 3173, 3322, 3633]",4524,157,4367,8,149,4367,0
-1.5,HUMRCC1,"[16, 60, 92, 108, 138, 147, 158, 181, 234, 246, 258, 322, 336, 377, 382, 399, 449, 466, 486, 560, 565, 618, 621, 638, 642, 644, 654, 658, 660, 686, 690, 708, 737, 777, 781, 805, 832, 847, 884, 909, 929, 939, 943, 952, 973, 1000, 1017, 1046, 1067, 1085, 1099, 1105, 1127, 1186, 1225, 1380, 1398, 1400, 1425, 1434, 1455, 1468, 1490, 1540, 1556, 1564, 1573, 1608, 1618, 1637, 1654, 1708, 1722, 1738, 1743, 1768, 1808, 1817, 1827, 1850, 1853, 1891, 1922, 1939, 1964, 1969, 1999, 2020, 2042, 2044, 2205, 2210, 2213, 2240, 2246, 2259, 2285, 2330, 2339, 2350, 2360, 2364, 2373, 2392, 2422, 2437, 2499, 2519, 2554, 2581, 2589, 2633, 2640, 2648, 2697, 2711, 2715, 2765, 2800, 2804, 2875, 2883, 2914, 2933, 2948, 2955, 2958, 2973, 2980, 3009, 3011, 3051, 3055, 3076, 3080, 3114, 3130, 3155, 3189, 3209, 3231, 3233, 3271, 3315, 3337, 3451, 3455, 3485, 3524, 3571, 3574, 3579, 3614, 3670, 3690, 3703, 3782, 3810, 3812, 3816, 3819, 3839, 3886, 3918, 3936, 3938, 3963, 3972, 3983, 4024, 4051, 4068, 4094, 4108, 4114, 4153, 4185, 4202, 4208, 4214, 4217, 4242, 4304, 4379, 4383, 4389, 4394, 4405, 4432, 4434, 4437, 4455, 4468, 4471, 4491, 4555, 4614, 4654, 4681, 4692, 4722, 4733, 4737, 4748, 4753, 4760, 4779, 4787, 4793, 4797, 4831, 4872, 4880, 4896, 4916, 4929, 4991, 5001, 5005, 5034, 5037, 5039, 5047, 5089, 5092, 5129, 5137, 5175, 5181, 5191, 5210, 5221, 5297, 5353, 5366, 5370, 5388, 5398, 5421, 5426, 5445, 5454, 5479, 5483, 5489, 5498, 5539, 5545, 5558, 5562, 5566, 5574, 5653, 5664, 5670, 5686, 5698, 5741, 5787, 5810, 5827, 5831, 5837, 5854, 5867, 5905, 5931, 6001, 6006, 6061, 6092, 6101, 6112, 6122, 6135, 6154, 6181, 6198, 6261, 6305, 6337, 6395, 6405, 6415, 6428, 6449, 6476, 6478, 6493, 6574, 6579, 6584, 6650, 6709, 6720, 6730, 6743, 6765, 6792, 6934, 6941, 6954, 7013, 7022, 7034, 7039, 7136, 7172, 7214, 7271, 7352, 7368, 7437, 7442, 7468, 7529, 7559, 7581, 7600, 7627, 7642, 7644, 7711, 7716, 7755, 7770, 7802, 7811, 7822, 7837, 7842, 7881, 7920, 7959, 7967, 7978, 7988, 8001, 8025, 8049, 8076, 8110, 8114, 8121, 8134, 8198, 8228, 8295, 8304, 8307, 8324, 8349, 8358, 8369, 8392, 8440, 8537, 8540, 8572, 8620, 8625, 8628, 8638, 8695, 8701, 8714, 8774, 8862, 8905, 8908, 8915, 8921, 8974, 8986, 9080, 9085, 9098, 9143, 9150, 9219, 9291, 9297, 9388, 9401, 9448, 9464, 9526, 9560, 9595, 9614, 9691, 9745, 9748, 9751, 9761, 9826, 9869, 9908, 9911, 9921, 9960, 10003, 10040, 10051, 10053, 10084, 10098, 10130, 10175, 10178, 10182, 10184, 10188, 10246, 10252, 10366, 10384, 10419, 10428, 10460, 10470, 10505, 10518, 10535, 10549, 10563, 10597, 10642, 10654, 10711, 10754, 10787, 10793, 10810, 10812, 10880, 10886, 10919, 10938, 11001, 11003, 11057, 11064, 11081, 11120, 11134, 11158, 11264, 11323, 11329, 11364, 11411, 11415, 11431, 11450, 11455, 11470, 11511, 11543, 11547, 11567, 11594, 11649, 11749, 11772, 11793, 11879, 11948, 12027, 12030, 12037, 12049, 12118, 12134, 12150, 12153, 12168, 12204, 12217, 12232, 12290, 12293, 12303, 12318, 12481, 12520, 12554, 12563, 12573, 12577, 12600, 12616, 12647, 12682, 12684, 12705, 12731, 12886, 12916, 12937, 12967, 13006, 13010, 13013, 13027, 13037, 13054, 13056, 13082, 13086, 13144, 13147, 13164, 13166, 13216, 13254, 13256, 13263, 13265, 13279, 13284, 13286, 13288, 13293, 13360, 13365, 13381, 13409, 13417, 13420, 13431, 13455, 13471, 13477, 13485, 13501, 13510, 13527, 13556, 13566, 13571, 13573, 13600, 13634, 13642, 13782, 13794, 13805, 13816, 13819, 13879, 13884, 13997, 14014, 14025, 14035, 14048, 14069, 14097, 14112, 14114, 14166, 14182, 14185, 14190, 14195, 14228, 14263, 14290, 14298, 14300, 14345, 14348, 14368, 14382, 14384, 14400, 14402, 14431, 14531, 14533, 14558, 14601, 14604, 14609, 14619, 14664, 14697, 14702, 14708, 14728, 14738, 14770, 14779, 14814, 14829, 14853, 14867, 14877, 14892, 14907, 14936, 14960, 14965, 14967, 14977, 15037, 15068, 15081, 15108, 15126, 15158, 15203, 15206, 15213, 15220, 15278, 15284, 15296, 15324, 15336, 15385, 15394, 15398, 15416, 15421, 15430, 15440, 15471, 15492, 15505, 15532, 15536, 15548, 15580, 15621, 15626, 15639, 15679, 15704, 15791, 15833, 15894, 15946, 15949, 16013, 16069, 16128, 16145, 16160, 16192, 16241, 16252, 16258, 16280, 16295, 16316, 16320, 16328, 16362, 16367, 16379, 16389, 16395, 16406, 16465, 16482, 16497, 16526, 16543, 16557, 16574, 16578, 16594, 16596, 16616, 16642, 16647, 16651, 16660, 16691, 16757, 16764, 16796, 16818, 16830, 16836, 16861, 16886, 16935, 16938, 16941, 16951, 16986, 17004, 17010, 17016, 17023, 17025, 17029, 17060, 17097, 17164, 17182, 17316, 17340, 17345, 17350, 17384, 17416, 17462, 17471, 17482, 17490, 17493, 17539, 17556, 17617, 17630, 17659, 17699, 17704, 17715, 17726, 17729, 17780, 17811, 17853, 17873, 17906, 17950, 17954, 18030, 18067, 18082, 18121, 18129, 18197, 18218, 18240, 18249, 18270, 18274, 18283, 18304, 18348, 18358, 18491, 18505, 18517, 18558, 18589, 18671, 18676, 18683, 18716, 18741, 18787, 18795, 18840, 18905, 18972, 18975, 18978, 18988, 19022, 19025, 19037, 19066, 19121, 19131, 19178, 19183, 19223, 19272, 19296, 19340, 19354, 19357, 19384, 19407, 19446, 19463, 19490, 19495, 19502, 19524, 19540, 19548, 19619, 19622, 19638, 19704, 19750, 19784, 19815, 19827, 19829, 19841, 19855, 19887, 19892, 19919, 19934, 19989, 20007, 20045, 20057, 20096, 20138, 20190, 20200, 20245, 20264, 20280, 20311, 20402, 20415, 20442, 20468, 20487, 20525, 20572, 20593, 20650, 20685, 20724, 20726, 20752, 20794, 20834, 20849, 20878, 20891, 20918, 20922, 20967, 21013, 21026, 21036, 21086, 21092, 21105, 21127, 21145, 21216, 21231, 21259, 21282, 21286, 21296, 21303, 21316, 21355, 21401, 21457, 21487, 21493, 21517, 21519, 21544, 21549, 21620, 21638, 21665, 21688, 21698, 21711, 21759, 21774, 21779, 21877, 21981, 22007, 22033, 22037, 22051, 22124, 22127, 22140, 22193, 22199, 22205, 22287, 22297, 22304, 22318, 22349, 22370, 22395, 22441, 22486, 22506, 22531, 22571, 22576, 22579, 22583, 22589, 22648, 22688, 22748, 22761, 22814, 22820, 22826, 22845, 22868, 22902, 22955, 22987, 23048, 23125, 23133, 23166, 23173, 23250, 23265, 23295, 23316, 23327, 23337, 23350, 23371, 23398, 23406, 23423, 23471, 23496, 23501, 23540, 23572, 23588, 23600, 23617, 23626, 23637, 23647, 23660, 23681, 23708, 23710, 23725, 23745, 23894, 23919, 23934, 23949, 23960, 23964, 24003, 24011, 24031, 24042, 24044, 24058, 24079, 24100, 24130, 24157, 24194, 24201, 24205, 24223, 24227, 24233, 24298, 24300, 24306, 24332, 24339, 24375, 24464, 24477, 24544, 24560, 24603, 24620, 24622, 24665, 24671, 24674, 24742, 24744, 24765, 24767, 24771, 24801, 24814, 24839, 24880, 24901, 24925, 24975, 25032, 25071, 25081, 25094, 25187, 25204, 25247, 25256, 25287, 25330, 25343, 25402, 25525, 25557, 25596, 25602, 25628, 25650, 25663, 25685, 25712, 25727, 25729, 25780, 25787, 25817, 25826, 25857, 25866, 25920, 25924, 25950, 25970, 26008, 26040, 26065, 26089, 26108, 26116, 26143, 26164, 26194, 26196, 26210, 26218, 26222, 26224, 26242, 26259, 26264, 26303, 26327, 26334, 26368, 26389, 26399, 26427, 26450, 26468, 26480, 26498, 26501, 26507, 26509, 26523, 26553, 26579, 26589, 26597, 26606, 26611, 26669, 26679, 26701, 26742, 26791, 26793, 26798, 26808, 26812, 26816, 26833, 26950, 26952, 26989, 26999, 27001, 27020, 27054, 27098, 27174, 27220, 27230, 27249, 27251, 27264, 27283, 27309, 27397, 27447, 27474, 27481, 27494, 27519, 27528, 27539, 27547, 27562, 27602, 27646, 27655, 27697, 27760, 27790, 27798, 27838, 27894, 27923, 27925, 27936, 27961, 27967, 27973, 27985, 27991, 27994, 28000, 28010, 28014, 28041, 28135, 28154, 28199, 28201, 28223, 28226, 28244, 28257, 28295, 28324, 28327, 28351, 28354, 28356, 28360, 28388, 28458, 28476, 28482, 28523, 28534, 28547, 28556, 28579, 28693, 28695, 28697, 28701, 28715, 28748, 28756, 28758, 28760, 28793, 28818, 28856, 28858, 28893, 28926, 28965, 28981, 29015, 29020, 29047, 29058, 29198, 29211, 29228, 29247, 29271, 29279, 29325, 29340, 29356, 29379, 29405, 29417, 29419, 29440, 29533, 29566, 29641, 29667, 29723, 29730, 29741, 29746, 29753, 29766, 29770, 29794, 29808, 29814, 29840, 29867, 29879, 29881, 29885, 29942, 29959, 29965, 30000, 30046, 30085, 30108, 30172, 30203, 30205, 30213, 30231, 30235, 30256, 30261, 30284, 30298, 30324, 30338, 30349, 30361, 30415, 30422, 30438, 30443, 30483, 30485, 30487, 30496, 30506, 30570, 30575, 30628, 30648, 30674, 30697, 30771, 30802, 30804, 30816, 30933, 30979, 30981, 31128, 31163, 31169, 31216, 31221, 31239, 31271, 31313, 31334, 31359, 31387, 31424, 31472, 31513, 31524, 31531, 31610, 31617, 31628, 31672, 31696, 31698, 31741, 31746, 31786, 31903, 31946, 31966, 31971, 31987, 32000, 32004, 32006, 32012, 32032, 32040, 32072, 32118, 32134, 32193, 32208, 32234, 32252, 32281, 32338, 32349, 32359, 32363, 32372, 32418, 32435, 32480, 32504, 32512, 32514, 32548, 32554, 32573, 32580, 32679, 32684, 32755, 32775, 32802, 32811, 32822, 32832, 32845, 32891, 32975, 32980, 32983, 32985, 33025, 33042, 33052, 33070, 33098, 33107, 33137, 33141, 33160, 33187, 33226, 33278, 33284, 33298, 33331, 33388, 33404, 33439, 33451, 33470, 33486, 33503, 33513, 33636, 33644, 33667, 33695, 33700, 33755, 33789, 33824, 33889, 33980, 33987, 34023, 34055, 34065, 34071, 34081, 34138, 34161, 34167, 34197, 34223, 34266, 34272, 34298, 34318, 34343, 34352, 34363, 34373, 34386, 34406, 34432, 34481, 34493, 34504, 34509, 34527, 34544, 34550, 34571, 34597, 34599, 34616, 34632]","[24201, 26218, 26579, 28010, 28244, 28893, 29247, 29766]","[16, 60, 92, 108, 138, 147, 158, 181, 234, 246, 258, 322, 336, 377, 382, 399, 449, 466, 486, 560, 565, 618, 621, 638, 642, 644, 654, 658, 660, 686, 690, 708, 737, 777, 781, 805, 832, 847, 884, 909, 929, 939, 943, 952, 973, 1000, 1017, 1046, 1067, 1085, 1099, 1105, 1127, 1186, 1225, 1380, 1398, 1400, 1425, 1434, 1455, 1468, 1490, 1540, 1556, 1564, 1573, 1608, 1618, 1637, 1654, 1708, 1722, 1738, 1743, 1768, 1808, 1817, 1827, 1850, 1853, 1891, 1922, 1939, 1964, 1969, 1999, 2020, 2042, 2044, 2205, 2210, 2213, 2240, 2246, 2259, 2285, 2330, 2339, 2350, 2360, 2364, 2373, 2392, 2422, 2437, 2499, 2519, 2554, 2581, 2589, 2633, 2640, 2648, 2697, 2711, 2715, 2765, 2800, 2804, 2875, 2883, 2914, 2933, 2948, 2955, 2958, 2973, 2980, 3009, 3011, 3051, 3055, 3076, 3080, 3114, 3130, 3155, 3189, 3209, 3231, 3233, 3271, 3315, 3337, 3451, 3455, 3485, 3524, 3571, 3574, 3579, 3614, 3670, 3690, 3703, 3782, 3810, 3812, 3816, 3819, 3839, 3886, 3918, 3936, 3938, 3963, 3972, 3983, 4024, 4051, 4068, 4094, 4108, 4114, 4153, 4185, 4202, 4208, 4214, 4217, 4242, 4304, 4379, 4383, 4389, 4394, 4405, 4432, 4434, 4437, 4455, 4468, 4471, 4491, 4555, 4614, 4654, 4681, 4692, 4722, 4733, 4737, 4748, 4753, 4760, 4779, 4787, 4793, 4797, 4831, 4872, 4880, 4896, 4916, 4929, 4991, 5001, 5005, 5034, 5037, 5039, 5047, 5089, 5092, 5129, 5137, 5175, 5181, 5191, 5210, 5221, 5297, 5353, 5366, 5370, 5388, 5398, 5421, 5426, 5445, 5454, 5479, 5483, 5489, 5498, 5539, 5545, 5558, 5562, 5566, 5574, 5653, 5664, 5670, 5686, 5698, 5741, 5787, 5810, 5827, 5831, 5837, 5854, 5867, 5905, 5931, 6001, 6006, 6061, 6092, 6101, 6112, 6122, 6135, 6154, 6181, 6198, 6261, 6305, 6337, 6395, 6405, 6415, 6428, 6449, 6476, 6478, 6493, 6574, 6579, 6584, 6650, 6709, 6720, 6730, 6743, 6765, 6792, 6934, 6941, 6954, 7013, 7022, 7034, 7039, 7136, 7172, 7214, 7271, 7352, 7368, 7437, 7442, 7468, 7529, 7559, 7581, 7600, 7627, 7642, 7644, 7711, 7716, 7755, 7770, 7802, 7811, 7822, 7837, 7842, 7881, 7920, 7959, 7967, 7978, 7988, 8001, 8025, 8049, 8076, 8110, 8114, 8121, 8134, 8198, 8228, 8295, 8304, 8307, 8324, 8349, 8358, 8369, 8392, 8440, 8537, 8540, 8572, 8620, 8625, 8628, 8638, 8695, 8701, 8714, 8774, 8862, 8905, 8908, 8915, 8921, 8974, 8986, 9080, 9085, 9098, 9143, 9150, 9219, 9291, 9297, 9388, 9401, 9448, 9464, 9526, 9560, 9595, 9614, 9691, 9745, 9748, 9751, 9761, 9826, 9869, 9908, 9911, 9921, 9960, 10003, 10040, 10051, 10053, 10084, 10098, 10130, 10175, 10178, 10182, 10184, 10188, 10246, 10252, 10366, 10384, 10419, 10428, 10460, 10470, 10505, 10518, 10535, 10549, 10563, 10597, 10642, 10654, 10711, 10754, 10787, 10793, 10810, 10812, 10880, 10886, 10919, 10938, 11001, 11003, 11057, 11064, 11081, 11120, 11134, 11158, 11264, 11323, 11329, 11364, 11411, 11415, 11431, 11450, 11455, 11470, 11511, 11543, 11547, 11567, 11594, 11649, 11749, 11772, 11793, 11879, 11948, 12027, 12030, 12037, 12049, 12118, 12134, 12150, 12153, 12168, 12204, 12217, 12232, 12290, 12293, 12303, 12318, 12481, 12520, 12554, 12563, 12573, 12577, 12600, 12616, 12647, 12682, 12684, 12705, 12731, 12886, 12916, 12937, 12967, 13006, 13010, 13013, 13027, 13037, 13054, 13056, 13082, 13086, 13144, 13147, 13164, 13166, 13216, 13254, 13256, 13263, 13265, 13279, 13284, 13286, 13288, 13293, 13360, 13365, 13381, 13409, 13417, 13420, 13431, 13455, 13471, 13477, 13485, 13501, 13510, 13527, 13556, 13566, 13571, 13573, 13600, 13634, 13642, 13782, 13794, 13805, 13816, 13819, 13879, 13884, 13997, 14014, 14025, 14035, 14048, 14069, 14097, 14112, 14114, 14166, 14182, 14185, 14190, 14195, 14228, 14263, 14290, 14298, 14300, 14345, 14348, 14368, 14382, 14384, 14400, 14402, 14431, 14531, 14533, 14558, 14601, 14604, 14609, 14619, 14664, 14697, 14702, 14708, 14728, 14738, 14770, 14779, 14814, 14829, 14853, 14867, 14877, 14892, 14907, 14936, 14960, 14965, 14967, 14977, 15037, 15068, 15081, 15108, 15126, 15158, 15203, 15206, 15213, 15220, 15278, 15284, 15296, 15324, 15336, 15385, 15394, 15398, 15416, 15421, 15430, 15440, 15471, 15492, 15505, 15532, 15536, 15548, 15580, 15621, 15626, 15639, 15679, 15704, 15791, 15833, 15894, 15946, 15949, 16013, 16069, 16128, 16145, 16160, 16192, 16241, 16252, 16258, 16280, 16295, 16316, 16320, 16328, 16362, 16367, 16379, 16389, 16395, 16406, 16465, 16482, 16497, 16526, 16543, 16557, 16574, 16578, 16594, 16596, 16616, 16642, 16647, 16651, 16660, 16691, 16757, 16764, 16796, 16818, 16830, 16836, 16861, 16886, 16935, 16938, 16941, 16951, 16986, 17004, 17010, 17016, 17023, 17025, 17029, 17060, 17097, 17164, 17182, 17316, 17340, 17345, 17350, 17384, 17416, 17462, 17471, 17482, 17490, 17493, 17539, 17556, 17617, 17630, 17659, 17699, 17704, 17715, 17726, 17729, 17780, 17811, 17853, 17873, 17906, 17950, 17954, 18030, 18067, 18082, 18121, 18129, 18197, 18218, 18240, 18249, 18270, 18274, 18283, 18304, 18348, 18358, 18491, 18505, 18517, 18558, 18589, 18671, 18676, 18683, 18716, 18741, 18787, 18795, 18840, 18905, 18972, 18975, 18978, 18988, 19022, 19025, 19037, 19066, 19121, 19131, 19178, 19183, 19223, 19272, 19296, 19340, 19354, 19357, 19384, 19407, 19446, 19463, 19490, 19495, 19502, 19524, 19540, 19548, 19619, 19622, 19638, 19704, 19750, 19784, 19815, 19827, 19829, 19841, 19855, 19887, 19892, 19919, 19934, 19989, 20007, 20045, 20057, 20096, 20138, 20190, 20200, 20245, 20264, 20280, 20311, 20402, 20415, 20442, 20468, 20487, 20525, 20572, 20593, 20650, 20685, 20724, 20726, 20752, 20794, 20834, 20849, 20878, 20891, 20918, 20922, 20967, 21013, 21026, 21036, 21086, 21092, 21105, 21127, 21145, 21216, 21231, 21259, 21282, 21286, 21296, 21303, 21316, 21355, 21401, 21457, 21487, 21493, 21517, 21519, 21544, 21549, 21620, 21638, 21665, 21688, 21698, 21711, 21759, 21774, 21779, 21877, 21981, 22007, 22033, 22037, 22051, 22124, 22127, 22140, 22193, 22199, 22205, 22287, 22297, 22304, 22318, 22349, 22370, 22395, 22441, 22486, 22506, 22531, 22571, 22576, 22579, 22583, 22589, 22648, 22688, 22748, 22761, 22814, 22820, 22826, 22845, 22868, 22902, 22955, 22987, 23048, 23125, 23133, 23166, 23173, 23250, 23265, 23295, 23316, 23327, 23337, 23350, 23371, 23398, 23406, 23423, 23471, 23496, 23501, 23540, 23572, 23588, 23600, 23617, 23626, 23637, 23647, 23660, 23681, 23708, 23710, 23725, 23745, 23894, 23919, 23934, 23949, 23960, 23964, 24003, 24011, 24031, 24042, 24044, 24058, 24079, 24100, 24130, 24157, 24194, 24205, 24223, 24227, 24233, 24298, 24300, 24306, 24332, 24339, 24375, 24464, 24477, 24544, 24560, 24603, 24620, 24622, 24665, 24671, 24674, 24742, 24744, 24765, 24767, 24771, 24801, 24814, 24839, 24880, 24901, 24925, 24975, 25032, 25071, 25081, 25094, 25187, 25204, 25247, 25256, 25287, 25330, 25343, 25402, 25525, 25557, 25596, 25602, 25628, 25650, 25663, 25685, 25712, 25727, 25729, 25780, 25787, 25817, 25826, 25857, 25866, 25920, 25924, 25950, 25970, 26008, 26040, 26065, 26089, 26108, 26116, 26143, 26164, 26194, 26196, 26210, 26222, 26224, 26242, 26259, 26264, 26303, 26327, 26334, 26368, 26389, 26399, 26427, 26450, 26468, 26480, 26498, 26501, 26507, 26509, 26523, 26553, 26589, 26597, 26606, 26611, 26669, 26679, 26701, 26742, 26791, 26793, 26798, 26808, 26812, 26816, 26833, 26950, 26952, 26989, 26999, 27001, 27020, 27054, 27098, 27174, 27220, 27230, 27249, 27251, 27264, 27283, 27309, 27397, 27447, 27474, 27481, 27494, 27519, 27528, 27539, 27547, 27562, 27602, 27646, 27655, 27697, 27760, 27790, 27798, 27838, 27894, 27923, 27925, 27936, 27961, 27967, 27973, 27985, 27991, 27994, 28000, 28014, 28041, 28135, 28154, 28199, 28201, 28223, 28226, 28257, 28295, 28324, 28327, 28351, 28354, 28356, 28360, 28388, 28458, 28476, 28482, 28523, 28534, 28547, 28556, 28579, 28693, 28695, 28697, 28701, 28715, 28748, 28756, 28758, 28760, 28793, 28818, 28856, 28858, 28926, 28965, 28981, 29015, 29020, 29047, 29058, 29198, 29211, 29228, 29271, 29279, 29325, 29340, 29356, 29379, 29405, 29417, 29419, 29440, 29533, 29566, 29641, 29667, 29723, 29730, 29741, 29746, 29753, 29770, 29794, 29808, 29814, 29840, 29867, 29879, 29881, 29885, 29942, 29959, 29965, 30000, 30046, 30085, 30108, 30172, 30203, 30205, 30213, 30231, 30235, 30256, 30261, 30284, 30298, 30324, 30338, 30349, 30361, 30415, 30422, 30438, 30443, 30483, 30485, 30487, 30496, 30506, 30570, 30575, 30628, 30648, 30674, 30697, 30771, 30802, 30804, 30816, 30933, 30979, 30981, 31128, 31163, 31169, 31216, 31221, 31239, 31271, 31313, 31334, 31359, 31387, 31424, 31472, 31513, 31524, 31531, 31610, 31617, 31628, 31672, 31696, 31698, 31741, 31746, 31786, 31903, 31946, 31966, 31971, 31987, 32000, 32004, 32006, 32012, 32032, 32040, 32072, 32118, 32134, 32193, 32208, 32234, 32252, 32281, 32338, 32349, 32359, 32363, 32372, 32418, 32435, 32480, 32504, 32512, 32514, 32548, 32554, 32573, 32580, 32679, 32684, 32755, 32775, 32802, 32811, 32822, 32832, 32845, 32891, 32975, 32980, 32983, 32985, 33025, 33042, 33052, 33070, 33098, 33107, 33137, 33141, 33160, 33187, 33226, 33278, 33284, 33298, 33331, 33388, 33404, 33439, 33451, 33470, 33486, 33503, 33513, 33636, 33644, 33667, 33695, 33700, 33755, 33789, 33824, 33889, 33980, 33987, 34023, 34055, 34065, 34071, 34081, 34138, 34161, 34167, 34197, 34223, 34266, 34272, 34298, 34318, 34343, 34352, 34363, 34373, 34386, 34406, 34432, 34481, 34493, 34504, 34509, 34527, 34544, 34550, 34571, 34597, 34599, 34616, 34632]","[24201, 26218, 26579, 28010, 28244, 28893, 29247, 29766]",34633,1385,33248,8,1377,33248,0
-1.5,HUMREGHOM,"[33, 45, 52, 62, 69, 84, 86, 127, 131, 140, 188, 227, 251, 274, 309, 335, 346, 371, 374, 410, 457, 459, 471, 511, 527, 560, 684, 744, 751, 772, 784, 802, 858, 891, 903, 939, 991, 993, 1036, 1107, 1170, 1186, 1195, 1407, 1419, 1423, 1459, 1482, 1491, 1599, 1602, 1606, 1632, 1665, 1671, 1702, 1759, 1761, 1765, 1784, 1792, 1814, 1834, 1864, 1868, 1909, 1927, 1961, 2002, 2011, 2021, 2023, 2027, 2030, 2092, 2120, 2147, 2163, 2171, 2191, 2194, 2239, 2241, 2251, 2256, 2318, 2374, 2391, 2397, 2506, 2553, 2555, 2570, 2590, 2646, 2649, 2660, 2697, 2715, 2739, 2825, 2853, 2886, 2938, 2974, 3045, 3064, 3123, 3143, 3205, 3249, 3252, 3258, 3329, 3333, 3350, 3353, 3405]","[684, 1419, 1864, 2739]","[33, 45, 52, 62, 69, 84, 86, 127, 131, 140, 188, 227, 251, 274, 309, 335, 346, 371, 374, 410, 457, 459, 471, 511, 527, 560, 744, 751, 772, 784, 802, 858, 891, 903, 939, 991, 993, 1036, 1107, 1170, 1186, 1195, 1407, 1423, 1459, 1482, 1491, 1599, 1602, 1606, 1632, 1665, 1671, 1702, 1759, 1761, 1765, 1784, 1792, 1814, 1834, 1868, 1909, 1927, 1961, 2002, 2011, 2021, 2023, 2027, 2030, 2092, 2120, 2147, 2163, 2171, 2191, 2194, 2239, 2241, 2251, 2256, 2318, 2374, 2391, 2397, 2506, 2553, 2555, 2570, 2590, 2646, 2649, 2660, 2697, 2715, 2825, 2853, 2886, 2938, 2974, 3045, 3064, 3123, 3143, 3205, 3249, 3252, 3258, 3329, 3333, 3350, 3353, 3405]","[684, 1419, 1864, 2739]",3403,118,3285,4,114,3285,0
-1.5,HUMROD1X,"[71, 76, 87, 92, 186, 199, 218, 264, 321, 370, 415, 454, 479, 503, 526, 536, 544, 550, 661, 673, 746, 764, 767, 781, 821, 865, 886, 890, 892, 911, 964, 980, 997, 1034, 1063, 1096, 1109, 1126, 1146, 1170, 1182, 1194, 1198, 1223, 1234, 1242, 1246, 1337, 1347, 1362, 1387, 1403, 1437, 1454, 1476, 1484, 1509, 1517, 1521, 1559, 1645, 1752, 1794, 1804, 1844, 1858, 1876, 1880, 1998, 2015, 2049, 2092, 2136, 2227, 2252, 2288, 2300, 2324, 2343, 2381, 2384, 2416, 2427, 2504, 2539, 2566, 2587, 2611, 2638, 2673, 2695, 2706, 2720, 2729, 2755]","[1242, 1876]","[71, 76, 87, 92, 186, 199, 218, 264, 321, 370, 415, 454, 479, 503, 526, 536, 544, 550, 661, 673, 746, 764, 767, 781, 821, 865, 886, 890, 892, 911, 964, 980, 997, 1034, 1063, 1096, 1109, 1126, 1146, 1170, 1182, 1194, 1198, 1223, 1234, 1246, 1337, 1347, 1362, 1387, 1403, 1437, 1454, 1476, 1484, 1509, 1517, 1521, 1559, 1645, 1752, 1794, 1804, 1844, 1858, 1880, 1998, 2015, 2049, 2092, 2136, 2227, 2252, 2288, 2300, 2324, 2343, 2381, 2384, 2416, 2427, 2504, 2539, 2566, 2587, 2611, 2638, 2673, 2695, 2706, 2720, 2729, 2755]","[1242, 1876]",2833,95,2738,2,93,2738,0
-1.5,HUMRPIB2,"[27, 145, 201, 217, 222, 225, 227, 235, 264, 284, 286, 303, 310, 327, 356, 360, 383, 435, 472, 506, 510, 571, 588, 622, 626, 636, 880, 892, 899, 909, 916, 931, 933, 974, 978, 987, 1035, 1074, 1098, 1121, 1156, 1182, 1193, 1218, 1221, 1257, 1304, 1306, 1318, 1358, 1374, 1407, 1531, 1591, 1598, 1619, 1631, 1649, 1704, 1737, 1749, 1785, 1838, 1840, 1883, 1954, 2017, 2033, 2042, 2256, 2268, 2272, 2308, 2331, 2340, 2448, 2451, 2455, 2481, 2514, 2520, 2551, 2608, 2610, 2614, 2633, 2641, 2663, 2683, 2713, 2717, 2758, 2776, 2810, 2851, 2860, 2870, 2872, 2876, 2879, 2941, 2969, 2996, 3012, 3020, 3040, 3043, 3088, 3090, 3100, 3105, 3167, 3223, 3240, 3246, 3355, 3402, 3404, 3419, 3439, 3495, 3498, 3509, 3546, 3564, 3588, 3674, 3702, 3735, 3787, 3823, 3894, 3913, 3972, 3992, 4054, 4098, 4101, 4107, 4178, 4182, 4199, 4202, 4253, 4268, 4270, 4303, 4314]","[1531, 2268, 2713, 3588]","[27, 145, 201, 217, 222, 225, 227, 235, 264, 284, 286, 303, 310, 327, 356, 360, 383, 435, 472, 506, 510, 571, 588, 622, 626, 636, 880, 892, 899, 909, 916, 931, 933, 974, 978, 987, 1035, 1074, 1098, 1121, 1156, 1182, 1193, 1218, 1221, 1257, 1304, 1306, 1318, 1358, 1374, 1407, 1591, 1598, 1619, 1631, 1649, 1704, 1737, 1749, 1785, 1838, 1840, 1883, 1954, 2017, 2033, 2042, 2256, 2272, 2308, 2331, 2340, 2448, 2451, 2455, 2481, 2514, 2520, 2551, 2608, 2610, 2614, 2633, 2641, 2663, 2683, 2717, 2758, 2776, 2810, 2851, 2860, 2870, 2872, 2876, 2879, 2941, 2969, 2996, 3012, 3020, 3040, 3043, 3088, 3090, 3100, 3105, 3167, 3223, 3240, 3246, 3355, 3402, 3404, 3419, 3439, 3495, 3498, 3509, 3546, 3564, 3674, 3702, 3735, 3787, 3823, 3894, 3913, 3972, 3992, 4054, 4098, 4101, 4107, 4178, 4182, 4199, 4202, 4253, 4268, 4270, 4303, 4314]","[1531, 2268, 2713, 3588]",4329,148,4181,4,144,4181,0
-1.5,HUMRPS6B,"[7, 19, 34, 74, 99, 123, 214, 247, 285, 305, 321, 359, 363, 369, 376, 378, 388, 399, 461, 471, 478, 571, 606, 616, 631, 634, 671, 686, 741, 775, 784, 788, 793, 817, 819, 847, 861, 883, 897, 972, 994, 1012, 1045, 1059, 1083, 1091, 1101, 1114, 1121, 1135, 1148, 1168, 1198, 1205, 1227, 1232, 1250, 1331, 1343, 1346, 1357, 1367, 1388, 1414, 1459, 1497, 1543, 1557, 1568, 1573, 1595, 1601, 1613, 1628, 1636, 1646, 1649, 1667, 1685, 1703, 1705, 1721, 1777, 1784, 1792, 1822, 1828, 1838, 1844, 1911, 2066, 2138, 2146, 2153, 2178, 2216, 2235, 2237, 2259, 2317, 2333, 2337, 2363, 2370, 2375, 2380, 2403, 2416, 2449, 2463, 2478, 2515, 2565, 2586, 2607, 2634, 2651, 2723, 2753, 2766, 2799, 2847, 2866, 2893, 2896, 2933, 2937, 2943, 3001, 3003, 3029, 3035, 3039, 3044, 3048, 3072, 3084, 3098, 3166, 3204, 3217, 3220, 3225, 3233, 3246, 3261, 3333, 3384, 3406, 3470, 3535, 3553, 3562, 3624, 3632, 3645, 3648, 3654, 3663, 3681, 3727, 3802, 3835, 3841, 3893, 3929, 3944, 3968, 3989, 4051, 4075, 4084, 4133, 4241, 4262, 4344, 4349, 4369, 4378, 4389, 4398, 4410, 4412, 4417, 4432, 4438, 4464, 4627, 4655, 4716, 4763, 4770, 4823, 4838, 4842, 4880, 4905, 4925, 4931, 4947, 4959]","[359, 1059, 1838, 2178, 4051]","[7, 19, 34, 74, 99, 123, 214, 247, 285, 305, 321, 363, 369, 376, 378, 388, 399, 461, 471, 478, 571, 606, 616, 631, 634, 671, 686, 741, 775, 784, 788, 793, 817, 819, 847, 861, 883, 897, 972, 994, 1012, 1045, 1083, 1091, 1101, 1114, 1121, 1135, 1148, 1168, 1198, 1205, 1227, 1232, 1250, 1331, 1343, 1346, 1357, 1367, 1388, 1414, 1459, 1497, 1543, 1557, 1568, 1573, 1595, 1601, 1613, 1628, 1636, 1646, 1649, 1667, 1685, 1703, 1705, 1721, 1777, 1784, 1792, 1822, 1828, 1844, 1911, 2066, 2138, 2146, 2153, 2216, 2235, 2237, 2259, 2317, 2333, 2337, 2363, 2370, 2375, 2380, 2403, 2416, 2449, 2463, 2478, 2515, 2565, 2586, 2607, 2634, 2651, 2723, 2753, 2766, 2799, 2847, 2866, 2893, 2896, 2933, 2937, 2943, 3001, 3003, 3029, 3035, 3039, 3044, 3048, 3072, 3084, 3098, 3166, 3204, 3217, 3220, 3225, 3233, 3246, 3261, 3333, 3384, 3406, 3470, 3535, 3553, 3562, 3624, 3632, 3645, 3648, 3654, 3663, 3681, 3727, 3802, 3835, 3841, 3893, 3929, 3944, 3968, 3989, 4075, 4084, 4133, 4241, 4262, 4344, 4349, 4369, 4378, 4389, 4398, 4410, 4412, 4417, 4432, 4438, 4464, 4627, 4655, 4716, 4763, 4770, 4823, 4838, 4842, 4880, 4905, 4925, 4931, 4947, 4959]","[359, 1059, 1838, 2178, 4051]",4964,201,4763,5,196,4763,0
-1.5,HUMSEMI,"[22, 32, 66, 121, 134, 167, 213, 262, 274, 306, 330, 405, 448, 459, 578, 586, 614, 618, 627, 681, 703, 738, 777, 793, 797, 806, 858, 867, 956, 968, 975, 984, 1037, 1061, 1171, 1205, 1262, 1268, 1322, 1336, 1370, 1430, 1458, 1462, 1475, 1499, 1511, 1564, 1583, 1627, 1630, 1636, 1655, 1660, 1744, 1835, 1871, 1873, 1885, 1898, 1935, 1961, 2015, 2051, 2053, 2065, 2078, 2104, 2115, 2159, 2178, 2216, 2269, 2294, 2300, 2362, 2370, 2394, 2445, 2468, 2486, 2502, 2507, 2516, 2519, 2547, 2558, 2563, 2581, 2598, 2647, 2668, 2682, 2716, 2726, 2749, 2775, 2818, 2838, 2844, 2920, 2940, 2943, 2979, 3004, 3047, 3053, 3074, 3078, 3108, 3117, 3137, 3145, 3156, 3167, 3172, 3264, 3266, 3280, 3289, 3315, 3317, 3466, 3478, 3496, 3503, 3550, 3604, 3609, 3621, 3670, 3722, 3760, 3775, 3820, 3849, 3876, 3886, 3890, 3898, 3905, 3929, 3950, 3953, 4061, 4100, 4127]",[793],"[22, 32, 66, 121, 134, 167, 213, 262, 274, 306, 330, 405, 448, 459, 578, 586, 614, 618, 627, 681, 703, 738, 777, 797, 806, 858, 867, 956, 968, 975, 984, 1037, 1061, 1171, 1205, 1262, 1268, 1322, 1336, 1370, 1430, 1458, 1462, 1475, 1499, 1511, 1564, 1583, 1627, 1630, 1636, 1655, 1660, 1744, 1835, 1871, 1873, 1885, 1898, 1935, 1961, 2015, 2051, 2053, 2065, 2078, 2104, 2115, 2159, 2178, 2216, 2269, 2294, 2300, 2362, 2370, 2394, 2445, 2468, 2486, 2502, 2507, 2516, 2519, 2547, 2558, 2563, 2581, 2598, 2647, 2668, 2682, 2716, 2726, 2749, 2775, 2818, 2838, 2844, 2920, 2940, 2943, 2979, 3004, 3047, 3053, 3074, 3078, 3108, 3117, 3137, 3145, 3156, 3167, 3172, 3264, 3266, 3280, 3289, 3315, 3317, 3466, 3478, 3496, 3503, 3550, 3604, 3609, 3621, 3670, 3722, 3760, 3775, 3820, 3849, 3876, 3886, 3890, 3898, 3905, 3929, 3950, 3953, 4061, 4100, 4127]",[793],4156,147,4009,1,146,4009,0
-1.5,HUMSEMIIB,"[36, 56, 107, 121, 167, 193, 348, 382, 417, 426, 435, 467, 493, 497, 528, 560, 569, 697, 729, 765, 770, 791, 795, 806, 818, 892, 916, 932, 1007, 1020, 1043, 1080, 1088, 1090, 1104, 1108, 1125, 1127, 1131, 1137, 1178, 1216, 1218, 1229, 1246, 1251, 1254, 1274, 1281, 1283, 1285, 1295, 1298, 1302, 1316, 1329, 1343, 1376, 1385, 1389, 1393, 1395, 1412, 1419, 1435, 1445, 1451, 1468, 1480, 1490, 1524, 1528, 1530, 1619, 1642, 1649, 1669, 1680, 1682, 1713, 1715, 1735, 1790, 1805, 1828, 1862, 1865, 1889, 1893, 1919, 1947, 1988, 1995, 1997, 2014, 2039, 2041, 2051, 2070, 2155, 2283, 2298, 2301, 2308, 2342, 2361, 2410, 2434, 2444, 2470, 2487, 2489, 2504, 2515, 2616, 2667, 2681, 2699, 2746, 2817, 2837, 2901, 2918, 2923, 2936, 2948, 2979, 3011, 3054, 3057, 3070, 3135, 3148, 3352, 3404, 3428, 3436, 3457, 3483, 3491, 3511, 3594, 3696, 3740, 3769, 3773, 3799, 3812, 3843, 3905, 3939, 3951, 3982, 4006, 4047, 4060, 4080, 4126, 4193, 4271, 4311, 4470, 4486, 4490, 4499, 4551, 4560, 4622, 4649, 4660, 4667, 4729, 4863, 4897, 4954, 4960, 5014, 5122, 5154, 5167, 5191, 5203, 5215, 5256, 5275, 5319, 5322, 5328, 5347, 5436, 5473, 5527, 5563, 5565, 5577, 5627, 5640, 5707, 5731, 5755, 5757, 5770, 5807, 5820, 5846, 5887, 5902, 5911, 5925, 5935, 5937, 5950, 5987, 6000, 6050, 6067, 6117, 6130, 6156, 6167, 6206, 6230, 6235, 6268, 6304, 6321, 6339, 6446, 6477, 6491, 6514, 6548, 6562, 6565, 6594, 6606, 6667, 6757, 6790, 6816, 6879, 6961, 6988, 7000, 7012, 7038, 7060, 7098, 7123, 7131, 7146, 7165, 7182, 7190, 7213, 7291, 7311, 7327, 7364, 7495, 7513, 7527, 7532, 7551, 7622, 7703, 7710, 7719, 7771, 7809, 7818, 7911, 7923, 7944, 7948, 7969, 8011, 8014, 8187]",[4486],"[36, 56, 107, 121, 167, 193, 348, 382, 417, 426, 435, 467, 493, 497, 528, 560, 569, 697, 729, 765, 770, 791, 795, 806, 818, 892, 916, 932, 1007, 1020, 1043, 1080, 1088, 1090, 1104, 1108, 1125, 1127, 1131, 1137, 1178, 1216, 1218, 1229, 1246, 1251, 1254, 1274, 1281, 1283, 1285, 1295, 1298, 1302, 1316, 1329, 1343, 1376, 1385, 1389, 1393, 1395, 1412, 1419, 1435, 1445, 1451, 1468, 1480, 1490, 1524, 1528, 1530, 1619, 1642, 1649, 1669, 1680, 1682, 1713, 1715, 1735, 1790, 1805, 1828, 1862, 1865, 1889, 1893, 1919, 1947, 1988, 1995, 1997, 2014, 2039, 2041, 2051, 2070, 2155, 2283, 2298, 2301, 2308, 2342, 2361, 2410, 2434, 2444, 2470, 2487, 2489, 2504, 2515, 2616, 2667, 2681, 2699, 2746, 2817, 2837, 2901, 2918, 2923, 2936, 2948, 2979, 3011, 3054, 3057, 3070, 3135, 3148, 3352, 3404, 3428, 3436, 3457, 3483, 3491, 3511, 3594, 3696, 3740, 3769, 3773, 3799, 3812, 3843, 3905, 3939, 3951, 3982, 4006, 4047, 4060, 4080, 4126, 4193, 4271, 4311, 4470, 4490, 4499, 4551, 4560, 4622, 4649, 4660, 4667, 4729, 4863, 4897, 4954, 4960, 5014, 5122, 5154, 5167, 5191, 5203, 5215, 5256, 5275, 5319, 5322, 5328, 5347, 5436, 5473, 5527, 5563, 5565, 5577, 5627, 5640, 5707, 5731, 5755, 5757, 5770, 5807, 5820, 5846, 5887, 5902, 5911, 5925, 5935, 5937, 5950, 5987, 6000, 6050, 6067, 6117, 6130, 6156, 6167, 6206, 6230, 6235, 6268, 6304, 6321, 6339, 6446, 6477, 6491, 6514, 6548, 6562, 6565, 6594, 6606, 6667, 6757, 6790, 6816, 6879, 6961, 6988, 7000, 7012, 7038, 7060, 7098, 7123, 7131, 7146, 7165, 7182, 7190, 7213, 7291, 7311, 7327, 7364, 7495, 7513, 7527, 7532, 7551, 7622, 7703, 7710, 7719, 7771, 7809, 7818, 7911, 7923, 7944, 7948, 7969, 8011, 8014, 8187]",[4486],8216,279,7937,1,278,7937,0
-1.5,HUMSTATH2,"[43, 49, 54, 64, 121, 134, 142, 152, 188, 190, 200, 212, 215, 257, 341, 353, 357, 389, 437, 494, 561, 575, 577, 637, 651, 673, 698, 708, 719, 731, 737, 782, 863, 901, 911, 990, 1035, 1083, 1114, 1140, 1176, 1180, 1190, 1197, 1201, 1303, 1449, 1470, 1553, 1609, 1655, 1673, 1675, 1697, 1699, 1771, 1786, 1788, 1820, 1826, 1835, 1840, 1872, 1926, 2025, 2056, 2081, 2131, 2135, 2151, 2168, 2174, 2182, 2209, 2265, 2291, 2303, 2312, 2322, 2339, 2373, 2379, 2403, 2415, 2426, 2429, 2461, 2478, 2490, 2511, 2522, 2530, 2565, 2599, 2620, 2627, 2679, 2716, 2720, 2727, 2733, 2823, 2848, 2857, 2862, 2883, 2889, 2947, 2963, 2980, 3012, 3029, 3050, 3065, 3069, 3155, 3176, 3192, 3239, 3280, 3288, 3361, 3379, 3388, 3474, 3622, 3668, 3710, 3743, 3784, 3786, 3801, 3817, 3845, 3912, 3956, 3974, 3995, 4007, 4046, 4172, 4240, 4248, 4255, 4320, 4387, 4417, 4424, 4442, 4472, 4528, 4592, 4596, 4615, 4629, 4633, 4648]","[353, 1553, 1675]","[43, 49, 54, 64, 121, 134, 142, 152, 188, 190, 200, 212, 215, 257, 341, 357, 389, 437, 494, 561, 575, 577, 637, 651, 673, 698, 708, 719, 731, 737, 782, 863, 901, 911, 990, 1035, 1083, 1114, 1140, 1176, 1180, 1190, 1197, 1201, 1303, 1449, 1470, 1609, 1655, 1673, 1697, 1699, 1771, 1786, 1788, 1820, 1826, 1835, 1840, 1872, 1926, 2025, 2056, 2081, 2131, 2135, 2151, 2168, 2174, 2182, 2209, 2265, 2291, 2303, 2312, 2322, 2339, 2373, 2379, 2403, 2415, 2426, 2429, 2461, 2478, 2490, 2511, 2522, 2530, 2565, 2599, 2620, 2627, 2679, 2716, 2720, 2727, 2733, 2823, 2848, 2857, 2862, 2883, 2889, 2947, 2963, 2980, 3012, 3029, 3050, 3065, 3069, 3155, 3176, 3192, 3239, 3280, 3288, 3361, 3379, 3388, 3474, 3622, 3668, 3710, 3743, 3784, 3786, 3801, 3817, 3845, 3912, 3956, 3974, 3995, 4007, 4046, 4172, 4240, 4248, 4255, 4320, 4387, 4417, 4424, 4442, 4472, 4528, 4592, 4596, 4615, 4629, 4633, 4648]","[353, 1553, 1675]",4715,157,4558,3,154,4558,0
-1.5,HUMTBGA,"[56, 89, 114, 147, 149, 191, 195, 228, 250, 362, 377, 451, 460, 491, 523, 545, 552, 577, 579, 597, 654, 684, 722, 783, 812, 819, 854, 917, 1021, 1035, 1050, 1103, 1114, 1140, 1156, 1171, 1230, 1238, 1265, 1321, 1338, 1409, 1415, 1430, 1435, 1437, 1462, 1464, 1469, 1472, 1490, 1529, 1538, 1541, 1554, 1593, 1602, 1624, 1635, 1646, 1651, 1655, 1771, 1774, 1791, 1817, 1821, 1824, 1844, 1847, 1942, 1953, 2008, 2029, 2085, 2099, 2134, 2222, 2272, 2310, 2323, 2350, 2459, 2528, 2533, 2563, 2575, 2593, 2660, 2681, 2685, 2729, 2750, 2758, 2792, 2798, 2804, 2809, 2841, 2891, 2894, 2907, 2911, 2932, 2934, 2941, 2957, 3033, 3037, 3107, 3120, 3135, 3140, 3155, 3185, 3187, 3244, 3248, 3250, 3263, 3266, 3346, 3355, 3383, 3551, 3564, 3566, 3634, 3645, 3678, 3744, 3748, 3794, 3838, 3921, 3934, 3995, 4083, 4086, 4216, 4220, 4223, 4275, 4321, 4333, 4340, 4349, 4377, 4397, 4477, 4486, 4493, 4529, 4550, 4595, 4634, 4766, 4842, 4847, 4874, 4878, 4913, 4919, 4941, 4956, 4988, 4993, 5012, 5032, 5036, 5053, 5078, 5085, 5118, 5164, 5168, 5177, 5215, 5231, 5236, 5254, 5259, 5271, 5275, 5287, 5303, 5319, 5341, 5357, 5359, 5380, 5385, 5469, 5473, 5475, 5490, 5496, 5513, 5530, 5535, 5556, 5564, 5570, 5592, 5602, 5673, 5675, 5677, 5733, 5738, 5743, 5762, 5782, 5859, 5875, 5879, 5891, 5894, 5932, 5937, 5941, 5953, 5981, 5995, 6071, 6110, 6202, 6206, 6220, 6241, 6265, 6283, 6285, 6289, 6296, 6308, 6314, 6377, 6485, 6514, 6519, 6549, 6561, 6579, 6606, 6627, 6646, 6655, 6672, 6685, 6727, 6786, 6808, 6816, 6841, 6845, 6850, 6857, 6872, 6878, 6960, 6971, 7000, 7008, 7127, 7144, 7172, 7254, 7256, 7310, 7316, 7386, 7395, 7417, 7419, 7441, 7468, 7477, 7497, 7566, 7691, 7704, 7836, 7859, 7876, 7909, 7911, 7913, 7949, 7951, 7960, 8019, 8026, 8063, 8071, 8108, 8112, 8126, 8170, 8219, 8224, 8230, 8238, 8291, 8326, 8362, 8366, 8423, 8516, 8529, 8542, 8555, 8582, 8635, 8675, 8683, 8719]","[4941, 6265, 7144]","[56, 89, 114, 147, 149, 191, 195, 228, 250, 362, 377, 451, 460, 491, 523, 545, 552, 577, 579, 597, 654, 684, 722, 783, 812, 819, 854, 917, 1021, 1035, 1050, 1103, 1114, 1140, 1156, 1171, 1230, 1238, 1265, 1321, 1338, 1409, 1415, 1430, 1435, 1437, 1462, 1464, 1469, 1472, 1490, 1529, 1538, 1541, 1554, 1593, 1602, 1624, 1635, 1646, 1651, 1655, 1771, 1774, 1791, 1817, 1821, 1824, 1844, 1847, 1942, 1953, 2008, 2029, 2085, 2099, 2134, 2222, 2272, 2310, 2323, 2350, 2459, 2528, 2533, 2563, 2575, 2593, 2660, 2681, 2685, 2729, 2750, 2758, 2792, 2798, 2804, 2809, 2841, 2891, 2894, 2907, 2911, 2932, 2934, 2941, 2957, 3033, 3037, 3107, 3120, 3135, 3140, 3155, 3185, 3187, 3244, 3248, 3250, 3263, 3266, 3346, 3355, 3383, 3551, 3564, 3566, 3634, 3645, 3678, 3744, 3748, 3794, 3838, 3921, 3934, 3995, 4083, 4086, 4216, 4220, 4223, 4275, 4321, 4333, 4340, 4349, 4377, 4397, 4477, 4486, 4493, 4529, 4550, 4595, 4634, 4766, 4842, 4847, 4874, 4878, 4913, 4919, 4956, 4988, 4993, 5012, 5032, 5036, 5053, 5078, 5085, 5118, 5164, 5168, 5177, 5215, 5231, 5236, 5254, 5259, 5271, 5275, 5287, 5303, 5319, 5341, 5357, 5359, 5380, 5385, 5469, 5473, 5475, 5490, 5496, 5513, 5530, 5535, 5556, 5564, 5570, 5592, 5602, 5673, 5675, 5677, 5733, 5738, 5743, 5762, 5782, 5859, 5875, 5879, 5891, 5894, 5932, 5937, 5941, 5953, 5981, 5995, 6071, 6110, 6202, 6206, 6220, 6241, 6283, 6285, 6289, 6296, 6308, 6314, 6377, 6485, 6514, 6519, 6549, 6561, 6579, 6606, 6627, 6646, 6655, 6672, 6685, 6727, 6786, 6808, 6816, 6841, 6845, 6850, 6857, 6872, 6878, 6960, 6971, 7000, 7008, 7127, 7172, 7254, 7256, 7310, 7316, 7386, 7395, 7417, 7419, 7441, 7468, 7477, 7497, 7566, 7691, 7704, 7836, 7859, 7876, 7909, 7911, 7913, 7949, 7951, 7960, 8019, 8026, 8063, 8071, 8108, 8112, 8126, 8170, 8219, 8224, 8230, 8238, 8291, 8326, 8362, 8366, 8423, 8516, 8529, 8542, 8555, 8582, 8635, 8675, 8683, 8719]","[4941, 6265, 7144]",8761,317,8444,3,314,8444,0
-1.5,HUMTCRBRA,"[63, 84, 95, 98, 117, 122, 128, 132, 140, 142, 144, 185, 199, 226, 261, 278, 310, 312, 314, 318, 322, 324, 326, 328, 330, 332, 334, 336, 338, 340, 342, 344, 351, 405, 429, 437, 458, 469, 471, 486, 505, 561, 595, 605, 668, 670, 678]",[278],"[63, 84, 95, 98, 117, 122, 128, 132, 140, 142, 144, 185, 199, 226, 261, 310, 312, 314, 318, 322, 324, 326, 328, 330, 332, 334, 336, 338, 340, 342, 344, 351, 405, 429, 437, 458, 469, 471, 486, 505, 561, 595, 605, 668, 670, 678]",[278],728,47,681,1,46,681,0
-1.5,HUMTHROMA,"[5, 18, 20, 30, 32, 60, 126, 159, 163, 175, 177, 182, 187, 193, 282, 284, 323, 330, 335, 368, 466, 469, 506, 516, 527, 539, 583, 606, 643, 666, 687, 699, 717, 743, 745, 765, 769, 787, 800, 818, 839, 864, 895, 930, 940, 942, 948, 968, 1027, 1090, 1208, 1239, 1243, 1277, 1281, 1297, 1420, 1428, 1464, 1496, 1543, 1550, 1561, 1571, 1575, 1584, 1605, 1632, 1696, 1731, 1796, 1846, 1879, 1985, 2102, 2111, 2124, 2131, 2227, 2230, 2285, 2303, 2315, 2344, 2377, 2384, 2542, 2635, 2645, 2681, 2717, 2873, 2896, 2905, 3051, 3105, 3117, 3147, 3168, 3220, 3289, 3292, 3302, 3355, 3361, 3364, 3367, 3402, 3449, 3451, 3463, 3581, 3614, 3623, 3627, 3650, 3662, 3681, 3773, 3892, 3960, 4037, 4042, 4113, 4129, 4158, 4167, 4178, 4188, 4222, 4249, 4266, 4318, 4335, 4362, 4371, 4394, 4428, 4430, 4490, 4501, 4522, 4554, 4602, 4604, 4619, 4682, 4703, 4772, 4817, 4828, 4840, 4938, 4965, 5020, 5134, 5152, 5173, 5262, 5316, 5348, 5370, 5429, 5565, 5605, 5715, 5720, 5753, 5755, 5836, 5879, 5950, 6004, 6067, 6086, 6150]","[1985, 2344, 2717, 4817]","[5, 18, 20, 30, 32, 60, 126, 159, 163, 175, 177, 182, 187, 193, 282, 284, 323, 330, 335, 368, 466, 469, 506, 516, 527, 539, 583, 606, 643, 666, 687, 699, 717, 743, 745, 765, 769, 787, 800, 818, 839, 864, 895, 930, 940, 942, 948, 968, 1027, 1090, 1208, 1239, 1243, 1277, 1281, 1297, 1420, 1428, 1464, 1496, 1543, 1550, 1561, 1571, 1575, 1584, 1605, 1632, 1696, 1731, 1796, 1846, 1879, 2102, 2111, 2124, 2131, 2227, 2230, 2285, 2303, 2315, 2377, 2384, 2542, 2635, 2645, 2681, 2873, 2896, 2905, 3051, 3105, 3117, 3147, 3168, 3220, 3289, 3292, 3302, 3355, 3361, 3364, 3367, 3402, 3449, 3451, 3463, 3581, 3614, 3623, 3627, 3650, 3662, 3681, 3773, 3892, 3960, 4037, 4042, 4113, 4129, 4158, 4167, 4178, 4188, 4222, 4249, 4266, 4318, 4335, 4362, 4371, 4394, 4428, 4430, 4490, 4501, 4522, 4554, 4602, 4604, 4619, 4682, 4703, 4772, 4828, 4840, 4938, 4965, 5020, 5134, 5152, 5173, 5262, 5316, 5348, 5370, 5429, 5565, 5605, 5715, 5720, 5753, 5755, 5836, 5879, 5950, 6004, 6067, 6086, 6150]","[1985, 2344, 2717, 4817]",6155,176,5979,4,172,5979,0
-1.5,HUMTNP2SS,"[30, 51, 80, 86, 93, 136, 177, 196, 248, 382, 630, 632, 658, 673, 725, 747, 799, 814, 834, 854, 924, 929, 941, 945, 960, 975, 1007, 1071, 1075, 1080, 1091, 1105, 1109, 1121, 1144, 1155, 1164, 1173, 1194, 1204, 1287, 1303, 1353, 1371, 1414, 1420, 1437, 1446, 1463, 1480, 1552, 1586, 1608, 1617, 1647, 1669, 1702, 1748]",[658],"[30, 51, 80, 86, 93, 136, 177, 196, 248, 382, 630, 632, 673, 725, 747, 799, 814, 834, 854, 924, 929, 941, 945, 960, 975, 1007, 1071, 1075, 1080, 1091, 1105, 1109, 1121, 1144, 1155, 1164, 1173, 1194, 1204, 1287, 1303, 1353, 1371, 1414, 1420, 1437, 1446, 1463, 1480, 1552, 1586, 1608, 1617, 1647, 1669, 1702, 1748]",[658],1774,58,1716,1,57,1716,0
-1.5,HUMTPALBU,"[15, 27, 74, 107, 145, 147, 157, 180, 286, 313, 317, 319, 321, 323, 327, 331, 337, 345, 388, 392, 412, 414, 416, 430, 458, 491, 505, 538, 619, 621, 627, 635, 637, 722, 754, 765, 819, 847, 872, 883, 915, 930, 942, 974, 985, 1025, 1094, 1196, 1228, 1248, 1287, 1304, 1326, 1341, 1348, 1359, 1363, 1379, 1402, 1407, 1454, 1490, 1492, 1501, 1504, 1523, 1559, 1610, 1621, 1625, 1627, 1659, 1697, 1708, 1767, 1778, 1827, 1837, 1850, 1882, 1887, 1892, 1913, 1932, 1951, 1972, 2051, 2053, 2066, 2098, 2111, 2125, 2127, 2156, 2166, 2172, 2180, 2204, 2301, 2392, 2410, 2412, 2427, 2455, 2521, 2529, 2566, 2607, 2682, 2692, 2741, 2790, 2805, 2818, 2888, 2932, 2934, 2941, 2973, 2985, 3013, 3033, 3081, 3092, 3101, 3116, 3125, 3136, 3168, 3181, 3208, 3277, 3294, 3328, 3345, 3352, 3377, 3403, 3412, 3421, 3425, 3429, 3620, 3674, 3691, 3725, 3742, 3748, 3753, 3781, 3791, 3808, 3840, 3856, 3867, 3878, 3928, 3930, 3958, 3989, 3997, 4000, 4106, 4153, 4162, 4205, 4210, 4218, 4361, 4400, 4441, 4476, 4479, 4488, 4507, 4527, 4541, 4587, 4591, 4638, 4641, 4661, 4691, 4707, 4711, 4720, 4755, 4778, 4780, 4837, 4846, 4860, 4892, 4927, 4969, 4978, 4984, 4993, 4995, 5034, 5053, 5066, 5068, 5129, 5165, 5182, 5243, 5247, 5249, 5251, 5286, 5318, 5357, 5392, 5404, 5422, 5426, 5458, 5492, 5525, 5559, 5594, 5621, 5628, 5630, 5823, 5930, 5960, 5973, 5977, 5992, 5999, 6010, 6022, 6035, 6086, 6105, 6127, 6129, 6131, 6153, 6161]","[1094, 1621, 2741, 3425, 4361]","[15, 27, 74, 107, 145, 147, 157, 180, 286, 313, 317, 319, 321, 323, 327, 331, 337, 345, 388, 392, 412, 414, 416, 430, 458, 491, 505, 538, 619, 621, 627, 635, 637, 722, 754, 765, 819, 847, 872, 883, 915, 930, 942, 974, 985, 1025, 1196, 1228, 1248, 1287, 1304, 1326, 1341, 1348, 1359, 1363, 1379, 1402, 1407, 1454, 1490, 1492, 1501, 1504, 1523, 1559, 1610, 1625, 1627, 1659, 1697, 1708, 1767, 1778, 1827, 1837, 1850, 1882, 1887, 1892, 1913, 1932, 1951, 1972, 2051, 2053, 2066, 2098, 2111, 2125, 2127, 2156, 2166, 2172, 2180, 2204, 2301, 2392, 2410, 2412, 2427, 2455, 2521, 2529, 2566, 2607, 2682, 2692, 2790, 2805, 2818, 2888, 2932, 2934, 2941, 2973, 2985, 3013, 3033, 3081, 3092, 3101, 3116, 3125, 3136, 3168, 3181, 3208, 3277, 3294, 3328, 3345, 3352, 3377, 3403, 3412, 3421, 3429, 3620, 3674, 3691, 3725, 3742, 3748, 3753, 3781, 3791, 3808, 3840, 3856, 3867, 3878, 3928, 3930, 3958, 3989, 3997, 4000, 4106, 4153, 4162, 4205, 4210, 4218, 4400, 4441, 4476, 4479, 4488, 4507, 4527, 4541, 4587, 4591, 4638, 4641, 4661, 4691, 4707, 4711, 4720, 4755, 4778, 4780, 4837, 4846, 4860, 4892, 4927, 4969, 4978, 4984, 4993, 4995, 5034, 5053, 5066, 5068, 5129, 5165, 5182, 5243, 5247, 5249, 5251, 5286, 5318, 5357, 5392, 5404, 5422, 5426, 5458, 5492, 5525, 5559, 5594, 5621, 5628, 5630, 5823, 5930, 5960, 5973, 5977, 5992, 5999, 6010, 6022, 6035, 6086, 6105, 6127, 6129, 6131, 6153, 6161]","[1094, 1621, 2741, 3425, 4361]",6164,242,5922,5,237,5922,0
-1.5,HUMTRHYAL,"[13, 25, 40, 69, 73, 88, 145, 157, 160, 162, 192, 197, 201, 215, 223, 266, 284, 291, 301, 307, 357, 439, 441, 455, 486, 547, 562, 578, 590, 638, 749, 754, 827, 858, 897, 969, 974, 1120, 1124, 1185, 1237, 1266, 1342, 1359, 1409, 1411, 1509, 1532, 1557, 1574, 1636, 1645, 1724, 1755, 1793, 1809, 1826, 1835, 1854, 1891, 1980, 1989, 2092, 2158, 2163, 2232, 2236, 2283, 2309, 2340, 2346, 2420, 2445, 2447, 2468, 2475, 2482, 2533, 2561, 2567, 2576, 2578, 2614, 2679, 2681, 2837, 2892, 2933, 2966, 3082, 3108, 3127, 3890, 4023, 4249, 4539, 4545, 4658, 4737, 4769, 4779, 4854, 4961, 5049, 5091, 5469, 5481, 5753, 5909, 5925, 5950, 5954, 5965, 6003, 6019, 6062, 6083, 6239, 6320, 6467, 6524, 6539, 6556, 6617, 6689, 6737, 6770, 6890, 6899, 6971, 7003, 7160, 7223, 7247, 7304, 7343, 7415, 7505, 7614, 7688, 7698, 7770, 7788, 7814, 7853, 7930, 7995, 8003, 8011, 8034, 8071, 8134, 8141, 8162, 8165, 8236, 8263, 8310, 8313, 8315, 8396, 8405, 8437, 8441, 8466, 8473, 8496, 8564, 8581, 8609, 8620, 8644, 8676, 8687, 8774, 8810, 8812, 8850, 8897, 8971, 8978, 8980, 8995, 8997, 9108, 9128, 9137, 9149, 9166, 9189, 9207, 9325, 9373, 9427, 9443, 9503]",[1645],"[13, 25, 40, 69, 73, 88, 145, 157, 160, 162, 192, 197, 201, 215, 223, 266, 284, 291, 301, 307, 357, 439, 441, 455, 486, 547, 562, 578, 590, 638, 749, 754, 827, 858, 897, 969, 974, 1120, 1124, 1185, 1237, 1266, 1342, 1359, 1409, 1411, 1509, 1532, 1557, 1574, 1636, 1724, 1755, 1793, 1809, 1826, 1835, 1854, 1891, 1980, 1989, 2092, 2158, 2163, 2232, 2236, 2283, 2309, 2340, 2346, 2420, 2445, 2447, 2468, 2475, 2482, 2533, 2561, 2567, 2576, 2578, 2614, 2679, 2681, 2837, 2892, 2933, 2966, 3082, 3108, 3127, 3890, 4023, 4249, 4539, 4545, 4658, 4737, 4769, 4779, 4854, 4961, 5049, 5091, 5469, 5481, 5753, 5909, 5925, 5950, 5954, 5965, 6003, 6019, 6062, 6083, 6239, 6320, 6467, 6524, 6539, 6556, 6617, 6689, 6737, 6770, 6890, 6899, 6971, 7003, 7160, 7223, 7247, 7304, 7343, 7415, 7505, 7614, 7688, 7698, 7770, 7788, 7814, 7853, 7930, 7995, 8003, 8011, 8034, 8071, 8134, 8141, 8162, 8165, 8236, 8263, 8310, 8313, 8315, 8396, 8405, 8437, 8441, 8466, 8473, 8496, 8564, 8581, 8609, 8620, 8644, 8676, 8687, 8774, 8810, 8812, 8850, 8897, 8971, 8978, 8980, 8995, 8997, 9108, 9128, 9137, 9149, 9166, 9189, 9207, 9325, 9373, 9427, 9443, 9503]",[1645],9543,196,9347,1,195,9347,0
-1.5,HUMTSHB2,"[68, 89, 102, 129, 131, 164, 176, 187, 200, 216, 300, 323, 331, 344, 451, 468, 480, 483, 488, 492, 529, 535, 552, 600, 683, 716, 743, 780, 784, 786, 793, 810, 846, 872, 892, 912, 919]",[187],"[68, 89, 102, 129, 131, 164, 176, 200, 216, 300, 323, 331, 344, 451, 468, 480, 483, 488, 492, 529, 535, 552, 600, 683, 716, 743, 780, 784, 786, 793, 810, 846, 872, 892, 912, 919]",[187],978,37,941,1,36,941,0
-1.5,HUMV2R,"[13, 18, 26, 30, 88, 188, 261, 282, 287, 296, 300, 357, 382, 475, 479, 531, 535, 624, 747, 768, 822, 839, 858, 873, 913, 929, 931, 939, 944, 957, 965, 1012, 1037, 1051, 1074, 1080, 1143, 1150, 1161, 1201, 1233, 1235, 1239, 1255, 1272, 1300, 1305, 1366, 1380, 1382, 1392, 1404, 1419, 1428, 1437, 1442, 1464, 1472, 1481, 1507, 1511, 1513, 1519, 1564, 1624, 1635, 1696, 1727, 1815, 1825, 1830, 1880, 1908, 1929, 1951, 1953, 1985, 2003, 2032, 2047, 2065, 2067, 2097, 2118, 2128, 2139, 2266]","[261, 1507]","[13, 18, 26, 30, 88, 188, 282, 287, 296, 300, 357, 382, 475, 479, 531, 535, 624, 747, 768, 822, 839, 858, 873, 913, 929, 931, 939, 944, 957, 965, 1012, 1037, 1051, 1074, 1080, 1143, 1150, 1161, 1201, 1233, 1235, 1239, 1255, 1272, 1300, 1305, 1366, 1380, 1382, 1392, 1404, 1419, 1428, 1437, 1442, 1464, 1472, 1481, 1511, 1513, 1519, 1564, 1624, 1635, 1696, 1727, 1815, 1825, 1830, 1880, 1908, 1929, 1951, 1953, 1985, 2003, 2032, 2047, 2065, 2067, 2097, 2118, 2128, 2139, 2266]","[261, 1507]",2274,87,2187,2,85,2187,0
-1.5,HYPSCGH,"[41, 49, 123, 140, 160, 199, 251, 316, 324, 328, 331, 337, 341, 345, 349, 404, 451, 497, 595, 612, 666, 684, 691, 703, 731, 762, 788, 806, 810, 837, 865, 889, 893, 959, 1039, 1043, 1052, 1088, 1099, 1122, 1182, 1189, 1230, 1233, 1252, 1291, 1319, 1357, 1376, 1440, 1555, 1600, 1612, 1624, 1671, 1673, 1684, 1700, 1758, 1774, 1783, 1911, 1929, 1970, 1985, 2004, 2073, 2093, 2112, 2160, 2183, 2189, 2229, 2232, 2266, 2289, 2336, 2369, 2371, 2379, 2389, 2393, 2402, 2443, 2445]","[41, 451, 1039, 1624]","[49, 123, 140, 160, 199, 251, 316, 324, 328, 331, 337, 341, 345, 349, 404, 497, 595, 612, 666, 684, 691, 703, 731, 762, 788, 806, 810, 837, 865, 889, 893, 959, 1043, 1052, 1088, 1099, 1122, 1182, 1189, 1230, 1233, 1252, 1291, 1319, 1357, 1376, 1440, 1555, 1600, 1612, 1671, 1673, 1684, 1700, 1758, 1774, 1783, 1911, 1929, 1970, 1985, 2004, 2073, 2093, 2112, 2160, 2183, 2189, 2229, 2232, 2266, 2289, 2336, 2369, 2371, 2379, 2389, 2393, 2402, 2443, 2445]","[41, 451, 1039, 1624]",2476,85,2391,4,81,2391,0
-1.5,LAYEGLOBIN,"[21, 56, 70, 149, 190, 206, 222, 238, 255, 272, 291, 317, 335, 347, 368, 449, 470, 537, 549, 556, 563, 584, 600, 605, 689, 721, 756, 762, 824, 864, 953, 967, 1042, 1047, 1055, 1061, 1071, 1077, 1081, 1110, 1150, 1167, 1185, 1191, 1197, 1201, 1215, 1265, 1286, 1293, 1299, 1312, 1316, 1373, 1410, 1415, 1421, 1466, 1490, 1492, 1499, 1515, 1522, 1543, 1551, 1559, 1631, 1645, 1680]","[238, 584]","[21, 56, 70, 149, 190, 206, 222, 255, 272, 291, 317, 335, 347, 368, 449, 470, 537, 549, 556, 563, 600, 605, 689, 721, 756, 762, 824, 864, 953, 967, 1042, 1047, 1055, 1061, 1071, 1077, 1081, 1110, 1150, 1167, 1185, 1191, 1197, 1201, 1215, 1265, 1286, 1293, 1299, 1312, 1316, 1373, 1410, 1415, 1421, 1466, 1490, 1492, 1499, 1515, 1522, 1543, 1551, 1559, 1631, 1645, 1680]","[238, 584]",1694,69,1625,2,67,1625,0
-1.5,LEBGLOB,"[26, 67, 86, 94, 104, 142, 149, 157, 161, 199, 203, 237, 329, 345, 401, 411, 450, 469, 473, 480, 521, 549, 602, 658, 662, 672, 710, 717, 792, 876, 959, 980, 1000, 1096, 1115, 1162, 1201, 1210, 1220, 1229, 1264, 1268, 1308, 1352, 1373, 1453, 1488, 1496, 1501, 1511, 1518, 1529, 1539, 1545, 1554, 1558, 1561, 1577, 1581, 1629, 1640, 1663, 1710, 1733, 1791, 1812, 1828, 1834, 1879, 1891, 1905, 1926, 1930, 1970, 2009, 2011, 2042, 2133, 2206, 2210, 2247, 2259, 2307, 2358, 2446, 2504, 2510, 2516, 2555, 2576, 2579, 2586, 2588, 2717, 2719, 2721, 2752, 2791, 2798, 2806, 2847, 2862, 2928, 3136, 3162, 3171, 3177, 3191, 3193, 3202, 3208, 3234, 3305, 3326, 3357, 3359, 3368, 3384, 3429, 3446, 3471, 3478, 3480, 3482, 3517, 3530, 3545, 3565, 3592, 3600, 3637]","[1577, 1926]","[26, 67, 86, 94, 104, 142, 149, 157, 161, 199, 203, 237, 329, 345, 401, 411, 450, 469, 473, 480, 521, 549, 602, 658, 662, 672, 710, 717, 792, 876, 959, 980, 1000, 1096, 1115, 1162, 1201, 1210, 1220, 1229, 1264, 1268, 1308, 1352, 1373, 1453, 1488, 1496, 1501, 1511, 1518, 1529, 1539, 1545, 1554, 1558, 1561, 1581, 1629, 1640, 1663, 1710, 1733, 1791, 1812, 1828, 1834, 1879, 1891, 1905, 1930, 1970, 2009, 2011, 2042, 2133, 2206, 2210, 2247, 2259, 2307, 2358, 2446, 2504, 2510, 2516, 2555, 2576, 2579, 2586, 2588, 2717, 2719, 2721, 2752, 2791, 2798, 2806, 2847, 2862, 2928, 3136, 3162, 3171, 3177, 3191, 3193, 3202, 3208, 3234, 3305, 3326, 3357, 3359, 3368, 3384, 3429, 3446, 3471, 3478, 3480, 3482, 3517, 3530, 3545, 3565, 3592, 3600, 3637]","[1577, 1926]",3638,131,3507,2,129,3507,0
-1.5,LNOEGLOBIN,"[21, 54, 147, 188, 204, 220, 236, 246, 270, 289, 313, 315, 333, 345, 350, 452, 473, 540, 552, 566, 587, 603, 608, 642, 692, 724, 759, 765, 772, 827, 859, 867, 890, 934, 938, 953, 967, 1043, 1048, 1056, 1062, 1072, 1151, 1167, 1185, 1191, 1197, 1201, 1215, 1265, 1286, 1293, 1299, 1312, 1316, 1343, 1406, 1411, 1417, 1462, 1486, 1488, 1495, 1518, 1555, 1627, 1641, 1676, 1686]","[236, 587]","[21, 54, 147, 188, 204, 220, 246, 270, 289, 313, 315, 333, 345, 350, 452, 473, 540, 552, 566, 603, 608, 642, 692, 724, 759, 765, 772, 827, 859, 867, 890, 934, 938, 953, 967, 1043, 1048, 1056, 1062, 1072, 1151, 1167, 1185, 1191, 1197, 1201, 1215, 1265, 1286, 1293, 1299, 1312, 1316, 1343, 1406, 1411, 1417, 1462, 1486, 1488, 1495, 1518, 1555, 1627, 1641, 1676, 1686]","[236, 587]",1690,69,1621,2,67,1621,0
-1.5,MACHBGA1,"[20, 32, 131, 180, 190, 215, 276, 283, 407, 447, 457, 463, 495, 505, 538, 590, 625, 648, 706, 727, 794, 806, 820, 841, 900, 935, 937, 960, 967, 1008, 1030, 1079, 1118, 1167, 1188, 1193, 1233, 1239, 1252, 1265, 1358, 1360, 1370, 1400, 1420, 1422, 1424, 1426, 1428, 1430, 1432, 1434, 1436, 1438, 1440, 1442, 1444, 1446, 1460, 1462, 1499, 1506, 1541, 1548, 1632, 1643, 1647, 1689, 1734, 1740, 1785, 1809, 1818, 1825, 1995, 2011, 2021, 2029, 2039, 2043, 2050, 2052, 2086]","[495, 841]","[20, 32, 131, 180, 190, 215, 276, 283, 407, 447, 457, 463, 505, 538, 590, 625, 648, 706, 727, 794, 806, 820, 900, 935, 937, 960, 967, 1008, 1030, 1079, 1118, 1167, 1188, 1193, 1233, 1239, 1252, 1265, 1358, 1360, 1370, 1400, 1420, 1422, 1424, 1426, 1428, 1430, 1432, 1434, 1436, 1438, 1440, 1442, 1444, 1446, 1460, 1462, 1499, 1506, 1541, 1548, 1632, 1643, 1647, 1689, 1734, 1740, 1785, 1809, 1818, 1825, 1995, 2011, 2021, 2029, 2039, 2043, 2050, 2052, 2086]","[495, 841]",2097,83,2014,2,81,2014,0
-1.5,MACHBGA2,"[14, 20, 32, 130, 178, 188, 213, 274, 281, 405, 445, 455, 461, 493, 503, 536, 588, 623, 646, 704, 725, 792, 804, 818, 839, 898, 933, 935, 958, 965, 1006, 1028, 1076, 1115, 1185, 1190, 1230, 1236, 1249, 1262, 1355, 1357, 1367, 1397, 1417, 1419, 1421, 1423, 1425, 1427, 1429, 1431, 1433, 1435, 1437, 1441, 1445, 1447, 1449, 1453, 1455, 1461, 1463, 1500, 1507, 1542, 1549, 1633, 1644, 1648, 1690, 1735, 1741, 1786, 1810, 1819, 1826, 2013, 2017, 2023, 2029, 2039, 2041, 2045, 2056, 2089, 2093]","[493, 839]","[14, 20, 32, 130, 178, 188, 213, 274, 281, 405, 445, 455, 461, 503, 536, 588, 623, 646, 704, 725, 792, 804, 818, 898, 933, 935, 958, 965, 1006, 1028, 1076, 1115, 1185, 1190, 1230, 1236, 1249, 1262, 1355, 1357, 1367, 1397, 1417, 1419, 1421, 1423, 1425, 1427, 1429, 1431, 1433, 1435, 1437, 1441, 1445, 1447, 1449, 1453, 1455, 1461, 1463, 1500, 1507, 1542, 1549, 1633, 1644, 1648, 1690, 1735, 1741, 1786, 1810, 1819, 1826, 2013, 2017, 2023, 2029, 2039, 2041, 2045, 2056, 2089, 2093]","[493, 839]",2100,87,2013,2,85,2013,0
-1.5,MAMGLUTRA,"[14, 34, 39, 41, 69, 85, 112, 144, 310, 329, 418, 424, 454, 464, 479, 484, 488, 507, 509, 530, 618, 629, 635, 646, 657, 661, 663, 667, 702, 718, 774, 821, 834, 838, 865, 881, 942, 1003, 1020, 1063, 1065, 1073, 1077, 1082, 1106, 1160, 1174, 1212, 1255, 1259, 1275, 1288, 1377, 1385, 1387, 1396, 1418, 1461, 1474, 1476, 1494, 1625, 1627, 1631, 1692, 1705, 1707, 1718, 1788, 1798, 1819, 1854, 1886, 1907, 1924, 1926, 1944, 1960, 1982, 2023, 2043, 2082, 2097, 2099, 2109, 2152, 2209, 2236, 2295, 2329, 2360, 2379, 2381, 2389, 2406, 2429, 2448, 2475, 2493, 2499, 2507, 2558, 2579, 2585, 2587, 2598, 2677, 2699, 2729, 2745, 2755, 2759, 2873, 2889, 2938, 3010, 3016, 3059, 3139, 3141, 3164, 3175, 3195, 3211, 3231, 3270, 3327, 3397, 3440, 3478, 3492, 3524, 3534, 3554, 3604, 3661, 3810, 3860, 3890, 3906, 3915, 3950, 3955, 3967, 3969, 4033, 4069, 4079, 4081, 4088, 4090, 4092, 4099, 4139, 4152, 4154, 4186, 4232, 4244, 4252, 4256, 4261, 4272, 4298, 4346, 4357, 4381, 4389, 4396, 4452, 4482, 4529, 4536, 4583, 4595, 4615, 4642, 4664, 4672, 4674, 4687, 4790, 4796, 4844, 4863, 4871, 4927, 4951, 4967, 4974, 4997, 5016, 5047, 5069, 5092, 5094, 5098, 5100, 5109, 5131, 5135, 5177, 5187, 5196, 5208, 5211, 5213, 5217, 5243, 5245, 5247, 5298, 5320, 5359, 5408, 5410, 5416, 5425, 5434, 5443, 5559, 5598, 5642, 5647, 5662, 5723, 5783, 5788, 5847, 5849, 5861, 5870, 5887, 5899, 5904, 5924, 5942, 5952, 5954, 5967, 5970, 6026, 6051, 6065, 6112, 6117, 6128, 6132, 6134, 6136, 6150, 6166, 6179, 6247, 6288]","[484, 821, 1255, 1627, 1819, 2745, 2938]","[14, 34, 39, 41, 69, 85, 112, 144, 310, 329, 418, 424, 454, 464, 479, 488, 507, 509, 530, 618, 629, 635, 646, 657, 661, 663, 667, 702, 718, 774, 834, 838, 865, 881, 942, 1003, 1020, 1063, 1065, 1073, 1077, 1082, 1106, 1160, 1174, 1212, 1259, 1275, 1288, 1377, 1385, 1387, 1396, 1418, 1461, 1474, 1476, 1494, 1625, 1631, 1692, 1705, 1707, 1718, 1788, 1798, 1854, 1886, 1907, 1924, 1926, 1944, 1960, 1982, 2023, 2043, 2082, 2097, 2099, 2109, 2152, 2209, 2236, 2295, 2329, 2360, 2379, 2381, 2389, 2406, 2429, 2448, 2475, 2493, 2499, 2507, 2558, 2579, 2585, 2587, 2598, 2677, 2699, 2729, 2755, 2759, 2873, 2889, 3010, 3016, 3059, 3139, 3141, 3164, 3175, 3195, 3211, 3231, 3270, 3327, 3397, 3440, 3478, 3492, 3524, 3534, 3554, 3604, 3661, 3810, 3860, 3890, 3906, 3915, 3950, 3955, 3967, 3969, 4033, 4069, 4079, 4081, 4088, 4090, 4092, 4099, 4139, 4152, 4154, 4186, 4232, 4244, 4252, 4256, 4261, 4272, 4298, 4346, 4357, 4381, 4389, 4396, 4452, 4482, 4529, 4536, 4583, 4595, 4615, 4642, 4664, 4672, 4674, 4687, 4790, 4796, 4844, 4863, 4871, 4927, 4951, 4967, 4974, 4997, 5016, 5047, 5069, 5092, 5094, 5098, 5100, 5109, 5131, 5135, 5177, 5187, 5196, 5208, 5211, 5213, 5217, 5243, 5245, 5247, 5298, 5320, 5359, 5408, 5410, 5416, 5425, 5434, 5443, 5559, 5598, 5642, 5647, 5662, 5723, 5783, 5788, 5847, 5849, 5861, 5870, 5887, 5899, 5904, 5924, 5942, 5952, 5954, 5967, 5970, 6026, 6051, 6065, 6112, 6117, 6128, 6132, 6134, 6136, 6150, 6166, 6179, 6247, 6288]","[484, 821, 1255, 1627, 1819, 2745, 2938]",6287,255,6032,7,248,6032,0
-1.5,MAU09941,"[11, 28, 64, 74, 190, 214, 229, 239, 260, 292, 299, 335, 339, 367, 390, 392, 401, 412, 484, 508, 522, 534, 548, 576, 581, 613, 629, 646, 705, 716, 738, 749, 778, 829, 834, 860, 876, 887, 931, 950, 956, 1031, 1035, 1112, 1166, 1170, 1199, 1202, 1273, 1287, 1362, 1397, 1424, 1480, 1528, 1539, 1552, 1554, 1559, 1562, 1566, 1571, 1583, 1595, 1636, 1658, 1700, 1728, 1755, 1787, 1803, 1830, 1834, 1846, 1894, 1897, 1913, 1932, 1941, 1957, 2039, 2076, 2114, 2129, 2160, 2166, 2170, 2250, 2264, 2320, 2342, 2406, 2415, 2427, 2467, 2514, 2519, 2609, 2667, 2707, 2761, 2775, 2778, 2932, 2968, 2987, 2990, 2992, 3013, 3058, 3063, 3065, 3070, 3099, 3124, 3134, 3175, 3193, 3234, 3239, 3246, 3259, 3263, 3267, 3298, 3378, 3382, 3452, 3461, 3521, 3618, 3642, 3646, 3697, 3702, 3712, 3756, 3789]",[1830],"[11, 28, 64, 74, 190, 214, 229, 239, 260, 292, 299, 335, 339, 367, 390, 392, 401, 412, 484, 508, 522, 534, 548, 576, 581, 613, 629, 646, 705, 716, 738, 749, 778, 829, 834, 860, 876, 887, 931, 950, 956, 1031, 1035, 1112, 1166, 1170, 1199, 1202, 1273, 1287, 1362, 1397, 1424, 1480, 1528, 1539, 1552, 1554, 1559, 1562, 1566, 1571, 1583, 1595, 1636, 1658, 1700, 1728, 1755, 1787, 1803, 1834, 1846, 1894, 1897, 1913, 1932, 1941, 1957, 2039, 2076, 2114, 2129, 2160, 2166, 2170, 2250, 2264, 2320, 2342, 2406, 2415, 2427, 2467, 2514, 2519, 2609, 2667, 2707, 2761, 2775, 2778, 2932, 2968, 2987, 2990, 2992, 3013, 3058, 3063, 3065, 3070, 3099, 3124, 3134, 3175, 3193, 3234, 3239, 3246, 3259, 3263, 3267, 3298, 3378, 3382, 3452, 3461, 3521, 3618, 3642, 3646, 3697, 3702, 3712, 3756, 3789]",[1830],3798,138,3660,1,137,3660,0
-1.5,MFAPOA2A,"[38, 53, 57, 69, 133, 153, 155, 189, 209, 226, 269, 318, 348, 379, 383, 385, 416, 422, 425, 462, 571, 575, 587, 615, 634, 636, 638, 640, 642, 644, 646, 660, 685, 687, 699, 707, 720, 753, 785, 815, 823, 875, 943, 998, 1020, 1075, 1089, 1093, 1132, 1141, 1194, 1219, 1243, 1264, 1293, 1298, 1422, 1445, 1453]","[379, 785]","[38, 53, 57, 69, 133, 153, 155, 189, 209, 226, 269, 318, 348, 383, 385, 416, 422, 425, 462, 571, 575, 587, 615, 634, 636, 638, 640, 642, 644, 646, 660, 685, 687, 699, 707, 720, 753, 815, 823, 875, 943, 998, 1020, 1075, 1089, 1093, 1132, 1141, 1194, 1219, 1243, 1264, 1293, 1298, 1422, 1445, 1453]","[379, 785]",1489,59,1430,2,57,1430,0
-1.5,MFAPOC3A,"[100, 115, 129, 145, 232, 363, 413, 441, 456, 463, 477, 573, 585, 622, 637, 642, 708, 756, 817, 870, 893, 913, 924, 952, 979, 982, 1155, 1172, 1239, 1264, 1280, 1285, 1322, 1333, 1350, 1372, 1402, 1522, 1527, 1530, 1576, 1608, 1626, 1651, 1671, 1681, 1694, 1715, 1798, 1815, 1852, 1871, 1980, 1993, 2040, 2069, 2074, 2106, 2116, 2149, 2190, 2198, 2232, 2236, 2242, 2244, 2279, 2343, 2384, 2388, 2439, 2496, 2557, 2607, 2615, 2647, 2666, 2675, 2689, 2712, 2721, 2740, 2759, 2764, 2773, 2789, 2801, 2803, 2878, 2920, 2940, 3068, 3072, 3089, 3098, 3142, 3180, 3187, 3194, 3196, 3205, 3207, 3213, 3225, 3240, 3244]","[913, 1172]","[100, 115, 129, 145, 232, 363, 413, 441, 456, 463, 477, 573, 585, 622, 637, 642, 708, 756, 817, 870, 893, 924, 952, 979, 982, 1155, 1239, 1264, 1280, 1285, 1322, 1333, 1350, 1372, 1402, 1522, 1527, 1530, 1576, 1608, 1626, 1651, 1671, 1681, 1694, 1715, 1798, 1815, 1852, 1871, 1980, 1993, 2040, 2069, 2074, 2106, 2116, 2149, 2190, 2198, 2232, 2236, 2242, 2244, 2279, 2343, 2384, 2388, 2439, 2496, 2557, 2607, 2615, 2647, 2666, 2675, 2689, 2712, 2721, 2740, 2759, 2764, 2773, 2789, 2801, 2803, 2878, 2920, 2940, 3068, 3072, 3089, 3098, 3142, 3180, 3187, 3194, 3196, 3205, 3207, 3213, 3225, 3240, 3244]","[913, 1172]",3254,106,3148,2,104,3148,0
-1.5,MMA2IXCOA,"[20, 33, 164, 181, 188, 239, 248, 279, 287, 289, 314, 318, 370, 386, 403, 413, 416, 428, 431, 468, 473, 519, 542, 544, 579, 584, 599, 603, 607, 619, 625, 671, 682, 684, 771, 782, 784, 798, 812, 852, 859, 878, 882, 896, 908, 922, 1018, 1083, 1085, 1103, 1125, 1146, 1156, 1171, 1175, 1193, 1202, 1260, 1267, 1280, 1297, 1301, 1307, 1328, 1383, 1389, 1409, 1439, 1446, 1458, 1493, 1512, 1517, 1536, 1566, 1582, 1701, 1703, 1707, 1710, 1719, 1722, 1757, 1761, 1800, 1812, 1816, 1823, 1838, 1841, 1866, 1881, 1925, 1949, 1951, 1966, 1985, 1988, 1998, 2012, 2022, 2026, 2028, 2041, 2044, 2081, 2098, 2104, 2142, 2165, 2183, 2227, 2290, 2297, 2307, 2318, 2340, 2404, 2419, 2489, 2528, 2548, 2552, 2581, 2585, 2619, 2623, 2639, 2658, 2795, 2803, 2840, 2845, 2870, 2925, 2935, 2950, 2966, 2992, 3024, 3053, 3069, 3089, 3105, 3110, 3132, 3141, 3168, 3181, 3215, 3259, 3286, 3362, 3393, 3408, 3411, 3426, 3501, 3514, 3529, 3584, 3625, 3633, 3639, 3644, 3652, 3713, 3726, 3736, 3760, 3794, 3826, 3851, 3855, 3887, 3896, 3917, 3955, 3961, 3972, 3974, 4006, 4008, 4017, 4036, 4095, 4119, 4131, 4154, 4168, 4243, 4275, 4280, 4301, 4315, 4333, 4362, 4369, 4386, 4390, 4455, 4499, 4521, 4525, 4561, 4567, 4609, 4628, 4663, 4697, 4712, 4714, 4812, 4814, 4823, 4857, 4875, 4896, 4901, 5082, 5120, 5240, 5366, 5375, 5385, 5412, 5491, 5537, 5543, 5623, 5647, 5665, 5670, 5682, 5686, 5715, 5805, 5831, 5835, 5854, 5880, 5886, 5895, 5905, 5921, 5947, 5977, 6014, 6046, 6054, 6056, 6060, 6111, 6118, 6144, 6217, 6266, 6275, 6289, 6318, 6342, 6355, 6359, 6451, 6457, 6481, 6499, 6560, 6566, 6595, 6604, 6614, 6620, 6623, 6628, 6632, 6635, 6639, 6649, 6663, 6674, 6681, 6736, 6774, 6903, 6930, 6935, 6954, 6994, 7009, 7049, 7076, 7081, 7096, 7102, 7106, 7161, 7250, 7254, 7271, 7290, 7340, 7354, 7371, 7390, 7444, 7449, 7453, 7462, 7470, 7472, 7476, 7514, 7543, 7581, 7645, 7658, 7684, 7694, 7720, 7739, 7745, 7825, 7856, 7889, 7906, 7918, 7921, 7923, 7935, 7945, 7971, 8064, 8110, 8120, 8135, 8140, 8202, 8216, 8255, 8272, 8343, 8366, 8368, 8384, 8395, 8401, 8409, 8430, 8486, 8513, 8522, 8539, 8543, 8659, 8684, 8709, 8712, 8714, 8727, 8748, 8751, 8755, 8757, 8766, 8779, 8790, 8798, 8829, 8843, 8847, 8882, 8976, 8978, 8982, 8989, 9020, 9072, 9132, 9137, 9179, 9188, 9209, 9213, 9238, 9245, 9249, 9253, 9322, 9326, 9330, 9339, 9353, 9420, 9437, 9467, 9497, 9503, 9522, 9528, 9544, 9553, 9573, 9609, 9623, 9626, 9669, 9702, 9704, 9706, 9708, 9710, 9712, 9714, 9716, 9718, 9720, 9722, 9724, 9726, 9728, 9730, 9732, 9734, 9738, 9760, 9766, 9770, 9782, 9793, 9801, 9812, 9816, 9819, 9830, 9898, 9920, 9931, 10232, 10259, 10270, 10274, 10282, 10304, 10359, 10435, 10491, 10509, 10523, 10610, 10613, 10616, 10658, 10723, 10902, 10907, 10913, 10930, 10934, 11028, 11067, 11077, 11097, 11145, 11175, 11238, 11253, 11288, 11291, 11307, 11325, 11347, 11356, 11363, 11374, 11405, 11418, 11426, 11457, 11474, 11500, 11540, 11555, 11587, 11597, 11611, 11615, 11640, 11709, 11719, 11727, 11734, 11748, 11777, 11802, 11808, 11821, 11833, 11879, 11881, 11883, 11890, 11894, 11946, 11963, 11987, 12068, 12074, 12092, 12125, 12150, 12175, 12182, 12194, 12202, 12205, 12210, 12227, 12288, 12290, 12326, 12334, 12356, 12399, 12406, 12594, 12602, 12604, 12632, 12654, 12792, 12820, 12829, 12852, 12864, 12907, 12926, 12952, 12989, 13033, 13064, 13111, 13115, 13127, 13146, 13154, 13173, 13175, 13185, 13221, 13243, 13245, 13274, 13282, 13315, 13322, 13343, 13350, 13361, 13447, 13453, 13472, 13479, 13515, 13545, 13555, 13601, 13609, 13646, 13655, 13658, 13676, 13687, 13726, 13732, 13736, 13766, 13786, 13816, 13822, 13824, 13840, 13868, 13894, 13912, 13991, 14026, 14061, 14081, 14119, 14155, 14182, 14216, 14273, 14279, 14298, 14300, 14340, 14382, 14391, 14395, 14477, 14493, 14531, 14533, 14540, 14561, 14575, 14635, 14663, 14673, 14756, 14759, 14879, 14894, 14902, 14953, 14968, 15004, 15021, 15025, 15057, 15067, 15086, 15088, 15121, 15130, 15210, 15231, 15243, 15338, 15345, 15365, 15405, 15409, 15419, 15441, 15489, 15520, 15544, 15567, 15597, 15619, 15642, 15746, 15751, 15787, 15799, 15806, 15816, 15898, 15930, 15933, 15937, 15972, 15981, 15989, 16000, 16021, 16054, 16070, 16081, 16114, 16123, 16142, 16144, 16149, 16166, 16240, 16381, 16385, 16424, 16435, 16474, 16489, 16514, 16519, 16522, 16526, 16573, 16610, 16693, 16705, 16709, 16739, 16769, 16783, 16789, 16792, 16811, 16850, 16881, 16897, 16911, 16913, 16943, 16955, 17021, 17100, 17106, 17110, 17131, 17145, 17235, 17244, 17248, 17275, 17279, 17327, 17333, 17342, 17349, 17364, 17454, 17477, 17490, 17496, 17498, 17517, 17532, 17536, 17575, 17605, 17647, 17759, 17774, 17779, 17793, 17807, 17815, 17817, 17912, 18013, 18026, 18032, 18147, 18158, 18166, 18225, 18238, 18243, 18254, 18277, 18283, 18302, 18335, 18353, 18429, 18473, 18500, 18546, 18609, 18627, 18631, 18639, 18649, 18663, 18683, 18710, 18729, 18740, 18743, 18781, 18784, 18809, 18822, 18824, 18859, 18862, 18881, 18888, 18896, 18913, 18985, 18988, 18994, 19002, 19085, 19087, 19104, 19126, 19220, 19224, 19244, 19249, 19296, 19302, 19335, 19339, 19402, 19408, 19412, 19420, 19461]","[3132, 4386, 5682, 5831, 7102, 7250, 7371, 7684, 8064, 8216, 8401, 8539, 8882, 9322, 9467, 9626, 13033, 13447, 13726, 14575, 15021, 15338, 15597, 15746, 15933, 16114, 16240, 16522, 16811, 17275, 17647]","[20, 33, 164, 181, 188, 239, 248, 279, 287, 289, 314, 318, 370, 386, 403, 413, 416, 428, 431, 468, 473, 519, 542, 544, 579, 584, 599, 603, 607, 619, 625, 671, 682, 684, 771, 782, 784, 798, 812, 852, 859, 878, 882, 896, 908, 922, 1018, 1083, 1085, 1103, 1125, 1146, 1156, 1171, 1175, 1193, 1202, 1260, 1267, 1280, 1297, 1301, 1307, 1328, 1383, 1389, 1409, 1439, 1446, 1458, 1493, 1512, 1517, 1536, 1566, 1582, 1701, 1703, 1707, 1710, 1719, 1722, 1757, 1761, 1800, 1812, 1816, 1823, 1838, 1841, 1866, 1881, 1925, 1949, 1951, 1966, 1985, 1988, 1998, 2012, 2022, 2026, 2028, 2041, 2044, 2081, 2098, 2104, 2142, 2165, 2183, 2227, 2290, 2297, 2307, 2318, 2340, 2404, 2419, 2489, 2528, 2548, 2552, 2581, 2585, 2619, 2623, 2639, 2658, 2795, 2803, 2840, 2845, 2870, 2925, 2935, 2950, 2966, 2992, 3024, 3053, 3069, 3089, 3105, 3110, 3141, 3168, 3181, 3215, 3259, 3286, 3362, 3393, 3408, 3411, 3426, 3501, 3514, 3529, 3584, 3625, 3633, 3639, 3644, 3652, 3713, 3726, 3736, 3760, 3794, 3826, 3851, 3855, 3887, 3896, 3917, 3955, 3961, 3972, 3974, 4006, 4008, 4017, 4036, 4095, 4119, 4131, 4154, 4168, 4243, 4275, 4280, 4301, 4315, 4333, 4362, 4369, 4390, 4455, 4499, 4521, 4525, 4561, 4567, 4609, 4628, 4663, 4697, 4712, 4714, 4812, 4814, 4823, 4857, 4875, 4896, 4901, 5082, 5120, 5240, 5366, 5375, 5385, 5412, 5491, 5537, 5543, 5623, 5647, 5665, 5670, 5686, 5715, 5805, 5835, 5854, 5880, 5886, 5895, 5905, 5921, 5947, 5977, 6014, 6046, 6054, 6056, 6060, 6111, 6118, 6144, 6217, 6266, 6275, 6289, 6318, 6342, 6355, 6359, 6451, 6457, 6481, 6499, 6560, 6566, 6595, 6604, 6614, 6620, 6623, 6628, 6632, 6635, 6639, 6649, 6663, 6674, 6681, 6736, 6774, 6903, 6930, 6935, 6954, 6994, 7009, 7049, 7076, 7081, 7096, 7106, 7161, 7254, 7271, 7290, 7340, 7354, 7390, 7444, 7449, 7453, 7462, 7470, 7472, 7476, 7514, 7543, 7581, 7645, 7658, 7694, 7720, 7739, 7745, 7825, 7856, 7889, 7906, 7918, 7921, 7923, 7935, 7945, 7971, 8110, 8120, 8135, 8140, 8202, 8255, 8272, 8343, 8366, 8368, 8384, 8395, 8409, 8430, 8486, 8513, 8522, 8543, 8659, 8684, 8709, 8712, 8714, 8727, 8748, 8751, 8755, 8757, 8766, 8779, 8790, 8798, 8829, 8843, 8847, 8976, 8978, 8982, 8989, 9020, 9072, 9132, 9137, 9179, 9188, 9209, 9213, 9238, 9245, 9249, 9253, 9326, 9330, 9339, 9353, 9420, 9437, 9497, 9503, 9522, 9528, 9544, 9553, 9573, 9609, 9623, 9669, 9702, 9704, 9706, 9708, 9710, 9712, 9714, 9716, 9718, 9720, 9722, 9724, 9726, 9728, 9730, 9732, 9734, 9738, 9760, 9766, 9770, 9782, 9793, 9801, 9812, 9816, 9819, 9830, 9898, 9920, 9931, 10232, 10259, 10270, 10274, 10282, 10304, 10359, 10435, 10491, 10509, 10523, 10610, 10613, 10616, 10658, 10723, 10902, 10907, 10913, 10930, 10934, 11028, 11067, 11077, 11097, 11145, 11175, 11238, 11253, 11288, 11291, 11307, 11325, 11347, 11356, 11363, 11374, 11405, 11418, 11426, 11457, 11474, 11500, 11540, 11555, 11587, 11597, 11611, 11615, 11640, 11709, 11719, 11727, 11734, 11748, 11777, 11802, 11808, 11821, 11833, 11879, 11881, 11883, 11890, 11894, 11946, 11963, 11987, 12068, 12074, 12092, 12125, 12150, 12175, 12182, 12194, 12202, 12205, 12210, 12227, 12288, 12290, 12326, 12334, 12356, 12399, 12406, 12594, 12602, 12604, 12632, 12654, 12792, 12820, 12829, 12852, 12864, 12907, 12926, 12952, 12989, 13064, 13111, 13115, 13127, 13146, 13154, 13173, 13175, 13185, 13221, 13243, 13245, 13274, 13282, 13315, 13322, 13343, 13350, 13361, 13453, 13472, 13479, 13515, 13545, 13555, 13601, 13609, 13646, 13655, 13658, 13676, 13687, 13732, 13736, 13766, 13786, 13816, 13822, 13824, 13840, 13868, 13894, 13912, 13991, 14026, 14061, 14081, 14119, 14155, 14182, 14216, 14273, 14279, 14298, 14300, 14340, 14382, 14391, 14395, 14477, 14493, 14531, 14533, 14540, 14561, 14635, 14663, 14673, 14756, 14759, 14879, 14894, 14902, 14953, 14968, 15004, 15025, 15057, 15067, 15086, 15088, 15121, 15130, 15210, 15231, 15243, 15345, 15365, 15405, 15409, 15419, 15441, 15489, 15520, 15544, 15567, 15619, 15642, 15751, 15787, 15799, 15806, 15816, 15898, 15930, 15937, 15972, 15981, 15989, 16000, 16021, 16054, 16070, 16081, 16123, 16142, 16144, 16149, 16166, 16381, 16385, 16424, 16435, 16474, 16489, 16514, 16519, 16526, 16573, 16610, 16693, 16705, 16709, 16739, 16769, 16783, 16789, 16792, 16850, 16881, 16897, 16911, 16913, 16943, 16955, 17021, 17100, 17106, 17110, 17131, 17145, 17235, 17244, 17248, 17279, 17327, 17333, 17342, 17349, 17364, 17454, 17477, 17490, 17496, 17498, 17517, 17532, 17536, 17575, 17605, 17759, 17774, 17779, 17793, 17807, 17815, 17817, 17912, 18013, 18026, 18032, 18147, 18158, 18166, 18225, 18238, 18243, 18254, 18277, 18283, 18302, 18335, 18353, 18429, 18473, 18500, 18546, 18609, 18627, 18631, 18639, 18649, 18663, 18683, 18710, 18729, 18740, 18743, 18781, 18784, 18809, 18822, 18824, 18859, 18862, 18881, 18888, 18896, 18913, 18985, 18988, 18994, 19002, 19085, 19087, 19104, 19126, 19220, 19224, 19244, 19249, 19296, 19302, 19335, 19339, 19402, 19408, 19412, 19420, 19461]","[3132, 4386, 5682, 5831, 7102, 7250, 7371, 7684, 8064, 8216, 8401, 8539, 8882, 9322, 9467, 9626, 13033, 13447, 13726, 14575, 15021, 15338, 15597, 15746, 15933, 16114, 16240, 16522, 16811, 17275, 17647]",19471,794,18677,31,763,18677,0
-1.5,MMACLGNA,"[86, 123, 146, 148, 150, 155, 159, 161, 179, 245, 251, 287, 289, 297, 321, 341, 349, 354, 412, 449, 461, 470, 474, 481, 499, 525, 537, 541, 545, 553, 564, 579, 600, 624, 641, 662, 664, 680, 682, 690, 697, 743, 746, 758, 761, 783, 847, 879, 883, 889, 918, 937, 940, 966, 1106, 1110, 1114, 1129, 1137, 1143, 1145, 1147, 1167, 1180, 1192, 1196, 1261, 1370, 1415, 1418, 1421, 1458, 1462, 1474, 1490, 1499, 1518, 1574, 1589, 1620, 1622, 1645, 1671, 1677, 1700, 1720, 1725, 1731, 1751, 1762, 1805, 1833, 1841, 1852, 1871, 1906, 1937, 1972, 2017, 2077, 2080, 2153, 2205, 2219, 2263, 2282, 2285, 2313, 2343, 2360, 2363, 2397, 2401, 2418, 2420, 2441, 2449, 2507, 2515, 2517, 2524, 2527, 2537, 2555, 2557, 2561, 2580, 2582, 2584, 2586, 2588, 2590, 2592, 2594, 2596, 2598, 2600, 2602, 2604, 2606, 2608, 2610, 2612, 2614, 2616, 2618, 2637, 2642, 2645, 2666, 2673, 2704, 2734, 2757, 2768, 2774, 2776, 2800, 2807, 2824, 2849, 2854, 2883, 2923, 2933, 2935, 2952, 2957, 2961, 2969, 3032, 3035, 3107, 3119, 3121, 3131, 3143, 3169, 3172, 3178, 3192, 3218, 3240, 3255, 3290, 3325, 3373, 3408, 3415, 3432, 3435, 3442, 3599, 3634, 3640, 3647, 3678, 3680, 3695, 3731, 3824, 3850]","[474, 3178]","[86, 123, 146, 148, 150, 155, 159, 161, 179, 245, 251, 287, 289, 297, 321, 341, 349, 354, 412, 449, 461, 470, 481, 499, 525, 537, 541, 545, 553, 564, 579, 600, 624, 641, 662, 664, 680, 682, 690, 697, 743, 746, 758, 761, 783, 847, 879, 883, 889, 918, 937, 940, 966, 1106, 1110, 1114, 1129, 1137, 1143, 1145, 1147, 1167, 1180, 1192, 1196, 1261, 1370, 1415, 1418, 1421, 1458, 1462, 1474, 1490, 1499, 1518, 1574, 1589, 1620, 1622, 1645, 1671, 1677, 1700, 1720, 1725, 1731, 1751, 1762, 1805, 1833, 1841, 1852, 1871, 1906, 1937, 1972, 2017, 2077, 2080, 2153, 2205, 2219, 2263, 2282, 2285, 2313, 2343, 2360, 2363, 2397, 2401, 2418, 2420, 2441, 2449, 2507, 2515, 2517, 2524, 2527, 2537, 2555, 2557, 2561, 2580, 2582, 2584, 2586, 2588, 2590, 2592, 2594, 2596, 2598, 2600, 2602, 2604, 2606, 2608, 2610, 2612, 2614, 2616, 2618, 2637, 2642, 2645, 2666, 2673, 2704, 2734, 2757, 2768, 2774, 2776, 2800, 2807, 2824, 2849, 2854, 2883, 2923, 2933, 2935, 2952, 2957, 2961, 2969, 3032, 3035, 3107, 3119, 3121, 3131, 3143, 3169, 3172, 3192, 3218, 3240, 3255, 3290, 3325, 3373, 3408, 3415, 3432, 3435, 3442, 3599, 3634, 3640, 3647, 3678, 3680, 3695, 3731, 3824, 3850]","[474, 3178]",3873,202,3671,2,200,3671,0
-1.5,MMAPOG,"[68, 143, 150, 246, 265, 269, 288, 351, 406, 408, 410, 474, 502, 505, 514, 523, 536, 540, 556, 633, 669, 708, 726, 728, 741, 773, 806, 823, 839, 860, 876, 945, 951, 982, 987, 1016, 1037, 1047, 1053, 1113, 1144, 1158, 1160, 1172, 1186, 1190, 1198, 1205, 1249, 1267, 1381, 1385, 1456, 1489, 1501, 1546, 1567, 1642, 1678, 1779, 1856, 1898, 1900, 1935, 1940, 2056, 2067, 2089, 2139, 2146]","[536, 806]","[68, 143, 150, 246, 265, 269, 288, 351, 406, 408, 410, 474, 502, 505, 514, 523, 540, 556, 633, 669, 708, 726, 728, 741, 773, 823, 839, 860, 876, 945, 951, 982, 987, 1016, 1037, 1047, 1053, 1113, 1144, 1158, 1160, 1172, 1186, 1190, 1198, 1205, 1249, 1267, 1381, 1385, 1456, 1489, 1501, 1546, 1567, 1642, 1678, 1779, 1856, 1898, 1900, 1935, 1940, 2056, 2067, 2089, 2139, 2146]","[536, 806]",2168,70,2098,2,68,2098,0
-1.5,MMASM1G,"[36, 39, 127, 143, 149, 192, 333, 436, 439, 460, 486, 505, 516, 543, 575, 680, 688, 738, 850, 869, 905, 916, 929, 938, 990, 1014, 1024, 1088, 1092, 1096, 1133, 1141, 1173, 1180, 1199, 1216, 1230, 1240, 1245, 1260, 1274, 1294, 1298, 1313, 1331, 1333, 1335, 1364, 1405, 1412, 1421, 1455, 1483, 1492, 1501, 1546, 1548, 1554, 1582, 1585, 1591, 1601, 1628, 1652, 1699, 1742, 1750, 1757, 1794, 1820, 1848, 1884, 1896, 1905, 1907, 1975, 1977, 2008, 2019, 2065, 2086, 2092, 2094, 2104, 2128, 2214, 2244, 2253, 2257, 2315, 2332, 2419, 2456, 2468, 2518, 2625, 2651, 2668, 2684, 2701, 2703, 2718, 2740, 2830, 2882, 2889, 2928, 2940, 2952, 2961, 2966, 2994, 2996, 2998, 3013, 3025, 3080, 3089, 3168, 3245, 3265, 3267, 3281, 3299, 3307, 3310, 3358, 3367, 3541, 3585, 3599, 3619, 3642, 3650, 3696, 3715, 3745, 3749, 3785, 3787, 3816, 3920, 4061, 4105, 4171, 4173, 4255, 4261, 4276, 4282, 4291, 4314, 4340, 4421, 4426, 4441, 4492, 4520, 4532, 4582, 4681, 4685, 4755, 4764]","[1088, 2244, 2928, 3245, 3745]","[36, 39, 127, 143, 149, 192, 333, 436, 439, 460, 486, 505, 516, 543, 575, 680, 688, 738, 850, 869, 905, 916, 929, 938, 990, 1014, 1024, 1092, 1096, 1133, 1141, 1173, 1180, 1199, 1216, 1230, 1240, 1245, 1260, 1274, 1294, 1298, 1313, 1331, 1333, 1335, 1364, 1405, 1412, 1421, 1455, 1483, 1492, 1501, 1546, 1548, 1554, 1582, 1585, 1591, 1601, 1628, 1652, 1699, 1742, 1750, 1757, 1794, 1820, 1848, 1884, 1896, 1905, 1907, 1975, 1977, 2008, 2019, 2065, 2086, 2092, 2094, 2104, 2128, 2214, 2253, 2257, 2315, 2332, 2419, 2456, 2468, 2518, 2625, 2651, 2668, 2684, 2701, 2703, 2718, 2740, 2830, 2882, 2889, 2940, 2952, 2961, 2966, 2994, 2996, 2998, 3013, 3025, 3080, 3089, 3168, 3265, 3267, 3281, 3299, 3307, 3310, 3358, 3367, 3541, 3585, 3599, 3619, 3642, 3650, 3696, 3715, 3749, 3785, 3787, 3816, 3920, 4061, 4105, 4171, 4173, 4255, 4261, 4276, 4282, 4291, 4314, 4340, 4421, 4426, 4441, 4492, 4520, 4532, 4582, 4681, 4685, 4755, 4764]","[1088, 2244, 2928, 3245, 3745]",4767,164,4603,5,159,4603,0
-1.5,MMCASEIB,"[15, 100, 124, 129, 214, 252, 254, 282, 301, 328, 333, 388, 395, 439, 488, 508, 591, 599, 610, 616, 723, 728, 784, 893, 910, 940, 998, 1034, 1059, 1113, 1129, 1131, 1202, 1212, 1214, 1220, 1307, 1323, 1355, 1403, 1412, 1421, 1430, 1444, 1454, 1488, 1490, 1589, 1632, 1644, 1666, 1866, 1868, 1883, 1889, 1893, 1981, 1994, 2122, 2291, 2311, 2350, 2401, 2418, 2420, 2471, 2561, 2568, 2577, 2590, 2609, 2639, 2651, 2672, 2723, 2755, 2785, 2851, 2857, 2893, 2942, 2974, 2978, 3000, 3032, 3042, 3050, 3105, 3141, 3145, 3153, 3158, 3160, 3162, 3164, 3196, 3213, 3259, 3280, 3285, 3289, 3368, 3427, 3445, 3491, 3540, 3601, 3633, 3643, 3651, 3682, 3706, 3742, 3746, 3754, 3759, 3767, 3769, 3797, 3799, 3816, 3874, 3898, 3936, 3957, 3975, 3979, 4006, 4162, 4164, 4168, 4203, 4303, 4342, 4367, 4373, 4387, 4407, 4440, 4457, 4469, 4475, 4487, 4526, 4569, 4596, 4622, 4664, 4702, 4755, 4787, 4814, 4822, 4827, 4838, 4846, 4901, 4916, 5057, 5081, 5124, 5127, 5145, 5184, 5208, 5219, 5270, 5316, 5365, 5391, 5407, 5465, 5477, 5486, 5519, 5523, 5545, 5582, 5615, 5818, 5877, 5890, 5923, 5934, 5962, 5975, 6001, 6060, 6077, 6092, 6098, 6100, 6110, 6116, 6132, 6207, 6228, 6252, 6256, 6277, 6296, 6305, 6318, 6334, 6378, 6394, 6399, 6426, 6434, 6510, 6530, 6542, 6553, 6564, 6574, 6585, 6603, 6611, 6624, 6671, 6686, 6715, 6734, 6762, 6788, 6805, 6810, 6844, 6846, 6905, 6932, 6941, 6949, 6958, 6967, 6974, 6978, 7011, 7023, 7119, 7123, 7146, 7155, 7160, 7185, 7191, 7217, 7265, 7315, 7415, 7417, 7450, 7492, 7525, 7594, 7642, 7659, 7688, 7725, 7743, 7752, 7769, 7773, 7787, 7791, 7829, 7869, 7922, 7929, 7944, 7964, 8043, 8062, 8126, 8137, 8174, 8190, 8222, 8252, 8291, 8333, 8345, 8376, 8405, 8413, 8417, 8438, 8495, 8571, 8664, 8703, 8713, 8799, 8811, 8819, 8831, 8851, 8897, 8912, 8921, 8959, 8989, 9018, 9057, 9074, 9127, 9145, 9167, 9203, 9234, 9249, 9251, 9262, 9281, 9313, 9404, 9407, 9425, 9515, 9587, 9605, 9635, 9679, 9695, 9721, 9742, 9803, 9842, 9851, 9930, 10002, 10021, 10030, 10046, 10052, 10084, 10160, 10178, 10234, 10250, 10275, 10309, 10311, 10398, 10416, 10443, 10470, 10546, 10565, 10574, 10706, 10771, 10789, 10791, 10796, 10800, 10861, 10871, 10973, 11025, 11029, 11050, 11093, 11112, 11133, 11169, 11177, 11209, 11224, 11232, 11253, 11267, 11342, 11420, 11441, 11543, 11552, 11564, 11568, 11620, 11712, 11758, 11765, 11773, 11782, 11838, 11870, 12006, 12014, 12027, 12128, 12141, 12144, 12153, 12187, 12212, 12235, 12239, 12322, 12335, 12344, 12364, 12376, 12380, 12414, 12523, 12541, 12553, 12573, 12616, 12632, 12645, 12745, 12769, 12838, 12853, 12859, 12867, 12875, 12928, 12951, 12991, 13000]","[6252, 7023, 7160, 8126, 8252, 9803]","[15, 100, 124, 129, 214, 252, 254, 282, 301, 328, 333, 388, 395, 439, 488, 508, 591, 599, 610, 616, 723, 728, 784, 893, 910, 940, 998, 1034, 1059, 1113, 1129, 1131, 1202, 1212, 1214, 1220, 1307, 1323, 1355, 1403, 1412, 1421, 1430, 1444, 1454, 1488, 1490, 1589, 1632, 1644, 1666, 1866, 1868, 1883, 1889, 1893, 1981, 1994, 2122, 2291, 2311, 2350, 2401, 2418, 2420, 2471, 2561, 2568, 2577, 2590, 2609, 2639, 2651, 2672, 2723, 2755, 2785, 2851, 2857, 2893, 2942, 2974, 2978, 3000, 3032, 3042, 3050, 3105, 3141, 3145, 3153, 3158, 3160, 3162, 3164, 3196, 3213, 3259, 3280, 3285, 3289, 3368, 3427, 3445, 3491, 3540, 3601, 3633, 3643, 3651, 3682, 3706, 3742, 3746, 3754, 3759, 3767, 3769, 3797, 3799, 3816, 3874, 3898, 3936, 3957, 3975, 3979, 4006, 4162, 4164, 4168, 4203, 4303, 4342, 4367, 4373, 4387, 4407, 4440, 4457, 4469, 4475, 4487, 4526, 4569, 4596, 4622, 4664, 4702, 4755, 4787, 4814, 4822, 4827, 4838, 4846, 4901, 4916, 5057, 5081, 5124, 5127, 5145, 5184, 5208, 5219, 5270, 5316, 5365, 5391, 5407, 5465, 5477, 5486, 5519, 5523, 5545, 5582, 5615, 5818, 5877, 5890, 5923, 5934, 5962, 5975, 6001, 6060, 6077, 6092, 6098, 6100, 6110, 6116, 6132, 6207, 6228, 6256, 6277, 6296, 6305, 6318, 6334, 6378, 6394, 6399, 6426, 6434, 6510, 6530, 6542, 6553, 6564, 6574, 6585, 6603, 6611, 6624, 6671, 6686, 6715, 6734, 6762, 6788, 6805, 6810, 6844, 6846, 6905, 6932, 6941, 6949, 6958, 6967, 6974, 6978, 7011, 7119, 7123, 7146, 7155, 7185, 7191, 7217, 7265, 7315, 7415, 7417, 7450, 7492, 7525, 7594, 7642, 7659, 7688, 7725, 7743, 7752, 7769, 7773, 7787, 7791, 7829, 7869, 7922, 7929, 7944, 7964, 8043, 8062, 8137, 8174, 8190, 8222, 8291, 8333, 8345, 8376, 8405, 8413, 8417, 8438, 8495, 8571, 8664, 8703, 8713, 8799, 8811, 8819, 8831, 8851, 8897, 8912, 8921, 8959, 8989, 9018, 9057, 9074, 9127, 9145, 9167, 9203, 9234, 9249, 9251, 9262, 9281, 9313, 9404, 9407, 9425, 9515, 9587, 9605, 9635, 9679, 9695, 9721, 9742, 9842, 9851, 9930, 10002, 10021, 10030, 10046, 10052, 10084, 10160, 10178, 10234, 10250, 10275, 10309, 10311, 10398, 10416, 10443, 10470, 10546, 10565, 10574, 10706, 10771, 10789, 10791, 10796, 10800, 10861, 10871, 10973, 11025, 11029, 11050, 11093, 11112, 11133, 11169, 11177, 11209, 11224, 11232, 11253, 11267, 11342, 11420, 11441, 11543, 11552, 11564, 11568, 11620, 11712, 11758, 11765, 11773, 11782, 11838, 11870, 12006, 12014, 12027, 12128, 12141, 12144, 12153, 12187, 12212, 12235, 12239, 12322, 12335, 12344, 12364, 12376, 12380, 12414, 12523, 12541, 12553, 12573, 12616, 12632, 12645, 12745, 12769, 12838, 12853, 12859, 12867, 12875, 12928, 12951, 12991, 13000]","[6252, 7023, 7160, 8126, 8252, 9803]",13046,423,12623,6,417,12623,0
-1.5,MMCD24A,"[33, 108, 115, 171, 198, 233, 274, 287, 392, 420, 450, 477, 481, 496, 514, 541, 543, 570, 576, 630, 670, 709, 775, 886, 937, 952, 1020, 1022, 1070, 1093, 1111, 1126, 1157, 1169, 1251, 1273, 1277, 1286, 1310, 1322, 1366, 1394, 1419, 1450, 1480, 1505, 1522, 1527, 1563, 1611, 1640, 1645, 1660, 1670, 1785, 1804, 1808, 1821, 1928, 1961, 1969, 2016, 2018, 2023, 2027, 2029, 2042, 2047, 2049, 2068, 2100, 2158, 2172, 2195, 2214, 2220, 2259, 2276, 2288, 2300, 2309, 2390, 2432, 2452, 2486, 2521, 2533, 2535, 2537, 2539, 2543, 2555, 2594, 2612, 2632, 2635, 2637, 2680, 2720, 2733, 2766, 2792, 2814, 2827, 2860, 2949, 2952, 2966, 3016, 3044, 3062, 3068, 3142, 3158, 3162, 3202, 3240, 3308, 3339, 3346, 3403, 3412, 3416, 3464, 3476, 3478, 3482, 3505, 3543, 3560, 3562, 3650, 3666, 3682, 3693, 3752, 3754, 3794, 3805, 3809, 3828, 3830, 3870, 3881, 3899, 3911, 3919, 3949, 3953, 3955, 3975, 3982, 4001, 4043, 4090, 4097, 4112, 4140, 4146, 4156, 4182, 4188, 4196, 4201, 4224, 4253, 4369, 4401, 4445, 4457, 4519, 4545, 4547, 4581, 4586, 4598, 4621, 4672, 4774, 4789, 4791, 4907, 4910, 4928, 5004, 5070, 5083, 5091, 5195, 5212, 5250, 5282, 5313, 5319, 5368, 5379, 5435, 5447, 5478, 5541, 5582, 5584, 5592, 5595, 5602, 5629, 5631, 5687, 5705, 5712, 5728, 5793, 5826, 5847, 5874, 5913, 5936, 5990, 6008, 6085, 6092, 6170, 6185, 6199, 6236, 6243, 6260, 6313, 6318, 6323, 6355, 6361, 6400, 6430, 6441, 6489, 6507, 6517, 6527, 6544, 6555, 6568, 6624, 6632, 6686, 6694, 6714, 6754, 6784, 6793, 6855, 6875, 6930, 6967, 6985, 7000, 7036, 7063, 7143, 7164, 7169, 7251, 7253, 7255, 7257, 7294, 7310, 7319, 7325, 7346, 7358, 7390, 7422, 7471, 7475, 7479, 7515, 7525, 7528, 7538, 7543, 7577, 7584, 7620, 7636]",[2486],"[33, 108, 115, 171, 198, 233, 274, 287, 392, 420, 450, 477, 481, 496, 514, 541, 543, 570, 576, 630, 670, 709, 775, 886, 937, 952, 1020, 1022, 1070, 1093, 1111, 1126, 1157, 1169, 1251, 1273, 1277, 1286, 1310, 1322, 1366, 1394, 1419, 1450, 1480, 1505, 1522, 1527, 1563, 1611, 1640, 1645, 1660, 1670, 1785, 1804, 1808, 1821, 1928, 1961, 1969, 2016, 2018, 2023, 2027, 2029, 2042, 2047, 2049, 2068, 2100, 2158, 2172, 2195, 2214, 2220, 2259, 2276, 2288, 2300, 2309, 2390, 2432, 2452, 2521, 2533, 2535, 2537, 2539, 2543, 2555, 2594, 2612, 2632, 2635, 2637, 2680, 2720, 2733, 2766, 2792, 2814, 2827, 2860, 2949, 2952, 2966, 3016, 3044, 3062, 3068, 3142, 3158, 3162, 3202, 3240, 3308, 3339, 3346, 3403, 3412, 3416, 3464, 3476, 3478, 3482, 3505, 3543, 3560, 3562, 3650, 3666, 3682, 3693, 3752, 3754, 3794, 3805, 3809, 3828, 3830, 3870, 3881, 3899, 3911, 3919, 3949, 3953, 3955, 3975, 3982, 4001, 4043, 4090, 4097, 4112, 4140, 4146, 4156, 4182, 4188, 4196, 4201, 4224, 4253, 4369, 4401, 4445, 4457, 4519, 4545, 4547, 4581, 4586, 4598, 4621, 4672, 4774, 4789, 4791, 4907, 4910, 4928, 5004, 5070, 5083, 5091, 5195, 5212, 5250, 5282, 5313, 5319, 5368, 5379, 5435, 5447, 5478, 5541, 5582, 5584, 5592, 5595, 5602, 5629, 5631, 5687, 5705, 5712, 5728, 5793, 5826, 5847, 5874, 5913, 5936, 5990, 6008, 6085, 6092, 6170, 6185, 6199, 6236, 6243, 6260, 6313, 6318, 6323, 6355, 6361, 6400, 6430, 6441, 6489, 6507, 6517, 6527, 6544, 6555, 6568, 6624, 6632, 6686, 6694, 6714, 6754, 6784, 6793, 6855, 6875, 6930, 6967, 6985, 7000, 7036, 7063, 7143, 7164, 7169, 7251, 7253, 7255, 7257, 7294, 7310, 7319, 7325, 7346, 7358, 7390, 7422, 7471, 7475, 7479, 7515, 7525, 7528, 7538, 7543, 7577, 7584, 7620, 7636]",[2486],7632,285,7347,1,284,7347,0
-1.5,MMCFOS,"[56, 83, 99, 107, 160, 187, 214, 262, 270, 283, 334, 362, 376, 385, 417, 486, 491, 599, 615, 657, 716, 755, 832, 844, 848, 860, 871, 884, 890, 907, 909, 965, 999, 1009, 1025, 1035, 1057, 1068, 1128, 1155, 1231, 1244, 1248, 1308, 1320, 1356, 1387, 1459, 1545, 1547, 1615, 1626, 1646, 1678, 1685, 1700, 1709, 1759, 1790, 1799, 1801, 1841, 1850, 1873, 1965, 1991, 2005, 2137, 2162, 2168, 2173, 2194, 2208, 2234, 2320, 2363, 2367, 2402, 2445, 2506, 2626, 2630, 2655, 2680, 2744, 2762, 2820, 2843, 2852, 2860, 2865, 2927, 2947, 2949, 2957, 2960, 2967, 2992, 3039, 3118, 3125, 3157, 3175, 3199, 3213, 3219, 3243, 3247, 3264, 3326, 3367, 3369, 3381, 3398, 3401, 3405, 3414, 3418, 3429, 3433, 3482, 3487, 3509, 3519, 3526, 3553, 3570, 3628, 3656, 3661, 3674, 3692, 3715, 3718, 3837, 3849, 3856, 3885]","[844, 1850, 2363]","[56, 83, 99, 107, 160, 187, 214, 262, 270, 283, 334, 362, 376, 385, 417, 486, 491, 599, 615, 657, 716, 755, 832, 848, 860, 871, 884, 890, 907, 909, 965, 999, 1009, 1025, 1035, 1057, 1068, 1128, 1155, 1231, 1244, 1248, 1308, 1320, 1356, 1387, 1459, 1545, 1547, 1615, 1626, 1646, 1678, 1685, 1700, 1709, 1759, 1790, 1799, 1801, 1841, 1873, 1965, 1991, 2005, 2137, 2162, 2168, 2173, 2194, 2208, 2234, 2320, 2367, 2402, 2445, 2506, 2626, 2630, 2655, 2680, 2744, 2762, 2820, 2843, 2852, 2860, 2865, 2927, 2947, 2949, 2957, 2960, 2967, 2992, 3039, 3118, 3125, 3157, 3175, 3199, 3213, 3219, 3243, 3247, 3264, 3326, 3367, 3369, 3381, 3398, 3401, 3405, 3414, 3418, 3429, 3433, 3482, 3487, 3509, 3519, 3526, 3553, 3570, 3628, 3656, 3661, 3674, 3692, 3715, 3718, 3837, 3849, 3856, 3885]","[844, 1850, 2363]",3959,138,3821,3,135,3821,0
-1.5,MMCOL10A,"[30, 38, 142, 203, 216, 309, 317, 322, 331, 377, 393, 544, 560, 655, 694, 714, 748, 872, 884, 907, 974, 996, 1070, 1079, 1087, 1152, 1154, 1156, 1158, 1193, 1205, 1213, 1251, 1269, 1308, 1313, 1348, 1377, 1393, 1399, 1446, 1509, 1518, 1561, 1565, 1575, 1594, 1608, 1693, 1719, 1796, 1802, 1814, 1858, 1934, 1964, 1968, 2049, 2148, 2209, 2287, 2310, 2330, 2332, 2356, 2369, 2386, 2390, 2408, 2421, 2519, 2534, 2540, 2558, 2622, 2668, 2771, 2829, 2887, 2931, 2935, 2937, 2941, 2947, 2967, 3000, 3016, 3030, 3035, 3061, 3069, 3076, 3102, 3140, 3199, 3226, 3258, 3265, 3292, 3298, 3476, 3498, 3505, 3514, 3553, 3568, 3652, 3676, 3697, 3707, 3712, 3715, 3730, 3737, 3794, 3809, 3918, 3952, 3964, 3985, 4011, 4152, 4215, 4222, 4243, 4246, 4278, 4286, 4438, 4445, 4461, 4529, 4560, 4566, 4580, 4603, 4607, 4609, 4612, 4630, 4665, 4672, 4682, 4689, 4704, 4716, 4729, 4754, 4759, 4776, 4779, 4783, 4812, 4821, 4826, 4844, 4852, 4883, 4907, 4924, 4944, 4974, 5004, 5017, 5046, 5055, 5092, 5103, 5105, 5109, 5115, 5153, 5178, 5182, 5192, 5199, 5203, 5224, 5285, 5346, 5521, 5555, 5591, 5609, 5611, 5660, 5687, 5716, 5729, 5765, 5774, 5801, 5810, 5819, 5846, 5879, 5888, 5975, 6002, 6020, 6047, 6065, 6146, 6155, 6160, 6210, 6228, 6245, 6263, 6273, 6290, 6301, 6317, 6326, 6331, 6340, 6355, 6371, 6380, 6389, 6407, 6434, 6461, 6479, 6563, 6575, 6584, 6593, 6619, 6679, 6683, 6697, 6704, 6712, 6714, 6727, 6754, 6758, 6786, 6821, 6833, 6868, 6874, 6889, 6895, 6903, 6927, 6933, 6942, 6977, 7009, 7059, 7090, 7101, 7114, 7192, 7203, 7208, 7231, 7248, 7265, 7272, 7278, 7282, 7286, 7332, 7335, 7343, 7346, 7348, 7576, 7599, 7656, 7667, 7676, 7700, 7726, 7783, 7785, 7800, 7802, 7813, 7817, 7825, 7832, 7834, 7866, 7911, 7913, 7928, 7949, 7997, 8002, 8029, 8036, 8060, 8076, 8118, 8136, 8197, 8207, 8240, 8246, 8268, 8281, 8322, 8369, 8394, 8483, 8516, 8518, 8520, 8522, 8524, 8526, 8528, 8530, 8532, 8534, 8536, 8616, 8640, 8680, 8708, 8718, 8722, 8728, 8767, 8830, 8837, 8939, 9001, 9050, 9066, 9085, 9166, 9171, 9248, 9255, 9260, 9284, 9308, 9322]",[1802],"[30, 38, 142, 203, 216, 309, 317, 322, 331, 377, 393, 544, 560, 655, 694, 714, 748, 872, 884, 907, 974, 996, 1070, 1079, 1087, 1152, 1154, 1156, 1158, 1193, 1205, 1213, 1251, 1269, 1308, 1313, 1348, 1377, 1393, 1399, 1446, 1509, 1518, 1561, 1565, 1575, 1594, 1608, 1693, 1719, 1796, 1814, 1858, 1934, 1964, 1968, 2049, 2148, 2209, 2287, 2310, 2330, 2332, 2356, 2369, 2386, 2390, 2408, 2421, 2519, 2534, 2540, 2558, 2622, 2668, 2771, 2829, 2887, 2931, 2935, 2937, 2941, 2947, 2967, 3000, 3016, 3030, 3035, 3061, 3069, 3076, 3102, 3140, 3199, 3226, 3258, 3265, 3292, 3298, 3476, 3498, 3505, 3514, 3553, 3568, 3652, 3676, 3697, 3707, 3712, 3715, 3730, 3737, 3794, 3809, 3918, 3952, 3964, 3985, 4011, 4152, 4215, 4222, 4243, 4246, 4278, 4286, 4438, 4445, 4461, 4529, 4560, 4566, 4580, 4603, 4607, 4609, 4612, 4630, 4665, 4672, 4682, 4689, 4704, 4716, 4729, 4754, 4759, 4776, 4779, 4783, 4812, 4821, 4826, 4844, 4852, 4883, 4907, 4924, 4944, 4974, 5004, 5017, 5046, 5055, 5092, 5103, 5105, 5109, 5115, 5153, 5178, 5182, 5192, 5199, 5203, 5224, 5285, 5346, 5521, 5555, 5591, 5609, 5611, 5660, 5687, 5716, 5729, 5765, 5774, 5801, 5810, 5819, 5846, 5879, 5888, 5975, 6002, 6020, 6047, 6065, 6146, 6155, 6160, 6210, 6228, 6245, 6263, 6273, 6290, 6301, 6317, 6326, 6331, 6340, 6355, 6371, 6380, 6389, 6407, 6434, 6461, 6479, 6563, 6575, 6584, 6593, 6619, 6679, 6683, 6697, 6704, 6712, 6714, 6727, 6754, 6758, 6786, 6821, 6833, 6868, 6874, 6889, 6895, 6903, 6927, 6933, 6942, 6977, 7009, 7059, 7090, 7101, 7114, 7192, 7203, 7208, 7231, 7248, 7265, 7272, 7278, 7282, 7286, 7332, 7335, 7343, 7346, 7348, 7576, 7599, 7656, 7667, 7676, 7700, 7726, 7783, 7785, 7800, 7802, 7813, 7817, 7825, 7832, 7834, 7866, 7911, 7913, 7928, 7949, 7997, 8002, 8029, 8036, 8060, 8076, 8118, 8136, 8197, 8207, 8240, 8246, 8268, 8281, 8322, 8369, 8394, 8483, 8516, 8518, 8520, 8522, 8524, 8526, 8528, 8530, 8532, 8534, 8536, 8616, 8640, 8680, 8708, 8718, 8722, 8728, 8767, 8830, 8837, 8939, 9001, 9050, 9066, 9085, 9166, 9171, 9248, 9255, 9260, 9284, 9308, 9322]",[1802],9323,343,8980,1,342,8980,0
-1.5,MMCRPG,"[17, 32, 43, 52, 56, 122, 125, 151, 171, 174, 328, 366, 375, 415, 461, 467, 469, 477, 523, 608, 622, 655, 683, 685, 716, 729, 796, 809, 813, 816, 824, 836, 870, 883, 899, 929, 939, 959, 1003, 1011, 1037, 1055, 1063, 1073, 1106, 1110, 1167, 1172, 1192, 1211, 1259, 1289, 1293, 1302, 1426, 1441, 1613, 1623, 1628, 1818, 1827, 1936, 1947, 1967, 1974, 1982, 1984, 1988, 1996, 2001, 2017, 2039, 2074, 2108]",[375],"[17, 32, 43, 52, 56, 122, 125, 151, 171, 174, 328, 366, 415, 461, 467, 469, 477, 523, 608, 622, 655, 683, 685, 716, 729, 796, 809, 813, 816, 824, 836, 870, 883, 899, 929, 939, 959, 1003, 1011, 1037, 1055, 1063, 1073, 1106, 1110, 1167, 1172, 1192, 1211, 1259, 1289, 1293, 1302, 1426, 1441, 1613, 1623, 1628, 1818, 1827, 1936, 1947, 1967, 1974, 1982, 1984, 1988, 1996, 2001, 2017, 2039, 2074, 2108]",[375],2132,74,2058,1,73,2058,0
-1.5,MMCYTOKNA,"[122, 142, 178, 205, 229, 233, 237, 259, 262, 271, 295, 324, 469, 481, 503, 508, 526, 551, 592, 686, 757, 794, 796, 810, 889, 926, 1039, 1042, 1057, 1081, 1089, 1118, 1123, 1127, 1157, 1160, 1165, 1174, 1225, 1248, 1272, 1339, 1393, 1464, 1552, 1555, 1559, 1580, 1584, 1612, 1617, 1632, 1657, 1666, 1852, 1857, 1871, 1881, 1960, 1983, 1987, 2047, 2126, 2138, 2157, 2161, 2169, 2177, 2194, 2231, 2239, 2241, 2252, 2273, 2284, 2289, 2335, 2363, 2406, 2417, 2432, 2460, 2523, 2532, 2542, 2549, 2553]","[810, 1559]","[122, 142, 178, 205, 229, 233, 237, 259, 262, 271, 295, 324, 469, 481, 503, 508, 526, 551, 592, 686, 757, 794, 796, 889, 926, 1039, 1042, 1057, 1081, 1089, 1118, 1123, 1127, 1157, 1160, 1165, 1174, 1225, 1248, 1272, 1339, 1393, 1464, 1552, 1555, 1580, 1584, 1612, 1617, 1632, 1657, 1666, 1852, 1857, 1871, 1881, 1960, 1983, 1987, 2047, 2126, 2138, 2157, 2161, 2169, 2177, 2194, 2231, 2239, 2241, 2252, 2273, 2284, 2289, 2335, 2363, 2406, 2417, 2432, 2460, 2523, 2532, 2542, 2549, 2553]","[810, 1559]",2551,87,2464,2,85,2464,0
-1.5,MMDM2RR,"[5, 30, 44, 104, 145, 180, 191, 211, 302, 353, 359, 412, 461, 466, 496, 503, 559, 575, 665, 680, 691, 698, 710, 713, 717, 735, 742, 765, 803, 854, 858, 865, 867, 878, 882, 898, 915, 973, 999, 1010, 1016, 1021, 1028, 1065, 1105, 1110, 1124, 1162, 1185, 1244, 1265, 1305, 1325, 1327, 1329, 1351, 1377, 1397, 1427, 1439, 1450, 1473, 1475, 1477, 1481, 1515, 1534, 1603, 1625, 1651, 1655, 1696, 1768, 1802, 1823, 1846, 1954, 1974, 2001, 2004, 2020, 2066, 2085, 2146, 2156, 2158, 2160, 2171, 2236, 2247, 2254, 2313, 2369, 2377, 2407, 2411, 2499, 2502, 2504, 2513, 2525, 2568, 2595, 2657, 2702, 2706, 2727, 2759, 2805, 2809, 2853, 2855, 2860, 2867, 2871, 2894, 2907, 2915, 2926, 2941, 2989, 3003, 3017, 3022, 3085, 3096, 3099, 3136, 3147, 3179, 3182, 3237, 3253, 3262, 3345, 3359, 3372, 3378, 3415, 3474, 3476, 3509, 3514, 3520, 3526, 3532, 3550, 3556, 3577, 3641, 3643, 3696, 3701, 3750, 3755, 3774, 3836, 3854, 3876, 3962, 3966, 3973, 4028, 4033, 4035, 4057, 4062, 4064, 4116, 4119, 4129, 4134, 4138, 4187, 4193, 4208, 4249, 4273, 4288, 4331, 4358, 4380, 4390, 4392, 4412, 4421, 4427, 4443, 4470, 4472, 4482, 4484, 4499, 4535, 4547, 4569, 4598, 4625, 4663, 4702, 4708, 4713, 4722, 4724, 4756, 4773, 4780, 4793, 4821, 4830, 4862, 4886, 4910, 4925, 4929, 4937, 4943, 4972, 4990, 5044, 5082, 5091, 5134, 5139, 5167, 5228, 5230, 5252, 5263, 5321, 5329, 5350, 5396, 5406, 5408, 5505, 5519, 5521, 5538, 5551, 5565, 5583, 5625, 5628, 5633, 5654, 5675, 5687, 5706, 5745, 5786, 5790, 5825, 5830, 5860, 5863, 5896, 5909, 5928, 5933, 5961, 6001, 6015, 6030, 6034, 6045, 6048, 6052, 6060, 6096, 6108, 6118, 6172, 6186, 6204, 6278, 6307, 6320, 6327, 6367, 6476, 6502, 6509, 6519, 6547, 6564, 6578, 6591, 6607, 6610]","[665, 854, 1305, 1651, 2702, 3701, 3962, 4925, 5134]","[5, 30, 44, 104, 145, 180, 191, 211, 302, 353, 359, 412, 461, 466, 496, 503, 559, 575, 680, 691, 698, 710, 713, 717, 735, 742, 765, 803, 858, 865, 867, 878, 882, 898, 915, 973, 999, 1010, 1016, 1021, 1028, 1065, 1105, 1110, 1124, 1162, 1185, 1244, 1265, 1325, 1327, 1329, 1351, 1377, 1397, 1427, 1439, 1450, 1473, 1475, 1477, 1481, 1515, 1534, 1603, 1625, 1655, 1696, 1768, 1802, 1823, 1846, 1954, 1974, 2001, 2004, 2020, 2066, 2085, 2146, 2156, 2158, 2160, 2171, 2236, 2247, 2254, 2313, 2369, 2377, 2407, 2411, 2499, 2502, 2504, 2513, 2525, 2568, 2595, 2657, 2706, 2727, 2759, 2805, 2809, 2853, 2855, 2860, 2867, 2871, 2894, 2907, 2915, 2926, 2941, 2989, 3003, 3017, 3022, 3085, 3096, 3099, 3136, 3147, 3179, 3182, 3237, 3253, 3262, 3345, 3359, 3372, 3378, 3415, 3474, 3476, 3509, 3514, 3520, 3526, 3532, 3550, 3556, 3577, 3641, 3643, 3696, 3750, 3755, 3774, 3836, 3854, 3876, 3966, 3973, 4028, 4033, 4035, 4057, 4062, 4064, 4116, 4119, 4129, 4134, 4138, 4187, 4193, 4208, 4249, 4273, 4288, 4331, 4358, 4380, 4390, 4392, 4412, 4421, 4427, 4443, 4470, 4472, 4482, 4484, 4499, 4535, 4547, 4569, 4598, 4625, 4663, 4702, 4708, 4713, 4722, 4724, 4756, 4773, 4780, 4793, 4821, 4830, 4862, 4886, 4910, 4929, 4937, 4943, 4972, 4990, 5044, 5082, 5091, 5139, 5167, 5228, 5230, 5252, 5263, 5321, 5329, 5350, 5396, 5406, 5408, 5505, 5519, 5521, 5538, 5551, 5565, 5583, 5625, 5628, 5633, 5654, 5675, 5687, 5706, 5745, 5786, 5790, 5825, 5830, 5860, 5863, 5896, 5909, 5928, 5933, 5961, 6001, 6015, 6030, 6034, 6045, 6048, 6052, 6060, 6096, 6108, 6118, 6172, 6186, 6204, 6278, 6307, 6320, 6327, 6367, 6476, 6502, 6509, 6519, 6547, 6564, 6578, 6591, 6607, 6610]","[665, 854, 1305, 1651, 2702, 3701, 3962, 4925, 5134]",6632,290,6342,9,281,6342,0
-1.5,MMDNAASFA,"[26, 33, 57, 112, 139, 172, 188, 200, 291, 297, 302, 329, 345, 354, 369, 374, 405, 437, 467, 496, 542, 629, 637, 789, 800, 810, 826, 832, 840, 855, 859, 914, 918, 949, 959, 984, 987, 991, 1028, 1042, 1150, 1163, 1241, 1301, 1313, 1358, 1364, 1377, 1406, 1412, 1456, 1497, 1560, 1576, 1580, 1616, 1627, 1675, 1705, 1746, 1767, 1780, 1823, 1876, 1894, 1905, 1923, 1934, 1940, 1957, 1999, 2001, 2060, 2084, 2089, 2120, 2135, 2158, 2194, 2203, 2229, 2231, 2306, 2319, 2357, 2406, 2421, 2431, 2444, 2458, 2469, 2491, 2508, 2514, 2603, 2655, 2695, 2776, 2818, 2842, 2857, 2932, 2943, 2996, 3067, 3093, 3159, 3188, 3190, 3192, 3198, 3221, 3223, 3225, 3228, 3232, 3239, 3244, 3271, 3295, 3306, 3310, 3323, 3361, 3375, 3455, 3464, 3466, 3517, 3530, 3546, 3555, 3558, 3641, 3670, 3677, 3682, 3703, 3813, 3826, 3886, 4001, 4014, 4023, 4082, 4092, 4104, 4118, 4159, 4175, 4184, 4195, 4220, 4235, 4306]","[855, 1241, 1576, 1823, 2135, 2357, 2695]","[26, 33, 57, 112, 139, 172, 188, 200, 291, 297, 302, 329, 345, 354, 369, 374, 405, 437, 467, 496, 542, 629, 637, 789, 800, 810, 826, 832, 840, 859, 914, 918, 949, 959, 984, 987, 991, 1028, 1042, 1150, 1163, 1301, 1313, 1358, 1364, 1377, 1406, 1412, 1456, 1497, 1560, 1580, 1616, 1627, 1675, 1705, 1746, 1767, 1780, 1876, 1894, 1905, 1923, 1934, 1940, 1957, 1999, 2001, 2060, 2084, 2089, 2120, 2158, 2194, 2203, 2229, 2231, 2306, 2319, 2406, 2421, 2431, 2444, 2458, 2469, 2491, 2508, 2514, 2603, 2655, 2776, 2818, 2842, 2857, 2932, 2943, 2996, 3067, 3093, 3159, 3188, 3190, 3192, 3198, 3221, 3223, 3225, 3228, 3232, 3239, 3244, 3271, 3295, 3306, 3310, 3323, 3361, 3375, 3455, 3464, 3466, 3517, 3530, 3546, 3555, 3558, 3641, 3670, 3677, 3682, 3703, 3813, 3826, 3886, 4001, 4014, 4023, 4082, 4092, 4104, 4118, 4159, 4175, 4184, 4195, 4220, 4235, 4306]","[855, 1241, 1576, 1823, 2135, 2357, 2695]",4307,155,4152,7,148,4152,0
-1.5,MMEZGL,"[17, 47, 54, 82, 92, 106, 131, 155, 161, 217, 219, 255, 367, 385, 397, 399, 446, 496, 535, 589, 613, 621, 637, 648, 661, 665, 689, 701, 706, 715, 741, 802, 840, 852, 863, 899, 910, 914, 925, 946, 956, 971, 1007, 1009, 1011, 1013, 1015, 1017, 1019, 1021, 1023, 1025, 1027, 1029, 1031, 1033, 1035, 1037, 1039, 1041, 1043, 1045, 1047, 1049, 1112, 1154, 1164, 1167, 1191, 1215, 1249, 1276, 1280, 1292, 1330, 1364, 1454, 1497, 1509, 1534, 1576, 1578, 1587, 1599, 1603, 1625, 1658, 1663, 1718, 1726, 1768, 1824, 1902, 1928, 1948, 1953, 1955]","[589, 1599]","[17, 47, 54, 82, 92, 106, 131, 155, 161, 217, 219, 255, 367, 385, 397, 399, 446, 496, 535, 613, 621, 637, 648, 661, 665, 689, 701, 706, 715, 741, 802, 840, 852, 863, 899, 910, 914, 925, 946, 956, 971, 1007, 1009, 1011, 1013, 1015, 1017, 1019, 1021, 1023, 1025, 1027, 1029, 1031, 1033, 1035, 1037, 1039, 1041, 1043, 1045, 1047, 1049, 1112, 1154, 1164, 1167, 1191, 1215, 1249, 1276, 1280, 1292, 1330, 1364, 1454, 1497, 1509, 1534, 1576, 1578, 1587, 1603, 1625, 1658, 1663, 1718, 1726, 1768, 1824, 1902, 1928, 1948, 1953, 1955]","[589, 1599]",1945,97,1848,2,95,1848,0
-1.5,MMG37,"[39, 57, 87, 91, 162, 205, 213, 220, 245, 265, 304, 329, 332, 336, 348, 360, 381, 399, 402, 405, 414, 428, 489, 495, 534, 550, 579, 589, 598, 612, 616, 666, 690, 742, 779, 788, 792, 845, 930, 940, 989, 999, 1014, 1043, 1049, 1062, 1091, 1096, 1193, 1240, 1248, 1253, 1303, 1338, 1358, 1441, 1544, 1555, 1622, 1700, 1706, 1718, 1775, 1860, 1890, 1901, 1986, 2024, 2037, 2040, 2060, 2076, 2078, 2119, 2128, 2130, 2134, 2147, 2181, 2185, 2229, 2275, 2293, 2308, 2326, 2329, 2338, 2363, 2378, 2408, 2410, 2469, 2476, 2503, 2514, 2540, 2542, 2570, 2574, 2681, 2683, 2771, 2784, 2788, 2815, 2845, 2862, 2890, 2892, 2911, 3059, 3061]","[332, 788, 1303, 2119, 2363, 2570]","[39, 57, 87, 91, 162, 205, 213, 220, 245, 265, 304, 329, 336, 348, 360, 381, 399, 402, 405, 414, 428, 489, 495, 534, 550, 579, 589, 598, 612, 616, 666, 690, 742, 779, 792, 845, 930, 940, 989, 999, 1014, 1043, 1049, 1062, 1091, 1096, 1193, 1240, 1248, 1253, 1338, 1358, 1441, 1544, 1555, 1622, 1700, 1706, 1718, 1775, 1860, 1890, 1901, 1986, 2024, 2037, 2040, 2060, 2076, 2078, 2128, 2130, 2134, 2147, 2181, 2185, 2229, 2275, 2293, 2308, 2326, 2329, 2338, 2378, 2408, 2410, 2469, 2476, 2503, 2514, 2540, 2542, 2574, 2681, 2683, 2771, 2784, 2788, 2815, 2845, 2862, 2890, 2892, 2911, 3059, 3061]","[332, 788, 1303, 2119, 2363, 2570]",3065,112,2953,6,106,2953,0
-1.5,MMGBCRYA,"[56, 85, 105, 108, 129, 161, 165, 169, 177, 188, 220, 318, 332, 433, 472, 562, 564, 574, 586, 671, 740, 804, 856, 862, 869, 915, 929, 936, 954, 962, 1003, 1007, 1072, 1094, 1098, 1100, 1110, 1115, 1122, 1159, 1162, 1165, 1220, 1344, 1387, 1393, 1412, 1416, 1437, 1475, 1522, 1590, 1593, 1600, 1640, 1702, 1707, 1709, 1718, 1754, 1758, 1881, 1897, 1918, 1966, 2020, 2056, 2058, 2108, 2132, 2175, 2209, 2261, 2290, 2314, 2400, 2450, 2470, 2523, 2544, 2584, 2602, 2662]","[671, 1003]","[56, 85, 105, 108, 129, 161, 165, 169, 177, 188, 220, 318, 332, 433, 472, 562, 564, 574, 586, 740, 804, 856, 862, 869, 915, 929, 936, 954, 962, 1007, 1072, 1094, 1098, 1100, 1110, 1115, 1122, 1159, 1162, 1165, 1220, 1344, 1387, 1393, 1412, 1416, 1437, 1475, 1522, 1590, 1593, 1600, 1640, 1702, 1707, 1709, 1718, 1754, 1758, 1881, 1897, 1918, 1966, 2020, 2056, 2058, 2108, 2132, 2175, 2209, 2261, 2290, 2314, 2400, 2450, 2470, 2523, 2544, 2584, 2602, 2662]","[671, 1003]",2653,83,2570,2,81,2570,0
-1.5,MMGCCRYA,"[35, 79, 83, 148, 169, 222, 274, 302, 399, 417, 436, 455, 523, 557, 624, 701, 721, 748, 857, 915, 922, 968, 982, 989, 1007, 1015, 1056, 1065, 1112, 1126, 1131, 1151, 1161, 1169, 1246, 1298, 1340, 1352, 1370, 1399, 1430, 1451, 1473, 1478, 1543, 1615, 1624, 1641, 1678, 1687, 1716, 1720, 1790, 1803, 1807, 1835, 1865, 1882, 1911, 1930, 1932, 2008, 2050, 2132, 2181, 2262, 2275, 2286, 2292, 2316, 2368, 2370, 2374, 2488, 2532, 2534, 2551, 2570, 2593, 2650, 2655, 2670, 2723, 2744, 2772, 2802, 2805, 2825, 2863, 2870, 2874, 2879]","[721, 1056]","[35, 79, 83, 148, 169, 222, 274, 302, 399, 417, 436, 455, 523, 557, 624, 701, 748, 857, 915, 922, 968, 982, 989, 1007, 1015, 1065, 1112, 1126, 1131, 1151, 1161, 1169, 1246, 1298, 1340, 1352, 1370, 1399, 1430, 1451, 1473, 1478, 1543, 1615, 1624, 1641, 1678, 1687, 1716, 1720, 1790, 1803, 1807, 1835, 1865, 1882, 1911, 1930, 1932, 2008, 2050, 2132, 2181, 2262, 2275, 2286, 2292, 2316, 2368, 2370, 2374, 2488, 2532, 2534, 2551, 2570, 2593, 2650, 2655, 2670, 2723, 2744, 2772, 2802, 2805, 2825, 2863, 2870, 2874, 2879]","[721, 1056]",2884,92,2792,2,90,2792,0
-1.5,MMGFAPD,"[62, 88, 93, 103, 108, 171, 184, 311, 314, 346, 358, 399, 460, 510, 652, 666, 713, 741, 759, 833, 967, 976, 990, 1023, 1035, 1039, 1096, 1158, 1163, 1169, 1175, 1213, 1231, 1243, 1246, 1258, 1269, 1286, 1288, 1292, 1298, 1309, 1324, 1340, 1367, 1421, 1423, 1459, 1464, 1473, 1476, 1483, 1500, 1548, 1614, 1624, 1646, 1706, 1710, 1761, 1778, 1830, 1832, 1850, 1901, 1942, 1992, 2021, 2047, 2075, 2097, 2119, 2128, 2179, 2221, 2252, 2261, 2277, 2284, 2297, 2351, 2378, 2380, 2382, 2384, 2386, 2449, 2470, 2530, 2554, 2561, 2650, 2652, 2663, 2668, 2707, 2741, 2758, 2760, 2810, 2836, 2872, 2878, 2890, 2947, 2957, 2982, 2988, 2995, 3001, 3009, 3128, 3175, 3224, 3258, 3287, 3344, 3351, 3367, 3376, 3389, 3413, 3422, 3473, 3484, 3497, 3558, 3585, 3591, 3660, 3664, 3676, 3678, 3711, 3713, 3715, 3763, 3774, 3906, 3911, 3921, 3932, 3941, 3960, 3989, 3994, 4027, 4053, 4096, 4167, 4251, 4270, 4335, 4372, 4382, 4391, 4452, 4482, 4507, 4567, 4602, 4656, 4663, 4709, 4723, 4730, 4735, 4738, 4764, 4771, 4776, 4810, 4813, 4849, 4855, 4861, 4868, 4874, 4880, 4886, 4892, 4894, 4908, 4910, 4925, 4931, 4939, 4947, 4961, 4976, 4983, 5093, 5097, 5217, 5219, 5221, 5223, 5225, 5227, 5229, 5231, 5233, 5235, 5237, 5239, 5241, 5245, 5249, 5253, 5255, 5257, 5261, 5263, 5267, 5271, 5277, 5279, 5281, 5283, 5288, 5290, 5298, 5300, 5328, 5421, 5452, 5456, 5461, 5471, 5481, 5508, 5521, 5531, 5568, 5624, 5659, 5670, 5685, 5693, 5702, 5831, 5835, 5875, 5973, 6029, 6094, 6113, 6136, 6258, 6266, 6297, 6305, 6333, 6341, 6370, 6378, 6406, 6414, 6434, 6447, 6482, 6510, 6518, 6547, 6555, 6584, 6592, 6620, 6628, 6656, 6664, 6692, 6700, 6728, 6765, 6773, 6806, 6809, 6837, 6845, 6873, 6881, 6909, 6917, 6995, 7016, 7028, 7042, 7068, 7098, 7117, 7121, 7147, 7150, 7192, 7196, 7198, 7231, 7253, 7325, 7327, 7344, 7375, 7391, 7398, 7417, 7436, 7443, 7448, 7452, 7469, 7478, 7493, 7498, 7533, 7577, 7596, 7605, 7620, 7650, 7739, 7744, 7746, 7754, 7759, 7778, 7844, 7846, 7874, 7877, 7886, 7902, 7907, 7948, 7959, 7962, 7964, 7980, 7982, 8012, 8027, 8031, 8039, 8104, 8112, 8125, 8145, 8155, 8173, 8227, 8231, 8289, 8292, 8304, 8347, 8381, 8409, 8423, 8451, 8495, 8529, 8551, 8584, 8587, 8592, 8598, 8600, 8611, 8628, 8630, 8664, 8714, 8725, 8727, 8741, 8750, 8828, 8854, 9029, 9093, 9105, 9107, 9109, 9135, 9154, 9197, 9210, 9212, 9250, 9252, 9266, 9282, 9301, 9323, 9474, 9482, 9493, 9499, 9534, 9548, 9593, 9671, 9676, 9688, 9780, 9788, 9811, 9844, 9936, 9956]","[713, 1624, 1901, 2995, 3906, 4335, 5452, 7907]","[62, 88, 93, 103, 108, 171, 184, 311, 314, 346, 358, 399, 460, 510, 652, 666, 741, 759, 833, 967, 976, 990, 1023, 1035, 1039, 1096, 1158, 1163, 1169, 1175, 1213, 1231, 1243, 1246, 1258, 1269, 1286, 1288, 1292, 1298, 1309, 1324, 1340, 1367, 1421, 1423, 1459, 1464, 1473, 1476, 1483, 1500, 1548, 1614, 1646, 1706, 1710, 1761, 1778, 1830, 1832, 1850, 1942, 1992, 2021, 2047, 2075, 2097, 2119, 2128, 2179, 2221, 2252, 2261, 2277, 2284, 2297, 2351, 2378, 2380, 2382, 2384, 2386, 2449, 2470, 2530, 2554, 2561, 2650, 2652, 2663, 2668, 2707, 2741, 2758, 2760, 2810, 2836, 2872, 2878, 2890, 2947, 2957, 2982, 2988, 3001, 3009, 3128, 3175, 3224, 3258, 3287, 3344, 3351, 3367, 3376, 3389, 3413, 3422, 3473, 3484, 3497, 3558, 3585, 3591, 3660, 3664, 3676, 3678, 3711, 3713, 3715, 3763, 3774, 3911, 3921, 3932, 3941, 3960, 3989, 3994, 4027, 4053, 4096, 4167, 4251, 4270, 4372, 4382, 4391, 4452, 4482, 4507, 4567, 4602, 4656, 4663, 4709, 4723, 4730, 4735, 4738, 4764, 4771, 4776, 4810, 4813, 4849, 4855, 4861, 4868, 4874, 4880, 4886, 4892, 4894, 4908, 4910, 4925, 4931, 4939, 4947, 4961, 4976, 4983, 5093, 5097, 5217, 5219, 5221, 5223, 5225, 5227, 5229, 5231, 5233, 5235, 5237, 5239, 5241, 5245, 5249, 5253, 5255, 5257, 5261, 5263, 5267, 5271, 5277, 5279, 5281, 5283, 5288, 5290, 5298, 5300, 5328, 5421, 5456, 5461, 5471, 5481, 5508, 5521, 5531, 5568, 5624, 5659, 5670, 5685, 5693, 5702, 5831, 5835, 5875, 5973, 6029, 6094, 6113, 6136, 6258, 6266, 6297, 6305, 6333, 6341, 6370, 6378, 6406, 6414, 6434, 6447, 6482, 6510, 6518, 6547, 6555, 6584, 6592, 6620, 6628, 6656, 6664, 6692, 6700, 6728, 6765, 6773, 6806, 6809, 6837, 6845, 6873, 6881, 6909, 6917, 6995, 7016, 7028, 7042, 7068, 7098, 7117, 7121, 7147, 7150, 7192, 7196, 7198, 7231, 7253, 7325, 7327, 7344, 7375, 7391, 7398, 7417, 7436, 7443, 7448, 7452, 7469, 7478, 7493, 7498, 7533, 7577, 7596, 7605, 7620, 7650, 7739, 7744, 7746, 7754, 7759, 7778, 7844, 7846, 7874, 7877, 7886, 7902, 7948, 7959, 7962, 7964, 7980, 7982, 8012, 8027, 8031, 8039, 8104, 8112, 8125, 8145, 8155, 8173, 8227, 8231, 8289, 8292, 8304, 8347, 8381, 8409, 8423, 8451, 8495, 8529, 8551, 8584, 8587, 8592, 8598, 8600, 8611, 8628, 8630, 8664, 8714, 8725, 8727, 8741, 8750, 8828, 8854, 9029, 9093, 9105, 9107, 9109, 9135, 9154, 9197, 9210, 9212, 9250, 9252, 9266, 9282, 9301, 9323, 9474, 9482, 9493, 9499, 9534, 9548, 9593, 9671, 9676, 9688, 9780, 9788, 9811, 9844, 9936, 9956]","[713, 1624, 1901, 2995, 3906, 4335, 5452, 7907]",9963,410,9553,8,402,9553,0
-1.5,MMGGLINE,"[67, 80, 125, 157, 204, 208, 214, 279, 404, 441, 483, 567, 574, 625, 640, 725, 734, 753, 772, 861, 876, 886, 945, 1053, 1058, 1069, 1113, 1127, 1133, 1135, 1137, 1274, 1340, 1368, 1389, 1465, 1475, 1487, 1498, 1616, 1632, 1704, 1706, 1735, 1787, 1815, 1827, 1925, 1973, 1983, 2008, 2069, 2076, 2200, 2240, 2250, 2256, 2288, 2298, 2331, 2383, 2418, 2441, 2499, 2520, 2587, 2599, 2613, 2634, 2693, 2728, 2730, 2753, 2760, 2801, 2823, 2871, 2910, 2980, 2985, 3025, 3031, 3044, 3057, 3150, 3152, 3162, 3192, 3212, 3214, 3216, 3218, 3220, 3222, 3224, 3226, 3228, 3230, 3232, 3236, 3240, 3242, 3244, 3248, 3250, 3256, 3258, 3295, 3302, 3337, 3344, 3428, 3439, 3443, 3485, 3530, 3536, 3581, 3605, 3614, 3621, 3807, 3811, 3817, 3823, 3833, 3835, 3839, 3850, 3883, 3887, 3929, 3948, 3961, 3963, 3977, 3995, 4044, 4049, 4109, 4127, 4133, 4209, 4227, 4233, 4235, 4274, 4288, 4400, 4417, 4429, 4460, 4501, 4514, 4519, 4530, 4582, 4604, 4618, 4624, 4684, 4717, 4725, 4790, 4813, 4824, 4831, 4883, 4915, 4949, 4986, 4993, 5020, 5038, 5053, 5084, 5095, 5098, 5150, 5163, 5181, 5188, 5334, 5392, 5418, 5454, 5502, 5518, 5624, 5630, 5639, 5664, 5666, 5706, 5849, 5950, 5959, 5976, 5998, 6023, 6025, 6027, 6078, 6122, 6164, 6229, 6257, 6352, 6362, 6374, 6493, 6509, 6581, 6583, 6612, 6664, 6694, 6706, 6804, 6852, 6862, 6887, 6948, 6955, 7079, 7119, 7129, 7135, 7167, 7177, 7210, 7262, 7297, 7320, 7378, 7399, 7466, 7478, 7492, 7513, 7572, 7607, 7609, 7632, 7639, 7680, 7702, 7750, 7789, 7838, 7859, 7864, 7904, 7910, 7923, 7936, 8029, 8031, 8041, 8071, 8091, 8093, 8095, 8097, 8099, 8101, 8103, 8105, 8107, 8109, 8111, 8113, 8115, 8117, 8131, 8133, 8170, 8177, 8212, 8303, 8314, 8318, 8360, 8405, 8411, 8456, 8480, 8489, 8496, 8666, 8682, 8692, 8700, 8710, 8714, 8721, 8723, 8757, 8791, 8822, 8829, 8836, 8852, 8894, 8921, 8933, 8935, 8951, 8963, 8981, 9000, 9006, 9011, 9016, 9018, 9032, 9080, 9096, 9120, 9122, 9132, 9162, 9179, 9191, 9193, 9222, 9236, 9241, 9258, 9263, 9275, 9278, 9291, 9330, 9335, 9342, 9354, 9360, 9373, 9379, 9395, 9450, 9470, 9478, 9567, 9578, 9585, 9641, 9680, 9687, 9714, 9752, 9758, 9785, 9803, 9818, 9849, 9871, 9951, 9958, 10061, 10156, 10169, 10194, 10240, 10267, 10308, 10329, 10386, 10392, 10407, 10420, 10425, 10427, 10435, 10462, 10496, 10507, 10539, 10544, 10567, 10582, 10628, 10693, 10726, 10781, 10880, 10885, 10907, 10933, 10978, 10982, 10990, 11009, 11037, 11052, 11122]","[7167, 7513]","[67, 80, 125, 157, 204, 208, 214, 279, 404, 441, 483, 567, 574, 625, 640, 725, 734, 753, 772, 861, 876, 886, 945, 1053, 1058, 1069, 1113, 1127, 1133, 1135, 1137, 1274, 1340, 1368, 1389, 1465, 1475, 1487, 1498, 1616, 1632, 1704, 1706, 1735, 1787, 1815, 1827, 1925, 1973, 1983, 2008, 2069, 2076, 2200, 2240, 2250, 2256, 2288, 2298, 2331, 2383, 2418, 2441, 2499, 2520, 2587, 2599, 2613, 2634, 2693, 2728, 2730, 2753, 2760, 2801, 2823, 2871, 2910, 2980, 2985, 3025, 3031, 3044, 3057, 3150, 3152, 3162, 3192, 3212, 3214, 3216, 3218, 3220, 3222, 3224, 3226, 3228, 3230, 3232, 3236, 3240, 3242, 3244, 3248, 3250, 3256, 3258, 3295, 3302, 3337, 3344, 3428, 3439, 3443, 3485, 3530, 3536, 3581, 3605, 3614, 3621, 3807, 3811, 3817, 3823, 3833, 3835, 3839, 3850, 3883, 3887, 3929, 3948, 3961, 3963, 3977, 3995, 4044, 4049, 4109, 4127, 4133, 4209, 4227, 4233, 4235, 4274, 4288, 4400, 4417, 4429, 4460, 4501, 4514, 4519, 4530, 4582, 4604, 4618, 4624, 4684, 4717, 4725, 4790, 4813, 4824, 4831, 4883, 4915, 4949, 4986, 4993, 5020, 5038, 5053, 5084, 5095, 5098, 5150, 5163, 5181, 5188, 5334, 5392, 5418, 5454, 5502, 5518, 5624, 5630, 5639, 5664, 5666, 5706, 5849, 5950, 5959, 5976, 5998, 6023, 6025, 6027, 6078, 6122, 6164, 6229, 6257, 6352, 6362, 6374, 6493, 6509, 6581, 6583, 6612, 6664, 6694, 6706, 6804, 6852, 6862, 6887, 6948, 6955, 7079, 7119, 7129, 7135, 7177, 7210, 7262, 7297, 7320, 7378, 7399, 7466, 7478, 7492, 7572, 7607, 7609, 7632, 7639, 7680, 7702, 7750, 7789, 7838, 7859, 7864, 7904, 7910, 7923, 7936, 8029, 8031, 8041, 8071, 8091, 8093, 8095, 8097, 8099, 8101, 8103, 8105, 8107, 8109, 8111, 8113, 8115, 8117, 8131, 8133, 8170, 8177, 8212, 8303, 8314, 8318, 8360, 8405, 8411, 8456, 8480, 8489, 8496, 8666, 8682, 8692, 8700, 8710, 8714, 8721, 8723, 8757, 8791, 8822, 8829, 8836, 8852, 8894, 8921, 8933, 8935, 8951, 8963, 8981, 9000, 9006, 9011, 9016, 9018, 9032, 9080, 9096, 9120, 9122, 9132, 9162, 9179, 9191, 9193, 9222, 9236, 9241, 9258, 9263, 9275, 9278, 9291, 9330, 9335, 9342, 9354, 9360, 9373, 9379, 9395, 9450, 9470, 9478, 9567, 9578, 9585, 9641, 9680, 9687, 9714, 9752, 9758, 9785, 9803, 9818, 9849, 9871, 9951, 9958, 10061, 10156, 10169, 10194, 10240, 10267, 10308, 10329, 10386, 10392, 10407, 10420, 10425, 10427, 10435, 10462, 10496, 10507, 10539, 10544, 10567, 10582, 10628, 10693, 10726, 10781, 10880, 10885, 10907, 10933, 10978, 10982, 10990, 11009, 11037, 11052, 11122]","[7167, 7513]",11278,397,10881,2,395,10881,0
-1.5,MMGK5,"[30, 91, 152, 191, 211, 244, 270, 345, 411, 420, 446, 480, 493, 503, 524, 561, 577, 586, 643, 651, 654, 695, 829, 871, 900, 1032, 1054, 1093, 1114, 1134, 1173, 1208, 1210, 1227, 1261, 1275, 1280, 1283, 1300, 1325, 1404, 1419, 1439, 1476, 1482, 1491, 1609, 1690, 1716, 1722, 1724, 1805, 1809, 1815, 1834, 1872, 1890, 1955, 1961, 1989, 2004, 2008, 2023, 2031, 2034, 2047, 2088, 2096, 2100, 2102, 2112, 2116, 2265, 2311, 2318, 2375, 2507, 2588, 2595, 2620, 2626, 2710, 2712, 2714, 2745, 2768, 2785, 2787, 2820, 2825, 2845, 2850, 2874, 2881, 2914, 2940, 2963, 2970, 2986, 3083, 3108, 3122, 3125, 3136, 3144, 3178, 3197, 3221, 3227, 3239, 3269, 3280, 3287, 3408, 3424, 3432, 3434, 3439, 3445, 3465, 3501, 3507, 3512, 3525, 3529, 3563]","[695, 1805, 2595, 2825]","[30, 91, 152, 191, 211, 244, 270, 345, 411, 420, 446, 480, 493, 503, 524, 561, 577, 586, 643, 651, 654, 829, 871, 900, 1032, 1054, 1093, 1114, 1134, 1173, 1208, 1210, 1227, 1261, 1275, 1280, 1283, 1300, 1325, 1404, 1419, 1439, 1476, 1482, 1491, 1609, 1690, 1716, 1722, 1724, 1809, 1815, 1834, 1872, 1890, 1955, 1961, 1989, 2004, 2008, 2023, 2031, 2034, 2047, 2088, 2096, 2100, 2102, 2112, 2116, 2265, 2311, 2318, 2375, 2507, 2588, 2620, 2626, 2710, 2712, 2714, 2745, 2768, 2785, 2787, 2820, 2845, 2850, 2874, 2881, 2914, 2940, 2963, 2970, 2986, 3083, 3108, 3122, 3125, 3136, 3144, 3178, 3197, 3221, 3227, 3239, 3269, 3280, 3287, 3408, 3424, 3432, 3434, 3439, 3445, 3465, 3501, 3507, 3512, 3525, 3529, 3563]","[695, 1805, 2595, 2825]",3602,126,3476,4,122,3476,0
-1.5,MMH2D4Q5,"[39, 64, 78, 159, 163, 171, 200, 239, 247, 257, 313, 332, 345, 350, 390, 435, 445, 454, 468, 472, 515, 517, 522, 546, 644, 648, 677, 700, 740, 798, 804, 810, 818, 839, 848, 899, 906, 955, 1042, 1055]","[159, 644]","[39, 64, 78, 163, 171, 200, 239, 247, 257, 313, 332, 345, 350, 390, 435, 445, 454, 468, 472, 515, 517, 522, 546, 648, 677, 700, 740, 798, 804, 810, 818, 839, 848, 899, 906, 955, 1042, 1055]","[159, 644]",1100,40,1060,2,38,1060,0
-1.5,MMHOX13,"[44, 82, 95, 110, 118, 133, 145, 171, 179, 253, 269, 325, 369, 403, 410, 416, 470, 492, 553, 664, 675, 800, 828, 832, 844, 850, 1029, 1037, 1070, 1083, 1105, 1119, 1135, 1147, 1156, 1169, 1284, 1345, 1393, 1429, 1432, 1440, 1455, 1475, 1497, 1570, 1574, 1578, 1601, 1647, 1651, 1716, 1726, 1730, 1769, 1923, 1944, 1976, 2028, 2038, 2041, 2059, 2064, 2068, 2076, 2109, 2182, 2188, 2289, 2365, 2376, 2401, 2407, 2411, 2417, 2483, 2498, 2504, 2538, 2540, 2550, 2558, 2570, 2583, 2595, 2603, 2630, 2653, 2658, 2668, 2694, 2715, 2738, 2798, 2811]",[800],"[44, 82, 95, 110, 118, 133, 145, 171, 179, 253, 269, 325, 369, 403, 410, 416, 470, 492, 553, 664, 675, 828, 832, 844, 850, 1029, 1037, 1070, 1083, 1105, 1119, 1135, 1147, 1156, 1169, 1284, 1345, 1393, 1429, 1432, 1440, 1455, 1475, 1497, 1570, 1574, 1578, 1601, 1647, 1651, 1716, 1726, 1730, 1769, 1923, 1944, 1976, 2028, 2038, 2041, 2059, 2064, 2068, 2076, 2109, 2182, 2188, 2289, 2365, 2376, 2401, 2407, 2411, 2417, 2483, 2498, 2504, 2538, 2540, 2550, 2558, 2570, 2583, 2595, 2603, 2630, 2653, 2658, 2668, 2694, 2715, 2738, 2798, 2811]",[800],2827,95,2732,1,94,2732,0
-1.5,MMHOX24I,"[24, 28, 31, 47, 50, 60, 72, 91, 98, 184, 186, 281, 305, 524, 527, 529, 534, 631, 638, 643, 700, 705, 725, 730, 784, 799, 837, 847, 868, 896, 914, 921, 929, 953, 1051, 1146, 1160, 1164, 1166, 1181, 1264, 1268, 1275, 1346, 1367, 1458, 1493, 1515, 1528, 1645, 1719, 1752, 1763, 1784, 1811, 1822, 1903, 1913]",[837],"[24, 28, 31, 47, 50, 60, 72, 91, 98, 184, 186, 281, 305, 524, 527, 529, 534, 631, 638, 643, 700, 705, 725, 730, 784, 799, 847, 868, 896, 914, 921, 929, 953, 1051, 1146, 1160, 1164, 1166, 1181, 1264, 1268, 1275, 1346, 1367, 1458, 1493, 1515, 1528, 1645, 1719, 1752, 1763, 1784, 1811, 1822, 1903, 1913]",[837],1915,58,1857,1,57,1857,0
-1.5,MMIL1BG,"[7, 121, 136, 138, 148, 184, 290, 341, 411, 493, 513, 516, 566, 572, 652, 674, 698, 718, 828, 834, 845, 849, 854, 869, 874, 878, 915, 937, 994, 997, 1067, 1069, 1092, 1099, 1108, 1142, 1294, 1334, 1356, 1360, 1364, 1374, 1377, 1460, 1532, 1537, 1567, 1613, 1678, 1680, 1687, 1753, 1761, 1797, 1803, 1807, 1830, 1834, 1843, 1888, 1938, 1966, 1977, 2042, 2068, 2114, 2162, 2183, 2188, 2355, 2371, 2375, 2398, 2426, 2428, 2450, 2470, 2489, 2521, 2530, 2593, 2650, 2664, 2764, 2787, 2803, 2983, 2999, 3002, 3025, 3028, 3064, 3095, 3118, 3123, 3184, 3222, 3226, 3239, 3249, 3253, 3269, 3280, 3308, 3310, 3315, 3323, 3333, 3378, 3405, 3417, 3423, 3437, 3452, 3466, 3571, 3583, 3589, 3600, 3613, 3624, 3680, 3764, 3908, 3929, 3932, 3952, 3961, 4011, 4018, 4080, 4134, 4174, 4239, 4271, 4273, 4275, 4334, 4339, 4398, 4402, 4416, 4455, 4478, 4615, 4617, 4622, 4651, 4655, 4684, 4691, 4735, 4785, 4844, 4866, 4921, 4923, 4925, 4982, 4988, 5048, 5080, 5085, 5100, 5109, 5180, 5236, 5247, 5304, 5342, 5399, 5426, 5478, 5483, 5547, 5568, 5601, 5641, 5643, 5679, 5691, 5782, 5833, 5891, 5924, 5947, 5954, 5985, 6000, 6007, 6031, 6043, 6110, 6134, 6172, 6205, 6214, 6233, 6241, 6260, 6316, 6319, 6368, 6400, 6402, 6443, 6465, 6477, 6482, 6488, 6509, 6562, 6565, 6597, 6610, 6670, 6726, 6736, 6776, 6825, 6839, 6901, 6907, 6909, 6923, 6941, 6969, 7028]","[1356, 1938, 3680, 4398, 5679]","[7, 121, 136, 138, 148, 184, 290, 341, 411, 493, 513, 516, 566, 572, 652, 674, 698, 718, 828, 834, 845, 849, 854, 869, 874, 878, 915, 937, 994, 997, 1067, 1069, 1092, 1099, 1108, 1142, 1294, 1334, 1360, 1364, 1374, 1377, 1460, 1532, 1537, 1567, 1613, 1678, 1680, 1687, 1753, 1761, 1797, 1803, 1807, 1830, 1834, 1843, 1888, 1966, 1977, 2042, 2068, 2114, 2162, 2183, 2188, 2355, 2371, 2375, 2398, 2426, 2428, 2450, 2470, 2489, 2521, 2530, 2593, 2650, 2664, 2764, 2787, 2803, 2983, 2999, 3002, 3025, 3028, 3064, 3095, 3118, 3123, 3184, 3222, 3226, 3239, 3249, 3253, 3269, 3280, 3308, 3310, 3315, 3323, 3333, 3378, 3405, 3417, 3423, 3437, 3452, 3466, 3571, 3583, 3589, 3600, 3613, 3624, 3764, 3908, 3929, 3932, 3952, 3961, 4011, 4018, 4080, 4134, 4174, 4239, 4271, 4273, 4275, 4334, 4339, 4402, 4416, 4455, 4478, 4615, 4617, 4622, 4651, 4655, 4684, 4691, 4735, 4785, 4844, 4866, 4921, 4923, 4925, 4982, 4988, 5048, 5080, 5085, 5100, 5109, 5180, 5236, 5247, 5304, 5342, 5399, 5426, 5478, 5483, 5547, 5568, 5601, 5641, 5643, 5691, 5782, 5833, 5891, 5924, 5947, 5954, 5985, 6000, 6007, 6031, 6043, 6110, 6134, 6172, 6205, 6214, 6233, 6241, 6260, 6316, 6319, 6368, 6400, 6402, 6443, 6465, 6477, 6482, 6488, 6509, 6562, 6565, 6597, 6610, 6670, 6726, 6736, 6776, 6825, 6839, 6901, 6907, 6909, 6923, 6941, 6969, 7028]","[1356, 1938, 3680, 4398, 5679]",7092,228,6864,5,223,6864,0
-1.5,MMIL3G,"[68, 93, 103, 112, 129, 134, 136, 141, 156, 161, 167, 172, 176, 188, 326, 340, 350, 361, 368, 381, 388, 469, 481, 524, 609, 640, 659, 686, 690, 703, 712, 732, 745, 824, 853, 875, 929, 934, 971, 983, 1034, 1038, 1077, 1098, 1142, 1263, 1299, 1326, 1381, 1432, 1445, 1506, 1529, 1835, 1853, 1871, 1913, 1915, 1917, 1932, 1939, 1946, 1956, 1992, 2034, 2090, 2110, 2124, 2151, 2158, 2201, 2296, 2348, 2356, 2390, 2415, 2546, 2554, 2578, 2583, 2587, 2665, 2693, 2698, 2720, 2736, 2795, 2808, 2861, 2863, 2896, 2906, 2916, 2936, 3012, 3033, 3051, 3117, 3123, 3166, 3193, 3215, 3304, 3332, 3389, 3401, 3423, 3428]","[686, 824, 1913, 2090]","[68, 93, 103, 112, 129, 134, 136, 141, 156, 161, 167, 172, 176, 188, 326, 340, 350, 361, 368, 381, 388, 469, 481, 524, 609, 640, 659, 690, 703, 712, 732, 745, 853, 875, 929, 934, 971, 983, 1034, 1038, 1077, 1098, 1142, 1263, 1299, 1326, 1381, 1432, 1445, 1506, 1529, 1835, 1853, 1871, 1915, 1917, 1932, 1939, 1946, 1956, 1992, 2034, 2110, 2124, 2151, 2158, 2201, 2296, 2348, 2356, 2390, 2415, 2546, 2554, 2578, 2583, 2587, 2665, 2693, 2698, 2720, 2736, 2795, 2808, 2861, 2863, 2896, 2906, 2916, 2936, 3012, 3033, 3051, 3117, 3123, 3166, 3193, 3215, 3304, 3332, 3389, 3401, 3423, 3428]","[686, 824, 1913, 2090]",3482,108,3374,4,104,3374,0
-1.5,MMIL5G,"[21, 25, 40, 62, 80, 87, 151, 153, 184, 216, 218, 295, 301, 314, 359, 365, 468, 485, 587, 633, 635, 671, 674, 697, 731, 736, 813, 818, 905, 965, 970, 980, 1006, 1136, 1218, 1439, 1453, 1455, 1473, 1593, 1613, 1625, 1629, 1676, 1681, 1683, 1685, 1687, 1710, 1731, 1772, 1813, 1842, 1846, 1858, 1862, 1889, 1901, 1910, 1933, 1971, 1975, 1984, 2064, 2099, 2109, 2123, 2156, 2262, 2282, 2330, 2377, 2439, 2441, 2443, 2448, 2503, 2519, 2548, 2601, 2603, 2605, 2607, 2609, 2611, 2613, 2615, 2617, 2619, 2621, 2625, 2637, 2641, 2645, 2649, 2653, 2657, 2661, 2665, 2671, 2673, 2675, 2677, 2679, 2681, 2683, 2685, 2687, 2689, 2691, 2693, 2695, 2697, 2708, 2722, 2727, 2784, 2787, 2823, 2861, 2874, 2950, 2953, 2961, 2991, 2996, 3068, 3073, 3098, 3101, 3117, 3123, 3137, 3157, 3205, 3230, 3257, 3341, 3346, 3381, 3418, 3425, 3432, 3525, 3529, 3535, 3540, 3563, 3597, 3617, 3636, 3659, 3681, 3683, 3740, 3742, 3749, 3756, 3792, 3851, 3901, 3904, 3938, 3953, 3976, 4000, 4005, 4063, 4098, 4124, 4130, 4181, 4188, 4213, 4215, 4217, 4227, 4434, 4468, 4490, 4504, 4515, 4523, 4572, 4574, 4613, 4615, 4637, 4685, 4702, 4710, 4754, 4774, 4806, 4828, 4871, 4899, 4901, 4903, 4929, 4982, 4991, 4997, 5045, 5051, 5071, 5150, 5159, 5179, 5217, 5231, 5303, 5318, 5345, 5358, 5361, 5416, 5432, 5441, 5531, 5533, 5541, 5544, 5546, 5548, 5559, 5565, 5623, 5659, 5730, 5742, 5748, 5774, 5803, 5812, 5971, 5992, 6012, 6026, 6037, 6061, 6120, 6171, 6174, 6186, 6189, 6240, 6254, 6281, 6285, 6337, 6396, 6419, 6421, 6455, 6478, 6495, 6516, 6573, 6585, 6587, 6608, 6613, 6620, 6633, 6638, 6660]","[731, 1593, 3597]","[21, 25, 40, 62, 80, 87, 151, 153, 184, 216, 218, 295, 301, 314, 359, 365, 468, 485, 587, 633, 635, 671, 674, 697, 736, 813, 818, 905, 965, 970, 980, 1006, 1136, 1218, 1439, 1453, 1455, 1473, 1613, 1625, 1629, 1676, 1681, 1683, 1685, 1687, 1710, 1731, 1772, 1813, 1842, 1846, 1858, 1862, 1889, 1901, 1910, 1933, 1971, 1975, 1984, 2064, 2099, 2109, 2123, 2156, 2262, 2282, 2330, 2377, 2439, 2441, 2443, 2448, 2503, 2519, 2548, 2601, 2603, 2605, 2607, 2609, 2611, 2613, 2615, 2617, 2619, 2621, 2625, 2637, 2641, 2645, 2649, 2653, 2657, 2661, 2665, 2671, 2673, 2675, 2677, 2679, 2681, 2683, 2685, 2687, 2689, 2691, 2693, 2695, 2697, 2708, 2722, 2727, 2784, 2787, 2823, 2861, 2874, 2950, 2953, 2961, 2991, 2996, 3068, 3073, 3098, 3101, 3117, 3123, 3137, 3157, 3205, 3230, 3257, 3341, 3346, 3381, 3418, 3425, 3432, 3525, 3529, 3535, 3540, 3563, 3617, 3636, 3659, 3681, 3683, 3740, 3742, 3749, 3756, 3792, 3851, 3901, 3904, 3938, 3953, 3976, 4000, 4005, 4063, 4098, 4124, 4130, 4181, 4188, 4213, 4215, 4217, 4227, 4434, 4468, 4490, 4504, 4515, 4523, 4572, 4574, 4613, 4615, 4637, 4685, 4702, 4710, 4754, 4774, 4806, 4828, 4871, 4899, 4901, 4903, 4929, 4982, 4991, 4997, 5045, 5051, 5071, 5150, 5159, 5179, 5217, 5231, 5303, 5318, 5345, 5358, 5361, 5416, 5432, 5441, 5531, 5533, 5541, 5544, 5546, 5548, 5559, 5565, 5623, 5659, 5730, 5742, 5748, 5774, 5803, 5812, 5971, 5992, 6012, 6026, 6037, 6061, 6120, 6171, 6174, 6186, 6189, 6240, 6254, 6281, 6285, 6337, 6396, 6419, 6421, 6455, 6478, 6495, 6516, 6573, 6585, 6587, 6608, 6613, 6620, 6633, 6638, 6660]","[731, 1593, 3597]",6719,267,6452,3,264,6452,0
-1.5,MMKFGF,"[47, 117, 147, 151, 256, 271, 274, 352, 379, 406, 469, 493, 515, 518, 520, 542, 566, 571, 581, 601, 606, 685, 693, 779, 861, 869, 873, 875, 886, 941, 961, 973, 976, 991, 1002, 1009, 1040, 1045, 1049, 1059, 1086, 1107, 1135, 1139, 1143, 1160, 1173, 1193, 1212, 1254, 1259, 1279, 1337, 1357, 1426, 1442, 1458, 1491, 1493, 1548, 1556, 1574, 1606, 1624, 1647, 1726, 1742, 1770, 1804, 1912, 1914, 1929, 1931, 1947, 1966, 1977, 2012, 2054, 2079, 2090, 2099, 2172, 2231, 2263, 2270, 2322, 2324, 2326, 2371, 2404, 2460, 2484, 2548, 2561, 2607, 2632, 2659, 2662, 2681, 2715, 2722, 2731, 2753, 2759, 2771, 2779, 2784, 2820, 2829, 2857, 2861, 2886, 2975, 3142, 3185, 3213, 3218, 3276, 3278, 3332, 3349, 3414, 3422, 3456, 3476, 3520, 3534, 3549, 3581, 3596, 3657, 3730, 3759, 3777, 3797, 3801, 3805, 3818, 3835, 3839, 3886, 3944, 3946, 3960, 3962]","[542, 1045]","[47, 117, 147, 151, 256, 271, 274, 352, 379, 406, 469, 493, 515, 518, 520, 566, 571, 581, 601, 606, 685, 693, 779, 861, 869, 873, 875, 886, 941, 961, 973, 976, 991, 1002, 1009, 1040, 1049, 1059, 1086, 1107, 1135, 1139, 1143, 1160, 1173, 1193, 1212, 1254, 1259, 1279, 1337, 1357, 1426, 1442, 1458, 1491, 1493, 1548, 1556, 1574, 1606, 1624, 1647, 1726, 1742, 1770, 1804, 1912, 1914, 1929, 1931, 1947, 1966, 1977, 2012, 2054, 2079, 2090, 2099, 2172, 2231, 2263, 2270, 2322, 2324, 2326, 2371, 2404, 2460, 2484, 2548, 2561, 2607, 2632, 2659, 2662, 2681, 2715, 2722, 2731, 2753, 2759, 2771, 2779, 2784, 2820, 2829, 2857, 2861, 2886, 2975, 3142, 3185, 3213, 3218, 3276, 3278, 3332, 3349, 3414, 3422, 3456, 3476, 3520, 3534, 3549, 3581, 3596, 3657, 3730, 3759, 3777, 3797, 3801, 3805, 3818, 3835, 3839, 3886, 3944, 3946, 3960, 3962]","[542, 1045]",3981,145,3836,2,143,3836,0
-1.5,MMLDHAG,"[48, 58, 92, 105, 210, 232, 275, 279, 286, 323, 338, 356, 403, 427, 437, 451, 494, 514, 523, 539, 545, 547, 571, 731, 736, 782, 784, 826, 829, 867, 894, 901, 907, 928, 948, 1012, 1030, 1045, 1052, 1081, 1085, 1095, 1117, 1143, 1156, 1158, 1169, 1180, 1265, 1276, 1299, 1328, 1349, 1378, 1423, 1543, 1552, 1575, 1587, 1615, 1623, 1677, 1679, 1692, 1726, 1782, 1860, 1880, 1906, 1915, 1922, 1985, 1988, 1993, 2014, 2096, 2098, 2100, 2132, 2186, 2235, 2250, 2305, 2315, 2392, 2401, 2429, 2487, 2492, 2509, 2523, 2548, 2568, 2574, 2616, 2620, 2630, 2653, 2687, 2699, 2713, 2748, 2762, 2774, 2779, 2819, 2825, 2832, 2852, 2862, 2876, 2913, 2915, 2931, 2946, 2978, 2997, 3034, 3045, 3061, 3066, 3084, 3093, 3165, 3167, 3180, 3195, 3217, 3260, 3288, 3291, 3295, 3302, 3339, 3345, 3350, 3391, 3431, 3434, 3469, 3532, 3548, 3563, 3569, 3599, 3649, 3667, 3670, 3687, 3728, 3757, 3772, 3810, 3913, 3927, 3939, 3947, 3965, 3981, 3997, 4007, 4043, 4077, 4089, 4167, 4189, 4205, 4226, 4240, 4330, 4337, 4377, 4381, 4396, 4412, 4414, 4427, 4478, 4526, 4532, 4536, 4541, 4554, 4563, 4577, 4581, 4609, 4614, 4616, 4649, 4653, 4667, 4689, 4737, 4786, 4798, 4814, 4824, 4893, 4901, 4907, 4966, 4992, 4997, 5021, 5097, 5138, 5146, 5176, 5333, 5398, 5400, 5412, 5458, 5489, 5495, 5499, 5503, 5507, 5574, 5617, 5635, 5676, 5788, 5831, 5919, 5923, 5934, 5945, 5971, 6031, 6038, 6042, 6123, 6154, 6187, 6189, 6219, 6244, 6288, 6326, 6344, 6351, 6395, 6421, 6425, 6454, 6459, 6462, 6475, 6492, 6521, 6597, 6670, 6673, 6680, 6701, 6731, 6778, 6795, 6797, 6855, 6877, 6884, 6886, 6927, 6936, 6951, 7003, 7005, 7026, 7048, 7080, 7092, 7125, 7130, 7171, 7200, 7208, 7212, 7224, 7228, 7246, 7255, 7283, 7299, 7310, 7338, 7342, 7352, 7364, 7398, 7401, 7407, 7427, 7447, 7479, 7483, 7490, 7511, 7527, 7547, 7557, 7560, 7582, 7629, 7665, 7668, 7776, 7780, 7784, 7844, 7847, 7857, 7865, 7869, 7959, 7963, 8028, 8030, 8073, 8181, 8194, 8206, 8230, 8242, 8280, 8284, 8295, 8315, 8319, 8327, 8336, 8344, 8352, 8357, 8380, 8402, 8414, 8435, 8440, 8445, 8454, 8478, 8484, 8486, 8491, 8494, 8496, 8564, 8574, 8586, 8589, 8597, 8661, 8680, 8696, 8749, 8794, 8827, 8833, 8865, 8909, 8931, 8945, 8949, 8975, 8981, 8994, 9006, 9117, 9123, 9125, 9175, 9224, 9235, 9286, 9289, 9300, 9303, 9430, 9441, 9451, 9475, 9494, 9507, 9510, 9557, 9601, 9652, 9668, 9740, 9787, 9800, 9818, 9840, 9869, 9891, 9897, 9934, 9989, 9999, 10037, 10048, 10068, 10110, 10145, 10148, 10214, 10220, 10267, 10279, 10281, 10293, 10343, 10407, 10411, 10430, 10447, 10471, 10491, 10493, 10503, 10510, 10517, 10579, 10590, 10606, 10635, 10677, 10704, 10711, 10715, 10730, 10812, 10855, 10862, 10888, 10929, 10961, 10980, 10982, 10994, 11002, 11008, 11025, 11030, 11040, 11050, 11076, 11081, 11124, 11135, 11179, 11218, 11226, 11249, 11257, 11308, 11325, 11423, 11426, 11452, 11500, 11506, 11532, 11549, 11566, 11575, 11608, 11617, 11649, 11655, 11749, 11810, 11819, 11822, 11826, 11831, 11834, 11845, 11847, 11890, 11893, 11899, 11901, 11907, 11915, 11919, 11921, 11977, 12032, 12040, 12056, 12060, 12082, 12095, 12122, 12126, 12129, 12131, 12148, 12155, 12193, 12220, 12250, 12255, 12262, 12266, 12279, 12290, 12323, 12353, 12356, 12365, 12386, 12391, 12395, 12400, 12443, 12466, 12482, 12516, 12518, 12598, 12619, 12637, 12706, 12721, 12736, 12773, 12827]","[4577, 5919, 7171, 7668, 8597, 10704]","[48, 58, 92, 105, 210, 232, 275, 279, 286, 323, 338, 356, 403, 427, 437, 451, 494, 514, 523, 539, 545, 547, 571, 731, 736, 782, 784, 826, 829, 867, 894, 901, 907, 928, 948, 1012, 1030, 1045, 1052, 1081, 1085, 1095, 1117, 1143, 1156, 1158, 1169, 1180, 1265, 1276, 1299, 1328, 1349, 1378, 1423, 1543, 1552, 1575, 1587, 1615, 1623, 1677, 1679, 1692, 1726, 1782, 1860, 1880, 1906, 1915, 1922, 1985, 1988, 1993, 2014, 2096, 2098, 2100, 2132, 2186, 2235, 2250, 2305, 2315, 2392, 2401, 2429, 2487, 2492, 2509, 2523, 2548, 2568, 2574, 2616, 2620, 2630, 2653, 2687, 2699, 2713, 2748, 2762, 2774, 2779, 2819, 2825, 2832, 2852, 2862, 2876, 2913, 2915, 2931, 2946, 2978, 2997, 3034, 3045, 3061, 3066, 3084, 3093, 3165, 3167, 3180, 3195, 3217, 3260, 3288, 3291, 3295, 3302, 3339, 3345, 3350, 3391, 3431, 3434, 3469, 3532, 3548, 3563, 3569, 3599, 3649, 3667, 3670, 3687, 3728, 3757, 3772, 3810, 3913, 3927, 3939, 3947, 3965, 3981, 3997, 4007, 4043, 4077, 4089, 4167, 4189, 4205, 4226, 4240, 4330, 4337, 4377, 4381, 4396, 4412, 4414, 4427, 4478, 4526, 4532, 4536, 4541, 4554, 4563, 4581, 4609, 4614, 4616, 4649, 4653, 4667, 4689, 4737, 4786, 4798, 4814, 4824, 4893, 4901, 4907, 4966, 4992, 4997, 5021, 5097, 5138, 5146, 5176, 5333, 5398, 5400, 5412, 5458, 5489, 5495, 5499, 5503, 5507, 5574, 5617, 5635, 5676, 5788, 5831, 5923, 5934, 5945, 5971, 6031, 6038, 6042, 6123, 6154, 6187, 6189, 6219, 6244, 6288, 6326, 6344, 6351, 6395, 6421, 6425, 6454, 6459, 6462, 6475, 6492, 6521, 6597, 6670, 6673, 6680, 6701, 6731, 6778, 6795, 6797, 6855, 6877, 6884, 6886, 6927, 6936, 6951, 7003, 7005, 7026, 7048, 7080, 7092, 7125, 7130, 7200, 7208, 7212, 7224, 7228, 7246, 7255, 7283, 7299, 7310, 7338, 7342, 7352, 7364, 7398, 7401, 7407, 7427, 7447, 7479, 7483, 7490, 7511, 7527, 7547, 7557, 7560, 7582, 7629, 7665, 7776, 7780, 7784, 7844, 7847, 7857, 7865, 7869, 7959, 7963, 8028, 8030, 8073, 8181, 8194, 8206, 8230, 8242, 8280, 8284, 8295, 8315, 8319, 8327, 8336, 8344, 8352, 8357, 8380, 8402, 8414, 8435, 8440, 8445, 8454, 8478, 8484, 8486, 8491, 8494, 8496, 8564, 8574, 8586, 8589, 8661, 8680, 8696, 8749, 8794, 8827, 8833, 8865, 8909, 8931, 8945, 8949, 8975, 8981, 8994, 9006, 9117, 9123, 9125, 9175, 9224, 9235, 9286, 9289, 9300, 9303, 9430, 9441, 9451, 9475, 9494, 9507, 9510, 9557, 9601, 9652, 9668, 9740, 9787, 9800, 9818, 9840, 9869, 9891, 9897, 9934, 9989, 9999, 10037, 10048, 10068, 10110, 10145, 10148, 10214, 10220, 10267, 10279, 10281, 10293, 10343, 10407, 10411, 10430, 10447, 10471, 10491, 10493, 10503, 10510, 10517, 10579, 10590, 10606, 10635, 10677, 10711, 10715, 10730, 10812, 10855, 10862, 10888, 10929, 10961, 10980, 10982, 10994, 11002, 11008, 11025, 11030, 11040, 11050, 11076, 11081, 11124, 11135, 11179, 11218, 11226, 11249, 11257, 11308, 11325, 11423, 11426, 11452, 11500, 11506, 11532, 11549, 11566, 11575, 11608, 11617, 11649, 11655, 11749, 11810, 11819, 11822, 11826, 11831, 11834, 11845, 11847, 11890, 11893, 11899, 11901, 11907, 11915, 11919, 11921, 11977, 12032, 12040, 12056, 12060, 12082, 12095, 12122, 12126, 12129, 12131, 12148, 12155, 12193, 12220, 12250, 12255, 12262, 12266, 12279, 12290, 12323, 12353, 12356, 12365, 12386, 12391, 12395, 12400, 12443, 12466, 12482, 12516, 12518, 12598, 12619, 12637, 12706, 12721, 12736, 12773, 12827]","[4577, 5919, 7171, 7668, 8597, 10704]",12843,532,12311,6,526,12311,0
-1.5,MMMMP9A,"[11, 70, 74, 78, 96, 118, 164, 204, 216, 234, 299, 301, 316, 388, 393, 409, 420, 483, 519, 561, 563, 565, 607, 628, 744, 746, 786, 812, 826, 854, 863, 880, 923, 930, 957, 960, 967, 971, 1007, 1030, 1035, 1096, 1126, 1174, 1191, 1341, 1357, 1378, 1440, 1451, 1461, 1469, 1476, 1480, 1483, 1508, 1512, 1530, 1545, 1548, 1562, 1569, 1587, 1600, 1609, 1625, 1631, 1633, 1667, 1669, 1682, 1693, 1710, 1721, 1734, 1747, 1786, 1797, 1890, 1935, 1938, 1949, 1953, 1981, 2008, 2015, 2031, 2039, 2055, 2068, 2102, 2125, 2143, 2146, 2148, 2176, 2183, 2293, 2295, 2305, 2329, 2331, 2361, 2366, 2375, 2425, 2445, 2529, 2545, 2550, 2574, 2609, 2665, 2761, 2777, 2781, 2801, 2849, 2851, 2853, 2889, 2920, 2929, 3005, 3007, 3046, 3058, 3064, 3068, 3081, 3107, 3145, 3148, 3150, 3173, 3178, 3187, 3222, 3230, 3234, 3283, 3349, 3359, 3395, 3418, 3441, 3469, 3479, 3525, 3593, 3639, 3758, 3767, 3779, 3808, 3841, 3852, 3886, 3888, 3922, 3927, 3945, 3971, 3996, 4020, 4051, 4067, 4081, 4115, 4132, 4141, 4195, 4201, 4206, 4246, 4257, 4302, 4314, 4321, 4325, 4349, 4373, 4375, 4388, 4433, 4457, 4478, 4487, 4492, 4517, 4525, 4538, 4563, 4573, 4598, 4666, 4669, 4685, 4836, 4851, 4855, 4864, 4868, 4898, 4932, 4944, 4948, 4968, 4988, 5061, 5075, 5097, 5107, 5110, 5164, 5169, 5248, 5250, 5298, 5301, 5332, 5334, 5361, 5364, 5471, 5483, 5527, 5613, 5636, 5695, 5708, 5710, 5712, 5716, 5728, 5795, 5799, 5862, 5920, 5936, 5940, 5944, 5971, 5977, 6001, 6008, 6087, 6111, 6165, 6208, 6215, 6219, 6221, 6237, 6253, 6263, 6268, 6282, 6291, 6310, 6346, 6348, 6356, 6378, 6417, 6482, 6497, 6506, 6525, 6527, 6556, 6564, 6593, 6601, 6608, 6746, 6786, 6833, 6852, 6876, 6892, 6906, 6942, 6949, 6966, 7000, 7049, 7057, 7082, 7091, 7111, 7120, 7141, 7168, 7170, 7213, 7252, 7269, 7316, 7374, 7402, 7414, 7431, 7434, 7436, 7445, 7504, 7535, 7544, 7581, 7632, 7638, 7693, 7710, 7750, 7752, 7770, 7779, 7791, 7800, 7809, 7818, 7838, 7874, 7879, 7885, 7939, 7954, 7964, 7991, 8032, 8099, 8135, 8140, 8163, 8165, 8170]","[1341, 2008, 2375, 2781, 3064, 3418, 3945, 4206, 5695, 5936, 6356, 6564]","[11, 70, 74, 78, 96, 118, 164, 204, 216, 234, 299, 301, 316, 388, 393, 409, 420, 483, 519, 561, 563, 565, 607, 628, 744, 746, 786, 812, 826, 854, 863, 880, 923, 930, 957, 960, 967, 971, 1007, 1030, 1035, 1096, 1126, 1174, 1191, 1357, 1378, 1440, 1451, 1461, 1469, 1476, 1480, 1483, 1508, 1512, 1530, 1545, 1548, 1562, 1569, 1587, 1600, 1609, 1625, 1631, 1633, 1667, 1669, 1682, 1693, 1710, 1721, 1734, 1747, 1786, 1797, 1890, 1935, 1938, 1949, 1953, 1981, 2015, 2031, 2039, 2055, 2068, 2102, 2125, 2143, 2146, 2148, 2176, 2183, 2293, 2295, 2305, 2329, 2331, 2361, 2366, 2425, 2445, 2529, 2545, 2550, 2574, 2609, 2665, 2761, 2777, 2801, 2849, 2851, 2853, 2889, 2920, 2929, 3005, 3007, 3046, 3058, 3068, 3081, 3107, 3145, 3148, 3150, 3173, 3178, 3187, 3222, 3230, 3234, 3283, 3349, 3359, 3395, 3441, 3469, 3479, 3525, 3593, 3639, 3758, 3767, 3779, 3808, 3841, 3852, 3886, 3888, 3922, 3927, 3971, 3996, 4020, 4051, 4067, 4081, 4115, 4132, 4141, 4195, 4201, 4246, 4257, 4302, 4314, 4321, 4325, 4349, 4373, 4375, 4388, 4433, 4457, 4478, 4487, 4492, 4517, 4525, 4538, 4563, 4573, 4598, 4666, 4669, 4685, 4836, 4851, 4855, 4864, 4868, 4898, 4932, 4944, 4948, 4968, 4988, 5061, 5075, 5097, 5107, 5110, 5164, 5169, 5248, 5250, 5298, 5301, 5332, 5334, 5361, 5364, 5471, 5483, 5527, 5613, 5636, 5708, 5710, 5712, 5716, 5728, 5795, 5799, 5862, 5920, 5940, 5944, 5971, 5977, 6001, 6008, 6087, 6111, 6165, 6208, 6215, 6219, 6221, 6237, 6253, 6263, 6268, 6282, 6291, 6310, 6346, 6348, 6378, 6417, 6482, 6497, 6506, 6525, 6527, 6556, 6593, 6601, 6608, 6746, 6786, 6833, 6852, 6876, 6892, 6906, 6942, 6949, 6966, 7000, 7049, 7057, 7082, 7091, 7111, 7120, 7141, 7168, 7170, 7213, 7252, 7269, 7316, 7374, 7402, 7414, 7431, 7434, 7436, 7445, 7504, 7535, 7544, 7581, 7632, 7638, 7693, 7710, 7750, 7752, 7770, 7779, 7791, 7800, 7809, 7818, 7838, 7874, 7879, 7885, 7939, 7954, 7964, 7991, 8032, 8099, 8135, 8140, 8163, 8165, 8170]","[1341, 2008, 2375, 2781, 3064, 3418, 3945, 4206, 5695, 5936, 6356, 6564]",8182,337,7845,12,325,7845,0
-1.5,MMMRPS24,"[40, 46, 87, 166, 186, 217, 226, 247, 257, 266, 279, 333, 346, 353, 360, 392, 404, 434, 460, 533, 543, 551, 560, 573, 625, 645, 670, 712, 728, 750, 818, 825, 836, 858, 884, 925, 959, 983, 997, 999, 1005, 1066, 1076, 1089, 1092, 1099, 1101, 1106, 1132, 1149, 1152, 1180, 1185, 1196, 1221, 1238, 1321, 1379, 1403, 1437, 1460, 1472, 1480, 1483, 1491, 1507, 1518, 1525, 1551, 1584, 1622, 1650, 1675, 1678, 1761, 1765, 1794, 1814, 1827, 1845, 1847, 1869, 1884, 1887, 1979, 1994, 1996, 2021, 2030, 2055, 2059, 2108, 2122, 2135, 2149, 2161, 2168, 2206, 2219, 2250, 2253, 2271, 2296, 2310, 2406, 2431, 2481, 2551, 2571, 2586, 2589, 2617, 2652, 2656, 2669, 2675, 2680, 2683, 2688, 2695, 2701, 2753, 2766, 2781, 2785, 2789, 2800, 2804, 2808, 2831, 2860, 2881, 2892, 2911, 2928, 2967, 2976, 2984, 2987, 3095, 3119, 3123, 3137, 3142, 3163, 3192, 3229, 3263, 3268, 3283, 3286, 3291, 3294, 3304, 3329, 3377, 3403, 3417, 3450, 3496, 3508, 3519, 3526, 3541, 3557, 3567, 3570, 3602, 3619, 3621, 3626, 3642, 3649, 3673, 3713, 3731, 3733, 3737, 3739, 3776, 3794, 3803, 3818, 3824, 3837, 3880, 3902, 3917, 3934, 3938, 3946, 3963, 3969, 3974, 3988, 3998, 4037, 4070, 4074, 4092, 4110, 4136, 4168, 4173, 4182, 4197, 4201, 4206, 4334, 4363, 4371, 4375, 4445, 4452, 4461, 4473, 4518, 4546, 4561, 4568, 4588, 4599, 4604, 4646, 4658, 4670, 4677, 4757, 4821, 4832, 4836, 4892, 4905, 4910, 4917, 4921, 4926, 4942, 4959, 4969, 4979, 4997, 5025, 5070, 5074, 5091, 5110, 5138, 5154, 5168, 5180, 5182, 5195, 5228, 5255, 5261, 5276, 5280, 5311, 5348, 5424, 5435, 5453, 5458]","[404, 1460, 1761, 3137]","[40, 46, 87, 166, 186, 217, 226, 247, 257, 266, 279, 333, 346, 353, 360, 392, 434, 460, 533, 543, 551, 560, 573, 625, 645, 670, 712, 728, 750, 818, 825, 836, 858, 884, 925, 959, 983, 997, 999, 1005, 1066, 1076, 1089, 1092, 1099, 1101, 1106, 1132, 1149, 1152, 1180, 1185, 1196, 1221, 1238, 1321, 1379, 1403, 1437, 1472, 1480, 1483, 1491, 1507, 1518, 1525, 1551, 1584, 1622, 1650, 1675, 1678, 1765, 1794, 1814, 1827, 1845, 1847, 1869, 1884, 1887, 1979, 1994, 1996, 2021, 2030, 2055, 2059, 2108, 2122, 2135, 2149, 2161, 2168, 2206, 2219, 2250, 2253, 2271, 2296, 2310, 2406, 2431, 2481, 2551, 2571, 2586, 2589, 2617, 2652, 2656, 2669, 2675, 2680, 2683, 2688, 2695, 2701, 2753, 2766, 2781, 2785, 2789, 2800, 2804, 2808, 2831, 2860, 2881, 2892, 2911, 2928, 2967, 2976, 2984, 2987, 3095, 3119, 3123, 3142, 3163, 3192, 3229, 3263, 3268, 3283, 3286, 3291, 3294, 3304, 3329, 3377, 3403, 3417, 3450, 3496, 3508, 3519, 3526, 3541, 3557, 3567, 3570, 3602, 3619, 3621, 3626, 3642, 3649, 3673, 3713, 3731, 3733, 3737, 3739, 3776, 3794, 3803, 3818, 3824, 3837, 3880, 3902, 3917, 3934, 3938, 3946, 3963, 3969, 3974, 3988, 3998, 4037, 4070, 4074, 4092, 4110, 4136, 4168, 4173, 4182, 4197, 4201, 4206, 4334, 4363, 4371, 4375, 4445, 4452, 4461, 4473, 4518, 4546, 4561, 4568, 4588, 4599, 4604, 4646, 4658, 4670, 4677, 4757, 4821, 4832, 4836, 4892, 4905, 4910, 4917, 4921, 4926, 4942, 4959, 4969, 4979, 4997, 5025, 5070, 5074, 5091, 5110, 5138, 5154, 5168, 5180, 5182, 5195, 5228, 5255, 5261, 5276, 5280, 5311, 5348, 5424, 5435, 5453, 5458]","[404, 1460, 1761, 3137]",5491,264,5227,4,260,5227,0
-1.5,MMMTIX,"[10, 35, 77, 86, 107, 121, 129, 172, 203, 213, 238, 301, 325, 347, 402, 437, 467, 514, 559, 573, 586, 614, 619, 634, 638, 652, 681, 706, 758, 770, 807, 826, 829, 831, 844, 931, 951, 955, 970, 1047, 1097, 1106, 1126, 1182, 1198, 1210, 1212, 1235, 1241, 1246, 1255, 1278, 1280, 1287, 1355, 1376, 1393, 1401, 1406, 1427, 1438, 1451, 1466, 1502, 1515]","[402, 951]","[10, 35, 77, 86, 107, 121, 129, 172, 203, 213, 238, 301, 325, 347, 437, 467, 514, 559, 573, 586, 614, 619, 634, 638, 652, 681, 706, 758, 770, 807, 826, 829, 831, 844, 931, 955, 970, 1047, 1097, 1106, 1126, 1182, 1198, 1210, 1212, 1235, 1241, 1246, 1255, 1278, 1280, 1287, 1355, 1376, 1393, 1401, 1406, 1427, 1438, 1451, 1466, 1502, 1515]","[402, 951]",1552,65,1487,2,63,1487,0
-1.5,MMMUPBS6,"[14, 24, 79, 104, 149, 215, 219, 264, 274, 280, 329, 359, 375, 449, 537, 567, 572, 574, 597, 655, 657, 674, 678, 722, 731, 747, 766, 792, 813, 818, 861, 889, 926, 935, 940, 969, 1005, 1015, 1021, 1024, 1050, 1165, 1201, 1203, 1207, 1246, 1251, 1298, 1302, 1310, 1325, 1329, 1395, 1408, 1412, 1451, 1497, 1508, 1539, 1564, 1583, 1614, 1646, 1666, 1714, 1727, 1739, 1755, 1796, 1831, 1866, 1901, 1908, 1915, 1983, 2002, 2027, 2038, 2043, 2045, 2049, 2086, 2105, 2107, 2109, 2111, 2113, 2117, 2119, 2123, 2125, 2127, 2129, 2131, 2133, 2135, 2137, 2139, 2141, 2143, 2145, 2191, 2193, 2207, 2242, 2266, 2277, 2286, 2333, 2349, 2351, 2357, 2363, 2398, 2425, 2449, 2452, 2478, 2481, 2583, 2601, 2607, 2623, 2662, 2793, 2798, 2861, 2888, 2934, 2963, 3018, 3025, 3027, 3082, 3085, 3153, 3171, 3185, 3236, 3240, 3297, 3308, 3357, 3366, 3445, 3476, 3480, 3506, 3517, 3590, 3600, 3628, 3633, 3685, 3690, 3693, 3746, 3752, 3770, 3774, 3825, 3851, 3857, 3883, 3919, 3922, 3945, 3947, 3962, 4029, 4034, 4062, 4087, 4108, 4165, 4181, 4194, 4235, 4242, 4300, 4311, 4366, 4515, 4527, 4531, 4557, 4588]","[731, 1203, 2045, 2793, 3236]","[14, 24, 79, 104, 149, 215, 219, 264, 274, 280, 329, 359, 375, 449, 537, 567, 572, 574, 597, 655, 657, 674, 678, 722, 747, 766, 792, 813, 818, 861, 889, 926, 935, 940, 969, 1005, 1015, 1021, 1024, 1050, 1165, 1201, 1207, 1246, 1251, 1298, 1302, 1310, 1325, 1329, 1395, 1408, 1412, 1451, 1497, 1508, 1539, 1564, 1583, 1614, 1646, 1666, 1714, 1727, 1739, 1755, 1796, 1831, 1866, 1901, 1908, 1915, 1983, 2002, 2027, 2038, 2043, 2049, 2086, 2105, 2107, 2109, 2111, 2113, 2117, 2119, 2123, 2125, 2127, 2129, 2131, 2133, 2135, 2137, 2139, 2141, 2143, 2145, 2191, 2193, 2207, 2242, 2266, 2277, 2286, 2333, 2349, 2351, 2357, 2363, 2398, 2425, 2449, 2452, 2478, 2481, 2583, 2601, 2607, 2623, 2662, 2798, 2861, 2888, 2934, 2963, 3018, 3025, 3027, 3082, 3085, 3153, 3171, 3185, 3240, 3297, 3308, 3357, 3366, 3445, 3476, 3480, 3506, 3517, 3590, 3600, 3628, 3633, 3685, 3690, 3693, 3746, 3752, 3770, 3774, 3825, 3851, 3857, 3883, 3919, 3922, 3945, 3947, 3962, 4029, 4034, 4062, 4087, 4108, 4165, 4181, 4194, 4235, 4242, 4300, 4311, 4366, 4515, 4527, 4531, 4557, 4588]","[731, 1203, 2045, 2793, 3236]",4614,187,4427,5,182,4427,0
-1.5,MMMYCL,"[26, 42, 68, 73, 99, 170, 203, 219, 234, 256, 264, 270, 275, 277, 279, 310, 317, 337, 356, 369, 404, 461, 522, 580, 598, 663, 700, 736, 763, 765, 806, 810, 829, 840, 842, 844, 846, 848, 898, 919, 931, 1018, 1044, 1055, 1085, 1093, 1170, 1252, 1305, 1396, 1401, 1413, 1433, 1444, 1479, 1493, 1565, 1575, 1612, 1615, 1691, 1703, 1727, 1764, 1787, 1831, 1855, 1917, 1921, 1923, 1936, 1938, 1942, 1951, 1955, 1959, 1963, 1970, 1980, 2009, 2042, 2048, 2076, 2084, 2108, 2117, 2129, 2334, 2341, 2350, 2361, 2414, 2419, 2482, 2493, 2509, 2554, 2581, 2622, 2634, 2648, 2651, 2753, 2759, 2785, 2829, 2884, 2893, 2930, 2961, 2995, 3060, 3081, 3215, 3250, 3287, 3292, 3318, 3327, 3374, 3378, 3389, 3447, 3452, 3461, 3569, 3574, 3705, 3715, 3734, 3749, 3810, 3826, 3847, 3857, 3865, 3894, 3914, 3921, 3949, 3956, 3982, 3990, 3996, 4090, 4107, 4110, 4161, 4188, 4195, 4218, 4334, 4360, 4379, 4395, 4405, 4436, 4488, 4499, 4513, 4534, 4559, 4602, 4605, 4607, 4609, 4613, 4617, 4635, 4637, 4673, 4687, 4690, 4696, 4732, 4744, 4868, 4948, 4963, 4970, 5002, 5023, 5085, 5107, 5143, 5146, 5163, 5185, 5229, 5231, 5262, 5270, 5305, 5350, 5367, 5385, 5394, 5420, 5422, 5452, 5557, 5610, 5613, 5622, 5640, 5655, 5829, 5844, 5850, 5855, 5883, 5945, 6104, 6155, 6167, 6229, 6280, 6316, 6468, 6484, 6491, 6497, 6532, 6545, 6562, 6573, 6596, 6614, 6619, 6725, 6731, 6736, 6738, 6752, 6756, 6766, 6811, 6872, 6878, 6934, 6937, 6951, 6994, 7001, 7044, 7052, 7069, 7072, 7087, 7128, 7133, 7147, 7167, 7177, 7251, 7257, 7263, 7313, 7332, 7353, 7365, 7420, 7429, 7436, 7455, 7467, 7477, 7516, 7560, 7565, 7571, 7588, 7598, 7605, 7609, 7611, 7613, 7617, 7628, 7635, 7643, 7716, 7721, 7727, 7734, 7736, 7738, 7740, 7750, 7755, 7764, 7775, 7792, 7848, 7918, 7927, 7942, 7956, 8038, 8066, 8082, 8131, 8148, 8161, 8219, 8269, 8272, 8287]",[1787],"[26, 42, 68, 73, 99, 170, 203, 219, 234, 256, 264, 270, 275, 277, 279, 310, 317, 337, 356, 369, 404, 461, 522, 580, 598, 663, 700, 736, 763, 765, 806, 810, 829, 840, 842, 844, 846, 848, 898, 919, 931, 1018, 1044, 1055, 1085, 1093, 1170, 1252, 1305, 1396, 1401, 1413, 1433, 1444, 1479, 1493, 1565, 1575, 1612, 1615, 1691, 1703, 1727, 1764, 1831, 1855, 1917, 1921, 1923, 1936, 1938, 1942, 1951, 1955, 1959, 1963, 1970, 1980, 2009, 2042, 2048, 2076, 2084, 2108, 2117, 2129, 2334, 2341, 2350, 2361, 2414, 2419, 2482, 2493, 2509, 2554, 2581, 2622, 2634, 2648, 2651, 2753, 2759, 2785, 2829, 2884, 2893, 2930, 2961, 2995, 3060, 3081, 3215, 3250, 3287, 3292, 3318, 3327, 3374, 3378, 3389, 3447, 3452, 3461, 3569, 3574, 3705, 3715, 3734, 3749, 3810, 3826, 3847, 3857, 3865, 3894, 3914, 3921, 3949, 3956, 3982, 3990, 3996, 4090, 4107, 4110, 4161, 4188, 4195, 4218, 4334, 4360, 4379, 4395, 4405, 4436, 4488, 4499, 4513, 4534, 4559, 4602, 4605, 4607, 4609, 4613, 4617, 4635, 4637, 4673, 4687, 4690, 4696, 4732, 4744, 4868, 4948, 4963, 4970, 5002, 5023, 5085, 5107, 5143, 5146, 5163, 5185, 5229, 5231, 5262, 5270, 5305, 5350, 5367, 5385, 5394, 5420, 5422, 5452, 5557, 5610, 5613, 5622, 5640, 5655, 5829, 5844, 5850, 5855, 5883, 5945, 6104, 6155, 6167, 6229, 6280, 6316, 6468, 6484, 6491, 6497, 6532, 6545, 6562, 6573, 6596, 6614, 6619, 6725, 6731, 6736, 6738, 6752, 6756, 6766, 6811, 6872, 6878, 6934, 6937, 6951, 6994, 7001, 7044, 7052, 7069, 7072, 7087, 7128, 7133, 7147, 7167, 7177, 7251, 7257, 7263, 7313, 7332, 7353, 7365, 7420, 7429, 7436, 7455, 7467, 7477, 7516, 7560, 7565, 7571, 7588, 7598, 7605, 7609, 7611, 7613, 7617, 7628, 7635, 7643, 7716, 7721, 7727, 7734, 7736, 7738, 7740, 7750, 7755, 7764, 7775, 7792, 7848, 7918, 7927, 7942, 7956, 8038, 8066, 8082, 8131, 8148, 8161, 8219, 8269, 8272, 8287]",[1787],8308,308,8000,1,307,8000,0
-1.5,MMNFMG,"[23, 42, 50, 59, 61, 63, 65, 97, 120, 138, 176, 225, 243, 274, 284, 334, 336, 347, 349, 352, 364, 392, 421, 527, 589, 605, 622, 638, 645, 679, 701, 728, 738, 908, 993, 1043, 1064, 1199, 1205, 1223, 1244, 1260, 1277, 1319, 1387, 1423, 1510, 1549, 1553, 1634, 1720, 1733, 1747, 1774, 1791, 1795, 1890, 1896, 1914, 1963, 2131, 2160, 2199, 2201, 2208, 2221, 2226, 2291, 2336, 2340, 2371, 2378, 2404, 2429, 2456, 2502, 2534, 2540, 2631, 2685, 2700, 2728, 2756, 2787, 2821, 2843, 2878, 2928, 2961, 3093, 3122, 3127, 3129, 3145, 3168, 3175, 3181, 3231, 3247, 3266, 3275, 3291, 3339, 3397, 3452, 3456, 3583, 3597, 3601, 3686, 3691, 3709, 3734, 3793, 3812, 3821, 3853, 3876, 4005, 4040, 4060, 4081, 4096, 4123, 4137, 4176, 4245, 4252, 4343, 4350, 4394, 4409, 4448, 4498, 4507, 4513, 4531, 4576, 4585, 4619, 4642, 4663, 4693, 4753, 4768, 4777, 4794, 4798, 4804, 4855, 4886, 4901, 4907, 4954, 5000, 5023, 5026, 5044, 5081, 5092, 5095, 5098, 5110, 5141, 5167, 5173, 5185, 5221, 5236, 5245, 5272, 5282, 5297, 5311, 5341, 5394, 5406, 5439]","[1634, 2540]","[23, 42, 50, 59, 61, 63, 65, 97, 120, 138, 176, 225, 243, 274, 284, 334, 336, 347, 349, 352, 364, 392, 421, 527, 589, 605, 622, 638, 645, 679, 701, 728, 738, 908, 993, 1043, 1064, 1199, 1205, 1223, 1244, 1260, 1277, 1319, 1387, 1423, 1510, 1549, 1553, 1720, 1733, 1747, 1774, 1791, 1795, 1890, 1896, 1914, 1963, 2131, 2160, 2199, 2201, 2208, 2221, 2226, 2291, 2336, 2340, 2371, 2378, 2404, 2429, 2456, 2502, 2534, 2631, 2685, 2700, 2728, 2756, 2787, 2821, 2843, 2878, 2928, 2961, 3093, 3122, 3127, 3129, 3145, 3168, 3175, 3181, 3231, 3247, 3266, 3275, 3291, 3339, 3397, 3452, 3456, 3583, 3597, 3601, 3686, 3691, 3709, 3734, 3793, 3812, 3821, 3853, 3876, 4005, 4040, 4060, 4081, 4096, 4123, 4137, 4176, 4245, 4252, 4343, 4350, 4394, 4409, 4448, 4498, 4507, 4513, 4531, 4576, 4585, 4619, 4642, 4663, 4693, 4753, 4768, 4777, 4794, 4798, 4804, 4855, 4886, 4901, 4907, 4954, 5000, 5023, 5026, 5044, 5081, 5092, 5095, 5098, 5110, 5141, 5167, 5173, 5185, 5221, 5236, 5245, 5272, 5282, 5297, 5311, 5341, 5394, 5406, 5439]","[1634, 2540]",5463,178,5285,2,176,5285,0
-1.5,MMNMYC,"[33, 40, 42, 132, 149, 162, 189, 267, 282, 287, 294, 438, 494, 534, 642, 669, 674, 689, 709, 729, 749, 769, 808, 835, 839, 860, 869, 873, 881, 938, 940, 952, 970, 984, 990, 994, 1036, 1043, 1045, 1047, 1069, 1085, 1109, 1163, 1175, 1210, 1216, 1224, 1247, 1253, 1355, 1372, 1381, 1385, 1397, 1401, 1405, 1426, 1438, 1446, 1470, 1528, 1584, 1588, 1591, 1598, 1604, 1609, 1613, 1635, 1672, 1716, 1727, 1732, 1758, 1769, 1851, 1862, 1921, 1957, 1998, 2004, 2031, 2053, 2088, 2137, 2175, 2215, 2219, 2237, 2264, 2372, 2397, 2411, 2465, 2474, 2526, 2558, 2618, 2629, 2645, 2654, 2657, 2735, 2750, 2756, 2760, 2766, 2791, 2845, 2865, 2868, 2947, 2952, 2980, 3025, 3064, 3071, 3086, 3089, 3122, 3124, 3212, 3215, 3221, 3257, 3278, 3303, 3345, 3392, 3459, 3549, 3599, 3611, 3635, 3638, 3661, 3665, 3775, 3791, 3841, 3858, 3885, 3890, 3902, 3921, 3966, 3996, 4005, 4011, 4041, 4046, 4060, 4101, 4137, 4191, 4204, 4214, 4230, 4256, 4261, 4277, 4290, 4295, 4323, 4349, 4359, 4401, 4429, 4469, 4533, 4545, 4550, 4564, 4582, 4602, 4613, 4753, 4764, 4774, 4780, 4796, 4800]",[1163],"[33, 40, 42, 132, 149, 162, 189, 267, 282, 287, 294, 438, 494, 534, 642, 669, 674, 689, 709, 729, 749, 769, 808, 835, 839, 860, 869, 873, 881, 938, 940, 952, 970, 984, 990, 994, 1036, 1043, 1045, 1047, 1069, 1085, 1109, 1175, 1210, 1216, 1224, 1247, 1253, 1355, 1372, 1381, 1385, 1397, 1401, 1405, 1426, 1438, 1446, 1470, 1528, 1584, 1588, 1591, 1598, 1604, 1609, 1613, 1635, 1672, 1716, 1727, 1732, 1758, 1769, 1851, 1862, 1921, 1957, 1998, 2004, 2031, 2053, 2088, 2137, 2175, 2215, 2219, 2237, 2264, 2372, 2397, 2411, 2465, 2474, 2526, 2558, 2618, 2629, 2645, 2654, 2657, 2735, 2750, 2756, 2760, 2766, 2791, 2845, 2865, 2868, 2947, 2952, 2980, 3025, 3064, 3071, 3086, 3089, 3122, 3124, 3212, 3215, 3221, 3257, 3278, 3303, 3345, 3392, 3459, 3549, 3599, 3611, 3635, 3638, 3661, 3665, 3775, 3791, 3841, 3858, 3885, 3890, 3902, 3921, 3966, 3996, 4005, 4011, 4041, 4046, 4060, 4101, 4137, 4191, 4204, 4214, 4230, 4256, 4261, 4277, 4290, 4295, 4323, 4349, 4359, 4401, 4429, 4469, 4533, 4545, 4550, 4564, 4582, 4602, 4613, 4753, 4764, 4774, 4780, 4796, 4800]",[1163],4799,183,4616,1,182,4616,0
-1.5,MMNUCLEO,"[18, 38, 62, 111, 137, 145, 184, 208, 212, 217, 258, 282, 284, 298, 310, 326, 385, 394, 518, 533, 540, 542, 549, 588, 622, 626, 632, 650, 662, 665, 669, 683, 715, 773, 779, 784, 863, 926, 938, 950, 965, 973, 975, 988, 1033, 1043, 1052, 1073, 1075, 1093, 1097, 1160, 1166, 1169, 1185, 1210, 1249, 1274, 1285, 1361, 1599, 1650, 1656, 1697, 1728, 1761, 1774, 1803, 1807, 1818, 1894, 1908, 1911, 1915, 1928, 1932, 1956, 1958, 2011, 2027, 2042, 2113, 2117, 2157, 2185, 2206, 2214, 2257, 2281, 2289, 2309, 2311, 2354, 2388, 2415, 2423, 2438, 2459, 2461, 2479, 2487, 2489, 2493, 2496, 2521, 2535, 2563, 2580, 2583, 2596, 2604, 2607, 2617, 2620, 2642, 2652, 2657, 2662, 2665, 2680, 2817, 2831, 2833, 2843, 2859, 2886, 2946, 2956, 2967, 2970, 2985, 2999, 3010, 3012, 3016, 3020, 3040, 3075, 3088, 3104, 3127, 3141, 3171, 3183, 3214, 3221, 3326, 3382, 3385, 3392, 3422, 3456, 3485, 3499, 3515, 3532, 3534, 3536, 3562, 3580, 3617, 3630, 3639, 3648, 3685, 3728, 3737, 3751, 3761, 3797, 3851, 3908, 3929, 3968, 3984, 4012, 4016, 4029, 4071, 4095, 4165, 4181, 4190, 4293, 4297, 4319, 4328, 4369, 4414, 4434, 4440, 4454, 4464, 4468, 4522, 4589, 4591, 4694, 4715, 4729, 4753, 4755, 4872, 4879, 4911, 4926, 4933, 4985, 5014, 5016, 5024, 5046, 5048, 5050, 5111, 5140, 5178, 5188, 5198, 5222, 5224, 5253, 5295, 5299, 5305, 5322, 5332, 5337, 5351, 5366, 5386, 5414, 5416, 5479, 5484, 5530, 5539, 5572, 5605, 5616, 5627, 5678, 5693, 5708, 5723, 5729, 5818, 5825, 5861, 5873, 5876, 5879, 5891, 5894, 5931, 5937, 5995, 6014, 6018, 6023, 6034, 6036, 6038, 6040, 6050, 6056, 6079, 6113, 6129, 6167, 6175, 6177, 6221, 6230, 6234, 6242, 6248, 6275, 6280, 6308, 6330, 6335, 6349, 6372, 6399, 6403, 6425, 6505, 6521, 6530, 6569, 6608, 6610, 6615, 6695, 6710, 6726, 6754, 6767, 6790, 6798, 6800, 6862, 6879, 6958, 6964, 6966, 7017, 7035, 7043, 7105, 7127, 7135, 7150, 7155, 7199, 7203, 7215, 7232, 7250, 7254, 7314, 7347, 7354, 7364, 7461, 7463, 7491, 7510, 7517, 7596, 7666, 7696, 7705, 7707, 7754, 7785, 7810, 7812, 7866, 7877, 7889, 7906, 7919, 7936, 7939, 7955, 8080, 8122, 8134, 8141, 8143, 8146, 8165, 8173, 8182, 8189, 8243, 8274, 8279, 8299, 8304, 8313, 8349, 8413, 8434, 8451, 8458, 8465, 8471, 8497, 8505, 8514, 8534, 8593, 8604, 8614, 8638, 8653, 8679, 8706, 8738, 8754, 8761, 8786, 8794, 8807, 8850, 8863, 8885, 8928, 8984, 9050, 9077, 9082, 9105, 9228, 9279, 9300, 9302, 9352, 9387, 9402, 9405, 9475, 9477, 9489, 9492, 9506, 9557, 9572, 9574, 9597, 9601, 9694, 9700, 9708, 9721, 9728, 9770, 9781, 9785, 9834, 9838, 9868, 9881, 9891, 9894, 9913, 9937, 9944, 9977, 10051, 10066, 10068, 10110, 10118, 10132, 10140, 10164, 10179, 10184, 10212, 10217, 10222, 10235, 10325, 10331, 10340, 10343, 10349, 10364, 10379, 10391, 10400, 10436, 10476, 10506, 10519, 10551, 10618, 10733, 10777, 10826, 10878, 10888, 10933, 10946, 10950, 10961, 10964, 10985, 11011, 11016, 11020, 11053, 11058, 11089, 11100, 11126, 11169, 11179, 11189, 11191, 11303, 11310, 11330, 11335, 11383, 11388, 11413, 11459]","[2042, 3141, 4293, 4694, 4879, 5198, 6230, 7517, 8122, 8738, 9050, 9881, 10436]","[18, 38, 62, 111, 137, 145, 184, 208, 212, 217, 258, 282, 284, 298, 310, 326, 385, 394, 518, 533, 540, 542, 549, 588, 622, 626, 632, 650, 662, 665, 669, 683, 715, 773, 779, 784, 863, 926, 938, 950, 965, 973, 975, 988, 1033, 1043, 1052, 1073, 1075, 1093, 1097, 1160, 1166, 1169, 1185, 1210, 1249, 1274, 1285, 1361, 1599, 1650, 1656, 1697, 1728, 1761, 1774, 1803, 1807, 1818, 1894, 1908, 1911, 1915, 1928, 1932, 1956, 1958, 2011, 2027, 2113, 2117, 2157, 2185, 2206, 2214, 2257, 2281, 2289, 2309, 2311, 2354, 2388, 2415, 2423, 2438, 2459, 2461, 2479, 2487, 2489, 2493, 2496, 2521, 2535, 2563, 2580, 2583, 2596, 2604, 2607, 2617, 2620, 2642, 2652, 2657, 2662, 2665, 2680, 2817, 2831, 2833, 2843, 2859, 2886, 2946, 2956, 2967, 2970, 2985, 2999, 3010, 3012, 3016, 3020, 3040, 3075, 3088, 3104, 3127, 3171, 3183, 3214, 3221, 3326, 3382, 3385, 3392, 3422, 3456, 3485, 3499, 3515, 3532, 3534, 3536, 3562, 3580, 3617, 3630, 3639, 3648, 3685, 3728, 3737, 3751, 3761, 3797, 3851, 3908, 3929, 3968, 3984, 4012, 4016, 4029, 4071, 4095, 4165, 4181, 4190, 4297, 4319, 4328, 4369, 4414, 4434, 4440, 4454, 4464, 4468, 4522, 4589, 4591, 4715, 4729, 4753, 4755, 4872, 4911, 4926, 4933, 4985, 5014, 5016, 5024, 5046, 5048, 5050, 5111, 5140, 5178, 5188, 5222, 5224, 5253, 5295, 5299, 5305, 5322, 5332, 5337, 5351, 5366, 5386, 5414, 5416, 5479, 5484, 5530, 5539, 5572, 5605, 5616, 5627, 5678, 5693, 5708, 5723, 5729, 5818, 5825, 5861, 5873, 5876, 5879, 5891, 5894, 5931, 5937, 5995, 6014, 6018, 6023, 6034, 6036, 6038, 6040, 6050, 6056, 6079, 6113, 6129, 6167, 6175, 6177, 6221, 6234, 6242, 6248, 6275, 6280, 6308, 6330, 6335, 6349, 6372, 6399, 6403, 6425, 6505, 6521, 6530, 6569, 6608, 6610, 6615, 6695, 6710, 6726, 6754, 6767, 6790, 6798, 6800, 6862, 6879, 6958, 6964, 6966, 7017, 7035, 7043, 7105, 7127, 7135, 7150, 7155, 7199, 7203, 7215, 7232, 7250, 7254, 7314, 7347, 7354, 7364, 7461, 7463, 7491, 7510, 7596, 7666, 7696, 7705, 7707, 7754, 7785, 7810, 7812, 7866, 7877, 7889, 7906, 7919, 7936, 7939, 7955, 8080, 8134, 8141, 8143, 8146, 8165, 8173, 8182, 8189, 8243, 8274, 8279, 8299, 8304, 8313, 8349, 8413, 8434, 8451, 8458, 8465, 8471, 8497, 8505, 8514, 8534, 8593, 8604, 8614, 8638, 8653, 8679, 8706, 8754, 8761, 8786, 8794, 8807, 8850, 8863, 8885, 8928, 8984, 9077, 9082, 9105, 9228, 9279, 9300, 9302, 9352, 9387, 9402, 9405, 9475, 9477, 9489, 9492, 9506, 9557, 9572, 9574, 9597, 9601, 9694, 9700, 9708, 9721, 9728, 9770, 9781, 9785, 9834, 9838, 9868, 9891, 9894, 9913, 9937, 9944, 9977, 10051, 10066, 10068, 10110, 10118, 10132, 10140, 10164, 10179, 10184, 10212, 10217, 10222, 10235, 10325, 10331, 10340, 10343, 10349, 10364, 10379, 10391, 10400, 10476, 10506, 10519, 10551, 10618, 10733, 10777, 10826, 10878, 10888, 10933, 10946, 10950, 10961, 10964, 10985, 11011, 11016, 11020, 11053, 11058, 11089, 11100, 11126, 11169, 11179, 11189, 11191, 11303, 11310, 11330, 11335, 11383, 11388, 11413, 11459]","[2042, 3141, 4293, 4694, 4879, 5198, 6230, 7517, 8122, 8738, 9050, 9881, 10436]",11470,492,10978,13,479,10978,0
-1.5,MMODC2,"[80, 91, 115, 122, 124, 128, 134, 142, 150, 176, 252, 331, 335, 419, 425, 440, 444, 454, 458, 502, 509, 511, 538, 622, 644, 662, 667, 669, 689, 726, 737, 803, 822, 830, 834, 844, 848, 891, 895, 910, 925, 944, 952, 966, 977, 1007, 1027, 1053, 1089, 1135, 1155, 1157, 1182, 1194, 1223, 1225, 1239, 1276, 1301, 1360, 1367, 1369, 1374, 1385, 1390, 1444, 1462, 1466, 1482, 1489, 1495, 1524, 1526, 1540, 1544, 1557, 1561, 1595, 1669, 1671, 1723, 1727, 1754, 1757, 1801, 1841, 1855, 1859, 1870, 1892, 1907, 1936, 1938, 1943, 1980, 1984, 2018, 2046, 2063, 2073, 2087, 2097, 2140, 2155, 2167, 2194, 2196, 2227, 2229, 2239, 2255, 2257, 2261, 2271, 2287, 2352, 2354, 2377, 2399, 2480, 2482, 2508, 2515, 2523, 2527, 2532, 2537, 2560, 2563, 2572, 2620, 2627, 2639, 2681, 2702, 2728, 2737, 2804, 2836, 2856, 2866, 2886, 2890, 2903, 2917, 2954, 2979, 2984, 2996, 2999, 3003, 3026, 3029, 3068, 3105, 3130, 3188, 3229, 3279, 3309, 3350, 3369, 3386, 3393, 3396, 3416, 3421, 3424, 3433, 3438, 3440, 3485, 3498, 3559, 3591, 3596, 3620, 3635, 3655, 3657, 3672, 3689, 3737, 3752, 3758, 3763, 3778, 3802, 3814, 3841, 3884, 3886, 3910, 3914, 3921, 3954, 3964, 3975, 4005, 4013, 4045, 4052, 4076, 4088, 4120, 4137, 4147, 4158, 4178, 4180, 4185, 4211, 4215, 4219, 4228, 4239, 4246]","[331, 737, 1053, 1374, 1557, 1801, 2508, 2702, 2999]","[80, 91, 115, 122, 124, 128, 134, 142, 150, 176, 252, 335, 419, 425, 440, 444, 454, 458, 502, 509, 511, 538, 622, 644, 662, 667, 669, 689, 726, 803, 822, 830, 834, 844, 848, 891, 895, 910, 925, 944, 952, 966, 977, 1007, 1027, 1089, 1135, 1155, 1157, 1182, 1194, 1223, 1225, 1239, 1276, 1301, 1360, 1367, 1369, 1385, 1390, 1444, 1462, 1466, 1482, 1489, 1495, 1524, 1526, 1540, 1544, 1561, 1595, 1669, 1671, 1723, 1727, 1754, 1757, 1841, 1855, 1859, 1870, 1892, 1907, 1936, 1938, 1943, 1980, 1984, 2018, 2046, 2063, 2073, 2087, 2097, 2140, 2155, 2167, 2194, 2196, 2227, 2229, 2239, 2255, 2257, 2261, 2271, 2287, 2352, 2354, 2377, 2399, 2480, 2482, 2515, 2523, 2527, 2532, 2537, 2560, 2563, 2572, 2620, 2627, 2639, 2681, 2728, 2737, 2804, 2836, 2856, 2866, 2886, 2890, 2903, 2917, 2954, 2979, 2984, 2996, 3003, 3026, 3029, 3068, 3105, 3130, 3188, 3229, 3279, 3309, 3350, 3369, 3386, 3393, 3396, 3416, 3421, 3424, 3433, 3438, 3440, 3485, 3498, 3559, 3591, 3596, 3620, 3635, 3655, 3657, 3672, 3689, 3737, 3752, 3758, 3763, 3778, 3802, 3814, 3841, 3884, 3886, 3910, 3914, 3921, 3954, 3964, 3975, 4005, 4013, 4045, 4052, 4076, 4088, 4120, 4137, 4147, 4158, 4178, 4180, 4185, 4211, 4215, 4219, 4228, 4239, 4246]","[331, 737, 1053, 1374, 1557, 1801, 2508, 2702, 2999]",4252,217,4035,9,208,4035,0
-1.5,MMOESTEOP,"[115, 129, 141, 158, 175, 189, 199, 324, 330, 332, 503, 510, 595, 606, 609, 636, 651, 653, 677, 706, 711, 763, 771, 818, 842, 850, 853, 861, 864, 873, 877, 902, 951, 968, 993, 997, 1091, 1097, 1127, 1141, 1163, 1176, 1182, 1240, 1250, 1261, 1279, 1380, 1395, 1402, 1414, 1454, 1465, 1540, 1545, 1606, 1618, 1652, 1662, 1666, 1680, 1682, 1696, 1727, 1732, 1734, 1741, 1772, 1787, 1798, 1800, 1808, 1811, 1834, 1849, 1915, 1927, 1974, 1980, 2008, 2027, 2052, 2122, 2128, 2148, 2241, 2283, 2358, 2414, 2459, 2506, 2581, 2605, 2609, 2613, 2648, 2657, 2666, 2704, 2714, 2742, 2751, 2761, 2785, 2821, 2893, 2909, 2917, 3011, 3021, 3051, 3083, 3145, 3292, 3300, 3332, 3350, 3354, 3364, 3510, 3523, 3601, 3629, 3657, 3711, 3716, 3766, 3810, 3915, 3956, 3979, 4017, 4039, 4064, 4070, 4086, 4101, 4161, 4194, 4216, 4258, 4271, 4273, 4275, 4277, 4312, 4448, 4452, 4464, 4469, 4637, 4649, 4697, 4702, 4715, 4787, 4834, 4925, 4930, 4948, 4993, 5003, 5010, 5029, 5063, 5104, 5120, 5169, 5215, 5231, 5233, 5237, 5243, 5280, 5290, 5294, 5308, 5332, 5358, 5396, 5456, 5460, 5508, 5563, 5579, 5583, 5585, 5598, 5607, 5614, 5619, 5622, 5660, 5729]","[993, 1127, 2283, 2821, 4101]","[115, 129, 141, 158, 175, 189, 199, 324, 330, 332, 503, 510, 595, 606, 609, 636, 651, 653, 677, 706, 711, 763, 771, 818, 842, 850, 853, 861, 864, 873, 877, 902, 951, 968, 997, 1091, 1097, 1141, 1163, 1176, 1182, 1240, 1250, 1261, 1279, 1380, 1395, 1402, 1414, 1454, 1465, 1540, 1545, 1606, 1618, 1652, 1662, 1666, 1680, 1682, 1696, 1727, 1732, 1734, 1741, 1772, 1787, 1798, 1800, 1808, 1811, 1834, 1849, 1915, 1927, 1974, 1980, 2008, 2027, 2052, 2122, 2128, 2148, 2241, 2358, 2414, 2459, 2506, 2581, 2605, 2609, 2613, 2648, 2657, 2666, 2704, 2714, 2742, 2751, 2761, 2785, 2893, 2909, 2917, 3011, 3021, 3051, 3083, 3145, 3292, 3300, 3332, 3350, 3354, 3364, 3510, 3523, 3601, 3629, 3657, 3711, 3716, 3766, 3810, 3915, 3956, 3979, 4017, 4039, 4064, 4070, 4086, 4161, 4194, 4216, 4258, 4271, 4273, 4275, 4277, 4312, 4448, 4452, 4464, 4469, 4637, 4649, 4697, 4702, 4715, 4787, 4834, 4925, 4930, 4948, 4993, 5003, 5010, 5029, 5063, 5104, 5120, 5169, 5215, 5231, 5233, 5237, 5243, 5280, 5290, 5294, 5308, 5332, 5358, 5396, 5456, 5460, 5508, 5563, 5579, 5583, 5585, 5598, 5607, 5614, 5619, 5622, 5660, 5729]","[993, 1127, 2283, 2821, 4101]",5774,194,5580,5,189,5580,0
-1.5,MMPO,"[123, 131, 133, 161, 214, 231, 233, 318, 324, 328, 373, 375, 415, 425, 432, 468, 475, 479, 495, 561, 565, 581, 658, 686, 699, 750, 805, 825, 845, 855, 857, 861, 863, 913, 938, 954, 962, 994, 997, 1175, 1313, 1319, 1325, 1355, 1379, 1502, 1505, 1509, 1575, 1591, 1637, 1682, 1686, 1702, 1704, 1709, 1716, 1721, 1759, 1769, 1800, 1808, 1810, 1850, 1896, 1931, 1950, 1954, 2003, 2006, 2018, 2057, 2181, 2193, 2199, 2213, 2232, 2239, 2304, 2366, 2381, 2391, 2446, 2452, 2464, 2466, 2513, 2530, 2553, 2561, 2568, 2594, 2627, 2641, 2677, 2730, 2839, 2860, 2884, 2922, 2948, 2965, 3021, 3024, 3035, 3039, 3054, 3108, 3132, 3154, 3166, 3211, 3244, 3314, 3336, 3381, 3410, 3414, 3416, 3421, 3441, 3447, 3470, 3503, 3505, 3526, 3529, 3531, 3534, 3536, 3543, 3549, 3558, 3584, 3627, 3635, 3643, 3655, 3666, 3719, 3728, 3732, 3739, 3749, 3769, 3820, 3835, 3894, 4018, 4044, 4048, 4050, 4070, 4080, 4155, 4187, 4233, 4235, 4238, 4243, 4250, 4257, 4318, 4383, 4385, 4441, 4446, 4573, 4583, 4588, 4590, 4657, 4769, 4792, 4816, 4831, 4835, 4855, 4871, 4902, 4909, 5062, 5069, 5120, 5180, 5190, 5193, 5215, 5225, 5261, 5281, 5303, 5312, 5341, 5347, 5542, 5564, 5575, 5583, 5614, 5621, 5641, 5653, 5673, 5695, 5703, 5728, 5734, 5774, 5789, 5809, 5814, 5873, 5878, 5880, 5885, 5894, 5896, 5924, 5956, 5962, 5965, 5998, 6010, 6049, 6062, 6074, 6126, 6145, 6149, 6198, 6250, 6258, 6269, 6294, 6299, 6308, 6314, 6340, 6352, 6384, 6426, 6436, 6460, 6465, 6470, 6472, 6474, 6478, 6482, 6484, 6486, 6488, 6491, 6495, 6509, 6513, 6525, 6531, 6534, 6538, 6540, 6544, 6551, 6555, 6559, 6563, 6565, 6568, 6572, 6580, 6582, 6589, 6595, 6608, 6610, 6612, 6614, 6620, 6624, 6630, 6637, 6641, 6658, 6664, 6668, 6672, 6683, 6687, 6689, 6697, 6699, 6701, 6704, 6710, 6716, 6718, 6720, 6722, 6724, 6727, 6766, 6781, 6790, 6805, 6812, 6819, 6833, 6848, 6856, 6881, 6901, 6905, 6911, 6915, 6956, 6982, 7149, 7161, 7167, 7174, 7197, 7309, 7394, 7419, 7504, 7542, 7552, 7625, 7628, 7646, 7687, 7712, 7718, 7756, 7793, 7808, 7810, 7833, 7842, 7846, 7865, 7867, 8015, 8043, 8109, 8170, 8214, 8216, 8240, 8252, 8274, 8345, 8363, 8406, 8430, 8440, 8482, 8512, 8569, 8587, 8611, 8678, 8680, 8691, 8721, 8736, 8804, 8807, 8830, 8840, 8907, 9023, 9079, 9122, 9130, 9156, 9164, 9172, 9216, 9226, 9231, 9240, 9244, 9251, 9257, 9296, 9303, 9308, 9313, 9322, 9357, 9398, 9409, 9417, 9434, 9454, 9464, 9476, 9483, 9555, 9582, 9689, 9712, 9716, 9730, 9747, 9809, 9839, 9841, 9890, 9896, 9903, 9914, 9927, 9938, 9971, 10001, 10005, 10009, 10019, 10024, 10034, 10055, 10087, 10121, 10129, 10137, 10145, 10163, 10172, 10195, 10223, 10267, 10281, 10331, 10339, 10366, 10383, 10416, 10421, 10463, 10487, 10538, 10544, 10550, 10573, 10615, 10624, 10647, 10695, 10702, 10751, 10756, 10788, 10796, 10826, 10849, 10853, 10859, 10866, 10894, 10898, 10906, 10926, 10961, 10970, 10972, 10974, 10979, 10983, 10998, 11005, 11012, 11014, 11033, 11067, 11076, 11099, 11110, 11118, 11123, 11125, 11127, 11192, 11244, 11256, 11329, 11344, 11347, 11387, 11392, 11395, 11473, 11510, 11519, 11528, 11548, 11563, 11567, 11569, 11573, 11593, 11600, 11609, 11611, 11627, 11629, 11636, 11640, 11644, 11656, 11673, 11698, 11700, 11705, 11764, 11783, 11796, 11840, 11860, 11862, 11891, 11901]","[2193, 2446, 2948, 3503, 3728, 4018, 4769, 7167, 8440, 8907, 9903]","[123, 131, 133, 161, 214, 231, 233, 318, 324, 328, 373, 375, 415, 425, 432, 468, 475, 479, 495, 561, 565, 581, 658, 686, 699, 750, 805, 825, 845, 855, 857, 861, 863, 913, 938, 954, 962, 994, 997, 1175, 1313, 1319, 1325, 1355, 1379, 1502, 1505, 1509, 1575, 1591, 1637, 1682, 1686, 1702, 1704, 1709, 1716, 1721, 1759, 1769, 1800, 1808, 1810, 1850, 1896, 1931, 1950, 1954, 2003, 2006, 2018, 2057, 2181, 2199, 2213, 2232, 2239, 2304, 2366, 2381, 2391, 2452, 2464, 2466, 2513, 2530, 2553, 2561, 2568, 2594, 2627, 2641, 2677, 2730, 2839, 2860, 2884, 2922, 2965, 3021, 3024, 3035, 3039, 3054, 3108, 3132, 3154, 3166, 3211, 3244, 3314, 3336, 3381, 3410, 3414, 3416, 3421, 3441, 3447, 3470, 3505, 3526, 3529, 3531, 3534, 3536, 3543, 3549, 3558, 3584, 3627, 3635, 3643, 3655, 3666, 3719, 3732, 3739, 3749, 3769, 3820, 3835, 3894, 4044, 4048, 4050, 4070, 4080, 4155, 4187, 4233, 4235, 4238, 4243, 4250, 4257, 4318, 4383, 4385, 4441, 4446, 4573, 4583, 4588, 4590, 4657, 4792, 4816, 4831, 4835, 4855, 4871, 4902, 4909, 5062, 5069, 5120, 5180, 5190, 5193, 5215, 5225, 5261, 5281, 5303, 5312, 5341, 5347, 5542, 5564, 5575, 5583, 5614, 5621, 5641, 5653, 5673, 5695, 5703, 5728, 5734, 5774, 5789, 5809, 5814, 5873, 5878, 5880, 5885, 5894, 5896, 5924, 5956, 5962, 5965, 5998, 6010, 6049, 6062, 6074, 6126, 6145, 6149, 6198, 6250, 6258, 6269, 6294, 6299, 6308, 6314, 6340, 6352, 6384, 6426, 6436, 6460, 6465, 6470, 6472, 6474, 6478, 6482, 6484, 6486, 6488, 6491, 6495, 6509, 6513, 6525, 6531, 6534, 6538, 6540, 6544, 6551, 6555, 6559, 6563, 6565, 6568, 6572, 6580, 6582, 6589, 6595, 6608, 6610, 6612, 6614, 6620, 6624, 6630, 6637, 6641, 6658, 6664, 6668, 6672, 6683, 6687, 6689, 6697, 6699, 6701, 6704, 6710, 6716, 6718, 6720, 6722, 6724, 6727, 6766, 6781, 6790, 6805, 6812, 6819, 6833, 6848, 6856, 6881, 6901, 6905, 6911, 6915, 6956, 6982, 7149, 7161, 7174, 7197, 7309, 7394, 7419, 7504, 7542, 7552, 7625, 7628, 7646, 7687, 7712, 7718, 7756, 7793, 7808, 7810, 7833, 7842, 7846, 7865, 7867, 8015, 8043, 8109, 8170, 8214, 8216, 8240, 8252, 8274, 8345, 8363, 8406, 8430, 8482, 8512, 8569, 8587, 8611, 8678, 8680, 8691, 8721, 8736, 8804, 8807, 8830, 8840, 9023, 9079, 9122, 9130, 9156, 9164, 9172, 9216, 9226, 9231, 9240, 9244, 9251, 9257, 9296, 9303, 9308, 9313, 9322, 9357, 9398, 9409, 9417, 9434, 9454, 9464, 9476, 9483, 9555, 9582, 9689, 9712, 9716, 9730, 9747, 9809, 9839, 9841, 9890, 9896, 9914, 9927, 9938, 9971, 10001, 10005, 10009, 10019, 10024, 10034, 10055, 10087, 10121, 10129, 10137, 10145, 10163, 10172, 10195, 10223, 10267, 10281, 10331, 10339, 10366, 10383, 10416, 10421, 10463, 10487, 10538, 10544, 10550, 10573, 10615, 10624, 10647, 10695, 10702, 10751, 10756, 10788, 10796, 10826, 10849, 10853, 10859, 10866, 10894, 10898, 10906, 10926, 10961, 10970, 10972, 10974, 10979, 10983, 10998, 11005, 11012, 11014, 11033, 11067, 11076, 11099, 11110, 11118, 11123, 11125, 11127, 11192, 11244, 11256, 11329, 11344, 11347, 11387, 11392, 11395, 11473, 11510, 11519, 11528, 11548, 11563, 11567, 11569, 11573, 11593, 11600, 11609, 11611, 11627, 11629, 11636, 11640, 11644, 11656, 11673, 11698, 11700, 11705, 11764, 11783, 11796, 11840, 11860, 11862, 11891, 11901]","[2193, 2446, 2948, 3503, 3728, 4018, 4769, 7167, 8440, 8907, 9903]",11905,524,11381,11,513,11381,0
-1.5,MMPPSOMA,"[26, 71, 83, 124, 133, 161, 163, 165, 167, 169, 171, 173, 175, 177, 181, 185, 206, 251, 256, 411, 426, 435, 447, 459, 461, 469, 490, 501, 509, 511, 545, 556, 562, 570, 575, 581, 600, 608, 612, 661, 663, 682, 706, 710, 722, 752, 782, 824, 916, 957, 990, 1034, 1091, 1151, 1157, 1193, 1196, 1208, 1248, 1274, 1288, 1301, 1316, 1367, 1439, 1491, 1502, 1537, 1602, 1613, 1620, 1710, 1731, 1824, 1907, 2027, 2049, 2070, 2087, 2124, 2130, 2136, 2151, 2153, 2175, 2177, 2196, 2205, 2272, 2322, 2345, 2361, 2382, 2405, 2466, 2491, 2526, 2538, 2542, 2546]",[1034],"[26, 71, 83, 124, 133, 161, 163, 165, 167, 169, 171, 173, 175, 177, 181, 185, 206, 251, 256, 411, 426, 435, 447, 459, 461, 469, 490, 501, 509, 511, 545, 556, 562, 570, 575, 581, 600, 608, 612, 661, 663, 682, 706, 710, 722, 752, 782, 824, 916, 957, 990, 1091, 1151, 1157, 1193, 1196, 1208, 1248, 1274, 1288, 1301, 1316, 1367, 1439, 1491, 1502, 1537, 1602, 1613, 1620, 1710, 1731, 1824, 1907, 2027, 2049, 2070, 2087, 2124, 2130, 2136, 2151, 2153, 2175, 2177, 2196, 2205, 2272, 2322, 2345, 2361, 2382, 2405, 2466, 2491, 2526, 2538, 2542, 2546]",[1034],2556,100,2456,1,99,2456,0
-1.5,MMPROP2,"[21, 63, 78, 138, 144, 289, 349, 416, 529, 609, 631, 704]",[289],"[21, 63, 78, 138, 144, 349, 416, 529, 609, 631, 704]",[289],712,12,700,1,11,700,0
-1.5,MMPROT1,"[6, 52, 141, 145, 149, 164, 184, 189, 215, 225, 227, 251, 282, 312, 314, 316, 339, 359, 388, 452, 458, 474, 478, 483, 524, 544, 590, 609, 612, 702, 717, 759, 763, 783, 790, 792, 797, 814, 862, 887, 889, 937, 992, 1034, 1094, 1104, 1107, 1124, 1177]",[759],"[6, 52, 141, 145, 149, 164, 184, 189, 215, 225, 227, 251, 282, 312, 314, 316, 339, 359, 388, 452, 458, 474, 478, 483, 524, 544, 590, 609, 612, 702, 717, 763, 783, 790, 792, 797, 814, 862, 887, 889, 937, 992, 1034, 1094, 1104, 1107, 1124, 1177]",[759],1178,49,1129,1,48,1129,0
-1.5,MMPROT2,"[15, 34, 57, 66, 98, 111, 113, 148, 151, 156, 159, 222, 311, 316, 333, 355, 361, 374, 399, 407, 425, 480, 484, 504, 508, 512, 595, 615, 629, 643, 656, 658, 682, 707, 741, 771, 791, 803, 809, 880, 915, 962, 987, 993, 1067, 1128, 1158, 1162, 1218, 1251, 1357, 1368, 1427, 1469, 1492, 1498, 1536]",[1218],"[15, 34, 57, 66, 98, 111, 113, 148, 151, 156, 159, 222, 311, 316, 333, 355, 361, 374, 399, 407, 425, 480, 484, 504, 508, 512, 595, 615, 629, 643, 656, 658, 682, 707, 741, 771, 791, 803, 809, 880, 915, 962, 987, 993, 1067, 1128, 1158, 1162, 1251, 1357, 1368, 1427, 1469, 1492, 1498, 1536]",[1218],1568,57,1511,1,56,1511,0
-1.5,MMSAP,"[20, 32, 48, 98, 107, 230, 242, 340, 397, 432, 441, 460, 501, 565, 601, 648, 665, 701, 703, 745, 781, 787, 791, 794, 817, 827, 868, 886, 894, 916, 932, 972, 981, 994, 1020, 1030, 1059, 1075, 1129, 1145, 1147, 1198, 1200, 1207, 1251, 1262, 1304, 1310, 1329, 1444, 1462, 1491, 1546, 1550, 1554, 1558, 1572, 1631, 1805, 1837]",[441],"[20, 32, 48, 98, 107, 230, 242, 340, 397, 432, 460, 501, 565, 601, 648, 665, 701, 703, 745, 781, 787, 791, 794, 817, 827, 868, 886, 894, 916, 932, 972, 981, 994, 1020, 1030, 1059, 1075, 1129, 1145, 1147, 1198, 1200, 1207, 1251, 1262, 1304, 1310, 1329, 1444, 1462, 1491, 1546, 1550, 1554, 1558, 1572, 1631, 1805, 1837]",[441],1868,60,1808,1,59,1808,0
-1.5,MMSCIMIP,"[54, 61, 117, 120, 126, 137, 142, 168, 281, 345, 376, 415, 438, 454, 483, 486, 516, 552, 562, 578, 600, 619, 658, 680, 695, 740, 784, 865, 1010, 1017, 1032, 1049, 1054, 1064, 1066, 1076, 1088, 1095, 1147, 1153, 1190, 1240, 1242, 1377, 1382, 1384, 1445, 1457, 1531, 1555, 1561, 1593, 1614, 1618, 1626, 1630, 1647, 1664, 1681, 1712, 1735, 1742, 1790, 1803, 1833, 1836, 1846, 1850, 1853, 1855, 1857, 1867, 1900, 1946]","[415, 1017]","[54, 61, 117, 120, 126, 137, 142, 168, 281, 345, 376, 438, 454, 483, 486, 516, 552, 562, 578, 600, 619, 658, 680, 695, 740, 784, 865, 1010, 1032, 1049, 1054, 1064, 1066, 1076, 1088, 1095, 1147, 1153, 1190, 1240, 1242, 1377, 1382, 1384, 1445, 1457, 1531, 1555, 1561, 1593, 1614, 1618, 1626, 1630, 1647, 1664, 1681, 1712, 1735, 1742, 1790, 1803, 1833, 1836, 1846, 1850, 1853, 1855, 1857, 1867, 1900, 1946]","[415, 1017]",1980,74,1906,2,72,1906,0
-1.5,MMSYNDE1A,"[48, 98, 136, 169, 190, 195, 253, 265, 304, 428, 446, 456, 478, 518, 526, 551, 573, 586, 624, 658, 690, 718, 725, 735, 741, 762, 799, 816, 845, 850, 872, 882, 884, 903, 951, 988, 1023, 1054, 1102, 1219, 1268, 1345, 1349, 1351, 1426, 1483, 1524, 1528, 1555, 1558, 1576, 1591, 1610, 1629, 1734, 1751, 1858, 1902, 1909, 1935, 1939, 1954, 1971, 1992, 2020, 2030, 2073, 2085, 2141, 2151, 2183, 2198, 2211, 2228, 2256, 2272, 2289, 2313, 2318, 2322, 2358, 2365, 2377, 2400, 2444, 2487, 2496, 2503, 2513, 2515, 2532, 2562, 2574, 2623, 2654, 2680, 2718, 2735, 2746, 2758, 2763, 2774, 2795, 2830, 2837, 2881, 2894, 2900, 2903, 2905, 2924, 2963, 2982, 2994, 3002, 3014, 3052, 3064, 3132, 3151, 3162, 3196, 3199, 3214, 3240, 3278, 3292, 3314, 3316, 3331, 3352, 3361, 3417, 3423, 3462, 3464, 3556, 3560, 3570, 3666, 3695, 3706, 3739, 3749, 3831, 3843, 3850, 3888, 3906, 3946, 3962, 3981, 4001, 4014, 4027, 4057, 4062, 4069, 4080, 4124, 4198, 4265, 4273, 4296, 4323, 4383, 4391, 4422, 4474, 4489, 4491, 4505, 4593, 4595, 4629, 4639, 4655, 4662, 4680, 4688, 4698, 4746, 4755, 4757, 4826, 4830, 4854, 4867, 4881, 4883, 4887, 4926, 4928, 4930, 4932, 4936, 4938, 4952, 4969, 5018, 5043, 5099, 5113, 5169, 5185, 5192, 5197, 5219, 5324, 5339, 5366, 5420, 5484, 5486, 5496, 5529, 5534, 5601, 5609, 5616, 5620, 5625, 5638, 5645, 5655, 5661, 5677, 5686, 5688, 5690, 5695, 5700, 5722, 5772, 5776, 5792, 5798, 5800, 5802, 5820, 5826, 5834, 5842, 5846, 5854, 5866, 5871, 5873, 5884, 5889, 5923, 5939, 5970, 5981, 5983, 5988, 6006, 6018, 6028, 6039, 6061, 6067, 6069, 6071, 6081, 6090, 6116, 6136, 6147, 6168, 6171, 6231, 6242, 6256, 6260, 6265, 6275, 6279, 6311, 6324, 6327, 6442, 6450, 6452, 6457, 6489, 6491, 6493, 6521, 6525, 6532, 6554, 6569, 6578, 6615, 6622, 6664, 6689, 6696, 6710, 6741, 6760, 6769, 6786, 6817, 6857, 6889, 6970, 6974, 6983, 6991, 6996, 7009, 7019, 7024, 7045, 7064, 7075, 7080, 7083, 7086, 7094, 7101, 7172, 7198, 7227, 7292, 7317, 7321, 7378, 7390, 7393, 7412, 7446, 7471, 7538, 7554, 7587, 7598, 7622, 7660, 7683, 7726, 7733, 7742, 7754, 7772, 7783, 7805, 7817, 7828, 7876, 7903, 7914, 7923, 7931, 7937, 7949, 7964, 8043, 8056, 8078, 8115, 8129, 8133, 8175, 8203, 8226, 8263, 8269, 8275, 8280, 8294, 8317, 8353, 8412, 8433, 8442, 8461, 8522, 8540, 8590, 8600, 8626, 8657, 8670, 8672, 8690, 8705, 8753, 8765, 8770, 8780, 8806, 8837, 8842, 8844, 8874, 8924, 8941, 8965, 8967, 9016, 9062, 9076, 9154, 9182, 9258, 9260, 9265, 9306, 9320, 9354, 9364, 9409, 9412, 9421, 9424, 9452, 9462, 9481, 9483, 9503, 9511, 9519, 9534, 9550, 9563, 9666, 9691, 9693, 9739, 9758, 9769, 9778, 9807, 9827, 9854, 9860, 9867, 9871, 9873, 9896, 9919, 9939, 9953, 9998, 10012, 10045, 10067, 10078, 10091, 10110, 10122, 10145, 10154, 10171, 10196, 10213, 10302, 10319, 10340, 10345, 10347, 10379, 10381, 10447, 10475, 10506, 10527, 10581, 10583, 10593, 10596, 10599, 10607, 10648, 10689, 10759, 10770, 10847, 10852, 10885, 10897, 10903, 10905, 10917, 10932, 11002, 11004, 11043, 11058, 11099, 11140, 11144, 11188, 11233, 11235, 11249, 11255, 11332, 11376, 11383, 11397, 11426, 11441, 11481, 11495, 11500, 11518, 11564, 11583, 11587, 11622, 11633, 11647, 11656, 11672, 11679, 11765, 11823, 11827, 11839, 11858, 11866, 11872, 11893, 11896, 11900, 11909, 11920, 11930, 11932, 11938, 11978, 11983, 12082, 12093, 12104, 12118, 12128, 12132, 12139, 12141, 12185, 12191, 12206, 12217, 12222, 12288, 12316, 12323, 12331, 12337, 12355, 12384, 12390, 12407, 12448, 12464, 12472, 12515, 12522, 12527, 12532, 12554, 12592, 12647, 12651, 12747, 12803, 12824, 12840, 12879, 12904, 12937, 12978, 12986, 12991, 13015, 13020, 13028, 13042, 13085, 13095, 13132, 13176, 13180, 13198, 13203, 13206, 13208, 13223, 13238, 13311, 13338, 13352, 13358, 13406, 13426, 13441, 13464, 13482, 13510, 13528, 13532, 13536, 13552, 13557, 13574, 13599, 13633, 13642, 13646, 13652, 13678, 13693, 13702, 13718, 13723, 13732, 13748, 13750, 13761, 13767, 13796, 13799, 13808, 13821, 13823, 13851, 13853, 13857, 13861, 13868, 13911, 13957, 14052, 14080, 14113, 14117, 14178, 14182, 14186, 14191, 14194, 14200, 14206, 14236, 14246, 14254, 14276, 14306, 14348, 14364, 14368, 14370, 14372, 14384, 14410, 14427, 14429, 14457, 14483, 14519, 14521, 14539, 14553, 14564, 14574, 14600, 14610, 14623, 14634, 14658, 14670, 14690, 14704, 14706, 14708, 14749, 14757, 14812, 14828, 14843, 14847, 14849, 14853, 14855, 14872, 14948, 14962, 15011, 15018, 15043, 15067, 15078, 15081, 15118, 15129, 15164, 15172, 15176, 15186, 15203, 15224, 15240, 15285, 15287, 15299, 15303, 15333, 15344, 15380, 15382, 15393, 15426, 15434, 15459, 15474, 15499, 15554, 15586, 15597, 15599, 15601, 15603, 15605, 15607, 15609, 15611, 15613, 15615, 15617, 15619, 15621, 15623, 15625, 15627, 15629, 15631, 15633, 15635, 15637, 15641, 15645, 15655, 15667, 15669, 15674, 15678, 15680, 15696, 15704, 15756, 15764, 15771, 15806, 15845, 15871, 15877, 15902, 15912, 15929, 15936, 15955, 15978, 15981, 15988, 16014, 16023, 16034, 16104, 16112, 16135, 16149, 16181, 16195, 16197, 16203, 16234, 16241, 16275, 16335, 16404, 16427, 16486, 16503, 16512, 16515, 16562, 16566, 16570, 16634, 16639, 16643, 16701, 16716, 16718, 16729, 16739, 16744, 16765, 16770, 16796, 16823, 16835, 16849, 16853, 16856, 16868, 16910, 16927, 16964, 16974, 16980, 16982, 16991, 17014, 17033, 17060, 17089, 17139, 17159, 17175, 17184, 17186, 17188, 17194, 17202, 17214, 17223, 17225, 17246, 17281, 17290, 17298, 17300, 17302, 17445, 17451, 17470, 17542, 17553, 17557, 17591, 17599, 17604, 17616, 17623, 17627, 17647, 17663, 17670, 17672, 17675, 17697, 17701, 17717, 17722, 17748, 17813, 17865, 17884, 17900, 17934, 17938, 17951, 17963, 17984, 18012, 18076, 18136, 18162, 18170, 18172, 18176, 18284, 18328, 18375, 18419, 18421, 18483, 18495, 18544, 18558, 18563, 18565, 18607, 18633, 18655, 18672, 18688, 18704, 18711, 18754, 18772, 18818, 18820, 18832, 18837, 18933, 18939, 19009, 19054, 19057, 19068, 19083, 19124, 19133, 19151, 19203, 19248, 19269, 19274, 19286, 19316, 19326, 19340, 19349, 19403, 19407, 19416, 19424, 19440, 19463, 19498, 19504, 19510, 19534, 19542, 19546, 19559, 19561, 19595, 19604, 19606, 19628, 19640, 19718, 19726, 19767, 19787, 19799, 19822, 19838, 19845, 19903, 19953, 19955, 20064, 20073, 20118, 20142, 20175, 20181, 20202, 20269, 20293, 20295, 20302, 20328, 20385, 20389, 20408, 20418, 20453, 20460, 20468, 20515, 20533, 20556, 20602, 20604, 20626, 20632, 20650, 20657, 20659, 20689, 20695, 20704, 20715, 20735, 20751, 20762, 20766, 20802, 20842, 20851, 20881, 20900, 20932, 20942, 20958, 20976, 20979, 20990, 20999, 21008, 21030, 21046, 21077, 21086, 21112, 21153, 21173, 21191, 21193, 21200, 21214, 21279, 21388, 21424, 21471, 21479, 21481, 21528, 21537, 21595, 21743, 21750, 21755, 21758, 21801, 21809, 21828, 21888, 21897, 21909, 21959, 22028, 22037, 22041, 22056, 22071, 22081, 22094, 22099, 22120, 22124, 22148, 22171, 22180, 22182, 22221, 22239, 22241, 22273, 22290, 22309, 22318, 22328, 22342, 22393, 22408, 22445, 22467, 22488, 22530, 22535, 22540, 22555, 22621, 22624, 22657, 22707, 22730, 22748, 22798, 22802, 22817, 22834, 22851, 22857, 22889, 22948, 22991, 23046, 23053, 23095, 23100, 23105, 23111, 23116, 23149, 23157, 23159, 23203, 23234, 23236, 23242, 23258, 23284, 23312, 23325, 23341, 23345, 23427, 23429, 23431, 23454, 23472, 23499, 23520, 23566, 23568, 23581]","[1345, 19009, 20385, 20942]","[48, 98, 136, 169, 190, 195, 253, 265, 304, 428, 446, 456, 478, 518, 526, 551, 573, 586, 624, 658, 690, 718, 725, 735, 741, 762, 799, 816, 845, 850, 872, 882, 884, 903, 951, 988, 1023, 1054, 1102, 1219, 1268, 1349, 1351, 1426, 1483, 1524, 1528, 1555, 1558, 1576, 1591, 1610, 1629, 1734, 1751, 1858, 1902, 1909, 1935, 1939, 1954, 1971, 1992, 2020, 2030, 2073, 2085, 2141, 2151, 2183, 2198, 2211, 2228, 2256, 2272, 2289, 2313, 2318, 2322, 2358, 2365, 2377, 2400, 2444, 2487, 2496, 2503, 2513, 2515, 2532, 2562, 2574, 2623, 2654, 2680, 2718, 2735, 2746, 2758, 2763, 2774, 2795, 2830, 2837, 2881, 2894, 2900, 2903, 2905, 2924, 2963, 2982, 2994, 3002, 3014, 3052, 3064, 3132, 3151, 3162, 3196, 3199, 3214, 3240, 3278, 3292, 3314, 3316, 3331, 3352, 3361, 3417, 3423, 3462, 3464, 3556, 3560, 3570, 3666, 3695, 3706, 3739, 3749, 3831, 3843, 3850, 3888, 3906, 3946, 3962, 3981, 4001, 4014, 4027, 4057, 4062, 4069, 4080, 4124, 4198, 4265, 4273, 4296, 4323, 4383, 4391, 4422, 4474, 4489, 4491, 4505, 4593, 4595, 4629, 4639, 4655, 4662, 4680, 4688, 4698, 4746, 4755, 4757, 4826, 4830, 4854, 4867, 4881, 4883, 4887, 4926, 4928, 4930, 4932, 4936, 4938, 4952, 4969, 5018, 5043, 5099, 5113, 5169, 5185, 5192, 5197, 5219, 5324, 5339, 5366, 5420, 5484, 5486, 5496, 5529, 5534, 5601, 5609, 5616, 5620, 5625, 5638, 5645, 5655, 5661, 5677, 5686, 5688, 5690, 5695, 5700, 5722, 5772, 5776, 5792, 5798, 5800, 5802, 5820, 5826, 5834, 5842, 5846, 5854, 5866, 5871, 5873, 5884, 5889, 5923, 5939, 5970, 5981, 5983, 5988, 6006, 6018, 6028, 6039, 6061, 6067, 6069, 6071, 6081, 6090, 6116, 6136, 6147, 6168, 6171, 6231, 6242, 6256, 6260, 6265, 6275, 6279, 6311, 6324, 6327, 6442, 6450, 6452, 6457, 6489, 6491, 6493, 6521, 6525, 6532, 6554, 6569, 6578, 6615, 6622, 6664, 6689, 6696, 6710, 6741, 6760, 6769, 6786, 6817, 6857, 6889, 6970, 6974, 6983, 6991, 6996, 7009, 7019, 7024, 7045, 7064, 7075, 7080, 7083, 7086, 7094, 7101, 7172, 7198, 7227, 7292, 7317, 7321, 7378, 7390, 7393, 7412, 7446, 7471, 7538, 7554, 7587, 7598, 7622, 7660, 7683, 7726, 7733, 7742, 7754, 7772, 7783, 7805, 7817, 7828, 7876, 7903, 7914, 7923, 7931, 7937, 7949, 7964, 8043, 8056, 8078, 8115, 8129, 8133, 8175, 8203, 8226, 8263, 8269, 8275, 8280, 8294, 8317, 8353, 8412, 8433, 8442, 8461, 8522, 8540, 8590, 8600, 8626, 8657, 8670, 8672, 8690, 8705, 8753, 8765, 8770, 8780, 8806, 8837, 8842, 8844, 8874, 8924, 8941, 8965, 8967, 9016, 9062, 9076, 9154, 9182, 9258, 9260, 9265, 9306, 9320, 9354, 9364, 9409, 9412, 9421, 9424, 9452, 9462, 9481, 9483, 9503, 9511, 9519, 9534, 9550, 9563, 9666, 9691, 9693, 9739, 9758, 9769, 9778, 9807, 9827, 9854, 9860, 9867, 9871, 9873, 9896, 9919, 9939, 9953, 9998, 10012, 10045, 10067, 10078, 10091, 10110, 10122, 10145, 10154, 10171, 10196, 10213, 10302, 10319, 10340, 10345, 10347, 10379, 10381, 10447, 10475, 10506, 10527, 10581, 10583, 10593, 10596, 10599, 10607, 10648, 10689, 10759, 10770, 10847, 10852, 10885, 10897, 10903, 10905, 10917, 10932, 11002, 11004, 11043, 11058, 11099, 11140, 11144, 11188, 11233, 11235, 11249, 11255, 11332, 11376, 11383, 11397, 11426, 11441, 11481, 11495, 11500, 11518, 11564, 11583, 11587, 11622, 11633, 11647, 11656, 11672, 11679, 11765, 11823, 11827, 11839, 11858, 11866, 11872, 11893, 11896, 11900, 11909, 11920, 11930, 11932, 11938, 11978, 11983, 12082, 12093, 12104, 12118, 12128, 12132, 12139, 12141, 12185, 12191, 12206, 12217, 12222, 12288, 12316, 12323, 12331, 12337, 12355, 12384, 12390, 12407, 12448, 12464, 12472, 12515, 12522, 12527, 12532, 12554, 12592, 12647, 12651, 12747, 12803, 12824, 12840, 12879, 12904, 12937, 12978, 12986, 12991, 13015, 13020, 13028, 13042, 13085, 13095, 13132, 13176, 13180, 13198, 13203, 13206, 13208, 13223, 13238, 13311, 13338, 13352, 13358, 13406, 13426, 13441, 13464, 13482, 13510, 13528, 13532, 13536, 13552, 13557, 13574, 13599, 13633, 13642, 13646, 13652, 13678, 13693, 13702, 13718, 13723, 13732, 13748, 13750, 13761, 13767, 13796, 13799, 13808, 13821, 13823, 13851, 13853, 13857, 13861, 13868, 13911, 13957, 14052, 14080, 14113, 14117, 14178, 14182, 14186, 14191, 14194, 14200, 14206, 14236, 14246, 14254, 14276, 14306, 14348, 14364, 14368, 14370, 14372, 14384, 14410, 14427, 14429, 14457, 14483, 14519, 14521, 14539, 14553, 14564, 14574, 14600, 14610, 14623, 14634, 14658, 14670, 14690, 14704, 14706, 14708, 14749, 14757, 14812, 14828, 14843, 14847, 14849, 14853, 14855, 14872, 14948, 14962, 15011, 15018, 15043, 15067, 15078, 15081, 15118, 15129, 15164, 15172, 15176, 15186, 15203, 15224, 15240, 15285, 15287, 15299, 15303, 15333, 15344, 15380, 15382, 15393, 15426, 15434, 15459, 15474, 15499, 15554, 15586, 15597, 15599, 15601, 15603, 15605, 15607, 15609, 15611, 15613, 15615, 15617, 15619, 15621, 15623, 15625, 15627, 15629, 15631, 15633, 15635, 15637, 15641, 15645, 15655, 15667, 15669, 15674, 15678, 15680, 15696, 15704, 15756, 15764, 15771, 15806, 15845, 15871, 15877, 15902, 15912, 15929, 15936, 15955, 15978, 15981, 15988, 16014, 16023, 16034, 16104, 16112, 16135, 16149, 16181, 16195, 16197, 16203, 16234, 16241, 16275, 16335, 16404, 16427, 16486, 16503, 16512, 16515, 16562, 16566, 16570, 16634, 16639, 16643, 16701, 16716, 16718, 16729, 16739, 16744, 16765, 16770, 16796, 16823, 16835, 16849, 16853, 16856, 16868, 16910, 16927, 16964, 16974, 16980, 16982, 16991, 17014, 17033, 17060, 17089, 17139, 17159, 17175, 17184, 17186, 17188, 17194, 17202, 17214, 17223, 17225, 17246, 17281, 17290, 17298, 17300, 17302, 17445, 17451, 17470, 17542, 17553, 17557, 17591, 17599, 17604, 17616, 17623, 17627, 17647, 17663, 17670, 17672, 17675, 17697, 17701, 17717, 17722, 17748, 17813, 17865, 17884, 17900, 17934, 17938, 17951, 17963, 17984, 18012, 18076, 18136, 18162, 18170, 18172, 18176, 18284, 18328, 18375, 18419, 18421, 18483, 18495, 18544, 18558, 18563, 18565, 18607, 18633, 18655, 18672, 18688, 18704, 18711, 18754, 18772, 18818, 18820, 18832, 18837, 18933, 18939, 19054, 19057, 19068, 19083, 19124, 19133, 19151, 19203, 19248, 19269, 19274, 19286, 19316, 19326, 19340, 19349, 19403, 19407, 19416, 19424, 19440, 19463, 19498, 19504, 19510, 19534, 19542, 19546, 19559, 19561, 19595, 19604, 19606, 19628, 19640, 19718, 19726, 19767, 19787, 19799, 19822, 19838, 19845, 19903, 19953, 19955, 20064, 20073, 20118, 20142, 20175, 20181, 20202, 20269, 20293, 20295, 20302, 20328, 20389, 20408, 20418, 20453, 20460, 20468, 20515, 20533, 20556, 20602, 20604, 20626, 20632, 20650, 20657, 20659, 20689, 20695, 20704, 20715, 20735, 20751, 20762, 20766, 20802, 20842, 20851, 20881, 20900, 20932, 20958, 20976, 20979, 20990, 20999, 21008, 21030, 21046, 21077, 21086, 21112, 21153, 21173, 21191, 21193, 21200, 21214, 21279, 21388, 21424, 21471, 21479, 21481, 21528, 21537, 21595, 21743, 21750, 21755, 21758, 21801, 21809, 21828, 21888, 21897, 21909, 21959, 22028, 22037, 22041, 22056, 22071, 22081, 22094, 22099, 22120, 22124, 22148, 22171, 22180, 22182, 22221, 22239, 22241, 22273, 22290, 22309, 22318, 22328, 22342, 22393, 22408, 22445, 22467, 22488, 22530, 22535, 22540, 22555, 22621, 22624, 22657, 22707, 22730, 22748, 22798, 22802, 22817, 22834, 22851, 22857, 22889, 22948, 22991, 23046, 23053, 23095, 23100, 23105, 23111, 23116, 23149, 23157, 23159, 23203, 23234, 23236, 23242, 23258, 23284, 23312, 23325, 23341, 23345, 23427, 23429, 23431, 23454, 23472, 23499, 23520, 23566, 23568, 23581]","[1345, 19009, 20385, 20942]",23592,1108,22484,4,1104,22484,0
-1.5,MMTHY1G,"[25, 61, 80, 93, 140, 172, 175, 183, 191, 198, 223, 226, 229, 280, 283, 286, 289, 295, 330, 335, 343, 362, 490, 509, 523, 529, 537, 540, 571, 616, 629, 633, 664, 678, 696, 720, 819, 854, 867, 897, 946, 957, 991, 997, 1001, 1009, 1018, 1037, 1043, 1058, 1129, 1156, 1160, 1195, 1198, 1209, 1235, 1240, 1243, 1252, 1255, 1257, 1263, 1281, 1403, 1408, 1410, 1430, 1504, 1511, 1554, 1571, 1586, 1669, 1742, 1750, 1757, 1789, 1812, 1828, 1833, 1837, 1922, 1930, 1936, 1943, 1958, 2056, 2134, 2146, 2151, 2174, 2181, 2243, 2246, 2252, 2298, 2302, 2331, 2386, 2477, 2495, 2509, 2569, 2639, 2641, 2649, 2651, 2664, 2674]","[80, 1009]","[25, 61, 93, 140, 172, 175, 183, 191, 198, 223, 226, 229, 280, 283, 286, 289, 295, 330, 335, 343, 362, 490, 509, 523, 529, 537, 540, 571, 616, 629, 633, 664, 678, 696, 720, 819, 854, 867, 897, 946, 957, 991, 997, 1001, 1018, 1037, 1043, 1058, 1129, 1156, 1160, 1195, 1198, 1209, 1235, 1240, 1243, 1252, 1255, 1257, 1263, 1281, 1403, 1408, 1410, 1430, 1504, 1511, 1554, 1571, 1586, 1669, 1742, 1750, 1757, 1789, 1812, 1828, 1833, 1837, 1922, 1930, 1936, 1943, 1958, 2056, 2134, 2146, 2151, 2174, 2181, 2243, 2246, 2252, 2298, 2302, 2331, 2386, 2477, 2495, 2509, 2569, 2639, 2641, 2649, 2651, 2664, 2674]","[80, 1009]",2682,110,2572,2,108,2572,0
-1.5,MMTLAC,"[12, 15, 18, 24, 50, 58, 90, 98, 140, 177, 238, 299, 303, 347, 436, 449, 494, 539, 549, 572, 619, 630, 650, 675, 748, 772, 819, 834, 846, 864, 872, 912, 917, 925, 930, 1019, 1061, 1075, 1090, 1163, 1171, 1175, 1209, 1284, 1288, 1300, 1305, 1335, 1496, 1594, 1609, 1644, 1683, 1714, 1721, 1731, 1747, 1750, 1778, 1782, 1853, 1872, 1907, 1909, 1920, 1922, 1966, 1979, 1990, 2040, 2047, 2117, 2123, 2150, 2169, 2172, 2187, 2227, 2262, 2279, 2323, 2377, 2472, 2504, 2511, 2567, 2583, 2694, 2727, 2743, 2833, 2858, 2863, 2874, 2959, 2997, 3007, 3010, 3013, 3044, 3049, 3051, 3092, 3101, 3103, 3107, 3120, 3158, 3182, 3239, 3259, 3263, 3308, 3318, 3338, 3348, 3352, 3373, 3420, 3424, 3467, 3476, 3509, 3602, 3633, 3720, 3762, 3836, 3879, 4002, 4019, 4040, 4042, 4046, 4065, 4077, 4193, 4218, 4238, 4240, 4279, 4285, 4291, 4294, 4297, 4348, 4364, 4373, 4467, 4490, 4496, 4548, 4591, 4595, 4612, 4614, 4651, 4657, 4659, 4688, 4692, 4724, 4739, 4758, 4767, 4774, 4778, 4783, 4812, 4823, 4830, 4846, 4862, 4867, 4890, 4893, 4912, 4939, 4994, 5008, 5053, 5056, 5058, 5133, 5164, 5179, 5187, 5211, 5222, 5233, 5251, 5288, 5319, 5329, 5339]","[299, 748, 1171, 3092, 3338]","[12, 15, 18, 24, 50, 58, 90, 98, 140, 177, 238, 303, 347, 436, 449, 494, 539, 549, 572, 619, 630, 650, 675, 772, 819, 834, 846, 864, 872, 912, 917, 925, 930, 1019, 1061, 1075, 1090, 1163, 1175, 1209, 1284, 1288, 1300, 1305, 1335, 1496, 1594, 1609, 1644, 1683, 1714, 1721, 1731, 1747, 1750, 1778, 1782, 1853, 1872, 1907, 1909, 1920, 1922, 1966, 1979, 1990, 2040, 2047, 2117, 2123, 2150, 2169, 2172, 2187, 2227, 2262, 2279, 2323, 2377, 2472, 2504, 2511, 2567, 2583, 2694, 2727, 2743, 2833, 2858, 2863, 2874, 2959, 2997, 3007, 3010, 3013, 3044, 3049, 3051, 3101, 3103, 3107, 3120, 3158, 3182, 3239, 3259, 3263, 3308, 3318, 3348, 3352, 3373, 3420, 3424, 3467, 3476, 3509, 3602, 3633, 3720, 3762, 3836, 3879, 4002, 4019, 4040, 4042, 4046, 4065, 4077, 4193, 4218, 4238, 4240, 4279, 4285, 4291, 4294, 4297, 4348, 4364, 4373, 4467, 4490, 4496, 4548, 4591, 4595, 4612, 4614, 4651, 4657, 4659, 4688, 4692, 4724, 4739, 4758, 4767, 4774, 4778, 4783, 4812, 4823, 4830, 4846, 4862, 4867, 4890, 4893, 4912, 4939, 4994, 5008, 5053, 5056, 5058, 5133, 5164, 5179, 5187, 5211, 5222, 5233, 5251, 5288, 5319, 5329, 5339]","[299, 748, 1171, 3092, 3338]",5239,195,5044,5,190,5044,0
-1.5,MMTNFBG,"[15, 38, 40, 51, 122, 168, 174, 217, 245, 268, 293, 315, 374, 441, 444, 515, 524, 563, 635, 691, 712, 734, 750, 799, 813, 820, 827, 835, 874, 888, 1003, 1026, 1196, 1234, 1270, 1283, 1286, 1302, 1312, 1413, 1423, 1436, 1487, 1511, 1533, 1553, 1558, 1572, 1574, 1623, 1665, 1728, 1750, 1758, 1821, 1907, 1911, 1936, 2067, 2121, 2136, 2183, 2240, 2266, 2332, 2365, 2378, 2388, 2392, 2394, 2415, 2419, 2430, 2443, 2456, 2519, 2521, 2544, 2606, 2664, 2760, 2766, 2770, 2776, 2821, 2841, 2864, 2914, 2945, 2999, 3003, 3091, 3126, 3136, 3147, 3167, 3180, 3204]","[1728, 1911]","[15, 38, 40, 51, 122, 168, 174, 217, 245, 268, 293, 315, 374, 441, 444, 515, 524, 563, 635, 691, 712, 734, 750, 799, 813, 820, 827, 835, 874, 888, 1003, 1026, 1196, 1234, 1270, 1283, 1286, 1302, 1312, 1413, 1423, 1436, 1487, 1511, 1533, 1553, 1558, 1572, 1574, 1623, 1665, 1750, 1758, 1821, 1907, 1936, 2067, 2121, 2136, 2183, 2240, 2266, 2332, 2365, 2378, 2388, 2392, 2394, 2415, 2419, 2430, 2443, 2456, 2519, 2521, 2544, 2606, 2664, 2760, 2766, 2770, 2776, 2821, 2841, 2864, 2914, 2945, 2999, 3003, 3091, 3126, 3136, 3147, 3167, 3180, 3204]","[1728, 1911]",3211,98,3113,2,96,3113,0
-1.5,MMTROPIB,"[12, 73, 75, 90, 146, 166, 183, 196, 201, 209, 232, 261, 268, 313, 328, 382, 391, 411, 428, 455, 492, 569, 617, 656, 677, 700, 768, 839, 842, 856, 862, 868, 1021, 1044, 1053, 1055, 1069, 1073, 1080, 1092, 1111, 1120, 1124, 1132, 1157, 1214, 1261, 1274, 1276, 1307, 1370, 1411, 1426, 1428, 1447, 1525, 1559, 1568, 1617, 1697, 1701, 1711, 1722, 1744, 1749, 1753, 1762, 1772, 1794, 1807, 1810, 1821, 1832, 1868, 1886, 1903, 1932, 1939, 1951, 1956, 1970, 1977, 1981, 2008, 2033, 2038, 2064, 2070, 2073, 2078, 2128, 2185, 2271, 2274, 2279, 2300, 2321, 2327, 2337, 2350, 2353, 2379, 2393, 2399, 2406, 2421, 2425, 2434, 2451, 2470, 2480, 2491, 2497, 2507, 2522, 2534, 2538, 2541, 2564, 2656, 2667, 2673, 2677, 2687, 2710, 2724, 2726, 2728, 2761, 2786, 2814, 2960, 2977, 3006, 3037, 3113, 3140, 3205, 3207, 3233, 3281, 3296, 3405, 3461, 3501, 3510, 3531, 3543, 3564, 3618, 3648, 3681, 3690, 3697, 3723, 3734, 3751, 3806, 3816, 3821, 3843, 3896, 3942, 3963, 4077, 4133, 4178, 4193, 4195, 4200, 4219, 4269, 4351, 4355, 4359, 4461, 4493, 4580, 4604, 4608, 4610, 4620, 4654, 4664, 4708, 4713, 4748, 4764, 4792, 4822, 4839, 4842, 4865, 4869, 4886, 4888, 4920, 4929, 4950, 4960, 5007, 5018, 5020, 5075, 5091, 5111, 5114, 5128, 5162, 5182, 5241, 5261, 5280, 5299, 5319, 5340, 5359, 5367, 5369, 5379, 5411, 5420, 5440, 5483, 5500, 5561, 5595, 5620, 5650]","[1697, 1932, 2185, 2656, 3037, 3564, 4604]","[12, 73, 75, 90, 146, 166, 183, 196, 201, 209, 232, 261, 268, 313, 328, 382, 391, 411, 428, 455, 492, 569, 617, 656, 677, 700, 768, 839, 842, 856, 862, 868, 1021, 1044, 1053, 1055, 1069, 1073, 1080, 1092, 1111, 1120, 1124, 1132, 1157, 1214, 1261, 1274, 1276, 1307, 1370, 1411, 1426, 1428, 1447, 1525, 1559, 1568, 1617, 1701, 1711, 1722, 1744, 1749, 1753, 1762, 1772, 1794, 1807, 1810, 1821, 1832, 1868, 1886, 1903, 1939, 1951, 1956, 1970, 1977, 1981, 2008, 2033, 2038, 2064, 2070, 2073, 2078, 2128, 2271, 2274, 2279, 2300, 2321, 2327, 2337, 2350, 2353, 2379, 2393, 2399, 2406, 2421, 2425, 2434, 2451, 2470, 2480, 2491, 2497, 2507, 2522, 2534, 2538, 2541, 2564, 2667, 2673, 2677, 2687, 2710, 2724, 2726, 2728, 2761, 2786, 2814, 2960, 2977, 3006, 3113, 3140, 3205, 3207, 3233, 3281, 3296, 3405, 3461, 3501, 3510, 3531, 3543, 3618, 3648, 3681, 3690, 3697, 3723, 3734, 3751, 3806, 3816, 3821, 3843, 3896, 3942, 3963, 4077, 4133, 4178, 4193, 4195, 4200, 4219, 4269, 4351, 4355, 4359, 4461, 4493, 4580, 4608, 4610, 4620, 4654, 4664, 4708, 4713, 4748, 4764, 4792, 4822, 4839, 4842, 4865, 4869, 4886, 4888, 4920, 4929, 4950, 4960, 5007, 5018, 5020, 5075, 5091, 5111, 5114, 5128, 5162, 5182, 5241, 5261, 5280, 5299, 5319, 5340, 5359, 5367, 5369, 5379, 5411, 5420, 5440, 5483, 5500, 5561, 5595, 5620, 5650]","[1697, 1932, 2185, 2656, 3037, 3564, 4604]",5683,229,5454,7,222,5454,0
-1.5,MMTUM198,"[8, 25, 70, 120, 173, 180, 182, 190, 194, 242, 263, 324, 332, 335, 340, 342, 347, 457, 569, 575, 611, 615, 619, 638, 651, 665, 669, 709, 735, 788, 798, 831, 871, 873, 891, 932, 985, 1012, 1050, 1084, 1092, 1098, 1164, 1196, 1216, 1227, 1232, 1311, 1339, 1420, 1448, 1468, 1583, 1592, 1598, 1692, 1717, 1719, 1724, 1729, 1733, 1750, 1777, 1798, 1816, 1818, 1827, 1849, 1874, 1894, 1905, 1933, 1936, 1948, 1954, 1984, 1986, 1990, 1994, 2012, 2056, 2078, 2093, 2102, 2193, 2207, 2240, 2255, 2262, 2267, 2322, 2340, 2346, 2364, 2373, 2389, 2421, 2429, 2458, 2460, 2477, 2487, 2501, 2556, 2626, 2630, 2638, 2668, 2671, 2687, 2745, 2751, 2796, 2808, 2818, 2882, 2899, 3040, 3043, 3046, 3049, 3056, 3096, 3098, 3102, 3117, 3187, 3202, 3210, 3215, 3306, 3313, 3317, 3321, 3328, 3338, 3355, 3378, 3384, 3450, 3554, 3556, 3587, 3628, 3632, 3657, 3717, 3730, 3770, 3791, 3818, 3829, 3836, 3845, 3888, 3904, 3913, 3957, 3984, 4009, 4045, 4056, 4073, 4087, 4092, 4098, 4108, 4180, 4220, 4243, 4264, 4289, 4319, 4343, 4345, 4363]","[1692, 2818, 3098, 3313, 3587, 3818, 4180]","[8, 25, 70, 120, 173, 180, 182, 190, 194, 242, 263, 324, 332, 335, 340, 342, 347, 457, 569, 575, 611, 615, 619, 638, 651, 665, 669, 709, 735, 788, 798, 831, 871, 873, 891, 932, 985, 1012, 1050, 1084, 1092, 1098, 1164, 1196, 1216, 1227, 1232, 1311, 1339, 1420, 1448, 1468, 1583, 1592, 1598, 1717, 1719, 1724, 1729, 1733, 1750, 1777, 1798, 1816, 1818, 1827, 1849, 1874, 1894, 1905, 1933, 1936, 1948, 1954, 1984, 1986, 1990, 1994, 2012, 2056, 2078, 2093, 2102, 2193, 2207, 2240, 2255, 2262, 2267, 2322, 2340, 2346, 2364, 2373, 2389, 2421, 2429, 2458, 2460, 2477, 2487, 2501, 2556, 2626, 2630, 2638, 2668, 2671, 2687, 2745, 2751, 2796, 2808, 2882, 2899, 3040, 3043, 3046, 3049, 3056, 3096, 3102, 3117, 3187, 3202, 3210, 3215, 3306, 3317, 3321, 3328, 3338, 3355, 3378, 3384, 3450, 3554, 3556, 3628, 3632, 3657, 3717, 3730, 3770, 3791, 3829, 3836, 3845, 3888, 3904, 3913, 3957, 3984, 4009, 4045, 4056, 4073, 4087, 4092, 4098, 4108, 4220, 4243, 4264, 4289, 4319, 4343, 4345, 4363]","[1692, 2818, 3098, 3313, 3587, 3818, 4180]",4376,176,4200,7,169,4200,0
-1.5,MMU01530,"[76, 87, 99, 115, 190, 194, 205, 218, 283, 288, 291, 295, 325, 350, 358, 636, 683, 695, 891, 893, 895, 909, 916, 924, 941, 956, 974, 977, 979, 987, 989, 1004, 1010, 1012, 1046, 1050, 1080, 1084, 1089, 1091, 1099, 1101, 1103, 1118, 1120, 1129, 1139, 1148, 1150, 1164, 1169, 1172, 1174, 1176, 1180, 1186, 1192, 1194, 1203, 1209, 1216, 1224, 1232, 1250, 1304, 1336, 1338, 1344, 1357, 1361, 1401, 1416, 1427, 1431, 1439, 1458, 1460, 1462, 1560, 1576, 1589, 1593, 1600, 1603, 1746, 1749, 1819, 1827, 1837, 1869, 1879, 1896, 1901, 1903, 1908, 1941, 1943, 1955, 1976, 2027, 2148, 2158, 2223, 2229, 2244, 2248, 2269, 2286, 2293, 2298, 2302, 2316, 2321, 2325, 2337, 2346, 2349, 2400, 2406, 2412, 2519, 2550, 2556, 2581, 2592, 2682, 2798, 2844, 2853, 2885, 2909, 2926, 3002, 3094, 3135, 3139, 3188, 3231, 3235, 3284, 3298, 3301, 3349, 3444, 3465, 3500, 3523, 3526, 3536, 3542, 3554, 3586, 3608, 3729, 3736, 3783, 3803, 3819, 3833, 3849, 3927, 3932, 3935, 3939, 3962, 4011, 4024, 4031, 4035, 4132, 4167, 4210, 4216, 4243, 4250, 4263, 4282, 4299, 4406, 4412, 4423, 4446, 4454, 4456, 4477, 4503, 4505, 4519, 4541, 4545, 4567, 4573, 4584, 4588, 4599, 4653, 4657, 4668, 4701, 4736, 4740, 4802, 4861, 4893, 4895, 4897, 4904, 4908, 4928, 4946, 4961, 5009, 5017, 5022, 5040, 5071, 5083, 5086, 5148, 5163, 5165, 5177, 5183, 5211, 5255, 5260, 5281, 5329, 5388, 5405, 5418, 5421, 5439, 5490, 5505, 5511, 5524, 5555, 5557, 5578, 5594, 5602, 5606, 5635, 5702, 5713, 5740, 5744, 5774, 5871, 5885, 5890, 5923, 5925, 5967, 6029, 6039, 6088, 6100, 6164, 6213, 6229, 6264, 6324, 6342, 6394, 6423, 6427, 6435, 6450, 6453, 6484, 6490, 6506, 6510, 6532, 6536, 6541, 6546, 6550, 6560, 6562, 6566, 6572, 6598, 6611, 6625, 6653, 6655, 6692, 6694, 6697, 6706, 6708, 6712, 6727, 6779]","[3094, 3231]","[76, 87, 99, 115, 190, 194, 205, 218, 283, 288, 291, 295, 325, 350, 358, 636, 683, 695, 891, 893, 895, 909, 916, 924, 941, 956, 974, 977, 979, 987, 989, 1004, 1010, 1012, 1046, 1050, 1080, 1084, 1089, 1091, 1099, 1101, 1103, 1118, 1120, 1129, 1139, 1148, 1150, 1164, 1169, 1172, 1174, 1176, 1180, 1186, 1192, 1194, 1203, 1209, 1216, 1224, 1232, 1250, 1304, 1336, 1338, 1344, 1357, 1361, 1401, 1416, 1427, 1431, 1439, 1458, 1460, 1462, 1560, 1576, 1589, 1593, 1600, 1603, 1746, 1749, 1819, 1827, 1837, 1869, 1879, 1896, 1901, 1903, 1908, 1941, 1943, 1955, 1976, 2027, 2148, 2158, 2223, 2229, 2244, 2248, 2269, 2286, 2293, 2298, 2302, 2316, 2321, 2325, 2337, 2346, 2349, 2400, 2406, 2412, 2519, 2550, 2556, 2581, 2592, 2682, 2798, 2844, 2853, 2885, 2909, 2926, 3002, 3135, 3139, 3188, 3235, 3284, 3298, 3301, 3349, 3444, 3465, 3500, 3523, 3526, 3536, 3542, 3554, 3586, 3608, 3729, 3736, 3783, 3803, 3819, 3833, 3849, 3927, 3932, 3935, 3939, 3962, 4011, 4024, 4031, 4035, 4132, 4167, 4210, 4216, 4243, 4250, 4263, 4282, 4299, 4406, 4412, 4423, 4446, 4454, 4456, 4477, 4503, 4505, 4519, 4541, 4545, 4567, 4573, 4584, 4588, 4599, 4653, 4657, 4668, 4701, 4736, 4740, 4802, 4861, 4893, 4895, 4897, 4904, 4908, 4928, 4946, 4961, 5009, 5017, 5022, 5040, 5071, 5083, 5086, 5148, 5163, 5165, 5177, 5183, 5211, 5255, 5260, 5281, 5329, 5388, 5405, 5418, 5421, 5439, 5490, 5505, 5511, 5524, 5555, 5557, 5578, 5594, 5602, 5606, 5635, 5702, 5713, 5740, 5744, 5774, 5871, 5885, 5890, 5923, 5925, 5967, 6029, 6039, 6088, 6100, 6164, 6213, 6229, 6264, 6324, 6342, 6394, 6423, 6427, 6435, 6450, 6453, 6484, 6490, 6506, 6510, 6532, 6536, 6541, 6546, 6550, 6560, 6562, 6566, 6572, 6598, 6611, 6625, 6653, 6655, 6692, 6694, 6697, 6706, 6708, 6712, 6727, 6779]","[3094, 3231]",6694,297,6397,2,295,6397,0
-1.5,MMU02278,"[11, 24, 75, 113, 206, 229, 245, 329, 342, 348, 383, 400, 489, 504, 527, 620, 652, 669, 678, 692, 708, 712, 723, 756, 759, 777, 789, 868, 870, 883, 888, 900, 908, 962, 1041, 1092, 1099, 1101, 1106, 1119, 1127, 1132, 1135, 1141, 1158, 1249, 1266, 1323, 1342, 1482, 1509, 1537, 1542, 1594, 1638, 1660, 1758, 1858, 1866, 1938, 1949, 1953, 2014, 2042, 2077, 2098, 2159, 2209, 2213, 2247, 2262, 2290, 2312, 2327, 2330, 2333, 2335, 2344, 2431, 2481, 2493, 2499, 2502, 2514, 2517, 2535, 2599, 2629, 2648, 2686, 2702, 2752, 2763, 2773, 2988, 3007, 3025, 3031, 3093, 3098, 3100, 3104, 3114, 3249, 3265, 3303, 3337, 3368, 3373, 3414, 3433, 3435, 3456, 3482, 3548, 3557, 3593, 3622, 3631, 3647, 3669, 3674, 3679, 3684, 3779, 3783, 3833, 3873, 3925, 3967]",[1638],"[11, 24, 75, 113, 206, 229, 245, 329, 342, 348, 383, 400, 489, 504, 527, 620, 652, 669, 678, 692, 708, 712, 723, 756, 759, 777, 789, 868, 870, 883, 888, 900, 908, 962, 1041, 1092, 1099, 1101, 1106, 1119, 1127, 1132, 1135, 1141, 1158, 1249, 1266, 1323, 1342, 1482, 1509, 1537, 1542, 1594, 1660, 1758, 1858, 1866, 1938, 1949, 1953, 2014, 2042, 2077, 2098, 2159, 2209, 2213, 2247, 2262, 2290, 2312, 2327, 2330, 2333, 2335, 2344, 2431, 2481, 2493, 2499, 2502, 2514, 2517, 2535, 2599, 2629, 2648, 2686, 2702, 2752, 2763, 2773, 2988, 3007, 3025, 3031, 3093, 3098, 3100, 3104, 3114, 3249, 3265, 3303, 3337, 3368, 3373, 3414, 3433, 3435, 3456, 3482, 3548, 3557, 3593, 3622, 3631, 3647, 3669, 3674, 3679, 3684, 3779, 3783, 3833, 3873, 3925, 3967]",[1638],3973,130,3843,1,129,3843,0
-1.5,MMU02298,"[71, 99, 114, 171, 203, 215, 315, 461, 475, 479, 582, 587, 603, 656, 685, 764, 820, 860, 887, 939, 941, 946, 1023, 1099, 1180, 1191, 1271, 1273, 1283, 1326, 1338, 1419, 1427, 1473, 1475, 1478, 1491, 1493, 1508, 1516, 1531, 1565, 1620, 1639, 1643, 1653, 1724, 1766, 1784, 1794, 1844, 1858, 1880, 1909, 1924, 1951, 2102, 2179, 2205, 2218, 2240, 2242, 2278, 2355, 2363, 2371, 2392, 2411, 2413, 2432, 2440, 2445, 2472, 2488, 2566, 2618, 2622, 2627, 2681, 2706, 2726, 2733, 2770, 2780, 2874, 2897, 2990, 3004, 3017, 3047, 3067, 3116, 3120, 3132, 3155, 3168, 3175, 3220, 3253, 3308, 3328, 3347, 3366, 3385, 3396, 3404, 3423, 3442, 3453, 3492, 3547, 3550, 3590, 3632, 3688, 3823, 3836, 3893, 3911, 3920, 3929, 3948, 3961, 3969, 3971, 3973, 3975, 3984, 3986, 3995, 3997, 3999, 4008, 4010, 4036, 4040, 4044, 4056, 4080, 4082, 4118, 4131, 4154, 4170, 4176, 4188, 4190, 4198, 4207, 4210, 4213, 4239, 4246, 4248, 4260, 4270, 4284, 4321, 4328, 4343, 4345, 4351, 4353, 4359, 4375, 4377, 4437, 4527, 4589, 4677, 4687, 4713, 4715, 4717, 4721, 4723, 4725, 4727, 4739, 4741, 4749, 4751, 4753, 4755, 4757, 4759, 4761, 4763, 4765, 4769, 4791, 4794, 4810, 4826, 4897, 4942, 4954, 4978, 5023, 5035, 5082, 5086, 5190, 5206, 5290, 5301, 5305, 5309, 5340, 5348, 5357, 5398, 5451, 5457, 5477, 5502, 5527, 5529, 5531, 5550, 5598, 5617, 5630, 5674, 5695, 5800, 5802, 5836]","[1180, 2413]","[71, 99, 114, 171, 203, 215, 315, 461, 475, 479, 582, 587, 603, 656, 685, 764, 820, 860, 887, 939, 941, 946, 1023, 1099, 1191, 1271, 1273, 1283, 1326, 1338, 1419, 1427, 1473, 1475, 1478, 1491, 1493, 1508, 1516, 1531, 1565, 1620, 1639, 1643, 1653, 1724, 1766, 1784, 1794, 1844, 1858, 1880, 1909, 1924, 1951, 2102, 2179, 2205, 2218, 2240, 2242, 2278, 2355, 2363, 2371, 2392, 2411, 2432, 2440, 2445, 2472, 2488, 2566, 2618, 2622, 2627, 2681, 2706, 2726, 2733, 2770, 2780, 2874, 2897, 2990, 3004, 3017, 3047, 3067, 3116, 3120, 3132, 3155, 3168, 3175, 3220, 3253, 3308, 3328, 3347, 3366, 3385, 3396, 3404, 3423, 3442, 3453, 3492, 3547, 3550, 3590, 3632, 3688, 3823, 3836, 3893, 3911, 3920, 3929, 3948, 3961, 3969, 3971, 3973, 3975, 3984, 3986, 3995, 3997, 3999, 4008, 4010, 4036, 4040, 4044, 4056, 4080, 4082, 4118, 4131, 4154, 4170, 4176, 4188, 4190, 4198, 4207, 4210, 4213, 4239, 4246, 4248, 4260, 4270, 4284, 4321, 4328, 4343, 4345, 4351, 4353, 4359, 4375, 4377, 4437, 4527, 4589, 4677, 4687, 4713, 4715, 4717, 4721, 4723, 4725, 4727, 4739, 4741, 4749, 4751, 4753, 4755, 4757, 4759, 4761, 4763, 4765, 4769, 4791, 4794, 4810, 4826, 4897, 4942, 4954, 4978, 5023, 5035, 5082, 5086, 5190, 5206, 5290, 5301, 5305, 5309, 5340, 5348, 5357, 5398, 5451, 5457, 5477, 5502, 5527, 5529, 5531, 5550, 5598, 5617, 5630, 5674, 5695, 5800, 5802, 5836]","[1180, 2413]",5851,228,5623,2,226,5623,0
-1.5,MMU02884,"[45, 55, 67, 83, 95, 109, 161, 214, 220, 225, 234, 266, 306, 340, 388, 404, 439, 444, 446, 462, 482, 487, 502, 512, 527, 536, 566, 589, 638, 668, 672, 711, 767, 769, 794, 799, 814, 844, 870, 875, 954, 1007, 1025, 1040, 1060, 1069, 1083, 1110, 1150, 1241, 1262, 1273, 1299, 1335, 1372, 1390, 1420, 1455, 1457, 1475, 1520, 1527, 1572, 1576, 1622, 1630, 1659, 1680, 1706, 1716, 1761, 1770, 1830, 1838, 1858, 1875, 1887, 1899, 1928, 1930, 1934, 1945, 2007, 2053, 2086, 2107, 2126, 2152, 2158, 2161, 2192, 2220, 2222, 2224, 2245, 2310, 2326, 2340, 2368, 2370, 2382, 2403, 2405, 2427, 2429, 2432, 2434, 2441, 2484, 2509, 2559, 2685, 2758, 2765, 2785, 2800, 2870, 2879, 2980, 3012, 3074, 3084, 3086, 3088, 3154, 3186, 3280, 3308, 3310, 3348, 3379, 3386, 3407, 3414, 3419, 3427, 3526, 3530, 3548, 3601, 3606, 3632, 3665, 3669, 3726, 3757, 3759, 3796, 3829, 3848, 3860, 3865, 3889, 3905, 3965, 4056, 4089, 4114, 4127, 4131, 4155, 4198, 4203, 4205, 4285, 4287, 4307, 4372, 4376, 4438, 4465, 4501, 4505, 4508, 4525, 4601, 4678, 4706, 4729, 4754, 4798, 4831, 4875, 4957, 5010, 5023, 5041, 5071, 5073, 5094, 5164, 5207, 5217, 5238, 5244, 5248, 5291, 5341, 5359, 5383, 5436, 5445, 5479, 5499, 5507, 5517, 5524, 5554, 5564, 5588, 5592, 5607, 5669, 5681, 5724, 5763, 5768, 5773, 5792, 5806, 5818, 5831, 5852, 5855, 5913, 5922, 5946, 6022, 6026, 6092, 6205, 6220, 6252, 6278, 6430, 6513, 6523, 6531, 6642, 6649, 6675, 6680, 6687, 6703, 6733, 6740, 6770, 6778, 6836, 6848, 6870, 6913, 6927, 6941, 7025, 7027, 7068, 7132, 7180, 7194, 7208, 7210, 7212, 7219, 7309, 7346, 7382, 7390, 7419, 7438, 7446, 7483, 7494, 7501, 7527, 7553, 7562, 7567, 7591, 7608, 7627, 7670, 7708, 7741, 7832, 7847, 7852, 7866, 7870, 7878, 7884, 7896, 7968, 7970, 7973, 8002, 8018, 8082, 8102, 8118, 8171, 8195, 8206, 8216, 8247, 8271, 8273, 8275, 8280, 8300, 8320, 8333, 8353, 8364, 8375, 8419, 8478, 8484, 8486, 8531, 8536, 8538, 8543, 8546, 8563, 8584, 8590, 8592, 8602, 8605, 8612, 8625, 8656, 8678, 8699, 8707, 8724, 8735, 8749]","[1630, 5244, 6836]","[45, 55, 67, 83, 95, 109, 161, 214, 220, 225, 234, 266, 306, 340, 388, 404, 439, 444, 446, 462, 482, 487, 502, 512, 527, 536, 566, 589, 638, 668, 672, 711, 767, 769, 794, 799, 814, 844, 870, 875, 954, 1007, 1025, 1040, 1060, 1069, 1083, 1110, 1150, 1241, 1262, 1273, 1299, 1335, 1372, 1390, 1420, 1455, 1457, 1475, 1520, 1527, 1572, 1576, 1622, 1659, 1680, 1706, 1716, 1761, 1770, 1830, 1838, 1858, 1875, 1887, 1899, 1928, 1930, 1934, 1945, 2007, 2053, 2086, 2107, 2126, 2152, 2158, 2161, 2192, 2220, 2222, 2224, 2245, 2310, 2326, 2340, 2368, 2370, 2382, 2403, 2405, 2427, 2429, 2432, 2434, 2441, 2484, 2509, 2559, 2685, 2758, 2765, 2785, 2800, 2870, 2879, 2980, 3012, 3074, 3084, 3086, 3088, 3154, 3186, 3280, 3308, 3310, 3348, 3379, 3386, 3407, 3414, 3419, 3427, 3526, 3530, 3548, 3601, 3606, 3632, 3665, 3669, 3726, 3757, 3759, 3796, 3829, 3848, 3860, 3865, 3889, 3905, 3965, 4056, 4089, 4114, 4127, 4131, 4155, 4198, 4203, 4205, 4285, 4287, 4307, 4372, 4376, 4438, 4465, 4501, 4505, 4508, 4525, 4601, 4678, 4706, 4729, 4754, 4798, 4831, 4875, 4957, 5010, 5023, 5041, 5071, 5073, 5094, 5164, 5207, 5217, 5238, 5248, 5291, 5341, 5359, 5383, 5436, 5445, 5479, 5499, 5507, 5517, 5524, 5554, 5564, 5588, 5592, 5607, 5669, 5681, 5724, 5763, 5768, 5773, 5792, 5806, 5818, 5831, 5852, 5855, 5913, 5922, 5946, 6022, 6026, 6092, 6205, 6220, 6252, 6278, 6430, 6513, 6523, 6531, 6642, 6649, 6675, 6680, 6687, 6703, 6733, 6740, 6770, 6778, 6848, 6870, 6913, 6927, 6941, 7025, 7027, 7068, 7132, 7180, 7194, 7208, 7210, 7212, 7219, 7309, 7346, 7382, 7390, 7419, 7438, 7446, 7483, 7494, 7501, 7527, 7553, 7562, 7567, 7591, 7608, 7627, 7670, 7708, 7741, 7832, 7847, 7852, 7866, 7870, 7878, 7884, 7896, 7968, 7970, 7973, 8002, 8018, 8082, 8102, 8118, 8171, 8195, 8206, 8216, 8247, 8271, 8273, 8275, 8280, 8300, 8320, 8333, 8353, 8364, 8375, 8419, 8478, 8484, 8486, 8531, 8536, 8538, 8543, 8546, 8563, 8584, 8590, 8592, 8602, 8605, 8612, 8625, 8656, 8678, 8699, 8707, 8724, 8735, 8749]","[1630, 5244, 6836]",8757,339,8418,3,336,8418,0
-1.5,MMU04056,"[30, 35, 148, 186, 217, 221, 231, 233, 265, 300, 308, 321, 387, 398, 494, 564, 576, 588, 673, 705, 781, 800, 816, 832, 882, 901, 936, 943, 948, 1000, 1007, 1016, 1027, 1060, 1145, 1227, 1285, 1287, 1324, 1326, 1331, 1349, 1359, 1382, 1410, 1437, 1441, 1450, 1456, 1461, 1465, 1472, 1479, 1494, 1497, 1500, 1502, 1506, 1508, 1513, 1567, 1644, 1730, 1741, 1752, 1781, 1800, 1804, 1807, 1823, 1833, 1836, 1857, 1861, 1865, 1869, 1919, 1983, 1999, 2046, 2088, 2098, 2108, 2113, 2135, 2183, 2198, 2249, 2256, 2304, 2309, 2336, 2377, 2388, 2405, 2418, 2480, 2490, 2509, 2580, 2583, 2600, 2602, 2609, 2620, 2667, 2698, 2711, 2747, 2808, 2841, 2861, 2875, 2886, 2891, 2902, 2906, 2960, 3028, 3055, 3068, 3081, 3108, 3131, 3156, 3162, 3166, 3178, 3201, 3291, 3362, 3470, 3492, 3508, 3530, 3534, 3536, 3555, 3568, 3632, 3721, 3725, 3755, 3802, 3816, 3849, 3937, 3942, 3992, 4001, 4012, 4059, 4069, 4075, 4082, 4137, 4176, 4185, 4188, 4210, 4222, 4225, 4247, 4254, 4296, 4327, 4360, 4381, 4409, 4443, 4524, 4529, 4537, 4585, 4594, 4624, 4688, 4708, 4769, 4773, 4799, 4818, 4829, 4847, 4854, 4856, 4883, 4941, 4986, 4993, 5036, 5063, 5071, 5075, 5105, 5125, 5127, 5164, 5218, 5254, 5257, 5271, 5315, 5323, 5413, 5421, 5453, 5459, 5480, 5524, 5560, 5580, 5594, 5614, 5625, 5656, 5659, 5717, 5738, 5772, 5809, 5861, 5892, 5936, 5988, 6015, 6020, 6033, 6067, 6069, 6114, 6166, 6188, 6211, 6218, 6247, 6264, 6313, 6345, 6361, 6372, 6401, 6421, 6466, 6477, 6538, 6556, 6661, 6705, 6720, 6725, 6772, 6793, 6808, 6865, 6877, 7022, 7032, 7055, 7071, 7075, 7081, 7090, 7101, 7111, 7149, 7199, 7203, 7225, 7241, 7308, 7352, 7452, 7472, 7485, 7535, 7544, 7586, 7595, 7683, 7687, 7696, 7703, 7710, 7717, 7729, 7747, 7868, 7974, 7979, 8044, 8069, 8219, 8222, 8247, 8269, 8311, 8316, 8351, 8372, 8388, 8419, 8492, 8501, 8602, 8620, 8625, 8628, 8633, 8649, 8664, 8668, 8680, 8732, 8789, 8802, 8830, 8844, 8871, 8883, 8895, 9012, 9024, 9132, 9187, 9204, 9216, 9227, 9292, 9306, 9346, 9386, 9485, 9517, 9521, 9601, 9605, 9630, 9648, 9786, 9788, 9807, 9821, 9869, 9894, 9960, 9973, 9984, 10017, 10161, 10200, 10210, 10218, 10229, 10246, 10271, 10273, 10288, 10292, 10294, 10317, 10339, 10350, 10357, 10371, 10400, 10588, 10593, 10595, 10604, 10632, 10658, 10665, 10720, 10736, 10744, 10766, 10794, 10799, 10814, 10822, 10876, 10914, 10921, 10928, 10989, 10998, 11002, 11005, 11010, 11029, 11049, 11083, 11156, 11167, 11171, 11208, 11214, 11259, 11272, 11336, 11338, 11354, 11385, 11391, 11402, 11429, 11441, 11449, 11473, 11521, 11533, 11552, 11554, 11560, 11578, 11623, 11649, 11696, 11702, 11737, 11758, 11778, 11797, 11923, 11983, 11988, 11994, 12003, 12036, 12057, 12068, 12070, 12075, 12088, 12101, 12132, 12156, 12159, 12166, 12175, 12200, 12211, 12323, 12356, 12375, 12380, 12400, 12407, 12437, 12484, 12668, 12726, 12755, 12804, 12859, 12967, 12986, 13012, 13028, 13038, 13049, 13103, 13109, 13112, 13152, 13163, 13211, 13264, 13278, 13335, 13344, 13355, 13391, 13400, 13420, 13446, 13491, 13532, 13557, 13585, 13625, 13693, 13709, 13712, 13741, 13776, 13840, 13877, 13910, 13922, 13933, 13953, 13963, 14002, 14039, 14051, 14065, 14104, 14156, 14197, 14226, 14264, 14270, 14278, 14295, 14297, 14361, 14366, 14394, 14448, 14471, 14473, 14478, 14483, 14531, 14536, 14546, 14615, 14633, 14639, 14645, 14656, 14689, 14723, 14751, 14800, 14811, 14857, 14879, 14896, 14943, 15011, 15109, 15159, 15185, 15214, 15233, 15246, 15270, 15274, 15279, 15341, 15365, 15369, 15374, 15379, 15417, 15421, 15502, 15506, 15521, 15545, 15560, 15620, 15643, 15651, 15709, 15745, 15763, 15770, 15799, 15804, 15813, 15870, 15874, 15878, 15889, 15891, 15895, 15901, 15904, 15936, 15942, 15971, 15988, 15993, 15997, 16041, 16068, 16140, 16157, 16207, 16230, 16234, 16252, 16271, 16281, 16287, 16295, 16316, 16324, 16334, 16336, 16348, 16352, 16396, 16447, 16469, 16561, 16571, 16618, 16624, 16632, 16634, 16646, 16662, 16710, 16734, 16742, 16776, 16843, 16902, 16986, 16994, 17007, 17017, 17055, 17149, 17151, 17167, 17174, 17176, 17238, 17245, 17280, 17282, 17330, 17360, 17376, 17381, 17393, 17421, 17434, 17452, 17462, 17477, 17554, 17571, 17699, 17701, 17721, 17730, 17760, 17765, 17805, 17816, 17822, 17826, 17836, 17919, 17929, 17972, 17992, 18049, 18100, 18104, 18140, 18168, 18223, 18245, 18289, 18353, 18423, 18429, 18436, 18443, 18469, 18477, 18480, 18578, 18638, 18646, 18650, 18654, 18658, 18662, 18678, 18688, 18691, 18696, 18717, 18768, 18785, 18818, 18839, 18876, 18922, 18954, 18971, 19138, 19141, 19147, 19243, 19249, 19273, 19334, 19368, 19380, 19388, 19460, 19491, 19505, 19520, 19569, 19584, 19638, 19687, 19691, 19720, 19747, 19750, 19802, 19814, 19830, 19832, 19839, 19849, 19851, 19860, 19864, 19901, 19922, 19934, 20025, 20062, 20066, 20071, 20077, 20120, 20131, 20135, 20144, 20209, 20217, 20231, 20243, 20285, 20292, 20296, 20314, 20329, 20345, 20349, 20352, 20354, 20413, 20448, 20501, 20518, 20531, 20548, 20578, 20597, 20602, 20615, 20618, 20633, 20635, 20641, 20669, 20681, 20707, 20750, 20774, 20780, 20788, 20804, 20925, 20927, 20937, 20966, 20979, 20991, 21080, 21133, 21155, 21171, 21185, 21189, 21204, 21210, 21221, 21238, 21351, 21371, 21385, 21392, 21396, 21398, 21400, 21405, 21416, 21423, 21514, 21527, 21556, 21562, 21579, 21588, 21625, 21633, 21640, 21650, 21653, 21691, 21706, 21708]","[1382, 3530, 4688, 7979, 8895, 10317, 10876, 11259, 12211, 13491, 16230, 16561]","[30, 35, 148, 186, 217, 221, 231, 233, 265, 300, 308, 321, 387, 398, 494, 564, 576, 588, 673, 705, 781, 800, 816, 832, 882, 901, 936, 943, 948, 1000, 1007, 1016, 1027, 1060, 1145, 1227, 1285, 1287, 1324, 1326, 1331, 1349, 1359, 1410, 1437, 1441, 1450, 1456, 1461, 1465, 1472, 1479, 1494, 1497, 1500, 1502, 1506, 1508, 1513, 1567, 1644, 1730, 1741, 1752, 1781, 1800, 1804, 1807, 1823, 1833, 1836, 1857, 1861, 1865, 1869, 1919, 1983, 1999, 2046, 2088, 2098, 2108, 2113, 2135, 2183, 2198, 2249, 2256, 2304, 2309, 2336, 2377, 2388, 2405, 2418, 2480, 2490, 2509, 2580, 2583, 2600, 2602, 2609, 2620, 2667, 2698, 2711, 2747, 2808, 2841, 2861, 2875, 2886, 2891, 2902, 2906, 2960, 3028, 3055, 3068, 3081, 3108, 3131, 3156, 3162, 3166, 3178, 3201, 3291, 3362, 3470, 3492, 3508, 3534, 3536, 3555, 3568, 3632, 3721, 3725, 3755, 3802, 3816, 3849, 3937, 3942, 3992, 4001, 4012, 4059, 4069, 4075, 4082, 4137, 4176, 4185, 4188, 4210, 4222, 4225, 4247, 4254, 4296, 4327, 4360, 4381, 4409, 4443, 4524, 4529, 4537, 4585, 4594, 4624, 4708, 4769, 4773, 4799, 4818, 4829, 4847, 4854, 4856, 4883, 4941, 4986, 4993, 5036, 5063, 5071, 5075, 5105, 5125, 5127, 5164, 5218, 5254, 5257, 5271, 5315, 5323, 5413, 5421, 5453, 5459, 5480, 5524, 5560, 5580, 5594, 5614, 5625, 5656, 5659, 5717, 5738, 5772, 5809, 5861, 5892, 5936, 5988, 6015, 6020, 6033, 6067, 6069, 6114, 6166, 6188, 6211, 6218, 6247, 6264, 6313, 6345, 6361, 6372, 6401, 6421, 6466, 6477, 6538, 6556, 6661, 6705, 6720, 6725, 6772, 6793, 6808, 6865, 6877, 7022, 7032, 7055, 7071, 7075, 7081, 7090, 7101, 7111, 7149, 7199, 7203, 7225, 7241, 7308, 7352, 7452, 7472, 7485, 7535, 7544, 7586, 7595, 7683, 7687, 7696, 7703, 7710, 7717, 7729, 7747, 7868, 7974, 8044, 8069, 8219, 8222, 8247, 8269, 8311, 8316, 8351, 8372, 8388, 8419, 8492, 8501, 8602, 8620, 8625, 8628, 8633, 8649, 8664, 8668, 8680, 8732, 8789, 8802, 8830, 8844, 8871, 8883, 9012, 9024, 9132, 9187, 9204, 9216, 9227, 9292, 9306, 9346, 9386, 9485, 9517, 9521, 9601, 9605, 9630, 9648, 9786, 9788, 9807, 9821, 9869, 9894, 9960, 9973, 9984, 10017, 10161, 10200, 10210, 10218, 10229, 10246, 10271, 10273, 10288, 10292, 10294, 10339, 10350, 10357, 10371, 10400, 10588, 10593, 10595, 10604, 10632, 10658, 10665, 10720, 10736, 10744, 10766, 10794, 10799, 10814, 10822, 10914, 10921, 10928, 10989, 10998, 11002, 11005, 11010, 11029, 11049, 11083, 11156, 11167, 11171, 11208, 11214, 11272, 11336, 11338, 11354, 11385, 11391, 11402, 11429, 11441, 11449, 11473, 11521, 11533, 11552, 11554, 11560, 11578, 11623, 11649, 11696, 11702, 11737, 11758, 11778, 11797, 11923, 11983, 11988, 11994, 12003, 12036, 12057, 12068, 12070, 12075, 12088, 12101, 12132, 12156, 12159, 12166, 12175, 12200, 12323, 12356, 12375, 12380, 12400, 12407, 12437, 12484, 12668, 12726, 12755, 12804, 12859, 12967, 12986, 13012, 13028, 13038, 13049, 13103, 13109, 13112, 13152, 13163, 13211, 13264, 13278, 13335, 13344, 13355, 13391, 13400, 13420, 13446, 13532, 13557, 13585, 13625, 13693, 13709, 13712, 13741, 13776, 13840, 13877, 13910, 13922, 13933, 13953, 13963, 14002, 14039, 14051, 14065, 14104, 14156, 14197, 14226, 14264, 14270, 14278, 14295, 14297, 14361, 14366, 14394, 14448, 14471, 14473, 14478, 14483, 14531, 14536, 14546, 14615, 14633, 14639, 14645, 14656, 14689, 14723, 14751, 14800, 14811, 14857, 14879, 14896, 14943, 15011, 15109, 15159, 15185, 15214, 15233, 15246, 15270, 15274, 15279, 15341, 15365, 15369, 15374, 15379, 15417, 15421, 15502, 15506, 15521, 15545, 15560, 15620, 15643, 15651, 15709, 15745, 15763, 15770, 15799, 15804, 15813, 15870, 15874, 15878, 15889, 15891, 15895, 15901, 15904, 15936, 15942, 15971, 15988, 15993, 15997, 16041, 16068, 16140, 16157, 16207, 16234, 16252, 16271, 16281, 16287, 16295, 16316, 16324, 16334, 16336, 16348, 16352, 16396, 16447, 16469, 16571, 16618, 16624, 16632, 16634, 16646, 16662, 16710, 16734, 16742, 16776, 16843, 16902, 16986, 16994, 17007, 17017, 17055, 17149, 17151, 17167, 17174, 17176, 17238, 17245, 17280, 17282, 17330, 17360, 17376, 17381, 17393, 17421, 17434, 17452, 17462, 17477, 17554, 17571, 17699, 17701, 17721, 17730, 17760, 17765, 17805, 17816, 17822, 17826, 17836, 17919, 17929, 17972, 17992, 18049, 18100, 18104, 18140, 18168, 18223, 18245, 18289, 18353, 18423, 18429, 18436, 18443, 18469, 18477, 18480, 18578, 18638, 18646, 18650, 18654, 18658, 18662, 18678, 18688, 18691, 18696, 18717, 18768, 18785, 18818, 18839, 18876, 18922, 18954, 18971, 19138, 19141, 19147, 19243, 19249, 19273, 19334, 19368, 19380, 19388, 19460, 19491, 19505, 19520, 19569, 19584, 19638, 19687, 19691, 19720, 19747, 19750, 19802, 19814, 19830, 19832, 19839, 19849, 19851, 19860, 19864, 19901, 19922, 19934, 20025, 20062, 20066, 20071, 20077, 20120, 20131, 20135, 20144, 20209, 20217, 20231, 20243, 20285, 20292, 20296, 20314, 20329, 20345, 20349, 20352, 20354, 20413, 20448, 20501, 20518, 20531, 20548, 20578, 20597, 20602, 20615, 20618, 20633, 20635, 20641, 20669, 20681, 20707, 20750, 20774, 20780, 20788, 20804, 20925, 20927, 20937, 20966, 20979, 20991, 21080, 21133, 21155, 21171, 21185, 21189, 21204, 21210, 21221, 21238, 21351, 21371, 21385, 21392, 21396, 21398, 21400, 21405, 21416, 21423, 21514, 21527, 21556, 21562, 21579, 21588, 21625, 21633, 21640, 21650, 21653, 21691, 21706, 21708]","[1382, 3530, 4688, 7979, 8895, 10317, 10876, 11259, 12211, 13491, 16230, 16561]",21710,808,20902,12,796,20902,0
-1.5,MMU04827,"[12, 22, 30, 70, 105, 159, 192, 275, 352, 515, 554, 568, 613, 654, 670, 689, 722, 724, 729, 766, 768, 777, 834, 946, 963, 977, 1054, 1088, 1096, 1099, 1114, 1133, 1186, 1299, 1382, 1388, 1447, 1491, 1521, 1549, 1567, 1610, 1649, 1687, 1701, 1714, 1789, 1818, 1862, 1896, 1935, 1944, 1947, 1968, 1977, 1984, 2009, 2014, 2070, 2072, 2081, 2141, 2148, 2154, 2179, 2186, 2200, 2203, 2246, 2263, 2280, 2319, 2339, 2353, 2369, 2408, 2416, 2429, 2455, 2512, 2579, 2599, 2647, 2669, 2675, 2719, 2750, 2767, 2828, 2833, 2850, 2855, 2859, 2880, 2882, 2895, 2915, 2937, 2948, 2982, 2995, 3010, 3095, 3125, 3198, 3330, 3335, 3337, 3374, 3453, 3523, 3532, 3538, 3548, 3551, 3555, 3604, 3614, 3651, 3667, 3684, 3688, 3701, 3723, 3762, 3789, 3809, 3838, 3841, 3894, 3903, 3914, 3933, 3941, 3951, 3973, 3978, 3993, 4039, 4110, 4131, 4140, 4155, 4165, 4174, 4182, 4185, 4244, 4276, 4281, 4301, 4407, 4415, 4418, 4434, 4504, 4583, 4616, 4628, 4653, 4670, 4728, 4743, 4764, 4769, 4803, 4814, 4821, 4866, 4870, 4873, 4878, 4903, 4911, 4934, 4963, 4969, 4983, 5129, 5174, 5184, 5221, 5223, 5225, 5227, 5237, 5240, 5254, 5286, 5338, 5354, 5374, 5422, 5444, 5470, 5538, 5607, 5628, 5666, 5675, 5702, 5709, 5753, 5771, 5806, 5820, 5846, 5853, 5944, 6008, 6011, 6072, 6091, 6098, 6126, 6145, 6164, 6217, 6223, 6237, 6300, 6328, 6399, 6437, 6575, 6678, 6685, 6692, 6753, 6805, 6823, 6846, 6860, 6871, 6873, 6879, 6902, 7066, 7084, 7111, 7133, 7149, 7154, 7161, 7252, 7265, 7281, 7285, 7291, 7328, 7359, 7369, 7383, 7399, 7445, 7474, 7509, 7519, 7579, 7592]","[3684, 4281, 4969]","[12, 22, 30, 70, 105, 159, 192, 275, 352, 515, 554, 568, 613, 654, 670, 689, 722, 724, 729, 766, 768, 777, 834, 946, 963, 977, 1054, 1088, 1096, 1099, 1114, 1133, 1186, 1299, 1382, 1388, 1447, 1491, 1521, 1549, 1567, 1610, 1649, 1687, 1701, 1714, 1789, 1818, 1862, 1896, 1935, 1944, 1947, 1968, 1977, 1984, 2009, 2014, 2070, 2072, 2081, 2141, 2148, 2154, 2179, 2186, 2200, 2203, 2246, 2263, 2280, 2319, 2339, 2353, 2369, 2408, 2416, 2429, 2455, 2512, 2579, 2599, 2647, 2669, 2675, 2719, 2750, 2767, 2828, 2833, 2850, 2855, 2859, 2880, 2882, 2895, 2915, 2937, 2948, 2982, 2995, 3010, 3095, 3125, 3198, 3330, 3335, 3337, 3374, 3453, 3523, 3532, 3538, 3548, 3551, 3555, 3604, 3614, 3651, 3667, 3688, 3701, 3723, 3762, 3789, 3809, 3838, 3841, 3894, 3903, 3914, 3933, 3941, 3951, 3973, 3978, 3993, 4039, 4110, 4131, 4140, 4155, 4165, 4174, 4182, 4185, 4244, 4276, 4301, 4407, 4415, 4418, 4434, 4504, 4583, 4616, 4628, 4653, 4670, 4728, 4743, 4764, 4769, 4803, 4814, 4821, 4866, 4870, 4873, 4878, 4903, 4911, 4934, 4963, 4983, 5129, 5174, 5184, 5221, 5223, 5225, 5227, 5237, 5240, 5254, 5286, 5338, 5354, 5374, 5422, 5444, 5470, 5538, 5607, 5628, 5666, 5675, 5702, 5709, 5753, 5771, 5806, 5820, 5846, 5853, 5944, 6008, 6011, 6072, 6091, 6098, 6126, 6145, 6164, 6217, 6223, 6237, 6300, 6328, 6399, 6437, 6575, 6678, 6685, 6692, 6753, 6805, 6823, 6846, 6860, 6871, 6873, 6879, 6902, 7066, 7084, 7111, 7133, 7149, 7154, 7161, 7252, 7265, 7281, 7285, 7291, 7328, 7359, 7369, 7383, 7399, 7445, 7474, 7509, 7519, 7579, 7592]","[3684, 4281, 4969]",7600,260,7340,3,257,7340,0
-1.5,MMU07568,"[84, 93, 221, 248, 253, 267, 282, 304, 330, 355, 361, 367, 372, 419, 452, 455, 482, 514, 527, 531, 548, 638, 659, 721]","[84, 267, 482]","[93, 221, 248, 253, 282, 304, 330, 355, 361, 367, 372, 419, 452, 455, 514, 527, 531, 548, 638, 659, 721]","[84, 267, 482]",743,24,719,3,21,719,0
-1.5,MMU07808,"[61, 65, 101, 111, 151, 156, 170, 183, 198, 277, 302, 317, 329, 331, 354, 404, 425, 500, 513, 515, 524, 542, 547, 584, 662, 664, 673, 677, 690, 731, 753, 768, 777, 799, 820, 824, 829, 834, 856, 866, 870, 876, 883, 934, 953, 961, 987, 1019, 1062, 1081, 1087, 1143, 1177, 1179, 1208, 1225, 1256, 1273, 1302, 1311, 1318, 1327, 1331, 1352, 1361, 1397, 1430, 1461, 1513, 1586, 1592, 1679, 1691, 1697, 1701, 1706, 1731, 1756, 1762, 1771, 1792, 1798, 1883, 1897, 1903, 1918, 1935, 1941, 1979, 1988, 2049, 2090, 2112, 2114, 2133, 2203, 2210, 2212, 2239, 2249, 2302, 2313, 2321, 2338, 2350, 2363, 2365, 2384, 2395, 2409, 2433, 2438, 2448, 2540, 2579, 2634, 2757]","[673, 1697]","[61, 65, 101, 111, 151, 156, 170, 183, 198, 277, 302, 317, 329, 331, 354, 404, 425, 500, 513, 515, 524, 542, 547, 584, 662, 664, 677, 690, 731, 753, 768, 777, 799, 820, 824, 829, 834, 856, 866, 870, 876, 883, 934, 953, 961, 987, 1019, 1062, 1081, 1087, 1143, 1177, 1179, 1208, 1225, 1256, 1273, 1302, 1311, 1318, 1327, 1331, 1352, 1361, 1397, 1430, 1461, 1513, 1586, 1592, 1679, 1691, 1701, 1706, 1731, 1756, 1762, 1771, 1792, 1798, 1883, 1897, 1903, 1918, 1935, 1941, 1979, 1988, 2049, 2090, 2112, 2114, 2133, 2203, 2210, 2212, 2239, 2249, 2302, 2313, 2321, 2338, 2350, 2363, 2365, 2384, 2395, 2409, 2433, 2438, 2448, 2540, 2579, 2634, 2757]","[673, 1697]",2840,117,2723,2,115,2723,0
-1.5,MMU09741,"[81, 89, 135, 180, 182, 191, 196, 207, 224, 233, 239, 245, 447, 456, 470, 480, 507, 511, 586, 637, 654, 678, 719, 726, 749, 804, 871, 874, 881, 888, 915, 924, 936, 1045, 1049, 1065, 1076, 1094, 1108, 1133, 1152, 1187, 1230, 1234, 1249, 1251, 1274, 1293, 1295, 1318, 1327, 1366, 1396, 1426, 1448, 1488, 1497, 1518, 1530, 1537, 1589, 1655, 1664, 1679, 1694, 1724, 1749, 1894, 1925, 1930, 1975, 1982, 2000, 2034, 2061, 2090, 2116, 2159, 2174, 2182, 2213, 2240, 2257, 2300, 2306, 2313, 2364, 2383, 2432, 2434, 2441, 2446, 2510, 2517, 2520, 2527, 2568, 2673, 2675, 2700, 2727, 2729, 2754, 2774, 2800]","[245, 1230]","[81, 89, 135, 180, 182, 191, 196, 207, 224, 233, 239, 447, 456, 470, 480, 507, 511, 586, 637, 654, 678, 719, 726, 749, 804, 871, 874, 881, 888, 915, 924, 936, 1045, 1049, 1065, 1076, 1094, 1108, 1133, 1152, 1187, 1234, 1249, 1251, 1274, 1293, 1295, 1318, 1327, 1366, 1396, 1426, 1448, 1488, 1497, 1518, 1530, 1537, 1589, 1655, 1664, 1679, 1694, 1724, 1749, 1894, 1925, 1930, 1975, 1982, 2000, 2034, 2061, 2090, 2116, 2159, 2174, 2182, 2213, 2240, 2257, 2300, 2306, 2313, 2364, 2383, 2432, 2434, 2441, 2446, 2510, 2517, 2520, 2527, 2568, 2673, 2675, 2700, 2727, 2729, 2754, 2774, 2800]","[245, 1230]",2844,105,2739,2,103,2739,0
-1.5,MMU09964,"[16, 26, 30, 34, 36, 45, 49, 55, 114, 126, 130, 157, 187, 234, 252, 258, 262, 295, 311, 315, 321, 341, 366, 375, 433, 450, 462, 510, 514, 589, 772, 776, 778, 780, 782, 798, 803, 807, 809, 811, 815, 857, 917, 972, 976, 981, 1017, 1142, 1263, 1295, 1299, 1303, 1305, 1350, 1584, 1594, 1629, 1631, 1640, 1644, 1666, 1684, 1686, 1712, 1722, 1749, 1754, 1767, 1821, 1873, 1881, 1886, 1968, 1980, 1987, 1995, 2012, 2015, 2044, 2091, 2115, 2181, 2187, 2233, 2311, 2317, 2321, 2323, 2375, 2383, 2397, 2410, 2463, 2490, 2501, 2522, 2587, 2621, 2671, 2680, 2693, 2697, 2703, 2720, 2730, 2732, 2748, 2758, 2792, 2908, 2931, 2959, 2965, 2970, 2994, 2996, 3000, 3002, 3014, 3055, 3058, 3079, 3111, 3136, 3189, 3213, 3234, 3323, 3414, 3418, 3428, 3432, 3436, 3448, 3485, 3597, 3606, 3700, 3703, 3712, 3779, 3796, 3879, 3933, 3968, 3970, 3976, 4075, 4102, 4126, 4162, 4220, 4223, 4228, 4237, 4261, 4264, 4270, 4303, 4348, 4359, 4435, 4450, 4500, 4531, 4548, 4598, 4604, 4607, 4620, 4657, 4675, 4686, 4736, 4746, 4751, 4764, 4772, 4788, 4799, 4906, 4955, 4962, 4964, 5011, 5091, 5122, 5124, 5134, 5146, 5148, 5153, 5155, 5161, 5163, 5211, 5251, 5264, 5298, 5313, 5375, 5377, 5385, 5436, 5447, 5457, 5478, 5507, 5561, 5605, 5615, 5622, 5652, 5667, 5697, 5708, 5726, 5730, 5747, 5751, 5754, 5758, 5765, 5793, 5816, 5820, 5824, 5828, 5832, 5836, 5840, 5844, 5848, 5956, 5977, 5990, 6038, 6084, 6090, 6094, 6173, 6176, 6200, 6240, 6272, 6305, 6335, 6412, 6447, 6451, 6460, 6499, 6524, 6528, 6566, 6595, 6600, 6612, 6682, 6738, 6741, 6745, 6753, 6761, 6764, 6819, 6821, 6856, 6866, 6890, 7030, 7044, 7062, 7096, 7151, 7168, 7179, 7198, 7202, 7221, 7224, 7230, 7232, 7238, 7247, 7275, 7292, 7298, 7423, 7434, 7462, 7464, 7492, 7497, 7500, 7525, 7533, 7600, 7605, 7612, 7618, 7624, 7635, 7644, 7667, 7669, 7675, 7695, 7716, 7718, 7760, 7764, 7917, 7920, 7927, 7962, 7966, 7976, 8004, 8007, 8028, 8059, 8068, 8070, 8073, 8076, 8105, 8118, 8157, 8162, 8192, 8196, 8221, 8305, 8334, 8339, 8362, 8372, 8445, 8455, 8460, 8466, 8469, 8479, 8530, 8562, 8586, 8601, 8605, 8709, 8720, 8727, 8740, 8743, 8749, 8752, 8755, 8764, 8788, 8818, 8821, 8848, 8901, 8932, 8988, 8997, 9017, 9021, 9044, 9099, 9173, 9188, 9190, 9254, 9311, 9337, 9417, 9505, 9523, 9576, 9586, 9595, 9730, 9733, 9743, 9788, 9898, 9930, 9932, 9952, 9964, 9980, 10001, 10030, 10059, 10074, 10104, 10126, 10139, 10183, 10213, 10215, 10219, 10254, 10273, 10299, 10304, 10311, 10326, 10328, 10332, 10357, 10363, 10372, 10378, 10429, 10434, 10486, 10569, 10580, 10615, 10632, 10673, 10684, 10697, 10709, 10712, 10720, 10726, 10777, 10780, 10858, 10875, 10901, 10934, 10937, 10944, 10991, 11017, 11050, 11054, 11060, 11127, 11153, 11186, 11190, 11196, 11246, 11269, 11277, 11280, 11300, 11315, 11356, 11396]","[1968, 3428, 4303, 4607, 7962, 8162, 8601, 9017, 9311, 10875]","[16, 26, 30, 34, 36, 45, 49, 55, 114, 126, 130, 157, 187, 234, 252, 258, 262, 295, 311, 315, 321, 341, 366, 375, 433, 450, 462, 510, 514, 589, 772, 776, 778, 780, 782, 798, 803, 807, 809, 811, 815, 857, 917, 972, 976, 981, 1017, 1142, 1263, 1295, 1299, 1303, 1305, 1350, 1584, 1594, 1629, 1631, 1640, 1644, 1666, 1684, 1686, 1712, 1722, 1749, 1754, 1767, 1821, 1873, 1881, 1886, 1980, 1987, 1995, 2012, 2015, 2044, 2091, 2115, 2181, 2187, 2233, 2311, 2317, 2321, 2323, 2375, 2383, 2397, 2410, 2463, 2490, 2501, 2522, 2587, 2621, 2671, 2680, 2693, 2697, 2703, 2720, 2730, 2732, 2748, 2758, 2792, 2908, 2931, 2959, 2965, 2970, 2994, 2996, 3000, 3002, 3014, 3055, 3058, 3079, 3111, 3136, 3189, 3213, 3234, 3323, 3414, 3418, 3432, 3436, 3448, 3485, 3597, 3606, 3700, 3703, 3712, 3779, 3796, 3879, 3933, 3968, 3970, 3976, 4075, 4102, 4126, 4162, 4220, 4223, 4228, 4237, 4261, 4264, 4270, 4348, 4359, 4435, 4450, 4500, 4531, 4548, 4598, 4604, 4620, 4657, 4675, 4686, 4736, 4746, 4751, 4764, 4772, 4788, 4799, 4906, 4955, 4962, 4964, 5011, 5091, 5122, 5124, 5134, 5146, 5148, 5153, 5155, 5161, 5163, 5211, 5251, 5264, 5298, 5313, 5375, 5377, 5385, 5436, 5447, 5457, 5478, 5507, 5561, 5605, 5615, 5622, 5652, 5667, 5697, 5708, 5726, 5730, 5747, 5751, 5754, 5758, 5765, 5793, 5816, 5820, 5824, 5828, 5832, 5836, 5840, 5844, 5848, 5956, 5977, 5990, 6038, 6084, 6090, 6094, 6173, 6176, 6200, 6240, 6272, 6305, 6335, 6412, 6447, 6451, 6460, 6499, 6524, 6528, 6566, 6595, 6600, 6612, 6682, 6738, 6741, 6745, 6753, 6761, 6764, 6819, 6821, 6856, 6866, 6890, 7030, 7044, 7062, 7096, 7151, 7168, 7179, 7198, 7202, 7221, 7224, 7230, 7232, 7238, 7247, 7275, 7292, 7298, 7423, 7434, 7462, 7464, 7492, 7497, 7500, 7525, 7533, 7600, 7605, 7612, 7618, 7624, 7635, 7644, 7667, 7669, 7675, 7695, 7716, 7718, 7760, 7764, 7917, 7920, 7927, 7966, 7976, 8004, 8007, 8028, 8059, 8068, 8070, 8073, 8076, 8105, 8118, 8157, 8192, 8196, 8221, 8305, 8334, 8339, 8362, 8372, 8445, 8455, 8460, 8466, 8469, 8479, 8530, 8562, 8586, 8605, 8709, 8720, 8727, 8740, 8743, 8749, 8752, 8755, 8764, 8788, 8818, 8821, 8848, 8901, 8932, 8988, 8997, 9021, 9044, 9099, 9173, 9188, 9190, 9254, 9337, 9417, 9505, 9523, 9576, 9586, 9595, 9730, 9733, 9743, 9788, 9898, 9930, 9932, 9952, 9964, 9980, 10001, 10030, 10059, 10074, 10104, 10126, 10139, 10183, 10213, 10215, 10219, 10254, 10273, 10299, 10304, 10311, 10326, 10328, 10332, 10357, 10363, 10372, 10378, 10429, 10434, 10486, 10569, 10580, 10615, 10632, 10673, 10684, 10697, 10709, 10712, 10720, 10726, 10777, 10780, 10858, 10901, 10934, 10937, 10944, 10991, 11017, 11050, 11054, 11060, 11127, 11153, 11186, 11190, 11196, 11246, 11269, 11277, 11280, 11300, 11315, 11356, 11396]","[1968, 3428, 4303, 4607, 7962, 8162, 8601, 9017, 9311, 10875]",11454,455,10999,10,445,10999,0
-1.5,MMU10098,"[26, 70, 113, 175, 178, 196, 204, 226, 245, 309, 372, 392, 464, 472, 489, 517, 551, 566, 593, 613, 695, 757, 805, 844, 865, 871, 881, 889, 916, 996, 1034, 1074, 1085, 1098, 1106, 1130, 1152, 1155, 1165, 1173, 1206, 1249, 1297, 1322, 1383, 1425, 1436, 1440, 1485, 1491, 1575, 1591, 1622, 1624, 1628, 1632, 1634, 1660, 1673, 1753, 1767, 1773, 1781, 1823, 1858, 1877, 1885, 1893, 1905, 1908, 1920, 1930, 1956, 1960, 1967, 2006, 2016, 2023, 2025, 2079, 2081, 2089, 2108, 2113, 2117, 2123, 2135, 2158, 2200, 2235, 2285, 2378, 2398, 2406, 2408, 2410, 2449, 2537, 2552, 2572, 2584, 2588, 2596, 2604, 2618, 2692, 2722, 2726, 2746, 2755, 2757, 2783, 2877, 2907, 2909, 2911, 2957, 2983, 2985, 3012, 3020, 3022, 3043, 3145, 3149, 3153, 3192, 3213, 3262, 3266, 3270, 3312, 3325, 3329, 3345, 3347, 3353, 3391, 3398, 3407, 3425, 3447, 3509, 3513, 3540, 3552, 3562, 3583, 3585, 3596, 3620, 3733, 3821, 3834, 3850, 3862, 3873, 3879, 3935, 3962, 3974, 3982, 4067, 4088, 4093, 4179, 4222, 4226, 4241, 4312, 4406, 4442, 4469, 4473, 4490, 4512, 4558, 4607, 4659, 4661, 4663, 4665, 4667, 4669, 4671, 4673, 4675, 4677, 4679, 4681, 4683, 4685, 4687, 4689, 4691, 4693, 4695, 4697, 4699, 4796, 4803, 4814, 4911, 4929, 4957, 4992, 4995, 5053, 5063, 5084, 5141, 5143, 5160, 5166, 5174, 5222, 5244, 5270, 5292, 5313, 5320, 5352, 5360, 5382, 5397, 5406, 5415, 5442, 5444, 5452, 5457, 5469, 5476, 5483, 5511, 5522, 5528, 5530, 5535, 5539, 5565, 5567, 5569, 5581, 5593, 5609, 5650, 5695, 5728, 5756, 5793, 5812, 5816, 5826, 5843, 5852, 5995, 5997, 5999, 6017, 6057, 6090]","[1173, 3509]","[26, 70, 113, 175, 178, 196, 204, 226, 245, 309, 372, 392, 464, 472, 489, 517, 551, 566, 593, 613, 695, 757, 805, 844, 865, 871, 881, 889, 916, 996, 1034, 1074, 1085, 1098, 1106, 1130, 1152, 1155, 1165, 1206, 1249, 1297, 1322, 1383, 1425, 1436, 1440, 1485, 1491, 1575, 1591, 1622, 1624, 1628, 1632, 1634, 1660, 1673, 1753, 1767, 1773, 1781, 1823, 1858, 1877, 1885, 1893, 1905, 1908, 1920, 1930, 1956, 1960, 1967, 2006, 2016, 2023, 2025, 2079, 2081, 2089, 2108, 2113, 2117, 2123, 2135, 2158, 2200, 2235, 2285, 2378, 2398, 2406, 2408, 2410, 2449, 2537, 2552, 2572, 2584, 2588, 2596, 2604, 2618, 2692, 2722, 2726, 2746, 2755, 2757, 2783, 2877, 2907, 2909, 2911, 2957, 2983, 2985, 3012, 3020, 3022, 3043, 3145, 3149, 3153, 3192, 3213, 3262, 3266, 3270, 3312, 3325, 3329, 3345, 3347, 3353, 3391, 3398, 3407, 3425, 3447, 3513, 3540, 3552, 3562, 3583, 3585, 3596, 3620, 3733, 3821, 3834, 3850, 3862, 3873, 3879, 3935, 3962, 3974, 3982, 4067, 4088, 4093, 4179, 4222, 4226, 4241, 4312, 4406, 4442, 4469, 4473, 4490, 4512, 4558, 4607, 4659, 4661, 4663, 4665, 4667, 4669, 4671, 4673, 4675, 4677, 4679, 4681, 4683, 4685, 4687, 4689, 4691, 4693, 4695, 4697, 4699, 4796, 4803, 4814, 4911, 4929, 4957, 4992, 4995, 5053, 5063, 5084, 5141, 5143, 5160, 5166, 5174, 5222, 5244, 5270, 5292, 5313, 5320, 5352, 5360, 5382, 5397, 5406, 5415, 5442, 5444, 5452, 5457, 5469, 5476, 5483, 5511, 5522, 5528, 5530, 5535, 5539, 5565, 5567, 5569, 5581, 5593, 5609, 5650, 5695, 5728, 5756, 5793, 5812, 5816, 5826, 5843, 5852, 5995, 5997, 5999, 6017, 6057, 6090]","[1173, 3509]",6117,262,5855,2,260,5855,0
-1.5,MMU11054,"[15, 23, 61, 185, 204, 368, 383, 389, 410, 457, 463, 486, 522, 546, 571, 582, 590, 617, 632, 689, 713, 723, 729, 751, 753, 785, 799, 921, 951, 959, 986, 1012, 1062, 1093, 1150, 1157, 1199, 1213, 1215, 1247, 1271, 1273, 1293, 1297, 1303, 1319, 1331, 1355, 1357, 1376, 1388, 1394, 1402, 1409, 1418, 1470, 1559, 1614, 1623, 1668, 1684, 1686, 1698, 1761, 1833, 1839, 1853, 1856, 1877, 1884, 1890, 1892, 1898, 1916, 1929, 1955, 1989, 1996, 2000, 2028, 2037, 2073, 2098, 2107, 2121, 2137, 2157, 2194, 2243, 2250, 2270, 2281, 2294, 2330, 2355, 2420, 2446, 2484, 2503, 2515, 2526]","[457, 1418, 1996]","[15, 23, 61, 185, 204, 368, 383, 389, 410, 463, 486, 522, 546, 571, 582, 590, 617, 632, 689, 713, 723, 729, 751, 753, 785, 799, 921, 951, 959, 986, 1012, 1062, 1093, 1150, 1157, 1199, 1213, 1215, 1247, 1271, 1273, 1293, 1297, 1303, 1319, 1331, 1355, 1357, 1376, 1388, 1394, 1402, 1409, 1470, 1559, 1614, 1623, 1668, 1684, 1686, 1698, 1761, 1833, 1839, 1853, 1856, 1877, 1884, 1890, 1892, 1898, 1916, 1929, 1955, 1989, 2000, 2028, 2037, 2073, 2098, 2107, 2121, 2137, 2157, 2194, 2243, 2250, 2270, 2281, 2294, 2330, 2355, 2420, 2446, 2484, 2503, 2515, 2526]","[457, 1418, 1996]",2564,101,2463,3,98,2463,0
-1.5,MMU11713,"[106, 164, 199, 240, 250, 288, 397, 499, 520, 544, 587, 599, 613, 634, 638, 655, 694, 702, 745, 747, 802, 808, 822, 857, 859, 941, 986, 988, 996, 1023, 1102, 1203, 1270, 1288, 1341, 1358, 1365, 1385, 1387, 1479, 1485, 1530, 1556, 1586, 1608, 1624, 1626, 1695, 1754]","[288, 634]","[106, 164, 199, 240, 250, 397, 499, 520, 544, 587, 599, 613, 638, 655, 694, 702, 745, 747, 802, 808, 822, 857, 859, 941, 986, 988, 996, 1023, 1102, 1203, 1270, 1288, 1341, 1358, 1365, 1385, 1387, 1479, 1485, 1530, 1556, 1586, 1608, 1624, 1626, 1695, 1754]","[288, 634]",1759,49,1710,2,47,1710,0
-1.5,MMU12029,"[9, 11, 17, 21, 23, 51, 56, 115, 281, 297, 312, 342, 344, 346, 350, 360, 381, 401, 414, 448, 486, 507, 518, 525, 546, 558, 577, 582, 586, 619, 643, 690, 695, 749, 809, 879, 888, 948, 1007, 1010, 1057, 1116, 1264, 1275, 1287, 1298, 1309, 1347, 1385, 1410, 1450, 1489, 1528, 1549, 1586, 1614, 1736, 1741, 1776, 1807, 1836, 1846, 1871, 1897, 1903, 1912, 1922, 1927, 1964, 1994, 2030, 2036, 2041, 2054, 2082, 2090, 2092, 2099, 2104, 2139, 2165, 2194, 2217, 2239]","[582, 1264]","[9, 11, 17, 21, 23, 51, 56, 115, 281, 297, 312, 342, 344, 346, 350, 360, 381, 401, 414, 448, 486, 507, 518, 525, 546, 558, 577, 586, 619, 643, 690, 695, 749, 809, 879, 888, 948, 1007, 1010, 1057, 1116, 1275, 1287, 1298, 1309, 1347, 1385, 1410, 1450, 1489, 1528, 1549, 1586, 1614, 1736, 1741, 1776, 1807, 1836, 1846, 1871, 1897, 1903, 1912, 1922, 1927, 1964, 1994, 2030, 2036, 2041, 2054, 2082, 2090, 2092, 2099, 2104, 2139, 2165, 2194, 2217, 2239]","[582, 1264]",2255,84,2171,2,82,2171,0
-1.5,MMU12273,"[21, 33, 38, 42, 53, 66, 71, 98, 135, 152, 155, 165, 175, 234, 247, 283, 306, 327, 353, 358, 364, 376, 384, 389, 406, 462, 496, 498, 576, 591, 675, 680, 685, 688, 705, 736, 769, 784, 797, 807, 813, 834, 857, 915, 970, 1005, 1043, 1077, 1085, 1089, 1109, 1123, 1166, 1178, 1182, 1210, 1214, 1287, 1313, 1338, 1369, 1391, 1403, 1409, 1414, 1429, 1434, 1497, 1499, 1508, 1546, 1550, 1576, 1594, 1651, 1657, 1666, 1686, 1689, 1691, 1711, 1724, 1740, 1762, 1826, 1871, 1877, 1904, 1935, 1940, 1962, 2018, 2025, 2039, 2064, 2118, 2141, 2234, 2238, 2287, 2289, 2305, 2322, 2356, 2372, 2409, 2414, 2430, 2437, 2442, 2446, 2482, 2548]","[680, 1085, 1740]","[21, 33, 38, 42, 53, 66, 71, 98, 135, 152, 155, 165, 175, 234, 247, 283, 306, 327, 353, 358, 364, 376, 384, 389, 406, 462, 496, 498, 576, 591, 675, 685, 688, 705, 736, 769, 784, 797, 807, 813, 834, 857, 915, 970, 1005, 1043, 1077, 1089, 1109, 1123, 1166, 1178, 1182, 1210, 1214, 1287, 1313, 1338, 1369, 1391, 1403, 1409, 1414, 1429, 1434, 1497, 1499, 1508, 1546, 1550, 1576, 1594, 1651, 1657, 1666, 1686, 1689, 1691, 1711, 1724, 1762, 1826, 1871, 1877, 1904, 1935, 1940, 1962, 2018, 2025, 2039, 2064, 2118, 2141, 2234, 2238, 2287, 2289, 2305, 2322, 2356, 2372, 2409, 2414, 2430, 2437, 2442, 2446, 2482, 2548]","[680, 1085, 1740]",2575,113,2462,3,110,2462,0
-1.5,MMU12559,"[62, 123, 198, 200, 247, 251, 257, 264, 266, 322, 327, 332, 409, 433, 516, 540, 567, 577, 588, 636, 658, 669, 693, 698, 715, 723, 809, 822, 832, 886, 896]",[247],"[62, 123, 198, 200, 251, 257, 264, 266, 322, 327, 332, 409, 433, 516, 540, 567, 577, 588, 636, 658, 669, 693, 698, 715, 723, 809, 822, 832, 886, 896]",[247],918,31,887,1,30,887,0
-1.5,MMU12560,"[12, 62, 123, 198, 227, 247, 251, 257, 264, 266, 322, 327, 332, 379, 382, 396, 435, 470, 487, 524, 542, 569, 590, 638, 660, 671, 695, 700, 725, 809, 834, 866, 902, 912]",[247],"[12, 62, 123, 198, 227, 251, 257, 264, 266, 322, 327, 332, 379, 382, 396, 435, 470, 487, 524, 542, 569, 590, 638, 660, 671, 695, 700, 725, 809, 834, 866, 902, 912]",[247],920,34,886,1,33,886,0
-1.5,MMU12561,"[62, 123, 198, 200, 247, 251, 257, 264, 266, 322, 327, 332, 378, 384, 409, 420, 516, 540, 567, 577, 588, 636, 658, 690, 693, 698, 723, 777, 820, 830, 884, 894]",[247],"[62, 123, 198, 200, 251, 257, 264, 266, 322, 327, 332, 378, 384, 409, 420, 516, 540, 567, 577, 588, 636, 658, 690, 693, 698, 723, 777, 820, 830, 884, 894]",[247],916,32,884,1,31,884,0
-1.5,MMU12562,"[9, 62, 247, 251, 257, 264, 266, 322, 327, 379, 396, 435, 470, 518, 542, 569, 579, 590, 638, 660, 671, 691, 695, 700, 725, 809, 832, 886, 896]",[247],"[9, 62, 251, 257, 264, 266, 322, 327, 379, 396, 435, 470, 518, 542, 569, 579, 590, 638, 660, 671, 691, 695, 700, 725, 809, 832, 886, 896]",[247],918,29,889,1,28,889,0
-1.5,MMU12565,"[62, 123, 200, 226, 247, 251, 257, 264, 266, 268, 280, 297, 321, 331, 336, 390, 396, 402, 467, 545, 564, 579, 588, 597, 609, 612, 614, 620, 630, 634, 647, 667, 676, 681, 688, 706, 712, 775, 779, 785, 795, 812, 836, 848, 857, 866, 965, 1016]",[247],"[62, 123, 200, 226, 251, 257, 264, 266, 268, 280, 297, 321, 331, 336, 390, 396, 402, 467, 545, 564, 579, 588, 597, 609, 612, 614, 620, 630, 634, 647, 667, 676, 681, 688, 706, 712, 775, 779, 785, 795, 812, 836, 848, 857, 866, 965, 1016]",[247],1043,48,995,1,47,995,0
-1.5,MMU13921,"[7, 10, 53, 104, 162, 167, 190, 283, 289, 301, 329, 337, 371, 405, 430, 435, 446, 521, 524, 536, 560, 585, 600, 632, 641, 653, 656, 668, 680, 692, 707, 716, 725, 737, 746, 820, 856, 866, 914, 952, 1034, 1036, 1074, 1082, 1162, 1214, 1256, 1272, 1357, 1376, 1378, 1402, 1424, 1426, 1433, 1458, 1484, 1527, 1547, 1569, 1574, 1607, 1689, 1741, 1745, 1772, 1787, 1822, 1848, 1862, 1867, 1898, 1916, 2003, 2069, 2080, 2122, 2135, 2137, 2145, 2197, 2228, 2258, 2354, 2555, 2558, 2567, 2573, 2610, 2612, 2635, 2680, 2693, 2699, 2722, 2725, 2740, 2751, 2805, 2825, 2930, 2953, 2970, 3036, 3040, 3055, 3132, 3142, 3169, 3241, 3245, 3272, 3287, 3289, 3313, 3330, 3345, 3358, 3364, 3390, 3401, 3431, 3439, 3467, 3488, 3517, 3525, 3539, 3547, 3572, 3588, 3590, 3630, 3711, 3745, 3761, 3786, 3794, 3806, 3830, 3849, 3882, 3890, 3990, 4028, 4034, 4050, 4059, 4067, 4084, 4089, 4124, 4153, 4171, 4224, 4226, 4241, 4265, 4330, 4350, 4369, 4429, 4436, 4459, 4514, 4590, 4664]","[952, 2003, 2354, 2693, 2930, 3241, 3990]","[7, 10, 53, 104, 162, 167, 190, 283, 289, 301, 329, 337, 371, 405, 430, 435, 446, 521, 524, 536, 560, 585, 600, 632, 641, 653, 656, 668, 680, 692, 707, 716, 725, 737, 746, 820, 856, 866, 914, 1034, 1036, 1074, 1082, 1162, 1214, 1256, 1272, 1357, 1376, 1378, 1402, 1424, 1426, 1433, 1458, 1484, 1527, 1547, 1569, 1574, 1607, 1689, 1741, 1745, 1772, 1787, 1822, 1848, 1862, 1867, 1898, 1916, 2069, 2080, 2122, 2135, 2137, 2145, 2197, 2228, 2258, 2555, 2558, 2567, 2573, 2610, 2612, 2635, 2680, 2699, 2722, 2725, 2740, 2751, 2805, 2825, 2953, 2970, 3036, 3040, 3055, 3132, 3142, 3169, 3245, 3272, 3287, 3289, 3313, 3330, 3345, 3358, 3364, 3390, 3401, 3431, 3439, 3467, 3488, 3517, 3525, 3539, 3547, 3572, 3588, 3590, 3630, 3711, 3745, 3761, 3786, 3794, 3806, 3830, 3849, 3882, 3890, 4028, 4034, 4050, 4059, 4067, 4084, 4089, 4124, 4153, 4171, 4224, 4226, 4241, 4265, 4330, 4350, 4369, 4429, 4436, 4459, 4514, 4590, 4664]","[952, 2003, 2354, 2693, 2930, 3241, 3990]",4670,167,4503,7,160,4503,0
-1.5,MMU14421,"[67, 98, 115, 122, 163, 181, 242, 250, 255, 263, 282, 286, 321, 351, 365, 399, 473, 480, 486, 490, 511, 588, 620, 638, 661, 666, 690, 694, 732, 781, 814, 819, 862, 876, 902, 926, 937, 946, 948, 950, 957, 1031, 1055, 1063, 1078, 1082, 1089, 1126, 1147, 1149, 1159, 1161, 1169, 1177, 1183, 1195, 1198, 1226, 1247, 1257, 1276, 1292, 1297, 1322, 1352, 1365, 1371, 1373, 1448, 1650, 1733, 1755, 1867, 1887, 1892, 1894, 1900, 1921, 1944, 1952, 2041, 2049, 2051, 2076, 2101, 2106, 2171, 2240, 2250, 2295, 2308, 2361, 2381, 2402, 2441, 2454, 2462, 2472, 2512, 2545, 2569, 2657, 2683, 2731, 2739, 2741, 2770, 2815, 2856, 2871, 2919, 2923, 2927, 3059, 3312, 3425, 3451, 3466, 3556, 3590, 3668, 3681, 3685, 3696, 3752, 3756, 3765, 3771, 3788, 3799, 3834, 3848, 3861, 3865, 3867, 3871, 3897, 3905, 3910, 3916, 3920, 3950, 3984, 3987, 4129, 4180, 4195, 4212, 4237, 4250, 4272, 4316, 4362, 4365, 4370, 4383, 4393, 4413, 4419, 4422, 4429, 4433, 4446, 4470, 4502, 4506, 4522, 4528, 4549, 4555, 4560, 4566, 4574, 4590, 4613, 4622, 4669, 4695, 4706, 4756, 4770, 4814, 4819, 4875, 4896, 4934, 4941, 4983, 4990, 5015, 5034, 5062, 5121, 5164, 5209, 5237, 5240, 5249, 5257, 5261, 5275, 5279, 5282, 5383, 5401, 5450, 5537, 5569, 5572, 5599, 5619, 5650, 5656, 5661, 5667, 5695, 5791, 5810, 5833, 5845, 5864, 5941, 5960, 5982, 6026, 6037, 6117, 6121, 6174, 6229, 6237, 6239]","[3668, 4237, 4502, 4814]","[67, 98, 115, 122, 163, 181, 242, 250, 255, 263, 282, 286, 321, 351, 365, 399, 473, 480, 486, 490, 511, 588, 620, 638, 661, 666, 690, 694, 732, 781, 814, 819, 862, 876, 902, 926, 937, 946, 948, 950, 957, 1031, 1055, 1063, 1078, 1082, 1089, 1126, 1147, 1149, 1159, 1161, 1169, 1177, 1183, 1195, 1198, 1226, 1247, 1257, 1276, 1292, 1297, 1322, 1352, 1365, 1371, 1373, 1448, 1650, 1733, 1755, 1867, 1887, 1892, 1894, 1900, 1921, 1944, 1952, 2041, 2049, 2051, 2076, 2101, 2106, 2171, 2240, 2250, 2295, 2308, 2361, 2381, 2402, 2441, 2454, 2462, 2472, 2512, 2545, 2569, 2657, 2683, 2731, 2739, 2741, 2770, 2815, 2856, 2871, 2919, 2923, 2927, 3059, 3312, 3425, 3451, 3466, 3556, 3590, 3681, 3685, 3696, 3752, 3756, 3765, 3771, 3788, 3799, 3834, 3848, 3861, 3865, 3867, 3871, 3897, 3905, 3910, 3916, 3920, 3950, 3984, 3987, 4129, 4180, 4195, 4212, 4250, 4272, 4316, 4362, 4365, 4370, 4383, 4393, 4413, 4419, 4422, 4429, 4433, 4446, 4470, 4506, 4522, 4528, 4549, 4555, 4560, 4566, 4574, 4590, 4613, 4622, 4669, 4695, 4706, 4756, 4770, 4819, 4875, 4896, 4934, 4941, 4983, 4990, 5015, 5034, 5062, 5121, 5164, 5209, 5237, 5240, 5249, 5257, 5261, 5275, 5279, 5282, 5383, 5401, 5450, 5537, 5569, 5572, 5599, 5619, 5650, 5656, 5661, 5667, 5695, 5791, 5810, 5833, 5845, 5864, 5941, 5960, 5982, 6026, 6037, 6117, 6121, 6174, 6229, 6237, 6239]","[3668, 4237, 4502, 4814]",6254,232,6022,4,228,6022,0
-1.5,MMVITRO,"[8, 14, 28, 30, 119, 131, 212, 239, 283, 336, 339, 341, 353, 365, 413, 434, 456, 499, 520, 524, 531, 571, 607, 642, 644, 650, 689, 721, 725, 738, 778, 788, 790, 799, 825, 879, 904, 961, 1006, 1009, 1025, 1117, 1201, 1263, 1297, 1325, 1351, 1356, 1408, 1425, 1462, 1505, 1523, 1541, 1553, 1585, 1596, 1615, 1617, 1698, 1817, 1826, 1845, 1847, 1861, 1865, 1877, 1883, 1892, 1909, 1935, 1961, 1980, 1982, 1986, 1988, 2021, 2040, 2054, 2071, 2075, 2131, 2146, 2188, 2219, 2221, 2249, 2335, 2409, 2414, 2474, 2490, 2495, 2501, 2557, 2585, 2596, 2618, 2667, 2693, 2718, 2725, 2736, 2749, 2763, 2783, 2816, 2826, 2861, 2864, 2868, 2903, 2933, 2961, 2987, 3001, 3017, 3026, 3045, 3048, 3088, 3133, 3142, 3175, 3193, 3200, 3202, 3279, 3325, 3331, 3362, 3384, 3502, 3534, 3592, 3594, 3619, 3630, 3646, 3648, 3693, 3703, 3733, 3755, 3759, 3804, 3812, 3816, 3820, 3824, 3855, 3859, 3863, 3867, 3978, 4046, 4048, 4060, 4142, 4178, 4233, 4259, 4306, 4355, 4384, 4408, 4422, 4438, 4445, 4462, 4514, 4582, 4603, 4612, 4644, 4674, 4740, 4744, 4780, 4814, 4867, 4900, 4920, 4941, 4985, 4996]","[1845, 2054, 2474, 2693, 3017, 3279, 4355]","[8, 14, 28, 30, 119, 131, 212, 239, 283, 336, 339, 341, 353, 365, 413, 434, 456, 499, 520, 524, 531, 571, 607, 642, 644, 650, 689, 721, 725, 738, 778, 788, 790, 799, 825, 879, 904, 961, 1006, 1009, 1025, 1117, 1201, 1263, 1297, 1325, 1351, 1356, 1408, 1425, 1462, 1505, 1523, 1541, 1553, 1585, 1596, 1615, 1617, 1698, 1817, 1826, 1847, 1861, 1865, 1877, 1883, 1892, 1909, 1935, 1961, 1980, 1982, 1986, 1988, 2021, 2040, 2071, 2075, 2131, 2146, 2188, 2219, 2221, 2249, 2335, 2409, 2414, 2490, 2495, 2501, 2557, 2585, 2596, 2618, 2667, 2718, 2725, 2736, 2749, 2763, 2783, 2816, 2826, 2861, 2864, 2868, 2903, 2933, 2961, 2987, 3001, 3026, 3045, 3048, 3088, 3133, 3142, 3175, 3193, 3200, 3202, 3325, 3331, 3362, 3384, 3502, 3534, 3592, 3594, 3619, 3630, 3646, 3648, 3693, 3703, 3733, 3755, 3759, 3804, 3812, 3816, 3820, 3824, 3855, 3859, 3863, 3867, 3978, 4046, 4048, 4060, 4142, 4178, 4233, 4259, 4306, 4384, 4408, 4422, 4438, 4445, 4462, 4514, 4582, 4603, 4612, 4644, 4674, 4740, 4744, 4780, 4814, 4867, 4900, 4920, 4941, 4985, 4996]","[1845, 2054, 2474, 2693, 3017, 3279, 4355]",4996,186,4810,7,179,4810,0
-1.5,MMVPREB2,"[42, 79, 104, 131, 172, 176, 184, 211, 214, 231, 236, 265, 279, 296, 302, 314, 323, 344, 379, 439, 466, 486, 541, 587, 617, 658, 686, 713, 753, 755, 763, 768, 809, 827, 885, 903, 908, 923, 930, 935, 985, 1018, 1048]",[379],"[42, 79, 104, 131, 172, 176, 184, 211, 214, 231, 236, 265, 279, 296, 302, 314, 323, 344, 439, 466, 486, 541, 587, 617, 658, 686, 713, 753, 755, 763, 768, 809, 827, 885, 903, 908, 923, 930, 935, 985, 1018, 1048]",[379],1045,43,1002,1,42,1002,0
-1.5,MMVPREB3,"[12, 42, 79, 104, 131, 172, 176, 211, 214, 231, 236, 265, 279, 284, 296, 302, 314, 323, 344, 379, 420, 439, 466, 486, 541, 587, 617, 658, 686, 713, 753, 755, 768, 809, 827, 903, 908, 923, 930, 985, 1018, 1043, 1048]",[379],"[12, 42, 79, 104, 131, 172, 176, 211, 214, 231, 236, 265, 279, 284, 296, 302, 314, 323, 344, 420, 439, 466, 486, 541, 587, 617, 658, 686, 713, 753, 755, 768, 809, 827, 903, 908, 923, 930, 985, 1018, 1043, 1048]",[379],1045,43,1002,1,42,1002,0
-1.5,MNKEGLOBIM,"[21, 55, 148, 189, 205, 221, 237, 271, 290, 316, 334, 346, 367, 448, 469, 536, 548, 555, 562, 583, 599, 604, 688, 720, 755, 761, 823, 842, 855, 863, 937, 952, 966, 1041, 1046, 1054, 1060, 1070, 1149, 1166, 1184, 1190, 1196, 1200, 1214, 1264, 1285, 1292, 1298, 1311, 1409, 1414, 1420, 1465, 1489, 1491, 1498, 1514, 1521, 1542, 1550, 1558, 1630, 1644, 1679]","[237, 583]","[21, 55, 148, 189, 205, 221, 271, 290, 316, 334, 346, 367, 448, 469, 536, 548, 555, 562, 599, 604, 688, 720, 755, 761, 823, 842, 855, 863, 937, 952, 966, 1041, 1046, 1054, 1060, 1070, 1149, 1166, 1184, 1190, 1196, 1200, 1214, 1264, 1285, 1292, 1298, 1311, 1409, 1414, 1420, 1465, 1489, 1491, 1498, 1514, 1521, 1542, 1550, 1558, 1630, 1644, 1679]","[237, 583]",1693,65,1628,2,63,1628,0
-1.5,MNKEGLOBIN,"[21, 55, 148, 189, 205, 221, 237, 271, 290, 316, 334, 346, 367, 448, 469, 536, 548, 555, 562, 583, 599, 604, 688, 720, 755, 821, 840, 853, 861, 935, 950, 964, 1039, 1044, 1052, 1058, 1068, 1074, 1147, 1164, 1182, 1188, 1194, 1198, 1212, 1262, 1283, 1290, 1296, 1309, 1407, 1412, 1418, 1463, 1487, 1489, 1496, 1512, 1519, 1540, 1548, 1556, 1628, 1642, 1677]","[237, 583]","[21, 55, 148, 189, 205, 221, 271, 290, 316, 334, 346, 367, 448, 469, 536, 548, 555, 562, 599, 604, 688, 720, 755, 821, 840, 853, 861, 935, 950, 964, 1039, 1044, 1052, 1058, 1068, 1074, 1147, 1164, 1182, 1188, 1194, 1198, 1212, 1262, 1283, 1290, 1296, 1309, 1407, 1412, 1418, 1463, 1487, 1489, 1496, 1512, 1519, 1540, 1548, 1556, 1628, 1642, 1677]","[237, 583]",1691,65,1626,2,63,1626,0
-1.5,MNKHGBGGAG,"[7, 68, 75, 92, 96, 159, 199, 239, 249, 255, 287, 297, 417, 422, 440, 498, 513, 519, 586, 598, 612, 633, 654, 699, 702, 724, 806, 811, 879, 929, 942, 974, 1052, 1064, 1094, 1106, 1117, 1119, 1123, 1127, 1131, 1144, 1146, 1148, 1150, 1152, 1162, 1199, 1206, 1240, 1282, 1331, 1338, 1342, 1346, 1389, 1434, 1440, 1485, 1509, 1518, 1525, 1583, 1640, 1649, 1695]","[287, 633]","[7, 68, 75, 92, 96, 159, 199, 239, 249, 255, 297, 417, 422, 440, 498, 513, 519, 586, 598, 612, 654, 699, 702, 724, 806, 811, 879, 929, 942, 974, 1052, 1064, 1094, 1106, 1117, 1119, 1123, 1127, 1131, 1144, 1146, 1148, 1150, 1152, 1162, 1199, 1206, 1240, 1282, 1331, 1338, 1342, 1346, 1389, 1434, 1440, 1485, 1509, 1518, 1525, 1583, 1640, 1649, 1695]","[287, 633]",1697,66,1631,2,64,1631,0
-1.5,MNPROP2,"[7, 49, 64, 124, 130, 278, 338, 405, 517, 597, 620, 693]",[278],"[7, 49, 64, 124, 130, 338, 405, 517, 597, 620, 693]",[278],696,12,684,1,11,684,0
-1.5,MUS8HS20,"[23, 28, 34, 50, 108, 112, 135, 142, 166, 188, 211, 231, 247, 257, 261, 271, 280, 301, 305, 329, 331, 349, 351, 401, 434, 436, 503, 512, 514, 545, 547, 586, 617, 638, 650, 682, 760, 773, 777, 826, 849, 866, 901, 940, 962, 968, 1002, 1015, 1024, 1048, 1067, 1107, 1109, 1131, 1135, 1148, 1262, 1272, 1280, 1293, 1310, 1330, 1339, 1360, 1366, 1381, 1384, 1388, 1408, 1462, 1479, 1521, 1586, 1601, 1617, 1625, 1652, 1656, 1660, 1704, 1783, 1791, 1811, 1891, 1913, 1933, 1999, 2022, 2084, 2111, 2133, 2143, 2145, 2168, 2183, 2189, 2245, 2275, 2300, 2311, 2314, 2398, 2406, 2413, 2483, 2502, 2513, 2530, 2562, 2600]",[940],"[23, 28, 34, 50, 108, 112, 135, 142, 166, 188, 211, 231, 247, 257, 261, 271, 280, 301, 305, 329, 331, 349, 351, 401, 434, 436, 503, 512, 514, 545, 547, 586, 617, 638, 650, 682, 760, 773, 777, 826, 849, 866, 901, 962, 968, 1002, 1015, 1024, 1048, 1067, 1107, 1109, 1131, 1135, 1148, 1262, 1272, 1280, 1293, 1310, 1330, 1339, 1360, 1366, 1381, 1384, 1388, 1408, 1462, 1479, 1521, 1586, 1601, 1617, 1625, 1652, 1656, 1660, 1704, 1783, 1791, 1811, 1891, 1913, 1933, 1999, 2022, 2084, 2111, 2133, 2143, 2145, 2168, 2183, 2189, 2245, 2275, 2300, 2311, 2314, 2398, 2406, 2413, 2483, 2502, 2513, 2530, 2562, 2600]",[940],2622,110,2512,1,109,2512,0
-1.5,MUSAP,"[34, 58, 76, 110, 174, 207, 233, 237, 300, 357, 395, 436, 443, 499, 542, 548, 563, 579, 615, 633, 657, 661, 677, 744, 788, 790, 810, 814, 822, 831, 873, 881, 931, 945, 1012, 1058, 1076, 1082, 1153, 1173, 1202, 1217, 1275, 1340, 1344, 1367, 1397, 1414, 1423, 1460, 1480, 1499, 1504, 1632, 1640, 1659, 1701, 1703, 1708, 1714, 1744, 1779, 1815, 1874, 1911, 1980, 1982, 1986, 2015, 2065, 2091, 2097, 2187, 2194, 2196, 2225, 2257, 2276, 2291, 2293, 2338, 2371, 2430, 2501, 2507, 2551, 2594, 2599, 2609, 2617, 2629, 2656, 2668, 2686, 2696, 2729, 2755, 2759, 2766, 2774, 2779, 2801, 2828, 2845, 2850, 2864, 2868, 2875, 2952, 2969, 3019, 3030, 3039, 3059, 3061, 3071, 3088, 3151, 3186, 3190, 3210, 3225, 3227, 3229, 3236, 3245, 3264, 3304, 3343, 3359, 3363, 3374, 3381, 3398, 3425, 3438, 3478, 3492, 3560, 3574, 3578, 3593, 3665, 3779, 3781, 3815, 3821, 3838, 3844, 3846, 3848, 3850, 3852, 3854, 3856, 3858, 3860, 3873, 3916, 3939, 3950, 3959, 3962, 3998, 4001, 4029, 4034, 4039, 4044, 4064, 4081, 4116, 4160, 4187, 4256, 4310, 4339, 4345, 4383, 4411, 4421, 4436, 4473, 4480, 4484, 4509, 4515, 4517, 4528, 4539, 4546, 4614, 4625, 4653, 4661, 4740, 4780, 4860, 4881, 4883, 4904, 4927, 4946, 4971, 4975, 5074, 5080, 5092, 5211, 5215, 5230, 5234, 5290, 5342, 5369, 5373, 5405, 5441, 5449, 5456, 5458, 5479, 5502, 5520, 5529, 5534, 5547, 5619, 5631, 5670, 5676, 5709, 5711, 5716, 5747, 5753, 5785, 5796, 5814, 5857, 5869, 5885, 5952, 5986, 6013, 6017, 6031, 6067, 6071, 6076, 6082, 6122, 6142, 6175, 6221, 6234, 6239, 6259, 6320, 6323, 6346, 6380, 6406, 6441, 6458, 6487, 6489, 6494, 6525, 6538, 6554, 6565, 6586, 6610, 6619, 6624, 6626, 6665, 6674, 6682, 6709, 6713, 6715, 6737, 6739, 6752, 6768, 6796, 6798, 6805, 6817, 6832, 6863, 6865, 6912, 6929, 6986, 7027, 7072, 7114, 7128, 7151, 7157, 7166, 7174, 7194, 7201, 7213, 7215, 7217, 7219, 7221, 7227, 7229, 7233, 7235, 7251, 7255, 7271, 7457, 7471, 7526, 7655, 7717, 7736, 7755, 7890, 7894, 8019]","[3574, 3815, 4034, 4509, 4740, 4971, 5290, 5619, 5952, 6406, 6709]","[34, 58, 76, 110, 174, 207, 233, 237, 300, 357, 395, 436, 443, 499, 542, 548, 563, 579, 615, 633, 657, 661, 677, 744, 788, 790, 810, 814, 822, 831, 873, 881, 931, 945, 1012, 1058, 1076, 1082, 1153, 1173, 1202, 1217, 1275, 1340, 1344, 1367, 1397, 1414, 1423, 1460, 1480, 1499, 1504, 1632, 1640, 1659, 1701, 1703, 1708, 1714, 1744, 1779, 1815, 1874, 1911, 1980, 1982, 1986, 2015, 2065, 2091, 2097, 2187, 2194, 2196, 2225, 2257, 2276, 2291, 2293, 2338, 2371, 2430, 2501, 2507, 2551, 2594, 2599, 2609, 2617, 2629, 2656, 2668, 2686, 2696, 2729, 2755, 2759, 2766, 2774, 2779, 2801, 2828, 2845, 2850, 2864, 2868, 2875, 2952, 2969, 3019, 3030, 3039, 3059, 3061, 3071, 3088, 3151, 3186, 3190, 3210, 3225, 3227, 3229, 3236, 3245, 3264, 3304, 3343, 3359, 3363, 3374, 3381, 3398, 3425, 3438, 3478, 3492, 3560, 3578, 3593, 3665, 3779, 3781, 3821, 3838, 3844, 3846, 3848, 3850, 3852, 3854, 3856, 3858, 3860, 3873, 3916, 3939, 3950, 3959, 3962, 3998, 4001, 4029, 4039, 4044, 4064, 4081, 4116, 4160, 4187, 4256, 4310, 4339, 4345, 4383, 4411, 4421, 4436, 4473, 4480, 4484, 4515, 4517, 4528, 4539, 4546, 4614, 4625, 4653, 4661, 4780, 4860, 4881, 4883, 4904, 4927, 4946, 4975, 5074, 5080, 5092, 5211, 5215, 5230, 5234, 5342, 5369, 5373, 5405, 5441, 5449, 5456, 5458, 5479, 5502, 5520, 5529, 5534, 5547, 5631, 5670, 5676, 5709, 5711, 5716, 5747, 5753, 5785, 5796, 5814, 5857, 5869, 5885, 5986, 6013, 6017, 6031, 6067, 6071, 6076, 6082, 6122, 6142, 6175, 6221, 6234, 6239, 6259, 6320, 6323, 6346, 6380, 6441, 6458, 6487, 6489, 6494, 6525, 6538, 6554, 6565, 6586, 6610, 6619, 6624, 6626, 6665, 6674, 6682, 6713, 6715, 6737, 6739, 6752, 6768, 6796, 6798, 6805, 6817, 6832, 6863, 6865, 6912, 6929, 6986, 7027, 7072, 7114, 7128, 7151, 7157, 7166, 7174, 7194, 7201, 7213, 7215, 7217, 7219, 7221, 7227, 7229, 7233, 7235, 7251, 7255, 7271, 7457, 7471, 7526, 7655, 7717, 7736, 7755, 7890, 7894, 8019]","[3574, 3815, 4034, 4509, 4740, 4971, 5290, 5619, 5952, 6406, 6709]",8086,329,7757,11,318,7757,0
-1.5,MUSAP5A,"[7, 41, 179, 222, 243, 259, 274, 285, 288, 301, 308, 354, 419, 438, 476, 514, 519, 551, 599, 605, 609, 651, 657, 687, 697, 779, 783, 786, 805, 827, 832, 853, 894, 920, 924, 932, 955, 958, 960, 962, 996, 998, 1018, 1020, 1196, 1215, 1245, 1315, 1339, 1353, 1385, 1402, 1404, 1441, 1446, 1453, 1480, 1543, 1554, 1597, 1696, 1754, 1768, 1774, 1788, 1801, 1853, 1857, 1861, 1876, 1889, 1891, 1893, 1895, 1897, 1899, 1901, 1903, 1905, 1907, 1909, 1911, 1913, 1915, 1917, 1919, 1921, 1935, 1987, 2014, 2036, 2039, 2064, 2109, 2173, 2176, 2222, 2257, 2338, 2367, 2398, 2421, 2428, 2432, 2447, 2454, 2463, 2468, 2526, 2544, 2571, 2585, 2620, 2646, 2659, 2681, 2685, 2718, 2759, 2789, 2824, 2828, 2830, 2832, 2834, 2838, 2842, 2852, 2854, 2856, 2858, 2860, 2862, 2864, 2868, 2870, 2872, 2874, 2876, 2878, 2908, 2910, 2953, 2955, 2978, 3031, 3037, 3042, 3058, 3063, 3065, 3094, 3133, 3211, 3250, 3258, 3277, 3316, 3332, 3355, 3370, 3372, 3384, 3402, 3406, 3420, 3438, 3442, 3479, 3527, 3574, 3582, 3605, 3740, 3744, 3749, 3752, 3785, 3797, 3822, 3852, 3856, 3865, 3872, 3896, 3898, 3913, 3919, 3921, 3970, 3974, 4022, 4029, 4039, 4094, 4132, 4194, 4218, 4220, 4237, 4291, 4312, 4326, 4350, 4358, 4360, 4384, 4416, 4451, 4482, 4539, 4559, 4575, 4589, 4591, 4614, 4625, 4657, 4673, 4681, 4709, 4741, 4798, 4816, 4826, 4840, 4901, 4935, 4951, 4971, 4973, 4982, 4989, 5018, 5036, 5056, 5099, 5224, 5226, 5240, 5250, 5253, 5257, 5266, 5301, 5353, 5400, 5432, 5445, 5487, 5500, 5512, 5516, 5518, 5544, 5549, 5551, 5564, 5572, 5575, 5581, 5583, 5589, 5611, 5637, 5654, 5748, 5756, 5787, 5825, 5847, 5852, 5863, 5865, 5915, 5920, 5925, 5946, 5953, 6054, 6079, 6114, 6142, 6195, 6212, 6230, 6254, 6283, 6289, 6293, 6321, 6334, 6340, 6344, 6367, 6414, 6436, 6440, 6442, 6506, 6513, 6530, 6535, 6570, 6603, 6668, 6670, 6672, 6674, 6685, 6689, 6705, 6710, 6712, 6747, 6794, 6806, 6816, 6820]","[2428, 2759, 4614]","[7, 41, 179, 222, 243, 259, 274, 285, 288, 301, 308, 354, 419, 438, 476, 514, 519, 551, 599, 605, 609, 651, 657, 687, 697, 779, 783, 786, 805, 827, 832, 853, 894, 920, 924, 932, 955, 958, 960, 962, 996, 998, 1018, 1020, 1196, 1215, 1245, 1315, 1339, 1353, 1385, 1402, 1404, 1441, 1446, 1453, 1480, 1543, 1554, 1597, 1696, 1754, 1768, 1774, 1788, 1801, 1853, 1857, 1861, 1876, 1889, 1891, 1893, 1895, 1897, 1899, 1901, 1903, 1905, 1907, 1909, 1911, 1913, 1915, 1917, 1919, 1921, 1935, 1987, 2014, 2036, 2039, 2064, 2109, 2173, 2176, 2222, 2257, 2338, 2367, 2398, 2421, 2432, 2447, 2454, 2463, 2468, 2526, 2544, 2571, 2585, 2620, 2646, 2659, 2681, 2685, 2718, 2789, 2824, 2828, 2830, 2832, 2834, 2838, 2842, 2852, 2854, 2856, 2858, 2860, 2862, 2864, 2868, 2870, 2872, 2874, 2876, 2878, 2908, 2910, 2953, 2955, 2978, 3031, 3037, 3042, 3058, 3063, 3065, 3094, 3133, 3211, 3250, 3258, 3277, 3316, 3332, 3355, 3370, 3372, 3384, 3402, 3406, 3420, 3438, 3442, 3479, 3527, 3574, 3582, 3605, 3740, 3744, 3749, 3752, 3785, 3797, 3822, 3852, 3856, 3865, 3872, 3896, 3898, 3913, 3919, 3921, 3970, 3974, 4022, 4029, 4039, 4094, 4132, 4194, 4218, 4220, 4237, 4291, 4312, 4326, 4350, 4358, 4360, 4384, 4416, 4451, 4482, 4539, 4559, 4575, 4589, 4591, 4625, 4657, 4673, 4681, 4709, 4741, 4798, 4816, 4826, 4840, 4901, 4935, 4951, 4971, 4973, 4982, 4989, 5018, 5036, 5056, 5099, 5224, 5226, 5240, 5250, 5253, 5257, 5266, 5301, 5353, 5400, 5432, 5445, 5487, 5500, 5512, 5516, 5518, 5544, 5549, 5551, 5564, 5572, 5575, 5581, 5583, 5589, 5611, 5637, 5654, 5748, 5756, 5787, 5825, 5847, 5852, 5863, 5865, 5915, 5920, 5925, 5946, 5953, 6054, 6079, 6114, 6142, 6195, 6212, 6230, 6254, 6283, 6289, 6293, 6321, 6334, 6340, 6344, 6367, 6414, 6436, 6440, 6442, 6506, 6513, 6530, 6535, 6570, 6603, 6668, 6670, 6672, 6674, 6685, 6689, 6705, 6710, 6712, 6747, 6794, 6806, 6816, 6820]","[2428, 2759, 4614]",6821,319,6502,3,316,6502,0
-1.5,MUSAPEX,"[7, 22, 54, 87, 99, 171, 196, 204, 241, 245, 266, 280, 300, 332, 372, 382, 389, 399, 412, 430, 448, 453, 460, 512, 579, 604, 609, 611, 627, 713, 741, 761, 768, 772, 778, 848, 863, 914, 921, 926, 937, 959, 961, 1025, 1037, 1042, 1046, 1057, 1070, 1075, 1102, 1139, 1156, 1159, 1169, 1179, 1238, 1251, 1287, 1311, 1332, 1358, 1363, 1369, 1381, 1389, 1394, 1411, 1466, 1500, 1502, 1580, 1595, 1679, 1684, 1689, 1692, 1709, 1740, 1773, 1788, 1801, 1811, 1817, 1838, 1861, 1919, 1974, 2009, 2047, 2081, 2089, 2093, 2113, 2127, 2170, 2182, 2186, 2212, 2216, 2288, 2315, 2340, 2371, 2393, 2405, 2411, 2416, 2431, 2436, 2499, 2501, 2510, 2548, 2552, 2578, 2596, 2653, 2659, 2668, 2688, 2691, 2693, 2713, 2726, 2742, 2764, 2828, 2873, 2879, 2906, 2937, 2942, 2964, 3020, 3027, 3041, 3066, 3120, 3143, 3236, 3240, 3289, 3291, 3307, 3324, 3358, 3374, 3411, 3416, 3432, 3439, 3444, 3448, 3484, 3550, 3602, 3608, 3663, 3702, 3707, 3730, 3798, 3808, 3839, 3857, 3882, 3887, 3906, 3915, 3973, 3992, 4006]","[1684, 2089, 2742]","[7, 22, 54, 87, 99, 171, 196, 204, 241, 245, 266, 280, 300, 332, 372, 382, 389, 399, 412, 430, 448, 453, 460, 512, 579, 604, 609, 611, 627, 713, 741, 761, 768, 772, 778, 848, 863, 914, 921, 926, 937, 959, 961, 1025, 1037, 1042, 1046, 1057, 1070, 1075, 1102, 1139, 1156, 1159, 1169, 1179, 1238, 1251, 1287, 1311, 1332, 1358, 1363, 1369, 1381, 1389, 1394, 1411, 1466, 1500, 1502, 1580, 1595, 1679, 1689, 1692, 1709, 1740, 1773, 1788, 1801, 1811, 1817, 1838, 1861, 1919, 1974, 2009, 2047, 2081, 2093, 2113, 2127, 2170, 2182, 2186, 2212, 2216, 2288, 2315, 2340, 2371, 2393, 2405, 2411, 2416, 2431, 2436, 2499, 2501, 2510, 2548, 2552, 2578, 2596, 2653, 2659, 2668, 2688, 2691, 2693, 2713, 2726, 2764, 2828, 2873, 2879, 2906, 2937, 2942, 2964, 3020, 3027, 3041, 3066, 3120, 3143, 3236, 3240, 3289, 3291, 3307, 3324, 3358, 3374, 3411, 3416, 3432, 3439, 3444, 3448, 3484, 3550, 3602, 3608, 3663, 3702, 3707, 3730, 3798, 3808, 3839, 3857, 3882, 3887, 3906, 3915, 3973, 3992, 4006]","[1684, 2089, 2742]",4034,173,3861,3,170,3861,0
-1.5,MUSAPOAII,"[7, 15, 75, 82, 112, 269, 279, 374, 389, 395, 404, 412, 432, 444, 474, 495, 499, 508, 533, 553, 559, 575, 661, 689, 701, 711, 723, 728, 760, 791, 800, 806, 811, 940, 949, 954, 956, 1003, 1012, 1018, 1030, 1077, 1114, 1155, 1212, 1237, 1243, 1314, 1340, 1404, 1414, 1435, 1439, 1538, 1543, 1557, 1562, 1618, 1625, 1751, 1764, 1772, 1831, 1837, 1879, 1887, 1891, 1921, 1928, 1930, 1942, 1947, 2000, 2016, 2052, 2168, 2185, 2228, 2293, 2309, 2327, 2361, 2367, 2387, 2412, 2433, 2447, 2459, 2492, 2523, 2563, 2565, 2568, 2571, 2573, 2611, 2621, 2641, 2650, 2652, 2720, 2722, 2790, 2894, 2907, 2922, 2928]","[723, 1155]","[7, 15, 75, 82, 112, 269, 279, 374, 389, 395, 404, 412, 432, 444, 474, 495, 499, 508, 533, 553, 559, 575, 661, 689, 701, 711, 728, 760, 791, 800, 806, 811, 940, 949, 954, 956, 1003, 1012, 1018, 1030, 1077, 1114, 1212, 1237, 1243, 1314, 1340, 1404, 1414, 1435, 1439, 1538, 1543, 1557, 1562, 1618, 1625, 1751, 1764, 1772, 1831, 1837, 1879, 1887, 1891, 1921, 1928, 1930, 1942, 1947, 2000, 2016, 2052, 2168, 2185, 2228, 2293, 2309, 2327, 2361, 2367, 2387, 2412, 2433, 2447, 2459, 2492, 2523, 2563, 2565, 2568, 2571, 2573, 2611, 2621, 2641, 2650, 2652, 2720, 2722, 2790, 2894, 2907, 2922, 2928]","[723, 1155]",2952,107,2845,2,105,2845,0
-1.5,MUSAPOIVA,"[27, 38, 47, 63, 67, 76, 85, 102, 260, 299, 301, 306, 338, 358, 375, 429, 448, 470, 504, 506, 529, 560, 578, 588, 592, 653, 660, 723, 746, 752, 823, 862, 877, 886, 889, 891, 934, 958, 975, 979, 1029, 1103, 1159, 1166, 1170, 1219, 1226, 1235, 1256, 1260, 1303, 1320, 1332, 1349, 1385, 1407, 1415, 1470, 1522, 1541, 1578, 1603, 1613, 1643, 1676, 1680, 1693, 1708, 1720, 1730, 1759, 1796, 1825, 1836, 1885, 1981, 2078, 2149, 2155, 2233, 2278, 2287, 2299, 2365, 2386, 2406, 2422, 2473, 2518, 2629, 2665, 2714, 2743, 2767, 2774, 2826, 2834, 2859, 2898, 2905, 2914, 2929, 2933, 2940, 2944, 2946]","[588, 975]","[27, 38, 47, 63, 67, 76, 85, 102, 260, 299, 301, 306, 338, 358, 375, 429, 448, 470, 504, 506, 529, 560, 578, 592, 653, 660, 723, 746, 752, 823, 862, 877, 886, 889, 891, 934, 958, 979, 1029, 1103, 1159, 1166, 1170, 1219, 1226, 1235, 1256, 1260, 1303, 1320, 1332, 1349, 1385, 1407, 1415, 1470, 1522, 1541, 1578, 1603, 1613, 1643, 1676, 1680, 1693, 1708, 1720, 1730, 1759, 1796, 1825, 1836, 1885, 1981, 2078, 2149, 2155, 2233, 2278, 2287, 2299, 2365, 2386, 2406, 2422, 2473, 2518, 2629, 2665, 2714, 2743, 2767, 2774, 2826, 2834, 2859, 2898, 2905, 2914, 2929, 2933, 2940, 2944, 2946]","[588, 975]",3012,106,2906,2,104,2906,0
-1.5,MUSBMP4,"[12, 105, 109, 137, 212, 216, 221, 249, 262, 267, 274, 285, 291, 336, 380, 437, 441, 489, 498, 510, 569, 574, 582, 587, 592, 636, 650, 660, 664, 688, 693, 736, 738, 768, 781, 795, 801, 881, 884, 909, 923, 925, 944, 955, 1016, 1064, 1068, 1072, 1080, 1099, 1116, 1127, 1257, 1316, 1320, 1372, 1374, 1389, 1399, 1552, 1570, 1616, 1676, 1689, 1708, 1721, 1764, 1768, 1824, 1847, 1891, 1974, 2001, 2008, 2034, 2082, 2095, 2107, 2111, 2125, 2138, 2149, 2184, 2196, 2220, 2264, 2282, 2407, 2413, 2421, 2424, 2434, 2473, 2477, 2533, 2540, 2615, 2636, 2683, 2728, 2739, 2766, 2781, 2811, 2813, 2820, 2888, 2934, 2950, 2955, 2960, 2964, 2989, 3027, 3094, 3150, 3208, 3212, 3281, 3305, 3307, 3312, 3324, 3350, 3356, 3371, 3373, 3377, 3426, 3455, 3460, 3483, 3502, 3518, 3526, 3541, 3546, 3570, 3634, 3641, 3660, 3697, 3717, 3753, 3776, 3783, 3791, 3806, 3814, 3923, 3964, 3967, 3980, 4000, 4021, 4023, 4062, 4096, 4107, 4135, 4160, 4165, 4185, 4198, 4216, 4255, 4272, 4284, 4310, 4338, 4343, 4373, 4377, 4411, 4418, 4437, 4450, 4465, 4471, 4476, 4495, 4517, 4522, 4546, 4550, 4575, 4587, 4594, 4603, 4639, 4679, 4686, 4755, 4793, 4806, 4836, 4905, 4917, 4938, 4954, 4965, 5001, 5010, 5018, 5020, 5026, 5028, 5030, 5032, 5038, 5040, 5042, 5044, 5046, 5048, 5050, 5052, 5054, 5056, 5058, 5060, 5062, 5064, 5066, 5097, 5132, 5143, 5159, 5187, 5196, 5208, 5216, 5261, 5273, 5289, 5297, 5315, 5345, 5352, 5427, 5462, 5497, 5501, 5525, 5559, 5610, 5613, 5664, 5721, 5725, 5729, 5789, 5802, 5819, 5851, 5863, 5890, 5980, 5988, 6119, 6167, 6211, 6244, 6265, 6363, 6371, 6380, 6402, 6409, 6517, 6549, 6560, 6568, 6578, 6609, 6626, 6628, 6630, 6632, 6634, 6636, 6638, 6643, 6645, 6697, 6701, 6755, 6816, 6833, 6908, 6997, 7014, 7037, 7075, 7123, 7157, 7179, 7205, 7207, 7212, 7217, 7237, 7244, 7273, 7305, 7335, 7382, 7400, 7406, 7409, 7424, 7560, 7564, 7569, 7588, 7632, 7668, 7670, 7692, 7711, 7718, 7743, 7748, 7763, 7780, 7809, 7821, 7863, 7866, 7871, 7914, 7938, 7951, 7969, 8016, 8034, 8176, 8211, 8267, 8306, 8343, 8360, 8384, 8438, 8446, 8462, 8525, 8567, 8598, 8630, 8685, 8710, 8736, 8753, 8763, 8768, 8789, 8879, 8910, 8946, 8962, 8974, 8984, 8987, 9011, 9014, 9022, 9024, 9047, 9106, 9275, 9415, 9429, 9433, 9444, 9451, 9464, 9476, 9492, 9529, 9588, 9604, 9617, 9626, 9639, 9680, 9685, 9704, 9732]",[7179],"[12, 105, 109, 137, 212, 216, 221, 249, 262, 267, 274, 285, 291, 336, 380, 437, 441, 489, 498, 510, 569, 574, 582, 587, 592, 636, 650, 660, 664, 688, 693, 736, 738, 768, 781, 795, 801, 881, 884, 909, 923, 925, 944, 955, 1016, 1064, 1068, 1072, 1080, 1099, 1116, 1127, 1257, 1316, 1320, 1372, 1374, 1389, 1399, 1552, 1570, 1616, 1676, 1689, 1708, 1721, 1764, 1768, 1824, 1847, 1891, 1974, 2001, 2008, 2034, 2082, 2095, 2107, 2111, 2125, 2138, 2149, 2184, 2196, 2220, 2264, 2282, 2407, 2413, 2421, 2424, 2434, 2473, 2477, 2533, 2540, 2615, 2636, 2683, 2728, 2739, 2766, 2781, 2811, 2813, 2820, 2888, 2934, 2950, 2955, 2960, 2964, 2989, 3027, 3094, 3150, 3208, 3212, 3281, 3305, 3307, 3312, 3324, 3350, 3356, 3371, 3373, 3377, 3426, 3455, 3460, 3483, 3502, 3518, 3526, 3541, 3546, 3570, 3634, 3641, 3660, 3697, 3717, 3753, 3776, 3783, 3791, 3806, 3814, 3923, 3964, 3967, 3980, 4000, 4021, 4023, 4062, 4096, 4107, 4135, 4160, 4165, 4185, 4198, 4216, 4255, 4272, 4284, 4310, 4338, 4343, 4373, 4377, 4411, 4418, 4437, 4450, 4465, 4471, 4476, 4495, 4517, 4522, 4546, 4550, 4575, 4587, 4594, 4603, 4639, 4679, 4686, 4755, 4793, 4806, 4836, 4905, 4917, 4938, 4954, 4965, 5001, 5010, 5018, 5020, 5026, 5028, 5030, 5032, 5038, 5040, 5042, 5044, 5046, 5048, 5050, 5052, 5054, 5056, 5058, 5060, 5062, 5064, 5066, 5097, 5132, 5143, 5159, 5187, 5196, 5208, 5216, 5261, 5273, 5289, 5297, 5315, 5345, 5352, 5427, 5462, 5497, 5501, 5525, 5559, 5610, 5613, 5664, 5721, 5725, 5729, 5789, 5802, 5819, 5851, 5863, 5890, 5980, 5988, 6119, 6167, 6211, 6244, 6265, 6363, 6371, 6380, 6402, 6409, 6517, 6549, 6560, 6568, 6578, 6609, 6626, 6628, 6630, 6632, 6634, 6636, 6638, 6643, 6645, 6697, 6701, 6755, 6816, 6833, 6908, 6997, 7014, 7037, 7075, 7123, 7157, 7205, 7207, 7212, 7217, 7237, 7244, 7273, 7305, 7335, 7382, 7400, 7406, 7409, 7424, 7560, 7564, 7569, 7588, 7632, 7668, 7670, 7692, 7711, 7718, 7743, 7748, 7763, 7780, 7809, 7821, 7863, 7866, 7871, 7914, 7938, 7951, 7969, 8016, 8034, 8176, 8211, 8267, 8306, 8343, 8360, 8384, 8438, 8446, 8462, 8525, 8567, 8598, 8630, 8685, 8710, 8736, 8753, 8763, 8768, 8789, 8879, 8910, 8946, 8962, 8974, 8984, 8987, 9011, 9014, 9022, 9024, 9047, 9106, 9275, 9415, 9429, 9433, 9444, 9451, 9464, 9476, 9492, 9529, 9588, 9604, 9617, 9626, 9639, 9680, 9685, 9704, 9732]",[7179],9660,389,9271,1,388,9271,0
-1.5,MUSBNP,"[11, 71, 79, 102, 138, 225, 280, 336, 349, 362, 412, 418, 488, 490, 492, 505, 556, 631, 653, 680, 731, 738, 747, 753, 806, 833, 862, 881, 903, 929, 1057, 1116, 1121, 1124, 1127, 1164, 1166, 1209, 1259, 1292, 1417, 1445, 1449]","[336, 753]","[11, 71, 79, 102, 138, 225, 280, 349, 362, 412, 418, 488, 490, 492, 505, 556, 631, 653, 680, 731, 738, 747, 806, 833, 862, 881, 903, 929, 1057, 1116, 1121, 1124, 1127, 1164, 1166, 1209, 1259, 1292, 1417, 1445, 1449]","[336, 753]",1460,43,1417,2,41,1417,0
-1.5,MUSCD14A,"[14, 58, 71, 103, 176, 180, 200, 232, 277, 279, 306, 409, 426, 434, 472, 474, 518, 543, 565, 589, 591, 639, 711, 713, 716, 755, 777, 784, 825, 831, 860, 917, 946, 975, 977, 1002, 1066, 1078, 1122, 1152, 1212, 1223, 1284, 1317, 1325, 1391, 1407, 1454, 1471, 1480, 1485, 1489, 1574, 1608, 1610, 1614, 1618, 1635, 1646, 1651, 1677, 1687, 1753, 1764, 1839, 1852, 1862]",[176],"[14, 58, 71, 103, 180, 200, 232, 277, 279, 306, 409, 426, 434, 472, 474, 518, 543, 565, 589, 591, 639, 711, 713, 716, 755, 777, 784, 825, 831, 860, 917, 946, 975, 977, 1002, 1066, 1078, 1122, 1152, 1212, 1223, 1284, 1317, 1325, 1391, 1407, 1454, 1471, 1480, 1485, 1489, 1574, 1608, 1610, 1614, 1618, 1635, 1646, 1651, 1677, 1687, 1753, 1764, 1839, 1852, 1862]",[176],1865,67,1798,1,66,1798,0
-1.5,MUSCRKNB,"[13, 16, 71, 87, 96, 177, 179, 211, 299, 311, 315, 339, 358, 371, 460, 508, 511, 523, 532, 534, 536, 538, 540, 542, 554, 582, 584, 617, 635, 647, 649, 664, 668, 673, 676, 686, 769, 783, 792, 815, 830, 868, 917, 929, 958, 971, 1022, 1058, 1100, 1102, 1104, 1106, 1115, 1139, 1158, 1175, 1196, 1219, 1233, 1440, 1448, 1463, 1488, 1493, 1602, 1618, 1634, 1637, 1645, 1659, 1807, 1824, 1838, 1845, 1891, 1904, 1918, 1923, 1989, 2058, 2063, 2069, 2097, 2110, 2114, 2119, 2146, 2204, 2245, 2260, 2268, 2283, 2312, 2323, 2349, 2364, 2448, 2455, 2461, 2466, 2507, 2526, 2649, 2658, 2734, 2786, 2796, 2829, 2852, 2856, 2861, 2879, 2888, 2903, 2948, 2951, 2969, 3049, 3056, 3084, 3128, 3140, 3192, 3203, 3248, 3296, 3323, 3325, 3406, 3408, 3436, 3472, 3505, 3545, 3549, 3595, 3599, 3690, 3755, 3757, 3805, 3842, 3862, 3876, 3882, 3925, 3930, 3945, 3949, 3954, 3996, 4005, 4014, 4017, 4026, 4066, 4100, 4157, 4179, 4213, 4235, 4290, 4312, 4338, 4340, 4342, 4344, 4346, 4348, 4350, 4352, 4356, 4360, 4362, 4364, 4383, 4481, 4492]","[1904, 2245, 2455, 2796, 3505, 3842]","[13, 16, 71, 87, 96, 177, 179, 211, 299, 311, 315, 339, 358, 371, 460, 508, 511, 523, 532, 534, 536, 538, 540, 542, 554, 582, 584, 617, 635, 647, 649, 664, 668, 673, 676, 686, 769, 783, 792, 815, 830, 868, 917, 929, 958, 971, 1022, 1058, 1100, 1102, 1104, 1106, 1115, 1139, 1158, 1175, 1196, 1219, 1233, 1440, 1448, 1463, 1488, 1493, 1602, 1618, 1634, 1637, 1645, 1659, 1807, 1824, 1838, 1845, 1891, 1918, 1923, 1989, 2058, 2063, 2069, 2097, 2110, 2114, 2119, 2146, 2204, 2260, 2268, 2283, 2312, 2323, 2349, 2364, 2448, 2461, 2466, 2507, 2526, 2649, 2658, 2734, 2786, 2829, 2852, 2856, 2861, 2879, 2888, 2903, 2948, 2951, 2969, 3049, 3056, 3084, 3128, 3140, 3192, 3203, 3248, 3296, 3323, 3325, 3406, 3408, 3436, 3472, 3545, 3549, 3595, 3599, 3690, 3755, 3757, 3805, 3862, 3876, 3882, 3925, 3930, 3945, 3949, 3954, 3996, 4005, 4014, 4017, 4026, 4066, 4100, 4157, 4179, 4213, 4235, 4290, 4312, 4338, 4340, 4342, 4344, 4346, 4348, 4350, 4352, 4356, 4360, 4362, 4364, 4383, 4481, 4492]","[1904, 2245, 2455, 2796, 3505, 3842]",4513,178,4335,6,172,4335,0
-1.5,MUSCYTCOVB,"[8, 48, 65, 73, 126, 138, 140, 145, 161, 182, 197, 204, 215, 266, 269, 278, 281, 381, 406, 412, 444, 479, 512, 546, 600, 635, 648, 688, 699, 724, 728, 753, 771, 774, 778, 788, 798, 860, 865, 873, 912, 928, 935, 1013, 1034, 1043, 1064, 1081, 1105, 1121, 1131, 1164, 1176, 1193, 1195, 1204, 1207, 1222, 1245, 1248, 1319, 1334, 1380, 1390, 1395, 1413, 1433, 1438, 1572, 1585, 1663, 1667, 1679, 1683, 1687, 1695, 1705, 1717, 1723, 1743, 1762, 1790, 1808, 1823, 1826, 1847, 1925, 1929, 1946, 1951, 1981, 2022, 2035, 2050, 2066, 2105, 2110, 2113, 2121, 2125, 2142, 2151, 2153, 2157, 2168, 2191, 2212, 2234, 2249, 2262, 2285, 2303, 2323, 2353, 2371, 2500, 2520, 2529]","[724, 1319, 1585]","[8, 48, 65, 73, 126, 138, 140, 145, 161, 182, 197, 204, 215, 266, 269, 278, 281, 381, 406, 412, 444, 479, 512, 546, 600, 635, 648, 688, 699, 728, 753, 771, 774, 778, 788, 798, 860, 865, 873, 912, 928, 935, 1013, 1034, 1043, 1064, 1081, 1105, 1121, 1131, 1164, 1176, 1193, 1195, 1204, 1207, 1222, 1245, 1248, 1334, 1380, 1390, 1395, 1413, 1433, 1438, 1572, 1663, 1667, 1679, 1683, 1687, 1695, 1705, 1717, 1723, 1743, 1762, 1790, 1808, 1823, 1826, 1847, 1925, 1929, 1946, 1951, 1981, 2022, 2035, 2050, 2066, 2105, 2110, 2113, 2121, 2125, 2142, 2151, 2153, 2157, 2168, 2191, 2212, 2234, 2249, 2262, 2285, 2303, 2323, 2353, 2371, 2500, 2520, 2529]","[724, 1319, 1585]",2532,118,2414,3,115,2414,0
-1.5,MUSENDOBA,"[11, 49, 52, 59, 114, 135, 139, 144, 158, 219, 247, 260, 277, 285, 299, 322, 333, 345, 371, 382, 391, 405, 409, 472, 482, 486, 567, 575, 622, 631, 633, 648, 667, 674, 718, 720, 737, 807, 848, 872, 900, 923, 931, 1051, 1060, 1066, 1093, 1122, 1157, 1178, 1218, 1235, 1246, 1256, 1263, 1276, 1281, 1284, 1297, 1311, 1330, 1341, 1500, 1507, 1511, 1593, 1595, 1605, 1617, 1628, 1649, 1701, 1812, 1827, 1833, 1842, 1846, 1850, 1854, 1858, 1862, 1866, 1884, 1892, 1894, 1923, 1974, 1990, 2085, 2111, 2113, 2117, 2130, 2143, 2145, 2153, 2173, 2178, 2214, 2225, 2242, 2276, 2316, 2391, 2404, 2425, 2462, 2478, 2491, 2503, 2510, 2518, 2523, 2546, 2614, 2692, 2743, 2769, 2796, 2798, 2825, 2827, 2896, 2929, 2944, 2950, 2981, 2983, 2986, 3027, 3029, 3031, 3033, 3077, 3086, 3094, 3105, 3115, 3130, 3148, 3170, 3214, 3222, 3264, 3282, 3298, 3350, 3423, 3488, 3550, 3613, 3618, 3667, 3675, 3680, 3707, 3713, 3729, 3744, 3784, 3803, 3816, 3841, 3850, 3859, 3892, 3919, 3923, 3953, 3956, 4049, 4148, 4224, 4244, 4259, 4326, 4340, 4342, 4346, 4358, 4371, 4397, 4405, 4430, 4439, 4485, 4492, 4501, 4509, 4560, 4618, 4698, 4733, 4739, 4795, 4837, 4843, 4853, 4898, 4907, 4909, 4920, 4936, 4974, 4996, 5090, 5104, 5147, 5264, 5314, 5330, 5354, 5395, 5454, 5527, 5589, 5593, 5596, 5616, 5652, 5660, 5664, 5668, 5672, 5686, 5696, 5700, 5721, 5774, 5817, 5896, 5950, 5969, 5977, 5989, 5992, 6075, 6185, 6199, 6205, 6230, 6252, 6258, 6264, 6266, 6301, 6313, 6316, 6319, 6324, 6335, 6341, 6358, 6373, 6391, 6443, 6449, 6452, 6478, 6506, 6604, 6736, 6738, 6864, 6894, 6917, 6919, 6929, 6962, 6969, 6980, 6992, 7007, 7083, 7108, 7151, 7155, 7171, 7194, 7213, 7234, 7237, 7292, 7386, 7411, 7454, 7459, 7517, 7536, 7539, 7548, 7552, 7568, 7578, 7585, 7611, 7613, 7616, 7624, 7676, 7723, 7750, 7771, 7794, 7798, 7803, 7822, 7841, 7869]","[2743, 3618, 4049, 4853, 5090, 5589]","[11, 49, 52, 59, 114, 135, 139, 144, 158, 219, 247, 260, 277, 285, 299, 322, 333, 345, 371, 382, 391, 405, 409, 472, 482, 486, 567, 575, 622, 631, 633, 648, 667, 674, 718, 720, 737, 807, 848, 872, 900, 923, 931, 1051, 1060, 1066, 1093, 1122, 1157, 1178, 1218, 1235, 1246, 1256, 1263, 1276, 1281, 1284, 1297, 1311, 1330, 1341, 1500, 1507, 1511, 1593, 1595, 1605, 1617, 1628, 1649, 1701, 1812, 1827, 1833, 1842, 1846, 1850, 1854, 1858, 1862, 1866, 1884, 1892, 1894, 1923, 1974, 1990, 2085, 2111, 2113, 2117, 2130, 2143, 2145, 2153, 2173, 2178, 2214, 2225, 2242, 2276, 2316, 2391, 2404, 2425, 2462, 2478, 2491, 2503, 2510, 2518, 2523, 2546, 2614, 2692, 2769, 2796, 2798, 2825, 2827, 2896, 2929, 2944, 2950, 2981, 2983, 2986, 3027, 3029, 3031, 3033, 3077, 3086, 3094, 3105, 3115, 3130, 3148, 3170, 3214, 3222, 3264, 3282, 3298, 3350, 3423, 3488, 3550, 3613, 3667, 3675, 3680, 3707, 3713, 3729, 3744, 3784, 3803, 3816, 3841, 3850, 3859, 3892, 3919, 3923, 3953, 3956, 4148, 4224, 4244, 4259, 4326, 4340, 4342, 4346, 4358, 4371, 4397, 4405, 4430, 4439, 4485, 4492, 4501, 4509, 4560, 4618, 4698, 4733, 4739, 4795, 4837, 4843, 4898, 4907, 4909, 4920, 4936, 4974, 4996, 5104, 5147, 5264, 5314, 5330, 5354, 5395, 5454, 5527, 5593, 5596, 5616, 5652, 5660, 5664, 5668, 5672, 5686, 5696, 5700, 5721, 5774, 5817, 5896, 5950, 5969, 5977, 5989, 5992, 6075, 6185, 6199, 6205, 6230, 6252, 6258, 6264, 6266, 6301, 6313, 6316, 6319, 6324, 6335, 6341, 6358, 6373, 6391, 6443, 6449, 6452, 6478, 6506, 6604, 6736, 6738, 6864, 6894, 6917, 6919, 6929, 6962, 6969, 6980, 6992, 7007, 7083, 7108, 7151, 7155, 7171, 7194, 7213, 7234, 7237, 7292, 7386, 7411, 7454, 7459, 7517, 7536, 7539, 7548, 7552, 7568, 7578, 7585, 7611, 7613, 7616, 7624, 7676, 7723, 7750, 7771, 7794, 7798, 7803, 7822, 7841, 7869]","[2743, 3618, 4049, 4853, 5090, 5589]",7871,309,7562,6,303,7562,0
-1.5,MUSFAUA,"[79, 122, 124, 140, 146, 152, 174, 214, 260, 270, 364, 483, 506, 528, 531, 544, 592, 599, 679, 753, 760, 783, 790, 813, 824, 829, 846, 854, 898, 912, 925, 961, 971, 988, 1004, 1015, 1046, 1105, 1165, 1216, 1234, 1249, 1253, 1257, 1311, 1357, 1393, 1396, 1443, 1445, 1450, 1474, 1496, 1500, 1526, 1530, 1535, 1544, 1551, 1566, 1574, 1597, 1600, 1611, 1616, 1623, 1642, 1645, 1656, 1675, 1738, 1753, 1773, 1775, 1797, 1799, 1807, 1818, 1850, 1856, 1882, 1885, 1895, 1909, 1924, 1944, 1962, 1995, 2022, 2068, 2080, 2103, 2110, 2124, 2128, 2135, 2169, 2190, 2220, 2239, 2249, 2275, 2331, 2356, 2437, 2467, 2475, 2494, 2502, 2541, 2547, 2650, 2711, 2730, 2750, 2756, 2763, 2773, 2824]","[1249, 1496, 2124]","[79, 122, 124, 140, 146, 152, 174, 214, 260, 270, 364, 483, 506, 528, 531, 544, 592, 599, 679, 753, 760, 783, 790, 813, 824, 829, 846, 854, 898, 912, 925, 961, 971, 988, 1004, 1015, 1046, 1105, 1165, 1216, 1234, 1253, 1257, 1311, 1357, 1393, 1396, 1443, 1445, 1450, 1474, 1500, 1526, 1530, 1535, 1544, 1551, 1566, 1574, 1597, 1600, 1611, 1616, 1623, 1642, 1645, 1656, 1675, 1738, 1753, 1773, 1775, 1797, 1799, 1807, 1818, 1850, 1856, 1882, 1885, 1895, 1909, 1924, 1944, 1962, 1995, 2022, 2068, 2080, 2103, 2110, 2128, 2135, 2169, 2190, 2220, 2239, 2249, 2275, 2331, 2356, 2437, 2467, 2475, 2494, 2502, 2541, 2547, 2650, 2711, 2730, 2750, 2756, 2763, 2773, 2824]","[1249, 1496, 2124]",2842,119,2723,3,116,2723,0
-1.5,MUSFERHC,"[40, 85, 176, 220, 229, 245, 263, 339, 380, 393, 455, 483, 487, 526, 530, 538, 588, 627, 634, 654, 678, 713, 721, 746, 751, 785, 804, 809, 839, 848, 857, 863, 870, 889, 891, 910, 1011, 1021, 1055, 1061, 1083, 1085, 1100, 1103, 1107, 1117, 1163, 1184, 1213, 1224, 1230, 1257, 1297, 1357, 1363, 1367, 1384, 1394, 1417, 1479, 1528, 1558, 1597, 1634, 1644, 1654, 1661, 1704, 1798, 1827, 1831, 1844, 1860, 1885, 1912, 1944, 1998, 2000, 2005, 2021, 2029, 2069, 2103, 2105, 2126, 2128, 2185, 2189, 2200, 2209, 2251, 2284, 2300, 2311, 2319, 2341, 2349, 2371, 2428, 2462, 2474, 2486, 2496, 2558, 2586, 2606, 2690, 2721, 2732, 2755, 2764]","[483, 1827, 2185]","[40, 85, 176, 220, 229, 245, 263, 339, 380, 393, 455, 487, 526, 530, 538, 588, 627, 634, 654, 678, 713, 721, 746, 751, 785, 804, 809, 839, 848, 857, 863, 870, 889, 891, 910, 1011, 1021, 1055, 1061, 1083, 1085, 1100, 1103, 1107, 1117, 1163, 1184, 1213, 1224, 1230, 1257, 1297, 1357, 1363, 1367, 1384, 1394, 1417, 1479, 1528, 1558, 1597, 1634, 1644, 1654, 1661, 1704, 1798, 1831, 1844, 1860, 1885, 1912, 1944, 1998, 2000, 2005, 2021, 2029, 2069, 2103, 2105, 2126, 2128, 2189, 2200, 2209, 2251, 2284, 2300, 2311, 2319, 2341, 2349, 2371, 2428, 2462, 2474, 2486, 2496, 2558, 2586, 2606, 2690, 2721, 2732, 2755, 2764]","[483, 1827, 2185]",2782,111,2671,3,108,2671,0
-1.5,MUSFKBP13X,"[11, 14, 27, 64, 123, 130, 135, 199, 252, 262, 264, 284, 321, 327, 333, 360, 406, 547, 550, 567, 575, 614, 646, 704, 736, 740, 745, 752, 761, 764, 768, 787, 806, 817, 832, 843, 860, 862, 881, 885, 904, 920, 928, 950, 980, 1024, 1070, 1078, 1100, 1109, 1121, 1135, 1153, 1189, 1233, 1247, 1282, 1307, 1328, 1334, 1358, 1372, 1381, 1416, 1449, 1465, 1556, 1560, 1564]","[321, 736, 904, 1282]","[11, 14, 27, 64, 123, 130, 135, 199, 252, 262, 264, 284, 327, 333, 360, 406, 547, 550, 567, 575, 614, 646, 704, 740, 745, 752, 761, 764, 768, 787, 806, 817, 832, 843, 860, 862, 881, 885, 920, 928, 950, 980, 1024, 1070, 1078, 1100, 1109, 1121, 1135, 1153, 1189, 1233, 1247, 1307, 1328, 1334, 1358, 1372, 1381, 1416, 1449, 1465, 1556, 1560, 1564]","[321, 736, 904, 1282]",1573,69,1504,4,65,1504,0
-1.5,MUSGAD45,"[39, 85, 90, 223, 272, 317, 335, 428, 521, 543, 559, 598, 609, 615, 623, 679, 730, 747, 807, 840, 935, 939, 941, 956, 981, 1034, 1055, 1074, 1091, 1097, 1099, 1124, 1126, 1139, 1187, 1233, 1236, 1241, 1278, 1309, 1347, 1360, 1444, 1446, 1452, 1458, 1494, 1531, 1534, 1542, 1551, 1563, 1567, 1595, 1599, 1649, 1700, 1719, 1742, 1755, 1761, 1764, 1766, 1815, 1817, 1824, 1852, 1893, 1895, 1898, 1902, 1927, 1938, 1946, 1959, 1980, 1982, 1990, 2001, 2018, 2025, 2037, 2085, 2139, 2158, 2170, 2190, 2211, 2213, 2221, 2227, 2234, 2271, 2278, 2295, 2307, 2336, 2426, 2442, 2446, 2452, 2472, 2586, 2647, 2751, 2796, 2807, 2813, 2865, 2905, 2970, 2977, 3023, 3036, 3051, 3053, 3056]","[935, 1126, 1458]","[39, 85, 90, 223, 272, 317, 335, 428, 521, 543, 559, 598, 609, 615, 623, 679, 730, 747, 807, 840, 939, 941, 956, 981, 1034, 1055, 1074, 1091, 1097, 1099, 1124, 1139, 1187, 1233, 1236, 1241, 1278, 1309, 1347, 1360, 1444, 1446, 1452, 1494, 1531, 1534, 1542, 1551, 1563, 1567, 1595, 1599, 1649, 1700, 1719, 1742, 1755, 1761, 1764, 1766, 1815, 1817, 1824, 1852, 1893, 1895, 1898, 1902, 1927, 1938, 1946, 1959, 1980, 1982, 1990, 2001, 2018, 2025, 2037, 2085, 2139, 2158, 2170, 2190, 2211, 2213, 2221, 2227, 2234, 2271, 2278, 2295, 2307, 2336, 2426, 2442, 2446, 2452, 2472, 2586, 2647, 2751, 2796, 2807, 2813, 2865, 2905, 2970, 2977, 3023, 3036, 3051, 3053, 3056]","[935, 1126, 1458]",3092,117,2975,3,114,2975,0
-1.5,MUSGFJE,"[63, 91, 125, 152, 184, 190, 193, 266, 378, 462, 554, 560, 608, 610, 624, 676, 683, 704, 709, 815, 874, 890, 910, 914, 965, 1009, 1012, 1085, 1090, 1098, 1111, 1117, 1157, 1194, 1224, 1231, 1258, 1302, 1323, 1349, 1431, 1468, 1484, 1487, 1489, 1524, 1565, 1704, 1766, 1793, 1839, 1843, 1949, 1968, 1981, 2037, 2043, 2050, 2052, 2058, 2066, 2068, 2080, 2127, 2167, 2169, 2191, 2217, 2235, 2249, 2260, 2275, 2334, 2342, 2386]","[624, 1489]","[63, 91, 125, 152, 184, 190, 193, 266, 378, 462, 554, 560, 608, 610, 676, 683, 704, 709, 815, 874, 890, 910, 914, 965, 1009, 1012, 1085, 1090, 1098, 1111, 1117, 1157, 1194, 1224, 1231, 1258, 1302, 1323, 1349, 1431, 1468, 1484, 1487, 1524, 1565, 1704, 1766, 1793, 1839, 1843, 1949, 1968, 1981, 2037, 2043, 2050, 2052, 2058, 2066, 2068, 2080, 2127, 2167, 2169, 2191, 2217, 2235, 2249, 2260, 2275, 2334, 2342, 2386]","[624, 1489]",2403,75,2328,2,73,2328,0
-1.5,MUSGPOAD,"[5, 51, 87, 172, 236, 278, 299, 301, 303, 305, 307, 309, 311, 313, 315, 317, 319, 321, 325, 339, 347, 349, 353, 357, 387, 410, 416, 430, 434, 437, 461, 479, 568, 612, 627, 629, 649, 695, 774, 780, 788, 790, 792, 822, 851, 868, 870, 878, 890, 948, 960, 968, 1011, 1044, 1048, 1053, 1084, 1102, 1137, 1140, 1169, 1265, 1324, 1328, 1340, 1395, 1489, 1496, 1503, 1536, 1575, 1577, 1583, 1657, 1715, 1719, 1731, 1737, 1747, 1915, 1950, 2017, 2042, 2083, 2092, 2106, 2170, 2238, 2269, 2285, 2298, 2306, 2324, 2403, 2425, 2481, 2511, 2538, 2542, 2548, 2550, 2560, 2575, 2645, 2681, 2695, 2710, 2760, 2808, 2815, 2817, 2843, 2852, 2862, 2864, 2885, 2898, 2905, 2907, 2920, 2995, 3004, 3046, 3079, 3090, 3176, 3184, 3186, 3192, 3314, 3318, 3329, 3337, 3408, 3422, 3435, 3442, 3444, 3446, 3518, 3520, 3538, 3554, 3613, 3634, 3716, 3801, 3803, 3815, 3847, 3883, 3896, 3913, 3919, 3926, 3989, 4017, 4020, 4023, 4027, 4046, 4061, 4067, 4078, 4084, 4112, 4126, 4137, 4156, 4168, 4183, 4203, 4206, 4242, 4250, 4326, 4403, 4407, 4491, 4494, 4505, 4588, 4637, 4715, 4782, 4790, 4816, 4820, 4837, 4874, 4881, 4916, 4920, 4933, 4996, 5000, 5006, 5038, 5045, 5083, 5110, 5114, 5154, 5156, 5245, 5250, 5262, 5286, 5326, 5328, 5342, 5386, 5400, 5416, 5445, 5488, 5513, 5535, 5577, 5610, 5628, 5647, 5652, 5659, 5675, 5719, 5799, 5804, 5826, 5848, 5859, 5906, 5910, 5915, 5944, 5950, 5952, 5974, 5993, 6016, 6074, 6077, 6149, 6170, 6181, 6197, 6206, 6211, 6226, 6361, 6398, 6408, 6420, 6436, 6505, 6515, 6519, 6523, 6538, 6573, 6627, 6714, 6724, 6779, 6803, 6816, 6834, 6836, 6859, 6872, 6885, 6942, 7020, 7032, 7034, 7048, 7056, 7066, 7092, 7188, 7191, 7204, 7233, 7258, 7264, 7302, 7353, 7393, 7403, 7425, 7433, 7455, 7504, 7530, 7567, 7583, 7592, 7632, 7660, 7756, 7760, 7771, 7776, 7810, 7834, 7850, 7860, 7872, 7902, 7918, 7929, 7933, 7980, 7998, 8025, 8040, 8042, 8065]","[1044, 2306, 4403, 4916]","[5, 51, 87, 172, 236, 278, 299, 301, 303, 305, 307, 309, 311, 313, 315, 317, 319, 321, 325, 339, 347, 349, 353, 357, 387, 410, 416, 430, 434, 437, 461, 479, 568, 612, 627, 629, 649, 695, 774, 780, 788, 790, 792, 822, 851, 868, 870, 878, 890, 948, 960, 968, 1011, 1048, 1053, 1084, 1102, 1137, 1140, 1169, 1265, 1324, 1328, 1340, 1395, 1489, 1496, 1503, 1536, 1575, 1577, 1583, 1657, 1715, 1719, 1731, 1737, 1747, 1915, 1950, 2017, 2042, 2083, 2092, 2106, 2170, 2238, 2269, 2285, 2298, 2324, 2403, 2425, 2481, 2511, 2538, 2542, 2548, 2550, 2560, 2575, 2645, 2681, 2695, 2710, 2760, 2808, 2815, 2817, 2843, 2852, 2862, 2864, 2885, 2898, 2905, 2907, 2920, 2995, 3004, 3046, 3079, 3090, 3176, 3184, 3186, 3192, 3314, 3318, 3329, 3337, 3408, 3422, 3435, 3442, 3444, 3446, 3518, 3520, 3538, 3554, 3613, 3634, 3716, 3801, 3803, 3815, 3847, 3883, 3896, 3913, 3919, 3926, 3989, 4017, 4020, 4023, 4027, 4046, 4061, 4067, 4078, 4084, 4112, 4126, 4137, 4156, 4168, 4183, 4203, 4206, 4242, 4250, 4326, 4407, 4491, 4494, 4505, 4588, 4637, 4715, 4782, 4790, 4816, 4820, 4837, 4874, 4881, 4920, 4933, 4996, 5000, 5006, 5038, 5045, 5083, 5110, 5114, 5154, 5156, 5245, 5250, 5262, 5286, 5326, 5328, 5342, 5386, 5400, 5416, 5445, 5488, 5513, 5535, 5577, 5610, 5628, 5647, 5652, 5659, 5675, 5719, 5799, 5804, 5826, 5848, 5859, 5906, 5910, 5915, 5944, 5950, 5952, 5974, 5993, 6016, 6074, 6077, 6149, 6170, 6181, 6197, 6206, 6211, 6226, 6361, 6398, 6408, 6420, 6436, 6505, 6515, 6519, 6523, 6538, 6573, 6627, 6714, 6724, 6779, 6803, 6816, 6834, 6836, 6859, 6872, 6885, 6942, 7020, 7032, 7034, 7048, 7056, 7066, 7092, 7188, 7191, 7204, 7233, 7258, 7264, 7302, 7353, 7393, 7403, 7425, 7433, 7455, 7504, 7530, 7567, 7583, 7592, 7632, 7660, 7756, 7760, 7771, 7776, 7810, 7834, 7850, 7860, 7872, 7902, 7918, 7929, 7933, 7980, 7998, 8025, 8040, 8042, 8065]","[1044, 2306, 4403, 4916]",8068,318,7750,4,314,7750,0
-1.5,MUSHBBH0,"[163, 177, 184, 203, 276, 327, 342, 365, 370, 401, 429, 470, 478, 521, 527, 546, 564, 571, 580, 591, 651, 655, 721, 768, 800, 824, 867, 879, 914, 935, 973, 1012, 1016, 1020, 1033, 1053, 1060, 1104, 1112, 1116, 1192, 1208, 1212, 1252, 1265, 1269, 1327, 1392, 1430, 1442, 1447, 1476, 1487, 1495, 1501, 1548, 1566, 1576, 1596, 1645, 1693, 1702, 1737, 1772, 1783, 1848, 1852, 1855, 1861, 1884, 1920, 1955, 1961, 2006, 2032, 2081]","[365, 914]","[163, 177, 184, 203, 276, 327, 342, 370, 401, 429, 470, 478, 521, 527, 546, 564, 571, 580, 591, 651, 655, 721, 768, 800, 824, 867, 879, 935, 973, 1012, 1016, 1020, 1033, 1053, 1060, 1104, 1112, 1116, 1192, 1208, 1212, 1252, 1265, 1269, 1327, 1392, 1430, 1442, 1447, 1476, 1487, 1495, 1501, 1548, 1566, 1576, 1596, 1645, 1693, 1702, 1737, 1772, 1783, 1848, 1852, 1855, 1861, 1884, 1920, 1955, 1961, 2006, 2032, 2081]","[365, 914]",2127,76,2051,2,74,2051,0
-1.5,MUSHBBH1,"[9, 26, 52, 97, 118, 249, 263, 270, 289, 362, 413, 428, 451, 499, 510, 599, 666, 690, 733, 745, 759, 780, 801, 847, 871, 898, 902, 911, 933, 944, 963, 975, 1004, 1062, 1154, 1276, 1294, 1323, 1336, 1417, 1432, 1437, 1440, 1442, 1458, 1476, 1490, 1493, 1497, 1500, 1571, 1602, 1606, 1651, 1675, 1684, 1707, 1728, 1746, 1855, 1898, 1902]","[451, 780]","[9, 26, 52, 97, 118, 249, 263, 270, 289, 362, 413, 428, 499, 510, 599, 666, 690, 733, 745, 759, 801, 847, 871, 898, 902, 911, 933, 944, 963, 975, 1004, 1062, 1154, 1276, 1294, 1323, 1336, 1417, 1432, 1437, 1440, 1442, 1458, 1476, 1490, 1493, 1497, 1500, 1571, 1602, 1606, 1651, 1675, 1684, 1707, 1728, 1746, 1855, 1898, 1902]","[451, 780]",1918,62,1856,2,60,1856,0
-1.5,MUSHES1,"[38, 76, 83, 115, 127, 150, 156, 218, 270, 287, 322, 340, 345, 355, 385, 487, 506, 556, 564, 572, 585, 589, 592, 635, 652, 784, 788, 872, 936, 1068, 1108, 1121, 1140, 1159, 1186, 1189, 1233, 1242, 1307, 1320, 1323, 1338, 1341, 1351, 1367, 1381, 1400, 1406, 1410, 1413, 1424, 1450, 1455, 1473, 1488, 1493, 1512, 1536, 1551, 1626, 1629, 1671, 1698, 1752, 1754, 1784, 1797, 1817, 1819, 1839, 1949, 1963, 2004, 2054, 2085, 2103, 2106, 2172, 2181, 2197, 2208, 2223, 2236, 2264, 2273, 2308, 2387, 2390, 2431, 2441, 2448, 2471, 2508, 2519, 2563, 2577, 2641, 2682, 2696, 2699, 2717, 2743]","[556, 784, 1108]","[38, 76, 83, 115, 127, 150, 156, 218, 270, 287, 322, 340, 345, 355, 385, 487, 506, 564, 572, 585, 589, 592, 635, 652, 788, 872, 936, 1068, 1121, 1140, 1159, 1186, 1189, 1233, 1242, 1307, 1320, 1323, 1338, 1341, 1351, 1367, 1381, 1400, 1406, 1410, 1413, 1424, 1450, 1455, 1473, 1488, 1493, 1512, 1536, 1551, 1626, 1629, 1671, 1698, 1752, 1754, 1784, 1797, 1817, 1819, 1839, 1949, 1963, 2004, 2054, 2085, 2103, 2106, 2172, 2181, 2197, 2208, 2223, 2236, 2264, 2273, 2308, 2387, 2390, 2431, 2441, 2448, 2471, 2508, 2519, 2563, 2577, 2641, 2682, 2696, 2699, 2717, 2743]","[556, 784, 1108]",2817,102,2715,3,99,2715,0
-1.5,MUSHOX35A,"[48, 52, 61, 161, 186, 227, 232, 236, 240, 272, 281, 395, 534, 588, 592, 597, 602, 604, 612, 719, 739, 747, 749, 773, 779, 792, 803, 883, 966, 1024, 1062, 1066, 1298, 1308, 1425, 1462, 1507, 1518, 1535, 1539, 1541, 1583, 1624, 1715, 1721, 1782, 1845, 1922, 1952, 1966, 2007, 2012, 2132, 2168, 2175, 2273, 2353, 2356, 2372, 2465, 2512, 2514, 2520, 2525, 2531, 2577, 2581, 2661, 2665, 2677, 2713, 2721, 2730, 2796, 2846, 2850, 2854, 2878, 2881, 2918, 2951, 2963, 2981, 2987, 3008, 3016, 3040, 3045, 3101, 3119, 3127, 3143, 3150, 3159, 3169, 3184, 3209, 3231, 3243, 3248, 3271, 3349, 3398, 3440, 3453, 3464, 3519, 3524, 3545, 3550, 3589, 3647, 3664, 3747, 3750, 3785, 3787]",[1308],"[48, 52, 61, 161, 186, 227, 232, 236, 240, 272, 281, 395, 534, 588, 592, 597, 602, 604, 612, 719, 739, 747, 749, 773, 779, 792, 803, 883, 966, 1024, 1062, 1066, 1298, 1425, 1462, 1507, 1518, 1535, 1539, 1541, 1583, 1624, 1715, 1721, 1782, 1845, 1922, 1952, 1966, 2007, 2012, 2132, 2168, 2175, 2273, 2353, 2356, 2372, 2465, 2512, 2514, 2520, 2525, 2531, 2577, 2581, 2661, 2665, 2677, 2713, 2721, 2730, 2796, 2846, 2850, 2854, 2878, 2881, 2918, 2951, 2963, 2981, 2987, 3008, 3016, 3040, 3045, 3101, 3119, 3127, 3143, 3150, 3159, 3169, 3184, 3209, 3231, 3243, 3248, 3271, 3349, 3398, 3440, 3453, 3464, 3519, 3524, 3545, 3550, 3589, 3647, 3664, 3747, 3750, 3785, 3787]",[1308],3847,117,3730,1,116,3730,0
-1.5,MUSIL1RN,"[8, 64, 70, 87, 92, 101, 168, 216, 232, 238, 262, 280, 309, 382, 418, 512, 608, 626, 628, 632, 636, 640, 652, 656, 660, 666, 691, 693, 697, 709, 713, 719, 741, 743, 745, 747, 749, 751, 753, 755, 757, 759, 761, 765, 855, 886, 890, 961, 992, 998, 1022, 1047, 1079, 1081, 1093, 1112, 1120, 1128, 1154, 1159, 1227, 1275, 1279, 1312, 1317, 1321, 1348, 1388, 1416, 1434, 1445, 1489, 1503, 1529, 1559, 1586, 1593, 1600, 1658, 1676, 1702, 1736, 1777, 1785, 1849, 1868, 1880, 1889, 1901, 1907, 1912, 1922, 1928, 1931, 1978, 1991, 1994, 2011, 2060, 2085, 2098, 2157, 2186, 2206, 2224, 2251, 2289, 2293, 2311, 2319, 2328, 2357, 2451, 2483, 2487, 2506, 2508, 2552, 2576, 2616, 2650, 2723, 2729, 2747, 2789, 2793, 2802, 2816, 2836, 2936, 2940, 2962, 2999, 3042, 3076, 3100, 3116, 3123, 3125, 3147, 3157, 3196, 3201, 3208, 3215, 3225, 3235, 3237, 3268, 3270, 3450, 3469, 3500, 3511, 3518, 3549, 3560, 3592, 3608, 3665, 3678, 3711, 3722, 3731, 3734, 3762, 3805, 3808, 3854, 3860, 3883, 3905, 3910, 3913, 3930, 3938, 3975, 4008, 4013, 4028, 4053, 4136, 4158, 4162, 4165, 4244, 4427, 4448, 4482, 4550, 4565, 4630, 4632, 4637, 4680, 4684, 4744, 4785, 4814, 4917, 4939, 4968, 4987, 5058, 5073, 5166, 5177, 5184, 5237, 5245, 5266, 5269, 5295, 5297, 5335, 5475, 5498, 5562, 5568, 5629, 5631, 5633, 5635, 5637, 5639, 5641, 5643, 5645, 5647, 5649, 5651, 5653, 5655, 5657, 5659, 5661, 5663, 5665, 5667, 5669, 5683, 5700, 5768, 5798, 5845, 5852, 5875, 5968, 6006, 6034, 6078, 6198, 6210, 6217, 6262, 6270, 6275, 6289, 6303, 6305, 6341]","[512, 2483, 3549]","[8, 64, 70, 87, 92, 101, 168, 216, 232, 238, 262, 280, 309, 382, 418, 608, 626, 628, 632, 636, 640, 652, 656, 660, 666, 691, 693, 697, 709, 713, 719, 741, 743, 745, 747, 749, 751, 753, 755, 757, 759, 761, 765, 855, 886, 890, 961, 992, 998, 1022, 1047, 1079, 1081, 1093, 1112, 1120, 1128, 1154, 1159, 1227, 1275, 1279, 1312, 1317, 1321, 1348, 1388, 1416, 1434, 1445, 1489, 1503, 1529, 1559, 1586, 1593, 1600, 1658, 1676, 1702, 1736, 1777, 1785, 1849, 1868, 1880, 1889, 1901, 1907, 1912, 1922, 1928, 1931, 1978, 1991, 1994, 2011, 2060, 2085, 2098, 2157, 2186, 2206, 2224, 2251, 2289, 2293, 2311, 2319, 2328, 2357, 2451, 2487, 2506, 2508, 2552, 2576, 2616, 2650, 2723, 2729, 2747, 2789, 2793, 2802, 2816, 2836, 2936, 2940, 2962, 2999, 3042, 3076, 3100, 3116, 3123, 3125, 3147, 3157, 3196, 3201, 3208, 3215, 3225, 3235, 3237, 3268, 3270, 3450, 3469, 3500, 3511, 3518, 3560, 3592, 3608, 3665, 3678, 3711, 3722, 3731, 3734, 3762, 3805, 3808, 3854, 3860, 3883, 3905, 3910, 3913, 3930, 3938, 3975, 4008, 4013, 4028, 4053, 4136, 4158, 4162, 4165, 4244, 4427, 4448, 4482, 4550, 4565, 4630, 4632, 4637, 4680, 4684, 4744, 4785, 4814, 4917, 4939, 4968, 4987, 5058, 5073, 5166, 5177, 5184, 5237, 5245, 5266, 5269, 5295, 5297, 5335, 5475, 5498, 5562, 5568, 5629, 5631, 5633, 5635, 5637, 5639, 5641, 5643, 5645, 5647, 5649, 5651, 5653, 5655, 5657, 5659, 5661, 5663, 5665, 5667, 5669, 5683, 5700, 5768, 5798, 5845, 5852, 5875, 5968, 6006, 6034, 6078, 6198, 6210, 6217, 6262, 6270, 6275, 6289, 6303, 6305, 6341]","[512, 2483, 3549]",6342,261,6081,3,258,6081,0
-1.5,MUSKE3A,"[7, 21, 82, 96, 126, 139, 141, 167, 239, 241, 243, 304, 311, 340, 349, 365, 406, 411, 434, 451, 484, 544, 550, 552, 622, 647, 650, 655, 657, 661, 663, 687, 726, 741, 752, 772, 788, 794, 801, 804, 833, 840, 885, 888, 926, 931, 953, 957, 976, 981, 1002, 1006, 1009, 1019, 1032, 1048, 1062, 1088, 1093, 1098, 1110, 1116, 1134, 1163, 1215, 1222, 1227, 1239, 1273, 1280, 1282, 1328, 1353, 1360, 1362, 1366, 1377, 1386, 1391, 1400, 1402, 1410, 1545, 1562, 1566, 1569, 1573, 1582, 1604, 1620, 1645, 1661, 1667, 1713, 1721, 1752, 1820, 1847, 1861, 1881, 1915, 1929, 1948, 1961, 1966, 2000, 2007, 2011, 2027, 2031, 2039, 2052, 2058, 2073, 2150, 2170, 2194, 2200, 2203, 2209, 2224, 2228, 2237, 2258, 2284, 2290, 2301, 2308, 2321, 2339, 2398, 2409, 2447, 2465, 2481, 2485, 2499, 2501, 2525, 2529, 2553, 2606, 2651, 2659, 2661, 2663, 2665, 2682, 2693, 2727, 2794, 2798, 2800, 2909, 2920, 2937, 2960, 2977, 3032, 3053, 3056, 3116, 3125, 3154, 3172, 3194, 3208, 3218, 3222, 3234, 3244, 3247, 3262, 3308, 3321, 3339, 3400, 3405, 3409, 3475, 3482, 3506, 3508, 3515, 3553, 3557, 3559]","[21, 544, 3218, 3400]","[7, 82, 96, 126, 139, 141, 167, 239, 241, 243, 304, 311, 340, 349, 365, 406, 411, 434, 451, 484, 550, 552, 622, 647, 650, 655, 657, 661, 663, 687, 726, 741, 752, 772, 788, 794, 801, 804, 833, 840, 885, 888, 926, 931, 953, 957, 976, 981, 1002, 1006, 1009, 1019, 1032, 1048, 1062, 1088, 1093, 1098, 1110, 1116, 1134, 1163, 1215, 1222, 1227, 1239, 1273, 1280, 1282, 1328, 1353, 1360, 1362, 1366, 1377, 1386, 1391, 1400, 1402, 1410, 1545, 1562, 1566, 1569, 1573, 1582, 1604, 1620, 1645, 1661, 1667, 1713, 1721, 1752, 1820, 1847, 1861, 1881, 1915, 1929, 1948, 1961, 1966, 2000, 2007, 2011, 2027, 2031, 2039, 2052, 2058, 2073, 2150, 2170, 2194, 2200, 2203, 2209, 2224, 2228, 2237, 2258, 2284, 2290, 2301, 2308, 2321, 2339, 2398, 2409, 2447, 2465, 2481, 2485, 2499, 2501, 2525, 2529, 2553, 2606, 2651, 2659, 2661, 2663, 2665, 2682, 2693, 2727, 2794, 2798, 2800, 2909, 2920, 2937, 2960, 2977, 3032, 3053, 3056, 3116, 3125, 3154, 3172, 3194, 3208, 3222, 3234, 3244, 3247, 3262, 3308, 3321, 3339, 3405, 3409, 3475, 3482, 3506, 3508, 3515, 3553, 3557, 3559]","[21, 544, 3218, 3400]",3612,187,3425,4,183,3425,0
-1.5,MUSLMP7A,"[45, 49, 76, 78, 175, 276, 287, 400, 429, 431, 433, 438, 473, 487, 492, 535, 559, 567, 577, 580, 649, 675, 700, 755, 787, 813, 903, 983, 994, 1082, 1093, 1107, 1112, 1143, 1165, 1168, 1188, 1193, 1218, 1247, 1318, 1327, 1354, 1358, 1361, 1364, 1368, 1385, 1387, 1397, 1407, 1469, 1507, 1533, 1570, 1574, 1592, 1645, 1677, 1690, 1708, 1710, 1738, 1756, 1771, 1782, 1828, 1855, 1876, 1924, 1978, 2022, 2030, 2033, 2094, 2113, 2119, 2153, 2157, 2161, 2163, 2172, 2174, 2185, 2194, 2211, 2269, 2275, 2293, 2297, 2307, 2362, 2397, 2402, 2405, 2421, 2436, 2448, 2454, 2462, 2513, 2533, 2610, 2686, 2689, 2758, 2814, 2838, 2840, 2893, 2899, 2902, 2933, 2935, 2974, 3012, 3029, 3033, 3042, 3046, 3069, 3113, 3130, 3132, 3178, 3182, 3240, 3243, 3255, 3296, 3299, 3342, 3344, 3372, 3403, 3453, 3487, 3559, 3569, 3572, 3674, 3744, 3782, 3790, 3795, 3831, 3833, 3835, 3837, 3839, 3937, 3939, 3959, 3964, 3970, 3985, 3989, 3999, 4005, 4023, 4057, 4184, 4203, 4212, 4220, 4236, 4244]","[1318, 2153, 2454, 3029, 3674]","[45, 49, 76, 78, 175, 276, 287, 400, 429, 431, 433, 438, 473, 487, 492, 535, 559, 567, 577, 580, 649, 675, 700, 755, 787, 813, 903, 983, 994, 1082, 1093, 1107, 1112, 1143, 1165, 1168, 1188, 1193, 1218, 1247, 1327, 1354, 1358, 1361, 1364, 1368, 1385, 1387, 1397, 1407, 1469, 1507, 1533, 1570, 1574, 1592, 1645, 1677, 1690, 1708, 1710, 1738, 1756, 1771, 1782, 1828, 1855, 1876, 1924, 1978, 2022, 2030, 2033, 2094, 2113, 2119, 2157, 2161, 2163, 2172, 2174, 2185, 2194, 2211, 2269, 2275, 2293, 2297, 2307, 2362, 2397, 2402, 2405, 2421, 2436, 2448, 2462, 2513, 2533, 2610, 2686, 2689, 2758, 2814, 2838, 2840, 2893, 2899, 2902, 2933, 2935, 2974, 3012, 3033, 3042, 3046, 3069, 3113, 3130, 3132, 3178, 3182, 3240, 3243, 3255, 3296, 3299, 3342, 3344, 3372, 3403, 3453, 3487, 3559, 3569, 3572, 3744, 3782, 3790, 3795, 3831, 3833, 3835, 3837, 3839, 3937, 3939, 3959, 3964, 3970, 3985, 3989, 3999, 4005, 4023, 4057, 4184, 4203, 4212, 4220, 4236, 4244]","[1318, 2153, 2454, 3029, 3674]",4259,167,4092,5,162,4092,0
-1.5,MUSLTA,"[20, 43, 45, 56, 126, 171, 177, 220, 249, 272, 297, 333, 343, 382, 447, 450, 521, 530, 569, 650, 706, 727, 749, 765, 830, 837, 844, 852, 1018, 1040, 1207, 1245, 1331, 1344, 1347, 1363, 1373, 1491, 1501, 1514, 1566, 1590, 1612, 1632, 1637, 1651, 1653, 1702, 1744, 1807, 1830, 1838, 1900, 1986, 1990, 2015, 2050, 2104, 2114, 2128, 2132, 2201, 2217, 2264, 2321, 2347, 2413, 2446, 2459, 2469, 2473, 2475, 2496, 2500, 2511, 2524, 2537, 2600, 2602, 2625, 2687, 2843, 2847, 2853, 2898, 2918, 2941, 2991, 3021, 3073, 3077, 3164, 3199, 3209, 3220, 3240, 3253, 3278]","[1807, 1990]","[20, 43, 45, 56, 126, 171, 177, 220, 249, 272, 297, 333, 343, 382, 447, 450, 521, 530, 569, 650, 706, 727, 749, 765, 830, 837, 844, 852, 1018, 1040, 1207, 1245, 1331, 1344, 1347, 1363, 1373, 1491, 1501, 1514, 1566, 1590, 1612, 1632, 1637, 1651, 1653, 1702, 1744, 1830, 1838, 1900, 1986, 2015, 2050, 2104, 2114, 2128, 2132, 2201, 2217, 2264, 2321, 2347, 2413, 2446, 2459, 2469, 2473, 2475, 2496, 2500, 2511, 2524, 2537, 2600, 2602, 2625, 2687, 2843, 2847, 2853, 2898, 2918, 2941, 2991, 3021, 3073, 3077, 3164, 3199, 3209, 3220, 3240, 3253, 3278]","[1807, 1990]",3286,98,3188,2,96,3188,0
-1.5,MUSMC26,"[84, 123, 129, 155, 180, 196, 234, 238, 276, 290, 293, 303, 306, 316, 339, 344, 383, 424, 518, 530, 539, 554, 591, 619, 634, 646, 682, 687, 695, 706, 720, 724, 752, 778, 782, 816, 843, 905, 969, 1017, 1071, 1094, 1232, 1260, 1347, 1581, 1589, 1591, 1621, 1661, 1668, 1805, 1839, 1884, 1906, 2006, 2021, 2028, 2071, 2110, 2191, 2235, 2347, 2382, 2419, 2423, 2470, 2475, 2496, 2540, 2595, 2651, 2691, 2727, 2761, 2784, 2898, 2921, 2923, 2959, 2962, 3046, 3055, 3075, 3100, 3190, 3218, 3222, 3240, 3249, 3260, 3283, 3331, 3344, 3415, 3442, 3462, 3483, 3548, 3627, 3649, 3666, 3682, 3687, 3716, 3737, 3756, 3831, 3839, 3870, 3964, 3973, 3982, 4041, 4044, 4100, 4144, 4179, 4182, 4208, 4215, 4272, 4302, 4322, 4324, 4341, 4400, 4413, 4429, 4449, 4456, 4477, 4486, 4496, 4538, 4541, 4586, 4613, 4648, 4663, 4669, 4675, 4680, 4765, 4770, 5064, 5069, 5093, 5140, 5181, 5306]","[2419, 3190, 4144]","[84, 123, 129, 155, 180, 196, 234, 238, 276, 290, 293, 303, 306, 316, 339, 344, 383, 424, 518, 530, 539, 554, 591, 619, 634, 646, 682, 687, 695, 706, 720, 724, 752, 778, 782, 816, 843, 905, 969, 1017, 1071, 1094, 1232, 1260, 1347, 1581, 1589, 1591, 1621, 1661, 1668, 1805, 1839, 1884, 1906, 2006, 2021, 2028, 2071, 2110, 2191, 2235, 2347, 2382, 2423, 2470, 2475, 2496, 2540, 2595, 2651, 2691, 2727, 2761, 2784, 2898, 2921, 2923, 2959, 2962, 3046, 3055, 3075, 3100, 3218, 3222, 3240, 3249, 3260, 3283, 3331, 3344, 3415, 3442, 3462, 3483, 3548, 3627, 3649, 3666, 3682, 3687, 3716, 3737, 3756, 3831, 3839, 3870, 3964, 3973, 3982, 4041, 4044, 4100, 4179, 4182, 4208, 4215, 4272, 4302, 4322, 4324, 4341, 4400, 4413, 4429, 4449, 4456, 4477, 4486, 4496, 4538, 4541, 4586, 4613, 4648, 4663, 4669, 4675, 4680, 4765, 4770, 5064, 5069, 5093, 5140, 5181, 5306]","[2419, 3190, 4144]",5386,151,5235,3,148,5235,0
-1.5,MUSOGC,"[29, 113, 128, 142, 160, 244, 279, 290, 372, 414, 416, 460, 463, 489, 522, 535, 543, 546, 552, 573, 579, 613, 618, 620, 631, 633, 637, 644, 646, 662, 666, 670, 740, 742, 760, 779, 814, 833, 920, 928]","[113, 290, 489]","[29, 128, 142, 160, 244, 279, 372, 414, 416, 460, 463, 522, 535, 543, 546, 552, 573, 579, 613, 618, 620, 631, 633, 637, 644, 646, 662, 666, 670, 740, 742, 760, 779, 814, 833, 920, 928]","[113, 290, 489]",941,40,901,3,37,901,0
-1.5,MUSOGCA,"[27, 41, 54, 87, 110, 152, 154, 179, 200, 214, 230, 232, 266, 285, 340, 356, 367, 369, 464, 479, 513, 541, 564, 572, 623, 671, 703, 725, 749, 782, 866, 881, 895, 913, 997, 1032, 1043, 1125, 1167, 1169, 1213, 1216, 1242, 1275, 1296, 1326, 1332, 1344, 1366, 1371, 1373, 1386, 1390, 1397, 1399, 1415, 1419, 1423, 1495, 1513, 1532, 1567, 1586, 1673, 1681]","[866, 1043, 1242]","[27, 41, 54, 87, 110, 152, 154, 179, 200, 214, 230, 232, 266, 285, 340, 356, 367, 369, 464, 479, 513, 541, 564, 572, 623, 671, 703, 725, 749, 782, 881, 895, 913, 997, 1032, 1125, 1167, 1169, 1213, 1216, 1275, 1296, 1326, 1332, 1344, 1366, 1371, 1373, 1386, 1390, 1397, 1399, 1415, 1419, 1423, 1495, 1513, 1532, 1567, 1586, 1673, 1681]","[866, 1043, 1242]",1694,65,1629,3,62,1629,0
-1.5,MUSOGCB,"[113, 128, 142, 160, 244, 279, 290, 362, 373, 415, 417, 461, 464, 490, 523, 536, 547, 574, 580, 614, 619, 621, 632, 634, 638, 645, 647, 663, 667, 671, 741, 743, 761, 780, 815, 834, 921, 929]","[113, 290, 490]","[128, 142, 160, 244, 279, 362, 373, 415, 417, 461, 464, 523, 536, 547, 574, 580, 614, 619, 621, 632, 634, 638, 645, 647, 663, 667, 671, 741, 743, 761, 780, 815, 834, 921, 929]","[113, 290, 490]",942,38,904,3,35,904,0
-1.5,MUSPNMT,"[18, 27, 64, 74, 76, 85, 89, 104, 111, 148, 171, 184, 196, 200, 218, 242, 244, 276, 318, 367, 405, 509, 535, 547, 553, 555, 568, 582, 602, 630, 636, 654, 680, 694, 895, 920, 940, 947, 955, 964, 982, 986, 993, 1015, 1076, 1106, 1123, 1147, 1149, 1188, 1195, 1208, 1221, 1268, 1302, 1313, 1316, 1357, 1368, 1387, 1390, 1416, 1437, 1467, 1523, 1529, 1593, 1619, 1665, 1713, 1748, 1881, 1920, 1943, 1954, 1974, 1998, 2009, 2023, 2061, 2110, 2135, 2140, 2142, 2152, 2198, 2204, 2245, 2252, 2303, 2307, 2312, 2343, 2366, 2372, 2376, 2415, 2435, 2445, 2450, 2491, 2515, 2546, 2551, 2575, 2599, 2666, 2703, 2727, 2731, 2734, 2740, 2742, 2755, 2777, 2780, 2788, 2836, 2845, 2884, 2890, 2892, 2914, 2921, 2949, 2964, 2980, 2986, 3040, 3115, 3124]","[1665, 2343]","[18, 27, 64, 74, 76, 85, 89, 104, 111, 148, 171, 184, 196, 200, 218, 242, 244, 276, 318, 367, 405, 509, 535, 547, 553, 555, 568, 582, 602, 630, 636, 654, 680, 694, 895, 920, 940, 947, 955, 964, 982, 986, 993, 1015, 1076, 1106, 1123, 1147, 1149, 1188, 1195, 1208, 1221, 1268, 1302, 1313, 1316, 1357, 1368, 1387, 1390, 1416, 1437, 1467, 1523, 1529, 1593, 1619, 1713, 1748, 1881, 1920, 1943, 1954, 1974, 1998, 2009, 2023, 2061, 2110, 2135, 2140, 2142, 2152, 2198, 2204, 2245, 2252, 2303, 2307, 2312, 2366, 2372, 2376, 2415, 2435, 2445, 2450, 2491, 2515, 2546, 2551, 2575, 2599, 2666, 2703, 2727, 2731, 2734, 2740, 2742, 2755, 2777, 2780, 2788, 2836, 2845, 2884, 2890, 2892, 2914, 2921, 2949, 2964, 2980, 2986, 3040, 3115, 3124]","[1665, 2343]",3136,131,3005,2,129,3005,0
-1.5,MUSPROTA,"[124, 157, 169, 218, 254, 312, 330, 337, 341, 361, 385, 411, 421, 425, 433, 437, 447, 449, 479, 555, 572, 581, 585, 590, 624, 660, 697, 707, 709, 736, 764, 808, 821, 823, 848, 850, 883, 945, 999, 1001, 1027, 1031, 1148, 1173, 1190, 1213, 1223, 1233, 1250, 1275, 1277, 1281, 1293, 1298, 1300, 1393, 1474, 1493, 1497, 1499, 1503, 1547, 1609, 1627, 1664, 1737, 1762, 1786, 1789, 1814, 1872, 1945, 2011, 2033, 2069, 2073, 2140, 2151, 2188, 2190, 2200, 2210, 2217, 2254, 2261, 2268, 2278, 2303, 2328, 2352, 2369, 2380, 2382, 2446, 2449, 2513, 2527, 2530, 2534, 2556, 2575, 2585, 2604, 2626, 2661, 2666, 2737, 2758, 2785, 2791, 2817, 2820, 2829, 2834, 2883, 2902, 2913, 2945, 2969, 3013, 3098, 3119, 3155, 3181, 3214, 3224, 3341, 3350, 3438, 3444, 3491, 3522, 3555, 3586, 3621, 3627, 3663, 3718, 3720, 3743, 3756, 3985, 4006, 4010, 4024, 4040, 4085, 4087, 4095, 4105, 4110, 4170, 4202, 4205, 4223, 4281, 4377, 4397, 4410, 4434, 4436, 4449, 4514, 4549, 4551, 4559, 4593, 4600, 4618, 4624]","[1945, 2585, 3224, 3663]","[124, 157, 169, 218, 254, 312, 330, 337, 341, 361, 385, 411, 421, 425, 433, 437, 447, 449, 479, 555, 572, 581, 585, 590, 624, 660, 697, 707, 709, 736, 764, 808, 821, 823, 848, 850, 883, 945, 999, 1001, 1027, 1031, 1148, 1173, 1190, 1213, 1223, 1233, 1250, 1275, 1277, 1281, 1293, 1298, 1300, 1393, 1474, 1493, 1497, 1499, 1503, 1547, 1609, 1627, 1664, 1737, 1762, 1786, 1789, 1814, 1872, 2011, 2033, 2069, 2073, 2140, 2151, 2188, 2190, 2200, 2210, 2217, 2254, 2261, 2268, 2278, 2303, 2328, 2352, 2369, 2380, 2382, 2446, 2449, 2513, 2527, 2530, 2534, 2556, 2575, 2604, 2626, 2661, 2666, 2737, 2758, 2785, 2791, 2817, 2820, 2829, 2834, 2883, 2902, 2913, 2945, 2969, 3013, 3098, 3119, 3155, 3181, 3214, 3341, 3350, 3438, 3444, 3491, 3522, 3555, 3586, 3621, 3627, 3718, 3720, 3743, 3756, 3985, 4006, 4010, 4024, 4040, 4085, 4087, 4095, 4105, 4110, 4170, 4202, 4205, 4223, 4281, 4377, 4397, 4410, 4434, 4436, 4449, 4514, 4549, 4551, 4559, 4593, 4600, 4618, 4624]","[1945, 2585, 3224, 3663]",4636,170,4466,4,166,4466,0
-1.5,MUSPROTEB,"[12, 56, 79, 104, 131, 159, 189, 200, 216, 268, 321, 337, 398, 428, 454, 483, 496, 506, 539, 561, 565, 584, 586, 594, 618, 634, 642, 647, 678, 688, 749, 755, 765, 772, 803, 884, 952, 955, 962, 975, 990, 993, 1000, 1015, 1024, 1074, 1102, 1159, 1205, 1221, 1229, 1256, 1279, 1303, 1306, 1311, 1313, 1351, 1400, 1472, 1482, 1553, 1587, 1645, 1658, 1682, 1726, 1754, 1805, 1823, 1856, 1862, 1887, 1897, 1908, 1920, 1954, 1956, 1988, 2037, 2081, 2090, 2117, 2120, 2130, 2139, 2174, 2276, 2341]","[337, 594, 993, 1988]","[12, 56, 79, 104, 131, 159, 189, 200, 216, 268, 321, 398, 428, 454, 483, 496, 506, 539, 561, 565, 584, 586, 618, 634, 642, 647, 678, 688, 749, 755, 765, 772, 803, 884, 952, 955, 962, 975, 990, 1000, 1015, 1024, 1074, 1102, 1159, 1205, 1221, 1229, 1256, 1279, 1303, 1306, 1311, 1313, 1351, 1400, 1472, 1482, 1553, 1587, 1645, 1658, 1682, 1726, 1754, 1805, 1823, 1856, 1862, 1887, 1897, 1908, 1920, 1954, 1956, 2037, 2081, 2090, 2117, 2120, 2130, 2139, 2174, 2276, 2341]","[337, 594, 993, 1988]",2389,89,2300,4,85,2300,0
-1.5,MUSPRPC2,"[40, 48, 55, 67, 73, 118, 136, 165, 174, 210, 215, 227, 250, 254, 270, 278, 333, 349, 361, 364, 381, 425, 441, 443, 489, 520, 545, 575, 631, 652, 683, 743, 758, 795, 801, 817, 821, 856, 858, 917, 961, 964, 1063, 1152, 1158, 1160, 1279, 1477, 1498, 1523, 1530, 1541, 1606, 1647, 1649, 1664, 1784, 1891, 1908, 1938, 1981, 1996, 2032, 2057, 2089, 2111, 2113, 2127, 2129, 2200, 2210, 2212, 2218, 2238, 2305, 2321, 2391, 2405, 2421, 2430, 2455, 2459, 2468, 2470, 2482, 2488, 2519, 2542, 2548, 2570, 2573, 2583, 2585, 2591, 2605, 2635, 2682, 2687, 2706, 2740, 2806, 2812, 2882, 2917, 2919, 2924, 2937, 2990, 3008, 3019, 3062, 3107, 3141, 3162, 3166, 3169, 3189, 3255, 3294, 3343, 3352, 3359, 3393, 3449, 3495, 3521, 3531, 3533, 3535, 3539, 3580, 3596, 3626, 3629, 3640, 3650, 3665, 3702, 3778, 3793, 3800, 3833, 3885, 3897, 3972, 3975, 4083, 4087, 4123, 4145, 4170, 4186, 4190, 4200, 4202, 4204, 4233, 4267, 4330, 4406, 4425, 4511, 4513, 4520, 4548, 4550, 4552, 4634, 5026, 5314, 5471, 5486, 5493, 5516, 5520, 5522, 5582, 5700, 5761, 5779, 5813, 5833, 5857, 6118, 6159, 6196, 6262, 6328, 6331, 6366, 6461, 6473, 6487, 6490, 6607, 6619, 6632, 6646, 6699, 6714, 6720, 6722, 6743, 6785, 6793, 6797, 6801, 6803, 6805, 6812, 6815, 6822, 6846, 6869, 6877, 6919, 6929, 6936, 6965, 6970, 6980, 6987, 7011, 7058, 7067, 7077, 7135, 7189, 7191, 7232]",[801],"[40, 48, 55, 67, 73, 118, 136, 165, 174, 210, 215, 227, 250, 254, 270, 278, 333, 349, 361, 364, 381, 425, 441, 443, 489, 520, 545, 575, 631, 652, 683, 743, 758, 795, 817, 821, 856, 858, 917, 961, 964, 1063, 1152, 1158, 1160, 1279, 1477, 1498, 1523, 1530, 1541, 1606, 1647, 1649, 1664, 1784, 1891, 1908, 1938, 1981, 1996, 2032, 2057, 2089, 2111, 2113, 2127, 2129, 2200, 2210, 2212, 2218, 2238, 2305, 2321, 2391, 2405, 2421, 2430, 2455, 2459, 2468, 2470, 2482, 2488, 2519, 2542, 2548, 2570, 2573, 2583, 2585, 2591, 2605, 2635, 2682, 2687, 2706, 2740, 2806, 2812, 2882, 2917, 2919, 2924, 2937, 2990, 3008, 3019, 3062, 3107, 3141, 3162, 3166, 3169, 3189, 3255, 3294, 3343, 3352, 3359, 3393, 3449, 3495, 3521, 3531, 3533, 3535, 3539, 3580, 3596, 3626, 3629, 3640, 3650, 3665, 3702, 3778, 3793, 3800, 3833, 3885, 3897, 3972, 3975, 4083, 4087, 4123, 4145, 4170, 4186, 4190, 4200, 4202, 4204, 4233, 4267, 4330, 4406, 4425, 4511, 4513, 4520, 4548, 4550, 4552, 4634, 5026, 5314, 5471, 5486, 5493, 5516, 5520, 5522, 5582, 5700, 5761, 5779, 5813, 5833, 5857, 6118, 6159, 6196, 6262, 6328, 6331, 6366, 6461, 6473, 6487, 6490, 6607, 6619, 6632, 6646, 6699, 6714, 6720, 6722, 6743, 6785, 6793, 6797, 6801, 6803, 6805, 6812, 6815, 6822, 6846, 6869, 6877, 6919, 6929, 6936, 6965, 6970, 6980, 6987, 7011, 7058, 7067, 7077, 7135, 7189, 7191, 7232]",[801],7298,230,7068,1,229,7068,0
-1.5,MUSPRPMPB,"[42, 57, 69, 75, 120, 138, 175, 211, 216, 228, 255, 271, 277, 279, 356, 362, 365, 426, 442, 444, 490, 521, 545, 574, 630, 651, 683, 743, 758, 795, 801, 817, 821, 856, 917, 961, 964, 1065, 1155, 1157, 1161, 1230, 1440, 1480, 1532, 1544, 1620, 1623, 1650, 1757, 1776, 1798, 1823, 1839, 1853, 1855, 1886, 1920, 1981, 2039, 2059, 2067, 2069, 2078, 2139, 2161, 2163, 2171, 2197, 2203, 2283, 2952, 2967, 2974, 2997, 3001, 3003, 3043, 3058, 3061, 3177, 3238, 3256, 3288, 3308, 3346, 3430, 3526]",[801],"[42, 57, 69, 75, 120, 138, 175, 211, 216, 228, 255, 271, 277, 279, 356, 362, 365, 426, 442, 444, 490, 521, 545, 574, 630, 651, 683, 743, 758, 795, 817, 821, 856, 917, 961, 964, 1065, 1155, 1157, 1161, 1230, 1440, 1480, 1532, 1544, 1620, 1623, 1650, 1757, 1776, 1798, 1823, 1839, 1853, 1855, 1886, 1920, 1981, 2039, 2059, 2067, 2069, 2078, 2139, 2161, 2163, 2171, 2197, 2203, 2283, 2952, 2967, 2974, 2997, 3001, 3003, 3043, 3058, 3061, 3177, 3238, 3256, 3288, 3308, 3346, 3430, 3526]",[801],3566,88,3478,1,87,3478,0
-1.5,MUSREGI,"[191, 214, 231, 250, 283, 325, 327, 349, 451, 500, 560, 562, 580, 595, 597, 613, 627, 632, 636, 717, 761, 775, 779, 800, 809, 892, 910, 934, 946, 951, 954, 1000, 1012, 1023, 1038, 1057, 1084, 1159, 1182, 1258, 1316, 1354, 1371, 1395, 1409, 1446, 1448, 1458, 1464, 1471, 1503, 1558, 1562, 1584, 1593, 1615, 1731, 1799, 1807, 1817, 1819, 1832, 1922, 1965, 2033, 2064, 2125, 2127, 2138, 2180, 2200, 2230, 2234, 2304, 2310, 2362, 2388, 2390, 2392, 2411, 2417, 2428, 2450, 2479, 2487, 2497, 2499, 2506, 2530, 2565, 2572, 2587, 2611, 2646, 2696, 2743, 2748, 2825, 2903, 2907, 2940, 2960, 2969, 2971, 2993, 3037, 3050, 3060, 3139, 3158, 3162, 3193, 3235, 3285, 3368, 3374, 3524, 3550, 3578, 3617, 3619, 3647, 3667, 3699, 3707, 3733, 3742]","[1159, 1799, 2230, 2993]","[191, 214, 231, 250, 283, 325, 327, 349, 451, 500, 560, 562, 580, 595, 597, 613, 627, 632, 636, 717, 761, 775, 779, 800, 809, 892, 910, 934, 946, 951, 954, 1000, 1012, 1023, 1038, 1057, 1084, 1182, 1258, 1316, 1354, 1371, 1395, 1409, 1446, 1448, 1458, 1464, 1471, 1503, 1558, 1562, 1584, 1593, 1615, 1731, 1807, 1817, 1819, 1832, 1922, 1965, 2033, 2064, 2125, 2127, 2138, 2180, 2200, 2234, 2304, 2310, 2362, 2388, 2390, 2392, 2411, 2417, 2428, 2450, 2479, 2487, 2497, 2499, 2506, 2530, 2565, 2572, 2587, 2611, 2646, 2696, 2743, 2748, 2825, 2903, 2907, 2940, 2960, 2969, 2971, 3037, 3050, 3060, 3139, 3158, 3162, 3193, 3235, 3285, 3368, 3374, 3524, 3550, 3578, 3617, 3619, 3647, 3667, 3699, 3707, 3733, 3742]","[1159, 1799, 2230, 2993]",3748,127,3621,4,123,3621,0
-1.5,MUSREGII,"[14, 36, 44, 73, 105, 107, 119, 121, 159, 171, 175, 177, 237, 331, 348, 385, 396, 495, 506, 530, 536, 612, 618, 626, 669, 674, 676, 696, 754, 766, 849, 878, 927, 1012, 1033, 1087, 1141, 1147, 1162, 1171, 1237, 1239, 1271, 1273, 1298, 1355, 1491, 1558, 1573, 1603, 1626, 1630, 1637, 1657, 1693, 1786, 1789, 1834, 1875, 1883, 1928, 1938, 1941, 1958, 1986, 1988, 2023, 2034, 2056, 2125, 2142, 2148, 2215, 2217, 2271, 2352, 2368, 2382, 2421, 2437, 2443, 2455, 2466, 2478, 2490, 2522, 2526, 2530, 2543, 2554, 2598, 2633, 2646, 2700, 2837, 2879, 2921, 2927, 2945, 2986, 3001, 3023, 3058, 3061, 3069, 3091, 3116, 3120, 3142, 3169, 3191, 3233, 3277, 3308, 3318, 3336, 3350, 3368, 3439, 3463, 3525, 3615, 3634, 3680, 3757, 3789, 3877, 3896, 3924]","[927, 1626, 1988, 3091]","[14, 36, 44, 73, 105, 107, 119, 121, 159, 171, 175, 177, 237, 331, 348, 385, 396, 495, 506, 530, 536, 612, 618, 626, 669, 674, 676, 696, 754, 766, 849, 878, 1012, 1033, 1087, 1141, 1147, 1162, 1171, 1237, 1239, 1271, 1273, 1298, 1355, 1491, 1558, 1573, 1603, 1630, 1637, 1657, 1693, 1786, 1789, 1834, 1875, 1883, 1928, 1938, 1941, 1958, 1986, 2023, 2034, 2056, 2125, 2142, 2148, 2215, 2217, 2271, 2352, 2368, 2382, 2421, 2437, 2443, 2455, 2466, 2478, 2490, 2522, 2526, 2530, 2543, 2554, 2598, 2633, 2646, 2700, 2837, 2879, 2921, 2927, 2945, 2986, 3001, 3023, 3058, 3061, 3069, 3116, 3120, 3142, 3169, 3191, 3233, 3277, 3308, 3318, 3336, 3350, 3368, 3439, 3463, 3525, 3615, 3634, 3680, 3757, 3789, 3877, 3896, 3924]","[927, 1626, 1988, 3091]",3924,129,3795,4,125,3795,0
-1.5,MUSROM1X,"[12, 39, 45, 52, 68, 77, 96, 110, 115, 125, 219, 232, 339, 357, 380, 415, 500, 515, 532, 540, 546, 661, 670, 673, 692, 698, 742, 746, 764, 781, 865, 911, 946, 967, 983, 1030, 1096, 1109, 1121, 1146, 1182, 1187, 1194, 1198, 1223, 1234, 1242, 1246, 1307, 1326, 1342, 1372, 1386, 1405, 1466, 1498, 1510, 1519, 1617, 1660, 1766, 1776, 1798, 1819, 1830, 1848, 1852, 1887, 1944, 1954, 1961, 2038, 2169, 2175, 2200, 2243, 2302, 2320, 2325, 2341, 2369, 2421, 2529, 2539, 2555, 2559, 2594, 2616, 2640, 2649, 2763]","[1242, 1848]","[12, 39, 45, 52, 68, 77, 96, 110, 115, 125, 219, 232, 339, 357, 380, 415, 500, 515, 532, 540, 546, 661, 670, 673, 692, 698, 742, 746, 764, 781, 865, 911, 946, 967, 983, 1030, 1096, 1109, 1121, 1146, 1182, 1187, 1194, 1198, 1223, 1234, 1246, 1307, 1326, 1342, 1372, 1386, 1405, 1466, 1498, 1510, 1519, 1617, 1660, 1766, 1776, 1798, 1819, 1830, 1852, 1887, 1944, 1954, 1961, 2038, 2169, 2175, 2200, 2243, 2302, 2320, 2325, 2341, 2369, 2421, 2529, 2539, 2555, 2559, 2594, 2616, 2640, 2649, 2763]","[1242, 1848]",2779,91,2688,2,89,2688,0
-1.5,MUSRPL30,"[6, 18, 20, 22, 60, 84, 91, 99, 110, 144, 172, 209, 240, 242, 318, 326, 379, 410, 425, 449, 494, 496, 500, 504, 518, 555, 596, 598, 607, 642, 660, 664, 690, 696, 708, 742, 770, 778, 798, 803, 823, 849, 871, 874, 882, 891, 900, 909, 953, 960, 964, 1014, 1018, 1050, 1070, 1072, 1084, 1095, 1100, 1131, 1144, 1160, 1162, 1173, 1179, 1194, 1197, 1199, 1209, 1262, 1269, 1289, 1331, 1337, 1382, 1421, 1430, 1447, 1449, 1452, 1483, 1505, 1509, 1530, 1539, 1566, 1586, 1622, 1645, 1660, 1670, 1679, 1739, 1762, 1777, 1803, 1811, 1816, 1820, 1847, 1910, 1943, 1948, 1953, 1962, 1995, 2008, 2073, 2096, 2119, 2150, 2155, 2179, 2225, 2232, 2275, 2279, 2283, 2291, 2343, 2355, 2384, 2412, 2414, 2431, 2459, 2494, 2508, 2578, 2642, 2647, 2654, 2702, 2709, 2760, 2796, 2829, 2843, 2871, 2876, 2891, 2917, 2941, 2951, 2963, 2985, 3019, 3060, 3085, 3124, 3131, 3189, 3191, 3195, 3243, 3280, 3296, 3303, 3320, 3322, 3335, 3337, 3343, 3345, 3377, 3403, 3411, 3441, 3465]","[660, 1050, 2459]","[6, 18, 20, 22, 60, 84, 91, 99, 110, 144, 172, 209, 240, 242, 318, 326, 379, 410, 425, 449, 494, 496, 500, 504, 518, 555, 596, 598, 607, 642, 664, 690, 696, 708, 742, 770, 778, 798, 803, 823, 849, 871, 874, 882, 891, 900, 909, 953, 960, 964, 1014, 1018, 1070, 1072, 1084, 1095, 1100, 1131, 1144, 1160, 1162, 1173, 1179, 1194, 1197, 1199, 1209, 1262, 1269, 1289, 1331, 1337, 1382, 1421, 1430, 1447, 1449, 1452, 1483, 1505, 1509, 1530, 1539, 1566, 1586, 1622, 1645, 1660, 1670, 1679, 1739, 1762, 1777, 1803, 1811, 1816, 1820, 1847, 1910, 1943, 1948, 1953, 1962, 1995, 2008, 2073, 2096, 2119, 2150, 2155, 2179, 2225, 2232, 2275, 2279, 2283, 2291, 2343, 2355, 2384, 2412, 2414, 2431, 2494, 2508, 2578, 2642, 2647, 2654, 2702, 2709, 2760, 2796, 2829, 2843, 2871, 2876, 2891, 2917, 2941, 2951, 2963, 2985, 3019, 3060, 3085, 3124, 3131, 3189, 3191, 3195, 3243, 3280, 3296, 3303, 3320, 3322, 3335, 3337, 3343, 3345, 3377, 3403, 3411, 3441, 3465]","[660, 1050, 2459]",3468,169,3299,3,166,3299,0
-1.5,MUSRPS16,"[17, 88, 145, 224, 261, 268, 286, 291, 334, 359, 373, 375, 384, 390, 415, 425, 429, 435, 450, 475, 481, 512, 545, 600, 636, 680, 687, 689, 695, 708, 714, 758, 787, 819, 829, 846, 891, 908, 910, 936, 944, 963, 965, 1002, 1030, 1049, 1096, 1105, 1126, 1148, 1191, 1204, 1210, 1252, 1283, 1302, 1306, 1311, 1327, 1331, 1352, 1354, 1358, 1366, 1371, 1390, 1399, 1448, 1491, 1500, 1508, 1525, 1549, 1574, 1594, 1667, 1673, 1714, 1717, 1722, 1728, 1814, 1816, 1828, 1832, 1834, 1841, 1844, 1852, 1868, 1894, 1896, 1940, 1946, 1986, 2005, 2009, 2019, 2038, 2050, 2067, 2090, 2153, 2166, 2185, 2193, 2199, 2205, 2263, 2288, 2300, 2306, 2319, 2325, 2327, 2330, 2338, 2355, 2372, 2409, 2411, 2480, 2488, 2490, 2518, 2567, 2581, 2583]","[450, 687, 1868, 2005]","[17, 88, 145, 224, 261, 268, 286, 291, 334, 359, 373, 375, 384, 390, 415, 425, 429, 435, 475, 481, 512, 545, 600, 636, 680, 689, 695, 708, 714, 758, 787, 819, 829, 846, 891, 908, 910, 936, 944, 963, 965, 1002, 1030, 1049, 1096, 1105, 1126, 1148, 1191, 1204, 1210, 1252, 1283, 1302, 1306, 1311, 1327, 1331, 1352, 1354, 1358, 1366, 1371, 1390, 1399, 1448, 1491, 1500, 1508, 1525, 1549, 1574, 1594, 1667, 1673, 1714, 1717, 1722, 1728, 1814, 1816, 1828, 1832, 1834, 1841, 1844, 1852, 1894, 1896, 1940, 1946, 1986, 2009, 2019, 2038, 2050, 2067, 2090, 2153, 2166, 2185, 2193, 2199, 2205, 2263, 2288, 2300, 2306, 2319, 2325, 2327, 2330, 2338, 2355, 2372, 2409, 2411, 2480, 2488, 2490, 2518, 2567, 2581, 2583]","[450, 687, 1868, 2005]",2641,128,2513,4,124,2513,0
-1.5,MUSS100B,"[46, 65, 112, 133, 139, 168, 191, 213, 229, 244, 289, 307, 315, 331, 342, 356, 375, 430, 459, 476, 482, 493, 507, 551, 553, 579, 601, 603, 671, 678, 693, 741, 753, 880, 882, 885, 904, 928, 936, 951, 1034, 1069, 1081, 1090, 1097, 1101, 1123, 1152, 1160, 1264, 1407, 1423, 1464, 1501, 1514, 1534, 1548, 1598, 1710, 1721, 1778, 1785, 1853, 1898, 1925, 1927, 1957, 1995, 2041, 2090, 2162, 2287, 2295, 2332, 2335, 2341, 2365, 2391, 2415, 2546, 2618, 2634, 2640, 2685, 2692, 2714, 2757, 2804, 2892, 2904, 2913, 2946, 2962, 3025, 3077, 3093, 3113, 3132, 3151, 3160, 3250, 3269, 3281, 3332, 3338, 3344, 3401, 3441, 3492, 3498, 3508, 3526, 3570, 3619, 3627, 3660, 3677, 3691, 3709, 3753, 3846, 3852, 3891, 3997, 4177, 4207, 4270, 4309, 4341, 4352, 4357, 4359, 4361, 4363, 4365, 4367, 4369, 4371, 4373, 4377, 4379, 4381, 4387, 4563, 4582, 4611, 4641, 4647, 4672, 4716, 4740, 4757, 4784, 4806, 4832, 4849, 4871, 4920, 4953, 4977, 4992, 5032, 5082, 5104, 5119, 5135, 5149, 5158, 5169, 5219, 5270, 5302, 5309, 5313, 5321, 5323, 5329, 5333, 5341, 5398, 5439, 5444, 5555, 5689, 5692, 5772, 5780, 5786, 5793, 5812, 5874, 5890, 5897, 5920, 5929, 5959, 5965, 5970, 5975, 5988, 5990, 6003, 6011, 6033, 6046, 6067, 6078, 6113, 6115, 6134, 6158, 6291, 6295, 6301, 6303, 6322, 6395, 6425, 6438, 6443, 6449, 6462, 6523, 6548, 6587, 6608, 6638, 6653, 6655, 6686, 6694, 6696, 6709, 6767, 6775, 6827, 6850, 6880, 6884, 6965, 7012, 7026, 7036, 7045, 7055, 7070, 7074, 7100, 7115, 7147, 7175, 7183, 7187, 7230, 7311, 7322, 7388, 7404, 7438, 7447, 7501, 7517, 7531, 7551, 7588, 7682, 7685, 7694, 7729, 7731, 7766, 7801, 7834, 7866, 7948, 7995, 8033, 8045, 8057, 8061, 8067, 8108, 8131, 8139, 8146, 8172, 8180, 8184, 8200, 8255, 8310, 8376, 8378, 8383, 8398, 8455, 8573, 8580, 8612, 8616, 8626, 8662, 8671, 8698, 8711, 8736, 8748, 8758, 8823]",[4920],"[46, 65, 112, 133, 139, 168, 191, 213, 229, 244, 289, 307, 315, 331, 342, 356, 375, 430, 459, 476, 482, 493, 507, 551, 553, 579, 601, 603, 671, 678, 693, 741, 753, 880, 882, 885, 904, 928, 936, 951, 1034, 1069, 1081, 1090, 1097, 1101, 1123, 1152, 1160, 1264, 1407, 1423, 1464, 1501, 1514, 1534, 1548, 1598, 1710, 1721, 1778, 1785, 1853, 1898, 1925, 1927, 1957, 1995, 2041, 2090, 2162, 2287, 2295, 2332, 2335, 2341, 2365, 2391, 2415, 2546, 2618, 2634, 2640, 2685, 2692, 2714, 2757, 2804, 2892, 2904, 2913, 2946, 2962, 3025, 3077, 3093, 3113, 3132, 3151, 3160, 3250, 3269, 3281, 3332, 3338, 3344, 3401, 3441, 3492, 3498, 3508, 3526, 3570, 3619, 3627, 3660, 3677, 3691, 3709, 3753, 3846, 3852, 3891, 3997, 4177, 4207, 4270, 4309, 4341, 4352, 4357, 4359, 4361, 4363, 4365, 4367, 4369, 4371, 4373, 4377, 4379, 4381, 4387, 4563, 4582, 4611, 4641, 4647, 4672, 4716, 4740, 4757, 4784, 4806, 4832, 4849, 4871, 4953, 4977, 4992, 5032, 5082, 5104, 5119, 5135, 5149, 5158, 5169, 5219, 5270, 5302, 5309, 5313, 5321, 5323, 5329, 5333, 5341, 5398, 5439, 5444, 5555, 5689, 5692, 5772, 5780, 5786, 5793, 5812, 5874, 5890, 5897, 5920, 5929, 5959, 5965, 5970, 5975, 5988, 5990, 6003, 6011, 6033, 6046, 6067, 6078, 6113, 6115, 6134, 6158, 6291, 6295, 6301, 6303, 6322, 6395, 6425, 6438, 6443, 6449, 6462, 6523, 6548, 6587, 6608, 6638, 6653, 6655, 6686, 6694, 6696, 6709, 6767, 6775, 6827, 6850, 6880, 6884, 6965, 7012, 7026, 7036, 7045, 7055, 7070, 7074, 7100, 7115, 7147, 7175, 7183, 7187, 7230, 7311, 7322, 7388, 7404, 7438, 7447, 7501, 7517, 7531, 7551, 7588, 7682, 7685, 7694, 7729, 7731, 7766, 7801, 7834, 7866, 7948, 7995, 8033, 8045, 8057, 8061, 8067, 8108, 8131, 8139, 8146, 8172, 8180, 8184, 8200, 8255, 8310, 8376, 8378, 8383, 8398, 8455, 8573, 8580, 8612, 8616, 8626, 8662, 8671, 8698, 8711, 8736, 8748, 8758, 8823]",[4920],8865,309,8556,1,308,8556,0
-1.5,MUSSERPROA,"[27, 52, 62, 94, 111, 217, 221, 268, 281, 318, 354, 384, 422, 459, 471, 514, 531, 569, 606, 615, 669, 691, 719, 740, 750, 767, 792, 815, 817, 910, 960, 971, 1008, 1012, 1014, 1034, 1061, 1123, 1137, 1139, 1173, 1246, 1271, 1295, 1298, 1449, 1453, 1539, 1541, 1572, 1576, 1623, 1691, 1693, 1703, 1713, 1720, 1764, 1780, 1805, 1831, 1836, 1847, 1882, 1887, 1889, 1895, 1906, 1910, 1926, 1953, 1956, 2019, 2032, 2037, 2041, 2063, 2082, 2092, 2114, 2222, 2232, 2237, 2253, 2276, 2310, 2332, 2334, 2339, 2341, 2351, 2356, 2371, 2396, 2399, 2403, 2405, 2410, 2412, 2435, 2437, 2469, 2532, 2602, 2611, 2702, 2713, 2729, 2739, 2953, 2959, 3006, 3070, 3101, 3113, 3136, 3178, 3182, 3233, 3235, 3258, 3271, 3345, 3359, 3371, 3387, 3488, 3510, 3553, 3555, 3557, 3563, 3565, 3575, 3666, 3692, 3721, 3763, 3785, 3818, 3822, 3842, 3879, 3881, 3891, 3918, 3997, 4007, 4033, 4039, 4043, 4048, 4069, 4071, 4155, 4169, 4200, 4206, 4215, 4230, 4272, 4328, 4356, 4390, 4432, 4435]","[1449, 2092, 2739, 3178]","[27, 52, 62, 94, 111, 217, 221, 268, 281, 318, 354, 384, 422, 459, 471, 514, 531, 569, 606, 615, 669, 691, 719, 740, 750, 767, 792, 815, 817, 910, 960, 971, 1008, 1012, 1014, 1034, 1061, 1123, 1137, 1139, 1173, 1246, 1271, 1295, 1298, 1453, 1539, 1541, 1572, 1576, 1623, 1691, 1693, 1703, 1713, 1720, 1764, 1780, 1805, 1831, 1836, 1847, 1882, 1887, 1889, 1895, 1906, 1910, 1926, 1953, 1956, 2019, 2032, 2037, 2041, 2063, 2082, 2114, 2222, 2232, 2237, 2253, 2276, 2310, 2332, 2334, 2339, 2341, 2351, 2356, 2371, 2396, 2399, 2403, 2405, 2410, 2412, 2435, 2437, 2469, 2532, 2602, 2611, 2702, 2713, 2729, 2953, 2959, 3006, 3070, 3101, 3113, 3136, 3182, 3233, 3235, 3258, 3271, 3345, 3359, 3371, 3387, 3488, 3510, 3553, 3555, 3557, 3563, 3565, 3575, 3666, 3692, 3721, 3763, 3785, 3818, 3822, 3842, 3879, 3881, 3891, 3918, 3997, 4007, 4033, 4039, 4043, 4048, 4069, 4071, 4155, 4169, 4200, 4206, 4215, 4230, 4272, 4328, 4356, 4390, 4432, 4435]","[1449, 2092, 2739, 3178]",4449,166,4283,4,162,4283,0
-1.5,MUSSSATGN,"[21, 29, 122, 152, 209, 248, 257, 276, 282, 317, 366, 400, 431, 444, 472, 474, 491, 520, 542, 613, 645, 654, 660, 729, 742, 817, 840, 844, 850, 976, 989, 1048, 1097, 1143, 1162, 1172, 1199, 1225, 1277, 1309, 1318, 1346, 1400, 1412, 1423, 1440, 1477, 1479, 1514, 1533, 1547, 1557, 1571, 1587, 1592, 1599, 1609, 1631, 1666, 1715, 1736, 1753, 1774, 1802, 1825, 1830, 1857, 1885, 1889, 2029, 2072, 2081, 2102, 2106, 2131, 2165, 2190, 2194, 2198, 2205, 2221, 2249, 2258, 2277, 2289, 2298, 2323, 2349, 2353, 2364, 2386, 2388, 2425, 2436, 2447, 2487, 2496, 2514, 2516, 2530, 2552, 2554, 2569, 2580, 2582, 2594, 2600, 2630, 2639, 2642, 2689, 2692, 2702, 2760, 2814, 2819, 2828, 2861, 2867, 2886, 2893, 2905, 2929, 2981, 3004, 3039, 3059, 3083, 3115, 3133, 3150, 3185, 3199, 3205, 3222, 3227, 3233, 3241, 3262, 3269, 3280, 3294, 3308, 3354, 3372, 3409, 3436, 3443, 3449, 3451, 3473, 3514, 3516, 3519, 3578, 3590, 3601, 3607, 3612, 3619, 3662, 3665, 3706, 3721, 3723, 3730, 3740, 3807, 3859, 3892, 3898, 3925, 3963, 3971, 3973, 4002, 4046, 4052]","[840, 1162, 1346, 2905, 3039]","[21, 29, 122, 152, 209, 248, 257, 276, 282, 317, 366, 400, 431, 444, 472, 474, 491, 520, 542, 613, 645, 654, 660, 729, 742, 817, 844, 850, 976, 989, 1048, 1097, 1143, 1172, 1199, 1225, 1277, 1309, 1318, 1400, 1412, 1423, 1440, 1477, 1479, 1514, 1533, 1547, 1557, 1571, 1587, 1592, 1599, 1609, 1631, 1666, 1715, 1736, 1753, 1774, 1802, 1825, 1830, 1857, 1885, 1889, 2029, 2072, 2081, 2102, 2106, 2131, 2165, 2190, 2194, 2198, 2205, 2221, 2249, 2258, 2277, 2289, 2298, 2323, 2349, 2353, 2364, 2386, 2388, 2425, 2436, 2447, 2487, 2496, 2514, 2516, 2530, 2552, 2554, 2569, 2580, 2582, 2594, 2600, 2630, 2639, 2642, 2689, 2692, 2702, 2760, 2814, 2819, 2828, 2861, 2867, 2886, 2893, 2929, 2981, 3004, 3059, 3083, 3115, 3133, 3150, 3185, 3199, 3205, 3222, 3227, 3233, 3241, 3262, 3269, 3280, 3294, 3308, 3354, 3372, 3409, 3436, 3443, 3449, 3451, 3473, 3514, 3516, 3519, 3578, 3590, 3601, 3607, 3612, 3619, 3662, 3665, 3706, 3721, 3723, 3730, 3740, 3807, 3859, 3892, 3898, 3925, 3963, 3971, 3973, 4002, 4046, 4052]","[840, 1162, 1346, 2905, 3039]",4058,178,3880,5,173,3880,0
-1.5,MUSTCP,"[6, 35, 64, 186, 190, 224, 228, 235, 299, 311, 314, 328, 348, 361, 364, 403, 407, 409, 437, 453, 470, 476, 514, 518, 531, 545, 622, 624, 637, 654, 677, 679, 685, 689, 704, 752, 757, 768, 799, 812, 850, 878, 883, 908, 926, 933, 954, 986, 989, 1005, 1013, 1016, 1023, 1026, 1064, 1071, 1076, 1132, 1167, 1195, 1212, 1218, 1274, 1329, 1333, 1380, 1388, 1396, 1419, 1470, 1486, 1527, 1561, 1569, 1669, 1686, 1690, 1703, 1705, 1709, 1745, 1779, 1802, 1826, 1832, 1867, 1886, 1912, 1938, 1940, 1969, 1990, 1993, 2068, 2124, 2131, 2137, 2146, 2164, 2206, 2254, 2271, 2309, 2320, 2382, 2395, 2417, 2427, 2431, 2448, 2458, 2463, 2496, 2507, 2559, 2596, 2679, 2689, 2745, 2781, 2785, 2789, 2795, 2816, 2879, 2902, 2904, 2933, 2984, 3038, 3062, 3083, 3086, 3125, 3136, 3172, 3270, 3292, 3308, 3311, 3317, 3330, 3340, 3345, 3373, 3386, 3398, 3400, 3474, 3505, 3549, 3564, 3573, 3576, 3596, 3599, 3642, 3697, 3725, 3746, 3764, 3769, 3830, 3842, 3916, 3934, 3943, 3946, 3949, 3963, 3975, 4000, 4019, 4033, 4101, 4121, 4124, 4133, 4181, 4218, 4260, 4265, 4278, 4282, 4287, 4309, 4320, 4356, 4363, 4421, 4455, 4497, 4522, 4529, 4635, 4637, 4643, 4646, 4687, 4691, 4735, 4771, 4799, 4829, 4846, 4872, 4874, 4876, 4878, 4895, 4897, 4927, 4954, 4993, 5007, 5009, 5019, 5021, 5051, 5062, 5069, 5078, 5087, 5144, 5146, 5159, 5174, 5216, 5243, 5269, 5272, 5303, 5315, 5348, 5370, 5379, 5438, 5538, 5574, 5624, 5681, 5689, 5701, 5808, 5813, 5832, 5842, 5851, 5918, 5969, 5993, 6009, 6018, 6035, 6046, 6079, 6098, 6143, 6151, 6160, 6166, 6211, 6244, 6286, 6296, 6313, 6319, 6331, 6337, 6347, 6406, 6431, 6478, 6486, 6505, 6508, 6524, 6552, 6559, 6567, 6591, 6596, 6632, 6636, 6640, 6652, 6687, 6704, 6718, 6725, 6743, 6772, 6815, 6817, 6849, 6897, 6904, 6959, 6975, 6977, 7022, 7036, 7048, 7091, 7093, 7129, 7131, 7134, 7161, 7171, 7177, 7182, 7230, 7255, 7260, 7262, 7274, 7288, 7300, 7335, 7377, 7396, 7417, 7447, 7455, 7483, 7496, 7509, 7512, 7516, 7555, 7562, 7576, 7598, 7678, 7709, 7744, 7780, 7817, 7839, 7845, 7857, 7901, 7912, 7929, 7943, 7959, 7992, 8049, 8083, 8130, 8154, 8168, 8254, 8320, 8322, 8327, 8337, 8347, 8362, 8384, 8397, 8410, 8459, 8462, 8468, 8545, 8566, 8568, 8578, 8670, 8681, 8754, 8781, 8795, 8803, 8805, 8820, 8834, 8895, 8912, 8977, 9004, 9011, 9047, 9077, 9081, 9095, 9161, 9235]","[453, 1705, 1993, 3270, 3746, 4278, 4687, 6098, 6552, 7230, 7512]","[6, 35, 64, 186, 190, 224, 228, 235, 299, 311, 314, 328, 348, 361, 364, 403, 407, 409, 437, 470, 476, 514, 518, 531, 545, 622, 624, 637, 654, 677, 679, 685, 689, 704, 752, 757, 768, 799, 812, 850, 878, 883, 908, 926, 933, 954, 986, 989, 1005, 1013, 1016, 1023, 1026, 1064, 1071, 1076, 1132, 1167, 1195, 1212, 1218, 1274, 1329, 1333, 1380, 1388, 1396, 1419, 1470, 1486, 1527, 1561, 1569, 1669, 1686, 1690, 1703, 1709, 1745, 1779, 1802, 1826, 1832, 1867, 1886, 1912, 1938, 1940, 1969, 1990, 2068, 2124, 2131, 2137, 2146, 2164, 2206, 2254, 2271, 2309, 2320, 2382, 2395, 2417, 2427, 2431, 2448, 2458, 2463, 2496, 2507, 2559, 2596, 2679, 2689, 2745, 2781, 2785, 2789, 2795, 2816, 2879, 2902, 2904, 2933, 2984, 3038, 3062, 3083, 3086, 3125, 3136, 3172, 3292, 3308, 3311, 3317, 3330, 3340, 3345, 3373, 3386, 3398, 3400, 3474, 3505, 3549, 3564, 3573, 3576, 3596, 3599, 3642, 3697, 3725, 3764, 3769, 3830, 3842, 3916, 3934, 3943, 3946, 3949, 3963, 3975, 4000, 4019, 4033, 4101, 4121, 4124, 4133, 4181, 4218, 4260, 4265, 4282, 4287, 4309, 4320, 4356, 4363, 4421, 4455, 4497, 4522, 4529, 4635, 4637, 4643, 4646, 4691, 4735, 4771, 4799, 4829, 4846, 4872, 4874, 4876, 4878, 4895, 4897, 4927, 4954, 4993, 5007, 5009, 5019, 5021, 5051, 5062, 5069, 5078, 5087, 5144, 5146, 5159, 5174, 5216, 5243, 5269, 5272, 5303, 5315, 5348, 5370, 5379, 5438, 5538, 5574, 5624, 5681, 5689, 5701, 5808, 5813, 5832, 5842, 5851, 5918, 5969, 5993, 6009, 6018, 6035, 6046, 6079, 6143, 6151, 6160, 6166, 6211, 6244, 6286, 6296, 6313, 6319, 6331, 6337, 6347, 6406, 6431, 6478, 6486, 6505, 6508, 6524, 6559, 6567, 6591, 6596, 6632, 6636, 6640, 6652, 6687, 6704, 6718, 6725, 6743, 6772, 6815, 6817, 6849, 6897, 6904, 6959, 6975, 6977, 7022, 7036, 7048, 7091, 7093, 7129, 7131, 7134, 7161, 7171, 7177, 7182, 7255, 7260, 7262, 7274, 7288, 7300, 7335, 7377, 7396, 7417, 7447, 7455, 7483, 7496, 7509, 7516, 7555, 7562, 7576, 7598, 7678, 7709, 7744, 7780, 7817, 7839, 7845, 7857, 7901, 7912, 7929, 7943, 7959, 7992, 8049, 8083, 8130, 8154, 8168, 8254, 8320, 8322, 8327, 8337, 8347, 8362, 8384, 8397, 8410, 8459, 8462, 8468, 8545, 8566, 8568, 8578, 8670, 8681, 8754, 8781, 8795, 8803, 8805, 8820, 8834, 8895, 8912, 8977, 9004, 9011, 9047, 9077, 9081, 9095, 9161, 9235]","[453, 1705, 1993, 3270, 3746, 4278, 4687, 6098, 6552, 7230, 7512]",9253,390,8863,11,379,8863,0
-1.5,MUSTHY1,"[25, 61, 80, 93, 140, 172, 175, 183, 191, 198, 223, 226, 229, 280, 283, 286, 289, 295, 330, 335, 343, 362, 490, 509, 523, 529, 537, 540, 571, 616, 629, 633, 664, 678, 696, 720, 819, 854, 867, 897, 946, 957, 991, 997, 1001, 1009, 1018, 1037, 1043, 1058, 1129, 1156, 1160, 1195, 1198, 1209, 1235, 1240, 1243, 1252, 1255, 1257, 1263, 1281, 1403, 1408, 1410, 1430, 1504, 1511, 1554, 1571, 1586, 1669, 1742, 1750, 1757, 1789, 1812, 1828, 1833, 1837, 1922, 1930, 1936, 1943, 1958, 2056, 2134, 2146, 2151, 2174, 2181, 2243, 2246, 2252, 2298, 2302, 2331, 2386, 2477, 2495, 2509, 2569, 2639, 2641, 2649, 2651, 2664, 2674]","[80, 1009]","[25, 61, 93, 140, 172, 175, 183, 191, 198, 223, 226, 229, 280, 283, 286, 289, 295, 330, 335, 343, 362, 490, 509, 523, 529, 537, 540, 571, 616, 629, 633, 664, 678, 696, 720, 819, 854, 867, 897, 946, 957, 991, 997, 1001, 1018, 1037, 1043, 1058, 1129, 1156, 1160, 1195, 1198, 1209, 1235, 1240, 1243, 1252, 1255, 1257, 1263, 1281, 1403, 1408, 1410, 1430, 1504, 1511, 1554, 1571, 1586, 1669, 1742, 1750, 1757, 1789, 1812, 1828, 1833, 1837, 1922, 1930, 1936, 1943, 1958, 2056, 2134, 2146, 2151, 2174, 2181, 2243, 2246, 2252, 2298, 2302, 2331, 2386, 2477, 2495, 2509, 2569, 2639, 2641, 2649, 2651, 2664, 2674]","[80, 1009]",2682,110,2572,2,108,2572,0
-1.5,MUSTLAG,"[42, 75, 99, 131, 153, 169, 251, 261, 269, 305, 373, 378, 392, 419, 425, 431, 457, 465, 497, 505, 536, 547, 573, 583, 644, 705, 709, 753, 843, 856, 901, 946, 956, 979, 983, 1026, 1037, 1057, 1082, 1155, 1178, 1223, 1231, 1248, 1265, 1314, 1319, 1327, 1332, 1421, 1463, 1477, 1492, 1565, 1573, 1577, 1611, 1686, 1698, 1703, 1708, 1733, 1790, 1798, 1805, 1828, 1896, 1994, 2009, 2042, 2044, 2111, 2118, 2128, 2144, 2174, 2178, 2250, 2268, 2303, 2305, 2316, 2318, 2362, 2375, 2386, 2411, 2436, 2443, 2510, 2517, 2546, 2548, 2553, 2568, 2571, 2586, 2626, 2661, 2678, 2700, 2722, 2777, 2874, 2906, 2913, 2969, 2985, 3096, 3129, 3145, 3235, 3260, 3265, 3276, 3361, 3399, 3409, 3412, 3415, 3446, 3451, 3453, 3494, 3503, 3505, 3509, 3522, 3560, 3566, 3584, 3641, 3661, 3665, 3710, 3720, 3740, 3750, 3754, 3775, 3822, 3826, 3869, 3878, 3911, 3928, 4005, 4032, 4121, 4163, 4237, 4288, 4404, 4411, 4428, 4449, 4451, 4630, 4652, 4691, 4697, 4705, 4708, 4711, 4763, 4779, 4788, 4879, 4902, 4920, 4964, 5009, 5013, 5030, 5032, 5069, 5075, 5077, 5106, 5110, 5137, 5142, 5176, 5185, 5192, 5196, 5201, 5230, 5241, 5248, 5264, 5280, 5285, 5307, 5310, 5329, 5413]","[705, 1155, 1573, 3494, 3740]","[42, 75, 99, 131, 153, 169, 251, 261, 269, 305, 373, 378, 392, 419, 425, 431, 457, 465, 497, 505, 536, 547, 573, 583, 644, 709, 753, 843, 856, 901, 946, 956, 979, 983, 1026, 1037, 1057, 1082, 1178, 1223, 1231, 1248, 1265, 1314, 1319, 1327, 1332, 1421, 1463, 1477, 1492, 1565, 1577, 1611, 1686, 1698, 1703, 1708, 1733, 1790, 1798, 1805, 1828, 1896, 1994, 2009, 2042, 2044, 2111, 2118, 2128, 2144, 2174, 2178, 2250, 2268, 2303, 2305, 2316, 2318, 2362, 2375, 2386, 2411, 2436, 2443, 2510, 2517, 2546, 2548, 2553, 2568, 2571, 2586, 2626, 2661, 2678, 2700, 2722, 2777, 2874, 2906, 2913, 2969, 2985, 3096, 3129, 3145, 3235, 3260, 3265, 3276, 3361, 3399, 3409, 3412, 3415, 3446, 3451, 3453, 3503, 3505, 3509, 3522, 3560, 3566, 3584, 3641, 3661, 3665, 3710, 3720, 3750, 3754, 3775, 3822, 3826, 3869, 3878, 3911, 3928, 4005, 4032, 4121, 4163, 4237, 4288, 4404, 4411, 4428, 4449, 4451, 4630, 4652, 4691, 4697, 4705, 4708, 4711, 4763, 4779, 4788, 4879, 4902, 4920, 4964, 5009, 5013, 5030, 5032, 5069, 5075, 5077, 5106, 5110, 5137, 5142, 5176, 5185, 5192, 5196, 5201, 5230, 5241, 5248, 5264, 5280, 5285, 5307, 5310, 5329, 5413]","[705, 1155, 1573, 3494, 3740]",5412,197,5215,5,192,5215,0
-1.5,MUSTSHBA2,"[8, 22, 48, 50, 69, 79, 88, 90, 97, 100, 116, 128, 179, 186, 190, 219, 253, 267, 306, 326, 345, 366, 379, 388, 392, 406, 408, 441, 448, 453, 464, 493, 516, 539, 599, 601, 623, 629, 637, 657, 689, 747, 758, 765, 771, 773, 777, 830, 840, 866, 868, 882, 955, 959, 988, 1015, 1039, 1045, 1056, 1058, 1065, 1067, 1082, 1102, 1173, 1183, 1190, 1230, 1255]",[464],"[8, 22, 48, 50, 69, 79, 88, 90, 97, 100, 116, 128, 179, 186, 190, 219, 253, 267, 306, 326, 345, 366, 379, 388, 392, 406, 408, 441, 448, 453, 493, 516, 539, 599, 601, 623, 629, 637, 657, 689, 747, 758, 765, 771, 773, 777, 830, 840, 866, 868, 882, 955, 959, 988, 1015, 1039, 1045, 1056, 1058, 1065, 1067, 1082, 1102, 1173, 1183, 1190, 1230, 1255]",[464],1283,69,1214,1,68,1214,0
-1.5,MUSY1GLOB,"[63, 82, 84, 137, 180, 191, 195, 228, 253, 288, 329, 334, 339, 354, 358, 361, 377, 395, 479, 555, 576, 623, 643, 655, 669, 690, 770, 784, 790, 808, 813, 819, 829, 873, 905, 917, 920, 952, 973, 1003, 1024, 1051, 1066, 1107, 1133, 1175, 1224, 1246, 1249, 1253, 1331, 1341, 1445, 1450, 1456, 1525, 1534, 1557, 1595, 1597, 1681, 1706, 1746]","[377, 690]","[63, 82, 84, 137, 180, 191, 195, 228, 253, 288, 329, 334, 339, 354, 358, 361, 395, 479, 555, 576, 623, 643, 655, 669, 770, 784, 790, 808, 813, 819, 829, 873, 905, 917, 920, 952, 973, 1003, 1024, 1051, 1066, 1107, 1133, 1175, 1224, 1246, 1249, 1253, 1331, 1341, 1445, 1450, 1456, 1525, 1534, 1557, 1595, 1597, 1681, 1706, 1746]","[377, 690]",1745,63,1682,2,61,1682,0
-1.5,OABBGLOB,"[33, 97, 108, 114, 139, 161, 192, 196, 254, 285, 356, 377, 391, 505, 525, 529, 540, 551, 599, 607, 609, 659, 666, 670, 686, 692, 722, 841, 899, 920, 926, 935, 939, 958, 962, 982, 993, 1066, 1093, 1116, 1174, 1195, 1211, 1262, 1274, 1288, 1309, 1313, 1317, 1352, 1413, 1421, 1427, 1555, 1689, 1743, 1757, 1760, 1786, 1802, 1864, 1868, 1875, 1886, 1901, 1914, 1956, 1964, 1975, 1987, 2005, 2020, 2036, 2078, 2100, 2107, 2121, 2131, 2219, 2225, 2228, 2231, 2267, 2291, 2294, 2301, 2362, 2464, 2466, 2550, 2575, 2600, 2603, 2670, 2686, 2689, 2697, 2701, 2930, 2938, 2964, 3019, 3032, 3124, 3128, 3197, 3211, 3229, 3238]","[958, 1309]","[33, 97, 108, 114, 139, 161, 192, 196, 254, 285, 356, 377, 391, 505, 525, 529, 540, 551, 599, 607, 609, 659, 666, 670, 686, 692, 722, 841, 899, 920, 926, 935, 939, 962, 982, 993, 1066, 1093, 1116, 1174, 1195, 1211, 1262, 1274, 1288, 1313, 1317, 1352, 1413, 1421, 1427, 1555, 1689, 1743, 1757, 1760, 1786, 1802, 1864, 1868, 1875, 1886, 1901, 1914, 1956, 1964, 1975, 1987, 2005, 2020, 2036, 2078, 2100, 2107, 2121, 2131, 2219, 2225, 2228, 2231, 2267, 2291, 2294, 2301, 2362, 2464, 2466, 2550, 2575, 2600, 2603, 2670, 2686, 2689, 2697, 2701, 2930, 2938, 2964, 3019, 3032, 3124, 3128, 3197, 3211, 3229, 3238]","[958, 1309]",3241,109,3132,2,107,3132,0
-1.5,OABCGLOB,"[33, 98, 115, 140, 162, 193, 197, 255, 258, 287, 295, 392, 400, 433, 469, 533, 555, 606, 614, 616, 666, 673, 677, 699, 729, 849, 919, 925, 934, 938, 957, 961, 992, 1009, 1011, 1069, 1096, 1119, 1177, 1198, 1214, 1222, 1265, 1277, 1291, 1312, 1316, 1352, 1363, 1395, 1413, 1421, 1603, 1623, 1708, 1797, 1848, 1867, 1875, 1879, 1886, 1912, 1921, 1925, 1967, 1986, 1998, 2016, 2044, 2055, 2069, 2092, 2167, 2176, 2179, 2239, 2242, 2249, 2251, 2258, 2310, 2412, 2414, 2547, 2550, 2617, 2636, 2648, 2695, 2916, 2984, 2996, 3075, 3079, 3148, 3162, 3180, 3189]","[957, 1312]","[33, 98, 115, 140, 162, 193, 197, 255, 258, 287, 295, 392, 400, 433, 469, 533, 555, 606, 614, 616, 666, 673, 677, 699, 729, 849, 919, 925, 934, 938, 961, 992, 1009, 1011, 1069, 1096, 1119, 1177, 1198, 1214, 1222, 1265, 1277, 1291, 1316, 1352, 1363, 1395, 1413, 1421, 1603, 1623, 1708, 1797, 1848, 1867, 1875, 1879, 1886, 1912, 1921, 1925, 1967, 1986, 1998, 2016, 2044, 2055, 2069, 2092, 2167, 2176, 2179, 2239, 2242, 2249, 2251, 2258, 2310, 2412, 2414, 2547, 2550, 2617, 2636, 2648, 2695, 2916, 2984, 2996, 3075, 3079, 3148, 3162, 3180, 3189]","[957, 1312]",3192,98,3094,2,96,3094,0
-1.5,OAINIGFII1,"[60, 63, 97, 138, 150, 169, 179, 221, 243, 266, 295, 323, 350, 363, 377, 422, 428, 430, 435, 454, 468, 492, 536, 561, 574, 642, 658, 669, 676, 678, 724, 740, 761, 769, 857, 866, 1016, 1022, 1036, 1047, 1050, 1070, 1098, 1113, 1165, 1184, 1199, 1210, 1247, 1274, 1282, 1290, 1303, 1334, 1388, 1390, 1412, 1483, 1493, 1520, 1527, 1551, 1588, 1623, 1652, 1671, 1679, 1690, 1698, 1752, 1775, 1809, 1839, 1867, 1889, 1962, 1965, 1975, 2011, 2032, 2043, 2048, 2057, 2065, 2087, 2106, 2110, 2114, 2155, 2163, 2199, 2242, 2257, 2283, 2291, 2309, 2319, 2335, 2364, 2382, 2386]",[740],"[60, 63, 97, 138, 150, 169, 179, 221, 243, 266, 295, 323, 350, 363, 377, 422, 428, 430, 435, 454, 468, 492, 536, 561, 574, 642, 658, 669, 676, 678, 724, 761, 769, 857, 866, 1016, 1022, 1036, 1047, 1050, 1070, 1098, 1113, 1165, 1184, 1199, 1210, 1247, 1274, 1282, 1290, 1303, 1334, 1388, 1390, 1412, 1483, 1493, 1520, 1527, 1551, 1588, 1623, 1652, 1671, 1679, 1690, 1698, 1752, 1775, 1809, 1839, 1867, 1889, 1962, 1965, 1975, 2011, 2032, 2043, 2048, 2057, 2065, 2087, 2106, 2110, 2114, 2155, 2163, 2199, 2242, 2257, 2283, 2291, 2309, 2319, 2335, 2364, 2382, 2386]",[740],2385,101,2284,1,100,2284,0
-1.5,OAINTL3,"[42, 108, 115, 120, 134, 188, 192, 206, 243, 292, 309, 335, 346, 350, 353, 366, 373, 384, 442, 674, 678, 692, 721, 813, 838, 850, 854, 891, 918, 940, 943, 948, 966, 968, 977, 989, 991, 996, 1007, 1036, 1122, 1201, 1214, 1261, 1264, 1298, 1310, 1363, 1397, 1403, 1440, 1509, 1513, 1540, 1598, 1602, 1607, 1616, 1624, 1626, 1747, 1764, 1797, 1880, 1909, 1913, 1921, 1973, 2012, 2022, 2048, 2072, 2099, 2324, 2342, 2382, 2425, 2456, 2497, 2499, 2565, 2569, 2587, 2595, 2602, 2623, 2628, 2670, 2682, 2704, 2773]","[674, 813, 1909, 2072]","[42, 108, 115, 120, 134, 188, 192, 206, 243, 292, 309, 335, 346, 350, 353, 366, 373, 384, 442, 678, 692, 721, 838, 850, 854, 891, 918, 940, 943, 948, 966, 968, 977, 989, 991, 996, 1007, 1036, 1122, 1201, 1214, 1261, 1264, 1298, 1310, 1363, 1397, 1403, 1440, 1509, 1513, 1540, 1598, 1602, 1607, 1616, 1624, 1626, 1747, 1764, 1797, 1880, 1913, 1921, 1973, 2012, 2022, 2048, 2099, 2324, 2342, 2382, 2425, 2456, 2497, 2499, 2565, 2569, 2587, 2595, 2602, 2623, 2628, 2670, 2682, 2704, 2773]","[674, 813, 1909, 2072]",2793,91,2702,4,87,2702,0
-1.5,OAKRT213,"[17, 50, 59, 62, 94, 125, 144, 148, 210, 232, 269, 355, 402, 486, 523, 542, 554, 556, 560, 624, 631, 721, 753, 843, 853, 913, 932, 947, 975, 986, 1009, 1042, 1068, 1086, 1088, 1123, 1155, 1179, 1206, 1215, 1219, 1228, 1241, 1251, 1253, 1260, 1290, 1292, 1294, 1309, 1318, 1328, 1330, 1332, 1334, 1336, 1338, 1340, 1438, 1444, 1542, 1579, 1593, 1597, 1599, 1605, 1635, 1640, 1643, 1704, 1714, 1786, 1842, 1929, 1938, 1940, 1957, 1981, 1988, 1992, 2027, 2032, 2125, 2148, 2151, 2153, 2176, 2182, 2214, 2219, 2228, 2241, 2263, 2292, 2294, 2298, 2333, 2342, 2357, 2373, 2380, 2474, 2549, 2551, 2641, 2662, 2665, 2685, 2687, 2785, 2812, 2838, 2852, 2863, 2916, 2938, 2983, 2985, 3001, 3007, 3013, 3029, 3069, 3071, 3132, 3176, 3198, 3202, 3241, 3255, 3259, 3278, 3333, 3357, 3376, 3378, 3413, 3659, 3707, 3740, 3812, 3829, 3831, 3841, 3862, 3895, 3909, 3915, 3931, 3938, 3979, 3988, 4071, 4073, 4115, 4124, 4147, 4151, 4165, 4213, 4268, 4284, 4322, 4348, 4460, 4467, 4476, 4478, 4488, 4515, 4522, 4572, 4598, 4613, 4624, 4626, 4642, 4672, 4678, 4685, 4690, 4746, 4752, 4794, 4813, 4817, 4821, 4829, 4848, 4853, 4871, 4988, 5019, 5042, 5046, 5121, 5131, 5174, 5178, 5182, 5195, 5210, 5249, 5258, 5278, 5288, 5342, 5344, 5365, 5371, 5377, 5383, 5395, 5403, 5405, 5407, 5409, 5411, 5413, 5415, 5417, 5419, 5421, 5423, 5425, 5427, 5429, 5431, 5433, 5435, 5437, 5439, 5443, 5449, 5456, 5487, 5491, 5496, 5558, 5564, 5584, 5671, 5684, 5688, 5715, 5789, 5798, 5815, 5842, 5847, 5900, 5902, 5909, 5950, 5972, 6077, 6116, 6118, 6120, 6122, 6129, 6180, 6221, 6234, 6248, 6348, 6456, 6464, 6474, 6548, 6552, 6557, 6712, 6744, 6765, 6794, 6818, 6858, 6873, 6886, 6896, 6902, 6914, 6924, 7021, 7052, 7061, 7065, 7071, 7076, 7083, 7124, 7211, 7256, 7268, 7276, 7283, 7287, 7295, 7313, 7364, 7366, 7378, 7383, 7389, 7393, 7397, 7427, 7435, 7455, 7517, 7525, 7532, 7558, 7564, 7660, 7673, 7691, 7703, 7738, 7752, 7810, 7837, 7839, 7854, 7884, 7896, 7905, 7911, 7913, 7929, 7937, 7944, 7962, 7988, 7998, 8017, 8024, 8093, 8112, 8164, 8166, 8232, 8245, 8379, 8393, 8407, 8414, 8416, 8453, 8457, 8482, 8487, 8502, 8530, 8532, 8561, 8589, 8600, 8610, 8612, 8622, 8651, 8681, 8709, 8883, 8931, 8935, 9046, 9063, 9083, 9087, 9099, 9124, 9128, 9162, 9216, 9244, 9294, 9316, 9354, 9402, 9417, 9454, 9458]","[3198, 4147, 4813, 5288, 5684, 6077, 6548, 7393]","[17, 50, 59, 62, 94, 125, 144, 148, 210, 232, 269, 355, 402, 486, 523, 542, 554, 556, 560, 624, 631, 721, 753, 843, 853, 913, 932, 947, 975, 986, 1009, 1042, 1068, 1086, 1088, 1123, 1155, 1179, 1206, 1215, 1219, 1228, 1241, 1251, 1253, 1260, 1290, 1292, 1294, 1309, 1318, 1328, 1330, 1332, 1334, 1336, 1338, 1340, 1438, 1444, 1542, 1579, 1593, 1597, 1599, 1605, 1635, 1640, 1643, 1704, 1714, 1786, 1842, 1929, 1938, 1940, 1957, 1981, 1988, 1992, 2027, 2032, 2125, 2148, 2151, 2153, 2176, 2182, 2214, 2219, 2228, 2241, 2263, 2292, 2294, 2298, 2333, 2342, 2357, 2373, 2380, 2474, 2549, 2551, 2641, 2662, 2665, 2685, 2687, 2785, 2812, 2838, 2852, 2863, 2916, 2938, 2983, 2985, 3001, 3007, 3013, 3029, 3069, 3071, 3132, 3176, 3202, 3241, 3255, 3259, 3278, 3333, 3357, 3376, 3378, 3413, 3659, 3707, 3740, 3812, 3829, 3831, 3841, 3862, 3895, 3909, 3915, 3931, 3938, 3979, 3988, 4071, 4073, 4115, 4124, 4151, 4165, 4213, 4268, 4284, 4322, 4348, 4460, 4467, 4476, 4478, 4488, 4515, 4522, 4572, 4598, 4613, 4624, 4626, 4642, 4672, 4678, 4685, 4690, 4746, 4752, 4794, 4817, 4821, 4829, 4848, 4853, 4871, 4988, 5019, 5042, 5046, 5121, 5131, 5174, 5178, 5182, 5195, 5210, 5249, 5258, 5278, 5342, 5344, 5365, 5371, 5377, 5383, 5395, 5403, 5405, 5407, 5409, 5411, 5413, 5415, 5417, 5419, 5421, 5423, 5425, 5427, 5429, 5431, 5433, 5435, 5437, 5439, 5443, 5449, 5456, 5487, 5491, 5496, 5558, 5564, 5584, 5671, 5688, 5715, 5789, 5798, 5815, 5842, 5847, 5900, 5902, 5909, 5950, 5972, 6116, 6118, 6120, 6122, 6129, 6180, 6221, 6234, 6248, 6348, 6456, 6464, 6474, 6552, 6557, 6712, 6744, 6765, 6794, 6818, 6858, 6873, 6886, 6896, 6902, 6914, 6924, 7021, 7052, 7061, 7065, 7071, 7076, 7083, 7124, 7211, 7256, 7268, 7276, 7283, 7287, 7295, 7313, 7364, 7366, 7378, 7383, 7389, 7397, 7427, 7435, 7455, 7517, 7525, 7532, 7558, 7564, 7660, 7673, 7691, 7703, 7738, 7752, 7810, 7837, 7839, 7854, 7884, 7896, 7905, 7911, 7913, 7929, 7937, 7944, 7962, 7988, 7998, 8017, 8024, 8093, 8112, 8164, 8166, 8232, 8245, 8379, 8393, 8407, 8414, 8416, 8453, 8457, 8482, 8487, 8502, 8530, 8532, 8561, 8589, 8600, 8610, 8612, 8622, 8651, 8681, 8709, 8883, 8931, 8935, 9046, 9063, 9083, 9087, 9099, 9124, 9128, 9162, 9216, 9244, 9294, 9316, 9354, 9402, 9417, 9454, 9458]","[3198, 4147, 4813, 5288, 5684, 6077, 6548, 7393]",9521,385,9136,8,377,9136,0
-1.5,OALGB,"[46, 64, 76, 78, 88, 109, 123, 130, 140, 159, 177, 190, 207, 212, 231, 288, 317, 348, 374, 378, 411, 419, 433, 476, 520, 571, 602, 665, 702, 721, 767, 847, 882, 902, 938, 946, 955, 959, 1011, 1016, 1021, 1031, 1124, 1126, 1216, 1293, 1302, 1307, 1324, 1328, 1393, 1422, 1452, 1457, 1459, 1463, 1486, 1493, 1503, 1528, 1547, 1578, 1590, 1602, 1666, 1680, 1682, 1686, 1742, 1785, 1801, 1806, 1859, 2006, 2043, 2059, 2078, 2080, 2117, 2131, 2168, 2170, 2184, 2186, 2268, 2274, 2295, 2297, 2343, 2349, 2352, 2415, 2422, 2432, 2438, 2442, 2456, 2598, 2600, 2644, 2660, 2664, 2670, 2709, 2717, 2732, 2759, 2762, 2831, 2845, 2873, 2908, 2939, 2945, 2959, 2994, 3050, 3072, 3111, 3117, 3220, 3234, 3261, 3267, 3273, 3330, 3336, 3418, 3497, 3500, 3523, 3526, 3533, 3557, 3589, 3623, 3664, 3667, 3690, 3693, 3700, 3734, 3766, 3795, 3818, 3844, 3875, 3883, 3887, 3921, 3943, 3950, 3980, 4011, 4014, 4032, 4039, 4047, 4051, 4092, 4107, 4114, 4116, 4122, 4137, 4140, 4204, 4250, 4262, 4267, 4300, 4327, 4343, 4345, 4387, 4409, 4477, 4550, 4565, 4656, 4724, 4761, 4766, 4778, 4822, 4873, 4880, 4886, 4900, 4911, 4934, 4954, 4961, 4967, 5008, 5064, 5075, 5079, 5086, 5143, 5156, 5177, 5235, 5244, 5321, 5372, 5462, 5503, 5511, 5514, 5525, 5565, 5582, 5715, 5764, 5813, 5825, 5845, 5871, 5889, 5895, 5904, 5954, 6010, 6094, 6126, 6132, 6145, 6149, 6171, 6185, 6194, 6208, 6242, 6254, 6296, 6342, 6354, 6368, 6380, 6422, 6426, 6484, 6494, 6511, 6529, 6584, 6614, 6617, 6623, 6630, 6672, 6699, 6743, 6752, 6766, 6784, 6866, 6883, 6967, 7020, 7102, 7122, 7153, 7176, 7246, 7254, 7296, 7305, 7315, 7320]","[938, 1742, 2660, 3883, 4656]","[46, 64, 76, 78, 88, 109, 123, 130, 140, 159, 177, 190, 207, 212, 231, 288, 317, 348, 374, 378, 411, 419, 433, 476, 520, 571, 602, 665, 702, 721, 767, 847, 882, 902, 946, 955, 959, 1011, 1016, 1021, 1031, 1124, 1126, 1216, 1293, 1302, 1307, 1324, 1328, 1393, 1422, 1452, 1457, 1459, 1463, 1486, 1493, 1503, 1528, 1547, 1578, 1590, 1602, 1666, 1680, 1682, 1686, 1785, 1801, 1806, 1859, 2006, 2043, 2059, 2078, 2080, 2117, 2131, 2168, 2170, 2184, 2186, 2268, 2274, 2295, 2297, 2343, 2349, 2352, 2415, 2422, 2432, 2438, 2442, 2456, 2598, 2600, 2644, 2664, 2670, 2709, 2717, 2732, 2759, 2762, 2831, 2845, 2873, 2908, 2939, 2945, 2959, 2994, 3050, 3072, 3111, 3117, 3220, 3234, 3261, 3267, 3273, 3330, 3336, 3418, 3497, 3500, 3523, 3526, 3533, 3557, 3589, 3623, 3664, 3667, 3690, 3693, 3700, 3734, 3766, 3795, 3818, 3844, 3875, 3887, 3921, 3943, 3950, 3980, 4011, 4014, 4032, 4039, 4047, 4051, 4092, 4107, 4114, 4116, 4122, 4137, 4140, 4204, 4250, 4262, 4267, 4300, 4327, 4343, 4345, 4387, 4409, 4477, 4550, 4565, 4724, 4761, 4766, 4778, 4822, 4873, 4880, 4886, 4900, 4911, 4934, 4954, 4961, 4967, 5008, 5064, 5075, 5079, 5086, 5143, 5156, 5177, 5235, 5244, 5321, 5372, 5462, 5503, 5511, 5514, 5525, 5565, 5582, 5715, 5764, 5813, 5825, 5845, 5871, 5889, 5895, 5904, 5954, 6010, 6094, 6126, 6132, 6145, 6149, 6171, 6185, 6194, 6208, 6242, 6254, 6296, 6342, 6354, 6368, 6380, 6422, 6426, 6484, 6494, 6511, 6529, 6584, 6614, 6617, 6623, 6630, 6672, 6699, 6743, 6752, 6766, 6784, 6866, 6883, 6967, 7020, 7102, 7122, 7153, 7176, 7246, 7254, 7296, 7305, 7315, 7320]","[938, 1742, 2660, 3883, 4656]",7371,271,7100,5,266,7100,0
-1.5,OAMETIAG,"[9, 38, 91, 100, 126, 139, 142, 164, 205, 246, 304, 310, 335, 405, 416, 438, 459, 487, 490, 510, 528, 569, 573, 622, 701, 707, 717, 746, 758, 784, 789, 793, 826, 836, 903, 920, 922, 953, 959, 969, 1028, 1036, 1067, 1136, 1189, 1204, 1231, 1299, 1322, 1479, 1483, 1510, 1582, 1674, 1682, 1701, 1714, 1762, 1783, 1801, 1809, 1864, 1884, 1891, 1946, 1973, 2006, 2079, 2111, 2118, 2125, 2135, 2145, 2207, 2214, 2221, 2223, 2235, 2260, 2280, 2354, 2383, 2393, 2473, 2480, 2498, 2541, 2575, 2635, 2654, 2697, 2707, 2726, 2731, 2745, 2779]","[701, 1479]","[9, 38, 91, 100, 126, 139, 142, 164, 205, 246, 304, 310, 335, 405, 416, 438, 459, 487, 490, 510, 528, 569, 573, 622, 707, 717, 746, 758, 784, 789, 793, 826, 836, 903, 920, 922, 953, 959, 969, 1028, 1036, 1067, 1136, 1189, 1204, 1231, 1299, 1322, 1483, 1510, 1582, 1674, 1682, 1701, 1714, 1762, 1783, 1801, 1809, 1864, 1884, 1891, 1946, 1973, 2006, 2079, 2111, 2118, 2125, 2135, 2145, 2207, 2214, 2221, 2223, 2235, 2260, 2280, 2354, 2383, 2393, 2473, 2480, 2498, 2541, 2575, 2635, 2654, 2697, 2707, 2726, 2731, 2745, 2779]","[701, 1479]",2792,96,2696,2,94,2696,0
-1.5,OAMTIB,"[32, 72, 101, 137, 150, 171, 198, 220, 258, 262, 276, 289, 338, 365, 368, 374, 444, 460, 481, 484, 509, 516, 547, 601, 625, 627, 681, 683, 731, 758, 789, 831, 885, 903, 919, 965, 993, 1022, 1027, 1032, 1066, 1079, 1091, 1161, 1209, 1276, 1317, 1344, 1397, 1409, 1418, 1440, 1455, 1540, 1565, 1607, 1721, 1725, 1752, 1827, 1911, 1922, 1935, 1966, 1982, 1990, 2002, 2033, 2041, 2063, 2078, 2110, 2120, 2129, 2170, 2185, 2187, 2189, 2207, 2221, 2226, 2234, 2286, 2301, 2305, 2374, 2386, 2400, 2426, 2511, 2513, 2554, 2584, 2598, 2608, 2618, 2670, 2684, 2686, 2700, 2723, 2743, 2764, 2854, 2861, 2900, 2904, 2906, 2915, 2935, 2970, 2983, 2988, 3016, 3039, 3067, 3092, 3175, 3179, 3183, 3192, 3205]","[965, 1721]","[32, 72, 101, 137, 150, 171, 198, 220, 258, 262, 276, 289, 338, 365, 368, 374, 444, 460, 481, 484, 509, 516, 547, 601, 625, 627, 681, 683, 731, 758, 789, 831, 885, 903, 919, 993, 1022, 1027, 1032, 1066, 1079, 1091, 1161, 1209, 1276, 1317, 1344, 1397, 1409, 1418, 1440, 1455, 1540, 1565, 1607, 1725, 1752, 1827, 1911, 1922, 1935, 1966, 1982, 1990, 2002, 2033, 2041, 2063, 2078, 2110, 2120, 2129, 2170, 2185, 2187, 2189, 2207, 2221, 2226, 2234, 2286, 2301, 2305, 2374, 2386, 2400, 2426, 2511, 2513, 2554, 2584, 2598, 2608, 2618, 2670, 2684, 2686, 2700, 2723, 2743, 2764, 2854, 2861, 2900, 2904, 2906, 2915, 2935, 2970, 2983, 2988, 3016, 3039, 3067, 3092, 3175, 3179, 3183, 3192, 3205]","[965, 1721]",3211,122,3089,2,120,3089,0
-1.5,OAMTIC,"[29, 35, 65, 81, 122, 146, 162, 168, 189, 214, 249, 307, 352, 381, 419, 446, 492, 510, 545, 621, 684, 700, 707, 717, 733, 813, 835, 851, 869, 879, 898, 913, 954, 1010, 1024, 1056, 1059, 1066, 1084, 1104, 1113, 1119, 1139, 1295, 1299, 1332, 1336, 1343, 1348, 1376, 1380, 1387, 1391, 1394, 1434, 1499, 1517, 1558, 1567, 1575, 1588, 1594, 1607, 1676, 1683, 1690, 1692, 1729, 1740, 1749, 1754, 1771, 1773, 1777, 1787, 1852, 1859, 1868, 1902, 1925, 1941, 1943, 2011, 2013, 2031, 2048, 2055, 2059, 2138, 2207, 2209, 2224, 2227, 2258, 2277, 2363]","[621, 1295]","[29, 35, 65, 81, 122, 146, 162, 168, 189, 214, 249, 307, 352, 381, 419, 446, 492, 510, 545, 684, 700, 707, 717, 733, 813, 835, 851, 869, 879, 898, 913, 954, 1010, 1024, 1056, 1059, 1066, 1084, 1104, 1113, 1119, 1139, 1299, 1332, 1336, 1343, 1348, 1376, 1380, 1387, 1391, 1394, 1434, 1499, 1517, 1558, 1567, 1575, 1588, 1594, 1607, 1676, 1683, 1690, 1692, 1729, 1740, 1749, 1754, 1771, 1773, 1777, 1787, 1852, 1859, 1868, 1902, 1925, 1941, 1943, 2011, 2013, 2031, 2048, 2055, 2059, 2138, 2207, 2209, 2224, 2227, 2258, 2277, 2363]","[621, 1295]",2375,96,2279,2,94,2279,0
-1.5,OAMTII,"[7, 25, 35, 38, 43, 71, 119, 199, 264, 275, 295, 303, 309, 326, 342, 418, 431, 435, 457, 462, 474, 483, 496, 572, 630, 701, 778, 785, 787, 799, 817, 836, 861, 1023, 1036, 1048, 1107, 1125, 1133, 1170, 1193, 1197, 1211, 1225, 1269, 1274, 1312, 1325, 1358, 1378, 1382, 1468, 1588, 1592, 1612, 1673, 1717, 1724, 1731, 1733, 1747, 1770, 1781, 1790, 1812, 1814, 1830, 1858, 1872, 1928, 1931, 1976, 1995, 2008, 2044]","[1023, 1378]","[7, 25, 35, 38, 43, 71, 119, 199, 264, 275, 295, 303, 309, 326, 342, 418, 431, 435, 457, 462, 474, 483, 496, 572, 630, 701, 778, 785, 787, 799, 817, 836, 861, 1036, 1048, 1107, 1125, 1133, 1170, 1193, 1197, 1211, 1225, 1269, 1274, 1312, 1325, 1358, 1382, 1468, 1588, 1592, 1612, 1673, 1717, 1724, 1731, 1733, 1747, 1770, 1781, 1790, 1812, 1814, 1830, 1858, 1872, 1928, 1931, 1976, 1995, 2008, 2044]","[1023, 1378]",2047,75,1972,2,73,1972,0
-1.5,OAPROTP1,"[7, 119, 159, 212, 226, 253, 266, 269, 293, 404, 467]",[212],"[7, 119, 159, 226, 253, 266, 269, 293, 404, 467]",[212],524,11,513,1,10,513,0
-1.5,OATRICH,"[49, 146, 152, 180, 207, 225, 253, 277, 302, 310, 325, 398, 513, 555, 712, 775, 782, 790, 801, 860, 904, 909, 918, 925, 938, 942, 951, 966, 990, 997, 1009, 1053, 1057, 1129, 1144, 1146, 1174, 1179, 1183, 1197, 1215, 1241, 1247, 1258, 1261, 1271, 1277, 1293, 1341, 1356, 1358, 1425, 1429, 1458, 1465, 1471, 1476, 1484, 1560, 1568, 1572, 1621, 1653, 1665, 1671, 1682, 1698, 1720, 1780, 1783, 1798, 1806, 1839, 1844, 1870, 1912, 2000, 2003, 2017, 2062, 2189, 2201, 2208, 2219, 2247, 2289, 2328, 2347, 2357, 2458, 2461, 2497, 2560, 2655, 2661, 2665, 2686, 2701, 2726, 2744, 2756, 2806, 2813, 2892, 2897, 2927, 2959, 3021, 3086, 3157, 3240, 3309, 3352, 3567, 3569, 3584, 3604, 3654, 3679, 3681, 3683, 3685, 3687, 3704, 3718, 3764, 3798, 3845, 3907, 3909, 4055, 4062, 4096, 4101, 4134, 4171, 4211, 4262, 4305, 4464, 4492, 4494, 4498, 4527, 4631, 4702, 4744, 4772, 4849, 4859, 4947, 4970, 4978, 5054, 5138, 5222, 5306, 5390, 5474, 5498, 5545, 5647, 5660, 5721, 5731, 5825, 5839, 5923, 5936, 6075, 6182, 6186, 6197, 6254, 6264, 6331, 6351, 6496, 6612, 6676, 6681, 6745, 6750, 6814, 7045, 7050, 7114, 7119, 7204, 7209, 7363, 7368, 7432, 7437, 7501, 7506, 7570, 7575, 7692, 7764, 7841, 7936, 7954, 7980, 8088, 8105, 8126, 8128, 8156, 8179, 8187, 8195, 8205, 8218, 8236, 8242, 8317, 8333, 8336, 8350, 8352, 8399, 8406, 8462, 8473, 8475, 8537, 8558, 8572, 8599, 8657, 8780, 8809, 8951, 8958, 8961, 8965, 9059, 9111, 9174, 9221, 9238, 9240, 9278, 9291, 9321]",[3157],"[49, 146, 152, 180, 207, 225, 253, 277, 302, 310, 325, 398, 513, 555, 712, 775, 782, 790, 801, 860, 904, 909, 918, 925, 938, 942, 951, 966, 990, 997, 1009, 1053, 1057, 1129, 1144, 1146, 1174, 1179, 1183, 1197, 1215, 1241, 1247, 1258, 1261, 1271, 1277, 1293, 1341, 1356, 1358, 1425, 1429, 1458, 1465, 1471, 1476, 1484, 1560, 1568, 1572, 1621, 1653, 1665, 1671, 1682, 1698, 1720, 1780, 1783, 1798, 1806, 1839, 1844, 1870, 1912, 2000, 2003, 2017, 2062, 2189, 2201, 2208, 2219, 2247, 2289, 2328, 2347, 2357, 2458, 2461, 2497, 2560, 2655, 2661, 2665, 2686, 2701, 2726, 2744, 2756, 2806, 2813, 2892, 2897, 2927, 2959, 3021, 3086, 3240, 3309, 3352, 3567, 3569, 3584, 3604, 3654, 3679, 3681, 3683, 3685, 3687, 3704, 3718, 3764, 3798, 3845, 3907, 3909, 4055, 4062, 4096, 4101, 4134, 4171, 4211, 4262, 4305, 4464, 4492, 4494, 4498, 4527, 4631, 4702, 4744, 4772, 4849, 4859, 4947, 4970, 4978, 5054, 5138, 5222, 5306, 5390, 5474, 5498, 5545, 5647, 5660, 5721, 5731, 5825, 5839, 5923, 5936, 6075, 6182, 6186, 6197, 6254, 6264, 6331, 6351, 6496, 6612, 6676, 6681, 6745, 6750, 6814, 7045, 7050, 7114, 7119, 7204, 7209, 7363, 7368, 7432, 7437, 7501, 7506, 7570, 7575, 7692, 7764, 7841, 7936, 7954, 7980, 8088, 8105, 8126, 8128, 8156, 8179, 8187, 8195, 8205, 8218, 8236, 8242, 8317, 8333, 8336, 8350, 8352, 8399, 8406, 8462, 8473, 8475, 8537, 8558, 8572, 8599, 8657, 8780, 8809, 8951, 8958, 8961, 8965, 9059, 9111, 9174, 9221, 9238, 9240, 9278, 9291, 9321]",[3157],9336,246,9090,1,245,9090,0
-1.5,OCAPOAIG,"[7, 60, 242, 361, 365, 399, 491, 519, 522, 537, 553, 557, 570, 572, 608, 710, 741, 775, 777, 800, 822, 855, 996, 1019, 1023, 1060, 1062, 1099, 1108, 1124, 1139, 1141, 1152, 1159, 1167, 1169, 1171, 1216, 1225, 1239, 1248, 1275, 1287, 1305, 1359, 1389, 1467, 1479, 1511, 1524, 1545, 1560, 1656, 1760, 1791, 1798, 1848, 1872, 1881, 1884, 1916, 1921, 1956, 1975]","[553, 855]","[7, 60, 242, 361, 365, 399, 491, 519, 522, 537, 557, 570, 572, 608, 710, 741, 775, 777, 800, 822, 996, 1019, 1023, 1060, 1062, 1099, 1108, 1124, 1139, 1141, 1152, 1159, 1167, 1169, 1171, 1216, 1225, 1239, 1248, 1275, 1287, 1305, 1359, 1389, 1467, 1479, 1511, 1524, 1545, 1560, 1656, 1760, 1791, 1798, 1848, 1872, 1881, 1884, 1916, 1921, 1956, 1975]","[553, 855]",1986,64,1922,2,62,1922,0
-1.5,OCTNFBETA,"[40, 68, 202, 206, 217, 229, 245, 249, 258, 289, 372, 378, 384, 390, 413, 429, 493, 518, 577, 609, 762, 766, 834, 909, 1058, 1084, 1094, 1130, 1160, 1180, 1193, 1216, 1220, 1222, 1247, 1256, 1258, 1271, 1344, 1372, 1497, 1512, 1580, 1637, 1778, 1793, 1859, 1959]","[577, 766]","[40, 68, 202, 206, 217, 229, 245, 249, 258, 289, 372, 378, 384, 390, 413, 429, 493, 518, 609, 762, 834, 909, 1058, 1084, 1094, 1130, 1160, 1180, 1193, 1216, 1220, 1222, 1247, 1256, 1258, 1271, 1344, 1372, 1497, 1512, 1580, 1637, 1778, 1793, 1859, 1959]","[577, 766]",1963,48,1915,2,46,1915,0
-1.5,OCUTGLOB,"[14, 26, 42, 247, 303, 309, 315, 332, 407, 425, 480, 547, 549, 570, 572, 717, 733, 759, 777, 852, 863, 874, 886, 911, 917, 927, 932, 953, 963, 970, 972, 974, 1089, 1180, 1279, 1285, 1336, 1340, 1382, 1401, 1432, 1455, 1468, 1476, 1482, 1509, 1535, 1542, 1566, 1576, 1589, 1636, 1642, 1673, 1708, 1712, 1723, 1736, 1760, 1765, 1789, 1819, 1821, 1853, 1865, 1906, 1923, 1946, 1949, 1952, 1961, 2016, 2050, 2057, 2091, 2101, 2144, 2158, 2162, 2171, 2173, 2244, 2281, 2297, 2322, 2346, 2393, 2428, 2469, 2501, 2549, 2566, 2572, 2588, 2680, 2687, 2693, 2700, 2704, 2734, 2748, 2788, 2848, 2868, 2881, 2914, 2938, 2942, 2984, 2992, 3075, 3077, 3143, 3155, 3167, 3172, 3176, 3329, 3357, 3361, 3424, 3435, 3471, 3491, 3496, 3510, 3539, 3587, 3634, 3641, 3653, 3689, 3691, 3816, 3878, 3923, 3931, 4049, 4176, 4180, 4223, 4235, 4265, 4295, 4315, 4322, 4330, 4333, 4389, 4404, 4452, 4464, 4474, 4516, 4529, 4642, 4651, 4708, 4744, 4746, 4754, 4756, 4764, 4829, 4872, 4882, 4900, 4912, 4936, 4941, 4961, 4973, 4992, 5000, 5062, 5069, 5072, 5126, 5135, 5138, 5142, 5146, 5185, 5200, 5207, 5230, 5266, 5273, 5311, 5317, 5336, 5496, 5602, 5604, 5613, 5675, 5780, 5831, 5838, 5884, 5887, 5950, 5953, 6095, 6129, 6167, 6181, 6183, 6187, 6207, 6378, 6396, 6482, 6557]","[3357, 5831]","[14, 26, 42, 247, 303, 309, 315, 332, 407, 425, 480, 547, 549, 570, 572, 717, 733, 759, 777, 852, 863, 874, 886, 911, 917, 927, 932, 953, 963, 970, 972, 974, 1089, 1180, 1279, 1285, 1336, 1340, 1382, 1401, 1432, 1455, 1468, 1476, 1482, 1509, 1535, 1542, 1566, 1576, 1589, 1636, 1642, 1673, 1708, 1712, 1723, 1736, 1760, 1765, 1789, 1819, 1821, 1853, 1865, 1906, 1923, 1946, 1949, 1952, 1961, 2016, 2050, 2057, 2091, 2101, 2144, 2158, 2162, 2171, 2173, 2244, 2281, 2297, 2322, 2346, 2393, 2428, 2469, 2501, 2549, 2566, 2572, 2588, 2680, 2687, 2693, 2700, 2704, 2734, 2748, 2788, 2848, 2868, 2881, 2914, 2938, 2942, 2984, 2992, 3075, 3077, 3143, 3155, 3167, 3172, 3176, 3329, 3361, 3424, 3435, 3471, 3491, 3496, 3510, 3539, 3587, 3634, 3641, 3653, 3689, 3691, 3816, 3878, 3923, 3931, 4049, 4176, 4180, 4223, 4235, 4265, 4295, 4315, 4322, 4330, 4333, 4389, 4404, 4452, 4464, 4474, 4516, 4529, 4642, 4651, 4708, 4744, 4746, 4754, 4756, 4764, 4829, 4872, 4882, 4900, 4912, 4936, 4941, 4961, 4973, 4992, 5000, 5062, 5069, 5072, 5126, 5135, 5138, 5142, 5146, 5185, 5200, 5207, 5230, 5266, 5273, 5311, 5317, 5336, 5496, 5602, 5604, 5613, 5675, 5780, 5838, 5884, 5887, 5950, 5953, 6095, 6129, 6167, 6181, 6183, 6187, 6207, 6378, 6396, 6482, 6557]","[3357, 5831]",6560,214,6346,2,212,6346,0
-1.5,OOGH,"[13, 36, 57, 63, 127, 137, 168, 185, 200, 231, 297, 333, 362, 375, 402, 436, 446, 471, 552, 567, 635, 638, 673, 686, 736, 740, 757, 768, 786, 833, 836, 849, 857, 860, 869, 881, 883, 885, 890, 899, 914, 946, 950, 1018, 1084, 1088, 1132, 1183, 1193, 1195, 1206, 1219, 1223, 1226, 1229, 1239, 1354, 1403, 1422, 1475, 1489, 1552, 1675, 1826, 1853, 1896, 1906, 1914, 1980, 2002, 2013, 2059, 2065, 2069, 2089, 2094, 2140, 2145]","[333, 740, 1084, 1475]","[13, 36, 57, 63, 127, 137, 168, 185, 200, 231, 297, 362, 375, 402, 436, 446, 471, 552, 567, 635, 638, 673, 686, 736, 757, 768, 786, 833, 836, 849, 857, 860, 869, 881, 883, 885, 890, 899, 914, 946, 950, 1018, 1088, 1132, 1183, 1193, 1195, 1206, 1219, 1223, 1226, 1229, 1239, 1354, 1403, 1422, 1489, 1552, 1675, 1826, 1853, 1896, 1906, 1914, 1980, 2002, 2013, 2059, 2065, 2069, 2089, 2094, 2140, 2145]","[333, 740, 1084, 1475]",2154,78,2076,4,74,2076,0
-1.5,OPOP1,"[26, 33, 54, 57, 72, 156, 192, 195, 249, 258, 282, 299, 307, 377, 406, 546, 594]",[249],"[26, 33, 54, 57, 72, 156, 192, 195, 258, 282, 299, 307, 377, 406, 546, 594]",[249],616,17,599,1,16,599,0
-1.5,ORAPROTP1A,"[7, 10, 59, 70, 115, 163, 167, 183, 250, 261, 276, 290]",[163],"[7, 10, 59, 70, 115, 167, 183, 250, 261, 276, 290]",[163],409,12,397,1,11,397,0
-1.5,PAA1GL,"[25, 81, 112, 139, 155, 160, 180, 185, 204, 378, 399, 423, 432, 492, 501, 513, 540, 588, 598, 677, 719, 739, 752, 761, 780, 797, 856, 866]","[204, 513]","[25, 81, 112, 139, 155, 160, 180, 185, 378, 399, 423, 432, 492, 501, 540, 588, 598, 677, 719, 739, 752, 761, 780, 797, 856, 866]","[204, 513]",872,28,844,2,26,844,0
-1.5,PAAFPG,"[17, 22, 42, 49, 125, 128, 136, 179, 214, 218, 251, 259, 328, 351, 361, 386, 484, 497, 512, 559, 574, 590, 627, 632, 638, 649, 658, 898, 908, 911, 922, 932, 1002, 1028, 1032, 1044, 1053, 1067, 1078]",[214],"[17, 22, 42, 49, 125, 128, 136, 179, 218, 251, 259, 328, 351, 361, 386, 484, 497, 512, 559, 574, 590, 627, 632, 638, 649, 658, 898, 908, 911, 922, 932, 1002, 1028, 1032, 1044, 1053, 1067, 1078]",[214],1087,39,1048,1,38,1048,0
-1.5,PAU03674,"[39, 46, 66, 93, 111, 201, 203, 233, 241, 285, 287, 291, 361, 461, 465, 494, 498, 536, 592, 595, 600, 605, 608, 630, 702, 824, 895, 900, 928, 977, 985, 987, 1004, 1057, 1060, 1071, 1097, 1110, 1125, 1142, 1150, 1187, 1194, 1237, 1248, 1254, 1270, 1285, 1332, 1334, 1372, 1374, 1388, 1399, 1404, 1418, 1421, 1474, 1495, 1507, 1526, 1566, 1570, 1572, 1584, 1604, 1609, 1617, 1621, 1633, 1647, 1649, 1669, 1704, 1710, 1725, 1749, 1768, 1853, 1933, 1935, 1997, 2009, 2033, 2078, 2100, 2104, 2123, 2209, 2215, 2305, 2310, 2363, 2394, 2397, 2414, 2419, 2451, 2466, 2469, 2493, 2511, 2517, 2531, 2540, 2570, 2576, 2616, 2761, 2806, 2851, 2896, 2941, 3035, 3037, 3057, 3062, 3087, 3117, 3171, 3187, 3220, 3228, 3244, 3267, 3309, 3348, 3379, 3388, 3399, 3417, 3427, 3491, 3500, 3557, 3574, 3638, 3685, 3726, 3732, 3773, 3777, 3791, 3864, 3866, 3870, 3895, 3898, 3961, 3972, 3977, 3989, 4001, 4004, 4013, 4019, 4023, 4029, 4035, 4046, 4145, 4154, 4169, 4171, 4175, 4181, 4227, 4233, 4238, 4273, 4294, 4318, 4323, 4337, 4348, 4367, 4372, 4385, 4439, 4464, 4501, 4507, 4511, 4523, 4525, 4550, 4611, 4639, 4655, 4689, 4691, 4702, 4705, 4713, 4723, 4741, 4748, 4765, 4785, 4790, 4825, 4829, 4831, 4833, 4892, 4895, 4901, 4910, 4940, 4946, 4955, 4989, 4994, 5006, 5098, 5149, 5156, 5170, 5231, 5237, 5258, 5266, 5293, 5297]","[3171, 3574, 3773, 4013, 4294, 4611]","[39, 46, 66, 93, 111, 201, 203, 233, 241, 285, 287, 291, 361, 461, 465, 494, 498, 536, 592, 595, 600, 605, 608, 630, 702, 824, 895, 900, 928, 977, 985, 987, 1004, 1057, 1060, 1071, 1097, 1110, 1125, 1142, 1150, 1187, 1194, 1237, 1248, 1254, 1270, 1285, 1332, 1334, 1372, 1374, 1388, 1399, 1404, 1418, 1421, 1474, 1495, 1507, 1526, 1566, 1570, 1572, 1584, 1604, 1609, 1617, 1621, 1633, 1647, 1649, 1669, 1704, 1710, 1725, 1749, 1768, 1853, 1933, 1935, 1997, 2009, 2033, 2078, 2100, 2104, 2123, 2209, 2215, 2305, 2310, 2363, 2394, 2397, 2414, 2419, 2451, 2466, 2469, 2493, 2511, 2517, 2531, 2540, 2570, 2576, 2616, 2761, 2806, 2851, 2896, 2941, 3035, 3037, 3057, 3062, 3087, 3117, 3187, 3220, 3228, 3244, 3267, 3309, 3348, 3379, 3388, 3399, 3417, 3427, 3491, 3500, 3557, 3638, 3685, 3726, 3732, 3777, 3791, 3864, 3866, 3870, 3895, 3898, 3961, 3972, 3977, 3989, 4001, 4004, 4019, 4023, 4029, 4035, 4046, 4145, 4154, 4169, 4171, 4175, 4181, 4227, 4233, 4238, 4273, 4318, 4323, 4337, 4348, 4367, 4372, 4385, 4439, 4464, 4501, 4507, 4511, 4523, 4525, 4550, 4639, 4655, 4689, 4691, 4702, 4705, 4713, 4723, 4741, 4748, 4765, 4785, 4790, 4825, 4829, 4831, 4833, 4892, 4895, 4901, 4910, 4940, 4946, 4955, 4989, 4994, 5006, 5098, 5149, 5156, 5170, 5231, 5237, 5258, 5266, 5293, 5297]","[3171, 3574, 3773, 4013, 4294, 4611]",5437,224,5213,6,218,5213,0
-1.5,PIGAPAI,"[16, 35, 62, 83, 85, 101, 107, 191, 374, 385, 449, 538, 562, 566, 584, 688, 731, 760, 763, 778, 794, 798, 830, 1015, 1031, 1049, 1051, 1074, 1096, 1129, 1156, 1163, 1169, 1183, 1195, 1275, 1293, 1320, 1324, 1353, 1399, 1443, 1454, 1513, 1522, 1531, 1536, 1538, 1541, 1549, 1551, 1553, 1555, 1557, 1559, 1561, 1563, 1565, 1567, 1569, 1571, 1573, 1575, 1577, 1579, 1593, 1625, 1660, 1667, 1689, 1696, 1711, 1720, 1819, 1823, 1840, 1918, 1930, 1962, 1983, 2016, 2041, 2107, 2211, 2299, 2317, 2367, 2403, 2444, 2454, 2464, 2539, 2550, 2563, 2605, 2617, 2642, 2661, 2693, 2701, 2775, 2781, 2806, 2824, 2826, 2871, 2893, 2897, 2917, 2924, 2927, 2929, 3022, 3060, 3081, 3084, 3160, 3211, 3232, 3260, 3317]","[794, 1129]","[16, 35, 62, 83, 85, 101, 107, 191, 374, 385, 449, 538, 562, 566, 584, 688, 731, 760, 763, 778, 798, 830, 1015, 1031, 1049, 1051, 1074, 1096, 1156, 1163, 1169, 1183, 1195, 1275, 1293, 1320, 1324, 1353, 1399, 1443, 1454, 1513, 1522, 1531, 1536, 1538, 1541, 1549, 1551, 1553, 1555, 1557, 1559, 1561, 1563, 1565, 1567, 1569, 1571, 1573, 1575, 1577, 1579, 1593, 1625, 1660, 1667, 1689, 1696, 1711, 1720, 1819, 1823, 1840, 1918, 1930, 1962, 1983, 2016, 2041, 2107, 2211, 2299, 2317, 2367, 2403, 2444, 2454, 2464, 2539, 2550, 2563, 2605, 2617, 2642, 2661, 2693, 2701, 2775, 2781, 2806, 2824, 2826, 2871, 2893, 2897, 2917, 2924, 2927, 2929, 3022, 3060, 3081, 3084, 3160, 3211, 3232, 3260, 3317]","[794, 1129]",3325,121,3204,2,119,3204,0
-1.5,PIGAPCIII,"[27, 45, 148, 188, 190, 201, 277, 348, 353, 375, 390, 456, 581, 620, 682, 696, 736, 752, 774, 778, 799, 867, 908, 917, 934, 944, 948, 980, 1013, 1079, 1084, 1091, 1136, 1141, 1273, 1318, 1321, 1389, 1405, 1413, 1426, 1432, 1443, 1448, 1478, 1482, 1502, 1530, 1637, 1679, 1694, 1711, 1790, 1813, 1817, 2009, 2011, 2020, 2025, 2027, 2031, 2035, 2037, 2039, 2041, 2043, 2049, 2083, 2213, 2236, 2252, 2295, 2303, 2401, 2423, 2458, 2499, 2502, 2513, 2540, 2553, 2588, 2597, 2625, 2639, 2654, 2704, 2740, 2750, 2864, 3013, 3018, 3029, 3036, 3040, 3044, 3046, 3098, 3130, 3142, 3196, 3202, 3226, 3250]","[1432, 1711]","[27, 45, 148, 188, 190, 201, 277, 348, 353, 375, 390, 456, 581, 620, 682, 696, 736, 752, 774, 778, 799, 867, 908, 917, 934, 944, 948, 980, 1013, 1079, 1084, 1091, 1136, 1141, 1273, 1318, 1321, 1389, 1405, 1413, 1426, 1443, 1448, 1478, 1482, 1502, 1530, 1637, 1679, 1694, 1790, 1813, 1817, 2009, 2011, 2020, 2025, 2027, 2031, 2035, 2037, 2039, 2041, 2043, 2049, 2083, 2213, 2236, 2252, 2295, 2303, 2401, 2423, 2458, 2499, 2502, 2513, 2540, 2553, 2588, 2597, 2625, 2639, 2654, 2704, 2740, 2750, 2864, 3013, 3018, 3029, 3036, 3040, 3044, 3046, 3098, 3130, 3142, 3196, 3202, 3226, 3250]","[1432, 1711]",3268,104,3164,2,102,3164,0
-1.5,PIGCNP,"[14, 25, 75, 98, 126, 223, 246, 263, 400, 404, 409, 420, 429, 439, 456, 466, 520, 528, 564, 593, 596, 665, 672, 702, 749, 751, 796, 799, 839, 866, 894, 927, 952, 977, 988, 1000, 1062, 1125, 1129, 1150, 1154, 1235, 1248, 1339, 1341, 1408, 1416, 1430, 1491, 1543, 1551, 1559, 1569, 1615, 1622, 1652, 1662, 1666, 1674, 1677, 1695, 1736, 1747, 1766, 1781, 1834, 1846, 1857, 1878]",[400],"[14, 25, 75, 98, 126, 223, 246, 263, 404, 409, 420, 429, 439, 456, 466, 520, 528, 564, 593, 596, 665, 672, 702, 749, 751, 796, 799, 839, 866, 894, 927, 952, 977, 988, 1000, 1062, 1125, 1129, 1150, 1154, 1235, 1248, 1339, 1341, 1408, 1416, 1430, 1491, 1543, 1551, 1559, 1569, 1615, 1622, 1652, 1662, 1666, 1674, 1677, 1695, 1736, 1747, 1766, 1781, 1834, 1846, 1857, 1878]",[400],1886,69,1817,1,68,1817,0
-1.5,PIGFSB,"[22, 148, 153, 180, 226, 249, 269, 290, 300, 310, 317, 367, 409, 413, 446, 467, 495, 509, 515, 519, 548, 573, 578, 580, 589, 670, 750, 772, 782, 794, 796, 823, 856, 858, 861, 886, 888, 895, 932, 940, 954, 967, 973, 1034, 1036, 1042, 1046, 1169, 1175, 1305, 1428, 1450, 1480, 1502, 1511, 1513, 1515, 1517, 1519, 1521, 1539, 1590, 1598, 1677, 1679, 1705, 1718, 1726, 1736, 1755, 1790, 1801, 1818, 1822, 1828, 1849, 1853, 1855, 1885, 1887, 1899, 1985]","[515, 1042]","[22, 148, 153, 180, 226, 249, 269, 290, 300, 310, 317, 367, 409, 413, 446, 467, 495, 509, 519, 548, 573, 578, 580, 589, 670, 750, 772, 782, 794, 796, 823, 856, 858, 861, 886, 888, 895, 932, 940, 954, 967, 973, 1034, 1036, 1046, 1169, 1175, 1305, 1428, 1450, 1480, 1502, 1511, 1513, 1515, 1517, 1519, 1521, 1539, 1590, 1598, 1677, 1679, 1705, 1718, 1726, 1736, 1755, 1790, 1801, 1818, 1822, 1828, 1849, 1853, 1855, 1885, 1887, 1899, 1985]","[515, 1042]",2043,82,1961,2,80,1961,0
-1.5,PIKEGLOBIN,"[21, 55, 148, 189, 205, 221, 237, 271, 290, 316, 334, 353, 453, 474, 541, 553, 567, 588, 604, 694, 726, 761, 767, 829, 848, 861, 869, 897, 941, 945, 960, 974, 1011, 1050, 1055, 1063, 1069, 1079, 1085, 1158, 1175, 1193, 1199, 1209, 1222, 1272, 1293, 1306, 1319, 1323, 1384, 1417, 1422, 1428, 1473, 1497, 1499, 1506, 1529, 1550, 1558, 1566, 1588, 1652, 1687]","[237, 588]","[21, 55, 148, 189, 205, 221, 271, 290, 316, 334, 353, 453, 474, 541, 553, 567, 604, 694, 726, 761, 767, 829, 848, 861, 869, 897, 941, 945, 960, 974, 1011, 1050, 1055, 1063, 1069, 1079, 1085, 1158, 1175, 1193, 1199, 1209, 1222, 1272, 1293, 1306, 1319, 1323, 1384, 1417, 1422, 1428, 1473, 1497, 1499, 1506, 1529, 1550, 1558, 1566, 1588, 1652, 1687]","[237, 588]",1701,65,1636,2,63,1636,0
-1.5,PPGLTG,"[60, 111, 120, 227, 264, 286, 308, 319, 341, 373, 444, 527, 548, 572, 604, 628, 641, 662, 675, 715, 726, 737, 747, 792, 854, 867, 890, 903, 907, 911, 942, 950, 955, 982, 1061]","[373, 662]","[60, 111, 120, 227, 264, 286, 308, 319, 341, 444, 527, 548, 572, 604, 628, 641, 675, 715, 726, 737, 747, 792, 854, 867, 890, 903, 907, 911, 942, 950, 955, 982, 1061]","[373, 662]",1064,35,1029,2,33,1029,0
-1.5,PPPROP2,"[51, 63, 93, 95, 168, 174, 319, 347, 446, 559, 576, 627, 638, 661, 734]",[319],"[51, 63, 93, 95, 168, 174, 347, 446, 559, 576, 627, 638, 661, 734]",[319],739,15,724,1,14,724,0
-1.5,PPYPROP2,"[4, 14, 16, 46, 48, 121, 127, 245, 272, 399, 513, 530, 581, 592, 615, 687]",[272],"[4, 14, 16, 46, 48, 121, 127, 245, 399, 513, 530, 581, 592, 615, 687]",[272],688,16,672,1,15,672,0
-1.5,PTAZGLO,"[21, 30, 79, 81, 83, 91, 170, 175, 284, 302, 360, 367, 392, 406, 438, 441, 445, 451, 510, 516, 520, 544, 610, 617, 665, 694, 703, 772, 804, 840, 878, 892, 943, 965, 974, 993, 1002, 1024, 1030, 1062, 1081, 1086, 1120, 1129, 1157, 1183, 1203, 1259, 1270, 1299, 1422, 1485, 1510, 1541, 1549, 1603, 1607, 1609, 1636, 1648, 1652, 1656, 1665, 1672, 1679, 1693, 1707, 1721, 1735, 1749, 1753, 1777, 1791, 1805, 1819, 1824, 1833, 1860, 1874, 1889, 1902, 1917, 1932, 1947, 1961, 1976, 1991, 2022, 2036, 2049, 2064, 2078, 2092, 2106, 2120, 2148, 2162, 2176, 2190, 2204, 2230, 2244, 2253, 2314, 2331, 2338, 2381, 2429, 2499, 2519, 2534, 2553, 2558, 2574, 2598, 2648, 2766, 2771, 2780, 2788, 2813, 2820, 2932, 2963, 2966, 2975, 2987, 3056, 3065, 3077, 3091, 3111, 3124, 3129, 3154, 3169, 3199, 3214, 3285, 3347, 3357, 3360, 3383, 3399, 3515, 3544, 3551, 3574, 3577, 3628]","[1603, 3077]","[21, 30, 79, 81, 83, 91, 170, 175, 284, 302, 360, 367, 392, 406, 438, 441, 445, 451, 510, 516, 520, 544, 610, 617, 665, 694, 703, 772, 804, 840, 878, 892, 943, 965, 974, 993, 1002, 1024, 1030, 1062, 1081, 1086, 1120, 1129, 1157, 1183, 1203, 1259, 1270, 1299, 1422, 1485, 1510, 1541, 1549, 1607, 1609, 1636, 1648, 1652, 1656, 1665, 1672, 1679, 1693, 1707, 1721, 1735, 1749, 1753, 1777, 1791, 1805, 1819, 1824, 1833, 1860, 1874, 1889, 1902, 1917, 1932, 1947, 1961, 1976, 1991, 2022, 2036, 2049, 2064, 2078, 2092, 2106, 2120, 2148, 2162, 2176, 2190, 2204, 2230, 2244, 2253, 2314, 2331, 2338, 2381, 2429, 2499, 2519, 2534, 2553, 2558, 2574, 2598, 2648, 2766, 2771, 2780, 2788, 2813, 2820, 2932, 2963, 2966, 2975, 2987, 3056, 3065, 3091, 3111, 3124, 3129, 3154, 3169, 3199, 3214, 3285, 3347, 3357, 3360, 3383, 3399, 3515, 3544, 3551, 3574, 3577, 3628]","[1603, 3077]",3609,150,3459,2,148,3459,0
-1.5,PTGGGLOG,"[72, 79, 112, 152, 162, 168, 200, 210, 243, 262, 279, 295, 329, 352, 410, 431, 498, 510, 524, 545, 606, 641, 648, 664, 671, 709, 712, 734, 782, 821, 891, 896, 942, 955, 1064, 1076, 1106, 1119, 1126, 1128, 1130, 1132, 1134, 1136, 1138, 1140, 1142, 1144, 1146, 1148, 1150, 1152, 1154, 1156, 1158, 1160, 1162, 1164, 1166, 1168, 1174, 1176, 1213, 1220, 1255, 1262, 1347, 1358, 1362, 1405, 1450, 1456, 1501, 1525, 1534, 1541, 1658, 1726, 1730, 1736, 1754, 1758, 1769, 1796, 1803, 1807]","[200, 545]","[72, 79, 112, 152, 162, 168, 210, 243, 262, 279, 295, 329, 352, 410, 431, 498, 510, 524, 606, 641, 648, 664, 671, 709, 712, 734, 782, 821, 891, 896, 942, 955, 1064, 1076, 1106, 1119, 1126, 1128, 1130, 1132, 1134, 1136, 1138, 1140, 1142, 1144, 1146, 1148, 1150, 1152, 1154, 1156, 1158, 1160, 1162, 1164, 1166, 1168, 1174, 1176, 1213, 1220, 1255, 1262, 1347, 1358, 1362, 1405, 1450, 1456, 1501, 1525, 1534, 1541, 1658, 1726, 1730, 1736, 1754, 1758, 1769, 1796, 1803, 1807]","[200, 545]",1814,86,1728,2,84,1728,0
-1.5,PTPPINS,"[23, 92, 98, 131, 139, 206, 255, 351, 364, 438, 453, 482, 511, 540, 569, 582, 627, 665, 672, 679, 688, 728, 742, 762, 799, 848, 925, 933, 1028, 1049, 1054, 1065, 1073, 1113, 1134, 1140, 1231, 1256, 1298, 1312, 1328, 1346, 1348, 1410, 1519, 1524, 1558, 1572, 1586, 1594, 1617, 1619, 1652, 1738, 1750, 1762, 1778, 1843, 1858, 1885, 1927, 1957, 1985, 1994, 2000, 2010, 2025, 2027, 2031, 2073, 2079, 2095, 2126, 2136, 2192, 2201, 2223, 2271, 2274, 2279, 2292, 2370, 2375, 2379, 2381, 2425, 2459, 2469]",[1410],"[23, 92, 98, 131, 139, 206, 255, 351, 364, 438, 453, 482, 511, 540, 569, 582, 627, 665, 672, 679, 688, 728, 742, 762, 799, 848, 925, 933, 1028, 1049, 1054, 1065, 1073, 1113, 1134, 1140, 1231, 1256, 1298, 1312, 1328, 1346, 1348, 1519, 1524, 1558, 1572, 1586, 1594, 1617, 1619, 1652, 1738, 1750, 1762, 1778, 1843, 1858, 1885, 1927, 1957, 1985, 1994, 2000, 2010, 2025, 2027, 2031, 2073, 2079, 2095, 2126, 2136, 2192, 2201, 2223, 2271, 2274, 2279, 2292, 2370, 2375, 2379, 2381, 2425, 2459, 2469]",[1410],2475,88,2387,1,87,2387,0
-1.5,PTPROP2,"[62, 74, 104, 106, 179, 185, 249, 330, 457, 571, 588, 639, 650, 673, 746]",[330],"[62, 74, 104, 106, 179, 185, 249, 457, 571, 588, 639, 650, 673, 746]",[330],750,15,735,1,14,735,0
-1.5,PVU11715,"[106, 164, 199, 238, 240, 250, 256, 288, 396, 498, 519, 543, 586, 598, 612, 633, 637, 654, 745, 747, 767, 808, 858, 939, 988, 1021, 1091, 1095, 1100, 1129, 1202, 1258, 1272, 1290, 1319, 1340, 1344, 1368, 1377, 1388, 1504, 1549, 1575, 1605, 1627, 1635, 1643, 1645, 1716, 1774]","[288, 633]","[106, 164, 199, 238, 240, 250, 256, 396, 498, 519, 543, 586, 598, 612, 637, 654, 745, 747, 767, 808, 858, 939, 988, 1021, 1091, 1095, 1100, 1129, 1202, 1258, 1272, 1290, 1319, 1340, 1344, 1368, 1377, 1388, 1504, 1549, 1575, 1605, 1627, 1635, 1643, 1645, 1716, 1774]","[288, 633]",1781,50,1731,2,48,1731,0
-1.5,QULNFLW,"[5, 15, 57, 62, 69, 97, 108, 113, 145, 149, 260, 309, 372, 396, 426, 434, 474, 509, 567, 577, 648, 667, 704, 708, 762, 766, 809, 828, 867, 946, 961, 1000, 1027, 1056, 1187, 1199, 1205, 1222, 1279, 1305, 1338, 1342, 1357, 1413, 1435, 1464, 1491, 1504, 1548, 1630, 1635, 1637, 1650, 1667, 1797, 1804, 1860, 1921, 1946, 1975, 2033, 2035, 2082, 2088, 2122, 2130, 2169, 2214, 2227, 2269, 2298, 2301, 2364, 2388, 2396, 2405, 2417, 2425, 2435, 2441, 2451, 2461, 2483, 2517, 2544, 2634, 2694, 2703, 2709, 2752, 2816, 2835, 2838, 2860, 2882, 2891, 2893, 2897, 2948, 2972, 2998, 3006, 3068, 3095, 3116, 3290, 3329, 3383, 3422, 3475, 3479, 3491, 3493, 3511, 3525, 3541, 3561, 3586, 3605, 3641, 3662, 3672, 3717, 3720, 3794, 3798, 3802, 3836, 3844, 3854, 3857, 3900, 3992, 4017, 4029, 4078, 4139, 4170, 4175, 4360, 4366, 4375, 4394, 4404, 4418, 4443, 4448, 4457, 4496, 4587, 4618, 4656, 4670, 4690, 4715, 4746, 4755, 4806, 4817, 4843, 4945, 4947, 4973, 4978, 4980, 4987, 5052, 5097, 5102, 5124, 5192, 5196, 5207, 5240, 5300, 5316, 5333, 5351, 5368, 5399, 5413, 5467, 5481, 5500, 5520, 5552, 5612, 5639, 5641, 5657, 5691, 5751, 5849, 5873, 5894, 5921, 5972, 5978, 6015, 6141, 6162, 6176, 6196, 6211, 6219, 6241, 6264, 6295, 6324, 6326, 6330, 6346, 6351, 6375, 6402, 6476, 6504, 6633, 6648, 6672, 6680, 6683, 6685, 6689, 6693, 6768, 6802, 6808, 6820, 6822, 6833, 6854, 6856, 6865, 6890, 7045, 7140, 7152, 7159, 7187, 7192, 7198, 7237, 7247, 7255, 7269, 7285, 7355, 7385, 7389, 7413, 7417, 7466, 7470, 7474, 7511, 7540, 7572, 7582, 7595, 7597, 7624, 7640, 7664, 7666, 7677, 7764, 7812, 7852, 7865, 7881, 7885, 7887, 7899, 7905]","[3794, 4656, 5921]","[5, 15, 57, 62, 69, 97, 108, 113, 145, 149, 260, 309, 372, 396, 426, 434, 474, 509, 567, 577, 648, 667, 704, 708, 762, 766, 809, 828, 867, 946, 961, 1000, 1027, 1056, 1187, 1199, 1205, 1222, 1279, 1305, 1338, 1342, 1357, 1413, 1435, 1464, 1491, 1504, 1548, 1630, 1635, 1637, 1650, 1667, 1797, 1804, 1860, 1921, 1946, 1975, 2033, 2035, 2082, 2088, 2122, 2130, 2169, 2214, 2227, 2269, 2298, 2301, 2364, 2388, 2396, 2405, 2417, 2425, 2435, 2441, 2451, 2461, 2483, 2517, 2544, 2634, 2694, 2703, 2709, 2752, 2816, 2835, 2838, 2860, 2882, 2891, 2893, 2897, 2948, 2972, 2998, 3006, 3068, 3095, 3116, 3290, 3329, 3383, 3422, 3475, 3479, 3491, 3493, 3511, 3525, 3541, 3561, 3586, 3605, 3641, 3662, 3672, 3717, 3720, 3798, 3802, 3836, 3844, 3854, 3857, 3900, 3992, 4017, 4029, 4078, 4139, 4170, 4175, 4360, 4366, 4375, 4394, 4404, 4418, 4443, 4448, 4457, 4496, 4587, 4618, 4670, 4690, 4715, 4746, 4755, 4806, 4817, 4843, 4945, 4947, 4973, 4978, 4980, 4987, 5052, 5097, 5102, 5124, 5192, 5196, 5207, 5240, 5300, 5316, 5333, 5351, 5368, 5399, 5413, 5467, 5481, 5500, 5520, 5552, 5612, 5639, 5641, 5657, 5691, 5751, 5849, 5873, 5894, 5972, 5978, 6015, 6141, 6162, 6176, 6196, 6211, 6219, 6241, 6264, 6295, 6324, 6326, 6330, 6346, 6351, 6375, 6402, 6476, 6504, 6633, 6648, 6672, 6680, 6683, 6685, 6689, 6693, 6768, 6802, 6808, 6820, 6822, 6833, 6854, 6856, 6865, 6890, 7045, 7140, 7152, 7159, 7187, 7192, 7198, 7237, 7247, 7255, 7269, 7285, 7355, 7385, 7389, 7413, 7417, 7466, 7470, 7474, 7511, 7540, 7572, 7582, 7595, 7597, 7624, 7640, 7664, 7666, 7677, 7764, 7812, 7852, 7865, 7881, 7885, 7887, 7899, 7905]","[3794, 4656, 5921]",7925,275,7650,3,272,7650,0
-1.5,QULTROPIA,"[6, 19, 32, 58, 63, 67, 82, 103, 123, 141, 181, 240, 287, 296, 306, 310, 347, 377, 410, 437, 447, 469, 542, 591, 607, 638, 669, 678, 689, 694, 717, 742, 748, 756, 761, 860, 882, 929, 931, 933, 971, 1006, 1030, 1094, 1139, 1142, 1158, 1177, 1195, 1235, 1306, 1308, 1310, 1335, 1411, 1449, 1480, 1491, 1505, 1533, 1571, 1644, 1652, 1675, 1708, 1776, 1778, 1782, 1826, 1858, 1863, 1894, 1914, 1940, 1945, 1985, 1993, 1998, 2058, 2074, 2113, 2130, 2156, 2160, 2180, 2186, 2210, 2221, 2352, 2360, 2364, 2366, 2420, 2440, 2443, 2466, 2528, 2539, 2582, 2585, 2666, 2683, 2692, 2707, 2745, 2814, 2821, 2858, 2873, 2875, 2885, 2894, 2896, 2899, 3004, 3008, 3033, 3104, 3106, 3141, 3149, 3158, 3176, 3236, 3309, 3329, 3365, 3437, 3465, 3472, 3585, 3587, 3592, 3595, 3605, 3630, 3632, 3638, 3642, 3664, 3699, 3706, 3709, 3712, 3743, 3778, 3788, 3791, 3826, 3860, 3863, 3887, 3962, 3993, 4007, 4020, 4047, 4052, 4107, 4182, 4225, 4229, 4253, 4279, 4312, 4336, 4419, 4440, 4461, 4467, 4506, 4544, 4549, 4565, 4570, 4580, 4588, 4601, 4607, 4609, 4613, 4624, 4634, 4672, 4677, 4681, 4736, 4764, 4823, 4891, 4910, 4923, 4936, 4938, 4968, 4981, 4993, 5005]","[2186, 2360, 3004, 3437, 4047, 4336]","[6, 19, 32, 58, 63, 67, 82, 103, 123, 141, 181, 240, 287, 296, 306, 310, 347, 377, 410, 437, 447, 469, 542, 591, 607, 638, 669, 678, 689, 694, 717, 742, 748, 756, 761, 860, 882, 929, 931, 933, 971, 1006, 1030, 1094, 1139, 1142, 1158, 1177, 1195, 1235, 1306, 1308, 1310, 1335, 1411, 1449, 1480, 1491, 1505, 1533, 1571, 1644, 1652, 1675, 1708, 1776, 1778, 1782, 1826, 1858, 1863, 1894, 1914, 1940, 1945, 1985, 1993, 1998, 2058, 2074, 2113, 2130, 2156, 2160, 2180, 2210, 2221, 2352, 2364, 2366, 2420, 2440, 2443, 2466, 2528, 2539, 2582, 2585, 2666, 2683, 2692, 2707, 2745, 2814, 2821, 2858, 2873, 2875, 2885, 2894, 2896, 2899, 3008, 3033, 3104, 3106, 3141, 3149, 3158, 3176, 3236, 3309, 3329, 3365, 3465, 3472, 3585, 3587, 3592, 3595, 3605, 3630, 3632, 3638, 3642, 3664, 3699, 3706, 3709, 3712, 3743, 3778, 3788, 3791, 3826, 3860, 3863, 3887, 3962, 3993, 4007, 4020, 4052, 4107, 4182, 4225, 4229, 4253, 4279, 4312, 4419, 4440, 4461, 4467, 4506, 4544, 4549, 4565, 4570, 4580, 4588, 4601, 4607, 4609, 4613, 4624, 4634, 4672, 4677, 4681, 4736, 4764, 4823, 4891, 4910, 4923, 4936, 4938, 4968, 4981, 4993, 5005]","[2186, 2360, 3004, 3437, 4047, 4336]",4956,198,4758,6,192,4758,0
-1.5,RABCRP,"[18, 40, 52, 56, 64, 144, 146, 167, 190, 216, 248, 288, 309, 317, 327, 347, 350, 366, 397, 402, 416, 507, 509, 513, 515, 517, 519, 521, 523, 525, 527, 529, 531, 533, 535, 537, 539, 551, 557, 579, 583, 594, 683, 744, 746, 781, 785, 790, 870, 874, 897, 912, 931, 972, 990, 1000, 1064, 1069, 1098, 1116, 1124, 1171, 1221, 1225, 1228, 1233, 1239, 1286, 1297, 1304, 1329]",[397],"[18, 40, 52, 56, 64, 144, 146, 167, 190, 216, 248, 288, 309, 317, 327, 347, 350, 366, 402, 416, 507, 509, 513, 515, 517, 519, 521, 523, 525, 527, 529, 531, 533, 535, 537, 539, 551, 557, 579, 583, 594, 683, 744, 746, 781, 785, 790, 870, 874, 897, 912, 931, 972, 990, 1000, 1064, 1069, 1098, 1116, 1124, 1171, 1221, 1225, 1228, 1233, 1239, 1286, 1297, 1304, 1329]",[397],1430,71,1359,1,70,1359,0
-1.5,RABDNP3AA,"[40, 72, 116, 142, 199, 218, 277, 288, 317, 319, 327, 370, 381, 388, 444, 460, 558, 596, 643, 654, 659, 684, 704, 734, 742, 746, 774, 780, 816, 843, 845, 879, 906, 924, 970, 995, 997, 1030, 1061, 1115, 1152, 1238, 1249, 1286, 1304, 1332, 1435, 1438, 1539, 1562, 1731, 1766, 1770, 1786, 1865, 1890, 1893, 1974, 2056, 2062, 2071, 2094, 2149, 2156, 2182, 2234, 2270, 2285, 2320, 2352, 2354, 2356, 2369, 2399, 2418, 2435, 2462, 2483, 2488, 2499, 2503, 2507, 2515, 2531, 2540, 2550, 2564, 2581, 2598, 2696, 2704, 2722, 2747, 2793, 2803, 2821, 2964, 2986, 2994, 3003, 3047]",[2156],"[40, 72, 116, 142, 199, 218, 277, 288, 317, 319, 327, 370, 381, 388, 444, 460, 558, 596, 643, 654, 659, 684, 704, 734, 742, 746, 774, 780, 816, 843, 845, 879, 906, 924, 970, 995, 997, 1030, 1061, 1115, 1152, 1238, 1249, 1286, 1304, 1332, 1435, 1438, 1539, 1562, 1731, 1766, 1770, 1786, 1865, 1890, 1893, 1974, 2056, 2062, 2071, 2094, 2149, 2182, 2234, 2270, 2285, 2320, 2352, 2354, 2356, 2369, 2399, 2418, 2435, 2462, 2483, 2488, 2499, 2503, 2507, 2515, 2531, 2540, 2550, 2564, 2581, 2598, 2696, 2704, 2722, 2747, 2793, 2803, 2821, 2964, 2986, 2994, 3003, 3047]",[2156],3082,101,2981,1,100,2981,0
-1.5,RABSURFA,"[21, 31, 55, 65, 117, 143, 195, 208, 280, 342, 378, 398, 428, 434, 471, 483, 503, 514, 525, 530, 591, 615, 636, 660, 668, 679, 698, 703, 725, 743, 747, 780, 795, 797, 810, 818, 844, 853, 855, 877, 921, 928, 953, 967, 1038, 1050, 1060, 1175, 1177, 1192, 1246, 1253, 1255, 1259, 1278, 1312, 1336, 1346, 1431, 1470, 1513, 1539, 1601, 1606, 1612, 1614, 1628, 1642, 1659, 1717, 1729, 1785, 1803, 1821, 1823, 1827, 1862, 2072, 2128, 2162, 2209, 2213, 2282, 2290, 2320, 2336, 2356, 2383, 2385, 2397, 2409, 2418, 2422, 2453, 2484, 2492, 2503, 2545, 2556, 2569, 2575, 2610, 2626, 2656, 2663, 2678, 2693, 2725, 2789, 2828, 2842, 2855, 2910, 2926, 2947, 2978, 2993, 3021, 3039, 3045, 3100, 3112, 3132, 3169, 3199, 3231, 3233, 3239, 3262, 3272, 3281, 3290, 3305, 3365, 3393, 3423, 3433, 3443, 3447, 3451, 3455, 3505, 3550, 3555, 3577, 3582, 3651, 3704, 3726, 3749, 3751, 3780, 3801, 3805, 3821, 3866, 3917, 3933, 4006, 4033, 4038, 4040, 4080, 4166, 4172, 4177, 4188, 4192, 4271, 4283, 4307, 4322, 4361, 4365, 4368, 4370, 4388, 4391, 4405, 4411, 4416, 4470, 4482, 4509, 4511, 4520, 4522, 4531, 4577, 4584, 4586, 4636, 4661, 4691, 4713, 4729, 4769, 4799, 4834, 4857, 4868, 4912, 4959, 4965, 4987, 4998, 5077, 5088, 5107, 5117, 5185, 5215, 5272, 5302, 5321, 5343, 5394, 5440, 5504, 5562, 5594, 5598, 5622, 5638, 5694, 5704, 5778, 5795, 5815, 5833, 5835, 5843, 5858, 5882, 5892, 5899, 5994, 6219, 6224, 6243, 6292, 6327, 6330, 6348, 6359, 6396, 6457, 6482, 6529, 6534, 6537, 6621, 6623, 6633, 6640, 6659, 6680, 6723, 6726, 6793, 6817, 6858, 6913, 6939, 6959, 7031, 7041, 7047, 7066, 7072, 7134, 7144, 7146, 7148, 7172, 7194, 7247, 7268, 7279, 7284, 7293, 7301, 7307, 7344, 7382, 7394, 7400, 7419, 7443, 7445, 7450, 7458, 7460, 7468, 7474, 7476, 7539, 7626, 7647, 7677, 7748, 7753, 7760, 7804, 7849, 7880, 7922, 7977, 8018]","[4033, 4361, 5088]","[21, 31, 55, 65, 117, 143, 195, 208, 280, 342, 378, 398, 428, 434, 471, 483, 503, 514, 525, 530, 591, 615, 636, 660, 668, 679, 698, 703, 725, 743, 747, 780, 795, 797, 810, 818, 844, 853, 855, 877, 921, 928, 953, 967, 1038, 1050, 1060, 1175, 1177, 1192, 1246, 1253, 1255, 1259, 1278, 1312, 1336, 1346, 1431, 1470, 1513, 1539, 1601, 1606, 1612, 1614, 1628, 1642, 1659, 1717, 1729, 1785, 1803, 1821, 1823, 1827, 1862, 2072, 2128, 2162, 2209, 2213, 2282, 2290, 2320, 2336, 2356, 2383, 2385, 2397, 2409, 2418, 2422, 2453, 2484, 2492, 2503, 2545, 2556, 2569, 2575, 2610, 2626, 2656, 2663, 2678, 2693, 2725, 2789, 2828, 2842, 2855, 2910, 2926, 2947, 2978, 2993, 3021, 3039, 3045, 3100, 3112, 3132, 3169, 3199, 3231, 3233, 3239, 3262, 3272, 3281, 3290, 3305, 3365, 3393, 3423, 3433, 3443, 3447, 3451, 3455, 3505, 3550, 3555, 3577, 3582, 3651, 3704, 3726, 3749, 3751, 3780, 3801, 3805, 3821, 3866, 3917, 3933, 4006, 4038, 4040, 4080, 4166, 4172, 4177, 4188, 4192, 4271, 4283, 4307, 4322, 4365, 4368, 4370, 4388, 4391, 4405, 4411, 4416, 4470, 4482, 4509, 4511, 4520, 4522, 4531, 4577, 4584, 4586, 4636, 4661, 4691, 4713, 4729, 4769, 4799, 4834, 4857, 4868, 4912, 4959, 4965, 4987, 4998, 5077, 5107, 5117, 5185, 5215, 5272, 5302, 5321, 5343, 5394, 5440, 5504, 5562, 5594, 5598, 5622, 5638, 5694, 5704, 5778, 5795, 5815, 5833, 5835, 5843, 5858, 5882, 5892, 5899, 5994, 6219, 6224, 6243, 6292, 6327, 6330, 6348, 6359, 6396, 6457, 6482, 6529, 6534, 6537, 6621, 6623, 6633, 6640, 6659, 6680, 6723, 6726, 6793, 6817, 6858, 6913, 6939, 6959, 7031, 7041, 7047, 7066, 7072, 7134, 7144, 7146, 7148, 7172, 7194, 7247, 7268, 7279, 7284, 7293, 7301, 7307, 7344, 7382, 7394, 7400, 7419, 7443, 7445, 7450, 7458, 7460, 7468, 7474, 7476, 7539, 7626, 7647, 7677, 7748, 7753, 7760, 7804, 7849, 7880, 7922, 7977, 8018]","[4033, 4361, 5088]",8089,309,7780,3,306,7780,0
-1.5,RABTNF,"[43, 59, 114, 148, 157, 163, 166, 200, 218, 252, 261, 268, 285, 349, 351, 389, 418, 472, 474, 503, 559, 600, 602, 635, 678, 692, 785, 827, 851, 855, 859, 883, 942, 957, 1025, 1077, 1090, 1095, 1124, 1196, 1244, 1261, 1333, 1345, 1355, 1387, 1393, 1407, 1446, 1452, 1481, 1487, 1536, 1556, 1559, 1563, 1580, 1652, 1682, 1728, 1761, 1778, 1792, 1798, 1805, 1864, 1881, 1895, 1945, 1948, 1965, 1984, 1997, 2017, 2035, 2068, 2139, 2172, 2183, 2203, 2217, 2235, 2245, 2268, 2426, 2429, 2432, 2434, 2447, 2548, 2559, 2565, 2569, 2666, 2719, 2772, 2803, 2812, 2844, 2867, 2895, 2941, 2964, 2975, 3015, 3019, 3034, 3038, 3135, 3149, 3190]","[851, 1355, 1563]","[43, 59, 114, 148, 157, 163, 166, 200, 218, 252, 261, 268, 285, 349, 351, 389, 418, 472, 474, 503, 559, 600, 602, 635, 678, 692, 785, 827, 855, 859, 883, 942, 957, 1025, 1077, 1090, 1095, 1124, 1196, 1244, 1261, 1333, 1345, 1387, 1393, 1407, 1446, 1452, 1481, 1487, 1536, 1556, 1559, 1580, 1652, 1682, 1728, 1761, 1778, 1792, 1798, 1805, 1864, 1881, 1895, 1945, 1948, 1965, 1984, 1997, 2017, 2035, 2068, 2139, 2172, 2183, 2203, 2217, 2235, 2245, 2268, 2426, 2429, 2432, 2434, 2447, 2548, 2559, 2565, 2569, 2666, 2719, 2772, 2803, 2812, 2844, 2867, 2895, 2941, 2964, 2975, 3015, 3019, 3034, 3038, 3135, 3149, 3190]","[851, 1355, 1563]",3192,111,3081,3,108,3081,0
-1.5,RATCYC,"[28, 33, 70, 76, 116, 206, 225, 250, 252, 255, 270, 290, 315, 327, 342, 362, 441, 452, 456, 543, 572, 576, 604, 607, 631, 636, 644, 683, 758, 780, 833, 841, 860, 921, 925, 965, 1045, 1048, 1051, 1056, 1063, 1067, 1075, 1084, 1087, 1103, 1115, 1122, 1134, 1139, 1168, 1205, 1207, 1214, 1224, 1267, 1271, 1333, 1337, 1339, 1367, 1376, 1378, 1400, 1432, 1434, 1438, 1469, 1490, 1617, 1634, 1693, 1713, 1734, 1755, 1823, 1852, 1876, 1903, 1943, 1968, 1976, 1978, 1982, 2037, 2102, 2111, 2130, 2162, 2184, 2223, 2259, 2298, 2350, 2364, 2408, 2422, 2456, 2464, 2467, 2472, 2484]",[1333],"[28, 33, 70, 76, 116, 206, 225, 250, 252, 255, 270, 290, 315, 327, 342, 362, 441, 452, 456, 543, 572, 576, 604, 607, 631, 636, 644, 683, 758, 780, 833, 841, 860, 921, 925, 965, 1045, 1048, 1051, 1056, 1063, 1067, 1075, 1084, 1087, 1103, 1115, 1122, 1134, 1139, 1168, 1205, 1207, 1214, 1224, 1267, 1271, 1337, 1339, 1367, 1376, 1378, 1400, 1432, 1434, 1438, 1469, 1490, 1617, 1634, 1693, 1713, 1734, 1755, 1823, 1852, 1876, 1903, 1943, 1968, 1976, 1978, 1982, 2037, 2102, 2111, 2130, 2162, 2184, 2223, 2259, 2298, 2350, 2364, 2408, 2422, 2456, 2464, 2467, 2472, 2484]",[1333],2520,102,2418,1,101,2418,0
-1.5,RATCYSS,"[20, 35, 81, 104, 119, 133, 180, 286, 326, 356, 366, 370, 430, 439, 445, 518, 526, 568, 599, 628, 641, 671, 704, 724, 860, 872, 931, 939, 956, 963, 974, 976, 979, 985, 1006, 1110, 1119, 1123, 1126, 1136, 1151, 1161, 1174, 1205, 1211, 1217, 1221, 1268, 1285, 1287, 1336, 1348, 1413, 1415, 1427, 1545, 1630, 1647, 1652, 1663, 1668, 1686, 1795, 1820, 1880, 1927, 1950, 1964, 1971, 1985, 2009, 2035, 2112, 2162, 2258, 2282, 2284, 2500, 2530, 2535, 2545, 2644, 2649, 2667, 2673, 2675, 2691, 2738, 2769, 2777, 2783, 2789, 2810, 2849, 2860, 2877, 2880, 2901, 2928, 2930, 2984, 3015, 3018, 3135, 3191, 3200, 3223, 3305, 3368, 3377, 3380, 3397, 3465, 3474, 3491, 3493, 3500, 3537, 3561, 3621, 3684, 3693, 3791, 3804, 3827, 3851, 3865, 3889, 3912, 3915, 3942, 3979, 4026, 4063, 4073, 4083, 4087, 4091, 4097, 4108, 4152, 4154, 4156, 4158, 4160, 4162, 4164, 4166, 4168, 4170, 4172, 4176, 4178, 4180, 4182, 4184, 4186, 4188, 4192, 4196, 4200, 4204, 4214, 4218, 4250, 4258, 4275, 4277, 4283, 4287, 4291, 4330, 4336, 4385, 4394, 4410, 4423, 4447, 4528, 4568, 4587, 4597, 4602, 4656, 4675, 4682, 4684, 4690, 4705, 4714, 4759, 4794, 4811, 4829, 4850, 4869, 4882, 4904, 4922, 4989, 5083, 5097, 5102, 5110, 5112, 5151, 5213, 5224, 5319, 5321, 5353, 5391, 5440, 5453, 5458, 5488, 5509, 5524, 5539, 5550, 5552]","[1006, 4026]","[20, 35, 81, 104, 119, 133, 180, 286, 326, 356, 366, 370, 430, 439, 445, 518, 526, 568, 599, 628, 641, 671, 704, 724, 860, 872, 931, 939, 956, 963, 974, 976, 979, 985, 1110, 1119, 1123, 1126, 1136, 1151, 1161, 1174, 1205, 1211, 1217, 1221, 1268, 1285, 1287, 1336, 1348, 1413, 1415, 1427, 1545, 1630, 1647, 1652, 1663, 1668, 1686, 1795, 1820, 1880, 1927, 1950, 1964, 1971, 1985, 2009, 2035, 2112, 2162, 2258, 2282, 2284, 2500, 2530, 2535, 2545, 2644, 2649, 2667, 2673, 2675, 2691, 2738, 2769, 2777, 2783, 2789, 2810, 2849, 2860, 2877, 2880, 2901, 2928, 2930, 2984, 3015, 3018, 3135, 3191, 3200, 3223, 3305, 3368, 3377, 3380, 3397, 3465, 3474, 3491, 3493, 3500, 3537, 3561, 3621, 3684, 3693, 3791, 3804, 3827, 3851, 3865, 3889, 3912, 3915, 3942, 3979, 4063, 4073, 4083, 4087, 4091, 4097, 4108, 4152, 4154, 4156, 4158, 4160, 4162, 4164, 4166, 4168, 4170, 4172, 4176, 4178, 4180, 4182, 4184, 4186, 4188, 4192, 4196, 4200, 4204, 4214, 4218, 4250, 4258, 4275, 4277, 4283, 4287, 4291, 4330, 4336, 4385, 4394, 4410, 4423, 4447, 4528, 4568, 4587, 4597, 4602, 4656, 4675, 4682, 4684, 4690, 4705, 4714, 4759, 4794, 4811, 4829, 4850, 4869, 4882, 4904, 4922, 4989, 5083, 5097, 5102, 5110, 5112, 5151, 5213, 5224, 5319, 5321, 5353, 5391, 5440, 5453, 5458, 5488, 5509, 5524, 5539, 5550, 5552]","[1006, 4026]",5555,221,5334,2,219,5334,0
-1.5,RATDCCOVB,"[13, 98, 106, 120, 169, 189, 211, 215, 226, 229, 232, 252, 257, 326, 336, 338, 348, 394, 406, 438, 446, 448, 453, 458, 516, 540, 543, 549, 551, 747, 750, 764, 788, 809, 830, 880, 936, 1046, 1077, 1125, 1138, 1182, 1184, 1199, 1234, 1236, 1251, 1294, 1303, 1316, 1382, 1396, 1467, 1493, 1498, 1519, 1545, 1559, 1599, 1614, 1625, 1654, 1683, 1691, 1696, 1713, 1730, 1734, 1751, 1819, 1822, 1831, 1926, 1943, 1951, 1983, 2003, 2018, 2086, 2126, 2140, 2175, 2188, 2231, 2236, 2267, 2271, 2283, 2292, 2296, 2314, 2317, 2321, 2331, 2341, 2408, 2416, 2471, 2478, 2563, 2587, 2625, 2630, 2649, 2665, 2675, 2709, 2721, 2740, 2752, 2762, 2790, 2793, 2864, 2876, 2956, 2975, 2980, 3095, 3113, 3126, 3130, 3181, 3188, 3213, 3239, 3242, 3254, 3257, 3294, 3298, 3407, 3409, 3411, 3413, 3427, 3441, 3451, 3453, 3455, 3457, 3459, 3489, 3493, 3498, 3503, 3533, 3558, 3573, 3601, 3623, 3659, 3670, 3699, 3716, 3739, 3747, 3782, 3810, 3851, 3867, 3871, 3906, 3923, 3935, 3986, 4075, 4084, 4094, 4164, 4179, 4181, 4210, 4242, 4277, 4313, 4333, 4349, 4383, 4388, 4487, 4529, 4603, 4608, 4611, 4623, 4650, 4695, 4701, 4709, 4728, 4730, 4757, 4815, 4971, 4999, 5036, 5082, 5089, 5096, 5098, 5129, 5133, 5175, 5213, 5232, 5246, 5271, 5283, 5318]","[2267, 2864, 3126]","[13, 98, 106, 120, 169, 189, 211, 215, 226, 229, 232, 252, 257, 326, 336, 338, 348, 394, 406, 438, 446, 448, 453, 458, 516, 540, 543, 549, 551, 747, 750, 764, 788, 809, 830, 880, 936, 1046, 1077, 1125, 1138, 1182, 1184, 1199, 1234, 1236, 1251, 1294, 1303, 1316, 1382, 1396, 1467, 1493, 1498, 1519, 1545, 1559, 1599, 1614, 1625, 1654, 1683, 1691, 1696, 1713, 1730, 1734, 1751, 1819, 1822, 1831, 1926, 1943, 1951, 1983, 2003, 2018, 2086, 2126, 2140, 2175, 2188, 2231, 2236, 2271, 2283, 2292, 2296, 2314, 2317, 2321, 2331, 2341, 2408, 2416, 2471, 2478, 2563, 2587, 2625, 2630, 2649, 2665, 2675, 2709, 2721, 2740, 2752, 2762, 2790, 2793, 2876, 2956, 2975, 2980, 3095, 3113, 3130, 3181, 3188, 3213, 3239, 3242, 3254, 3257, 3294, 3298, 3407, 3409, 3411, 3413, 3427, 3441, 3451, 3453, 3455, 3457, 3459, 3489, 3493, 3498, 3503, 3533, 3558, 3573, 3601, 3623, 3659, 3670, 3699, 3716, 3739, 3747, 3782, 3810, 3851, 3867, 3871, 3906, 3923, 3935, 3986, 4075, 4084, 4094, 4164, 4179, 4181, 4210, 4242, 4277, 4313, 4333, 4349, 4383, 4388, 4487, 4529, 4603, 4608, 4611, 4623, 4650, 4695, 4701, 4709, 4728, 4730, 4757, 4815, 4971, 4999, 5036, 5082, 5089, 5096, 5098, 5129, 5133, 5175, 5213, 5232, 5246, 5271, 5283, 5318]","[2267, 2864, 3126]",5323,210,5113,3,207,5113,0
-1.5,RATGRG,"[4, 65, 68, 73, 78, 83, 87, 92, 122, 134, 142, 159, 204, 227, 241, 248, 286, 308, 331, 356, 362, 424, 441, 446, 457, 507, 514, 538, 600, 658, 675, 696, 719, 762, 804, 812, 824, 836, 848, 911, 969, 973, 1030, 1078, 1115, 1125, 1128, 1152, 1188, 1211, 1268, 1280, 1291, 1299, 1302, 1306, 1324, 1331, 1339, 1371, 1397, 1399, 1415, 1419, 1439, 1462, 1488, 1494, 1508, 1510, 1515, 1518, 1531, 1536, 1554, 1581, 1595, 1606, 1622, 1627, 1634, 1644, 1676, 1696, 1727, 1729, 1732, 1760, 1763, 1824, 1837, 1855, 1861, 1916, 1918, 1924, 1934, 1942, 1972, 1974, 1991, 1996, 2030, 2045, 2054, 2065, 2092, 2099, 2106, 2110, 2116, 2173, 2187, 2191, 2199, 2230, 2271, 2287, 2290, 2293, 2298, 2300, 2304, 2319, 2323, 2338, 2346, 2356, 2362, 2367, 2392, 2404, 2406, 2415, 2417, 2430, 2435, 2471, 2525, 2536, 2546, 2579, 2590, 2598, 2616, 2656, 2663, 2678, 2740, 2771, 2793, 2795, 2828, 2852, 2886, 2944, 2957, 2988, 2994, 3016, 3038, 3045, 3057, 3118, 3158, 3161, 3173, 3249, 3257, 3290, 3294, 3343, 3383, 3390, 3395, 3420, 3431, 3447, 3454, 3475, 3496, 3527, 3535, 3552, 3556, 3560, 3591, 3613, 3706, 3715, 3736, 3751, 3763, 3793, 3850]","[83, 286, 1291, 1494, 1696, 1942, 2187, 2319, 2616, 2994, 3290]","[4, 65, 68, 73, 78, 87, 92, 122, 134, 142, 159, 204, 227, 241, 248, 308, 331, 356, 362, 424, 441, 446, 457, 507, 514, 538, 600, 658, 675, 696, 719, 762, 804, 812, 824, 836, 848, 911, 969, 973, 1030, 1078, 1115, 1125, 1128, 1152, 1188, 1211, 1268, 1280, 1299, 1302, 1306, 1324, 1331, 1339, 1371, 1397, 1399, 1415, 1419, 1439, 1462, 1488, 1508, 1510, 1515, 1518, 1531, 1536, 1554, 1581, 1595, 1606, 1622, 1627, 1634, 1644, 1676, 1727, 1729, 1732, 1760, 1763, 1824, 1837, 1855, 1861, 1916, 1918, 1924, 1934, 1972, 1974, 1991, 1996, 2030, 2045, 2054, 2065, 2092, 2099, 2106, 2110, 2116, 2173, 2191, 2199, 2230, 2271, 2287, 2290, 2293, 2298, 2300, 2304, 2323, 2338, 2346, 2356, 2362, 2367, 2392, 2404, 2406, 2415, 2417, 2430, 2435, 2471, 2525, 2536, 2546, 2579, 2590, 2598, 2656, 2663, 2678, 2740, 2771, 2793, 2795, 2828, 2852, 2886, 2944, 2957, 2988, 3016, 3038, 3045, 3057, 3118, 3158, 3161, 3173, 3249, 3257, 3294, 3343, 3383, 3390, 3395, 3420, 3431, 3447, 3454, 3475, 3496, 3527, 3535, 3552, 3556, 3560, 3591, 3613, 3706, 3715, 3736, 3751, 3763, 3793, 3850]","[83, 286, 1291, 1494, 1696, 1942, 2187, 2319, 2616, 2994, 3290]",3880,195,3685,11,184,3685,0
-1.5,RATGROS,"[6, 26, 50, 73, 75, 79, 87, 107, 147, 164, 167, 213, 236, 246, 298, 304, 313, 362, 397, 401, 406, 433, 457, 496, 519, 543, 553, 570, 589, 621, 631, 637, 724, 734, 746, 750, 761, 774, 776, 800, 833, 854, 915, 948, 951, 966, 1111, 1136, 1150, 1178, 1182, 1196, 1219, 1237, 1250, 1274, 1293, 1297, 1310, 1341, 1349, 1385, 1390, 1394, 1431, 1482, 1523, 1558, 1587, 1594, 1604, 1608, 1623, 1639, 1659, 1678, 1682, 1736, 1767, 1777, 1811, 1815, 1820, 1892, 1912, 1914, 1948, 1968, 1985, 2001, 2062, 2072, 2106, 2116, 2125, 2131, 2141, 2143, 2155, 2159, 2211, 2223, 2256, 2260, 2381, 2429, 2435, 2484]","[1178, 1390, 1587]","[6, 26, 50, 73, 75, 79, 87, 107, 147, 164, 167, 213, 236, 246, 298, 304, 313, 362, 397, 401, 406, 433, 457, 496, 519, 543, 553, 570, 589, 621, 631, 637, 724, 734, 746, 750, 761, 774, 776, 800, 833, 854, 915, 948, 951, 966, 1111, 1136, 1150, 1182, 1196, 1219, 1237, 1250, 1274, 1293, 1297, 1310, 1341, 1349, 1385, 1394, 1431, 1482, 1523, 1558, 1594, 1604, 1608, 1623, 1639, 1659, 1678, 1682, 1736, 1767, 1777, 1811, 1815, 1820, 1892, 1912, 1914, 1948, 1968, 1985, 2001, 2062, 2072, 2106, 2116, 2125, 2131, 2141, 2143, 2155, 2159, 2211, 2223, 2256, 2260, 2381, 2429, 2435, 2484]","[1178, 1390, 1587]",2488,108,2380,3,105,2380,0
-1.5,RATGSTY,"[16, 20, 102, 146, 184, 207, 216, 256, 314, 373, 423, 469, 493, 525, 543, 552, 578, 602, 639, 654, 659, 663, 677, 691, 718, 720, 722, 724, 728, 732, 734, 736, 738, 740, 742, 744, 746, 748, 750, 752, 754, 756, 758, 760, 762, 814, 824, 839, 842, 853, 884, 996, 1099, 1137, 1142, 1144, 1190, 1204, 1247, 1300, 1302, 1310, 1314, 1326, 1328, 1368, 1382, 1452, 1495, 1499, 1515, 1526, 1529, 1532, 1558, 1596, 1616, 1626, 1647, 1688, 1694, 1696, 1700, 1709, 1800, 1860, 1862, 1866, 1883, 1918, 1926, 1933, 1937, 1941, 1946, 1959, 1986, 1988, 2027, 2060, 2086, 2102, 2129, 2134, 2195, 2201, 2211, 2230, 2246, 2261, 2340, 2416, 2428, 2431, 2440, 2494, 2499, 2514, 2519, 2583, 2599, 2606, 2622, 2642, 2722, 2733, 2735, 2756, 2796, 2798, 2827, 2830, 2890, 2896, 2934, 2985, 3003, 3014, 3022, 3049, 3059, 3062, 3068, 3101, 3164, 3180, 3188, 3191, 3194, 3201, 3225, 3313, 3315, 3327, 3339, 3376, 3411, 3432, 3479, 3534, 3541, 3576, 3629, 3632, 3660, 3690, 3718, 3720, 3739, 3741, 3797, 3804, 3819, 3825, 3828, 3842, 3854, 3865, 3905, 3911, 3920, 3940, 3958, 3964, 3966, 3979, 3997, 4000, 4028, 4037, 4062, 4099, 4106, 4115, 4121, 4123, 4127, 4168, 4199, 4224, 4236, 4269, 4281, 4327, 4342, 4360, 4371, 4468, 4494, 4574, 4586, 4588, 4600, 4602, 4639, 4646, 4650, 4663, 4682, 4691, 4736, 4756, 4772, 4777, 4804, 4836, 4876, 4901, 4914, 4975, 4983, 5009, 5028, 5032, 5045, 5053, 5060, 5117, 5119, 5128, 5149, 5205, 5214, 5376, 5505, 5521, 5554, 5660, 5742, 5770, 5781, 5796, 5813, 5851, 5877, 5926, 5928, 5933, 5960, 5995, 6002, 6045, 6104, 6123, 6142, 6156, 6164, 6195, 6214, 6221, 6227, 6232, 6248, 6279]","[659, 996, 1495, 1862, 2060, 3180, 3376]","[16, 20, 102, 146, 184, 207, 216, 256, 314, 373, 423, 469, 493, 525, 543, 552, 578, 602, 639, 654, 663, 677, 691, 718, 720, 722, 724, 728, 732, 734, 736, 738, 740, 742, 744, 746, 748, 750, 752, 754, 756, 758, 760, 762, 814, 824, 839, 842, 853, 884, 1099, 1137, 1142, 1144, 1190, 1204, 1247, 1300, 1302, 1310, 1314, 1326, 1328, 1368, 1382, 1452, 1499, 1515, 1526, 1529, 1532, 1558, 1596, 1616, 1626, 1647, 1688, 1694, 1696, 1700, 1709, 1800, 1860, 1866, 1883, 1918, 1926, 1933, 1937, 1941, 1946, 1959, 1986, 1988, 2027, 2086, 2102, 2129, 2134, 2195, 2201, 2211, 2230, 2246, 2261, 2340, 2416, 2428, 2431, 2440, 2494, 2499, 2514, 2519, 2583, 2599, 2606, 2622, 2642, 2722, 2733, 2735, 2756, 2796, 2798, 2827, 2830, 2890, 2896, 2934, 2985, 3003, 3014, 3022, 3049, 3059, 3062, 3068, 3101, 3164, 3188, 3191, 3194, 3201, 3225, 3313, 3315, 3327, 3339, 3411, 3432, 3479, 3534, 3541, 3576, 3629, 3632, 3660, 3690, 3718, 3720, 3739, 3741, 3797, 3804, 3819, 3825, 3828, 3842, 3854, 3865, 3905, 3911, 3920, 3940, 3958, 3964, 3966, 3979, 3997, 4000, 4028, 4037, 4062, 4099, 4106, 4115, 4121, 4123, 4127, 4168, 4199, 4224, 4236, 4269, 4281, 4327, 4342, 4360, 4371, 4468, 4494, 4574, 4586, 4588, 4600, 4602, 4639, 4646, 4650, 4663, 4682, 4691, 4736, 4756, 4772, 4777, 4804, 4836, 4876, 4901, 4914, 4975, 4983, 5009, 5028, 5032, 5045, 5053, 5060, 5117, 5119, 5128, 5149, 5205, 5214, 5376, 5505, 5521, 5554, 5660, 5742, 5770, 5781, 5796, 5813, 5851, 5877, 5926, 5928, 5933, 5960, 5995, 6002, 6045, 6104, 6123, 6142, 6156, 6164, 6195, 6214, 6221, 6227, 6232, 6248, 6279]","[659, 996, 1495, 1862, 2060, 3180, 3376]",6286,274,6012,7,267,6012,0
-1.5,RATIGFBA,"[53, 87, 90, 142, 147, 210, 216, 247, 288, 299, 328, 346, 361, 370, 373, 375, 412, 454, 469, 471, 511, 526, 571, 586, 672, 677, 680, 704, 715, 723, 731, 757, 764, 771, 796, 799, 823, 850, 854, 859, 883, 919, 929, 964, 980, 1002, 1006, 1035, 1086, 1088, 1095, 1097, 1115, 1152, 1156, 1160, 1214, 1236, 1238, 1242, 1257, 1330, 1361, 1381, 1400, 1402, 1406, 1445, 1448, 1450, 1455, 1528, 1530, 1547, 1550, 1555, 1571, 1690, 1703, 1731, 1782, 1788, 1792, 1803, 1823, 1827, 1829, 1833, 1838, 1863, 1948, 1967, 2034, 2060, 2074, 2082, 2157, 2186, 2203, 2224, 2240, 2248, 2253, 2259, 2282, 2319, 2385, 2396, 2418, 2449, 2492, 2504, 2541, 2617, 2625, 2645, 2699, 2732, 2735, 2841, 2900, 2902, 3002, 3006, 3030, 3058, 3092, 3105, 3123, 3157, 3159, 3205, 3207, 3214, 3253, 3255, 3262, 3303, 3312, 3331, 3379, 3424, 3441, 3443, 3450, 3465, 3469, 3487, 3489, 3496, 3515, 3578, 3613, 3617, 3619, 3632, 3639, 3671, 3674, 3690, 3763, 3769, 3800, 3806, 3814, 3816, 3819, 3828, 3840, 3873, 3879, 3900, 3924, 3926, 3953, 3977, 4000, 4006, 4011, 4036, 4074, 4088, 4127, 4144, 4199, 4209, 4260, 4269, 4305, 4311, 4356, 4362, 4366, 4370, 4412, 4417, 4459, 4512, 4516, 4535, 4539, 4546, 4560, 4564, 4578, 4620, 4624, 4626, 4650, 4658, 4662, 4667, 4683, 4718, 4759, 4775, 4790, 4794, 4824, 4828, 4858, 4864, 4897, 4908, 4937]","[526, 2034, 3002]","[53, 87, 90, 142, 147, 210, 216, 247, 288, 299, 328, 346, 361, 370, 373, 375, 412, 454, 469, 471, 511, 571, 586, 672, 677, 680, 704, 715, 723, 731, 757, 764, 771, 796, 799, 823, 850, 854, 859, 883, 919, 929, 964, 980, 1002, 1006, 1035, 1086, 1088, 1095, 1097, 1115, 1152, 1156, 1160, 1214, 1236, 1238, 1242, 1257, 1330, 1361, 1381, 1400, 1402, 1406, 1445, 1448, 1450, 1455, 1528, 1530, 1547, 1550, 1555, 1571, 1690, 1703, 1731, 1782, 1788, 1792, 1803, 1823, 1827, 1829, 1833, 1838, 1863, 1948, 1967, 2060, 2074, 2082, 2157, 2186, 2203, 2224, 2240, 2248, 2253, 2259, 2282, 2319, 2385, 2396, 2418, 2449, 2492, 2504, 2541, 2617, 2625, 2645, 2699, 2732, 2735, 2841, 2900, 2902, 3006, 3030, 3058, 3092, 3105, 3123, 3157, 3159, 3205, 3207, 3214, 3253, 3255, 3262, 3303, 3312, 3331, 3379, 3424, 3441, 3443, 3450, 3465, 3469, 3487, 3489, 3496, 3515, 3578, 3613, 3617, 3619, 3632, 3639, 3671, 3674, 3690, 3763, 3769, 3800, 3806, 3814, 3816, 3819, 3828, 3840, 3873, 3879, 3900, 3924, 3926, 3953, 3977, 4000, 4006, 4011, 4036, 4074, 4088, 4127, 4144, 4199, 4209, 4260, 4269, 4305, 4311, 4356, 4362, 4366, 4370, 4412, 4417, 4459, 4512, 4516, 4535, 4539, 4546, 4560, 4564, 4578, 4620, 4624, 4626, 4650, 4658, 4662, 4667, 4683, 4718, 4759, 4775, 4790, 4794, 4824, 4828, 4858, 4864, 4897, 4908, 4937]","[526, 2034, 3002]",4992,225,4767,3,222,4767,0
-1.5,RATJE,"[156, 159, 190, 232, 236, 248, 256, 387, 394, 417, 426, 485, 495, 521, 536, 548, 610, 644, 682, 706, 733, 765, 832, 867, 1121, 1127, 1164, 1175, 1191, 1245, 1258, 1272, 1299, 1331, 1363, 1374, 1420, 1435, 1456, 1550, 1553, 1557, 1587, 1597, 1607, 1612, 1619, 1638, 1706, 1721, 1723, 1725, 1751, 1798, 1816, 1842, 1931, 1968, 1984, 1987, 1989, 2047, 2093, 2096, 2131, 2165, 2196, 2199, 2220, 2281, 2290, 2308, 2358, 2389, 2417, 2483, 2552, 2558, 2565, 2581, 2583, 2595, 2607, 2684, 2708, 2718, 2734, 2751, 2762, 2777, 2836, 2844, 2856, 2887, 2969, 2976, 2979, 2986, 2990, 3014, 3019, 3032, 3100]","[1191, 1989]","[156, 159, 190, 232, 236, 248, 256, 387, 394, 417, 426, 485, 495, 521, 536, 548, 610, 644, 682, 706, 733, 765, 832, 867, 1121, 1127, 1164, 1175, 1245, 1258, 1272, 1299, 1331, 1363, 1374, 1420, 1435, 1456, 1550, 1553, 1557, 1587, 1597, 1607, 1612, 1619, 1638, 1706, 1721, 1723, 1725, 1751, 1798, 1816, 1842, 1931, 1968, 1984, 1987, 2047, 2093, 2096, 2131, 2165, 2196, 2199, 2220, 2281, 2290, 2308, 2358, 2389, 2417, 2483, 2552, 2558, 2565, 2581, 2583, 2595, 2607, 2684, 2708, 2718, 2734, 2751, 2762, 2777, 2836, 2844, 2856, 2887, 2969, 2976, 2979, 2986, 2990, 3014, 3019, 3032, 3100]","[1191, 1989]",3097,103,2994,2,101,2994,0
-1.5,RATKALA,"[20, 48, 131, 137, 156, 161, 187, 210, 218, 225, 227, 247, 275, 316, 343, 349, 405, 423, 435, 440, 476, 529, 538, 603, 618, 620, 670, 686, 765, 772, 817, 825, 847, 858, 945, 992, 1001, 1027, 1062, 1085, 1117, 1134, 1231, 1234, 1275, 1296, 1301, 1553, 1565, 1615, 1666, 1679, 1720, 1763, 1797, 1836, 1841, 1846, 1866, 1868, 1919, 1960, 2001, 2042, 2063, 2089, 2147, 2164, 2200, 2202, 2221, 2237, 2252, 2378, 2404, 2439, 2451, 2454, 2485, 2559, 2594, 2657, 2754, 2923, 3063, 3107, 3141, 3148, 3167, 3193, 3230, 3253, 3282, 3286, 3324, 3343, 3391, 3409, 3411, 3447, 3453, 3481, 3488, 3492, 3506, 3524, 3532, 3561, 3567, 3573, 3580, 3635, 3650, 3655, 3667, 3672, 3674, 3753, 3770, 3775, 3783, 3806, 3808, 3821, 3850, 3977, 3981, 3989, 3999, 4001, 4003, 4005, 4007, 4009, 4011, 4013, 4019, 4021, 4023, 4027, 4031, 4037, 4041, 4043, 4047, 4051, 4055, 4061, 4065, 4067, 4077, 4147, 4199, 4256, 4388, 4394, 4424, 4458, 4476, 4504, 4506, 4536, 4594, 4596, 4598, 4627, 4652, 4669, 4671, 4681, 4709, 4729, 4734, 4760, 4803, 4821, 4826, 4856, 4915, 4941, 4984, 5012, 5020, 5070, 5094, 5100, 5102, 5204, 5225, 5243, 5280, 5306, 5319, 5334, 5376, 5381, 5433, 5450, 5465, 5472, 5486, 5496, 5506, 5567, 5610, 5673, 5689, 5693, 5721, 5807, 5818, 5842, 5862, 5928, 5930, 5932, 5941, 5962, 5986, 6007, 6014, 6026, 6049, 6060, 6082, 6132, 6162, 6174, 6190, 6206, 6228]","[1275, 3282, 4476, 4709]","[20, 48, 131, 137, 156, 161, 187, 210, 218, 225, 227, 247, 275, 316, 343, 349, 405, 423, 435, 440, 476, 529, 538, 603, 618, 620, 670, 686, 765, 772, 817, 825, 847, 858, 945, 992, 1001, 1027, 1062, 1085, 1117, 1134, 1231, 1234, 1296, 1301, 1553, 1565, 1615, 1666, 1679, 1720, 1763, 1797, 1836, 1841, 1846, 1866, 1868, 1919, 1960, 2001, 2042, 2063, 2089, 2147, 2164, 2200, 2202, 2221, 2237, 2252, 2378, 2404, 2439, 2451, 2454, 2485, 2559, 2594, 2657, 2754, 2923, 3063, 3107, 3141, 3148, 3167, 3193, 3230, 3253, 3286, 3324, 3343, 3391, 3409, 3411, 3447, 3453, 3481, 3488, 3492, 3506, 3524, 3532, 3561, 3567, 3573, 3580, 3635, 3650, 3655, 3667, 3672, 3674, 3753, 3770, 3775, 3783, 3806, 3808, 3821, 3850, 3977, 3981, 3989, 3999, 4001, 4003, 4005, 4007, 4009, 4011, 4013, 4019, 4021, 4023, 4027, 4031, 4037, 4041, 4043, 4047, 4051, 4055, 4061, 4065, 4067, 4077, 4147, 4199, 4256, 4388, 4394, 4424, 4458, 4504, 4506, 4536, 4594, 4596, 4598, 4627, 4652, 4669, 4671, 4681, 4729, 4734, 4760, 4803, 4821, 4826, 4856, 4915, 4941, 4984, 5012, 5020, 5070, 5094, 5100, 5102, 5204, 5225, 5243, 5280, 5306, 5319, 5334, 5376, 5381, 5433, 5450, 5465, 5472, 5486, 5496, 5506, 5567, 5610, 5673, 5689, 5693, 5721, 5807, 5818, 5842, 5862, 5928, 5930, 5932, 5941, 5962, 5986, 6007, 6014, 6026, 6049, 6060, 6082, 6132, 6162, 6174, 6190, 6206, 6228]","[1275, 3282, 4476, 4709]",6249,231,6018,4,227,6018,0
-1.5,RATLHB,"[16, 81, 104, 140, 156, 158, 179, 198, 215, 217, 223, 225, 264, 303, 420, 448, 470, 487, 503, 507, 580, 591, 619, 621, 675, 708, 721, 763, 775, 784, 793, 817, 825, 837, 878, 889, 923, 929, 934, 959, 966, 1028, 1073, 1093, 1095, 1098, 1100, 1130, 1140, 1179, 1207, 1230, 1247, 1272, 1293, 1307, 1343, 1359, 1390, 1455, 1461, 1485, 1497, 1499, 1510, 1530, 1555, 1557, 1581, 1600, 1618, 1630, 1660, 1737]","[817, 1230]","[16, 81, 104, 140, 156, 158, 179, 198, 215, 217, 223, 225, 264, 303, 420, 448, 470, 487, 503, 507, 580, 591, 619, 621, 675, 708, 721, 763, 775, 784, 793, 825, 837, 878, 889, 923, 929, 934, 959, 966, 1028, 1073, 1093, 1095, 1098, 1100, 1130, 1140, 1179, 1207, 1247, 1272, 1293, 1307, 1343, 1359, 1390, 1455, 1461, 1485, 1497, 1499, 1510, 1530, 1555, 1557, 1581, 1600, 1618, 1630, 1660, 1737]","[817, 1230]",1790,74,1716,2,72,1716,0
-1.5,RATLITHOST,"[14, 80, 99, 109, 120, 162, 171, 175, 199, 270, 280, 292, 327, 330, 360, 397, 494, 518, 548, 550, 603, 605, 612, 645, 736, 821, 992, 1009, 1014, 1023, 1047, 1063, 1071, 1136, 1145, 1205, 1207, 1209, 1225, 1227, 1243, 1250, 1283, 1303, 1317, 1319, 1321, 1323, 1325, 1331, 1337, 1345, 1348, 1352, 1357, 1359, 1363, 1367, 1369, 1371, 1373, 1375, 1377, 1379, 1381, 1383, 1385, 1387, 1389, 1391, 1393, 1395, 1397, 1399, 1401, 1403, 1405, 1407, 1409, 1482, 1501, 1538, 1600, 1620, 1688, 1738, 1881, 1903, 1919, 1946, 1971, 2013, 2082, 2116, 2189, 2248, 2268, 2283, 2285, 2315, 2320, 2324, 2405, 2408, 2464, 2468, 2496, 2500, 2525, 2542, 2593, 2641, 2658, 2704, 2772, 2828, 2847, 2945, 2949, 2956, 3059, 3095, 3117, 3130, 3142, 3158, 3247, 3249, 3251, 3260, 3264, 3268, 3273, 3275, 3292, 3319, 3403, 3471, 3475, 3479, 3489, 3512, 3596, 3643, 3647, 3705, 3736, 3797, 3799, 3803, 3852, 3855, 3872, 3902, 3906, 3942, 3959, 3983, 4011, 4022, 4038, 4041, 4044, 4095, 4121, 4125, 4150, 4161, 4207, 4211, 4229, 4231, 4238, 4251, 4261, 4296, 4302, 4328, 4341, 4373, 4424, 4455, 4484, 4503, 4562, 4566, 4599, 4619, 4628, 4630, 4636, 4652, 4696, 4701, 4715, 4738, 4808, 4827, 4832, 4863, 4962, 4991, 5038, 5058, 5062, 5106, 5147, 5192, 5216, 5228, 5242, 5281, 5283, 5289, 5317, 5325, 5335, 5343, 5397]","[2847, 3471, 3902, 4652]","[14, 80, 99, 109, 120, 162, 171, 175, 199, 270, 280, 292, 327, 330, 360, 397, 494, 518, 548, 550, 603, 605, 612, 645, 736, 821, 992, 1009, 1014, 1023, 1047, 1063, 1071, 1136, 1145, 1205, 1207, 1209, 1225, 1227, 1243, 1250, 1283, 1303, 1317, 1319, 1321, 1323, 1325, 1331, 1337, 1345, 1348, 1352, 1357, 1359, 1363, 1367, 1369, 1371, 1373, 1375, 1377, 1379, 1381, 1383, 1385, 1387, 1389, 1391, 1393, 1395, 1397, 1399, 1401, 1403, 1405, 1407, 1409, 1482, 1501, 1538, 1600, 1620, 1688, 1738, 1881, 1903, 1919, 1946, 1971, 2013, 2082, 2116, 2189, 2248, 2268, 2283, 2285, 2315, 2320, 2324, 2405, 2408, 2464, 2468, 2496, 2500, 2525, 2542, 2593, 2641, 2658, 2704, 2772, 2828, 2945, 2949, 2956, 3059, 3095, 3117, 3130, 3142, 3158, 3247, 3249, 3251, 3260, 3264, 3268, 3273, 3275, 3292, 3319, 3403, 3475, 3479, 3489, 3512, 3596, 3643, 3647, 3705, 3736, 3797, 3799, 3803, 3852, 3855, 3872, 3906, 3942, 3959, 3983, 4011, 4022, 4038, 4041, 4044, 4095, 4121, 4125, 4150, 4161, 4207, 4211, 4229, 4231, 4238, 4251, 4261, 4296, 4302, 4328, 4341, 4373, 4424, 4455, 4484, 4503, 4562, 4566, 4599, 4619, 4628, 4630, 4636, 4696, 4701, 4715, 4738, 4808, 4827, 4832, 4863, 4962, 4991, 5038, 5058, 5062, 5106, 5147, 5192, 5216, 5228, 5242, 5281, 5283, 5289, 5317, 5325, 5335, 5343, 5397]","[2847, 3471, 3902, 4652]",5399,219,5180,4,215,5180,0
-1.5,RATLYSOZYM,"[38, 42, 49, 60, 66, 78, 241, 269, 299, 316, 342, 346, 357, 363, 480, 641, 682, 734, 764, 768, 770, 775, 780, 802, 827, 829, 856, 913, 924, 926, 934, 936, 960, 964, 966, 973, 1017, 1026, 1082, 1095, 1162, 1322, 1339, 1392, 1407, 1419, 1495, 1499, 1529, 1545, 1561, 1622, 1653, 1662, 1664, 1675, 1679, 1736, 1758, 1760, 1788, 1801, 1891, 1914, 1941, 2033, 2035, 2044, 2059, 2077, 2094, 2161, 2180, 2186, 2210, 2214, 2216, 2220, 2224, 2278, 2297, 2303, 2331, 2389, 2430, 2512, 2550, 2574, 2582, 2743, 2750, 2752, 2765, 2778, 2944, 2977, 2986, 3030, 3092, 3199, 3201, 3237, 3255, 3269, 3275, 3322, 3377, 3425, 3431, 3433, 3456, 3468, 3471, 3501, 3515, 3547, 3556, 3583, 3588, 3601, 3620, 3639, 3684, 3743, 3750, 3777, 3852, 3869, 3885, 3977, 3999, 4004, 4018, 4049, 4059, 4136, 4186, 4197, 4269, 4310, 4328, 4330, 4332, 4355, 4359, 4367, 4382, 4434, 4446, 4450, 4484, 4497, 4519, 4546, 4558, 4565, 4571, 4588, 4590, 4592, 4643, 4645, 4707, 4784, 4798, 4841, 4843, 4873, 4889, 4897, 4907, 4911, 4932, 5051, 5131, 5145, 5174, 5178, 5200, 5228, 5245, 5310, 5318, 5328, 5339, 5370, 5443, 5449, 5469, 5507, 5551, 5553, 5555, 5572, 5576, 5581, 5626, 5682, 5691, 5725, 5742, 5746, 5760, 5773, 5829, 5845, 5851, 5853, 5855, 5875, 5894, 5912, 5931, 5953, 5972, 5983, 6021, 6027, 6042, 6164, 6174, 6208, 6245, 6268, 6270, 6274, 6287, 6305, 6320, 6323, 6358, 6402, 6404, 6420, 6474, 6482, 6518, 6523, 6539, 6546, 6569, 6611, 6661, 6695, 6720, 6722, 6724]","[1561, 3255, 5174]","[38, 42, 49, 60, 66, 78, 241, 269, 299, 316, 342, 346, 357, 363, 480, 641, 682, 734, 764, 768, 770, 775, 780, 802, 827, 829, 856, 913, 924, 926, 934, 936, 960, 964, 966, 973, 1017, 1026, 1082, 1095, 1162, 1322, 1339, 1392, 1407, 1419, 1495, 1499, 1529, 1545, 1622, 1653, 1662, 1664, 1675, 1679, 1736, 1758, 1760, 1788, 1801, 1891, 1914, 1941, 2033, 2035, 2044, 2059, 2077, 2094, 2161, 2180, 2186, 2210, 2214, 2216, 2220, 2224, 2278, 2297, 2303, 2331, 2389, 2430, 2512, 2550, 2574, 2582, 2743, 2750, 2752, 2765, 2778, 2944, 2977, 2986, 3030, 3092, 3199, 3201, 3237, 3269, 3275, 3322, 3377, 3425, 3431, 3433, 3456, 3468, 3471, 3501, 3515, 3547, 3556, 3583, 3588, 3601, 3620, 3639, 3684, 3743, 3750, 3777, 3852, 3869, 3885, 3977, 3999, 4004, 4018, 4049, 4059, 4136, 4186, 4197, 4269, 4310, 4328, 4330, 4332, 4355, 4359, 4367, 4382, 4434, 4446, 4450, 4484, 4497, 4519, 4546, 4558, 4565, 4571, 4588, 4590, 4592, 4643, 4645, 4707, 4784, 4798, 4841, 4843, 4873, 4889, 4897, 4907, 4911, 4932, 5051, 5131, 5145, 5178, 5200, 5228, 5245, 5310, 5318, 5328, 5339, 5370, 5443, 5449, 5469, 5507, 5551, 5553, 5555, 5572, 5576, 5581, 5626, 5682, 5691, 5725, 5742, 5746, 5760, 5773, 5829, 5845, 5851, 5853, 5855, 5875, 5894, 5912, 5931, 5953, 5972, 5983, 6021, 6027, 6042, 6164, 6174, 6208, 6245, 6268, 6270, 6274, 6287, 6305, 6320, 6323, 6358, 6402, 6404, 6420, 6474, 6482, 6518, 6523, 6539, 6546, 6569, 6611, 6661, 6695, 6720, 6722, 6724]","[1561, 3255, 5174]",6732,247,6485,3,244,6485,0
-1.5,RATLYSZYM,"[6, 77, 113, 139, 157, 166, 195, 197, 216, 278, 306, 319, 323, 368, 405, 420, 432, 495, 508, 512, 553, 558, 574, 635, 666, 675, 677, 688, 692, 749, 771, 773, 801, 814, 904, 927, 954, 956, 1007, 1038, 1044, 1049, 1064, 1082, 1092, 1099, 1108, 1129, 1135, 1213, 1240, 1256, 1268, 1296, 1298, 1310, 1346, 1353, 1359, 1364, 1378, 1392, 1400, 1402, 1443, 1445, 1488, 1500, 1502, 1549, 1570, 1573, 1594, 1610, 1616, 1618, 1667, 1671, 1681, 1683, 1685, 1687, 1689, 1691, 1693, 1695, 1697, 1699, 1701, 1703, 1705, 1707, 1709, 1711, 1713, 1715, 1719, 1761, 1787, 1815, 1825, 1903, 1913, 2073, 2090, 2101, 2117, 2196, 2282, 2346, 2395, 2397, 2543, 2558, 2603, 2606, 2618, 2620, 2660, 2676, 2718, 2726, 2741, 2748, 2763, 2771, 2834, 2836, 2908, 2912, 2937, 2970, 3006, 3024, 3031, 3045, 3057, 3069, 3119, 3196, 3206, 3256, 3260, 3278, 3358, 3437, 3439, 3451, 3484, 3488, 3491, 3493, 3502, 3505, 3520, 3530, 3539, 3542, 3689, 3703, 3746, 3798, 3806, 3822, 3830, 3840, 3898, 3908, 3924, 4061, 4065, 4078, 4086, 4129, 4131, 4149, 4234, 4236, 4262, 4272, 4290, 4304, 4310, 4357, 4413, 4461, 4467, 4469, 4492, 4504, 4507, 4537, 4551, 4583, 4592, 4619, 4624, 4637, 4656, 4675, 4720, 4780, 4787, 4814, 4889, 4906, 4922, 5014, 5036, 5041, 5055, 5074, 5105, 5115, 5192, 5242, 5253, 5325, 5366, 5384, 5386, 5388, 5411, 5415, 5423, 5438, 5490, 5502, 5506, 5540, 5553, 5575, 5602, 5614, 5621, 5627, 5644, 5646, 5648, 5699, 5701, 5763, 5840, 5854, 5897, 5899, 5929, 5945, 5953, 5963, 5967, 5988, 6107, 6187, 6201, 6230, 6234, 6256, 6284, 6301, 6366, 6374, 6384, 6395, 6426, 6499, 6505, 6525, 6563, 6607, 6609, 6611, 6628, 6632, 6637, 6682, 6737, 6746, 6780, 6797, 6801, 6815, 6828, 6884, 6900, 6906, 6908, 6910, 6930, 6949, 6967, 6986, 7008, 7027, 7038, 7076, 7082, 7097, 7219, 7229, 7263, 7300, 7323, 7325, 7329, 7342, 7360, 7375, 7378, 7415, 7459, 7461, 7531, 7539, 7575, 7580, 7596, 7603, 7626, 7668, 7718, 7752, 7777, 7779, 7781, 7813, 7895, 7905, 7913, 7917, 7919, 7926]","[574, 4290, 6230]","[6, 77, 113, 139, 157, 166, 195, 197, 216, 278, 306, 319, 323, 368, 405, 420, 432, 495, 508, 512, 553, 558, 635, 666, 675, 677, 688, 692, 749, 771, 773, 801, 814, 904, 927, 954, 956, 1007, 1038, 1044, 1049, 1064, 1082, 1092, 1099, 1108, 1129, 1135, 1213, 1240, 1256, 1268, 1296, 1298, 1310, 1346, 1353, 1359, 1364, 1378, 1392, 1400, 1402, 1443, 1445, 1488, 1500, 1502, 1549, 1570, 1573, 1594, 1610, 1616, 1618, 1667, 1671, 1681, 1683, 1685, 1687, 1689, 1691, 1693, 1695, 1697, 1699, 1701, 1703, 1705, 1707, 1709, 1711, 1713, 1715, 1719, 1761, 1787, 1815, 1825, 1903, 1913, 2073, 2090, 2101, 2117, 2196, 2282, 2346, 2395, 2397, 2543, 2558, 2603, 2606, 2618, 2620, 2660, 2676, 2718, 2726, 2741, 2748, 2763, 2771, 2834, 2836, 2908, 2912, 2937, 2970, 3006, 3024, 3031, 3045, 3057, 3069, 3119, 3196, 3206, 3256, 3260, 3278, 3358, 3437, 3439, 3451, 3484, 3488, 3491, 3493, 3502, 3505, 3520, 3530, 3539, 3542, 3689, 3703, 3746, 3798, 3806, 3822, 3830, 3840, 3898, 3908, 3924, 4061, 4065, 4078, 4086, 4129, 4131, 4149, 4234, 4236, 4262, 4272, 4304, 4310, 4357, 4413, 4461, 4467, 4469, 4492, 4504, 4507, 4537, 4551, 4583, 4592, 4619, 4624, 4637, 4656, 4675, 4720, 4780, 4787, 4814, 4889, 4906, 4922, 5014, 5036, 5041, 5055, 5074, 5105, 5115, 5192, 5242, 5253, 5325, 5366, 5384, 5386, 5388, 5411, 5415, 5423, 5438, 5490, 5502, 5506, 5540, 5553, 5575, 5602, 5614, 5621, 5627, 5644, 5646, 5648, 5699, 5701, 5763, 5840, 5854, 5897, 5899, 5929, 5945, 5953, 5963, 5967, 5988, 6107, 6187, 6201, 6234, 6256, 6284, 6301, 6366, 6374, 6384, 6395, 6426, 6499, 6505, 6525, 6563, 6607, 6609, 6611, 6628, 6632, 6637, 6682, 6737, 6746, 6780, 6797, 6801, 6815, 6828, 6884, 6900, 6906, 6908, 6910, 6930, 6949, 6967, 6986, 7008, 7027, 7038, 7076, 7082, 7097, 7219, 7229, 7263, 7300, 7323, 7325, 7329, 7342, 7360, 7375, 7378, 7415, 7459, 7461, 7531, 7539, 7575, 7580, 7596, 7603, 7626, 7668, 7718, 7752, 7777, 7779, 7781, 7813, 7895, 7905, 7913, 7917, 7919, 7926]","[574, 4290, 6230]",7943,332,7611,3,329,7611,0
-1.5,RATOSCAL,"[54, 79, 126, 139, 146, 177, 213, 261, 273, 319, 324, 382, 430, 456, 475, 569, 641, 676, 725, 735, 763, 812, 846, 852, 876, 888, 912, 954, 978, 1059, 1072, 1108, 1192, 1196, 1207, 1239, 1340, 1362, 1373, 1451, 1457, 1499, 1540, 1545, 1548, 1586, 1590, 1633, 1646, 1653, 1656, 1676, 1705, 1710, 1719, 1721, 1725, 1734, 1736, 1740, 1754, 1760, 1828, 1830, 1832, 1850, 1923, 2008, 2054, 2065, 2076, 2079, 2082, 2085, 2091]","[1192, 1373, 1586]","[54, 79, 126, 139, 146, 177, 213, 261, 273, 319, 324, 382, 430, 456, 475, 569, 641, 676, 725, 735, 763, 812, 846, 852, 876, 888, 912, 954, 978, 1059, 1072, 1108, 1196, 1207, 1239, 1340, 1362, 1451, 1457, 1499, 1540, 1545, 1548, 1590, 1633, 1646, 1653, 1656, 1676, 1705, 1710, 1719, 1721, 1725, 1734, 1736, 1740, 1754, 1760, 1828, 1830, 1832, 1850, 1923, 2008, 2054, 2065, 2076, 2079, 2082, 2085, 2091]","[1192, 1373, 1586]",2119,75,2044,3,72,2044,0
-1.5,RATPAP,"[15, 42, 92, 99, 131, 139, 155, 172, 267, 270, 307, 327, 366, 389, 419, 428, 436, 442, 444, 482, 501, 509, 541, 545, 624, 628, 633, 637, 641, 662, 666, 754, 855, 863, 921, 955, 1001, 1015, 1017, 1024, 1048, 1076, 1113, 1154, 1308, 1342, 1344, 1348, 1373, 1456, 1531, 1548, 1566, 1596, 1641, 1648, 1661, 1702, 1709, 1715, 1737, 1788, 1795, 1803, 1806, 1810, 1820, 1833, 1856, 1920, 1960, 1965, 2018, 2052, 2282, 2295, 2299, 2321, 2338, 2343, 2367, 2427, 2499, 2505, 2514, 2544, 2604, 2719, 2732, 2740, 2742, 2778, 2803, 2832, 2983, 2998, 3007, 3023, 3048, 3050, 3090, 3103, 3179, 3197, 3207, 3212, 3281, 3291, 3305, 3372, 3379, 3423, 3432, 3446, 3486, 3526, 3570, 3574, 3628, 3715, 3725, 3738, 3768, 3860, 3863, 3886, 3933, 3939, 3981, 3987, 3993, 4006, 4026, 4077, 4105, 4150, 4152, 4188, 4240, 4245, 4260, 4276, 4306, 4327, 4354, 4363, 4365, 4417, 4436, 4449, 4526, 4528, 4536, 4544, 4629, 4685, 4704, 4735, 4813, 4838, 4844]","[1308, 1648, 2295, 2604, 3305]","[15, 42, 92, 99, 131, 139, 155, 172, 267, 270, 307, 327, 366, 389, 419, 428, 436, 442, 444, 482, 501, 509, 541, 545, 624, 628, 633, 637, 641, 662, 666, 754, 855, 863, 921, 955, 1001, 1015, 1017, 1024, 1048, 1076, 1113, 1154, 1342, 1344, 1348, 1373, 1456, 1531, 1548, 1566, 1596, 1641, 1661, 1702, 1709, 1715, 1737, 1788, 1795, 1803, 1806, 1810, 1820, 1833, 1856, 1920, 1960, 1965, 2018, 2052, 2282, 2299, 2321, 2338, 2343, 2367, 2427, 2499, 2505, 2514, 2544, 2719, 2732, 2740, 2742, 2778, 2803, 2832, 2983, 2998, 3007, 3023, 3048, 3050, 3090, 3103, 3179, 3197, 3207, 3212, 3281, 3291, 3372, 3379, 3423, 3432, 3446, 3486, 3526, 3570, 3574, 3628, 3715, 3725, 3738, 3768, 3860, 3863, 3886, 3933, 3939, 3981, 3987, 3993, 4006, 4026, 4077, 4105, 4150, 4152, 4188, 4240, 4245, 4260, 4276, 4306, 4327, 4354, 4363, 4365, 4417, 4436, 4449, 4526, 4528, 4536, 4544, 4629, 4685, 4704, 4735, 4813, 4838, 4844]","[1308, 1648, 2295, 2604, 3305]",4863,161,4702,5,156,4702,0
-1.5,RATPAPIIB,"[25, 27, 89, 115, 122, 138, 228, 230, 238, 290, 300, 310, 333, 344, 356, 358, 380, 394, 408, 444, 462, 474, 538, 540, 557, 565, 572, 620, 652, 660, 687, 812, 820, 844, 904, 912, 963, 1009, 1041, 1088, 1110, 1114, 1129, 1196, 1218, 1236, 1285, 1347, 1371, 1379, 1386, 1412, 1445, 1449, 1451, 1457, 1459, 1466, 1484, 1487, 1518, 1526, 1574, 1597, 1612, 1624, 1629, 1695, 1722, 1726, 1785, 1873, 1916, 1920, 2043, 2053, 2125, 2164, 2194, 2201, 2235, 2252, 2291, 2298, 2332, 2380, 2383, 2396, 2454, 2461, 2463, 2467, 2486, 2494, 2505, 2532, 2536, 2542, 2550, 2599, 2601, 2613, 2615, 2622, 2688, 2693, 2701, 2705, 2745, 2751, 2780, 2863, 2885, 2893, 2898, 2908, 2937, 3021, 3041, 3107, 3127, 3140, 3142, 3144, 3154, 3179, 3189, 3228, 3231, 3236, 3261, 3387, 3413, 3425, 3473, 3545, 3549, 3551, 3573, 3577, 3587, 3611, 3634, 3701, 3729, 3813, 3817, 3834, 3841, 3860, 3901, 3922, 3930, 3974, 3981, 3999, 4009, 4014, 4025, 4067, 4074, 4077, 4083, 4107, 4168, 4206, 4229, 4297, 4306, 4327, 4356, 4373, 4378, 4410, 4443, 4449, 4461, 4476, 4567, 4663, 4671, 4674, 4688, 4711]","[2298, 3140, 3473, 4107]","[25, 27, 89, 115, 122, 138, 228, 230, 238, 290, 300, 310, 333, 344, 356, 358, 380, 394, 408, 444, 462, 474, 538, 540, 557, 565, 572, 620, 652, 660, 687, 812, 820, 844, 904, 912, 963, 1009, 1041, 1088, 1110, 1114, 1129, 1196, 1218, 1236, 1285, 1347, 1371, 1379, 1386, 1412, 1445, 1449, 1451, 1457, 1459, 1466, 1484, 1487, 1518, 1526, 1574, 1597, 1612, 1624, 1629, 1695, 1722, 1726, 1785, 1873, 1916, 1920, 2043, 2053, 2125, 2164, 2194, 2201, 2235, 2252, 2291, 2332, 2380, 2383, 2396, 2454, 2461, 2463, 2467, 2486, 2494, 2505, 2532, 2536, 2542, 2550, 2599, 2601, 2613, 2615, 2622, 2688, 2693, 2701, 2705, 2745, 2751, 2780, 2863, 2885, 2893, 2898, 2908, 2937, 3021, 3041, 3107, 3127, 3142, 3144, 3154, 3179, 3189, 3228, 3231, 3236, 3261, 3387, 3413, 3425, 3545, 3549, 3551, 3573, 3577, 3587, 3611, 3634, 3701, 3729, 3813, 3817, 3834, 3841, 3860, 3901, 3922, 3930, 3974, 3981, 3999, 4009, 4014, 4025, 4067, 4074, 4077, 4083, 4168, 4206, 4229, 4297, 4306, 4327, 4356, 4373, 4378, 4410, 4443, 4449, 4461, 4476, 4567, 4663, 4671, 4674, 4688, 4711]","[2298, 3140, 3473, 4107]",4717,184,4533,4,180,4533,0
-1.5,RATPPP,"[13, 35, 44, 88, 118, 128, 130, 132, 139, 146, 149, 156, 297, 306, 310, 375, 378, 441, 471, 487, 505, 575, 613, 615, 648, 661, 740, 821, 830, 837, 860, 863, 903, 912, 944, 955, 992, 1041, 1084, 1159, 1161, 1190, 1198, 1209, 1235, 1249, 1296, 1322, 1327, 1350, 1358, 1406, 1415, 1441, 1497, 1501, 1503, 1538, 1542, 1576, 1586, 1606, 1613, 1642, 1697, 1736, 1750, 1753, 1810, 1812, 1870, 1893, 1897, 1905, 1931, 1942, 1978, 1980, 1983, 1987, 1990, 1992, 2002, 2006, 2023, 2038, 2076, 2118, 2146, 2174, 2261, 2271, 2273, 2275, 2277, 2279, 2281, 2283, 2285, 2287, 2289, 2291, 2293, 2295, 2297, 2299, 2301, 2303, 2305, 2307, 2309, 2311, 2313, 2315, 2317, 2319, 2321, 2382, 2411, 2451, 2521, 2525, 2563, 2602, 2675, 2710, 2718, 2794, 2796, 2798, 2800, 2802, 2804, 2806, 2808, 2810, 2812, 2814, 2816, 2818, 2820, 2853, 2855, 2857, 2861, 2877, 2879, 2881, 2883, 2885, 2887, 2889, 2891, 2893, 2895, 2897, 2899, 2901, 2903, 2927, 2950, 2984, 2986, 2990, 2996, 3026, 3065, 3069, 3157, 3216, 3257, 3270, 3290, 3298, 3347, 3351, 3393, 3403, 3459, 3480, 3500, 3520, 3551, 3566, 3568, 3570, 3572, 3574, 3576, 3578, 3580, 3582, 3584, 3586, 3588, 3590, 3592, 3594, 3596, 3598, 3600, 3602, 3604, 3606, 3631, 3728, 3732, 3737, 3741, 3765, 3771, 3785, 3790, 3792, 3835, 3841, 3872, 3893, 3895, 3904, 3922, 3939, 3949, 3962, 3982, 3991, 3997, 4007, 4012, 4018, 4026, 4043, 4052, 4054, 4063, 4074, 4097, 4104, 4127, 4133, 4143, 4145, 4149, 4318, 4320, 4322, 4327, 4367, 4400, 4437, 4439, 4464, 4498, 4519]",[2261],"[13, 35, 44, 88, 118, 128, 130, 132, 139, 146, 149, 156, 297, 306, 310, 375, 378, 441, 471, 487, 505, 575, 613, 615, 648, 661, 740, 821, 830, 837, 860, 863, 903, 912, 944, 955, 992, 1041, 1084, 1159, 1161, 1190, 1198, 1209, 1235, 1249, 1296, 1322, 1327, 1350, 1358, 1406, 1415, 1441, 1497, 1501, 1503, 1538, 1542, 1576, 1586, 1606, 1613, 1642, 1697, 1736, 1750, 1753, 1810, 1812, 1870, 1893, 1897, 1905, 1931, 1942, 1978, 1980, 1983, 1987, 1990, 1992, 2002, 2006, 2023, 2038, 2076, 2118, 2146, 2174, 2271, 2273, 2275, 2277, 2279, 2281, 2283, 2285, 2287, 2289, 2291, 2293, 2295, 2297, 2299, 2301, 2303, 2305, 2307, 2309, 2311, 2313, 2315, 2317, 2319, 2321, 2382, 2411, 2451, 2521, 2525, 2563, 2602, 2675, 2710, 2718, 2794, 2796, 2798, 2800, 2802, 2804, 2806, 2808, 2810, 2812, 2814, 2816, 2818, 2820, 2853, 2855, 2857, 2861, 2877, 2879, 2881, 2883, 2885, 2887, 2889, 2891, 2893, 2895, 2897, 2899, 2901, 2903, 2927, 2950, 2984, 2986, 2990, 2996, 3026, 3065, 3069, 3157, 3216, 3257, 3270, 3290, 3298, 3347, 3351, 3393, 3403, 3459, 3480, 3500, 3520, 3551, 3566, 3568, 3570, 3572, 3574, 3576, 3578, 3580, 3582, 3584, 3586, 3588, 3590, 3592, 3594, 3596, 3598, 3600, 3602, 3604, 3606, 3631, 3728, 3732, 3737, 3741, 3765, 3771, 3785, 3790, 3792, 3835, 3841, 3872, 3893, 3895, 3904, 3922, 3939, 3949, 3962, 3982, 3991, 3997, 4007, 4012, 4018, 4026, 4043, 4052, 4054, 4063, 4074, 4097, 4104, 4127, 4133, 4143, 4145, 4149, 4318, 4320, 4322, 4327, 4367, 4400, 4437, 4439, 4464, 4498, 4519]",[2261],4534,254,4280,1,253,4280,0
-1.5,RATPTBZR02,"[82, 118, 120, 122, 126, 130, 182, 188, 203, 224, 254, 326, 340, 374, 376, 380, 382, 384, 388, 390, 392, 394, 396, 398, 400, 402, 406, 408, 412, 414, 416, 418, 420, 422, 424, 426, 428, 430, 432, 434, 436, 438, 440, 442, 444, 446, 448, 450, 452, 454, 456, 458, 460, 462, 470, 495, 519, 537, 546, 559, 610, 619, 628, 644, 663, 669, 673, 677, 679, 727, 731, 737, 775, 833, 839, 871, 892, 898, 909, 913, 924, 949, 951, 954, 992, 1000, 1028, 1038, 1051, 1139, 1148, 1163, 1199, 1203, 1206, 1222, 1291, 1306, 1310, 1319, 1323, 1332, 1335, 1358, 1401, 1431, 1434, 1463, 1527, 1535, 1539, 1541, 1602, 1620, 1652, 1660, 1690, 1727, 1745, 1764, 1767, 1828, 1832, 1853, 1859, 1861, 1864, 1877, 1916, 1927, 1962, 1982, 1992, 2004, 2046, 2066, 2070, 2078, 2095, 2123, 2145, 2149, 2159, 2162, 2173, 2200, 2204, 2209, 2214, 2225, 2251, 2295, 2301, 2308, 2310, 2351, 2365, 2371, 2375, 2404, 2407, 2432, 2495, 2509, 2516, 2542, 2560, 2573, 2580, 2598, 2608, 2615, 2643, 2645, 2658, 2664, 2709, 2719, 2760, 2776, 2931, 2946, 2950, 2955, 2988, 3014, 3063, 3070, 3082, 3110, 3161, 3167, 3200, 3209, 3232, 3236, 3242, 3245, 3249, 3275, 3303, 3358, 3360, 3373, 3380, 3384, 3412, 3429]","[1306, 2066]","[82, 118, 120, 122, 126, 130, 182, 188, 203, 224, 254, 326, 340, 374, 376, 380, 382, 384, 388, 390, 392, 394, 396, 398, 400, 402, 406, 408, 412, 414, 416, 418, 420, 422, 424, 426, 428, 430, 432, 434, 436, 438, 440, 442, 444, 446, 448, 450, 452, 454, 456, 458, 460, 462, 470, 495, 519, 537, 546, 559, 610, 619, 628, 644, 663, 669, 673, 677, 679, 727, 731, 737, 775, 833, 839, 871, 892, 898, 909, 913, 924, 949, 951, 954, 992, 1000, 1028, 1038, 1051, 1139, 1148, 1163, 1199, 1203, 1206, 1222, 1291, 1310, 1319, 1323, 1332, 1335, 1358, 1401, 1431, 1434, 1463, 1527, 1535, 1539, 1541, 1602, 1620, 1652, 1660, 1690, 1727, 1745, 1764, 1767, 1828, 1832, 1853, 1859, 1861, 1864, 1877, 1916, 1927, 1962, 1982, 1992, 2004, 2046, 2070, 2078, 2095, 2123, 2145, 2149, 2159, 2162, 2173, 2200, 2204, 2209, 2214, 2225, 2251, 2295, 2301, 2308, 2310, 2351, 2365, 2371, 2375, 2404, 2407, 2432, 2495, 2509, 2516, 2542, 2560, 2573, 2580, 2598, 2608, 2615, 2643, 2645, 2658, 2664, 2709, 2719, 2760, 2776, 2931, 2946, 2950, 2955, 2988, 3014, 3063, 3070, 3082, 3110, 3161, 3167, 3200, 3209, 3232, 3236, 3242, 3245, 3249, 3275, 3303, 3358, 3360, 3373, 3380, 3384, 3412, 3429]","[1306, 2066]",3426,208,3218,2,206,3218,0
-1.5,RATRGPI,"[25, 34, 38, 62, 133, 143, 155, 190, 193, 223, 261, 359, 383, 413, 415, 468, 470, 477, 510, 601, 686, 857, 874, 879, 888, 912, 928, 936, 1001, 1010, 1070, 1072, 1074, 1090, 1092, 1108, 1115, 1148, 1168, 1182, 1184, 1186, 1188, 1190, 1196, 1202, 1210, 1213, 1217, 1222, 1224, 1228, 1232, 1234, 1236, 1238, 1240, 1242, 1244, 1246, 1248, 1250, 1252, 1254, 1256, 1258, 1260, 1262, 1264, 1266, 1268, 1270, 1272, 1274, 1347, 1366, 1403, 1465, 1485, 1553, 1603, 1746, 1769, 1785, 1812, 1837, 1879, 1948, 1982, 2055, 2114, 2134, 2149, 2151, 2181, 2186, 2190, 2271, 2329, 2333, 2361, 2365, 2390, 2407, 2458, 2506, 2523, 2569, 2637, 2693, 2712, 2811, 2815, 2822, 2926, 2962, 2984, 2998, 3010, 3026, 3115, 3117, 3119, 3128, 3132, 3136, 3141, 3143, 3160, 3187, 3271, 3339, 3343, 3347, 3357, 3380, 3464, 3511, 3515, 3573, 3604, 3665, 3667, 3671, 3720, 3723, 3740, 3770, 3774, 3810, 3827, 3851, 3879, 3890, 3906, 3909, 3912, 3963, 3989, 3993, 4018, 4029, 4075, 4079, 4097, 4099, 4106, 4119, 4129, 4164, 4170, 4196, 4209, 4242, 4293, 4324, 4353, 4372, 4431, 4435, 4468, 4488, 4497, 4499, 4505, 4521, 4565, 4570, 4584, 4607, 4677, 4696, 4700, 4731, 4830, 4859, 4906, 4926, 4930, 4974, 5015, 5060, 5084, 5096, 5110, 5149, 5151, 5157, 5185, 5193, 5203, 5211]","[2712, 3339, 3770, 4521]","[25, 34, 38, 62, 133, 143, 155, 190, 193, 223, 261, 359, 383, 413, 415, 468, 470, 477, 510, 601, 686, 857, 874, 879, 888, 912, 928, 936, 1001, 1010, 1070, 1072, 1074, 1090, 1092, 1108, 1115, 1148, 1168, 1182, 1184, 1186, 1188, 1190, 1196, 1202, 1210, 1213, 1217, 1222, 1224, 1228, 1232, 1234, 1236, 1238, 1240, 1242, 1244, 1246, 1248, 1250, 1252, 1254, 1256, 1258, 1260, 1262, 1264, 1266, 1268, 1270, 1272, 1274, 1347, 1366, 1403, 1465, 1485, 1553, 1603, 1746, 1769, 1785, 1812, 1837, 1879, 1948, 1982, 2055, 2114, 2134, 2149, 2151, 2181, 2186, 2190, 2271, 2329, 2333, 2361, 2365, 2390, 2407, 2458, 2506, 2523, 2569, 2637, 2693, 2811, 2815, 2822, 2926, 2962, 2984, 2998, 3010, 3026, 3115, 3117, 3119, 3128, 3132, 3136, 3141, 3143, 3160, 3187, 3271, 3343, 3347, 3357, 3380, 3464, 3511, 3515, 3573, 3604, 3665, 3667, 3671, 3720, 3723, 3740, 3774, 3810, 3827, 3851, 3879, 3890, 3906, 3909, 3912, 3963, 3989, 3993, 4018, 4029, 4075, 4079, 4097, 4099, 4106, 4119, 4129, 4164, 4170, 4196, 4209, 4242, 4293, 4324, 4353, 4372, 4431, 4435, 4468, 4488, 4497, 4499, 4505, 4565, 4570, 4584, 4607, 4677, 4696, 4700, 4731, 4830, 4859, 4906, 4926, 4930, 4974, 5015, 5060, 5084, 5096, 5110, 5149, 5151, 5157, 5185, 5193, 5203, 5211]","[2712, 3339, 3770, 4521]",5237,212,5025,4,208,5025,0
-1.5,RATRPIII,"[121, 129, 145, 153, 213, 221, 272, 318, 350, 397, 419, 423, 438, 505, 527, 545, 594, 656, 680, 688, 695, 721, 754, 758, 760, 766, 768, 775, 793, 796, 827, 835, 883, 906, 921, 933, 938, 1004, 1031, 1035, 1094, 1183, 1226, 1230, 1320, 1353, 1363, 1435, 1474, 1504, 1511, 1545, 1562, 1601, 1608, 1642, 1690, 1693, 1706, 1764, 1771, 1773, 1777, 1796, 1804, 1815, 1839, 1843, 1847, 1853, 1861, 1910, 1925, 1927, 1934, 2004, 2009, 2017, 2021, 2061, 2067, 2096, 2179, 2201, 2209, 2224, 2253, 2337, 2357, 2423, 2443, 2456, 2460, 2470, 2495, 2505, 2544, 2547, 2552, 2577, 2704, 2730, 2742, 2790, 2832, 2862, 2866, 2868, 2890, 2894, 2905, 2929, 2952, 3019, 3047, 3131, 3135, 3152, 3156, 3160, 3179, 3220, 3241, 3249, 3293, 3300, 3318, 3328, 3333, 3344, 3386, 3393, 3396, 3402, 3426, 3487, 3526, 3549, 3617, 3627, 3648, 3677, 3694, 3699, 3731, 3764, 3770, 3782, 3797, 3888, 3984, 3992, 3995, 4032, 4044, 4072, 4132]","[1608, 2456, 2790, 3426]","[121, 129, 145, 153, 213, 221, 272, 318, 350, 397, 419, 423, 438, 505, 527, 545, 594, 656, 680, 688, 695, 721, 754, 758, 760, 766, 768, 775, 793, 796, 827, 835, 883, 906, 921, 933, 938, 1004, 1031, 1035, 1094, 1183, 1226, 1230, 1320, 1353, 1363, 1435, 1474, 1504, 1511, 1545, 1562, 1601, 1642, 1690, 1693, 1706, 1764, 1771, 1773, 1777, 1796, 1804, 1815, 1839, 1843, 1847, 1853, 1861, 1910, 1925, 1927, 1934, 2004, 2009, 2017, 2021, 2061, 2067, 2096, 2179, 2201, 2209, 2224, 2253, 2337, 2357, 2423, 2443, 2460, 2470, 2495, 2505, 2544, 2547, 2552, 2577, 2704, 2730, 2742, 2832, 2862, 2866, 2868, 2890, 2894, 2905, 2929, 2952, 3019, 3047, 3131, 3135, 3152, 3156, 3160, 3179, 3220, 3241, 3249, 3293, 3300, 3318, 3328, 3333, 3344, 3386, 3393, 3396, 3402, 3487, 3526, 3549, 3617, 3627, 3648, 3677, 3694, 3699, 3731, 3764, 3770, 3782, 3797, 3888, 3984, 3992, 3995, 4032, 4044, 4072, 4132]","[1608, 2456, 2790, 3426]",4133,157,3976,4,153,3976,0
-1.5,RATSVSIV1,"[42, 67, 72, 76, 79, 86, 147, 213, 244, 248, 300, 320, 364, 380, 397, 418, 470, 481, 493, 580, 605, 615, 659, 686, 704, 717, 721, 751, 768, 795, 814, 874, 892, 902, 926, 939, 953]",[244],"[42, 67, 72, 76, 79, 86, 147, 213, 248, 300, 320, 364, 380, 397, 418, 470, 481, 493, 580, 605, 615, 659, 686, 704, 717, 721, 751, 768, 795, 814, 874, 892, 902, 926, 939, 953]",[244],972,37,935,1,36,935,0
-1.5,RATTSHB,"[49, 55, 75, 83, 109, 114, 208, 224, 230, 253, 260, 265, 269, 291, 301, 323, 337, 366, 390, 394, 418, 421, 435, 450, 514, 578, 580, 622, 645, 661, 665, 672, 686, 707, 732, 758, 801, 806, 825, 854, 867, 880, 910, 929, 959, 985, 1013, 1019, 1100, 1155, 1173, 1190, 1198, 1224, 1288, 1296, 1301, 1330, 1369, 1382, 1389, 1397, 1401, 1421, 1464, 1467, 1482, 1560, 1562, 1568, 1570, 1575, 1577, 1585, 1591, 1593, 1644, 1651, 1655, 1657, 1661, 1718, 1728, 1732, 1734, 1758, 1762, 1789, 1802, 1858, 1860, 1901, 1904, 1924, 1931, 1948, 1988, 2072, 2124, 2142, 2144, 2177, 2181, 2183, 2209, 2290, 2337, 2362, 2399, 2456, 2469, 2483, 2510, 2530, 2563, 2583, 2601, 2625, 2711, 2715, 2744, 2766, 2778, 2813, 2841, 2862, 2874, 2899, 2921, 2923, 2965, 2997, 3004, 3036, 3063, 3065, 3157, 3169, 3202, 3223, 3249, 3266, 3272, 3319, 3363, 3373, 3462, 3525, 3608, 3620, 3676, 3707, 3710, 3718, 3726, 3914, 3927, 3947, 3975, 3977, 3999, 4009, 4018, 4027, 4046, 4048, 4050, 4058, 4093, 4104, 4166, 4190, 4193, 4237, 4256, 4264, 4277, 4290, 4299, 4303, 4317, 4319, 4359, 4364, 4375, 4379, 4383, 4404, 4411, 4417, 4427, 4451, 4533, 4546, 4564, 4566, 4583, 4598, 4621, 4628, 4634, 4636, 4640, 4728, 4781, 4800, 4804, 4833, 4860, 4901, 4903, 4910, 4912, 4933, 4947, 5002, 5009, 5028, 5035, 5161]",[4375],"[49, 55, 75, 83, 109, 114, 208, 224, 230, 253, 260, 265, 269, 291, 301, 323, 337, 366, 390, 394, 418, 421, 435, 450, 514, 578, 580, 622, 645, 661, 665, 672, 686, 707, 732, 758, 801, 806, 825, 854, 867, 880, 910, 929, 959, 985, 1013, 1019, 1100, 1155, 1173, 1190, 1198, 1224, 1288, 1296, 1301, 1330, 1369, 1382, 1389, 1397, 1401, 1421, 1464, 1467, 1482, 1560, 1562, 1568, 1570, 1575, 1577, 1585, 1591, 1593, 1644, 1651, 1655, 1657, 1661, 1718, 1728, 1732, 1734, 1758, 1762, 1789, 1802, 1858, 1860, 1901, 1904, 1924, 1931, 1948, 1988, 2072, 2124, 2142, 2144, 2177, 2181, 2183, 2209, 2290, 2337, 2362, 2399, 2456, 2469, 2483, 2510, 2530, 2563, 2583, 2601, 2625, 2711, 2715, 2744, 2766, 2778, 2813, 2841, 2862, 2874, 2899, 2921, 2923, 2965, 2997, 3004, 3036, 3063, 3065, 3157, 3169, 3202, 3223, 3249, 3266, 3272, 3319, 3363, 3373, 3462, 3525, 3608, 3620, 3676, 3707, 3710, 3718, 3726, 3914, 3927, 3947, 3975, 3977, 3999, 4009, 4018, 4027, 4046, 4048, 4050, 4058, 4093, 4104, 4166, 4190, 4193, 4237, 4256, 4264, 4277, 4290, 4299, 4303, 4317, 4319, 4359, 4364, 4379, 4383, 4404, 4411, 4417, 4427, 4451, 4533, 4546, 4564, 4566, 4583, 4598, 4621, 4628, 4634, 4636, 4640, 4728, 4781, 4800, 4804, 4833, 4860, 4901, 4903, 4910, 4912, 4933, 4947, 5002, 5009, 5028, 5035, 5161]",[4375],5159,220,4939,1,219,4939,0
-1.5,RN0B2GLOB,"[9, 31, 62, 80, 84, 136, 265, 306, 316, 354, 366, 374, 385, 391, 396, 474, 500, 547, 558, 579, 646, 658, 672, 693, 697, 717, 796, 798, 800, 804, 813, 818, 835, 906, 1095, 1105, 1134, 1170, 1197, 1231, 1266, 1275, 1311, 1313, 1318, 1346, 1384, 1427, 1450, 1453, 1462, 1469, 1485, 1519, 1527, 1552, 1644, 1658, 1673, 1684, 1702, 1708, 1713, 1758, 1766, 1801]","[354, 693]","[9, 31, 62, 80, 84, 136, 265, 306, 316, 366, 374, 385, 391, 396, 474, 500, 547, 558, 579, 646, 658, 672, 697, 717, 796, 798, 800, 804, 813, 818, 835, 906, 1095, 1105, 1134, 1170, 1197, 1231, 1266, 1275, 1311, 1313, 1318, 1346, 1384, 1427, 1450, 1453, 1462, 1469, 1485, 1519, 1527, 1552, 1644, 1658, 1673, 1684, 1702, 1708, 1713, 1758, 1766, 1801]","[354, 693]",1789,66,1723,2,64,1723,0
-1.5,RN2BGLOB,"[16, 24, 110, 137, 189, 205, 264, 343, 384, 394, 409, 413, 432, 436, 444, 456, 462, 467, 483, 515, 537, 548, 571, 618, 629, 650, 717, 729, 743, 764, 768, 788, 799, 870, 872, 878, 885, 890, 982, 1188, 1217, 1250, 1253, 1259, 1280, 1349, 1358, 1394, 1396, 1401, 1429, 1467, 1473, 1475, 1510, 1533, 1536, 1545, 1552, 1568, 1602, 1610, 1634, 1710, 1726, 1741, 1752, 1760, 1769, 1775, 1780, 1807, 1832]","[432, 764]","[16, 24, 110, 137, 189, 205, 264, 343, 384, 394, 409, 413, 436, 444, 456, 462, 467, 483, 515, 537, 548, 571, 618, 629, 650, 717, 729, 743, 768, 788, 799, 870, 872, 878, 885, 890, 982, 1188, 1217, 1250, 1253, 1259, 1280, 1349, 1358, 1394, 1396, 1401, 1429, 1467, 1473, 1475, 1510, 1533, 1536, 1545, 1552, 1568, 1602, 1610, 1634, 1710, 1726, 1741, 1752, 1760, 1769, 1775, 1780, 1807, 1832]","[432, 764]",1876,73,1803,2,71,1803,0
-1.5,RN3B2GLOB,"[33, 63, 74, 84, 99, 122, 126, 134, 142, 153, 159, 164, 180, 233, 244, 267, 314, 325, 346, 413, 425, 439, 460, 485, 496, 567, 569, 582, 587, 679, 705, 712, 725, 760, 783, 786, 807, 835, 867, 877, 984, 1045, 1047, 1117, 1123, 1125, 1160, 1183, 1186, 1195, 1202, 1218, 1252, 1260, 1284, 1360, 1376, 1391, 1403, 1421, 1427]","[122, 460]","[33, 63, 74, 84, 99, 126, 134, 142, 153, 159, 164, 180, 233, 244, 267, 314, 325, 346, 413, 425, 439, 485, 496, 567, 569, 582, 587, 679, 705, 712, 725, 760, 783, 786, 807, 835, 867, 877, 984, 1045, 1047, 1117, 1123, 1125, 1160, 1183, 1186, 1195, 1202, 1218, 1252, 1260, 1284, 1360, 1376, 1391, 1403, 1421, 1427]","[122, 460]",1436,61,1375,2,59,1375,0
-1.5,RN3B3GLOB,"[20, 25, 41, 54, 66, 75, 107, 125, 129, 205, 314, 344, 355, 365, 380, 403, 407, 415, 423, 434, 440, 445, 461, 512, 523, 546, 593, 604, 625, 692, 704, 718, 739, 766, 777, 848, 850, 863, 960, 987, 994, 1006, 1039, 1062, 1065, 1086, 1146, 1156, 1263, 1323, 1325, 1396, 1402, 1404, 1437, 1462, 1465, 1474, 1481, 1497, 1537, 1549, 1562, 1569, 1642, 1680, 1704, 1726, 1732, 1737]","[403, 739]","[20, 25, 41, 54, 66, 75, 107, 125, 129, 205, 314, 344, 355, 365, 380, 407, 415, 423, 434, 440, 445, 461, 512, 523, 546, 593, 604, 625, 692, 704, 718, 766, 777, 848, 850, 863, 960, 987, 994, 1006, 1039, 1062, 1065, 1086, 1146, 1156, 1263, 1323, 1325, 1396, 1402, 1404, 1437, 1462, 1465, 1474, 1481, 1497, 1537, 1549, 1562, 1569, 1642, 1680, 1704, 1726, 1732, 1737]","[403, 739]",1738,70,1668,2,68,1668,0
-1.5,RN3BGLOB,"[10, 90, 199, 229, 240, 250, 265, 288, 292, 300, 308, 319, 325, 330, 346, 399, 410, 433, 480, 491, 512, 579, 591, 605, 626, 651, 662, 717, 730, 745, 840, 866, 873, 886, 944, 947, 968, 996, 1028, 1038, 1145, 1206, 1208, 1278, 1284, 1286, 1321, 1344, 1347, 1356, 1363, 1379, 1413, 1421, 1446, 1522, 1538, 1553, 1565]","[288, 626]","[10, 90, 199, 229, 240, 250, 265, 292, 300, 308, 319, 325, 330, 346, 399, 410, 433, 480, 491, 512, 579, 591, 605, 651, 662, 717, 730, 745, 840, 866, 873, 886, 944, 947, 968, 996, 1028, 1038, 1145, 1206, 1208, 1278, 1284, 1286, 1321, 1344, 1347, 1356, 1363, 1379, 1413, 1421, 1446, 1522, 1538, 1553, 1565]","[288, 626]",1526,59,1467,2,57,1467,0
-1.5,RNAC01,"[95, 113, 127, 131, 162, 189, 198, 238, 243, 261, 291, 309, 321, 374, 399, 407, 414, 417, 467, 469, 474, 476, 486, 497, 509, 513, 528, 555, 561, 563, 582, 594, 630, 638, 673, 689, 734, 758, 788, 830, 844, 848, 878, 918, 953, 958, 987, 996, 998, 1010, 1016, 1049, 1053, 1071, 1085, 1168, 1207, 1226, 1291, 1346, 1367, 1371, 1390, 1404, 1416, 1426, 1455, 1457, 1463, 1467, 1473, 1490, 1534, 1556, 1614, 1616, 1637, 1677, 1694, 1698, 1707, 1729, 1847, 1881, 1899, 1904, 1908, 1910, 1914, 1930, 1932, 1953, 1971, 1975, 1982, 1992, 1996, 2045, 2066, 2115, 2140, 2163, 2190, 2194, 2209, 2220, 2231, 2234, 2248, 2269, 2281, 2297, 2324, 2381, 2419, 2423, 2442, 2528, 2533, 2556, 2597, 2631, 2655, 2685, 2697, 2734, 2736, 2751, 2774, 2779, 2784, 2797, 2867, 2893, 2898, 2903, 2912, 2918, 3014, 3021, 3023, 3031, 3071, 3089, 3098, 3114, 3277, 3335, 3350, 3354, 3386, 3405, 3448, 3466, 3556, 3575, 3584, 3650, 3661, 3697, 3711, 3726, 3733, 3757, 3767, 3787, 3806, 3818, 3832, 3834, 3850, 3868, 3889, 3914, 3948, 3971, 3984, 3991, 4000, 4062, 4091]","[1367, 1694, 2597, 2867]","[95, 113, 127, 131, 162, 189, 198, 238, 243, 261, 291, 309, 321, 374, 399, 407, 414, 417, 467, 469, 474, 476, 486, 497, 509, 513, 528, 555, 561, 563, 582, 594, 630, 638, 673, 689, 734, 758, 788, 830, 844, 848, 878, 918, 953, 958, 987, 996, 998, 1010, 1016, 1049, 1053, 1071, 1085, 1168, 1207, 1226, 1291, 1346, 1371, 1390, 1404, 1416, 1426, 1455, 1457, 1463, 1467, 1473, 1490, 1534, 1556, 1614, 1616, 1637, 1677, 1698, 1707, 1729, 1847, 1881, 1899, 1904, 1908, 1910, 1914, 1930, 1932, 1953, 1971, 1975, 1982, 1992, 1996, 2045, 2066, 2115, 2140, 2163, 2190, 2194, 2209, 2220, 2231, 2234, 2248, 2269, 2281, 2297, 2324, 2381, 2419, 2423, 2442, 2528, 2533, 2556, 2631, 2655, 2685, 2697, 2734, 2736, 2751, 2774, 2779, 2784, 2797, 2893, 2898, 2903, 2912, 2918, 3014, 3021, 3023, 3031, 3071, 3089, 3098, 3114, 3277, 3335, 3350, 3354, 3386, 3405, 3448, 3466, 3556, 3575, 3584, 3650, 3661, 3697, 3711, 3726, 3733, 3757, 3767, 3787, 3806, 3818, 3832, 3834, 3850, 3868, 3889, 3914, 3948, 3971, 3984, 3991, 4000, 4062, 4091]","[1367, 1694, 2597, 2867]",4083,181,3902,4,177,3902,0
-1.5,RNAC02,"[33, 37, 89, 141, 143, 189, 200, 238, 251, 256, 262, 271, 315, 388, 397, 480, 492, 524, 528, 624, 636, 688, 753, 787, 795, 806, 817, 848, 857, 907, 943, 969, 976, 978, 1042, 1108, 1135, 1137, 1139, 1152, 1162, 1241, 1243, 1269, 1271, 1273, 1293, 1332, 1347, 1351, 1360, 1368, 1409, 1429, 1432, 1439, 1463, 1471, 1475, 1481, 1498, 1526, 1542, 1622, 1624, 1707, 1723, 1734, 1753, 1787, 1791, 1814, 1820, 1825, 1939, 1981, 1983, 2000, 2014, 2030, 2057, 2072, 2114, 2128, 2138, 2142, 2165, 2180, 2243, 2251, 2274, 2281, 2365, 2429, 2448, 2487, 2494, 2508, 2528, 2561, 2568, 2610, 2637, 2650, 2655, 2673, 2681, 2743, 2759, 2842, 2849, 2851, 2899, 2917, 2942, 2972, 2978, 3016, 3024, 3032, 3050, 3092, 3094, 3147]","[1368, 1787, 2138, 2429, 2743]","[33, 37, 89, 141, 143, 189, 200, 238, 251, 256, 262, 271, 315, 388, 397, 480, 492, 524, 528, 624, 636, 688, 753, 787, 795, 806, 817, 848, 857, 907, 943, 969, 976, 978, 1042, 1108, 1135, 1137, 1139, 1152, 1162, 1241, 1243, 1269, 1271, 1273, 1293, 1332, 1347, 1351, 1360, 1409, 1429, 1432, 1439, 1463, 1471, 1475, 1481, 1498, 1526, 1542, 1622, 1624, 1707, 1723, 1734, 1753, 1791, 1814, 1820, 1825, 1939, 1981, 1983, 2000, 2014, 2030, 2057, 2072, 2114, 2128, 2142, 2165, 2180, 2243, 2251, 2274, 2281, 2365, 2448, 2487, 2494, 2508, 2528, 2561, 2568, 2610, 2637, 2650, 2655, 2673, 2681, 2759, 2842, 2849, 2851, 2899, 2917, 2942, 2972, 2978, 3016, 3024, 3032, 3050, 3092, 3094, 3147]","[1368, 1787, 2138, 2429, 2743]",3192,124,3068,5,119,3068,0
-1.5,RNANTANT,"[43, 62, 72, 88, 102, 179, 194, 236, 433, 476, 532, 559, 561, 565, 675, 681, 711, 734, 787, 791, 795, 808, 870, 899, 936, 948, 954, 996, 1017, 1295, 1307, 1317, 1320, 1339, 1344, 1358, 1393, 1405, 1456, 1488, 1506, 1524, 1611, 1639, 1678, 1699, 1706, 1710, 1724, 1726, 1731, 1742, 1748, 1780, 1808, 1941, 1948, 1960, 2025, 2110, 2181, 2221, 2246, 2249, 2369, 2465, 2482, 2578, 2591, 2666, 2801, 2814, 2834, 2839, 2882, 2896, 2904, 2946, 2969, 2971, 3008, 3023, 3097, 3119, 3137, 3162, 3179, 3191, 3197, 3205, 3263, 3273, 3282, 3301, 3319, 3321, 3328, 3352, 3403, 3420, 3436, 3449, 3458, 3517, 3538, 3550, 3574, 3594, 3602, 3609, 3633, 3646, 3653, 3658, 3662, 3689, 3765, 3777, 3799, 3801, 3810, 3822, 3843, 3850, 3866, 3883, 3902, 3904, 3945, 3971, 3993, 4075, 4083, 4091, 4117, 4139, 4161, 4171, 4188, 4201, 4211, 4213, 4217, 4228, 4251, 4324, 4371, 4395, 4452, 4479, 4481, 4532, 4540, 4550, 4565, 4642, 4710, 4724, 4743, 4751, 4757, 4762, 4786, 4805, 4820, 4915, 4935, 4942, 5033, 5043, 5068]","[1524, 3263, 3883]","[43, 62, 72, 88, 102, 179, 194, 236, 433, 476, 532, 559, 561, 565, 675, 681, 711, 734, 787, 791, 795, 808, 870, 899, 936, 948, 954, 996, 1017, 1295, 1307, 1317, 1320, 1339, 1344, 1358, 1393, 1405, 1456, 1488, 1506, 1611, 1639, 1678, 1699, 1706, 1710, 1724, 1726, 1731, 1742, 1748, 1780, 1808, 1941, 1948, 1960, 2025, 2110, 2181, 2221, 2246, 2249, 2369, 2465, 2482, 2578, 2591, 2666, 2801, 2814, 2834, 2839, 2882, 2896, 2904, 2946, 2969, 2971, 3008, 3023, 3097, 3119, 3137, 3162, 3179, 3191, 3197, 3205, 3273, 3282, 3301, 3319, 3321, 3328, 3352, 3403, 3420, 3436, 3449, 3458, 3517, 3538, 3550, 3574, 3594, 3602, 3609, 3633, 3646, 3653, 3658, 3662, 3689, 3765, 3777, 3799, 3801, 3810, 3822, 3843, 3850, 3866, 3902, 3904, 3945, 3971, 3993, 4075, 4083, 4091, 4117, 4139, 4161, 4171, 4188, 4201, 4211, 4213, 4217, 4228, 4251, 4324, 4371, 4395, 4452, 4479, 4481, 4532, 4540, 4550, 4565, 4642, 4710, 4724, 4743, 4751, 4757, 4762, 4786, 4805, 4820, 4915, 4935, 4942, 5033, 5043, 5068]","[1524, 3263, 3883]",5117,171,4946,3,168,4946,0
-1.5,RNAPOEG,"[23, 142, 184, 191, 228, 253, 295, 324, 334, 398, 410, 459, 499, 506, 591, 615, 620, 639, 666, 679, 684, 688, 716, 719, 757, 768, 846, 861, 872, 915, 948, 960, 1038, 1050, 1077, 1107, 1115, 1119, 1152, 1167, 1198, 1261, 1273, 1293, 1307, 1327, 1333, 1440, 1446, 1490, 1538, 1571, 1575, 1604, 1667, 1669, 1677, 1680, 1746, 1812, 1890, 1911, 1938, 1955, 1959, 1991, 2056, 2058, 2060, 2069, 2148, 2258, 2278, 2281, 2356, 2383, 2425, 2461, 2480, 2523, 2536, 2574, 2653, 2655, 2690, 2692, 2696, 2705, 2725, 2735, 2738, 2801, 2830, 2863, 2867, 2884, 2961, 2994, 3028, 3058, 3123, 3157, 3190, 3203, 3207]","[1293, 1955]","[23, 142, 184, 191, 228, 253, 295, 324, 334, 398, 410, 459, 499, 506, 591, 615, 620, 639, 666, 679, 684, 688, 716, 719, 757, 768, 846, 861, 872, 915, 948, 960, 1038, 1050, 1077, 1107, 1115, 1119, 1152, 1167, 1198, 1261, 1273, 1307, 1327, 1333, 1440, 1446, 1490, 1538, 1571, 1575, 1604, 1667, 1669, 1677, 1680, 1746, 1812, 1890, 1911, 1938, 1959, 1991, 2056, 2058, 2060, 2069, 2148, 2258, 2278, 2281, 2356, 2383, 2425, 2461, 2480, 2523, 2536, 2574, 2653, 2655, 2690, 2692, 2696, 2705, 2725, 2735, 2738, 2801, 2830, 2863, 2867, 2884, 2961, 2994, 3028, 3058, 3123, 3157, 3190, 3203, 3207]","[1293, 1955]",3229,105,3124,2,103,3124,0
-1.5,RNCALBD9,"[9, 19, 24, 46, 115, 121, 141, 154, 161, 201, 296, 306, 373, 387, 391, 400, 423, 469, 507, 516, 533, 553, 582, 596, 600, 655, 698, 822, 828, 833, 868, 904, 984, 988, 1041, 1045, 1099, 1102, 1144, 1197, 1207, 1247, 1293, 1330, 1338, 1355, 1399, 1450, 1471, 1484, 1486, 1512, 1532, 1542, 1545, 1550, 1615, 1621, 1690, 1706, 1729, 1731, 1739, 1745, 1747, 1779, 1781, 1793, 1797, 1817, 1831, 1865, 1882, 1897, 1918, 1932, 1969, 1976, 1985, 2036, 2077, 2123, 2156, 2184, 2187, 2191, 2195, 2219, 2250, 2285, 2291, 2317, 2332, 2499, 2535, 2563, 2711, 2736, 2742, 2779, 2795, 2830, 2926, 2931, 3118, 3177, 3192, 3254, 3353, 3401, 3403, 3405, 3440, 3462, 3467, 3491, 3508, 3533, 3557, 3650, 3695, 3710, 3737, 3743, 3770, 3825, 3841, 3855, 3860, 3946, 3969, 3982, 3993, 3998, 4017, 4057, 4062, 4079, 4136, 4174, 4180, 4196, 4201, 4233, 4237, 4270, 4272, 4281, 4310, 4353, 4358, 4374, 4389, 4412, 4418, 4461, 4481, 4489, 4529, 4548, 4587, 4598, 4711, 4752, 4761, 4766, 4812, 4867, 4869, 4873, 4886]",[2736],"[9, 19, 24, 46, 115, 121, 141, 154, 161, 201, 296, 306, 373, 387, 391, 400, 423, 469, 507, 516, 533, 553, 582, 596, 600, 655, 698, 822, 828, 833, 868, 904, 984, 988, 1041, 1045, 1099, 1102, 1144, 1197, 1207, 1247, 1293, 1330, 1338, 1355, 1399, 1450, 1471, 1484, 1486, 1512, 1532, 1542, 1545, 1550, 1615, 1621, 1690, 1706, 1729, 1731, 1739, 1745, 1747, 1779, 1781, 1793, 1797, 1817, 1831, 1865, 1882, 1897, 1918, 1932, 1969, 1976, 1985, 2036, 2077, 2123, 2156, 2184, 2187, 2191, 2195, 2219, 2250, 2285, 2291, 2317, 2332, 2499, 2535, 2563, 2711, 2742, 2779, 2795, 2830, 2926, 2931, 3118, 3177, 3192, 3254, 3353, 3401, 3403, 3405, 3440, 3462, 3467, 3491, 3508, 3533, 3557, 3650, 3695, 3710, 3737, 3743, 3770, 3825, 3841, 3855, 3860, 3946, 3969, 3982, 3993, 3998, 4017, 4057, 4062, 4079, 4136, 4174, 4180, 4196, 4201, 4233, 4237, 4270, 4272, 4281, 4310, 4353, 4358, 4374, 4389, 4412, 4418, 4461, 4481, 4489, 4529, 4548, 4587, 4598, 4711, 4752, 4761, 4766, 4812, 4867, 4869, 4873, 4886]",[2736],4883,171,4712,1,170,4712,0
-1.5,RNGAMT,"[54, 90, 107, 110, 144, 223, 258, 271, 294, 305, 323, 339, 395, 465, 486, 497, 499, 553, 618, 754, 778, 799, 803, 808, 816, 842, 861, 866, 907, 919, 928, 937, 1028, 1182, 1270, 1371, 1424, 1454, 1478, 1503, 1531, 1552, 1564, 1643, 1653, 1717, 1853, 1887, 1945, 1948, 1959, 1975, 1977, 2048, 2078, 2112, 2122, 2173, 2212, 2214, 2278, 2302, 2304, 2315, 2394, 2402, 2427, 2453, 2462, 2468, 2483, 2538, 2543, 2573, 2576, 2578, 2604, 2653, 2660, 2682, 2688, 2690, 2752, 2756, 2807, 2874, 2924, 2926, 2935, 2974, 3003, 3012, 3045, 3141, 3159, 3173, 3205, 3213, 3256, 3276, 3308, 3319, 3349, 3361, 3406, 3418, 3437, 3457, 3460, 3462, 3477, 3520, 3573, 3602, 3628, 3652, 3676, 3717, 3760, 3797, 3802, 3811, 3813, 3847, 3905, 3923, 3948, 3975, 3996, 4003, 4022, 4050, 4062, 4064, 4067, 4095, 4100, 4141, 4149, 4256, 4270, 4288, 4354, 4357, 4364, 4390, 4433, 4441, 4453, 4507, 4562, 4570, 4579, 4581, 4611, 4613, 4635, 4662, 4686, 4689, 4693, 4704, 4715, 4731, 4764, 4782, 4789, 4824, 4838, 4859, 4870, 4876, 4895, 4917]","[2173, 3141, 3319, 3760, 4003]","[54, 90, 107, 110, 144, 223, 258, 271, 294, 305, 323, 339, 395, 465, 486, 497, 499, 553, 618, 754, 778, 799, 803, 808, 816, 842, 861, 866, 907, 919, 928, 937, 1028, 1182, 1270, 1371, 1424, 1454, 1478, 1503, 1531, 1552, 1564, 1643, 1653, 1717, 1853, 1887, 1945, 1948, 1959, 1975, 1977, 2048, 2078, 2112, 2122, 2212, 2214, 2278, 2302, 2304, 2315, 2394, 2402, 2427, 2453, 2462, 2468, 2483, 2538, 2543, 2573, 2576, 2578, 2604, 2653, 2660, 2682, 2688, 2690, 2752, 2756, 2807, 2874, 2924, 2926, 2935, 2974, 3003, 3012, 3045, 3159, 3173, 3205, 3213, 3256, 3276, 3308, 3349, 3361, 3406, 3418, 3437, 3457, 3460, 3462, 3477, 3520, 3573, 3602, 3628, 3652, 3676, 3717, 3797, 3802, 3811, 3813, 3847, 3905, 3923, 3948, 3975, 3996, 4022, 4050, 4062, 4064, 4067, 4095, 4100, 4141, 4149, 4256, 4270, 4288, 4354, 4357, 4364, 4390, 4433, 4441, 4453, 4507, 4562, 4570, 4579, 4581, 4611, 4613, 4635, 4662, 4686, 4689, 4693, 4704, 4715, 4731, 4764, 4782, 4789, 4824, 4838, 4859, 4870, 4876, 4895, 4917]","[2173, 3141, 3319, 3760, 4003]",4956,174,4782,5,169,4782,0
-1.5,RNGMTG,"[12, 50, 83, 92, 180, 185, 203, 220, 240, 250, 278, 306, 335, 338, 396, 414, 440, 444, 455, 505, 595, 608, 613, 620, 675, 727, 741, 778, 806, 873, 885, 950, 957, 959, 971, 975, 1011, 1016, 1062, 1064, 1072, 1082, 1134, 1139, 1141, 1148, 1162, 1174, 1226, 1232, 1248, 1267, 1376, 1406, 1434, 1438, 1449, 1470, 1479, 1488, 1490, 1495, 1512, 1538, 1561, 1563, 1565, 1574, 1597, 1607, 1616, 1619, 1646, 1656, 1665, 1672, 1682, 1749, 1771, 1781, 1804, 1818, 1839, 1841, 1874, 1876, 1920, 1973, 1975, 1997, 2016, 2025, 2031, 2037, 2049, 2067, 2071, 2091, 2117, 2135, 2161, 2180, 2244, 2258, 2293, 2335, 2386, 2389, 2433, 2437, 2443, 2508, 2525, 2528, 2562, 2567, 2653, 2658, 2737, 2771, 2921, 2977, 2980, 2987, 2991, 3036, 3053, 3122, 3140, 3158, 3165, 3167, 3244, 3249, 3253, 3303, 3328, 3340, 3357, 3403, 3415, 3428, 3432, 3444, 3452, 3481, 3524, 3534, 3549, 3555, 3576, 3593, 3601, 3603, 3655, 3669, 3707, 3739, 3749, 3755, 3758, 3767, 3772, 3826, 3845, 3918, 3926, 3938, 3989, 4027, 4048, 4063, 4069, 4084, 4086, 4090, 4120, 4158, 4179, 4222, 4254, 4263, 4270, 4298, 4342, 4371, 4380, 4401, 4419, 4425, 4432, 4463, 4487, 4490, 4493, 4548, 4578, 4597, 4624, 4644, 4700, 4776, 4829, 4836, 4851, 4856, 4859, 4945, 4963, 5067, 5094, 5101, 5122, 5170, 5183, 5242, 5252, 5262, 5306, 5332, 5347, 5368]","[1682, 3249, 3918, 4254, 4463]","[12, 50, 83, 92, 180, 185, 203, 220, 240, 250, 278, 306, 335, 338, 396, 414, 440, 444, 455, 505, 595, 608, 613, 620, 675, 727, 741, 778, 806, 873, 885, 950, 957, 959, 971, 975, 1011, 1016, 1062, 1064, 1072, 1082, 1134, 1139, 1141, 1148, 1162, 1174, 1226, 1232, 1248, 1267, 1376, 1406, 1434, 1438, 1449, 1470, 1479, 1488, 1490, 1495, 1512, 1538, 1561, 1563, 1565, 1574, 1597, 1607, 1616, 1619, 1646, 1656, 1665, 1672, 1749, 1771, 1781, 1804, 1818, 1839, 1841, 1874, 1876, 1920, 1973, 1975, 1997, 2016, 2025, 2031, 2037, 2049, 2067, 2071, 2091, 2117, 2135, 2161, 2180, 2244, 2258, 2293, 2335, 2386, 2389, 2433, 2437, 2443, 2508, 2525, 2528, 2562, 2567, 2653, 2658, 2737, 2771, 2921, 2977, 2980, 2987, 2991, 3036, 3053, 3122, 3140, 3158, 3165, 3167, 3244, 3253, 3303, 3328, 3340, 3357, 3403, 3415, 3428, 3432, 3444, 3452, 3481, 3524, 3534, 3549, 3555, 3576, 3593, 3601, 3603, 3655, 3669, 3707, 3739, 3749, 3755, 3758, 3767, 3772, 3826, 3845, 3926, 3938, 3989, 4027, 4048, 4063, 4069, 4084, 4086, 4090, 4120, 4158, 4179, 4222, 4263, 4270, 4298, 4342, 4371, 4380, 4401, 4419, 4425, 4432, 4487, 4490, 4493, 4548, 4578, 4597, 4624, 4644, 4700, 4776, 4829, 4836, 4851, 4856, 4859, 4945, 4963, 5067, 5094, 5101, 5122, 5170, 5183, 5242, 5252, 5262, 5306, 5332, 5347, 5368]","[1682, 3249, 3918, 4254, 4463]",5391,222,5169,5,217,5169,0
-1.5,RNGROW3,"[75, 89, 102, 148, 151, 157, 173, 208, 216, 230, 247, 260, 262, 299, 303, 325, 351, 365, 370, 434, 439, 455, 471, 495, 500, 541, 543, 569, 702, 719, 746, 750, 763, 813, 817, 829, 831, 836, 846, 922, 946, 959, 991, 994, 1023, 1053, 1070, 1096, 1100, 1117, 1119, 1189, 1218, 1248, 1265, 1291, 1293, 1312, 1314, 1381, 1384, 1418, 1423, 1484, 1497, 1508, 1516, 1539, 1652, 1656, 1671, 1675, 1751, 1775, 1849, 1865, 1903, 1908, 1922, 1973, 2003, 2066, 2135, 2143, 2208, 2242, 2342, 2350, 2376, 2397, 2429, 2519, 2524]","[471, 817, 1652, 1973]","[75, 89, 102, 148, 151, 157, 173, 208, 216, 230, 247, 260, 262, 299, 303, 325, 351, 365, 370, 434, 439, 455, 495, 500, 541, 543, 569, 702, 719, 746, 750, 763, 813, 829, 831, 836, 846, 922, 946, 959, 991, 994, 1023, 1053, 1070, 1096, 1100, 1117, 1119, 1189, 1218, 1248, 1265, 1291, 1293, 1312, 1314, 1381, 1384, 1418, 1423, 1484, 1497, 1508, 1516, 1539, 1656, 1671, 1675, 1751, 1775, 1849, 1865, 1903, 1908, 1922, 2003, 2066, 2135, 2143, 2208, 2242, 2342, 2350, 2376, 2397, 2429, 2519, 2524]","[471, 817, 1652, 1973]",2549,93,2456,4,89,2456,0
-1.5,RNHSC73,"[8, 12, 19, 21, 75, 86, 93, 127, 187, 208, 230, 233, 237, 258, 268, 281, 287, 377, 390, 402, 421, 452, 458, 463, 498, 516, 518, 522, 526, 533, 538, 546, 550, 570, 584, 630, 711, 730, 743, 758, 794, 801, 810, 829, 837, 873, 896, 932, 944, 954, 965, 975, 982, 1057, 1088, 1090, 1094, 1114, 1139, 1213, 1244, 1255, 1264, 1280, 1294, 1313, 1349, 1379, 1447, 1470, 1474, 1486, 1516, 1528, 1532, 1553, 1581, 1584, 1608, 1614, 1656, 1668, 1713, 1727, 1779, 1818, 1844, 1847, 1853, 1922, 1982, 1986, 2001, 2003, 2007, 2062, 2080, 2102, 2116, 2152, 2209, 2258, 2275, 2297, 2339, 2393, 2429, 2446, 2481, 2506, 2510, 2612, 2618, 2642, 2664, 2676, 2722, 2724, 2747, 2777, 2827, 2862, 2896, 2930, 3020, 3022, 3034, 3053, 3056, 3060, 3089, 3114, 3130, 3135, 3137, 3160, 3205, 3208, 3249, 3251, 3259, 3299, 3331, 3351, 3396, 3448, 3452, 3456, 3519, 3542, 3582, 3616, 3667, 3729, 3766, 3772, 3795, 3821, 3852, 3871, 3873, 3875, 3898, 3904, 3930, 3935, 3942, 3946, 4070, 4096, 4104, 4110, 4134, 4146, 4167, 4170, 4199, 4214, 4221, 4253]","[1244, 1713, 1982, 2618, 3034, 3448, 3766]","[8, 12, 19, 21, 75, 86, 93, 127, 187, 208, 230, 233, 237, 258, 268, 281, 287, 377, 390, 402, 421, 452, 458, 463, 498, 516, 518, 522, 526, 533, 538, 546, 550, 570, 584, 630, 711, 730, 743, 758, 794, 801, 810, 829, 837, 873, 896, 932, 944, 954, 965, 975, 982, 1057, 1088, 1090, 1094, 1114, 1139, 1213, 1255, 1264, 1280, 1294, 1313, 1349, 1379, 1447, 1470, 1474, 1486, 1516, 1528, 1532, 1553, 1581, 1584, 1608, 1614, 1656, 1668, 1727, 1779, 1818, 1844, 1847, 1853, 1922, 1986, 2001, 2003, 2007, 2062, 2080, 2102, 2116, 2152, 2209, 2258, 2275, 2297, 2339, 2393, 2429, 2446, 2481, 2506, 2510, 2612, 2642, 2664, 2676, 2722, 2724, 2747, 2777, 2827, 2862, 2896, 2930, 3020, 3022, 3053, 3056, 3060, 3089, 3114, 3130, 3135, 3137, 3160, 3205, 3208, 3249, 3251, 3259, 3299, 3331, 3351, 3396, 3452, 3456, 3519, 3542, 3582, 3616, 3667, 3729, 3772, 3795, 3821, 3852, 3871, 3873, 3875, 3898, 3904, 3930, 3935, 3942, 3946, 4070, 4096, 4104, 4110, 4134, 4146, 4167, 4170, 4199, 4214, 4221, 4253]","[1244, 1713, 1982, 2618, 3034, 3448, 3766]",4312,180,4132,7,173,4132,0
-1.5,RNLALB01,"[14, 39, 132, 167, 180, 204, 255, 285, 293, 317, 347, 351, 383, 409, 420, 426, 460, 488, 492, 600, 714, 736, 742, 784, 816, 821, 877, 891, 902, 909, 912, 919, 941, 971, 1017, 1050, 1081, 1101, 1110, 1128, 1237, 1242, 1246, 1264, 1310, 1312, 1354, 1359, 1414, 1529, 1663, 1704, 1761, 1779, 1802, 1825, 1845, 1858, 1866, 1882, 1896, 1908, 1914, 1918, 1943, 1984, 1991, 1996, 1998, 2014, 2021, 2032, 2080, 2096, 2108, 2120, 2131, 2133, 2144, 2160, 2230, 2273, 2279, 2282, 2303, 2375, 2379, 2393, 2419, 2508, 2517, 2540, 2551, 2553, 2584, 2645, 2650, 2737, 2744, 2748, 2755, 2803, 2806, 2809, 2821, 2824, 2897, 2899, 2901, 2903, 2905, 2907, 2909, 2911, 2913, 2915, 2917, 2919, 2921, 2923, 2925, 2927, 2929, 2931, 2933, 2935, 2937, 2939, 2941, 2943, 2945, 2974, 3004, 3034, 3122, 3167, 3171, 3263, 3265, 3267, 3269, 3271, 3273, 3275, 3277, 3279, 3281, 3283, 3285, 3287, 3289, 3291, 3295, 3297, 3301, 3305, 3337, 3380, 3427, 3453, 3474, 3482, 3556, 3573, 3599, 3606, 3609, 3649, 3685, 3697, 3706, 3771, 3775, 3800]","[1414, 1914, 2419]","[14, 39, 132, 167, 180, 204, 255, 285, 293, 317, 347, 351, 383, 409, 420, 426, 460, 488, 492, 600, 714, 736, 742, 784, 816, 821, 877, 891, 902, 909, 912, 919, 941, 971, 1017, 1050, 1081, 1101, 1110, 1128, 1237, 1242, 1246, 1264, 1310, 1312, 1354, 1359, 1529, 1663, 1704, 1761, 1779, 1802, 1825, 1845, 1858, 1866, 1882, 1896, 1908, 1918, 1943, 1984, 1991, 1996, 1998, 2014, 2021, 2032, 2080, 2096, 2108, 2120, 2131, 2133, 2144, 2160, 2230, 2273, 2279, 2282, 2303, 2375, 2379, 2393, 2508, 2517, 2540, 2551, 2553, 2584, 2645, 2650, 2737, 2744, 2748, 2755, 2803, 2806, 2809, 2821, 2824, 2897, 2899, 2901, 2903, 2905, 2907, 2909, 2911, 2913, 2915, 2917, 2919, 2921, 2923, 2925, 2927, 2929, 2931, 2933, 2935, 2937, 2939, 2941, 2943, 2945, 2974, 3004, 3034, 3122, 3167, 3171, 3263, 3265, 3267, 3269, 3271, 3273, 3275, 3277, 3279, 3281, 3283, 3285, 3287, 3289, 3291, 3295, 3297, 3301, 3305, 3337, 3380, 3427, 3453, 3474, 3482, 3556, 3573, 3599, 3606, 3609, 3649, 3685, 3697, 3706, 3771, 3775, 3800]","[1414, 1914, 2419]",3812,174,3638,3,171,3638,0
-1.5,RNLPKG,"[33, 54, 67, 92, 102, 112, 146, 172, 239, 246, 294, 326, 372, 483, 608, 617, 622, 624, 628, 664, 711, 721, 723, 734, 740, 760, 764, 787, 828, 865, 902, 932, 996, 1006, 1015, 1022, 1049, 1113, 1115, 1137, 1174, 1239, 1270, 1339, 1358, 1395, 1447, 1497, 1520, 1552, 1571, 1599, 1601, 1603, 1605, 1607, 1609, 1611, 1613, 1615, 1617, 1619, 1621, 1623, 1625, 1627, 1629, 1631, 1633, 1635, 1637, 1639, 1641, 1664, 1686, 1729, 1771, 1829, 1832, 1900, 1911, 1926, 1934, 2016, 2034, 2062, 2066, 2073, 2085, 2088, 2131, 2134, 2148, 2161, 2169, 2183, 2200, 2222, 2230, 2238, 2257, 2281, 2285, 2304, 2333, 2376, 2473, 2478, 2521, 2617, 2640, 2642, 2685, 2691, 2707, 2749, 2788, 2821, 2832, 2847, 2891, 2902, 2921, 2926, 3043, 3046, 3067, 3069, 3082, 3105, 3167, 3195, 3204, 3219, 3234, 3256, 3289, 3300, 3315, 3352, 3374, 3385, 3407, 3447, 3450, 3460, 3462, 3478, 3484, 3553, 3587, 3592, 3627, 3634, 3636, 3638, 3695, 3729, 3731, 3735, 3787, 3793, 3795, 3912, 3922, 3949, 4000, 4030, 4052, 4061, 4069, 4076, 4080, 4118, 4131, 4156, 4196, 4246, 4253, 4309, 4321, 4325, 4360, 4376, 4391, 4429, 4486, 4493, 4543, 4655, 4757, 4796, 4959, 5055, 5073, 5184, 5191, 5202, 5235, 5266, 5271, 5319, 5359, 5423, 5425, 5433, 5460, 5504, 5532, 5570, 5601, 5605, 5627, 5672, 5696, 5701, 5718, 5772, 5774, 5780, 5786, 5802, 5806, 5810, 5836, 5866, 5874, 5898, 5910, 5934, 6009, 6011, 6022, 6032, 6055, 6083, 6148, 6151, 6227, 6284, 6299, 6308, 6353, 6419, 6426, 6433, 6442, 6457, 6463, 6469, 6494, 6508, 6510, 6514, 6538, 6547, 6592, 6605, 6676, 6689, 6717, 6720, 6766, 6796, 6798, 6800, 6805, 6809, 6816, 6868, 6902, 6935, 6944, 6954, 6957, 6978, 6980, 7001, 7018, 7052, 7064, 7088, 7101, 7106, 7108, 7115, 7184, 7192, 7209, 7213, 7302, 7321, 7339, 7349, 7381, 7438, 7442, 7453, 7481, 7499, 7505, 7510, 7517, 7548, 7556, 7576, 7582, 7598, 7606, 7612, 7619, 7627, 7654, 7719, 7731, 7750, 7760, 7791, 7800, 7818, 7822, 7901, 7935, 7937, 7987, 8001, 8019, 8036, 8041, 8058, 8078, 8213, 8244, 8286, 8302, 8314, 8348, 8356, 8374, 8409, 8412, 8424, 8430, 8463, 8465, 8507, 8510, 8530, 8548, 8560, 8599, 8608, 8664, 8673, 8710, 8713, 8719, 8781, 8783, 8789, 8812, 8846, 8860, 8864, 8899, 8938, 8986, 9005, 9010, 9016, 9035, 9069, 9085, 9096, 9107, 9109, 9121, 9142, 9146, 9186, 9210, 9214, 9218, 9224, 9261, 9338, 9347, 9377, 9414, 9446, 9477, 9480, 9535, 9583, 9609, 9613, 9662, 9669, 9720, 9723, 9735, 9738, 9775, 9779, 9814, 9838, 9857, 9891, 9906, 9919, 9929, 9982, 9996, 10022, 10070, 10092, 10103, 10106, 10129, 10172, 10175, 10184, 10186, 10190, 10198, 10204, 10207, 10214, 10252, 10261, 10362, 10383, 10387, 10402, 10421, 10424, 10493, 10512, 10535, 10546, 10589, 10624, 10647, 10711, 10817, 10935, 10954, 10973, 11007, 11035, 11128, 11189, 11217, 11220, 11247, 11279, 11290, 11309, 11373, 11421, 11427, 11445, 11447, 11491, 11520, 11528, 11562, 11594, 11648, 11663, 11694, 11707, 11734, 11737, 11774, 11798, 11801, 11803, 11816, 11828, 11834, 11849, 11874, 11881, 11898, 11956, 11993, 12009, 12015, 12036, 12065, 12115, 12128, 12153, 12163, 12180, 12184, 12244, 12247, 12257, 12261, 12316, 12335, 12356, 12384, 12502, 12524, 12539, 12615, 12639, 12649, 12690, 12714, 12724, 12744, 12757, 12796, 12823, 12846, 12891, 12908, 12915, 12937, 12941, 12943, 12949, 12952, 12990]","[3219, 3949, 6009, 6284, 6605, 7192, 7453, 7818, 8078, 9480]","[33, 54, 67, 92, 102, 112, 146, 172, 239, 246, 294, 326, 372, 483, 608, 617, 622, 624, 628, 664, 711, 721, 723, 734, 740, 760, 764, 787, 828, 865, 902, 932, 996, 1006, 1015, 1022, 1049, 1113, 1115, 1137, 1174, 1239, 1270, 1339, 1358, 1395, 1447, 1497, 1520, 1552, 1571, 1599, 1601, 1603, 1605, 1607, 1609, 1611, 1613, 1615, 1617, 1619, 1621, 1623, 1625, 1627, 1629, 1631, 1633, 1635, 1637, 1639, 1641, 1664, 1686, 1729, 1771, 1829, 1832, 1900, 1911, 1926, 1934, 2016, 2034, 2062, 2066, 2073, 2085, 2088, 2131, 2134, 2148, 2161, 2169, 2183, 2200, 2222, 2230, 2238, 2257, 2281, 2285, 2304, 2333, 2376, 2473, 2478, 2521, 2617, 2640, 2642, 2685, 2691, 2707, 2749, 2788, 2821, 2832, 2847, 2891, 2902, 2921, 2926, 3043, 3046, 3067, 3069, 3082, 3105, 3167, 3195, 3204, 3234, 3256, 3289, 3300, 3315, 3352, 3374, 3385, 3407, 3447, 3450, 3460, 3462, 3478, 3484, 3553, 3587, 3592, 3627, 3634, 3636, 3638, 3695, 3729, 3731, 3735, 3787, 3793, 3795, 3912, 3922, 4000, 4030, 4052, 4061, 4069, 4076, 4080, 4118, 4131, 4156, 4196, 4246, 4253, 4309, 4321, 4325, 4360, 4376, 4391, 4429, 4486, 4493, 4543, 4655, 4757, 4796, 4959, 5055, 5073, 5184, 5191, 5202, 5235, 5266, 5271, 5319, 5359, 5423, 5425, 5433, 5460, 5504, 5532, 5570, 5601, 5605, 5627, 5672, 5696, 5701, 5718, 5772, 5774, 5780, 5786, 5802, 5806, 5810, 5836, 5866, 5874, 5898, 5910, 5934, 6011, 6022, 6032, 6055, 6083, 6148, 6151, 6227, 6299, 6308, 6353, 6419, 6426, 6433, 6442, 6457, 6463, 6469, 6494, 6508, 6510, 6514, 6538, 6547, 6592, 6676, 6689, 6717, 6720, 6766, 6796, 6798, 6800, 6805, 6809, 6816, 6868, 6902, 6935, 6944, 6954, 6957, 6978, 6980, 7001, 7018, 7052, 7064, 7088, 7101, 7106, 7108, 7115, 7184, 7209, 7213, 7302, 7321, 7339, 7349, 7381, 7438, 7442, 7481, 7499, 7505, 7510, 7517, 7548, 7556, 7576, 7582, 7598, 7606, 7612, 7619, 7627, 7654, 7719, 7731, 7750, 7760, 7791, 7800, 7822, 7901, 7935, 7937, 7987, 8001, 8019, 8036, 8041, 8058, 8213, 8244, 8286, 8302, 8314, 8348, 8356, 8374, 8409, 8412, 8424, 8430, 8463, 8465, 8507, 8510, 8530, 8548, 8560, 8599, 8608, 8664, 8673, 8710, 8713, 8719, 8781, 8783, 8789, 8812, 8846, 8860, 8864, 8899, 8938, 8986, 9005, 9010, 9016, 9035, 9069, 9085, 9096, 9107, 9109, 9121, 9142, 9146, 9186, 9210, 9214, 9218, 9224, 9261, 9338, 9347, 9377, 9414, 9446, 9477, 9535, 9583, 9609, 9613, 9662, 9669, 9720, 9723, 9735, 9738, 9775, 9779, 9814, 9838, 9857, 9891, 9906, 9919, 9929, 9982, 9996, 10022, 10070, 10092, 10103, 10106, 10129, 10172, 10175, 10184, 10186, 10190, 10198, 10204, 10207, 10214, 10252, 10261, 10362, 10383, 10387, 10402, 10421, 10424, 10493, 10512, 10535, 10546, 10589, 10624, 10647, 10711, 10817, 10935, 10954, 10973, 11007, 11035, 11128, 11189, 11217, 11220, 11247, 11279, 11290, 11309, 11373, 11421, 11427, 11445, 11447, 11491, 11520, 11528, 11562, 11594, 11648, 11663, 11694, 11707, 11734, 11737, 11774, 11798, 11801, 11803, 11816, 11828, 11834, 11849, 11874, 11881, 11898, 11956, 11993, 12009, 12015, 12036, 12065, 12115, 12128, 12153, 12163, 12180, 12184, 12244, 12247, 12257, 12261, 12316, 12335, 12356, 12384, 12502, 12524, 12539, 12615, 12639, 12649, 12690, 12714, 12724, 12744, 12757, 12796, 12823, 12846, 12891, 12908, 12915, 12937, 12941, 12943, 12949, 12952, 12990]","[3219, 3949, 6009, 6284, 6605, 7192, 7453, 7818, 8078, 9480]",13003,528,12475,10,518,12475,0
-1.5,RNODC,"[62, 64, 71, 78, 115, 119, 126, 152, 161, 184, 187, 221, 226, 279, 288, 322, 338, 349, 388, 467, 481, 497, 507, 567, 570, 580, 609, 739, 762, 774, 800, 856, 859, 869, 872, 877, 883, 905, 1013, 1025, 1087, 1097, 1115, 1130, 1140, 1148, 1158, 1194, 1218, 1279, 1291, 1334, 1339, 1344, 1366, 1376, 1378, 1398, 1416, 1430, 1518, 1520, 1554, 1568, 1633, 1659, 1665, 1683, 1718, 1819, 1841, 1850, 1875, 1945, 1970, 2012, 2014, 2073, 2109, 2132, 2216, 2231, 2245, 2249, 2269, 2295, 2304, 2322, 2324, 2369, 2389, 2429, 2435, 2454, 2458, 2500, 2541, 2544, 2562, 2566, 2574, 2599, 2640, 2655, 2666, 2706, 2719, 2744, 2757, 2772, 2794, 2817, 2850, 2881, 2887, 2946, 2958, 3019, 3029, 3049, 3051, 3066, 3098, 3127, 3132, 3134, 3144, 3157, 3161, 3174, 3201, 3262, 3305, 3309, 3325, 3344, 3359, 3385, 3446, 3472, 3525, 3529, 3618, 3622, 3630, 3634, 3659, 3686, 3688, 3696, 3715, 3803, 3823, 3843, 3848, 3850, 3870, 3907, 3918, 3946, 3959, 3967, 4020, 4024, 4039, 4073, 4081, 4095, 4106, 4136, 4156, 4182, 4239, 4259, 4282, 4304, 4307, 4334, 4336, 4343, 4354, 4382, 4386, 4419, 4423, 4444, 4503, 4510, 4512, 4517, 4522, 4528, 4623, 4630, 4634, 4636, 4656, 4665, 4667, 4681, 4698, 4702, 4772, 4781, 4814, 4828, 4875, 4879, 4889, 4906, 4909, 4922, 4953, 4982, 4991, 5003, 5006, 5040, 5073, 5139, 5154, 5164, 5173, 5192, 5200, 5230, 5242, 5281, 5283, 5297, 5309, 5316, 5319, 5321, 5325, 5347, 5389, 5415, 5417, 5475, 5477, 5500, 5522, 5579, 5603, 5605, 5631, 5638, 5650, 5654, 5659, 5683, 5686, 5695, 5743, 5750, 5764, 5770, 5804, 5825, 5851, 5855, 5902, 5957, 5974, 5978, 5997, 6001, 6019, 6021, 6096, 6128, 6148, 6158, 6178, 6182, 6195, 6209, 6246, 6271, 6276, 6282, 6288, 6291, 6295, 6303, 6324, 6334, 6339, 6350, 6367, 6412, 6416, 6463, 6533, 6573, 6582, 6619, 6629, 6636, 6640, 6679, 6684, 6692, 6697, 6699, 6743, 6821, 6836, 6853, 6858, 6882, 6897, 6909, 6917, 6934, 6951, 7004, 7019, 7025, 7030, 7045, 7069, 7081, 7149, 7177, 7184, 7217, 7238, 7268, 7270, 7276, 7313, 7326, 7348, 7365, 7376, 7389, 7407, 7416, 7425, 7434, 7445, 7459, 7574, 7586, 7617, 7644, 7649, 7738, 7742, 7755, 7759]","[3525, 3918, 4182, 4517, 4698, 4953, 5631, 5825, 6291]","[62, 64, 71, 78, 115, 119, 126, 152, 161, 184, 187, 221, 226, 279, 288, 322, 338, 349, 388, 467, 481, 497, 507, 567, 570, 580, 609, 739, 762, 774, 800, 856, 859, 869, 872, 877, 883, 905, 1013, 1025, 1087, 1097, 1115, 1130, 1140, 1148, 1158, 1194, 1218, 1279, 1291, 1334, 1339, 1344, 1366, 1376, 1378, 1398, 1416, 1430, 1518, 1520, 1554, 1568, 1633, 1659, 1665, 1683, 1718, 1819, 1841, 1850, 1875, 1945, 1970, 2012, 2014, 2073, 2109, 2132, 2216, 2231, 2245, 2249, 2269, 2295, 2304, 2322, 2324, 2369, 2389, 2429, 2435, 2454, 2458, 2500, 2541, 2544, 2562, 2566, 2574, 2599, 2640, 2655, 2666, 2706, 2719, 2744, 2757, 2772, 2794, 2817, 2850, 2881, 2887, 2946, 2958, 3019, 3029, 3049, 3051, 3066, 3098, 3127, 3132, 3134, 3144, 3157, 3161, 3174, 3201, 3262, 3305, 3309, 3325, 3344, 3359, 3385, 3446, 3472, 3529, 3618, 3622, 3630, 3634, 3659, 3686, 3688, 3696, 3715, 3803, 3823, 3843, 3848, 3850, 3870, 3907, 3946, 3959, 3967, 4020, 4024, 4039, 4073, 4081, 4095, 4106, 4136, 4156, 4239, 4259, 4282, 4304, 4307, 4334, 4336, 4343, 4354, 4382, 4386, 4419, 4423, 4444, 4503, 4510, 4512, 4522, 4528, 4623, 4630, 4634, 4636, 4656, 4665, 4667, 4681, 4702, 4772, 4781, 4814, 4828, 4875, 4879, 4889, 4906, 4909, 4922, 4982, 4991, 5003, 5006, 5040, 5073, 5139, 5154, 5164, 5173, 5192, 5200, 5230, 5242, 5281, 5283, 5297, 5309, 5316, 5319, 5321, 5325, 5347, 5389, 5415, 5417, 5475, 5477, 5500, 5522, 5579, 5603, 5605, 5638, 5650, 5654, 5659, 5683, 5686, 5695, 5743, 5750, 5764, 5770, 5804, 5851, 5855, 5902, 5957, 5974, 5978, 5997, 6001, 6019, 6021, 6096, 6128, 6148, 6158, 6178, 6182, 6195, 6209, 6246, 6271, 6276, 6282, 6288, 6295, 6303, 6324, 6334, 6339, 6350, 6367, 6412, 6416, 6463, 6533, 6573, 6582, 6619, 6629, 6636, 6640, 6679, 6684, 6692, 6697, 6699, 6743, 6821, 6836, 6853, 6858, 6882, 6897, 6909, 6917, 6934, 6951, 7004, 7019, 7025, 7030, 7045, 7069, 7081, 7149, 7177, 7184, 7217, 7238, 7268, 7270, 7276, 7313, 7326, 7348, 7365, 7376, 7389, 7407, 7416, 7425, 7434, 7445, 7459, 7574, 7586, 7617, 7644, 7649, 7738, 7742, 7755, 7759]","[3525, 3918, 4182, 4517, 4698, 4953, 5631, 5825, 6291]",7768,353,7415,9,344,7415,0
-1.5,RNP9KA,"[22, 30, 32, 34, 36, 38, 40, 42, 44, 46, 48, 50, 52, 54, 56, 58, 60, 62, 64, 66, 68, 70, 72, 74, 78, 112, 157, 172, 176, 180, 196, 207, 219, 232, 234, 236, 248, 262, 320, 324, 330, 332, 338, 372, 378, 400, 424, 437, 483, 502, 571, 632, 690, 710, 715, 723, 727, 736, 814, 820, 823, 836, 875, 879, 905, 910, 914, 924, 937, 941, 947, 976, 978, 987, 1025, 1029, 1031, 1035, 1071, 1080, 1116, 1156, 1227, 1231, 1240, 1244, 1246, 1257, 1468, 1510, 1543, 1566, 1569, 1573, 1575, 1612, 1617, 1643, 1657, 1760, 1771, 1774, 1800, 1814, 1836, 1838, 1870, 1883, 1982, 1987, 2015, 2063, 2083, 2085, 2094, 2111, 2118, 2127, 2154, 2161, 2216, 2220, 2224, 2228, 2243, 2246, 2281, 2300, 2311, 2315, 2335]",[1227],"[22, 30, 32, 34, 36, 38, 40, 42, 44, 46, 48, 50, 52, 54, 56, 58, 60, 62, 64, 66, 68, 70, 72, 74, 78, 112, 157, 172, 176, 180, 196, 207, 219, 232, 234, 236, 248, 262, 320, 324, 330, 332, 338, 372, 378, 400, 424, 437, 483, 502, 571, 632, 690, 710, 715, 723, 727, 736, 814, 820, 823, 836, 875, 879, 905, 910, 914, 924, 937, 941, 947, 976, 978, 987, 1025, 1029, 1031, 1035, 1071, 1080, 1116, 1156, 1231, 1240, 1244, 1246, 1257, 1468, 1510, 1543, 1566, 1569, 1573, 1575, 1612, 1617, 1643, 1657, 1760, 1771, 1774, 1800, 1814, 1836, 1838, 1870, 1883, 1982, 1987, 2015, 2063, 2083, 2085, 2094, 2111, 2118, 2127, 2154, 2161, 2216, 2220, 2224, 2228, 2243, 2246, 2281, 2300, 2311, 2315, 2335]",[1227],2332,131,2201,1,130,2201,0
-1.5,RNPBPG,"[8, 21, 55, 106, 125, 129, 136, 142, 145, 231, 235, 262, 267, 331, 336, 388, 425, 437, 501, 515, 543, 595, 676, 687, 877, 882, 920, 922, 937, 956, 980, 994, 1009, 1079, 1098, 1101, 1117, 1121, 1155, 1177, 1180, 1190, 1200, 1206, 1316, 1318, 1377, 1397, 1407, 1456, 1508, 1510, 1559, 1564, 1637, 1736, 1808, 1813, 1845, 1867, 1877, 1897, 1908, 1953, 2002, 2066, 2078, 2084, 2100, 2136, 2160, 2245, 2250, 2282, 2305, 2385, 2444, 2446, 2522, 2562, 2592, 2604, 2606, 2620, 2629, 2638, 2709, 2773, 2794, 2890, 2900, 2916, 2950, 2993, 2999, 3005, 3049, 3056, 3060, 3093, 3123, 3128, 3153, 3179, 3190, 3202, 3293, 3297, 3363, 3420, 3463, 3483, 3515, 3553, 3573, 3576, 3661, 3756, 3775, 3780, 3786, 3791, 3814, 3817, 3855, 3861, 3910, 3961, 3963, 3972, 3978, 3994, 4009, 4015, 4027, 4056, 4073, 4126, 4159, 4178, 4184, 4218, 4221, 4315, 4349, 4431, 4446, 4450, 4457, 4500, 4531, 4548, 4558, 4560, 4580, 4599, 4605, 4639, 4699, 4772, 4815, 4819, 4927, 4978, 5013, 5088, 5097, 5117, 5122, 5124, 5147, 5155, 5172, 5313, 5318, 5340, 5371, 5404, 5428, 5498, 5500, 5515, 5521, 5547, 5553, 5556, 5718, 5743, 5761, 5833, 5845, 5852, 5880, 5947, 5963, 5978, 6016]","[1117, 2950]","[8, 21, 55, 106, 125, 129, 136, 142, 145, 231, 235, 262, 267, 331, 336, 388, 425, 437, 501, 515, 543, 595, 676, 687, 877, 882, 920, 922, 937, 956, 980, 994, 1009, 1079, 1098, 1101, 1121, 1155, 1177, 1180, 1190, 1200, 1206, 1316, 1318, 1377, 1397, 1407, 1456, 1508, 1510, 1559, 1564, 1637, 1736, 1808, 1813, 1845, 1867, 1877, 1897, 1908, 1953, 2002, 2066, 2078, 2084, 2100, 2136, 2160, 2245, 2250, 2282, 2305, 2385, 2444, 2446, 2522, 2562, 2592, 2604, 2606, 2620, 2629, 2638, 2709, 2773, 2794, 2890, 2900, 2916, 2993, 2999, 3005, 3049, 3056, 3060, 3093, 3123, 3128, 3153, 3179, 3190, 3202, 3293, 3297, 3363, 3420, 3463, 3483, 3515, 3553, 3573, 3576, 3661, 3756, 3775, 3780, 3786, 3791, 3814, 3817, 3855, 3861, 3910, 3961, 3963, 3972, 3978, 3994, 4009, 4015, 4027, 4056, 4073, 4126, 4159, 4178, 4184, 4218, 4221, 4315, 4349, 4431, 4446, 4450, 4457, 4500, 4531, 4548, 4558, 4560, 4580, 4599, 4605, 4639, 4699, 4772, 4815, 4819, 4927, 4978, 5013, 5088, 5097, 5117, 5122, 5124, 5147, 5155, 5172, 5313, 5318, 5340, 5371, 5404, 5428, 5498, 5500, 5515, 5521, 5547, 5553, 5556, 5718, 5743, 5761, 5833, 5845, 5852, 5880, 5947, 5963, 5978, 6016]","[1117, 2950]",6021,197,5824,2,195,5824,0
-1.5,RNPGMUT,"[6, 17, 32, 63, 92, 134, 165, 167, 174, 176, 178, 180, 182, 184, 186, 188, 190, 192, 194, 196, 198, 200, 202, 204, 206, 208, 210, 217, 226, 231, 277, 336, 338, 370, 383, 386, 455, 460, 466, 472, 480, 483, 491, 493, 521, 624, 687, 741, 767, 773, 851, 853, 861, 886, 920, 930, 945, 955, 982, 987, 1046, 1063, 1088, 1100, 1150, 1200, 1206, 1216, 1249, 1256, 1273, 1334, 1352, 1356, 1398, 1412, 1416, 1422, 1425, 1462, 1515, 1596, 1605, 1616, 1618, 1623, 1637, 1653, 1734, 1856, 1872, 1874, 1895, 1912, 1916, 1921, 1925, 1934, 1962, 1984, 2023, 2032, 2062, 2083, 2176, 2198, 2219, 2242, 2248, 2252, 2266, 2287, 2291, 2301, 2334, 2340, 2357, 2366]","[1596, 1872]","[6, 17, 32, 63, 92, 134, 165, 167, 174, 176, 178, 180, 182, 184, 186, 188, 190, 192, 194, 196, 198, 200, 202, 204, 206, 208, 210, 217, 226, 231, 277, 336, 338, 370, 383, 386, 455, 460, 466, 472, 480, 483, 491, 493, 521, 624, 687, 741, 767, 773, 851, 853, 861, 886, 920, 930, 945, 955, 982, 987, 1046, 1063, 1088, 1100, 1150, 1200, 1206, 1216, 1249, 1256, 1273, 1334, 1352, 1356, 1398, 1412, 1416, 1422, 1425, 1462, 1515, 1605, 1616, 1618, 1623, 1637, 1653, 1734, 1856, 1874, 1895, 1912, 1916, 1921, 1925, 1934, 1962, 1984, 2023, 2032, 2062, 2083, 2176, 2198, 2219, 2242, 2248, 2252, 2266, 2287, 2291, 2301, 2334, 2340, 2357, 2366]","[1596, 1872]",2420,118,2302,2,116,2302,0
-1.5,RNPROST22,"[18, 45, 105, 237, 262, 306, 384, 395, 418, 438, 444, 456, 458, 466, 475, 494, 499, 528, 530, 538, 545, 570, 641, 721, 733, 783, 820, 876, 880, 904, 912, 920, 964, 1064, 1074, 1128, 1172, 1179, 1219, 1251, 1262, 1307, 1334, 1395, 1412, 1414, 1416, 1418, 1420, 1422, 1424, 1426, 1428, 1430, 1432, 1434, 1436, 1438, 1440, 1442, 1444, 1446, 1448, 1450, 1452, 1454, 1456, 1458, 1460, 1470, 1472, 1477, 1492, 1496, 1498, 1526, 1575, 1636, 1723, 1730, 1738, 1759, 1787, 1838, 1870, 1941, 2002, 2011, 2025, 2108, 2163, 2193, 2200, 2228, 2298, 2321, 2356, 2364, 2406, 2551, 2556, 2569, 2591, 2596, 2618, 2622, 2630, 2702, 2708, 2746, 2748, 2750, 2766, 2814, 2857, 2863, 2923, 2946, 3018, 3020, 3060, 3110, 3121, 3159, 3246, 3258, 3277, 3294, 3324, 3347, 3376, 3407, 3417, 3421, 3423, 3427, 3469, 3471, 3484, 3502, 3558, 3572, 3585, 3647, 3651, 3658, 3680, 3690, 3699, 3707, 3718, 3728, 3748, 3750, 3767, 3769, 3777, 3800, 3811, 3825, 3829, 3835, 3841, 3845, 3874, 3876, 3916, 3920, 3924, 4011, 4048, 4055, 4081, 4217, 4236, 4241, 4247, 4279, 4351, 4379, 4397, 4432, 4457, 4526, 4539, 4565, 4583, 4601, 4605, 4611, 4631, 4646, 4665, 4688, 4727, 4746, 4754, 4820, 4859, 4868, 4875, 4920, 4928, 4934, 4944, 4952, 4960, 4965, 4968, 5026, 5042, 5064, 5073, 5100, 5131, 5161, 5185, 5196, 5254, 5268, 5274, 5288, 5302, 5333, 5337, 5361, 5395, 5475, 5528, 5531, 5538, 5549, 5618, 5628, 5680, 5765, 5875, 5911, 5940, 5942, 5952, 5980, 5986, 6009, 6029, 6044, 6129, 6133, 6138, 6240, 6243, 6265, 6314, 6333, 6339, 6366, 6383, 6417, 6433, 6520, 6522, 6536, 6641, 6646, 6680, 6790, 6831, 6890, 6930, 6967, 6974, 6978, 7004, 7023, 7027, 7029, 7034, 7041, 7050, 7064, 7069, 7091, 7137, 7169, 7212, 7303, 7312, 7376, 7412, 7414, 7416, 7431, 7441, 7455, 7470, 7600, 7602, 7625, 7646]","[876, 3647, 4526]","[18, 45, 105, 237, 262, 306, 384, 395, 418, 438, 444, 456, 458, 466, 475, 494, 499, 528, 530, 538, 545, 570, 641, 721, 733, 783, 820, 880, 904, 912, 920, 964, 1064, 1074, 1128, 1172, 1179, 1219, 1251, 1262, 1307, 1334, 1395, 1412, 1414, 1416, 1418, 1420, 1422, 1424, 1426, 1428, 1430, 1432, 1434, 1436, 1438, 1440, 1442, 1444, 1446, 1448, 1450, 1452, 1454, 1456, 1458, 1460, 1470, 1472, 1477, 1492, 1496, 1498, 1526, 1575, 1636, 1723, 1730, 1738, 1759, 1787, 1838, 1870, 1941, 2002, 2011, 2025, 2108, 2163, 2193, 2200, 2228, 2298, 2321, 2356, 2364, 2406, 2551, 2556, 2569, 2591, 2596, 2618, 2622, 2630, 2702, 2708, 2746, 2748, 2750, 2766, 2814, 2857, 2863, 2923, 2946, 3018, 3020, 3060, 3110, 3121, 3159, 3246, 3258, 3277, 3294, 3324, 3347, 3376, 3407, 3417, 3421, 3423, 3427, 3469, 3471, 3484, 3502, 3558, 3572, 3585, 3651, 3658, 3680, 3690, 3699, 3707, 3718, 3728, 3748, 3750, 3767, 3769, 3777, 3800, 3811, 3825, 3829, 3835, 3841, 3845, 3874, 3876, 3916, 3920, 3924, 4011, 4048, 4055, 4081, 4217, 4236, 4241, 4247, 4279, 4351, 4379, 4397, 4432, 4457, 4539, 4565, 4583, 4601, 4605, 4611, 4631, 4646, 4665, 4688, 4727, 4746, 4754, 4820, 4859, 4868, 4875, 4920, 4928, 4934, 4944, 4952, 4960, 4965, 4968, 5026, 5042, 5064, 5073, 5100, 5131, 5161, 5185, 5196, 5254, 5268, 5274, 5288, 5302, 5333, 5337, 5361, 5395, 5475, 5528, 5531, 5538, 5549, 5618, 5628, 5680, 5765, 5875, 5911, 5940, 5942, 5952, 5980, 5986, 6009, 6029, 6044, 6129, 6133, 6138, 6240, 6243, 6265, 6314, 6333, 6339, 6366, 6383, 6417, 6433, 6520, 6522, 6536, 6641, 6646, 6680, 6790, 6831, 6890, 6930, 6967, 6974, 6978, 7004, 7023, 7027, 7029, 7034, 7041, 7050, 7064, 7069, 7091, 7137, 7169, 7212, 7303, 7312, 7376, 7412, 7414, 7416, 7431, 7441, 7455, 7470, 7600, 7602, 7625, 7646]","[876, 3647, 4526]",7667,299,7368,3,296,7368,0
-1.5,RNREVSV2A,"[5, 12, 16, 21, 51, 60, 62, 67, 71, 76, 107, 121, 185, 193, 200, 210, 214, 226, 287, 290, 312, 421, 544, 565, 596, 636, 655, 670, 726, 728, 736, 741, 754, 762, 809, 848, 871, 877, 935, 940, 953, 958, 1001, 1030, 1032, 1064, 1069, 1097, 1102, 1177, 1201, 1216, 1222, 1234, 1261, 1269, 1278, 1304, 1308, 1310, 1314, 1332, 1341, 1367, 1393, 1396, 1404, 1417, 1510, 1540, 1546, 1564, 1579, 1627, 1671, 1706, 1728]","[67, 1304]","[5, 12, 16, 21, 51, 60, 62, 71, 76, 107, 121, 185, 193, 200, 210, 214, 226, 287, 290, 312, 421, 544, 565, 596, 636, 655, 670, 726, 728, 736, 741, 754, 762, 809, 848, 871, 877, 935, 940, 953, 958, 1001, 1030, 1032, 1064, 1069, 1097, 1102, 1177, 1201, 1216, 1222, 1234, 1261, 1269, 1278, 1308, 1310, 1314, 1332, 1341, 1367, 1393, 1396, 1404, 1417, 1510, 1540, 1546, 1564, 1579, 1627, 1671, 1706, 1728]","[67, 1304]",1730,77,1653,2,75,1653,0
-1.5,RNSDHG,"[17, 41, 43, 105, 116, 160, 162, 175, 177, 199, 203, 205, 266, 278, 285, 290, 299, 313, 379, 400, 405, 435, 543, 568, 642, 656, 686, 697, 727, 736, 743, 749, 814, 817, 836, 881, 903, 906, 934, 964, 981, 1007, 1011, 1018, 1028, 1030, 1089, 1091, 1093, 1095, 1097, 1099, 1101, 1103, 1105, 1107, 1109, 1111, 1113, 1115, 1117, 1119, 1121, 1134, 1146, 1171, 1184, 1193, 1199, 1202, 1205, 1208, 1211, 1217, 1224, 1239, 1242, 1260, 1263, 1273, 1280, 1286, 1298, 1330, 1376, 1384, 1420, 1426, 1444, 1451, 1533, 1536, 1547, 1567, 1607, 1625, 1635, 1643, 1660, 1775, 1777, 1800, 1833, 1891, 1993, 2021, 2024, 2061, 2122, 2198, 2205, 2256, 2297, 2305, 2315, 2354, 2363, 2369, 2382, 2422, 2464, 2483, 2523, 2533, 2540, 2563, 2601, 2625, 2631, 2697, 2701, 2751, 2753, 2783, 2800, 2805, 2857, 2867, 2871, 2934, 2947, 2949, 2981, 3001, 3035, 3041, 3053, 3104, 3125, 3148, 3161, 3170, 3192, 3290, 3301, 3341, 3370, 3463, 3480, 3498, 3554, 3569, 3585, 3587, 3592, 3644, 3825, 3841, 3850, 3855, 3879, 3919, 3975, 4009, 4046, 4051, 4063, 4077, 4098, 4100, 4102, 4104, 4106, 4108, 4110, 4112, 4114, 4116, 4118, 4120, 4122, 4124, 4126, 4128, 4130, 4132, 4134, 4136, 4138, 4140, 4142, 4144, 4146, 4148, 4179, 4189, 4193, 4237, 4255, 4274, 4339, 4365, 4390, 4413, 4423, 4464, 4511, 4527, 4550, 4563, 4640, 4652, 4695, 4705, 4707, 4747, 4754, 4761, 4771, 4897, 4994, 5022, 5025, 5079, 5093, 5147, 5163, 5288, 5291, 5303, 5306, 5343, 5347, 5444, 5477, 5549, 5552, 5565, 5587, 5590, 5598, 5621, 5667, 5678, 5691, 5695, 5702, 5733, 5735, 5742, 5800, 5819, 5840, 5866, 5871, 5977, 6040, 6043, 6052, 6056, 6069, 6089, 6095, 6213, 6218, 6220, 6253, 6257, 6285, 6290, 6372, 6406, 6412, 6423, 6475, 6479, 6502, 6512, 6567, 6571, 6576, 6584, 6592, 6597, 6614, 6634, 6641, 6646, 6689, 6775, 6820, 6825, 6829, 6836, 6849, 6877, 6892, 6943, 6961, 6984, 7017, 7066, 7081, 7085, 7098, 7104, 7112, 7134, 7162, 7183, 7200, 7370, 7390, 7402, 7456, 7480, 7508, 7563, 7600, 7642, 7683, 7699, 7711, 7731, 7736, 7740, 7749, 7778, 7816, 7820, 7848, 7855, 7895, 7962, 8014, 8073, 8177, 8179, 8181, 8222, 8226, 8232, 8234, 8245, 8307, 8314, 8333, 8355, 8361, 8383, 8400, 8420, 8426, 8445, 8469, 8487, 8545, 8563, 8565, 8574, 8625, 8646, 8663, 8667, 8671, 8680, 8750, 8754, 8757, 8793, 8832, 8853, 8862, 8888, 8918, 8933, 9020, 9037, 9063, 9117, 9128, 9130, 9150, 9152, 9160, 9165, 9167, 9216, 9225, 9227, 9229, 9232, 9302, 9336, 9353, 9362, 9368, 9380, 9427, 9500, 9541, 9546]","[4640, 5691, 6052, 6253, 6984, 8671]","[17, 41, 43, 105, 116, 160, 162, 175, 177, 199, 203, 205, 266, 278, 285, 290, 299, 313, 379, 400, 405, 435, 543, 568, 642, 656, 686, 697, 727, 736, 743, 749, 814, 817, 836, 881, 903, 906, 934, 964, 981, 1007, 1011, 1018, 1028, 1030, 1089, 1091, 1093, 1095, 1097, 1099, 1101, 1103, 1105, 1107, 1109, 1111, 1113, 1115, 1117, 1119, 1121, 1134, 1146, 1171, 1184, 1193, 1199, 1202, 1205, 1208, 1211, 1217, 1224, 1239, 1242, 1260, 1263, 1273, 1280, 1286, 1298, 1330, 1376, 1384, 1420, 1426, 1444, 1451, 1533, 1536, 1547, 1567, 1607, 1625, 1635, 1643, 1660, 1775, 1777, 1800, 1833, 1891, 1993, 2021, 2024, 2061, 2122, 2198, 2205, 2256, 2297, 2305, 2315, 2354, 2363, 2369, 2382, 2422, 2464, 2483, 2523, 2533, 2540, 2563, 2601, 2625, 2631, 2697, 2701, 2751, 2753, 2783, 2800, 2805, 2857, 2867, 2871, 2934, 2947, 2949, 2981, 3001, 3035, 3041, 3053, 3104, 3125, 3148, 3161, 3170, 3192, 3290, 3301, 3341, 3370, 3463, 3480, 3498, 3554, 3569, 3585, 3587, 3592, 3644, 3825, 3841, 3850, 3855, 3879, 3919, 3975, 4009, 4046, 4051, 4063, 4077, 4098, 4100, 4102, 4104, 4106, 4108, 4110, 4112, 4114, 4116, 4118, 4120, 4122, 4124, 4126, 4128, 4130, 4132, 4134, 4136, 4138, 4140, 4142, 4144, 4146, 4148, 4179, 4189, 4193, 4237, 4255, 4274, 4339, 4365, 4390, 4413, 4423, 4464, 4511, 4527, 4550, 4563, 4652, 4695, 4705, 4707, 4747, 4754, 4761, 4771, 4897, 4994, 5022, 5025, 5079, 5093, 5147, 5163, 5288, 5291, 5303, 5306, 5343, 5347, 5444, 5477, 5549, 5552, 5565, 5587, 5590, 5598, 5621, 5667, 5678, 5695, 5702, 5733, 5735, 5742, 5800, 5819, 5840, 5866, 5871, 5977, 6040, 6043, 6056, 6069, 6089, 6095, 6213, 6218, 6220, 6257, 6285, 6290, 6372, 6406, 6412, 6423, 6475, 6479, 6502, 6512, 6567, 6571, 6576, 6584, 6592, 6597, 6614, 6634, 6641, 6646, 6689, 6775, 6820, 6825, 6829, 6836, 6849, 6877, 6892, 6943, 6961, 7017, 7066, 7081, 7085, 7098, 7104, 7112, 7134, 7162, 7183, 7200, 7370, 7390, 7402, 7456, 7480, 7508, 7563, 7600, 7642, 7683, 7699, 7711, 7731, 7736, 7740, 7749, 7778, 7816, 7820, 7848, 7855, 7895, 7962, 8014, 8073, 8177, 8179, 8181, 8222, 8226, 8232, 8234, 8245, 8307, 8314, 8333, 8355, 8361, 8383, 8400, 8420, 8426, 8445, 8469, 8487, 8545, 8563, 8565, 8574, 8625, 8646, 8663, 8667, 8680, 8750, 8754, 8757, 8793, 8832, 8853, 8862, 8888, 8918, 8933, 9020, 9037, 9063, 9117, 9128, 9130, 9150, 9152, 9160, 9165, 9167, 9216, 9225, 9227, 9229, 9232, 9302, 9336, 9353, 9362, 9368, 9380, 9427, 9500, 9541, 9546]","[4640, 5691, 6052, 6253, 6984, 8671]",9570,412,9158,6,406,9158,0
-1.5,RNSVFG,"[21, 30, 51, 54, 67, 93, 143, 146, 182, 190, 197, 213, 274, 330, 349, 403, 438, 454, 469, 500, 504, 515, 531, 558, 572, 636, 646, 670, 709, 875, 926, 946, 1018, 1033, 1060, 1077, 1096, 1105, 1108, 1126, 1182, 1210, 1250, 1267, 1288, 1309, 1317, 1326, 1347, 1632, 1648, 1737, 1764, 1774, 1824, 1847, 1865, 1919, 1933, 1937, 2066, 2079, 2129, 2134]",[500],"[21, 30, 51, 54, 67, 93, 143, 146, 182, 190, 197, 213, 274, 330, 349, 403, 438, 454, 469, 504, 515, 531, 558, 572, 636, 646, 670, 709, 875, 926, 946, 1018, 1033, 1060, 1077, 1096, 1105, 1108, 1126, 1182, 1210, 1250, 1267, 1288, 1309, 1317, 1326, 1347, 1632, 1648, 1737, 1764, 1774, 1824, 1847, 1865, 1919, 1933, 1937, 2066, 2079, 2129, 2134]",[500],1841,64,1777,1,63,1777,0
-1.5,RNTHYCSG,"[68, 81, 118, 128, 160, 170, 172, 208, 211, 214, 266, 269, 272, 275, 278, 313, 318, 322, 326, 346, 355, 379, 559, 578, 600, 603, 634, 658, 679, 693, 728, 761, 785, 813, 881, 886, 902, 929, 942, 959, 1006, 1008, 1019, 1061, 1071, 1099, 1105, 1113, 1120, 1135, 1173, 1202, 1227, 1229, 1237, 1242, 1279, 1316, 1319, 1340, 1342, 1348, 1366, 1429, 1450, 1454, 1481, 1486, 1488, 1491, 1508, 1582, 1589, 1621, 1634, 1730, 1778, 1802, 1809, 1833, 1864, 1866, 1878, 1906, 1962, 1970, 1972, 1976, 1983, 1988, 2005, 2015, 2100, 2107, 2168, 2183, 2196, 2203, 2271, 2277, 2331, 2341, 2372, 2511, 2516, 2518, 2592, 2594, 2662, 2672, 2674, 2700, 2716, 2726, 2734, 2736, 2745, 2763, 2852]","[68, 1071]","[81, 118, 128, 160, 170, 172, 208, 211, 214, 266, 269, 272, 275, 278, 313, 318, 322, 326, 346, 355, 379, 559, 578, 600, 603, 634, 658, 679, 693, 728, 761, 785, 813, 881, 886, 902, 929, 942, 959, 1006, 1008, 1019, 1061, 1099, 1105, 1113, 1120, 1135, 1173, 1202, 1227, 1229, 1237, 1242, 1279, 1316, 1319, 1340, 1342, 1348, 1366, 1429, 1450, 1454, 1481, 1486, 1488, 1491, 1508, 1582, 1589, 1621, 1634, 1730, 1778, 1802, 1809, 1833, 1864, 1866, 1878, 1906, 1962, 1970, 1972, 1976, 1983, 1988, 2005, 2015, 2100, 2107, 2168, 2183, 2196, 2203, 2271, 2277, 2331, 2341, 2372, 2511, 2516, 2518, 2592, 2594, 2662, 2672, 2674, 2700, 2716, 2726, 2734, 2736, 2745, 2763, 2852]","[68, 1071]",2855,119,2736,2,117,2736,0
-1.5,RNU03551,"[46, 50, 52, 64, 75, 85, 89, 160, 169, 219, 296, 387, 437, 454, 578, 584, 591, 602, 620, 661, 670, 688, 690, 709, 715, 721, 766, 799, 805, 832, 842, 892, 931, 948, 1013, 1078, 1194, 1280, 1407, 1411, 1458, 1471, 1482, 1485, 1513, 1532, 1545, 1575, 1598, 1617, 1622, 1634, 1674, 1715, 1756, 1758, 1778, 1781, 1788, 1857, 1863, 1913, 1943, 1969, 1973, 1975, 1982, 2006, 2013, 2052, 2115, 2119, 2161, 2183, 2240, 2263, 2268, 2297, 2305, 2312, 2317, 2319, 2342, 2365, 2373, 2397, 2410, 2418, 2422, 2461, 2495, 2511, 2521, 2527, 2552, 2556, 2583, 2592, 2602, 2614, 2617, 2619, 2635, 2642, 2656, 2658, 2720, 2756, 2839, 2841, 2858, 2914, 2931, 2964, 2966, 3073, 3076, 3079, 3083, 3087, 3154, 3159, 3169, 3176, 3196, 3211, 3217, 3226, 3240, 3246, 3248, 3287, 3289, 3306, 3309, 3329, 3345, 3360, 3364, 3369, 3394, 3434, 3442, 3498, 3506, 3517, 3519, 3526, 3546]","[832, 2418, 3083]","[46, 50, 52, 64, 75, 85, 89, 160, 169, 219, 296, 387, 437, 454, 578, 584, 591, 602, 620, 661, 670, 688, 690, 709, 715, 721, 766, 799, 805, 842, 892, 931, 948, 1013, 1078, 1194, 1280, 1407, 1411, 1458, 1471, 1482, 1485, 1513, 1532, 1545, 1575, 1598, 1617, 1622, 1634, 1674, 1715, 1756, 1758, 1778, 1781, 1788, 1857, 1863, 1913, 1943, 1969, 1973, 1975, 1982, 2006, 2013, 2052, 2115, 2119, 2161, 2183, 2240, 2263, 2268, 2297, 2305, 2312, 2317, 2319, 2342, 2365, 2373, 2397, 2410, 2422, 2461, 2495, 2511, 2521, 2527, 2552, 2556, 2583, 2592, 2602, 2614, 2617, 2619, 2635, 2642, 2656, 2658, 2720, 2756, 2839, 2841, 2858, 2914, 2931, 2964, 2966, 3073, 3076, 3079, 3087, 3154, 3159, 3169, 3176, 3196, 3211, 3217, 3226, 3240, 3246, 3248, 3287, 3289, 3306, 3309, 3329, 3345, 3360, 3364, 3369, 3394, 3434, 3442, 3498, 3506, 3517, 3519, 3526, 3546]","[832, 2418, 3083]",3590,149,3441,3,146,3441,0
-1.5,RNU09193,"[24, 33, 128, 151, 196, 250, 260, 276, 356, 381, 395, 402, 438, 469, 503, 528, 665, 724, 771, 783, 857, 859, 863, 894, 990, 1010, 1048, 1052, 1113, 1125, 1135, 1141, 1148, 1276, 1294, 1305, 1325, 1336, 1363, 1373, 1410, 1449, 1457, 1463, 1534, 1568, 1626, 1637, 1653, 1714, 1727, 1731, 1742, 1759, 1772, 1888, 1910, 1985, 2018, 2020, 2077, 2084, 2094, 2101, 2116, 2133, 2143, 2160, 2163, 2196, 2255, 2281, 2295, 2299, 2310, 2312, 2318, 2332, 2412, 2449, 2453, 2477, 2490, 2497, 2504, 2506, 2630, 2650, 2663, 2687, 2722, 2736, 2749, 2753, 2759, 2763, 2765, 2788, 2794, 2810, 2829, 2896, 2915, 2981, 2985, 2992, 3034, 3037, 3043, 3054, 3056, 3084, 3187, 3199, 3232, 3238, 3264, 3296, 3302, 3326, 3330, 3332, 3336, 3402, 3424, 3432, 3451, 3484, 3505, 3527, 3542, 3571, 3584, 3600, 3612, 3647, 3682, 3692, 3697, 3708, 3757, 3763, 3787, 3866, 3899, 3910, 3956, 3958, 3976, 3993, 4035, 4053, 4132]","[2084, 2749, 3084, 3787]","[24, 33, 128, 151, 196, 250, 260, 276, 356, 381, 395, 402, 438, 469, 503, 528, 665, 724, 771, 783, 857, 859, 863, 894, 990, 1010, 1048, 1052, 1113, 1125, 1135, 1141, 1148, 1276, 1294, 1305, 1325, 1336, 1363, 1373, 1410, 1449, 1457, 1463, 1534, 1568, 1626, 1637, 1653, 1714, 1727, 1731, 1742, 1759, 1772, 1888, 1910, 1985, 2018, 2020, 2077, 2094, 2101, 2116, 2133, 2143, 2160, 2163, 2196, 2255, 2281, 2295, 2299, 2310, 2312, 2318, 2332, 2412, 2449, 2453, 2477, 2490, 2497, 2504, 2506, 2630, 2650, 2663, 2687, 2722, 2736, 2753, 2759, 2763, 2765, 2788, 2794, 2810, 2829, 2896, 2915, 2981, 2985, 2992, 3034, 3037, 3043, 3054, 3056, 3187, 3199, 3232, 3238, 3264, 3296, 3302, 3326, 3330, 3332, 3336, 3402, 3424, 3432, 3451, 3484, 3505, 3527, 3542, 3571, 3584, 3600, 3612, 3647, 3682, 3692, 3697, 3708, 3757, 3763, 3866, 3899, 3910, 3956, 3958, 3976, 3993, 4035, 4053, 4132]","[2084, 2749, 3084, 3787]",4187,153,4034,4,149,4034,0
-1.5,RNU12250,"[117, 128, 146, 220, 227, 243, 245, 252, 260, 293, 297, 325, 330, 345, 380, 424, 464, 473, 487, 559, 625, 641, 656, 659, 671, 716, 753, 794, 826, 858, 868, 888, 914, 952, 967, 983, 1002, 1004, 1012, 1014, 1026, 1043, 1091, 1094, 1130, 1158, 1160, 1181, 1188, 1217, 1284, 1298, 1304, 1314, 1348, 1366, 1458, 1512, 1531, 1547, 1554, 1600, 1602, 1671, 1683, 1697, 1699, 1704, 1708, 1712, 1760, 1769, 1776, 1782, 1785, 1816]","[293, 473]","[117, 128, 146, 220, 227, 243, 245, 252, 260, 297, 325, 330, 345, 380, 424, 464, 487, 559, 625, 641, 656, 659, 671, 716, 753, 794, 826, 858, 868, 888, 914, 952, 967, 983, 1002, 1004, 1012, 1014, 1026, 1043, 1091, 1094, 1130, 1158, 1160, 1181, 1188, 1217, 1284, 1298, 1304, 1314, 1348, 1366, 1458, 1512, 1531, 1547, 1554, 1600, 1602, 1671, 1683, 1697, 1699, 1704, 1708, 1712, 1760, 1769, 1776, 1782, 1785, 1816]","[293, 473]",1863,76,1787,2,74,1787,0
-1.5,RNUCPG,"[15, 18, 46, 57, 77, 82, 112, 116, 125, 133, 137, 155, 173, 213, 224, 239, 246, 255, 353, 370, 380, 436, 447, 458, 498, 536, 578, 582, 586, 595, 682, 783, 798, 848, 914, 931, 952, 966, 984, 1010, 1071, 1135, 1139, 1151, 1157, 1170, 1189, 1205, 1207, 1210, 1217, 1325, 1339, 1379, 1396, 1424, 1431, 1438, 1481, 1509, 1515, 1519, 1663, 1730, 1735, 1758, 1766, 1796, 1811, 1834, 1848, 1850, 1866, 1881, 1897, 1908, 1938, 1961, 1978, 2003, 2015, 2046, 2133, 2264, 2323, 2336, 2356, 2376, 2382, 2398, 2428, 2457, 2477, 2484, 2513, 2523, 2552, 2599, 2614, 2616, 2618, 2637, 2639, 2761, 2793, 2800, 2812, 2814, 2816, 2818, 2820, 2822, 2824, 2826, 2828, 2830, 2832, 2834, 2836, 2838, 2840, 2842, 2844, 2846, 2848, 2850, 2852, 2870, 2883, 2904, 2907, 2913, 2932, 2948, 3014, 3023, 3034, 3094, 3117, 3182, 3201, 3237, 3269, 3281, 3299, 3427, 3460, 3539, 3558, 3598, 3660, 3734, 3749, 3756, 3773, 3801, 3830, 3844, 3865, 3874, 3887, 3926, 3989, 4003, 4076, 4091, 4098, 4105, 4110, 4129, 4163, 4187, 4191, 4208, 4226, 4298, 4310, 4335, 4358, 4370, 4405, 4477, 4484, 4491, 4523, 4569, 4642, 4655, 4673, 4698, 4805, 4818, 4822, 4896, 4965, 4983, 4993, 5001, 5053, 5061, 5126, 5134, 5157, 5164, 5189, 5248, 5278, 5310, 5322, 5344, 5374, 5402, 5408, 5429, 5467, 5476, 5480, 5550, 5557, 5597, 5623, 5659, 5677, 5691, 5709, 5714, 5727, 5744, 5827, 5887, 5923, 5939, 5950, 5957, 5985, 5988, 6007, 6015, 6018, 6042, 6051, 6066, 6121, 6146, 6187, 6192, 6238, 6279, 6322, 6334, 6338, 6370, 6373, 6406, 6417, 6426, 6470, 6478, 6480, 6498, 6502, 6504, 6507, 6509, 6585, 6603, 6612, 6614, 6623, 6625, 6637, 6639, 6660, 6671, 6675, 6711, 6740, 6781, 6788, 6806, 6821, 6878, 6904, 6941, 6983, 6996, 6999, 7007, 7020, 7031, 7180, 7199, 7222, 7245, 7278, 7282, 7287, 7298, 7351, 7357, 7370, 7395, 7468, 7480, 7667, 7692, 7704, 7808, 7813, 7819, 7843, 7846, 7852, 7956, 7964, 7992, 7996, 8013, 8081, 8094, 8105, 8135, 8157, 8180, 8229, 8250, 8272, 8277, 8279, 8281, 8283, 8285, 8287, 8289, 8291, 8293, 8295, 8297, 8299, 8301, 8303, 8305, 8307, 8309, 8311, 8313, 8315, 8317, 8319, 8321, 8404, 8421, 8444, 8446, 8527, 8530, 8575, 8583, 8585, 8607, 8639, 8654, 8679, 8723, 8734, 8738, 8754, 8760, 8810, 8853, 8944, 8946, 8959, 8999, 9023, 9047, 9049, 9063, 9077, 9153, 9161, 9172, 9176, 9188, 9198, 9205, 9209, 9242, 9260, 9288, 9294, 9297, 9332, 9340, 9342, 9352, 9365, 9401, 9418, 9441, 9447, 9449, 9451, 9463, 9565, 9578, 9602, 9658, 9761, 9769, 9800, 9860, 9925, 9978, 9995, 10013, 10019, 10155, 10162, 10165, 10198, 10292, 10296, 10300, 10351, 10411, 10419, 10442, 10511, 10529, 10603, 10607, 10708, 10732, 10734, 10759, 10772, 10782, 10871, 10935, 10984, 11054, 11061, 11072, 11074, 11092, 11152, 11184, 11188, 11204, 11214, 11313, 11389, 11432, 11442, 11464, 11469, 11481, 11490, 11496, 11517, 11538, 11544, 11636, 11648, 11704, 11706, 11722, 11771, 11776, 11778, 11790, 11827, 11835, 11839, 11841, 11887, 12096, 12114, 12124, 12151, 12162, 12170, 12176, 12178, 12188, 12346, 12398, 12460, 12485, 12487]","[4310, 5157, 7964, 8157, 9401]","[15, 18, 46, 57, 77, 82, 112, 116, 125, 133, 137, 155, 173, 213, 224, 239, 246, 255, 353, 370, 380, 436, 447, 458, 498, 536, 578, 582, 586, 595, 682, 783, 798, 848, 914, 931, 952, 966, 984, 1010, 1071, 1135, 1139, 1151, 1157, 1170, 1189, 1205, 1207, 1210, 1217, 1325, 1339, 1379, 1396, 1424, 1431, 1438, 1481, 1509, 1515, 1519, 1663, 1730, 1735, 1758, 1766, 1796, 1811, 1834, 1848, 1850, 1866, 1881, 1897, 1908, 1938, 1961, 1978, 2003, 2015, 2046, 2133, 2264, 2323, 2336, 2356, 2376, 2382, 2398, 2428, 2457, 2477, 2484, 2513, 2523, 2552, 2599, 2614, 2616, 2618, 2637, 2639, 2761, 2793, 2800, 2812, 2814, 2816, 2818, 2820, 2822, 2824, 2826, 2828, 2830, 2832, 2834, 2836, 2838, 2840, 2842, 2844, 2846, 2848, 2850, 2852, 2870, 2883, 2904, 2907, 2913, 2932, 2948, 3014, 3023, 3034, 3094, 3117, 3182, 3201, 3237, 3269, 3281, 3299, 3427, 3460, 3539, 3558, 3598, 3660, 3734, 3749, 3756, 3773, 3801, 3830, 3844, 3865, 3874, 3887, 3926, 3989, 4003, 4076, 4091, 4098, 4105, 4110, 4129, 4163, 4187, 4191, 4208, 4226, 4298, 4335, 4358, 4370, 4405, 4477, 4484, 4491, 4523, 4569, 4642, 4655, 4673, 4698, 4805, 4818, 4822, 4896, 4965, 4983, 4993, 5001, 5053, 5061, 5126, 5134, 5164, 5189, 5248, 5278, 5310, 5322, 5344, 5374, 5402, 5408, 5429, 5467, 5476, 5480, 5550, 5557, 5597, 5623, 5659, 5677, 5691, 5709, 5714, 5727, 5744, 5827, 5887, 5923, 5939, 5950, 5957, 5985, 5988, 6007, 6015, 6018, 6042, 6051, 6066, 6121, 6146, 6187, 6192, 6238, 6279, 6322, 6334, 6338, 6370, 6373, 6406, 6417, 6426, 6470, 6478, 6480, 6498, 6502, 6504, 6507, 6509, 6585, 6603, 6612, 6614, 6623, 6625, 6637, 6639, 6660, 6671, 6675, 6711, 6740, 6781, 6788, 6806, 6821, 6878, 6904, 6941, 6983, 6996, 6999, 7007, 7020, 7031, 7180, 7199, 7222, 7245, 7278, 7282, 7287, 7298, 7351, 7357, 7370, 7395, 7468, 7480, 7667, 7692, 7704, 7808, 7813, 7819, 7843, 7846, 7852, 7956, 7992, 7996, 8013, 8081, 8094, 8105, 8135, 8180, 8229, 8250, 8272, 8277, 8279, 8281, 8283, 8285, 8287, 8289, 8291, 8293, 8295, 8297, 8299, 8301, 8303, 8305, 8307, 8309, 8311, 8313, 8315, 8317, 8319, 8321, 8404, 8421, 8444, 8446, 8527, 8530, 8575, 8583, 8585, 8607, 8639, 8654, 8679, 8723, 8734, 8738, 8754, 8760, 8810, 8853, 8944, 8946, 8959, 8999, 9023, 9047, 9049, 9063, 9077, 9153, 9161, 9172, 9176, 9188, 9198, 9205, 9209, 9242, 9260, 9288, 9294, 9297, 9332, 9340, 9342, 9352, 9365, 9418, 9441, 9447, 9449, 9451, 9463, 9565, 9578, 9602, 9658, 9761, 9769, 9800, 9860, 9925, 9978, 9995, 10013, 10019, 10155, 10162, 10165, 10198, 10292, 10296, 10300, 10351, 10411, 10419, 10442, 10511, 10529, 10603, 10607, 10708, 10732, 10734, 10759, 10772, 10782, 10871, 10935, 10984, 11054, 11061, 11072, 11074, 11092, 11152, 11184, 11188, 11204, 11214, 11313, 11389, 11432, 11442, 11464, 11469, 11481, 11490, 11496, 11517, 11538, 11544, 11636, 11648, 11704, 11706, 11722, 11771, 11776, 11778, 11790, 11827, 11835, 11839, 11841, 11887, 12096, 12114, 12124, 12151, 12162, 12170, 12176, 12178, 12188, 12346, 12398, 12460, 12485, 12487]","[4310, 5157, 7964, 8157, 9401]",12496,491,12005,5,486,12005,0
-1.5,RNVEGP1,"[88, 123, 278, 303, 305, 309, 313, 317, 362, 365, 368, 384, 400, 407, 425, 463, 486, 490, 498, 506, 514, 571, 585, 631, 685, 690, 715, 765, 777, 802, 804, 816, 829, 844, 909, 913, 920, 926, 958, 1021, 1043, 1047, 1061, 1087, 1129, 1138, 1156, 1262, 1286, 1290, 1317, 1320, 1324, 1370, 1400, 1430, 1490, 1518, 1524, 1542, 1551, 1554, 1565, 1569, 1581, 1623, 1629, 1635, 1684, 1697, 1699, 1708, 1711, 1756, 1766, 1768, 1772, 1817, 1834, 1838, 1840, 1842, 1849, 1907, 1935, 1943, 1945, 1963, 1973, 1986, 1994, 1998, 2038, 2063, 2076, 2088, 2108, 2145, 2165, 2198, 2200, 2224, 2248, 2273, 2291, 2305, 2307, 2323, 2337, 2339, 2355, 2369, 2371, 2387, 2402, 2428, 2457, 2459, 2463, 2505, 2508, 2522, 2542, 2562, 2581, 2587, 2593, 2602, 2628, 2657, 2671, 2701, 2720, 2727, 2737, 2750, 2777, 2787, 2801, 2821, 2839, 2915, 2917, 2919, 2932, 3032, 3047, 3090, 3104, 3141, 3204, 3206, 3211, 3247, 3255, 3341, 3400, 3403, 3413, 3454, 3468, 3480, 3555, 3589, 3595, 3597, 3607, 3644, 3653, 3686, 3708, 3727, 3745, 3750, 3769, 3790, 3793, 3796, 3809, 3845, 3852, 3883, 3904, 3906, 3929, 3940, 3964, 4033, 4037, 4052, 4096, 4104, 4113, 4126, 4140, 4144, 4151, 4174, 4178, 4180, 4208, 4216, 4238, 4247, 4306, 4387, 4404, 4446, 4452, 4468, 4479, 4554, 4559, 4608, 4611, 4662, 4710, 4764, 4811, 4844, 4848, 4855, 4859, 4873, 4900, 4915, 4952, 4962, 4996, 5033, 5068, 5130, 5132, 5158, 5160, 5195, 5296, 5307, 5315, 5320, 5360, 5410, 5441, 5607, 5625, 5627, 5630, 5634, 5641, 5670, 5730, 5757, 5770, 5779, 5792, 5828, 5835, 5900, 5914, 5918, 5926, 5934, 5948]","[1262, 1834, 3032, 4037, 4611]","[88, 123, 278, 303, 305, 309, 313, 317, 362, 365, 368, 384, 400, 407, 425, 463, 486, 490, 498, 506, 514, 571, 585, 631, 685, 690, 715, 765, 777, 802, 804, 816, 829, 844, 909, 913, 920, 926, 958, 1021, 1043, 1047, 1061, 1087, 1129, 1138, 1156, 1286, 1290, 1317, 1320, 1324, 1370, 1400, 1430, 1490, 1518, 1524, 1542, 1551, 1554, 1565, 1569, 1581, 1623, 1629, 1635, 1684, 1697, 1699, 1708, 1711, 1756, 1766, 1768, 1772, 1817, 1838, 1840, 1842, 1849, 1907, 1935, 1943, 1945, 1963, 1973, 1986, 1994, 1998, 2038, 2063, 2076, 2088, 2108, 2145, 2165, 2198, 2200, 2224, 2248, 2273, 2291, 2305, 2307, 2323, 2337, 2339, 2355, 2369, 2371, 2387, 2402, 2428, 2457, 2459, 2463, 2505, 2508, 2522, 2542, 2562, 2581, 2587, 2593, 2602, 2628, 2657, 2671, 2701, 2720, 2727, 2737, 2750, 2777, 2787, 2801, 2821, 2839, 2915, 2917, 2919, 2932, 3047, 3090, 3104, 3141, 3204, 3206, 3211, 3247, 3255, 3341, 3400, 3403, 3413, 3454, 3468, 3480, 3555, 3589, 3595, 3597, 3607, 3644, 3653, 3686, 3708, 3727, 3745, 3750, 3769, 3790, 3793, 3796, 3809, 3845, 3852, 3883, 3904, 3906, 3929, 3940, 3964, 4033, 4052, 4096, 4104, 4113, 4126, 4140, 4144, 4151, 4174, 4178, 4180, 4208, 4216, 4238, 4247, 4306, 4387, 4404, 4446, 4452, 4468, 4479, 4554, 4559, 4608, 4662, 4710, 4764, 4811, 4844, 4848, 4855, 4859, 4873, 4900, 4915, 4952, 4962, 4996, 5033, 5068, 5130, 5132, 5158, 5160, 5195, 5296, 5307, 5315, 5320, 5360, 5410, 5441, 5607, 5625, 5627, 5630, 5634, 5641, 5670, 5730, 5757, 5770, 5779, 5792, 5828, 5835, 5900, 5914, 5918, 5926, 5934, 5948]","[1262, 1834, 3032, 4037, 4611]",5948,263,5685,5,258,5685,0
-1.5,RNVEGP2C,"[56, 66, 84, 121, 188, 205, 210, 219, 225, 227, 256, 264, 267, 273, 285, 345, 385, 389, 417, 419, 430, 483, 490, 493, 532, 536, 550, 558, 578, 587, 612, 614, 622, 630, 638, 701, 742, 747, 801, 806, 831, 881, 893, 918, 920, 932, 942, 957, 1024, 1028, 1035, 1041, 1073, 1136, 1159, 1163, 1177, 1203, 1245, 1254, 1272, 1378, 1402, 1406, 1433, 1436, 1440, 1486, 1516, 1546, 1606, 1634, 1640, 1658, 1667, 1670, 1681, 1685, 1697, 1739, 1745, 1751, 1800, 1813, 1815, 1824, 1827, 1872, 1882, 1884, 1888, 1933, 1950, 1954, 1965, 2021, 2048, 2055, 2059, 2076, 2086, 2098, 2105, 2109, 2147, 2151, 2169, 2182, 2194, 2213, 2250, 2270, 2304, 2306, 2330, 2354, 2379, 2397, 2411, 2413, 2429, 2443, 2445, 2461, 2477, 2479, 2495, 2510, 2536, 2569, 2615, 2688, 2694, 2700, 2709, 2730, 2761, 2775, 2807, 2828, 2849, 2875, 2885, 2899, 2919, 2937, 3013, 3015, 3017, 3030, 3069, 3128, 3136, 3143, 3187, 3200, 3302, 3307, 3344, 3355, 3415, 3452, 3511, 3514, 3524, 3564, 3578, 3590, 3665, 3699, 3705, 3716, 3753, 3762, 3795, 3817, 3836, 3854, 3859, 3878, 3899, 3902, 3905, 3918, 3953, 3961, 3992, 4013, 4015, 4038, 4049, 4073, 4142, 4146, 4161, 4170, 4204, 4206, 4212, 4221, 4234, 4254, 4256, 4283, 4287, 4289, 4305, 4345, 4347, 4356, 4397, 4416, 4432, 4446, 4452, 4490, 4498, 4523, 4558, 4591, 4671, 4720, 4723, 4727, 4774, 4822, 4856, 4927, 4960, 4964, 4971, 4975, 4999, 5016, 5031, 5068, 5078, 5114, 5127, 5140, 5187, 5222, 5260, 5303, 5328, 5330, 5465, 5476, 5484, 5489, 5529, 5566, 5579, 5610, 5613]","[1378, 1950, 3128, 4146, 4723]","[56, 66, 84, 121, 188, 205, 210, 219, 225, 227, 256, 264, 267, 273, 285, 345, 385, 389, 417, 419, 430, 483, 490, 493, 532, 536, 550, 558, 578, 587, 612, 614, 622, 630, 638, 701, 742, 747, 801, 806, 831, 881, 893, 918, 920, 932, 942, 957, 1024, 1028, 1035, 1041, 1073, 1136, 1159, 1163, 1177, 1203, 1245, 1254, 1272, 1402, 1406, 1433, 1436, 1440, 1486, 1516, 1546, 1606, 1634, 1640, 1658, 1667, 1670, 1681, 1685, 1697, 1739, 1745, 1751, 1800, 1813, 1815, 1824, 1827, 1872, 1882, 1884, 1888, 1933, 1954, 1965, 2021, 2048, 2055, 2059, 2076, 2086, 2098, 2105, 2109, 2147, 2151, 2169, 2182, 2194, 2213, 2250, 2270, 2304, 2306, 2330, 2354, 2379, 2397, 2411, 2413, 2429, 2443, 2445, 2461, 2477, 2479, 2495, 2510, 2536, 2569, 2615, 2688, 2694, 2700, 2709, 2730, 2761, 2775, 2807, 2828, 2849, 2875, 2885, 2899, 2919, 2937, 3013, 3015, 3017, 3030, 3069, 3136, 3143, 3187, 3200, 3302, 3307, 3344, 3355, 3415, 3452, 3511, 3514, 3524, 3564, 3578, 3590, 3665, 3699, 3705, 3716, 3753, 3762, 3795, 3817, 3836, 3854, 3859, 3878, 3899, 3902, 3905, 3918, 3953, 3961, 3992, 4013, 4015, 4038, 4049, 4073, 4142, 4161, 4170, 4204, 4206, 4212, 4221, 4234, 4254, 4256, 4283, 4287, 4289, 4305, 4345, 4347, 4356, 4397, 4416, 4432, 4446, 4452, 4490, 4498, 4523, 4558, 4591, 4671, 4720, 4727, 4774, 4822, 4856, 4927, 4960, 4964, 4971, 4975, 4999, 5016, 5031, 5068, 5078, 5114, 5127, 5140, 5187, 5222, 5260, 5303, 5328, 5330, 5465, 5476, 5484, 5489, 5529, 5566, 5579, 5610, 5613]","[1378, 1950, 3128, 4146, 4723]",5742,255,5487,5,250,5487,0
-1.5,RRU04320,"[45, 54, 161, 209, 214, 240, 260, 267, 275, 281, 315, 323, 342, 361, 386, 396, 466, 496, 509, 516, 518, 539, 558, 573, 578, 684, 693, 700, 706, 838, 848, 877, 938, 976, 989, 993, 1030, 1037, 1077, 1082, 1092, 1105, 1126, 1132, 1189, 1201, 1211, 1219, 1225, 1227, 1235, 1266, 1282, 1284, 1341, 1347, 1377, 1386, 1406, 1425, 1439, 1441, 1480, 1495, 1524, 1538, 1559, 1589, 1608, 1706, 1742, 1748, 1774, 1780, 1806, 1809, 2004, 2008, 2012, 2022, 2039, 2052, 2059, 2085, 2107, 2111, 2118, 2164, 2243, 2394, 2400, 2500, 2513, 2531, 2543, 2592, 2596, 2598, 2606, 2621, 2638, 2682, 2689, 2768, 2931, 2950, 3019, 3041, 3059, 3078, 3080, 3099, 3139, 3143, 3219, 3257, 3291, 3301, 3306, 3332, 3343, 3354, 3371, 3412, 3439, 3524, 3540, 3547, 3559, 3589, 3595, 3607, 3616, 3643, 3645, 3647, 3669, 3682, 3793, 3811, 3826, 3879, 3884, 4014, 4023, 4057, 4059, 4064, 4090, 4120, 4181, 4216, 4238, 4242, 4244, 4257, 4275, 4343, 4398, 4401, 4428, 4435, 4440, 4492, 4512, 4519, 4546, 4648, 4678, 4695, 4729, 4731, 4746, 4794, 4799, 4802, 4805, 4841, 4855, 4960, 4990, 5004, 5109, 5126, 5129, 5136, 5156, 5163, 5168, 5232, 5252, 5257, 5297, 5366, 5370, 5447, 5449, 5456, 5557, 5568, 5571, 5574, 5662, 5681, 5732, 5787, 5804, 5824, 5889, 5896, 5991, 5993, 6042, 6067, 6072, 6078, 6098, 6103, 6136, 6165, 6171, 6191, 6213, 6229, 6273, 6313, 6322, 6336, 6361, 6372, 6376, 6379, 6419, 6483, 6549, 6607, 6624, 6667, 6691, 6718, 6745, 6782, 6794, 6799]","[2500, 3643]","[45, 54, 161, 209, 214, 240, 260, 267, 275, 281, 315, 323, 342, 361, 386, 396, 466, 496, 509, 516, 518, 539, 558, 573, 578, 684, 693, 700, 706, 838, 848, 877, 938, 976, 989, 993, 1030, 1037, 1077, 1082, 1092, 1105, 1126, 1132, 1189, 1201, 1211, 1219, 1225, 1227, 1235, 1266, 1282, 1284, 1341, 1347, 1377, 1386, 1406, 1425, 1439, 1441, 1480, 1495, 1524, 1538, 1559, 1589, 1608, 1706, 1742, 1748, 1774, 1780, 1806, 1809, 2004, 2008, 2012, 2022, 2039, 2052, 2059, 2085, 2107, 2111, 2118, 2164, 2243, 2394, 2400, 2513, 2531, 2543, 2592, 2596, 2598, 2606, 2621, 2638, 2682, 2689, 2768, 2931, 2950, 3019, 3041, 3059, 3078, 3080, 3099, 3139, 3143, 3219, 3257, 3291, 3301, 3306, 3332, 3343, 3354, 3371, 3412, 3439, 3524, 3540, 3547, 3559, 3589, 3595, 3607, 3616, 3645, 3647, 3669, 3682, 3793, 3811, 3826, 3879, 3884, 4014, 4023, 4057, 4059, 4064, 4090, 4120, 4181, 4216, 4238, 4242, 4244, 4257, 4275, 4343, 4398, 4401, 4428, 4435, 4440, 4492, 4512, 4519, 4546, 4648, 4678, 4695, 4729, 4731, 4746, 4794, 4799, 4802, 4805, 4841, 4855, 4960, 4990, 5004, 5109, 5126, 5129, 5136, 5156, 5163, 5168, 5232, 5252, 5257, 5297, 5366, 5370, 5447, 5449, 5456, 5557, 5568, 5571, 5574, 5662, 5681, 5732, 5787, 5804, 5824, 5889, 5896, 5991, 5993, 6042, 6067, 6072, 6078, 6098, 6103, 6136, 6165, 6171, 6191, 6213, 6229, 6273, 6313, 6322, 6336, 6361, 6372, 6376, 6379, 6419, 6483, 6549, 6607, 6624, 6667, 6691, 6718, 6745, 6782, 6794, 6799]","[2500, 3643]",6798,244,6554,2,242,6554,0
-1.5,S46763,"[12, 105, 123, 165, 177, 186, 191, 208, 237, 252, 265, 278, 330, 336, 340, 380, 407, 479, 507, 512, 535, 625, 633, 657, 688, 695, 699, 720, 728, 762, 769, 777, 788, 817, 846, 968, 972, 1006, 1010, 1017, 1081, 1093, 1096, 1110, 1130, 1143, 1146, 1185, 1189, 1191, 1219, 1235, 1252, 1258, 1296, 1300, 1313, 1327, 1404, 1406, 1419, 1436, 1459, 1461, 1467, 1471, 1486, 1534, 1539, 1550, 1581, 1594, 1632, 1660, 1665, 1690, 1708, 1715, 1736, 1768, 1771, 1787, 1795, 1798, 1805, 1808, 1846, 1853, 1858, 1914, 1949, 1977, 1994, 2000, 2056, 2111, 2115, 2162, 2170, 2178, 2201, 2252, 2268, 2309, 2343, 2351, 2451, 2468, 2472, 2485, 2487, 2491, 2527, 2561, 2584, 2608, 2614, 2649, 2668, 2694, 2720, 2722, 2751, 2772, 2775, 2850, 2906, 2913, 2919, 2928, 2946, 2988, 3036, 3053, 3091, 3102, 3164, 3177, 3199, 3209, 3213, 3230, 3240, 3245, 3278, 3289, 3341, 3378, 3461, 3471, 3527, 3563, 3567, 3571, 3577, 3598, 3661, 3684, 3686, 3715, 3766, 3820, 3844, 3865, 3868, 3907, 3918, 3954, 4052, 4074, 4090, 4093, 4099, 4112, 4122, 4127, 4155, 4168, 4180, 4182, 4256, 4287, 4331, 4346, 4355, 4358, 4378, 4381, 4424, 4479, 4507, 4528, 4546, 4551, 4612, 4624, 4698, 4716, 4725, 4728, 4731, 4745, 4757, 4782, 4801, 4815, 4883, 4903, 4906, 4915, 4963, 5000, 5042, 5047, 5060, 5064, 5069, 5091, 5102, 5138, 5145, 5203, 5237, 5279, 5304, 5311, 5417, 5419, 5425, 5428, 5469, 5473, 5517, 5553, 5581, 5611, 5628, 5654, 5656, 5658, 5660, 5677, 5679, 5709, 5736, 5775, 5789, 5791, 5801, 5803, 5833, 5844, 5851, 5860, 5869, 5926, 5928, 5941, 5956, 5998, 6025, 6051, 6054, 6085, 6097, 6130, 6152, 6161, 6220, 6320, 6356, 6406, 6463, 6471, 6483, 6590, 6595, 6614, 6624, 6633, 6700, 6751, 6775, 6791, 6800, 6817, 6828, 6861, 6880, 6925, 6933, 6942, 6948, 6993, 7026, 7068, 7078, 7095, 7101, 7113, 7119, 7129, 7188, 7213, 7260, 7268, 7287, 7290, 7306, 7334, 7341, 7349, 7373, 7378, 7414, 7418, 7422, 7434, 7469, 7486, 7500, 7507, 7525, 7554, 7597, 7599, 7631, 7679, 7686, 7741, 7757, 7759, 7804, 7818, 7830, 7873, 7875, 7911, 7913, 7916, 7943, 7953, 7959, 7964, 8012, 8037, 8042, 8044, 8056, 8070, 8082, 8117, 8159, 8178, 8199, 8229, 8237, 8265, 8278, 8291, 8294, 8298, 8337, 8344, 8358, 8380, 8460, 8491, 8526, 8562, 8599, 8621, 8627, 8639, 8683, 8694, 8711, 8725, 8741, 8774, 8831, 8865, 8912, 8936, 8950, 9036, 9102, 9104, 9109, 9119, 9129, 9144, 9166, 9179, 9192, 9241, 9244, 9250, 9327, 9348, 9350, 9360, 9452, 9463, 9536, 9563, 9577, 9585, 9587, 9602, 9616, 9677, 9694, 9731, 9759, 9786, 9793, 9829, 9859, 9863, 9877, 9943, 10017]","[1235, 2487, 2775, 4052, 4528, 5060, 5469, 6880, 7334, 8012, 8294]","[12, 105, 123, 165, 177, 186, 191, 208, 237, 252, 265, 278, 330, 336, 340, 380, 407, 479, 507, 512, 535, 625, 633, 657, 688, 695, 699, 720, 728, 762, 769, 777, 788, 817, 846, 968, 972, 1006, 1010, 1017, 1081, 1093, 1096, 1110, 1130, 1143, 1146, 1185, 1189, 1191, 1219, 1252, 1258, 1296, 1300, 1313, 1327, 1404, 1406, 1419, 1436, 1459, 1461, 1467, 1471, 1486, 1534, 1539, 1550, 1581, 1594, 1632, 1660, 1665, 1690, 1708, 1715, 1736, 1768, 1771, 1787, 1795, 1798, 1805, 1808, 1846, 1853, 1858, 1914, 1949, 1977, 1994, 2000, 2056, 2111, 2115, 2162, 2170, 2178, 2201, 2252, 2268, 2309, 2343, 2351, 2451, 2468, 2472, 2485, 2491, 2527, 2561, 2584, 2608, 2614, 2649, 2668, 2694, 2720, 2722, 2751, 2772, 2850, 2906, 2913, 2919, 2928, 2946, 2988, 3036, 3053, 3091, 3102, 3164, 3177, 3199, 3209, 3213, 3230, 3240, 3245, 3278, 3289, 3341, 3378, 3461, 3471, 3527, 3563, 3567, 3571, 3577, 3598, 3661, 3684, 3686, 3715, 3766, 3820, 3844, 3865, 3868, 3907, 3918, 3954, 4074, 4090, 4093, 4099, 4112, 4122, 4127, 4155, 4168, 4180, 4182, 4256, 4287, 4331, 4346, 4355, 4358, 4378, 4381, 4424, 4479, 4507, 4546, 4551, 4612, 4624, 4698, 4716, 4725, 4728, 4731, 4745, 4757, 4782, 4801, 4815, 4883, 4903, 4906, 4915, 4963, 5000, 5042, 5047, 5064, 5069, 5091, 5102, 5138, 5145, 5203, 5237, 5279, 5304, 5311, 5417, 5419, 5425, 5428, 5473, 5517, 5553, 5581, 5611, 5628, 5654, 5656, 5658, 5660, 5677, 5679, 5709, 5736, 5775, 5789, 5791, 5801, 5803, 5833, 5844, 5851, 5860, 5869, 5926, 5928, 5941, 5956, 5998, 6025, 6051, 6054, 6085, 6097, 6130, 6152, 6161, 6220, 6320, 6356, 6406, 6463, 6471, 6483, 6590, 6595, 6614, 6624, 6633, 6700, 6751, 6775, 6791, 6800, 6817, 6828, 6861, 6925, 6933, 6942, 6948, 6993, 7026, 7068, 7078, 7095, 7101, 7113, 7119, 7129, 7188, 7213, 7260, 7268, 7287, 7290, 7306, 7341, 7349, 7373, 7378, 7414, 7418, 7422, 7434, 7469, 7486, 7500, 7507, 7525, 7554, 7597, 7599, 7631, 7679, 7686, 7741, 7757, 7759, 7804, 7818, 7830, 7873, 7875, 7911, 7913, 7916, 7943, 7953, 7959, 7964, 8037, 8042, 8044, 8056, 8070, 8082, 8117, 8159, 8178, 8199, 8229, 8237, 8265, 8278, 8291, 8298, 8337, 8344, 8358, 8380, 8460, 8491, 8526, 8562, 8599, 8621, 8627, 8639, 8683, 8694, 8711, 8725, 8741, 8774, 8831, 8865, 8912, 8936, 8950, 9036, 9102, 9104, 9109, 9119, 9129, 9144, 9166, 9179, 9192, 9241, 9244, 9250, 9327, 9348, 9350, 9360, 9452, 9463, 9536, 9563, 9577, 9585, 9587, 9602, 9616, 9677, 9694, 9731, 9759, 9786, 9793, 9829, 9859, 9863, 9877, 9943, 10017]","[1235, 2487, 2775, 4052, 4528, 5060, 5469, 6880, 7334, 8012, 8294]",10035,423,9612,11,412,9612,0
-1.5,S49651,"[67, 84, 111, 140, 185, 201, 229, 246, 259, 285, 322, 471, 486, 577, 605, 670, 718, 720, 722, 724, 726, 728, 730, 732, 734, 736, 738, 740, 750, 752, 799, 823, 825, 837, 861, 891, 912, 966, 985, 1027, 1117, 1152, 1154, 1173, 1185, 1189, 1193, 1198, 1229, 1390, 1432, 1450, 1481, 1628, 1652, 1661, 1663, 1692, 1744, 1765, 1794, 1807, 1828, 1838, 1863, 1897, 1915, 1917, 1935, 1941, 1971, 2037, 2095, 2100, 2103, 2224, 2243, 2254, 2264, 2367, 2378, 2476, 2522, 2528, 2533, 2615, 2672, 2677, 2679, 2681, 2684, 2692, 2719, 2786, 2790, 2802, 2804, 2806, 2810, 2819, 2830, 2913, 2918, 2922, 2955, 3026, 3052, 3097, 3174, 3187, 3197, 3249, 3251, 3255, 3259, 3273, 3299, 3322, 3371, 3440, 3457, 3459, 3515, 3554, 3566, 3571, 3617, 3623, 3680, 3702, 3712, 3781, 3786, 3810, 3845, 3856, 3867, 3931, 3956, 3998, 4011, 4033, 4091, 4102, 4122, 4132, 4137, 4141, 4165, 4197, 4212, 4242, 4246, 4331, 4366, 4439, 4449, 4453, 4470, 4494, 4518, 4577, 4620, 4624, 4628, 4672, 4681, 4705, 4747, 4802, 4837, 4849, 4864, 4957, 4968, 4992, 4994, 4996, 5004, 5039, 5052, 5077, 5170, 5203, 5230, 5264, 5275, 5310, 5326, 5347, 5350, 5384, 5441]","[1652, 2786, 3255, 4137]","[67, 84, 111, 140, 185, 201, 229, 246, 259, 285, 322, 471, 486, 577, 605, 670, 718, 720, 722, 724, 726, 728, 730, 732, 734, 736, 738, 740, 750, 752, 799, 823, 825, 837, 861, 891, 912, 966, 985, 1027, 1117, 1152, 1154, 1173, 1185, 1189, 1193, 1198, 1229, 1390, 1432, 1450, 1481, 1628, 1661, 1663, 1692, 1744, 1765, 1794, 1807, 1828, 1838, 1863, 1897, 1915, 1917, 1935, 1941, 1971, 2037, 2095, 2100, 2103, 2224, 2243, 2254, 2264, 2367, 2378, 2476, 2522, 2528, 2533, 2615, 2672, 2677, 2679, 2681, 2684, 2692, 2719, 2790, 2802, 2804, 2806, 2810, 2819, 2830, 2913, 2918, 2922, 2955, 3026, 3052, 3097, 3174, 3187, 3197, 3249, 3251, 3259, 3273, 3299, 3322, 3371, 3440, 3457, 3459, 3515, 3554, 3566, 3571, 3617, 3623, 3680, 3702, 3712, 3781, 3786, 3810, 3845, 3856, 3867, 3931, 3956, 3998, 4011, 4033, 4091, 4102, 4122, 4132, 4141, 4165, 4197, 4212, 4242, 4246, 4331, 4366, 4439, 4449, 4453, 4470, 4494, 4518, 4577, 4620, 4624, 4628, 4672, 4681, 4705, 4747, 4802, 4837, 4849, 4864, 4957, 4968, 4992, 4994, 4996, 5004, 5039, 5052, 5077, 5170, 5203, 5230, 5264, 5275, 5310, 5326, 5347, 5350, 5384, 5441]","[1652, 2786, 3255, 4137]",5440,193,5247,4,189,5247,0
-1.5,S57980,"[17, 44, 104, 236, 261, 305, 383, 394, 417, 437, 443, 455, 457, 465, 474, 493, 498, 527, 529, 537, 544, 569, 640, 720, 732, 782, 819, 875, 879, 903, 911, 919, 963, 1063, 1073, 1127, 1171, 1178, 1218, 1250, 1261, 1306, 1333, 1394, 1411, 1413, 1415, 1417, 1419, 1421, 1423, 1425, 1427, 1429, 1431, 1433, 1435, 1437, 1439, 1441, 1443, 1445, 1447, 1449, 1451, 1453, 1455, 1457, 1459, 1469, 1471, 1476, 1491, 1495, 1497, 1525, 1574, 1635, 1722, 1729, 1737, 1758, 1786, 1837, 1869, 1940, 2001, 2010, 2024, 2106, 2161, 2191, 2198, 2226, 2296, 2319, 2354, 2362, 2404, 2549, 2554, 2567, 2589, 2594, 2616, 2620, 2628, 2700, 2706, 2744, 2746, 2748, 2764, 2812, 2855, 2861, 2921, 2944, 3016, 3018, 3058, 3108, 3119, 3157, 3244, 3256, 3275, 3292, 3322, 3345, 3374, 3405, 3415, 3419, 3421, 3425, 3467, 3469, 3482, 3500, 3556, 3570, 3583, 3645, 3649, 3656, 3678, 3688, 3697, 3705, 3716, 3726, 3746, 3748, 3765, 3767, 3775, 3798, 3809, 3823, 3827, 3833, 3839, 3843, 3872, 3874, 3914, 3918, 3922, 4009, 4046, 4053, 4079, 4215, 4234, 4239, 4245, 4277, 4349, 4377, 4395, 4430, 4455, 4524, 4537, 4563, 4581, 4599, 4603, 4609, 4629, 4644, 4663, 4686, 4725, 4744, 4752, 4818, 4857, 4866, 4873, 4918, 4926, 4932, 4942, 4950, 4958, 4963, 4966, 5024, 5040, 5062, 5071, 5098, 5129, 5159, 5183, 5194, 5252, 5266, 5272, 5286, 5300, 5331, 5335, 5359, 5393, 5473, 5526, 5529, 5536, 5547, 5616, 5626, 5678, 5763, 5873, 5909, 5938, 5940, 5950, 5978, 5984, 6007, 6027, 6042, 6127, 6131, 6136, 6238, 6241, 6263, 6312, 6331, 6337, 6364, 6381, 6415, 6431, 6518, 6520, 6534, 6639, 6644, 6678, 6788, 6829, 6888, 6928, 6965, 6972, 6976, 7002, 7021, 7025, 7027, 7032, 7039, 7048, 7062, 7067, 7089, 7135, 7167, 7210, 7301, 7310, 7374, 7410, 7412, 7414, 7429, 7439, 7453, 7468, 7598, 7600, 7623, 7644]","[875, 3645, 4524]","[17, 44, 104, 236, 261, 305, 383, 394, 417, 437, 443, 455, 457, 465, 474, 493, 498, 527, 529, 537, 544, 569, 640, 720, 732, 782, 819, 879, 903, 911, 919, 963, 1063, 1073, 1127, 1171, 1178, 1218, 1250, 1261, 1306, 1333, 1394, 1411, 1413, 1415, 1417, 1419, 1421, 1423, 1425, 1427, 1429, 1431, 1433, 1435, 1437, 1439, 1441, 1443, 1445, 1447, 1449, 1451, 1453, 1455, 1457, 1459, 1469, 1471, 1476, 1491, 1495, 1497, 1525, 1574, 1635, 1722, 1729, 1737, 1758, 1786, 1837, 1869, 1940, 2001, 2010, 2024, 2106, 2161, 2191, 2198, 2226, 2296, 2319, 2354, 2362, 2404, 2549, 2554, 2567, 2589, 2594, 2616, 2620, 2628, 2700, 2706, 2744, 2746, 2748, 2764, 2812, 2855, 2861, 2921, 2944, 3016, 3018, 3058, 3108, 3119, 3157, 3244, 3256, 3275, 3292, 3322, 3345, 3374, 3405, 3415, 3419, 3421, 3425, 3467, 3469, 3482, 3500, 3556, 3570, 3583, 3649, 3656, 3678, 3688, 3697, 3705, 3716, 3726, 3746, 3748, 3765, 3767, 3775, 3798, 3809, 3823, 3827, 3833, 3839, 3843, 3872, 3874, 3914, 3918, 3922, 4009, 4046, 4053, 4079, 4215, 4234, 4239, 4245, 4277, 4349, 4377, 4395, 4430, 4455, 4537, 4563, 4581, 4599, 4603, 4609, 4629, 4644, 4663, 4686, 4725, 4744, 4752, 4818, 4857, 4866, 4873, 4918, 4926, 4932, 4942, 4950, 4958, 4963, 4966, 5024, 5040, 5062, 5071, 5098, 5129, 5159, 5183, 5194, 5252, 5266, 5272, 5286, 5300, 5331, 5335, 5359, 5393, 5473, 5526, 5529, 5536, 5547, 5616, 5626, 5678, 5763, 5873, 5909, 5938, 5940, 5950, 5978, 5984, 6007, 6027, 6042, 6127, 6131, 6136, 6238, 6241, 6263, 6312, 6331, 6337, 6364, 6381, 6415, 6431, 6518, 6520, 6534, 6639, 6644, 6678, 6788, 6829, 6888, 6928, 6965, 6972, 6976, 7002, 7021, 7025, 7027, 7032, 7039, 7048, 7062, 7067, 7089, 7135, 7167, 7210, 7301, 7310, 7374, 7410, 7412, 7414, 7429, 7439, 7453, 7468, 7598, 7600, 7623, 7644]","[875, 3645, 4524]",7665,299,7366,3,296,7366,0
-1.5,S62287,"[6, 10, 19, 119, 144, 185, 190, 194, 198, 230, 239, 353, 492, 546, 550, 555, 560, 562, 570, 677, 697, 705, 707, 731, 737, 750, 761, 841, 924, 982, 1020, 1024, 1256, 1266, 1383, 1420, 1465, 1476, 1493, 1497, 1499, 1541, 1582, 1673, 1679, 1740, 1803, 1880, 1910, 1924, 1965, 1970, 2090, 2126, 2133, 2231, 2311, 2314, 2330, 2423, 2470, 2472, 2478, 2483, 2489, 2535, 2539, 2619, 2623, 2635, 2671, 2679, 2688, 2754, 2804, 2808, 2812, 2836, 2839, 2876, 2909, 2921, 2939, 2945, 2966, 2974, 2998, 3003, 3059, 3077, 3085, 3101, 3108, 3117, 3127, 3142, 3167, 3189, 3201, 3206, 3229, 3307, 3356, 3398, 3411, 3422]",[1266],"[6, 10, 19, 119, 144, 185, 190, 194, 198, 230, 239, 353, 492, 546, 550, 555, 560, 562, 570, 677, 697, 705, 707, 731, 737, 750, 761, 841, 924, 982, 1020, 1024, 1256, 1383, 1420, 1465, 1476, 1493, 1497, 1499, 1541, 1582, 1673, 1679, 1740, 1803, 1880, 1910, 1924, 1965, 1970, 2090, 2126, 2133, 2231, 2311, 2314, 2330, 2423, 2470, 2472, 2478, 2483, 2489, 2535, 2539, 2619, 2623, 2635, 2671, 2679, 2688, 2754, 2804, 2808, 2812, 2836, 2839, 2876, 2909, 2921, 2939, 2945, 2966, 2974, 2998, 3003, 3059, 3077, 3085, 3101, 3108, 3117, 3127, 3142, 3167, 3189, 3201, 3206, 3229, 3307, 3356, 3398, 3411, 3422]",[1266],3425,106,3319,1,105,3319,0
-1.5,S63697,"[9, 92, 142, 159, 280, 292, 349, 376, 389, 435, 473, 504, 517, 527, 534, 571, 664, 714, 829, 833, 894, 959, 1050, 1052, 1099, 1109, 1136, 1144, 1155, 1240, 1251, 1268, 1281, 1287, 1312, 1325]","[280, 829]","[9, 92, 142, 159, 292, 349, 376, 389, 435, 473, 504, 517, 527, 534, 571, 664, 714, 833, 894, 959, 1050, 1052, 1099, 1109, 1136, 1144, 1155, 1240, 1251, 1268, 1281, 1287, 1312, 1325]","[280, 829]",1331,36,1295,2,34,1295,0
-1.5,S66606,"[7, 27, 146, 152, 159, 211, 216, 234, 238, 248, 299, 315, 321, 325, 336, 340, 357, 379, 385, 418, 420, 424, 426, 428, 430, 441, 469, 494, 621, 629, 679, 686, 716, 721, 745, 759, 859, 865, 869, 894, 900, 902, 949, 958, 971, 979, 987, 1049, 1073, 1076, 1080, 1083, 1085, 1090, 1131, 1145, 1185, 1200, 1202, 1218, 1224, 1226, 1251, 1288, 1292, 1322, 1397, 1402, 1407, 1484, 1486, 1507, 1539, 1562, 1615, 1639, 1649, 1652, 1678, 1682, 1685, 1727, 1737, 1740, 1766, 1773, 1798, 1837, 1846, 1859, 1864, 1866, 1875, 1892, 1908, 1913, 1923, 1929, 2007, 2048, 2075, 2094, 2099, 2113, 2249, 2259, 2300, 2332, 2337, 2485, 2506, 2518, 2520, 2529, 2533, 2535, 2537, 2614, 2632, 2706, 2710, 2738, 2752, 2760, 2771, 2782, 2785, 2815, 2838, 2853, 2902, 2924, 2948, 2992, 3054, 3147, 3152, 3365, 3374, 3479, 3487, 3522, 3557, 3576, 3584, 3611, 3613, 3617, 3621, 3625, 3627, 3631, 3637, 3643, 3647, 3656, 3660, 3664, 3675, 3679, 3708, 3717, 3723, 3762, 3818, 3893, 3899, 3903, 3913, 3982, 4067, 4156, 4182, 4197, 4200, 4214, 4218, 4244, 4335, 4343, 4353, 4518, 4530, 4589, 4598, 4602, 4622, 4624, 4626, 4628, 4640, 4658, 4664, 4697, 4706, 4785, 4811, 4912, 4952, 4965, 5023, 5029, 5065, 5075, 5115, 5176, 5178, 5197, 5219, 5224, 5321, 5331, 5343, 5409, 5430, 5500, 5517, 5566, 5586, 5603, 5635, 5644, 5683, 5694, 5701, 5703, 5707, 5713, 5754, 5768, 5780, 5825, 5868, 5890, 5896, 5898, 5911, 5933, 5936, 5951, 5958, 5964, 5967, 5987, 5996, 6048, 6071, 6086, 6095, 6103, 6116, 6125, 6159, 6167, 6171, 6175, 6181, 6183, 6188, 6222, 6235, 6255, 6296, 6301, 6312, 6347, 6356, 6358, 6360]","[2506, 2706, 3899, 4598]","[7, 27, 146, 152, 159, 211, 216, 234, 238, 248, 299, 315, 321, 325, 336, 340, 357, 379, 385, 418, 420, 424, 426, 428, 430, 441, 469, 494, 621, 629, 679, 686, 716, 721, 745, 759, 859, 865, 869, 894, 900, 902, 949, 958, 971, 979, 987, 1049, 1073, 1076, 1080, 1083, 1085, 1090, 1131, 1145, 1185, 1200, 1202, 1218, 1224, 1226, 1251, 1288, 1292, 1322, 1397, 1402, 1407, 1484, 1486, 1507, 1539, 1562, 1615, 1639, 1649, 1652, 1678, 1682, 1685, 1727, 1737, 1740, 1766, 1773, 1798, 1837, 1846, 1859, 1864, 1866, 1875, 1892, 1908, 1913, 1923, 1929, 2007, 2048, 2075, 2094, 2099, 2113, 2249, 2259, 2300, 2332, 2337, 2485, 2518, 2520, 2529, 2533, 2535, 2537, 2614, 2632, 2710, 2738, 2752, 2760, 2771, 2782, 2785, 2815, 2838, 2853, 2902, 2924, 2948, 2992, 3054, 3147, 3152, 3365, 3374, 3479, 3487, 3522, 3557, 3576, 3584, 3611, 3613, 3617, 3621, 3625, 3627, 3631, 3637, 3643, 3647, 3656, 3660, 3664, 3675, 3679, 3708, 3717, 3723, 3762, 3818, 3893, 3903, 3913, 3982, 4067, 4156, 4182, 4197, 4200, 4214, 4218, 4244, 4335, 4343, 4353, 4518, 4530, 4589, 4602, 4622, 4624, 4626, 4628, 4640, 4658, 4664, 4697, 4706, 4785, 4811, 4912, 4952, 4965, 5023, 5029, 5065, 5075, 5115, 5176, 5178, 5197, 5219, 5224, 5321, 5331, 5343, 5409, 5430, 5500, 5517, 5566, 5586, 5603, 5635, 5644, 5683, 5694, 5701, 5703, 5707, 5713, 5754, 5768, 5780, 5825, 5868, 5890, 5896, 5898, 5911, 5933, 5936, 5951, 5958, 5964, 5967, 5987, 5996, 6048, 6071, 6086, 6095, 6103, 6116, 6125, 6159, 6167, 6171, 6175, 6181, 6183, 6188, 6222, 6235, 6255, 6296, 6301, 6312, 6347, 6356, 6358, 6360]","[2506, 2706, 3899, 4598]",6359,269,6090,4,265,6090,0
-1.5,S67057,"[11, 41, 47, 49, 53, 66, 83, 91, 98, 143, 154, 208, 278, 299, 318, 322, 361, 368, 408, 416, 454, 494, 503, 593, 694, 696, 699, 730, 803, 840, 859, 953, 973, 981, 989, 1005, 1036, 1150, 1163, 1175, 1179, 1184, 1205, 1221, 1256, 1274, 1284, 1297, 1304, 1320, 1360, 1382, 1408, 1418, 1445, 1455, 1509, 1533, 1535, 1537, 1595, 1600, 1649, 1692, 1720]",[840],"[11, 41, 47, 49, 53, 66, 83, 91, 98, 143, 154, 208, 278, 299, 318, 322, 361, 368, 408, 416, 454, 494, 503, 593, 694, 696, 699, 730, 803, 859, 953, 973, 981, 989, 1005, 1036, 1150, 1163, 1175, 1179, 1184, 1205, 1221, 1256, 1274, 1284, 1297, 1304, 1320, 1360, 1382, 1408, 1418, 1445, 1455, 1509, 1533, 1535, 1537, 1595, 1600, 1649, 1692, 1720]",[840],1746,65,1681,1,64,1681,0
-1.5,S69277,"[56, 97, 142, 146, 151, 158, 168, 194, 207, 267, 295, 317, 351, 374, 432, 455, 466, 478, 574, 647, 734, 832, 839, 841, 844, 857, 865, 875, 890, 893, 928, 940, 948, 1007, 1028, 1057, 1062, 1177, 1190, 1216, 1256, 1299, 1303, 1342, 1419, 1428, 1518, 1591, 1634, 1679, 1706, 1731, 1770, 1783, 1796, 1805, 1829, 1846, 1914, 1967, 1971, 1975, 1977, 1999, 2041, 2058, 2069, 2074, 2082, 2094, 2101, 2103, 2107, 2118, 2176, 2230, 2261, 2312, 2321, 2336, 2338, 2353, 2426, 2435, 2519, 2532, 2538, 2546, 2660, 2662, 2691, 2734, 2742, 2759, 2776, 2783, 2801, 2810, 2814, 2846, 2852, 2861, 2868, 2875, 2914, 2924, 2934, 2941, 2951, 2954, 3022, 3056, 3068, 3072, 3098, 3119, 3146, 3153, 3157, 3199, 3229, 3267, 3285, 3305, 3316, 3377, 3385, 3431, 3471, 3478, 3521, 3611, 3642, 3657, 3723, 3839, 3873, 3928, 3984, 3995, 4020, 4066, 4082, 4089, 4103, 4107, 4156, 4167, 4201, 4215, 4233, 4252, 4266, 4307, 4348, 4354, 4385, 4408, 4443, 4488, 4517, 4556, 4568, 4609, 4717, 4726, 4749, 4790, 4794, 4813, 4852, 4859, 4894, 4898, 4903, 5009, 5063, 5068, 5097, 5103, 5133, 5155, 5158, 5172, 5187, 5236, 5243, 5267, 5271, 5286, 5304, 5315, 5317, 5326, 5329, 5342, 5350, 5378, 5382, 5394, 5405, 5421, 5437, 5456, 5472, 5493]","[3098, 3316, 3521, 3839, 4103]","[56, 97, 142, 146, 151, 158, 168, 194, 207, 267, 295, 317, 351, 374, 432, 455, 466, 478, 574, 647, 734, 832, 839, 841, 844, 857, 865, 875, 890, 893, 928, 940, 948, 1007, 1028, 1057, 1062, 1177, 1190, 1216, 1256, 1299, 1303, 1342, 1419, 1428, 1518, 1591, 1634, 1679, 1706, 1731, 1770, 1783, 1796, 1805, 1829, 1846, 1914, 1967, 1971, 1975, 1977, 1999, 2041, 2058, 2069, 2074, 2082, 2094, 2101, 2103, 2107, 2118, 2176, 2230, 2261, 2312, 2321, 2336, 2338, 2353, 2426, 2435, 2519, 2532, 2538, 2546, 2660, 2662, 2691, 2734, 2742, 2759, 2776, 2783, 2801, 2810, 2814, 2846, 2852, 2861, 2868, 2875, 2914, 2924, 2934, 2941, 2951, 2954, 3022, 3056, 3068, 3072, 3119, 3146, 3153, 3157, 3199, 3229, 3267, 3285, 3305, 3377, 3385, 3431, 3471, 3478, 3611, 3642, 3657, 3723, 3873, 3928, 3984, 3995, 4020, 4066, 4082, 4089, 4107, 4156, 4167, 4201, 4215, 4233, 4252, 4266, 4307, 4348, 4354, 4385, 4408, 4443, 4488, 4517, 4556, 4568, 4609, 4717, 4726, 4749, 4790, 4794, 4813, 4852, 4859, 4894, 4898, 4903, 5009, 5063, 5068, 5097, 5103, 5133, 5155, 5158, 5172, 5187, 5236, 5243, 5267, 5271, 5286, 5304, 5315, 5317, 5326, 5329, 5342, 5350, 5378, 5382, 5394, 5405, 5421, 5437, 5456, 5472, 5493]","[3098, 3316, 3521, 3839, 4103]",5516,206,5310,5,201,5310,0
-1.5,S69278,"[19, 27, 33, 62, 84, 98, 117, 128, 158, 186, 279, 307, 323, 369, 373, 388, 434, 440, 461, 495, 515, 523, 547, 573, 647, 656, 658, 661, 685, 693, 704, 716, 720, 746, 760, 811, 819, 846, 850, 861, 865, 996, 1069, 1112, 1184, 1196, 1206, 1219, 1231, 1240, 1265, 1282, 1351, 1380, 1402, 1406, 1410, 1412, 1421, 1427, 1467, 1484, 1495, 1500, 1505, 1520, 1527, 1529, 1533, 1544, 1549, 1561, 1567, 1579, 1597, 1601, 1662, 1697, 1719, 1753, 1789, 1791, 1804, 1813, 1828, 1830, 1845, 1918, 1927, 1929, 2011, 2024, 2038, 2152, 2154, 2226, 2234, 2251, 2275, 2293, 2302, 2306, 2338, 2344, 2353, 2360, 2367, 2406, 2416, 2426, 2433, 2443, 2446, 2514, 2548, 2560, 2564, 2590, 2611, 2629, 2641, 2656, 2663, 2667, 2709, 2739, 2777, 2795, 2815, 2820, 2826, 2835, 2846, 2887, 2895, 2941, 2966, 2981, 2988, 3031, 3049, 3119, 3132, 3150, 3165, 3231, 3347, 3381, 3444, 3453, 3524, 3540, 3547, 3561, 3565, 3614, 3625, 3639, 3648, 3662, 3680, 3687, 3696, 3713, 3754, 3795, 3801, 3832, 3855, 3964, 4004, 4016, 4057, 4103, 4111, 4174, 4197, 4236, 4240, 4259, 4264, 4340, 4344, 4349, 4414, 4456, 4551, 4609, 4621, 4643, 4646, 4669, 4725, 4748, 4752, 4766, 4776, 4782, 4802, 4829, 4840, 4842, 4851, 4854, 4862, 4880, 4884, 4896, 4907, 4923, 4958, 4974, 4979, 4983, 4995]","[2590, 2826, 3031, 3347, 3561]","[19, 27, 33, 62, 84, 98, 117, 128, 158, 186, 279, 307, 323, 369, 373, 388, 434, 440, 461, 495, 515, 523, 547, 573, 647, 656, 658, 661, 685, 693, 704, 716, 720, 746, 760, 811, 819, 846, 850, 861, 865, 996, 1069, 1112, 1184, 1196, 1206, 1219, 1231, 1240, 1265, 1282, 1351, 1380, 1402, 1406, 1410, 1412, 1421, 1427, 1467, 1484, 1495, 1500, 1505, 1520, 1527, 1529, 1533, 1544, 1549, 1561, 1567, 1579, 1597, 1601, 1662, 1697, 1719, 1753, 1789, 1791, 1804, 1813, 1828, 1830, 1845, 1918, 1927, 1929, 2011, 2024, 2038, 2152, 2154, 2226, 2234, 2251, 2275, 2293, 2302, 2306, 2338, 2344, 2353, 2360, 2367, 2406, 2416, 2426, 2433, 2443, 2446, 2514, 2548, 2560, 2564, 2611, 2629, 2641, 2656, 2663, 2667, 2709, 2739, 2777, 2795, 2815, 2820, 2835, 2846, 2887, 2895, 2941, 2966, 2981, 2988, 3049, 3119, 3132, 3150, 3165, 3231, 3381, 3444, 3453, 3524, 3540, 3547, 3565, 3614, 3625, 3639, 3648, 3662, 3680, 3687, 3696, 3713, 3754, 3795, 3801, 3832, 3855, 3964, 4004, 4016, 4057, 4103, 4111, 4174, 4197, 4236, 4240, 4259, 4264, 4340, 4344, 4349, 4414, 4456, 4551, 4609, 4621, 4643, 4646, 4669, 4725, 4748, 4752, 4766, 4776, 4782, 4802, 4829, 4840, 4842, 4851, 4854, 4862, 4880, 4884, 4896, 4907, 4923, 4958, 4974, 4979, 4983, 4995]","[2590, 2826, 3031, 3347, 3561]",5015,215,4800,5,210,4800,0
-1.5,S69350,"[6, 50, 77, 174, 180, 235, 260, 290, 298, 377, 403, 416, 485, 489, 560, 566, 568, 570, 579, 593, 666, 674, 676, 706, 760, 804, 830, 844, 848, 860, 869, 871, 940, 945, 1028, 1040, 1081, 1100, 1124, 1179, 1207, 1308, 1335, 1441, 1477, 1502, 1562, 1573, 1589, 1592, 1654, 1694, 1709, 1745, 1777, 1783, 1837, 1866, 1970, 1987, 2036, 2039, 2045, 2050, 2110, 2112, 2124, 2149]",[235],"[6, 50, 77, 174, 180, 260, 290, 298, 377, 403, 416, 485, 489, 560, 566, 568, 570, 579, 593, 666, 674, 676, 706, 760, 804, 830, 844, 848, 860, 869, 871, 940, 945, 1028, 1040, 1081, 1100, 1124, 1179, 1207, 1308, 1335, 1441, 1477, 1502, 1562, 1573, 1589, 1592, 1654, 1694, 1709, 1745, 1777, 1783, 1837, 1866, 1970, 1987, 2036, 2039, 2045, 2050, 2110, 2112, 2124, 2149]",[235],2152,68,2084,1,67,2084,0
-1.5,SAIEGLOBIM,"[21, 55, 148, 189, 205, 221, 237, 271, 290, 316, 334, 346, 453, 474, 541, 553, 567, 588, 604, 609, 686, 693, 725, 760, 766, 834, 866, 874, 897, 944, 957, 983, 987, 1001, 1033, 1066, 1085, 1099, 1175, 1180, 1188, 1194, 1204, 1210, 1283, 1299, 1317, 1323, 1329, 1333, 1347, 1397, 1418, 1425, 1431, 1444, 1448, 1542, 1547, 1553, 1598, 1622, 1624, 1631, 1654, 1675, 1683, 1691, 1763, 1777, 1812]","[237, 588]","[21, 55, 148, 189, 205, 221, 271, 290, 316, 334, 346, 453, 474, 541, 553, 567, 604, 609, 686, 693, 725, 760, 766, 834, 866, 874, 897, 944, 957, 983, 987, 1001, 1033, 1066, 1085, 1099, 1175, 1180, 1188, 1194, 1204, 1210, 1283, 1299, 1317, 1323, 1329, 1333, 1347, 1397, 1418, 1425, 1431, 1444, 1448, 1542, 1547, 1553, 1598, 1622, 1624, 1631, 1654, 1675, 1683, 1691, 1763, 1777, 1812]","[237, 588]",1826,71,1755,2,69,1755,0
-1.5,SMIGCU,"[103, 130, 132, 136, 170, 183, 200, 202, 231, 239, 245, 296, 305, 322, 337, 340, 347, 367, 370, 395, 410, 431, 520, 549, 562, 571, 591, 660, 670, 677, 696, 746, 786, 799, 822, 840, 851, 864, 887, 911, 978, 1021, 1032, 1040, 1065, 1070, 1112, 1188, 1217, 1219, 1233, 1262, 1268, 1273, 1289, 1331, 1377, 1399, 1474, 1490, 1531, 1533, 1576, 1631, 1635, 1665, 1718, 1741, 1745, 1774, 1779, 1783, 1805, 1840, 1862, 1880, 1946, 1988, 1991, 2014, 2018, 2033, 2049, 2062, 2069, 2083, 2129, 2139, 2173, 2220, 2227, 2239, 2308, 2419, 2421, 2430, 2432, 2465, 2514, 2549, 2552, 2557, 2589, 2612, 2624, 2628, 2639, 2648, 2753, 2776, 2778, 2780, 2788, 2790, 2797, 2810]","[799, 1233, 1631]","[103, 130, 132, 136, 170, 183, 200, 202, 231, 239, 245, 296, 305, 322, 337, 340, 347, 367, 370, 395, 410, 431, 520, 549, 562, 571, 591, 660, 670, 677, 696, 746, 786, 822, 840, 851, 864, 887, 911, 978, 1021, 1032, 1040, 1065, 1070, 1112, 1188, 1217, 1219, 1262, 1268, 1273, 1289, 1331, 1377, 1399, 1474, 1490, 1531, 1533, 1576, 1635, 1665, 1718, 1741, 1745, 1774, 1779, 1783, 1805, 1840, 1862, 1880, 1946, 1988, 1991, 2014, 2018, 2033, 2049, 2062, 2069, 2083, 2129, 2139, 2173, 2220, 2227, 2239, 2308, 2419, 2421, 2430, 2432, 2465, 2514, 2549, 2552, 2557, 2589, 2612, 2624, 2628, 2639, 2648, 2753, 2776, 2778, 2780, 2788, 2790, 2797, 2810]","[799, 1233, 1631]",2833,116,2717,3,113,2717,0
-1.5,SMNPRP1A,"[9, 12, 26, 63, 104, 215, 221, 236, 245, 288, 297, 310, 320, 322, 345, 347, 372, 439, 601]",[215],"[9, 12, 26, 63, 104, 221, 236, 245, 288, 297, 310, 320, 322, 345, 347, 372, 439, 601]",[215],623,19,604,1,18,604,0
-1.5,SOEEGLOBIN,"[17, 21, 54, 147, 188, 204, 220, 236, 270, 314, 332, 344, 349, 451, 472, 539, 565, 586, 602, 607, 642, 692, 724, 759, 765, 772, 827, 859, 867, 890, 935, 939, 954, 968, 1041, 1046, 1054, 1060, 1070, 1149, 1165, 1183, 1189, 1195, 1199, 1213, 1263, 1284, 1291, 1297, 1310, 1314, 1341, 1404, 1409, 1411, 1415, 1460, 1484, 1486, 1493, 1516, 1537, 1545, 1553, 1571, 1625, 1639, 1674, 1684]","[236, 586]","[17, 21, 54, 147, 188, 204, 220, 270, 314, 332, 344, 349, 451, 472, 539, 565, 602, 607, 642, 692, 724, 759, 765, 772, 827, 859, 867, 890, 935, 939, 954, 968, 1041, 1046, 1054, 1060, 1070, 1149, 1165, 1183, 1189, 1195, 1199, 1213, 1263, 1284, 1291, 1297, 1310, 1314, 1341, 1404, 1409, 1411, 1415, 1460, 1484, 1486, 1493, 1516, 1537, 1545, 1553, 1571, 1625, 1639, 1674, 1684]","[236, 586]",1688,70,1618,2,68,1618,0
-1.5,SSBAT1G,"[8, 15, 54, 130, 142, 145, 234, 242, 260, 274, 285, 294, 353, 357, 366, 380, 456, 469, 482, 486, 518, 534, 572, 581, 590, 599, 628, 687, 725, 743, 772, 795, 810, 857, 889, 900, 920, 946, 999, 1008, 1058, 1060, 1123, 1159, 1207, 1247, 1292, 1316, 1344, 1356, 1362, 1370, 1405, 1426, 1446, 1464, 1471, 1475, 1481, 1486, 1492, 1523, 1542, 1550, 1603, 1631, 1644, 1654, 1662, 1676, 1681, 1707, 1715, 1760, 1816, 1843, 1847, 1857, 1860, 1872, 1878, 1902, 1961, 2001, 2013, 2021, 2038, 2145, 2167, 2169, 2173, 2215, 2230, 2250, 2259, 2270, 2272, 2278, 2308, 2323, 2350, 2364, 2367, 2378, 2386, 2406, 2413, 2425, 2427, 2435, 2459, 2489, 2491, 2495, 2501, 2506, 2521, 2545, 2576, 2582, 2592, 2610, 2616, 2625, 2645, 2657, 2675, 2716, 2736, 2788, 2791, 2814, 2818, 2820, 2838, 2840, 2842, 2844, 2846, 2848, 2850, 2852, 2883, 2896, 2910, 2924, 2967, 2973, 2984, 2990, 2994, 3118, 3142, 3235, 3248, 3330, 3403, 3411, 3438, 3475, 3488, 3504, 3516, 3518, 3548, 3550, 3618, 3657, 3684, 3755, 3772, 3810, 3837, 3884, 3912, 3920, 3923, 3951, 3958, 3963, 3980, 4001, 4008, 4011, 4013, 4017, 4046, 4137, 4144, 4190, 4203, 4207, 4213, 4324, 4342, 4346, 4354, 4360, 4370, 4373, 4399, 4429, 4514, 4538, 4542, 4548, 4565, 4676, 4679, 4685, 4709, 4725, 4748, 4762, 4799, 4803, 4875, 4897, 4932, 4936, 4948, 4953, 4956, 4964, 4966, 4978, 4993, 5042, 5056, 5173, 5204, 5258, 5264, 5347, 5372, 5381, 5389, 5427, 5429, 5443, 5449, 5479, 5481, 5505, 5527, 5550, 5554, 5568, 5607, 5643, 5646, 5658, 5705, 5718, 5738, 5747, 5771, 5890, 5930, 5966, 5987, 6021, 6031, 6104, 6119, 6150, 6163, 6176, 6271, 6290, 6318, 6334, 6390, 6408, 6456, 6479, 6500, 6504, 6533, 6537, 6554, 6575, 6616, 6654, 6661, 6666, 6678, 6693, 6708, 6710, 6714, 6735, 6775, 6786, 6788, 6799, 6828, 6843, 6862, 6881, 6890, 6908, 6944, 6978, 6999, 7026, 7028, 7031, 7034, 7040, 7096, 7101, 7176, 7237, 7255, 7262, 7273, 7298, 7302, 7342, 7345, 7378, 7439, 7442, 7446, 7483, 7496, 7508, 7525, 7624, 7729, 7769, 7799, 7820, 7823, 7831, 7876, 7947, 7959, 7964, 8008, 8010, 8042, 8121, 8153, 8162, 8169, 8238, 8253, 8300, 8331, 8333, 8340, 8353, 8366, 8390, 8411, 8485, 8489, 8495, 8505, 8516, 8544, 8564, 8566, 8577, 8579, 8626, 8636, 8665, 8668, 8708, 8713, 8767, 8772, 8786, 8798, 8803, 8812, 8848, 8916, 8990, 9034, 9037, 9046, 9051, 9055, 9088, 9122, 9144, 9148, 9155, 9165, 9252, 9289, 9303, 9331, 9388, 9414, 9476, 9494, 9526, 9576, 9610, 9628, 9638, 9674, 9678, 9689, 9785, 9791, 9813, 9858, 9887, 9906, 9908, 9934, 9946, 9953, 9960, 9965, 10103, 10132, 10218, 10225, 10314, 10370, 10374, 10383, 10433, 10438, 10466, 10537, 10634]","[1316, 2215, 2582, 4538, 5771, 8238, 9144, 9388, 9674]","[8, 15, 54, 130, 142, 145, 234, 242, 260, 274, 285, 294, 353, 357, 366, 380, 456, 469, 482, 486, 518, 534, 572, 581, 590, 599, 628, 687, 725, 743, 772, 795, 810, 857, 889, 900, 920, 946, 999, 1008, 1058, 1060, 1123, 1159, 1207, 1247, 1292, 1344, 1356, 1362, 1370, 1405, 1426, 1446, 1464, 1471, 1475, 1481, 1486, 1492, 1523, 1542, 1550, 1603, 1631, 1644, 1654, 1662, 1676, 1681, 1707, 1715, 1760, 1816, 1843, 1847, 1857, 1860, 1872, 1878, 1902, 1961, 2001, 2013, 2021, 2038, 2145, 2167, 2169, 2173, 2230, 2250, 2259, 2270, 2272, 2278, 2308, 2323, 2350, 2364, 2367, 2378, 2386, 2406, 2413, 2425, 2427, 2435, 2459, 2489, 2491, 2495, 2501, 2506, 2521, 2545, 2576, 2592, 2610, 2616, 2625, 2645, 2657, 2675, 2716, 2736, 2788, 2791, 2814, 2818, 2820, 2838, 2840, 2842, 2844, 2846, 2848, 2850, 2852, 2883, 2896, 2910, 2924, 2967, 2973, 2984, 2990, 2994, 3118, 3142, 3235, 3248, 3330, 3403, 3411, 3438, 3475, 3488, 3504, 3516, 3518, 3548, 3550, 3618, 3657, 3684, 3755, 3772, 3810, 3837, 3884, 3912, 3920, 3923, 3951, 3958, 3963, 3980, 4001, 4008, 4011, 4013, 4017, 4046, 4137, 4144, 4190, 4203, 4207, 4213, 4324, 4342, 4346, 4354, 4360, 4370, 4373, 4399, 4429, 4514, 4542, 4548, 4565, 4676, 4679, 4685, 4709, 4725, 4748, 4762, 4799, 4803, 4875, 4897, 4932, 4936, 4948, 4953, 4956, 4964, 4966, 4978, 4993, 5042, 5056, 5173, 5204, 5258, 5264, 5347, 5372, 5381, 5389, 5427, 5429, 5443, 5449, 5479, 5481, 5505, 5527, 5550, 5554, 5568, 5607, 5643, 5646, 5658, 5705, 5718, 5738, 5747, 5890, 5930, 5966, 5987, 6021, 6031, 6104, 6119, 6150, 6163, 6176, 6271, 6290, 6318, 6334, 6390, 6408, 6456, 6479, 6500, 6504, 6533, 6537, 6554, 6575, 6616, 6654, 6661, 6666, 6678, 6693, 6708, 6710, 6714, 6735, 6775, 6786, 6788, 6799, 6828, 6843, 6862, 6881, 6890, 6908, 6944, 6978, 6999, 7026, 7028, 7031, 7034, 7040, 7096, 7101, 7176, 7237, 7255, 7262, 7273, 7298, 7302, 7342, 7345, 7378, 7439, 7442, 7446, 7483, 7496, 7508, 7525, 7624, 7729, 7769, 7799, 7820, 7823, 7831, 7876, 7947, 7959, 7964, 8008, 8010, 8042, 8121, 8153, 8162, 8169, 8253, 8300, 8331, 8333, 8340, 8353, 8366, 8390, 8411, 8485, 8489, 8495, 8505, 8516, 8544, 8564, 8566, 8577, 8579, 8626, 8636, 8665, 8668, 8708, 8713, 8767, 8772, 8786, 8798, 8803, 8812, 8848, 8916, 8990, 9034, 9037, 9046, 9051, 9055, 9088, 9122, 9148, 9155, 9165, 9252, 9289, 9303, 9331, 9414, 9476, 9494, 9526, 9576, 9610, 9628, 9638, 9678, 9689, 9785, 9791, 9813, 9858, 9887, 9906, 9908, 9934, 9946, 9953, 9960, 9965, 10103, 10132, 10218, 10225, 10314, 10370, 10374, 10383, 10433, 10438, 10466, 10537, 10634]","[1316, 2215, 2582, 4538, 5771, 8238, 9144, 9388, 9674]",10666,434,10232,9,425,10232,0
-1.5,SSIKBAGE,"[14, 38, 44, 60, 102, 104, 160, 278, 376, 400, 424, 441, 470, 559, 622, 692, 699, 715, 730, 788, 890, 923, 956, 1010, 1021, 1046, 1132, 1180, 1247, 1269, 1294, 1316, 1407, 1425, 1463, 1539, 1568, 1575, 1613, 1615, 1641, 1729, 1795, 1819, 1864, 1884, 1911, 1930, 1943, 1986, 2037, 2137, 2197, 2244, 2271, 2364, 2377, 2469, 2475, 2488, 2501, 2528, 2559, 2563, 2582, 2590, 2597, 2604, 2633, 2636, 2660, 2694, 2793, 2829, 2881, 2977, 2999, 3042, 3091, 3094, 3103, 3151, 3171, 3182, 3334, 3361, 3368, 3388, 3394, 3434, 3454, 3458, 3494, 3498, 3520, 3569, 3620, 3641, 3643, 3713, 3717, 3746, 3766, 3786, 3788, 3803, 3823, 3835, 3841, 3850, 3892, 3898, 3938, 3954, 3960, 3970, 4011, 4049, 4057, 4061, 4071, 4079, 4091, 4095, 4202, 4245, 4269, 4286, 4288, 4299, 4308, 4331, 4448, 4470, 4496, 4548, 4589, 4600, 4604, 4623, 4712, 4753, 4847, 4870, 4887, 4909, 4917, 4980, 5031, 5059, 5128, 5146, 5191, 5207, 5211, 5214, 5225, 5227, 5240, 5251, 5267, 5271, 5276, 5281, 5288, 5298, 5304, 5321, 5330, 5339, 5346, 5350, 5362, 5375, 5436, 5472, 5478, 5484, 5494, 5496, 5601, 5605, 5628, 5658, 5668, 5672, 5723]","[2469, 3151, 3713, 4091, 4470]","[14, 38, 44, 60, 102, 104, 160, 278, 376, 400, 424, 441, 470, 559, 622, 692, 699, 715, 730, 788, 890, 923, 956, 1010, 1021, 1046, 1132, 1180, 1247, 1269, 1294, 1316, 1407, 1425, 1463, 1539, 1568, 1575, 1613, 1615, 1641, 1729, 1795, 1819, 1864, 1884, 1911, 1930, 1943, 1986, 2037, 2137, 2197, 2244, 2271, 2364, 2377, 2475, 2488, 2501, 2528, 2559, 2563, 2582, 2590, 2597, 2604, 2633, 2636, 2660, 2694, 2793, 2829, 2881, 2977, 2999, 3042, 3091, 3094, 3103, 3171, 3182, 3334, 3361, 3368, 3388, 3394, 3434, 3454, 3458, 3494, 3498, 3520, 3569, 3620, 3641, 3643, 3717, 3746, 3766, 3786, 3788, 3803, 3823, 3835, 3841, 3850, 3892, 3898, 3938, 3954, 3960, 3970, 4011, 4049, 4057, 4061, 4071, 4079, 4095, 4202, 4245, 4269, 4286, 4288, 4299, 4308, 4331, 4448, 4496, 4548, 4589, 4600, 4604, 4623, 4712, 4753, 4847, 4870, 4887, 4909, 4917, 4980, 5031, 5059, 5128, 5146, 5191, 5207, 5211, 5214, 5225, 5227, 5240, 5251, 5267, 5271, 5276, 5281, 5288, 5298, 5304, 5321, 5330, 5339, 5346, 5350, 5362, 5375, 5436, 5472, 5478, 5484, 5494, 5496, 5601, 5605, 5628, 5658, 5668, 5672, 5723]","[2469, 3151, 3713, 4091, 4470]",5756,187,5569,5,182,5569,0
-1.5,SSPINT1B,"[53, 65, 88, 100, 126, 159, 179, 185, 206, 281, 358, 467, 480, 587, 610, 629, 645, 651, 684, 733, 735, 737, 739, 743, 812, 820, 845, 912, 920, 948, 958, 1013, 1016, 1081, 1103, 1134, 1171, 1333, 1339, 1366, 1388, 1416, 1420, 1461, 1513, 1518, 1522, 1536, 1544, 1550, 1615, 1617, 1696, 1716, 1718, 1816, 1818, 1845, 1857, 1860, 1882, 1909, 1933, 1954, 1971, 1975, 1987, 1993, 2022, 2029, 2036, 2084, 2089, 2096, 2105, 2127, 2131, 2144, 2195, 2216, 2234, 2252, 2291, 2320, 2400, 2421, 2498, 2551, 2603, 2648, 2673, 2734, 2740, 2759, 2775, 2784, 2786, 2800, 2855, 2929, 2935, 2940, 2942, 2948, 2993, 3008, 3028, 3035, 3058, 3072, 3132, 3173, 3176, 3182, 3206, 3246, 3290, 3328, 3387, 3399, 3407, 3428, 3433, 3442, 3444, 3463, 3476, 3501, 3503, 3523, 3530, 3560, 3638, 3645, 3706, 3803, 3805, 3809, 3815, 3851, 3854, 3858, 3903, 3973, 4010, 4033, 4041, 4051, 4065, 4074, 4102, 4159, 4178, 4249, 4254, 4280, 4293, 4304, 4360, 4411, 4417, 4477, 4507, 4521, 4550, 4577, 4582, 4586, 4617, 4623, 4626, 4628, 4756, 4768, 4777, 4793, 4807, 4822, 4824, 4826, 4856, 4915, 4920, 4969, 5029, 5110, 5119, 5133, 5138, 5142, 5181, 5245, 5288, 5315, 5367, 5371, 5388, 5424, 5478, 5492, 5499, 5503, 5511, 5522, 5551, 5555, 5571, 5577, 5670, 5708, 5722, 5742, 5759, 5762, 5790, 5803, 5813, 5815, 5842, 5847, 5976, 6008, 6089, 6114, 6141, 6144, 6158, 6244, 6247, 6317, 6409, 6414, 6434, 6473, 6476, 6494, 6527, 6556, 6567, 6569, 6605, 6609, 6613, 6677, 6709, 6730, 6746, 6774, 6780, 6790, 6808, 6815, 6834, 6853, 6878, 6903, 6909, 6922, 6962, 7042, 7048, 7102, 7153, 7208, 7229, 7242, 7266, 7326, 7331, 7387, 7473, 7482, 7494, 7653, 7666, 7670, 7677, 7761, 7859, 7881, 7953, 7957, 7961, 7999, 8001, 8005, 8049, 8053, 8055, 8139, 8172, 8197, 8200, 8233, 8246, 8264, 8266, 8304, 8380, 8383, 8387, 8397, 8441, 8448, 8459, 8517, 8541, 8611, 8627, 8635, 8639, 8673, 8695, 8726, 8729, 8731, 8735]","[1971, 2551, 3903, 5245, 6605]","[53, 65, 88, 100, 126, 159, 179, 185, 206, 281, 358, 467, 480, 587, 610, 629, 645, 651, 684, 733, 735, 737, 739, 743, 812, 820, 845, 912, 920, 948, 958, 1013, 1016, 1081, 1103, 1134, 1171, 1333, 1339, 1366, 1388, 1416, 1420, 1461, 1513, 1518, 1522, 1536, 1544, 1550, 1615, 1617, 1696, 1716, 1718, 1816, 1818, 1845, 1857, 1860, 1882, 1909, 1933, 1954, 1975, 1987, 1993, 2022, 2029, 2036, 2084, 2089, 2096, 2105, 2127, 2131, 2144, 2195, 2216, 2234, 2252, 2291, 2320, 2400, 2421, 2498, 2603, 2648, 2673, 2734, 2740, 2759, 2775, 2784, 2786, 2800, 2855, 2929, 2935, 2940, 2942, 2948, 2993, 3008, 3028, 3035, 3058, 3072, 3132, 3173, 3176, 3182, 3206, 3246, 3290, 3328, 3387, 3399, 3407, 3428, 3433, 3442, 3444, 3463, 3476, 3501, 3503, 3523, 3530, 3560, 3638, 3645, 3706, 3803, 3805, 3809, 3815, 3851, 3854, 3858, 3973, 4010, 4033, 4041, 4051, 4065, 4074, 4102, 4159, 4178, 4249, 4254, 4280, 4293, 4304, 4360, 4411, 4417, 4477, 4507, 4521, 4550, 4577, 4582, 4586, 4617, 4623, 4626, 4628, 4756, 4768, 4777, 4793, 4807, 4822, 4824, 4826, 4856, 4915, 4920, 4969, 5029, 5110, 5119, 5133, 5138, 5142, 5181, 5288, 5315, 5367, 5371, 5388, 5424, 5478, 5492, 5499, 5503, 5511, 5522, 5551, 5555, 5571, 5577, 5670, 5708, 5722, 5742, 5759, 5762, 5790, 5803, 5813, 5815, 5842, 5847, 5976, 6008, 6089, 6114, 6141, 6144, 6158, 6244, 6247, 6317, 6409, 6414, 6434, 6473, 6476, 6494, 6527, 6556, 6567, 6569, 6609, 6613, 6677, 6709, 6730, 6746, 6774, 6780, 6790, 6808, 6815, 6834, 6853, 6878, 6903, 6909, 6922, 6962, 7042, 7048, 7102, 7153, 7208, 7229, 7242, 7266, 7326, 7331, 7387, 7473, 7482, 7494, 7653, 7666, 7670, 7677, 7761, 7859, 7881, 7953, 7957, 7961, 7999, 8001, 8005, 8049, 8053, 8055, 8139, 8172, 8197, 8200, 8233, 8246, 8264, 8266, 8304, 8380, 8383, 8387, 8397, 8441, 8448, 8459, 8517, 8541, 8611, 8627, 8635, 8639, 8673, 8695, 8726, 8729, 8731, 8735]","[1971, 2551, 3903, 5245, 6605]",8743,317,8426,5,312,8426,0
-1.5,TAPROTP1,"[7, 27, 114, 119, 230, 284, 331, 427, 451, 489]",[230],"[7, 27, 114, 119, 284, 331, 427, 451, 489]",[230],547,10,537,1,9,537,0
-1.5,TARHBE,"[9, 30, 71, 76, 87, 103, 119, 129, 153, 172, 202, 228, 330, 351, 400, 404, 418, 430, 444, 465, 469, 548, 570, 580, 582, 602, 638, 644, 689, 694, 704, 818, 881, 948, 952, 966, 998, 1076, 1093, 1106, 1110, 1124, 1167, 1172, 1195, 1202, 1208, 1221, 1225, 1291, 1296, 1298, 1302, 1314, 1347, 1353, 1371, 1373, 1403, 1441, 1513, 1527, 1569, 1645]","[119, 465]","[9, 30, 71, 76, 87, 103, 129, 153, 172, 202, 228, 330, 351, 400, 404, 418, 430, 444, 469, 548, 570, 580, 582, 602, 638, 644, 689, 694, 704, 818, 881, 948, 952, 966, 998, 1076, 1093, 1106, 1110, 1124, 1167, 1172, 1195, 1202, 1208, 1221, 1225, 1291, 1296, 1298, 1302, 1314, 1347, 1353, 1371, 1373, 1403, 1441, 1513, 1527, 1569, 1645]","[119, 465]",1682,64,1618,2,62,1618,0
-1.5,TARHBG,"[14, 58, 70, 77, 176, 217, 227, 233, 265, 276, 343, 392, 415, 462, 473, 494, 561, 573, 587, 608, 652, 658, 704, 728, 735, 773, 781, 798, 809, 823, 890, 970, 996, 1015, 1025, 1027, 1032, 1061, 1101, 1217, 1219, 1235, 1263, 1289, 1298, 1308, 1314, 1330, 1344, 1372, 1472, 1488, 1493, 1517, 1521, 1525, 1537, 1540, 1544, 1610, 1620, 1663, 1670, 1676, 1680, 1725, 1772, 1822, 1848, 1855, 1940, 2044, 2052, 2054, 2059, 2061, 2066, 2072, 2076, 2080, 2086, 2088, 2090, 2092, 2095, 2128]",[265],"[14, 58, 70, 77, 176, 217, 227, 233, 276, 343, 392, 415, 462, 473, 494, 561, 573, 587, 608, 652, 658, 704, 728, 735, 773, 781, 798, 809, 823, 890, 970, 996, 1015, 1025, 1027, 1032, 1061, 1101, 1217, 1219, 1235, 1263, 1289, 1298, 1308, 1314, 1330, 1344, 1372, 1472, 1488, 1493, 1517, 1521, 1525, 1537, 1540, 1544, 1610, 1620, 1663, 1670, 1676, 1680, 1725, 1772, 1822, 1848, 1855, 1940, 2044, 2052, 2054, 2059, 2061, 2066, 2072, 2076, 2080, 2086, 2088, 2090, 2092, 2095, 2128]","[265, 612]",2139,86,2053,1,85,2052,1
-1.5,TFLPA2P1,"[68, 73, 121, 199, 205, 237, 266, 272, 326, 337, 374, 376, 439, 459, 468, 524, 540, 580, 589, 596, 600, 613, 650, 663, 670, 686, 716, 731, 733, 746, 754, 838, 852, 880, 883, 896, 906, 911, 972, 980, 1001, 1103, 1124, 1138, 1216, 1228, 1262, 1287, 1293, 1311, 1315, 1373, 1392, 1485, 1535, 1566, 1658, 1682, 1711, 1742, 1749, 1753, 1771, 1805, 1838, 1848, 1863, 1894, 1926, 1991, 2021, 2031, 2035, 2039, 2108, 2191, 2229, 2240, 2293, 2406, 2458, 2463, 2495, 2667, 2673, 2690, 2692]","[596, 972, 1749]","[68, 73, 121, 199, 205, 237, 266, 272, 326, 337, 374, 376, 439, 459, 468, 524, 540, 580, 589, 600, 613, 650, 663, 670, 686, 716, 731, 733, 746, 754, 838, 852, 880, 883, 896, 906, 911, 980, 1001, 1103, 1124, 1138, 1216, 1228, 1262, 1287, 1293, 1311, 1315, 1373, 1392, 1485, 1535, 1566, 1658, 1682, 1711, 1742, 1753, 1771, 1805, 1838, 1848, 1863, 1894, 1926, 1991, 2021, 2031, 2035, 2039, 2108, 2191, 2229, 2240, 2293, 2406, 2458, 2463, 2495, 2667, 2673, 2690, 2692]","[596, 972, 1749]",2708,87,2621,3,84,2621,0
-1.5,TFLPA2P2,"[68, 73, 199, 237, 266, 331, 368, 370, 433, 462, 518, 534, 574, 583, 590, 594, 607, 644, 657, 664, 710, 725, 727, 740, 748, 832, 874, 890, 897, 900, 935, 959, 966, 974, 995, 1017, 1070, 1097, 1118, 1210, 1222, 1256, 1280, 1286, 1304, 1308, 1388, 1531, 1565, 1596, 1692, 1716, 1776, 1783, 1787, 1805, 1839, 1872, 1882, 1897, 1928, 1960, 1996, 2025, 2055, 2068, 2072, 2076, 2169, 2225, 2253, 2263, 2274, 2327, 2394]","[590, 966, 1783]","[68, 73, 199, 237, 266, 331, 368, 370, 433, 462, 518, 534, 574, 583, 594, 607, 644, 657, 664, 710, 725, 727, 740, 748, 832, 874, 890, 897, 900, 935, 959, 974, 995, 1017, 1070, 1097, 1118, 1210, 1222, 1256, 1280, 1286, 1304, 1308, 1388, 1531, 1565, 1596, 1692, 1716, 1776, 1787, 1805, 1839, 1872, 1882, 1897, 1928, 1960, 1996, 2025, 2055, 2068, 2072, 2076, 2169, 2225, 2253, 2263, 2274, 2327, 2394]","[590, 966, 1783]",2431,75,2356,3,72,2356,0
-1.5,TFLPA2P3,"[68, 73, 121, 199, 205, 237, 266, 272, 326, 337, 374, 376, 439, 459, 468, 524, 540, 580, 589, 596, 600, 613, 650, 663, 670, 686, 716, 731, 733, 746, 754, 838, 852, 880, 883, 896, 906, 911, 972, 980, 1001, 1103, 1124, 1138, 1216, 1228, 1287, 1293, 1311, 1315, 1373, 1392, 1485, 1535, 1566, 1658, 1682, 1711, 1742, 1749, 1753, 1771, 1805, 1838, 1848, 1863, 1894, 1926, 1991, 2021, 2031, 2035, 2039, 2108, 2191, 2229, 2240, 2293, 2406, 2458, 2463, 2495, 2667, 2673, 2690, 2692]","[596, 972, 1749]","[68, 73, 121, 199, 205, 237, 266, 272, 326, 337, 374, 376, 439, 459, 468, 524, 540, 580, 589, 600, 613, 650, 663, 670, 686, 716, 731, 733, 746, 754, 838, 852, 880, 883, 896, 906, 911, 980, 1001, 1103, 1124, 1138, 1216, 1228, 1287, 1293, 1311, 1315, 1373, 1392, 1485, 1535, 1566, 1658, 1682, 1711, 1742, 1753, 1771, 1805, 1838, 1848, 1863, 1894, 1926, 1991, 2021, 2031, 2035, 2039, 2108, 2191, 2229, 2240, 2293, 2406, 2458, 2463, 2495, 2667, 2673, 2690, 2692]","[596, 972, 1749]",2708,86,2622,3,83,2622,0
-1.5,TFLPA2P4,"[68, 73, 199, 237, 266, 331, 368, 370, 433, 462, 518, 534, 574, 583, 590, 594, 607, 644, 657, 664, 710, 725, 727, 740, 748, 832, 874, 890, 897, 900, 935, 959, 966, 974, 995, 1017, 1070, 1097, 1118, 1210, 1222, 1256, 1280, 1286, 1304, 1308, 1388, 1531, 1565, 1596, 1692, 1716, 1776, 1783, 1787, 1805, 1839, 1872, 1882, 1897, 1928, 1960, 1996, 2025, 2055, 2068, 2072, 2076, 2169, 2225, 2253, 2263, 2274, 2327, 2394]","[590, 966, 1783]","[68, 73, 199, 237, 266, 331, 368, 370, 433, 462, 518, 534, 574, 583, 594, 607, 644, 657, 664, 710, 725, 727, 740, 748, 832, 874, 890, 897, 900, 935, 959, 974, 995, 1017, 1070, 1097, 1118, 1210, 1222, 1256, 1280, 1286, 1304, 1308, 1388, 1531, 1565, 1596, 1692, 1716, 1776, 1787, 1805, 1839, 1872, 1882, 1897, 1928, 1960, 1996, 2025, 2055, 2068, 2072, 2076, 2169, 2225, 2253, 2263, 2274, 2327, 2394]","[590, 966, 1783]",2431,75,2356,3,72,2356,0
-1.5,TGLHBB,"[17, 78, 122, 144, 155, 159, 166, 175, 178, 265, 277, 279, 294, 323, 430, 440, 443, 460, 471, 481, 487, 500, 519, 551, 553, 590, 598, 611, 672, 695, 712, 735, 753, 766, 774, 867, 888, 892, 997, 999, 1003, 1043, 1080, 1089, 1106, 1112, 1116, 1122, 1142, 1165, 1168, 1173, 1209, 1214, 1249, 1256, 1270, 1272, 1278, 1311, 1334, 1360, 1365, 1371, 1387, 1440, 1442, 1447, 1472, 1498, 1514, 1530, 1536, 1619, 1640, 1699, 1704, 1733, 1742, 1764, 1770, 1812, 1855, 1871, 1906, 1936, 2002, 2034, 2119, 2197, 2225, 2233, 2253, 2281, 2288]","[519, 888]","[17, 78, 122, 144, 155, 159, 166, 175, 178, 265, 277, 279, 294, 323, 430, 440, 443, 460, 471, 481, 487, 500, 551, 553, 590, 598, 611, 672, 695, 712, 735, 753, 766, 774, 867, 892, 997, 999, 1003, 1043, 1080, 1089, 1106, 1112, 1116, 1122, 1142, 1165, 1168, 1173, 1209, 1214, 1249, 1256, 1270, 1272, 1278, 1311, 1334, 1360, 1365, 1371, 1387, 1440, 1442, 1447, 1472, 1498, 1514, 1530, 1536, 1619, 1640, 1699, 1704, 1733, 1742, 1764, 1770, 1812, 1855, 1871, 1906, 1936, 2002, 2034, 2119, 2197, 2225, 2233, 2253, 2281, 2288]","[519, 888]",2300,95,2205,2,93,2205,0
-1.5,TIOPRP1A,"[9, 12, 26, 101, 149, 152, 212, 218, 233, 240, 276, 303, 315, 319, 374, 536]",[212],"[9, 12, 26, 101, 149, 152, 218, 233, 240, 276, 303, 315, 319, 374, 536]",[212],556,16,540,1,15,540,0
-1.5,U00432,"[10, 23, 44, 83, 167, 220, 234, 237, 243, 281, 290, 343, 349, 389, 425, 437, 439, 468, 470, 473, 515, 541, 598, 658, 671, 730, 772, 778, 793, 844, 867, 915, 917, 936, 948, 975, 1015, 1064, 1070, 1084, 1101, 1105, 1161, 1176, 1203, 1207, 1254, 1260, 1268, 1287, 1312, 1334, 1443, 1459, 1467]","[83, 237, 793, 1101, 1312]","[10, 23, 44, 167, 220, 234, 243, 281, 290, 343, 349, 389, 425, 437, 439, 468, 470, 473, 515, 541, 598, 658, 671, 730, 772, 778, 844, 867, 915, 917, 936, 948, 975, 1015, 1064, 1070, 1084, 1105, 1161, 1176, 1203, 1207, 1254, 1260, 1268, 1287, 1334, 1443, 1459, 1467]","[83, 237, 793, 1101, 1312]",1575,55,1520,5,50,1520,0
-1.5,U00433,"[10, 23, 36, 44, 49, 83, 87, 106, 190, 199, 250, 264, 267, 271, 305, 311, 316, 326, 369, 437, 485, 488, 540, 557, 617, 630, 689, 752, 805, 816, 828, 876, 878, 897, 936, 976, 1025, 1031, 1033, 1062, 1089, 1162, 1212, 1218, 1245, 1270, 1307, 1312, 1346, 1373, 1408, 1424, 1432]","[83, 267, 752, 1062, 1270]","[10, 23, 36, 44, 49, 87, 106, 190, 199, 250, 264, 271, 305, 311, 316, 326, 369, 437, 485, 488, 540, 557, 617, 630, 689, 805, 816, 828, 876, 878, 897, 936, 976, 1025, 1031, 1033, 1089, 1162, 1212, 1218, 1245, 1307, 1312, 1346, 1373, 1408, 1424, 1432]","[83, 267, 752, 1062, 1270]",1545,53,1492,5,48,1492,0
-1.5,U00454,"[38, 50, 66, 82, 131, 148, 168, 190, 201, 204, 228, 240, 251, 255, 259, 274, 333, 337, 413, 486, 494, 520, 530, 536, 546, 564, 596, 604, 655, 667, 670, 673, 676, 685, 687, 691, 711, 725, 727, 731, 753, 772, 815, 849, 941, 951, 1011, 1031, 1036, 1062, 1066, 1090, 1098, 1111, 1153, 1167, 1181, 1184, 1192, 1263, 1330, 1340, 1349, 1551, 1557, 1598, 1605, 1624, 1631, 1635, 1644, 1654, 1705, 1724, 1749, 1763, 1804, 1821, 1843, 1853, 1897, 1923, 1967, 1991, 1993, 2014, 2028, 2041, 2045, 2071, 2117, 2133, 2166, 2220, 2252, 2254, 2256, 2264, 2269, 2273, 2315, 2319, 2337, 2353, 2361, 2363, 2371, 2382, 2391, 2393, 2406, 2437, 2488, 2515, 2535, 2555, 2584, 2602, 2619, 2631, 2649, 2673, 2719, 2760, 2763, 2781, 2823, 2827, 2830, 2843, 2886, 2901, 2907, 2925, 2939, 2958, 2969, 2980, 2990, 3018, 3025, 3041, 3043, 3067, 3115, 3118, 3130, 3190, 3201, 3276, 3279, 3319, 3350, 3368, 3392, 3412, 3427, 3432, 3447, 3464, 3483, 3516, 3556, 3616, 3622, 3641, 3698, 3708, 3754, 3775, 3781, 3791, 3808, 3905, 3928, 3983, 4035, 4043, 4095, 4103, 4179, 4188, 4195, 4256, 4258, 4263, 4269, 4276, 4328, 4362, 4373, 4399, 4409, 4437, 4507, 4509, 4516, 4529, 4536, 4573, 4577, 4596, 4619, 4644, 4653, 4681, 4715, 4745, 4748, 4750, 4824, 4862, 4882, 4887, 4916, 4929, 4934, 4968, 5011, 5027, 5041, 5083, 5094, 5098, 5132, 5186, 5196, 5240, 5265, 5303, 5361, 5366, 5376, 5384, 5386, 5417, 5432, 5448, 5542, 5613, 5617, 5625, 5640, 5653, 5667, 5705, 5727, 5740, 5748, 5760, 5767, 5774, 5778, 5820, 5824, 5872, 5894, 5949, 5960, 6076, 6090, 6111, 6132, 6139, 6153, 6189, 6197, 6209, 6212, 6258, 6347, 6377, 6444, 6538, 6546, 6548, 6565, 6580, 6586, 6606, 6720, 6743, 6746, 6779, 6782, 6786, 6800, 6810, 6814, 6861, 6876, 6887, 6891, 6895, 6900, 6967, 6977, 6983, 6996, 7041, 7052, 7057, 7067, 7113]","[1598, 4862]","[38, 50, 66, 82, 131, 148, 168, 190, 201, 204, 228, 240, 251, 255, 259, 274, 333, 337, 413, 486, 494, 520, 530, 536, 546, 564, 596, 604, 655, 667, 670, 673, 676, 685, 687, 691, 711, 725, 727, 731, 753, 772, 815, 849, 941, 951, 1011, 1031, 1036, 1062, 1066, 1090, 1098, 1111, 1153, 1167, 1181, 1184, 1192, 1263, 1330, 1340, 1349, 1551, 1557, 1605, 1624, 1631, 1635, 1644, 1654, 1705, 1724, 1749, 1763, 1804, 1821, 1843, 1853, 1897, 1923, 1967, 1991, 1993, 2014, 2028, 2041, 2045, 2071, 2117, 2133, 2166, 2220, 2252, 2254, 2256, 2264, 2269, 2273, 2315, 2319, 2337, 2353, 2361, 2363, 2371, 2382, 2391, 2393, 2406, 2437, 2488, 2515, 2535, 2555, 2584, 2602, 2619, 2631, 2649, 2673, 2719, 2760, 2763, 2781, 2823, 2827, 2830, 2843, 2886, 2901, 2907, 2925, 2939, 2958, 2969, 2980, 2990, 3018, 3025, 3041, 3043, 3067, 3115, 3118, 3130, 3190, 3201, 3276, 3279, 3319, 3350, 3368, 3392, 3412, 3427, 3432, 3447, 3464, 3483, 3516, 3556, 3616, 3622, 3641, 3698, 3708, 3754, 3775, 3781, 3791, 3808, 3905, 3928, 3983, 4035, 4043, 4095, 4103, 4179, 4188, 4195, 4256, 4258, 4263, 4269, 4276, 4328, 4362, 4373, 4399, 4409, 4437, 4507, 4509, 4516, 4529, 4536, 4573, 4577, 4596, 4619, 4644, 4653, 4681, 4715, 4745, 4748, 4750, 4824, 4882, 4887, 4916, 4929, 4934, 4968, 5011, 5027, 5041, 5083, 5094, 5098, 5132, 5186, 5196, 5240, 5265, 5303, 5361, 5366, 5376, 5384, 5386, 5417, 5432, 5448, 5542, 5613, 5617, 5625, 5640, 5653, 5667, 5705, 5727, 5740, 5748, 5760, 5767, 5774, 5778, 5820, 5824, 5872, 5894, 5949, 5960, 6076, 6090, 6111, 6132, 6139, 6153, 6189, 6197, 6209, 6212, 6258, 6347, 6377, 6444, 6538, 6546, 6548, 6565, 6580, 6586, 6606, 6720, 6743, 6746, 6779, 6782, 6786, 6800, 6810, 6814, 6861, 6876, 6887, 6891, 6895, 6900, 6967, 6977, 6983, 6996, 7041, 7052, 7057, 7067, 7113]","[1598, 4862]",7192,304,6888,2,302,6888,0
-1.5,U00938,"[32, 34, 38, 60, 71, 75, 92, 102, 109, 143, 149, 151, 240, 247, 254, 262, 267, 331, 340, 344, 348, 414, 442, 492, 507, 519, 547, 550, 556, 595, 638, 640, 645, 681, 683, 692, 698, 763, 777, 832, 849, 882, 885, 893, 897, 912, 939, 982, 987, 1012, 1112, 1133, 1169, 1173, 1248, 1253, 1398, 1439, 1454, 1463, 1465, 1480, 1506, 1509, 1516, 1521, 1550, 1581, 1617, 1702, 1705, 1711, 1747, 1795, 1853, 1904, 1917, 1921, 1930, 1963, 2068, 2080, 2179, 2207, 2219, 2233, 2245, 2262, 2289, 2303, 2312, 2322, 2381, 2384, 2388, 2442, 2458, 2541, 2544, 2546, 2568, 2570, 2576, 2588, 2611, 2621, 2661, 2663, 2665, 2697, 2703, 2715, 2719, 2723, 2742, 2752, 2773, 2789, 2801, 2805, 2824, 2837, 2874, 2914, 2974, 3013, 3017, 3021, 3040, 3052, 3064, 3067, 3079, 3083, 3103, 3110, 3117, 3203, 3210, 3231, 3286, 3302, 3311, 3350, 3377, 3397, 3427, 3444, 3472, 3491, 3493, 3587, 3601, 3604, 3617, 3621, 3659, 3664, 3676, 3687, 3702, 3710, 3729, 3763, 3786, 3854, 3865, 3894, 3908, 3924, 3947, 3976, 4035, 4070, 4114, 4186, 4196, 4202, 4207, 4272, 4274, 4280, 4308, 4331, 4416, 4761, 4788, 4791, 4796, 4804, 4807, 4809, 4858, 4973, 5011, 5023, 5071, 5084, 5092, 5095, 5131, 5134, 5138, 5145, 5149, 5155, 5159, 5161, 5195, 5202, 5236, 5248, 5255, 5261, 5317, 5375, 5436, 5452, 5570, 5572, 5574, 5576, 5584, 5591, 5612, 5624, 5629, 5640, 5663, 5666, 5733, 5745, 5765, 5809, 5836, 5894, 5898, 5910, 5914, 5935, 5962, 5966, 5970, 6009, 6011, 6038, 6050, 6095, 6107, 6156, 6158, 6182, 6185, 6198, 6274, 6276, 6285, 6318, 6320, 6342, 6351, 6402, 6412, 6435, 6467, 6482, 6546, 6668, 6690, 6711, 6713, 6726, 6731, 6736, 6763, 6768, 6773]","[1169, 4070, 5155]","[32, 34, 38, 60, 71, 75, 92, 102, 109, 143, 149, 151, 240, 247, 254, 262, 267, 331, 340, 344, 348, 414, 442, 492, 507, 519, 547, 550, 556, 595, 638, 640, 645, 681, 683, 692, 698, 763, 777, 832, 849, 882, 885, 893, 897, 912, 939, 982, 987, 1012, 1112, 1133, 1173, 1248, 1253, 1398, 1439, 1454, 1463, 1465, 1480, 1506, 1509, 1516, 1521, 1550, 1581, 1617, 1702, 1705, 1711, 1747, 1795, 1853, 1904, 1917, 1921, 1930, 1963, 2068, 2080, 2179, 2207, 2219, 2233, 2245, 2262, 2289, 2303, 2312, 2322, 2381, 2384, 2388, 2442, 2458, 2541, 2544, 2546, 2568, 2570, 2576, 2588, 2611, 2621, 2661, 2663, 2665, 2697, 2703, 2715, 2719, 2723, 2742, 2752, 2773, 2789, 2801, 2805, 2824, 2837, 2874, 2914, 2974, 3013, 3017, 3021, 3040, 3052, 3064, 3067, 3079, 3083, 3103, 3110, 3117, 3203, 3210, 3231, 3286, 3302, 3311, 3350, 3377, 3397, 3427, 3444, 3472, 3491, 3493, 3587, 3601, 3604, 3617, 3621, 3659, 3664, 3676, 3687, 3702, 3710, 3729, 3763, 3786, 3854, 3865, 3894, 3908, 3924, 3947, 3976, 4035, 4114, 4186, 4196, 4202, 4207, 4272, 4274, 4280, 4308, 4331, 4416, 4761, 4788, 4791, 4796, 4804, 4807, 4809, 4858, 4973, 5011, 5023, 5071, 5084, 5092, 5095, 5131, 5134, 5138, 5145, 5149, 5159, 5161, 5195, 5202, 5236, 5248, 5255, 5261, 5317, 5375, 5436, 5452, 5570, 5572, 5574, 5576, 5584, 5591, 5612, 5624, 5629, 5640, 5663, 5666, 5733, 5745, 5765, 5809, 5836, 5894, 5898, 5910, 5914, 5935, 5962, 5966, 5970, 6009, 6011, 6038, 6050, 6095, 6107, 6156, 6158, 6182, 6185, 6198, 6274, 6276, 6285, 6318, 6320, 6342, 6351, 6402, 6412, 6435, 6467, 6482, 6546, 6668, 6690, 6711, 6713, 6726, 6731, 6736, 6763, 6768, 6773]","[1169, 4070, 5155]",6780,277,6503,3,274,6503,0
-1.5,U01026,"[9, 28, 44, 52, 88, 140, 150, 152, 203, 262, 270, 348, 350, 419, 428, 433, 492, 504, 507, 525, 545, 580, 643, 687, 725, 770, 824, 848, 853, 901, 978, 1016, 1024, 1045, 1105, 1114, 1148, 1153, 1155, 1207, 1227, 1236, 1292, 1308, 1342, 1348, 1357, 1364, 1368, 1381, 1419, 1444, 1460, 1490, 1507, 1528, 1531, 1597, 1612, 1627, 1641, 1667, 1670, 1677, 1703, 1746, 1750, 1754, 1775, 1881, 1887, 1902, 1927, 1994, 2006, 2065, 2071, 2089, 2154, 2173, 2296, 2316, 2347, 2353, 2530, 2534, 2537, 2541, 2559, 2626, 2636, 2651, 2714, 2760, 2779, 2809, 2826, 2830, 2865, 2896, 2979, 3017, 3028, 3079, 3194]","[1364, 1746, 2537]","[9, 28, 44, 52, 88, 140, 150, 152, 203, 262, 270, 348, 350, 419, 428, 433, 492, 504, 507, 525, 545, 580, 643, 687, 725, 770, 824, 848, 853, 901, 978, 1016, 1024, 1045, 1105, 1114, 1148, 1153, 1155, 1207, 1227, 1236, 1292, 1308, 1342, 1348, 1357, 1368, 1381, 1419, 1444, 1460, 1490, 1507, 1528, 1531, 1597, 1612, 1627, 1641, 1667, 1670, 1677, 1703, 1750, 1754, 1775, 1881, 1887, 1902, 1927, 1994, 2006, 2065, 2071, 2089, 2154, 2173, 2296, 2316, 2347, 2353, 2530, 2534, 2541, 2559, 2626, 2636, 2651, 2714, 2760, 2779, 2809, 2826, 2830, 2865, 2896, 2979, 3017, 3028, 3079, 3194]","[1364, 1746, 2537]",3216,105,3111,3,102,3111,0
-1.5,U01027,"[26, 50, 55, 103, 180, 218, 226, 248, 309, 318, 352, 357, 359, 414, 434, 443, 499, 515, 549, 555, 564, 571, 575, 588, 625, 645, 661, 691, 708, 729, 732, 798, 813, 851, 904, 947, 951, 955, 976, 1082, 1088, 1103, 1128, 1195, 1207, 1266, 1272, 1290, 1294, 1355, 1374, 1506, 1526, 1619, 1651, 1692, 1696, 1710, 1714, 1732, 1792, 1799, 1809, 1824, 1887, 1933, 1952, 1982, 1999, 2003, 2013, 2038, 2048, 2054, 2151, 2192, 2358, 2410, 2415, 2568, 2625, 2730, 2735, 2740]","[571, 947, 1710]","[26, 50, 55, 103, 180, 218, 226, 248, 309, 318, 352, 357, 359, 414, 434, 443, 499, 515, 549, 555, 564, 575, 588, 625, 645, 661, 691, 708, 729, 732, 798, 813, 851, 904, 951, 955, 976, 1082, 1088, 1103, 1128, 1195, 1207, 1266, 1272, 1290, 1294, 1355, 1374, 1506, 1526, 1619, 1651, 1692, 1696, 1714, 1732, 1792, 1799, 1809, 1824, 1887, 1933, 1952, 1982, 1999, 2003, 2013, 2038, 2048, 2054, 2151, 2192, 2358, 2410, 2415, 2568, 2625, 2730, 2735, 2740]","[571, 947, 1710]",2761,84,2677,3,81,2677,0
-1.5,U01844,"[26, 64, 68, 77, 82, 94, 117, 182, 210, 212, 217, 230, 267, 299, 304, 316, 340, 343, 434, 476, 490, 515, 541, 554, 561, 587, 593, 596, 613, 619, 623, 635, 653, 663, 679, 684, 766, 874, 881, 927, 965, 989, 1009, 1028, 1070, 1082, 1094, 1142, 1163, 1180, 1197, 1243, 1307, 1330, 1335, 1337, 1450, 1462, 1472, 1474, 1503, 1505, 1517, 1525, 1559, 1571, 1589, 1593, 1599, 1602, 1609, 1618, 1650, 1703, 1770, 1803, 1814, 1877, 1919, 1955, 1986, 1990, 2001, 2003, 2007, 2014, 2019, 2038, 2090, 2141, 2219, 2244, 2250, 2273, 2292, 2309, 2328, 2395, 2411, 2474, 2513, 2531, 2553, 2572, 2576, 2585, 2653, 2685, 2717, 2720, 2792, 2817, 2935, 3010, 3057, 3097, 3113, 3134, 3140, 3142, 3172, 3175, 3211, 3224, 3240, 3253, 3256, 3355, 3393, 3403, 3408, 3478, 3495, 3498, 3520, 3531, 3580, 3608, 3682, 3720, 3749, 3781, 3804, 3843, 3868, 3876, 3905, 3912, 3984, 3991, 4005, 4037, 4080, 4082, 4084, 4088, 4094, 4102, 4108, 4116, 4127, 4130, 4143, 4196, 4198, 4207]","[1986, 2141, 2474, 2653, 3211]","[26, 64, 68, 77, 82, 94, 117, 182, 210, 212, 217, 230, 267, 299, 304, 316, 340, 343, 434, 476, 490, 515, 541, 554, 561, 587, 593, 596, 613, 619, 623, 635, 653, 663, 679, 684, 766, 874, 881, 927, 965, 989, 1009, 1028, 1070, 1082, 1094, 1142, 1163, 1180, 1197, 1243, 1307, 1330, 1335, 1337, 1450, 1462, 1472, 1474, 1503, 1505, 1517, 1525, 1559, 1571, 1589, 1593, 1599, 1602, 1609, 1618, 1650, 1703, 1770, 1803, 1814, 1877, 1919, 1955, 1990, 2001, 2003, 2007, 2014, 2019, 2038, 2090, 2219, 2244, 2250, 2273, 2292, 2309, 2328, 2395, 2411, 2513, 2531, 2553, 2572, 2576, 2585, 2685, 2717, 2720, 2792, 2817, 2935, 3010, 3057, 3097, 3113, 3134, 3140, 3142, 3172, 3175, 3224, 3240, 3253, 3256, 3355, 3393, 3403, 3408, 3478, 3495, 3498, 3520, 3531, 3580, 3608, 3682, 3720, 3749, 3781, 3804, 3843, 3868, 3876, 3905, 3912, 3984, 3991, 4005, 4037, 4080, 4082, 4084, 4088, 4094, 4102, 4108, 4116, 4127, 4130, 4143, 4196, 4198, 4207]","[1986, 2141, 2474, 2653, 3211]",4219,166,4053,5,161,4053,0
-1.5,XELCRPGA,"[5, 60, 95, 121, 123, 274, 279, 285, 314, 340, 407, 421, 497, 508, 559, 583, 631, 641, 709, 721, 726, 730, 737, 786, 818, 837, 842, 861, 885, 892, 903, 958, 1006, 1021, 1023, 1058, 1096, 1103, 1145, 1188, 1230, 1238, 1307, 1328, 1330, 1343, 1400, 1419, 1422, 1424, 1520, 1591, 1594, 1616, 1641, 1669, 1680, 1686, 1742, 1779, 1781, 1805, 1811, 1871, 1883, 1888, 2000, 2002, 2006, 2023, 2029, 2062, 2129, 2139, 2143, 2159, 2224, 2232, 2252, 2269, 2377, 2392, 2431, 2438, 2445, 2492, 2504, 2575, 2699, 2707, 2779, 2788, 2802, 2815, 2838, 2876, 2906, 2920, 2929, 2953, 2961, 2983, 3010, 3071, 3093, 3163, 3178, 3183, 3197, 3199, 3226, 3252, 3302, 3335, 3338, 3364, 3368, 3377, 3390, 3400, 3427, 3432, 3497, 3525, 3527, 3551, 3564, 3580, 3604, 3611, 3626, 3641, 3701, 3735, 3739, 3770, 3781, 3794, 3798, 3829, 3831, 3849, 3852, 3886]",[1096],"[5, 60, 95, 121, 123, 274, 279, 285, 314, 340, 407, 421, 497, 508, 559, 583, 631, 641, 709, 721, 726, 730, 737, 786, 818, 837, 842, 861, 885, 892, 903, 958, 1006, 1021, 1023, 1058, 1103, 1145, 1188, 1230, 1238, 1307, 1328, 1330, 1343, 1400, 1419, 1422, 1424, 1520, 1591, 1594, 1616, 1641, 1669, 1680, 1686, 1742, 1779, 1781, 1805, 1811, 1871, 1883, 1888, 2000, 2002, 2006, 2023, 2029, 2062, 2129, 2139, 2143, 2159, 2224, 2232, 2252, 2269, 2377, 2392, 2431, 2438, 2445, 2492, 2504, 2575, 2699, 2707, 2779, 2788, 2802, 2815, 2838, 2876, 2906, 2920, 2929, 2953, 2961, 2983, 3010, 3071, 3093, 3163, 3178, 3183, 3197, 3199, 3226, 3252, 3302, 3335, 3338, 3364, 3368, 3377, 3390, 3400, 3427, 3432, 3497, 3525, 3527, 3551, 3564, 3580, 3604, 3611, 3626, 3641, 3701, 3735, 3739, 3770, 3781, 3794, 3798, 3829, 3831, 3849, 3852, 3886]",[1096],3891,144,3747,1,143,3747,0
-1.5,XELCRYB,"[8, 62, 75, 125, 127, 129, 155, 162, 170, 179, 196, 200, 204, 237, 258, 313, 332, 355, 372, 384, 398, 420, 481, 484, 538, 575, 582, 592, 605, 609, 706, 816, 832, 867, 885, 894, 911, 916, 945, 990, 1001, 1037, 1127, 1185, 1208, 1238, 1247, 1295, 1309, 1326, 1330, 1361, 1370, 1372, 1378, 1398, 1417, 1432, 1460, 1462, 1469, 1500, 1504, 1514, 1699, 1719, 1721, 1768, 1772, 1807, 1905, 1944, 1952, 1995]","[706, 1326]","[8, 62, 75, 125, 127, 129, 155, 162, 170, 179, 196, 200, 204, 237, 258, 313, 332, 355, 372, 384, 398, 420, 481, 484, 538, 575, 582, 592, 605, 609, 816, 832, 867, 885, 894, 911, 916, 945, 990, 1001, 1037, 1127, 1185, 1208, 1238, 1247, 1295, 1309, 1330, 1361, 1370, 1372, 1378, 1398, 1417, 1432, 1460, 1462, 1469, 1500, 1504, 1514, 1699, 1719, 1721, 1768, 1772, 1807, 1905, 1944, 1952, 1995]","[706, 1326]",2049,74,1975,2,72,1975,0
-1.5,XELHBBC,"[11, 32, 37, 39, 68, 81, 104, 178, 196, 229, 263, 267, 316, 350, 388, 404, 414, 434, 454, 461, 514, 543, 556, 564, 567, 657, 678, 715, 724, 837, 851, 858, 964, 989, 1057, 1062, 1089, 1186, 1189, 1206, 1233, 1242, 1290, 1293, 1304, 1310, 1352, 1367, 1384, 1405, 1408, 1413, 1418, 1432, 1455, 1526, 1637, 1729, 1739, 1784, 1832, 1844, 1887, 1916, 1969, 1978]","[263, 678]","[11, 32, 37, 39, 68, 81, 104, 178, 196, 229, 267, 316, 350, 388, 404, 414, 434, 454, 461, 514, 543, 556, 564, 567, 657, 715, 724, 837, 851, 858, 964, 989, 1057, 1062, 1089, 1186, 1189, 1206, 1233, 1242, 1290, 1293, 1304, 1310, 1352, 1367, 1384, 1405, 1408, 1413, 1418, 1432, 1455, 1526, 1637, 1729, 1739, 1784, 1832, 1844, 1887, 1916, 1969, 1978]","[263, 678]",1981,66,1915,2,64,1915,0
-1.5,XLACTA,"[8, 56, 108, 131, 145, 165, 184, 192, 278, 307, 309, 313, 322, 330, 361, 369, 372, 404, 442, 444, 483, 497, 553, 623, 635, 701, 813, 822, 862, 923, 938, 941, 957, 969, 983, 1044, 1084, 1098, 1201, 1203, 1226, 1242, 1260, 1286, 1349, 1382, 1414, 1466, 1587, 1596, 1699, 1712, 1715, 1740, 1758, 1769, 1791, 1807, 1812, 1818, 1865, 1912, 1938, 1941, 2047, 2062, 2094, 2121, 2129, 2182, 2186, 2191, 2198, 2228, 2260, 2299, 2357, 2366, 2368, 2375, 2381, 2464, 2466, 2492, 2494, 2505, 2516, 2526, 2550, 2555, 2570, 2583, 2591, 2610, 2624, 2648, 2654, 2668, 2790, 2827, 2837, 2890, 2962, 3010, 3030, 3041, 3135, 3148, 3197, 3229, 3284, 3294, 3320, 3351, 3357, 3398, 3422, 3459, 3469, 3477, 3498, 3516, 3544, 3552, 3556, 3579, 3607, 3623, 3640, 3703, 3705, 3766, 3788, 3815, 3819, 3859, 3868, 3913, 3976, 3994, 4000, 4002, 4014, 4030, 4057, 4075, 4138, 4156, 4200, 4203, 4233, 4242, 4272, 4296, 4305, 4311, 4335, 4346, 4370, 4379, 4385, 4409, 4420, 4444, 4453, 4483, 4494, 4518, 4527, 4533, 4557, 4568, 4592, 4594, 4667, 4781, 4804, 4845, 4849, 4905, 4918, 4946, 4961, 4995, 5012, 5022, 5035, 5045, 5048, 5058, 5066, 5078, 5128, 5155, 5203, 5223, 5242, 5312, 5316, 5338, 5353, 5406, 5441, 5483, 5503, 5509, 5550, 5561, 5611, 5654, 5665, 5701, 5720, 5733, 5766, 5795, 5803, 5849, 5898, 5902, 5943, 5946, 5949]","[2591, 3868, 4138, 4845, 5128]","[8, 56, 108, 131, 145, 165, 184, 192, 278, 307, 309, 313, 322, 330, 361, 369, 372, 404, 442, 444, 483, 497, 553, 623, 635, 701, 813, 822, 862, 923, 938, 941, 957, 969, 983, 1044, 1084, 1098, 1201, 1203, 1226, 1242, 1260, 1286, 1349, 1382, 1414, 1466, 1587, 1596, 1699, 1712, 1715, 1740, 1758, 1769, 1791, 1807, 1812, 1818, 1865, 1912, 1938, 1941, 2047, 2062, 2094, 2121, 2129, 2182, 2186, 2191, 2198, 2228, 2260, 2299, 2357, 2366, 2368, 2375, 2381, 2464, 2466, 2492, 2494, 2505, 2516, 2526, 2550, 2555, 2570, 2583, 2610, 2624, 2648, 2654, 2668, 2790, 2827, 2837, 2890, 2962, 3010, 3030, 3041, 3135, 3148, 3197, 3229, 3284, 3294, 3320, 3351, 3357, 3398, 3422, 3459, 3469, 3477, 3498, 3516, 3544, 3552, 3556, 3579, 3607, 3623, 3640, 3703, 3705, 3766, 3788, 3815, 3819, 3859, 3913, 3976, 3994, 4000, 4002, 4014, 4030, 4057, 4075, 4156, 4200, 4203, 4233, 4242, 4272, 4296, 4305, 4311, 4335, 4346, 4370, 4379, 4385, 4409, 4420, 4444, 4453, 4483, 4494, 4518, 4527, 4533, 4557, 4568, 4592, 4594, 4667, 4781, 4804, 4849, 4905, 4918, 4946, 4961, 4995, 5012, 5022, 5035, 5045, 5048, 5058, 5066, 5078, 5155, 5203, 5223, 5242, 5312, 5316, 5338, 5353, 5406, 5441, 5483, 5503, 5509, 5550, 5561, 5611, 5654, 5665, 5701, 5720, 5733, 5766, 5795, 5803, 5849, 5898, 5902, 5943, 5946, 5949]","[2591, 3868, 4138, 4845, 5128]",5946,223,5723,5,218,5723,0
-1.5,XLACTCAG,"[42, 65, 76, 114, 122, 138, 153, 230, 258, 267, 279, 352, 357, 361, 370, 385, 422, 442, 476, 478, 482, 503, 571, 755, 820, 831, 835, 842, 855, 880, 920, 1019, 1069, 1089, 1093, 1145, 1147, 1154, 1161, 1176, 1193, 1199, 1201, 1222, 1240, 1250, 1256, 1263, 1273, 1309, 1338, 1348, 1371, 1374, 1388, 1394, 1406, 1411, 1433, 1515, 1549, 1600, 1605, 1609, 1611, 1613, 1638, 1651, 1654, 1663, 1670, 1700, 1795, 1819, 1827, 1849, 1928, 1978, 2009, 2015, 2028, 2046, 2063, 2094, 2098, 2107, 2111, 2166, 2200, 2208, 2220, 2239, 2276, 2292, 2294, 2346, 2348, 2374, 2376, 2398, 2409, 2432, 2437, 2452, 2456, 2465, 2473, 2523, 2565, 2573, 2582, 2675, 2688, 2720, 2725, 2798, 2812, 2824, 2860, 2867, 2889, 2906, 2936, 2956, 2963, 3010, 3023, 3027, 3076, 3098, 3128, 3143, 3155, 3157, 3203, 3237, 3290, 3298, 3302, 3308, 3325, 3329, 3353, 3369, 3386, 3449, 3451, 3512, 3534, 3561, 3580, 3591, 3602, 3605, 3614, 3652, 3673, 3679, 3713, 3720, 3732, 3779, 3801, 3839, 3887, 3930, 3999, 4007, 4013, 4019, 4032, 4041, 4048, 4127, 4140, 4176, 4202, 4237, 4252, 4256, 4260, 4289, 4306, 4354, 4362, 4364, 4390, 4412, 4444, 4464, 4497, 4521, 4556, 4698, 4714, 4769, 4787, 4793, 4823, 4850, 4865, 4907, 4921, 4931, 5055, 5061, 5109, 5116, 5140, 5198, 5226, 5294, 5315, 5384, 5388, 5407, 5493, 5498, 5520, 5562, 5629, 5636, 5655, 5683, 5723, 5742, 5746, 5896, 5898, 5961, 5988, 6002, 6009, 6036, 6113, 6137, 6142, 6171, 6279, 6294, 6355, 6378, 6381, 6391, 6399, 6461, 6506, 6546, 6576, 6580, 6628, 6730, 6756, 6764, 6767, 6787, 6812, 6817, 6835, 6842, 6857, 6918, 6929, 6939, 6979, 7022, 7033, 7078, 7088, 7112, 7118, 7123, 7173, 7188, 7190, 7251, 7263, 7265, 7267, 7303, 7325, 7333, 7341, 7347, 7367, 7402, 7511, 7516, 7626, 7644, 7805, 7853, 7857, 7971, 7974, 8007, 8024, 8085, 8098, 8168, 8182, 8248, 8347, 8358, 8373, 8396, 8410, 8414, 8429, 8461, 8482, 8492, 8513, 8519, 8572, 8590, 8635, 8675, 8752, 8765, 8767, 8862, 8864, 8866, 8892, 8900]","[2473, 3614, 4931, 5562, 6461]","[42, 65, 76, 114, 122, 138, 153, 230, 258, 267, 279, 352, 357, 361, 370, 385, 422, 442, 476, 478, 482, 503, 571, 755, 820, 831, 835, 842, 855, 880, 920, 1019, 1069, 1089, 1093, 1145, 1147, 1154, 1161, 1176, 1193, 1199, 1201, 1222, 1240, 1250, 1256, 1263, 1273, 1309, 1338, 1348, 1371, 1374, 1388, 1394, 1406, 1411, 1433, 1515, 1549, 1600, 1605, 1609, 1611, 1613, 1638, 1651, 1654, 1663, 1670, 1700, 1795, 1819, 1827, 1849, 1928, 1978, 2009, 2015, 2028, 2046, 2063, 2094, 2098, 2107, 2111, 2166, 2200, 2208, 2220, 2239, 2276, 2292, 2294, 2346, 2348, 2374, 2376, 2398, 2409, 2432, 2437, 2452, 2456, 2465, 2523, 2565, 2573, 2582, 2675, 2688, 2720, 2725, 2798, 2812, 2824, 2860, 2867, 2889, 2906, 2936, 2956, 2963, 3010, 3023, 3027, 3076, 3098, 3128, 3143, 3155, 3157, 3203, 3237, 3290, 3298, 3302, 3308, 3325, 3329, 3353, 3369, 3386, 3449, 3451, 3512, 3534, 3561, 3580, 3591, 3602, 3605, 3652, 3673, 3679, 3713, 3720, 3732, 3779, 3801, 3839, 3887, 3930, 3999, 4007, 4013, 4019, 4032, 4041, 4048, 4127, 4140, 4176, 4202, 4237, 4252, 4256, 4260, 4289, 4306, 4354, 4362, 4364, 4390, 4412, 4444, 4464, 4497, 4521, 4556, 4698, 4714, 4769, 4787, 4793, 4823, 4850, 4865, 4907, 4921, 5055, 5061, 5109, 5116, 5140, 5198, 5226, 5294, 5315, 5384, 5388, 5407, 5493, 5498, 5520, 5629, 5636, 5655, 5683, 5723, 5742, 5746, 5896, 5898, 5961, 5988, 6002, 6009, 6036, 6113, 6137, 6142, 6171, 6279, 6294, 6355, 6378, 6381, 6391, 6399, 6506, 6546, 6576, 6580, 6628, 6730, 6756, 6764, 6767, 6787, 6812, 6817, 6835, 6842, 6857, 6918, 6929, 6939, 6979, 7022, 7033, 7078, 7088, 7112, 7118, 7123, 7173, 7188, 7190, 7251, 7263, 7265, 7267, 7303, 7325, 7333, 7341, 7347, 7367, 7402, 7511, 7516, 7626, 7644, 7805, 7853, 7857, 7971, 7974, 8007, 8024, 8085, 8098, 8168, 8182, 8248, 8347, 8358, 8373, 8396, 8410, 8414, 8429, 8461, 8482, 8492, 8513, 8519, 8572, 8590, 8635, 8675, 8752, 8765, 8767, 8862, 8864, 8866, 8892, 8900]","[2473, 3614, 4931, 5562, 6461]",8900,326,8574,5,321,8574,0
-1.5,XLBGL3,"[22, 115, 143, 148, 189, 191, 299, 307, 338, 343, 350, 388, 437, 448, 452, 460, 464, 468, 544, 558, 564, 584, 587, 606, 614, 692, 725, 735, 772, 818, 833, 876, 882, 894, 959, 982, 1013, 1040, 1044, 1061, 1073, 1121, 1154, 1175, 1225, 1272, 1299, 1337, 1390, 1412, 1428, 1438, 1448, 1454, 1519, 1551, 1594, 1607, 1691, 1707, 1717, 1728, 1730, 1732, 1749, 1778, 1797, 1820, 1824, 1851, 1855, 1860, 1878, 1901, 1942, 1956, 1960, 1969, 1981, 1996, 2126, 2144, 2155, 2161, 2242, 2336, 2421, 2443, 2487, 2534, 2544, 2550, 2582, 2612, 2614, 2638, 2747, 2763, 2819, 2834, 2847, 2860, 2871, 2908, 2911]","[388, 1175]","[22, 115, 143, 148, 189, 191, 299, 307, 338, 343, 350, 437, 448, 452, 460, 464, 468, 544, 558, 564, 584, 587, 606, 614, 692, 725, 735, 772, 818, 833, 876, 882, 894, 959, 982, 1013, 1040, 1044, 1061, 1073, 1121, 1154, 1225, 1272, 1299, 1337, 1390, 1412, 1428, 1438, 1448, 1454, 1519, 1551, 1594, 1607, 1691, 1707, 1717, 1728, 1730, 1732, 1749, 1778, 1797, 1820, 1824, 1851, 1855, 1860, 1878, 1901, 1942, 1956, 1960, 1969, 1981, 1996, 2126, 2144, 2155, 2161, 2242, 2336, 2421, 2443, 2487, 2534, 2544, 2550, 2582, 2612, 2614, 2638, 2747, 2763, 2819, 2834, 2847, 2860, 2871, 2908, 2911]","[388, 1175]",2964,105,2859,2,103,2859,0
-1.5,XLGLAA1,"[6, 8, 131, 137, 187, 194, 250, 266, 371, 455, 481, 502, 533, 540, 546, 559, 563, 590, 594, 598, 633, 640, 650, 659, 680, 759, 806, 820, 860, 889, 935, 963, 1043, 1087, 1102, 1113, 1185]","[137, 502]","[6, 8, 131, 187, 194, 250, 266, 371, 455, 481, 533, 540, 546, 559, 563, 590, 594, 598, 633, 640, 650, 659, 680, 759, 806, 820, 860, 889, 935, 963, 1043, 1087, 1102, 1113, 1185]","[137, 502]",1192,37,1155,2,35,1155,0
-1.5,XLGLAA2,"[6, 119, 132, 138, 223, 248, 269, 324, 498, 519, 537, 566, 572, 586, 601, 605, 610, 655, 677, 696, 735, 768, 772, 875, 904, 950, 978, 1057, 1101, 1142, 1163]","[138, 519]","[6, 119, 132, 223, 248, 269, 324, 498, 537, 566, 572, 586, 601, 605, 610, 655, 677, 696, 735, 768, 772, 875, 904, 950, 978, 1057, 1101, 1142, 1163]","[138, 519]",1192,31,1161,2,29,1161,0
-1.5,XLK81A1G,"[34, 67, 85, 89, 197, 210, 232, 267, 326, 367, 408, 418, 424, 466, 489, 571, 590, 610, 615, 672, 721, 782, 820, 865, 887, 897, 904, 935, 984, 987, 1050, 1053, 1068, 1099, 1103, 1141, 1177, 1182, 1222, 1227, 1257, 1259, 1267, 1289, 1326, 1412, 1475, 1484, 1487, 1489, 1493, 1517, 1544, 1556, 1595, 1618, 1664, 1671, 1700, 1707, 1759, 1774, 1838, 1854, 1882, 1890, 1911, 1917, 1974, 2013, 2018, 2024, 2033, 2108, 2126, 2160, 2241, 2294, 2301, 2327, 2340, 2343, 2369, 2392, 2454, 2468, 2498, 2536, 2577, 2606, 2608, 2615, 2633, 2734, 2780, 2818, 2822, 2834, 2842, 2855, 2889, 2900, 2906, 2928, 2930, 3013, 3026, 3067, 3075, 3083, 3087, 3097, 3104, 3145, 3149, 3182, 3214, 3216, 3240, 3248, 3266, 3286, 3314, 3329, 3339, 3386, 3388, 3406, 3409, 3432, 3436, 3447, 3463, 3485, 3531, 3571, 3640, 3647, 3741, 3768, 3849, 3860, 3909, 3925, 3933, 3954, 4023, 4048, 4097, 4127, 4136, 4149, 4154, 4170, 4176, 4277, 4281, 4316, 4330, 4339, 4421, 4425, 4429, 4453, 4459, 4481, 4503, 4509, 4557, 4573, 4579, 4626, 4640, 4694, 4769, 4790, 4793, 4805, 4820, 4825, 4888, 4948, 4953, 5028, 5044, 5075, 5135, 5142, 5146, 5170, 5174, 5223, 5225, 5284, 5318, 5329, 5361, 5396, 5398, 5412, 5439, 5471, 5497, 5519, 5521, 5559, 5588, 5633, 5672, 5719, 5749, 5772, 5867]","[1759, 2294, 2734, 3026, 3531, 3849, 4170]","[34, 67, 85, 89, 197, 210, 232, 267, 326, 367, 408, 418, 424, 466, 489, 571, 590, 610, 615, 672, 721, 782, 820, 865, 887, 897, 904, 935, 984, 987, 1050, 1053, 1068, 1099, 1103, 1141, 1177, 1182, 1222, 1227, 1257, 1259, 1267, 1289, 1326, 1412, 1475, 1484, 1487, 1489, 1493, 1517, 1544, 1556, 1595, 1618, 1664, 1671, 1700, 1707, 1774, 1838, 1854, 1882, 1890, 1911, 1917, 1974, 2013, 2018, 2024, 2033, 2108, 2126, 2160, 2241, 2301, 2327, 2340, 2343, 2369, 2392, 2454, 2468, 2498, 2536, 2577, 2606, 2608, 2615, 2633, 2780, 2818, 2822, 2834, 2842, 2855, 2889, 2900, 2906, 2928, 2930, 3013, 3067, 3075, 3083, 3087, 3097, 3104, 3145, 3149, 3182, 3214, 3216, 3240, 3248, 3266, 3286, 3314, 3329, 3339, 3386, 3388, 3406, 3409, 3432, 3436, 3447, 3463, 3485, 3571, 3640, 3647, 3741, 3768, 3860, 3909, 3925, 3933, 3954, 4023, 4048, 4097, 4127, 4136, 4149, 4154, 4176, 4277, 4281, 4316, 4330, 4339, 4421, 4425, 4429, 4453, 4459, 4481, 4503, 4509, 4557, 4573, 4579, 4626, 4640, 4694, 4769, 4790, 4793, 4805, 4820, 4825, 4888, 4948, 4953, 5028, 5044, 5075, 5135, 5142, 5146, 5170, 5174, 5223, 5225, 5284, 5318, 5329, 5361, 5396, 5398, 5412, 5439, 5471, 5497, 5519, 5521, 5559, 5588, 5633, 5672, 5719, 5749, 5772, 5867]","[1759, 2294, 2734, 3026, 3531, 3849, 4170]",5892,213,5679,7,206,5679,0
-1.5,XLRPL14,"[5, 95, 102, 107, 122, 193, 204, 240, 309, 316, 334, 377, 388, 406, 453, 494, 525, 551, 662, 676, 700, 709, 732, 789, 823, 831, 847, 912, 967, 1003, 1014, 1025, 1027, 1034, 1040, 1042, 1051, 1070, 1072, 1136, 1141, 1158, 1165, 1232, 1258, 1292, 1296, 1354, 1397, 1407, 1443, 1445, 1450, 1499, 1507, 1544, 1578, 1601, 1605, 1615, 1626, 1681, 1817, 1837, 1885, 1891, 1908, 1927, 1934, 1960, 2001, 2024, 2027, 2037, 2087, 2091, 2098, 2118, 2125, 2129, 2140, 2145, 2166, 2168, 2175, 2187, 2196, 2202, 2217, 2219, 2238, 2248, 2290, 2303, 2319, 2327, 2362, 2409, 2418, 2432, 2436, 2482, 2550, 2560, 2565, 2576, 2589, 2624, 2634, 2666, 2682, 2705, 2713, 2717, 2743, 2767, 2785, 2798, 2805, 2819, 2856, 2862, 2874, 2896, 2926, 2932, 2961, 2994, 2997, 3008, 3035, 3051, 3055, 3085, 3089, 3103, 3219, 3230, 3253, 3278, 3304, 3314, 3439, 3458, 3460, 3538, 3609, 3635, 3647, 3651, 3664, 3688, 3695, 3722, 3726, 3759, 3762, 3772, 3781, 3783, 3842, 3847, 3864, 3874, 3878, 3883, 3897, 3915, 3917, 3923, 3928, 3964, 3968, 3975, 4013, 4037, 4039, 4100, 4151, 4184, 4199, 4206, 4208, 4263, 4265, 4275, 4277, 4305, 4322, 4327, 4334, 4347, 4366, 4430, 4434, 4438, 4525, 4547, 4554, 4586, 4613, 4649, 4750, 4831, 4846, 4904, 4921, 4924, 4927, 4934, 4948, 4978, 4983, 4995, 5008, 5038, 5061, 5068, 5116, 5151, 5176, 5201, 5232, 5234, 5263, 5279, 5287, 5300, 5356, 5369, 5372, 5456, 5458, 5505, 5546, 5559, 5565, 5748, 5764, 5766, 5770, 5788, 5805, 5826, 5856, 5860, 5864, 5920, 5936, 5939, 5976, 5992, 5994, 6051, 6056, 6130, 6146, 6168, 6228, 6235, 6242, 6324, 6328, 6344, 6438, 6452, 6481, 6485, 6512, 6522, 6622, 6731, 6738, 6764, 6777, 6785, 6798, 6804, 6873, 6885, 6895, 6910, 6912, 6948, 6981, 7052, 7058, 7150, 7153, 7158, 7179, 7239, 7269, 7271, 7293, 7301, 7341, 7354, 7378, 7389, 7391, 7393, 7442, 7459, 7464, 7469, 7476, 7501, 7570, 7612, 7618, 7662, 7665, 7672, 7677, 7683, 7692, 7700, 7729, 7805, 7813, 7819, 7840, 7849, 7854, 7882, 7894, 7904, 8065, 8125, 8206, 8225, 8229, 8231, 8236, 8254, 8261, 8278, 8291, 8298, 8365, 8486, 8527, 8533, 8539, 8548, 8563, 8567, 8588, 8593, 8610, 8614, 8616, 8647, 8659, 8674, 8713, 8732, 8758, 8766, 8829, 8849, 8921, 8965, 8969, 8976, 8988, 9004, 9027, 9045, 9051, 9072, 9076, 9093, 9108]","[912, 1891, 2087, 4978, 5356, 7904]","[5, 95, 102, 107, 122, 193, 204, 240, 309, 316, 334, 377, 388, 406, 453, 494, 525, 551, 662, 676, 700, 709, 732, 789, 823, 831, 847, 967, 1003, 1014, 1025, 1027, 1034, 1040, 1042, 1051, 1070, 1072, 1136, 1141, 1158, 1165, 1232, 1258, 1292, 1296, 1354, 1397, 1407, 1443, 1445, 1450, 1499, 1507, 1544, 1578, 1601, 1605, 1615, 1626, 1681, 1817, 1837, 1885, 1908, 1927, 1934, 1960, 2001, 2024, 2027, 2037, 2091, 2098, 2118, 2125, 2129, 2140, 2145, 2166, 2168, 2175, 2187, 2196, 2202, 2217, 2219, 2238, 2248, 2290, 2303, 2319, 2327, 2362, 2409, 2418, 2432, 2436, 2482, 2550, 2560, 2565, 2576, 2589, 2624, 2634, 2666, 2682, 2705, 2713, 2717, 2743, 2767, 2785, 2798, 2805, 2819, 2856, 2862, 2874, 2896, 2926, 2932, 2961, 2994, 2997, 3008, 3035, 3051, 3055, 3085, 3089, 3103, 3219, 3230, 3253, 3278, 3304, 3314, 3439, 3458, 3460, 3538, 3609, 3635, 3647, 3651, 3664, 3688, 3695, 3722, 3726, 3759, 3762, 3772, 3781, 3783, 3842, 3847, 3864, 3874, 3878, 3883, 3897, 3915, 3917, 3923, 3928, 3964, 3968, 3975, 4013, 4037, 4039, 4100, 4151, 4184, 4199, 4206, 4208, 4263, 4265, 4275, 4277, 4305, 4322, 4327, 4334, 4347, 4366, 4430, 4434, 4438, 4525, 4547, 4554, 4586, 4613, 4649, 4750, 4831, 4846, 4904, 4921, 4924, 4927, 4934, 4948, 4983, 4995, 5008, 5038, 5061, 5068, 5116, 5151, 5176, 5201, 5232, 5234, 5263, 5279, 5287, 5300, 5369, 5372, 5456, 5458, 5505, 5546, 5559, 5565, 5748, 5764, 5766, 5770, 5788, 5805, 5826, 5856, 5860, 5864, 5920, 5936, 5939, 5976, 5992, 5994, 6051, 6056, 6130, 6146, 6168, 6228, 6235, 6242, 6324, 6328, 6344, 6438, 6452, 6481, 6485, 6512, 6522, 6622, 6731, 6738, 6764, 6777, 6785, 6798, 6804, 6873, 6885, 6895, 6910, 6912, 6948, 6981, 7052, 7058, 7150, 7153, 7158, 7179, 7239, 7269, 7271, 7293, 7301, 7341, 7354, 7378, 7389, 7391, 7393, 7442, 7459, 7464, 7469, 7476, 7501, 7570, 7612, 7618, 7662, 7665, 7672, 7677, 7683, 7692, 7700, 7729, 7805, 7813, 7819, 7840, 7849, 7854, 7882, 7894, 8065, 8125, 8206, 8225, 8229, 8231, 8236, 8254, 8261, 8278, 8291, 8298, 8365, 8486, 8527, 8533, 8539, 8548, 8563, 8567, 8588, 8593, 8610, 8614, 8616, 8647, 8659, 8674, 8713, 8732, 8758, 8766, 8829, 8849, 8921, 8965, 8969, 8976, 8988, 9004, 9027, 9045, 9051, 9072, 9076, 9093, 9108]","[912, 1891, 2087, 4978, 5356, 7904]",9116,375,8741,6,369,8741,0
-1.5,XLRPL1AG,"[30, 39, 44, 59, 288, 308, 332, 339, 343, 356, 363, 367, 394, 417, 423, 469, 478, 503, 512, 543, 547, 602, 634, 638, 643, 654, 656, 693, 722, 774, 776, 783, 804, 812, 908, 929, 962, 998, 1061, 1063, 1071, 1078, 1085, 1144, 1149, 1153, 1162, 1166, 1181, 1235, 1311, 1313, 1339, 1362, 1393, 1449, 1482, 1531, 1543, 1597, 1663, 1685, 1761, 1763, 1789, 1795, 1805, 1817, 1842, 1880, 1904, 1921, 1959, 1973, 1975, 2009, 2024, 2105, 2121, 2125, 2147, 2207, 2211, 2226, 2294, 2309, 2331, 2343, 2353, 2364, 2379, 2388, 2390, 2394, 2418, 2424, 2438, 2461, 2487, 2529, 2541, 2543, 2565, 2638, 2675, 2681, 2686, 2689, 2695, 2734, 2739, 2766, 2818, 2830, 2840, 2857, 2889, 2893, 2918, 2964, 2968, 2977, 3012, 3018, 3038, 3062, 3137, 3166, 3190, 3194, 3232, 3253, 3256, 3273, 3299, 3315, 3421, 3498, 3502, 3507, 3536, 3557, 3594, 3625, 3681, 3683, 3695, 3701, 3717, 3723, 3735, 3753, 3777, 3806, 3831, 3835, 3844, 3851, 3863, 3880, 3886, 3922, 3953, 3957, 3968, 3972, 3974, 4013, 4028, 4035, 4072, 4084, 4111, 4136, 4142, 4169, 4221, 4240, 4260, 4263, 4374, 4376, 4433, 4467, 4470, 4475, 4483, 4488, 4533, 4573, 4577, 4626, 4631, 4637, 4660, 4669, 4671, 4693, 4695, 4733, 4737, 4805, 4813, 4824, 4850, 4868, 4887, 4893, 4903, 4929, 4936, 4962, 4971, 4994, 5018, 5054, 5058, 5179, 5183, 5192, 5232, 5282, 5290, 5303, 5307, 5314, 5341, 5369, 5410, 5455, 5480, 5484, 5511, 5515, 5583, 5588, 5594, 5596, 5598, 5643, 5728, 5757, 5761, 5816, 5820, 5825, 5877, 5903, 5916, 5920, 5925, 5937, 5962, 6045, 6052, 6088, 6101, 6114, 6117, 6135, 6152, 6156, 6174, 6187, 6200, 6206, 6210, 6221, 6246, 6258, 6295, 6335, 6369, 6451, 6557, 6580, 6624, 6653, 6687, 6704, 6707, 6709, 6738, 6763, 6775, 6801, 6875, 6918]","[512, 2121, 2438, 2818, 3137, 3831, 4573, 5179, 5757]","[30, 39, 44, 59, 288, 308, 332, 339, 343, 356, 363, 367, 394, 417, 423, 469, 478, 503, 543, 547, 602, 634, 638, 643, 654, 656, 693, 722, 774, 776, 783, 804, 812, 908, 929, 962, 998, 1061, 1063, 1071, 1078, 1085, 1144, 1149, 1153, 1162, 1166, 1181, 1235, 1311, 1313, 1339, 1362, 1393, 1449, 1482, 1531, 1543, 1597, 1663, 1685, 1761, 1763, 1789, 1795, 1805, 1817, 1842, 1880, 1904, 1921, 1959, 1973, 1975, 2009, 2024, 2105, 2125, 2147, 2207, 2211, 2226, 2294, 2309, 2331, 2343, 2353, 2364, 2379, 2388, 2390, 2394, 2418, 2424, 2461, 2487, 2529, 2541, 2543, 2565, 2638, 2675, 2681, 2686, 2689, 2695, 2734, 2739, 2766, 2830, 2840, 2857, 2889, 2893, 2918, 2964, 2968, 2977, 3012, 3018, 3038, 3062, 3166, 3190, 3194, 3232, 3253, 3256, 3273, 3299, 3315, 3421, 3498, 3502, 3507, 3536, 3557, 3594, 3625, 3681, 3683, 3695, 3701, 3717, 3723, 3735, 3753, 3777, 3806, 3835, 3844, 3851, 3863, 3880, 3886, 3922, 3953, 3957, 3968, 3972, 3974, 4013, 4028, 4035, 4072, 4084, 4111, 4136, 4142, 4169, 4221, 4240, 4260, 4263, 4374, 4376, 4433, 4467, 4470, 4475, 4483, 4488, 4533, 4577, 4626, 4631, 4637, 4660, 4669, 4671, 4693, 4695, 4733, 4737, 4805, 4813, 4824, 4850, 4868, 4887, 4893, 4903, 4929, 4936, 4962, 4971, 4994, 5018, 5054, 5058, 5183, 5192, 5232, 5282, 5290, 5303, 5307, 5314, 5341, 5369, 5410, 5455, 5480, 5484, 5511, 5515, 5583, 5588, 5594, 5596, 5598, 5643, 5728, 5761, 5816, 5820, 5825, 5877, 5903, 5916, 5920, 5925, 5937, 5962, 6045, 6052, 6088, 6101, 6114, 6117, 6135, 6152, 6156, 6174, 6187, 6200, 6206, 6210, 6221, 6246, 6258, 6295, 6335, 6369, 6451, 6557, 6580, 6624, 6653, 6687, 6704, 6707, 6709, 6738, 6763, 6775, 6801, 6875, 6918]","[512, 2121, 2438, 2818, 3137, 3831, 4573, 5179, 5757]",6949,288,6661,9,279,6661,0
-1.5,XLS8,"[12, 15, 26, 35, 38, 51, 60, 63, 83, 87, 98, 126, 135, 149, 160, 164, 194, 208, 251, 255, 326, 334, 389, 400, 414, 464, 477, 482, 493, 503, 517, 519, 640, 654, 675, 692, 696, 767, 769, 787, 799, 804, 830, 856, 859, 870, 890, 921, 932, 941, 951, 961, 984, 1006, 1119, 1124, 1165, 1253, 1257, 1264, 1271, 1367, 1443, 1446, 1453, 1467, 1483, 1507, 1512, 1522, 1530, 1540, 1545, 1565, 1600, 1602, 1616, 1650, 1695, 1715, 1720, 1811, 1821, 1829, 1849, 1867, 1874, 1889, 1894, 1911, 1915, 1917, 1959, 1981, 2010, 2016, 2021, 2032, 2036, 2108, 2110, 2165, 2192, 2205, 2225, 2280, 2284, 2288, 2326, 2330, 2334, 2380, 2395, 2399, 2406, 2417, 2428, 2458, 2477, 2489, 2616, 2626, 2638, 2641, 2712, 2738, 2742, 2749, 2774, 2865, 2884, 2893, 2897, 2912, 2925, 2954, 2996, 3004, 3028, 3066, 3104, 3134, 3154, 3186, 3305, 3348, 3361, 3379, 3450, 3455, 3467, 3472, 3494, 3505, 3510, 3534, 3539, 3549, 3552, 3567, 3572, 3629, 3643, 3703, 3722, 3733, 3749, 3762, 3769, 3779, 3801, 3823, 3938, 3943, 3950, 3957, 3963, 4087, 4159, 4170, 4181, 4262, 4313, 4329, 4347, 4359, 4372, 4375, 4430, 4446, 4468, 4473, 4498, 4503, 4508, 4563, 4565, 4579, 4666, 4677, 4679, 4705, 4767, 4774, 4801, 4856, 4881, 4897, 4899, 4911, 4914, 4918, 4922, 4924, 4931, 5021, 5040, 5086, 5111, 5120, 5175, 5246, 5321, 5367, 5391, 5403, 5407, 5428, 5432, 5439, 5538, 5594, 5605, 5618, 5637, 5641, 5708, 5712, 5724, 5733, 5749, 5777, 5787, 5849, 5858, 5866, 5912, 5916, 5946, 6007, 6016, 6061, 6113, 6119, 6145, 6250, 6286, 6288, 6293, 6297, 6325, 6350, 6357, 6374, 6381, 6385, 6459, 6468, 6510, 6567, 6584, 6660, 6708, 6727, 6733, 6776, 6819, 6870, 6886, 6908, 6913, 6923, 6931, 6941, 6946, 6966, 7000, 7002, 7016, 7108, 7116, 7127, 7135, 7144, 7154, 7158, 7181, 7208, 7215, 7224, 7251, 7265, 7309, 7381, 7385, 7430, 7449, 7457, 7467, 7470, 7474, 7479, 7484, 7517, 7525, 7533, 7552, 7668, 7676, 7721, 7744, 7755, 7767, 7784, 7818, 7833, 7843, 7933, 7946, 7967, 7983, 8001, 8024, 8026, 8060, 8071, 8090, 8148, 8150, 8172, 8195, 8239, 8247, 8274, 8280, 8284, 8292, 8341, 8411, 8508, 8532, 8542, 8561, 8583, 8591, 8611, 8623, 8708, 8747, 8763, 8774, 8792, 8803, 8842, 8847, 8866, 8868, 8912, 8914, 8965, 8968, 9005, 9007, 9014, 9056, 9159, 9171, 9196, 9212, 9236, 9241, 9251, 9259, 9269, 9274, 9294, 9325, 9329, 9331, 9345, 9371, 9379, 9475, 9485, 9519, 9530, 9539, 9550, 9584, 9727, 9734, 9766, 9784, 9789, 9793, 9821, 9832, 9886, 9909, 9920, 9994, 10013, 10040, 10044, 10138, 10145, 10193, 10200, 10214, 10256, 10325, 10330, 10343, 10354, 10366, 10403, 10413, 10436, 10538, 10540, 10549, 10559, 10568, 10595, 10601, 10609, 10620, 10634, 10698, 10705, 10717, 10733, 10753, 10761, 10766, 10791, 10795, 10809, 10822, 10828, 10883, 10889, 10947, 10967, 10977, 10982, 10988, 11021, 11105, 11108, 11110, 11115, 11138, 11212, 11229, 11320, 11330, 11348, 11411, 11418, 11477, 11639, 11694, 11730, 11757, 11782, 11822, 11874, 11936, 11957, 11963, 11993, 12042, 12079, 12087, 12105, 12121, 12177, 12216, 12224, 12251, 12265, 12342, 12354, 12364, 12366, 12388, 12392, 12429, 12464, 12480, 12504, 12509, 12519, 12527, 12537, 12542, 12561, 12596, 12598, 12612, 12645, 12727, 12742, 12756, 12764, 12797, 12825, 12869, 12877, 12915, 12932, 12955, 12978, 12982, 13006, 13016, 13023, 13052, 13074, 13083, 13088, 13092, 13107, 13129, 13174, 13234, 13250, 13279, 13282, 13308, 13313, 13358, 13362, 13411, 13439, 13495, 13497]","[2032, 3938, 5912, 7381, 12177]","[12, 15, 26, 35, 38, 51, 60, 63, 83, 87, 98, 126, 135, 149, 160, 164, 194, 208, 251, 255, 326, 334, 389, 400, 414, 464, 477, 482, 493, 503, 517, 519, 640, 654, 675, 692, 696, 767, 769, 787, 799, 804, 830, 856, 859, 870, 890, 921, 932, 941, 951, 961, 984, 1006, 1119, 1124, 1165, 1253, 1257, 1264, 1271, 1367, 1443, 1446, 1453, 1467, 1483, 1507, 1512, 1522, 1530, 1540, 1545, 1565, 1600, 1602, 1616, 1650, 1695, 1715, 1720, 1811, 1821, 1829, 1849, 1867, 1874, 1889, 1894, 1911, 1915, 1917, 1959, 1981, 2010, 2016, 2021, 2036, 2108, 2110, 2165, 2192, 2205, 2225, 2280, 2284, 2288, 2326, 2330, 2334, 2380, 2395, 2399, 2406, 2417, 2428, 2458, 2477, 2489, 2616, 2626, 2638, 2641, 2712, 2738, 2742, 2749, 2774, 2865, 2884, 2893, 2897, 2912, 2925, 2954, 2996, 3004, 3028, 3066, 3104, 3134, 3154, 3186, 3305, 3348, 3361, 3379, 3450, 3455, 3467, 3472, 3494, 3505, 3510, 3534, 3539, 3549, 3552, 3567, 3572, 3629, 3643, 3703, 3722, 3733, 3749, 3762, 3769, 3779, 3801, 3823, 3943, 3950, 3957, 3963, 4087, 4159, 4170, 4181, 4262, 4313, 4329, 4347, 4359, 4372, 4375, 4430, 4446, 4468, 4473, 4498, 4503, 4508, 4563, 4565, 4579, 4666, 4677, 4679, 4705, 4767, 4774, 4801, 4856, 4881, 4897, 4899, 4911, 4914, 4918, 4922, 4924, 4931, 5021, 5040, 5086, 5111, 5120, 5175, 5246, 5321, 5367, 5391, 5403, 5407, 5428, 5432, 5439, 5538, 5594, 5605, 5618, 5637, 5641, 5708, 5712, 5724, 5733, 5749, 5777, 5787, 5849, 5858, 5866, 5916, 5946, 6007, 6016, 6061, 6113, 6119, 6145, 6250, 6286, 6288, 6293, 6297, 6325, 6350, 6357, 6374, 6381, 6385, 6459, 6468, 6510, 6567, 6584, 6660, 6708, 6727, 6733, 6776, 6819, 6870, 6886, 6908, 6913, 6923, 6931, 6941, 6946, 6966, 7000, 7002, 7016, 7108, 7116, 7127, 7135, 7144, 7154, 7158, 7181, 7208, 7215, 7224, 7251, 7265, 7309, 7385, 7430, 7449, 7457, 7467, 7470, 7474, 7479, 7484, 7517, 7525, 7533, 7552, 7668, 7676, 7721, 7744, 7755, 7767, 7784, 7818, 7833, 7843, 7933, 7946, 7967, 7983, 8001, 8024, 8026, 8060, 8071, 8090, 8148, 8150, 8172, 8195, 8239, 8247, 8274, 8280, 8284, 8292, 8341, 8411, 8508, 8532, 8542, 8561, 8583, 8591, 8611, 8623, 8708, 8747, 8763, 8774, 8792, 8803, 8842, 8847, 8866, 8868, 8912, 8914, 8965, 8968, 9005, 9007, 9014, 9056, 9159, 9171, 9196, 9212, 9236, 9241, 9251, 9259, 9269, 9274, 9294, 9325, 9329, 9331, 9345, 9371, 9379, 9475, 9485, 9519, 9530, 9539, 9550, 9584, 9727, 9734, 9766, 9784, 9789, 9793, 9821, 9832, 9886, 9909, 9920, 9994, 10013, 10040, 10044, 10138, 10145, 10193, 10200, 10214, 10256, 10325, 10330, 10343, 10354, 10366, 10403, 10413, 10436, 10538, 10540, 10549, 10559, 10568, 10595, 10601, 10609, 10620, 10634, 10698, 10705, 10717, 10733, 10753, 10761, 10766, 10791, 10795, 10809, 10822, 10828, 10883, 10889, 10947, 10967, 10977, 10982, 10988, 11021, 11105, 11108, 11110, 11115, 11138, 11212, 11229, 11320, 11330, 11348, 11411, 11418, 11477, 11639, 11694, 11730, 11757, 11782, 11822, 11874, 11936, 11957, 11963, 11993, 12042, 12079, 12087, 12105, 12121, 12216, 12224, 12251, 12265, 12342, 12354, 12364, 12366, 12388, 12392, 12429, 12464, 12480, 12504, 12509, 12519, 12527, 12537, 12542, 12561, 12596, 12598, 12612, 12645, 12727, 12742, 12756, 12764, 12797, 12825, 12869, 12877, 12915, 12932, 12955, 12978, 12982, 13006, 13016, 13023, 13052, 13074, 13083, 13088, 13092, 13107, 13129, 13174, 13234, 13250, 13279, 13282, 13308, 13313, 13358, 13362, 13411, 13439, 13495, 13497]","[2032, 3938, 5912, 7381, 12177]",13512,548,12964,5,543,12964,0
-1.5,XLTUBAG,"[8, 13, 16, 21, 36, 83, 86, 93, 153, 231, 240, 261, 272, 298, 307, 383, 388, 400, 457, 482, 587, 591, 595, 612, 627, 672, 678, 682, 721, 725, 736, 739, 749, 837, 902, 904, 911, 931, 984, 991, 994, 1017, 1023, 1027, 1030, 1144, 1161, 1194, 1216, 1219, 1222, 1235, 1238, 1258, 1270, 1280, 1295, 1297, 1323, 1361, 1376, 1420, 1454, 1496, 1499, 1507, 1514, 1516, 1532, 1541, 1555, 1585, 1595, 1607, 1613, 1615, 1637, 1680, 1701, 1732, 1739, 1744, 1760, 1798, 1817, 1832, 1837, 1877, 1885, 1921, 1932, 1978, 1998, 2006, 2020, 2040, 2048, 2079, 2107, 2141, 2145, 2218, 2254, 2264, 2284, 2381, 2440, 2451, 2516, 2567, 2600, 2610, 2696, 2711, 2750, 2762, 2788, 2817, 2832, 2842, 2846, 2851, 2870, 2874, 2932, 2938, 2960, 2974, 2983, 2998, 3080, 3094, 3108, 3198, 3204, 3206, 3218, 3226, 3236, 3248, 3261, 3268, 3279, 3316, 3376, 3388, 3435, 3466, 3482, 3485, 3499, 3501, 3510, 3522, 3545, 3610, 3626, 3637, 3684, 3691, 3699, 3721, 3727, 3731, 3738, 3744, 3752, 3800, 3812, 3828, 3844, 3882, 3892, 3950, 3966, 3984, 3998, 4020, 4024, 4084, 4119, 4145, 4179, 4183, 4199, 4203, 4212, 4214, 4224, 4248, 4287, 4335, 4376, 4394, 4401, 4463, 4495, 4501, 4546, 4552, 4564, 4585, 4589, 4638, 4644, 4656, 4685, 4687, 4707, 4740, 4775, 4802, 4898, 4907, 4933, 4987, 4992, 5026, 5039, 5048, 5074, 5128, 5133, 5167, 5187, 5196, 5214, 5226, 5313, 5352, 5431, 5513, 5551, 5575, 5579, 5603, 5608, 5618, 5674, 5690, 5704, 5708, 5730, 5767, 5775, 5784, 5792, 5808, 5811, 5820, 5850, 5912, 5924, 5927, 5982, 5993, 6078, 6131, 6161, 6174, 6245, 6290, 6297, 6306, 6312, 6337, 6342, 6345, 6350, 6353, 6365, 6399, 6409, 6421, 6432, 6440, 6467, 6470, 6494, 6501, 6506, 6510, 6552, 6577, 6588, 6596, 6604, 6608, 6612, 6618, 6630, 6686, 6690, 6699, 6727, 6757, 6831, 6842, 6844, 6853, 6864]","[678, 4401, 5575]","[8, 13, 16, 21, 36, 83, 86, 93, 153, 231, 240, 261, 272, 298, 307, 383, 388, 400, 457, 482, 587, 591, 595, 612, 627, 672, 682, 721, 725, 736, 739, 749, 837, 902, 904, 911, 931, 984, 991, 994, 1017, 1023, 1027, 1030, 1144, 1161, 1194, 1216, 1219, 1222, 1235, 1238, 1258, 1270, 1280, 1295, 1297, 1323, 1361, 1376, 1420, 1454, 1496, 1499, 1507, 1514, 1516, 1532, 1541, 1555, 1585, 1595, 1607, 1613, 1615, 1637, 1680, 1701, 1732, 1739, 1744, 1760, 1798, 1817, 1832, 1837, 1877, 1885, 1921, 1932, 1978, 1998, 2006, 2020, 2040, 2048, 2079, 2107, 2141, 2145, 2218, 2254, 2264, 2284, 2381, 2440, 2451, 2516, 2567, 2600, 2610, 2696, 2711, 2750, 2762, 2788, 2817, 2832, 2842, 2846, 2851, 2870, 2874, 2932, 2938, 2960, 2974, 2983, 2998, 3080, 3094, 3108, 3198, 3204, 3206, 3218, 3226, 3236, 3248, 3261, 3268, 3279, 3316, 3376, 3388, 3435, 3466, 3482, 3485, 3499, 3501, 3510, 3522, 3545, 3610, 3626, 3637, 3684, 3691, 3699, 3721, 3727, 3731, 3738, 3744, 3752, 3800, 3812, 3828, 3844, 3882, 3892, 3950, 3966, 3984, 3998, 4020, 4024, 4084, 4119, 4145, 4179, 4183, 4199, 4203, 4212, 4214, 4224, 4248, 4287, 4335, 4376, 4394, 4463, 4495, 4501, 4546, 4552, 4564, 4585, 4589, 4638, 4644, 4656, 4685, 4687, 4707, 4740, 4775, 4802, 4898, 4907, 4933, 4987, 4992, 5026, 5039, 5048, 5074, 5128, 5133, 5167, 5187, 5196, 5214, 5226, 5313, 5352, 5431, 5513, 5551, 5579, 5603, 5608, 5618, 5674, 5690, 5704, 5708, 5730, 5767, 5775, 5784, 5792, 5808, 5811, 5820, 5850, 5912, 5924, 5927, 5982, 5993, 6078, 6131, 6161, 6174, 6245, 6290, 6297, 6306, 6312, 6337, 6342, 6345, 6350, 6353, 6365, 6399, 6409, 6421, 6432, 6440, 6467, 6470, 6494, 6501, 6506, 6510, 6552, 6577, 6588, 6596, 6604, 6608, 6612, 6618, 6630, 6686, 6690, 6699, 6727, 6757, 6831, 6842, 6844, 6853, 6864]","[678, 4401, 5575]",6888,301,6587,3,298,6587,0
-1.5,XLXANF1A,"[12, 61, 92, 110, 209, 235, 248, 255, 262, 273, 285, 296, 307, 317, 393, 446, 454, 464, 472, 476, 481, 513, 521, 549, 596, 611, 615, 682, 684, 706, 937, 941, 962, 966, 973, 995, 1007, 1023, 1112, 1170, 1173, 1272, 1302, 1328, 1402, 1437, 1446, 1448, 1460, 1464, 1467, 1555, 1656, 1724, 1759, 1775, 1789, 1799, 1825, 1869, 1917, 1960, 1970, 2020, 2026, 2062, 2144, 2177, 2188, 2204, 2240, 2281, 2292, 2318, 2323, 2343, 2365, 2367, 2377, 2416, 2431, 2445, 2483, 2485, 2529, 2534, 2559, 2578, 2622, 2631, 2647, 2655, 2706, 3171, 3175, 3177, 3197, 3255, 3259, 3263, 3297, 3408, 3412, 3416, 3420, 3424, 3428, 3432, 3436, 3488, 3492, 3496, 3545, 3591, 3709, 3841, 3857, 3875, 4075, 4089, 4105, 4179, 4190, 4227, 4234, 4240, 4279, 4305, 4307, 4324, 4340, 4351, 4373, 4435, 4472, 4476, 4478, 4512, 4516, 4542, 4549, 4595, 4631, 4640, 4654, 4671, 4688, 4698, 4722, 4728, 4751, 4760, 4832, 4857, 4859]","[1460, 1960, 2706]","[12, 61, 92, 110, 209, 235, 248, 255, 262, 273, 285, 296, 307, 317, 393, 446, 454, 464, 472, 476, 481, 513, 521, 549, 596, 611, 615, 682, 684, 706, 937, 941, 962, 966, 973, 995, 1007, 1023, 1112, 1170, 1173, 1272, 1302, 1328, 1402, 1437, 1446, 1448, 1464, 1467, 1555, 1656, 1724, 1759, 1775, 1789, 1799, 1825, 1869, 1917, 1970, 2020, 2026, 2062, 2144, 2177, 2188, 2204, 2240, 2281, 2292, 2318, 2323, 2343, 2365, 2367, 2377, 2416, 2431, 2445, 2483, 2485, 2529, 2534, 2559, 2578, 2622, 2631, 2647, 2655, 3171, 3175, 3177, 3197, 3255, 3259, 3263, 3297, 3408, 3412, 3416, 3420, 3424, 3428, 3432, 3436, 3488, 3492, 3496, 3545, 3591, 3709, 3841, 3857, 3875, 4075, 4089, 4105, 4179, 4190, 4227, 4234, 4240, 4279, 4305, 4307, 4324, 4340, 4351, 4373, 4435, 4472, 4476, 4478, 4512, 4516, 4542, 4549, 4595, 4631, 4640, 4654, 4671, 4688, 4698, 4722, 4728, 4751, 4760, 4832, 4857, 4859]","[1460, 1960, 2706]",4878,155,4723,3,152,4723,0
-1.5,XTGLA,"[101, 158, 162, 172, 202, 235, 244, 246, 269, 276, 283, 286, 298, 309, 380, 419, 439, 441, 458, 490, 538, 652, 677, 703, 731, 736, 833, 860, 879, 882, 962, 987, 1052, 1105, 1136, 1213, 1273, 1277, 1281, 1323, 1327, 1331, 1351, 1461, 1466, 1480, 1541, 1544, 1627, 1673, 1684, 1693, 1752, 1772, 1816, 1827, 1850, 1948, 1977, 1986, 2034, 2038, 2045, 2079, 2085, 2146, 2162, 2167, 2213, 2219, 2227, 2245, 2277, 2283, 2288, 2299, 2316, 2338, 2343, 2450, 2529, 2539, 2605, 2682, 2724, 2727, 2791, 2817, 2838, 2846, 2848, 2853, 2861, 2877, 2883, 2890, 2921, 2940, 2960, 2982, 3025, 3060, 3129, 3148, 3299, 3328, 3340, 3379, 3425, 3465, 3488, 3493, 3561, 3599, 3604, 3619, 3664, 3671, 3729, 3742, 3764, 3772, 3784, 3805, 3810, 3817, 3827, 3833, 3878, 3899, 3915, 3986, 4013, 4088, 4204, 4209, 4229, 4248, 4281, 4292, 4344, 4396, 4398, 4411, 4437, 4443, 4468, 4477, 4482, 4489, 4507, 4554, 4589, 4595, 4598, 4631, 4635, 4648, 4656, 4686, 4718, 4720, 4774, 4783, 4804]","[731, 2838]","[101, 158, 162, 172, 202, 235, 244, 246, 269, 276, 283, 286, 298, 309, 380, 419, 439, 441, 458, 490, 538, 652, 677, 703, 736, 833, 860, 879, 882, 962, 987, 1052, 1105, 1136, 1213, 1273, 1277, 1281, 1323, 1327, 1331, 1351, 1461, 1466, 1480, 1541, 1544, 1627, 1673, 1684, 1693, 1752, 1772, 1816, 1827, 1850, 1948, 1977, 1986, 2034, 2038, 2045, 2079, 2085, 2146, 2162, 2167, 2213, 2219, 2227, 2245, 2277, 2283, 2288, 2299, 2316, 2338, 2343, 2450, 2529, 2539, 2605, 2682, 2724, 2727, 2791, 2817, 2846, 2848, 2853, 2861, 2877, 2883, 2890, 2921, 2940, 2960, 2982, 3025, 3060, 3129, 3148, 3299, 3328, 3340, 3379, 3425, 3465, 3488, 3493, 3561, 3599, 3604, 3619, 3664, 3671, 3729, 3742, 3764, 3772, 3784, 3805, 3810, 3817, 3827, 3833, 3878, 3899, 3915, 3986, 4013, 4088, 4204, 4209, 4229, 4248, 4281, 4292, 4344, 4396, 4398, 4411, 4437, 4443, 4468, 4477, 4482, 4489, 4507, 4554, 4589, 4595, 4598, 4631, 4635, 4648, 4656, 4686, 4718, 4720, 4774, 4783, 4804]","[731, 2838]",4838,165,4673,2,163,4673,0
-1.5,XTGLAA,"[8, 35, 45, 47, 78, 127, 148, 195, 284, 310, 347, 349, 377, 411, 416, 420, 462, 482, 523, 541, 571, 606, 643, 656, 685, 719, 729, 748, 758, 766, 785, 794, 828, 830, 836, 840, 845, 886, 892, 908, 992, 1005, 1036, 1099, 1107, 1131, 1156, 1215, 1217, 1297, 1364, 1390, 1411, 1415, 1427, 1429, 1475, 1493, 1506, 1533, 1574, 1727, 1756, 1789, 1796, 1802, 1830, 1844, 1850, 1859, 1910, 1954]","[1036, 1411]","[8, 35, 45, 47, 78, 127, 148, 195, 284, 310, 347, 349, 377, 411, 416, 420, 462, 482, 523, 541, 571, 606, 643, 656, 685, 719, 729, 748, 758, 766, 785, 794, 828, 830, 836, 840, 845, 886, 892, 908, 992, 1005, 1099, 1107, 1131, 1156, 1215, 1217, 1297, 1364, 1390, 1415, 1427, 1429, 1475, 1493, 1506, 1533, 1574, 1727, 1756, 1789, 1796, 1802, 1830, 1844, 1850, 1859, 1910, 1954]","[1036, 1411]",1992,72,1920,2,70,1920,0
-1.5,XTGLB,"[21, 53, 92, 122, 169, 175, 178, 202, 212, 218, 264, 272, 335, 389, 393, 407, 510, 568, 619, 634, 637, 644, 690, 721, 760, 770, 793, 806, 822, 885, 889, 972, 1048, 1066, 1188, 1276, 1283, 1293, 1326, 1334, 1366, 1378, 1387, 1395, 1398, 1456, 1468, 1495, 1506, 1593, 1712, 1726, 1733, 1748, 1792, 1823, 1871, 1905, 1958, 1979, 2005, 2037, 2097, 2101, 2132, 2156, 2175, 2216, 2239, 2241, 2295, 2334, 2336, 2346, 2384, 2424, 2457, 2477, 2521, 2544, 2574, 2600, 2620, 2643, 2674, 2695, 2701, 2727, 2734, 2741, 2764, 2783, 2815, 2836, 2897, 2899, 2998, 3061, 3130, 3149, 3270, 3273, 3275, 3290, 3307, 3406, 3408, 3539, 3579, 3599, 3617, 3634, 3658, 3685, 3697, 3701, 3737, 3769, 3823, 3850, 3898, 3964, 3995, 4022, 4034]","[2384, 2836]","[21, 53, 92, 122, 169, 175, 178, 202, 212, 218, 264, 272, 335, 389, 393, 407, 510, 568, 619, 634, 637, 644, 690, 721, 760, 770, 793, 806, 822, 885, 889, 972, 1048, 1066, 1188, 1276, 1283, 1293, 1326, 1334, 1366, 1378, 1387, 1395, 1398, 1456, 1468, 1495, 1506, 1593, 1712, 1726, 1733, 1748, 1792, 1823, 1871, 1905, 1958, 1979, 2005, 2037, 2097, 2101, 2132, 2156, 2175, 2216, 2239, 2241, 2295, 2334, 2336, 2346, 2424, 2457, 2477, 2521, 2544, 2574, 2600, 2620, 2643, 2674, 2695, 2701, 2727, 2734, 2741, 2764, 2783, 2815, 2897, 2899, 2998, 3061, 3130, 3149, 3270, 3273, 3275, 3290, 3307, 3406, 3408, 3539, 3579, 3599, 3617, 3634, 3658, 3685, 3697, 3701, 3737, 3769, 3823, 3850, 3898, 3964, 3995, 4022, 4034]","[2384, 2836]",4043,125,3918,2,123,3918,0
-1.5,ZEFB2MICB,"[9, 40, 79, 112, 130, 134, 140, 151, 207, 278, 288, 300, 304, 349, 359, 383, 398, 424, 432, 436, 452, 474, 532, 542, 558, 567, 590, 617, 625, 684, 686, 696, 708, 724, 777, 820, 857, 931, 933, 938, 954, 985, 1039, 1044, 1108, 1150, 1187, 1191, 1194, 1255, 1268, 1309, 1323, 1345, 1409, 1439, 1441, 1599, 1657, 1679, 1731, 1779, 1798, 1811, 1819, 1846, 1862, 1872, 1878, 1893, 1920, 1932, 1954, 2066, 2091, 2114, 2145]","[304, 1187]","[9, 40, 79, 112, 130, 134, 140, 151, 207, 278, 288, 300, 349, 359, 383, 398, 424, 432, 436, 452, 474, 532, 542, 558, 567, 590, 617, 625, 684, 686, 696, 708, 724, 777, 820, 857, 931, 933, 938, 954, 985, 1039, 1044, 1108, 1150, 1191, 1194, 1255, 1268, 1309, 1323, 1345, 1409, 1439, 1441, 1599, 1657, 1679, 1731, 1779, 1798, 1811, 1819, 1846, 1862, 1872, 1878, 1893, 1920, 1932, 1954, 2066, 2091, 2114, 2145]","[304, 1187]",2193,77,2116,2,75,2116,0
