Threshold,Locus,Predict Sites,Positive Sites,Negative Sites,Actual Donor Sites,Predict Num,Predict Positive Num,Predict Negative Num,TP,FP,TN,FN
5.0,ACU08131,"[845, 1024, 1255, 1363, 2029, 2350, 2803, 3336, 5313]","[1363, 2029, 2803]","[845, 1024, 1255, 2350, 3336, 5313]","[642, 1363, 2029, 2803, 3798]",5384,9,5375,3,6,5373,2
5.0,AGGGLINE,"[70, 2325, 2946, 2963, 3158, 3504, 4309, 6262, 6387]","[3158, 3504]","[70, 2325, 2946, 2963, 4309, 6262, 6387]","[3158, 3504]",7220,9,7211,2,7,7211,0
5.0,AGU04852,"[536, 3877, 3956, 4566, 5517, 5912, 6224, 6740, 8817, 8961, 10812]","[3956, 5517, 5912, 6740]","[536, 3877, 4566, 6224, 8817, 8961, 10812]","[3956, 5517, 5912, 6740]",10976,11,10965,4,7,10965,0
5.0,ALOEGLOBIM,"[237, 583, 1170]","[237, 583]",[1170],"[237, 583]",1683,3,1680,2,1,1680,0
5.0,ALOEGLOBIN,"[237, 583, 1170, 1182]","[237, 583]","[1170, 1182]","[237, 583]",1683,4,1679,2,2,1679,0
5.0,ALOPROTP1A,"[59, 166, 267]",[166],"[59, 267]",[166],410,3,407,1,2,407,0
5.0,AMU12024,"[257, 667, 1583, 1960, 2482]","[257, 667, 2482]","[1583, 1960]","[257, 667, 1864, 2126, 2482]",3644,5,3639,3,2,3637,2
5.0,AMU12025,"[1080, 1412, 1830, 2654, 2705, 3278, 3313, 3343]","[1412, 1830, 2654, 3278]","[1080, 2705, 3313, 3343]","[1412, 1830, 2654, 2902, 3278]",5375,8,5367,4,4,5366,1
5.0,AOIRHODOPS,"[255, 894, 1702, 1969, 2754, 4005, 4067, 4840, 5373, 7600, 7800, 9133]","[1702, 4067, 5373]","[255, 894, 1969, 2754, 4005, 4840, 7600, 7800, 9133]","[1702, 4067, 5373, 6243]",9915,12,9903,3,9,9902,1
5.0,ASPROP2,"[75, 589]",[],"[75, 589]",[325],664,2,662,0,2,661,1
5.0,ASYRVISP,"[625, 656, 1042, 1419, 1585]","[625, 1042, 1585]","[656, 1419]","[625, 1042, 1335, 1585, 1916]",2221,5,2216,3,2,2214,2
5.0,ATREGLOBIN,"[237, 588, 604, 1187]","[237, 588]","[604, 1187]","[237, 588]",1691,4,1687,2,2,1687,0
5.0,BABAPOE,"[60, 897, 2847, 3916, 3999]","[897, 2847]","[60, 3916, 3999]","[897, 2847]",4754,5,4749,2,3,4749,0
5.0,BATROX,"[341, 2078, 3011, 3593, 3924, 3975, 4110, 4836, 5035, 7378, 7655]","[341, 3011, 5035]","[2078, 3593, 3924, 3975, 4110, 4836, 7378, 7655]","[341, 3011, 5035, 6955]",8092,11,8081,3,8,8080,1
5.0,BCHEGLOBIN,"[237, 583, 1184, 1196]","[237, 583]","[1184, 1196]","[237, 583]",1697,4,1693,2,2,1693,0
5.0,BOVANPA,"[433, 858]","[433, 858]",[],"[433, 858]",1761,2,1759,2,0,1759,0
5.0,BOVCOX7AL,"[1540, 1826, 2470, 2630, 2867, 3328, 3721, 3969, 5049, 6167]","[1540, 5049]","[1826, 2470, 2630, 2867, 3328, 3721, 3969, 6167]","[1540, 2812, 5049]",6848,10,6838,2,8,6837,1
5.0,BOVGAS,[751],[751],[],[751],1058,1,1057,1,0,1057,0
5.0,BOVIAP,"[437, 457, 602, 926, 1116, 1318, 1764, 1994, 2354, 2793, 2999, 3392, 3535, 3667, 3782, 3996, 5262]","[1764, 1994, 2354, 2999, 3392, 3667, 3996]","[437, 457, 602, 926, 1116, 1318, 2793, 3535, 3782, 5262]","[1568, 1764, 1994, 2354, 2606, 2999, 3157, 3392, 3667, 3996]",5391,17,5374,7,10,5371,3
5.0,BOVIRBP,"[129, 994, 2586, 2649, 2769, 3174, 3723, 3801, 4212, 5048, 5349, 5595, 5761, 6214, 6494, 6540, 7699, 8937, 9959, 10082, 10749, 11020]","[3174, 5595, 7699]","[129, 994, 2586, 2649, 2769, 3723, 3801, 4212, 5048, 5349, 5761, 6214, 6494, 6540, 8937, 9959, 10082, 10749, 11020]","[3174, 5595, 7699]",11785,22,11763,3,19,11763,0
5.0,BOVLHB,"[244, 592, 803, 944, 1272, 1401]","[803, 1272]","[244, 592, 944, 1401]","[803, 1272]",1856,6,1850,2,4,1850,0
5.0,BOVLYSOZMA,"[944, 2374, 3039, 3208, 5771, 6973, 7260, 8654, 9247]","[3039, 5771, 8654]","[944, 2374, 3208, 6973, 7260, 9247]","[3039, 5771, 8654]",12214,9,12205,3,6,12205,0
5.0,BOVLYSOZMB,"[140, 461, 1229, 1662, 1993, 2673, 2843, 3717, 3743, 4005, 4797, 5148, 5241, 6212, 6807, 7058, 10002]","[2673, 4005, 6212]","[140, 461, 1229, 1662, 1993, 2843, 3717, 3743, 4797, 5148, 5241, 6807, 7058, 10002]","[2673, 4005, 6212]",10204,17,10187,3,14,10187,0
5.0,BOVLYSOZMC,"[905, 2107, 2323, 3388, 4194, 4964, 5325, 6245]","[905, 2323, 4194]","[2107, 3388, 4964, 5325, 6245]","[905, 2323, 4194]",8043,8,8035,3,5,8035,0
5.0,BOVMYF5A,"[273, 698, 1398, 1625, 4583, 4629]","[698, 1625]","[273, 1398, 4583, 4629]","[698, 1625]",5211,6,5205,2,4,5205,0
5.0,BRHOX22,"[843, 1431]",[1431],[843],[1431],3434,2,3432,1,1,3432,0
5.0,BRHOX34A,"[588, 2313, 3491]",[],"[588, 2313, 3491]",[981],3490,3,3487,0,3,3486,1
5.0,BRU12895,"[1135, 1986]",[1135],[1986],[1135],3232,2,3230,1,1,3230,0
5.0,BTATPAAA,"[740, 826, 1146, 2314, 2377, 4106, 4188, 5345, 5556, 5729, 8311, 9129]","[740, 2314, 5729, 9129]","[826, 1146, 2377, 4106, 4188, 5345, 5556, 8311]","[740, 2314, 3707, 5729, 5984, 6337, 6827, 7151, 7770, 8023, 9129]",9907,12,9895,4,8,9888,7
5.0,BTEBGL2,"[294, 310, 327, 658]","[310, 658]","[294, 327]","[310, 658]",1833,4,1829,2,2,1829,0
5.0,BTEBGL4,"[294, 310, 327, 658, 815]","[310, 658]","[294, 327, 815]","[310, 658]",1828,5,1823,2,3,1823,0
5.0,BTGL01,"[98, 349, 365, 873, 1008]","[365, 1008]","[98, 349, 873]","[365, 1008]",2040,5,2035,2,3,2035,0
5.0,BTHOR02,[484],[484],[],"[484, 1920]",2419,1,2418,1,0,2417,1
5.0,BTKER6B,"[1008, 1678, 1925, 2346, 2913, 5608]",[1678],"[1008, 1925, 2346, 2913, 5608]","[1678, 2559, 3070, 3315, 3530, 4056, 4666]",5718,6,5712,1,5,5706,6
5.0,BTSPDNA,"[960, 1054, 2123]",[],"[960, 1054, 2123]",[1541],2148,3,2145,0,3,2144,1
5.0,BTSVSP109,"[52, 799, 1452, 1604, 2189, 2359, 2555, 5292, 5315, 5643, 6096]","[2359, 5292]","[52, 799, 1452, 1604, 2189, 2555, 5315, 5643, 6096]","[2359, 3984, 5292]",6948,11,6937,2,9,6936,1
5.0,BTTNP2G,"[774, 847, 1115]",[774],"[847, 1115]",[774],1841,3,1838,1,2,1838,0
5.0,BTU02285,"[21, 1858, 2873, 4169, 4222, 4487, 4780, 5056, 5654]","[4222, 4487, 4780, 5056]","[21, 1858, 2873, 4169, 5654]","[3792, 4222, 4487, 4780, 5056]",6388,9,6379,4,5,6378,1
5.0,CALEGLOBIM,"[236, 587, 603, 1185, 1197]","[236, 587]","[603, 1185, 1197]","[236, 587]",1690,5,1685,2,3,1685,0
5.0,CBUEGLOBIM,"[236, 587, 603, 1185, 1197]","[236, 587]","[603, 1185, 1197]","[236, 587]",1690,5,1685,2,3,1685,0
5.0,CCALAC,"[1358, 1852, 2409]","[1358, 1852, 2409]",[],"[1358, 1852, 2409]",3619,3,3616,3,0,3616,0
5.0,CCBEGLOBIM,"[237, 587, 1191, 1203]","[237, 587]","[1191, 1203]","[237, 587]",1695,4,1691,2,2,1691,0
5.0,CCBEGLOBIN,"[238, 589, 1194, 1206]","[238, 589]","[1194, 1206]","[238, 589]",1698,4,1694,2,2,1694,0
5.0,CCGHG,"[283, 863, 1051, 1778, 2305]","[283, 1051, 1778]","[863, 2305]","[283, 706, 1051, 1778]",2830,5,2825,3,2,2824,1
5.0,CCGONBS1,[1767],[1767],[],"[1767, 2072]",3463,1,3462,1,0,3461,1
5.0,CCGONBS2,[1785],[1785],[],"[1785, 2091]",3482,1,3481,1,0,3480,1
5.0,CCGTHA1,[302],[302],[],"[302, 572]",1144,1,1143,1,0,1142,1
5.0,CCT64CLU,"[563, 1644, 1664, 2757, 2761, 3005, 3496, 5272, 5528, 5659]","[1644, 2757, 3005, 3496, 5272, 5659]","[563, 1664, 2761, 5528]","[1644, 2757, 3005, 3496, 4514, 5272, 5659]",6276,10,6266,6,4,6265,1
5.0,CEPPINS,"[490, 858, 1399, 1513]",[858],"[490, 1399, 1513]",[858],1901,4,1897,1,3,1897,0
5.0,CHBLG,"[698, 928, 2301, 2807, 3794, 4019, 4298, 4700, 4861, 6025, 6255, 6280]","[4019, 6025]","[698, 928, 2301, 2807, 3794, 4298, 4700, 4861, 6255, 6280]","[2285, 3090, 4019, 5246, 6025]",8080,12,8068,2,10,8065,3
5.0,CHEBGLI,"[909, 1213]",[909],[1213],"[570, 909]",2204,2,2202,1,1,2201,1
5.0,CHEBGLII,"[547, 563, 580, 912]","[563, 912]","[547, 580]","[563, 912]",2258,4,2254,2,2,2254,0
5.0,CHKALDB,"[606, 1452, 1506, 2460, 4004, 5731, 5748, 6172, 6664, 6955, 6960, 7504, 8186, 8617, 9185, 10577, 10844]","[6172, 6664, 6955, 8186, 9185]","[606, 1452, 1506, 2460, 4004, 5731, 5748, 6960, 7504, 8617, 10577, 10844]","[6172, 6664, 6955, 7265, 8186, 8842, 9185]",11643,17,11626,5,12,11624,2
5.0,CHKAPOII,"[282, 1839, 1891, 2131, 3317, 3820]","[3317, 3820]","[282, 1839, 1891, 2131]","[3317, 3820]",4953,6,4947,2,4,4947,0
5.0,CHKDPCP,"[347, 637, 1624]",[637],"[347, 1624]",[637],1902,3,1899,1,2,1899,0
5.0,CHKMAX,"[632, 1236, 2127, 2291, 3400, 3928, 4295]","[2127, 2291, 3928, 4295]","[632, 1236, 3400]","[2127, 2291, 3928, 4295]",5690,7,5683,4,3,5683,0
5.0,CHKMYOD,"[2106, 3468, 4941, 5592, 5660, 6150, 6456, 6527]","[4941, 6150]","[2106, 3468, 5592, 5660, 6456, 6527]","[4941, 6150]",7381,8,7373,2,6,7373,0
5.0,CHKOVAL,"[1390, 3164, 3466, 3812, 4176, 4694, 5144, 6282, 7079, 7148, 8791, 9028]","[3164, 3466, 4176, 4694, 6282]","[1390, 3812, 5144, 7079, 7148, 8791, 9028]","[3164, 3466, 4176, 4694, 5795, 6282]",9198,12,9186,5,7,9185,1
5.0,CHKRPL30,"[545, 671, 749, 801, 916, 1872, 2753, 2816, 2850]","[801, 1872, 2753]","[545, 671, 749, 916, 2816, 2850]","[801, 1872, 2753]",3884,9,3875,3,6,3875,0
5.0,CHKRPL37A,"[201, 798, 996, 1376, 2125, 2255, 2386, 3052]","[798, 1376, 2386]","[201, 996, 2125, 2255, 3052]","[798, 1376, 2386]",3465,8,3457,3,5,3457,0
5.0,CHKRPL5G,"[99, 153, 1419, 1632, 2397, 2618, 3157]","[1419, 1632, 3157]","[99, 153, 2397, 2618]","[498, 1419, 1632, 3157, 3955, 5165, 6897]",8313,7,8306,3,4,8302,4
5.0,CHKTUB4B,"[437, 779, 949, 1469, 1573, 1895]","[437, 949, 1573]","[779, 1469, 1895]","[437, 949, 1573]",3145,6,3139,3,3,3139,0
5.0,CHKY,"[319, 641, 794, 1650, 1664, 3603, 4199, 4683, 5213, 5648, 6012, 6249, 6473, 8361]","[3603, 4199, 4683, 5648, 6012, 6249]","[319, 641, 794, 1650, 1664, 5213, 6473, 8361]","[3603, 4199, 4683, 5648, 6012, 6249]",8364,14,8350,6,8,8350,0
5.0,CHPPHYGEN,"[22, 2214, 3786, 4599, 4945, 5521, 7000, 8746, 8823, 8862, 9395, 10818, 10833, 10849, 11193, 11903, 11936, 12603]","[4599, 4945]","[22, 2214, 3786, 5521, 7000, 8746, 8823, 8862, 9395, 10818, 10833, 10849, 11193, 11903, 11936, 12603]","[4599, 4945]",13689,18,13671,2,16,13671,0
5.0,CHPPROTP1A,"[58, 159]",[159],[58],[159],397,2,395,1,1,395,0
5.0,CHPPROTP1B,"[56, 160]",[160],[56],[160],396,2,394,1,1,394,0
5.0,CHWEGLOBIM,"[237, 588, 1193]","[237, 588]",[1193],"[237, 588]",1701,3,1698,2,1,1698,0
5.0,CIGH,"[1281, 2029, 2130, 2889]","[1281, 2889]","[2029, 2130]","[1281, 1691, 2280, 2889]",3967,4,3963,2,2,3961,2
5.0,CITEGLOBIM,"[236, 587, 603, 1186, 1198]","[236, 587]","[603, 1186, 1198]","[236, 587]",1691,5,1686,2,3,1686,0
5.0,CJAEGLOBIN,"[237, 588, 1193]","[237, 588]",[1193],"[237, 588]",1702,3,1699,2,1,1699,0
5.0,CJINTERFG,"[2428, 3158, 3303, 4187, 4465, 5524, 6036, 8152]","[4187, 4465]","[2428, 3158, 3303, 5524, 6036, 8152]","[2881, 4187, 4465]",8519,8,8511,2,6,8510,1
5.0,CL54K,"[183, 512, 535, 649, 706, 959, 1177, 1294, 1538, 1926, 2581, 2696, 2715]",[512],"[183, 535, 649, 706, 959, 1177, 1294, 1538, 1926, 2581, 2696, 2715]",[512],3407,13,3394,1,12,3394,0
5.0,CMBGA2B2,"[383, 718, 810, 989, 1597]","[383, 718]","[810, 989, 1597]","[383, 718]",2684,5,2679,2,3,2679,0
5.0,CMEGA2E2,"[416, 753]","[416, 753]",[],"[416, 753]",2046,2,2044,2,0,2044,0
5.0,CMU11711,"[15, 790, 1685, 2031]","[1685, 2031]","[15, 790]","[1685, 2031]",3163,4,3159,2,2,3159,0
5.0,CPPROT1GN,[],[],[],[164],390,0,390,0,0,389,1
5.0,CRASEQB,"[2825, 3434, 3452, 3464, 3482, 3593, 3635, 3641, 3647]",[2825],"[3434, 3452, 3464, 3482, 3593, 3635, 3641, 3647]","[1920, 2825]",5120,9,5111,1,8,5110,1
5.0,CRUCH7AHYD,"[1731, 2941, 3016, 4121, 5283, 7866, 9375, 9626]","[1731, 7866]","[2941, 3016, 4121, 5283, 9375, 9626]","[1731, 3651, 4938, 6076, 7866]",10606,8,10598,2,6,10595,3
5.0,CRUGAD45A,"[208, 859, 1811, 1877, 2417, 2553, 3555]","[1877, 2417]","[208, 859, 1811, 2553, 3555]","[1877, 2063, 2417]",4427,7,4420,2,5,4419,1
5.0,DMPROTP1,[],[],[],[249],616,0,616,0,0,615,1
5.0,DMU11712,"[16, 792, 1705, 2043]","[1705, 2043]","[16, 792]","[1705, 2043]",3019,4,3015,2,2,3015,0
5.0,DOGCOLIP,"[224, 249, 416, 1108, 1343, 1411, 1747, 2378, 2508]","[1108, 2378]","[224, 249, 416, 1343, 1411, 1747, 2508]","[1108, 2378]",3156,9,3147,2,7,3147,0
5.0,DOGIL8T,"[118, 1206, 1406, 1769]","[118, 1406, 1769]",[1206],"[118, 1406, 1769]",2229,4,2225,3,1,2225,0
5.0,ECGLOAP1,"[657, 889, 968]",[657],"[889, 968]","[363, 657]",1133,3,1130,1,2,1129,1
5.0,ECPZA2GL,"[954, 1560, 1623, 2613, 3576, 3650, 4059]","[3576, 4059]","[954, 1560, 1623, 2613, 3650]","[3576, 4059]",5081,7,5074,2,5,5074,0
5.0,ECZGL1,"[700, 763, 874, 1033, 1534]","[700, 1534]","[763, 874, 1033]","[700, 1534]",1993,5,1988,2,3,1988,0
5.0,ECZGL2,"[255, 318, 429, 588, 1084]","[255, 1084]","[318, 429, 588]","[255, 1084]",1555,5,1550,2,3,1550,0
5.0,ELMETL,"[1097, 1291]","[1097, 1291]",[],"[1097, 1291]",1865,2,1863,2,0,1863,0
5.0,FDFELDI2,"[276, 678, 1070, 1882, 2011]",[276],"[678, 1070, 1882, 2011]","[276, 970]",2417,5,2412,1,4,2411,1
5.0,FDTNFA,"[187, 291, 790, 972]","[187, 790, 972]",[291],"[187, 790, 972]",1714,4,1710,3,1,1710,0
5.0,GDMYF5G,"[639, 655, 1036, 1104]","[639, 1036]","[655, 1104]","[639, 1036]",1601,4,1597,2,2,1597,0
5.0,GGAC01,"[22, 273, 634, 1119, 1586, 1666, 2226, 2261, 3189, 3495, 3677, 3831, 3857]","[1666, 2226, 3189, 3677]","[22, 273, 634, 1119, 1586, 2261, 3495, 3831, 3857]","[1666, 2226, 3189, 3677]",5038,13,5025,4,9,5025,0
5.0,GGACTAC,"[339, 970, 1815, 2914, 3218, 4216, 4398, 5278]","[970, 2914, 3218, 4398]","[339, 1815, 4216, 5278]","[970, 2127, 2914, 3218, 4398]",5455,8,5447,4,4,5446,1
5.0,GGACTI,"[153, 788, 841, 1659, 1841]","[841, 1841]","[153, 788, 1659]","[404, 841, 1137, 1554, 1841]",2418,5,2413,2,3,2410,3
5.0,GGCALB,"[386, 416, 421, 1292, 1863, 2289, 3467, 3509, 3617, 3793, 5867, 6149, 6694, 6784, 7824, 8249, 8718, 9052, 10195]","[386, 1863, 2289, 3467, 3793, 6784, 7824, 8718, 9052, 10195]","[416, 421, 1292, 3509, 3617, 5867, 6149, 6694, 8249]","[386, 1863, 2289, 3467, 3793, 4235, 4894, 5205, 5933, 6784, 7035, 7824, 8718, 9052, 9685, 10195]",11060,19,11041,10,9,11035,6
5.0,GGCRYD1,"[267, 441, 2077, 2742, 3516, 4907, 5234, 5899, 6138, 6395, 6829, 7213, 7373, 7529]","[441, 2742, 3516, 4907, 5234, 5899, 6138, 6395, 7213]","[267, 2077, 6829, 7373, 7529]","[441, 1734, 2742, 3150, 3516, 3944, 4332, 4528, 4907, 5234, 5899, 6138, 6395, 6734, 7213]",8152,14,8138,9,5,8132,6
5.0,GGGL03,"[432, 768, 1160]","[432, 768]",[1160],"[432, 768]",1199,3,1196,2,1,1196,0
5.0,GGGNRHIA,"[1684, 3048, 3627, 4392, 4544]","[3627, 4392]","[1684, 3048, 4544]","[3627, 4392]",6274,5,6269,2,3,6269,0
5.0,GGNFM1D,"[932, 1541, 2451, 3595, 4194, 4395, 4768, 5057]",[2451],"[932, 1541, 3595, 4194, 4395, 4768, 5057]","[2132, 2451]",5630,8,5622,1,7,5621,1
5.0,GGPROP2,"[51, 564]",[],"[51, 564]",[307],640,2,638,0,2,637,1
5.0,GGRIHBGEN,"[254, 676, 1038, 1973, 2982, 3454]","[2982, 3454]","[254, 676, 1038, 1973]","[2982, 3219, 3454]",3878,6,3872,2,4,3871,1
5.0,GGVITIIG,"[54, 190, 830, 2561, 2694, 2948, 2952, 3064, 3138, 3791, 4818, 5441, 5848, 6229, 6443, 7123, 8302, 8481, 9149, 9467, 10448, 10714, 10951, 10971, 11663, 11667, 12272, 12791, 13267, 13505, 14413, 15348, 15771, 15880, 17492, 17864, 17913, 18829, 18882, 19081, 19337, 19348, 20126]","[54, 190, 2694, 2948, 3791, 4818, 5441, 6229, 6443, 8302, 9149, 9467, 10448, 10714, 12272, 13267, 13505, 15348, 15771, 17864, 19081]","[830, 2561, 2952, 3064, 3138, 5848, 7123, 8481, 10951, 10971, 11663, 11667, 12791, 14413, 15880, 17492, 17913, 18829, 18882, 19337, 19348, 20126]","[54, 190, 442, 2021, 2694, 2948, 3267, 3543, 3791, 4818, 5441, 6229, 6443, 7045, 7268, 8026, 8302, 9149, 9467, 10104, 10448, 10714, 11757, 12272, 12615, 13267, 13505, 14028, 14704, 15348, 15771, 16955, 17864, 19081]",20335,43,20292,21,22,20279,13
5.0,GIBPROTP1A,"[56, 160, 260]",[160],"[56, 260]",[160],393,3,390,1,2,390,0
5.0,GORAFPA,"[75, 999, 1860, 2955, 3434, 4192, 4363, 4369, 4564, 5457, 6976, 7766, 7795, 11145, 14707, 15952, 17195, 20474, 22550, 23233, 23613]","[999, 1860, 2955, 5457, 7766, 14707]","[75, 3434, 4192, 4363, 4369, 4564, 6976, 7795, 11145, 15952, 17195, 20474, 22550, 23233, 23613]","[999, 1860, 2955, 5457, 6760, 7766, 9445, 11629, 13421, 14087, 14707, 16581, 17834]",24599,21,24578,6,15,24571,7
5.0,GORPROTP1A,"[60, 164]",[164],[60],[164],404,2,402,1,1,402,0
5.0,GPIINS,[526],[526],[],[526],1464,1,1463,1,0,1463,0
5.0,HAMAMYLP,"[1394, 1473, 2308, 4561, 5045]",[2308],"[1394, 1473, 4561, 5045]",[2308],5947,5,5942,1,4,5942,0
5.0,HAMHG5,"[640, 1373, 1640, 2817, 3433, 4856, 6188, 6597, 7240, 7441, 7668, 8295, 8396]","[4856, 6188, 6597, 7441]","[640, 1373, 1640, 2817, 3433, 7240, 7668, 8295, 8396]","[4856, 5517, 6188, 6597, 7441]",9711,13,9698,4,9,9697,1
5.0,HROAMD1,"[237, 289, 1072, 1585, 2687, 3486, 4700, 4816, 5962]","[2687, 3486, 4700]","[237, 289, 1072, 1585, 4816, 5962]","[2687, 3486, 4700]",7091,9,7082,3,6,7082,0
5.0,HROMA2,"[427, 739, 1174, 1285]","[739, 1174]","[427, 1285]","[739, 1174]",1779,4,1775,2,2,1775,0
5.0,HROMA4A,"[1055, 1108, 1670, 1774]","[1108, 1670]","[1055, 1774]","[1108, 1670]",2331,4,2327,2,2,2327,0
5.0,HRSPRMI,[1880],[],[1880],[722],2198,1,2197,0,1,2196,1
5.0,HS1D3HLH,"[173, 1039, 1231]",[1039],"[173, 1231]",[1039],2473,3,2470,1,2,2470,0
5.0,HS2OXOC,"[116, 1162, 1421, 1694, 1719, 1825, 1894]","[116, 1162, 1421, 1694, 1825]","[1719, 1894]","[116, 871, 1162, 1421, 1694, 1825]",2510,7,2503,5,2,2502,1
5.0,HSABLGR1,"[371, 902, 1670, 1981, 3130, 3140, 3344, 4865, 5465, 5666, 6508, 6820, 8470, 8720, 10016, 10073, 10400, 10413, 10509, 10623, 11090, 11951, 11988, 11992, 12239, 13058, 13875, 15514, 15741, 16572, 17116, 17249, 18211, 20105, 20665, 24805, 24896, 25292, 25849, 25902, 25906, 26127, 29268, 30552, 32399, 32910, 33787, 35562, 35751]","[8720, 10400, 15741, 17116]","[371, 902, 1670, 1981, 3130, 3140, 3344, 4865, 5465, 5666, 6508, 6820, 8470, 10016, 10073, 10413, 10509, 10623, 11090, 11951, 11988, 11992, 12239, 13058, 13875, 15514, 16572, 17249, 18211, 20105, 20665, 24805, 24896, 25292, 25849, 25902, 25906, 26127, 29268, 30552, 32399, 32910, 33787, 35562, 35751]","[8720, 10400, 12434, 14200, 15741, 17116, 17991]",35954,49,35905,4,45,35902,3
5.0,HSALDCG,"[349, 555, 1283, 2098, 2481, 2641, 2663, 3366, 3386, 3567]","[2641, 3366, 3567]","[349, 555, 1283, 2098, 2481, 2663, 3386]","[2641, 2939, 3110, 3366, 3567, 3994, 4326]",5190,10,5180,3,7,5176,4
5.0,HSAPC3A,"[226, 1246, 2325, 3492]",[],"[226, 1246, 2325, 3492]","[919, 1178]",6039,4,6035,0,4,6033,2
5.0,HSAPOA2B,"[232, 245, 338, 490, 698, 916, 1554]","[490, 916]","[232, 245, 338, 698, 1554]","[490, 916]",1747,7,1740,2,5,1740,0
5.0,HSAPOAIA,"[57, 317]",[317],[57],"[317, 661]",2183,2,2181,1,1,2180,1
5.0,HSAPOAIT,"[231, 491]",[491],[231],"[491, 835]",2377,2,2375,1,1,2374,1
5.0,HSAPOC2G,"[231, 255, 1276, 1494, 1971, 2714, 2943]",[2714],"[231, 255, 1276, 1494, 1971, 2943]","[2714, 3041]",3832,7,3825,1,6,3824,1
5.0,HSAQUPN2,[431],[431],[],"[431, 632, 746]",987,1,986,1,0,984,2
5.0,HSARYLA,"[1238, 1571, 1906, 2470, 2528, 2666, 3040]","[1238, 1571, 2470]","[1906, 2528, 2666, 3040]","[848, 1238, 1571, 1815, 2252, 2470, 2823]",3629,7,3622,3,4,3618,4
5.0,HSAT3,"[646, 825, 2225, 2846, 3311, 4823, 4978, 5095, 5717, 6015, 6059, 6879, 6934, 7225, 8536, 10401, 11303, 11320, 12719, 13056, 13775]","[646, 3311, 6059, 10401]","[825, 2225, 2846, 4823, 4978, 5095, 5717, 6015, 6879, 6934, 7225, 8536, 11303, 11320, 12719, 13056, 13775]","[646, 3311, 6059, 7102, 8303, 10401]",14198,21,14177,4,17,14175,2
5.0,HSATPCP1,"[496, 831, 1257, 4773, 5389, 5934, 6382, 6830, 6843, 6999, 7267, 7854, 8714, 9101]","[5389, 6382, 7267]","[496, 831, 1257, 4773, 5934, 6830, 6843, 6999, 7854, 8714, 9101]","[5389, 6382, 7267]",9449,14,9435,3,11,9435,0
5.0,HSATPCP2,"[107, 2996, 4013, 4743, 6152, 7310, 7490, 8957, 9194, 9752, 10918, 11602, 12497, 13435]","[7490, 10918]","[107, 2996, 4013, 4743, 6152, 7310, 8957, 9194, 9752, 11602, 12497, 13435]","[7490, 10195, 10918]",15008,14,14994,2,12,14993,1
5.0,HSB3A,"[1843, 2085, 2623, 2640, 2670, 3203]",[1843],"[2085, 2623, 2640, 2670, 3203]",[1843],3675,6,3669,1,5,3669,0
5.0,HSBGPG,"[151, 560, 817, 856, 1593]",[560],"[151, 817, 856, 1593]","[560, 850, 1096]",1667,5,1662,1,4,1660,2
5.0,HSBSF2,"[238, 477, 1242, 2450, 2930, 2956, 3601, 4317, 4505, 4715, 4943]","[1242, 3601]","[238, 477, 2450, 2930, 2956, 4317, 4505, 4715, 4943]","[1242, 1587, 2748, 3601]",5953,11,5942,2,9,5940,2
5.0,HSCBMYHC,"[369, 1577, 2583, 2868, 3193, 3932, 4595, 4921, 5485, 5644, 6694, 7246, 7567, 7735, 7912, 8898, 9174, 10877, 11339, 12155, 12427, 12829, 13037, 13342, 14042, 14210, 14571, 15784, 17120, 18228, 18590, 18777, 18896, 19262, 21839, 22088, 22474, 22643, 23209, 23454, 23701]","[4595, 5485, 5644, 6694, 7246, 7567, 8898, 9174, 10877, 11339, 12155, 12427, 12829, 13342, 14210, 14571, 17120, 18228, 18590, 18896, 19262, 21839, 22088, 22474, 23454, 23701]","[369, 1577, 2583, 2868, 3193, 3932, 4921, 7735, 7912, 13037, 14042, 15784, 18777, 22643, 23209]","[4595, 5041, 5485, 5644, 6354, 6529, 6694, 7246, 7567, 8354, 8898, 9174, 9626, 10530, 10877, 11339, 12155, 12427, 12829, 13342, 14210, 14571, 15900, 17120, 18228, 18590, 18896, 19262, 19970, 20319, 20604, 21466, 21839, 22088, 22474, 23454, 23701]",24992,41,24951,26,15,24940,11
5.0,HSCD14G,[159],[159],[],[159],1562,1,1561,1,0,1561,0
5.0,HSCKBG,"[876, 1341, 1619, 1824, 2380, 2570, 3521]","[1341, 1619, 1824, 2380, 3521]","[876, 2570]","[1341, 1619, 1824, 2380, 3174, 3521]",4192,7,4185,5,2,4184,1
5.0,HSCOMT2,"[589, 1075, 2378, 2897]",[2378],"[589, 1075, 2897]","[1630, 1959, 2378]",3643,4,3639,1,3,3637,2
5.0,HSCPH70,"[205, 633, 865, 2936, 3675, 4407, 4801]","[4407, 4801]","[205, 633, 865, 2936, 3675]","[1729, 4204, 4407, 4801]",6703,7,6696,2,5,6694,2
5.0,HSCSF1PO,"[359, 496, 779, 1965, 2385, 2816, 4479, 5647, 6651, 7061, 7572, 7831, 8115, 8287, 8680, 8694, 8943, 9217, 9575, 10227, 10249, 10517, 11063, 11515, 11707, 12975, 14683, 15036, 15733, 17882, 18046, 18156, 18208, 18465, 19724, 20123, 21311, 21444, 23668, 24260, 24806, 26732, 27465, 30823, 31040, 31663, 31739, 31942, 32108, 32301, 32862, 33816, 34006, 34399]","[1965, 7572, 8287, 10227, 11063, 15036, 17882, 18156, 18465, 20123, 27465, 30823, 31040, 32108, 32301, 34006]","[359, 496, 779, 2385, 2816, 4479, 5647, 6651, 7061, 7831, 8115, 8680, 8694, 8943, 9217, 9575, 10249, 10517, 11515, 11707, 12975, 14683, 15733, 18046, 18208, 19724, 21311, 21444, 23668, 24260, 24806, 26732, 31663, 31739, 31942, 32862, 33816, 34399]","[1965, 7572, 8287, 10227, 11063, 15036, 17882, 18156, 18465, 20123, 26605, 26837, 27465, 28627, 30823, 31040, 32108, 32301, 33091, 34006]",35092,54,35038,16,38,35034,4
5.0,HSCST3G,"[1328, 2342, 3064, 3468, 3694, 3783, 3865, 4129, 5518, 6231, 7112]","[1328, 3694]","[2342, 3064, 3468, 3783, 3865, 4129, 5518, 6231, 7112]","[1328, 3694]",7284,11,7273,2,9,7273,0
5.0,HSCYCLA,"[1029, 2406, 3668, 3731, 4168, 5338, 5389, 5911, 6323, 6982]","[2406, 3731, 4168, 5338, 5911]","[1029, 3668, 5389, 6323, 6982]","[1393, 2406, 3731, 4168, 5338, 5911, 6667]",8355,10,8345,5,5,8343,2
5.0,HSCYP216,"[255, 879, 1278, 1836, 2402]","[255, 879, 1278, 1836, 2402]",[],"[255, 442, 879, 1088, 1278, 1466, 1836, 2215, 2402]",2763,5,2758,5,0,2754,4
5.0,HSCYP45C,"[185, 731, 947, 1772, 2667, 4680, 4963, 5008, 5801, 6016, 6248, 6562]","[5801, 6016, 6248]","[185, 731, 947, 1772, 2667, 4680, 4963, 5008, 6562]","[4942, 5624, 5801, 6016, 6248]",7546,12,7534,3,9,7532,2
5.0,HSCYTOK17,"[396, 452, 581, 1709, 2079, 2304, 2928, 2935, 3245, 3257, 3468, 4000, 4123, 4987]","[581, 1709, 2304, 4000, 4123]","[396, 452, 2079, 2928, 2935, 3245, 3257, 3468, 4987]","[581, 1709, 2304, 3066, 3693, 4000, 4123]",5252,14,5238,5,9,5236,2
5.0,HSCYTOK20,"[1277, 1871, 3128, 3978, 5152, 5281, 5352, 8722, 9313, 9470, 10005, 10828, 12705, 16190, 16343, 16620, 16791]","[5281, 9470, 12705]","[1277, 1871, 3128, 3978, 5152, 5352, 8722, 9313, 10005, 10828, 16190, 16343, 16620, 16791]","[5281, 7512, 9470, 9984, 10271, 11940, 12705]",18053,17,18036,3,14,18032,4
5.0,HSDAO,"[588, 956, 1177, 1635, 1665, 1751, 2551, 6426, 6696, 7431, 8880]","[6426, 7431]","[588, 956, 1177, 1635, 1665, 1751, 2551, 6696, 8880]","[6426, 7431, 9013]",9895,11,9884,2,9,9883,1
5.0,HSERPG,"[628, 1340, 1683, 1943, 2474, 2768]","[628, 1340, 1683, 2474]","[1943, 2768]","[628, 1340, 1683, 2474]",3390,6,3384,4,2,3384,0
5.0,HSFAU1,"[505, 655, 857, 1096, 1129, 1557, 1613]","[857, 1096, 1613]","[505, 655, 1129, 1557]","[857, 1096, 1613]",2008,7,2001,3,4,2001,0
5.0,HSFESFPS,"[1227, 1553, 1650, 3873, 4008, 4522, 4547, 5405, 5924, 6240, 6445, 7150, 7634, 7757, 8052, 8069, 8546, 8782, 9151, 9176, 9371, 10015, 11511, 11788, 12225]","[1227, 1553, 5405, 5924, 6240, 6445, 7150, 7634, 8069, 8782, 9151, 9371, 10015]","[1650, 3873, 4008, 4522, 4547, 7757, 8052, 8546, 9176, 11511, 11788, 12225]","[1227, 1553, 3023, 3336, 5405, 5598, 5924, 6240, 6445, 7150, 7634, 8069, 8782, 9151, 9371, 9768, 10015]",12255,25,12230,13,12,12226,4
5.0,HSGCSFG,"[404, 690, 735, 744, 748, 1230, 1521]","[404, 744, 1230, 1521]","[690, 735, 748]","[404, 744, 1230, 1521]",2952,7,2945,4,3,2945,0
5.0,HSGEBCMA,"[607, 700, 1648, 2292, 3234, 3607]",[607],"[700, 1648, 2292, 3234, 3607]","[607, 1496]",3711,6,3705,1,5,3704,1
5.0,HSGGL2,"[202, 547]","[202, 547]",[],"[202, 547]",1620,2,1618,2,0,1618,0
5.0,HSGLA,"[852, 868, 901, 2148, 8378, 8413, 9335, 10369, 10708, 11761]","[8413, 10708]","[852, 868, 901, 2148, 8378, 9335, 10369, 11761]","[1374, 5269, 7447, 8413, 10293, 10708]",12428,10,12418,2,8,12414,4
5.0,HSGROW2,"[211, 345, 462, 1091]","[345, 1091]","[211, 462]","[345, 762, 1091, 1349]",1956,4,1952,2,2,1950,2
5.0,HSGSTM4,"[37, 522, 1357, 2142, 2232, 3953, 3984, 3991]",[37],"[522, 1357, 2142, 2232, 3953, 3984, 3991]","[37, 391, 874, 1262, 1458, 2469, 2670]",4834,8,4826,1,7,4820,6
5.0,HSGTRH,"[442, 515, 2205, 2322, 2809, 3141, 3816, 5548, 6275, 6552]","[2205, 3816]","[442, 515, 2322, 2809, 3141, 5548, 6275, 6552]","[2205, 3816]",7216,10,7206,2,8,7206,0
5.0,HSHMG17G,"[1538, 1793, 2037, 2279, 2524, 2946, 3403, 3415, 3620, 4021, 4342, 5920, 7188]","[2524, 3415, 3620, 4021]","[1538, 1793, 2037, 2279, 2946, 3403, 4342, 5920, 7188]","[2524, 3415, 3620, 4021, 4553]",7187,13,7174,4,9,7173,1
5.0,HSHNRNPA,"[49, 707, 814, 868, 1086, 1494, 1789, 1936, 2295, 2481, 2660, 2869, 3602, 3962, 4312]","[814, 1494, 1936, 2295, 2481, 2660, 2869, 3962]","[49, 707, 868, 1086, 1789, 3602, 4312]","[814, 1494, 1936, 2295, 2481, 2660, 2869, 3962]",5360,15,5345,8,7,5345,0
5.0,HSHOX51,"[1278, 1425, 1791, 2052, 2415, 4023, 6206]",[2052],"[1278, 1425, 1791, 2415, 4023, 6206]",[2052],6297,7,6290,1,6,6290,0
5.0,HSHSC70,"[27, 1245, 1313, 1773, 2250, 3307, 3734, 5378]","[1245, 1773, 2250, 3307, 3734]","[27, 1313, 5378]","[1245, 1773, 2250, 2893, 3307, 3734, 4114]",5400,8,5392,5,3,5390,2
5.0,HSIFNAR,"[329, 631, 830, 869, 1356, 1540, 2696, 4612, 5386, 5843, 7976, 8594, 10423, 11655, 13828, 15482, 16062, 16944, 19442, 20346, 21132, 21239, 22130, 22586, 22719, 23783, 24341, 25061, 25777, 27880, 28142, 28272, 29554, 29885, 30489]","[830, 16944, 19442, 21132, 25061, 29554]","[329, 631, 869, 1356, 1540, 2696, 4612, 5386, 5843, 7976, 8594, 10423, 11655, 13828, 15482, 16062, 20346, 21239, 22130, 22586, 22719, 23783, 24341, 25777, 27880, 28142, 28272, 29885, 30489]","[830, 11325, 16944, 19188, 19442, 21132, 25061, 25314, 28679, 29554]",32898,35,32863,6,29,32859,4
5.0,HSIFNG,"[136, 1897, 2175, 2413, 2446, 3213, 3631, 5305]","[1897, 2175]","[136, 2413, 2446, 3213, 3631, 5305]","[589, 1897, 2175]",5953,8,5945,2,6,5944,1
5.0,HSIL1AG,"[1617, 2208, 2949, 3215, 3939, 4118, 4326, 5343, 5580, 7384, 7940, 9436, 9875]","[2208, 3215, 4326, 7940]","[1617, 2949, 3939, 4118, 5343, 5580, 7384, 9436, 9875]","[2208, 3215, 4326, 6433, 7940]",11962,13,11949,4,9,11948,1
5.0,HSIL1B,"[1515, 2528, 3144, 7406]","[2528, 3144, 7406]",[1515],"[2528, 3144, 5327, 6039, 7406]",9703,4,9699,3,1,9697,2
5.0,HSINT2,"[1156, 2792, 3197, 3549, 9331, 9480, 10216, 10232, 10533, 10644, 10708]","[1156, 3549]","[2792, 3197, 9331, 9480, 10216, 10232, 10533, 10644, 10708]","[1156, 3549]",11600,11,11589,2,9,11589,0
5.0,HSL7A,"[2073, 2867, 3525, 4052, 4164, 4259, 4572, 4919]","[2073, 2867, 3525, 4164, 4572, 4919]","[4052, 4259]","[2073, 2867, 3525, 3881, 4164, 4572, 4919]",5498,8,5490,6,2,5489,1
5.0,HSLCATG,"[991, 1352, 1590, 1672, 1881, 2266, 2574, 2609, 5372, 5638, 6574]","[991, 1881, 2266, 2574]","[1352, 1590, 1672, 2609, 5372, 5638, 6574]","[991, 1881, 2076, 2266, 2574]",6893,11,6882,4,7,6881,1
5.0,HSMECDAG,"[716, 1393, 1456, 2149, 2517, 2584, 2588, 2593, 2601, 2776, 2870, 2966, 3170, 3202, 3353, 3544, 3852]","[1393, 2517, 2776, 2966, 3544, 3852]","[716, 1456, 2149, 2584, 2588, 2593, 2601, 2870, 3170, 3202, 3353]","[1393, 2517, 2776, 2966, 3544, 3852]",4362,17,4345,6,11,4345,0
5.0,HSMED,"[52, 277, 636, 789, 1354, 1998, 4833]",[1354],"[52, 277, 636, 789, 1998, 4833]","[1354, 1943, 2315, 4716]",5284,7,5277,1,6,5274,3
5.0,HSMT1H,"[20, 816, 1475, 2125]","[816, 1475]","[20, 2125]","[816, 1475]",2134,4,2130,2,2,2130,0
5.0,HSNCAMX1,"[1550, 1609, 1794, 2245, 2486, 2537, 2808, 4142, 4190, 4778, 6582, 7569, 7640, 7852, 8529, 8552, 9068, 9373, 9522, 10015, 10317, 10722, 11710, 11726, 11870, 12072, 12550, 12786, 13049, 13357, 13893, 14002]","[1609, 4142, 4778, 6582, 7569, 7852, 8529, 9068, 9373, 10015, 10317, 10722, 12072, 12550, 12786, 13049, 13893, 14002]","[1550, 1794, 2245, 2486, 2537, 2808, 4190, 7640, 8552, 9522, 11710, 11726, 11870, 13357]","[1609, 4142, 4778, 5218, 6315, 6582, 6983, 7316, 7569, 7852, 8529, 8809, 9068, 9373, 9571, 10015, 10317, 10722, 11667, 12072, 12283, 12550, 12786, 13049, 13487, 13893, 14002]",16280,32,16248,18,14,16239,9
5.0,HSNFM,"[417, 432, 1822, 2675, 3849, 4491]","[1822, 2675]","[417, 432, 3849, 4491]","[1822, 2675]",6228,6,6222,2,4,6222,0
5.0,HSODCG,"[735, 1002, 1938, 2912, 3745, 3968, 4192, 4433, 4649, 5028, 5421, 5633, 7111, 7614, 8052, 8090, 8842, 8854]","[4192, 4649, 5028, 5421, 5633, 7111, 7614]","[735, 1002, 1938, 2912, 3745, 3968, 4433, 8052, 8090, 8842, 8854]","[4192, 4649, 5028, 5421, 5633, 5893, 7111, 7306, 7614]",9035,18,9017,7,11,9015,2
5.0,HSODF2,"[4, 131, 158, 964, 993]",[],"[4, 131, 158, 964, 993]",[600],1422,5,1417,0,5,1416,1
5.0,HSPAT133,"[393, 654, 762, 794, 1173, 1447, 3711]",[1447],"[393, 654, 762, 794, 1173, 3711]",[1447],3712,7,3705,1,6,3705,0
5.0,HSPLAPL,"[403, 599, 808, 827]","[403, 599, 827]",[808],"[403, 599, 827]",1274,4,1270,3,1,1270,0
5.0,HSPRB3L,"[386, 566, 789, 896, 1103, 1412, 1537, 2934, 3083, 3376]","[566, 1537]","[386, 789, 896, 1103, 1412, 2934, 3083, 3376]","[566, 1537]",4508,10,4498,2,8,4498,0
5.0,HSPRB4S,"[518, 913, 1018, 1534, 1658, 2812, 2957]",[1658],"[518, 913, 1018, 1534, 2812, 2957]","[693, 1658]",5805,7,5798,1,6,5797,1
5.0,HSPSAG,"[46, 872, 1848, 3611, 3866, 4044, 4080]","[1848, 4044]","[46, 872, 3611, 3866, 4080]","[447, 1848, 3764, 4044]",5865,7,5858,2,5,5856,2
5.0,HSRPII145,"[449, 588, 1097, 1181, 1233, 1378, 1535, 1688, 1729]","[449, 588, 1233]","[1097, 1181, 1378, 1535, 1688, 1729]","[449, 588, 908, 1071, 1233]",2085,9,2076,3,6,2074,2
5.0,HSRPS7,"[115, 284, 404, 516, 1831, 2166, 2369, 2530, 2551, 3329, 3383, 4254, 5088, 5100, 5409, 6064, 6068, 6325, 6429]","[2166, 2369, 4254]","[115, 284, 404, 516, 1831, 2530, 2551, 3329, 3383, 5088, 5100, 5409, 6064, 6068, 6325, 6429]","[2166, 2369, 3108, 4254, 6734]",7505,19,7486,3,16,7484,2
5.0,HSSAA1B,"[862, 1009, 1543, 2345, 2367, 3876, 4712, 4744]",[1543],"[862, 1009, 2345, 2367, 3876, 4712, 4744]","[1543, 3845]",4815,8,4807,1,7,4806,1
5.0,HSSHBG,"[1016, 1058, 2672, 2810, 3148]","[1058, 3148]","[1016, 2672, 2810]","[472, 696, 1058, 1551, 1938, 2205, 3148]",3802,5,3797,2,3,3792,5
5.0,HSSSPN1AG,"[2330, 3028, 3360, 3491, 4053]","[3360, 3491]","[2330, 3028, 4053]","[1343, 1635, 1809, 3360, 3491]",4088,5,4083,2,3,4080,3
5.0,HSSURF3,"[284, 1033, 1692, 2048, 2160, 2209, 2321, 2415, 2729, 3074]","[284, 1033, 1692, 2048, 2321, 2729, 3074]","[2160, 2209, 2415]","[284, 1033, 1692, 2048, 2321, 2729, 3074]",3407,10,3397,7,3,3397,0
5.0,HSTNFB,"[836, 1375, 3015]",[1375],"[836, 3015]","[1375, 1567]",3029,3,3026,1,2,3025,1
5.0,HSTPI1G,"[746, 919, 972, 1558, 1685, 1817, 2035, 3181, 4376, 4651, 4849]","[746, 2035, 3181]","[919, 972, 1558, 1685, 1817, 4376, 4651, 4849]","[746, 2035, 2231, 2438, 2821, 3181]",4987,11,4976,3,8,4973,3
5.0,HSTUBAG,"[96, 536, 2065, 2287, 2584, 3733, 3759, 3843]","[536, 2287, 2584]","[96, 2065, 3733, 3759, 3843]","[536, 2287, 2584]",4079,8,4071,3,5,4071,0
5.0,HSU01102,"[222, 275, 668, 817, 1671, 2568]",[668],"[222, 275, 817, 1671, 2568]","[668, 3896]",4987,6,4981,1,5,4980,1
5.0,HSU04357,"[97, 1201, 1342, 1963]","[97, 1342]","[1201, 1963]","[97, 1342]",2074,4,2070,2,2,2070,0
5.0,HSU04636,"[103, 1018, 1935, 2199, 2996, 4424, 5359, 5723, 6008]","[1018, 1935, 2199, 2996, 4424, 5359, 6008]","[103, 5723]","[1018, 1935, 2199, 2996, 3608, 4424, 4790, 5359, 6008]",9445,9,9436,7,2,9434,2
5.0,HSU05259,"[782, 2091, 2173, 2435, 2571, 2685, 3045, 4128]","[782, 2685, 3045, 4128]","[2091, 2173, 2435, 2571]","[782, 2685, 3045, 4128]",5662,8,5654,4,4,5654,0
5.0,HSU07807,"[454, 459, 757, 1040, 2736, 3386, 4350]","[757, 3386]","[454, 459, 1040, 2736, 4350]","[757, 3386]",4831,7,4824,2,5,4824,0
5.0,HSU07983,"[390, 1286]",[390],[1286],[390],1418,2,1416,1,1,1416,0
5.0,HSU08198,"[676, 707, 895, 1072, 1124, 1316, 1392, 1689, 1811, 1845, 1900]","[895, 1124, 1316, 1689, 1811]","[676, 707, 1072, 1392, 1845, 1900]","[583, 895, 1124, 1316, 1689, 1811]",2336,11,2325,5,6,2324,1
5.0,HSU12421,"[227, 1400, 1941, 2080, 2255, 2434, 3573, 3747, 3869]",[2080],"[227, 1400, 1941, 2255, 2434, 3573, 3747, 3869]","[311, 2080]",4250,9,4241,1,8,4240,1
5.0,HSUBR,"[957, 1589, 2324]","[1589, 2324]",[957],"[1589, 2324]",3287,3,3284,2,1,3284,0
5.0,HSXBXVIII,"[473, 1189, 1193, 2137, 2596, 2723, 3019, 3123, 3248, 3371, 3859, 4586, 5486, 6115, 6240, 7675, 8850, 9475, 9633, 10107, 10687, 11253, 11843, 11870, 12085]","[11843, 12085]","[473, 1189, 1193, 2137, 2596, 2723, 3019, 3123, 3248, 3371, 3859, 4586, 5486, 6115, 6240, 7675, 8850, 9475, 9633, 10107, 10687, 11253, 11870]","[11405, 11589, 11843, 12085]",12630,25,12605,2,23,12603,2
5.0,HSZNGP1,"[445, 518, 565, 2672, 5752, 6347, 6402, 8597, 8986, 9067]",[518],"[445, 565, 2672, 5752, 6347, 6402, 8597, 8986, 9067]","[518, 4718, 8313]",9815,10,9805,1,9,9803,2
5.0,HUMADAG,"[1309, 1355, 1677, 2050, 2405, 3737, 4501, 4817, 5267, 5278, 5341, 5657, 8160, 11568, 11763, 13187, 13458, 14450, 15661, 18465, 19292, 19529, 19940, 20776, 21114, 22747, 23808, 24224, 24752, 26467, 28038, 29052, 29419, 29939, 30860, 31115, 31304, 31342, 32497, 32675, 32916, 33952, 34484, 34742, 35203]","[19292, 26467, 29052, 29939, 31304, 32497, 32675, 32916, 34484, 35203]","[1309, 1355, 1677, 2050, 2405, 3737, 4501, 4817, 5267, 5278, 5341, 5657, 8160, 11568, 11763, 13187, 13458, 14450, 15661, 18465, 19529, 19940, 20776, 21114, 22747, 23808, 24224, 24752, 28038, 29419, 30860, 31115, 31342, 33952, 34742]","[4064, 19292, 26467, 29052, 29939, 31304, 32497, 32675, 32916, 34484, 35203]",36733,45,36688,10,35,36687,1
5.0,HUMADPRF02,"[359, 1308, 1650, 3035, 3392, 4213, 4732, 4870, 5150]","[359, 1308, 1650]","[3035, 3392, 4213, 4732, 4870, 5150]","[359, 1308, 1650]",5159,9,5150,3,6,5150,0
5.0,HUMAPEXN,"[349, 1190, 1364, 1465, 1535, 1863, 2622]","[1465, 1863, 2622]","[349, 1190, 1364, 1535]","[1465, 1863, 2622]",3722,7,3715,3,4,3715,0
5.0,HUMAPOCII,"[184, 547, 571, 1557, 1778, 2255, 2995, 3223]",[2995],"[184, 547, 571, 1557, 1778, 2255, 3223]","[2995, 3321]",4332,8,4324,1,7,4323,1
5.0,HUMAPOE4,"[1091, 1914, 3200, 4313]","[1914, 3200]","[1091, 4313]","[1914, 3200]",5507,4,5503,2,2,5503,0
5.0,HUMATPGG,"[1445, 1902, 4114, 4293, 5307, 6191, 6534, 6749, 7456, 7488, 7885, 9436, 9672, 10406, 12074, 14100, 14537]","[1445, 1902, 4293, 5307, 6534, 6749, 7456, 9436, 9672, 12074, 14100]","[4114, 6191, 7488, 7885, 10406, 14537]","[1445, 1727, 1902, 2677, 4293, 4749, 5307, 6118, 6534, 6749, 7456, 8198, 9436, 9672, 9946, 10190, 11405, 12074, 13663, 14100, 14276]",15107,17,15090,11,6,15080,10
5.0,HUMBETGLOA,"[376, 687, 942, 1176, 1311, 2475, 2559]",[1311],"[376, 687, 942, 1176, 2475, 2559]","[958, 1311]",2994,7,2987,1,6,2986,1
5.0,HUMBETGLOB,"[374, 685, 940, 1174, 1309, 2473, 2557]",[1309],"[374, 685, 940, 1174, 2473, 2557]","[956, 1309]",2992,7,2985,1,6,2984,1
5.0,HUMBETGLOC,"[376, 687, 942, 1176, 1311, 2475, 2559]",[1311],"[376, 687, 942, 1176, 2475, 2559]","[958, 1311]",2994,7,2987,1,6,2986,1
5.0,HUMBETGLOD,"[376, 687, 942, 1176, 1311, 2475, 2559]",[1311],"[376, 687, 942, 1176, 2475, 2559]","[958, 1311]",2994,7,2987,1,6,2986,1
5.0,HUMBETGLOE,"[374, 685, 940, 1174, 1309, 2473, 2557]",[1309],"[374, 685, 940, 1174, 2473, 2557]","[956, 1309]",2992,7,2985,1,6,2984,1
5.0,HUMBETGLOF,"[376, 687, 942, 1176, 1311, 2475, 2559]",[1311],"[376, 687, 942, 1176, 2475, 2559]","[958, 1311]",2994,7,2987,1,6,2986,1
5.0,HUMBETGLOG,"[376, 687, 942, 1176, 1311, 2475, 2559]",[1311],"[376, 687, 942, 1176, 2475, 2559]","[958, 1311]",2994,7,2987,1,6,2986,1
5.0,HUMBETGLOH,"[376, 687, 942, 1176, 1311, 2475, 2559]",[1311],"[376, 687, 942, 1176, 2475, 2559]","[958, 1311]",2994,7,2987,1,6,2986,1
5.0,HUMBETGLOI,"[374, 685, 940, 1174, 1309, 2473, 2557]",[1309],"[374, 685, 940, 1174, 2473, 2557]","[956, 1309]",2992,7,2985,1,6,2984,1
5.0,HUMBETGLOJ,"[374, 685, 940, 1174, 1309, 2473, 2557]",[1309],"[374, 685, 940, 1174, 2473, 2557]","[956, 1309]",2992,7,2985,1,6,2984,1
5.0,HUMBETGLOK,"[374, 685, 940, 1174, 1309, 2473, 2557]",[1309],"[374, 685, 940, 1174, 2473, 2557]","[956, 1309]",2992,7,2985,1,6,2984,1
5.0,HUMBETGLOL,"[374, 685, 940, 1174, 1309, 2473, 2557]",[1309],"[374, 685, 940, 1174, 2473, 2557]","[956, 1309]",2992,7,2985,1,6,2984,1
5.0,HUMBETGLOM,"[373, 684, 939, 1173, 1308, 2472, 2556]",[1308],"[373, 684, 939, 1173, 2472, 2556]","[955, 1308]",2991,7,2984,1,6,2983,1
5.0,HUMBETGLON,"[374, 685, 940, 1174, 1309, 2473, 2557]",[1309],"[374, 685, 940, 1174, 2473, 2557]","[956, 1309]",2992,7,2985,1,6,2984,1
5.0,HUMBETGLOO,"[374, 685, 940, 1174, 1309, 2473, 2557]",[1309],"[374, 685, 940, 1174, 2473, 2557]","[956, 1309]",2992,7,2985,1,6,2984,1
5.0,HUMBETGLOP,"[374, 685, 940, 1174, 1309, 2473, 2557]",[1309],"[374, 685, 940, 1174, 2473, 2557]","[956, 1309]",2992,7,2985,1,6,2984,1
5.0,HUMBETGLOR,"[374, 685, 940, 1174, 1309, 2473, 2557]",[1309],"[374, 685, 940, 1174, 2473, 2557]","[956, 1309]",2992,7,2985,1,6,2984,1
5.0,HUMCBRG,"[1220, 2901, 3041]",[1220],"[2901, 3041]","[567, 1220]",3318,3,3315,1,2,3314,1
5.0,HUMCHYMASE,"[969, 3982, 4038, 5216, 5779, 6037, 7220, 7463]","[5216, 6037]","[969, 3982, 4038, 5779, 7220, 7463]","[5216, 6037, 6922, 7363]",8107,8,8099,2,6,8097,2
5.0,HUMCP21OH,"[92, 435, 463, 947, 1571, 1970, 2528, 3094]","[947, 1571, 1970, 2528, 3094]","[92, 435, 463]","[947, 1134, 1571, 1780, 1970, 2158, 2528, 2907, 3094]",4034,8,4026,5,3,4022,4
5.0,HUMCP21OHC,"[92, 435, 948, 1572, 1971, 2529, 3096]","[948, 1572, 1971, 2529, 3096]","[92, 435]","[948, 1135, 1572, 1781, 1971, 2159, 2529, 2908, 3096]",4036,7,4029,5,2,4025,4
5.0,HUMCS1,"[310, 429, 565, 669, 1334]","[565, 1334]","[310, 429, 669]","[565, 991, 1334, 1591]",2293,5,2288,2,3,2286,2
5.0,HUMCS3,"[312, 431, 566, 671, 1334, 2520]","[566, 1334]","[312, 431, 671, 2520]","[566, 991, 1334, 1588]",2732,6,2726,2,4,2724,2
5.0,HUMCSN2A,"[122, 3194, 4104, 4855, 5620, 5747, 7789, 8522, 8683, 8805, 9482]","[4855, 5747, 8522]","[122, 3194, 4104, 5620, 7789, 8683, 8805, 9482]","[4855, 5747, 6747, 6887, 8522]",10600,11,10589,3,8,10587,2
5.0,HUMCSPA,"[455, 982, 2276, 2929, 3200, 3691]","[982, 2276, 2929]","[455, 3200, 3691]","[982, 2276, 2929, 3392]",4783,6,4777,3,3,4776,1
5.0,HUMCTLA1,"[988, 1812, 2179, 2297, 2770, 3041, 3236, 3532]","[988, 2179, 2770, 3236]","[1812, 2297, 3041, 3532]","[988, 2179, 2770, 3236]",4520,8,4512,4,4,4512,0
5.0,HUMDEF5A,"[296, 1571, 2601]",[1571],"[296, 2601]",[1571],2872,3,2869,1,2,2869,0
5.0,HUMDZA2G,"[296, 727, 2003, 2928, 3711, 3942, 5316, 5389, 5436, 7542, 10624, 11212, 11267, 13467, 13857, 13938]",[5389],"[296, 727, 2003, 2928, 3711, 3942, 5316, 5436, 7542, 10624, 11212, 11267, 13467, 13857, 13938]","[5389, 9590, 13183]",14686,16,14670,1,15,14668,2
5.0,HUMELAFIN,"[326, 557, 1461]",[326],"[557, 1461]",[326],1870,3,1867,1,2,1867,0
5.0,HUMEPOHYDD,"[2164, 2289, 5656, 6289, 6422, 6542, 8696, 9045, 9132, 10475, 11832, 12105, 12409, 13804, 13924, 16085, 16775, 17080, 17870, 19204, 19373, 20683, 20857, 20883, 20954, 20979, 20994, 21354, 21945, 22251, 22856, 22952, 23010, 23497, 24469]","[5656, 8696, 16085, 16775, 19204, 21354]","[2164, 2289, 6289, 6422, 6542, 9045, 9132, 10475, 11832, 12105, 12409, 13804, 13924, 17080, 17870, 19373, 20683, 20857, 20883, 20954, 20979, 20994, 21945, 22251, 22856, 22952, 23010, 23497, 24469]","[5656, 8696, 15620, 16085, 16775, 19204, 21354]",24782,35,24747,6,29,24746,1
5.0,HUMG0S24B,[631],[631],[],[631],3127,1,3126,1,0,3126,0
5.0,HUMG0S8PP,"[784, 942, 2152, 2682, 3768, 3932, 4113, 4646]","[2682, 3768, 3932, 4646]","[784, 942, 2152, 4113]","[2682, 3768, 3932, 4646]",7337,8,7329,4,4,7329,0
5.0,HUMGAD45A,"[927, 1321, 1558, 2457, 2461, 2596, 2968, 3184, 3645, 3880, 4956]","[2596, 3184, 3645]","[927, 1321, 1558, 2457, 2461, 2968, 3880, 4956]","[2596, 3184, 3645]",5370,11,5359,3,8,5359,0
5.0,HUMGARE,"[71, 810, 1467, 2243, 2411, 2653, 2861, 3118, 3133, 3207, 3213, 3259, 4469]","[810, 2653, 3118]","[71, 1467, 2243, 2411, 2861, 3133, 3207, 3213, 3259, 4469]","[810, 2239, 2653, 3118]",4746,13,4733,3,10,4732,1
5.0,HUMGCK,"[1514, 1989, 3360, 3799, 3882, 5015, 5092, 5808, 6475]","[3360, 3882, 5015, 6475]","[1514, 1989, 3799, 5092, 5808]","[1188, 3360, 3882, 4312, 4806, 5015, 5452, 5964, 6475]",7519,9,7510,4,5,7505,5
5.0,HUMGFP40H,"[910, 1058, 1173, 1846, 1943, 2593, 3126, 4025, 4290]","[910, 1058, 1173, 2593]","[1846, 1943, 3126, 4025, 4290]","[910, 1058, 1173, 2593]",4371,9,4362,4,5,4362,0
5.0,HUMGHG,"[40, 689, 1983, 2636, 2907, 3398]","[689, 1983, 2636]","[40, 2907, 3398]","[689, 1983, 2636, 3099]",4444,6,4438,3,3,4437,1
5.0,HUMGHN,"[434, 569, 673, 1316]","[569, 1316]","[434, 673]","[569, 989, 1316, 1574]",2649,4,2645,2,2,2643,2
5.0,HUMGHV,"[432, 566, 1328, 1351, 1584, 2485]","[566, 1328, 1584]","[432, 1351, 2485]","[566, 998, 1328, 1584]",2652,6,2646,3,3,2645,1
5.0,HUMGSTM4A,"[777, 1272, 1844, 2098, 2124, 2925, 3023, 4760, 4791, 4798, 4913]",[777],"[1272, 1844, 2098, 2124, 2925, 3023, 4760, 4791, 4798, 4913]","[777, 1139, 1631, 2024, 2225, 3262, 3463]",6074,11,6063,1,10,6057,6
5.0,HUMHMGIY,"[720, 1075, 1472, 3280, 3749, 3875, 4529, 4627, 4660, 5150, 5496, 6422, 6544, 6687, 7102, 7133, 7166, 7270, 7962, 8043, 8361, 9286, 9390, 10022]","[4660, 6544, 7270]","[720, 1075, 1472, 3280, 3749, 3875, 4529, 4627, 5150, 5496, 6422, 6687, 7102, 7133, 7166, 7962, 8043, 8361, 9286, 9390, 10022]","[4660, 6544, 7270]",10098,24,10074,3,21,10074,0
5.0,HUMHOX13G,"[380, 503]",[],"[380, 503]",[811],3062,2,3060,0,2,3059,1
5.0,HUMHPARS1,"[1046, 1300, 2632, 3020, 3855, 4744, 5577, 6373, 7692, 8728, 9344, 9649, 9904, 11385]","[1046, 2632, 3020, 3855, 4744, 5577]","[1300, 6373, 7692, 8728, 9344, 9649, 9904, 11385]","[1046, 2632, 3020, 3855, 4744, 5577]",11543,14,11529,6,8,11529,0
5.0,HUMIBP3,"[1260, 1409, 1556, 2441, 2457, 2584, 2845, 2935, 3142, 3356, 3924, 4247, 4304, 4358, 4406, 4924, 6617, 8353, 8677]","[2441, 6617]","[1260, 1409, 1556, 2457, 2584, 2845, 2935, 3142, 3356, 3924, 4247, 4304, 4358, 4406, 4924, 8353, 8677]","[2441, 5953, 6617]",10876,19,10857,2,17,10856,1
5.0,HUMIDS,"[1972, 2038, 2248, 2376, 4119, 4174, 4778, 4865, 5244, 5385, 5850, 8086, 8364, 9161, 9282, 11158, 11397, 12302, 14418, 14655, 15879, 15901, 18130, 18552, 18689, 21930, 22369, 22809, 23494, 24724, 25810, 28973, 29400, 29441, 29555, 29710, 30410, 30535, 30602, 31004, 31147, 32099, 33900, 34645, 35761]","[2038, 5244, 8086, 15879]","[1972, 2248, 2376, 4119, 4174, 4778, 4865, 5385, 5850, 8364, 9161, 9282, 11158, 11397, 12302, 14418, 14655, 15901, 18130, 18552, 18689, 21930, 22369, 22809, 23494, 24724, 25810, 28973, 29400, 29441, 29555, 29710, 30410, 30535, 30602, 31004, 31147, 32099, 33900, 34645, 35761]","[1160, 2038, 2882, 5244, 8086, 9847, 15879, 19268]",36837,45,36792,4,41,36788,4
5.0,HUMIGERA,"[68, 1342, 1797, 2173, 2574, 3105, 4527, 4792, 5168, 6676]","[1342, 1797, 3105, 5168]","[68, 2173, 2574, 4527, 4792, 6676]","[1342, 1797, 3105, 5168]",7651,10,7641,4,6,7641,0
5.0,HUMIL2RGA,"[28, 231, 772, 817, 840, 1232, 1476, 1646, 1980, 2683, 3031, 3126, 3353, 4026]","[1476, 3031, 3353]","[28, 231, 772, 817, 840, 1232, 1646, 1980, 2683, 3126, 4026]","[203, 735, 1128, 1476, 2402, 3031, 3353]",4030,14,4016,3,11,4012,4
5.0,HUMIL4A,"[67, 189, 491, 1306, 1626, 3234, 3254, 6557, 7003, 7433, 7514, 8135, 8407, 8466, 8512, 9400]","[1306, 1626, 7003]","[67, 189, 491, 3234, 3254, 6557, 7433, 7514, 8135, 8407, 8466, 8512, 9400]","[1306, 1626, 7003]",9892,16,9876,3,13,9876,0
5.0,HUMIRBPG,"[786, 1819, 1823, 2776, 3181, 3550, 4672, 5069, 5157, 5340, 6592, 7160, 8440]","[3181, 5157, 7160]","[786, 1819, 1823, 2776, 3550, 4672, 5069, 5340, 6592, 8440]","[3181, 5157, 7160]",9703,13,9690,3,10,9690,0
5.0,HUMLHDC,"[166, 1727, 3070, 4925, 6016, 7415, 8992, 10512, 11183, 11221, 11774, 12354, 13017, 14169, 14605, 15584, 16409, 17363, 18382, 18464, 18855, 19312, 19921, 20075, 20118, 20300, 20482, 22046, 22090, 22140, 22928, 23463, 27699, 28067, 28671, 29151, 30438, 31819, 32156]","[7415, 14605, 15584, 18382, 19312, 20300, 20482]","[166, 1727, 3070, 4925, 6016, 8992, 10512, 11183, 11221, 11774, 12354, 13017, 14169, 16409, 17363, 18464, 18855, 19921, 20075, 20118, 22046, 22090, 22140, 22928, 23463, 27699, 28067, 28671, 29151, 30438, 31819, 32156]","[7415, 9773, 14605, 15584, 18382, 18782, 19312, 20300, 20482, 24666, 29773]",32343,39,32304,7,32,32300,4
5.0,HUMLUCT,"[1550, 2861]","[1550, 2861]",[],"[1550, 2505, 2861]",3288,2,3286,2,0,3285,1
5.0,HUMLYTOXBB,"[1235, 1357, 2157, 2202, 2657, 2734, 2934, 3330, 3376, 3631, 5291, 5345, 5349, 5530, 6032]","[2934, 3376, 3631]","[1235, 1357, 2157, 2202, 2657, 2734, 3330, 5291, 5345, 5349, 5530, 6032]","[2934, 3376, 3631]",6297,15,6282,3,12,6282,0
5.0,HUMMCHEMP,"[159, 674, 1077, 1590]","[674, 1590]","[159, 1077]","[674, 1590]",2756,4,2752,2,2,2752,0
5.0,HUMMET2,"[866, 1233]","[866, 1233]",[],"[866, 1233]",1695,2,1693,2,0,1693,0
5.0,HUMMGPA,"[845, 3516, 3748, 4493, 6334, 7617]","[3516, 6334]","[845, 3748, 4493, 7617]","[3516, 5093, 6334]",7726,6,7720,2,4,7719,1
5.0,HUMMIF,"[753, 1643]",[1643],[753],"[1281, 1643]",2159,2,2157,1,1,2156,1
5.0,HUMMIS,"[623, 669, 1358, 1489, 1639, 1887]","[623, 1358, 1639, 1887]","[669, 1489]","[623, 1358, 1639, 1887]",3092,6,3086,4,2,3086,0
5.0,HUMMKXX,"[1168, 1574, 1737, 2202, 2463, 2985]",[1737],"[1168, 1574, 2202, 2463, 2985]","[1415, 1737, 2019]",3300,6,3294,1,5,3292,2
5.0,HUMNKG5PRO,"[1055, 1505, 1644, 2262, 2639, 2715, 3215, 3848, 3982, 5468]","[2262, 3215, 3848, 5468]","[1055, 1505, 1644, 2639, 2715, 3982]","[2262, 3215, 3848, 5468]",6738,10,6728,4,6,6728,0
5.0,HUMNTRI,"[1247, 2145, 2802, 3141, 3151]",[2802],"[1247, 2145, 3141, 3151]",[2802],3702,5,3697,1,4,3697,0
5.0,HUMNTRIII,"[1247, 2145, 2802, 3141, 3151]",[2802],"[1247, 2145, 3141, 3151]",[2802],3702,5,3697,1,4,3697,0
5.0,HUMOSTP,"[214, 2162, 3054, 3509, 3657, 4738, 6420, 6986, 7897, 8035, 8349, 10776]","[3509, 3657, 6986, 8349]","[214, 2162, 3054, 4738, 6420, 7897, 8035, 10776]","[3509, 3657, 6679, 6986, 8349]",10714,12,10702,4,8,10701,1
5.0,HUMPAP,"[1012, 1410, 1970, 2089, 3167, 3342, 4164]","[1410, 2089, 3167]","[1012, 1970, 3342, 4164]","[1410, 2089, 2414, 3167]",4489,7,4482,3,4,4481,1
5.0,HUMPCI,"[1538, 2078, 2226, 2298, 2586, 2812, 2930, 3129, 3307, 3575, 4697, 4859, 5543, 7199, 8568, 8725, 9603, 11483, 14117, 14121, 14247, 15064]","[8568, 11483]","[1538, 2078, 2226, 2298, 2586, 2812, 2930, 3129, 3307, 3575, 4697, 4859, 5543, 7199, 8725, 9603, 14117, 14121, 14247, 15064]","[8568, 10898, 11483]",15563,22,15541,2,20,15540,1
5.0,HUMPEM,"[693, 700, 934, 1033, 1537, 2266, 2421, 2707, 2973, 3203, 3297, 3745, 3904, 3921]","[934, 2266, 2421, 2707, 2973, 3203]","[693, 700, 1033, 1537, 3297, 3745, 3904, 3921]","[934, 2266, 2421, 2707, 2973, 3203]",4235,14,4221,6,8,4221,0
5.0,HUMPEPYYA,"[647, 727, 1201, 1307, 1537, 1699, 1824]",[1201],"[647, 727, 1307, 1537, 1699, 1824]","[1201, 1388]",2370,7,2363,1,6,2362,1
5.0,HUMPF4V1A,"[11, 199, 381, 826]","[381, 826]","[11, 199]","[381, 826]",1460,4,1456,2,2,1456,0
5.0,HUMPHOSA,"[233, 850, 1300, 1494, 1555, 1810, 2185, 3209]","[233, 850, 1494, 1810, 3209]","[1300, 1555, 2185]","[233, 850, 1494, 1810, 2323, 2988, 3209, 3729]",4884,8,4876,5,3,4873,3
5.0,HUMPRCA,"[130, 684, 1048, 1687, 2201, 2304, 2309, 2354, 3181, 3438, 3703, 4175, 4778, 5118, 5348, 5452, 5585, 8396, 8584, 9620, 10055, 10977, 11461]","[2201, 5118, 5348, 5585, 8396]","[130, 684, 1048, 1687, 2304, 2309, 2354, 3181, 3438, 3703, 4175, 4778, 5452, 8584, 9620, 10055, 10977, 11461]","[2201, 3631, 5118, 5348, 5585, 8396, 9387]",11717,23,11694,5,18,11692,2
5.0,HUMPREELAS,"[596, 826, 1729]",[596],"[826, 1729]",[596],2291,3,2288,1,2,2288,0
5.0,HUMPRPHX,"[1143, 1475, 1838, 2127, 2502, 2869, 3173, 3322, 3633, 4225]","[1838, 2127, 2869, 3173, 3322, 3633]","[1143, 1475, 2502, 4225]","[1346, 1838, 2127, 2652, 2869, 3173, 3322, 3633]",4524,10,4514,6,4,4512,2
5.0,HUMRCC1,"[108, 486, 638, 654, 2711, 4304, 4379, 4555, 4654, 4733, 4737, 5210, 5479, 5741, 7271, 11134, 11415, 12573, 13360, 13819, 14368, 14604, 14697, 15440, 15532, 16316, 16526, 19855, 20918, 22033, 22205, 24194, 24201, 26108, 26218, 26579, 26701, 26808, 28010, 28244, 28523, 28793, 28893, 29247, 29766, 30235, 33278, 34481]","[24201, 26218, 26579, 28010, 28244, 28893, 29247, 29766]","[108, 486, 638, 654, 2711, 4304, 4379, 4555, 4654, 4733, 4737, 5210, 5479, 5741, 7271, 11134, 11415, 12573, 13360, 13819, 14368, 14604, 14697, 15440, 15532, 16316, 16526, 19855, 20918, 22033, 22205, 24194, 26108, 26701, 26808, 28523, 28793, 30235, 33278, 34481]","[24201, 26218, 26579, 28010, 28244, 28893, 29247, 29766]",34633,48,34585,8,40,34585,0
5.0,HUMREGHOM,"[52, 274, 684, 1419, 1864, 1909, 2739, 2825]","[684, 1419, 1864, 2739]","[52, 274, 1909, 2825]","[684, 1419, 1864, 2739]",3403,8,3395,4,4,3395,0
5.0,HUMROD1X,"[1242, 1876, 2695, 2720]","[1242, 1876]","[2695, 2720]","[1242, 1876]",2833,4,2829,2,2,2829,0
5.0,HUMRPIB2,"[510, 899, 1121, 1531, 2268, 2713, 2758, 3588, 3674]","[1531, 2268, 2713, 3588]","[510, 899, 1121, 2758, 3674]","[1531, 2268, 2713, 3588]",4329,9,4320,4,5,4320,0
5.0,HUMRPS6B,"[359, 1168, 1838, 2178, 3072, 3893, 4432]","[359, 1838, 2178]","[1168, 3072, 3893, 4432]","[359, 1059, 1838, 2178, 4051]",4964,7,4957,3,4,4955,2
5.0,HUMSEMI,"[793, 806, 2547, 2682, 2979, 3074, 3496]",[793],"[806, 2547, 2682, 2979, 3074, 3496]",[793],4156,7,4149,1,6,4149,0
5.0,HUMSEMIIB,"[493, 1316, 1389, 2515, 2616, 3769, 4486, 4499, 4667, 5820, 6304, 6446, 7146, 7944]",[4486],"[493, 1316, 1389, 2515, 2616, 3769, 4499, 4667, 5820, 6304, 6446, 7146, 7944]",[4486],8216,14,8202,1,13,8202,0
5.0,HUMSTATH2,"[1553, 2025, 2848]",[1553],"[2025, 2848]","[353, 1553, 1675]",4715,3,4712,1,2,4710,2
5.0,HUMTBGA,"[854, 1021, 1646, 2681, 3355, 4941, 5164, 5231, 6314, 6841, 7144, 7395, 8362]","[4941, 7144]","[854, 1021, 1646, 2681, 3355, 5164, 5231, 6314, 6841, 7395, 8362]","[4941, 6265, 7144]",8761,13,8748,2,11,8747,1
5.0,HUMTCRBRA,[278],[278],[],[278],728,1,727,1,0,727,0
5.0,HUMTHROMA,"[159, 787, 1985, 2344, 2384, 2717, 4394, 4817, 5134, 5715]","[1985, 2344, 2717, 4817]","[159, 787, 2384, 4394, 5134, 5715]","[1985, 2344, 2717, 4817]",6155,10,6145,4,6,6145,0
5.0,HUMTNP2SS,"[86, 177, 658]",[658],"[86, 177]",[658],1774,3,1771,1,2,1771,0
5.0,HUMTPALBU,"[1621, 2741, 4587, 4707, 4720]","[1621, 2741]","[4587, 4707, 4720]","[1094, 1621, 2741, 3425, 4361]",6164,5,6159,2,3,6156,3
5.0,HUMTRHYAL,"[201, 1120, 1645, 2232, 6019, 6556]",[1645],"[201, 1120, 2232, 6019, 6556]",[1645],9543,6,9537,1,5,9537,0
5.0,HUMTSHB2,"[187, 780]",[187],[780],[187],978,2,976,1,1,976,0
5.0,HUMV2R,"[261, 1366, 1507, 2128]","[261, 1507]","[1366, 2128]","[261, 1507]",2274,4,2270,2,2,2270,0
5.0,HYPSCGH,"[41, 806, 889, 1039, 1624]","[41, 1039, 1624]","[806, 889]","[41, 451, 1039, 1624]",2476,5,2471,3,2,2470,1
5.0,LAYEGLOBIN,"[238, 584, 1185, 1197]","[238, 584]","[1185, 1197]","[238, 584]",1694,4,1690,2,2,1690,0
5.0,LEBGLOB,"[94, 142, 157, 1501, 1561, 1663, 1791, 1926, 3171]",[1926],"[94, 142, 157, 1501, 1561, 1663, 1791, 3171]","[1577, 1926]",3638,9,3629,1,8,3628,1
5.0,LNOEGLOBIN,"[236, 587, 603, 1185, 1197]","[236, 587]","[603, 1185, 1197]","[236, 587]",1690,5,1685,2,3,1685,0
5.0,MACHBGA1,"[283, 495, 841]","[495, 841]",[283],"[495, 841]",2097,3,2094,2,1,2094,0
5.0,MACHBGA2,"[281, 493, 839]","[493, 839]",[281],"[493, 839]",2100,3,2097,2,1,2097,0
5.0,MAMGLUTRA,"[484, 1718, 2152, 2406, 2745, 3175, 4252, 4974, 5131]","[484, 2745]","[1718, 2152, 2406, 3175, 4252, 4974, 5131]","[484, 821, 1255, 1627, 1819, 2745, 2938]",6287,9,6278,2,7,6273,5
5.0,MAU09941,"[1031, 1166, 1803, 1830, 1846, 2427, 2667, 3134]",[1830],"[1031, 1166, 1803, 1846, 2427, 2667, 3134]",[1830],3798,8,3790,1,7,3790,0
5.0,MFAPOA2A,"[133, 226, 379, 587, 785, 1422]","[379, 785]","[133, 226, 587, 1422]","[379, 785]",1489,6,1483,2,4,1483,0
5.0,MFAPOC3A,"[232, 1239, 2232]",[],"[232, 1239, 2232]","[913, 1172]",3254,3,3251,0,3,3249,2
5.0,MMA2IXCOA,"[859, 878, 1757, 1812, 1866, 3132, 4386, 5665, 5682, 5831, 6355, 6930, 7102, 7250, 7371, 7658, 7684, 8064, 8539, 8882, 9322, 9467, 9609, 9626, 10270, 10304, 10930, 11426, 11611, 13033, 13111, 13447, 13726, 14575, 15021, 15597, 15933, 16114, 16240, 16522, 16811, 17106, 17275, 18283]","[3132, 4386, 5682, 5831, 7102, 7250, 7371, 7684, 8064, 8539, 8882, 9322, 9467, 9626, 13033, 13447, 13726, 14575, 15021, 15597, 15933, 16114, 16240, 16522, 16811, 17275]","[859, 878, 1757, 1812, 1866, 5665, 6355, 6930, 7658, 9609, 10270, 10304, 10930, 11426, 11611, 13111, 17106, 18283]","[3132, 4386, 5682, 5831, 7102, 7250, 7371, 7684, 8064, 8216, 8401, 8539, 8882, 9322, 9467, 9626, 13033, 13447, 13726, 14575, 15021, 15338, 15597, 15746, 15933, 16114, 16240, 16522, 16811, 17275, 17647]",19471,44,19427,26,18,19422,5
5.0,MMACLGNA,"[474, 1458, 1499, 2537, 2666, 3107, 3178]","[474, 3178]","[1458, 1499, 2537, 2666, 3107]","[474, 3178]",3873,7,3866,2,5,3866,0
5.0,MMAPOG,"[265, 536, 1186, 1456]",[536],"[265, 1186, 1456]","[536, 806]",2168,4,2164,1,3,2163,1
5.0,MMASM1G,"[1088, 3245, 3367, 3599, 3745]","[1088, 3245, 3745]","[3367, 3599]","[1088, 2244, 2928, 3245, 3745]",4767,5,4762,3,2,4760,2
5.0,MMCASEIB,"[2857, 4901, 4916, 5615, 6603, 6611, 7023, 7160, 7964, 9803, 10443, 11758, 11838, 13000]","[7023, 7160, 9803]","[2857, 4901, 4916, 5615, 6603, 6611, 7964, 10443, 11758, 11838, 13000]","[6252, 7023, 7160, 8126, 8252, 9803]",13046,14,13032,3,11,13029,3
5.0,MMCD24A,"[233, 477, 1126, 2486, 3805, 3949, 7063]",[2486],"[233, 477, 1126, 3805, 3949, 7063]",[2486],7632,7,7625,1,6,7625,0
5.0,MMCFOS,"[99, 844, 1850, 2363, 3414]","[844, 1850, 2363]","[99, 3414]","[844, 1850, 2363]",3959,5,3954,3,2,3954,0
5.0,MMCOL10A,"[560, 1070, 1518, 1802, 1964, 2931, 3918, 4222, 5660, 6146, 6371, 6407, 6704, 7009, 7192, 7282, 7335, 9284, 9322]",[1802],"[560, 1070, 1518, 1964, 2931, 3918, 4222, 5660, 6146, 6371, 6407, 6704, 7009, 7192, 7282, 7335, 9284, 9322]",[1802],9323,19,9304,1,18,9304,0
5.0,MMCRPG,"[375, 929]",[375],[929],[375],2132,2,2130,1,1,2130,0
5.0,MMCYTOKNA,"[810, 1881]",[810],[1881],"[810, 1559]",2551,2,2549,1,1,2548,1
5.0,MMDM2RR,"[665, 854, 878, 1651, 1846, 2407, 2702, 3262, 3378, 3701, 3962, 4663, 4925, 5134, 6030]","[665, 854, 1651, 2702, 3701, 3962, 4925, 5134]","[878, 1846, 2407, 3262, 3378, 4663, 6030]","[665, 854, 1305, 1651, 2702, 3701, 3962, 4925, 5134]",6632,15,6617,8,7,6616,1
5.0,MMDNAASFA,"[542, 855, 918, 1497, 1576, 1823, 2357, 3306, 3558]","[855, 1576, 1823, 2357]","[542, 918, 1497, 3306, 3558]","[855, 1241, 1576, 1823, 2135, 2357, 2695]",4307,9,4298,4,5,4295,3
5.0,MMEZGL,"[589, 910, 1276, 1599]","[589, 1599]","[910, 1276]","[589, 1599]",1945,4,1941,2,2,1941,0
5.0,MMG37,"[788, 2119, 2570, 2771, 2788]","[788, 2119, 2570]","[2771, 2788]","[332, 788, 1303, 2119, 2363, 2570]",3065,5,3060,3,2,3057,3
5.0,MMGBCRYA,"[671, 1003]","[671, 1003]",[],"[671, 1003]",2653,2,2651,2,0,2651,0
5.0,MMGCCRYA,"[721, 1056, 1790, 1807, 2488, 2655]","[721, 1056]","[1790, 1807, 2488, 2655]","[721, 1056]",2884,6,2878,2,4,2878,0
5.0,MMGFAPD,"[1901, 2449, 3473, 4335, 5452, 7253, 7902, 7907, 8227, 9093, 9788]","[1901, 4335, 5452, 7907]","[2449, 3473, 7253, 7902, 8227, 9093, 9788]","[713, 1624, 1901, 2995, 3906, 4335, 5452, 7907]",9963,11,9952,4,7,9948,4
5.0,MMGGLINE,"[204, 2076, 2288, 2634, 4813, 6374, 6955, 7167, 7513, 8852, 9179]","[7167, 7513]","[204, 2076, 2288, 2634, 4813, 6374, 6955, 8852, 9179]","[7167, 7513]",11278,11,11267,2,9,11267,0
5.0,MMGK5,"[1805, 1890, 2825, 2850, 3525]","[1805, 2825]","[1890, 2850, 3525]","[695, 1805, 2595, 2825]",3602,5,3597,2,3,3595,2
5.0,MMH2D4Q5,"[159, 644]","[159, 644]",[],"[159, 644]",1100,2,1098,2,0,1098,0
5.0,MMHOX13,"[369, 492, 1037, 1570, 1651, 2407]",[],"[369, 492, 1037, 1570, 1651, 2407]",[800],2827,6,2821,0,6,2820,1
5.0,MMHOX24I,"[837, 1264]",[837],[1264],[837],1915,2,1913,1,1,1913,0
5.0,MMIL1BG,"[572, 1356, 1567, 1803, 1938, 4398, 5679]","[1356, 1938, 4398, 5679]","[572, 1567, 1803]","[1356, 1938, 3680, 4398, 5679]",7092,7,7085,4,3,7084,1
5.0,MMIL3G,"[129, 469, 686, 824, 1913, 2090, 2583]","[686, 824, 1913, 2090]","[129, 469, 2583]","[686, 824, 1913, 2090]",3482,7,3475,4,3,3475,0
5.0,MMIL5G,"[731, 980, 1593, 1625, 2708, 3597, 4806, 5303, 5441]","[731, 1593, 3597]","[980, 1625, 2708, 4806, 5303, 5441]","[731, 1593, 3597]",6719,9,6710,3,6,6710,0
5.0,MMKFGF,"[542, 976, 1045, 1337, 1556, 2484, 2561, 2886]","[542, 1045]","[976, 1337, 1556, 2484, 2561, 2886]","[542, 1045]",3981,8,3973,2,6,3973,0
5.0,MMLDHAG,"[105, 1906, 2132, 2774, 4167, 4377, 4577, 4824, 5333, 7171, 7208, 7338, 7668, 7959, 8206, 8280, 8315, 8402, 8414, 8597, 8981, 9999, 11532]","[4577, 7171, 7668, 8597]","[105, 1906, 2132, 2774, 4167, 4377, 4824, 5333, 7208, 7338, 7959, 8206, 8280, 8315, 8402, 8414, 8981, 9999, 11532]","[4577, 5919, 7171, 7668, 8597, 10704]",12843,23,12820,4,19,12818,2
5.0,MMMMP9A,"[1890, 2008, 2375, 2781, 3064, 3945, 4206, 4321, 4864, 5695, 5716, 6356, 6564, 7752, 7954]","[2008, 2375, 2781, 3064, 3945, 4206, 5695, 6356, 6564]","[1890, 4321, 4864, 5716, 7752, 7954]","[1341, 2008, 2375, 2781, 3064, 3418, 3945, 4206, 5695, 5936, 6356, 6564]",8182,15,8167,9,6,8164,3
5.0,MMMRPS24,"[404, 1460, 2253, 2987, 3137, 3263, 3713, 3934, 5070]","[404, 1460, 3137]","[2253, 2987, 3263, 3713, 3934, 5070]","[404, 1460, 1761, 3137]",5491,9,5482,3,6,5481,1
5.0,MMMTIX,"[402, 951, 1355]","[402, 951]",[1355],"[402, 951]",1552,3,1549,2,1,1549,0
5.0,MMMUPBS6,"[731, 2045, 2425, 3236, 3445]","[731, 2045, 3236]","[2425, 3445]","[731, 1203, 2045, 2793, 3236]",4614,5,4609,3,2,4607,2
5.0,MMMYCL,"[806, 919, 1615, 1787, 2042, 2419, 4673, 6619, 6752, 7565, 8161]",[1787],"[806, 919, 1615, 2042, 2419, 4673, 6619, 6752, 7565, 8161]",[1787],8308,11,8297,1,10,8297,0
5.0,MMNFMG,"[120, 638, 1634, 2540, 4409, 4448, 4619, 4804, 4855]","[1634, 2540]","[120, 638, 4409, 4448, 4619, 4804, 4855]","[1634, 2540]",5463,9,5454,2,7,5454,0
5.0,MMNMYC,"[1163, 3661]",[1163],[3661],[1163],4799,2,4797,1,1,4797,0
5.0,MMNUCLEO,"[784, 863, 2042, 3040, 3141, 3984, 4071, 4293, 4879, 5198, 5879, 6230, 6530, 6879, 8122, 8304, 8928, 9881, 10179, 10436, 10506, 11016]","[2042, 3141, 4293, 4879, 5198, 6230, 8122, 9881, 10436]","[784, 863, 3040, 3984, 4071, 5879, 6530, 6879, 8304, 8928, 10179, 10506, 11016]","[2042, 3141, 4293, 4694, 4879, 5198, 6230, 7517, 8122, 8738, 9050, 9881, 10436]",11470,22,11448,9,13,11444,4
5.0,MMODC2,"[331, 737, 1053, 1374, 1557, 2508, 2523, 2702, 2999, 3433, 4219]","[331, 737, 1053, 1374, 1557, 2508, 2702, 2999]","[2523, 3433, 4219]","[331, 737, 1053, 1374, 1557, 1801, 2508, 2702, 2999]",4252,11,4241,8,3,4240,1
5.0,MMOESTEOP,"[510, 993, 1127, 1662, 1666, 2605, 2821, 4101, 4452, 4834]","[993, 1127, 2821, 4101]","[510, 1662, 1666, 2605, 4452, 4834]","[993, 1127, 2283, 2821, 4101]",5774,10,5764,4,6,5763,1
5.0,MMPO,"[324, 475, 561, 1709, 2446, 3054, 3728, 3749, 5312, 6833, 6901, 7167, 7842, 8043, 8109, 8907, 9716, 9903, 10001, 10756]","[2446, 3728, 7167, 8907, 9903]","[324, 475, 561, 1709, 3054, 3749, 5312, 6833, 6901, 7842, 8043, 8109, 9716, 10001, 10756]","[2193, 2446, 2948, 3503, 3728, 4018, 4769, 7167, 8440, 8907, 9903]",11905,20,11885,5,15,11879,6
5.0,MMPPSOMA,"[447, 562, 706, 722, 1034, 1208, 1248, 2049]",[1034],"[447, 562, 706, 722, 1208, 1248, 2049]",[1034],2556,8,2548,1,7,2548,0
5.0,MMPROP2,[631],[],[631],[289],712,1,711,0,1,710,1
5.0,MMPROT1,"[312, 759]",[759],[312],[759],1178,2,1176,1,1,1176,0
5.0,MMPROT2,"[361, 508, 615, 880, 1218]",[1218],"[361, 508, 615, 880]",[1218],1568,5,1563,1,4,1563,0
5.0,MMSAP,"[441, 1558]",[441],[1558],[441],1868,2,1866,1,1,1866,0
5.0,MMSCIMIP,"[415, 1017]","[415, 1017]",[],"[415, 1017]",1980,2,1978,2,0,1978,0
5.0,MMSYNDE1A,"[762, 1345, 1483, 1992, 2151, 3132, 4867, 5772, 6256, 6622, 6741, 7828, 7931, 8043, 8442, 9076, 9867, 10122, 10903, 11397, 11583, 11858, 12132, 13723, 13851, 14080, 14254, 14634, 15172, 15299, 15845, 16744, 16770, 17647, 17701, 18837, 19009, 19057, 19542, 19726, 19767, 20385, 20735, 20942, 21888, 22120, 22488, 22707, 22802, 23203]","[1345, 19009, 20385, 20942]","[762, 1483, 1992, 2151, 3132, 4867, 5772, 6256, 6622, 6741, 7828, 7931, 8043, 8442, 9076, 9867, 10122, 10903, 11397, 11583, 11858, 12132, 13723, 13851, 14080, 14254, 14634, 15172, 15299, 15845, 16744, 16770, 17647, 17701, 18837, 19057, 19542, 19726, 19767, 20735, 21888, 22120, 22488, 22707, 22802, 23203]","[1345, 19009, 20385, 20942]",23592,50,23542,4,46,23542,0
5.0,MMTHY1G,"[80, 616, 1009]","[80, 1009]",[616],"[80, 1009]",2682,3,2679,2,1,2679,0
5.0,MMTLAC,"[299, 748, 912, 1171, 3092, 3509, 4297, 4373, 4783, 5339]","[299, 748, 1171, 3092]","[912, 3509, 4297, 4373, 4783, 5339]","[299, 748, 1171, 3092, 3338]",5239,10,5229,4,6,5228,1
5.0,MMTNFBG,"[524, 1196, 1553, 1728]",[1728],"[524, 1196, 1553]","[1728, 1911]",3211,4,3207,1,3,3206,1
5.0,MMTROPIB,"[183, 1749, 1832, 1932, 2033, 3037, 3690, 4580, 4604, 4620, 4748]","[1932, 3037, 4604]","[183, 1749, 1832, 2033, 3690, 4580, 4620, 4748]","[1697, 1932, 2185, 2656, 3037, 3564, 4604]",5683,11,5672,3,8,5668,4
5.0,MMTUM198,"[120, 347, 1729, 2818, 3313, 3587, 3818, 4180, 4220]","[2818, 3313, 3587, 3818, 4180]","[120, 347, 1729, 4220]","[1692, 2818, 3098, 3313, 3587, 3818, 4180]",4376,9,4367,5,4,4365,2
5.0,MMU01530,"[358, 636, 1080, 1357, 1589, 2269, 3231, 3803, 4904, 5405]",[3231],"[358, 636, 1080, 1357, 1589, 2269, 3803, 4904, 5405]","[3094, 3231]",6694,10,6684,1,9,6683,1
5.0,MMU02278,"[1638, 2312]",[1638],[2312],[1638],3973,2,3971,1,1,3971,0
5.0,MMU02298,"[475, 1180, 2413, 2874, 3116, 3911, 4749, 4794, 4897]","[1180, 2413]","[475, 2874, 3116, 3911, 4749, 4794, 4897]","[1180, 2413]",5851,9,5842,2,7,5842,0
5.0,MMU02884,"[668, 814, 1630, 2382, 3386, 5244, 5291, 6022, 6836, 7567, 7973]","[1630, 5244, 6836]","[668, 814, 2382, 3386, 5291, 6022, 7567, 7973]","[1630, 5244, 6836]",8757,11,8746,3,8,8746,0
5.0,MMU04056,"[186, 901, 1382, 1461, 1857, 1865, 2711, 2747, 2902, 3530, 4688, 6264, 7683, 8633, 8680, 8895, 10317, 10876, 11259, 12211, 14104, 14615, 15270, 15417, 15506, 15545, 15870, 16230, 16348, 16561, 16710, 16734, 17245, 18100, 20602, 21185]","[1382, 3530, 4688, 8895, 10317, 10876, 11259, 12211, 16230, 16561]","[186, 901, 1461, 1857, 1865, 2711, 2747, 2902, 6264, 7683, 8633, 8680, 14104, 14615, 15270, 15417, 15506, 15545, 15870, 16348, 16710, 16734, 17245, 18100, 20602, 21185]","[1382, 3530, 4688, 7979, 8895, 10317, 10876, 11259, 12211, 13491, 16230, 16561]",21710,36,21674,10,26,21672,2
5.0,MMU04827,"[105, 2280, 2512, 3555, 3684, 4281, 4301, 4969, 5444, 5675, 7369]","[3684, 4281, 4969]","[105, 2280, 2512, 3555, 4301, 5444, 5675, 7369]","[3684, 4281, 4969]",7600,11,7589,3,8,7589,0
5.0,MMU07568,"[84, 267, 482, 527]","[84, 267, 482]",[527],"[84, 267, 482]",743,4,739,3,1,739,0
5.0,MMU07808,"[61, 183, 404, 547, 673, 1697, 2384]","[673, 1697]","[61, 183, 404, 547, 2384]","[673, 1697]",2840,7,2833,2,5,2833,0
5.0,MMU09741,"[245, 1094, 1230, 2034]","[245, 1230]","[1094, 2034]","[245, 1230]",2844,4,2840,2,2,2840,0
5.0,MMU09964,"[375, 803, 1295, 1968, 2490, 2680, 2697, 3428, 3448, 3796, 4303, 4607, 5091, 5726, 5730, 5977, 6890, 7525, 7760, 7962, 8162, 8601, 9017, 9311, 10372, 11246]","[1968, 3428, 4303, 4607, 7962, 8162, 8601, 9017, 9311]","[375, 803, 1295, 2490, 2680, 2697, 3448, 3796, 5091, 5726, 5730, 5977, 6890, 7525, 7760, 10372, 11246]","[1968, 3428, 4303, 4607, 7962, 8162, 8601, 9017, 9311, 10875]",11454,26,11428,9,17,11427,1
5.0,MMU10098,"[593, 1155, 1173, 3270, 3509, 5292, 5695, 5812]","[1173, 3509]","[593, 1155, 3270, 5292, 5695, 5812]","[1173, 3509]",6117,8,6109,2,6,6109,0
5.0,MMU11054,"[204, 2250]",[],"[204, 2250]","[457, 1418, 1996]",2564,2,2562,0,2,2559,3
5.0,MMU11713,"[288, 634]","[288, 634]",[],"[288, 634]",1759,2,1757,2,0,1757,0
5.0,MMU12029,"[17, 297, 342, 381, 582, 1264, 1897]","[582, 1264]","[17, 297, 342, 381, 1897]","[582, 1264]",2255,7,2248,2,5,2248,0
5.0,MMU12273,"[38, 389, 680, 1085, 1940]","[680, 1085]","[38, 389, 1940]","[680, 1085, 1740]",2575,5,2570,2,3,2569,1
5.0,MMU12559,[247],[247],[],[247],918,1,917,1,0,917,0
5.0,MMU12560,[247],[247],[],[247],920,1,919,1,0,919,0
5.0,MMU12561,[247],[247],[],[247],916,1,915,1,0,915,0
5.0,MMU12562,[247],[247],[],[247],918,1,917,1,0,917,0
5.0,MMU12565,"[247, 396]",[247],[396],[247],1043,2,1041,1,1,1041,0
5.0,MMU13921,"[10, 162, 820, 952, 1867, 2003, 2197, 2354, 3036, 3525, 3990]","[952, 2003, 2354, 3990]","[10, 162, 820, 1867, 2197, 3036, 3525]","[952, 2003, 2354, 2693, 2930, 3241, 3990]",4670,11,4659,4,7,4656,3
5.0,MMU14421,"[1322, 1887, 3848]",[],"[1322, 1887, 3848]","[3668, 4237, 4502, 4814]",6254,3,6251,0,3,6247,4
5.0,MMVITRO,"[2054, 2718, 2826, 3755, 3812, 3820, 3855, 3863, 4941, 4996]",[2054],"[2718, 2826, 3755, 3812, 3820, 3855, 3863, 4941, 4996]","[1845, 2054, 2474, 2693, 3017, 3279, 4355]",4996,10,4986,1,9,4980,6
5.0,MMVPREB2,"[172, 214, 379, 930]",[379],"[172, 214, 930]",[379],1045,4,1041,1,3,1041,0
5.0,MMVPREB3,"[172, 214, 379]",[379],"[172, 214]",[379],1045,3,1042,1,2,1042,0
5.0,MNKEGLOBIM,"[237, 583, 1184, 1196]","[237, 583]","[1184, 1196]","[237, 583]",1693,4,1689,2,2,1689,0
5.0,MNKEGLOBIN,"[237, 583, 1182, 1194]","[237, 583]","[1182, 1194]","[237, 583]",1691,4,1687,2,2,1687,0
5.0,MNKHGBGGAG,"[75, 92, 287, 633, 1338]","[287, 633]","[75, 92, 1338]","[287, 633]",1697,5,1692,2,3,1692,0
5.0,MNPROP2,[620],[],[620],[278],696,1,695,0,1,694,1
5.0,MUS8HS20,"[257, 271, 940, 1015, 1360, 1625, 2562]",[940],"[257, 271, 1015, 1360, 1625, 2562]",[940],2622,7,2615,1,6,2615,0
5.0,MUSAP,"[810, 1012, 3574, 4509, 4740, 4971, 5230, 5290, 5547, 6013, 6406, 6709, 7890, 8019]","[3574, 4509, 4740, 4971, 5290, 6406, 6709]","[810, 1012, 5230, 5547, 6013, 7890, 8019]","[3574, 3815, 4034, 4509, 4740, 4971, 5290, 5619, 5952, 6406, 6709]",8086,14,8072,7,7,8068,4
5.0,MUSAP5A,"[354, 551, 697, 786, 1768, 2428, 2463, 2681, 2759, 3332, 3355, 4614, 6254, 6816]","[2428, 2759, 4614]","[354, 551, 697, 786, 1768, 2463, 2681, 3332, 3355, 6254, 6816]","[2428, 2759, 4614]",6821,14,6807,3,11,6807,0
5.0,MUSAPEX,"[300, 768, 1042, 1394, 1684, 2089, 2942]","[1684, 2089]","[300, 768, 1042, 1394, 2942]","[1684, 2089, 2742]",4034,7,4027,2,5,4026,1
5.0,MUSAPOAII,"[112, 474, 723, 1155]","[723, 1155]","[112, 474]","[723, 1155]",2952,4,2948,2,2,2948,0
5.0,MUSAPOIVA,"[588, 975, 1385, 2299, 2929]","[588, 975]","[1385, 2299, 2929]","[588, 975]",3012,5,3007,2,3,3007,0
5.0,MUSBMP4,"[336, 510, 664, 768, 1064, 2149, 2473, 2683, 3967, 5497, 5725, 7179]",[7179],"[336, 510, 664, 768, 1064, 2149, 2473, 2683, 3967, 5497, 5725]",[7179],9660,12,9648,1,11,9648,0
5.0,MUSBNP,"[336, 488, 753, 1449]","[336, 753]","[488, 1449]","[336, 753]",1460,4,1456,2,2,1456,0
5.0,MUSCD14A,"[176, 1122]",[176],[1122],[176],1865,2,1863,1,1,1863,0
5.0,MUSCRKNB,"[96, 460, 1440, 2245, 2455, 3842, 3862]","[2245, 2455, 3842]","[96, 460, 1440, 3862]","[1904, 2245, 2455, 2796, 3505, 3842]",4513,7,4506,3,4,4503,3
5.0,MUSCYTCOVB,"[724, 1081, 1319, 1925, 1946, 2066, 2234]","[724, 1319]","[1081, 1925, 1946, 2066, 2234]","[724, 1319, 1585]",2532,7,2525,2,5,2524,1
5.0,MUSENDOBA,"[135, 1507, 2117, 2130, 2614, 2743, 3027, 3115, 3350, 3618, 3892, 4049, 4430, 4898, 5090, 5527, 5589, 5616, 5696, 5700, 5817, 6358, 6980, 7151, 7585]","[2743, 3618, 4049, 5090, 5589]","[135, 1507, 2117, 2130, 2614, 3027, 3115, 3350, 3892, 4430, 4898, 5527, 5616, 5696, 5700, 5817, 6358, 6980, 7151, 7585]","[2743, 3618, 4049, 4853, 5090, 5589]",7871,25,7846,5,20,7845,1
5.0,MUSFAUA,"[846, 925, 1249, 1496, 2068, 2124]","[1249, 1496, 2124]","[846, 925, 2068]","[1249, 1496, 2124]",2842,6,2836,3,3,2836,0
5.0,MUSFERHC,"[483, 1827, 2185]","[483, 1827, 2185]",[],"[483, 1827, 2185]",2782,3,2779,3,0,2779,0
5.0,MUSFKBP13X,"[321, 736, 904, 1556]","[321, 736, 904]",[1556],"[321, 736, 904, 1282]",1573,4,1569,3,1,1568,1
5.0,MUSGAD45,"[559, 935, 1126, 1458, 1595, 2647]","[935, 1126, 1458]","[559, 1595, 2647]","[935, 1126, 1458]",3092,6,3086,3,3,3086,0
5.0,MUSGFJE,[624],[624],[],"[624, 1489]",2403,1,2402,1,0,2401,1
5.0,MUSGPOAD,"[1044, 1737, 2306, 4403, 4816, 4916, 5400, 7929]","[1044, 2306, 4403, 4916]","[1737, 4816, 5400, 7929]","[1044, 2306, 4403, 4916]",8068,8,8060,4,4,8060,0
5.0,MUSHBBH0,"[163, 365, 914, 1112, 1265, 2081]","[365, 914]","[163, 1112, 1265, 2081]","[365, 914]",2127,6,2121,2,4,2121,0
5.0,MUSHBBH1,"[249, 451, 780]","[451, 780]",[249],"[451, 780]",1918,3,1915,2,1,1915,0
5.0,MUSHES1,"[556, 784, 1108, 1351, 1400, 1839, 2208]","[556, 784, 1108]","[1351, 1400, 1839, 2208]","[556, 784, 1108]",2817,7,2810,3,4,2810,0
5.0,MUSHOX35A,"[232, 612, 3150, 3519]",[],"[232, 612, 3150, 3519]",[1308],3847,4,3843,0,4,3842,1
5.0,MUSIL1RN,"[168, 512, 886, 1676, 1922, 2186, 2289, 2483, 3549, 5269]","[512, 2483, 3549]","[168, 886, 1676, 1922, 2186, 2289, 5269]","[512, 2483, 3549]",6342,10,6332,3,7,6332,0
5.0,MUSKE3A,"[21, 981, 1562, 1604, 1881, 2194, 3218, 3400, 3405]","[21, 3218, 3400]","[981, 1562, 1604, 1881, 2194, 3405]","[21, 544, 3218, 3400]",3612,9,3603,3,6,3602,1
5.0,MUSLMP7A,"[1318, 1354, 1407, 2454, 3029, 3046]","[1318, 2454, 3029]","[1354, 1407, 3046]","[1318, 2153, 2454, 3029, 3674]",4259,6,4253,3,3,4251,2
5.0,MUSLTA,"[530, 1207, 1632, 1807]",[1807],"[530, 1207, 1632]","[1807, 1990]",3286,4,3282,1,3,3281,1
5.0,MUSMC26,"[816, 843, 2419, 2475, 3190, 3666, 3682, 3716, 4182]","[2419, 3190]","[816, 843, 2475, 3666, 3682, 3716, 4182]","[2419, 3190, 4144]",5386,9,5377,2,7,5376,1
5.0,MUSOGC,"[113, 489]","[113, 489]",[],"[113, 290, 489]",941,2,939,2,0,938,1
5.0,MUSOGCA,"[214, 285, 866, 1242]","[866, 1242]","[214, 285]","[866, 1043, 1242]",1694,4,1690,2,2,1689,1
5.0,MUSOGCB,"[113, 490]","[113, 490]",[],"[113, 290, 490]",942,2,940,2,0,939,1
5.0,MUSPNMT,"[955, 1665, 1881, 2135, 2450, 2755]",[1665],"[955, 1881, 2135, 2450, 2755]","[1665, 2343]",3136,6,3130,1,5,3129,1
5.0,MUSPROTA,"[585, 1945, 2033, 2585, 3663]","[1945, 2585, 3663]","[585, 2033]","[1945, 2585, 3224, 3663]",4636,5,4631,3,2,4630,1
5.0,MUSPROTEB,"[337, 496, 594, 993, 1024]","[337, 594, 993]","[496, 1024]","[337, 594, 993, 1988]",2389,5,2384,3,2,2383,1
5.0,MUSPRPC2,"[801, 2455, 2740, 3019, 3833, 4186, 5493, 6797]",[801],"[2455, 2740, 3019, 3833, 4186, 5493, 6797]",[801],7298,8,7290,1,7,7290,0
5.0,MUSPRPMPB,"[801, 1480, 2974]",[801],"[1480, 2974]",[801],3566,3,3563,1,2,3563,0
5.0,MUSREGI,"[775, 1159, 2230, 2450, 2993]","[1159, 2230, 2993]","[775, 2450]","[1159, 1799, 2230, 2993]",3748,5,3743,3,2,3742,1
5.0,MUSREGII,"[530, 927, 1626, 2023, 3233]","[927, 1626]","[530, 2023, 3233]","[927, 1626, 1988, 3091]",3924,5,3919,2,3,3917,2
5.0,MUSROM1X,"[983, 1030, 1242, 1848, 2555, 2616, 2640]","[1242, 1848]","[983, 1030, 2555, 2616, 2640]","[1242, 1848]",2779,7,2772,2,5,2772,0
5.0,MUSRPL30,"[500, 660, 1679, 2459, 3124, 3243, 3441]","[660, 2459]","[500, 1679, 3124, 3243, 3441]","[660, 1050, 2459]",3468,7,3461,2,5,3460,1
5.0,MUSRPS16,"[17, 1868, 2005]","[1868, 2005]",[17],"[450, 687, 1868, 2005]",2641,3,2638,2,1,2636,2
5.0,MUSS100B,"[342, 1721, 1778, 4920, 5082, 5219, 8061, 8612, 8736]",[4920],"[342, 1721, 1778, 5082, 5219, 8061, 8612, 8736]",[4920],8865,9,8856,1,8,8856,0
5.0,MUSSERPROA,"[1034, 1449, 2092, 2739, 3178, 3371]","[1449, 2092, 2739, 3178]","[1034, 3371]","[1449, 2092, 2739, 3178]",4449,6,4443,4,2,4443,0
5.0,MUSSSATGN,"[613, 840, 1825, 2165, 3039, 3233, 3892]","[840, 3039]","[613, 1825, 2165, 3233, 3892]","[840, 1162, 1346, 2905, 3039]",4058,7,4051,2,5,4048,3
5.0,MUSTCP,"[453, 470, 1993, 2463, 2496, 2781, 3576, 3642, 4019, 4278, 4687, 6098, 7230, 7512]","[453, 1993, 4278, 4687, 6098, 7230, 7512]","[470, 2463, 2496, 2781, 3576, 3642, 4019]","[453, 1705, 1993, 3270, 3746, 4278, 4687, 6098, 6552, 7230, 7512]",9253,14,9239,7,7,9235,4
5.0,MUSTHY1,"[80, 616, 1009]","[80, 1009]",[616],"[80, 1009]",2682,3,2679,2,1,2679,0
5.0,MUSTLAG,"[261, 269, 705, 1155, 1314, 1573, 3494, 4788, 5201]","[705, 1155, 1573, 3494]","[261, 269, 1314, 4788, 5201]","[705, 1155, 1573, 3494, 3740]",5412,9,5403,4,5,5402,1
5.0,MUSTSHBA2,"[388, 464, 830]",[464],"[388, 830]",[464],1283,3,1280,1,2,1280,0
5.0,MUSY1GLOB,"[377, 690, 1224, 1249]","[377, 690]","[1224, 1249]","[377, 690]",1745,4,1741,2,2,1741,0
5.0,OABBGLOB,"[33, 525, 692, 958, 1174, 1309, 2701]","[958, 1309]","[33, 525, 692, 1174, 2701]","[958, 1309]",3241,7,3234,2,5,3234,0
5.0,OABCGLOB,"[33, 957, 1177, 1312, 2648]","[957, 1312]","[33, 1177, 2648]","[957, 1312]",3192,5,3187,2,3,3187,0
5.0,OAINIGFII1,"[740, 1165, 2106, 2199]",[740],"[1165, 2106, 2199]",[740],2385,4,2381,1,3,2381,0
5.0,OAINTL3,"[115, 674, 813, 1909, 2072]","[674, 813, 1909, 2072]",[115],"[674, 813, 1909, 2072]",2793,5,2788,4,1,2788,0
5.0,OAKRT213,"[144, 1593, 1714, 1992, 3198, 3938, 4147, 4642, 4752, 4813, 5288, 5584, 5684, 6077, 6548, 7393, 8453, 8931, 9294]","[3198, 4147, 4813, 5288, 5684, 6077, 6548, 7393]","[144, 1593, 1714, 1992, 3938, 4642, 4752, 5584, 8453, 8931, 9294]","[3198, 4147, 4813, 5288, 5684, 6077, 6548, 7393]",9521,19,9502,8,11,9502,0
5.0,OALGB,"[955, 959, 2438, 2660, 3336, 3500, 4656, 4886, 4911]","[2660, 4656]","[955, 959, 2438, 3336, 3500, 4886, 4911]","[938, 1742, 2660, 3883, 4656]",7371,9,7362,2,7,7359,3
5.0,OAMETIAG,"[701, 1479]","[701, 1479]",[],"[701, 1479]",2792,2,2790,2,0,2790,0
5.0,OAMTIB,[1721],[1721],[],"[965, 1721]",3211,1,3210,1,0,3209,1
5.0,OAMTIC,"[381, 621, 1295]","[621, 1295]",[381],"[621, 1295]",2375,3,2372,2,1,2372,0
5.0,OAMTII,"[799, 1023, 1378, 1976]","[1023, 1378]","[799, 1976]","[1023, 1378]",2047,4,2043,2,2,2043,0
5.0,OAPROTP1,[],[],[],[212],524,0,524,0,0,523,1
5.0,OATRICH,"[152, 1183, 3157, 4772, 5825]",[3157],"[152, 1183, 4772, 5825]",[3157],9336,5,9331,1,4,9331,0
5.0,OCAPOAIG,"[361, 553, 855, 1159, 1239, 1467]","[553, 855]","[361, 1159, 1239, 1467]","[553, 855]",1986,6,1980,2,4,1980,0
5.0,OCTNFBETA,"[68, 577]",[577],[68],"[577, 766]",1963,2,1961,1,1,1960,1
5.0,OCUTGLOB,"[2162, 3172, 3357, 3424, 3496, 4176, 5072, 5207]",[3357],"[2162, 3172, 3424, 3496, 4176, 5072, 5207]","[3357, 5831]",6560,8,6552,1,7,6551,1
5.0,OOGH,"[200, 333, 849, 1084, 1475]","[333, 1084, 1475]","[200, 849]","[333, 740, 1084, 1475]",2154,5,2149,3,2,2148,1
5.0,OPOP1,[],[],[],[249],616,0,616,0,0,615,1
5.0,ORAPROTP1A,"[59, 163, 276]",[163],"[59, 276]",[163],409,3,406,1,2,406,0
5.0,PAA1GL,"[155, 204, 513]","[204, 513]",[155],"[204, 513]",872,3,869,2,1,869,0
5.0,PAAFPG,[214],[214],[],[214],1087,1,1086,1,0,1086,0
5.0,PAU03674,"[1194, 3171, 4013]","[3171, 4013]",[1194],"[3171, 3574, 3773, 4013, 4294, 4611]",5437,3,5434,2,1,5430,4
5.0,PIGAPAI,"[62, 562, 794, 1129, 1156]","[794, 1129]","[62, 562, 1156]","[794, 1129]",3325,5,3320,2,3,3320,0
5.0,PIGAPCIII,"[27, 45, 148, 736, 867, 944, 1711]",[1711],"[27, 45, 148, 736, 867, 944]","[1432, 1711]",3268,7,3261,1,6,3260,1
5.0,PIGCNP,"[400, 528, 1150, 1622, 1662]",[400],"[528, 1150, 1622, 1662]",[400],1886,5,1881,1,4,1881,0
5.0,PIGFSB,"[1598, 1801, 1849]",[],"[1598, 1801, 1849]","[515, 1042]",2043,3,2040,0,3,2038,2
5.0,PIKEGLOBIN,"[237, 588, 1193]","[237, 588]",[1193],"[237, 588]",1701,3,1698,2,1,1698,0
5.0,PPGLTG,[662],[662],[],"[373, 662]",1064,1,1063,1,0,1062,1
5.0,PPPROP2,"[63, 576]",[],"[63, 576]",[319],739,2,737,0,2,736,1
5.0,PPYPROP2,[530],[],[530],[272],688,1,687,0,1,686,1
5.0,PTAZGLO,"[943, 1603, 1648, 1749, 2244, 3077]","[1603, 3077]","[943, 1648, 1749, 2244]","[1603, 3077]",3609,6,3603,2,4,3603,0
5.0,PTGGGLOG,"[200, 545, 641]","[200, 545]",[641],"[200, 545]",1814,3,1811,2,1,1811,0
5.0,PTPPINS,"[688, 933, 1054, 1410, 1985]",[1410],"[688, 933, 1054, 1985]",[1410],2475,5,2470,1,4,2470,0
5.0,PTPROP2,"[74, 588]",[],"[74, 588]",[330],750,2,748,0,2,747,1
5.0,PVU11715,"[288, 633, 1340]","[288, 633]",[1340],"[288, 633]",1781,3,1778,2,1,1778,0
5.0,QULNFLW,"[15, 1222, 1548, 2169, 2301, 2405, 3329, 3794, 4139, 4443, 4656, 5192, 5612, 5849, 5873, 6211, 6672, 6808]","[3794, 4656]","[15, 1222, 1548, 2169, 2301, 2405, 3329, 4139, 4443, 5192, 5612, 5849, 5873, 6211, 6672, 6808]","[3794, 4656, 5921]",7925,18,7907,2,16,7906,1
5.0,QULTROPIA,"[67, 240, 591, 689, 2186, 2360, 3004, 3437, 3638, 4007, 4047]","[2186, 2360, 3004, 3437, 4047]","[67, 240, 591, 689, 3638, 4007]","[2186, 2360, 3004, 3437, 4047, 4336]",4956,11,4945,5,6,4944,1
5.0,RABCRP,"[397, 990, 1221]",[397],"[990, 1221]",[397],1430,3,1427,1,2,1427,0
5.0,RABDNP3AA,"[370, 742, 816, 906, 2156]",[2156],"[370, 742, 816, 906]",[2156],3082,5,3077,1,4,3077,0
5.0,RABSURFA,"[471, 636, 780, 3239, 3443, 3447, 4033, 4361, 4636, 5088, 5622, 5899, 6359, 6529, 7760]","[4033, 4361, 5088]","[471, 636, 780, 3239, 3443, 3447, 4636, 5622, 5899, 6359, 6529, 7760]","[4033, 4361, 5088]",8089,15,8074,3,12,8074,0
5.0,RABTNF,"[261, 851, 1355, 1563]","[851, 1355, 1563]",[261],"[851, 1355, 1563]",3192,4,3188,3,1,3188,0
5.0,RATCYC,"[362, 572, 1333]",[1333],"[362, 572]",[1333],2520,3,2517,1,2,2517,0
5.0,RATCYSS,"[1006, 1221, 1630, 4026]","[1006, 4026]","[1221, 1630]","[1006, 4026]",5555,4,5551,2,2,5551,0
5.0,RATDCCOVB,"[880, 1559, 2267, 2292, 2864, 3126, 3498, 3716, 3782, 5129]","[2267, 2864, 3126]","[880, 1559, 2292, 3498, 3716, 3782, 5129]","[2267, 2864, 3126]",5323,10,5313,3,7,5313,0
5.0,RATGRG,"[83, 204, 286, 1291, 1622, 1732, 2187, 2319, 2392, 2616, 3290, 3552]","[83, 286, 1291, 2187, 2319, 2616, 3290]","[204, 1622, 1732, 2392, 3552]","[83, 286, 1291, 1494, 1696, 1942, 2187, 2319, 2616, 2994, 3290]",3880,12,3868,7,5,3864,4
5.0,RATGROS,"[1178, 1390, 1587, 2131]","[1178, 1390, 1587]",[2131],"[1178, 1390, 1587]",2488,4,2484,3,1,2484,0
5.0,RATGSTY,"[659, 718, 1959, 2830, 3180, 3804, 4691]","[659, 3180]","[718, 1959, 2830, 3804, 4691]","[659, 996, 1495, 1862, 2060, 3180, 3376]",6286,7,6279,2,5,6274,5
5.0,RATIGFBA,"[850, 1242, 1788, 2034, 2203, 3002, 3105, 3828, 4512, 4546]","[2034, 3002]","[850, 1242, 1788, 2203, 3105, 3828, 4512, 4546]","[526, 2034, 3002]",4992,10,4982,2,8,4981,1
5.0,RATJE,"[1191, 1299, 2986]",[1191],"[1299, 2986]","[1191, 1989]",3097,3,3094,1,2,3093,1
5.0,RATKALA,"[945, 1062, 3282, 4709, 4729, 5689]","[3282, 4709]","[945, 1062, 4729, 5689]","[1275, 3282, 4476, 4709]",6249,6,6243,2,4,6241,2
5.0,RATLHB,"[784, 817, 1230, 1293, 1359]","[817, 1230]","[784, 1293, 1359]","[817, 1230]",1790,5,1785,2,3,1785,0
5.0,RATLITHOST,"[2013, 2464, 2496, 2847, 3471, 3475, 3902, 4652]","[2847, 3471, 3902, 4652]","[2013, 2464, 2496, 3475]","[2847, 3471, 3902, 4652]",5399,8,5391,4,4,5391,0
5.0,RATLYSOZYM,"[960, 1561, 1736, 3255, 3588, 3999, 5174, 5443]","[1561, 3255, 5174]","[960, 1736, 3588, 3999, 5443]","[1561, 3255, 5174]",6732,8,6724,3,5,6724,0
5.0,RATLYSZYM,"[6, 508, 574, 749, 1007, 1099, 1667, 3840, 4290, 4624, 5036, 6230, 6499]","[574, 4290, 6230]","[6, 508, 749, 1007, 1099, 1667, 3840, 4624, 5036, 6499]","[574, 4290, 6230]",7943,13,7930,3,10,7930,0
5.0,RATOSCAL,"[1192, 1586]","[1192, 1586]",[],"[1192, 1373, 1586]",2119,2,2117,2,0,2116,1
5.0,RATPAP,"[633, 1048, 1308, 1648, 2295, 3305]","[1308, 1648, 2295, 3305]","[633, 1048]","[1308, 1648, 2295, 2604, 3305]",4863,6,4857,4,2,4856,1
5.0,RATPAPIIB,"[1916, 2291, 2298, 2332, 2751, 3021, 3387, 3473, 3587, 4107]","[2298, 3473, 4107]","[1916, 2291, 2332, 2751, 3021, 3387, 3587]","[2298, 3140, 3473, 4107]",4717,10,4707,3,7,4706,1
5.0,RATPPP,"[1497, 1538, 2002, 2451, 2927, 4400]",[],"[1497, 1538, 2002, 2451, 2927, 4400]",[2261],4534,6,4528,0,6,4527,1
5.0,RATPTBZR02,"[224, 669, 727, 871, 909, 1206, 1927, 2066, 2200, 3232]",[2066],"[224, 669, 727, 871, 909, 1206, 1927, 2200, 3232]","[1306, 2066]",3426,10,3416,1,9,3415,1
5.0,RATRGPI,"[1879, 2329, 2361, 2712, 3339, 3343, 3770, 4521]","[2712, 3339, 3770, 4521]","[1879, 2329, 2361, 3343]","[2712, 3339, 3770, 4521]",5237,8,5229,4,4,5229,0
5.0,RATRPIII,"[1226, 1601, 1608, 1642, 2067, 2337, 2456, 2704, 2790, 2905, 3426]","[1608, 2456, 2790, 3426]","[1226, 1601, 1642, 2067, 2337, 2704, 2905]","[1608, 2456, 2790, 3426]",4133,11,4122,4,7,4122,0
5.0,RATSVSIV1,"[72, 244, 659, 814, 892]",[244],"[72, 659, 814, 892]",[244],972,5,967,1,4,967,0
5.0,RATTSHB,"[265, 2177, 2711, 4375]",[4375],"[265, 2177, 2711]",[4375],5159,4,5155,1,3,5155,0
5.0,RN0B2GLOB,"[9, 558, 693, 796, 1134]",[693],"[9, 558, 796, 1134]","[354, 693]",1789,5,1784,1,4,1783,1
5.0,RN2BGLOB,"[629, 764]",[764],[629],"[432, 764]",1876,2,1874,1,1,1873,1
5.0,RN3B2GLOB,"[325, 460]",[460],[325],"[122, 460]",1436,2,1434,1,1,1433,1
5.0,RN3B3GLOB,"[604, 739]",[739],[604],"[403, 739]",1738,2,1736,1,1,1735,1
5.0,RN3BGLOB,"[491, 626]",[626],[491],"[288, 626]",1526,2,1524,1,1,1523,1
5.0,RNAC01,"[127, 309, 1367, 1694, 2190, 2597, 2685, 2867, 3984]","[1367, 1694, 2597, 2867]","[127, 309, 2190, 2685, 3984]","[1367, 1694, 2597, 2867]",4083,9,4074,4,5,4074,0
5.0,RNAC02,"[251, 480, 1475, 1787, 2138, 2180, 2561, 2759]","[1787, 2138]","[251, 480, 1475, 2180, 2561, 2759]","[1368, 1787, 2138, 2429, 2743]",3192,8,3184,2,6,3181,3
5.0,RNANTANT,"[1524, 3119, 3263, 3609, 3883, 4213]","[1524, 3263, 3883]","[3119, 3609, 4213]","[1524, 3263, 3883]",5117,6,5111,3,3,5111,0
5.0,RNAPOEG,"[459, 499, 1293, 1955, 2863, 2884, 3203]","[1293, 1955]","[459, 499, 2863, 2884, 3203]","[1293, 1955]",3229,7,3222,2,5,3222,0
5.0,RNCALBD9,"[373, 469, 1041, 1532, 2736, 3508]",[2736],"[373, 469, 1041, 1532, 3508]",[2736],4883,6,4877,1,5,4877,0
5.0,RNGAMT,"[799, 3802, 4003, 4635, 4704, 4715]",[4003],"[799, 3802, 4635, 4704, 4715]","[2173, 3141, 3319, 3760, 4003]",4956,6,4950,1,5,4946,4
5.0,RNGMTG,"[92, 1011, 1267, 1406, 1682, 1818, 2067, 2443, 2987, 3555, 3918, 4463, 4548, 5122, 5252]","[1682, 3918, 4463]","[92, 1011, 1267, 1406, 1818, 2067, 2443, 2987, 3555, 4548, 5122, 5252]","[1682, 3249, 3918, 4254, 4463]",5391,15,5376,3,12,5374,2
5.0,RNGROW3,"[216, 365, 471, 1652]","[471, 1652]","[216, 365]","[471, 817, 1652, 1973]",2549,4,2545,2,2,2543,2
5.0,RNHSC73,"[498, 1244, 1713, 1982, 2618, 3034, 3448]","[1244, 1713, 1982, 2618, 3034, 3448]",[498],"[1244, 1713, 1982, 2618, 3034, 3448, 3766]",4312,7,4305,6,1,4304,1
5.0,RNLALB01,"[347, 1237, 1242, 1414, 1914, 2419]","[1414, 1914, 2419]","[347, 1237, 1242]","[1414, 1914, 2419]",3812,6,3806,3,3,3806,0
5.0,RNLPKG,"[2062, 2183, 2847, 3195, 3949, 4321, 7818, 8078, 9121, 9142, 9480, 12180, 12937]","[3949, 7818, 8078, 9480]","[2062, 2183, 2847, 3195, 4321, 9121, 9142, 12180, 12937]","[3219, 3949, 6009, 6284, 6605, 7192, 7453, 7818, 8078, 9480]",13003,13,12990,4,9,12984,6
5.0,RNODC,"[1097, 1344, 3174, 3525, 3918, 4182, 4517, 4982, 5631, 5650, 5825, 5851, 6291, 6582, 6692, 7326]","[3525, 3918, 4182, 4517, 5631, 5825, 6291]","[1097, 1344, 3174, 4982, 5650, 5851, 6582, 6692, 7326]","[3525, 3918, 4182, 4517, 4698, 4953, 5631, 5825, 6291]",7768,16,7752,7,9,7750,2
5.0,RNP9KA,"[22, 207, 248, 823, 1227, 2311]",[1227],"[22, 207, 248, 823, 2311]",[1227],2332,6,2326,1,5,2326,0
5.0,RNPBPG,"[1117, 1155, 1180, 2638, 2950, 4056]","[1117, 2950]","[1155, 1180, 2638, 4056]","[1117, 2950]",6021,6,6015,2,4,6015,0
5.0,RNPGMUT,"[32, 1216, 1515, 1912, 2291]",[],"[32, 1216, 1515, 1912, 2291]","[1596, 1872]",2420,5,2415,0,5,2413,2
5.0,RNPROST22,"[444, 733, 876, 2200, 3647, 3916, 4526, 4727, 7412]","[876, 3647, 4526]","[444, 733, 2200, 3916, 4727, 7412]","[876, 3647, 4526]",7667,9,7658,3,6,7658,0
5.0,RNREVSV2A,"[12, 67, 121, 290, 1341]",[67],"[12, 121, 290, 1341]","[67, 1304]",1730,5,1725,1,4,1724,1
5.0,RNSDHG,"[379, 1536, 1993, 2205, 3480, 3554, 4077, 5079, 5590, 5691, 5866, 6052, 6253, 6984, 7081, 8014, 8314, 8671, 9541]","[5691, 6052, 6253, 6984, 8671]","[379, 1536, 1993, 2205, 3480, 3554, 4077, 5079, 5590, 5866, 7081, 8014, 8314, 9541]","[4640, 5691, 6052, 6253, 6984, 8671]",9570,19,9551,5,14,9550,1
5.0,RNSVFG,"[500, 636, 670, 1250, 1267, 1347]",[500],"[636, 670, 1250, 1267, 1347]",[500],1841,6,1835,1,5,1835,0
5.0,RNTHYCSG,"[68, 318, 326, 355, 679, 1071, 1906]","[68, 1071]","[318, 326, 355, 679, 1906]","[68, 1071]",2855,7,2848,2,5,2848,0
5.0,RNU03551,"[832, 2183, 2418, 3226]","[832, 2418]","[2183, 3226]","[832, 2418, 3083]",3590,4,3586,2,2,3585,1
5.0,RNU09193,"[1727, 2630, 2749, 3084, 3612, 3787, 3899]","[2749, 3084, 3787]","[1727, 2630, 3612, 3899]","[2084, 2749, 3084, 3787]",4187,7,4180,3,4,4179,1
5.0,RNU12250,"[293, 473, 1704, 1708]","[293, 473]","[1704, 1708]","[293, 473]",1863,4,1859,2,2,1859,0
5.0,RNUCPG,"[112, 1881, 2812, 4187, 4822, 4896, 4965, 5744, 6018, 6121, 6983, 7395, 8157, 9172, 10198, 10292, 10603, 11061, 11481, 11722]",[8157],"[112, 1881, 2812, 4187, 4822, 4896, 4965, 5744, 6018, 6121, 6983, 7395, 9172, 10198, 10292, 10603, 11061, 11481, 11722]","[4310, 5157, 7964, 8157, 9401]",12496,20,12476,1,19,12472,4
5.0,RNVEGP1,"[1043, 1286, 1834, 1994, 2076, 3032, 4037, 4140, 4452, 4844, 5195]","[1834, 3032, 4037]","[1043, 1286, 1994, 2076, 4140, 4452, 4844, 5195]","[1262, 1834, 3032, 4037, 4611]",5948,11,5937,3,8,5935,2
5.0,RNVEGP2C,"[1159, 1402, 1950, 2182, 4146, 4960, 5078, 5566]","[1950, 4146]","[1159, 1402, 2182, 4960, 5078, 5566]","[1378, 1950, 3128, 4146, 4723]",5742,8,5734,2,6,5731,3
5.0,RRU04320,"[838, 2107, 2118, 2500, 3643]","[2500, 3643]","[838, 2107, 2118]","[2500, 3643]",6798,5,6793,2,3,6793,0
5.0,S46763,"[186, 1235, 1252, 2775, 3245, 3278, 3563, 4358, 4424, 4801, 5060, 5469, 6880, 8012, 8294]","[1235, 2775, 5060, 5469, 6880, 8012, 8294]","[186, 1252, 3245, 3278, 3563, 4358, 4424, 4801]","[1235, 2487, 2775, 4052, 4528, 5060, 5469, 6880, 7334, 8012, 8294]",10035,15,10020,7,8,10016,4
5.0,S49651,"[1652, 3255, 3571, 4137]","[1652, 3255, 4137]",[3571],"[1652, 2786, 3255, 4137]",5440,4,5436,3,1,5435,1
5.0,S57980,"[443, 732, 875, 2198, 3645, 3914, 4524, 4725, 7410]","[875, 3645, 4524]","[443, 732, 2198, 3914, 4725, 7410]","[875, 3645, 4524]",7665,9,7656,3,6,7656,0
5.0,S62287,"[190, 570, 3108]",[],"[190, 570, 3108]",[1266],3425,3,3422,0,3,3421,1
5.0,S63697,"[280, 829]","[280, 829]",[],"[280, 829]",1331,2,1329,2,0,1329,0
5.0,S66606,"[238, 340, 2506, 4598, 5644, 5958, 6167]","[2506, 4598]","[238, 340, 5644, 5958, 6167]","[2506, 2706, 3899, 4598]",6359,7,6352,2,5,6350,2
5.0,S67057,"[98, 840]",[840],[98],[840],1746,2,1744,1,1,1744,0
5.0,S69277,"[207, 1967, 3316, 3521, 3839, 4103, 4385]","[3316, 3521, 3839, 4103]","[207, 1967, 4385]","[3098, 3316, 3521, 3839, 4103]",5516,7,5509,4,3,5508,1
5.0,S69278,"[846, 861, 1402, 2826, 3031, 3347, 3561, 3832, 4236]","[2826, 3031, 3347, 3561]","[846, 861, 1402, 3832, 4236]","[2590, 2826, 3031, 3347, 3561]",5015,9,5006,4,5,5005,1
5.0,S69350,[235],[235],[],[235],2152,1,2151,1,0,2151,0
5.0,SAIEGLOBIM,"[237, 588, 604, 983, 1317, 1329]","[237, 588]","[604, 983, 1317, 1329]","[237, 588]",1826,6,1820,2,4,1820,0
5.0,SMIGCU,"[799, 1233, 1631, 1779, 1946, 2139, 2624]","[799, 1233, 1631]","[1779, 1946, 2139, 2624]","[799, 1233, 1631]",2833,7,2826,3,4,2826,0
5.0,SMNPRP1A,[],[],[],[215],623,0,623,0,0,622,1
5.0,SOEEGLOBIN,"[236, 586, 602, 1183, 1195]","[236, 586]","[602, 1183, 1195]","[236, 586]",1688,5,1683,2,3,1683,0
5.0,SSBAT1G,"[482, 1471, 1681, 2215, 2582, 2592, 2610, 2814, 2990, 3837, 4538, 6021, 6104, 6390, 6678, 6735, 6908, 8238, 9144, 9674]","[2215, 2582, 4538, 8238, 9144, 9674]","[482, 1471, 1681, 2592, 2610, 2814, 2990, 3837, 6021, 6104, 6390, 6678, 6735, 6908]","[1316, 2215, 2582, 4538, 5771, 8238, 9144, 9388, 9674]",10666,20,10646,6,14,10643,3
5.0,SSIKBAGE,"[788, 2469, 3151, 3334, 3713, 4091, 4470, 5251]","[2469, 3151, 3713, 4091, 4470]","[788, 3334, 5251]","[2469, 3151, 3713, 4091, 4470]",5756,8,5748,5,3,5748,0
5.0,SSPINT1B,"[2127, 2551, 2759, 4793, 6247, 6605, 6609, 6774, 8049, 8541, 8611]","[2551, 6605]","[2127, 2759, 4793, 6247, 6609, 6774, 8049, 8541, 8611]","[1971, 2551, 3903, 5245, 6605]",8743,11,8732,2,9,8729,3
5.0,TAPROTP1,[],[],[],[230],547,0,547,0,0,546,1
5.0,TARHBE,"[119, 465]","[119, 465]",[],"[119, 465]",1682,2,1680,2,0,1680,0
5.0,TARHBG,"[58, 265, 608, 704, 1032, 2072]",[265],"[58, 608, 704, 1032, 2072]","[265, 612]",2139,6,2133,1,5,2132,1
5.0,TFLPA2P1,"[596, 972, 1749, 2495]","[596, 972, 1749]",[2495],"[596, 972, 1749]",2708,4,2704,3,1,2704,0
5.0,TFLPA2P2,"[590, 966, 1783]","[590, 966, 1783]",[],"[590, 966, 1783]",2431,3,2428,3,0,2428,0
5.0,TFLPA2P3,"[596, 972, 1749, 2495]","[596, 972, 1749]",[2495],"[596, 972, 1749]",2708,4,2704,3,1,2704,0
5.0,TFLPA2P4,"[590, 966, 1783]","[590, 966, 1783]",[],"[590, 966, 1783]",2431,3,2428,3,0,2428,0
5.0,TGLHBB,"[519, 888, 1106, 1256, 1742, 2034]","[519, 888]","[1106, 1256, 1742, 2034]","[519, 888]",2300,6,2294,2,4,2294,0
5.0,TIOPRP1A,[],[],[],[212],556,0,556,0,0,555,1
5.0,U00432,"[237, 793, 1101]","[237, 793, 1101]",[],"[83, 237, 793, 1101, 1312]",1575,3,1572,3,0,1570,2
5.0,U00433,"[83, 267, 752, 1245, 1270]","[83, 267, 752, 1270]",[1245],"[83, 267, 752, 1062, 1270]",1545,5,1540,4,1,1539,1
5.0,U00454,"[772, 1031, 1062, 1598, 2781, 4179, 4529, 4862, 5625, 5820, 6800]","[1598, 4862]","[772, 1031, 1062, 2781, 4179, 4529, 5625, 5820, 6800]","[1598, 4862]",7192,11,7181,2,9,7181,0
5.0,U00938,"[71, 247, 1169, 3079, 3311, 3617, 4070, 5155, 5202, 5261, 5809, 5962, 6482]","[1169, 4070, 5155]","[71, 247, 3079, 3311, 3617, 5202, 5261, 5809, 5962, 6482]","[1169, 4070, 5155]",6780,13,6767,3,10,6767,0
5.0,U01026,"[492, 1364, 1746, 1927, 2537]","[1364, 1746, 2537]","[492, 1927]","[1364, 1746, 2537]",3216,5,3211,3,2,3211,0
5.0,U01027,"[571, 947, 1128, 1710, 2740]","[571, 947, 1710]","[1128, 2740]","[571, 947, 1710]",2761,5,2756,3,2,2756,0
5.0,U01844,"[64, 476, 623, 684, 1986, 2090, 2395, 2653, 3211, 3256]","[1986, 2653, 3211]","[64, 476, 623, 684, 2090, 2395, 3256]","[1986, 2141, 2474, 2653, 3211]",4219,10,4209,3,7,4207,2
5.0,XELCRPGA,"[842, 892, 1096]",[1096],"[842, 892]",[1096],3891,3,3888,1,2,3888,0
5.0,XELCRYB,"[592, 706, 1326]","[706, 1326]",[592],"[706, 1326]",2049,3,2046,2,1,2046,0
5.0,XELHBBC,"[263, 715]",[263],[715],"[263, 678]",1981,2,1979,1,1,1978,1
5.0,XLACTA,"[553, 1260, 2591, 3422, 3868, 4138, 4845, 4946, 5338, 5898]","[2591, 3868, 4138, 4845]","[553, 1260, 3422, 4946, 5338, 5898]","[2591, 3868, 4138, 4845, 5128]",5946,10,5936,4,6,5935,1
5.0,XLACTCAG,"[831, 1600, 2094, 3128, 3614, 4931, 5562, 6279, 6461, 7511, 8347, 8892]","[3614, 4931, 5562, 6461]","[831, 1600, 2094, 3128, 6279, 7511, 8347, 8892]","[2473, 3614, 4931, 5562, 6461]",8900,12,8888,4,8,8887,1
5.0,XLBGL3,[1175],[1175],[],"[388, 1175]",2964,1,2963,1,0,2962,1
5.0,XLGLAA1,"[137, 502]","[137, 502]",[],"[137, 502]",1192,2,1190,2,0,1190,0
5.0,XLGLAA2,"[138, 519, 1163]","[138, 519]",[1163],"[138, 519]",1192,3,1189,2,1,1189,0
5.0,XLK81A1G,"[2734, 3240, 3409, 3531, 3849]","[2734, 3531, 3849]","[3240, 3409]","[1759, 2294, 2734, 3026, 3531, 3849, 4170]",5892,5,5887,3,2,5883,4
5.0,XLRPL14,"[912, 1292, 1837, 2140, 3051, 3085, 3897, 6485, 7158]",[912],"[1292, 1837, 2140, 3051, 3085, 3897, 6485, 7158]","[912, 1891, 2087, 4978, 5356, 7904]",9116,9,9107,1,8,9102,5
5.0,XLRPL1AG,"[308, 512, 634, 2121, 2638, 3735, 3831, 4573, 5179, 5303, 5643, 5757, 6451]","[512, 2121, 3831, 4573, 5179, 5757]","[308, 634, 2638, 3735, 5303, 5643, 6451]","[512, 2121, 2438, 2818, 3137, 3831, 4573, 5179, 5757]",6949,13,6936,6,7,6933,3
5.0,XLS8,"[164, 692, 1006, 2032, 2326, 2893, 3963, 4181, 5849, 5912, 6381, 7181, 7381, 8071, 8411, 8542, 9832, 12388, 12978]","[2032, 5912, 7381]","[164, 692, 1006, 2326, 2893, 3963, 4181, 5849, 6381, 7181, 8071, 8411, 8542, 9832, 12388, 12978]","[2032, 3938, 5912, 7381, 12177]",13512,19,13493,3,16,13491,2
5.0,XLTUBAG,"[272, 595, 678, 1280, 1323, 2020, 3094, 4179, 4401, 4775, 5431, 5575, 6604, 6612, 6630]","[678, 4401, 5575]","[272, 595, 1280, 1323, 2020, 3094, 4179, 4775, 5431, 6604, 6612, 6630]","[678, 4401, 5575]",6888,15,6873,3,12,6873,0
5.0,XLXANF1A,"[1460, 2706]","[1460, 2706]",[],"[1460, 1960, 2706]",4878,2,4876,2,0,4875,1
5.0,XTGLA,"[235, 1323, 2034, 2838, 4344]",[2838],"[235, 1323, 2034, 4344]","[731, 2838]",4838,5,4833,1,4,4832,1
5.0,XTGLAA,"[416, 1036, 1411]","[1036, 1411]",[416],"[1036, 1411]",1992,3,1989,2,1,1989,0
5.0,XTGLB,"[21, 389, 1823]",[],"[21, 389, 1823]","[2384, 2836]",4043,3,4040,0,3,4038,2
5.0,ZEFB2MICB,"[304, 1187, 1345]","[304, 1187]",[1345],"[304, 1187]",2193,3,2190,2,1,2190,0
