Threshold,Locus,Predict Sites,Positive Sites,Negative Sites,Actual Donor Sites,Predict Num,Predict Positive Num,Predict Negative Num,TP,FP,TN,FN
0.5,ACU08131,"[70, 158, 296, 322, 326, 387, 463, 502, 505, 533, 557, 642, 710, 783, 790, 845, 849, 869, 882, 925, 983, 994, 1000, 1002, 1009, 1024, 1168, 1173, 1179, 1230, 1255, 1273, 1328, 1363, 1437, 1603, 1664, 1735, 1860, 1982, 1987, 1994, 2025, 2029, 2033, 2035, 2079, 2104, 2134, 2179, 2212, 2236, 2245, 2260, 2350, 2388, 2438, 2457, 2498, 2503, 2537, 2547, 2598, 2637, 2677, 2690, 2702, 2782, 2787, 2798, 2803, 2807, 2818, 2823, 2840, 2878, 2986, 3011, 3032, 3042, 3297, 3336, 3558, 3621, 3624, 3798, 3825, 3833, 3846, 3871, 3899, 3914, 3942, 3984, 4038, 4135, 4167, 4209, 4233, 4306, 4452, 4504, 4512, 4563, 4590, 4687, 4719, 4866, 4906, 4920, 4971, 4992, 5026, 5080, 5170, 5176, 5207, 5313, 5324, 5345, 5352, 5361]","[642, 1363, 2029, 2803, 3798]","[70, 158, 296, 322, 326, 387, 463, 502, 505, 533, 557, 710, 783, 790, 845, 849, 869, 882, 925, 983, 994, 1000, 1002, 1009, 1024, 1168, 1173, 1179, 1230, 1255, 1273, 1328, 1437, 1603, 1664, 1735, 1860, 1982, 1987, 1994, 2025, 2033, 2035, 2079, 2104, 2134, 2179, 2212, 2236, 2245, 2260, 2350, 2388, 2438, 2457, 2498, 2503, 2537, 2547, 2598, 2637, 2677, 2690, 2702, 2782, 2787, 2798, 2807, 2818, 2823, 2840, 2878, 2986, 3011, 3032, 3042, 3297, 3336, 3558, 3621, 3624, 3825, 3833, 3846, 3871, 3899, 3914, 3942, 3984, 4038, 4135, 4167, 4209, 4233, 4306, 4452, 4504, 4512, 4563, 4590, 4687, 4719, 4866, 4906, 4920, 4971, 4992, 5026, 5080, 5170, 5176, 5207, 5313, 5324, 5345, 5352, 5361]","[642, 1363, 2029, 2803, 3798]",5384,122,5262,5,117,5262,0
0.5,AGGGLINE,"[22, 32, 70, 80, 205, 262, 320, 343, 432, 442, 590, 669, 689, 805, 812, 869, 903, 908, 935, 1004, 1037, 1082, 1390, 1452, 1466, 1571, 1577, 1605, 1813, 1939, 1986, 1988, 1990, 2085, 2127, 2216, 2229, 2325, 2347, 2431, 2621, 2658, 2685, 2697, 2776, 2795, 2878, 2939, 2946, 2963, 2967, 3030, 3070, 3110, 3120, 3158, 3168, 3293, 3384, 3390, 3457, 3469, 3504, 3600, 3625, 3673, 3782, 3850, 3900, 3913, 3945, 4035, 4077, 4088, 4090, 4094, 4098, 4102, 4115, 4117, 4119, 4123, 4170, 4177, 4211, 4253, 4302, 4309, 4313, 4405, 4411, 4456, 4480, 4496, 4611, 4620, 4651, 4685, 4689, 4709, 4720, 4756, 4790, 4802, 4820, 4835, 4849, 4895, 4921, 4933, 5000, 5175, 5187, 5218, 5228, 5259, 5275, 5307, 5339, 5357, 5373, 5449, 5585, 5592, 5648, 5680, 5687, 5714, 5785, 5864, 5929, 5947, 6176, 6262, 6277, 6387, 6421, 6427, 6780, 6887, 6935, 6980, 6984, 7054, 7217, 7294, 7300, 7339]","[3158, 3504]","[22, 32, 70, 80, 205, 262, 320, 343, 432, 442, 590, 669, 689, 805, 812, 869, 903, 908, 935, 1004, 1037, 1082, 1390, 1452, 1466, 1571, 1577, 1605, 1813, 1939, 1986, 1988, 1990, 2085, 2127, 2216, 2229, 2325, 2347, 2431, 2621, 2658, 2685, 2697, 2776, 2795, 2878, 2939, 2946, 2963, 2967, 3030, 3070, 3110, 3120, 3168, 3293, 3384, 3390, 3457, 3469, 3600, 3625, 3673, 3782, 3850, 3900, 3913, 3945, 4035, 4077, 4088, 4090, 4094, 4098, 4102, 4115, 4117, 4119, 4123, 4170, 4177, 4211, 4253, 4302, 4309, 4313, 4405, 4411, 4456, 4480, 4496, 4611, 4620, 4651, 4685, 4689, 4709, 4720, 4756, 4790, 4802, 4820, 4835, 4849, 4895, 4921, 4933, 5000, 5175, 5187, 5218, 5228, 5259, 5275, 5307, 5339, 5357, 5373, 5449, 5585, 5592, 5648, 5680, 5687, 5714, 5785, 5864, 5929, 5947, 6176, 6262, 6277, 6387, 6421, 6427, 6780, 6887, 6935, 6980, 6984, 7054, 7217, 7294, 7300, 7339]","[3158, 3504]",7220,148,7072,2,146,7072,0
0.5,AGU04852,"[35, 40, 86, 130, 174, 183, 187, 284, 300, 348, 432, 491, 509, 536, 540, 619, 631, 637, 653, 664, 675, 690, 734, 791, 825, 868, 885, 987, 1023, 1104, 1116, 1142, 1184, 1232, 1464, 1517, 1611, 1652, 1752, 1863, 1893, 1898, 1984, 2018, 2052, 2073, 2100, 2117, 2186, 2302, 2329, 2419, 2446, 2470, 2478, 2482, 2597, 2618, 2624, 2629, 2665, 2720, 2784, 2788, 2820, 2917, 2952, 2966, 2972, 2976, 2999, 3022, 3035, 3038, 3079, 3105, 3116, 3133, 3176, 3211, 3260, 3273, 3402, 3404, 3430, 3693, 3697, 3701, 3732, 3757, 3759, 3788, 3816, 3841, 3877, 3956, 4011, 4019, 4086, 4123, 4144, 4195, 4220, 4232, 4277, 4303, 4323, 4342, 4483, 4524, 4550, 4566, 4595, 4657, 4684, 4701, 4744, 4764, 4768, 4780, 4788, 4800, 4809, 4863, 4906, 4992, 5055, 5066, 5117, 5252, 5296, 5332, 5334, 5336, 5348, 5350, 5356, 5360, 5362, 5380, 5385, 5433, 5517, 5529, 5533, 5577, 5720, 5727, 5780, 5876, 5912, 5979, 5987, 6153, 6203, 6210, 6224, 6383, 6395, 6422, 6453, 6669, 6731, 6740, 6744, 6838, 6849, 6878, 6883, 6899, 7091, 7105, 7128, 7246, 7395, 7422, 7441, 7509, 7551, 7636, 7669, 7685, 7867, 7900, 7927, 7960, 7978, 8017, 8024, 8026, 8085, 8122, 8176, 8213, 8229, 8252, 8264, 8301, 8349, 8354, 8358, 8362, 8520, 8538, 8574, 8624, 8635, 8653, 8694, 8757, 8817, 8835, 8854, 8877, 8934, 8952, 8961, 9025, 9035, 9083, 9176, 9246, 9253, 9261, 9365, 9396, 9520, 9557, 9571, 9608, 9622, 9632, 9669, 9740, 9762, 9789, 9845, 9856, 10029, 10112, 10274, 10309, 10323, 10325, 10361, 10586, 10589, 10753, 10774, 10780, 10812, 10820, 10898, 10937, 10961]","[3956, 5517, 5912, 6740]","[35, 40, 86, 130, 174, 183, 187, 284, 300, 348, 432, 491, 509, 536, 540, 619, 631, 637, 653, 664, 675, 690, 734, 791, 825, 868, 885, 987, 1023, 1104, 1116, 1142, 1184, 1232, 1464, 1517, 1611, 1652, 1752, 1863, 1893, 1898, 1984, 2018, 2052, 2073, 2100, 2117, 2186, 2302, 2329, 2419, 2446, 2470, 2478, 2482, 2597, 2618, 2624, 2629, 2665, 2720, 2784, 2788, 2820, 2917, 2952, 2966, 2972, 2976, 2999, 3022, 3035, 3038, 3079, 3105, 3116, 3133, 3176, 3211, 3260, 3273, 3402, 3404, 3430, 3693, 3697, 3701, 3732, 3757, 3759, 3788, 3816, 3841, 3877, 4011, 4019, 4086, 4123, 4144, 4195, 4220, 4232, 4277, 4303, 4323, 4342, 4483, 4524, 4550, 4566, 4595, 4657, 4684, 4701, 4744, 4764, 4768, 4780, 4788, 4800, 4809, 4863, 4906, 4992, 5055, 5066, 5117, 5252, 5296, 5332, 5334, 5336, 5348, 5350, 5356, 5360, 5362, 5380, 5385, 5433, 5529, 5533, 5577, 5720, 5727, 5780, 5876, 5979, 5987, 6153, 6203, 6210, 6224, 6383, 6395, 6422, 6453, 6669, 6731, 6744, 6838, 6849, 6878, 6883, 6899, 7091, 7105, 7128, 7246, 7395, 7422, 7441, 7509, 7551, 7636, 7669, 7685, 7867, 7900, 7927, 7960, 7978, 8017, 8024, 8026, 8085, 8122, 8176, 8213, 8229, 8252, 8264, 8301, 8349, 8354, 8358, 8362, 8520, 8538, 8574, 8624, 8635, 8653, 8694, 8757, 8817, 8835, 8854, 8877, 8934, 8952, 8961, 9025, 9035, 9083, 9176, 9246, 9253, 9261, 9365, 9396, 9520, 9557, 9571, 9608, 9622, 9632, 9669, 9740, 9762, 9789, 9845, 9856, 10029, 10112, 10274, 10309, 10323, 10325, 10361, 10586, 10589, 10753, 10774, 10780, 10812, 10820, 10898, 10937, 10961]","[3956, 5517, 5912, 6740]",10976,255,10721,4,251,10721,0
0.5,ALOEGLOBIM,"[21, 55, 148, 189, 221, 237, 271, 346, 448, 469, 536, 548, 583, 599, 604, 641, 761, 940, 1030, 1035, 1043, 1049, 1154, 1170, 1176, 1182, 1200, 1250, 1284, 1297, 1301, 1399, 1404, 1410, 1455, 1479, 1511, 1548, 1604, 1620, 1634, 1669]","[237, 583]","[21, 55, 148, 189, 221, 271, 346, 448, 469, 536, 548, 599, 604, 641, 761, 940, 1030, 1035, 1043, 1049, 1154, 1170, 1176, 1182, 1200, 1250, 1284, 1297, 1301, 1399, 1404, 1410, 1455, 1479, 1511, 1548, 1604, 1620, 1634, 1669]","[237, 583]",1683,42,1641,2,40,1641,0
0.5,ALOEGLOBIN,"[21, 55, 148, 189, 221, 237, 271, 346, 448, 469, 536, 548, 583, 599, 604, 641, 761, 940, 1030, 1035, 1043, 1049, 1154, 1170, 1176, 1182, 1186, 1200, 1250, 1284, 1297, 1301, 1399, 1404, 1410, 1455, 1479, 1511, 1548, 1604, 1620, 1634, 1669]","[237, 583]","[21, 55, 148, 189, 221, 271, 346, 448, 469, 536, 548, 599, 604, 641, 761, 940, 1030, 1035, 1043, 1049, 1154, 1170, 1176, 1182, 1186, 1200, 1250, 1284, 1297, 1301, 1399, 1404, 1410, 1455, 1479, 1511, 1548, 1604, 1620, 1634, 1669]","[237, 583]",1683,43,1640,2,41,1640,0
0.5,ALOPROTP1A,"[7, 10, 59, 166, 170, 186, 267, 273]",[166],"[7, 10, 59, 170, 186, 267, 273]",[166],410,8,402,1,7,402,0
0.5,AMU12024,"[85, 257, 420, 472, 477, 534, 632, 654, 660, 667, 671, 768, 872, 920, 922, 965, 1067, 1084, 1098, 1120, 1125, 1143, 1172, 1444, 1467, 1583, 1587, 1594, 1607, 1650, 1695, 1797, 1817, 1834, 1864, 1902, 1960, 1974, 2013, 2126, 2242, 2305, 2308, 2374, 2384, 2435, 2482, 2539, 2575, 2587, 2605, 2623, 2685, 2755, 2801, 2827, 2881, 2917, 3018, 3053, 3138, 3306, 3332, 3350, 3385, 3391, 3395, 3458, 3568, 3573, 3606]","[257, 667, 1864, 2126, 2482]","[85, 420, 472, 477, 534, 632, 654, 660, 671, 768, 872, 920, 922, 965, 1067, 1084, 1098, 1120, 1125, 1143, 1172, 1444, 1467, 1583, 1587, 1594, 1607, 1650, 1695, 1797, 1817, 1834, 1902, 1960, 1974, 2013, 2242, 2305, 2308, 2374, 2384, 2435, 2539, 2575, 2587, 2605, 2623, 2685, 2755, 2801, 2827, 2881, 2917, 3018, 3053, 3138, 3306, 3332, 3350, 3385, 3391, 3395, 3458, 3568, 3573, 3606]","[257, 667, 1864, 2126, 2482]",3644,71,3573,5,66,3573,0
0.5,AMU12025,"[100, 178, 205, 271, 301, 321, 327, 385, 428, 527, 529, 588, 599, 635, 729, 830, 859, 886, 929, 1018, 1032, 1049, 1080, 1143, 1380, 1412, 1416, 1428, 1499, 1517, 1640, 1697, 1749, 1763, 1795, 1817, 1823, 1830, 1834, 1974, 1997, 2010, 2014, 2072, 2139, 2250, 2274, 2359, 2382, 2460, 2485, 2554, 2624, 2654, 2658, 2689, 2691, 2705, 2736, 2750, 2789, 2902, 3011, 3038, 3101, 3104, 3130, 3231, 3278, 3313, 3343, 3380, 3521, 3623, 3649, 3667, 3897, 4102, 4134, 4345, 4352, 4481, 4525, 4541, 4659, 4767, 4774, 4838, 5015, 5038, 5073, 5135, 5345, 5369, 5377]","[1412, 1830, 2654, 2902, 3278]","[100, 178, 205, 271, 301, 321, 327, 385, 428, 527, 529, 588, 599, 635, 729, 830, 859, 886, 929, 1018, 1032, 1049, 1080, 1143, 1380, 1416, 1428, 1499, 1517, 1640, 1697, 1749, 1763, 1795, 1817, 1823, 1834, 1974, 1997, 2010, 2014, 2072, 2139, 2250, 2274, 2359, 2382, 2460, 2485, 2554, 2624, 2658, 2689, 2691, 2705, 2736, 2750, 2789, 3011, 3038, 3101, 3104, 3130, 3231, 3313, 3343, 3380, 3521, 3623, 3649, 3667, 3897, 4102, 4134, 4345, 4352, 4481, 4525, 4541, 4659, 4767, 4774, 4838, 5015, 5038, 5073, 5135, 5345, 5369, 5377]","[1412, 1830, 2654, 2902, 3278]",5375,95,5280,5,90,5280,0
0.5,AOIRHODOPS,"[44, 113, 141, 145, 154, 228, 255, 306, 384, 403, 434, 447, 470, 518, 620, 627, 657, 691, 749, 768, 796, 830, 856, 894, 921, 930, 1003, 1115, 1129, 1314, 1321, 1393, 1415, 1581, 1625, 1662, 1702, 1749, 1820, 1907, 1925, 1953, 1969, 1982, 2025, 2051, 2062, 2119, 2240, 2470, 2528, 2584, 2678, 2683, 2754, 2758, 2807, 2812, 2838, 2855, 2870, 2942, 2949, 2968, 3012, 3095, 3113, 3119, 3158, 3397, 3465, 3488, 3566, 3625, 3921, 3948, 4005, 4036, 4061, 4067, 4071, 4109, 4256, 4314, 4336, 4385, 4391, 4430, 4458, 4464, 4472, 4479, 4544, 4598, 4667, 4711, 4744, 4812, 4840, 4849, 4862, 4864, 4881, 4926, 4933, 4953, 4963, 4967, 5014, 5116, 5156, 5207, 5236, 5355, 5359, 5364, 5373, 5396, 5416, 5426, 5452, 5478, 5483, 5489, 5494, 5523, 5601, 5630, 5668, 5677, 5711, 5716, 5720, 5749, 5796, 5817, 5856, 5862, 5892, 5926, 5958, 6093, 6117, 6216, 6243, 6327, 6360, 6372, 6400, 6406, 6569, 6575, 6759, 6806, 6925, 7023, 7039, 7056, 7082, 7095, 7174, 7214, 7357, 7379, 7481, 7494, 7509, 7580, 7584, 7600, 7614, 7622, 7630, 7638, 7648, 7673, 7714, 7724, 7800, 8003, 8156, 8169, 8197, 8229, 8300, 8308, 8314, 8434, 8614, 8837, 8863, 9057, 9109, 9111, 9125, 9133, 9292, 9304, 9342, 9365, 9371, 9410, 9423, 9464, 9469, 9592, 9598, 9612, 9620, 9902, 9904]","[1702, 4067, 5373, 6243]","[44, 113, 141, 145, 154, 228, 255, 306, 384, 403, 434, 447, 470, 518, 620, 627, 657, 691, 749, 768, 796, 830, 856, 894, 921, 930, 1003, 1115, 1129, 1314, 1321, 1393, 1415, 1581, 1625, 1662, 1749, 1820, 1907, 1925, 1953, 1969, 1982, 2025, 2051, 2062, 2119, 2240, 2470, 2528, 2584, 2678, 2683, 2754, 2758, 2807, 2812, 2838, 2855, 2870, 2942, 2949, 2968, 3012, 3095, 3113, 3119, 3158, 3397, 3465, 3488, 3566, 3625, 3921, 3948, 4005, 4036, 4061, 4071, 4109, 4256, 4314, 4336, 4385, 4391, 4430, 4458, 4464, 4472, 4479, 4544, 4598, 4667, 4711, 4744, 4812, 4840, 4849, 4862, 4864, 4881, 4926, 4933, 4953, 4963, 4967, 5014, 5116, 5156, 5207, 5236, 5355, 5359, 5364, 5396, 5416, 5426, 5452, 5478, 5483, 5489, 5494, 5523, 5601, 5630, 5668, 5677, 5711, 5716, 5720, 5749, 5796, 5817, 5856, 5862, 5892, 5926, 5958, 6093, 6117, 6216, 6327, 6360, 6372, 6400, 6406, 6569, 6575, 6759, 6806, 6925, 7023, 7039, 7056, 7082, 7095, 7174, 7214, 7357, 7379, 7481, 7494, 7509, 7580, 7584, 7600, 7614, 7622, 7630, 7638, 7648, 7673, 7714, 7724, 7800, 8003, 8156, 8169, 8197, 8229, 8300, 8308, 8314, 8434, 8614, 8837, 8863, 9057, 9109, 9111, 9125, 9133, 9292, 9304, 9342, 9365, 9371, 9410, 9423, 9464, 9469, 9592, 9598, 9612, 9620, 9902, 9904]","[1702, 4067, 5373, 6243]",9915,211,9704,4,207,9704,0
0.5,ASPROP2,"[75, 107, 120, 251, 325, 452, 589, 662]",[325],"[75, 107, 120, 251, 452, 589, 662]",[325],664,8,656,1,7,656,0
0.5,ASYRVISP,"[84, 99, 224, 260, 278, 294, 330, 363, 367, 533, 625, 634, 650, 656, 837, 852, 858, 909, 1007, 1042, 1046, 1166, 1213, 1216, 1219, 1240, 1288, 1293, 1305, 1335, 1385, 1404, 1419, 1433, 1564, 1569, 1585, 1659, 1676, 1739, 1916, 1968, 1986, 2021, 2051, 2069, 2122]","[625, 1042, 1335, 1585, 1916]","[84, 99, 224, 260, 278, 294, 330, 363, 367, 533, 634, 650, 656, 837, 852, 858, 909, 1007, 1046, 1166, 1213, 1216, 1219, 1240, 1288, 1293, 1305, 1385, 1404, 1419, 1433, 1564, 1569, 1659, 1676, 1739, 1968, 1986, 2021, 2051, 2069, 2122]","[625, 1042, 1335, 1585, 1916]",2221,47,2174,5,42,2174,0
0.5,ATREGLOBIN,"[21, 55, 148, 189, 221, 237, 271, 346, 453, 474, 541, 553, 588, 604, 609, 725, 766, 891, 935, 954, 1045, 1050, 1058, 1187, 1193, 1199, 1217, 1267, 1295, 1314, 1318, 1407, 1412, 1418, 1463, 1487, 1519, 1556, 1628, 1642, 1677]","[237, 588]","[21, 55, 148, 189, 221, 271, 346, 453, 474, 541, 553, 604, 609, 725, 766, 891, 935, 954, 1045, 1050, 1058, 1187, 1193, 1199, 1217, 1267, 1295, 1314, 1318, 1407, 1412, 1418, 1463, 1487, 1519, 1556, 1628, 1642, 1677]","[237, 588]",1691,41,1650,2,39,1650,0
0.5,BABAPOE,"[33, 60, 72, 146, 170, 198, 267, 272, 408, 481, 486, 501, 550, 567, 673, 688, 694, 754, 764, 770, 860, 865, 897, 1003, 1029, 1080, 1223, 1278, 1331, 1357, 1374, 1668, 1681, 1702, 1729, 1746, 1778, 1820, 1898, 1910, 1941, 1944, 1953, 1985, 2032, 2084, 2109, 2144, 2222, 2235, 2262, 2312, 2355, 2421, 2427, 2433, 2468, 2486, 2490, 2512, 2581, 2593, 2613, 2668, 2680, 2782, 2803, 2830, 2847, 2881, 2903, 2909, 3191, 3265, 3435, 3537, 3598, 3615, 3630, 3635, 3648, 3670, 3767, 3804, 3837, 3852, 3867, 3916, 3978, 3990, 3999, 4076, 4089, 4109, 4122, 4131, 4143, 4164, 4223, 4288, 4344, 4346, 4425, 4439, 4443, 4517, 4650, 4682, 4734]","[897, 2847]","[33, 60, 72, 146, 170, 198, 267, 272, 408, 481, 486, 501, 550, 567, 673, 688, 694, 754, 764, 770, 860, 865, 1003, 1029, 1080, 1223, 1278, 1331, 1357, 1374, 1668, 1681, 1702, 1729, 1746, 1778, 1820, 1898, 1910, 1941, 1944, 1953, 1985, 2032, 2084, 2109, 2144, 2222, 2235, 2262, 2312, 2355, 2421, 2427, 2433, 2468, 2486, 2490, 2512, 2581, 2593, 2613, 2668, 2680, 2782, 2803, 2830, 2881, 2903, 2909, 3191, 3265, 3435, 3537, 3598, 3615, 3630, 3635, 3648, 3670, 3767, 3804, 3837, 3852, 3867, 3916, 3978, 3990, 3999, 4076, 4089, 4109, 4122, 4131, 4143, 4164, 4223, 4288, 4344, 4346, 4425, 4439, 4443, 4517, 4650, 4682, 4734]","[897, 2847]",4754,109,4645,2,107,4645,0
0.5,BATROX,"[96, 111, 170, 222, 237, 292, 304, 331, 341, 430, 443, 449, 466, 473, 491, 495, 518, 523, 532, 600, 691, 717, 734, 736, 769, 832, 855, 875, 879, 902, 927, 1033, 1053, 1144, 1159, 1554, 1781, 1839, 1903, 1925, 1944, 1948, 2000, 2015, 2032, 2078, 2297, 2307, 2370, 2407, 2428, 2432, 2446, 2450, 2471, 2578, 2596, 2780, 2890, 2899, 2933, 2948, 2959, 2985, 3004, 3011, 3036, 3183, 3290, 3341, 3391, 3410, 3533, 3556, 3593, 3623, 3638, 3679, 3683, 3706, 3813, 3829, 3849, 3878, 3883, 3924, 3946, 3967, 3975, 3979, 4044, 4110, 4114, 4143, 4154, 4191, 4227, 4270, 4276, 4364, 4495, 4567, 4595, 4608, 4647, 4681, 4705, 4722, 4798, 4833, 4836, 4939, 4981, 4983, 4999, 5035, 5085, 5123, 5127, 5204, 5222, 5334, 5390, 5506, 5509, 5517, 5528, 5583, 5658, 5674, 5705, 5790, 5831, 5956, 6111, 6115, 6329, 6360, 6449, 6466, 6576, 6601, 6715, 6735, 6775, 6782, 6789, 6874, 6881, 6923, 6950, 6955, 6993, 7079, 7120, 7147, 7188, 7262, 7297, 7321, 7357, 7366, 7378, 7401, 7463, 7481, 7567, 7627, 7655, 7660, 7730, 7789, 7823, 7889, 7980, 7992]","[341, 3011, 5035, 6955]","[96, 111, 170, 222, 237, 292, 304, 331, 430, 443, 449, 466, 473, 491, 495, 518, 523, 532, 600, 691, 717, 734, 736, 769, 832, 855, 875, 879, 902, 927, 1033, 1053, 1144, 1159, 1554, 1781, 1839, 1903, 1925, 1944, 1948, 2000, 2015, 2032, 2078, 2297, 2307, 2370, 2407, 2428, 2432, 2446, 2450, 2471, 2578, 2596, 2780, 2890, 2899, 2933, 2948, 2959, 2985, 3004, 3036, 3183, 3290, 3341, 3391, 3410, 3533, 3556, 3593, 3623, 3638, 3679, 3683, 3706, 3813, 3829, 3849, 3878, 3883, 3924, 3946, 3967, 3975, 3979, 4044, 4110, 4114, 4143, 4154, 4191, 4227, 4270, 4276, 4364, 4495, 4567, 4595, 4608, 4647, 4681, 4705, 4722, 4798, 4833, 4836, 4939, 4981, 4983, 4999, 5085, 5123, 5127, 5204, 5222, 5334, 5390, 5506, 5509, 5517, 5528, 5583, 5658, 5674, 5705, 5790, 5831, 5956, 6111, 6115, 6329, 6360, 6449, 6466, 6576, 6601, 6715, 6735, 6775, 6782, 6789, 6874, 6881, 6923, 6950, 6993, 7079, 7120, 7147, 7188, 7262, 7297, 7321, 7357, 7366, 7378, 7401, 7463, 7481, 7567, 7627, 7655, 7660, 7730, 7789, 7823, 7889, 7980, 7992]","[341, 3011, 5035, 6955]",8092,176,7916,4,172,7916,0
0.5,BCHEGLOBIN,"[21, 55, 148, 189, 221, 237, 271, 346, 448, 469, 536, 548, 583, 599, 604, 720, 952, 1041, 1046, 1054, 1060, 1115, 1166, 1184, 1190, 1196, 1200, 1214, 1264, 1292, 1311, 1315, 1412, 1417, 1423, 1468, 1492, 1524, 1561, 1633, 1648, 1683]","[237, 583]","[21, 55, 148, 189, 221, 271, 346, 448, 469, 536, 548, 599, 604, 720, 952, 1041, 1046, 1054, 1060, 1115, 1166, 1184, 1190, 1196, 1200, 1214, 1264, 1292, 1311, 1315, 1412, 1417, 1423, 1468, 1492, 1524, 1561, 1633, 1648, 1683]","[237, 583]",1697,42,1655,2,40,1655,0
0.5,BOVANPA,"[52, 129, 334, 393, 433, 455, 525, 579, 591, 598, 666, 858, 928, 958, 1023, 1148, 1163, 1267, 1299, 1343, 1348, 1499, 1557, 1566, 1677, 1687, 1691]","[433, 858]","[52, 129, 334, 393, 455, 525, 579, 591, 598, 666, 928, 958, 1023, 1148, 1163, 1267, 1299, 1343, 1348, 1499, 1557, 1566, 1677, 1687, 1691]","[433, 858]",1761,27,1734,2,25,1734,0
0.5,BOVCOX7AL,"[16, 25, 97, 172, 263, 295, 322, 336, 457, 469, 492, 622, 640, 647, 679, 683, 694, 749, 894, 936, 956, 1002, 1008, 1048, 1056, 1105, 1207, 1376, 1444, 1461, 1481, 1484, 1497, 1501, 1505, 1540, 1565, 1570, 1583, 1596, 1604, 1661, 1720, 1733, 1768, 1771, 1826, 1883, 1901, 1924, 1954, 2067, 2108, 2114, 2130, 2141, 2219, 2235, 2273, 2351, 2432, 2470, 2476, 2522, 2529, 2546, 2591, 2630, 2729, 2785, 2812, 2820, 2840, 2860, 2867, 2874, 2882, 3003, 3009, 3043, 3047, 3059, 3070, 3139, 3170, 3212, 3261, 3328, 3345, 3354, 3389, 3416, 3437, 3486, 3507, 3512, 3627, 3721, 3749, 3780, 3808, 3930, 3942, 3969, 3973, 3975, 3986, 4153, 4229, 4241, 4273, 4284, 4440, 4496, 4530, 4555, 4579, 4648, 4800, 4866, 4938, 4995, 5017, 5042, 5049, 5071, 5087, 5143, 5252, 5282, 5296, 5305, 5311, 5360, 5377, 5388, 5418, 5427, 5488, 5512, 5521, 5557, 5585, 5601, 5660, 5699, 5726, 5731, 5837, 5919, 5928, 5934, 6081, 6089, 6116, 6145, 6167, 6444, 6500, 6648, 6750, 6762, 6862]","[1540, 2812, 5049]","[16, 25, 97, 172, 263, 295, 322, 336, 457, 469, 492, 622, 640, 647, 679, 683, 694, 749, 894, 936, 956, 1002, 1008, 1048, 1056, 1105, 1207, 1376, 1444, 1461, 1481, 1484, 1497, 1501, 1505, 1565, 1570, 1583, 1596, 1604, 1661, 1720, 1733, 1768, 1771, 1826, 1883, 1901, 1924, 1954, 2067, 2108, 2114, 2130, 2141, 2219, 2235, 2273, 2351, 2432, 2470, 2476, 2522, 2529, 2546, 2591, 2630, 2729, 2785, 2820, 2840, 2860, 2867, 2874, 2882, 3003, 3009, 3043, 3047, 3059, 3070, 3139, 3170, 3212, 3261, 3328, 3345, 3354, 3389, 3416, 3437, 3486, 3507, 3512, 3627, 3721, 3749, 3780, 3808, 3930, 3942, 3969, 3973, 3975, 3986, 4153, 4229, 4241, 4273, 4284, 4440, 4496, 4530, 4555, 4579, 4648, 4800, 4866, 4938, 4995, 5017, 5042, 5071, 5087, 5143, 5252, 5282, 5296, 5305, 5311, 5360, 5377, 5388, 5418, 5427, 5488, 5512, 5521, 5557, 5585, 5601, 5660, 5699, 5726, 5731, 5837, 5919, 5928, 5934, 6081, 6089, 6116, 6145, 6167, 6444, 6500, 6648, 6750, 6762, 6862]","[1540, 2812, 5049]",6848,163,6685,3,160,6685,0
0.5,BOVGAS,"[173, 175, 192, 203, 225, 406, 454, 487, 551, 561, 573, 751, 795, 806, 847, 922, 996]",[751],"[173, 175, 192, 203, 225, 406, 454, 487, 551, 561, 573, 795, 806, 847, 922, 996]",[751],1058,17,1041,1,16,1041,0
0.5,BOVIAP,"[93, 174, 194, 220, 320, 329, 437, 441, 457, 461, 533, 602, 606, 608, 673, 790, 878, 895, 916, 921, 926, 1080, 1116, 1143, 1318, 1330, 1433, 1516, 1568, 1764, 1768, 1816, 1835, 1868, 1886, 1895, 1994, 2004, 2033, 2037, 2039, 2057, 2107, 2129, 2159, 2200, 2235, 2237, 2269, 2309, 2320, 2325, 2329, 2354, 2366, 2413, 2441, 2450, 2465, 2504, 2518, 2606, 2615, 2643, 2646, 2670, 2674, 2691, 2711, 2715, 2717, 2719, 2721, 2725, 2734, 2749, 2756, 2784, 2793, 2802, 2804, 2813, 2864, 2874, 2900, 2937, 2939, 2972, 2999, 3018, 3024, 3029, 3046, 3092, 3141, 3157, 3198, 3282, 3337, 3352, 3392, 3410, 3420, 3422, 3440, 3444, 3449, 3493, 3535, 3634, 3649, 3667, 3689, 3747, 3782, 3844, 3848, 3850, 3879, 3996, 4005, 4009, 4024, 4046, 4111, 4130, 4166, 4172, 4202, 4259, 4419, 4569, 4656, 4665, 4693, 4731, 4860, 4912, 5007, 5030, 5074, 5089, 5136, 5199, 5221, 5223, 5241, 5262, 5271, 5290, 5355, 5367, 5372, 5388]","[1568, 1764, 1994, 2354, 2606, 2999, 3157, 3392, 3667, 3996]","[93, 174, 194, 220, 320, 329, 437, 441, 457, 461, 533, 602, 606, 608, 673, 790, 878, 895, 916, 921, 926, 1080, 1116, 1143, 1318, 1330, 1433, 1516, 1768, 1816, 1835, 1868, 1886, 1895, 2004, 2033, 2037, 2039, 2057, 2107, 2129, 2159, 2200, 2235, 2237, 2269, 2309, 2320, 2325, 2329, 2366, 2413, 2441, 2450, 2465, 2504, 2518, 2615, 2643, 2646, 2670, 2674, 2691, 2711, 2715, 2717, 2719, 2721, 2725, 2734, 2749, 2756, 2784, 2793, 2802, 2804, 2813, 2864, 2874, 2900, 2937, 2939, 2972, 3018, 3024, 3029, 3046, 3092, 3141, 3198, 3282, 3337, 3352, 3410, 3420, 3422, 3440, 3444, 3449, 3493, 3535, 3634, 3649, 3689, 3747, 3782, 3844, 3848, 3850, 3879, 4005, 4009, 4024, 4046, 4111, 4130, 4166, 4172, 4202, 4259, 4419, 4569, 4656, 4665, 4693, 4731, 4860, 4912, 5007, 5030, 5074, 5089, 5136, 5199, 5221, 5223, 5241, 5262, 5271, 5290, 5355, 5367, 5372, 5388]","[1568, 1764, 1994, 2354, 2606, 2999, 3157, 3392, 3667, 3996]",5391,154,5237,10,144,5237,0
0.5,BOVIRBP,"[78, 95, 129, 207, 298, 357, 513, 528, 552, 579, 588, 603, 621, 711, 785, 790, 888, 936, 963, 994, 1010, 1021, 1026, 1036, 1038, 1142, 1155, 1162, 1164, 1209, 1284, 1290, 1293, 1362, 1395, 1413, 1419, 1434, 1482, 1509, 1511, 1584, 1629, 1723, 1730, 1812, 1854, 1896, 1931, 1948, 2004, 2033, 2085, 2088, 2101, 2148, 2244, 2331, 2388, 2397, 2412, 2421, 2436, 2454, 2496, 2570, 2586, 2649, 2754, 2769, 2853, 2871, 2920, 2928, 2937, 2961, 3019, 3042, 3090, 3162, 3174, 3191, 3249, 3345, 3383, 3401, 3415, 3443, 3494, 3539, 3544, 3649, 3692, 3698, 3723, 3773, 3789, 3801, 3805, 3807, 3848, 3876, 3895, 3914, 3926, 4136, 4145, 4149, 4151, 4176, 4189, 4212, 4266, 4268, 4275, 4327, 4365, 4411, 4431, 4562, 4571, 4582, 4605, 4615, 4639, 4806, 4865, 4887, 4908, 4952, 4970, 4983, 5048, 5093, 5108, 5131, 5176, 5188, 5278, 5294, 5306, 5327, 5349, 5458, 5473, 5487, 5507, 5524, 5539, 5548, 5595, 5599, 5636, 5643, 5697, 5761, 5789, 5824, 5857, 5876, 5954, 5985, 6076, 6105, 6208, 6214, 6271, 6292, 6345, 6454, 6475, 6494, 6534, 6540, 6637, 6729, 6779, 6820, 6976, 7019, 7081, 7108, 7117, 7126, 7162, 7206, 7321, 7385, 7416, 7514, 7567, 7665, 7669, 7699, 7703, 7773, 7779, 7828, 7919, 7957, 8020, 8192, 8334, 8445, 8587, 8638, 8702, 8802, 8901, 8915, 8920, 8937, 8968, 9058, 9063, 9137, 9146, 9190, 9214, 9309, 9316, 9348, 9365, 9393, 9426, 9435, 9603, 9634, 9659, 9664, 9670, 9775, 9794, 9914, 9926, 9945, 9959, 9979, 10082, 10100, 10167, 10177, 10191, 10291, 10399, 10443, 10642, 10698, 10713, 10749, 10841, 10914, 10997, 11020, 11024, 11045, 11108, 11279, 11326, 11488, 11500, 11746, 11753, 11762]","[3174, 5595, 7699]","[78, 95, 129, 207, 298, 357, 513, 528, 552, 579, 588, 603, 621, 711, 785, 790, 888, 936, 963, 994, 1010, 1021, 1026, 1036, 1038, 1142, 1155, 1162, 1164, 1209, 1284, 1290, 1293, 1362, 1395, 1413, 1419, 1434, 1482, 1509, 1511, 1584, 1629, 1723, 1730, 1812, 1854, 1896, 1931, 1948, 2004, 2033, 2085, 2088, 2101, 2148, 2244, 2331, 2388, 2397, 2412, 2421, 2436, 2454, 2496, 2570, 2586, 2649, 2754, 2769, 2853, 2871, 2920, 2928, 2937, 2961, 3019, 3042, 3090, 3162, 3191, 3249, 3345, 3383, 3401, 3415, 3443, 3494, 3539, 3544, 3649, 3692, 3698, 3723, 3773, 3789, 3801, 3805, 3807, 3848, 3876, 3895, 3914, 3926, 4136, 4145, 4149, 4151, 4176, 4189, 4212, 4266, 4268, 4275, 4327, 4365, 4411, 4431, 4562, 4571, 4582, 4605, 4615, 4639, 4806, 4865, 4887, 4908, 4952, 4970, 4983, 5048, 5093, 5108, 5131, 5176, 5188, 5278, 5294, 5306, 5327, 5349, 5458, 5473, 5487, 5507, 5524, 5539, 5548, 5599, 5636, 5643, 5697, 5761, 5789, 5824, 5857, 5876, 5954, 5985, 6076, 6105, 6208, 6214, 6271, 6292, 6345, 6454, 6475, 6494, 6534, 6540, 6637, 6729, 6779, 6820, 6976, 7019, 7081, 7108, 7117, 7126, 7162, 7206, 7321, 7385, 7416, 7514, 7567, 7665, 7669, 7703, 7773, 7779, 7828, 7919, 7957, 8020, 8192, 8334, 8445, 8587, 8638, 8702, 8802, 8901, 8915, 8920, 8937, 8968, 9058, 9063, 9137, 9146, 9190, 9214, 9309, 9316, 9348, 9365, 9393, 9426, 9435, 9603, 9634, 9659, 9664, 9670, 9775, 9794, 9914, 9926, 9945, 9959, 9979, 10082, 10100, 10167, 10177, 10191, 10291, 10399, 10443, 10642, 10698, 10713, 10749, 10841, 10914, 10997, 11020, 11024, 11045, 11108, 11279, 11326, 11488, 11500, 11746, 11753, 11762]","[3174, 5595, 7699]",11785,264,11521,3,261,11521,0
0.5,BOVLHB,"[33, 199, 233, 235, 244, 343, 419, 453, 554, 592, 615, 628, 698, 749, 761, 803, 811, 854, 875, 900, 902, 914, 926, 944, 956, 1005, 1035, 1057, 1062, 1140, 1142, 1172, 1221, 1225, 1272, 1294, 1369, 1401, 1450, 1455, 1460, 1526, 1562, 1725]","[803, 1272]","[33, 199, 233, 235, 244, 343, 419, 453, 554, 592, 615, 628, 698, 749, 761, 811, 854, 875, 900, 902, 914, 926, 944, 956, 1005, 1035, 1057, 1062, 1140, 1142, 1172, 1221, 1225, 1294, 1369, 1401, 1450, 1455, 1460, 1526, 1562, 1725]","[803, 1272]",1856,44,1812,2,42,1812,0
0.5,BOVLYSOZMA,"[10, 58, 70, 90, 132, 193, 200, 239, 255, 322, 350, 397, 444, 530, 742, 856, 898, 944, 963, 1056, 1112, 1161, 1172, 1189, 1212, 1255, 1295, 1309, 1356, 1371, 1380, 1398, 1430, 1558, 1581, 1585, 1589, 1707, 1792, 1810, 1819, 1891, 2057, 2089, 2115, 2138, 2161, 2263, 2268, 2289, 2326, 2374, 2378, 2390, 2402, 2435, 2516, 2558, 2575, 2702, 2758, 2760, 2802, 2819, 2835, 2872, 2960, 2973, 3023, 3039, 3078, 3121, 3201, 3208, 3255, 3424, 3672, 3688, 3737, 3763, 3767, 3783, 3804, 3907, 4000, 4066, 4095, 4100, 4127, 4163, 4206, 4229, 4245, 4278, 4290, 4314, 4346, 4372, 4417, 4469, 4591, 4694, 4802, 4972, 4981, 5014, 5256, 5360, 5369, 5554, 5669, 5712, 5717, 5758, 5771, 5791, 5839, 5936, 5955, 5967, 5997, 6103, 6185, 6240, 6346, 6433, 6631, 6839, 6864, 6886, 6932, 6955, 6973, 7004, 7159, 7196, 7212, 7248, 7256, 7260, 7293, 7327, 7512, 7520, 7580, 7741, 7812, 7884, 7928, 8108, 8112, 8195, 8211, 8220, 8292, 8425, 8607, 8612, 8614, 8628, 8632, 8654, 8671, 8673, 8675, 8677, 8681, 8685, 8687, 8689, 8691, 8722, 8811, 8871, 8898, 8950, 8959, 8994, 9056, 9084, 9185, 9247, 9304, 9327, 9369, 9437, 9453, 9501, 9603, 9662, 9715, 9933, 9943, 9951, 9963, 10024, 10062, 10127, 10160, 10189, 10245, 10409, 10451, 10765, 10777, 10799, 10810, 10865, 11050, 11102, 11149, 11291, 11382, 11525, 11634, 11677, 11911, 12042, 12068, 12114, 12122]","[3039, 5771, 8654]","[10, 58, 70, 90, 132, 193, 200, 239, 255, 322, 350, 397, 444, 530, 742, 856, 898, 944, 963, 1056, 1112, 1161, 1172, 1189, 1212, 1255, 1295, 1309, 1356, 1371, 1380, 1398, 1430, 1558, 1581, 1585, 1589, 1707, 1792, 1810, 1819, 1891, 2057, 2089, 2115, 2138, 2161, 2263, 2268, 2289, 2326, 2374, 2378, 2390, 2402, 2435, 2516, 2558, 2575, 2702, 2758, 2760, 2802, 2819, 2835, 2872, 2960, 2973, 3023, 3078, 3121, 3201, 3208, 3255, 3424, 3672, 3688, 3737, 3763, 3767, 3783, 3804, 3907, 4000, 4066, 4095, 4100, 4127, 4163, 4206, 4229, 4245, 4278, 4290, 4314, 4346, 4372, 4417, 4469, 4591, 4694, 4802, 4972, 4981, 5014, 5256, 5360, 5369, 5554, 5669, 5712, 5717, 5758, 5791, 5839, 5936, 5955, 5967, 5997, 6103, 6185, 6240, 6346, 6433, 6631, 6839, 6864, 6886, 6932, 6955, 6973, 7004, 7159, 7196, 7212, 7248, 7256, 7260, 7293, 7327, 7512, 7520, 7580, 7741, 7812, 7884, 7928, 8108, 8112, 8195, 8211, 8220, 8292, 8425, 8607, 8612, 8614, 8628, 8632, 8671, 8673, 8675, 8677, 8681, 8685, 8687, 8689, 8691, 8722, 8811, 8871, 8898, 8950, 8959, 8994, 9056, 9084, 9185, 9247, 9304, 9327, 9369, 9437, 9453, 9501, 9603, 9662, 9715, 9933, 9943, 9951, 9963, 10024, 10062, 10127, 10160, 10189, 10245, 10409, 10451, 10765, 10777, 10799, 10810, 10865, 11050, 11102, 11149, 11291, 11382, 11525, 11634, 11677, 11911, 12042, 12068, 12114, 12122]","[3039, 5771, 8654]",12214,221,11993,3,218,11993,0
0.5,BOVLYSOZMB,"[35, 88, 90, 126, 140, 203, 211, 215, 248, 261, 334, 367, 380, 461, 471, 617, 646, 693, 696, 739, 748, 834, 847, 941, 1139, 1229, 1253, 1346, 1364, 1401, 1413, 1432, 1451, 1507, 1544, 1561, 1645, 1662, 1681, 1885, 1890, 1993, 2023, 2054, 2080, 2143, 2203, 2346, 2390, 2434, 2453, 2469, 2506, 2594, 2607, 2657, 2673, 2713, 2836, 2843, 2902, 2907, 2920, 3007, 3047, 3100, 3284, 3333, 3385, 3414, 3501, 3543, 3583, 3585, 3717, 3732, 3743, 3750, 3754, 3759, 3903, 3946, 3951, 3992, 4005, 4025, 4056, 4073, 4105, 4117, 4135, 4254, 4317, 4321, 4328, 4409, 4447, 4476, 4526, 4528, 4530, 4532, 4662, 4675, 4756, 4766, 4768, 4770, 4772, 4774, 4797, 4971, 5148, 5158, 5201, 5241, 5331, 5462, 5478, 5482, 5518, 5594, 5625, 5638, 5708, 5732, 5876, 5934, 6165, 6170, 6186, 6190, 6212, 6261, 6294, 6296, 6301, 6344, 6410, 6412, 6416, 6475, 6557, 6580, 6614, 6683, 6691, 6714, 6722, 6739, 6807, 6867, 6895, 6917, 6928, 6942, 7058, 7118, 7168, 7303, 7381, 7391, 7399, 7411, 7472, 7511, 7576, 7609, 7638, 7694, 7862, 7904, 8091, 8185, 8238, 8354, 8420, 8486, 8497, 8610, 8728, 8863, 9094, 9168, 9318, 9455, 9510, 9580, 9662, 9788, 9822, 9862, 9897, 9958, 9988, 10002, 10007, 10050, 10198]","[2673, 4005, 6212]","[35, 88, 90, 126, 140, 203, 211, 215, 248, 261, 334, 367, 380, 461, 471, 617, 646, 693, 696, 739, 748, 834, 847, 941, 1139, 1229, 1253, 1346, 1364, 1401, 1413, 1432, 1451, 1507, 1544, 1561, 1645, 1662, 1681, 1885, 1890, 1993, 2023, 2054, 2080, 2143, 2203, 2346, 2390, 2434, 2453, 2469, 2506, 2594, 2607, 2657, 2713, 2836, 2843, 2902, 2907, 2920, 3007, 3047, 3100, 3284, 3333, 3385, 3414, 3501, 3543, 3583, 3585, 3717, 3732, 3743, 3750, 3754, 3759, 3903, 3946, 3951, 3992, 4025, 4056, 4073, 4105, 4117, 4135, 4254, 4317, 4321, 4328, 4409, 4447, 4476, 4526, 4528, 4530, 4532, 4662, 4675, 4756, 4766, 4768, 4770, 4772, 4774, 4797, 4971, 5148, 5158, 5201, 5241, 5331, 5462, 5478, 5482, 5518, 5594, 5625, 5638, 5708, 5732, 5876, 5934, 6165, 6170, 6186, 6190, 6261, 6294, 6296, 6301, 6344, 6410, 6412, 6416, 6475, 6557, 6580, 6614, 6683, 6691, 6714, 6722, 6739, 6807, 6867, 6895, 6917, 6928, 6942, 7058, 7118, 7168, 7303, 7381, 7391, 7399, 7411, 7472, 7511, 7576, 7609, 7638, 7694, 7862, 7904, 8091, 8185, 8238, 8354, 8420, 8486, 8497, 8610, 8728, 8863, 9094, 9168, 9318, 9455, 9510, 9580, 9662, 9788, 9822, 9862, 9897, 9958, 9988, 10002, 10007, 10050, 10198]","[2673, 4005, 6212]",10204,199,10005,3,196,10005,0
0.5,BOVLYSOZMC,"[121, 304, 374, 417, 434, 668, 685, 701, 723, 738, 826, 839, 889, 905, 933, 942, 991, 1018, 1036, 1086, 1126, 1131, 1139, 1169, 1172, 1209, 1274, 1279, 1313, 1373, 1498, 1515, 1556, 1671, 1708, 1777, 1891, 2012, 2031, 2107, 2221, 2264, 2269, 2310, 2323, 2343, 2391, 2503, 2588, 2637, 2653, 2826, 2831, 2909, 2919, 2933, 2990, 3052, 3114, 3198, 3254, 3292, 3388, 3419, 3646, 3652, 3749, 3901, 3910, 4147, 4154, 4168, 4172, 4194, 4239, 4304, 4393, 4462, 4502, 4508, 4597, 4671, 4673, 4677, 4797, 4801, 4908, 4921, 4941, 4964, 5119, 5190, 5312, 5321, 5325, 5400, 5425, 5429, 5514, 5541, 5613, 5722, 5777, 5874, 5943, 6066, 6124, 6235, 6245, 6302, 6310, 6347, 6411, 6507, 6532, 6589, 6620, 6733, 6778, 6921, 6999, 7018, 7030, 7045, 7091, 7142, 7193, 7226, 7255, 7322, 7427, 7456, 7475, 7479, 7521, 7669, 7716, 7963, 8010]","[905, 2323, 4194]","[121, 304, 374, 417, 434, 668, 685, 701, 723, 738, 826, 839, 889, 933, 942, 991, 1018, 1036, 1086, 1126, 1131, 1139, 1169, 1172, 1209, 1274, 1279, 1313, 1373, 1498, 1515, 1556, 1671, 1708, 1777, 1891, 2012, 2031, 2107, 2221, 2264, 2269, 2310, 2343, 2391, 2503, 2588, 2637, 2653, 2826, 2831, 2909, 2919, 2933, 2990, 3052, 3114, 3198, 3254, 3292, 3388, 3419, 3646, 3652, 3749, 3901, 3910, 4147, 4154, 4168, 4172, 4239, 4304, 4393, 4462, 4502, 4508, 4597, 4671, 4673, 4677, 4797, 4801, 4908, 4921, 4941, 4964, 5119, 5190, 5312, 5321, 5325, 5400, 5425, 5429, 5514, 5541, 5613, 5722, 5777, 5874, 5943, 6066, 6124, 6235, 6245, 6302, 6310, 6347, 6411, 6507, 6532, 6589, 6620, 6733, 6778, 6921, 6999, 7018, 7030, 7045, 7091, 7142, 7193, 7226, 7255, 7322, 7427, 7456, 7475, 7479, 7521, 7669, 7716, 7963, 8010]","[905, 2323, 4194]",8043,139,7904,3,136,7904,0
0.5,BOVMYF5A,"[235, 273, 359, 403, 491, 520, 557, 620, 698, 713, 770, 800, 827, 935, 954, 977, 988, 1095, 1308, 1398, 1433, 1446, 1463, 1556, 1615, 1625, 1689, 1694, 1711, 1733, 1824, 1852, 1924, 1952, 1955, 2211, 2273, 2302, 2483, 2588, 2693, 2815, 2884, 2895, 2907, 2918, 2971, 3023, 3081, 3085, 3100, 3107, 3145, 3199, 3272, 3301, 3328, 3333, 3338, 3416, 3435, 3510, 3590, 3661, 3675, 3721, 3738, 3854, 3871, 3947, 4019, 4070, 4171, 4204, 4250, 4288, 4317, 4326, 4335, 4402, 4412, 4423, 4499, 4537, 4561, 4583, 4621, 4629, 4829, 4851, 4856, 4873, 4908, 4952, 5000, 5023, 5049, 5075, 5101, 5104, 5119, 5127, 5172]","[698, 1625]","[235, 273, 359, 403, 491, 520, 557, 620, 713, 770, 800, 827, 935, 954, 977, 988, 1095, 1308, 1398, 1433, 1446, 1463, 1556, 1615, 1689, 1694, 1711, 1733, 1824, 1852, 1924, 1952, 1955, 2211, 2273, 2302, 2483, 2588, 2693, 2815, 2884, 2895, 2907, 2918, 2971, 3023, 3081, 3085, 3100, 3107, 3145, 3199, 3272, 3301, 3328, 3333, 3338, 3416, 3435, 3510, 3590, 3661, 3675, 3721, 3738, 3854, 3871, 3947, 4019, 4070, 4171, 4204, 4250, 4288, 4317, 4326, 4335, 4402, 4412, 4423, 4499, 4537, 4561, 4583, 4621, 4629, 4829, 4851, 4856, 4873, 4908, 4952, 5000, 5023, 5049, 5075, 5101, 5104, 5119, 5127, 5172]","[698, 1625]",5211,103,5108,2,101,5108,0
0.5,BRHOX22,"[62, 93, 166, 284, 451, 464, 530, 542, 574, 600, 623, 648, 768, 791, 824, 835, 843, 990, 1034, 1122, 1159, 1297, 1308, 1384, 1425, 1431, 1478, 1482, 1514, 1590, 1600, 1614, 1619, 1782, 1815, 1822, 1878, 1951, 1992, 2013, 2047, 2059, 2068, 2117, 2234, 2236, 2289, 2301, 2426, 2444, 2493, 2521, 2539, 2572, 2614, 2829, 2839, 2851, 2861, 2914, 3018, 3039, 3122, 3130, 3151, 3174, 3227, 3290, 3304, 3336, 3338, 3347, 3414]",[1431],"[62, 93, 166, 284, 451, 464, 530, 542, 574, 600, 623, 648, 768, 791, 824, 835, 843, 990, 1034, 1122, 1159, 1297, 1308, 1384, 1425, 1478, 1482, 1514, 1590, 1600, 1614, 1619, 1782, 1815, 1822, 1878, 1951, 1992, 2013, 2047, 2059, 2068, 2117, 2234, 2236, 2289, 2301, 2426, 2444, 2493, 2521, 2539, 2572, 2614, 2829, 2839, 2851, 2861, 2914, 3018, 3039, 3122, 3130, 3151, 3174, 3227, 3290, 3304, 3336, 3338, 3347, 3414]",[1431],3434,73,3361,1,72,3361,0
0.5,BRHOX34A,"[15, 54, 60, 64, 246, 443, 460, 475, 588, 613, 711, 764, 778, 921, 981, 998, 1132, 1163, 1182, 1190, 1200, 1248, 1296, 1359, 1387, 1397, 1415, 1468, 1669, 1703, 1751, 1759, 1791, 1798, 1819, 1881, 1979, 2191, 2217, 2313, 2330, 2398, 2441, 2510, 2514, 2619, 2652, 2675, 2849, 2891, 2903, 2934, 2963, 3069, 3136, 3160, 3192, 3339, 3350, 3491]",[981],"[15, 54, 60, 64, 246, 443, 460, 475, 588, 613, 711, 764, 778, 921, 998, 1132, 1163, 1182, 1190, 1200, 1248, 1296, 1359, 1387, 1397, 1415, 1468, 1669, 1703, 1751, 1759, 1791, 1798, 1819, 1881, 1979, 2191, 2217, 2313, 2330, 2398, 2441, 2510, 2514, 2619, 2652, 2675, 2849, 2891, 2903, 2934, 2963, 3069, 3136, 3160, 3192, 3339, 3350, 3491]",[981],3490,60,3430,1,59,3430,0
0.5,BRU12895,"[393, 463, 481, 592, 661, 674, 793, 799, 868, 1016, 1135, 1203, 1254, 1299, 1342, 1347, 1397, 1471, 1503, 1511, 1526, 1561, 1612, 1616, 1620, 1622, 1624, 1626, 1630, 1639, 1644, 1651, 1695, 1744, 1868, 1951, 1986, 1990, 1998, 2140, 2182, 2232, 2249, 2272, 2284, 2301, 2341, 2355, 2392, 2510, 2575, 2648, 2680, 2827, 2841, 2928, 3045, 3076]",[1135],"[393, 463, 481, 592, 661, 674, 793, 799, 868, 1016, 1203, 1254, 1299, 1342, 1347, 1397, 1471, 1503, 1511, 1526, 1561, 1612, 1616, 1620, 1622, 1624, 1626, 1630, 1639, 1644, 1651, 1695, 1744, 1868, 1951, 1986, 1990, 1998, 2140, 2182, 2232, 2249, 2272, 2284, 2301, 2341, 2355, 2392, 2510, 2575, 2648, 2680, 2827, 2841, 2928, 3045, 3076]",[1135],3232,58,3174,1,57,3174,0
0.5,BTATPAAA,"[55, 61, 112, 191, 228, 265, 296, 371, 392, 411, 426, 459, 505, 549, 565, 575, 580, 628, 689, 740, 774, 785, 817, 826, 843, 908, 918, 925, 942, 1025, 1111, 1146, 1160, 1166, 1200, 1223, 1229, 1285, 1296, 1302, 1320, 1388, 1391, 1430, 1450, 1467, 1487, 1541, 1585, 1687, 1973, 1987, 2012, 2052, 2063, 2314, 2377, 2501, 2560, 2612, 2615, 2670, 2702, 2736, 2761, 2777, 2781, 2829, 2838, 2912, 2955, 2957, 2987, 2992, 2997, 3030, 3083, 3093, 3342, 3383, 3387, 3511, 3548, 3570, 3630, 3636, 3647, 3683, 3699, 3707, 3714, 3828, 3858, 3867, 3951, 3970, 3983, 3987, 4053, 4081, 4106, 4147, 4183, 4188, 4204, 4236, 4249, 4280, 4297, 4301, 4338, 4381, 4398, 4511, 4537, 4581, 4628, 4650, 4671, 4785, 4854, 4887, 4900, 4988, 4996, 5001, 5021, 5088, 5110, 5145, 5201, 5210, 5345, 5350, 5427, 5438, 5456, 5460, 5492, 5496, 5510, 5551, 5556, 5585, 5636, 5669, 5709, 5729, 5847, 5886, 5931, 5947, 5953, 5968, 5984, 6038, 6059, 6098, 6109, 6148, 6155, 6263, 6268, 6311, 6315, 6337, 6472, 6479, 6495, 6511, 6522, 6542, 6561, 6573, 6585, 6590, 6646, 6685, 6733, 6827, 6865, 6872, 6885, 6903, 6922, 6939, 6975, 6990, 6995, 7053, 7056, 7098, 7151, 7185, 7199, 7212, 7270, 7325, 7371, 7375, 7436, 7445, 7601, 7693, 7713, 7717, 7734, 7770, 7810, 7816, 7821, 7824, 7839, 7878, 7885, 7910, 7915, 7920, 7984, 7986, 8018, 8023, 8099, 8141, 8200, 8311, 8317, 8385, 8394, 8398, 8540, 8556, 8588, 8663, 8697, 8748, 8758, 8831, 8841, 8865, 9020, 9030, 9129, 9158, 9203, 9211, 9235, 9291, 9316, 9433, 9438, 9458, 9527, 9563, 9682, 9733, 9738, 9745, 9844, 9848]","[740, 2314, 3707, 5729, 5984, 6337, 6827, 7151, 7770, 8023, 9129]","[55, 61, 112, 191, 228, 265, 296, 371, 392, 411, 426, 459, 505, 549, 565, 575, 580, 628, 689, 774, 785, 817, 826, 843, 908, 918, 925, 942, 1025, 1111, 1146, 1160, 1166, 1200, 1223, 1229, 1285, 1296, 1302, 1320, 1388, 1391, 1430, 1450, 1467, 1487, 1541, 1585, 1687, 1973, 1987, 2012, 2052, 2063, 2377, 2501, 2560, 2612, 2615, 2670, 2702, 2736, 2761, 2777, 2781, 2829, 2838, 2912, 2955, 2957, 2987, 2992, 2997, 3030, 3083, 3093, 3342, 3383, 3387, 3511, 3548, 3570, 3630, 3636, 3647, 3683, 3699, 3714, 3828, 3858, 3867, 3951, 3970, 3983, 3987, 4053, 4081, 4106, 4147, 4183, 4188, 4204, 4236, 4249, 4280, 4297, 4301, 4338, 4381, 4398, 4511, 4537, 4581, 4628, 4650, 4671, 4785, 4854, 4887, 4900, 4988, 4996, 5001, 5021, 5088, 5110, 5145, 5201, 5210, 5345, 5350, 5427, 5438, 5456, 5460, 5492, 5496, 5510, 5551, 5556, 5585, 5636, 5669, 5709, 5847, 5886, 5931, 5947, 5953, 5968, 6038, 6059, 6098, 6109, 6148, 6155, 6263, 6268, 6311, 6315, 6472, 6479, 6495, 6511, 6522, 6542, 6561, 6573, 6585, 6590, 6646, 6685, 6733, 6865, 6872, 6885, 6903, 6922, 6939, 6975, 6990, 6995, 7053, 7056, 7098, 7185, 7199, 7212, 7270, 7325, 7371, 7375, 7436, 7445, 7601, 7693, 7713, 7717, 7734, 7810, 7816, 7821, 7824, 7839, 7878, 7885, 7910, 7915, 7920, 7984, 7986, 8018, 8099, 8141, 8200, 8311, 8317, 8385, 8394, 8398, 8540, 8556, 8588, 8663, 8697, 8748, 8758, 8831, 8841, 8865, 9020, 9030, 9158, 9203, 9211, 9235, 9291, 9316, 9433, 9438, 9458, 9527, 9563, 9682, 9733, 9738, 9745, 9844, 9848]","[740, 2314, 3707, 5729, 5984, 6337, 6827, 7151, 7770, 8023, 9129]",9907,260,9647,11,249,9647,0
0.5,BTEBGL2,"[4, 69, 156, 201, 221, 262, 272, 278, 284, 287, 294, 310, 327, 376, 414, 482, 523, 544, 611, 623, 637, 658, 676, 697, 703, 766, 811, 828, 852, 893, 920, 1129, 1171, 1254, 1276, 1317, 1620, 1754, 1760, 1764]","[310, 658]","[4, 69, 156, 201, 221, 262, 272, 278, 284, 287, 294, 327, 376, 414, 482, 523, 544, 611, 623, 637, 676, 697, 703, 766, 811, 828, 852, 893, 920, 1129, 1171, 1254, 1276, 1317, 1620, 1754, 1760, 1764]","[310, 658]",1833,40,1793,2,38,1793,0
0.5,BTEBGL4,"[4, 69, 156, 201, 221, 262, 272, 278, 284, 287, 294, 310, 327, 376, 482, 523, 544, 611, 623, 658, 696, 702, 763, 808, 815, 825, 849, 1128, 1273, 1314, 1348, 1353, 1617, 1719]","[310, 658]","[4, 69, 156, 201, 221, 262, 272, 278, 284, 287, 294, 327, 376, 482, 523, 544, 611, 623, 696, 702, 763, 808, 815, 825, 849, 1128, 1273, 1314, 1348, 1353, 1617, 1719]","[310, 658]",1828,34,1794,2,32,1794,0
0.5,BTGL01,"[11, 72, 98, 176, 327, 342, 346, 349, 365, 369, 389, 434, 503, 536, 543, 549, 641, 649, 654, 681, 692, 709, 711, 873, 894, 910, 943, 961, 973, 987, 1008, 1012, 1044, 1105, 1119, 1351, 1439, 1522, 1599, 1605, 1633, 1671, 1674, 1681, 1742, 1955]","[365, 1008]","[11, 72, 98, 176, 327, 342, 346, 349, 369, 389, 434, 503, 536, 543, 549, 641, 649, 654, 681, 692, 709, 711, 873, 894, 910, 943, 961, 973, 987, 1012, 1044, 1105, 1119, 1351, 1439, 1522, 1599, 1605, 1633, 1671, 1674, 1681, 1742, 1955]","[365, 1008]",2040,46,1994,2,44,1994,0
0.5,BTHOR02,"[16, 36, 169, 250, 346, 356, 484, 546, 570, 595, 644, 663, 716, 773, 932, 939, 957, 975, 1060, 1123, 1186, 1230, 1268, 1357, 1375, 1397, 1489, 1796, 1920, 1936, 2019, 2030, 2084, 2105, 2119, 2130, 2150, 2219, 2345, 2365]","[484, 1920]","[16, 36, 169, 250, 346, 356, 546, 570, 595, 644, 663, 716, 773, 932, 939, 957, 975, 1060, 1123, 1186, 1230, 1268, 1357, 1375, 1397, 1489, 1796, 1936, 2019, 2030, 2084, 2105, 2119, 2130, 2150, 2219, 2345, 2365]","[484, 1920]",2419,40,2379,2,38,2379,0
0.5,BTKER6B,"[26, 84, 170, 188, 198, 250, 374, 469, 554, 757, 814, 826, 938, 1008, 1029, 1074, 1110, 1160, 1214, 1244, 1259, 1298, 1331, 1346, 1355, 1397, 1439, 1442, 1448, 1451, 1466, 1593, 1602, 1631, 1678, 1724, 1820, 1830, 1836, 1865, 1925, 1958, 2044, 2114, 2171, 2188, 2217, 2219, 2263, 2300, 2346, 2447, 2518, 2559, 2577, 2618, 2745, 2798, 2893, 2913, 2926, 2944, 2974, 3070, 3174, 3184, 3189, 3217, 3315, 3347, 3350, 3432, 3446, 3530, 3534, 3626, 3673, 3737, 3784, 3875, 3975, 4056, 4140, 4178, 4192, 4251, 4297, 4335, 4372, 4389, 4524, 4539, 4581, 4633, 4666, 4686, 4717, 4758, 4900, 4906, 4988, 5001, 5029, 5073, 5105, 5142, 5321, 5332, 5376, 5469, 5518, 5523, 5585, 5608, 5686]","[1678, 2559, 3070, 3315, 3530, 4056, 4666]","[26, 84, 170, 188, 198, 250, 374, 469, 554, 757, 814, 826, 938, 1008, 1029, 1074, 1110, 1160, 1214, 1244, 1259, 1298, 1331, 1346, 1355, 1397, 1439, 1442, 1448, 1451, 1466, 1593, 1602, 1631, 1724, 1820, 1830, 1836, 1865, 1925, 1958, 2044, 2114, 2171, 2188, 2217, 2219, 2263, 2300, 2346, 2447, 2518, 2577, 2618, 2745, 2798, 2893, 2913, 2926, 2944, 2974, 3174, 3184, 3189, 3217, 3347, 3350, 3432, 3446, 3534, 3626, 3673, 3737, 3784, 3875, 3975, 4140, 4178, 4192, 4251, 4297, 4335, 4372, 4389, 4524, 4539, 4581, 4633, 4686, 4717, 4758, 4900, 4906, 4988, 5001, 5029, 5073, 5105, 5142, 5321, 5332, 5376, 5469, 5518, 5523, 5585, 5608, 5686]","[1678, 2559, 3070, 3315, 3530, 4056, 4666]",5718,115,5603,7,108,5603,0
0.5,BTSPDNA,"[28, 45, 84, 103, 145, 177, 183, 195, 201, 333, 346, 395, 643, 648, 685, 694, 700, 702, 731, 744, 757, 776, 960, 985, 990, 1036, 1054, 1065, 1077, 1087, 1155, 1164, 1221, 1226, 1265, 1290, 1413, 1541, 1546, 1554, 1563, 1592, 1682, 1707, 1713, 1719, 1731, 1876, 1989, 2018, 2049, 2073, 2112, 2123]",[1541],"[28, 45, 84, 103, 145, 177, 183, 195, 201, 333, 346, 395, 643, 648, 685, 694, 700, 702, 731, 744, 757, 776, 960, 985, 990, 1036, 1054, 1065, 1077, 1087, 1155, 1164, 1221, 1226, 1265, 1290, 1413, 1546, 1554, 1563, 1592, 1682, 1707, 1713, 1719, 1731, 1876, 1989, 2018, 2049, 2073, 2112, 2123]",[1541],2148,54,2094,1,53,2094,0
0.5,BTSVSP109,"[52, 74, 155, 321, 353, 379, 549, 554, 618, 799, 809, 822, 826, 875, 890, 954, 983, 987, 994, 1019, 1122, 1173, 1283, 1300, 1324, 1357, 1401, 1452, 1466, 1485, 1496, 1574, 1604, 1608, 1613, 1744, 1787, 2189, 2209, 2225, 2258, 2324, 2349, 2359, 2387, 2422, 2538, 2555, 2567, 2648, 2709, 2741, 2765, 2809, 2834, 2853, 2863, 2922, 2958, 3128, 3139, 3167, 3169, 3171, 3173, 3175, 3177, 3334, 3392, 3394, 3398, 3457, 3501, 3514, 3573, 3624, 3752, 3814, 3936, 3984, 4068, 4070, 4086, 4181, 4192, 4199, 4241, 4248, 4256, 4282, 4318, 4348, 4351, 4401, 4469, 4502, 4515, 4604, 4612, 4617, 4675, 4688, 4798, 4849, 4895, 4951, 4967, 5045, 5056, 5124, 5261, 5292, 5315, 5388, 5407, 5411, 5475, 5507, 5517, 5643, 5647, 5667, 5671, 5688, 5714, 5736, 5747, 5767, 5815, 6016, 6032, 6074, 6096, 6102, 6115, 6131, 6164, 6200, 6240, 6439, 6451, 6561, 6677, 6730, 6861, 6869]","[2359, 3984, 5292]","[52, 74, 155, 321, 353, 379, 549, 554, 618, 799, 809, 822, 826, 875, 890, 954, 983, 987, 994, 1019, 1122, 1173, 1283, 1300, 1324, 1357, 1401, 1452, 1466, 1485, 1496, 1574, 1604, 1608, 1613, 1744, 1787, 2189, 2209, 2225, 2258, 2324, 2349, 2387, 2422, 2538, 2555, 2567, 2648, 2709, 2741, 2765, 2809, 2834, 2853, 2863, 2922, 2958, 3128, 3139, 3167, 3169, 3171, 3173, 3175, 3177, 3334, 3392, 3394, 3398, 3457, 3501, 3514, 3573, 3624, 3752, 3814, 3936, 4068, 4070, 4086, 4181, 4192, 4199, 4241, 4248, 4256, 4282, 4318, 4348, 4351, 4401, 4469, 4502, 4515, 4604, 4612, 4617, 4675, 4688, 4798, 4849, 4895, 4951, 4967, 5045, 5056, 5124, 5261, 5315, 5388, 5407, 5411, 5475, 5507, 5517, 5643, 5647, 5667, 5671, 5688, 5714, 5736, 5747, 5767, 5815, 6016, 6032, 6074, 6096, 6102, 6115, 6131, 6164, 6200, 6240, 6439, 6451, 6561, 6677, 6730, 6861, 6869]","[2359, 3984, 5292]",6948,146,6802,3,143,6802,0
0.5,BTTNP2G,"[24, 28, 125, 127, 204, 234, 270, 321, 331, 710, 728, 746, 774, 789, 838, 847, 852, 872, 1013, 1029, 1043, 1066, 1115, 1172, 1210, 1222, 1253, 1317, 1326, 1330, 1342, 1346, 1434, 1511, 1561, 1692, 1716, 1783, 1811]",[774],"[24, 28, 125, 127, 204, 234, 270, 321, 331, 710, 728, 746, 789, 838, 847, 852, 872, 1013, 1029, 1043, 1066, 1115, 1172, 1210, 1222, 1253, 1317, 1326, 1330, 1342, 1346, 1434, 1511, 1561, 1692, 1716, 1783, 1811]",[774],1841,39,1802,1,38,1802,0
0.5,BTU02285,"[21, 83, 187, 192, 196, 242, 248, 403, 410, 420, 434, 461, 516, 518, 637, 644, 699, 708, 771, 914, 926, 957, 996, 1139, 1168, 1238, 1428, 1445, 1476, 1575, 1584, 1613, 1620, 1633, 1689, 1717, 1772, 1788, 1854, 1858, 1882, 1887, 1924, 2042, 2118, 2131, 2137, 2150, 2180, 2253, 2308, 2334, 2341, 2347, 2367, 2374, 2438, 2481, 2527, 2613, 2655, 2825, 2855, 2873, 2888, 2936, 2980, 3009, 3100, 3104, 3112, 3123, 3238, 3275, 3280, 3338, 3388, 3418, 3422, 3472, 3558, 3665, 3667, 3693, 3695, 3717, 3771, 3792, 3866, 3880, 3906, 3933, 3961, 3977, 4059, 4169, 4188, 4213, 4222, 4325, 4363, 4477, 4487, 4531, 4602, 4711, 4716, 4780, 4809, 4923, 4950, 4968, 4986, 5056, 5060, 5087, 5165, 5172, 5182, 5240, 5429, 5530, 5571, 5585, 5635, 5654, 5758, 5798, 5835, 5941, 5943, 5982, 6024, 6046, 6075, 6100, 6193, 6206, 6275, 6360]","[3792, 4222, 4487, 4780, 5056]","[21, 83, 187, 192, 196, 242, 248, 403, 410, 420, 434, 461, 516, 518, 637, 644, 699, 708, 771, 914, 926, 957, 996, 1139, 1168, 1238, 1428, 1445, 1476, 1575, 1584, 1613, 1620, 1633, 1689, 1717, 1772, 1788, 1854, 1858, 1882, 1887, 1924, 2042, 2118, 2131, 2137, 2150, 2180, 2253, 2308, 2334, 2341, 2347, 2367, 2374, 2438, 2481, 2527, 2613, 2655, 2825, 2855, 2873, 2888, 2936, 2980, 3009, 3100, 3104, 3112, 3123, 3238, 3275, 3280, 3338, 3388, 3418, 3422, 3472, 3558, 3665, 3667, 3693, 3695, 3717, 3771, 3866, 3880, 3906, 3933, 3961, 3977, 4059, 4169, 4188, 4213, 4325, 4363, 4477, 4531, 4602, 4711, 4716, 4809, 4923, 4950, 4968, 4986, 5060, 5087, 5165, 5172, 5182, 5240, 5429, 5530, 5571, 5585, 5635, 5654, 5758, 5798, 5835, 5941, 5943, 5982, 6024, 6046, 6075, 6100, 6193, 6206, 6275, 6360]","[3792, 4222, 4487, 4780, 5056]",6388,140,6248,5,135,6248,0
0.5,CALEGLOBIM,"[21, 54, 147, 188, 220, 236, 270, 345, 350, 452, 473, 540, 552, 587, 603, 608, 724, 765, 890, 934, 953, 1043, 1048, 1062, 1167, 1185, 1191, 1197, 1201, 1215, 1265, 1293, 1312, 1316, 1406, 1413, 1417, 1462, 1486, 1518, 1555, 1627, 1641, 1654]","[236, 587]","[21, 54, 147, 188, 220, 270, 345, 350, 452, 473, 540, 552, 603, 608, 724, 765, 890, 934, 953, 1043, 1048, 1062, 1167, 1185, 1191, 1197, 1201, 1215, 1265, 1293, 1312, 1316, 1406, 1413, 1417, 1462, 1486, 1518, 1555, 1627, 1641, 1654]","[236, 587]",1690,44,1646,2,42,1646,0
0.5,CBUEGLOBIM,"[21, 54, 147, 188, 220, 236, 270, 345, 350, 452, 473, 540, 552, 587, 603, 608, 724, 765, 874, 890, 934, 953, 1043, 1048, 1062, 1167, 1185, 1191, 1197, 1201, 1215, 1265, 1293, 1312, 1316, 1406, 1413, 1417, 1462, 1486, 1518, 1555, 1627, 1637, 1641, 1654, 1676]","[236, 587]","[21, 54, 147, 188, 220, 270, 345, 350, 452, 473, 540, 552, 603, 608, 724, 765, 874, 890, 934, 953, 1043, 1048, 1062, 1167, 1185, 1191, 1197, 1201, 1215, 1265, 1293, 1312, 1316, 1406, 1413, 1417, 1462, 1486, 1518, 1555, 1627, 1637, 1641, 1654, 1676]","[236, 587]",1690,47,1643,2,45,1643,0
0.5,CCALAC,"[133, 189, 194, 203, 207, 284, 319, 338, 369, 385, 418, 430, 436, 440, 480, 745, 767, 797, 899, 932, 945, 997, 1014, 1047, 1128, 1138, 1165, 1178, 1252, 1273, 1298, 1358, 1699, 1763, 1798, 1852, 1903, 1927, 1965, 1971, 1981, 1994, 2059, 2168, 2225, 2286, 2367, 2409, 2540, 2603, 2646, 2697, 2809, 2916, 2958, 2973, 2986, 3148, 3241, 3275, 3279, 3283, 3333, 3364, 3397, 3499, 3541]","[1358, 1852, 2409]","[133, 189, 194, 203, 207, 284, 319, 338, 369, 385, 418, 430, 436, 440, 480, 745, 767, 797, 899, 932, 945, 997, 1014, 1047, 1128, 1138, 1165, 1178, 1252, 1273, 1298, 1699, 1763, 1798, 1903, 1927, 1965, 1971, 1981, 1994, 2059, 2168, 2225, 2286, 2367, 2540, 2603, 2646, 2697, 2809, 2916, 2958, 2973, 2986, 3148, 3241, 3275, 3279, 3283, 3333, 3364, 3397, 3499, 3541]","[1358, 1852, 2409]",3619,67,3552,3,64,3552,0
0.5,CCBEGLOBIM,"[21, 55, 148, 189, 221, 237, 270, 452, 473, 540, 552, 587, 603, 608, 724, 759, 765, 895, 905, 939, 958, 1048, 1053, 1061, 1067, 1173, 1191, 1197, 1203, 1207, 1221, 1271, 1318, 1322, 1414, 1419, 1425, 1470, 1494, 1526, 1563, 1646, 1681]","[237, 587]","[21, 55, 148, 189, 221, 270, 452, 473, 540, 552, 603, 608, 724, 759, 765, 895, 905, 939, 958, 1048, 1053, 1061, 1067, 1173, 1191, 1197, 1203, 1207, 1221, 1271, 1318, 1322, 1414, 1419, 1425, 1470, 1494, 1526, 1563, 1646, 1681]","[237, 587]",1695,43,1652,2,41,1652,0
0.5,CCBEGLOBIN,"[21, 56, 149, 190, 222, 238, 248, 272, 454, 475, 542, 554, 589, 605, 610, 726, 761, 767, 896, 940, 959, 1051, 1056, 1064, 1070, 1176, 1194, 1200, 1206, 1210, 1224, 1274, 1321, 1325, 1417, 1422, 1428, 1473, 1497, 1529, 1566, 1649, 1684]","[238, 589]","[21, 56, 149, 190, 222, 248, 272, 454, 475, 542, 554, 605, 610, 726, 761, 767, 896, 940, 959, 1051, 1056, 1064, 1070, 1176, 1194, 1200, 1206, 1210, 1224, 1274, 1321, 1325, 1417, 1422, 1428, 1473, 1497, 1529, 1566, 1649, 1684]","[238, 589]",1698,43,1655,2,41,1655,0
0.5,CCGHG,"[75, 79, 84, 200, 253, 283, 291, 385, 408, 414, 497, 579, 583, 586, 592, 604, 661, 706, 752, 798, 805, 822, 863, 874, 971, 1051, 1055, 1115, 1142, 1150, 1181, 1281, 1348, 1389, 1576, 1709, 1764, 1778, 1808, 1818, 2084, 2097, 2104, 2118, 2205, 2305, 2336, 2392, 2444, 2474, 2476, 2528, 2594, 2685, 2803]","[283, 706, 1051, 1778]","[75, 79, 84, 200, 253, 291, 385, 408, 414, 497, 579, 583, 586, 592, 604, 661, 752, 798, 805, 822, 863, 874, 971, 1055, 1115, 1142, 1150, 1181, 1281, 1348, 1389, 1576, 1709, 1764, 1808, 1818, 2084, 2097, 2104, 2118, 2205, 2305, 2336, 2392, 2444, 2474, 2476, 2528, 2594, 2685, 2803]","[283, 706, 1051, 1778]",2830,55,2775,4,51,2775,0
0.5,CCGONBS1,"[6, 38, 49, 62, 99, 197, 248, 306, 317, 324, 431, 446, 452, 489, 551, 592, 631, 676, 844, 882, 1111, 1122, 1297, 1400, 1442, 1517, 1550, 1599, 1633, 1635, 1649, 1668, 1706, 1708, 1714, 1767, 1792, 1974, 2055, 2072, 2086, 2195, 2232, 2268, 2286, 2352, 2401, 2518, 2569, 2584, 2638, 2643, 2688, 2759, 2837, 2874, 3033, 3044, 3053, 3216, 3241, 3280, 3427, 3460]","[1767, 2072]","[6, 38, 49, 62, 99, 197, 248, 306, 317, 324, 431, 446, 452, 489, 551, 592, 631, 676, 844, 882, 1111, 1122, 1297, 1400, 1442, 1517, 1550, 1599, 1633, 1635, 1649, 1668, 1706, 1708, 1714, 1792, 1974, 2055, 2086, 2195, 2232, 2268, 2286, 2352, 2401, 2518, 2569, 2584, 2638, 2643, 2688, 2759, 2837, 2874, 3033, 3044, 3053, 3216, 3241, 3280, 3427, 3460]","[1767, 2072]",3463,64,3399,2,62,3399,0
0.5,CCGONBS2,"[6, 38, 49, 62, 99, 134, 192, 302, 313, 320, 433, 448, 454, 491, 553, 594, 632, 677, 840, 878, 1126, 1137, 1243, 1315, 1418, 1460, 1535, 1568, 1617, 1651, 1653, 1667, 1686, 1724, 1726, 1732, 1785, 1810, 1826, 1993, 2074, 2091, 2105, 2213, 2250, 2286, 2304, 2344, 2370, 2419, 2536, 2587, 2602, 2656, 2662, 2707, 2778, 2856, 2893, 3052, 3063, 3072, 3235, 3260, 3299, 3442, 3446, 3479]","[1785, 2091]","[6, 38, 49, 62, 99, 134, 192, 302, 313, 320, 433, 448, 454, 491, 553, 594, 632, 677, 840, 878, 1126, 1137, 1243, 1315, 1418, 1460, 1535, 1568, 1617, 1651, 1653, 1667, 1686, 1724, 1726, 1732, 1810, 1826, 1993, 2074, 2105, 2213, 2250, 2286, 2304, 2344, 2370, 2419, 2536, 2587, 2602, 2656, 2662, 2707, 2778, 2856, 2893, 3052, 3063, 3072, 3235, 3260, 3299, 3442, 3446, 3479]","[1785, 2091]",3482,68,3414,2,66,3414,0
0.5,CCGTHA1,"[26, 76, 84, 94, 106, 110, 112, 116, 129, 146, 166, 170, 236, 276, 302, 383, 390, 453, 572, 579, 601, 644, 676, 680, 776, 948, 990, 1040, 1071, 1104]","[302, 572]","[26, 76, 84, 94, 106, 110, 112, 116, 129, 146, 166, 170, 236, 276, 383, 390, 453, 579, 601, 644, 676, 680, 776, 948, 990, 1040, 1071, 1104]","[302, 572]",1144,30,1114,2,28,1114,0
0.5,CCT64CLU,"[30, 179, 274, 285, 360, 396, 516, 543, 563, 872, 876, 888, 921, 1060, 1066, 1116, 1176, 1192, 1357, 1359, 1403, 1447, 1459, 1467, 1492, 1534, 1644, 1664, 1668, 1688, 1705, 1721, 1754, 1781, 1807, 1822, 1857, 1873, 2667, 2757, 2761, 2766, 2779, 2823, 2840, 2888, 2914, 2971, 2993, 3005, 3021, 3120, 3301, 3339, 3496, 3531, 3537, 3582, 3638, 3670, 3690, 3701, 3833, 3893, 4365, 4367, 4406, 4429, 4436, 4482, 4491, 4510, 4514, 4518, 4550, 4565, 4567, 4572, 4577, 4585, 4593, 4595, 4600, 4623, 4643, 4657, 4693, 4702, 4707, 4721, 4732, 4754, 4836, 4891, 4930, 4941, 4983, 5015, 5030, 5065, 5210, 5263, 5272, 5337, 5341, 5391, 5401, 5429, 5474, 5506, 5528, 5534, 5570, 5659, 5712, 5874, 5939, 5944, 5962, 5977, 6015, 6019, 6113, 6121, 6169, 6277, 6296]","[1644, 2757, 3005, 3496, 4514, 5272, 5659]","[30, 179, 274, 285, 360, 396, 516, 543, 563, 872, 876, 888, 921, 1060, 1066, 1116, 1176, 1192, 1357, 1359, 1403, 1447, 1459, 1467, 1492, 1534, 1664, 1668, 1688, 1705, 1721, 1754, 1781, 1807, 1822, 1857, 1873, 2667, 2761, 2766, 2779, 2823, 2840, 2888, 2914, 2971, 2993, 3021, 3120, 3301, 3339, 3531, 3537, 3582, 3638, 3670, 3690, 3701, 3833, 3893, 4365, 4367, 4406, 4429, 4436, 4482, 4491, 4510, 4518, 4550, 4565, 4567, 4572, 4577, 4585, 4593, 4595, 4600, 4623, 4643, 4657, 4693, 4702, 4707, 4721, 4732, 4754, 4836, 4891, 4930, 4941, 4983, 5015, 5030, 5065, 5210, 5263, 5337, 5341, 5391, 5401, 5429, 5474, 5506, 5528, 5534, 5570, 5712, 5874, 5939, 5944, 5962, 5977, 6015, 6019, 6113, 6121, 6169, 6277, 6296]","[1644, 2757, 3005, 3496, 4514, 5272, 5659]",6276,127,6149,7,120,6149,0
0.5,CEPPINS,"[62, 76, 115, 127, 245, 364, 405, 464, 485, 490, 524, 591, 654, 760, 776, 794, 796, 858, 967, 974, 1021, 1043, 1066, 1106, 1205, 1218, 1235, 1257, 1399, 1408, 1424, 1439, 1441, 1445, 1487, 1493, 1509, 1513, 1517, 1606, 1615, 1701, 1706, 1760, 1832, 1878]",[858],"[62, 76, 115, 127, 245, 364, 405, 464, 485, 490, 524, 591, 654, 760, 776, 794, 796, 967, 974, 1021, 1043, 1066, 1106, 1205, 1218, 1235, 1257, 1399, 1408, 1424, 1439, 1441, 1445, 1487, 1493, 1509, 1513, 1517, 1606, 1615, 1701, 1706, 1760, 1832, 1878]",[858],1901,46,1855,1,45,1855,0
0.5,CHBLG,"[21, 51, 117, 166, 170, 270, 305, 320, 369, 484, 648, 692, 698, 832, 900, 918, 928, 932, 1197, 1284, 1350, 1395, 1425, 1458, 1465, 1472, 1479, 1489, 1506, 1508, 1527, 1540, 1556, 1561, 1638, 1762, 1770, 1784, 1827, 1921, 2015, 2052, 2115, 2194, 2285, 2293, 2301, 2308, 2359, 2364, 2369, 2379, 2472, 2564, 2672, 2768, 2770, 2807, 2834, 2876, 2895, 2950, 2964, 3014, 3030, 3090, 3149, 3154, 3207, 3390, 3406, 3425, 3464, 3478, 3515, 3517, 3531, 3533, 3617, 3623, 3640, 3644, 3646, 3693, 3699, 3788, 3794, 3798, 3957, 4003, 4019, 4023, 4069, 4077, 4092, 4119, 4122, 4191, 4205, 4235, 4266, 4270, 4298, 4302, 4308, 4322, 4357, 4474, 4583, 4624, 4630, 4694, 4700, 4861, 4887, 4919, 4939, 4985, 5026, 5029, 5062, 5181, 5207, 5238, 5246, 5250, 5282, 5306, 5312, 5349, 5408, 5416, 5420, 5461, 5476, 5483, 5509, 5573, 5619, 5631, 5636, 5669, 5682, 5696, 5756, 5778, 5846, 5919, 5934, 6025, 6094, 6131, 6136, 6148, 6192, 6242, 6255, 6269, 6280, 6323, 6336, 6376, 6432, 6444, 6449, 6520, 6535, 6539, 6555, 6629, 6754, 6886, 6907, 6917, 6974, 7204, 7208, 7222, 7302, 7308, 7438, 7522, 7554, 7560, 7573, 7577, 7599, 7664, 7676, 7719, 7723, 7741, 7767, 7779, 7805, 7846, 7850, 7918, 7935, 8038, 8044, 8051]","[2285, 3090, 4019, 5246, 6025]","[21, 51, 117, 166, 170, 270, 305, 320, 369, 484, 648, 692, 698, 832, 900, 918, 928, 932, 1197, 1284, 1350, 1395, 1425, 1458, 1465, 1472, 1479, 1489, 1506, 1508, 1527, 1540, 1556, 1561, 1638, 1762, 1770, 1784, 1827, 1921, 2015, 2052, 2115, 2194, 2293, 2301, 2308, 2359, 2364, 2369, 2379, 2472, 2564, 2672, 2768, 2770, 2807, 2834, 2876, 2895, 2950, 2964, 3014, 3030, 3149, 3154, 3207, 3390, 3406, 3425, 3464, 3478, 3515, 3517, 3531, 3533, 3617, 3623, 3640, 3644, 3646, 3693, 3699, 3788, 3794, 3798, 3957, 4003, 4023, 4069, 4077, 4092, 4119, 4122, 4191, 4205, 4235, 4266, 4270, 4298, 4302, 4308, 4322, 4357, 4474, 4583, 4624, 4630, 4694, 4700, 4861, 4887, 4919, 4939, 4985, 5026, 5029, 5062, 5181, 5207, 5238, 5250, 5282, 5306, 5312, 5349, 5408, 5416, 5420, 5461, 5476, 5483, 5509, 5573, 5619, 5631, 5636, 5669, 5682, 5696, 5756, 5778, 5846, 5919, 5934, 6094, 6131, 6136, 6148, 6192, 6242, 6255, 6269, 6280, 6323, 6336, 6376, 6432, 6444, 6449, 6520, 6535, 6539, 6555, 6629, 6754, 6886, 6907, 6917, 6974, 7204, 7208, 7222, 7302, 7308, 7438, 7522, 7554, 7560, 7573, 7577, 7599, 7664, 7676, 7719, 7723, 7741, 7767, 7779, 7805, 7846, 7850, 7918, 7935, 8038, 8044, 8051]","[2285, 3090, 4019, 5246, 6025]",8080,202,7878,5,197,7878,0
0.5,CHEBGLI,"[60, 177, 258, 388, 446, 456, 481, 522, 570, 599, 774, 795, 844, 862, 874, 888, 909, 1047, 1136, 1213, 1268, 1364, 1377, 1591, 1599, 1757, 1815, 1821, 1868, 1885, 1960, 1966, 2011, 2035, 2042, 2067, 2110, 2149, 2188, 2207]","[570, 909]","[60, 177, 258, 388, 446, 456, 481, 522, 599, 774, 795, 844, 862, 874, 888, 1047, 1136, 1213, 1268, 1364, 1377, 1591, 1599, 1757, 1815, 1821, 1868, 1885, 1960, 1966, 2011, 2035, 2042, 2067, 2110, 2149, 2188, 2207]","[570, 909]",2204,40,2164,2,38,2164,0
0.5,CHEBGLII,"[17, 83, 152, 179, 217, 237, 322, 408, 454, 474, 515, 525, 531, 537, 540, 547, 563, 580, 593, 630, 668, 736, 777, 798, 877, 912, 923, 931, 952, 958, 1007, 1020, 1049, 1065, 1072, 1082, 1107, 1145, 1331, 1383, 1426, 1493, 1562, 1570, 1609, 1619, 1730, 1847, 1870, 1900, 2075, 2084, 2088, 2111, 2133, 2193, 2200, 2213, 2224, 2240]","[563, 912]","[17, 83, 152, 179, 217, 237, 322, 408, 454, 474, 515, 525, 531, 537, 540, 547, 580, 593, 630, 668, 736, 777, 798, 877, 923, 931, 952, 958, 1007, 1020, 1049, 1065, 1072, 1082, 1107, 1145, 1331, 1383, 1426, 1493, 1562, 1570, 1609, 1619, 1730, 1847, 1870, 1900, 2075, 2084, 2088, 2111, 2133, 2193, 2200, 2213, 2224, 2240]","[563, 912]",2258,60,2198,2,58,2198,0
0.5,CHKALDB,"[15, 22, 180, 273, 283, 318, 331, 399, 422, 447, 476, 502, 535, 552, 564, 606, 610, 657, 714, 756, 758, 796, 844, 913, 919, 932, 939, 983, 1062, 1087, 1164, 1196, 1240, 1322, 1324, 1368, 1385, 1452, 1488, 1506, 1543, 1548, 1618, 1631, 1779, 1801, 1853, 1867, 1886, 1893, 1912, 1922, 1927, 1948, 2000, 2015, 2208, 2270, 2336, 2365, 2382, 2404, 2439, 2460, 2483, 2629, 2661, 2692, 2780, 2824, 2845, 2874, 2878, 2933, 2952, 2991, 3077, 3115, 3135, 3199, 3371, 3400, 3409, 3417, 3457, 3464, 3508, 3516, 3545, 3560, 3600, 3602, 3613, 3685, 3734, 3841, 4004, 4016, 4046, 4228, 4281, 4388, 4411, 4462, 4489, 4543, 4621, 4630, 4646, 4802, 4853, 4865, 4884, 5005, 5059, 5103, 5138, 5245, 5306, 5323, 5381, 5410, 5468, 5516, 5522, 5530, 5731, 5748, 5930, 5985, 5994, 6001, 6168, 6172, 6199, 6337, 6392, 6404, 6452, 6484, 6568, 6649, 6652, 6664, 6795, 6837, 6955, 6960, 6983, 6987, 7007, 7039, 7062, 7078, 7128, 7135, 7149, 7165, 7170, 7265, 7323, 7360, 7394, 7436, 7462, 7487, 7504, 7518, 7523, 7527, 7537, 7600, 7679, 7698, 7705, 7712, 7740, 7918, 7924, 7994, 8111, 8145, 8166, 8170, 8186, 8340, 8439, 8481, 8489, 8520, 8533, 8553, 8560, 8611, 8617, 8742, 8771, 8842, 8925, 8929, 9006, 9012, 9185, 9206, 9214, 9226, 9282, 9313, 9317, 9385, 9390, 9411, 9449, 9485, 9577, 9626, 9736, 9886, 10046, 10060, 10232, 10244, 10415, 10421, 10435, 10454, 10460, 10577, 10589, 10599, 10658, 10705, 10733, 10797, 10835, 10844, 10849, 10904, 10908, 10955, 11014, 11039, 11096, 11130, 11199, 11222, 11270, 11275, 11427, 11458, 11485, 11487]","[6172, 6664, 6955, 7265, 8186, 8842, 9185]","[15, 22, 180, 273, 283, 318, 331, 399, 422, 447, 476, 502, 535, 552, 564, 606, 610, 657, 714, 756, 758, 796, 844, 913, 919, 932, 939, 983, 1062, 1087, 1164, 1196, 1240, 1322, 1324, 1368, 1385, 1452, 1488, 1506, 1543, 1548, 1618, 1631, 1779, 1801, 1853, 1867, 1886, 1893, 1912, 1922, 1927, 1948, 2000, 2015, 2208, 2270, 2336, 2365, 2382, 2404, 2439, 2460, 2483, 2629, 2661, 2692, 2780, 2824, 2845, 2874, 2878, 2933, 2952, 2991, 3077, 3115, 3135, 3199, 3371, 3400, 3409, 3417, 3457, 3464, 3508, 3516, 3545, 3560, 3600, 3602, 3613, 3685, 3734, 3841, 4004, 4016, 4046, 4228, 4281, 4388, 4411, 4462, 4489, 4543, 4621, 4630, 4646, 4802, 4853, 4865, 4884, 5005, 5059, 5103, 5138, 5245, 5306, 5323, 5381, 5410, 5468, 5516, 5522, 5530, 5731, 5748, 5930, 5985, 5994, 6001, 6168, 6199, 6337, 6392, 6404, 6452, 6484, 6568, 6649, 6652, 6795, 6837, 6960, 6983, 6987, 7007, 7039, 7062, 7078, 7128, 7135, 7149, 7165, 7170, 7323, 7360, 7394, 7436, 7462, 7487, 7504, 7518, 7523, 7527, 7537, 7600, 7679, 7698, 7705, 7712, 7740, 7918, 7924, 7994, 8111, 8145, 8166, 8170, 8340, 8439, 8481, 8489, 8520, 8533, 8553, 8560, 8611, 8617, 8742, 8771, 8925, 8929, 9006, 9012, 9206, 9214, 9226, 9282, 9313, 9317, 9385, 9390, 9411, 9449, 9485, 9577, 9626, 9736, 9886, 10046, 10060, 10232, 10244, 10415, 10421, 10435, 10454, 10460, 10577, 10589, 10599, 10658, 10705, 10733, 10797, 10835, 10844, 10849, 10904, 10908, 10955, 11014, 11039, 11096, 11130, 11199, 11222, 11270, 11275, 11427, 11458, 11485, 11487]","[6172, 6664, 6955, 7265, 8186, 8842, 9185]",11643,252,11391,7,245,11391,0
0.5,CHKAPOII,"[12, 37, 64, 69, 136, 282, 323, 328, 341, 364, 377, 385, 454, 537, 729, 779, 787, 901, 917, 921, 929, 933, 989, 1000, 1090, 1226, 1246, 1328, 1334, 1339, 1357, 1367, 1397, 1404, 1449, 1483, 1532, 1576, 1588, 1626, 1663, 1839, 1864, 1891, 1901, 1978, 1984, 2044, 2131, 2223, 2262, 2276, 2289, 2320, 2366, 2385, 2508, 2519, 2531, 2550, 2620, 2687, 2743, 2781, 2798, 2875, 3199, 3217, 3227, 3243, 3259, 3277, 3286, 3317, 3343, 3381, 3397, 3419, 3426, 3438, 3444, 3455, 3477, 3495, 3500, 3509, 3541, 3600, 3615, 3696, 3746, 3755, 3771, 3820, 3861, 3881, 3906, 3912, 3946, 3952, 3957, 3975, 3980, 4017, 4026, 4038, 4047, 4259, 4269, 4271, 4340, 4446, 4472, 4476, 4488, 4492, 4496, 4581, 4707, 4799, 4845, 4878]","[3317, 3820]","[12, 37, 64, 69, 136, 282, 323, 328, 341, 364, 377, 385, 454, 537, 729, 779, 787, 901, 917, 921, 929, 933, 989, 1000, 1090, 1226, 1246, 1328, 1334, 1339, 1357, 1367, 1397, 1404, 1449, 1483, 1532, 1576, 1588, 1626, 1663, 1839, 1864, 1891, 1901, 1978, 1984, 2044, 2131, 2223, 2262, 2276, 2289, 2320, 2366, 2385, 2508, 2519, 2531, 2550, 2620, 2687, 2743, 2781, 2798, 2875, 3199, 3217, 3227, 3243, 3259, 3277, 3286, 3343, 3381, 3397, 3419, 3426, 3438, 3444, 3455, 3477, 3495, 3500, 3509, 3541, 3600, 3615, 3696, 3746, 3755, 3771, 3861, 3881, 3906, 3912, 3946, 3952, 3957, 3975, 3980, 4017, 4026, 4038, 4047, 4259, 4269, 4271, 4340, 4446, 4472, 4476, 4488, 4492, 4496, 4581, 4707, 4799, 4845, 4878]","[3317, 3820]",4953,122,4831,2,120,4831,0
0.5,CHKDPCP,"[92, 143, 216, 276, 306, 347, 364, 369, 374, 387, 401, 415, 515, 572, 610, 637, 1052, 1104, 1608, 1624, 1649, 1654, 1671, 1681, 1709, 1826, 1844, 1867, 1878, 1882, 1890, 1892, 1894, 1898]",[637],"[92, 143, 216, 276, 306, 347, 364, 369, 374, 387, 401, 415, 515, 572, 610, 1052, 1104, 1608, 1624, 1649, 1654, 1671, 1681, 1709, 1826, 1844, 1867, 1878, 1882, 1890, 1892, 1894, 1898]",[637],1902,34,1868,1,33,1868,0
0.5,CHKMAX,"[27, 62, 98, 121, 281, 307, 312, 367, 470, 474, 517, 553, 605, 632, 675, 727, 736, 771, 785, 789, 848, 915, 924, 974, 978, 1037, 1052, 1133, 1181, 1208, 1217, 1236, 1265, 1299, 1314, 1419, 1528, 1816, 1917, 1945, 2115, 2127, 2175, 2190, 2200, 2291, 2313, 2336, 2356, 2372, 2422, 2435, 2451, 2499, 2503, 2505, 2564, 2582, 2607, 2623, 2639, 2673, 2712, 2716, 2721, 2728, 2756, 2761, 2763, 2805, 2814, 2832, 2861, 2882, 2889, 2913, 2930, 2937, 2958, 2968, 2990, 2992, 3030, 3052, 3090, 3143, 3172, 3177, 3189, 3205, 3219, 3240, 3259, 3264, 3273, 3289, 3327, 3339, 3400, 3420, 3458, 3483, 3497, 3510, 3546, 3575, 3583, 3594, 3609, 3614, 3630, 3651, 3723, 3743, 3764, 3768, 3772, 3774, 3776, 3778, 3780, 3782, 3784, 3786, 3788, 3790, 3794, 3798, 3804, 3896, 3904, 3928, 3933, 4027, 4036, 4050, 4055, 4059, 4063, 4079, 4096, 4146, 4206, 4215, 4295, 4347, 4369, 4390, 4662, 4868, 4914, 4931, 4971, 5029, 5035, 5037, 5098, 5130, 5134, 5173, 5289, 5307, 5343, 5369, 5407, 5449, 5558, 5574, 5613, 5689]","[2127, 2291, 3928, 4295]","[27, 62, 98, 121, 281, 307, 312, 367, 470, 474, 517, 553, 605, 632, 675, 727, 736, 771, 785, 789, 848, 915, 924, 974, 978, 1037, 1052, 1133, 1181, 1208, 1217, 1236, 1265, 1299, 1314, 1419, 1528, 1816, 1917, 1945, 2115, 2175, 2190, 2200, 2313, 2336, 2356, 2372, 2422, 2435, 2451, 2499, 2503, 2505, 2564, 2582, 2607, 2623, 2639, 2673, 2712, 2716, 2721, 2728, 2756, 2761, 2763, 2805, 2814, 2832, 2861, 2882, 2889, 2913, 2930, 2937, 2958, 2968, 2990, 2992, 3030, 3052, 3090, 3143, 3172, 3177, 3189, 3205, 3219, 3240, 3259, 3264, 3273, 3289, 3327, 3339, 3400, 3420, 3458, 3483, 3497, 3510, 3546, 3575, 3583, 3594, 3609, 3614, 3630, 3651, 3723, 3743, 3764, 3768, 3772, 3774, 3776, 3778, 3780, 3782, 3784, 3786, 3788, 3790, 3794, 3798, 3804, 3896, 3904, 3933, 4027, 4036, 4050, 4055, 4059, 4063, 4079, 4096, 4146, 4206, 4215, 4347, 4369, 4390, 4662, 4868, 4914, 4931, 4971, 5029, 5035, 5037, 5098, 5130, 5134, 5173, 5289, 5307, 5343, 5369, 5407, 5449, 5558, 5574, 5613, 5689]","[2127, 2291, 3928, 4295]",5690,170,5520,4,166,5520,0
0.5,CHKMYOD,"[49, 131, 148, 179, 200, 231, 316, 329, 348, 396, 424, 481, 486, 541, 551, 799, 852, 868, 984, 1012, 1073, 1166, 1220, 1226, 1254, 1268, 1277, 1279, 1285, 1303, 1309, 1318, 1355, 1422, 1424, 1433, 1462, 1496, 1509, 1537, 1570, 1669, 1708, 1738, 1764, 1927, 2075, 2106, 2157, 2244, 2292, 2361, 2365, 2454, 2504, 2510, 2559, 2629, 2682, 2687, 2703, 2754, 2767, 2811, 2885, 2913, 3030, 3049, 3066, 3077, 3126, 3134, 3142, 3309, 3314, 3321, 3379, 3422, 3440, 3459, 3468, 3547, 3573, 3990, 3996, 4038, 4121, 4229, 4236, 4239, 4261, 4281, 4299, 4334, 4463, 4475, 4515, 4521, 4596, 4609, 4640, 4728, 4794, 4849, 4875, 4941, 5020, 5065, 5079, 5145, 5154, 5164, 5166, 5213, 5257, 5366, 5458, 5483, 5495, 5517, 5584, 5592, 5630, 5660, 5665, 5691, 5764, 5772, 5832, 5875, 5970, 6023, 6076, 6150, 6178, 6180, 6284, 6321, 6327, 6390, 6456, 6527, 6562, 6672, 6927, 7019, 7034, 7247, 7343]","[4941, 6150]","[49, 131, 148, 179, 200, 231, 316, 329, 348, 396, 424, 481, 486, 541, 551, 799, 852, 868, 984, 1012, 1073, 1166, 1220, 1226, 1254, 1268, 1277, 1279, 1285, 1303, 1309, 1318, 1355, 1422, 1424, 1433, 1462, 1496, 1509, 1537, 1570, 1669, 1708, 1738, 1764, 1927, 2075, 2106, 2157, 2244, 2292, 2361, 2365, 2454, 2504, 2510, 2559, 2629, 2682, 2687, 2703, 2754, 2767, 2811, 2885, 2913, 3030, 3049, 3066, 3077, 3126, 3134, 3142, 3309, 3314, 3321, 3379, 3422, 3440, 3459, 3468, 3547, 3573, 3990, 3996, 4038, 4121, 4229, 4236, 4239, 4261, 4281, 4299, 4334, 4463, 4475, 4515, 4521, 4596, 4609, 4640, 4728, 4794, 4849, 4875, 5020, 5065, 5079, 5145, 5154, 5164, 5166, 5213, 5257, 5366, 5458, 5483, 5495, 5517, 5584, 5592, 5630, 5660, 5665, 5691, 5764, 5772, 5832, 5875, 5970, 6023, 6076, 6178, 6180, 6284, 6321, 6327, 6390, 6456, 6527, 6562, 6672, 6927, 7019, 7034, 7247, 7343]","[4941, 6150]",7381,149,7232,2,147,7232,0
0.5,CHKOVAL,"[26, 120, 240, 253, 322, 332, 357, 368, 434, 454, 662, 677, 697, 714, 779, 952, 1021, 1267, 1289, 1293, 1337, 1341, 1361, 1390, 1492, 1497, 1505, 1536, 1564, 1729, 1754, 1787, 1820, 1827, 1837, 1863, 1898, 1900, 1902, 1923, 1927, 1984, 2116, 2155, 2216, 2238, 2304, 2346, 2449, 2482, 2657, 2667, 2806, 2884, 2912, 2924, 2931, 3009, 3038, 3103, 3119, 3129, 3164, 3225, 3293, 3415, 3452, 3466, 3633, 3684, 3686, 3712, 3753, 3758, 3812, 3837, 3874, 3915, 3954, 3987, 4046, 4059, 4176, 4232, 4246, 4459, 4587, 4591, 4602, 4675, 4682, 4694, 4699, 4720, 4726, 4771, 4802, 4890, 4915, 5035, 5081, 5098, 5120, 5144, 5153, 5157, 5170, 5237, 5297, 5308, 5327, 5396, 5401, 5621, 5737, 5786, 5795, 5818, 5874, 6042, 6141, 6152, 6226, 6242, 6246, 6282, 6338, 6496, 6570, 6654, 6666, 6740, 6749, 6790, 6832, 6857, 6861, 6928, 6955, 6975, 6979, 7022, 7044, 7076, 7079, 7134, 7148, 7152, 7178, 7194, 7234, 7284, 7341, 7355, 7362, 7469, 7513, 7544, 7691, 7768, 7770, 7792, 7799, 7941, 8122, 8125, 8130, 8201, 8322, 8334, 8410, 8420, 8447, 8456, 8500, 8592, 8791, 8808, 8836, 8846, 8858, 8864, 8934, 8944, 8982, 9018, 9024, 9028, 9105, 9164, 9201]","[3164, 3466, 4176, 4694, 5795, 6282]","[26, 120, 240, 253, 322, 332, 357, 368, 434, 454, 662, 677, 697, 714, 779, 952, 1021, 1267, 1289, 1293, 1337, 1341, 1361, 1390, 1492, 1497, 1505, 1536, 1564, 1729, 1754, 1787, 1820, 1827, 1837, 1863, 1898, 1900, 1902, 1923, 1927, 1984, 2116, 2155, 2216, 2238, 2304, 2346, 2449, 2482, 2657, 2667, 2806, 2884, 2912, 2924, 2931, 3009, 3038, 3103, 3119, 3129, 3225, 3293, 3415, 3452, 3633, 3684, 3686, 3712, 3753, 3758, 3812, 3837, 3874, 3915, 3954, 3987, 4046, 4059, 4232, 4246, 4459, 4587, 4591, 4602, 4675, 4682, 4699, 4720, 4726, 4771, 4802, 4890, 4915, 5035, 5081, 5098, 5120, 5144, 5153, 5157, 5170, 5237, 5297, 5308, 5327, 5396, 5401, 5621, 5737, 5786, 5818, 5874, 6042, 6141, 6152, 6226, 6242, 6246, 6338, 6496, 6570, 6654, 6666, 6740, 6749, 6790, 6832, 6857, 6861, 6928, 6955, 6975, 6979, 7022, 7044, 7076, 7079, 7134, 7148, 7152, 7178, 7194, 7234, 7284, 7341, 7355, 7362, 7469, 7513, 7544, 7691, 7768, 7770, 7792, 7799, 7941, 8122, 8125, 8130, 8201, 8322, 8334, 8410, 8420, 8447, 8456, 8500, 8592, 8791, 8808, 8836, 8846, 8858, 8864, 8934, 8944, 8982, 9018, 9024, 9028, 9105, 9164, 9201]","[3164, 3466, 4176, 4694, 5795, 6282]",9198,191,9007,6,185,9007,0
0.5,CHKRPL30,"[67, 114, 118, 123, 234, 315, 334, 368, 384, 527, 531, 545, 571, 594, 612, 657, 664, 671, 675, 749, 783, 801, 805, 820, 832, 875, 878, 916, 1058, 1075, 1137, 1219, 1243, 1357, 1373, 1382, 1397, 1458, 1466, 1471, 1475, 1504, 1525, 1541, 1574, 1580, 1641, 1684, 1696, 1765, 1778, 1836, 1872, 1882, 1918, 1940, 1957, 1967, 1980, 1995, 2038, 2113, 2130, 2158, 2162, 2209, 2215, 2218, 2245, 2250, 2272, 2403, 2410, 2530, 2543, 2571, 2588, 2592, 2663, 2725, 2753, 2787, 2816, 2837, 2842, 2850, 2891, 2990, 3052, 3067, 3111, 3115, 3132, 3188, 3321, 3370, 3374, 3403, 3442, 3478, 3552, 3633, 3757, 3766, 3774, 3799, 3838, 3845, 3854, 3860]","[801, 1872, 2753]","[67, 114, 118, 123, 234, 315, 334, 368, 384, 527, 531, 545, 571, 594, 612, 657, 664, 671, 675, 749, 783, 805, 820, 832, 875, 878, 916, 1058, 1075, 1137, 1219, 1243, 1357, 1373, 1382, 1397, 1458, 1466, 1471, 1475, 1504, 1525, 1541, 1574, 1580, 1641, 1684, 1696, 1765, 1778, 1836, 1882, 1918, 1940, 1957, 1967, 1980, 1995, 2038, 2113, 2130, 2158, 2162, 2209, 2215, 2218, 2245, 2250, 2272, 2403, 2410, 2530, 2543, 2571, 2588, 2592, 2663, 2725, 2787, 2816, 2837, 2842, 2850, 2891, 2990, 3052, 3067, 3111, 3115, 3132, 3188, 3321, 3370, 3374, 3403, 3442, 3478, 3552, 3633, 3757, 3766, 3774, 3799, 3838, 3845, 3854, 3860]","[801, 1872, 2753]",3884,110,3774,3,107,3774,0
0.5,CHKRPL37A,"[6, 16, 31, 57, 81, 88, 103, 177, 183, 196, 201, 253, 324, 366, 440, 452, 476, 522, 542, 547, 691, 798, 948, 962, 996, 1021, 1035, 1067, 1085, 1116, 1123, 1179, 1199, 1201, 1265, 1274, 1278, 1319, 1351, 1376, 1419, 1435, 1440, 1514, 1527, 1540, 1545, 1558, 1600, 1618, 1663, 1678, 1791, 1797, 1946, 1950, 1982, 1987, 2025, 2038, 2079, 2099, 2125, 2139, 2255, 2324, 2328, 2340, 2367, 2370, 2386, 2575, 2639, 2657, 2739, 2821, 2838, 2854, 2905, 2911, 2980, 3052, 3065, 3117, 3146, 3179, 3231, 3245, 3357, 3376, 3391, 3396, 3414, 3419]","[798, 1376, 2386]","[6, 16, 31, 57, 81, 88, 103, 177, 183, 196, 201, 253, 324, 366, 440, 452, 476, 522, 542, 547, 691, 948, 962, 996, 1021, 1035, 1067, 1085, 1116, 1123, 1179, 1199, 1201, 1265, 1274, 1278, 1319, 1351, 1419, 1435, 1440, 1514, 1527, 1540, 1545, 1558, 1600, 1618, 1663, 1678, 1791, 1797, 1946, 1950, 1982, 1987, 2025, 2038, 2079, 2099, 2125, 2139, 2255, 2324, 2328, 2340, 2367, 2370, 2575, 2639, 2657, 2739, 2821, 2838, 2854, 2905, 2911, 2980, 3052, 3065, 3117, 3146, 3179, 3231, 3245, 3357, 3376, 3391, 3396, 3414, 3419]","[798, 1376, 2386]",3465,94,3371,3,91,3371,0
0.5,CHKRPL5G,"[30, 99, 128, 153, 300, 355, 405, 446, 483, 498, 502, 512, 611, 658, 705, 715, 785, 814, 830, 875, 948, 971, 995, 1022, 1036, 1067, 1090, 1094, 1173, 1227, 1273, 1312, 1319, 1351, 1397, 1419, 1498, 1540, 1551, 1571, 1586, 1599, 1632, 1637, 1708, 1775, 1790, 1849, 1855, 1865, 1937, 1981, 1983, 1990, 2017, 2044, 2061, 2063, 2105, 2121, 2138, 2148, 2301, 2308, 2388, 2397, 2414, 2428, 2451, 2473, 2568, 2618, 2747, 2952, 2974, 3059, 3092, 3094, 3100, 3126, 3131, 3137, 3157, 3161, 3175, 3237, 3243, 3264, 3274, 3288, 3300, 3345, 3406, 3419, 3433, 3442, 3467, 3508, 3525, 3552, 3598, 3609, 3618, 3637, 3674, 3715, 3800, 3828, 3846, 3873, 3909, 3921, 3933, 3936, 3955, 4002, 4006, 4062, 4083, 4159, 4166, 4233, 4259, 4269, 4305, 4309, 4327, 4398, 4405, 4440, 4461, 4475, 4535, 4620, 4629, 4638, 4658, 4703, 4735, 4746, 4750, 4986, 5069, 5134, 5165, 5191, 5212, 5229, 5259, 5264, 5334, 5562, 5652, 5656, 5704, 5718, 5824, 5837, 5958, 5980, 6060, 6064, 6074, 6088, 6109, 6114, 6124, 6179, 6233, 6238, 6248, 6253, 6265, 6294, 6356, 6399, 6420, 6478, 6488, 6541, 6620, 6639, 6652, 6690, 6697, 6702, 6785, 6819, 6897, 6952, 7000, 7049, 7112, 7152, 7223, 7227, 7339, 7369, 7385, 7426, 7508, 7515, 7590, 7675, 7787, 7856, 7864, 7964, 7986, 7992, 8003, 8058, 8062, 8072, 8075, 8093, 8098, 8189, 8207]","[498, 1419, 1632, 3157, 3955, 5165, 6897]","[30, 99, 128, 153, 300, 355, 405, 446, 483, 502, 512, 611, 658, 705, 715, 785, 814, 830, 875, 948, 971, 995, 1022, 1036, 1067, 1090, 1094, 1173, 1227, 1273, 1312, 1319, 1351, 1397, 1498, 1540, 1551, 1571, 1586, 1599, 1637, 1708, 1775, 1790, 1849, 1855, 1865, 1937, 1981, 1983, 1990, 2017, 2044, 2061, 2063, 2105, 2121, 2138, 2148, 2301, 2308, 2388, 2397, 2414, 2428, 2451, 2473, 2568, 2618, 2747, 2952, 2974, 3059, 3092, 3094, 3100, 3126, 3131, 3137, 3161, 3175, 3237, 3243, 3264, 3274, 3288, 3300, 3345, 3406, 3419, 3433, 3442, 3467, 3508, 3525, 3552, 3598, 3609, 3618, 3637, 3674, 3715, 3800, 3828, 3846, 3873, 3909, 3921, 3933, 3936, 4002, 4006, 4062, 4083, 4159, 4166, 4233, 4259, 4269, 4305, 4309, 4327, 4398, 4405, 4440, 4461, 4475, 4535, 4620, 4629, 4638, 4658, 4703, 4735, 4746, 4750, 4986, 5069, 5134, 5191, 5212, 5229, 5259, 5264, 5334, 5562, 5652, 5656, 5704, 5718, 5824, 5837, 5958, 5980, 6060, 6064, 6074, 6088, 6109, 6114, 6124, 6179, 6233, 6238, 6248, 6253, 6265, 6294, 6356, 6399, 6420, 6478, 6488, 6541, 6620, 6639, 6652, 6690, 6697, 6702, 6785, 6819, 6952, 7000, 7049, 7112, 7152, 7223, 7227, 7339, 7369, 7385, 7426, 7508, 7515, 7590, 7675, 7787, 7856, 7864, 7964, 7986, 7992, 8003, 8058, 8062, 8072, 8075, 8093, 8098, 8189, 8207]","[498, 1419, 1632, 3157, 3955, 5165, 6897]",8313,219,8094,7,212,8094,0
0.5,CHKTUB4B,"[65, 70, 75, 188, 223, 243, 248, 264, 323, 340, 367, 437, 561, 699, 706, 762, 779, 811, 849, 891, 949, 1034, 1082, 1126, 1150, 1154, 1171, 1188, 1199, 1205, 1207, 1280, 1294, 1353, 1400, 1415, 1420, 1423, 1469, 1491, 1521, 1531, 1573, 1577, 1637, 1668, 1693, 1710, 1769, 1778, 1790, 1803, 1851, 1895, 1906, 1940, 1955, 1967, 1970, 2009, 2053, 2080, 2195, 2204, 2272, 2408, 2483, 2489, 2491, 2623, 2687, 2695, 2704, 2740, 2779, 2829, 2852, 2918, 2998, 3020, 3110, 3114, 3136]","[437, 949, 1573]","[65, 70, 75, 188, 223, 243, 248, 264, 323, 340, 367, 561, 699, 706, 762, 779, 811, 849, 891, 1034, 1082, 1126, 1150, 1154, 1171, 1188, 1199, 1205, 1207, 1280, 1294, 1353, 1400, 1415, 1420, 1423, 1469, 1491, 1521, 1531, 1577, 1637, 1668, 1693, 1710, 1769, 1778, 1790, 1803, 1851, 1895, 1906, 1940, 1955, 1967, 1970, 2009, 2053, 2080, 2195, 2204, 2272, 2408, 2483, 2489, 2491, 2623, 2687, 2695, 2704, 2740, 2779, 2829, 2852, 2918, 2998, 3020, 3110, 3114, 3136]","[437, 949, 1573]",3145,83,3062,3,80,3062,0
0.5,CHKY,"[72, 203, 214, 265, 270, 313, 319, 427, 514, 558, 641, 691, 695, 773, 794, 798, 805, 835, 863, 887, 891, 999, 1007, 1051, 1112, 1489, 1495, 1560, 1609, 1616, 1632, 1650, 1664, 1752, 1844, 1881, 1892, 1915, 1937, 2091, 2096, 2197, 2253, 2301, 2387, 2427, 2530, 2580, 2622, 2627, 2674, 2692, 2725, 2730, 2758, 2799, 2858, 2869, 2891, 2895, 2926, 2931, 2954, 3038, 3068, 3082, 3109, 3192, 3200, 3255, 3356, 3370, 3450, 3577, 3603, 3622, 3779, 3953, 3963, 4022, 4079, 4148, 4199, 4207, 4299, 4345, 4349, 4431, 4435, 4439, 4462, 4518, 4553, 4683, 4693, 4695, 4709, 4750, 4835, 4965, 5049, 5056, 5082, 5186, 5213, 5237, 5282, 5338, 5355, 5360, 5420, 5629, 5648, 5655, 5689, 5723, 5911, 6012, 6053, 6121, 6209, 6213, 6231, 6249, 6289, 6342, 6347, 6383, 6393, 6407, 6473, 6513, 6517, 6541, 6611, 6763, 6815, 6953, 7057, 7068, 7072, 7168, 7202, 7507, 7669, 7734, 7751, 7826, 7831, 7846, 7878, 7880, 7884, 8063, 8091, 8196, 8297, 8326, 8330, 8349, 8361]","[3603, 4199, 4683, 5648, 6012, 6249]","[72, 203, 214, 265, 270, 313, 319, 427, 514, 558, 641, 691, 695, 773, 794, 798, 805, 835, 863, 887, 891, 999, 1007, 1051, 1112, 1489, 1495, 1560, 1609, 1616, 1632, 1650, 1664, 1752, 1844, 1881, 1892, 1915, 1937, 2091, 2096, 2197, 2253, 2301, 2387, 2427, 2530, 2580, 2622, 2627, 2674, 2692, 2725, 2730, 2758, 2799, 2858, 2869, 2891, 2895, 2926, 2931, 2954, 3038, 3068, 3082, 3109, 3192, 3200, 3255, 3356, 3370, 3450, 3577, 3622, 3779, 3953, 3963, 4022, 4079, 4148, 4207, 4299, 4345, 4349, 4431, 4435, 4439, 4462, 4518, 4553, 4693, 4695, 4709, 4750, 4835, 4965, 5049, 5056, 5082, 5186, 5213, 5237, 5282, 5338, 5355, 5360, 5420, 5629, 5655, 5689, 5723, 5911, 6053, 6121, 6209, 6213, 6231, 6289, 6342, 6347, 6383, 6393, 6407, 6473, 6513, 6517, 6541, 6611, 6763, 6815, 6953, 7057, 7068, 7072, 7168, 7202, 7507, 7669, 7734, 7751, 7826, 7831, 7846, 7878, 7880, 7884, 8063, 8091, 8196, 8297, 8326, 8330, 8349, 8361]","[3603, 4199, 4683, 5648, 6012, 6249]",8364,161,8203,6,155,8203,0
0.5,CHPPHYGEN,"[22, 83, 118, 120, 143, 150, 191, 300, 370, 421, 434, 481, 543, 555, 598, 605, 607, 609, 611, 613, 615, 617, 619, 621, 623, 625, 627, 631, 637, 683, 718, 810, 821, 913, 919, 964, 988, 1004, 1189, 1193, 1217, 1232, 1263, 1309, 1328, 1334, 1341, 1357, 1403, 1424, 1429, 1523, 1599, 1617, 1623, 1649, 1664, 1678, 1736, 1762, 1802, 1818, 1830, 1861, 1902, 1920, 2019, 2118, 2126, 2214, 2225, 2232, 2284, 2350, 2387, 2421, 2485, 2499, 2548, 2561, 2579, 2647, 2897, 2913, 3020, 3026, 3035, 3054, 3409, 3434, 3436, 3516, 3533, 3575, 3672, 3764, 3786, 3809, 3909, 3925, 4044, 4096, 4125, 4236, 4319, 4380, 4387, 4471, 4551, 4561, 4599, 4609, 4642, 4661, 4831, 4898, 4910, 4945, 5006, 5041, 5043, 5066, 5073, 5114, 5181, 5286, 5337, 5350, 5459, 5471, 5514, 5521, 5525, 5529, 5531, 5533, 5535, 5537, 5539, 5541, 5543, 5547, 5551, 5557, 5603, 5638, 5730, 5741, 5833, 5839, 5884, 5908, 5924, 6111, 6115, 6137, 6150, 6213, 6244, 6250, 6257, 6259, 6273, 6340, 6345, 6434, 6444, 6526, 6550, 6592, 6609, 6623, 6652, 6693, 6706, 6773, 6791, 6826, 6883, 6903, 7000, 7011, 7056, 7072, 7111, 7138, 7206, 7281, 7354, 7372, 7379, 7492, 7600, 7738, 7809, 7815, 7830, 7843, 7849, 7884, 7989, 8006, 8091, 8202, 8306, 8399, 8403, 8430, 8457, 8472, 8609, 8717, 8727, 8742, 8746, 8763, 8770, 8788, 8823, 8841, 8862, 9056, 9122, 9220, 9244, 9263, 9295, 9306, 9349, 9355, 9395, 9402, 9420, 9442, 9446, 9516, 9639, 9732, 9810, 9832, 9854, 9867, 9894, 9910, 9942, 9988, 9995, 10041, 10066, 10087, 10103, 10162, 10313, 10364, 10416, 10422, 10427, 10450, 10676, 10726, 10802, 10812, 10818, 10833, 10849, 10853, 10873, 10949, 11000, 11079, 11146, 11158, 11193, 11197, 11250, 11272, 11300, 11325, 11348, 11498, 11552, 11577, 11626, 11636, 11645, 11681, 11685, 11689, 11693, 11697, 11739, 11808, 11811, 11828, 11903, 11936, 12038, 12106, 12237, 12253, 12473, 12487, 12550, 12560, 12575, 12586, 12590, 12593, 12603, 12631, 12647, 12674, 12719, 12787, 12816, 12843, 12863, 12897, 12943, 12968, 13061, 13103, 13318, 13375, 13397, 13416, 13458, 13479, 13493, 13548, 13567, 13593, 13605, 13634]","[4599, 4945]","[22, 83, 118, 120, 143, 150, 191, 300, 370, 421, 434, 481, 543, 555, 598, 605, 607, 609, 611, 613, 615, 617, 619, 621, 623, 625, 627, 631, 637, 683, 718, 810, 821, 913, 919, 964, 988, 1004, 1189, 1193, 1217, 1232, 1263, 1309, 1328, 1334, 1341, 1357, 1403, 1424, 1429, 1523, 1599, 1617, 1623, 1649, 1664, 1678, 1736, 1762, 1802, 1818, 1830, 1861, 1902, 1920, 2019, 2118, 2126, 2214, 2225, 2232, 2284, 2350, 2387, 2421, 2485, 2499, 2548, 2561, 2579, 2647, 2897, 2913, 3020, 3026, 3035, 3054, 3409, 3434, 3436, 3516, 3533, 3575, 3672, 3764, 3786, 3809, 3909, 3925, 4044, 4096, 4125, 4236, 4319, 4380, 4387, 4471, 4551, 4561, 4609, 4642, 4661, 4831, 4898, 4910, 5006, 5041, 5043, 5066, 5073, 5114, 5181, 5286, 5337, 5350, 5459, 5471, 5514, 5521, 5525, 5529, 5531, 5533, 5535, 5537, 5539, 5541, 5543, 5547, 5551, 5557, 5603, 5638, 5730, 5741, 5833, 5839, 5884, 5908, 5924, 6111, 6115, 6137, 6150, 6213, 6244, 6250, 6257, 6259, 6273, 6340, 6345, 6434, 6444, 6526, 6550, 6592, 6609, 6623, 6652, 6693, 6706, 6773, 6791, 6826, 6883, 6903, 7000, 7011, 7056, 7072, 7111, 7138, 7206, 7281, 7354, 7372, 7379, 7492, 7600, 7738, 7809, 7815, 7830, 7843, 7849, 7884, 7989, 8006, 8091, 8202, 8306, 8399, 8403, 8430, 8457, 8472, 8609, 8717, 8727, 8742, 8746, 8763, 8770, 8788, 8823, 8841, 8862, 9056, 9122, 9220, 9244, 9263, 9295, 9306, 9349, 9355, 9395, 9402, 9420, 9442, 9446, 9516, 9639, 9732, 9810, 9832, 9854, 9867, 9894, 9910, 9942, 9988, 9995, 10041, 10066, 10087, 10103, 10162, 10313, 10364, 10416, 10422, 10427, 10450, 10676, 10726, 10802, 10812, 10818, 10833, 10849, 10853, 10873, 10949, 11000, 11079, 11146, 11158, 11193, 11197, 11250, 11272, 11300, 11325, 11348, 11498, 11552, 11577, 11626, 11636, 11645, 11681, 11685, 11689, 11693, 11697, 11739, 11808, 11811, 11828, 11903, 11936, 12038, 12106, 12237, 12253, 12473, 12487, 12550, 12560, 12575, 12586, 12590, 12593, 12603, 12631, 12647, 12674, 12719, 12787, 12816, 12843, 12863, 12897, 12943, 12968, 13061, 13103, 13318, 13375, 13397, 13416, 13458, 13479, 13493, 13548, 13567, 13593, 13605, 13634]","[4599, 4945]",13689,334,13355,2,332,13355,0
0.5,CHPPROTP1A,"[6, 9, 58, 159, 163, 179, 251, 266, 280]",[159],"[6, 9, 58, 163, 179, 251, 266, 280]",[159],397,9,388,1,8,388,0
0.5,CHPPROTP1B,"[4, 7, 56, 160, 164, 180, 252, 267, 281]",[160],"[4, 7, 56, 164, 180, 252, 267, 281]",[160],396,9,387,1,8,387,0
0.5,CHWEGLOBIM,"[21, 55, 148, 189, 221, 237, 271, 453, 474, 541, 553, 588, 604, 726, 761, 767, 897, 941, 960, 1050, 1055, 1063, 1069, 1121, 1175, 1193, 1199, 1209, 1222, 1271, 1319, 1323, 1417, 1422, 1428, 1473, 1497, 1529, 1566, 1652, 1687]","[237, 588]","[21, 55, 148, 189, 221, 271, 453, 474, 541, 553, 604, 726, 761, 767, 897, 941, 960, 1050, 1055, 1063, 1069, 1121, 1175, 1193, 1199, 1209, 1222, 1271, 1319, 1323, 1417, 1422, 1428, 1473, 1497, 1529, 1566, 1652, 1687]","[237, 588]",1701,41,1660,2,39,1660,0
0.5,CIGH,"[79, 185, 194, 285, 428, 452, 457, 565, 598, 605, 676, 711, 713, 1117, 1249, 1281, 1382, 1401, 1438, 1520, 1564, 1568, 1571, 1577, 1589, 1691, 1775, 1900, 1937, 2011, 2029, 2033, 2062, 2130, 2134, 2200, 2280, 2385, 2452, 2536, 2593, 2705, 2820, 2865, 2877, 2889, 2960, 2962, 3178, 3237, 3252, 3271, 3379, 3451, 3493, 3527, 3630, 3638, 3702, 3750, 3759, 3797]","[1281, 1691, 2280, 2889]","[79, 185, 194, 285, 428, 452, 457, 565, 598, 605, 676, 711, 713, 1117, 1249, 1382, 1401, 1438, 1520, 1564, 1568, 1571, 1577, 1589, 1775, 1900, 1937, 2011, 2029, 2033, 2062, 2130, 2134, 2200, 2385, 2452, 2536, 2593, 2705, 2820, 2865, 2877, 2960, 2962, 3178, 3237, 3252, 3271, 3379, 3451, 3493, 3527, 3630, 3638, 3702, 3750, 3759, 3797]","[1281, 1691, 2280, 2889]",3967,62,3905,4,58,3905,0
0.5,CITEGLOBIM,"[21, 54, 147, 188, 220, 236, 270, 345, 350, 452, 473, 540, 552, 587, 603, 608, 765, 859, 890, 894, 934, 953, 1043, 1048, 1056, 1062, 1168, 1186, 1192, 1198, 1202, 1216, 1266, 1294, 1313, 1317, 1407, 1412, 1418, 1463, 1487, 1519, 1556, 1628, 1642, 1677]","[236, 587]","[21, 54, 147, 188, 220, 270, 345, 350, 452, 473, 540, 552, 603, 608, 765, 859, 890, 894, 934, 953, 1043, 1048, 1056, 1062, 1168, 1186, 1192, 1198, 1202, 1216, 1266, 1294, 1313, 1317, 1407, 1412, 1418, 1463, 1487, 1519, 1556, 1628, 1642, 1677]","[236, 587]",1691,46,1645,2,44,1645,0
0.5,CJAEGLOBIN,"[21, 55, 148, 189, 221, 237, 243, 271, 290, 294, 453, 474, 541, 553, 588, 604, 726, 761, 767, 897, 941, 960, 1050, 1055, 1063, 1069, 1175, 1193, 1199, 1209, 1222, 1272, 1319, 1323, 1418, 1423, 1429, 1474, 1498, 1530, 1567, 1653, 1688]","[237, 588]","[21, 55, 148, 189, 221, 243, 271, 290, 294, 453, 474, 541, 553, 604, 726, 761, 767, 897, 941, 960, 1050, 1055, 1063, 1069, 1175, 1193, 1199, 1209, 1222, 1272, 1319, 1323, 1418, 1423, 1429, 1474, 1498, 1530, 1567, 1653, 1688]","[237, 588]",1702,43,1659,2,41,1659,0
0.5,CJINTERFG,"[191, 206, 281, 307, 486, 512, 528, 585, 632, 684, 775, 785, 862, 1116, 1132, 1143, 1294, 1361, 1500, 1510, 1526, 1546, 1571, 1582, 1588, 1601, 1605, 1860, 1864, 1879, 1932, 1955, 2059, 2089, 2114, 2119, 2150, 2237, 2243, 2303, 2343, 2382, 2384, 2389, 2395, 2428, 2441, 2573, 2575, 2610, 2635, 2640, 2881, 2885, 3126, 3158, 3191, 3246, 3268, 3275, 3293, 3303, 3346, 3363, 3400, 3602, 3607, 3764, 3774, 3863, 4072, 4085, 4125, 4187, 4286, 4373, 4465, 4498, 4519, 4533, 4636, 4638, 4653, 4657, 4662, 4681, 4702, 4719, 4730, 4734, 4750, 4777, 4867, 4887, 4922, 4934, 4976, 5078, 5128, 5160, 5187, 5404, 5459, 5524, 5574, 5608, 5657, 5679, 5731, 5753, 5761, 5765, 5822, 5910, 5936, 5939, 5944, 5976, 5999, 6030, 6036, 6050, 6080, 6127, 6212, 6251, 6268, 6289, 6397, 6418, 6450, 6457, 6462, 6469, 6488, 6541, 6657, 6673, 6708, 6714, 6741, 6760, 6808, 6901, 6949, 7016, 7140, 7163, 7210, 7217, 7324, 7331, 7395, 7399, 7443, 7463, 7468, 7537, 7557, 7647, 7659, 7686, 7993, 8003, 8063, 8113, 8152, 8191, 8209, 8324, 8352, 8418, 8423, 8448, 8486, 8503]","[2881, 4187, 4465]","[191, 206, 281, 307, 486, 512, 528, 585, 632, 684, 775, 785, 862, 1116, 1132, 1143, 1294, 1361, 1500, 1510, 1526, 1546, 1571, 1582, 1588, 1601, 1605, 1860, 1864, 1879, 1932, 1955, 2059, 2089, 2114, 2119, 2150, 2237, 2243, 2303, 2343, 2382, 2384, 2389, 2395, 2428, 2441, 2573, 2575, 2610, 2635, 2640, 2885, 3126, 3158, 3191, 3246, 3268, 3275, 3293, 3303, 3346, 3363, 3400, 3602, 3607, 3764, 3774, 3863, 4072, 4085, 4125, 4286, 4373, 4498, 4519, 4533, 4636, 4638, 4653, 4657, 4662, 4681, 4702, 4719, 4730, 4734, 4750, 4777, 4867, 4887, 4922, 4934, 4976, 5078, 5128, 5160, 5187, 5404, 5459, 5524, 5574, 5608, 5657, 5679, 5731, 5753, 5761, 5765, 5822, 5910, 5936, 5939, 5944, 5976, 5999, 6030, 6036, 6050, 6080, 6127, 6212, 6251, 6268, 6289, 6397, 6418, 6450, 6457, 6462, 6469, 6488, 6541, 6657, 6673, 6708, 6714, 6741, 6760, 6808, 6901, 6949, 7016, 7140, 7163, 7210, 7217, 7324, 7331, 7395, 7399, 7443, 7463, 7468, 7537, 7557, 7647, 7659, 7686, 7993, 8003, 8063, 8113, 8152, 8191, 8209, 8324, 8352, 8418, 8423, 8448, 8486, 8503]","[2881, 4187, 4465]",8519,176,8343,3,173,8343,0
0.5,CL54K,"[68, 119, 132, 141, 183, 189, 203, 262, 279, 313, 352, 357, 408, 512, 532, 535, 543, 649, 653, 706, 711, 751, 771, 777, 931, 959, 965, 993, 997, 1084, 1177, 1186, 1190, 1238, 1248, 1265, 1288, 1294, 1456, 1538, 1549, 1559, 1845, 1926, 1956, 1958, 1980, 1991, 2234, 2263, 2280, 2368, 2403, 2498, 2537, 2555, 2581, 2696, 2715, 2726, 2753, 2760, 2778, 2797, 2808, 2871, 2954, 2965, 3124, 3218, 3222, 3344, 3360, 3376]",[512],"[68, 119, 132, 141, 183, 189, 203, 262, 279, 313, 352, 357, 408, 532, 535, 543, 649, 653, 706, 711, 751, 771, 777, 931, 959, 965, 993, 997, 1084, 1177, 1186, 1190, 1238, 1248, 1265, 1288, 1294, 1456, 1538, 1549, 1559, 1845, 1926, 1956, 1958, 1980, 1991, 2234, 2263, 2280, 2368, 2403, 2498, 2537, 2555, 2581, 2696, 2715, 2726, 2753, 2760, 2778, 2797, 2808, 2871, 2954, 2965, 3124, 3218, 3222, 3344, 3360, 3376]",[512],3407,74,3333,1,73,3333,0
0.5,CMBGA2B2,"[41, 44, 62, 105, 150, 190, 195, 217, 255, 294, 345, 383, 387, 463, 465, 583, 587, 604, 628, 697, 718, 762, 810, 823, 835, 856, 956, 989, 997, 1006, 1027, 1032, 1060, 1092, 1126, 1171, 1230, 1235, 1286, 1303, 1311, 1322, 1510, 1545, 1547, 1551, 1597, 1668, 1672, 1724, 1749, 1835, 1838, 1861, 1949, 1974, 1987, 1991, 2061, 2103, 2108, 2149, 2189, 2206, 2220, 2268, 2380, 2390, 2473, 2475, 2479, 2492, 2521, 2541, 2566, 2596, 2618]","[383, 718]","[41, 44, 62, 105, 150, 190, 195, 217, 255, 294, 345, 387, 463, 465, 583, 587, 604, 628, 697, 762, 810, 823, 835, 856, 956, 989, 997, 1006, 1027, 1032, 1060, 1092, 1126, 1171, 1230, 1235, 1286, 1303, 1311, 1322, 1510, 1545, 1547, 1551, 1597, 1668, 1672, 1724, 1749, 1835, 1838, 1861, 1949, 1974, 1987, 1991, 2061, 2103, 2108, 2149, 2189, 2206, 2220, 2268, 2380, 2390, 2473, 2475, 2479, 2492, 2521, 2541, 2566, 2596, 2618]","[383, 718]",2684,77,2607,2,75,2607,0
0.5,CMEGA2E2,"[62, 149, 270, 272, 286, 311, 327, 378, 384, 394, 416, 420, 439, 466, 486, 492, 494, 496, 498, 618, 663, 718, 753, 805, 873, 918, 922, 956, 995, 1050, 1061, 1064, 1075, 1196, 1258, 1294, 1301, 1506, 1566, 1584, 1588, 1747, 1779, 1838, 1893, 1931, 1981, 1991]","[416, 753]","[62, 149, 270, 272, 286, 311, 327, 378, 384, 394, 420, 439, 466, 486, 492, 494, 496, 498, 618, 663, 718, 805, 873, 918, 922, 956, 995, 1050, 1061, 1064, 1075, 1196, 1258, 1294, 1301, 1506, 1566, 1584, 1588, 1747, 1779, 1838, 1893, 1931, 1981, 1991]","[416, 753]",2046,48,1998,2,46,1998,0
0.5,CMU11711,"[15, 100, 142, 204, 214, 234, 332, 337, 539, 589, 665, 790, 797, 826, 848, 906, 1018, 1058, 1250, 1280, 1296, 1389, 1496, 1536, 1561, 1596, 1637, 1647, 1685, 1794, 1896, 1917, 1966, 1984, 1996, 2031, 2052, 2164, 2205, 2339, 2384, 2420, 2489, 2498, 2524, 2528, 2601, 2627, 2669, 2687, 2741, 2765, 2890, 2896, 2941, 2972, 2997, 3035, 3108]","[1685, 2031]","[15, 100, 142, 204, 214, 234, 332, 337, 539, 589, 665, 790, 797, 826, 848, 906, 1018, 1058, 1250, 1280, 1296, 1389, 1496, 1536, 1561, 1596, 1637, 1647, 1794, 1896, 1917, 1966, 1984, 1996, 2052, 2164, 2205, 2339, 2384, 2420, 2489, 2498, 2524, 2528, 2601, 2627, 2669, 2687, 2741, 2765, 2890, 2896, 2941, 2972, 2997, 3035, 3108]","[1685, 2031]",3163,59,3104,2,57,3104,0
0.5,CPPROT1GN,"[15, 102, 144, 164, 189, 199, 231, 240, 255, 267]",[164],"[15, 102, 144, 189, 199, 231, 240, 255, 267]",[164],390,10,380,1,9,380,0
0.5,CRASEQB,"[24, 79, 386, 430, 456, 480, 512, 559, 655, 669, 718, 774, 783, 881, 902, 933, 992, 1044, 1194, 1260, 1450, 1471, 1509, 1584, 1605, 1701, 1718, 1762, 1804, 1829, 1920, 2018, 2035, 2123, 2153, 2161, 2191, 2228, 2247, 2328, 2366, 2423, 2512, 2691, 2734, 2764, 2825, 2853, 2860, 3018, 3259, 3286, 3297, 3328, 3434, 3449, 3452, 3464, 3482, 3517, 3541, 3593, 3617, 3635, 3641, 3647, 3785, 3812, 3833, 3871, 3946, 3952, 4113, 4147, 4298, 4351, 4375, 4390, 4405, 4710, 4793, 4801, 4825, 4866, 4888, 4931, 4959, 4989, 5040, 5104]","[1920, 2825]","[24, 79, 386, 430, 456, 480, 512, 559, 655, 669, 718, 774, 783, 881, 902, 933, 992, 1044, 1194, 1260, 1450, 1471, 1509, 1584, 1605, 1701, 1718, 1762, 1804, 1829, 2018, 2035, 2123, 2153, 2161, 2191, 2228, 2247, 2328, 2366, 2423, 2512, 2691, 2734, 2764, 2853, 2860, 3018, 3259, 3286, 3297, 3328, 3434, 3449, 3452, 3464, 3482, 3517, 3541, 3593, 3617, 3635, 3641, 3647, 3785, 3812, 3833, 3871, 3946, 3952, 4113, 4147, 4298, 4351, 4375, 4390, 4405, 4710, 4793, 4801, 4825, 4866, 4888, 4931, 4959, 4989, 5040, 5104]","[1920, 2825]",5120,90,5030,2,88,5030,0
0.5,CRUCH7AHYD,"[37, 67, 213, 221, 271, 440, 658, 682, 731, 768, 781, 803, 889, 901, 938, 971, 1088, 1205, 1286, 1339, 1357, 1405, 1509, 1687, 1731, 1851, 1887, 1939, 1960, 1980, 1995, 2110, 2387, 2444, 2465, 2472, 2690, 2794, 2827, 2838, 2890, 2893, 2896, 2899, 2919, 2936, 2941, 2945, 2950, 3016, 3130, 3143, 3151, 3178, 3186, 3190, 3206, 3210, 3243, 3276, 3281, 3296, 3320, 3333, 3343, 3377, 3418, 3520, 3591, 3651, 3732, 3769, 3792, 3798, 3841, 3954, 3973, 4099, 4121, 4201, 4264, 4310, 4517, 4542, 4561, 4683, 4687, 4774, 4786, 4938, 5030, 5043, 5085, 5095, 5283, 5417, 5506, 5559, 5574, 5613, 5619, 5633, 5789, 5795, 5979, 5998, 6069, 6076, 6140, 6235, 6352, 6373, 6440, 6448, 6479, 6559, 6598, 6613, 6739, 6768, 6780, 6819, 6840, 6932, 6963, 7032, 7045, 7135, 7144, 7192, 7227, 7332, 7457, 7866, 7901, 7920, 7955, 8016, 8123, 8154, 8235, 8293, 8376, 8514, 8733, 8743, 8844, 8863, 8924, 9099, 9113, 9115, 9259, 9313, 9330, 9375, 9595, 9626, 9716, 9750, 9849, 10060, 10078, 10219, 10243, 10248, 10279, 10290, 10316, 10327, 10458, 10497, 10564, 10571]","[1731, 3651, 4938, 6076, 7866]","[37, 67, 213, 221, 271, 440, 658, 682, 731, 768, 781, 803, 889, 901, 938, 971, 1088, 1205, 1286, 1339, 1357, 1405, 1509, 1687, 1851, 1887, 1939, 1960, 1980, 1995, 2110, 2387, 2444, 2465, 2472, 2690, 2794, 2827, 2838, 2890, 2893, 2896, 2899, 2919, 2936, 2941, 2945, 2950, 3016, 3130, 3143, 3151, 3178, 3186, 3190, 3206, 3210, 3243, 3276, 3281, 3296, 3320, 3333, 3343, 3377, 3418, 3520, 3591, 3732, 3769, 3792, 3798, 3841, 3954, 3973, 4099, 4121, 4201, 4264, 4310, 4517, 4542, 4561, 4683, 4687, 4774, 4786, 5030, 5043, 5085, 5095, 5283, 5417, 5506, 5559, 5574, 5613, 5619, 5633, 5789, 5795, 5979, 5998, 6069, 6140, 6235, 6352, 6373, 6440, 6448, 6479, 6559, 6598, 6613, 6739, 6768, 6780, 6819, 6840, 6932, 6963, 7032, 7045, 7135, 7144, 7192, 7227, 7332, 7457, 7901, 7920, 7955, 8016, 8123, 8154, 8235, 8293, 8376, 8514, 8733, 8743, 8844, 8863, 8924, 9099, 9113, 9115, 9259, 9313, 9330, 9375, 9595, 9626, 9716, 9750, 9849, 10060, 10078, 10219, 10243, 10248, 10279, 10290, 10316, 10327, 10458, 10497, 10564, 10571]","[1731, 3651, 4938, 6076, 7866]",10606,174,10432,5,169,10432,0
0.5,CRUGAD45A,"[189, 202, 208, 215, 233, 280, 466, 589, 596, 627, 629, 654, 691, 750, 760, 782, 804, 859, 863, 902, 929, 987, 1033, 1038, 1057, 1148, 1265, 1289, 1375, 1509, 1545, 1556, 1596, 1695, 1744, 1811, 1877, 1919, 1971, 2011, 2028, 2036, 2063, 2147, 2195, 2200, 2306, 2376, 2405, 2411, 2417, 2500, 2521, 2525, 2553, 2557, 2604, 2673, 2720, 2759, 2763, 2891, 2944, 2946, 2954, 2981, 2988, 3016, 3052, 3054, 3099, 3148, 3180, 3193, 3234, 3293, 3398, 3408, 3428, 3555, 3605, 3835, 3846, 3879, 3885, 3957, 4003, 4030, 4035, 4108, 4216, 4356, 4368, 4424]","[1877, 2063, 2417]","[189, 202, 208, 215, 233, 280, 466, 589, 596, 627, 629, 654, 691, 750, 760, 782, 804, 859, 863, 902, 929, 987, 1033, 1038, 1057, 1148, 1265, 1289, 1375, 1509, 1545, 1556, 1596, 1695, 1744, 1811, 1919, 1971, 2011, 2028, 2036, 2147, 2195, 2200, 2306, 2376, 2405, 2411, 2500, 2521, 2525, 2553, 2557, 2604, 2673, 2720, 2759, 2763, 2891, 2944, 2946, 2954, 2981, 2988, 3016, 3052, 3054, 3099, 3148, 3180, 3193, 3234, 3293, 3398, 3408, 3428, 3555, 3605, 3835, 3846, 3879, 3885, 3957, 4003, 4030, 4035, 4108, 4216, 4356, 4368, 4424]","[1877, 2063, 2417]",4427,94,4333,3,91,4333,0
0.5,DMPROTP1,"[26, 33, 57, 72, 156, 195, 249, 258, 282, 299, 307, 377, 406, 546]",[249],"[26, 33, 57, 72, 156, 195, 258, 282, 299, 307, 377, 406, 546]",[249],616,14,602,1,13,602,0
0.5,DMU11712,"[16, 64, 145, 182, 218, 238, 335, 340, 443, 592, 636, 792, 850, 915, 957, 991, 1025, 1033, 1405, 1409, 1505, 1581, 1616, 1657, 1667, 1705, 1806, 1908, 1929, 1996, 2008, 2022, 2043, 2047, 2182, 2223, 2357, 2402, 2406, 2420, 2505, 2545, 2619, 2655, 2685, 2703, 2757, 2774, 2781, 2800, 2903, 2909, 2954, 2985, 3010]","[1705, 2043]","[16, 64, 145, 182, 218, 238, 335, 340, 443, 592, 636, 792, 850, 915, 957, 991, 1025, 1033, 1405, 1409, 1505, 1581, 1616, 1657, 1667, 1806, 1908, 1929, 1996, 2008, 2022, 2047, 2182, 2223, 2357, 2402, 2406, 2420, 2505, 2545, 2619, 2655, 2685, 2703, 2757, 2774, 2781, 2800, 2903, 2909, 2954, 2985, 3010]","[1705, 2043]",3019,55,2964,2,53,2964,0
0.5,DOGCOLIP,"[113, 212, 224, 249, 394, 416, 519, 530, 600, 655, 767, 789, 817, 899, 904, 1063, 1108, 1148, 1261, 1343, 1411, 1461, 1602, 1624, 1747, 1766, 1775, 1834, 1905, 2002, 2075, 2114, 2126, 2154, 2199, 2205, 2299, 2365, 2378, 2382, 2394, 2399, 2431, 2443, 2503, 2508, 2512, 2550, 2578, 2582, 2602, 2657, 2694, 2729, 2761, 2821, 2839, 2845, 2859, 2918, 3059, 3108, 3119, 3139]","[1108, 2378]","[113, 212, 224, 249, 394, 416, 519, 530, 600, 655, 767, 789, 817, 899, 904, 1063, 1148, 1261, 1343, 1411, 1461, 1602, 1624, 1747, 1766, 1775, 1834, 1905, 2002, 2075, 2114, 2126, 2154, 2199, 2205, 2299, 2365, 2382, 2394, 2399, 2431, 2443, 2503, 2508, 2512, 2550, 2578, 2582, 2602, 2657, 2694, 2729, 2761, 2821, 2839, 2845, 2859, 2918, 3059, 3108, 3119, 3139]","[1108, 2378]",3156,64,3092,2,62,3092,0
0.5,DOGIL8T,"[48, 112, 118, 162, 223, 302, 395, 434, 453, 475, 514, 528, 577, 579, 610, 671, 686, 758, 968, 995, 1007, 1149, 1206, 1227, 1287, 1365, 1387, 1406, 1457, 1482, 1484, 1498, 1549, 1686, 1710, 1737, 1746, 1769, 1829, 1918, 1922, 1956, 1960, 1969, 1990, 1997, 2003, 2083, 2222]","[118, 1406, 1769]","[48, 112, 162, 223, 302, 395, 434, 453, 475, 514, 528, 577, 579, 610, 671, 686, 758, 968, 995, 1007, 1149, 1206, 1227, 1287, 1365, 1387, 1457, 1482, 1484, 1498, 1549, 1686, 1710, 1737, 1746, 1829, 1918, 1922, 1956, 1960, 1969, 1990, 1997, 2003, 2083, 2222]","[118, 1406, 1769]",2229,49,2180,3,46,2180,0
0.5,ECGLOAP1,"[105, 115, 298, 323, 331, 363, 522, 543, 567, 599, 621, 657, 725, 770, 827, 845, 889, 893, 933, 939, 962, 968, 995, 1026, 1099]","[363, 657]","[105, 115, 298, 323, 331, 522, 543, 567, 599, 621, 725, 770, 827, 845, 889, 893, 933, 939, 962, 968, 995, 1026, 1099]","[363, 657]",1133,25,1108,2,23,1108,0
0.5,ECPZA2GL,"[19, 51, 59, 86, 166, 184, 193, 221, 253, 259, 271, 325, 340, 383, 423, 443, 522, 570, 579, 604, 681, 767, 803, 810, 818, 826, 954, 989, 1019, 1055, 1067, 1096, 1104, 1126, 1201, 1263, 1267, 1388, 1537, 1560, 1585, 1600, 1609, 1611, 1615, 1623, 1632, 1648, 1671, 1675, 1689, 1711, 1728, 1885, 2012, 2104, 2142, 2153, 2166, 2176, 2180, 2199, 2219, 2307, 2375, 2516, 2557, 2613, 2672, 2950, 3123, 3202, 3208, 3212, 3218, 3234, 3269, 3396, 3433, 3442, 3484, 3527, 3532, 3552, 3576, 3650, 3669, 3688, 3694, 3924, 3945, 3969, 4038, 4059, 4140, 4302, 4304, 4313, 4388, 4442, 4469, 4478, 4487, 4542, 4600, 4610, 4647, 4657, 4805, 4877, 4944, 4959, 5020, 5046, 5060, 5077]","[3576, 4059]","[19, 51, 59, 86, 166, 184, 193, 221, 253, 259, 271, 325, 340, 383, 423, 443, 522, 570, 579, 604, 681, 767, 803, 810, 818, 826, 954, 989, 1019, 1055, 1067, 1096, 1104, 1126, 1201, 1263, 1267, 1388, 1537, 1560, 1585, 1600, 1609, 1611, 1615, 1623, 1632, 1648, 1671, 1675, 1689, 1711, 1728, 1885, 2012, 2104, 2142, 2153, 2166, 2176, 2180, 2199, 2219, 2307, 2375, 2516, 2557, 2613, 2672, 2950, 3123, 3202, 3208, 3212, 3218, 3234, 3269, 3396, 3433, 3442, 3484, 3527, 3532, 3552, 3650, 3669, 3688, 3694, 3924, 3945, 3969, 4038, 4140, 4302, 4304, 4313, 4388, 4442, 4469, 4478, 4487, 4542, 4600, 4610, 4647, 4657, 4805, 4877, 4944, 4959, 5020, 5046, 5060, 5077]","[3576, 4059]",5081,116,4965,2,114,4965,0
0.5,ECZGL1,"[44, 59, 66, 111, 176, 190, 196, 213, 215, 229, 274, 279, 301, 345, 385, 394, 528, 677, 700, 725, 740, 749, 751, 755, 763, 772, 788, 816, 826, 835, 845, 874, 878, 884, 1033, 1041, 1085, 1112, 1129, 1175, 1420, 1432, 1444, 1462, 1513, 1522, 1534, 1566, 1571, 1580, 1588, 1602, 1614, 1703, 1801, 1813, 1855, 1887, 1965, 1983]","[700, 1534]","[44, 59, 66, 111, 176, 190, 196, 213, 215, 229, 274, 279, 301, 345, 385, 394, 528, 677, 725, 740, 749, 751, 755, 763, 772, 788, 816, 826, 835, 845, 874, 878, 884, 1033, 1041, 1085, 1112, 1129, 1175, 1420, 1432, 1444, 1462, 1513, 1522, 1566, 1571, 1580, 1588, 1602, 1614, 1703, 1801, 1813, 1855, 1887, 1965, 1983]","[700, 1534]",1993,60,1933,2,58,1933,0
0.5,ECZGL2,"[83, 232, 255, 280, 295, 304, 306, 310, 318, 327, 343, 371, 381, 390, 400, 429, 433, 439, 588, 596, 667, 684, 730, 970, 982, 994, 1012, 1063, 1072, 1084, 1116, 1121, 1130, 1138, 1152, 1164, 1253, 1351, 1363, 1405, 1437, 1515, 1533]","[255, 1084]","[83, 232, 280, 295, 304, 306, 310, 318, 327, 343, 371, 381, 390, 400, 429, 433, 439, 588, 596, 667, 684, 730, 970, 982, 994, 1012, 1063, 1072, 1116, 1121, 1130, 1138, 1152, 1164, 1253, 1351, 1363, 1405, 1437, 1515, 1533]","[255, 1084]",1555,43,1512,2,41,1512,0
0.5,ELMETL,"[9, 23, 25, 29, 108, 112, 114, 147, 348, 379, 383, 399, 446, 467, 569, 615, 617, 623, 629, 651, 774, 870, 922, 956, 970, 1018, 1057, 1082, 1097, 1120, 1132, 1243, 1256, 1282, 1291, 1337, 1346, 1362, 1366, 1464, 1499, 1514, 1518, 1615, 1671, 1686, 1708, 1733, 1745, 1768, 1842, 1861]","[1097, 1291]","[9, 23, 25, 29, 108, 112, 114, 147, 348, 379, 383, 399, 446, 467, 569, 615, 617, 623, 629, 651, 774, 870, 922, 956, 970, 1018, 1057, 1082, 1120, 1132, 1243, 1256, 1282, 1337, 1346, 1362, 1366, 1464, 1499, 1514, 1518, 1615, 1671, 1686, 1708, 1733, 1745, 1768, 1842, 1861]","[1097, 1291]",1865,52,1813,2,50,1813,0
0.5,FDFELDI2,"[83, 131, 135, 151, 248, 276, 349, 364, 459, 504, 515, 521, 571, 607, 628, 641, 657, 665, 678, 682, 703, 718, 759, 765, 774, 826, 970, 1014, 1026, 1052, 1070, 1148, 1178, 1189, 1235, 1261, 1282, 1306, 1362, 1373, 1542, 1562, 1578, 1588, 1643, 1658, 1695, 1710, 1754, 1770, 1858, 1882, 2011, 2015, 2019, 2055, 2089, 2093, 2149, 2187, 2246, 2266]","[276, 970]","[83, 131, 135, 151, 248, 349, 364, 459, 504, 515, 521, 571, 607, 628, 641, 657, 665, 678, 682, 703, 718, 759, 765, 774, 826, 1014, 1026, 1052, 1070, 1148, 1178, 1189, 1235, 1261, 1282, 1306, 1362, 1373, 1542, 1562, 1578, 1588, 1643, 1658, 1695, 1710, 1754, 1770, 1858, 1882, 2011, 2015, 2019, 2055, 2089, 2093, 2149, 2187, 2246, 2266]","[276, 970]",2417,62,2355,2,60,2355,0
0.5,FDTNFA,"[28, 87, 163, 187, 260, 273, 291, 305, 457, 469, 474, 476, 517, 547, 579, 598, 604, 661, 695, 702, 790, 835, 864, 885, 945, 968, 972, 1011, 1111, 1169, 1203, 1343, 1396, 1413, 1468, 1519, 1590, 1634]","[187, 790, 972]","[28, 87, 163, 260, 273, 291, 305, 457, 469, 474, 476, 517, 547, 579, 598, 604, 661, 695, 702, 835, 864, 885, 945, 968, 1011, 1111, 1169, 1203, 1343, 1396, 1413, 1468, 1519, 1590, 1634]","[187, 790, 972]",1714,38,1676,3,35,1676,0
0.5,GDMYF5G,"[11, 17, 138, 313, 344, 432, 461, 498, 524, 561, 633, 639, 655, 698, 716, 753, 789, 860, 864, 978, 1036, 1104, 1121, 1341, 1425, 1479, 1514, 1540, 1564]","[639, 1036]","[11, 17, 138, 313, 344, 432, 461, 498, 524, 561, 633, 655, 698, 716, 753, 789, 860, 864, 978, 1104, 1121, 1341, 1425, 1479, 1514, 1540, 1564]","[639, 1036]",1601,29,1572,2,27,1572,0
0.5,GGAC01,"[6, 22, 26, 116, 150, 273, 443, 569, 634, 668, 716, 750, 774, 778, 782, 784, 786, 790, 794, 808, 833, 863, 874, 876, 904, 914, 947, 954, 958, 962, 970, 981, 983, 995, 1003, 1057, 1069, 1095, 1109, 1119, 1125, 1240, 1246, 1343, 1384, 1491, 1493, 1586, 1601, 1625, 1645, 1666, 1683, 1716, 1800, 1812, 1873, 1882, 1889, 1893, 1903, 1987, 1989, 1995, 1999, 2022, 2026, 2050, 2066, 2083, 2169, 2226, 2230, 2261, 2389, 2485, 2550, 2585, 2587, 2591, 2602, 2664, 2687, 2691, 2698, 2782, 2801, 2812, 2826, 2835, 2840, 2853, 2873, 2934, 3011, 3015, 3120, 3125, 3148, 3154, 3189, 3276, 3330, 3338, 3363, 3431, 3495, 3510, 3544, 3546, 3561, 3571, 3584, 3594, 3597, 3607, 3677, 3723, 3727, 3782, 3812, 3831, 3835, 3857, 3867, 3881, 3886, 3890, 3898, 3957, 3980, 3982, 3991, 4055, 4130, 4205, 4309, 4315, 4344, 4394, 4468, 4499, 4536, 4609, 4639, 4648, 4684, 4689, 4695, 4699, 4721, 4752, 4776, 4794, 4812, 4816, 4846, 4848, 4852, 4874, 4880, 4890, 4898, 4910, 4928, 4966, 4996, 5005, 5028]","[1666, 2226, 3189, 3677]","[6, 22, 26, 116, 150, 273, 443, 569, 634, 668, 716, 750, 774, 778, 782, 784, 786, 790, 794, 808, 833, 863, 874, 876, 904, 914, 947, 954, 958, 962, 970, 981, 983, 995, 1003, 1057, 1069, 1095, 1109, 1119, 1125, 1240, 1246, 1343, 1384, 1491, 1493, 1586, 1601, 1625, 1645, 1683, 1716, 1800, 1812, 1873, 1882, 1889, 1893, 1903, 1987, 1989, 1995, 1999, 2022, 2026, 2050, 2066, 2083, 2169, 2230, 2261, 2389, 2485, 2550, 2585, 2587, 2591, 2602, 2664, 2687, 2691, 2698, 2782, 2801, 2812, 2826, 2835, 2840, 2853, 2873, 2934, 3011, 3015, 3120, 3125, 3148, 3154, 3276, 3330, 3338, 3363, 3431, 3495, 3510, 3544, 3546, 3561, 3571, 3584, 3594, 3597, 3607, 3723, 3727, 3782, 3812, 3831, 3835, 3857, 3867, 3881, 3886, 3890, 3898, 3957, 3980, 3982, 3991, 4055, 4130, 4205, 4309, 4315, 4344, 4394, 4468, 4499, 4536, 4609, 4639, 4648, 4684, 4689, 4695, 4699, 4721, 4752, 4776, 4794, 4812, 4816, 4846, 4848, 4852, 4874, 4880, 4890, 4898, 4910, 4928, 4966, 4996, 5005, 5028]","[1666, 2226, 3189, 3677]",5038,169,4869,4,165,4869,0
0.5,GGACTAC,"[33, 90, 118, 229, 311, 328, 339, 346, 351, 430, 435, 533, 549, 603, 614, 623, 635, 662, 695, 769, 779, 791, 795, 821, 825, 843, 845, 871, 873, 895, 949, 970, 1018, 1169, 1194, 1266, 1282, 1450, 1472, 1554, 1589, 1700, 1737, 1756, 1785, 1811, 1815, 1838, 1842, 1866, 1962, 2025, 2063, 2074, 2104, 2118, 2127, 2277, 2304, 2410, 2420, 2469, 2520, 2548, 2552, 2690, 2703, 2708, 2717, 2752, 2770, 2790, 2806, 2914, 3016, 3032, 3149, 3154, 3167, 3218, 3247, 3254, 3281, 3375, 3463, 3509, 3514, 3561, 3568, 3570, 3587, 3657, 3726, 3755, 3948, 4081, 4140, 4181, 4216, 4231, 4265, 4267, 4282, 4292, 4315, 4318, 4328, 4336, 4398, 4434, 4502, 4635, 4680, 4693, 4697, 4726, 4780, 4797, 4855, 4891, 4942, 4986, 4992, 4997, 5124, 5128, 5182, 5195, 5266, 5278, 5372]","[970, 2127, 2914, 3218, 4398]","[33, 90, 118, 229, 311, 328, 339, 346, 351, 430, 435, 533, 549, 603, 614, 623, 635, 662, 695, 769, 779, 791, 795, 821, 825, 843, 845, 871, 873, 895, 949, 1018, 1169, 1194, 1266, 1282, 1450, 1472, 1554, 1589, 1700, 1737, 1756, 1785, 1811, 1815, 1838, 1842, 1866, 1962, 2025, 2063, 2074, 2104, 2118, 2277, 2304, 2410, 2420, 2469, 2520, 2548, 2552, 2690, 2703, 2708, 2717, 2752, 2770, 2790, 2806, 3016, 3032, 3149, 3154, 3167, 3247, 3254, 3281, 3375, 3463, 3509, 3514, 3561, 3568, 3570, 3587, 3657, 3726, 3755, 3948, 4081, 4140, 4181, 4216, 4231, 4265, 4267, 4282, 4292, 4315, 4318, 4328, 4336, 4434, 4502, 4635, 4680, 4693, 4697, 4726, 4780, 4797, 4855, 4891, 4942, 4986, 4992, 4997, 5124, 5128, 5182, 5195, 5266, 5278, 5372]","[970, 2127, 2914, 3218, 4398]",5455,131,5324,5,126,5324,0
0.5,GGACTI,"[52, 143, 153, 157, 168, 176, 181, 219, 252, 277, 279, 305, 307, 329, 383, 404, 431, 448, 450, 477, 485, 517, 525, 529, 535, 552, 580, 596, 676, 739, 777, 788, 807, 818, 832, 841, 845, 923, 929, 933, 937, 975, 999, 1030, 1137, 1217, 1269, 1288, 1368, 1380, 1490, 1554, 1558, 1659, 1735, 1753, 1761, 1771, 1779, 1841, 1865, 1904, 1923, 1927, 1934, 1946, 1956, 2013, 2030, 2088, 2120, 2182, 2269, 2279, 2283, 2290]","[404, 841, 1137, 1554, 1841]","[52, 143, 153, 157, 168, 176, 181, 219, 252, 277, 279, 305, 307, 329, 383, 431, 448, 450, 477, 485, 517, 525, 529, 535, 552, 580, 596, 676, 739, 777, 788, 807, 818, 832, 845, 923, 929, 933, 937, 975, 999, 1030, 1217, 1269, 1288, 1368, 1380, 1490, 1558, 1659, 1735, 1753, 1761, 1771, 1779, 1865, 1904, 1923, 1927, 1934, 1946, 1956, 2013, 2030, 2088, 2120, 2182, 2269, 2279, 2283, 2290]","[404, 841, 1137, 1554, 1841]",2418,76,2342,5,71,2342,0
0.5,GGCALB,"[90, 103, 113, 194, 288, 292, 364, 386, 398, 416, 421, 474, 485, 520, 526, 589, 596, 613, 615, 659, 733, 753, 790, 794, 796, 811, 817, 866, 889, 916, 928, 944, 1016, 1031, 1042, 1084, 1105, 1111, 1141, 1150, 1187, 1201, 1215, 1225, 1238, 1246, 1272, 1277, 1287, 1292, 1296, 1332, 1358, 1399, 1418, 1442, 1514, 1542, 1555, 1577, 1617, 1701, 1724, 1739, 1819, 1835, 1863, 1867, 1948, 1987, 2016, 2214, 2289, 2323, 2387, 2549, 2557, 2637, 2642, 2650, 2654, 2735, 2764, 2791, 2870, 2874, 2890, 2993, 3047, 3062, 3066, 3071, 3331, 3378, 3432, 3467, 3492, 3509, 3617, 3629, 3640, 3659, 3686, 3693, 3715, 3720, 3748, 3793, 3797, 3872, 3887, 3919, 3967, 3975, 4056, 4128, 4132, 4213, 4235, 4243, 4297, 4346, 4405, 4414, 4487, 4491, 4534, 4548, 4552, 4596, 4666, 4668, 4688, 4749, 4761, 4805, 4858, 4894, 4974, 5010, 5019, 5043, 5173, 5181, 5205, 5246, 5255, 5262, 5274, 5278, 5333, 5404, 5455, 5524, 5539, 5568, 5592, 5656, 5675, 5686, 5818, 5825, 5848, 5850, 5867, 5882, 5897, 5933, 6012, 6033, 6045, 6079, 6149, 6181, 6190, 6293, 6316, 6321, 6454, 6522, 6526, 6581, 6673, 6694, 6724, 6742, 6756, 6762, 6784, 6788, 6861, 6933, 7035, 7082, 7096, 7145, 7157, 7188, 7218, 7244, 7288, 7433, 7457, 7488, 7579, 7618, 7631, 7741, 7754, 7824, 7828, 7833, 7865, 7938, 7954, 7993, 7997, 8105, 8141, 8224, 8249, 8324, 8374, 8400, 8537, 8546, 8634, 8667, 8718, 8722, 8728, 8739, 8776, 8800, 8811, 8829, 8976, 8987, 8994, 9004, 9052, 9082, 9228, 9268, 9296, 9373, 9384, 9394, 9437, 9441, 9634, 9662, 9685, 9689, 9734, 9756, 9778, 9789, 9862, 9880, 9916, 10013, 10020, 10030, 10097, 10161, 10195, 10219, 10429, 10454, 10458, 10487, 10508, 10516, 10525, 10530, 10534, 10551, 10580, 10626, 10647, 10707, 10731, 10905, 11008]","[386, 1863, 2289, 3467, 3793, 4235, 4894, 5205, 5933, 6784, 7035, 7824, 8718, 9052, 9685, 10195]","[90, 103, 113, 194, 288, 292, 364, 398, 416, 421, 474, 485, 520, 526, 589, 596, 613, 615, 659, 733, 753, 790, 794, 796, 811, 817, 866, 889, 916, 928, 944, 1016, 1031, 1042, 1084, 1105, 1111, 1141, 1150, 1187, 1201, 1215, 1225, 1238, 1246, 1272, 1277, 1287, 1292, 1296, 1332, 1358, 1399, 1418, 1442, 1514, 1542, 1555, 1577, 1617, 1701, 1724, 1739, 1819, 1835, 1867, 1948, 1987, 2016, 2214, 2323, 2387, 2549, 2557, 2637, 2642, 2650, 2654, 2735, 2764, 2791, 2870, 2874, 2890, 2993, 3047, 3062, 3066, 3071, 3331, 3378, 3432, 3492, 3509, 3617, 3629, 3640, 3659, 3686, 3693, 3715, 3720, 3748, 3797, 3872, 3887, 3919, 3967, 3975, 4056, 4128, 4132, 4213, 4243, 4297, 4346, 4405, 4414, 4487, 4491, 4534, 4548, 4552, 4596, 4666, 4668, 4688, 4749, 4761, 4805, 4858, 4974, 5010, 5019, 5043, 5173, 5181, 5246, 5255, 5262, 5274, 5278, 5333, 5404, 5455, 5524, 5539, 5568, 5592, 5656, 5675, 5686, 5818, 5825, 5848, 5850, 5867, 5882, 5897, 6012, 6033, 6045, 6079, 6149, 6181, 6190, 6293, 6316, 6321, 6454, 6522, 6526, 6581, 6673, 6694, 6724, 6742, 6756, 6762, 6788, 6861, 6933, 7082, 7096, 7145, 7157, 7188, 7218, 7244, 7288, 7433, 7457, 7488, 7579, 7618, 7631, 7741, 7754, 7828, 7833, 7865, 7938, 7954, 7993, 7997, 8105, 8141, 8224, 8249, 8324, 8374, 8400, 8537, 8546, 8634, 8667, 8722, 8728, 8739, 8776, 8800, 8811, 8829, 8976, 8987, 8994, 9004, 9082, 9228, 9268, 9296, 9373, 9384, 9394, 9437, 9441, 9634, 9662, 9689, 9734, 9756, 9778, 9789, 9862, 9880, 9916, 10013, 10020, 10030, 10097, 10161, 10219, 10429, 10454, 10458, 10487, 10508, 10516, 10525, 10530, 10534, 10551, 10580, 10626, 10647, 10707, 10731, 10905, 11008]","[386, 1863, 2289, 3467, 3793, 4235, 4894, 5205, 5933, 6784, 7035, 7824, 8718, 9052, 9685, 10195]",11060,285,10775,16,269,10775,0
0.5,GGCRYD1,"[95, 171, 203, 217, 267, 279, 302, 310, 378, 388, 441, 469, 480, 520, 530, 540, 570, 600, 673, 870, 910, 932, 1020, 1085, 1180, 1184, 1283, 1734, 1770, 1862, 1904, 1973, 2046, 2051, 2053, 2077, 2081, 2085, 2090, 2154, 2217, 2243, 2251, 2261, 2338, 2407, 2476, 2482, 2484, 2539, 2574, 2578, 2622, 2688, 2701, 2742, 2807, 2872, 2905, 2921, 3015, 3039, 3059, 3150, 3374, 3418, 3499, 3516, 3632, 3642, 3751, 3811, 3830, 3944, 4036, 4103, 4211, 4274, 4297, 4332, 4350, 4477, 4522, 4528, 4567, 4596, 4624, 4694, 4697, 4728, 4730, 4766, 4779, 4800, 4889, 4903, 4907, 4941, 5051, 5065, 5234, 5238, 5361, 5434, 5498, 5512, 5595, 5650, 5690, 5738, 5885, 5899, 6003, 6010, 6045, 6138, 6231, 6236, 6273, 6365, 6377, 6395, 6400, 6426, 6450, 6653, 6722, 6726, 6734, 6738, 6791, 6829, 6835, 6839, 6841, 6883, 6892, 6911, 6934, 7213, 7251, 7373, 7388, 7424, 7435, 7475, 7529, 7560, 7659, 7733, 7752, 7762, 7772, 7779, 7796, 7857, 7859, 7959, 8021, 8092, 8113]","[441, 1734, 2742, 3150, 3516, 3944, 4332, 4528, 4907, 5234, 5899, 6138, 6395, 6734, 7213]","[95, 171, 203, 217, 267, 279, 302, 310, 378, 388, 469, 480, 520, 530, 540, 570, 600, 673, 870, 910, 932, 1020, 1085, 1180, 1184, 1283, 1770, 1862, 1904, 1973, 2046, 2051, 2053, 2077, 2081, 2085, 2090, 2154, 2217, 2243, 2251, 2261, 2338, 2407, 2476, 2482, 2484, 2539, 2574, 2578, 2622, 2688, 2701, 2807, 2872, 2905, 2921, 3015, 3039, 3059, 3374, 3418, 3499, 3632, 3642, 3751, 3811, 3830, 4036, 4103, 4211, 4274, 4297, 4350, 4477, 4522, 4567, 4596, 4624, 4694, 4697, 4728, 4730, 4766, 4779, 4800, 4889, 4903, 4941, 5051, 5065, 5238, 5361, 5434, 5498, 5512, 5595, 5650, 5690, 5738, 5885, 6003, 6010, 6045, 6231, 6236, 6273, 6365, 6377, 6400, 6426, 6450, 6653, 6722, 6726, 6738, 6791, 6829, 6835, 6839, 6841, 6883, 6892, 6911, 6934, 7251, 7373, 7388, 7424, 7435, 7475, 7529, 7560, 7659, 7733, 7752, 7762, 7772, 7779, 7796, 7857, 7859, 7959, 8021, 8092, 8113]","[441, 1734, 2742, 3150, 3516, 3944, 4332, 4528, 4907, 5234, 5899, 6138, 6395, 6734, 7213]",8152,161,7991,15,146,7991,0
0.5,GGGL03,"[44, 154, 183, 188, 192, 251, 258, 305, 329, 340, 408, 432, 654, 747, 768, 898, 901, 904, 966, 973, 982, 996, 1015, 1130, 1160, 1164, 1166, 1187, 1190, 1204]","[432, 768]","[44, 154, 183, 188, 192, 251, 258, 305, 329, 340, 408, 654, 747, 898, 901, 904, 966, 973, 982, 996, 1015, 1130, 1160, 1164, 1166, 1187, 1190, 1204]","[432, 768]",1199,30,1169,2,28,1169,0
0.5,GGGNRHIA,"[123, 220, 307, 338, 363, 401, 433, 490, 607, 669, 727, 1100, 1126, 1218, 1273, 1329, 1456, 1469, 1475, 1661, 1684, 1699, 1851, 1950, 1954, 2057, 2126, 2154, 2171, 2315, 2319, 2325, 2546, 2562, 2577, 2592, 2748, 2756, 2787, 2822, 2904, 2909, 2919, 2934, 2941, 2946, 2951, 2955, 3048, 3053, 3181, 3295, 3340, 3360, 3371, 3380, 3422, 3441, 3510, 3514, 3627, 3641, 3678, 3709, 3744, 3767, 3783, 3804, 3815, 3820, 3917, 4018, 4020, 4079, 4135, 4177, 4184, 4195, 4207, 4372, 4392, 4396, 4421, 4470, 4472, 4479, 4544, 4587, 4655, 4725, 4757, 4784, 4985, 5049, 5111, 5176, 5216, 5245, 5248, 5408, 5447, 5484, 5563, 5575, 5640, 5658, 5667, 5703, 5742, 5758, 5763, 5817, 5885, 6042, 6091, 6095, 6109, 6120, 6141, 6204, 6231]","[3627, 4392]","[123, 220, 307, 338, 363, 401, 433, 490, 607, 669, 727, 1100, 1126, 1218, 1273, 1329, 1456, 1469, 1475, 1661, 1684, 1699, 1851, 1950, 1954, 2057, 2126, 2154, 2171, 2315, 2319, 2325, 2546, 2562, 2577, 2592, 2748, 2756, 2787, 2822, 2904, 2909, 2919, 2934, 2941, 2946, 2951, 2955, 3048, 3053, 3181, 3295, 3340, 3360, 3371, 3380, 3422, 3441, 3510, 3514, 3641, 3678, 3709, 3744, 3767, 3783, 3804, 3815, 3820, 3917, 4018, 4020, 4079, 4135, 4177, 4184, 4195, 4207, 4372, 4396, 4421, 4470, 4472, 4479, 4544, 4587, 4655, 4725, 4757, 4784, 4985, 5049, 5111, 5176, 5216, 5245, 5248, 5408, 5447, 5484, 5563, 5575, 5640, 5658, 5667, 5703, 5742, 5758, 5763, 5817, 5885, 6042, 6091, 6095, 6109, 6120, 6141, 6204, 6231]","[3627, 4392]",6274,121,6153,2,119,6153,0
0.5,GGNFM1D,"[42, 145, 167, 196, 232, 258, 271, 275, 368, 610, 656, 771, 789, 817, 841, 859, 874, 932, 964, 966, 1102, 1112, 1135, 1268, 1295, 1393, 1406, 1541, 1721, 1742, 1775, 1817, 1930, 2008, 2047, 2051, 2132, 2144, 2149, 2187, 2194, 2224, 2228, 2285, 2304, 2367, 2394, 2451, 2467, 2475, 2534, 2540, 2650, 2664, 2683, 2695, 2760, 2920, 3002, 3075, 3144, 3184, 3189, 3219, 3354, 3389, 3448, 3462, 3468, 3535, 3595, 3666, 3765, 3876, 4084, 4092, 4101, 4152, 4194, 4284, 4356, 4395, 4569, 4596, 4617, 4623, 4656, 4663, 4746, 4768, 4810, 4825, 4835, 4847, 4851, 4857, 4869, 4920, 4964, 5014, 5018, 5027, 5057, 5061, 5112, 5300, 5365, 5458, 5469, 5509, 5533, 5567, 5593, 5611]","[2132, 2451]","[42, 145, 167, 196, 232, 258, 271, 275, 368, 610, 656, 771, 789, 817, 841, 859, 874, 932, 964, 966, 1102, 1112, 1135, 1268, 1295, 1393, 1406, 1541, 1721, 1742, 1775, 1817, 1930, 2008, 2047, 2051, 2144, 2149, 2187, 2194, 2224, 2228, 2285, 2304, 2367, 2394, 2467, 2475, 2534, 2540, 2650, 2664, 2683, 2695, 2760, 2920, 3002, 3075, 3144, 3184, 3189, 3219, 3354, 3389, 3448, 3462, 3468, 3535, 3595, 3666, 3765, 3876, 4084, 4092, 4101, 4152, 4194, 4284, 4356, 4395, 4569, 4596, 4617, 4623, 4656, 4663, 4746, 4768, 4810, 4825, 4835, 4847, 4851, 4857, 4869, 4920, 4964, 5014, 5018, 5027, 5057, 5061, 5112, 5300, 5365, 5458, 5469, 5509, 5533, 5567, 5593, 5611]","[2132, 2451]",5630,114,5516,2,112,5516,0
0.5,GGPROP2,"[51, 81, 83, 307, 434, 564, 637]",[307],"[51, 81, 83, 434, 564, 637]",[307],640,7,633,1,6,633,0
0.5,GGRIHBGEN,"[26, 28, 98, 163, 202, 219, 234, 254, 289, 315, 322, 405, 434, 469, 481, 562, 569, 608, 612, 627, 633, 676, 712, 716, 736, 740, 778, 783, 801, 809, 825, 829, 961, 981, 990, 1038, 1165, 1181, 1183, 1192, 1235, 1237, 1275, 1332, 1390, 1494, 1525, 1535, 1541, 1555, 1601, 1806, 1884, 1897, 1973, 1977, 2046, 2050, 2078, 2088, 2139, 2149, 2182, 2207, 2316, 2381, 2450, 2459, 2507, 2518, 2574, 2613, 2644, 2666, 2675, 2863, 2870, 2982, 2998, 3012, 3018, 3082, 3181, 3219, 3227, 3233, 3252, 3302, 3317, 3325, 3343, 3380, 3394, 3402, 3411, 3454, 3512, 3552, 3621, 3784, 3818, 3821, 3831]","[2982, 3219, 3454]","[26, 28, 98, 163, 202, 219, 234, 254, 289, 315, 322, 405, 434, 469, 481, 562, 569, 608, 612, 627, 633, 676, 712, 716, 736, 740, 778, 783, 801, 809, 825, 829, 961, 981, 990, 1038, 1165, 1181, 1183, 1192, 1235, 1237, 1275, 1332, 1390, 1494, 1525, 1535, 1541, 1555, 1601, 1806, 1884, 1897, 1973, 1977, 2046, 2050, 2078, 2088, 2139, 2149, 2182, 2207, 2316, 2381, 2450, 2459, 2507, 2518, 2574, 2613, 2644, 2666, 2675, 2863, 2870, 2998, 3012, 3018, 3082, 3181, 3227, 3233, 3252, 3302, 3317, 3325, 3343, 3380, 3394, 3402, 3411, 3512, 3552, 3621, 3784, 3818, 3821, 3831]","[2982, 3219, 3454]",3878,103,3775,3,100,3775,0
0.5,GGVITIIG,"[50, 54, 165, 190, 217, 266, 321, 380, 382, 410, 442, 507, 567, 584, 614, 640, 649, 690, 695, 701, 811, 830, 860, 913, 959, 1016, 1067, 1096, 1110, 1114, 1146, 1219, 1291, 1309, 1313, 1318, 1491, 1580, 1596, 1726, 1740, 1769, 1784, 1802, 1847, 1939, 1952, 2021, 2076, 2096, 2133, 2172, 2314, 2322, 2339, 2351, 2362, 2387, 2429, 2545, 2561, 2640, 2688, 2694, 2698, 2733, 2746, 2849, 2892, 2948, 2952, 2957, 2977, 3056, 3064, 3138, 3145, 3157, 3213, 3267, 3379, 3463, 3543, 3565, 3615, 3791, 3795, 3805, 3823, 3876, 3893, 4036, 4114, 4148, 4196, 4225, 4239, 4295, 4299, 4411, 4551, 4593, 4728, 4740, 4818, 4828, 4876, 4979, 5081, 5110, 5125, 5129, 5187, 5196, 5262, 5290, 5298, 5361, 5441, 5454, 5494, 5507, 5604, 5647, 5710, 5843, 5848, 5859, 5898, 5927, 5943, 5965, 5980, 6011, 6062, 6134, 6161, 6229, 6250, 6306, 6356, 6395, 6408, 6418, 6443, 6447, 6516, 6526, 6590, 6673, 6777, 6785, 6814, 6822, 6832, 6836, 6884, 6931, 6935, 7022, 7039, 7045, 7123, 7127, 7162, 7166, 7268, 7291, 7293, 7317, 7372, 7382, 7393, 7419, 7424, 7428, 7615, 7623, 7681, 7730, 7740, 7809, 7813, 7817, 7821, 7856, 7945, 8017, 8026, 8202, 8258, 8295, 8302, 8306, 8314, 8321, 8328, 8338, 8374, 8441, 8447, 8481, 8496, 8506, 8588, 8597, 8601, 8603, 8663, 8678, 8702, 8858, 8897, 9131, 9149, 9158, 9186, 9233, 9399, 9439, 9459, 9467, 9472, 9544, 9561, 9776, 9975, 10104, 10283, 10365, 10448, 10453, 10460, 10481, 10618, 10703, 10714, 10753, 10819, 10828, 10830, 10839, 10877, 10920, 10930, 10951, 10971, 11009, 11027, 11041, 11067, 11230, 11265, 11320, 11353, 11437, 11554, 11563, 11663, 11667, 11739, 11757, 11770, 11774, 11953, 12029, 12101, 12241, 12272, 12317, 12419, 12431, 12476, 12478, 12547, 12615, 12663, 12736, 12750, 12775, 12791, 12795, 12810, 12845, 12861, 12917, 12932, 13013, 13067, 13147, 13168, 13180, 13186, 13243, 13267, 13297, 13309, 13358, 13368, 13401, 13416, 13427, 13452, 13473, 13485, 13505, 13552, 13563, 13628, 13640, 13654, 13676, 13681, 13721, 13748, 13798, 13819, 13832, 13898, 14002, 14028, 14077, 14085, 14134, 14139, 14157, 14247, 14252, 14256, 14287, 14328, 14368, 14386, 14413, 14417, 14485, 14497, 14509, 14527, 14589, 14613, 14704, 14720, 14921, 14938, 14999, 15006, 15283, 15296, 15344, 15348, 15402, 15507, 15551, 15556, 15571, 15589, 15600, 15678, 15698, 15710, 15722, 15771, 15820, 15869, 15880, 15907, 15944, 15999, 16063, 16075, 16141, 16145, 16156, 16243, 16254, 16344, 16378, 16392, 16425, 16465, 16492, 16535, 16552, 16663, 16689, 16706, 16802, 16857, 16891, 16917, 16930, 16955, 16994, 17013, 17019, 17033, 17041, 17092, 17173, 17193, 17206, 17221, 17261, 17273, 17299, 17447, 17481, 17492, 17530, 17778, 17815, 17855, 17864, 17913, 18076, 18104, 18132, 18153, 18286, 18359, 18423, 18455, 18474, 18517, 18520, 18602, 18720, 18760, 18764, 18772, 18829, 18851, 18882, 18904, 18922, 18942, 18973, 18986, 19005, 19050, 19081, 19128, 19241, 19337, 19348, 19365, 19367, 19378, 19388, 19390, 19426, 19440, 19513, 19515, 19538, 19562, 19623, 19625, 19638, 19799, 19814, 19872, 19933, 19942, 20037, 20049, 20096, 20114, 20126, 20178, 20250, 20260]","[54, 190, 442, 2021, 2694, 2948, 3267, 3543, 3791, 4818, 5441, 6229, 6443, 7045, 7268, 8026, 8302, 9149, 9467, 10104, 10448, 10714, 11757, 12272, 12615, 13267, 13505, 14028, 14704, 15348, 15771, 16955, 17864, 19081]","[50, 165, 217, 266, 321, 380, 382, 410, 507, 567, 584, 614, 640, 649, 690, 695, 701, 811, 830, 860, 913, 959, 1016, 1067, 1096, 1110, 1114, 1146, 1219, 1291, 1309, 1313, 1318, 1491, 1580, 1596, 1726, 1740, 1769, 1784, 1802, 1847, 1939, 1952, 2076, 2096, 2133, 2172, 2314, 2322, 2339, 2351, 2362, 2387, 2429, 2545, 2561, 2640, 2688, 2698, 2733, 2746, 2849, 2892, 2952, 2957, 2977, 3056, 3064, 3138, 3145, 3157, 3213, 3379, 3463, 3565, 3615, 3795, 3805, 3823, 3876, 3893, 4036, 4114, 4148, 4196, 4225, 4239, 4295, 4299, 4411, 4551, 4593, 4728, 4740, 4828, 4876, 4979, 5081, 5110, 5125, 5129, 5187, 5196, 5262, 5290, 5298, 5361, 5454, 5494, 5507, 5604, 5647, 5710, 5843, 5848, 5859, 5898, 5927, 5943, 5965, 5980, 6011, 6062, 6134, 6161, 6250, 6306, 6356, 6395, 6408, 6418, 6447, 6516, 6526, 6590, 6673, 6777, 6785, 6814, 6822, 6832, 6836, 6884, 6931, 6935, 7022, 7039, 7123, 7127, 7162, 7166, 7291, 7293, 7317, 7372, 7382, 7393, 7419, 7424, 7428, 7615, 7623, 7681, 7730, 7740, 7809, 7813, 7817, 7821, 7856, 7945, 8017, 8202, 8258, 8295, 8306, 8314, 8321, 8328, 8338, 8374, 8441, 8447, 8481, 8496, 8506, 8588, 8597, 8601, 8603, 8663, 8678, 8702, 8858, 8897, 9131, 9158, 9186, 9233, 9399, 9439, 9459, 9472, 9544, 9561, 9776, 9975, 10283, 10365, 10453, 10460, 10481, 10618, 10703, 10753, 10819, 10828, 10830, 10839, 10877, 10920, 10930, 10951, 10971, 11009, 11027, 11041, 11067, 11230, 11265, 11320, 11353, 11437, 11554, 11563, 11663, 11667, 11739, 11770, 11774, 11953, 12029, 12101, 12241, 12317, 12419, 12431, 12476, 12478, 12547, 12663, 12736, 12750, 12775, 12791, 12795, 12810, 12845, 12861, 12917, 12932, 13013, 13067, 13147, 13168, 13180, 13186, 13243, 13297, 13309, 13358, 13368, 13401, 13416, 13427, 13452, 13473, 13485, 13552, 13563, 13628, 13640, 13654, 13676, 13681, 13721, 13748, 13798, 13819, 13832, 13898, 14002, 14077, 14085, 14134, 14139, 14157, 14247, 14252, 14256, 14287, 14328, 14368, 14386, 14413, 14417, 14485, 14497, 14509, 14527, 14589, 14613, 14720, 14921, 14938, 14999, 15006, 15283, 15296, 15344, 15402, 15507, 15551, 15556, 15571, 15589, 15600, 15678, 15698, 15710, 15722, 15820, 15869, 15880, 15907, 15944, 15999, 16063, 16075, 16141, 16145, 16156, 16243, 16254, 16344, 16378, 16392, 16425, 16465, 16492, 16535, 16552, 16663, 16689, 16706, 16802, 16857, 16891, 16917, 16930, 16994, 17013, 17019, 17033, 17041, 17092, 17173, 17193, 17206, 17221, 17261, 17273, 17299, 17447, 17481, 17492, 17530, 17778, 17815, 17855, 17913, 18076, 18104, 18132, 18153, 18286, 18359, 18423, 18455, 18474, 18517, 18520, 18602, 18720, 18760, 18764, 18772, 18829, 18851, 18882, 18904, 18922, 18942, 18973, 18986, 19005, 19050, 19128, 19241, 19337, 19348, 19365, 19367, 19378, 19388, 19390, 19426, 19440, 19513, 19515, 19538, 19562, 19623, 19625, 19638, 19799, 19814, 19872, 19933, 19942, 20037, 20049, 20096, 20114, 20126, 20178, 20250, 20260]","[54, 190, 442, 2021, 2694, 2948, 3267, 3543, 3791, 4818, 5441, 6229, 6443, 7045, 7268, 8026, 8302, 9149, 9467, 10104, 10448, 10714, 11757, 12272, 12615, 13267, 13505, 14028, 14704, 15348, 15771, 16955, 17864, 19081]",20335,473,19862,34,439,19862,0
0.5,GIBPROTP1A,"[4, 7, 56, 160, 164, 179, 245, 260, 274, 380]",[160],"[4, 7, 56, 164, 179, 245, 260, 274, 380]",[160],393,10,383,1,9,383,0
0.5,GORAFPA,"[20, 75, 167, 210, 264, 410, 447, 508, 537, 699, 789, 811, 919, 923, 999, 1156, 1201, 1205, 1243, 1322, 1423, 1441, 1543, 1709, 1832, 1860, 1881, 1894, 1909, 1931, 1939, 2021, 2125, 2163, 2174, 2232, 2268, 2272, 2332, 2335, 2395, 2448, 2455, 2495, 2530, 2746, 2784, 2807, 2843, 2871, 2883, 2955, 2959, 2969, 3033, 3066, 3126, 3173, 3333, 3434, 3678, 3684, 3703, 3717, 3924, 3938, 3954, 4002, 4151, 4180, 4192, 4232, 4262, 4313, 4363, 4369, 4522, 4535, 4564, 4572, 4574, 4576, 4578, 4580, 4596, 4729, 4744, 4757, 4765, 4773, 4776, 4806, 4820, 4881, 4883, 5123, 5206, 5295, 5324, 5417, 5457, 5476, 5533, 5541, 5550, 5557, 5602, 5626, 5848, 5866, 5876, 5934, 6046, 6101, 6121, 6220, 6318, 6356, 6396, 6405, 6434, 6493, 6571, 6663, 6760, 6777, 6789, 6839, 6856, 6905, 6976, 6990, 7027, 7046, 7154, 7156, 7192, 7227, 7314, 7325, 7394, 7420, 7445, 7454, 7527, 7614, 7625, 7723, 7728, 7766, 7795, 7829, 7947, 8046, 8257, 8299, 8370, 8503, 8510, 8707, 8836, 8921, 8936, 9332, 9394, 9421, 9445, 9548, 9589, 9755, 9903, 9982, 10025, 10041, 10070, 10134, 10144, 10151, 10163, 10248, 10310, 10364, 10408, 10422, 10459, 10488, 10516, 10545, 10574, 10652, 10718, 10727, 10781, 10807, 10815, 10844, 10884, 10890, 10903, 11078, 11145, 11175, 11508, 11544, 11566, 11629, 11641, 11661, 11708, 11737, 11823, 11840, 11920, 12170, 12267, 12272, 12491, 12542, 12575, 12579, 12793, 12815, 12921, 12941, 12996, 13037, 13041, 13115, 13169, 13226, 13334, 13421, 13447, 13486, 13570, 13688, 13737, 13751, 13841, 13962, 14087, 14104, 14138, 14183, 14188, 14200, 14240, 14318, 14331, 14364, 14386, 14407, 14424, 14441, 14492, 14496, 14568, 14672, 14707, 14791, 14803, 14841, 14850, 14852, 14907, 14914, 14920, 14987, 15195, 15202, 15235, 15251, 15255, 15412, 15427, 15446, 15453, 15470, 15539, 15555, 15620, 15758, 15801, 15823, 15832, 15935, 15952, 16063, 16067, 16181, 16237, 16405, 16415, 16425, 16474, 16477, 16539, 16553, 16581, 16630, 16780, 16794, 16856, 16885, 16906, 17027, 17044, 17058, 17064, 17070, 17195, 17207, 17291, 17313, 17328, 17457, 17462, 17467, 17511, 17555, 17567, 17569, 17576, 17585, 17601, 17701, 17717, 17834, 17852, 18093, 18099, 18115, 18426, 18434, 18460, 18638, 18678, 18680, 18694, 18700, 18702, 18713, 18723, 18728, 18761, 18777, 18911, 18940, 18989, 19030, 19118, 19127, 19201, 19231, 19603, 19676, 19876, 19898, 19955, 20187, 20215, 20297, 20301, 20326, 20382, 20420, 20427, 20434, 20444, 20467, 20474, 20478, 20487, 20502, 20565, 20584, 20600, 20617, 20692, 20707, 20718, 20741, 20846, 21040, 21088, 21186, 21194, 21207, 21287, 21358, 21377, 21520, 21659, 21688, 22091, 22129, 22176, 22190, 22283, 22316, 22382, 22417, 22476, 22488, 22550, 22558, 22638, 22649, 22828, 22846, 22896, 22937, 22983, 22986, 23096, 23104, 23106, 23108, 23110, 23112, 23114, 23116, 23118, 23120, 23122, 23124, 23126, 23130, 23140, 23144, 23146, 23150, 23158, 23160, 23162, 23164, 23197, 23229, 23233, 23237, 23317, 23355, 23410, 23424, 23533, 23539, 23562, 23613, 23759, 23763, 23908, 23937, 23987, 24060, 24093, 24387, 24402, 24517]","[999, 1860, 2955, 5457, 6760, 7766, 9445, 11629, 13421, 14087, 14707, 16581, 17834]","[20, 75, 167, 210, 264, 410, 447, 508, 537, 699, 789, 811, 919, 923, 1156, 1201, 1205, 1243, 1322, 1423, 1441, 1543, 1709, 1832, 1881, 1894, 1909, 1931, 1939, 2021, 2125, 2163, 2174, 2232, 2268, 2272, 2332, 2335, 2395, 2448, 2455, 2495, 2530, 2746, 2784, 2807, 2843, 2871, 2883, 2959, 2969, 3033, 3066, 3126, 3173, 3333, 3434, 3678, 3684, 3703, 3717, 3924, 3938, 3954, 4002, 4151, 4180, 4192, 4232, 4262, 4313, 4363, 4369, 4522, 4535, 4564, 4572, 4574, 4576, 4578, 4580, 4596, 4729, 4744, 4757, 4765, 4773, 4776, 4806, 4820, 4881, 4883, 5123, 5206, 5295, 5324, 5417, 5476, 5533, 5541, 5550, 5557, 5602, 5626, 5848, 5866, 5876, 5934, 6046, 6101, 6121, 6220, 6318, 6356, 6396, 6405, 6434, 6493, 6571, 6663, 6777, 6789, 6839, 6856, 6905, 6976, 6990, 7027, 7046, 7154, 7156, 7192, 7227, 7314, 7325, 7394, 7420, 7445, 7454, 7527, 7614, 7625, 7723, 7728, 7795, 7829, 7947, 8046, 8257, 8299, 8370, 8503, 8510, 8707, 8836, 8921, 8936, 9332, 9394, 9421, 9548, 9589, 9755, 9903, 9982, 10025, 10041, 10070, 10134, 10144, 10151, 10163, 10248, 10310, 10364, 10408, 10422, 10459, 10488, 10516, 10545, 10574, 10652, 10718, 10727, 10781, 10807, 10815, 10844, 10884, 10890, 10903, 11078, 11145, 11175, 11508, 11544, 11566, 11641, 11661, 11708, 11737, 11823, 11840, 11920, 12170, 12267, 12272, 12491, 12542, 12575, 12579, 12793, 12815, 12921, 12941, 12996, 13037, 13041, 13115, 13169, 13226, 13334, 13447, 13486, 13570, 13688, 13737, 13751, 13841, 13962, 14104, 14138, 14183, 14188, 14200, 14240, 14318, 14331, 14364, 14386, 14407, 14424, 14441, 14492, 14496, 14568, 14672, 14791, 14803, 14841, 14850, 14852, 14907, 14914, 14920, 14987, 15195, 15202, 15235, 15251, 15255, 15412, 15427, 15446, 15453, 15470, 15539, 15555, 15620, 15758, 15801, 15823, 15832, 15935, 15952, 16063, 16067, 16181, 16237, 16405, 16415, 16425, 16474, 16477, 16539, 16553, 16630, 16780, 16794, 16856, 16885, 16906, 17027, 17044, 17058, 17064, 17070, 17195, 17207, 17291, 17313, 17328, 17457, 17462, 17467, 17511, 17555, 17567, 17569, 17576, 17585, 17601, 17701, 17717, 17852, 18093, 18099, 18115, 18426, 18434, 18460, 18638, 18678, 18680, 18694, 18700, 18702, 18713, 18723, 18728, 18761, 18777, 18911, 18940, 18989, 19030, 19118, 19127, 19201, 19231, 19603, 19676, 19876, 19898, 19955, 20187, 20215, 20297, 20301, 20326, 20382, 20420, 20427, 20434, 20444, 20467, 20474, 20478, 20487, 20502, 20565, 20584, 20600, 20617, 20692, 20707, 20718, 20741, 20846, 21040, 21088, 21186, 21194, 21207, 21287, 21358, 21377, 21520, 21659, 21688, 22091, 22129, 22176, 22190, 22283, 22316, 22382, 22417, 22476, 22488, 22550, 22558, 22638, 22649, 22828, 22846, 22896, 22937, 22983, 22986, 23096, 23104, 23106, 23108, 23110, 23112, 23114, 23116, 23118, 23120, 23122, 23124, 23126, 23130, 23140, 23144, 23146, 23150, 23158, 23160, 23162, 23164, 23197, 23229, 23233, 23237, 23317, 23355, 23410, 23424, 23533, 23539, 23562, 23613, 23759, 23763, 23908, 23937, 23987, 24060, 24093, 24387, 24402, 24517]","[999, 1860, 2955, 5457, 6760, 7766, 9445, 11629, 13421, 14087, 14707, 16581, 17834]",24599,458,24141,13,445,24141,0
0.5,GORPROTP1A,"[8, 11, 60, 164, 168, 184, 256, 285]",[164],"[8, 11, 60, 168, 184, 256, 285]",[164],404,8,396,1,7,396,0
0.5,GPIINS,"[97, 161, 188, 191, 203, 251, 322, 366, 428, 462, 466, 502, 526, 558, 564, 587, 622, 659, 667, 670, 696, 703, 807, 855, 943, 950, 952, 970, 1023, 1034, 1039, 1048, 1115, 1175, 1233, 1238, 1358, 1362, 1424]",[526],"[97, 161, 188, 191, 203, 251, 322, 366, 428, 462, 466, 502, 558, 564, 587, 622, 659, 667, 670, 696, 703, 807, 855, 943, 950, 952, 970, 1023, 1034, 1039, 1048, 1115, 1175, 1233, 1238, 1358, 1362, 1424]",[526],1464,39,1425,1,38,1425,0
0.5,HAMAMYLP,"[48, 110, 337, 360, 367, 369, 423, 446, 539, 559, 618, 632, 684, 735, 800, 806, 847, 860, 901, 912, 985, 1029, 1057, 1138, 1188, 1193, 1235, 1356, 1379, 1394, 1414, 1473, 1539, 1549, 1781, 1794, 1917, 2167, 2201, 2308, 2327, 2419, 2455, 2500, 2562, 2616, 2671, 2681, 2740, 2750, 2763, 2770, 2826, 2848, 2874, 2884, 2921, 3002, 3062, 3078, 3116, 3168, 3245, 3415, 3543, 3569, 3826, 3934, 3968, 4070, 4117, 4127, 4152, 4199, 4257, 4334, 4383, 4505, 4536, 4561, 4572, 4674, 4721, 4761, 4787, 4794, 4851, 5005, 5045, 5063, 5093, 5135, 5193, 5345, 5419, 5424, 5496, 5541, 5581, 5690, 5919]",[2308],"[48, 110, 337, 360, 367, 369, 423, 446, 539, 559, 618, 632, 684, 735, 800, 806, 847, 860, 901, 912, 985, 1029, 1057, 1138, 1188, 1193, 1235, 1356, 1379, 1394, 1414, 1473, 1539, 1549, 1781, 1794, 1917, 2167, 2201, 2327, 2419, 2455, 2500, 2562, 2616, 2671, 2681, 2740, 2750, 2763, 2770, 2826, 2848, 2874, 2884, 2921, 3002, 3062, 3078, 3116, 3168, 3245, 3415, 3543, 3569, 3826, 3934, 3968, 4070, 4117, 4127, 4152, 4199, 4257, 4334, 4383, 4505, 4536, 4561, 4572, 4674, 4721, 4761, 4787, 4794, 4851, 5005, 5045, 5063, 5093, 5135, 5193, 5345, 5419, 5424, 5496, 5541, 5581, 5690, 5919]",[2308],5947,101,5846,1,100,5846,0
0.5,HAMHG5,"[10, 12, 14, 16, 18, 20, 22, 24, 26, 28, 30, 32, 40, 44, 48, 52, 56, 68, 78, 92, 212, 251, 331, 407, 424, 478, 548, 550, 570, 609, 615, 640, 664, 724, 781, 846, 900, 921, 977, 1115, 1132, 1253, 1333, 1357, 1373, 1377, 1385, 1484, 1623, 1640, 1817, 1857, 1905, 1919, 1982, 1999, 2028, 2153, 2155, 2157, 2159, 2161, 2163, 2165, 2167, 2169, 2171, 2173, 2175, 2177, 2179, 2181, 2183, 2185, 2187, 2198, 2214, 2301, 2338, 2464, 2468, 2616, 2623, 2679, 2699, 2767, 2817, 2825, 2897, 2913, 2963, 2965, 2967, 2969, 2971, 2973, 2975, 2977, 2979, 2981, 2983, 2985, 2987, 2989, 2997, 3001, 3005, 3009, 3013, 3017, 3097, 3152, 3159, 3164, 3223, 3326, 3345, 3425, 3433, 3461, 3501, 3547, 3591, 3609, 3620, 3678, 3722, 3789, 3893, 3933, 3950, 4022, 4042, 4067, 4089, 4103, 4184, 4237, 4247, 4280, 4283, 4319, 4418, 4420, 4517, 4598, 4601, 4633, 4662, 4682, 4689, 4856, 4931, 4982, 5060, 5212, 5284, 5403, 5421, 5439, 5460, 5517, 5598, 5603, 5637, 5652, 5716, 5764, 5810, 5841, 5852, 5920, 5935, 5989, 6025, 6109, 6145, 6160, 6188, 6212, 6236, 6339, 6342, 6348, 6362, 6398, 6462, 6478, 6597, 6613, 6694, 6714, 6724, 6827, 6978, 7003, 7011, 7017, 7060, 7128, 7156, 7229, 7240, 7261, 7287, 7404, 7427, 7441, 7445, 7557, 7581, 7601, 7608, 7668, 7829, 7956, 7982, 8108, 8209, 8258, 8295, 8396, 8406, 8452, 8509, 8569, 8625, 8719, 8793, 8803, 8807, 8862, 8881, 8895, 8932, 9013, 9031, 9035, 9223, 9231, 9260, 9284, 9336, 9354]","[4856, 5517, 6188, 6597, 7441]","[10, 12, 14, 16, 18, 20, 22, 24, 26, 28, 30, 32, 40, 44, 48, 52, 56, 68, 78, 92, 212, 251, 331, 407, 424, 478, 548, 550, 570, 609, 615, 640, 664, 724, 781, 846, 900, 921, 977, 1115, 1132, 1253, 1333, 1357, 1373, 1377, 1385, 1484, 1623, 1640, 1817, 1857, 1905, 1919, 1982, 1999, 2028, 2153, 2155, 2157, 2159, 2161, 2163, 2165, 2167, 2169, 2171, 2173, 2175, 2177, 2179, 2181, 2183, 2185, 2187, 2198, 2214, 2301, 2338, 2464, 2468, 2616, 2623, 2679, 2699, 2767, 2817, 2825, 2897, 2913, 2963, 2965, 2967, 2969, 2971, 2973, 2975, 2977, 2979, 2981, 2983, 2985, 2987, 2989, 2997, 3001, 3005, 3009, 3013, 3017, 3097, 3152, 3159, 3164, 3223, 3326, 3345, 3425, 3433, 3461, 3501, 3547, 3591, 3609, 3620, 3678, 3722, 3789, 3893, 3933, 3950, 4022, 4042, 4067, 4089, 4103, 4184, 4237, 4247, 4280, 4283, 4319, 4418, 4420, 4517, 4598, 4601, 4633, 4662, 4682, 4689, 4931, 4982, 5060, 5212, 5284, 5403, 5421, 5439, 5460, 5598, 5603, 5637, 5652, 5716, 5764, 5810, 5841, 5852, 5920, 5935, 5989, 6025, 6109, 6145, 6160, 6212, 6236, 6339, 6342, 6348, 6362, 6398, 6462, 6478, 6613, 6694, 6714, 6724, 6827, 6978, 7003, 7011, 7017, 7060, 7128, 7156, 7229, 7240, 7261, 7287, 7404, 7427, 7445, 7557, 7581, 7601, 7608, 7668, 7829, 7956, 7982, 8108, 8209, 8258, 8295, 8396, 8406, 8452, 8509, 8569, 8625, 8719, 8793, 8803, 8807, 8862, 8881, 8895, 8932, 9013, 9031, 9035, 9223, 9231, 9260, 9284, 9336, 9354]","[4856, 5517, 6188, 6597, 7441]",9711,244,9467,5,239,9467,0
0.5,HROAMD1,"[134, 137, 171, 206, 237, 259, 286, 289, 319, 457, 546, 581, 585, 717, 798, 860, 896, 1072, 1104, 1241, 1353, 1369, 1378, 1486, 1539, 1566, 1585, 1647, 1664, 1955, 2017, 2173, 2219, 2322, 2331, 2341, 2426, 2543, 2579, 2626, 2633, 2642, 2687, 2715, 2835, 2903, 2911, 2914, 3063, 3239, 3282, 3327, 3348, 3357, 3486, 3494, 3607, 3828, 3830, 3834, 3928, 3986, 3997, 4081, 4181, 4267, 4347, 4461, 4700, 4704, 4739, 4744, 4754, 4761, 4795, 4816, 4823, 4839, 4858, 4864, 4872, 4951, 4979, 5054, 5057, 5134, 5138, 5140, 5161, 5260, 5311, 5318, 5336, 5341, 5358, 5383, 5413, 5483, 5494, 5575, 5710, 5723, 5734, 5795, 5958, 5962, 6073, 6112, 6119, 6126, 6212, 6216, 6242, 6264, 6408, 6415, 6449, 6480, 6531, 6587, 6708, 6728, 6748, 6799, 6811, 6824, 6863, 6978, 6983]","[2687, 3486, 4700]","[134, 137, 171, 206, 237, 259, 286, 289, 319, 457, 546, 581, 585, 717, 798, 860, 896, 1072, 1104, 1241, 1353, 1369, 1378, 1486, 1539, 1566, 1585, 1647, 1664, 1955, 2017, 2173, 2219, 2322, 2331, 2341, 2426, 2543, 2579, 2626, 2633, 2642, 2715, 2835, 2903, 2911, 2914, 3063, 3239, 3282, 3327, 3348, 3357, 3494, 3607, 3828, 3830, 3834, 3928, 3986, 3997, 4081, 4181, 4267, 4347, 4461, 4704, 4739, 4744, 4754, 4761, 4795, 4816, 4823, 4839, 4858, 4864, 4872, 4951, 4979, 5054, 5057, 5134, 5138, 5140, 5161, 5260, 5311, 5318, 5336, 5341, 5358, 5383, 5413, 5483, 5494, 5575, 5710, 5723, 5734, 5795, 5958, 5962, 6073, 6112, 6119, 6126, 6212, 6216, 6242, 6264, 6408, 6415, 6449, 6480, 6531, 6587, 6708, 6728, 6748, 6799, 6811, 6824, 6863, 6978, 6983]","[2687, 3486, 4700]",7091,129,6962,3,126,6962,0
0.5,HROMA2,"[41, 127, 219, 259, 292, 344, 358, 393, 415, 423, 427, 450, 511, 686, 739, 757, 762, 808, 820, 838, 844, 902, 916, 919, 988, 1174, 1285, 1300, 1316, 1351, 1384, 1397, 1405, 1417, 1450, 1486, 1640, 1709]","[739, 1174]","[41, 127, 219, 259, 292, 344, 358, 393, 415, 423, 427, 450, 511, 686, 757, 762, 808, 820, 838, 844, 902, 916, 919, 988, 1285, 1300, 1316, 1351, 1384, 1397, 1405, 1417, 1450, 1486, 1640, 1709]","[739, 1174]",1779,38,1741,2,36,1741,0
0.5,HROMA4A,"[45, 69, 161, 217, 265, 411, 497, 588, 628, 661, 713, 727, 762, 784, 792, 819, 880, 1055, 1108, 1114, 1126, 1185, 1200, 1204, 1225, 1304, 1316, 1334, 1340, 1398, 1412, 1415, 1484, 1492, 1670, 1774, 1789, 1805, 1840, 1873, 1886, 1894, 1906, 1939, 1975, 2129, 2166, 2198, 2287, 2291]","[1108, 1670]","[45, 69, 161, 217, 265, 411, 497, 588, 628, 661, 713, 727, 762, 784, 792, 819, 880, 1055, 1114, 1126, 1185, 1200, 1204, 1225, 1304, 1316, 1334, 1340, 1398, 1412, 1415, 1484, 1492, 1774, 1789, 1805, 1840, 1873, 1886, 1894, 1906, 1939, 1975, 2129, 2166, 2198, 2287, 2291]","[1108, 1670]",2331,50,2281,2,48,2281,0
0.5,HRSPRMI,"[49, 133, 213, 247, 251, 297, 340, 416, 435, 551, 573, 722, 731, 799, 828, 830, 935, 1064, 1107, 1211, 1228, 1245, 1349, 1448, 1605, 1685, 1710, 1826, 1880, 1904, 2017, 2029, 2039, 2047, 2138, 2144, 2166, 2184, 2197]",[722],"[49, 133, 213, 247, 251, 297, 340, 416, 435, 551, 573, 731, 799, 828, 830, 935, 1064, 1107, 1211, 1228, 1245, 1349, 1448, 1605, 1685, 1710, 1826, 1880, 1904, 2017, 2029, 2039, 2047, 2138, 2144, 2166, 2184, 2197]",[722],2198,39,2159,1,38,2159,0
0.5,HS1D3HLH,"[109, 173, 185, 271, 380, 423, 467, 516, 559, 617, 659, 674, 680, 757, 778, 789, 901, 937, 982, 1039, 1051, 1117, 1231, 1235, 1346, 1382, 1394, 1447, 1456, 1548, 1557, 1596, 1607, 1634, 1750, 1876, 1896, 1984, 1997, 2003, 2079, 2114, 2146, 2156, 2169, 2308, 2367, 2417, 2473]",[1039],"[109, 173, 185, 271, 380, 423, 467, 516, 559, 617, 659, 674, 680, 757, 778, 789, 901, 937, 982, 1051, 1117, 1231, 1235, 1346, 1382, 1394, 1447, 1456, 1548, 1557, 1596, 1607, 1634, 1750, 1876, 1896, 1984, 1997, 2003, 2079, 2114, 2146, 2156, 2169, 2308, 2367, 2417, 2473]",[1039],2473,49,2424,1,48,2424,0
0.5,HS2OXOC,"[37, 70, 116, 191, 201, 208, 221, 239, 461, 473, 660, 670, 755, 802, 831, 871, 894, 901, 905, 958, 975, 1016, 1047, 1076, 1095, 1104, 1162, 1288, 1401, 1421, 1451, 1456, 1616, 1627, 1694, 1698, 1719, 1723, 1731, 1825, 1857, 1878, 1880, 1894, 1939, 1954, 2013, 2208, 2227, 2239, 2286, 2400, 2404]","[116, 871, 1162, 1421, 1694, 1825]","[37, 70, 191, 201, 208, 221, 239, 461, 473, 660, 670, 755, 802, 831, 894, 901, 905, 958, 975, 1016, 1047, 1076, 1095, 1104, 1288, 1401, 1451, 1456, 1616, 1627, 1698, 1719, 1723, 1731, 1857, 1878, 1880, 1894, 1939, 1954, 2013, 2208, 2227, 2239, 2286, 2400, 2404]","[116, 871, 1162, 1421, 1694, 1825]",2510,53,2457,6,47,2457,0
0.5,HSABLGR1,"[14, 138, 169, 171, 210, 221, 226, 250, 319, 371, 380, 619, 625, 732, 749, 845, 860, 902, 968, 1037, 1080, 1112, 1158, 1165, 1224, 1236, 1279, 1412, 1516, 1592, 1666, 1670, 1700, 1727, 1788, 1860, 1895, 1981, 2076, 2154, 2175, 2265, 2274, 2278, 2451, 2468, 2567, 2846, 2880, 2923, 2977, 3020, 3054, 3058, 3082, 3130, 3140, 3159, 3178, 3182, 3220, 3265, 3287, 3293, 3297, 3299, 3315, 3344, 3382, 3435, 3476, 3507, 3519, 3551, 3596, 3603, 3636, 3677, 3683, 3829, 3851, 3857, 3873, 3960, 4040, 4108, 4121, 4135, 4148, 4166, 4198, 4208, 4243, 4256, 4315, 4321, 4356, 4415, 4425, 4479, 4506, 4528, 4593, 4608, 4623, 4673, 4757, 4804, 4826, 4856, 4865, 4869, 4960, 5051, 5085, 5108, 5152, 5159, 5218, 5284, 5288, 5296, 5300, 5312, 5317, 5342, 5359, 5396, 5427, 5465, 5517, 5528, 5614, 5666, 5882, 5890, 5958, 6049, 6059, 6081, 6108, 6125, 6273, 6312, 6360, 6461, 6479, 6500, 6508, 6527, 6540, 6567, 6604, 6617, 6665, 6672, 6705, 6708, 6743, 6764, 6778, 6820, 6824, 6826, 6904, 6922, 6932, 6977, 7002, 7049, 7056, 7070, 7079, 7121, 7168, 7188, 7197, 7212, 7252, 7420, 7507, 7696, 7724, 7754, 7802, 7864, 7895, 7939, 7993, 8039, 8046, 8060, 8113, 8139, 8265, 8293, 8316, 8332, 8356, 8378, 8428, 8450, 8470, 8679, 8720, 8724, 8792, 8800, 8802, 8806, 8893, 8950, 8956, 9004, 9030, 9035, 9075, 9114, 9201, 9230, 9294, 9310, 9330, 9340, 9367, 9379, 9496, 9507, 9568, 9610, 9652, 9753, 9755, 9782, 9895, 9914, 9971, 9999, 10016, 10020, 10032, 10043, 10073, 10091, 10112, 10121, 10132, 10207, 10265, 10310, 10362, 10378, 10380, 10400, 10413, 10509, 10535, 10539, 10547, 10557, 10572, 10623, 10728, 10794, 10871, 10933, 10950, 10960, 10991, 10999, 11005, 11010, 11052, 11074, 11079, 11090, 11094, 11118, 11135, 11145, 11167, 11192, 11216, 11303, 11333, 11339, 11354, 11370, 11378, 11487, 11557, 11570, 11597, 11704, 11774, 11800, 11815, 11872, 11895, 11929, 11951, 11988, 11992, 12007, 12024, 12066, 12083, 12120, 12168, 12222, 12239, 12277, 12325, 12396, 12401, 12434, 12564, 12727, 12806, 12836, 12863, 12880, 12948, 12982, 12989, 13058, 13094, 13111, 13154, 13172, 13183, 13205, 13231, 13262, 13285, 13371, 13442, 13479, 13539, 13560, 13572, 13579, 13683, 13696, 13782, 13810, 13866, 13875, 13963, 14038, 14064, 14075, 14107, 14171, 14200, 14240, 14267, 14324, 14421, 14431, 14438, 14496, 14507, 14531, 14536, 14549, 14676, 14754, 14789, 14973, 15016, 15060, 15087, 15224, 15366, 15370, 15400, 15427, 15442, 15444, 15468, 15514, 15519, 15525, 15589, 15591, 15627, 15629, 15646, 15741, 15893, 15907, 15929, 15941, 16007, 16019, 16100, 16210, 16217, 16304, 16378, 16387, 16407, 16572, 16723, 16732, 16750, 16794, 16803, 16811, 16865, 16909, 16943, 16963, 16978, 17018, 17026, 17036, 17116, 17142, 17185, 17190, 17216, 17218, 17249, 17298, 17305, 17320, 17326, 17342, 17360, 17463, 17505, 17547, 17606, 17610, 17665, 17757, 17806, 17811, 17824, 17886, 17922, 17942, 17960, 17991, 18028, 18092, 18096, 18133, 18177, 18204, 18211, 18286, 18370, 18451, 18462, 18542, 18588, 18624, 18633, 18638, 18705, 18759, 18803, 18833, 18921, 18974, 19026, 19031, 19068, 19126, 19158, 19199, 19204, 19207, 19244, 19276, 19282, 19297, 19316, 19372, 19416, 19462, 19469, 19499, 19518, 19672, 19718, 19728, 19732, 19760, 19773, 19798, 19816, 19848, 19888, 19893, 19906, 19972, 20007, 20015, 20065, 20078, 20105, 20109, 20121, 20150, 20204, 20257, 20270, 20282, 20295, 20317, 20325, 20518, 20665, 20758, 20840, 20860, 20900, 20915, 20974, 20991, 21053, 21132, 21155, 21219, 21307, 21358, 21381, 21401, 21406, 21558, 21815, 21828, 21832, 21982, 22014, 22059, 22065, 22080, 22156, 22242, 22256, 22312, 22359, 22368, 22421, 22586, 22591, 22601, 22636, 22774, 22860, 22886, 22906, 22948, 22975, 23050, 23054, 23084, 23126, 23128, 23169, 23216, 23256, 23277, 23312, 23330, 23335, 23348, 23362, 23393, 23469, 23472, 23476, 23482, 23507, 23529, 23535, 23554, 23576, 23584, 23730, 23748, 23851, 23855, 23860, 23938, 23981, 24037, 24042, 24066, 24117, 24127, 24148, 24277, 24298, 24503, 24560, 24577, 24602, 24612, 24654, 24656, 24683, 24758, 24765, 24778, 24805, 24809, 24821, 24853, 24896, 24901, 24954, 24979, 25073, 25146, 25159, 25177, 25221, 25253, 25292, 25303, 25309, 25353, 25356, 25362, 25435, 25453, 25517, 25534, 25621, 25632, 25655, 25725, 25739, 25772, 25801, 25818, 25823, 25849, 25868, 25892, 25902, 25906, 25973, 26010, 26024, 26026, 26031, 26040, 26100, 26127, 26131, 26145, 26177, 26217, 26219, 26225, 26227, 26235, 26288, 26294, 26300, 26503, 26508, 26554, 26590, 26684, 26692, 26702, 26725, 26782, 26789, 26836, 26858, 26938, 27026, 27080, 27084, 27114, 27141, 27158, 27209, 27349, 27377, 27442, 27467, 27487, 27538, 27641, 27689, 27717, 27744, 27807, 27853, 28008, 28025, 28028, 28196, 28199, 28260, 28271, 28400, 28596, 28694, 28698, 28759, 28806, 28886, 28963, 28995, 29036, 29048, 29115, 29153, 29268, 29345, 29439, 29619, 29691, 29760, 29764, 29796, 29810, 29830, 29873, 29946, 29953, 29994, 30019, 30027, 30047, 30090, 30094, 30175, 30182, 30234, 30336, 30405, 30448, 30471, 30552, 30570, 30616, 30675, 30683, 30715, 30721, 30729, 30738, 30803, 30912, 30924, 30956, 30977, 31027, 31031, 31104, 31138, 31165, 31182, 31270, 31290, 31307, 31326, 31331, 31336, 31371, 31462, 31493, 31531, 31576, 31615, 31683, 31699, 31745, 31763, 31806, 31834, 31943, 31958, 32007, 32050, 32126, 32128, 32138, 32197, 32215, 32233, 32251, 32282, 32296, 32327, 32399, 32463, 32492, 32561, 32588, 32606, 32661, 32682, 32753, 32847, 32852, 32865, 32910, 32939, 32952, 32956, 32987, 33000, 33059, 33065, 33100, 33206, 33240, 33307, 33372, 33374, 33428, 33459, 33591, 33629, 33664, 33757, 33775, 33787, 33826, 33869, 33888, 33941, 33970, 33976, 34063, 34121, 34153, 34205, 34264, 34270, 34314, 34322, 34468, 34547, 34563, 34567, 34596, 34601, 34639, 34658, 34672, 34828, 34832, 34928, 34998, 35028, 35047, 35102, 35109, 35126, 35331, 35343, 35370, 35418, 35464, 35474, 35562, 35568, 35591, 35601, 35608, 35642, 35655, 35657, 35671, 35673, 35736, 35751, 35758, 35835, 35898, 35912]","[8720, 10400, 12434, 14200, 15741, 17116, 17991]","[14, 138, 169, 171, 210, 221, 226, 250, 319, 371, 380, 619, 625, 732, 749, 845, 860, 902, 968, 1037, 1080, 1112, 1158, 1165, 1224, 1236, 1279, 1412, 1516, 1592, 1666, 1670, 1700, 1727, 1788, 1860, 1895, 1981, 2076, 2154, 2175, 2265, 2274, 2278, 2451, 2468, 2567, 2846, 2880, 2923, 2977, 3020, 3054, 3058, 3082, 3130, 3140, 3159, 3178, 3182, 3220, 3265, 3287, 3293, 3297, 3299, 3315, 3344, 3382, 3435, 3476, 3507, 3519, 3551, 3596, 3603, 3636, 3677, 3683, 3829, 3851, 3857, 3873, 3960, 4040, 4108, 4121, 4135, 4148, 4166, 4198, 4208, 4243, 4256, 4315, 4321, 4356, 4415, 4425, 4479, 4506, 4528, 4593, 4608, 4623, 4673, 4757, 4804, 4826, 4856, 4865, 4869, 4960, 5051, 5085, 5108, 5152, 5159, 5218, 5284, 5288, 5296, 5300, 5312, 5317, 5342, 5359, 5396, 5427, 5465, 5517, 5528, 5614, 5666, 5882, 5890, 5958, 6049, 6059, 6081, 6108, 6125, 6273, 6312, 6360, 6461, 6479, 6500, 6508, 6527, 6540, 6567, 6604, 6617, 6665, 6672, 6705, 6708, 6743, 6764, 6778, 6820, 6824, 6826, 6904, 6922, 6932, 6977, 7002, 7049, 7056, 7070, 7079, 7121, 7168, 7188, 7197, 7212, 7252, 7420, 7507, 7696, 7724, 7754, 7802, 7864, 7895, 7939, 7993, 8039, 8046, 8060, 8113, 8139, 8265, 8293, 8316, 8332, 8356, 8378, 8428, 8450, 8470, 8679, 8724, 8792, 8800, 8802, 8806, 8893, 8950, 8956, 9004, 9030, 9035, 9075, 9114, 9201, 9230, 9294, 9310, 9330, 9340, 9367, 9379, 9496, 9507, 9568, 9610, 9652, 9753, 9755, 9782, 9895, 9914, 9971, 9999, 10016, 10020, 10032, 10043, 10073, 10091, 10112, 10121, 10132, 10207, 10265, 10310, 10362, 10378, 10380, 10413, 10509, 10535, 10539, 10547, 10557, 10572, 10623, 10728, 10794, 10871, 10933, 10950, 10960, 10991, 10999, 11005, 11010, 11052, 11074, 11079, 11090, 11094, 11118, 11135, 11145, 11167, 11192, 11216, 11303, 11333, 11339, 11354, 11370, 11378, 11487, 11557, 11570, 11597, 11704, 11774, 11800, 11815, 11872, 11895, 11929, 11951, 11988, 11992, 12007, 12024, 12066, 12083, 12120, 12168, 12222, 12239, 12277, 12325, 12396, 12401, 12564, 12727, 12806, 12836, 12863, 12880, 12948, 12982, 12989, 13058, 13094, 13111, 13154, 13172, 13183, 13205, 13231, 13262, 13285, 13371, 13442, 13479, 13539, 13560, 13572, 13579, 13683, 13696, 13782, 13810, 13866, 13875, 13963, 14038, 14064, 14075, 14107, 14171, 14240, 14267, 14324, 14421, 14431, 14438, 14496, 14507, 14531, 14536, 14549, 14676, 14754, 14789, 14973, 15016, 15060, 15087, 15224, 15366, 15370, 15400, 15427, 15442, 15444, 15468, 15514, 15519, 15525, 15589, 15591, 15627, 15629, 15646, 15893, 15907, 15929, 15941, 16007, 16019, 16100, 16210, 16217, 16304, 16378, 16387, 16407, 16572, 16723, 16732, 16750, 16794, 16803, 16811, 16865, 16909, 16943, 16963, 16978, 17018, 17026, 17036, 17142, 17185, 17190, 17216, 17218, 17249, 17298, 17305, 17320, 17326, 17342, 17360, 17463, 17505, 17547, 17606, 17610, 17665, 17757, 17806, 17811, 17824, 17886, 17922, 17942, 17960, 18028, 18092, 18096, 18133, 18177, 18204, 18211, 18286, 18370, 18451, 18462, 18542, 18588, 18624, 18633, 18638, 18705, 18759, 18803, 18833, 18921, 18974, 19026, 19031, 19068, 19126, 19158, 19199, 19204, 19207, 19244, 19276, 19282, 19297, 19316, 19372, 19416, 19462, 19469, 19499, 19518, 19672, 19718, 19728, 19732, 19760, 19773, 19798, 19816, 19848, 19888, 19893, 19906, 19972, 20007, 20015, 20065, 20078, 20105, 20109, 20121, 20150, 20204, 20257, 20270, 20282, 20295, 20317, 20325, 20518, 20665, 20758, 20840, 20860, 20900, 20915, 20974, 20991, 21053, 21132, 21155, 21219, 21307, 21358, 21381, 21401, 21406, 21558, 21815, 21828, 21832, 21982, 22014, 22059, 22065, 22080, 22156, 22242, 22256, 22312, 22359, 22368, 22421, 22586, 22591, 22601, 22636, 22774, 22860, 22886, 22906, 22948, 22975, 23050, 23054, 23084, 23126, 23128, 23169, 23216, 23256, 23277, 23312, 23330, 23335, 23348, 23362, 23393, 23469, 23472, 23476, 23482, 23507, 23529, 23535, 23554, 23576, 23584, 23730, 23748, 23851, 23855, 23860, 23938, 23981, 24037, 24042, 24066, 24117, 24127, 24148, 24277, 24298, 24503, 24560, 24577, 24602, 24612, 24654, 24656, 24683, 24758, 24765, 24778, 24805, 24809, 24821, 24853, 24896, 24901, 24954, 24979, 25073, 25146, 25159, 25177, 25221, 25253, 25292, 25303, 25309, 25353, 25356, 25362, 25435, 25453, 25517, 25534, 25621, 25632, 25655, 25725, 25739, 25772, 25801, 25818, 25823, 25849, 25868, 25892, 25902, 25906, 25973, 26010, 26024, 26026, 26031, 26040, 26100, 26127, 26131, 26145, 26177, 26217, 26219, 26225, 26227, 26235, 26288, 26294, 26300, 26503, 26508, 26554, 26590, 26684, 26692, 26702, 26725, 26782, 26789, 26836, 26858, 26938, 27026, 27080, 27084, 27114, 27141, 27158, 27209, 27349, 27377, 27442, 27467, 27487, 27538, 27641, 27689, 27717, 27744, 27807, 27853, 28008, 28025, 28028, 28196, 28199, 28260, 28271, 28400, 28596, 28694, 28698, 28759, 28806, 28886, 28963, 28995, 29036, 29048, 29115, 29153, 29268, 29345, 29439, 29619, 29691, 29760, 29764, 29796, 29810, 29830, 29873, 29946, 29953, 29994, 30019, 30027, 30047, 30090, 30094, 30175, 30182, 30234, 30336, 30405, 30448, 30471, 30552, 30570, 30616, 30675, 30683, 30715, 30721, 30729, 30738, 30803, 30912, 30924, 30956, 30977, 31027, 31031, 31104, 31138, 31165, 31182, 31270, 31290, 31307, 31326, 31331, 31336, 31371, 31462, 31493, 31531, 31576, 31615, 31683, 31699, 31745, 31763, 31806, 31834, 31943, 31958, 32007, 32050, 32126, 32128, 32138, 32197, 32215, 32233, 32251, 32282, 32296, 32327, 32399, 32463, 32492, 32561, 32588, 32606, 32661, 32682, 32753, 32847, 32852, 32865, 32910, 32939, 32952, 32956, 32987, 33000, 33059, 33065, 33100, 33206, 33240, 33307, 33372, 33374, 33428, 33459, 33591, 33629, 33664, 33757, 33775, 33787, 33826, 33869, 33888, 33941, 33970, 33976, 34063, 34121, 34153, 34205, 34264, 34270, 34314, 34322, 34468, 34547, 34563, 34567, 34596, 34601, 34639, 34658, 34672, 34828, 34832, 34928, 34998, 35028, 35047, 35102, 35109, 35126, 35331, 35343, 35370, 35418, 35464, 35474, 35562, 35568, 35591, 35601, 35608, 35642, 35655, 35657, 35671, 35673, 35736, 35751, 35758, 35835, 35898, 35912]","[8720, 10400, 12434, 14200, 15741, 17116, 17991]",35954,885,35069,7,878,35069,0
0.5,HSALDCG,"[88, 105, 126, 148, 180, 265, 346, 349, 555, 578, 683, 714, 780, 801, 822, 902, 948, 962, 993, 1014, 1119, 1124, 1163, 1283, 1379, 1421, 1632, 1655, 1746, 1755, 1914, 1921, 1952, 1958, 1984, 1991, 2058, 2098, 2192, 2203, 2331, 2361, 2375, 2481, 2486, 2540, 2633, 2637, 2641, 2663, 2668, 2674, 2788, 2798, 2808, 2820, 2822, 2830, 2927, 2939, 2974, 2992, 3001, 3040, 3055, 3065, 3070, 3110, 3121, 3142, 3162, 3178, 3186, 3229, 3250, 3266, 3274, 3289, 3295, 3333, 3352, 3366, 3368, 3370, 3383, 3386, 3395, 3402, 3411, 3422, 3547, 3551, 3567, 3620, 3700, 3714, 3728, 3732, 3767, 3774, 3819, 3847, 3858, 3894, 3923, 3975, 3994, 4090, 4097, 4101, 4128, 4147, 4237, 4326, 4340, 4343, 4346, 4350, 4395, 4434, 4460, 4483, 4530, 4753, 4817, 4871, 4901, 4926, 4950, 5029, 5038, 5130, 5137]","[2641, 2939, 3110, 3366, 3567, 3994, 4326]","[88, 105, 126, 148, 180, 265, 346, 349, 555, 578, 683, 714, 780, 801, 822, 902, 948, 962, 993, 1014, 1119, 1124, 1163, 1283, 1379, 1421, 1632, 1655, 1746, 1755, 1914, 1921, 1952, 1958, 1984, 1991, 2058, 2098, 2192, 2203, 2331, 2361, 2375, 2481, 2486, 2540, 2633, 2637, 2663, 2668, 2674, 2788, 2798, 2808, 2820, 2822, 2830, 2927, 2974, 2992, 3001, 3040, 3055, 3065, 3070, 3121, 3142, 3162, 3178, 3186, 3229, 3250, 3266, 3274, 3289, 3295, 3333, 3352, 3368, 3370, 3383, 3386, 3395, 3402, 3411, 3422, 3547, 3551, 3620, 3700, 3714, 3728, 3732, 3767, 3774, 3819, 3847, 3858, 3894, 3923, 3975, 4090, 4097, 4101, 4128, 4147, 4237, 4340, 4343, 4346, 4350, 4395, 4434, 4460, 4483, 4530, 4753, 4817, 4871, 4901, 4926, 4950, 5029, 5038, 5130, 5137]","[2641, 2939, 3110, 3366, 3567, 3994, 4326]",5190,133,5057,7,126,5057,0
0.5,HSAPC3A,"[102, 110, 172, 226, 357, 405, 433, 455, 461, 580, 616, 636, 715, 823, 859, 876, 919, 930, 952, 1146, 1161, 1178, 1246, 1271, 1677, 1745, 1820, 1829, 1881, 1937, 1991, 2103, 2140, 2178, 2212, 2244, 2265, 2325, 2361, 2363, 2373, 2410, 2475, 2515, 2570, 2665, 2680, 2683, 2778, 2797, 2843, 2852, 2872, 2891, 2905, 2908, 2923, 2933, 2945, 2947, 3022, 3106, 3212, 3324, 3338, 3383, 3387, 3409, 3449, 3492, 3508, 3533, 3542, 3582, 3587, 3608, 3610, 3666, 3668, 3734, 3763, 3769, 3832, 3849, 3863, 3867, 3874, 3924, 3995, 4033, 4081, 4086, 4118, 4196, 4222, 4233, 4245, 4249, 4282, 4318, 4400, 4460, 4494, 4585, 4608, 4618, 4622, 4662, 4674, 4679, 4711, 4820, 4886, 4984, 5011, 5083, 5146, 5203, 5222, 5261, 5274, 5277, 5280, 5356, 5379, 5444, 5463, 5488, 5771, 5823]","[919, 1178]","[102, 110, 172, 226, 357, 405, 433, 455, 461, 580, 616, 636, 715, 823, 859, 876, 930, 952, 1146, 1161, 1246, 1271, 1677, 1745, 1820, 1829, 1881, 1937, 1991, 2103, 2140, 2178, 2212, 2244, 2265, 2325, 2361, 2363, 2373, 2410, 2475, 2515, 2570, 2665, 2680, 2683, 2778, 2797, 2843, 2852, 2872, 2891, 2905, 2908, 2923, 2933, 2945, 2947, 3022, 3106, 3212, 3324, 3338, 3383, 3387, 3409, 3449, 3492, 3508, 3533, 3542, 3582, 3587, 3608, 3610, 3666, 3668, 3734, 3763, 3769, 3832, 3849, 3863, 3867, 3874, 3924, 3995, 4033, 4081, 4086, 4118, 4196, 4222, 4233, 4245, 4249, 4282, 4318, 4400, 4460, 4494, 4585, 4608, 4618, 4622, 4662, 4674, 4679, 4711, 4820, 4886, 4984, 5011, 5083, 5146, 5203, 5222, 5261, 5274, 5277, 5280, 5356, 5379, 5444, 5463, 5488, 5771, 5823]","[919, 1178]",6039,130,5909,2,128,5909,0
0.5,HSAPOA2B,"[17, 56, 152, 156, 168, 232, 245, 265, 267, 321, 338, 490, 494, 527, 533, 573, 682, 686, 698, 745, 747, 749, 751, 753, 755, 757, 759, 761, 763, 765, 767, 769, 771, 775, 816, 838, 851, 884, 916, 1006, 1047, 1129, 1152, 1221, 1264, 1311, 1425, 1554, 1577, 1585, 1639, 1645, 1655, 1702]","[490, 916]","[17, 56, 152, 156, 168, 232, 245, 265, 267, 321, 338, 494, 527, 533, 573, 682, 686, 698, 745, 747, 749, 751, 753, 755, 757, 759, 761, 763, 765, 767, 769, 771, 775, 816, 838, 851, 884, 1006, 1047, 1129, 1152, 1221, 1264, 1311, 1425, 1554, 1577, 1585, 1639, 1645, 1655, 1702]","[490, 916]",1747,54,1693,2,52,1693,0
0.5,HSAPOAIA,"[57, 79, 103, 134, 158, 187, 286, 317, 404, 563, 583, 661, 709, 778, 863, 949, 1026, 1135, 1173, 1277, 1319, 1397, 1409, 1475, 1693, 1781, 1799, 1825, 1849, 1879, 1903, 1942, 2020, 2055, 2090, 2124, 2177]","[317, 661]","[57, 79, 103, 134, 158, 187, 286, 404, 563, 583, 709, 778, 863, 949, 1026, 1135, 1173, 1277, 1319, 1397, 1409, 1475, 1693, 1781, 1799, 1825, 1849, 1879, 1903, 1942, 2020, 2055, 2090, 2124, 2177]","[317, 661]",2183,37,2146,2,35,2146,0
0.5,HSAPOAIT,"[120, 231, 253, 277, 308, 332, 361, 460, 491, 578, 737, 757, 835, 866, 883, 952, 1038, 1124, 1201, 1310, 1348, 1452, 1494, 1572, 1584, 1650, 1868, 1956, 1974, 2000, 2024, 2054, 2078, 2117, 2143, 2195, 2230, 2265, 2299, 2353]","[491, 835]","[120, 231, 253, 277, 308, 332, 361, 460, 578, 737, 757, 866, 883, 952, 1038, 1124, 1201, 1310, 1348, 1452, 1494, 1572, 1584, 1650, 1868, 1956, 1974, 2000, 2024, 2054, 2078, 2117, 2143, 2195, 2230, 2265, 2299, 2353]","[491, 835]",2377,40,2337,2,38,2337,0
0.5,HSAPOC2G,"[33, 61, 68, 73, 185, 214, 231, 255, 273, 291, 372, 374, 376, 378, 380, 382, 384, 386, 388, 390, 392, 394, 396, 398, 400, 402, 404, 406, 408, 410, 414, 526, 591, 597, 606, 645, 652, 680, 727, 745, 776, 790, 822, 863, 868, 881, 940, 946, 959, 967, 981, 1049, 1063, 1076, 1121, 1153, 1198, 1201, 1270, 1276, 1408, 1474, 1494, 1505, 1528, 1553, 1572, 1586, 1675, 1719, 1845, 1858, 1903, 1935, 1971, 1994, 2021, 2037, 2069, 2114, 2121, 2127, 2148, 2185, 2191, 2226, 2277, 2280, 2287, 2293, 2346, 2358, 2401, 2479, 2578, 2585, 2610, 2646, 2701, 2714, 2718, 2720, 2943, 2972, 2999, 3041, 3067, 3345, 3409, 3426, 3488, 3674, 3713, 3720, 3736]","[2714, 3041]","[33, 61, 68, 73, 185, 214, 231, 255, 273, 291, 372, 374, 376, 378, 380, 382, 384, 386, 388, 390, 392, 394, 396, 398, 400, 402, 404, 406, 408, 410, 414, 526, 591, 597, 606, 645, 652, 680, 727, 745, 776, 790, 822, 863, 868, 881, 940, 946, 959, 967, 981, 1049, 1063, 1076, 1121, 1153, 1198, 1201, 1270, 1276, 1408, 1474, 1494, 1505, 1528, 1553, 1572, 1586, 1675, 1719, 1845, 1858, 1903, 1935, 1971, 1994, 2021, 2037, 2069, 2114, 2121, 2127, 2148, 2185, 2191, 2226, 2277, 2280, 2287, 2293, 2346, 2358, 2401, 2479, 2578, 2585, 2610, 2646, 2701, 2718, 2720, 2943, 2972, 2999, 3067, 3345, 3409, 3426, 3488, 3674, 3713, 3720, 3736]","[2714, 3041]",3832,115,3717,2,113,3717,0
0.5,HSAQUPN2,"[14, 73, 222, 236, 281, 299, 431, 497, 530, 632, 746, 773, 794, 856, 872, 917, 931, 935, 969]","[431, 632, 746]","[14, 73, 222, 236, 281, 299, 497, 530, 773, 794, 856, 872, 917, 931, 935, 969]","[431, 632, 746]",987,19,968,3,16,968,0
0.5,HSARYLA,"[236, 275, 329, 340, 413, 459, 500, 506, 553, 560, 587, 699, 848, 929, 963, 981, 1025, 1039, 1055, 1091, 1147, 1160, 1222, 1238, 1401, 1407, 1555, 1571, 1667, 1738, 1815, 1836, 1902, 1906, 1914, 1951, 1970, 1991, 2004, 2052, 2054, 2076, 2141, 2175, 2204, 2237, 2252, 2316, 2344, 2470, 2479, 2528, 2532, 2540, 2549, 2588, 2605, 2613, 2627, 2666, 2697, 2765, 2769, 2783, 2797, 2823, 2950, 3040, 3064, 3087, 3141, 3162, 3282, 3305, 3320, 3333, 3349, 3377, 3400, 3408, 3416, 3432, 3452, 3462, 3499, 3522, 3558, 3567, 3571, 3591, 3621, 3629]","[848, 1238, 1571, 1815, 2252, 2470, 2823]","[236, 275, 329, 340, 413, 459, 500, 506, 553, 560, 587, 699, 929, 963, 981, 1025, 1039, 1055, 1091, 1147, 1160, 1222, 1401, 1407, 1555, 1667, 1738, 1836, 1902, 1906, 1914, 1951, 1970, 1991, 2004, 2052, 2054, 2076, 2141, 2175, 2204, 2237, 2316, 2344, 2479, 2528, 2532, 2540, 2549, 2588, 2605, 2613, 2627, 2666, 2697, 2765, 2769, 2783, 2797, 2950, 3040, 3064, 3087, 3141, 3162, 3282, 3305, 3320, 3333, 3349, 3377, 3400, 3408, 3416, 3432, 3452, 3462, 3499, 3522, 3558, 3567, 3571, 3591, 3621, 3629]","[848, 1238, 1571, 1815, 2252, 2470, 2823]",3629,92,3537,7,85,3537,0
0.5,HSAT3,"[7, 32, 66, 160, 252, 257, 280, 327, 337, 350, 607, 617, 629, 646, 655, 755, 796, 825, 892, 903, 912, 1071, 1192, 1287, 1384, 1519, 1523, 1538, 1578, 1735, 1770, 1841, 1849, 1878, 1936, 1947, 1953, 1991, 2044, 2057, 2077, 2101, 2122, 2218, 2225, 2274, 2316, 2318, 2409, 2435, 2451, 2678, 2803, 2846, 2885, 2892, 2990, 3058, 3243, 3276, 3282, 3311, 3590, 3661, 3696, 3723, 3825, 3968, 4114, 4190, 4222, 4249, 4254, 4266, 4330, 4374, 4422, 4447, 4467, 4516, 4648, 4708, 4715, 4742, 4746, 4823, 4931, 4945, 4978, 4992, 5095, 5174, 5305, 5311, 5443, 5575, 5579, 5612, 5717, 5747, 5776, 5843, 5947, 6015, 6019, 6023, 6059, 6120, 6185, 6235, 6395, 6399, 6459, 6520, 6645, 6665, 6811, 6830, 6858, 6879, 6934, 6938, 7075, 7102, 7225, 7231, 7244, 7318, 7384, 7442, 7463, 7495, 7522, 7658, 7666, 7674, 7718, 7829, 7880, 8001, 8032, 8050, 8072, 8128, 8152, 8194, 8303, 8344, 8396, 8481, 8492, 8529, 8536, 8540, 8544, 8551, 8570, 8733, 8836, 8874, 8933, 9005, 9018, 9045, 9095, 9139, 9205, 9219, 9224, 9260, 9404, 9446, 9608, 9625, 9717, 9730, 9816, 9915, 9980, 10046, 10089, 10096, 10116, 10131, 10133, 10159, 10189, 10195, 10205, 10336, 10401, 10405, 10429, 10463, 10547, 10591, 10621, 10689, 10776, 10839, 10859, 10914, 10918, 10927, 10948, 10975, 11051, 11077, 11090, 11168, 11278, 11303, 11320, 11324, 11344, 11390, 11430, 11450, 11467, 11537, 11547, 11576, 11660, 11718, 11748, 11773, 11834, 11847, 11854, 11916, 11977, 12007, 12023, 12057, 12084, 12165, 12233, 12249, 12309, 12370, 12396, 12482, 12484, 12541, 12547, 12555, 12579, 12719, 12793, 12823, 12834, 12972, 13036, 13056, 13092, 13146, 13155, 13223, 13364, 13390, 13451, 13469, 13487, 13502, 13514, 13589, 13619, 13625, 13660, 13764, 13775, 13791, 13806, 13850, 13987, 14001, 14099, 14132, 14180]","[646, 3311, 6059, 7102, 8303, 10401]","[7, 32, 66, 160, 252, 257, 280, 327, 337, 350, 607, 617, 629, 655, 755, 796, 825, 892, 903, 912, 1071, 1192, 1287, 1384, 1519, 1523, 1538, 1578, 1735, 1770, 1841, 1849, 1878, 1936, 1947, 1953, 1991, 2044, 2057, 2077, 2101, 2122, 2218, 2225, 2274, 2316, 2318, 2409, 2435, 2451, 2678, 2803, 2846, 2885, 2892, 2990, 3058, 3243, 3276, 3282, 3590, 3661, 3696, 3723, 3825, 3968, 4114, 4190, 4222, 4249, 4254, 4266, 4330, 4374, 4422, 4447, 4467, 4516, 4648, 4708, 4715, 4742, 4746, 4823, 4931, 4945, 4978, 4992, 5095, 5174, 5305, 5311, 5443, 5575, 5579, 5612, 5717, 5747, 5776, 5843, 5947, 6015, 6019, 6023, 6120, 6185, 6235, 6395, 6399, 6459, 6520, 6645, 6665, 6811, 6830, 6858, 6879, 6934, 6938, 7075, 7225, 7231, 7244, 7318, 7384, 7442, 7463, 7495, 7522, 7658, 7666, 7674, 7718, 7829, 7880, 8001, 8032, 8050, 8072, 8128, 8152, 8194, 8344, 8396, 8481, 8492, 8529, 8536, 8540, 8544, 8551, 8570, 8733, 8836, 8874, 8933, 9005, 9018, 9045, 9095, 9139, 9205, 9219, 9224, 9260, 9404, 9446, 9608, 9625, 9717, 9730, 9816, 9915, 9980, 10046, 10089, 10096, 10116, 10131, 10133, 10159, 10189, 10195, 10205, 10336, 10405, 10429, 10463, 10547, 10591, 10621, 10689, 10776, 10839, 10859, 10914, 10918, 10927, 10948, 10975, 11051, 11077, 11090, 11168, 11278, 11303, 11320, 11324, 11344, 11390, 11430, 11450, 11467, 11537, 11547, 11576, 11660, 11718, 11748, 11773, 11834, 11847, 11854, 11916, 11977, 12007, 12023, 12057, 12084, 12165, 12233, 12249, 12309, 12370, 12396, 12482, 12484, 12541, 12547, 12555, 12579, 12719, 12793, 12823, 12834, 12972, 13036, 13056, 13092, 13146, 13155, 13223, 13364, 13390, 13451, 13469, 13487, 13502, 13514, 13589, 13619, 13625, 13660, 13764, 13775, 13791, 13806, 13850, 13987, 14001, 14099, 14132, 14180]","[646, 3311, 6059, 7102, 8303, 10401]",14198,279,13919,6,273,13919,0
0.5,HSATPCP1,"[26, 80, 133, 146, 158, 289, 292, 296, 302, 355, 361, 456, 469, 496, 528, 534, 612, 630, 673, 705, 753, 806, 831, 970, 989, 1076, 1079, 1142, 1165, 1173, 1215, 1257, 1316, 1444, 1473, 1504, 1518, 1550, 1601, 1674, 1680, 1723, 1770, 1782, 1795, 1838, 1870, 1920, 1930, 1988, 1994, 2029, 2127, 2133, 2146, 2173, 2258, 2304, 2347, 2415, 2433, 2463, 2691, 2723, 2768, 2771, 2781, 2840, 2846, 2875, 2879, 2889, 2970, 3013, 3045, 3091, 3144, 3169, 3277, 3310, 3412, 3584, 3626, 3924, 4006, 4036, 4063, 4080, 4245, 4454, 4475, 4484, 4517, 4544, 4558, 4650, 4726, 4730, 4773, 4777, 4805, 4831, 4843, 4879, 4891, 4901, 4914, 4975, 5008, 5023, 5058, 5216, 5254, 5273, 5305, 5389, 5394, 5407, 5424, 5426, 5431, 5489, 5503, 5509, 5516, 5525, 5548, 5579, 5611, 5669, 5769, 5802, 5887, 5924, 5934, 5980, 5989, 6004, 6016, 6024, 6062, 6074, 6084, 6099, 6105, 6277, 6364, 6382, 6429, 6442, 6519, 6561, 6566, 6630, 6642, 6670, 6777, 6800, 6830, 6839, 6843, 6860, 6865, 6999, 7003, 7008, 7017, 7022, 7115, 7182, 7199, 7203, 7267, 7299, 7359, 7430, 7470, 7495, 7698, 7755, 7763, 7808, 7846, 7854, 7883, 7927, 7969, 7979, 8029, 8093, 8109, 8120, 8163, 8202, 8207, 8232, 8304, 8355, 8488, 8515, 8529, 8701, 8708, 8714, 8748, 8786, 8814, 8889, 8902, 8947, 9023, 9036, 9095, 9101, 9191, 9193, 9286, 9304, 9405, 9444, 9449]","[5389, 6382, 7267]","[26, 80, 133, 146, 158, 289, 292, 296, 302, 355, 361, 456, 469, 496, 528, 534, 612, 630, 673, 705, 753, 806, 831, 970, 989, 1076, 1079, 1142, 1165, 1173, 1215, 1257, 1316, 1444, 1473, 1504, 1518, 1550, 1601, 1674, 1680, 1723, 1770, 1782, 1795, 1838, 1870, 1920, 1930, 1988, 1994, 2029, 2127, 2133, 2146, 2173, 2258, 2304, 2347, 2415, 2433, 2463, 2691, 2723, 2768, 2771, 2781, 2840, 2846, 2875, 2879, 2889, 2970, 3013, 3045, 3091, 3144, 3169, 3277, 3310, 3412, 3584, 3626, 3924, 4006, 4036, 4063, 4080, 4245, 4454, 4475, 4484, 4517, 4544, 4558, 4650, 4726, 4730, 4773, 4777, 4805, 4831, 4843, 4879, 4891, 4901, 4914, 4975, 5008, 5023, 5058, 5216, 5254, 5273, 5305, 5394, 5407, 5424, 5426, 5431, 5489, 5503, 5509, 5516, 5525, 5548, 5579, 5611, 5669, 5769, 5802, 5887, 5924, 5934, 5980, 5989, 6004, 6016, 6024, 6062, 6074, 6084, 6099, 6105, 6277, 6364, 6429, 6442, 6519, 6561, 6566, 6630, 6642, 6670, 6777, 6800, 6830, 6839, 6843, 6860, 6865, 6999, 7003, 7008, 7017, 7022, 7115, 7182, 7199, 7203, 7299, 7359, 7430, 7470, 7495, 7698, 7755, 7763, 7808, 7846, 7854, 7883, 7927, 7969, 7979, 8029, 8093, 8109, 8120, 8163, 8202, 8207, 8232, 8304, 8355, 8488, 8515, 8529, 8701, 8708, 8714, 8748, 8786, 8814, 8889, 8902, 8947, 9023, 9036, 9095, 9101, 9191, 9193, 9286, 9304, 9405, 9444, 9449]","[5389, 6382, 7267]",9449,221,9228,3,218,9228,0
0.5,HSATPCP2,"[6, 41, 107, 195, 239, 302, 317, 398, 438, 558, 662, 688, 778, 887, 964, 1049, 1143, 1205, 1210, 1289, 1294, 1514, 1531, 1546, 1626, 1632, 1671, 1683, 1692, 1695, 1701, 1704, 1707, 1710, 1713, 1716, 1719, 1722, 1768, 1775, 1818, 1982, 2109, 2150, 2183, 2265, 2282, 2337, 2402, 2550, 2673, 2709, 2745, 2781, 2795, 2996, 3018, 3101, 3258, 3296, 3319, 3326, 3457, 3524, 3536, 3624, 3646, 3666, 3668, 3721, 3787, 3824, 3870, 3890, 3937, 4003, 4013, 4040, 4103, 4174, 4180, 4254, 4337, 4442, 4516, 4532, 4538, 4568, 4641, 4668, 4692, 4738, 4743, 4757, 4794, 4878, 4907, 4954, 4982, 4997, 5026, 5066, 5134, 5220, 5238, 5310, 5324, 5329, 5342, 5367, 5497, 5537, 5556, 5765, 5847, 5894, 6152, 6187, 6407, 6428, 6432, 6460, 6487, 6504, 6599, 6876, 6916, 6931, 6935, 6963, 6990, 7005, 7016, 7164, 7171, 7245, 7247, 7310, 7410, 7468, 7490, 7494, 7690, 7703, 7756, 7762, 7768, 7805, 7843, 7851, 7895, 7908, 8081, 8156, 8188, 8197, 8218, 8222, 8252, 8306, 8316, 8414, 8435, 8468, 8477, 8481, 8578, 8599, 8638, 8664, 8689, 8720, 8929, 8957, 9032, 9154, 9167, 9194, 9198, 9212, 9244, 9355, 9367, 9502, 9507, 9573, 9584, 9594, 9596, 9611, 9627, 9637, 9647, 9689, 9693, 9720, 9752, 9770, 9790, 9857, 9932, 9987, 9993, 10040, 10048, 10099, 10117, 10162, 10195, 10231, 10238, 10268, 10332, 10359, 10423, 10669, 10918, 10966, 11009, 11056, 11156, 11231, 11265, 11404, 11516, 11530, 11602, 11674, 11680, 11686, 11693, 11714, 11728, 11736, 11789, 11802, 11822, 11846, 11878, 11926, 11995, 12001, 12014, 12044, 12113, 12115, 12119, 12123, 12127, 12243, 12248, 12281, 12286, 12342, 12374, 12419, 12432, 12491, 12497, 12501, 12540, 12698, 12965, 12969, 13004, 13012, 13157, 13233, 13249, 13353, 13419, 13435, 13525, 13668, 13676, 13710, 13737, 13789, 13810, 13871, 13888, 13946, 13980, 14007, 14022, 14024, 14135, 14163, 14371, 14383, 14400, 14466, 14535, 14600, 14726, 14752, 14789, 14794, 14803, 14848, 14859, 14954, 14960, 14976, 14985]","[7490, 10195, 10918]","[6, 41, 107, 195, 239, 302, 317, 398, 438, 558, 662, 688, 778, 887, 964, 1049, 1143, 1205, 1210, 1289, 1294, 1514, 1531, 1546, 1626, 1632, 1671, 1683, 1692, 1695, 1701, 1704, 1707, 1710, 1713, 1716, 1719, 1722, 1768, 1775, 1818, 1982, 2109, 2150, 2183, 2265, 2282, 2337, 2402, 2550, 2673, 2709, 2745, 2781, 2795, 2996, 3018, 3101, 3258, 3296, 3319, 3326, 3457, 3524, 3536, 3624, 3646, 3666, 3668, 3721, 3787, 3824, 3870, 3890, 3937, 4003, 4013, 4040, 4103, 4174, 4180, 4254, 4337, 4442, 4516, 4532, 4538, 4568, 4641, 4668, 4692, 4738, 4743, 4757, 4794, 4878, 4907, 4954, 4982, 4997, 5026, 5066, 5134, 5220, 5238, 5310, 5324, 5329, 5342, 5367, 5497, 5537, 5556, 5765, 5847, 5894, 6152, 6187, 6407, 6428, 6432, 6460, 6487, 6504, 6599, 6876, 6916, 6931, 6935, 6963, 6990, 7005, 7016, 7164, 7171, 7245, 7247, 7310, 7410, 7468, 7494, 7690, 7703, 7756, 7762, 7768, 7805, 7843, 7851, 7895, 7908, 8081, 8156, 8188, 8197, 8218, 8222, 8252, 8306, 8316, 8414, 8435, 8468, 8477, 8481, 8578, 8599, 8638, 8664, 8689, 8720, 8929, 8957, 9032, 9154, 9167, 9194, 9198, 9212, 9244, 9355, 9367, 9502, 9507, 9573, 9584, 9594, 9596, 9611, 9627, 9637, 9647, 9689, 9693, 9720, 9752, 9770, 9790, 9857, 9932, 9987, 9993, 10040, 10048, 10099, 10117, 10162, 10231, 10238, 10268, 10332, 10359, 10423, 10669, 10966, 11009, 11056, 11156, 11231, 11265, 11404, 11516, 11530, 11602, 11674, 11680, 11686, 11693, 11714, 11728, 11736, 11789, 11802, 11822, 11846, 11878, 11926, 11995, 12001, 12014, 12044, 12113, 12115, 12119, 12123, 12127, 12243, 12248, 12281, 12286, 12342, 12374, 12419, 12432, 12491, 12497, 12501, 12540, 12698, 12965, 12969, 13004, 13012, 13157, 13233, 13249, 13353, 13419, 13435, 13525, 13668, 13676, 13710, 13737, 13789, 13810, 13871, 13888, 13946, 13980, 14007, 14022, 14024, 14135, 14163, 14371, 14383, 14400, 14466, 14535, 14600, 14726, 14752, 14789, 14794, 14803, 14848, 14859, 14954, 14960, 14976, 14985]","[7490, 10195, 10918]",15008,305,14703,3,302,14703,0
0.5,HSB3A,"[19, 105, 158, 201, 223, 244, 303, 320, 353, 462, 482, 580, 720, 739, 779, 791, 859, 863, 890, 905, 908, 949, 983, 989, 994, 998, 1021, 1052, 1118, 1120, 1129, 1139, 1168, 1175, 1224, 1292, 1325, 1424, 1432, 1451, 1574, 1717, 1843, 1847, 1878, 1901, 1918, 1940, 2033, 2085, 2108, 2135, 2210, 2285, 2394, 2455, 2606, 2623, 2640, 2647, 2655, 2659, 2670, 2674, 2682, 2708, 2714, 2725, 2732, 2734, 2744, 2747, 2765, 2983, 3021, 3047, 3128, 3139, 3144, 3166, 3194, 3199, 3203, 3314, 3425, 3474, 3566, 3631]",[1843],"[19, 105, 158, 201, 223, 244, 303, 320, 353, 462, 482, 580, 720, 739, 779, 791, 859, 863, 890, 905, 908, 949, 983, 989, 994, 998, 1021, 1052, 1118, 1120, 1129, 1139, 1168, 1175, 1224, 1292, 1325, 1424, 1432, 1451, 1574, 1717, 1847, 1878, 1901, 1918, 1940, 2033, 2085, 2108, 2135, 2210, 2285, 2394, 2455, 2606, 2623, 2640, 2647, 2655, 2659, 2670, 2674, 2682, 2708, 2714, 2725, 2732, 2734, 2744, 2747, 2765, 2983, 3021, 3047, 3128, 3139, 3144, 3166, 3194, 3199, 3203, 3314, 3425, 3474, 3566, 3631]",[1843],3675,88,3587,1,87,3587,0
0.5,HSBGPG,"[29, 151, 169, 378, 419, 428, 560, 595, 790, 817, 832, 850, 856, 1055, 1058, 1081, 1096, 1143, 1147, 1187, 1193, 1212, 1235, 1283, 1288, 1340, 1344, 1362, 1369, 1421, 1428, 1532, 1585, 1593, 1597, 1617, 1628, 1645]","[560, 850, 1096]","[29, 151, 169, 378, 419, 428, 595, 790, 817, 832, 856, 1055, 1058, 1081, 1143, 1147, 1187, 1193, 1212, 1235, 1283, 1288, 1340, 1344, 1362, 1369, 1421, 1428, 1532, 1585, 1593, 1597, 1617, 1628, 1645]","[560, 850, 1096]",1667,38,1629,3,35,1629,0
0.5,HSBSF2,"[76, 111, 123, 238, 274, 284, 318, 335, 354, 463, 477, 501, 544, 565, 631, 874, 906, 1024, 1086, 1242, 1281, 1291, 1293, 1304, 1355, 1360, 1437, 1464, 1491, 1550, 1587, 1621, 1645, 1647, 1696, 1747, 1788, 1869, 1873, 1917, 1959, 1986, 2089, 2107, 2189, 2220, 2241, 2333, 2450, 2472, 2605, 2620, 2638, 2647, 2654, 2656, 2748, 2816, 2847, 2851, 2857, 2930, 2945, 2956, 2997, 3022, 3070, 3106, 3178, 3300, 3336, 3466, 3499, 3510, 3536, 3556, 3566, 3601, 3605, 3629, 3631, 3708, 3772, 3776, 3809, 3835, 3906, 3926, 3988, 4044, 4061, 4076, 4086, 4154, 4202, 4289, 4317, 4321, 4358, 4427, 4443, 4505, 4527, 4574, 4656, 4665, 4675, 4688, 4715, 4824, 4885, 4895, 4943, 4947, 4992, 5025, 5039, 5052, 5110, 5140, 5180, 5506, 5556, 5613, 5621, 5668, 5688, 5713, 5817, 5889, 5944, 5953]","[1242, 1587, 2748, 3601]","[76, 111, 123, 238, 274, 284, 318, 335, 354, 463, 477, 501, 544, 565, 631, 874, 906, 1024, 1086, 1281, 1291, 1293, 1304, 1355, 1360, 1437, 1464, 1491, 1550, 1621, 1645, 1647, 1696, 1747, 1788, 1869, 1873, 1917, 1959, 1986, 2089, 2107, 2189, 2220, 2241, 2333, 2450, 2472, 2605, 2620, 2638, 2647, 2654, 2656, 2816, 2847, 2851, 2857, 2930, 2945, 2956, 2997, 3022, 3070, 3106, 3178, 3300, 3336, 3466, 3499, 3510, 3536, 3556, 3566, 3605, 3629, 3631, 3708, 3772, 3776, 3809, 3835, 3906, 3926, 3988, 4044, 4061, 4076, 4086, 4154, 4202, 4289, 4317, 4321, 4358, 4427, 4443, 4505, 4527, 4574, 4656, 4665, 4675, 4688, 4715, 4824, 4885, 4895, 4943, 4947, 4992, 5025, 5039, 5052, 5110, 5140, 5180, 5506, 5556, 5613, 5621, 5668, 5688, 5713, 5817, 5889, 5944, 5953]","[1242, 1587, 2748, 3601]",5953,132,5821,4,128,5821,0
0.5,HSCBMYHC,"[45, 51, 62, 172, 264, 278, 297, 301, 345, 369, 401, 411, 467, 469, 536, 649, 778, 842, 860, 897, 924, 948, 1008, 1100, 1225, 1294, 1453, 1498, 1527, 1559, 1577, 1581, 1736, 1771, 1814, 1858, 2178, 2228, 2258, 2477, 2482, 2489, 2495, 2532, 2583, 2687, 2694, 2715, 2721, 2735, 2805, 2807, 2809, 2811, 2813, 2815, 2817, 2819, 2821, 2823, 2825, 2827, 2829, 2858, 2868, 2902, 2911, 2917, 2927, 2931, 2971, 2991, 2995, 3008, 3016, 3063, 3077, 3085, 3105, 3175, 3181, 3193, 3218, 3286, 3293, 3301, 3349, 3493, 3504, 3514, 3524, 3542, 3555, 3592, 3607, 3620, 3639, 3661, 3717, 3784, 3819, 3828, 3833, 3932, 3967, 4025, 4065, 4092, 4207, 4263, 4289, 4447, 4560, 4585, 4595, 4612, 4634, 4644, 4657, 4776, 4881, 4900, 4906, 4921, 4996, 5041, 5122, 5379, 5394, 5397, 5471, 5485, 5576, 5644, 5661, 5708, 5756, 6044, 6054, 6069, 6116, 6160, 6194, 6293, 6354, 6379, 6529, 6567, 6668, 6694, 6810, 6814, 6834, 6952, 6969, 6986, 7026, 7094, 7246, 7250, 7351, 7393, 7567, 7571, 7575, 7594, 7609, 7671, 7705, 7716, 7735, 7753, 7889, 7894, 7912, 7939, 7958, 7962, 8095, 8227, 8262, 8354, 8403, 8536, 8638, 8647, 8672, 8699, 8789, 8837, 8850, 8856, 8867, 8898, 8924, 8933, 8950, 9024, 9059, 9084, 9128, 9174, 9194, 9274, 9283, 9288, 9526, 9626, 9788, 9885, 9907, 9909, 9915, 9920, 9985, 9989, 10076, 10090, 10145, 10179, 10181, 10195, 10457, 10530, 10535, 10554, 10582, 10594, 10622, 10652, 10667, 10730, 10743, 10861, 10877, 10881, 11139, 11302, 11339, 11483, 11516, 11520, 11529, 11536, 11847, 11874, 11962, 12039, 12057, 12082, 12155, 12159, 12167, 12229, 12277, 12303, 12405, 12427, 12528, 12635, 12657, 12692, 12765, 12786, 12825, 12829, 12849, 12890, 12969, 12988, 13022, 13037, 13099, 13187, 13294, 13333, 13342, 13445, 13849, 13882, 13887, 14001, 14042, 14177, 14210, 14352, 14386, 14394, 14520, 14571, 14589, 14617, 14631, 14633, 14635, 14637, 14639, 14641, 14643, 14645, 14647, 14649, 14651, 14653, 14655, 14657, 14659, 14661, 14663, 14665, 14667, 14669, 14671, 14700, 14705, 14761, 14768, 14771, 14806, 14929, 14943, 15120, 15165, 15178, 15209, 15221, 15253, 15298, 15303, 15370, 15375, 15416, 15643, 15683, 15707, 15784, 15900, 15948, 16007, 16013, 16076, 16112, 16148, 16314, 16321, 16384, 16403, 16410, 16512, 16618, 16665, 16799, 16875, 16945, 16969, 17120, 17125, 17257, 17284, 17288, 17311, 17368, 17512, 17594, 17651, 17658, 17811, 17815, 17895, 18138, 18228, 18288, 18480, 18590, 18734, 18766, 18777, 18890, 18896, 19047, 19094, 19130, 19194, 19214, 19262, 19460, 19469, 19527, 19588, 19596, 19688, 19826, 19846, 19904, 19910, 19970, 19981, 20028, 20057, 20084, 20132, 20176, 20319, 20374, 20544, 20582, 20604, 20606, 20608, 20610, 20628, 20731, 20742, 20757, 20964, 21087, 21111, 21289, 21292, 21352, 21466, 21495, 21505, 21576, 21669, 21747, 21755, 21810, 21818, 21839, 22037, 22088, 22133, 22149, 22153, 22174, 22369, 22419, 22423, 22474, 22486, 22521, 22643, 22742, 22851, 22873, 22971, 23043, 23176, 23209, 23241, 23255, 23265, 23320, 23400, 23421, 23454, 23458, 23605, 23659, 23684, 23701, 23830, 23899, 23993, 24013, 24068, 24128, 24143, 24278, 24308, 24445, 24455, 24471, 24695, 24702, 24716, 24721, 24751, 24755, 24794, 24854, 24877, 24891, 24901, 24926, 24966]","[4595, 5041, 5485, 5644, 6354, 6529, 6694, 7246, 7567, 8354, 8898, 9174, 9626, 10530, 10877, 11339, 12155, 12427, 12829, 13342, 14210, 14571, 15900, 17120, 18228, 18590, 18896, 19262, 19970, 20319, 20604, 21466, 21839, 22088, 22474, 23454, 23701]","[45, 51, 62, 172, 264, 278, 297, 301, 345, 369, 401, 411, 467, 469, 536, 649, 778, 842, 860, 897, 924, 948, 1008, 1100, 1225, 1294, 1453, 1498, 1527, 1559, 1577, 1581, 1736, 1771, 1814, 1858, 2178, 2228, 2258, 2477, 2482, 2489, 2495, 2532, 2583, 2687, 2694, 2715, 2721, 2735, 2805, 2807, 2809, 2811, 2813, 2815, 2817, 2819, 2821, 2823, 2825, 2827, 2829, 2858, 2868, 2902, 2911, 2917, 2927, 2931, 2971, 2991, 2995, 3008, 3016, 3063, 3077, 3085, 3105, 3175, 3181, 3193, 3218, 3286, 3293, 3301, 3349, 3493, 3504, 3514, 3524, 3542, 3555, 3592, 3607, 3620, 3639, 3661, 3717, 3784, 3819, 3828, 3833, 3932, 3967, 4025, 4065, 4092, 4207, 4263, 4289, 4447, 4560, 4585, 4612, 4634, 4644, 4657, 4776, 4881, 4900, 4906, 4921, 4996, 5122, 5379, 5394, 5397, 5471, 5576, 5661, 5708, 5756, 6044, 6054, 6069, 6116, 6160, 6194, 6293, 6379, 6567, 6668, 6810, 6814, 6834, 6952, 6969, 6986, 7026, 7094, 7250, 7351, 7393, 7571, 7575, 7594, 7609, 7671, 7705, 7716, 7735, 7753, 7889, 7894, 7912, 7939, 7958, 7962, 8095, 8227, 8262, 8403, 8536, 8638, 8647, 8672, 8699, 8789, 8837, 8850, 8856, 8867, 8924, 8933, 8950, 9024, 9059, 9084, 9128, 9194, 9274, 9283, 9288, 9526, 9788, 9885, 9907, 9909, 9915, 9920, 9985, 9989, 10076, 10090, 10145, 10179, 10181, 10195, 10457, 10535, 10554, 10582, 10594, 10622, 10652, 10667, 10730, 10743, 10861, 10881, 11139, 11302, 11483, 11516, 11520, 11529, 11536, 11847, 11874, 11962, 12039, 12057, 12082, 12159, 12167, 12229, 12277, 12303, 12405, 12528, 12635, 12657, 12692, 12765, 12786, 12825, 12849, 12890, 12969, 12988, 13022, 13037, 13099, 13187, 13294, 13333, 13445, 13849, 13882, 13887, 14001, 14042, 14177, 14352, 14386, 14394, 14520, 14589, 14617, 14631, 14633, 14635, 14637, 14639, 14641, 14643, 14645, 14647, 14649, 14651, 14653, 14655, 14657, 14659, 14661, 14663, 14665, 14667, 14669, 14671, 14700, 14705, 14761, 14768, 14771, 14806, 14929, 14943, 15120, 15165, 15178, 15209, 15221, 15253, 15298, 15303, 15370, 15375, 15416, 15643, 15683, 15707, 15784, 15948, 16007, 16013, 16076, 16112, 16148, 16314, 16321, 16384, 16403, 16410, 16512, 16618, 16665, 16799, 16875, 16945, 16969, 17125, 17257, 17284, 17288, 17311, 17368, 17512, 17594, 17651, 17658, 17811, 17815, 17895, 18138, 18288, 18480, 18734, 18766, 18777, 18890, 19047, 19094, 19130, 19194, 19214, 19460, 19469, 19527, 19588, 19596, 19688, 19826, 19846, 19904, 19910, 19981, 20028, 20057, 20084, 20132, 20176, 20374, 20544, 20582, 20606, 20608, 20610, 20628, 20731, 20742, 20757, 20964, 21087, 21111, 21289, 21292, 21352, 21495, 21505, 21576, 21669, 21747, 21755, 21810, 21818, 22037, 22133, 22149, 22153, 22174, 22369, 22419, 22423, 22486, 22521, 22643, 22742, 22851, 22873, 22971, 23043, 23176, 23209, 23241, 23255, 23265, 23320, 23400, 23421, 23458, 23605, 23659, 23684, 23830, 23899, 23993, 24013, 24068, 24128, 24143, 24278, 24308, 24445, 24455, 24471, 24695, 24702, 24716, 24721, 24751, 24755, 24794, 24854, 24877, 24891, 24901, 24926, 24966]","[4595, 5041, 5485, 5644, 6354, 6529, 6694, 7246, 7567, 8354, 8898, 9174, 9626, 10530, 10877, 11339, 12155, 12427, 12829, 13342, 14210, 14571, 15900, 17120, 18228, 18590, 18896, 19262, 19970, 20319, 20604, 21466, 21839, 22088, 22474, 23454, 23701]",24992,487,24505,37,450,24505,0
0.5,HSCD14G,"[30, 56, 58, 79, 89, 136, 159, 165, 187, 209, 286, 317, 393, 395, 406, 412, 486, 499, 514, 529, 544, 562, 575, 585, 697, 702, 763, 811, 961, 963, 986, 1036, 1114, 1204, 1314, 1318, 1324, 1339, 1427, 1496, 1553]",[159],"[30, 56, 58, 79, 89, 136, 165, 187, 209, 286, 317, 393, 395, 406, 412, 486, 499, 514, 529, 544, 562, 575, 585, 697, 702, 763, 811, 961, 963, 986, 1036, 1114, 1204, 1314, 1318, 1324, 1339, 1427, 1496, 1553]",[159],1562,41,1521,1,40,1521,0
0.5,HSCKBG,"[93, 98, 129, 135, 236, 251, 347, 381, 395, 508, 554, 587, 601, 657, 670, 876, 880, 1075, 1101, 1244, 1261, 1341, 1426, 1471, 1484, 1493, 1619, 1733, 1817, 1824, 2068, 2099, 2124, 2145, 2373, 2380, 2458, 2518, 2529, 2552, 2570, 2597, 2638, 2643, 2746, 2789, 2800, 2877, 2917, 2992, 3022, 3075, 3077, 3141, 3174, 3220, 3224, 3280, 3434, 3484, 3521, 3534, 3603, 3620, 3671, 3680, 3689, 3692, 3701, 3834, 3887, 3909, 3988, 4062, 4078, 4102, 4166]","[1341, 1619, 1824, 2380, 3174, 3521]","[93, 98, 129, 135, 236, 251, 347, 381, 395, 508, 554, 587, 601, 657, 670, 876, 880, 1075, 1101, 1244, 1261, 1426, 1471, 1484, 1493, 1733, 1817, 2068, 2099, 2124, 2145, 2373, 2458, 2518, 2529, 2552, 2570, 2597, 2638, 2643, 2746, 2789, 2800, 2877, 2917, 2992, 3022, 3075, 3077, 3141, 3220, 3224, 3280, 3434, 3484, 3534, 3603, 3620, 3671, 3680, 3689, 3692, 3701, 3834, 3887, 3909, 3988, 4062, 4078, 4102, 4166]","[1341, 1619, 1824, 2380, 3174, 3521]",4192,77,4115,6,71,4115,0
0.5,HSCOMT2,"[31, 64, 140, 197, 220, 284, 329, 367, 409, 448, 528, 539, 549, 583, 589, 600, 636, 703, 709, 734, 736, 784, 911, 936, 1064, 1075, 1102, 1110, 1193, 1261, 1283, 1285, 1289, 1389, 1398, 1401, 1439, 1495, 1527, 1563, 1601, 1614, 1630, 1651, 1696, 1782, 1806, 1845, 1909, 1932, 1947, 1959, 2004, 2045, 2122, 2128, 2132, 2148, 2152, 2154, 2160, 2188, 2192, 2208, 2212, 2220, 2246, 2258, 2299, 2350, 2378, 2403, 2431, 2467, 2477, 2513, 2523, 2547, 2551, 2561, 2589, 2651, 2667, 2742, 2755, 2774, 2785, 2827, 2884, 2897, 2920, 2980, 2983, 3082, 3091, 3100, 3458, 3495, 3503, 3536, 3580, 3628]","[1630, 1959, 2378]","[31, 64, 140, 197, 220, 284, 329, 367, 409, 448, 528, 539, 549, 583, 589, 600, 636, 703, 709, 734, 736, 784, 911, 936, 1064, 1075, 1102, 1110, 1193, 1261, 1283, 1285, 1289, 1389, 1398, 1401, 1439, 1495, 1527, 1563, 1601, 1614, 1651, 1696, 1782, 1806, 1845, 1909, 1932, 1947, 2004, 2045, 2122, 2128, 2132, 2148, 2152, 2154, 2160, 2188, 2192, 2208, 2212, 2220, 2246, 2258, 2299, 2350, 2403, 2431, 2467, 2477, 2513, 2523, 2547, 2551, 2561, 2589, 2651, 2667, 2742, 2755, 2774, 2785, 2827, 2884, 2897, 2920, 2980, 2983, 3082, 3091, 3100, 3458, 3495, 3503, 3536, 3580, 3628]","[1630, 1959, 2378]",3643,102,3541,3,99,3541,0
0.5,HSCPH70,"[11, 189, 205, 297, 324, 341, 407, 477, 561, 568, 633, 660, 676, 718, 773, 829, 844, 865, 926, 944, 1057, 1153, 1302, 1349, 1363, 1438, 1584, 1611, 1648, 1729, 1746, 1768, 1778, 1784, 1791, 1888, 1953, 2020, 2041, 2163, 2226, 2228, 2252, 2296, 2336, 2354, 2398, 2423, 2449, 2552, 2563, 2669, 2724, 2820, 2936, 2978, 2990, 3031, 3051, 3115, 3172, 3200, 3229, 3260, 3305, 3318, 3382, 3395, 3416, 3450, 3506, 3561, 3574, 3602, 3675, 3697, 3741, 3762, 3794, 3831, 3847, 3858, 3895, 3899, 3901, 3906, 4028, 4054, 4069, 4077, 4120, 4156, 4204, 4243, 4249, 4253, 4255, 4257, 4259, 4261, 4283, 4402, 4407, 4602, 4629, 4632, 4659, 4801, 4807, 4960, 4972, 5021, 5060, 5160, 5217, 5241, 5251, 5278, 5376, 5390, 5455, 5562, 5590, 5617, 5666, 5670, 5750, 5872, 5948, 5980, 6007, 6024, 6051, 6065, 6215, 6246, 6432, 6584, 6603, 6650, 6693]","[1729, 4204, 4407, 4801]","[11, 189, 205, 297, 324, 341, 407, 477, 561, 568, 633, 660, 676, 718, 773, 829, 844, 865, 926, 944, 1057, 1153, 1302, 1349, 1363, 1438, 1584, 1611, 1648, 1746, 1768, 1778, 1784, 1791, 1888, 1953, 2020, 2041, 2163, 2226, 2228, 2252, 2296, 2336, 2354, 2398, 2423, 2449, 2552, 2563, 2669, 2724, 2820, 2936, 2978, 2990, 3031, 3051, 3115, 3172, 3200, 3229, 3260, 3305, 3318, 3382, 3395, 3416, 3450, 3506, 3561, 3574, 3602, 3675, 3697, 3741, 3762, 3794, 3831, 3847, 3858, 3895, 3899, 3901, 3906, 4028, 4054, 4069, 4077, 4120, 4156, 4243, 4249, 4253, 4255, 4257, 4259, 4261, 4283, 4402, 4602, 4629, 4632, 4659, 4807, 4960, 4972, 5021, 5060, 5160, 5217, 5241, 5251, 5278, 5376, 5390, 5455, 5562, 5590, 5617, 5666, 5670, 5750, 5872, 5948, 5980, 6007, 6024, 6051, 6065, 6215, 6246, 6432, 6584, 6603, 6650, 6693]","[1729, 4204, 4407, 4801]",6703,141,6562,4,137,6562,0
0.5,HSCSF1PO,"[10, 115, 175, 238, 314, 341, 359, 409, 454, 496, 522, 528, 534, 569, 648, 678, 779, 783, 847, 911, 956, 971, 977, 984, 993, 1004, 1053, 1122, 1198, 1243, 1290, 1333, 1415, 1433, 1542, 1798, 1815, 1862, 1946, 1965, 1983, 2001, 2003, 2021, 2098, 2102, 2119, 2127, 2141, 2146, 2164, 2202, 2265, 2285, 2374, 2385, 2402, 2428, 2515, 2582, 2591, 2598, 2619, 2661, 2670, 2704, 2816, 3101, 3249, 3283, 3325, 3327, 3367, 3394, 3412, 3434, 3471, 3517, 3536, 3549, 3603, 3616, 3647, 3691, 3732, 3737, 3740, 3777, 3809, 3815, 4118, 4128, 4166, 4248, 4275, 4315, 4367, 4371, 4417, 4441, 4447, 4479, 4508, 4534, 4555, 4658, 4703, 4707, 4825, 4843, 4938, 4940, 4942, 4944, 4946, 4948, 4950, 4952, 4954, 4956, 4958, 4960, 4962, 4964, 4966, 4968, 4970, 4972, 4974, 4976, 4978, 4980, 4982, 4984, 5002, 5027, 5053, 5071, 5073, 5252, 5270, 5393, 5398, 5400, 5409, 5446, 5494, 5510, 5572, 5626, 5647, 5676, 5680, 5682, 5750, 5857, 5956, 6017, 6165, 6173, 6177, 6183, 6214, 6274, 6551, 6563, 6565, 6571, 6579, 6591, 6602, 6644, 6651, 6702, 6706, 6732, 6769, 6793, 6903, 6935, 6938, 7061, 7129, 7145, 7152, 7196, 7249, 7314, 7328, 7358, 7376, 7389, 7391, 7444, 7572, 7647, 7674, 7712, 7741, 7771, 7791, 7809, 7831, 7887, 7943, 7983, 8022, 8037, 8091, 8115, 8119, 8121, 8227, 8239, 8250, 8277, 8287, 8291, 8325, 8354, 8357, 8372, 8374, 8387, 8459, 8486, 8502, 8511, 8521, 8558, 8573, 8577, 8645, 8680, 8684, 8694, 8699, 8725, 8792, 8805, 8843, 8847, 8851, 8853, 8868, 8876, 8888, 8943, 9001, 9016, 9022, 9095, 9097, 9217, 9391, 9403, 9445, 9543, 9545, 9575, 9579, 9595, 9621, 9626, 9637, 9654, 9665, 9702, 9758, 9765, 9774, 9787, 9789, 9816, 9832, 9857, 9876, 9882, 9894, 9908, 9931, 9982, 10001, 10083, 10119, 10134, 10164, 10227, 10249, 10280, 10290, 10360, 10389, 10444, 10448, 10458, 10517, 10641, 10783, 10873, 10975, 11020, 11056, 11059, 11063, 11075, 11078, 11081, 11088, 11092, 11111, 11143, 11291, 11414, 11436, 11483, 11515, 11536, 11659, 11661, 11691, 11707, 11713, 11723, 11759, 11765, 11777, 11785, 11793, 11817, 11874, 11909, 11929, 12016, 12030, 12055, 12101, 12105, 12110, 12153, 12215, 12228, 12236, 12296, 12320, 12328, 12362, 12404, 12436, 12482, 12547, 12638, 12671, 12673, 12690, 12710, 12899, 12907, 12926, 12953, 12967, 12975, 13021, 13025, 13038, 13044, 13223, 13234, 13245, 13276, 13281, 13311, 13331, 13389, 13421, 13436, 13450, 13468, 13480, 13482, 13484, 13486, 13490, 13509, 13526, 13628, 13657, 13729, 13764, 13856, 13873, 13945, 13951, 13964, 14054, 14151, 14221, 14268, 14345, 14381, 14393, 14485, 14493, 14495, 14499, 14503, 14505, 14507, 14509, 14628, 14645, 14683, 14716, 14719, 14736, 14768, 14825, 14846, 14890, 14896, 14926, 15036, 15082, 15131, 15512, 15556, 15682, 15733, 15783, 15792, 15804, 15926, 15952, 16027, 16061, 16088, 16103, 16105, 16115, 16165, 16192, 16290, 16323, 16336, 16506, 16554, 16720, 16740, 16787, 16804, 16837, 16958, 16984, 17027, 17095, 17122, 17132, 17215, 17256, 17272, 17409, 17465, 17480, 17491, 17622, 17643, 17882, 17886, 17968, 17972, 17990, 18002, 18004, 18046, 18105, 18121, 18135, 18156, 18160, 18208, 18212, 18274, 18276, 18290, 18299, 18350, 18356, 18406, 18425, 18465, 18563, 18594, 18657, 18756, 18778, 18780, 18791, 18811, 18949, 19049, 19109, 19394, 19403, 19552, 19570, 19605, 19611, 19613, 19652, 19704, 19724, 19773, 19788, 19848, 19936, 20113, 20123, 20138, 20151, 20159, 20177, 20217, 20244, 20248, 20257, 20283, 20323, 20336, 20373, 20394, 20442, 20484, 20510, 20677, 20693, 20764, 20801, 20870, 20914, 20924, 21072, 21080, 21084, 21119, 21154, 21230, 21237, 21272, 21286, 21307, 21311, 21334, 21348, 21405, 21428, 21438, 21444, 21461, 21482, 21497, 21515, 21519, 21536, 21611, 21629, 21638, 21735, 21781, 21839, 21892, 21927, 21973, 21984, 21988, 22040, 22052, 22083, 22104, 22139, 22157, 22180, 22196, 22203, 22368, 22484, 22642, 22675, 22684, 22730, 22807, 22811, 22866, 22884, 22908, 23086, 23163, 23190, 23198, 23238, 23401, 23437, 23594, 23668, 23912, 23980, 24053, 24059, 24072, 24081, 24190, 24194, 24198, 24247, 24260, 24264, 24281, 24430, 24611, 24703, 24737, 24749, 24774, 24806, 24822, 24903, 24916, 24938, 24972, 25032, 25045, 25151, 25156, 25196, 25234, 25492, 25661, 25690, 25744, 25783, 25815, 25817, 25831, 25836, 25977, 25984, 26033, 26044, 26090, 26095, 26099, 26111, 26271, 26411, 26456, 26486, 26493, 26573, 26605, 26650, 26696, 26719, 26721, 26732, 26764, 26767, 26786, 26815, 26821, 26835, 26837, 26841, 26875, 26888, 26902, 26963, 26983, 27022, 27042, 27080, 27149, 27188, 27289, 27295, 27300, 27453, 27465, 27494, 27576, 27591, 27659, 27756, 27763, 27837, 27864, 27905, 28041, 28185, 28217, 28244, 28271, 28345, 28469, 28486, 28627, 28660, 28680, 28704, 28724, 28764, 28890, 28922, 28924, 28928, 28964, 28989, 29007, 29084, 29128, 29200, 29206, 29301, 29372, 29397, 29403, 29410, 29485, 29504, 29509, 29564, 29682, 29734, 29771, 29782, 29786, 29809, 29926, 29985, 30041, 30145, 30172, 30195, 30214, 30247, 30280, 30316, 30327, 30339, 30341, 30400, 30450, 30482, 30502, 30549, 30657, 30684, 30689, 30730, 30757, 30823, 30890, 30897, 31004, 31040, 31044, 31077, 31103, 31133, 31141, 31158, 31196, 31209, 31254, 31270, 31306, 31346, 31351, 31401, 31408, 31429, 31478, 31514, 31605, 31657, 31663, 31668, 31724, 31739, 31764, 31829, 31836, 31848, 31855, 31903, 31942, 32010, 32015, 32031, 32108, 32129, 32146, 32153, 32201, 32301, 32361, 32378, 32398, 32402, 32408, 32510, 32664, 32748, 32780, 32862, 32894, 32922, 32926, 32930, 32932, 33017, 33041, 33091, 33158, 33196, 33372, 33377, 33463, 33538, 33686, 33698, 33707, 33729, 33743, 33797, 33816, 33832, 33834, 34006, 34010, 34015, 34027, 34031, 34038, 34047, 34137, 34158, 34182, 34276, 34355, 34399, 34417, 34458, 34511, 34668, 34831, 34839, 34851, 34864, 34992, 35034, 35063]","[1965, 7572, 8287, 10227, 11063, 15036, 17882, 18156, 18465, 20123, 26605, 26837, 27465, 28627, 30823, 31040, 32108, 32301, 33091, 34006]","[10, 115, 175, 238, 314, 341, 359, 409, 454, 496, 522, 528, 534, 569, 648, 678, 779, 783, 847, 911, 956, 971, 977, 984, 993, 1004, 1053, 1122, 1198, 1243, 1290, 1333, 1415, 1433, 1542, 1798, 1815, 1862, 1946, 1983, 2001, 2003, 2021, 2098, 2102, 2119, 2127, 2141, 2146, 2164, 2202, 2265, 2285, 2374, 2385, 2402, 2428, 2515, 2582, 2591, 2598, 2619, 2661, 2670, 2704, 2816, 3101, 3249, 3283, 3325, 3327, 3367, 3394, 3412, 3434, 3471, 3517, 3536, 3549, 3603, 3616, 3647, 3691, 3732, 3737, 3740, 3777, 3809, 3815, 4118, 4128, 4166, 4248, 4275, 4315, 4367, 4371, 4417, 4441, 4447, 4479, 4508, 4534, 4555, 4658, 4703, 4707, 4825, 4843, 4938, 4940, 4942, 4944, 4946, 4948, 4950, 4952, 4954, 4956, 4958, 4960, 4962, 4964, 4966, 4968, 4970, 4972, 4974, 4976, 4978, 4980, 4982, 4984, 5002, 5027, 5053, 5071, 5073, 5252, 5270, 5393, 5398, 5400, 5409, 5446, 5494, 5510, 5572, 5626, 5647, 5676, 5680, 5682, 5750, 5857, 5956, 6017, 6165, 6173, 6177, 6183, 6214, 6274, 6551, 6563, 6565, 6571, 6579, 6591, 6602, 6644, 6651, 6702, 6706, 6732, 6769, 6793, 6903, 6935, 6938, 7061, 7129, 7145, 7152, 7196, 7249, 7314, 7328, 7358, 7376, 7389, 7391, 7444, 7647, 7674, 7712, 7741, 7771, 7791, 7809, 7831, 7887, 7943, 7983, 8022, 8037, 8091, 8115, 8119, 8121, 8227, 8239, 8250, 8277, 8291, 8325, 8354, 8357, 8372, 8374, 8387, 8459, 8486, 8502, 8511, 8521, 8558, 8573, 8577, 8645, 8680, 8684, 8694, 8699, 8725, 8792, 8805, 8843, 8847, 8851, 8853, 8868, 8876, 8888, 8943, 9001, 9016, 9022, 9095, 9097, 9217, 9391, 9403, 9445, 9543, 9545, 9575, 9579, 9595, 9621, 9626, 9637, 9654, 9665, 9702, 9758, 9765, 9774, 9787, 9789, 9816, 9832, 9857, 9876, 9882, 9894, 9908, 9931, 9982, 10001, 10083, 10119, 10134, 10164, 10249, 10280, 10290, 10360, 10389, 10444, 10448, 10458, 10517, 10641, 10783, 10873, 10975, 11020, 11056, 11059, 11075, 11078, 11081, 11088, 11092, 11111, 11143, 11291, 11414, 11436, 11483, 11515, 11536, 11659, 11661, 11691, 11707, 11713, 11723, 11759, 11765, 11777, 11785, 11793, 11817, 11874, 11909, 11929, 12016, 12030, 12055, 12101, 12105, 12110, 12153, 12215, 12228, 12236, 12296, 12320, 12328, 12362, 12404, 12436, 12482, 12547, 12638, 12671, 12673, 12690, 12710, 12899, 12907, 12926, 12953, 12967, 12975, 13021, 13025, 13038, 13044, 13223, 13234, 13245, 13276, 13281, 13311, 13331, 13389, 13421, 13436, 13450, 13468, 13480, 13482, 13484, 13486, 13490, 13509, 13526, 13628, 13657, 13729, 13764, 13856, 13873, 13945, 13951, 13964, 14054, 14151, 14221, 14268, 14345, 14381, 14393, 14485, 14493, 14495, 14499, 14503, 14505, 14507, 14509, 14628, 14645, 14683, 14716, 14719, 14736, 14768, 14825, 14846, 14890, 14896, 14926, 15082, 15131, 15512, 15556, 15682, 15733, 15783, 15792, 15804, 15926, 15952, 16027, 16061, 16088, 16103, 16105, 16115, 16165, 16192, 16290, 16323, 16336, 16506, 16554, 16720, 16740, 16787, 16804, 16837, 16958, 16984, 17027, 17095, 17122, 17132, 17215, 17256, 17272, 17409, 17465, 17480, 17491, 17622, 17643, 17886, 17968, 17972, 17990, 18002, 18004, 18046, 18105, 18121, 18135, 18160, 18208, 18212, 18274, 18276, 18290, 18299, 18350, 18356, 18406, 18425, 18563, 18594, 18657, 18756, 18778, 18780, 18791, 18811, 18949, 19049, 19109, 19394, 19403, 19552, 19570, 19605, 19611, 19613, 19652, 19704, 19724, 19773, 19788, 19848, 19936, 20113, 20138, 20151, 20159, 20177, 20217, 20244, 20248, 20257, 20283, 20323, 20336, 20373, 20394, 20442, 20484, 20510, 20677, 20693, 20764, 20801, 20870, 20914, 20924, 21072, 21080, 21084, 21119, 21154, 21230, 21237, 21272, 21286, 21307, 21311, 21334, 21348, 21405, 21428, 21438, 21444, 21461, 21482, 21497, 21515, 21519, 21536, 21611, 21629, 21638, 21735, 21781, 21839, 21892, 21927, 21973, 21984, 21988, 22040, 22052, 22083, 22104, 22139, 22157, 22180, 22196, 22203, 22368, 22484, 22642, 22675, 22684, 22730, 22807, 22811, 22866, 22884, 22908, 23086, 23163, 23190, 23198, 23238, 23401, 23437, 23594, 23668, 23912, 23980, 24053, 24059, 24072, 24081, 24190, 24194, 24198, 24247, 24260, 24264, 24281, 24430, 24611, 24703, 24737, 24749, 24774, 24806, 24822, 24903, 24916, 24938, 24972, 25032, 25045, 25151, 25156, 25196, 25234, 25492, 25661, 25690, 25744, 25783, 25815, 25817, 25831, 25836, 25977, 25984, 26033, 26044, 26090, 26095, 26099, 26111, 26271, 26411, 26456, 26486, 26493, 26573, 26650, 26696, 26719, 26721, 26732, 26764, 26767, 26786, 26815, 26821, 26835, 26841, 26875, 26888, 26902, 26963, 26983, 27022, 27042, 27080, 27149, 27188, 27289, 27295, 27300, 27453, 27494, 27576, 27591, 27659, 27756, 27763, 27837, 27864, 27905, 28041, 28185, 28217, 28244, 28271, 28345, 28469, 28486, 28660, 28680, 28704, 28724, 28764, 28890, 28922, 28924, 28928, 28964, 28989, 29007, 29084, 29128, 29200, 29206, 29301, 29372, 29397, 29403, 29410, 29485, 29504, 29509, 29564, 29682, 29734, 29771, 29782, 29786, 29809, 29926, 29985, 30041, 30145, 30172, 30195, 30214, 30247, 30280, 30316, 30327, 30339, 30341, 30400, 30450, 30482, 30502, 30549, 30657, 30684, 30689, 30730, 30757, 30890, 30897, 31004, 31044, 31077, 31103, 31133, 31141, 31158, 31196, 31209, 31254, 31270, 31306, 31346, 31351, 31401, 31408, 31429, 31478, 31514, 31605, 31657, 31663, 31668, 31724, 31739, 31764, 31829, 31836, 31848, 31855, 31903, 31942, 32010, 32015, 32031, 32129, 32146, 32153, 32201, 32361, 32378, 32398, 32402, 32408, 32510, 32664, 32748, 32780, 32862, 32894, 32922, 32926, 32930, 32932, 33017, 33041, 33158, 33196, 33372, 33377, 33463, 33538, 33686, 33698, 33707, 33729, 33743, 33797, 33816, 33832, 33834, 34010, 34015, 34027, 34031, 34038, 34047, 34137, 34158, 34182, 34276, 34355, 34399, 34417, 34458, 34511, 34668, 34831, 34839, 34851, 34864, 34992, 35034, 35063]","[1965, 7572, 8287, 10227, 11063, 15036, 17882, 18156, 18465, 20123, 26605, 26837, 27465, 28627, 30823, 31040, 32108, 32301, 33091, 34006]",35092,860,34232,20,840,34232,0
0.5,HSCST3G,"[105, 153, 180, 208, 213, 217, 234, 245, 266, 271, 330, 394, 405, 455, 528, 536, 545, 602, 888, 931, 936, 1006, 1145, 1190, 1214, 1227, 1229, 1253, 1261, 1285, 1307, 1310, 1328, 1332, 1404, 1535, 1540, 1661, 1777, 1825, 1853, 1881, 1910, 1920, 1922, 1932, 1937, 1969, 1981, 2091, 2195, 2199, 2210, 2234, 2262, 2342, 2484, 2563, 2570, 2592, 2644, 2723, 2765, 2767, 2806, 2912, 2934, 3011, 3064, 3068, 3120, 3155, 3159, 3178, 3329, 3423, 3443, 3451, 3468, 3495, 3503, 3509, 3514, 3520, 3522, 3526, 3544, 3592, 3610, 3632, 3694, 3740, 3742, 3744, 3746, 3748, 3750, 3752, 3754, 3756, 3758, 3762, 3783, 3795, 3803, 3805, 3815, 3839, 3845, 3851, 3865, 3869, 3871, 3879, 3883, 3904, 3906, 3928, 3930, 3934, 3938, 3948, 3964, 4008, 4047, 4049, 4051, 4053, 4063, 4067, 4077, 4087, 4111, 4117, 4123, 4129, 4139, 4151, 4161, 4173, 4185, 4229, 4300, 4384, 4397, 4468, 4526, 4601, 4620, 4642, 4691, 4720, 4731, 4741, 4793, 4813, 4817, 4825, 4882, 4909, 4978, 5018, 5034, 5038, 5053, 5089, 5109, 5130, 5140, 5241, 5243, 5248, 5374, 5376, 5391, 5518, 5526, 5573, 5581, 5594, 5647, 5661, 5755, 5810, 5816, 5973, 5990, 6079, 6189, 6207, 6231, 6293, 6321, 6361, 6388, 6448, 6521, 6549, 6556, 6582, 6589, 6610, 6632, 6704, 6743, 6782, 6814, 6848, 6852, 6889, 6921, 6949, 6955, 7112, 7153, 7200, 7212]","[1328, 3694]","[105, 153, 180, 208, 213, 217, 234, 245, 266, 271, 330, 394, 405, 455, 528, 536, 545, 602, 888, 931, 936, 1006, 1145, 1190, 1214, 1227, 1229, 1253, 1261, 1285, 1307, 1310, 1332, 1404, 1535, 1540, 1661, 1777, 1825, 1853, 1881, 1910, 1920, 1922, 1932, 1937, 1969, 1981, 2091, 2195, 2199, 2210, 2234, 2262, 2342, 2484, 2563, 2570, 2592, 2644, 2723, 2765, 2767, 2806, 2912, 2934, 3011, 3064, 3068, 3120, 3155, 3159, 3178, 3329, 3423, 3443, 3451, 3468, 3495, 3503, 3509, 3514, 3520, 3522, 3526, 3544, 3592, 3610, 3632, 3740, 3742, 3744, 3746, 3748, 3750, 3752, 3754, 3756, 3758, 3762, 3783, 3795, 3803, 3805, 3815, 3839, 3845, 3851, 3865, 3869, 3871, 3879, 3883, 3904, 3906, 3928, 3930, 3934, 3938, 3948, 3964, 4008, 4047, 4049, 4051, 4053, 4063, 4067, 4077, 4087, 4111, 4117, 4123, 4129, 4139, 4151, 4161, 4173, 4185, 4229, 4300, 4384, 4397, 4468, 4526, 4601, 4620, 4642, 4691, 4720, 4731, 4741, 4793, 4813, 4817, 4825, 4882, 4909, 4978, 5018, 5034, 5038, 5053, 5089, 5109, 5130, 5140, 5241, 5243, 5248, 5374, 5376, 5391, 5518, 5526, 5573, 5581, 5594, 5647, 5661, 5755, 5810, 5816, 5973, 5990, 6079, 6189, 6207, 6231, 6293, 6321, 6361, 6388, 6448, 6521, 6549, 6556, 6582, 6589, 6610, 6632, 6704, 6743, 6782, 6814, 6848, 6852, 6889, 6921, 6949, 6955, 7112, 7153, 7200, 7212]","[1328, 3694]",7284,217,7067,2,215,7067,0
0.5,HSCYCLA,"[55, 85, 216, 274, 392, 407, 522, 649, 678, 705, 765, 976, 1029, 1049, 1098, 1102, 1111, 1177, 1333, 1393, 1422, 1436, 1508, 1520, 1524, 1530, 1537, 1547, 1589, 1593, 1604, 1632, 1722, 1783, 1861, 1903, 1997, 2073, 2128, 2186, 2229, 2313, 2397, 2406, 2426, 2439, 2509, 2525, 2546, 2604, 2683, 2761, 2782, 2819, 2827, 2836, 2853, 2940, 2954, 2988, 3031, 3043, 3376, 3441, 3463, 3668, 3683, 3731, 3751, 3762, 3857, 3867, 3877, 3951, 3962, 3999, 4024, 4034, 4079, 4111, 4115, 4139, 4159, 4168, 4182, 4194, 4239, 4266, 4270, 4293, 4464, 4475, 4480, 4493, 4520, 4538, 4614, 4627, 4680, 4850, 5018, 5022, 5158, 5166, 5172, 5266, 5338, 5365, 5376, 5389, 5407, 5428, 5439, 5478, 5568, 5670, 5728, 5742, 5781, 5841, 5911, 5942, 5957, 6059, 6068, 6070, 6160, 6181, 6193, 6229, 6291, 6294, 6323, 6483, 6652, 6667, 6830, 6866, 6906, 6910, 6949, 6982, 7024, 7069, 7103, 7117, 7126, 7188, 7200, 7293, 7311, 7377, 7413, 7439, 7563, 7602, 7622, 7637, 7654, 7848, 7905, 7928, 7931, 7942, 7956, 7973, 8023, 8039, 8050, 8113, 8191]","[1393, 2406, 3731, 4168, 5338, 5911, 6667]","[55, 85, 216, 274, 392, 407, 522, 649, 678, 705, 765, 976, 1029, 1049, 1098, 1102, 1111, 1177, 1333, 1422, 1436, 1508, 1520, 1524, 1530, 1537, 1547, 1589, 1593, 1604, 1632, 1722, 1783, 1861, 1903, 1997, 2073, 2128, 2186, 2229, 2313, 2397, 2426, 2439, 2509, 2525, 2546, 2604, 2683, 2761, 2782, 2819, 2827, 2836, 2853, 2940, 2954, 2988, 3031, 3043, 3376, 3441, 3463, 3668, 3683, 3751, 3762, 3857, 3867, 3877, 3951, 3962, 3999, 4024, 4034, 4079, 4111, 4115, 4139, 4159, 4182, 4194, 4239, 4266, 4270, 4293, 4464, 4475, 4480, 4493, 4520, 4538, 4614, 4627, 4680, 4850, 5018, 5022, 5158, 5166, 5172, 5266, 5365, 5376, 5389, 5407, 5428, 5439, 5478, 5568, 5670, 5728, 5742, 5781, 5841, 5942, 5957, 6059, 6068, 6070, 6160, 6181, 6193, 6229, 6291, 6294, 6323, 6483, 6652, 6830, 6866, 6906, 6910, 6949, 6982, 7024, 7069, 7103, 7117, 7126, 7188, 7200, 7293, 7311, 7377, 7413, 7439, 7563, 7602, 7622, 7637, 7654, 7848, 7905, 7928, 7931, 7942, 7956, 7973, 8023, 8039, 8050, 8113, 8191]","[1393, 2406, 3731, 4168, 5338, 5911, 6667]",8355,171,8184,7,164,8184,0
0.5,HSCYP216,"[118, 255, 302, 357, 360, 404, 442, 565, 567, 629, 646, 665, 732, 829, 849, 874, 879, 908, 1088, 1154, 1207, 1218, 1260, 1278, 1310, 1327, 1395, 1466, 1475, 1508, 1583, 1689, 1740, 1771, 1836, 1888, 1917, 1996, 2082, 2153, 2215, 2228, 2239, 2371, 2402, 2406, 2437, 2549, 2557, 2559, 2599, 2710, 2760]","[255, 442, 879, 1088, 1278, 1466, 1836, 2215, 2402]","[118, 302, 357, 360, 404, 565, 567, 629, 646, 665, 732, 829, 849, 874, 908, 1154, 1207, 1218, 1260, 1310, 1327, 1395, 1475, 1508, 1583, 1689, 1740, 1771, 1888, 1917, 1996, 2082, 2153, 2228, 2239, 2371, 2406, 2437, 2549, 2557, 2559, 2599, 2710, 2760]","[255, 442, 879, 1088, 1278, 1466, 1836, 2215, 2402]",2763,53,2710,9,44,2710,0
0.5,HSCYP45C,"[42, 68, 138, 185, 224, 227, 237, 249, 263, 271, 286, 332, 343, 363, 626, 661, 670, 731, 805, 810, 828, 947, 1020, 1115, 1150, 1199, 1216, 1256, 1263, 1300, 1304, 1353, 1452, 1477, 1503, 1639, 1659, 1665, 1688, 1763, 1772, 1830, 1850, 1923, 1977, 2048, 2093, 2157, 2166, 2179, 2201, 2254, 2261, 2265, 2308, 2376, 2493, 2612, 2638, 2651, 2667, 2675, 2680, 2728, 2791, 2798, 2827, 2854, 2918, 2936, 3013, 3045, 3212, 3251, 3263, 3268, 3358, 3364, 3451, 3538, 3542, 3554, 3609, 3642, 3646, 3674, 3679, 3689, 3695, 3731, 3745, 3819, 3821, 3908, 3930, 3975, 3988, 3996, 4137, 4180, 4189, 4323, 4333, 4366, 4369, 4405, 4463, 4469, 4504, 4506, 4603, 4680, 4690, 4696, 4712, 4795, 4798, 4912, 4942, 4963, 4967, 4970, 5001, 5008, 5278, 5290, 5333, 5336, 5409, 5421, 5447, 5457, 5537, 5577, 5624, 5659, 5712, 5751, 5758, 5773, 5801, 5805, 5826, 5839, 5849, 5897, 5908, 6016, 6040, 6081, 6248, 6496, 6510, 6517, 6525, 6556, 6562, 6618, 6630, 6642, 6648, 6694, 6726, 6764, 6769, 6864, 6935, 7004, 7065, 7081, 7087, 7107, 7165, 7202, 7327, 7429, 7440, 7483, 7506]","[4942, 5624, 5801, 6016, 6248]","[42, 68, 138, 185, 224, 227, 237, 249, 263, 271, 286, 332, 343, 363, 626, 661, 670, 731, 805, 810, 828, 947, 1020, 1115, 1150, 1199, 1216, 1256, 1263, 1300, 1304, 1353, 1452, 1477, 1503, 1639, 1659, 1665, 1688, 1763, 1772, 1830, 1850, 1923, 1977, 2048, 2093, 2157, 2166, 2179, 2201, 2254, 2261, 2265, 2308, 2376, 2493, 2612, 2638, 2651, 2667, 2675, 2680, 2728, 2791, 2798, 2827, 2854, 2918, 2936, 3013, 3045, 3212, 3251, 3263, 3268, 3358, 3364, 3451, 3538, 3542, 3554, 3609, 3642, 3646, 3674, 3679, 3689, 3695, 3731, 3745, 3819, 3821, 3908, 3930, 3975, 3988, 3996, 4137, 4180, 4189, 4323, 4333, 4366, 4369, 4405, 4463, 4469, 4504, 4506, 4603, 4680, 4690, 4696, 4712, 4795, 4798, 4912, 4963, 4967, 4970, 5001, 5008, 5278, 5290, 5333, 5336, 5409, 5421, 5447, 5457, 5537, 5577, 5659, 5712, 5751, 5758, 5773, 5805, 5826, 5839, 5849, 5897, 5908, 6040, 6081, 6496, 6510, 6517, 6525, 6556, 6562, 6618, 6630, 6642, 6648, 6694, 6726, 6764, 6769, 6864, 6935, 7004, 7065, 7081, 7087, 7107, 7165, 7202, 7327, 7429, 7440, 7483, 7506]","[4942, 5624, 5801, 6016, 6248]",7546,179,7367,5,174,7367,0
0.5,HSCYTOK17,"[45, 122, 255, 309, 345, 348, 396, 452, 456, 488, 498, 505, 534, 547, 581, 594, 689, 692, 736, 776, 854, 894, 908, 958, 968, 982, 1040, 1042, 1060, 1162, 1245, 1269, 1417, 1422, 1427, 1434, 1572, 1574, 1709, 1764, 1822, 1864, 1886, 1951, 1963, 1969, 1984, 2079, 2147, 2176, 2208, 2304, 2309, 2325, 2342, 2346, 2382, 2401, 2465, 2506, 2571, 2582, 2732, 2774, 2812, 2819, 2832, 2850, 2857, 2928, 2932, 2935, 2946, 3001, 3008, 3066, 3073, 3131, 3158, 3171, 3245, 3249, 3257, 3288, 3325, 3382, 3457, 3468, 3588, 3601, 3609, 3625, 3693, 3827, 3863, 3935, 4000, 4004, 4019, 4046, 4109, 4123, 4153, 4158, 4247, 4309, 4320, 4479, 4633, 4795, 4798, 4818, 4827, 4829, 4840, 4972, 4982, 4987, 4991, 5023, 5246]","[581, 1709, 2304, 3066, 3693, 4000, 4123]","[45, 122, 255, 309, 345, 348, 396, 452, 456, 488, 498, 505, 534, 547, 594, 689, 692, 736, 776, 854, 894, 908, 958, 968, 982, 1040, 1042, 1060, 1162, 1245, 1269, 1417, 1422, 1427, 1434, 1572, 1574, 1764, 1822, 1864, 1886, 1951, 1963, 1969, 1984, 2079, 2147, 2176, 2208, 2309, 2325, 2342, 2346, 2382, 2401, 2465, 2506, 2571, 2582, 2732, 2774, 2812, 2819, 2832, 2850, 2857, 2928, 2932, 2935, 2946, 3001, 3008, 3073, 3131, 3158, 3171, 3245, 3249, 3257, 3288, 3325, 3382, 3457, 3468, 3588, 3601, 3609, 3625, 3827, 3863, 3935, 4004, 4019, 4046, 4109, 4153, 4158, 4247, 4309, 4320, 4479, 4633, 4795, 4798, 4818, 4827, 4829, 4840, 4972, 4982, 4987, 4991, 5023, 5246]","[581, 1709, 2304, 3066, 3693, 4000, 4123]",5252,121,5131,7,114,5131,0
0.5,HSCYTOK20,"[60, 116, 122, 124, 151, 203, 560, 647, 681, 703, 729, 1032, 1063, 1085, 1260, 1277, 1304, 1411, 1452, 1561, 1585, 1691, 1757, 1814, 1826, 1871, 1914, 2073, 2091, 2134, 2163, 2166, 2209, 2212, 2222, 2262, 2281, 2287, 2321, 2396, 2418, 2423, 2473, 2515, 2526, 2528, 2589, 2601, 2608, 2644, 2900, 2992, 3051, 3069, 3125, 3128, 3132, 3139, 3243, 3274, 3287, 3343, 3347, 3370, 3537, 3603, 3659, 3682, 3684, 3723, 3892, 3978, 4007, 4019, 4075, 4087, 4089, 4111, 4131, 4134, 4266, 4400, 4453, 4468, 4514, 4527, 4531, 4670, 4732, 4742, 4752, 4771, 4869, 4951, 4955, 4960, 5003, 5047, 5085, 5152, 5205, 5231, 5276, 5281, 5352, 5371, 5435, 5445, 5570, 5667, 5699, 5730, 5753, 5763, 5772, 5871, 5950, 6081, 6138, 6228, 6446, 6462, 6555, 6592, 6699, 6824, 6826, 6859, 6875, 6964, 7034, 7077, 7090, 7135, 7212, 7225, 7284, 7290, 7303, 7418, 7458, 7512, 7646, 7660, 7716, 7733, 7789, 7817, 7828, 7897, 7909, 7931, 7943, 7963, 8006, 8053, 8061, 8069, 8128, 8134, 8147, 8233, 8275, 8367, 8376, 8443, 8449, 8508, 8547, 8556, 8630, 8682, 8722, 8748, 8760, 8781, 8795, 8803, 8856, 8860, 8864, 8884, 8930, 8952, 9176, 9196, 9293, 9313, 9374, 9470, 9491, 9566, 9570, 9573, 9642, 9735, 9781, 9864, 9870, 9926, 9984, 10005, 10017, 10166, 10172, 10271, 10304, 10451, 10476, 10546, 10552, 10597, 10603, 10620, 10699, 10714, 10828, 10882, 10916, 10968, 11052, 11060, 11083, 11128, 11131, 11141, 11162, 11200, 11206, 11213, 11294, 11346, 11408, 11421, 11428, 11446, 11458, 11499, 11503, 11563, 11581, 11618, 11693, 11772, 11831, 11935, 11940, 11978, 12125, 12146, 12409, 12458, 12494, 12525, 12705, 12778, 12783, 12814, 12902, 12915, 12952, 13053, 13243, 13300, 13421, 13588, 13682, 13706, 13834, 13847, 13852, 13880, 13941, 14030, 14034, 14085, 14099, 14146, 14222, 14349, 14354, 14477, 14572, 14592, 14666, 14934, 15020, 15045, 15087, 15110, 15248, 15297, 15302, 15377, 15384, 15407, 15552, 15853, 15878, 15899, 15935, 15989, 16025, 16095, 16129, 16190, 16305, 16343, 16347, 16376, 16411, 16413, 16419, 16498, 16549, 16574, 16578, 16586, 16620, 16625, 16738, 16791, 16811, 16920, 17070, 17125, 17174, 17199, 17254, 17286, 17661, 17764, 17957, 18014, 18043]","[5281, 7512, 9470, 9984, 10271, 11940, 12705]","[60, 116, 122, 124, 151, 203, 560, 647, 681, 703, 729, 1032, 1063, 1085, 1260, 1277, 1304, 1411, 1452, 1561, 1585, 1691, 1757, 1814, 1826, 1871, 1914, 2073, 2091, 2134, 2163, 2166, 2209, 2212, 2222, 2262, 2281, 2287, 2321, 2396, 2418, 2423, 2473, 2515, 2526, 2528, 2589, 2601, 2608, 2644, 2900, 2992, 3051, 3069, 3125, 3128, 3132, 3139, 3243, 3274, 3287, 3343, 3347, 3370, 3537, 3603, 3659, 3682, 3684, 3723, 3892, 3978, 4007, 4019, 4075, 4087, 4089, 4111, 4131, 4134, 4266, 4400, 4453, 4468, 4514, 4527, 4531, 4670, 4732, 4742, 4752, 4771, 4869, 4951, 4955, 4960, 5003, 5047, 5085, 5152, 5205, 5231, 5276, 5352, 5371, 5435, 5445, 5570, 5667, 5699, 5730, 5753, 5763, 5772, 5871, 5950, 6081, 6138, 6228, 6446, 6462, 6555, 6592, 6699, 6824, 6826, 6859, 6875, 6964, 7034, 7077, 7090, 7135, 7212, 7225, 7284, 7290, 7303, 7418, 7458, 7646, 7660, 7716, 7733, 7789, 7817, 7828, 7897, 7909, 7931, 7943, 7963, 8006, 8053, 8061, 8069, 8128, 8134, 8147, 8233, 8275, 8367, 8376, 8443, 8449, 8508, 8547, 8556, 8630, 8682, 8722, 8748, 8760, 8781, 8795, 8803, 8856, 8860, 8864, 8884, 8930, 8952, 9176, 9196, 9293, 9313, 9374, 9491, 9566, 9570, 9573, 9642, 9735, 9781, 9864, 9870, 9926, 10005, 10017, 10166, 10172, 10304, 10451, 10476, 10546, 10552, 10597, 10603, 10620, 10699, 10714, 10828, 10882, 10916, 10968, 11052, 11060, 11083, 11128, 11131, 11141, 11162, 11200, 11206, 11213, 11294, 11346, 11408, 11421, 11428, 11446, 11458, 11499, 11503, 11563, 11581, 11618, 11693, 11772, 11831, 11935, 11978, 12125, 12146, 12409, 12458, 12494, 12525, 12778, 12783, 12814, 12902, 12915, 12952, 13053, 13243, 13300, 13421, 13588, 13682, 13706, 13834, 13847, 13852, 13880, 13941, 14030, 14034, 14085, 14099, 14146, 14222, 14349, 14354, 14477, 14572, 14592, 14666, 14934, 15020, 15045, 15087, 15110, 15248, 15297, 15302, 15377, 15384, 15407, 15552, 15853, 15878, 15899, 15935, 15989, 16025, 16095, 16129, 16190, 16305, 16343, 16347, 16376, 16411, 16413, 16419, 16498, 16549, 16574, 16578, 16586, 16620, 16625, 16738, 16791, 16811, 16920, 17070, 17125, 17174, 17199, 17254, 17286, 17661, 17764, 17957, 18014, 18043]","[5281, 7512, 9470, 9984, 10271, 11940, 12705]",18053,335,17718,7,328,17718,0
0.5,HSDAO,"[19, 129, 158, 245, 253, 277, 283, 347, 413, 498, 537, 541, 577, 588, 746, 956, 970, 1035, 1080, 1111, 1119, 1126, 1149, 1154, 1177, 1217, 1263, 1285, 1329, 1333, 1381, 1437, 1499, 1526, 1552, 1565, 1581, 1601, 1635, 1647, 1654, 1665, 1671, 1676, 1682, 1699, 1710, 1725, 1738, 1742, 1751, 1772, 1855, 2046, 2139, 2152, 2183, 2197, 2229, 2273, 2276, 2286, 2345, 2351, 2551, 2582, 2775, 2836, 2854, 2877, 2881, 2914, 2941, 2953, 2969, 2974, 2989, 3084, 3091, 3142, 3147, 3156, 3182, 3218, 3236, 3303, 3340, 3373, 3486, 3515, 3590, 3597, 3617, 3633, 3678, 3684, 3751, 3885, 3974, 3987, 4089, 4109, 4122, 4156, 4301, 4423, 4465, 4505, 4529, 4584, 4623, 4844, 5034, 5092, 5099, 5107, 5121, 5135, 5148, 5166, 5201, 5254, 5296, 5427, 5552, 5561, 5566, 5611, 5627, 5744, 5861, 5870, 5903, 5909, 5929, 5965, 5975, 6128, 6165, 6200, 6206, 6275, 6395, 6407, 6426, 6513, 6516, 6523, 6551, 6574, 6592, 6605, 6632, 6684, 6696, 6758, 6797, 6911, 6983, 7058, 7079, 7092, 7248, 7299, 7384, 7431, 7461, 7478, 7480, 7482, 7496, 7548, 7562, 7594, 7600, 7619, 7634, 7656, 7712, 7727, 7736, 7766, 7815, 7828, 7871, 7903, 7950, 8003, 8028, 8162, 8190, 8237, 8302, 8329, 8347, 8410, 8419, 8427, 8437, 8496, 8502, 8537, 8701, 8869, 8880, 8893, 8901, 8919, 9013, 9040, 9142, 9152, 9173, 9276, 9280, 9328, 9337, 9343, 9406, 9472, 9478, 9583, 9585, 9674, 9707, 9711, 9732, 9750, 9786, 9802, 9839]","[6426, 7431, 9013]","[19, 129, 158, 245, 253, 277, 283, 347, 413, 498, 537, 541, 577, 588, 746, 956, 970, 1035, 1080, 1111, 1119, 1126, 1149, 1154, 1177, 1217, 1263, 1285, 1329, 1333, 1381, 1437, 1499, 1526, 1552, 1565, 1581, 1601, 1635, 1647, 1654, 1665, 1671, 1676, 1682, 1699, 1710, 1725, 1738, 1742, 1751, 1772, 1855, 2046, 2139, 2152, 2183, 2197, 2229, 2273, 2276, 2286, 2345, 2351, 2551, 2582, 2775, 2836, 2854, 2877, 2881, 2914, 2941, 2953, 2969, 2974, 2989, 3084, 3091, 3142, 3147, 3156, 3182, 3218, 3236, 3303, 3340, 3373, 3486, 3515, 3590, 3597, 3617, 3633, 3678, 3684, 3751, 3885, 3974, 3987, 4089, 4109, 4122, 4156, 4301, 4423, 4465, 4505, 4529, 4584, 4623, 4844, 5034, 5092, 5099, 5107, 5121, 5135, 5148, 5166, 5201, 5254, 5296, 5427, 5552, 5561, 5566, 5611, 5627, 5744, 5861, 5870, 5903, 5909, 5929, 5965, 5975, 6128, 6165, 6200, 6206, 6275, 6395, 6407, 6513, 6516, 6523, 6551, 6574, 6592, 6605, 6632, 6684, 6696, 6758, 6797, 6911, 6983, 7058, 7079, 7092, 7248, 7299, 7384, 7461, 7478, 7480, 7482, 7496, 7548, 7562, 7594, 7600, 7619, 7634, 7656, 7712, 7727, 7736, 7766, 7815, 7828, 7871, 7903, 7950, 8003, 8028, 8162, 8190, 8237, 8302, 8329, 8347, 8410, 8419, 8427, 8437, 8496, 8502, 8537, 8701, 8869, 8880, 8893, 8901, 8919, 9040, 9142, 9152, 9173, 9276, 9280, 9328, 9337, 9343, 9406, 9472, 9478, 9583, 9585, 9674, 9707, 9711, 9732, 9750, 9786, 9802, 9839]","[6426, 7431, 9013]",9895,231,9664,3,228,9664,0
0.5,HSERPG,"[93, 143, 212, 227, 277, 516, 563, 585, 621, 628, 632, 711, 765, 781, 831, 868, 885, 1004, 1015, 1020, 1081, 1115, 1281, 1303, 1340, 1425, 1432, 1480, 1583, 1603, 1683, 1774, 1900, 1943, 1951, 1958, 1961, 2026, 2033, 2061, 2069, 2119, 2219, 2253, 2290, 2294, 2338, 2368, 2389, 2423, 2474, 2478, 2509, 2539, 2554, 2727, 2768, 2895, 3152, 3162, 3175, 3201, 3230]","[628, 1340, 1683, 2474]","[93, 143, 212, 227, 277, 516, 563, 585, 621, 632, 711, 765, 781, 831, 868, 885, 1004, 1015, 1020, 1081, 1115, 1281, 1303, 1425, 1432, 1480, 1583, 1603, 1774, 1900, 1943, 1951, 1958, 1961, 2026, 2033, 2061, 2069, 2119, 2219, 2253, 2290, 2294, 2338, 2368, 2389, 2423, 2478, 2509, 2539, 2554, 2727, 2768, 2895, 3152, 3162, 3175, 3201, 3230]","[628, 1340, 1683, 2474]",3390,63,3327,4,59,3327,0
0.5,HSFAU1,"[80, 179, 223, 238, 273, 327, 335, 343, 375, 399, 410, 415, 432, 436, 484, 505, 547, 559, 655, 824, 842, 857, 870, 947, 957, 1043, 1050, 1074, 1096, 1100, 1123, 1129, 1140, 1144, 1146, 1151, 1186, 1194, 1220, 1349, 1367, 1421, 1508, 1535, 1557, 1581, 1592, 1599, 1613, 1617, 1693, 1741, 1787, 1821, 1843, 2004]","[857, 1096, 1613]","[80, 179, 223, 238, 273, 327, 335, 343, 375, 399, 410, 415, 432, 436, 484, 505, 547, 559, 655, 824, 842, 870, 947, 957, 1043, 1050, 1074, 1100, 1123, 1129, 1140, 1144, 1146, 1151, 1186, 1194, 1220, 1349, 1367, 1421, 1508, 1535, 1557, 1581, 1592, 1599, 1617, 1693, 1741, 1787, 1821, 1843, 2004]","[857, 1096, 1613]",2008,56,1952,3,53,1952,0
0.5,HSFESFPS,"[8, 13, 55, 69, 95, 190, 292, 344, 353, 474, 478, 507, 513, 543, 608, 614, 663, 720, 728, 738, 742, 771, 791, 856, 870, 872, 1034, 1125, 1132, 1142, 1180, 1222, 1227, 1248, 1252, 1260, 1368, 1373, 1553, 1578, 1650, 1770, 1781, 1791, 1798, 1803, 1827, 1844, 1870, 1889, 1893, 1964, 1980, 1985, 2033, 2035, 2078, 2118, 2159, 2210, 2273, 2295, 2301, 2415, 2534, 2542, 2580, 2625, 2635, 2637, 2695, 2752, 2790, 2821, 2961, 2984, 3003, 3023, 3065, 3083, 3094, 3161, 3180, 3184, 3235, 3297, 3336, 3435, 3446, 3593, 3628, 3637, 3645, 3726, 3744, 3769, 3797, 3805, 3873, 3881, 3911, 3923, 3982, 4008, 4027, 4091, 4122, 4172, 4198, 4335, 4407, 4510, 4522, 4532, 4537, 4547, 4556, 4580, 4587, 4600, 4663, 4675, 4688, 4866, 4874, 4894, 4934, 4955, 5013, 5017, 5028, 5038, 5116, 5154, 5307, 5319, 5322, 5378, 5399, 5405, 5478, 5534, 5587, 5598, 5602, 5605, 5658, 5706, 5795, 5811, 5924, 5928, 6054, 6078, 6108, 6116, 6198, 6240, 6343, 6445, 6598, 6624, 6682, 6721, 6767, 6835, 6902, 6970, 6999, 7027, 7042, 7063, 7089, 7098, 7102, 7107, 7115, 7150, 7154, 7230, 7237, 7248, 7330, 7345, 7365, 7393, 7516, 7625, 7634, 7686, 7690, 7757, 7761, 7789, 7798, 7825, 7836, 7840, 7851, 7886, 8020, 8024, 8045, 8052, 8069, 8073, 8178, 8234, 8349, 8424, 8462, 8499, 8546, 8582, 8598, 8640, 8714, 8720, 8782, 8786, 8827, 8845, 8847, 8852, 8868, 8901, 8927, 8943, 8956, 9028, 9045, 9068, 9087, 9151, 9176, 9193, 9198, 9294, 9315, 9341, 9356, 9371, 9375, 9382, 9424, 9494, 9504, 9635, 9663, 9734, 9768, 9853, 9915, 10015, 10026, 10179, 10225, 10239, 10270, 10283, 10314, 10328, 10360, 10405, 10412, 10418, 10445, 10483, 10527, 10581, 10586, 10626, 10652, 10658, 10664, 10699, 10765, 10796, 10882, 10890, 10900, 10953, 10959, 10965, 10996, 11000, 11068, 11079, 11123, 11128, 11196, 11243, 11300, 11349, 11356, 11430, 11511, 11539, 11558, 11745, 11766, 11782, 11788, 11793, 11822, 11865, 11926, 12018, 12020, 12024, 12034, 12042, 12062, 12185, 12225, 12251]","[1227, 1553, 3023, 3336, 5405, 5598, 5924, 6240, 6445, 7150, 7634, 8069, 8782, 9151, 9371, 9768, 10015]","[8, 13, 55, 69, 95, 190, 292, 344, 353, 474, 478, 507, 513, 543, 608, 614, 663, 720, 728, 738, 742, 771, 791, 856, 870, 872, 1034, 1125, 1132, 1142, 1180, 1222, 1248, 1252, 1260, 1368, 1373, 1578, 1650, 1770, 1781, 1791, 1798, 1803, 1827, 1844, 1870, 1889, 1893, 1964, 1980, 1985, 2033, 2035, 2078, 2118, 2159, 2210, 2273, 2295, 2301, 2415, 2534, 2542, 2580, 2625, 2635, 2637, 2695, 2752, 2790, 2821, 2961, 2984, 3003, 3065, 3083, 3094, 3161, 3180, 3184, 3235, 3297, 3435, 3446, 3593, 3628, 3637, 3645, 3726, 3744, 3769, 3797, 3805, 3873, 3881, 3911, 3923, 3982, 4008, 4027, 4091, 4122, 4172, 4198, 4335, 4407, 4510, 4522, 4532, 4537, 4547, 4556, 4580, 4587, 4600, 4663, 4675, 4688, 4866, 4874, 4894, 4934, 4955, 5013, 5017, 5028, 5038, 5116, 5154, 5307, 5319, 5322, 5378, 5399, 5478, 5534, 5587, 5602, 5605, 5658, 5706, 5795, 5811, 5928, 6054, 6078, 6108, 6116, 6198, 6343, 6598, 6624, 6682, 6721, 6767, 6835, 6902, 6970, 6999, 7027, 7042, 7063, 7089, 7098, 7102, 7107, 7115, 7154, 7230, 7237, 7248, 7330, 7345, 7365, 7393, 7516, 7625, 7686, 7690, 7757, 7761, 7789, 7798, 7825, 7836, 7840, 7851, 7886, 8020, 8024, 8045, 8052, 8073, 8178, 8234, 8349, 8424, 8462, 8499, 8546, 8582, 8598, 8640, 8714, 8720, 8786, 8827, 8845, 8847, 8852, 8868, 8901, 8927, 8943, 8956, 9028, 9045, 9068, 9087, 9176, 9193, 9198, 9294, 9315, 9341, 9356, 9375, 9382, 9424, 9494, 9504, 9635, 9663, 9734, 9853, 9915, 10026, 10179, 10225, 10239, 10270, 10283, 10314, 10328, 10360, 10405, 10412, 10418, 10445, 10483, 10527, 10581, 10586, 10626, 10652, 10658, 10664, 10699, 10765, 10796, 10882, 10890, 10900, 10953, 10959, 10965, 10996, 11000, 11068, 11079, 11123, 11128, 11196, 11243, 11300, 11349, 11356, 11430, 11511, 11539, 11558, 11745, 11766, 11782, 11788, 11793, 11822, 11865, 11926, 12018, 12020, 12024, 12034, 12042, 12062, 12185, 12225, 12251]","[1227, 1553, 3023, 3336, 5405, 5598, 5924, 6240, 6445, 7150, 7634, 8069, 8782, 9151, 9371, 9768, 10015]",12255,316,11939,17,299,11939,0
0.5,HSGCSFG,"[82, 264, 404, 461, 537, 540, 618, 677, 690, 735, 739, 744, 748, 774, 894, 970, 983, 989, 1051, 1121, 1139, 1158, 1230, 1236, 1309, 1330, 1454, 1521, 1540, 1549, 1586, 1606, 1728, 1811, 1816, 1871, 1993, 1999, 2040, 2048, 2059, 2121, 2164, 2171, 2180, 2296, 2319, 2404, 2447, 2481, 2490, 2514, 2553, 2581, 2590, 2594, 2667, 2736, 2759, 2770, 2790, 2802, 2843, 2863, 2894]","[404, 744, 1230, 1521]","[82, 264, 461, 537, 540, 618, 677, 690, 735, 739, 748, 774, 894, 970, 983, 989, 1051, 1121, 1139, 1158, 1236, 1309, 1330, 1454, 1540, 1549, 1586, 1606, 1728, 1811, 1816, 1871, 1993, 1999, 2040, 2048, 2059, 2121, 2164, 2171, 2180, 2296, 2319, 2404, 2447, 2481, 2490, 2514, 2553, 2581, 2590, 2594, 2667, 2736, 2759, 2770, 2790, 2802, 2843, 2863, 2894]","[404, 744, 1230, 1521]",2952,65,2887,4,61,2887,0
0.5,HSGEBCMA,"[85, 141, 217, 292, 334, 523, 586, 598, 607, 639, 700, 740, 766, 888, 970, 983, 988, 1005, 1036, 1050, 1082, 1128, 1137, 1141, 1194, 1200, 1206, 1294, 1349, 1363, 1496, 1508, 1545, 1642, 1648, 1697, 1743, 1785, 1831, 1841, 1910, 1935, 2106, 2128, 2211, 2277, 2292, 2331, 2352, 2386, 2413, 2430, 2498, 2528, 2538, 2587, 2647, 2679, 2721, 2766, 2797, 2804, 2820, 2849, 2989, 3014, 3074, 3169, 3234, 3256, 3264, 3266, 3273, 3279, 3292, 3352, 3364, 3409, 3441, 3486, 3489, 3499, 3552, 3558, 3607, 3650, 3782]","[607, 1496]","[85, 141, 217, 292, 334, 523, 586, 598, 639, 700, 740, 766, 888, 970, 983, 988, 1005, 1036, 1050, 1082, 1128, 1137, 1141, 1194, 1200, 1206, 1294, 1349, 1363, 1508, 1545, 1642, 1648, 1697, 1743, 1785, 1831, 1841, 1910, 1935, 2106, 2128, 2211, 2277, 2292, 2331, 2352, 2386, 2413, 2430, 2498, 2528, 2538, 2587, 2647, 2679, 2721, 2766, 2797, 2804, 2820, 2849, 2989, 3014, 3074, 3169, 3234, 3256, 3264, 3266, 3273, 3279, 3292, 3352, 3364, 3409, 3441, 3486, 3489, 3499, 3552, 3558, 3607, 3650, 3782]","[607, 1496]",3711,87,3624,2,85,3624,0
0.5,HSGGL2,"[74, 154, 164, 202, 212, 245, 264, 433, 500, 512, 547, 608, 630, 632, 655, 662, 773, 812, 882, 933, 946, 1055, 1067, 1110, 1119, 1121, 1123, 1125, 1127, 1129, 1131, 1133, 1135, 1137, 1139, 1143, 1149, 1195, 1230, 1322, 1333, 1425, 1431, 1476, 1500, 1516]","[202, 547]","[74, 154, 164, 212, 245, 264, 433, 500, 512, 608, 630, 632, 655, 662, 773, 812, 882, 933, 946, 1055, 1067, 1110, 1119, 1121, 1123, 1125, 1127, 1129, 1131, 1133, 1135, 1137, 1139, 1143, 1149, 1195, 1230, 1322, 1333, 1425, 1431, 1476, 1500, 1516]","[202, 547]",1620,46,1574,2,44,1574,0
0.5,HSGLA,"[8, 75, 94, 121, 149, 162, 181, 184, 302, 307, 350, 455, 509, 779, 821, 852, 860, 868, 885, 896, 901, 937, 955, 972, 995, 1002, 1020, 1102, 1122, 1141, 1168, 1174, 1332, 1374, 1388, 1422, 1554, 1556, 1728, 1739, 1772, 1798, 1807, 1822, 1826, 1893, 1923, 1974, 2011, 2037, 2072, 2148, 2178, 2244, 2325, 2339, 2359, 2363, 2370, 2382, 2432, 2440, 2444, 2472, 2483, 2494, 2499, 2541, 2588, 2830, 2840, 2980, 3064, 3096, 3123, 3129, 3131, 3141, 3192, 3326, 3380, 3407, 3422, 3424, 3499, 3602, 3717, 3955, 4028, 4032, 4062, 4106, 4143, 4149, 4165, 4176, 4224, 4236, 4267, 4370, 4397, 4429, 4435, 4469, 4608, 4694, 4741, 4971, 4996, 5009, 5022, 5040, 5066, 5093, 5153, 5160, 5269, 5308, 5320, 5362, 5374, 5405, 5419, 5451, 5474, 5497, 5500, 5510, 5563, 5575, 5683, 5717, 5731, 5821, 5889, 5965, 5997, 6024, 6172, 6208, 6399, 6425, 6490, 6532, 6559, 6617, 6628, 6672, 6706, 6740, 6767, 6784, 6818, 6824, 6854, 6884, 6890, 6958, 6983, 7136, 7164, 7169, 7241, 7420, 7447, 7500, 7573, 7628, 7707, 7741, 7752, 7846, 7915, 7967, 7998, 8012, 8044, 8089, 8102, 8161, 8167, 8321, 8370, 8378, 8413, 8421, 8445, 8483, 8534, 8565, 8663, 8843, 9297, 9335, 9375, 9548, 9641, 9696, 9757, 9784, 9921, 9981, 10031, 10054, 10089, 10100, 10154, 10204, 10213, 10273, 10293, 10329, 10359, 10369, 10395, 10401, 10453, 10509, 10549, 10654, 10692, 10708, 10718, 10809, 10885, 10993, 10995, 11096, 11111, 11146, 11184, 11342, 11355, 11400, 11432, 11472, 11477, 11546, 11689, 11721, 11761, 11766, 11832, 11840, 11845, 11975, 12082, 12096, 12112, 12125, 12151, 12168, 12200, 12244, 12257, 12322, 12358, 12402]","[1374, 5269, 7447, 8413, 10293, 10708]","[8, 75, 94, 121, 149, 162, 181, 184, 302, 307, 350, 455, 509, 779, 821, 852, 860, 868, 885, 896, 901, 937, 955, 972, 995, 1002, 1020, 1102, 1122, 1141, 1168, 1174, 1332, 1388, 1422, 1554, 1556, 1728, 1739, 1772, 1798, 1807, 1822, 1826, 1893, 1923, 1974, 2011, 2037, 2072, 2148, 2178, 2244, 2325, 2339, 2359, 2363, 2370, 2382, 2432, 2440, 2444, 2472, 2483, 2494, 2499, 2541, 2588, 2830, 2840, 2980, 3064, 3096, 3123, 3129, 3131, 3141, 3192, 3326, 3380, 3407, 3422, 3424, 3499, 3602, 3717, 3955, 4028, 4032, 4062, 4106, 4143, 4149, 4165, 4176, 4224, 4236, 4267, 4370, 4397, 4429, 4435, 4469, 4608, 4694, 4741, 4971, 4996, 5009, 5022, 5040, 5066, 5093, 5153, 5160, 5308, 5320, 5362, 5374, 5405, 5419, 5451, 5474, 5497, 5500, 5510, 5563, 5575, 5683, 5717, 5731, 5821, 5889, 5965, 5997, 6024, 6172, 6208, 6399, 6425, 6490, 6532, 6559, 6617, 6628, 6672, 6706, 6740, 6767, 6784, 6818, 6824, 6854, 6884, 6890, 6958, 6983, 7136, 7164, 7169, 7241, 7420, 7500, 7573, 7628, 7707, 7741, 7752, 7846, 7915, 7967, 7998, 8012, 8044, 8089, 8102, 8161, 8167, 8321, 8370, 8378, 8421, 8445, 8483, 8534, 8565, 8663, 8843, 9297, 9335, 9375, 9548, 9641, 9696, 9757, 9784, 9921, 9981, 10031, 10054, 10089, 10100, 10154, 10204, 10213, 10273, 10329, 10359, 10369, 10395, 10401, 10453, 10509, 10549, 10654, 10692, 10718, 10809, 10885, 10993, 10995, 11096, 11111, 11146, 11184, 11342, 11355, 11400, 11432, 11472, 11477, 11546, 11689, 11721, 11761, 11766, 11832, 11840, 11845, 11975, 12082, 12096, 12112, 12125, 12151, 12168, 12200, 12244, 12257, 12322, 12358, 12402]","[1374, 5269, 7447, 8413, 10293, 10708]",12428,258,12170,6,252,12170,0
0.5,HSGROW2,"[12, 34, 42, 92, 135, 137, 175, 197, 211, 223, 243, 345, 404, 433, 452, 462, 471, 548, 664, 762, 781, 807, 899, 904, 916, 941, 951, 1000, 1091, 1238, 1276, 1349, 1355, 1485, 1558, 1740, 1761, 1766, 1808, 1819, 1833, 1866, 1942, 1955]","[345, 762, 1091, 1349]","[12, 34, 42, 92, 135, 137, 175, 197, 211, 223, 243, 404, 433, 452, 462, 471, 548, 664, 781, 807, 899, 904, 916, 941, 951, 1000, 1238, 1276, 1355, 1485, 1558, 1740, 1761, 1766, 1808, 1819, 1833, 1866, 1942, 1955]","[345, 762, 1091, 1349]",1956,44,1912,4,40,1912,0
0.5,HSGSTM4,"[18, 37, 41, 59, 73, 84, 117, 163, 165, 167, 169, 171, 173, 175, 177, 179, 181, 183, 185, 187, 189, 207, 217, 222, 228, 248, 267, 374, 391, 462, 466, 522, 578, 628, 630, 679, 692, 778, 874, 878, 907, 950, 1045, 1051, 1088, 1260, 1262, 1266, 1268, 1272, 1283, 1296, 1319, 1335, 1346, 1350, 1357, 1458, 1473, 1566, 1571, 1579, 1785, 1793, 1807, 1908, 2098, 2106, 2131, 2134, 2142, 2146, 2219, 2232, 2260, 2324, 2347, 2350, 2453, 2469, 2482, 2605, 2670, 2776, 2822, 2856, 2907, 2946, 2960, 2980, 2986, 3107, 3139, 3202, 3246, 3254, 3258, 3277, 3294, 3366, 3428, 3430, 3440, 3479, 3484, 3511, 3516, 3532, 3578, 3623, 3766, 3773, 3926, 3933, 3953, 3957, 3984, 3991, 3999, 4038, 4088, 4159, 4183, 4192, 4223, 4341, 4343, 4351, 4381, 4404, 4445, 4499, 4562, 4564, 4589, 4600, 4630, 4648, 4656, 4687, 4809]","[37, 391, 874, 1262, 1458, 2469, 2670]","[18, 41, 59, 73, 84, 117, 163, 165, 167, 169, 171, 173, 175, 177, 179, 181, 183, 185, 187, 189, 207, 217, 222, 228, 248, 267, 374, 462, 466, 522, 578, 628, 630, 679, 692, 778, 878, 907, 950, 1045, 1051, 1088, 1260, 1266, 1268, 1272, 1283, 1296, 1319, 1335, 1346, 1350, 1357, 1473, 1566, 1571, 1579, 1785, 1793, 1807, 1908, 2098, 2106, 2131, 2134, 2142, 2146, 2219, 2232, 2260, 2324, 2347, 2350, 2453, 2482, 2605, 2776, 2822, 2856, 2907, 2946, 2960, 2980, 2986, 3107, 3139, 3202, 3246, 3254, 3258, 3277, 3294, 3366, 3428, 3430, 3440, 3479, 3484, 3511, 3516, 3532, 3578, 3623, 3766, 3773, 3926, 3933, 3953, 3957, 3984, 3991, 3999, 4038, 4088, 4159, 4183, 4192, 4223, 4341, 4343, 4351, 4381, 4404, 4445, 4499, 4562, 4564, 4589, 4600, 4630, 4648, 4656, 4687, 4809]","[37, 391, 874, 1262, 1458, 2469, 2670]",4834,141,4693,7,134,4693,0
0.5,HSGTRH,"[129, 143, 166, 180, 190, 199, 201, 227, 309, 387, 442, 515, 536, 541, 599, 619, 652, 778, 834, 940, 1000, 1135, 1193, 1251, 1293, 1295, 1301, 1491, 1553, 1607, 1615, 1653, 1810, 1847, 1923, 1927, 1965, 2054, 2111, 2205, 2322, 2343, 2429, 2431, 2457, 2496, 2502, 2506, 2542, 2604, 2629, 2692, 2703, 2809, 2814, 2930, 3093, 3141, 3317, 3434, 3460, 3549, 3732, 3816, 3826, 3862, 3910, 3949, 3976, 3983, 4055, 4142, 4341, 4444, 4462, 4537, 4732, 4747, 4759, 4911, 4930, 4969, 5116, 5190, 5247, 5338, 5399, 5458, 5521, 5548, 5598, 5640, 5645, 5711, 5717, 5758, 5766, 5771, 5904, 5921, 5926, 6087, 6094, 6144, 6217, 6244, 6256, 6275, 6287, 6449, 6552, 6622, 6635, 6688, 6713, 6762, 7057, 7199]","[2205, 3816]","[129, 143, 166, 180, 190, 199, 201, 227, 309, 387, 442, 515, 536, 541, 599, 619, 652, 778, 834, 940, 1000, 1135, 1193, 1251, 1293, 1295, 1301, 1491, 1553, 1607, 1615, 1653, 1810, 1847, 1923, 1927, 1965, 2054, 2111, 2322, 2343, 2429, 2431, 2457, 2496, 2502, 2506, 2542, 2604, 2629, 2692, 2703, 2809, 2814, 2930, 3093, 3141, 3317, 3434, 3460, 3549, 3732, 3826, 3862, 3910, 3949, 3976, 3983, 4055, 4142, 4341, 4444, 4462, 4537, 4732, 4747, 4759, 4911, 4930, 4969, 5116, 5190, 5247, 5338, 5399, 5458, 5521, 5548, 5598, 5640, 5645, 5711, 5717, 5758, 5766, 5771, 5904, 5921, 5926, 6087, 6094, 6144, 6217, 6244, 6256, 6275, 6287, 6449, 6552, 6622, 6635, 6688, 6713, 6762, 7057, 7199]","[2205, 3816]",7216,118,7098,2,116,7098,0
0.5,HSHMG17G,"[25, 139, 156, 283, 310, 400, 574, 651, 656, 819, 831, 845, 850, 856, 892, 911, 920, 925, 959, 1043, 1117, 1198, 1269, 1405, 1427, 1462, 1475, 1483, 1488, 1521, 1528, 1538, 1542, 1548, 1587, 1595, 1643, 1685, 1776, 1793, 1798, 1888, 1917, 1963, 2037, 2061, 2083, 2279, 2300, 2335, 2354, 2407, 2409, 2524, 2589, 2656, 2752, 2798, 2885, 2905, 2927, 2941, 2946, 3089, 3131, 3134, 3190, 3235, 3318, 3403, 3415, 3473, 3483, 3620, 3626, 3705, 3786, 3795, 3808, 3889, 3898, 3905, 3929, 4021, 4098, 4126, 4162, 4189, 4342, 4348, 4366, 4410, 4469, 4553, 4594, 4647, 4662, 4716, 4767, 4777, 4815, 4833, 4854, 4887, 4921, 4929, 4933, 4940, 5014, 5030, 5035, 5037, 5058, 5067, 5073, 5351, 5468, 5472, 5494, 5594, 5600, 5608, 5637, 5726, 5821, 5882, 5887, 5920, 5937, 5946, 6007, 6012, 6047, 6061, 6068, 6077, 6160, 6182, 6255, 6271, 6297, 6302, 6442, 6490, 6511, 6556, 6611, 6617, 6675, 6682, 6703, 6844, 6865, 6906, 6913, 6924, 6938, 6986, 7042, 7062, 7087, 7100, 7118, 7183, 7188]","[2524, 3415, 3620, 4021, 4553]","[25, 139, 156, 283, 310, 400, 574, 651, 656, 819, 831, 845, 850, 856, 892, 911, 920, 925, 959, 1043, 1117, 1198, 1269, 1405, 1427, 1462, 1475, 1483, 1488, 1521, 1528, 1538, 1542, 1548, 1587, 1595, 1643, 1685, 1776, 1793, 1798, 1888, 1917, 1963, 2037, 2061, 2083, 2279, 2300, 2335, 2354, 2407, 2409, 2589, 2656, 2752, 2798, 2885, 2905, 2927, 2941, 2946, 3089, 3131, 3134, 3190, 3235, 3318, 3403, 3473, 3483, 3626, 3705, 3786, 3795, 3808, 3889, 3898, 3905, 3929, 4098, 4126, 4162, 4189, 4342, 4348, 4366, 4410, 4469, 4594, 4647, 4662, 4716, 4767, 4777, 4815, 4833, 4854, 4887, 4921, 4929, 4933, 4940, 5014, 5030, 5035, 5037, 5058, 5067, 5073, 5351, 5468, 5472, 5494, 5594, 5600, 5608, 5637, 5726, 5821, 5882, 5887, 5920, 5937, 5946, 6007, 6012, 6047, 6061, 6068, 6077, 6160, 6182, 6255, 6271, 6297, 6302, 6442, 6490, 6511, 6556, 6611, 6617, 6675, 6682, 6703, 6844, 6865, 6906, 6913, 6924, 6938, 6986, 7042, 7062, 7087, 7100, 7118, 7183, 7188]","[2524, 3415, 3620, 4021, 4553]",7187,165,7022,5,160,7022,0
0.5,HSHNRNPA,"[11, 29, 44, 49, 220, 271, 318, 323, 413, 426, 458, 470, 481, 485, 543, 628, 687, 707, 727, 814, 868, 922, 1086, 1159, 1163, 1287, 1294, 1489, 1494, 1518, 1549, 1661, 1700, 1751, 1789, 1830, 1858, 1891, 1936, 1940, 2040, 2100, 2114, 2133, 2185, 2201, 2291, 2295, 2319, 2337, 2405, 2421, 2426, 2481, 2511, 2530, 2567, 2591, 2606, 2615, 2633, 2660, 2664, 2681, 2723, 2794, 2803, 2815, 2818, 2821, 2830, 2836, 2869, 2927, 2949, 2988, 3069, 3130, 3220, 3223, 3229, 3233, 3240, 3249, 3256, 3295, 3316, 3328, 3498, 3536, 3559, 3602, 3773, 3821, 3824, 3926, 3962, 3967, 4001, 4083, 4141, 4241, 4252, 4312, 4316, 4330, 4379, 4418, 4578, 4596, 4632, 4685, 4709, 4734, 4763, 4791, 4833, 4847, 4877, 4884, 4889, 4914, 4930, 4932, 4937, 4954, 4964, 4997, 5114, 5159, 5211, 5254]","[814, 1494, 1936, 2295, 2481, 2660, 2869, 3962]","[11, 29, 44, 49, 220, 271, 318, 323, 413, 426, 458, 470, 481, 485, 543, 628, 687, 707, 727, 868, 922, 1086, 1159, 1163, 1287, 1294, 1489, 1518, 1549, 1661, 1700, 1751, 1789, 1830, 1858, 1891, 1940, 2040, 2100, 2114, 2133, 2185, 2201, 2291, 2319, 2337, 2405, 2421, 2426, 2511, 2530, 2567, 2591, 2606, 2615, 2633, 2664, 2681, 2723, 2794, 2803, 2815, 2818, 2821, 2830, 2836, 2927, 2949, 2988, 3069, 3130, 3220, 3223, 3229, 3233, 3240, 3249, 3256, 3295, 3316, 3328, 3498, 3536, 3559, 3602, 3773, 3821, 3824, 3926, 3967, 4001, 4083, 4141, 4241, 4252, 4312, 4316, 4330, 4379, 4418, 4578, 4596, 4632, 4685, 4709, 4734, 4763, 4791, 4833, 4847, 4877, 4884, 4889, 4914, 4930, 4932, 4937, 4954, 4964, 4997, 5114, 5159, 5211, 5254]","[814, 1494, 1936, 2295, 2481, 2660, 2869, 3962]",5360,132,5228,8,124,5228,0
0.5,HSHOX51,"[9, 19, 117, 204, 210, 226, 229, 268, 282, 298, 340, 346, 427, 460, 517, 567, 578, 688, 698, 703, 752, 760, 795, 826, 841, 856, 862, 976, 1032, 1043, 1081, 1199, 1234, 1245, 1278, 1300, 1351, 1398, 1425, 1475, 1547, 1622, 1640, 1651, 1675, 1791, 1878, 1959, 2036, 2042, 2052, 2068, 2095, 2120, 2126, 2130, 2138, 2201, 2230, 2246, 2260, 2344, 2347, 2393, 2397, 2401, 2415, 2419, 2425, 2431, 2433, 2519, 2575, 2592, 2611, 2690, 2707, 2822, 2930, 3022, 3027, 3067, 3242, 3262, 3300, 3320, 3341, 3361, 3389, 3431, 3497, 3558, 3601, 3685, 3803, 3974, 3985, 3999, 4004, 4015, 4023, 4088, 4190, 4445, 4454, 4509, 4521, 4544, 4600, 4643, 4748, 4797, 4921, 4940, 4957, 4993, 5095, 5129, 5208, 5288, 5426, 5529, 5555, 5588, 5604, 5614, 5659, 5678, 5721, 5756, 5817, 5898, 5902, 5915, 5977, 6013, 6047, 6073, 6179, 6188, 6190, 6196, 6206, 6244, 6276]",[2052],"[9, 19, 117, 204, 210, 226, 229, 268, 282, 298, 340, 346, 427, 460, 517, 567, 578, 688, 698, 703, 752, 760, 795, 826, 841, 856, 862, 976, 1032, 1043, 1081, 1199, 1234, 1245, 1278, 1300, 1351, 1398, 1425, 1475, 1547, 1622, 1640, 1651, 1675, 1791, 1878, 1959, 2036, 2042, 2068, 2095, 2120, 2126, 2130, 2138, 2201, 2230, 2246, 2260, 2344, 2347, 2393, 2397, 2401, 2415, 2419, 2425, 2431, 2433, 2519, 2575, 2592, 2611, 2690, 2707, 2822, 2930, 3022, 3027, 3067, 3242, 3262, 3300, 3320, 3341, 3361, 3389, 3431, 3497, 3558, 3601, 3685, 3803, 3974, 3985, 3999, 4004, 4015, 4023, 4088, 4190, 4445, 4454, 4509, 4521, 4544, 4600, 4643, 4748, 4797, 4921, 4940, 4957, 4993, 5095, 5129, 5208, 5288, 5426, 5529, 5555, 5588, 5604, 5614, 5659, 5678, 5721, 5756, 5817, 5898, 5902, 5915, 5977, 6013, 6047, 6073, 6179, 6188, 6190, 6196, 6206, 6244, 6276]",[2052],6297,145,6152,1,144,6152,0
0.5,HSHSC70,"[27, 31, 41, 54, 59, 63, 106, 119, 198, 212, 229, 305, 332, 336, 346, 414, 416, 456, 470, 499, 506, 550, 575, 681, 689, 777, 839, 844, 852, 898, 913, 1058, 1062, 1091, 1194, 1245, 1313, 1368, 1419, 1449, 1456, 1483, 1488, 1496, 1576, 1641, 1644, 1674, 1716, 1773, 1778, 1790, 1797, 1895, 1905, 1923, 1931, 1952, 1973, 1988, 1997, 2052, 2121, 2149, 2190, 2250, 2305, 2337, 2355, 2377, 2427, 2458, 2533, 2550, 2563, 2572, 2578, 2587, 2614, 2668, 2721, 2781, 2797, 2887, 2893, 2902, 2938, 2948, 2955, 3031, 3054, 3188, 3203, 3230, 3293, 3307, 3317, 3551, 3620, 3662, 3692, 3734, 3773, 3793, 3841, 3908, 3930, 3964, 4079, 4114, 4169, 4197, 4253, 4284, 4325, 4329, 4343, 4379, 4421, 4519, 4527, 4569, 4572, 4590, 4593, 4622, 4735, 4814, 4819, 4910, 4919, 4929, 4986, 5017, 5141, 5145, 5194, 5228, 5253, 5291, 5330, 5378]","[1245, 1773, 2250, 2893, 3307, 3734, 4114]","[27, 31, 41, 54, 59, 63, 106, 119, 198, 212, 229, 305, 332, 336, 346, 414, 416, 456, 470, 499, 506, 550, 575, 681, 689, 777, 839, 844, 852, 898, 913, 1058, 1062, 1091, 1194, 1313, 1368, 1419, 1449, 1456, 1483, 1488, 1496, 1576, 1641, 1644, 1674, 1716, 1778, 1790, 1797, 1895, 1905, 1923, 1931, 1952, 1973, 1988, 1997, 2052, 2121, 2149, 2190, 2305, 2337, 2355, 2377, 2427, 2458, 2533, 2550, 2563, 2572, 2578, 2587, 2614, 2668, 2721, 2781, 2797, 2887, 2902, 2938, 2948, 2955, 3031, 3054, 3188, 3203, 3230, 3293, 3317, 3551, 3620, 3662, 3692, 3773, 3793, 3841, 3908, 3930, 3964, 4079, 4169, 4197, 4253, 4284, 4325, 4329, 4343, 4379, 4421, 4519, 4527, 4569, 4572, 4590, 4593, 4622, 4735, 4814, 4819, 4910, 4919, 4929, 4986, 5017, 5141, 5145, 5194, 5228, 5253, 5291, 5330, 5378]","[1245, 1773, 2250, 2893, 3307, 3734, 4114]",5400,142,5258,7,135,5258,0
0.5,HSIFNAR,"[92, 109, 197, 319, 329, 346, 352, 365, 394, 429, 485, 526, 549, 553, 568, 583, 585, 587, 589, 591, 593, 595, 616, 620, 631, 654, 669, 712, 724, 731, 830, 869, 1036, 1043, 1073, 1083, 1122, 1139, 1190, 1218, 1282, 1288, 1305, 1356, 1371, 1375, 1404, 1420, 1437, 1508, 1517, 1540, 1544, 1585, 1597, 1601, 1780, 1834, 1942, 1954, 1988, 2036, 2093, 2150, 2165, 2167, 2302, 2308, 2399, 2445, 2453, 2594, 2605, 2612, 2623, 2632, 2663, 2677, 2680, 2684, 2696, 2742, 2747, 2807, 2811, 2825, 2898, 2948, 2978, 2990, 3039, 3051, 3071, 3156, 3173, 3195, 3297, 3320, 3337, 3362, 3397, 3443, 3452, 3503, 3516, 3572, 3579, 3603, 3714, 3756, 3843, 3856, 3967, 3980, 3992, 4011, 4014, 4046, 4103, 4124, 4150, 4183, 4272, 4280, 4315, 4330, 4401, 4445, 4458, 4462, 4474, 4481, 4549, 4554, 4597, 4612, 4686, 4742, 4780, 4808, 4846, 4920, 4960, 5041, 5056, 5061, 5097, 5135, 5267, 5313, 5327, 5386, 5424, 5468, 5630, 5648, 5712, 5843, 6121, 6253, 6258, 6378, 6393, 6407, 6674, 6710, 6771, 6838, 6892, 6949, 6966, 7262, 7361, 7409, 7556, 7613, 7631, 7694, 7698, 7702, 7796, 7816, 7843, 7976, 8009, 8092, 8096, 8112, 8182, 8199, 8431, 8443, 8514, 8569, 8594, 8645, 8858, 9033, 9047, 9051, 9072, 9219, 9252, 9507, 9539, 9566, 9606, 9696, 9748, 9767, 9829, 9861, 9877, 9963, 9968, 10028, 10110, 10147, 10270, 10302, 10318, 10348, 10369, 10402, 10414, 10423, 10427, 10463, 10504, 10507, 10517, 10593, 10612, 10627, 10677, 10728, 10789, 10800, 10841, 10886, 10897, 11026, 11044, 11104, 11127, 11157, 11162, 11175, 11201, 11230, 11236, 11268, 11286, 11290, 11299, 11325, 11477, 11536, 11634, 11640, 11649, 11655, 11664, 11676, 11687, 11723, 11776, 11778, 11832, 11845, 11960, 12012, 12035, 12103, 12114, 12138, 12219, 12293, 12316, 12359, 12366, 12416, 12445, 12551, 12626, 12660, 12663, 12687, 12704, 12760, 12773, 12832, 12838, 12859, 13065, 13070, 13202, 13256, 13264, 13291, 13325, 13359, 13524, 13691, 13828, 13884, 13965, 14006, 14019, 14050, 14064, 14096, 14124, 14169, 14172, 14176, 14182, 14241, 14247, 14260, 14282, 14380, 14436, 14517, 14642, 14751, 14778, 14793, 14795, 14844, 14874, 14930, 14937, 14942, 15058, 15109, 15131, 15159, 15196, 15233, 15281, 15387, 15424, 15437, 15464, 15482, 15565, 15578, 15637, 15643, 15686, 15954, 15995, 16062, 16084, 16179, 16276, 16329, 16514, 16580, 16613, 16696, 16707, 16818, 16875, 16909, 16944, 17136, 17164, 17269, 17271, 17279, 17313, 17371, 17416, 17476, 17548, 17574, 17647, 17651, 17681, 17708, 17725, 17884, 17915, 17942, 17992, 18039, 18042, 18111, 18117, 18183, 18205, 18224, 18240, 18274, 18338, 18351, 18394, 18426, 18486, 18564, 18577, 18656, 18872, 18886, 18913, 18979, 19053, 19121, 19180, 19188, 19220, 19420, 19442, 19556, 19608, 19663, 19690, 19780, 19799, 19846, 19858, 19887, 19910, 19952, 19999, 20023, 20036, 20044, 20088, 20113, 20153, 20189, 20240, 20303, 20346, 20372, 20425, 20452, 20686, 20704, 20706, 20761, 20795, 20837, 20839, 20895, 20975, 20983, 21052, 21132, 21165, 21239, 21243, 21261, 21295, 21357, 21416, 21610, 21622, 21714, 21749, 21801, 21850, 21909, 21933, 22027, 22057, 22082, 22130, 22134, 22183, 22190, 22300, 22338, 22373, 22414, 22451, 22497, 22532, 22538, 22586, 22644, 22661, 22719, 22723, 22774, 22851, 22956, 23001, 23027, 23043, 23100, 23136, 23180, 23273, 23300, 23369, 23431, 23460, 23491, 23501, 23594, 23639, 23705, 23732, 23766, 23783, 23833, 23881, 23919, 23948, 23985, 24319, 24341, 24345, 24359, 24436, 24449, 24509, 24515, 24550, 24742, 24755, 24776, 24810, 24920, 24942, 24991, 25026, 25061, 25088, 25099, 25222, 25251, 25314, 25325, 25368, 25385, 25416, 25437, 25489, 25555, 25560, 25592, 25618, 25630, 25666, 25674, 25707, 25765, 25777, 25895, 25969, 25974, 26082, 26285, 26360, 26441, 26450, 26542, 26558, 26578, 26592, 26639, 26649, 26658, 26704, 26757, 26892, 26897, 26914, 26962, 27001, 27028, 27046, 27052, 27087, 27132, 27206, 27224, 27236, 27240, 27263, 27344, 27380, 27385, 27446, 27540, 27543, 27546, 27549, 27591, 27648, 27703, 27729, 27744, 27840, 27880, 27952, 27985, 27991, 28115, 28142, 28146, 28192, 28235, 28250, 28272, 28315, 28350, 28422, 28437, 28489, 28506, 28585, 28594, 28657, 28661, 28679, 28710, 28729, 28742, 28756, 28828, 28850, 28868, 28872, 28901, 28927, 28996, 29018, 29032, 29084, 29126, 29139, 29168, 29232, 29345, 29366, 29394, 29466, 29543, 29554, 29622, 29629, 29672, 29712, 29722, 29743, 29821, 29841, 29854, 29885, 29899, 29975, 29988, 30041, 30047, 30053, 30063, 30088, 30118, 30127, 30131, 30136, 30149, 30191, 30203, 30214, 30231, 30265, 30272, 30400, 30439, 30452, 30489, 30497, 30509, 30527, 30582, 30637, 30642, 30841, 30854, 30881, 30895, 30937, 30949, 30989, 30998, 31281, 31290, 31313, 31339, 31397, 31516, 31529, 31572, 31601, 31604, 31644, 31649, 31715, 31721, 31727, 31761, 31769, 31835, 31883, 31918, 31967, 32009, 32020, 32103, 32165, 32269, 32399, 32446, 32488, 32567, 32580, 32635, 32775]","[830, 11325, 16944, 19188, 19442, 21132, 25061, 25314, 28679, 29554]","[92, 109, 197, 319, 329, 346, 352, 365, 394, 429, 485, 526, 549, 553, 568, 583, 585, 587, 589, 591, 593, 595, 616, 620, 631, 654, 669, 712, 724, 731, 869, 1036, 1043, 1073, 1083, 1122, 1139, 1190, 1218, 1282, 1288, 1305, 1356, 1371, 1375, 1404, 1420, 1437, 1508, 1517, 1540, 1544, 1585, 1597, 1601, 1780, 1834, 1942, 1954, 1988, 2036, 2093, 2150, 2165, 2167, 2302, 2308, 2399, 2445, 2453, 2594, 2605, 2612, 2623, 2632, 2663, 2677, 2680, 2684, 2696, 2742, 2747, 2807, 2811, 2825, 2898, 2948, 2978, 2990, 3039, 3051, 3071, 3156, 3173, 3195, 3297, 3320, 3337, 3362, 3397, 3443, 3452, 3503, 3516, 3572, 3579, 3603, 3714, 3756, 3843, 3856, 3967, 3980, 3992, 4011, 4014, 4046, 4103, 4124, 4150, 4183, 4272, 4280, 4315, 4330, 4401, 4445, 4458, 4462, 4474, 4481, 4549, 4554, 4597, 4612, 4686, 4742, 4780, 4808, 4846, 4920, 4960, 5041, 5056, 5061, 5097, 5135, 5267, 5313, 5327, 5386, 5424, 5468, 5630, 5648, 5712, 5843, 6121, 6253, 6258, 6378, 6393, 6407, 6674, 6710, 6771, 6838, 6892, 6949, 6966, 7262, 7361, 7409, 7556, 7613, 7631, 7694, 7698, 7702, 7796, 7816, 7843, 7976, 8009, 8092, 8096, 8112, 8182, 8199, 8431, 8443, 8514, 8569, 8594, 8645, 8858, 9033, 9047, 9051, 9072, 9219, 9252, 9507, 9539, 9566, 9606, 9696, 9748, 9767, 9829, 9861, 9877, 9963, 9968, 10028, 10110, 10147, 10270, 10302, 10318, 10348, 10369, 10402, 10414, 10423, 10427, 10463, 10504, 10507, 10517, 10593, 10612, 10627, 10677, 10728, 10789, 10800, 10841, 10886, 10897, 11026, 11044, 11104, 11127, 11157, 11162, 11175, 11201, 11230, 11236, 11268, 11286, 11290, 11299, 11477, 11536, 11634, 11640, 11649, 11655, 11664, 11676, 11687, 11723, 11776, 11778, 11832, 11845, 11960, 12012, 12035, 12103, 12114, 12138, 12219, 12293, 12316, 12359, 12366, 12416, 12445, 12551, 12626, 12660, 12663, 12687, 12704, 12760, 12773, 12832, 12838, 12859, 13065, 13070, 13202, 13256, 13264, 13291, 13325, 13359, 13524, 13691, 13828, 13884, 13965, 14006, 14019, 14050, 14064, 14096, 14124, 14169, 14172, 14176, 14182, 14241, 14247, 14260, 14282, 14380, 14436, 14517, 14642, 14751, 14778, 14793, 14795, 14844, 14874, 14930, 14937, 14942, 15058, 15109, 15131, 15159, 15196, 15233, 15281, 15387, 15424, 15437, 15464, 15482, 15565, 15578, 15637, 15643, 15686, 15954, 15995, 16062, 16084, 16179, 16276, 16329, 16514, 16580, 16613, 16696, 16707, 16818, 16875, 16909, 17136, 17164, 17269, 17271, 17279, 17313, 17371, 17416, 17476, 17548, 17574, 17647, 17651, 17681, 17708, 17725, 17884, 17915, 17942, 17992, 18039, 18042, 18111, 18117, 18183, 18205, 18224, 18240, 18274, 18338, 18351, 18394, 18426, 18486, 18564, 18577, 18656, 18872, 18886, 18913, 18979, 19053, 19121, 19180, 19220, 19420, 19556, 19608, 19663, 19690, 19780, 19799, 19846, 19858, 19887, 19910, 19952, 19999, 20023, 20036, 20044, 20088, 20113, 20153, 20189, 20240, 20303, 20346, 20372, 20425, 20452, 20686, 20704, 20706, 20761, 20795, 20837, 20839, 20895, 20975, 20983, 21052, 21165, 21239, 21243, 21261, 21295, 21357, 21416, 21610, 21622, 21714, 21749, 21801, 21850, 21909, 21933, 22027, 22057, 22082, 22130, 22134, 22183, 22190, 22300, 22338, 22373, 22414, 22451, 22497, 22532, 22538, 22586, 22644, 22661, 22719, 22723, 22774, 22851, 22956, 23001, 23027, 23043, 23100, 23136, 23180, 23273, 23300, 23369, 23431, 23460, 23491, 23501, 23594, 23639, 23705, 23732, 23766, 23783, 23833, 23881, 23919, 23948, 23985, 24319, 24341, 24345, 24359, 24436, 24449, 24509, 24515, 24550, 24742, 24755, 24776, 24810, 24920, 24942, 24991, 25026, 25088, 25099, 25222, 25251, 25325, 25368, 25385, 25416, 25437, 25489, 25555, 25560, 25592, 25618, 25630, 25666, 25674, 25707, 25765, 25777, 25895, 25969, 25974, 26082, 26285, 26360, 26441, 26450, 26542, 26558, 26578, 26592, 26639, 26649, 26658, 26704, 26757, 26892, 26897, 26914, 26962, 27001, 27028, 27046, 27052, 27087, 27132, 27206, 27224, 27236, 27240, 27263, 27344, 27380, 27385, 27446, 27540, 27543, 27546, 27549, 27591, 27648, 27703, 27729, 27744, 27840, 27880, 27952, 27985, 27991, 28115, 28142, 28146, 28192, 28235, 28250, 28272, 28315, 28350, 28422, 28437, 28489, 28506, 28585, 28594, 28657, 28661, 28710, 28729, 28742, 28756, 28828, 28850, 28868, 28872, 28901, 28927, 28996, 29018, 29032, 29084, 29126, 29139, 29168, 29232, 29345, 29366, 29394, 29466, 29543, 29622, 29629, 29672, 29712, 29722, 29743, 29821, 29841, 29854, 29885, 29899, 29975, 29988, 30041, 30047, 30053, 30063, 30088, 30118, 30127, 30131, 30136, 30149, 30191, 30203, 30214, 30231, 30265, 30272, 30400, 30439, 30452, 30489, 30497, 30509, 30527, 30582, 30637, 30642, 30841, 30854, 30881, 30895, 30937, 30949, 30989, 30998, 31281, 31290, 31313, 31339, 31397, 31516, 31529, 31572, 31601, 31604, 31644, 31649, 31715, 31721, 31727, 31761, 31769, 31835, 31883, 31918, 31967, 32009, 32020, 32103, 32165, 32269, 32399, 32446, 32488, 32567, 32580, 32635, 32775]","[830, 11325, 16944, 19188, 19442, 21132, 25061, 25314, 28679, 29554]",32898,725,32173,10,715,32173,0
0.5,HSIFNG,"[15, 55, 63, 91, 93, 98, 104, 136, 149, 283, 318, 343, 589, 593, 679, 777, 835, 867, 899, 955, 976, 1047, 1064, 1101, 1106, 1440, 1453, 1469, 1479, 1730, 1798, 1835, 1846, 1897, 1970, 1996, 2083, 2175, 2244, 2330, 2347, 2364, 2368, 2373, 2392, 2403, 2413, 2431, 2442, 2446, 2464, 2535, 2557, 2577, 2612, 2665, 2677, 2771, 2817, 2849, 3213, 3252, 3302, 3350, 3372, 3516, 3602, 3631, 3636, 3667, 3690, 3736, 3742, 3756, 3786, 3833, 3962, 3996, 4002, 4086, 4115, 4168, 4175, 4187, 4206, 4259, 4278, 4376, 4392, 4429, 4435, 4463, 4482, 4600, 4648, 4715, 4731, 4862, 4916, 5030, 5070, 5075, 5098, 5142, 5162, 5167, 5211, 5236, 5242, 5257, 5305, 5346, 5358, 5385, 5409, 5448, 5490, 5555, 5688, 5694, 5702, 5708, 5759, 5764, 5831, 5853, 5892, 5910]","[589, 1897, 2175]","[15, 55, 63, 91, 93, 98, 104, 136, 149, 283, 318, 343, 593, 679, 777, 835, 867, 899, 955, 976, 1047, 1064, 1101, 1106, 1440, 1453, 1469, 1479, 1730, 1798, 1835, 1846, 1970, 1996, 2083, 2244, 2330, 2347, 2364, 2368, 2373, 2392, 2403, 2413, 2431, 2442, 2446, 2464, 2535, 2557, 2577, 2612, 2665, 2677, 2771, 2817, 2849, 3213, 3252, 3302, 3350, 3372, 3516, 3602, 3631, 3636, 3667, 3690, 3736, 3742, 3756, 3786, 3833, 3962, 3996, 4002, 4086, 4115, 4168, 4175, 4187, 4206, 4259, 4278, 4376, 4392, 4429, 4435, 4463, 4482, 4600, 4648, 4715, 4731, 4862, 4916, 5030, 5070, 5075, 5098, 5142, 5162, 5167, 5211, 5236, 5242, 5257, 5305, 5346, 5358, 5385, 5409, 5448, 5490, 5555, 5688, 5694, 5702, 5708, 5759, 5764, 5831, 5853, 5892, 5910]","[589, 1897, 2175]",5953,128,5825,3,125,5825,0
0.5,HSIL1AG,"[20, 48, 93, 332, 535, 730, 748, 762, 826, 916, 998, 1188, 1213, 1299, 1347, 1383, 1479, 1489, 1518, 1612, 1617, 1637, 1730, 1830, 1915, 1987, 2130, 2208, 2231, 2323, 2337, 2347, 2441, 2595, 2641, 2797, 2804, 2840, 2949, 2992, 3019, 3054, 3067, 3071, 3075, 3103, 3165, 3215, 3229, 3356, 3474, 3519, 3535, 3576, 3631, 3698, 3708, 3719, 3939, 4118, 4170, 4220, 4223, 4244, 4261, 4326, 4373, 4406, 4447, 4554, 4560, 4565, 4593, 4667, 4687, 4729, 4840, 4847, 4864, 5019, 5111, 5138, 5155, 5318, 5343, 5383, 5419, 5512, 5548, 5552, 5580, 5620, 5691, 5710, 5839, 5874, 5953, 5965, 6116, 6189, 6306, 6370, 6392, 6433, 6662, 6691, 6750, 6821, 6842, 6888, 7002, 7173, 7216, 7224, 7300, 7384, 7410, 7432, 7457, 7562, 7589, 7604, 7608, 7622, 7639, 7666, 7681, 7814, 7830, 7868, 7897, 7928, 7940, 8025, 8095, 8132, 8413, 8510, 8514, 8526, 8559, 8580, 8601, 8615, 8701, 8713, 8828, 8846, 8873, 8891, 8922, 8931, 8943, 8977, 8989, 9023, 9035, 9069, 9081, 9115, 9174, 9290, 9411, 9431, 9436, 9539, 9554, 9605, 9685, 9719, 9733, 9771, 9775, 9779, 9781, 9783, 9785, 9789, 9793, 9795, 9797, 9799, 9801, 9875, 10013, 10122, 10321, 10324, 10428, 10487, 10491, 10545, 10572, 10592, 10604, 10633, 10697, 11029, 11038, 11181, 11183, 11229, 11321, 11338, 11360, 11518, 11550, 11686, 11703, 11793, 11936, 11949]","[2208, 3215, 4326, 6433, 7940]","[20, 48, 93, 332, 535, 730, 748, 762, 826, 916, 998, 1188, 1213, 1299, 1347, 1383, 1479, 1489, 1518, 1612, 1617, 1637, 1730, 1830, 1915, 1987, 2130, 2231, 2323, 2337, 2347, 2441, 2595, 2641, 2797, 2804, 2840, 2949, 2992, 3019, 3054, 3067, 3071, 3075, 3103, 3165, 3229, 3356, 3474, 3519, 3535, 3576, 3631, 3698, 3708, 3719, 3939, 4118, 4170, 4220, 4223, 4244, 4261, 4373, 4406, 4447, 4554, 4560, 4565, 4593, 4667, 4687, 4729, 4840, 4847, 4864, 5019, 5111, 5138, 5155, 5318, 5343, 5383, 5419, 5512, 5548, 5552, 5580, 5620, 5691, 5710, 5839, 5874, 5953, 5965, 6116, 6189, 6306, 6370, 6392, 6662, 6691, 6750, 6821, 6842, 6888, 7002, 7173, 7216, 7224, 7300, 7384, 7410, 7432, 7457, 7562, 7589, 7604, 7608, 7622, 7639, 7666, 7681, 7814, 7830, 7868, 7897, 7928, 8025, 8095, 8132, 8413, 8510, 8514, 8526, 8559, 8580, 8601, 8615, 8701, 8713, 8828, 8846, 8873, 8891, 8922, 8931, 8943, 8977, 8989, 9023, 9035, 9069, 9081, 9115, 9174, 9290, 9411, 9431, 9436, 9539, 9554, 9605, 9685, 9719, 9733, 9771, 9775, 9779, 9781, 9783, 9785, 9789, 9793, 9795, 9797, 9799, 9801, 9875, 10013, 10122, 10321, 10324, 10428, 10487, 10491, 10545, 10572, 10592, 10604, 10633, 10697, 11029, 11038, 11181, 11183, 11229, 11321, 11338, 11360, 11518, 11550, 11686, 11703, 11793, 11936, 11949]","[2208, 3215, 4326, 6433, 7940]",11962,212,11750,5,207,11750,0
0.5,HSIL1B,"[74, 317, 567, 638, 680, 693, 735, 767, 821, 865, 905, 935, 1101, 1134, 1268, 1296, 1327, 1352, 1379, 1446, 1497, 1515, 1551, 1565, 1575, 1585, 1636, 1649, 1683, 1710, 1845, 1855, 2006, 2034, 2069, 2073, 2165, 2240, 2422, 2466, 2490, 2506, 2528, 2550, 2563, 2579, 2646, 2653, 2804, 2861, 2894, 2949, 2963, 3144, 3235, 3269, 3339, 3343, 3346, 3349, 3362, 3365, 3404, 3565, 3879, 3903, 3916, 3956, 4058, 4178, 4234, 4276, 4293, 4383, 4393, 4441, 4477, 4485, 4490, 4492, 4496, 4505, 4522, 4554, 4559, 4604, 4616, 4749, 4833, 4892, 4952, 5220, 5327, 5427, 5584, 5588, 5599, 5657, 5664, 5700, 5705, 5749, 5771, 5783, 5858, 5927, 5975, 6039, 6110, 6145, 6236, 6361, 6399, 6476, 6486, 6530, 6550, 6555, 6576, 6593, 6626, 6725, 6728, 6734, 6764, 6876, 6896, 6973, 7017, 7121, 7166, 7196, 7219, 7225, 7311, 7357, 7406, 7512, 7538, 7849, 7979, 8022, 8033, 8237, 8348, 8364, 8422, 8482, 8520, 8750, 8758, 8762, 8812, 8995, 9010, 9049, 9058, 9180, 9190, 9267, 9336, 9348, 9353, 9464, 9466, 9470, 9479, 9497, 9556, 9692, 9716]","[2528, 3144, 5327, 6039, 7406]","[74, 317, 567, 638, 680, 693, 735, 767, 821, 865, 905, 935, 1101, 1134, 1268, 1296, 1327, 1352, 1379, 1446, 1497, 1515, 1551, 1565, 1575, 1585, 1636, 1649, 1683, 1710, 1845, 1855, 2006, 2034, 2069, 2073, 2165, 2240, 2422, 2466, 2490, 2506, 2550, 2563, 2579, 2646, 2653, 2804, 2861, 2894, 2949, 2963, 3235, 3269, 3339, 3343, 3346, 3349, 3362, 3365, 3404, 3565, 3879, 3903, 3916, 3956, 4058, 4178, 4234, 4276, 4293, 4383, 4393, 4441, 4477, 4485, 4490, 4492, 4496, 4505, 4522, 4554, 4559, 4604, 4616, 4749, 4833, 4892, 4952, 5220, 5427, 5584, 5588, 5599, 5657, 5664, 5700, 5705, 5749, 5771, 5783, 5858, 5927, 5975, 6110, 6145, 6236, 6361, 6399, 6476, 6486, 6530, 6550, 6555, 6576, 6593, 6626, 6725, 6728, 6734, 6764, 6876, 6896, 6973, 7017, 7121, 7166, 7196, 7219, 7225, 7311, 7357, 7512, 7538, 7849, 7979, 8022, 8033, 8237, 8348, 8364, 8422, 8482, 8520, 8750, 8758, 8762, 8812, 8995, 9010, 9049, 9058, 9180, 9190, 9267, 9336, 9348, 9353, 9464, 9466, 9470, 9479, 9497, 9556, 9692, 9716]","[2528, 3144, 5327, 6039, 7406]",9703,171,9532,5,166,9532,0
0.5,HSINT2,"[47, 54, 58, 60, 181, 253, 349, 410, 439, 477, 516, 533, 626, 698, 814, 1007, 1094, 1156, 1160, 1204, 1263, 1285, 1347, 1448, 1465, 1478, 1689, 1833, 1848, 1856, 1879, 1899, 1982, 2070, 2079, 2113, 2157, 2173, 2267, 2297, 2467, 2561, 2564, 2572, 2589, 2629, 2735, 2788, 2792, 2867, 2887, 2909, 3009, 3073, 3150, 3155, 3178, 3189, 3197, 3282, 3323, 3328, 3361, 3405, 3420, 3445, 3471, 3509, 3549, 3567, 3571, 3592, 3627, 3653, 3704, 3742, 3790, 3800, 3859, 3992, 4110, 4136, 4140, 4167, 4173, 4189, 4327, 4880, 4923, 5020, 5054, 5111, 5128, 5235, 5327, 5335, 5361, 5386, 5517, 5691, 6386, 6546, 6581, 6631, 6694, 6819, 6824, 6837, 6954, 6968, 7058, 7074, 7226, 7228, 7230, 7235, 7243, 7297, 7303, 7336, 7341, 7408, 7506, 7564, 7600, 7796, 7816, 7837, 7883, 7887, 7986, 7992, 8020, 8109, 8132, 8172, 8196, 8449, 8531, 8557, 8569, 8668, 8722, 8836, 8889, 8920, 8934, 8967, 8973, 9056, 9072, 9214, 9220, 9256, 9271, 9281, 9288, 9331, 9337, 9341, 9416, 9443, 9459, 9480, 9582, 9602, 9692, 9738, 9760, 9800, 9804, 9808, 9886, 9888, 9917, 9942, 9949, 9989, 10034, 10085, 10131, 10152, 10162, 10173, 10175, 10177, 10181, 10185, 10202, 10216, 10220, 10228, 10232, 10238, 10248, 10255, 10261, 10263, 10273, 10277, 10279, 10281, 10283, 10295, 10307, 10309, 10314, 10316, 10318, 10326, 10328, 10330, 10332, 10334, 10336, 10338, 10340, 10342, 10344, 10346, 10348, 10350, 10419, 10453, 10458, 10533, 10584, 10620, 10644, 10665, 10708, 10736, 10775, 10805, 10820, 10835, 10865, 10943, 10994, 11007, 11019, 11044, 11125, 11148, 11253, 11260, 11296, 11327, 11375, 11425, 11427, 11429, 11512, 11551, 11562, 11596]","[1156, 3549]","[47, 54, 58, 60, 181, 253, 349, 410, 439, 477, 516, 533, 626, 698, 814, 1007, 1094, 1160, 1204, 1263, 1285, 1347, 1448, 1465, 1478, 1689, 1833, 1848, 1856, 1879, 1899, 1982, 2070, 2079, 2113, 2157, 2173, 2267, 2297, 2467, 2561, 2564, 2572, 2589, 2629, 2735, 2788, 2792, 2867, 2887, 2909, 3009, 3073, 3150, 3155, 3178, 3189, 3197, 3282, 3323, 3328, 3361, 3405, 3420, 3445, 3471, 3509, 3567, 3571, 3592, 3627, 3653, 3704, 3742, 3790, 3800, 3859, 3992, 4110, 4136, 4140, 4167, 4173, 4189, 4327, 4880, 4923, 5020, 5054, 5111, 5128, 5235, 5327, 5335, 5361, 5386, 5517, 5691, 6386, 6546, 6581, 6631, 6694, 6819, 6824, 6837, 6954, 6968, 7058, 7074, 7226, 7228, 7230, 7235, 7243, 7297, 7303, 7336, 7341, 7408, 7506, 7564, 7600, 7796, 7816, 7837, 7883, 7887, 7986, 7992, 8020, 8109, 8132, 8172, 8196, 8449, 8531, 8557, 8569, 8668, 8722, 8836, 8889, 8920, 8934, 8967, 8973, 9056, 9072, 9214, 9220, 9256, 9271, 9281, 9288, 9331, 9337, 9341, 9416, 9443, 9459, 9480, 9582, 9602, 9692, 9738, 9760, 9800, 9804, 9808, 9886, 9888, 9917, 9942, 9949, 9989, 10034, 10085, 10131, 10152, 10162, 10173, 10175, 10177, 10181, 10185, 10202, 10216, 10220, 10228, 10232, 10238, 10248, 10255, 10261, 10263, 10273, 10277, 10279, 10281, 10283, 10295, 10307, 10309, 10314, 10316, 10318, 10326, 10328, 10330, 10332, 10334, 10336, 10338, 10340, 10342, 10344, 10346, 10348, 10350, 10419, 10453, 10458, 10533, 10584, 10620, 10644, 10665, 10708, 10736, 10775, 10805, 10820, 10835, 10865, 10943, 10994, 11007, 11019, 11044, 11125, 11148, 11253, 11260, 11296, 11327, 11375, 11425, 11427, 11429, 11512, 11551, 11562, 11596]","[1156, 3549]",11600,256,11344,2,254,11344,0
0.5,HSL7A,"[9, 31, 105, 122, 199, 225, 229, 242, 255, 291, 378, 420, 467, 537, 556, 696, 1090, 1133, 1165, 1207, 1223, 1282, 1288, 1369, 1408, 1524, 1552, 1623, 1625, 1789, 1813, 1894, 1983, 1989, 2073, 2077, 2108, 2117, 2193, 2214, 2234, 2302, 2317, 2340, 2370, 2398, 2488, 2564, 2576, 2600, 2646, 2651, 2706, 2776, 2797, 2824, 2867, 2918, 2921, 2944, 2954, 2960, 3065, 3103, 3127, 3149, 3211, 3230, 3259, 3354, 3436, 3476, 3525, 3530, 3623, 3726, 3768, 3881, 3886, 4007, 4034, 4052, 4073, 4107, 4131, 4134, 4164, 4205, 4237, 4241, 4255, 4259, 4268, 4310, 4339, 4469, 4564, 4572, 4723, 4738, 4781, 4877, 4919, 5073, 5158, 5216, 5235, 5280, 5289, 5315, 5323, 5374, 5376, 5405, 5463, 5484, 5497]","[2073, 2867, 3525, 3881, 4164, 4572, 4919]","[9, 31, 105, 122, 199, 225, 229, 242, 255, 291, 378, 420, 467, 537, 556, 696, 1090, 1133, 1165, 1207, 1223, 1282, 1288, 1369, 1408, 1524, 1552, 1623, 1625, 1789, 1813, 1894, 1983, 1989, 2077, 2108, 2117, 2193, 2214, 2234, 2302, 2317, 2340, 2370, 2398, 2488, 2564, 2576, 2600, 2646, 2651, 2706, 2776, 2797, 2824, 2918, 2921, 2944, 2954, 2960, 3065, 3103, 3127, 3149, 3211, 3230, 3259, 3354, 3436, 3476, 3530, 3623, 3726, 3768, 3886, 4007, 4034, 4052, 4073, 4107, 4131, 4134, 4205, 4237, 4241, 4255, 4259, 4268, 4310, 4339, 4469, 4564, 4723, 4738, 4781, 4877, 5073, 5158, 5216, 5235, 5280, 5289, 5315, 5323, 5374, 5376, 5405, 5463, 5484, 5497]","[2073, 2867, 3525, 3881, 4164, 4572, 4919]",5498,117,5381,7,110,5381,0
0.5,HSLCATG,"[24, 48, 53, 57, 64, 67, 73, 130, 157, 164, 284, 289, 333, 361, 372, 466, 697, 801, 819, 863, 867, 924, 964, 991, 1117, 1119, 1178, 1211, 1223, 1234, 1261, 1352, 1485, 1576, 1590, 1620, 1629, 1636, 1640, 1663, 1672, 1704, 1723, 1777, 1855, 1881, 1891, 2004, 2050, 2076, 2114, 2149, 2171, 2187, 2214, 2229, 2266, 2296, 2305, 2362, 2387, 2574, 2609, 2672, 2726, 2750, 2765, 2771, 2775, 2792, 2805, 2831, 3038, 3053, 3363, 3424, 3489, 3560, 3577, 3587, 3716, 3762, 3817, 3878, 3893, 3895, 3905, 3965, 3973, 3991, 4057, 4135, 4156, 4200, 4210, 4283, 4339, 4399, 4402, 4413, 4458, 4608, 4654, 4674, 4704, 4712, 4730, 4790, 4794, 4812, 4823, 4968, 5051, 5076, 5135, 5140, 5147, 5200, 5221, 5238, 5247, 5259, 5301, 5320, 5331, 5372, 5389, 5396, 5435, 5448, 5572, 5638, 5643, 5649, 5749, 5769, 5873, 5900, 5914, 5920, 5932, 5945, 5957, 5972, 5985, 6016, 6028, 6060, 6106, 6159, 6184, 6269, 6317, 6357, 6362, 6375, 6402, 6420, 6496, 6509, 6562, 6574, 6664, 6705, 6737, 6743, 6756, 6822, 6885]","[991, 1881, 2076, 2266, 2574]","[24, 48, 53, 57, 64, 67, 73, 130, 157, 164, 284, 289, 333, 361, 372, 466, 697, 801, 819, 863, 867, 924, 964, 1117, 1119, 1178, 1211, 1223, 1234, 1261, 1352, 1485, 1576, 1590, 1620, 1629, 1636, 1640, 1663, 1672, 1704, 1723, 1777, 1855, 1891, 2004, 2050, 2114, 2149, 2171, 2187, 2214, 2229, 2296, 2305, 2362, 2387, 2609, 2672, 2726, 2750, 2765, 2771, 2775, 2792, 2805, 2831, 3038, 3053, 3363, 3424, 3489, 3560, 3577, 3587, 3716, 3762, 3817, 3878, 3893, 3895, 3905, 3965, 3973, 3991, 4057, 4135, 4156, 4200, 4210, 4283, 4339, 4399, 4402, 4413, 4458, 4608, 4654, 4674, 4704, 4712, 4730, 4790, 4794, 4812, 4823, 4968, 5051, 5076, 5135, 5140, 5147, 5200, 5221, 5238, 5247, 5259, 5301, 5320, 5331, 5372, 5389, 5396, 5435, 5448, 5572, 5638, 5643, 5649, 5749, 5769, 5873, 5900, 5914, 5920, 5932, 5945, 5957, 5972, 5985, 6016, 6028, 6060, 6106, 6159, 6184, 6269, 6317, 6357, 6362, 6375, 6402, 6420, 6496, 6509, 6562, 6574, 6664, 6705, 6737, 6743, 6756, 6822, 6885]","[991, 1881, 2076, 2266, 2574]",6893,169,6724,5,164,6724,0
0.5,HSMECDAG,"[74, 93, 166, 230, 298, 336, 375, 387, 422, 453, 471, 482, 529, 716, 873, 884, 911, 923, 956, 962, 999, 1042, 1048, 1153, 1198, 1223, 1333, 1352, 1354, 1393, 1430, 1456, 1595, 1641, 1669, 1805, 1869, 1967, 1988, 2056, 2077, 2149, 2208, 2210, 2239, 2254, 2332, 2337, 2352, 2356, 2380, 2439, 2460, 2469, 2517, 2521, 2544, 2584, 2588, 2593, 2597, 2601, 2616, 2637, 2655, 2727, 2731, 2737, 2776, 2814, 2827, 2860, 2870, 2875, 2966, 2970, 2994, 3027, 3032, 3045, 3072, 3090, 3119, 3122, 3162, 3167, 3170, 3180, 3202, 3239, 3245, 3353, 3413, 3499, 3506, 3544, 3560, 3617, 3626, 3661, 3666, 3673, 3713, 3719, 3736, 3772, 3807, 3813, 3816, 3852, 3893, 3925, 3939, 3953, 3955, 3979, 3986, 4068, 4075, 4095, 4100, 4106, 4157, 4201, 4207, 4219, 4282, 4334, 4340, 4352, 4361]","[1393, 2517, 2776, 2966, 3544, 3852]","[74, 93, 166, 230, 298, 336, 375, 387, 422, 453, 471, 482, 529, 716, 873, 884, 911, 923, 956, 962, 999, 1042, 1048, 1153, 1198, 1223, 1333, 1352, 1354, 1430, 1456, 1595, 1641, 1669, 1805, 1869, 1967, 1988, 2056, 2077, 2149, 2208, 2210, 2239, 2254, 2332, 2337, 2352, 2356, 2380, 2439, 2460, 2469, 2521, 2544, 2584, 2588, 2593, 2597, 2601, 2616, 2637, 2655, 2727, 2731, 2737, 2814, 2827, 2860, 2870, 2875, 2970, 2994, 3027, 3032, 3045, 3072, 3090, 3119, 3122, 3162, 3167, 3170, 3180, 3202, 3239, 3245, 3353, 3413, 3499, 3506, 3560, 3617, 3626, 3661, 3666, 3673, 3713, 3719, 3736, 3772, 3807, 3813, 3816, 3893, 3925, 3939, 3953, 3955, 3979, 3986, 4068, 4075, 4095, 4100, 4106, 4157, 4201, 4207, 4219, 4282, 4334, 4340, 4352, 4361]","[1393, 2517, 2776, 2966, 3544, 3852]",4362,131,4231,6,125,4231,0
0.5,HSMED,"[19, 36, 46, 52, 122, 139, 221, 263, 277, 307, 324, 360, 377, 413, 430, 466, 483, 519, 578, 584, 594, 619, 636, 710, 768, 789, 812, 840, 896, 902, 961, 967, 1160, 1197, 1354, 1432, 1434, 1460, 1496, 1506, 1568, 1592, 1596, 1618, 1642, 1673, 1693, 1704, 1774, 1809, 1838, 1851, 1916, 1932, 1941, 1943, 1959, 1989, 1993, 1998, 2002, 2041, 2186, 2192, 2240, 2249, 2282, 2303, 2315, 2366, 2383, 2407, 2420, 2441, 2472, 2484, 2962, 3142, 3154, 3159, 3232, 3240, 3244, 3250, 3315, 3388, 3438, 3513, 3529, 3551, 3899, 3945, 3950, 3975, 4051, 4175, 4294, 4348, 4350, 4355, 4359, 4449, 4451, 4493, 4515, 4521, 4563, 4568, 4606, 4638, 4644, 4647, 4674, 4686, 4707, 4716, 4762, 4821, 4833, 4903, 4987, 4995, 5103, 5192, 5194, 5214, 5218, 5222, 5232, 5245, 5266]","[1354, 1943, 2315, 4716]","[19, 36, 46, 52, 122, 139, 221, 263, 277, 307, 324, 360, 377, 413, 430, 466, 483, 519, 578, 584, 594, 619, 636, 710, 768, 789, 812, 840, 896, 902, 961, 967, 1160, 1197, 1432, 1434, 1460, 1496, 1506, 1568, 1592, 1596, 1618, 1642, 1673, 1693, 1704, 1774, 1809, 1838, 1851, 1916, 1932, 1941, 1959, 1989, 1993, 1998, 2002, 2041, 2186, 2192, 2240, 2249, 2282, 2303, 2366, 2383, 2407, 2420, 2441, 2472, 2484, 2962, 3142, 3154, 3159, 3232, 3240, 3244, 3250, 3315, 3388, 3438, 3513, 3529, 3551, 3899, 3945, 3950, 3975, 4051, 4175, 4294, 4348, 4350, 4355, 4359, 4449, 4451, 4493, 4515, 4521, 4563, 4568, 4606, 4638, 4644, 4647, 4674, 4686, 4707, 4762, 4821, 4833, 4903, 4987, 4995, 5103, 5192, 5194, 5214, 5218, 5222, 5232, 5245, 5266]","[1354, 1943, 2315, 4716]",5284,131,5153,4,127,5153,0
0.5,HSMT1H,"[20, 72, 179, 196, 238, 367, 383, 385, 396, 442, 474, 496, 544, 567, 632, 636, 641, 649, 816, 883, 893, 986, 1047, 1128, 1189, 1231, 1288, 1358, 1409, 1440, 1449, 1475, 1479, 1518, 1615, 1682, 1762, 1767, 1774, 1828, 1835, 1865, 1874, 1885, 1894, 1911, 1934, 1995, 2044, 2078, 2125, 2129]","[816, 1475]","[20, 72, 179, 196, 238, 367, 383, 385, 396, 442, 474, 496, 544, 567, 632, 636, 641, 649, 883, 893, 986, 1047, 1128, 1189, 1231, 1288, 1358, 1409, 1440, 1449, 1479, 1518, 1615, 1682, 1762, 1767, 1774, 1828, 1835, 1865, 1874, 1885, 1894, 1911, 1934, 1995, 2044, 2078, 2125, 2129]","[816, 1475]",2134,52,2082,2,50,2082,0
0.5,HSNCAMX1,"[112, 171, 188, 246, 280, 307, 334, 454, 480, 560, 638, 770, 774, 817, 846, 919, 934, 1143, 1147, 1174, 1187, 1256, 1266, 1352, 1424, 1502, 1508, 1518, 1550, 1609, 1737, 1759, 1764, 1787, 1794, 1805, 1887, 1975, 2111, 2162, 2177, 2183, 2245, 2271, 2302, 2310, 2320, 2334, 2344, 2350, 2373, 2379, 2381, 2419, 2427, 2464, 2470, 2474, 2486, 2502, 2504, 2519, 2537, 2547, 2555, 2557, 2576, 2583, 2585, 2698, 2712, 2724, 2728, 2737, 2791, 2808, 2868, 2898, 2917, 2958, 2974, 3004, 3025, 3044, 3069, 3161, 3519, 3655, 3718, 3743, 3748, 3879, 3964, 3966, 4077, 4142, 4157, 4190, 4232, 4268, 4283, 4285, 4322, 4385, 4542, 4608, 4671, 4748, 4750, 4773, 4778, 4782, 4969, 5015, 5035, 5065, 5075, 5218, 5250, 5264, 5272, 5289, 5424, 5461, 5488, 5515, 5524, 5813, 5830, 5834, 5916, 5946, 6024, 6051, 6099, 6169, 6177, 6192, 6202, 6218, 6227, 6233, 6247, 6279, 6315, 6319, 6340, 6345, 6440, 6479, 6572, 6582, 6825, 6837, 6933, 6983, 7022, 7061, 7076, 7228, 7251, 7283, 7296, 7309, 7316, 7342, 7372, 7383, 7444, 7535, 7569, 7591, 7619, 7640, 7727, 7741, 7764, 7774, 7785, 7795, 7852, 7887, 8033, 8047, 8058, 8076, 8088, 8107, 8171, 8177, 8198, 8204, 8209, 8215, 8340, 8454, 8512, 8529, 8546, 8552, 8611, 8802, 8809, 8838, 8856, 8881, 8959, 8967, 8978, 9025, 9034, 9061, 9068, 9077, 9083, 9098, 9248, 9325, 9342, 9349, 9366, 9369, 9373, 9385, 9474, 9486, 9522, 9528, 9571, 9670, 9724, 9743, 9797, 9863, 9879, 10015, 10019, 10025, 10066, 10087, 10153, 10269, 10310, 10317, 10424, 10507, 10532, 10537, 10544, 10592, 10610, 10694, 10722, 10726, 10752, 10803, 10805, 10897, 10962, 10972, 10979, 11249, 11316, 11441, 11474, 11478, 11509, 11540, 11599, 11604, 11610, 11615, 11625, 11640, 11667, 11698, 11710, 11726, 11797, 11800, 11806, 11808, 11829, 11849, 11870, 11875, 11892, 11936, 11939, 12005, 12072, 12149, 12159, 12283, 12287, 12313, 12362, 12467, 12508, 12519, 12550, 12702, 12757, 12786, 12792, 12815, 12902, 12924, 12957, 13030, 13049, 13302, 13338, 13357, 13408, 13487, 13505, 13514, 13609, 13646, 13666, 13684, 13734, 13743, 13752, 13774, 13819, 13843, 13887, 13893, 13909, 13913, 13970, 13980, 14002, 14016, 14038, 14055, 14064, 14344, 14463, 14474, 14543, 14600, 14616, 14730, 14936, 14974, 14990, 15056, 15078, 15144, 15353, 15375, 15542, 15553, 15565, 15598, 15602, 15745, 15753, 15793, 15907, 15914, 15945, 16150, 16155, 16229, 16237, 16257, 16277]","[1609, 4142, 4778, 5218, 6315, 6582, 6983, 7316, 7569, 7852, 8529, 8809, 9068, 9373, 9571, 10015, 10317, 10722, 11667, 12072, 12283, 12550, 12786, 13049, 13487, 13893, 14002]","[112, 171, 188, 246, 280, 307, 334, 454, 480, 560, 638, 770, 774, 817, 846, 919, 934, 1143, 1147, 1174, 1187, 1256, 1266, 1352, 1424, 1502, 1508, 1518, 1550, 1737, 1759, 1764, 1787, 1794, 1805, 1887, 1975, 2111, 2162, 2177, 2183, 2245, 2271, 2302, 2310, 2320, 2334, 2344, 2350, 2373, 2379, 2381, 2419, 2427, 2464, 2470, 2474, 2486, 2502, 2504, 2519, 2537, 2547, 2555, 2557, 2576, 2583, 2585, 2698, 2712, 2724, 2728, 2737, 2791, 2808, 2868, 2898, 2917, 2958, 2974, 3004, 3025, 3044, 3069, 3161, 3519, 3655, 3718, 3743, 3748, 3879, 3964, 3966, 4077, 4157, 4190, 4232, 4268, 4283, 4285, 4322, 4385, 4542, 4608, 4671, 4748, 4750, 4773, 4782, 4969, 5015, 5035, 5065, 5075, 5250, 5264, 5272, 5289, 5424, 5461, 5488, 5515, 5524, 5813, 5830, 5834, 5916, 5946, 6024, 6051, 6099, 6169, 6177, 6192, 6202, 6218, 6227, 6233, 6247, 6279, 6319, 6340, 6345, 6440, 6479, 6572, 6825, 6837, 6933, 7022, 7061, 7076, 7228, 7251, 7283, 7296, 7309, 7342, 7372, 7383, 7444, 7535, 7591, 7619, 7640, 7727, 7741, 7764, 7774, 7785, 7795, 7887, 8033, 8047, 8058, 8076, 8088, 8107, 8171, 8177, 8198, 8204, 8209, 8215, 8340, 8454, 8512, 8546, 8552, 8611, 8802, 8838, 8856, 8881, 8959, 8967, 8978, 9025, 9034, 9061, 9077, 9083, 9098, 9248, 9325, 9342, 9349, 9366, 9369, 9385, 9474, 9486, 9522, 9528, 9670, 9724, 9743, 9797, 9863, 9879, 10019, 10025, 10066, 10087, 10153, 10269, 10310, 10424, 10507, 10532, 10537, 10544, 10592, 10610, 10694, 10726, 10752, 10803, 10805, 10897, 10962, 10972, 10979, 11249, 11316, 11441, 11474, 11478, 11509, 11540, 11599, 11604, 11610, 11615, 11625, 11640, 11698, 11710, 11726, 11797, 11800, 11806, 11808, 11829, 11849, 11870, 11875, 11892, 11936, 11939, 12005, 12149, 12159, 12287, 12313, 12362, 12467, 12508, 12519, 12702, 12757, 12792, 12815, 12902, 12924, 12957, 13030, 13302, 13338, 13357, 13408, 13505, 13514, 13609, 13646, 13666, 13684, 13734, 13743, 13752, 13774, 13819, 13843, 13887, 13909, 13913, 13970, 13980, 14016, 14038, 14055, 14064, 14344, 14463, 14474, 14543, 14600, 14616, 14730, 14936, 14974, 14990, 15056, 15078, 15144, 15353, 15375, 15542, 15553, 15565, 15598, 15602, 15745, 15753, 15793, 15907, 15914, 15945, 16150, 16155, 16229, 16237, 16257, 16277]","[1609, 4142, 4778, 5218, 6315, 6582, 6983, 7316, 7569, 7852, 8529, 8809, 9068, 9373, 9571, 10015, 10317, 10722, 11667, 12072, 12283, 12550, 12786, 13049, 13487, 13893, 14002]",16280,371,15909,27,344,15909,0
0.5,HSNFM,"[21, 56, 163, 185, 242, 254, 300, 331, 362, 417, 432, 468, 528, 551, 606, 712, 753, 790, 820, 1096, 1188, 1231, 1252, 1323, 1387, 1393, 1411, 1432, 1465, 1507, 1698, 1737, 1741, 1822, 1887, 1919, 1957, 2053, 2116, 2163, 2184, 2243, 2269, 2311, 2315, 2320, 2398, 2417, 2422, 2433, 2477, 2487, 2591, 2669, 2675, 2691, 2716, 2768, 2917, 3037, 3230, 3325, 3355, 3371, 3422, 3572, 3746, 3751, 3772, 3782, 3838, 3849, 3863, 3871, 3917, 3940, 4020, 4069, 4101, 4121, 4184, 4198, 4316, 4337, 4491, 4562, 4575, 4604, 4619, 4649, 4688, 4727, 4766, 4844, 4886, 4896, 4952, 4982, 5012, 5036, 5057, 5063, 5148, 5172, 5216, 5234, 5262, 5334, 5343, 5357, 5360, 5372, 5388, 5403, 5429, 5447, 5498, 5525, 5544, 5573, 5603, 5701, 5744, 5829, 5914, 6005, 6022, 6156, 6210]","[1822, 2675]","[21, 56, 163, 185, 242, 254, 300, 331, 362, 417, 432, 468, 528, 551, 606, 712, 753, 790, 820, 1096, 1188, 1231, 1252, 1323, 1387, 1393, 1411, 1432, 1465, 1507, 1698, 1737, 1741, 1887, 1919, 1957, 2053, 2116, 2163, 2184, 2243, 2269, 2311, 2315, 2320, 2398, 2417, 2422, 2433, 2477, 2487, 2591, 2669, 2691, 2716, 2768, 2917, 3037, 3230, 3325, 3355, 3371, 3422, 3572, 3746, 3751, 3772, 3782, 3838, 3849, 3863, 3871, 3917, 3940, 4020, 4069, 4101, 4121, 4184, 4198, 4316, 4337, 4491, 4562, 4575, 4604, 4619, 4649, 4688, 4727, 4766, 4844, 4886, 4896, 4952, 4982, 5012, 5036, 5057, 5063, 5148, 5172, 5216, 5234, 5262, 5334, 5343, 5357, 5360, 5372, 5388, 5403, 5429, 5447, 5498, 5525, 5544, 5573, 5603, 5701, 5744, 5829, 5914, 6005, 6022, 6156, 6210]","[1822, 2675]",6228,129,6099,2,127,6099,0
0.5,HSODCG,"[159, 213, 305, 362, 376, 390, 449, 455, 591, 603, 621, 661, 725, 735, 759, 768, 780, 785, 795, 808, 1002, 1084, 1086, 1192, 1331, 1361, 1392, 1494, 1498, 1529, 1560, 1577, 1589, 1648, 1695, 1816, 1913, 1923, 1938, 1951, 1984, 2108, 2145, 2149, 2200, 2278, 2319, 2368, 2374, 2393, 2446, 2483, 2532, 2561, 2566, 2606, 2612, 2649, 2693, 2706, 2751, 2829, 2834, 2847, 2906, 2912, 2956, 3007, 3019, 3029, 3065, 3098, 3136, 3140, 3144, 3172, 3181, 3185, 3211, 3242, 3256, 3285, 3288, 3333, 3346, 3405, 3411, 3446, 3454, 3567, 3617, 3662, 3707, 3745, 3781, 3794, 3826, 3920, 3968, 3998, 4103, 4192, 4218, 4230, 4302, 4320, 4323, 4343, 4388, 4407, 4421, 4426, 4433, 4445, 4456, 4534, 4581, 4601, 4649, 4696, 4771, 4866, 4870, 4885, 4919, 4927, 4941, 4982, 5028, 5198, 5282, 5286, 5323, 5336, 5338, 5348, 5421, 5432, 5447, 5558, 5571, 5633, 5643, 5651, 5717, 5815, 5829, 5849, 5872, 5893, 5911, 6004, 6018, 6071, 6073, 6135, 6161, 6164, 6211, 6253, 6258, 6271, 6298, 6324, 6336, 6378, 6421, 6448, 6470, 6549, 6579, 6597, 6630, 6670, 6685, 6735, 6835, 6878, 6896, 6957, 6971, 6989, 7002, 7111, 7138, 7208, 7285, 7306, 7324, 7359, 7419, 7451, 7481, 7501, 7505, 7594, 7599, 7614, 7618, 7638, 7668, 7836, 7881, 7971, 8016, 8052, 8059, 8078, 8090, 8125, 8188, 8207, 8214, 8218, 8297, 8346, 8373, 8410, 8461, 8495, 8501, 8631, 8721, 8758, 8789, 8822, 8842, 8854, 8887, 8954, 8957, 9000, 9013, 9015]","[4192, 4649, 5028, 5421, 5633, 5893, 7111, 7306, 7614]","[159, 213, 305, 362, 376, 390, 449, 455, 591, 603, 621, 661, 725, 735, 759, 768, 780, 785, 795, 808, 1002, 1084, 1086, 1192, 1331, 1361, 1392, 1494, 1498, 1529, 1560, 1577, 1589, 1648, 1695, 1816, 1913, 1923, 1938, 1951, 1984, 2108, 2145, 2149, 2200, 2278, 2319, 2368, 2374, 2393, 2446, 2483, 2532, 2561, 2566, 2606, 2612, 2649, 2693, 2706, 2751, 2829, 2834, 2847, 2906, 2912, 2956, 3007, 3019, 3029, 3065, 3098, 3136, 3140, 3144, 3172, 3181, 3185, 3211, 3242, 3256, 3285, 3288, 3333, 3346, 3405, 3411, 3446, 3454, 3567, 3617, 3662, 3707, 3745, 3781, 3794, 3826, 3920, 3968, 3998, 4103, 4218, 4230, 4302, 4320, 4323, 4343, 4388, 4407, 4421, 4426, 4433, 4445, 4456, 4534, 4581, 4601, 4696, 4771, 4866, 4870, 4885, 4919, 4927, 4941, 4982, 5198, 5282, 5286, 5323, 5336, 5338, 5348, 5432, 5447, 5558, 5571, 5643, 5651, 5717, 5815, 5829, 5849, 5872, 5911, 6004, 6018, 6071, 6073, 6135, 6161, 6164, 6211, 6253, 6258, 6271, 6298, 6324, 6336, 6378, 6421, 6448, 6470, 6549, 6579, 6597, 6630, 6670, 6685, 6735, 6835, 6878, 6896, 6957, 6971, 6989, 7002, 7138, 7208, 7285, 7324, 7359, 7419, 7451, 7481, 7501, 7505, 7594, 7599, 7618, 7638, 7668, 7836, 7881, 7971, 8016, 8052, 8059, 8078, 8090, 8125, 8188, 8207, 8214, 8218, 8297, 8346, 8373, 8410, 8461, 8495, 8501, 8631, 8721, 8758, 8789, 8822, 8842, 8854, 8887, 8954, 8957, 9000, 9013, 9015]","[4192, 4649, 5028, 5421, 5633, 5893, 7111, 7306, 7614]",9035,234,8801,9,225,8801,0
0.5,HSODF2,"[4, 8, 25, 47, 83, 97, 128, 131, 136, 158, 171, 250, 269, 310, 331, 381, 387, 419, 438, 480, 482, 504, 506, 600, 629, 633, 722, 802, 890, 907, 913, 949, 964, 968, 993, 1017, 1061, 1078, 1155, 1200, 1256, 1272, 1277, 1307, 1375, 1379, 1412]",[600],"[4, 8, 25, 47, 83, 97, 128, 131, 136, 158, 171, 250, 269, 310, 331, 381, 387, 419, 438, 480, 482, 504, 506, 629, 633, 722, 802, 890, 907, 913, 949, 964, 968, 993, 1017, 1061, 1078, 1155, 1200, 1256, 1272, 1277, 1307, 1375, 1379, 1412]",[600],1422,47,1375,1,46,1375,0
0.5,HSPAT133,"[117, 130, 200, 273, 313, 318, 393, 397, 475, 558, 602, 654, 693, 762, 785, 794, 1057, 1068, 1126, 1173, 1208, 1212, 1447, 1466, 1578, 1632, 1666, 1677, 1707, 1760, 1778, 1782, 1801, 1815, 1889, 1961, 1981, 2025, 2129, 2207, 2220, 2226, 2347, 2366, 2413, 2531, 2582, 2627, 2695, 2737, 2860, 2872, 2943, 2995, 3034, 3036, 3085, 3191, 3381, 3420, 3523, 3540, 3574, 3622, 3711]",[1447],"[117, 130, 200, 273, 313, 318, 393, 397, 475, 558, 602, 654, 693, 762, 785, 794, 1057, 1068, 1126, 1173, 1208, 1212, 1466, 1578, 1632, 1666, 1677, 1707, 1760, 1778, 1782, 1801, 1815, 1889, 1961, 1981, 2025, 2129, 2207, 2220, 2226, 2347, 2366, 2413, 2531, 2582, 2627, 2695, 2737, 2860, 2872, 2943, 2995, 3034, 3036, 3085, 3191, 3381, 3420, 3523, 3540, 3574, 3622, 3711]",[1447],3712,65,3647,1,64,3647,0
0.5,HSPLAPL,"[9, 24, 33, 179, 191, 215, 218, 351, 403, 533, 593, 599, 603, 728, 808, 827, 889, 1038, 1073, 1111, 1158, 1167, 1192, 1197, 1207, 1209, 1214, 1225]","[403, 599, 827]","[9, 24, 33, 179, 191, 215, 218, 351, 533, 593, 603, 728, 808, 889, 1038, 1073, 1111, 1158, 1167, 1192, 1197, 1207, 1209, 1214, 1225]","[403, 599, 827]",1274,28,1246,3,25,1246,0
0.5,HSPRB3L,"[7, 19, 209, 279, 356, 383, 386, 400, 415, 479, 519, 523, 566, 592, 616, 674, 743, 789, 820, 825, 840, 873, 896, 916, 1050, 1075, 1085, 1097, 1103, 1153, 1167, 1216, 1229, 1314, 1319, 1374, 1407, 1412, 1443, 1466, 1486, 1503, 1527, 1537, 1755, 1969, 1993, 2002, 2069, 2913, 2934, 2961, 3083, 3096, 3204, 3346, 3376, 3584, 3593, 3754, 3803, 3921, 3992, 4005, 4014, 4045, 4071, 4085, 4103, 4142, 4229, 4236, 4418]","[566, 1537]","[7, 19, 209, 279, 356, 383, 386, 400, 415, 479, 519, 523, 592, 616, 674, 743, 789, 820, 825, 840, 873, 896, 916, 1050, 1075, 1085, 1097, 1103, 1153, 1167, 1216, 1229, 1314, 1319, 1374, 1407, 1412, 1443, 1466, 1486, 1503, 1527, 1755, 1969, 1993, 2002, 2069, 2913, 2934, 2961, 3083, 3096, 3204, 3346, 3376, 3584, 3593, 3754, 3803, 3921, 3992, 4005, 4014, 4045, 4071, 4085, 4103, 4142, 4229, 4236, 4418]","[566, 1537]",4508,73,4435,2,71,4435,0
0.5,HSPRB4S,"[34, 70, 97, 151, 341, 393, 411, 487, 515, 518, 542, 606, 646, 687, 693, 719, 741, 750, 868, 913, 942, 947, 995, 1018, 1038, 1049, 1058, 1195, 1205, 1223, 1276, 1280, 1338, 1436, 1441, 1496, 1529, 1534, 1565, 1587, 1607, 1624, 1658, 1843, 1858, 1875, 2095, 2119, 2128, 2384, 2495, 2573, 2790, 2812, 2957, 2970, 3058, 3462, 3470, 3523, 3589, 3633, 3682, 3800, 3838, 3856, 3889, 3905, 3999, 4183, 4199, 4281, 4301, 4373, 4504, 4659, 4941, 4987, 5054, 5204, 5381, 5463, 5473, 5532, 5652, 5694, 5799]","[693, 1658]","[34, 70, 97, 151, 341, 393, 411, 487, 515, 518, 542, 606, 646, 687, 719, 741, 750, 868, 913, 942, 947, 995, 1018, 1038, 1049, 1058, 1195, 1205, 1223, 1276, 1280, 1338, 1436, 1441, 1496, 1529, 1534, 1565, 1587, 1607, 1624, 1843, 1858, 1875, 2095, 2119, 2128, 2384, 2495, 2573, 2790, 2812, 2957, 2970, 3058, 3462, 3470, 3523, 3589, 3633, 3682, 3800, 3838, 3856, 3889, 3905, 3999, 4183, 4199, 4281, 4301, 4373, 4504, 4659, 4941, 4987, 5054, 5204, 5381, 5463, 5473, 5532, 5652, 5694, 5799]","[693, 1658]",5805,87,5718,2,85,5718,0
0.5,HSPSAG,"[46, 56, 75, 163, 174, 200, 233, 235, 280, 292, 403, 434, 447, 462, 806, 872, 1332, 1406, 1717, 1731, 1759, 1796, 1804, 1815, 1848, 1852, 1865, 1878, 1977, 1995, 2084, 2110, 2112, 2204, 2218, 2261, 2339, 2352, 2383, 2397, 2428, 2474, 2539, 2545, 2551, 2564, 2586, 2594, 2679, 2683, 2687, 2695, 2834, 3144, 3284, 3484, 3497, 3535, 3544, 3611, 3648, 3676, 3682, 3764, 3782, 3808, 3838, 3866, 3929, 3931, 3960, 3962, 3964, 3987, 4004, 4044, 4080, 4084, 4322, 4368, 4417, 4427, 4456, 4465, 4493, 4499, 4598, 4616, 4630, 4648, 4724, 4741, 4775, 4847, 4971, 5051, 5079, 5088, 5272, 5340, 5414, 5438, 5444, 5456, 5474, 5483, 5508, 5518, 5521, 5666, 5668, 5710, 5815, 5865]","[447, 1848, 3764, 4044]","[46, 56, 75, 163, 174, 200, 233, 235, 280, 292, 403, 434, 462, 806, 872, 1332, 1406, 1717, 1731, 1759, 1796, 1804, 1815, 1852, 1865, 1878, 1977, 1995, 2084, 2110, 2112, 2204, 2218, 2261, 2339, 2352, 2383, 2397, 2428, 2474, 2539, 2545, 2551, 2564, 2586, 2594, 2679, 2683, 2687, 2695, 2834, 3144, 3284, 3484, 3497, 3535, 3544, 3611, 3648, 3676, 3682, 3782, 3808, 3838, 3866, 3929, 3931, 3960, 3962, 3964, 3987, 4004, 4080, 4084, 4322, 4368, 4417, 4427, 4456, 4465, 4493, 4499, 4598, 4616, 4630, 4648, 4724, 4741, 4775, 4847, 4971, 5051, 5079, 5088, 5272, 5340, 5414, 5438, 5444, 5456, 5474, 5483, 5508, 5518, 5521, 5666, 5668, 5710, 5815, 5865]","[447, 1848, 3764, 4044]",5865,114,5751,4,110,5751,0
0.5,HSRPII145,"[23, 152, 274, 276, 333, 423, 427, 449, 467, 472, 532, 545, 588, 657, 695, 799, 844, 908, 960, 968, 1062, 1071, 1086, 1097, 1102, 1143, 1145, 1157, 1181, 1219, 1233, 1302, 1306, 1350, 1378, 1489, 1512, 1535, 1561, 1583, 1598, 1610, 1615, 1619, 1623, 1641, 1664, 1688, 1694, 1729, 1754, 1894, 2068]","[449, 588, 908, 1071, 1233]","[23, 152, 274, 276, 333, 423, 427, 467, 472, 532, 545, 657, 695, 799, 844, 960, 968, 1062, 1086, 1097, 1102, 1143, 1145, 1157, 1181, 1219, 1302, 1306, 1350, 1378, 1489, 1512, 1535, 1561, 1583, 1598, 1610, 1615, 1619, 1623, 1641, 1664, 1688, 1694, 1729, 1754, 1894, 2068]","[449, 588, 908, 1071, 1233]",2085,53,2032,5,48,2032,0
0.5,HSRPS7,"[21, 55, 67, 115, 166, 172, 180, 227, 264, 268, 280, 284, 318, 385, 404, 415, 506, 516, 520, 731, 790, 821, 848, 875, 998, 1008, 1055, 1077, 1099, 1103, 1131, 1136, 1223, 1276, 1288, 1394, 1420, 1437, 1442, 1458, 1490, 1499, 1599, 1628, 1715, 1726, 1784, 1831, 1835, 1896, 1930, 1957, 2003, 2048, 2063, 2115, 2166, 2185, 2192, 2232, 2248, 2269, 2281, 2369, 2400, 2435, 2495, 2530, 2539, 2551, 2585, 2595, 2600, 2665, 2717, 2723, 2734, 2785, 2791, 2871, 2873, 2973, 2977, 2983, 3054, 3079, 3108, 3138, 3181, 3224, 3237, 3266, 3285, 3295, 3305, 3329, 3383, 3415, 3419, 3424, 3488, 3555, 3598, 3626, 3630, 3640, 3644, 3677, 3680, 3730, 3743, 3755, 3854, 3882, 4016, 4032, 4116, 4223, 4254, 4280, 4284, 4347, 4381, 4417, 4430, 4438, 4460, 4464, 4569, 4644, 4654, 4658, 4668, 4683, 4746, 4811, 4828, 4899, 5088, 5100, 5104, 5316, 5368, 5376, 5409, 5478, 5503, 5531, 5572, 5593, 5647, 5655, 5671, 5711, 5736, 5788, 5810, 5912, 5919, 5937, 6001, 6008, 6057, 6064, 6068, 6084, 6127, 6137, 6146, 6224, 6258, 6272, 6325, 6329, 6348, 6386, 6408, 6429, 6433, 6518, 6554, 6585, 6644, 6734, 6762, 6773, 6791, 6887, 6892, 6937, 6982, 6993, 7003, 7007, 7010, 7045, 7049, 7061, 7082, 7092, 7134, 7137, 7160, 7164, 7232, 7251, 7273, 7293, 7351, 7376, 7389, 7465, 7467, 7485, 7500]","[2166, 2369, 3108, 4254, 6734]","[21, 55, 67, 115, 166, 172, 180, 227, 264, 268, 280, 284, 318, 385, 404, 415, 506, 516, 520, 731, 790, 821, 848, 875, 998, 1008, 1055, 1077, 1099, 1103, 1131, 1136, 1223, 1276, 1288, 1394, 1420, 1437, 1442, 1458, 1490, 1499, 1599, 1628, 1715, 1726, 1784, 1831, 1835, 1896, 1930, 1957, 2003, 2048, 2063, 2115, 2185, 2192, 2232, 2248, 2269, 2281, 2400, 2435, 2495, 2530, 2539, 2551, 2585, 2595, 2600, 2665, 2717, 2723, 2734, 2785, 2791, 2871, 2873, 2973, 2977, 2983, 3054, 3079, 3138, 3181, 3224, 3237, 3266, 3285, 3295, 3305, 3329, 3383, 3415, 3419, 3424, 3488, 3555, 3598, 3626, 3630, 3640, 3644, 3677, 3680, 3730, 3743, 3755, 3854, 3882, 4016, 4032, 4116, 4223, 4280, 4284, 4347, 4381, 4417, 4430, 4438, 4460, 4464, 4569, 4644, 4654, 4658, 4668, 4683, 4746, 4811, 4828, 4899, 5088, 5100, 5104, 5316, 5368, 5376, 5409, 5478, 5503, 5531, 5572, 5593, 5647, 5655, 5671, 5711, 5736, 5788, 5810, 5912, 5919, 5937, 6001, 6008, 6057, 6064, 6068, 6084, 6127, 6137, 6146, 6224, 6258, 6272, 6325, 6329, 6348, 6386, 6408, 6429, 6433, 6518, 6554, 6585, 6644, 6762, 6773, 6791, 6887, 6892, 6937, 6982, 6993, 7003, 7007, 7010, 7045, 7049, 7061, 7082, 7092, 7134, 7137, 7160, 7164, 7232, 7251, 7273, 7293, 7351, 7376, 7389, 7465, 7467, 7485, 7500]","[2166, 2369, 3108, 4254, 6734]",7505,215,7290,5,210,7290,0
0.5,HSSAA1B,"[13, 127, 210, 281, 305, 349, 359, 375, 470, 475, 527, 641, 713, 862, 881, 982, 1009, 1018, 1028, 1064, 1128, 1151, 1189, 1200, 1203, 1233, 1251, 1300, 1319, 1357, 1403, 1414, 1543, 1558, 1688, 1744, 1804, 1831, 1850, 1867, 1922, 1966, 2016, 2057, 2091, 2159, 2184, 2203, 2261, 2319, 2345, 2367, 2422, 2430, 2444, 2467, 2484, 2513, 2605, 2623, 2644, 2655, 2676, 2703, 2721, 2753, 2786, 2799, 2812, 2871, 2877, 2912, 2953, 3011, 3029, 3085, 3115, 3121, 3126, 3139, 3182, 3214, 3257, 3273, 3327, 3333, 3404, 3553, 3570, 3609, 3647, 3719, 3820, 3837, 3845, 3865, 3876, 3903, 3934, 3986, 3988, 3994, 4007, 4013, 4017, 4042, 4064, 4089, 4171, 4267, 4403, 4441, 4452, 4474, 4508, 4526, 4560, 4571, 4575, 4697, 4712, 4716, 4720, 4744]","[1543, 3845]","[13, 127, 210, 281, 305, 349, 359, 375, 470, 475, 527, 641, 713, 862, 881, 982, 1009, 1018, 1028, 1064, 1128, 1151, 1189, 1200, 1203, 1233, 1251, 1300, 1319, 1357, 1403, 1414, 1558, 1688, 1744, 1804, 1831, 1850, 1867, 1922, 1966, 2016, 2057, 2091, 2159, 2184, 2203, 2261, 2319, 2345, 2367, 2422, 2430, 2444, 2467, 2484, 2513, 2605, 2623, 2644, 2655, 2676, 2703, 2721, 2753, 2786, 2799, 2812, 2871, 2877, 2912, 2953, 3011, 3029, 3085, 3115, 3121, 3126, 3139, 3182, 3214, 3257, 3273, 3327, 3333, 3404, 3553, 3570, 3609, 3647, 3719, 3820, 3837, 3865, 3876, 3903, 3934, 3986, 3988, 3994, 4007, 4013, 4017, 4042, 4064, 4089, 4171, 4267, 4403, 4441, 4452, 4474, 4508, 4526, 4560, 4571, 4575, 4697, 4712, 4716, 4720, 4744]","[1543, 3845]",4815,124,4691,2,122,4691,0
0.5,HSSHBG,"[17, 183, 199, 228, 472, 531, 551, 605, 696, 703, 787, 887, 911, 1016, 1020, 1058, 1100, 1183, 1231, 1257, 1336, 1389, 1416, 1428, 1443, 1461, 1551, 1590, 1605, 1615, 1713, 1753, 1872, 1938, 2205, 2218, 2291, 2362, 2365, 2368, 2378, 2388, 2497, 2506, 2575, 2587, 2615, 2672, 2679, 2759, 2776, 2810, 2823, 2827, 2867, 2882, 2943, 2960, 3019, 3148, 3285, 3306, 3323, 3440, 3618, 3630, 3637, 3686]","[472, 696, 1058, 1551, 1938, 2205, 3148]","[17, 183, 199, 228, 531, 551, 605, 703, 787, 887, 911, 1016, 1020, 1100, 1183, 1231, 1257, 1336, 1389, 1416, 1428, 1443, 1461, 1590, 1605, 1615, 1713, 1753, 1872, 2218, 2291, 2362, 2365, 2368, 2378, 2388, 2497, 2506, 2575, 2587, 2615, 2672, 2679, 2759, 2776, 2810, 2823, 2827, 2867, 2882, 2943, 2960, 3019, 3285, 3306, 3323, 3440, 3618, 3630, 3637, 3686]","[472, 696, 1058, 1551, 1938, 2205, 3148]",3802,68,3734,7,61,3734,0
0.5,HSSSPN1AG,"[8, 42, 65, 152, 155, 293, 336, 399, 409, 418, 456, 567, 589, 778, 854, 974, 977, 1163, 1232, 1320, 1343, 1373, 1378, 1384, 1402, 1407, 1424, 1434, 1616, 1635, 1672, 1781, 1809, 1853, 1999, 2030, 2066, 2159, 2220, 2243, 2260, 2280, 2308, 2330, 2362, 2396, 2483, 2537, 2595, 2640, 2652, 2735, 2808, 2848, 2859, 2881, 2896, 2905, 2907, 2947, 2973, 2975, 3028, 3040, 3073, 3145, 3159, 3240, 3269, 3283, 3341, 3348, 3360, 3384, 3433, 3491, 3518, 3588, 3590, 3625, 3653, 3699, 3717, 3726, 3754, 3781, 3857, 3934, 3972, 4013, 4016, 4053, 4077, 4087]","[1343, 1635, 1809, 3360, 3491]","[8, 42, 65, 152, 155, 293, 336, 399, 409, 418, 456, 567, 589, 778, 854, 974, 977, 1163, 1232, 1320, 1373, 1378, 1384, 1402, 1407, 1424, 1434, 1616, 1672, 1781, 1853, 1999, 2030, 2066, 2159, 2220, 2243, 2260, 2280, 2308, 2330, 2362, 2396, 2483, 2537, 2595, 2640, 2652, 2735, 2808, 2848, 2859, 2881, 2896, 2905, 2907, 2947, 2973, 2975, 3028, 3040, 3073, 3145, 3159, 3240, 3269, 3283, 3341, 3348, 3384, 3433, 3518, 3588, 3590, 3625, 3653, 3699, 3717, 3726, 3754, 3781, 3857, 3934, 3972, 4013, 4016, 4053, 4077, 4087]","[1343, 1635, 1809, 3360, 3491]",4088,94,3994,5,89,3994,0
0.5,HSSURF3,"[27, 105, 194, 200, 284, 288, 319, 328, 403, 470, 485, 508, 538, 566, 610, 656, 743, 767, 813, 818, 873, 942, 963, 990, 1033, 1084, 1087, 1110, 1120, 1126, 1231, 1269, 1294, 1316, 1378, 1398, 1521, 1603, 1643, 1692, 1697, 1790, 1893, 1935, 2048, 2052, 2071, 2092, 2132, 2139, 2160, 2164, 2191, 2209, 2230, 2264, 2288, 2291, 2321, 2393, 2397, 2411, 2415, 2424, 2626, 2721, 2729, 2878, 2893, 2936, 3032, 3074, 3226, 3311, 3369, 3388]","[284, 1033, 1692, 2048, 2321, 2729, 3074]","[27, 105, 194, 200, 288, 319, 328, 403, 470, 485, 508, 538, 566, 610, 656, 743, 767, 813, 818, 873, 942, 963, 990, 1084, 1087, 1110, 1120, 1126, 1231, 1269, 1294, 1316, 1378, 1398, 1521, 1603, 1643, 1697, 1790, 1893, 1935, 2052, 2071, 2092, 2132, 2139, 2160, 2164, 2191, 2209, 2230, 2264, 2288, 2291, 2393, 2397, 2411, 2415, 2424, 2626, 2721, 2878, 2893, 2936, 3032, 3226, 3311, 3369, 3388]","[284, 1033, 1692, 2048, 2321, 2729, 3074]",3407,76,3331,7,69,3331,0
0.5,HSTNFB,"[38, 63, 112, 143, 189, 328, 354, 358, 372, 405, 440, 454, 702, 836, 871, 980, 984, 1025, 1172, 1180, 1202, 1218, 1267, 1309, 1375, 1471, 1507, 1567, 1862, 1945, 2031, 2044, 2071, 2109, 2195, 2432, 2484, 2506, 2691, 2732, 2870, 2872, 2874, 2876, 2888, 2954, 2999, 3015]","[1375, 1567]","[38, 63, 112, 143, 189, 328, 354, 358, 372, 405, 440, 454, 702, 836, 871, 980, 984, 1025, 1172, 1180, 1202, 1218, 1267, 1309, 1471, 1507, 1862, 1945, 2031, 2044, 2071, 2109, 2195, 2432, 2484, 2506, 2691, 2732, 2870, 2872, 2874, 2876, 2888, 2954, 2999, 3015]","[1375, 1567]",3029,48,2981,2,46,2981,0
0.5,HSTPI1G,"[38, 66, 68, 87, 123, 136, 145, 159, 231, 297, 351, 439, 576, 730, 746, 767, 827, 837, 864, 915, 919, 972, 1026, 1045, 1096, 1127, 1143, 1277, 1304, 1363, 1558, 1612, 1616, 1621, 1685, 1707, 1732, 1768, 1782, 1817, 1845, 1855, 1888, 1893, 1913, 1916, 2003, 2035, 2046, 2056, 2060, 2105, 2176, 2231, 2289, 2350, 2428, 2438, 2493, 2498, 2561, 2604, 2646, 2663, 2718, 2740, 2758, 2779, 2781, 2792, 2821, 2867, 2938, 2988, 3001, 3028, 3034, 3102, 3150, 3166, 3181, 3207, 3212, 3249, 3312, 3369, 3373, 3376, 3486, 3519, 3555, 3587, 3593, 3632, 3654, 3688, 3720, 3760, 3808, 3814, 3822, 3829, 3846, 3878, 3976, 4025, 4112, 4118, 4164, 4190, 4193, 4212, 4219, 4236, 4244, 4293, 4303, 4330, 4376, 4380, 4386, 4457, 4547, 4586, 4601, 4651, 4721, 4796, 4827, 4845, 4849, 4868, 4888, 4901, 4933, 4947, 4978]","[746, 2035, 2231, 2438, 2821, 3181]","[38, 66, 68, 87, 123, 136, 145, 159, 231, 297, 351, 439, 576, 730, 767, 827, 837, 864, 915, 919, 972, 1026, 1045, 1096, 1127, 1143, 1277, 1304, 1363, 1558, 1612, 1616, 1621, 1685, 1707, 1732, 1768, 1782, 1817, 1845, 1855, 1888, 1893, 1913, 1916, 2003, 2046, 2056, 2060, 2105, 2176, 2289, 2350, 2428, 2493, 2498, 2561, 2604, 2646, 2663, 2718, 2740, 2758, 2779, 2781, 2792, 2867, 2938, 2988, 3001, 3028, 3034, 3102, 3150, 3166, 3207, 3212, 3249, 3312, 3369, 3373, 3376, 3486, 3519, 3555, 3587, 3593, 3632, 3654, 3688, 3720, 3760, 3808, 3814, 3822, 3829, 3846, 3878, 3976, 4025, 4112, 4118, 4164, 4190, 4193, 4212, 4219, 4236, 4244, 4293, 4303, 4330, 4376, 4380, 4386, 4457, 4547, 4586, 4601, 4651, 4721, 4796, 4827, 4845, 4849, 4868, 4888, 4901, 4933, 4947, 4978]","[746, 2035, 2231, 2438, 2821, 3181]",4987,137,4850,6,131,4850,0
0.5,HSTUBAG,"[12, 17, 22, 71, 90, 96, 105, 110, 153, 158, 175, 284, 310, 314, 323, 430, 465, 471, 536, 566, 633, 656, 708, 806, 837, 839, 841, 843, 845, 847, 849, 851, 853, 855, 857, 859, 861, 863, 865, 867, 875, 902, 904, 906, 908, 910, 912, 914, 916, 918, 920, 928, 978, 984, 993, 1074, 1134, 1141, 1223, 1235, 1265, 1267, 1269, 1271, 1273, 1277, 1349, 1457, 1498, 1539, 1549, 1642, 1717, 1823, 1826, 1848, 1912, 1937, 1977, 2065, 2085, 2098, 2173, 2221, 2244, 2287, 2301, 2310, 2323, 2337, 2584, 2607, 2813, 2821, 2841, 2937, 3041, 3122, 3290, 3419, 3426, 3441, 3466, 3474, 3528, 3538, 3550, 3569, 3599, 3606, 3623, 3635, 3706, 3717, 3733, 3759, 3777, 3815, 3819, 3843, 3887, 3939, 3956, 3968, 4045, 4064]","[536, 2287, 2584]","[12, 17, 22, 71, 90, 96, 105, 110, 153, 158, 175, 284, 310, 314, 323, 430, 465, 471, 566, 633, 656, 708, 806, 837, 839, 841, 843, 845, 847, 849, 851, 853, 855, 857, 859, 861, 863, 865, 867, 875, 902, 904, 906, 908, 910, 912, 914, 916, 918, 920, 928, 978, 984, 993, 1074, 1134, 1141, 1223, 1235, 1265, 1267, 1269, 1271, 1273, 1277, 1349, 1457, 1498, 1539, 1549, 1642, 1717, 1823, 1826, 1848, 1912, 1937, 1977, 2065, 2085, 2098, 2173, 2221, 2244, 2301, 2310, 2323, 2337, 2607, 2813, 2821, 2841, 2937, 3041, 3122, 3290, 3419, 3426, 3441, 3466, 3474, 3528, 3538, 3550, 3569, 3599, 3606, 3623, 3635, 3706, 3717, 3733, 3759, 3777, 3815, 3819, 3843, 3887, 3939, 3956, 3968, 4045, 4064]","[536, 2287, 2584]",4079,126,3953,3,123,3953,0
0.5,HSU01102,"[100, 149, 192, 222, 262, 270, 275, 279, 361, 373, 388, 450, 462, 503, 668, 745, 812, 817, 858, 963, 1032, 1045, 1105, 1137, 1204, 1290, 1418, 1561, 1652, 1663, 1671, 1675, 1711, 1715, 1773, 1865, 1939, 1943, 2014, 2069, 2076, 2082, 2132, 2154, 2166, 2192, 2196, 2210, 2242, 2287, 2359, 2365, 2494, 2549, 2561, 2568, 2607, 2632, 2645, 2732, 2736, 2746, 2771, 2828, 2858, 2875, 2885, 2907, 2930, 3055, 3099, 3140, 3200, 3232, 3258, 3273, 3275, 3285, 3343, 3393, 3683, 3848, 3896, 3923, 3952, 3965, 4008, 4040, 4141, 4166, 4262, 4323, 4351, 4428, 4611, 4638, 4655, 4690, 4885]","[668, 3896]","[100, 149, 192, 222, 262, 270, 275, 279, 361, 373, 388, 450, 462, 503, 745, 812, 817, 858, 963, 1032, 1045, 1105, 1137, 1204, 1290, 1418, 1561, 1652, 1663, 1671, 1675, 1711, 1715, 1773, 1865, 1939, 1943, 2014, 2069, 2076, 2082, 2132, 2154, 2166, 2192, 2196, 2210, 2242, 2287, 2359, 2365, 2494, 2549, 2561, 2568, 2607, 2632, 2645, 2732, 2736, 2746, 2771, 2828, 2858, 2875, 2885, 2907, 2930, 3055, 3099, 3140, 3200, 3232, 3258, 3273, 3275, 3285, 3343, 3393, 3683, 3848, 3923, 3952, 3965, 4008, 4040, 4141, 4166, 4262, 4323, 4351, 4428, 4611, 4638, 4655, 4690, 4885]","[668, 3896]",4987,99,4888,2,97,4888,0
0.5,HSU04357,"[97, 123, 132, 136, 192, 217, 310, 366, 459, 603, 708, 748, 774, 779, 792, 800, 847, 872, 886, 909, 985, 1090, 1107, 1140, 1201, 1217, 1239, 1277, 1299, 1307, 1316, 1342, 1346, 1399, 1562, 1650, 1743, 1786, 1838, 1867, 1882, 1900, 1902, 1953, 1963]","[97, 1342]","[123, 132, 136, 192, 217, 310, 366, 459, 603, 708, 748, 774, 779, 792, 800, 847, 872, 886, 909, 985, 1090, 1107, 1140, 1201, 1217, 1239, 1277, 1299, 1307, 1316, 1346, 1399, 1562, 1650, 1743, 1786, 1838, 1867, 1882, 1900, 1902, 1953, 1963]","[97, 1342]",2074,45,2029,2,43,2029,0
0.5,HSU04636,"[25, 97, 103, 115, 176, 220, 224, 287, 316, 328, 353, 465, 555, 569, 608, 673, 677, 749, 823, 852, 858, 989, 1018, 1022, 1102, 1135, 1287, 1384, 1449, 1492, 1518, 1601, 1647, 1678, 1730, 1854, 1856, 1860, 1866, 1868, 1882, 1888, 1896, 1935, 1966, 1990, 2199, 2262, 2426, 2430, 2440, 2497, 2561, 2565, 2605, 2650, 2657, 2679, 2688, 2761, 2959, 2996, 3000, 3131, 3143, 3189, 3264, 3325, 3354, 3426, 3608, 3632, 3843, 3849, 3894, 3932, 3960, 3965, 4024, 4084, 4089, 4155, 4168, 4211, 4340, 4362, 4383, 4424, 4560, 4629, 4636, 4655, 4660, 4667, 4677, 4711, 4748, 4790, 4864, 4881, 4919, 5089, 5175, 5186, 5322, 5359, 5395, 5399, 5563, 5593, 5654, 5681, 5719, 5723, 5811, 5860, 5867, 5870, 5890, 5899, 5955, 6008, 6243, 6264, 6323, 6340, 6448, 6533, 6555, 6571, 6602, 6613, 6653, 6698, 6706, 6760, 6871, 7005, 7014, 7018, 7050, 7194, 7295, 7319, 7357, 7401, 7467, 7479, 7516, 7555, 7605, 7645, 7692, 7695, 7768, 7775, 7907, 7928, 7937, 7985, 8023, 8108, 8112, 8301, 8439, 8483, 8490, 8640, 8645, 8873, 8880, 8942, 9044, 9207, 9325, 9396]","[1018, 1935, 2199, 2996, 3608, 4424, 4790, 5359, 6008]","[25, 97, 103, 115, 176, 220, 224, 287, 316, 328, 353, 465, 555, 569, 608, 673, 677, 749, 823, 852, 858, 989, 1022, 1102, 1135, 1287, 1384, 1449, 1492, 1518, 1601, 1647, 1678, 1730, 1854, 1856, 1860, 1866, 1868, 1882, 1888, 1896, 1966, 1990, 2262, 2426, 2430, 2440, 2497, 2561, 2565, 2605, 2650, 2657, 2679, 2688, 2761, 2959, 3000, 3131, 3143, 3189, 3264, 3325, 3354, 3426, 3632, 3843, 3849, 3894, 3932, 3960, 3965, 4024, 4084, 4089, 4155, 4168, 4211, 4340, 4362, 4383, 4560, 4629, 4636, 4655, 4660, 4667, 4677, 4711, 4748, 4864, 4881, 4919, 5089, 5175, 5186, 5322, 5395, 5399, 5563, 5593, 5654, 5681, 5719, 5723, 5811, 5860, 5867, 5870, 5890, 5899, 5955, 6243, 6264, 6323, 6340, 6448, 6533, 6555, 6571, 6602, 6613, 6653, 6698, 6706, 6760, 6871, 7005, 7014, 7018, 7050, 7194, 7295, 7319, 7357, 7401, 7467, 7479, 7516, 7555, 7605, 7645, 7692, 7695, 7768, 7775, 7907, 7928, 7937, 7985, 8023, 8108, 8112, 8301, 8439, 8483, 8490, 8640, 8645, 8873, 8880, 8942, 9044, 9207, 9325, 9396]","[1018, 1935, 2199, 2996, 3608, 4424, 4790, 5359, 6008]",9445,176,9269,9,167,9269,0
0.5,HSU05259,"[54, 130, 150, 164, 228, 247, 299, 316, 344, 392, 423, 499, 582, 627, 632, 644, 655, 782, 814, 927, 933, 951, 1119, 1134, 1177, 1304, 1347, 1364, 1376, 1462, 1753, 1773, 1822, 1862, 1891, 1915, 1998, 2044, 2051, 2055, 2091, 2173, 2235, 2247, 2392, 2435, 2503, 2530, 2571, 2591, 2620, 2678, 2685, 2748, 2763, 2774, 2824, 2840, 2859, 3015, 3018, 3045, 3067, 3109, 3129, 3179, 3366, 3387, 3419, 3449, 3451, 3483, 3632, 3672, 3710, 3937, 3977, 3999, 4085, 4128, 4132, 4139, 4150, 4171, 4214, 4222, 4281, 4324, 4365, 4490, 4497, 4505, 4642, 4692, 4720, 4871, 4945, 5090, 5155, 5230, 5264, 5291, 5436, 5453, 5473, 5525, 5559, 5587, 5619]","[782, 2685, 3045, 4128]","[54, 130, 150, 164, 228, 247, 299, 316, 344, 392, 423, 499, 582, 627, 632, 644, 655, 814, 927, 933, 951, 1119, 1134, 1177, 1304, 1347, 1364, 1376, 1462, 1753, 1773, 1822, 1862, 1891, 1915, 1998, 2044, 2051, 2055, 2091, 2173, 2235, 2247, 2392, 2435, 2503, 2530, 2571, 2591, 2620, 2678, 2748, 2763, 2774, 2824, 2840, 2859, 3015, 3018, 3067, 3109, 3129, 3179, 3366, 3387, 3419, 3449, 3451, 3483, 3632, 3672, 3710, 3937, 3977, 3999, 4085, 4132, 4139, 4150, 4171, 4214, 4222, 4281, 4324, 4365, 4490, 4497, 4505, 4642, 4692, 4720, 4871, 4945, 5090, 5155, 5230, 5264, 5291, 5436, 5453, 5473, 5525, 5559, 5587, 5619]","[782, 2685, 3045, 4128]",5662,109,5553,4,105,5553,0
0.5,HSU07807,"[56, 99, 120, 179, 184, 188, 201, 253, 319, 374, 380, 403, 454, 459, 463, 484, 506, 580, 582, 609, 614, 692, 752, 757, 761, 781, 870, 891, 906, 1014, 1040, 1078, 1197, 1225, 1299, 1362, 1381, 1387, 1390, 1526, 1531, 1638, 1740, 1848, 1864, 1983, 1988, 1991, 1995, 2047, 2068, 2082, 2481, 2562, 2568, 2577, 2652, 2736, 2774, 2795, 2829, 2856, 2873, 2883, 2899, 2955, 2959, 2972, 3055, 3133, 3247, 3291, 3298, 3333, 3368, 3377, 3386, 3390, 3395, 3446, 3460, 3464, 3495, 3509, 3541, 3586, 3589, 3599, 3658, 3664, 3699, 3708, 3933, 3947, 4023, 4101, 4197, 4350, 4431, 4440, 4477, 4508, 4544, 4548, 4570, 4638, 4643, 4681, 4725, 4748, 4765, 4771, 4778]","[757, 3386]","[56, 99, 120, 179, 184, 188, 201, 253, 319, 374, 380, 403, 454, 459, 463, 484, 506, 580, 582, 609, 614, 692, 752, 761, 781, 870, 891, 906, 1014, 1040, 1078, 1197, 1225, 1299, 1362, 1381, 1387, 1390, 1526, 1531, 1638, 1740, 1848, 1864, 1983, 1988, 1991, 1995, 2047, 2068, 2082, 2481, 2562, 2568, 2577, 2652, 2736, 2774, 2795, 2829, 2856, 2873, 2883, 2899, 2955, 2959, 2972, 3055, 3133, 3247, 3291, 3298, 3333, 3368, 3377, 3390, 3395, 3446, 3460, 3464, 3495, 3509, 3541, 3586, 3589, 3599, 3658, 3664, 3699, 3708, 3933, 3947, 4023, 4101, 4197, 4350, 4431, 4440, 4477, 4508, 4544, 4548, 4570, 4638, 4643, 4681, 4725, 4748, 4765, 4771, 4778]","[757, 3386]",4831,113,4718,2,111,4718,0
0.5,HSU07983,"[101, 117, 121, 137, 145, 152, 154, 170, 283, 287, 354, 390, 406, 440, 486, 515, 525, 531, 600, 621, 727, 834, 982, 1008, 1158, 1169, 1242, 1286]",[390],"[101, 117, 121, 137, 145, 152, 154, 170, 283, 287, 354, 406, 440, 486, 515, 525, 531, 600, 621, 727, 834, 982, 1008, 1158, 1169, 1242, 1286]",[390],1418,28,1390,1,27,1390,0
0.5,HSU08198,"[12, 15, 51, 59, 108, 113, 139, 163, 180, 184, 197, 226, 255, 275, 311, 318, 362, 395, 398, 583, 599, 613, 631, 645, 676, 684, 707, 725, 746, 785, 875, 879, 895, 1009, 1030, 1072, 1124, 1142, 1147, 1151, 1275, 1299, 1303, 1316, 1320, 1336, 1392, 1476, 1478, 1552, 1601, 1620, 1624, 1684, 1689, 1811, 1845, 1892, 1900, 1922, 1932, 1960, 1965, 1985, 2056, 2060, 2068, 2132]","[583, 895, 1124, 1316, 1689, 1811]","[12, 15, 51, 59, 108, 113, 139, 163, 180, 184, 197, 226, 255, 275, 311, 318, 362, 395, 398, 599, 613, 631, 645, 676, 684, 707, 725, 746, 785, 875, 879, 1009, 1030, 1072, 1142, 1147, 1151, 1275, 1299, 1303, 1320, 1336, 1392, 1476, 1478, 1552, 1601, 1620, 1624, 1684, 1845, 1892, 1900, 1922, 1932, 1960, 1965, 1985, 2056, 2060, 2068, 2132]","[583, 895, 1124, 1316, 1689, 1811]",2336,68,2268,6,62,2268,0
0.5,HSU12421,"[6, 10, 144, 182, 189, 227, 270, 311, 315, 444, 455, 509, 577, 583, 669, 741, 825, 852, 858, 927, 938, 945, 957, 999, 1044, 1211, 1215, 1238, 1308, 1317, 1366, 1384, 1400, 1404, 1433, 1619, 1665, 1684, 1690, 1706, 1733, 1755, 1807, 1838, 1844, 1849, 1854, 1869, 1882, 1913, 1941, 1957, 2060, 2080, 2134, 2158, 2211, 2255, 2291, 2295, 2311, 2334, 2339, 2341, 2434, 2476, 2502, 2517, 2624, 2651, 2666, 2668, 2821, 2832, 2938, 2964, 3067, 3153, 3211, 3216, 3242, 3269, 3287, 3349, 3393, 3458, 3480, 3485, 3551, 3562, 3567, 3573, 3577, 3602, 3616, 3633, 3642, 3690, 3705, 3709, 3740, 3747, 3822, 3847, 3869, 3910, 3924, 3932, 3972, 3992, 4010, 4047, 4142]","[311, 2080]","[6, 10, 144, 182, 189, 227, 270, 315, 444, 455, 509, 577, 583, 669, 741, 825, 852, 858, 927, 938, 945, 957, 999, 1044, 1211, 1215, 1238, 1308, 1317, 1366, 1384, 1400, 1404, 1433, 1619, 1665, 1684, 1690, 1706, 1733, 1755, 1807, 1838, 1844, 1849, 1854, 1869, 1882, 1913, 1941, 1957, 2060, 2134, 2158, 2211, 2255, 2291, 2295, 2311, 2334, 2339, 2341, 2434, 2476, 2502, 2517, 2624, 2651, 2666, 2668, 2821, 2832, 2938, 2964, 3067, 3153, 3211, 3216, 3242, 3269, 3287, 3349, 3393, 3458, 3480, 3485, 3551, 3562, 3567, 3573, 3577, 3602, 3616, 3633, 3642, 3690, 3705, 3709, 3740, 3747, 3822, 3847, 3869, 3910, 3924, 3932, 3972, 3992, 4010, 4047, 4142]","[311, 2080]",4250,113,4137,2,111,4137,0
0.5,HSUBR,"[67, 110, 115, 156, 161, 174, 219, 251, 296, 309, 362, 368, 374, 409, 417, 470, 497, 512, 525, 538, 564, 586, 634, 645, 681, 708, 776, 793, 957, 1080, 1093, 1320, 1332, 1336, 1513, 1518, 1545, 1549, 1553, 1589, 1623, 1759, 1878, 1900, 1923, 1985, 2033, 2099, 2145, 2316, 2324, 2338, 2489, 2501, 2542, 2645, 2771, 2822, 2839, 2846, 2907, 2928, 2936, 2938, 2943, 2969, 2988, 3005, 3038, 3047, 3117, 3124, 3150, 3203, 3229, 3261, 3268, 3287]","[1589, 2324]","[67, 110, 115, 156, 161, 174, 219, 251, 296, 309, 362, 368, 374, 409, 417, 470, 497, 512, 525, 538, 564, 586, 634, 645, 681, 708, 776, 793, 957, 1080, 1093, 1320, 1332, 1336, 1513, 1518, 1545, 1549, 1553, 1623, 1759, 1878, 1900, 1923, 1985, 2033, 2099, 2145, 2316, 2338, 2489, 2501, 2542, 2645, 2771, 2822, 2839, 2846, 2907, 2928, 2936, 2938, 2943, 2969, 2988, 3005, 3038, 3047, 3117, 3124, 3150, 3203, 3229, 3261, 3268, 3287]","[1589, 2324]",3287,78,3209,2,76,3209,0
0.5,HSXBXVIII,"[32, 43, 45, 184, 238, 312, 340, 343, 348, 402, 417, 431, 442, 466, 473, 479, 497, 506, 529, 536, 579, 629, 644, 653, 657, 701, 712, 951, 1023, 1028, 1056, 1059, 1065, 1086, 1092, 1133, 1158, 1176, 1180, 1189, 1193, 1199, 1203, 1213, 1258, 1440, 1490, 1516, 1535, 1595, 1626, 1653, 1671, 1774, 1779, 1992, 2090, 2137, 2202, 2331, 2421, 2491, 2503, 2578, 2596, 2604, 2670, 2703, 2723, 2732, 2781, 2785, 2792, 2806, 2823, 2842, 2844, 2885, 2897, 2901, 2924, 2930, 2932, 2945, 2999, 3006, 3010, 3019, 3026, 3061, 3074, 3099, 3123, 3171, 3175, 3208, 3237, 3248, 3254, 3267, 3293, 3314, 3333, 3339, 3345, 3365, 3371, 3415, 3429, 3525, 3567, 3621, 3698, 3726, 3729, 3734, 3788, 3803, 3817, 3828, 3852, 3859, 3863, 3884, 3893, 3919, 3929, 3947, 3952, 4062, 4068, 4073, 4111, 4122, 4348, 4420, 4425, 4453, 4456, 4462, 4483, 4489, 4530, 4555, 4573, 4586, 4590, 4616, 4744, 4764, 4778, 4804, 4829, 4886, 4916, 4983, 4989, 5022, 5045, 5049, 5221, 5248, 5257, 5272, 5290, 5320, 5325, 5356, 5362, 5383, 5401, 5415, 5486, 5490, 5560, 5877, 5901, 5954, 5971, 5982, 5985, 5991, 6012, 6037, 6050, 6064, 6068, 6115, 6193, 6240, 6252, 6256, 6382, 6556, 6594, 6599, 6699, 6724, 6733, 6850, 6855, 6859, 6861, 6939, 6951, 7000, 7067, 7073, 7127, 7233, 7257, 7359, 7479, 7514, 7545, 7578, 7675, 7686, 7713, 7774, 7823, 7981, 8024, 8109, 8174, 8254, 8260, 8274, 8289, 8302, 8324, 8557, 8612, 8689, 8785, 8850, 8934, 8943, 9072, 9093, 9133, 9154, 9194, 9198, 9207, 9342, 9395, 9410, 9475, 9504, 9552, 9558, 9566, 9570, 9573, 9633, 9641, 9741, 9756, 9782, 9849, 9852, 9865, 9936, 9975, 9983, 10043, 10058, 10077, 10107, 10136, 10160, 10186, 10197, 10200, 10352, 10403, 10425, 10464, 10578, 10629, 10687, 10692, 10696, 10701, 10705, 10723, 10737, 10815, 10897, 10911, 10947, 10960, 11115, 11162, 11196, 11253, 11310, 11405, 11409, 11424, 11428, 11471, 11492, 11589, 11615, 11666, 11714, 11731, 11769, 11785, 11802, 11843, 11856, 11870, 11963, 12021, 12024, 12085, 12092, 12156, 12183, 12286, 12311, 12320, 12408, 12416, 12444, 12534, 12661, 12665, 12693]","[11405, 11589, 11843, 12085]","[32, 43, 45, 184, 238, 312, 340, 343, 348, 402, 417, 431, 442, 466, 473, 479, 497, 506, 529, 536, 579, 629, 644, 653, 657, 701, 712, 951, 1023, 1028, 1056, 1059, 1065, 1086, 1092, 1133, 1158, 1176, 1180, 1189, 1193, 1199, 1203, 1213, 1258, 1440, 1490, 1516, 1535, 1595, 1626, 1653, 1671, 1774, 1779, 1992, 2090, 2137, 2202, 2331, 2421, 2491, 2503, 2578, 2596, 2604, 2670, 2703, 2723, 2732, 2781, 2785, 2792, 2806, 2823, 2842, 2844, 2885, 2897, 2901, 2924, 2930, 2932, 2945, 2999, 3006, 3010, 3019, 3026, 3061, 3074, 3099, 3123, 3171, 3175, 3208, 3237, 3248, 3254, 3267, 3293, 3314, 3333, 3339, 3345, 3365, 3371, 3415, 3429, 3525, 3567, 3621, 3698, 3726, 3729, 3734, 3788, 3803, 3817, 3828, 3852, 3859, 3863, 3884, 3893, 3919, 3929, 3947, 3952, 4062, 4068, 4073, 4111, 4122, 4348, 4420, 4425, 4453, 4456, 4462, 4483, 4489, 4530, 4555, 4573, 4586, 4590, 4616, 4744, 4764, 4778, 4804, 4829, 4886, 4916, 4983, 4989, 5022, 5045, 5049, 5221, 5248, 5257, 5272, 5290, 5320, 5325, 5356, 5362, 5383, 5401, 5415, 5486, 5490, 5560, 5877, 5901, 5954, 5971, 5982, 5985, 5991, 6012, 6037, 6050, 6064, 6068, 6115, 6193, 6240, 6252, 6256, 6382, 6556, 6594, 6599, 6699, 6724, 6733, 6850, 6855, 6859, 6861, 6939, 6951, 7000, 7067, 7073, 7127, 7233, 7257, 7359, 7479, 7514, 7545, 7578, 7675, 7686, 7713, 7774, 7823, 7981, 8024, 8109, 8174, 8254, 8260, 8274, 8289, 8302, 8324, 8557, 8612, 8689, 8785, 8850, 8934, 8943, 9072, 9093, 9133, 9154, 9194, 9198, 9207, 9342, 9395, 9410, 9475, 9504, 9552, 9558, 9566, 9570, 9573, 9633, 9641, 9741, 9756, 9782, 9849, 9852, 9865, 9936, 9975, 9983, 10043, 10058, 10077, 10107, 10136, 10160, 10186, 10197, 10200, 10352, 10403, 10425, 10464, 10578, 10629, 10687, 10692, 10696, 10701, 10705, 10723, 10737, 10815, 10897, 10911, 10947, 10960, 11115, 11162, 11196, 11253, 11310, 11409, 11424, 11428, 11471, 11492, 11615, 11666, 11714, 11731, 11769, 11785, 11802, 11856, 11870, 11963, 12021, 12024, 12092, 12156, 12183, 12286, 12311, 12320, 12408, 12416, 12444, 12534, 12661, 12665, 12693]","[11405, 11589, 11843, 12085]",12630,332,12298,4,328,12298,0
0.5,HSZNGP1,"[67, 130, 259, 360, 445, 454, 518, 522, 542, 565, 637, 752, 792, 799, 810, 871, 920, 932, 948, 965, 997, 1001, 1033, 1084, 1101, 1142, 1183, 1234, 1287, 1307, 1332, 1398, 1441, 1529, 1619, 1673, 1677, 1684, 1705, 1737, 1765, 1790, 1844, 2061, 2093, 2120, 2135, 2179, 2256, 2315, 2374, 2408, 2435, 2520, 2588, 2672, 2731, 2765, 2958, 2997, 3109, 3176, 3191, 3270, 3314, 3380, 3532, 3564, 3591, 3608, 3733, 3835, 3869, 3957, 3983, 4001, 4109, 4198, 4206, 4245, 4248, 4293, 4312, 4326, 4328, 4378, 4409, 4457, 4568, 4609, 4712, 4718, 4722, 4775, 4777, 4886, 4935, 4947, 5026, 5061, 5073, 5113, 5141, 5210, 5214, 5253, 5295, 5360, 5385, 5402, 5483, 5496, 5508, 5525, 5589, 5594, 5623, 5666, 5732, 5737, 5746, 5752, 5773, 5777, 5805, 5902, 5932, 5945, 5990, 6022, 6066, 6075, 6138, 6144, 6179, 6188, 6347, 6402, 6408, 6435, 6488, 6495, 6586, 6632, 6642, 6665, 6756, 6922, 7090, 7186, 7241, 7275, 7355, 7410, 7437, 7452, 7454, 7471, 7548, 7588, 7674, 7702, 7750, 7865, 7884, 8015, 8020, 8045, 8059, 8067, 8200, 8313, 8337, 8397, 8588, 8597, 8603, 8611, 8615, 8702, 8705, 8724, 8731, 8760, 8762, 8806, 8809, 8829, 8922, 8968, 8986, 8991, 9016, 9059, 9067, 9107, 9113, 9239, 9300, 9363, 9366, 9369, 9375, 9411, 9444, 9474, 9486, 9525, 9580, 9582, 9601, 9762, 9780]","[518, 4718, 8313]","[67, 130, 259, 360, 445, 454, 522, 542, 565, 637, 752, 792, 799, 810, 871, 920, 932, 948, 965, 997, 1001, 1033, 1084, 1101, 1142, 1183, 1234, 1287, 1307, 1332, 1398, 1441, 1529, 1619, 1673, 1677, 1684, 1705, 1737, 1765, 1790, 1844, 2061, 2093, 2120, 2135, 2179, 2256, 2315, 2374, 2408, 2435, 2520, 2588, 2672, 2731, 2765, 2958, 2997, 3109, 3176, 3191, 3270, 3314, 3380, 3532, 3564, 3591, 3608, 3733, 3835, 3869, 3957, 3983, 4001, 4109, 4198, 4206, 4245, 4248, 4293, 4312, 4326, 4328, 4378, 4409, 4457, 4568, 4609, 4712, 4722, 4775, 4777, 4886, 4935, 4947, 5026, 5061, 5073, 5113, 5141, 5210, 5214, 5253, 5295, 5360, 5385, 5402, 5483, 5496, 5508, 5525, 5589, 5594, 5623, 5666, 5732, 5737, 5746, 5752, 5773, 5777, 5805, 5902, 5932, 5945, 5990, 6022, 6066, 6075, 6138, 6144, 6179, 6188, 6347, 6402, 6408, 6435, 6488, 6495, 6586, 6632, 6642, 6665, 6756, 6922, 7090, 7186, 7241, 7275, 7355, 7410, 7437, 7452, 7454, 7471, 7548, 7588, 7674, 7702, 7750, 7865, 7884, 8015, 8020, 8045, 8059, 8067, 8200, 8337, 8397, 8588, 8597, 8603, 8611, 8615, 8702, 8705, 8724, 8731, 8760, 8762, 8806, 8809, 8829, 8922, 8968, 8986, 8991, 9016, 9059, 9067, 9107, 9113, 9239, 9300, 9363, 9366, 9369, 9375, 9411, 9444, 9474, 9486, 9525, 9580, 9582, 9601, 9762, 9780]","[518, 4718, 8313]",9815,213,9602,3,210,9602,0
0.5,HUMADAG,"[8, 24, 38, 47, 73, 104, 106, 176, 204, 249, 305, 314, 331, 565, 643, 653, 710, 717, 731, 821, 860, 880, 891, 903, 927, 957, 1012, 1032, 1159, 1241, 1248, 1309, 1355, 1489, 1575, 1579, 1609, 1677, 1864, 1898, 1940, 1947, 1951, 1973, 2001, 2005, 2050, 2055, 2059, 2120, 2277, 2327, 2351, 2368, 2381, 2405, 2409, 2418, 2423, 2428, 2455, 2500, 2513, 2566, 2572, 2578, 2692, 2756, 2769, 2799, 2805, 2864, 2907, 2983, 3090, 3203, 3205, 3237, 3291, 3310, 3343, 3364, 3438, 3485, 3539, 3541, 3560, 3573, 3737, 3746, 3775, 4064, 4317, 4326, 4353, 4355, 4378, 4395, 4439, 4464, 4482, 4498, 4501, 4521, 4549, 4623, 4634, 4744, 4754, 4817, 4821, 4829, 4834, 4836, 4845, 4857, 4867, 4898, 4900, 4916, 4930, 4946, 5039, 5049, 5051, 5058, 5061, 5124, 5136, 5141, 5143, 5149, 5231, 5233, 5261, 5267, 5278, 5282, 5292, 5296, 5341, 5401, 5423, 5428, 5562, 5572, 5612, 5630, 5657, 5661, 5751, 5773, 5816, 5828, 5863, 5871, 5929, 6010, 6156, 6192, 6205, 6211, 6241, 6253, 6261, 6277, 6294, 6306, 6324, 6352, 6480, 6615, 6621, 6630, 6709, 6759, 6785, 6793, 6795, 6799, 6804, 6911, 6978, 7131, 7179, 7184, 7195, 7206, 7249, 7298, 7322, 7351, 7356, 7380, 7461, 7501, 7561, 7568, 7577, 7701, 7719, 7721, 7762, 7905, 7938, 7980, 7982, 7992, 8152, 8160, 8285, 8311, 8421, 8448, 8550, 8614, 8780, 8842, 8844, 8868, 8876, 8908, 8948, 8957, 8990, 9000, 9056, 9061, 9072, 9092, 9117, 9271, 9315, 9319, 9322, 9402, 9467, 9482, 9497, 9529, 9551, 9572, 9575, 9586, 9600, 9617, 9628, 9633, 9656, 9665, 9711, 9787, 9801, 9863, 9924, 9946, 9970, 9988, 9992, 10056, 10097, 10123, 10139, 10141, 10198, 10236, 10243, 10252, 10387, 10439, 10450, 10471, 10498, 10515, 10546, 10556, 10592, 10639, 10759, 10782, 10806, 10816, 10832, 10860, 10977, 11076, 11111, 11119, 11124, 11160, 11162, 11190, 11262, 11291, 11296, 11303, 11399, 11484, 11534, 11558, 11568, 11651, 11665, 11689, 11763, 11767, 11792, 11804, 11825, 11869, 11878, 11946, 12008, 12057, 12068, 12072, 12137, 12142, 12150, 12211, 12241, 12252, 12275, 12435, 12462, 12498, 12531, 12555, 12578, 12584, 12723, 12869, 13116, 13118, 13146, 13187, 13235, 13253, 13262, 13278, 13314, 13319, 13398, 13416, 13458, 13476, 13503, 13507, 13521, 13553, 13576, 13598, 13601, 13611, 13790, 13835, 13898, 13938, 14093, 14328, 14378, 14425, 14450, 14470, 14513, 14515, 14624, 14680, 14701, 14703, 14749, 14833, 14855, 14885, 14890, 14976, 15035, 15069, 15289, 15302, 15323, 15395, 15408, 15431, 15478, 15564, 15582, 15661, 15830, 15857, 15875, 15907, 15952, 15955, 15959, 16018, 16024, 16030, 16073, 16108, 16119, 16260, 16262, 16424, 16502, 16643, 16700, 16746, 16769, 16779, 16793, 16830, 16985, 17019, 17025, 17051, 17067, 17069, 17127, 17161, 17205, 17370, 17375, 17389, 17401, 17451, 17453, 17492, 17547, 17559, 17642, 17700, 17702, 17784, 17820, 17850, 17961, 18096, 18244, 18263, 18331, 18415, 18419, 18425, 18438, 18465, 18469, 18482, 18514, 18554, 18559, 18625, 18631, 18637, 18743, 18829, 18864, 18918, 18949, 19001, 19064, 19081, 19090, 19105, 19113, 19166, 19178, 19230, 19292, 19332, 19400, 19429, 19437, 19522, 19529, 19581, 19704, 19804, 19838, 19865, 19892, 19940, 19964, 20101, 20245, 20776, 20891, 20912, 20925, 20954, 21006, 21010, 21015, 21020, 21027, 21044, 21097, 21114, 21118, 21127, 21163, 21222, 21227, 21303, 21311, 21399, 21444, 21490, 21499, 21523, 21573, 21845, 21871, 21934, 22158, 22345, 22355, 22419, 22430, 22470, 22504, 22528, 22535, 22547, 22578, 22592, 22669, 22672, 22735, 22741, 22747, 22757, 22836, 22863, 22867, 22887, 23024, 23112, 23152, 23220, 23510, 23540, 23542, 23554, 23569, 23599, 23621, 23649, 23665, 23693, 23721, 23724, 23728, 23808, 23812, 23861, 23945, 24010, 24039, 24080, 24086, 24111, 24135, 24165, 24224, 24234, 24260, 24286, 24367, 24543, 24584, 24610, 24626, 24645, 24737, 24742, 24752, 24938, 24963, 25083, 25133, 25253, 25333, 25354, 25417, 25434, 25532, 25540, 25582, 25584, 25732, 25743, 25764, 25824, 25851, 25869, 25904, 26052, 26062, 26143, 26150, 26197, 26286, 26313, 26467, 26542, 26603, 26616, 26649, 26653, 26655, 26721, 26731, 26782, 26810, 26826, 26891, 26912, 26922, 27020, 27028, 27095, 27206, 27250, 27303, 27405, 27432, 27527, 27585, 27648, 27680, 27708, 27854, 27907, 28000, 28027, 28038, 28056, 28083, 28099, 28177, 28190, 28255, 28335, 28338, 28362, 28409, 28417, 28450, 28479, 28517, 28586, 28633, 28690, 28712, 28722, 28737, 28797, 28810, 28830, 28944, 28977, 28987, 28992, 29023, 29052, 29056, 29086, 29419, 29473, 29530, 29577, 29700, 29704, 29708, 29845, 29848, 29857, 29916, 29939, 29943, 30006, 30014, 30030, 30048, 30197, 30296, 30357, 30371, 30386, 30402, 30499, 30604, 30609, 30614, 30728, 30766, 30860, 30871, 30907, 30942, 31028, 31042, 31099, 31115, 31127, 31138, 31144, 31158, 31190, 31193, 31203, 31210, 31229, 31304, 31313, 31342, 31396, 31415, 31484, 31560, 31604, 31607, 31644, 31682, 31689, 31717, 31893, 31914, 31924, 31926, 32019, 32047, 32057, 32065, 32178, 32208, 32243, 32258, 32291, 32303, 32362, 32431, 32450, 32470, 32497, 32675, 32691, 32727, 32879, 32916, 33093, 33343, 33387, 33429, 33486, 33495, 33597, 33626, 33630, 33678, 33709, 33712, 33754, 33782, 33800, 33829, 33849, 33851, 33880, 33918, 33921, 33931, 33952, 33976, 33998, 34003, 34027, 34106, 34262, 34279, 34308, 34314, 34484, 34488, 34492, 34494, 34519, 34527, 34532, 34542, 34578, 34669, 34712, 34742, 34782, 34834, 34873, 34908, 34962, 34964, 34996, 35013, 35203, 35249, 35261, 35309, 35311, 35365, 35433, 35604, 35712, 35769, 35817, 35927, 35941, 35967, 35981, 35988, 36016, 36045, 36080, 36086, 36115, 36229, 36268, 36318, 36357, 36435, 36513, 36528, 36531, 36640, 36651, 36733]","[4064, 19292, 26467, 29052, 29939, 31304, 32497, 32675, 32916, 34484, 35203]","[8, 24, 38, 47, 73, 104, 106, 176, 204, 249, 305, 314, 331, 565, 643, 653, 710, 717, 731, 821, 860, 880, 891, 903, 927, 957, 1012, 1032, 1159, 1241, 1248, 1309, 1355, 1489, 1575, 1579, 1609, 1677, 1864, 1898, 1940, 1947, 1951, 1973, 2001, 2005, 2050, 2055, 2059, 2120, 2277, 2327, 2351, 2368, 2381, 2405, 2409, 2418, 2423, 2428, 2455, 2500, 2513, 2566, 2572, 2578, 2692, 2756, 2769, 2799, 2805, 2864, 2907, 2983, 3090, 3203, 3205, 3237, 3291, 3310, 3343, 3364, 3438, 3485, 3539, 3541, 3560, 3573, 3737, 3746, 3775, 4317, 4326, 4353, 4355, 4378, 4395, 4439, 4464, 4482, 4498, 4501, 4521, 4549, 4623, 4634, 4744, 4754, 4817, 4821, 4829, 4834, 4836, 4845, 4857, 4867, 4898, 4900, 4916, 4930, 4946, 5039, 5049, 5051, 5058, 5061, 5124, 5136, 5141, 5143, 5149, 5231, 5233, 5261, 5267, 5278, 5282, 5292, 5296, 5341, 5401, 5423, 5428, 5562, 5572, 5612, 5630, 5657, 5661, 5751, 5773, 5816, 5828, 5863, 5871, 5929, 6010, 6156, 6192, 6205, 6211, 6241, 6253, 6261, 6277, 6294, 6306, 6324, 6352, 6480, 6615, 6621, 6630, 6709, 6759, 6785, 6793, 6795, 6799, 6804, 6911, 6978, 7131, 7179, 7184, 7195, 7206, 7249, 7298, 7322, 7351, 7356, 7380, 7461, 7501, 7561, 7568, 7577, 7701, 7719, 7721, 7762, 7905, 7938, 7980, 7982, 7992, 8152, 8160, 8285, 8311, 8421, 8448, 8550, 8614, 8780, 8842, 8844, 8868, 8876, 8908, 8948, 8957, 8990, 9000, 9056, 9061, 9072, 9092, 9117, 9271, 9315, 9319, 9322, 9402, 9467, 9482, 9497, 9529, 9551, 9572, 9575, 9586, 9600, 9617, 9628, 9633, 9656, 9665, 9711, 9787, 9801, 9863, 9924, 9946, 9970, 9988, 9992, 10056, 10097, 10123, 10139, 10141, 10198, 10236, 10243, 10252, 10387, 10439, 10450, 10471, 10498, 10515, 10546, 10556, 10592, 10639, 10759, 10782, 10806, 10816, 10832, 10860, 10977, 11076, 11111, 11119, 11124, 11160, 11162, 11190, 11262, 11291, 11296, 11303, 11399, 11484, 11534, 11558, 11568, 11651, 11665, 11689, 11763, 11767, 11792, 11804, 11825, 11869, 11878, 11946, 12008, 12057, 12068, 12072, 12137, 12142, 12150, 12211, 12241, 12252, 12275, 12435, 12462, 12498, 12531, 12555, 12578, 12584, 12723, 12869, 13116, 13118, 13146, 13187, 13235, 13253, 13262, 13278, 13314, 13319, 13398, 13416, 13458, 13476, 13503, 13507, 13521, 13553, 13576, 13598, 13601, 13611, 13790, 13835, 13898, 13938, 14093, 14328, 14378, 14425, 14450, 14470, 14513, 14515, 14624, 14680, 14701, 14703, 14749, 14833, 14855, 14885, 14890, 14976, 15035, 15069, 15289, 15302, 15323, 15395, 15408, 15431, 15478, 15564, 15582, 15661, 15830, 15857, 15875, 15907, 15952, 15955, 15959, 16018, 16024, 16030, 16073, 16108, 16119, 16260, 16262, 16424, 16502, 16643, 16700, 16746, 16769, 16779, 16793, 16830, 16985, 17019, 17025, 17051, 17067, 17069, 17127, 17161, 17205, 17370, 17375, 17389, 17401, 17451, 17453, 17492, 17547, 17559, 17642, 17700, 17702, 17784, 17820, 17850, 17961, 18096, 18244, 18263, 18331, 18415, 18419, 18425, 18438, 18465, 18469, 18482, 18514, 18554, 18559, 18625, 18631, 18637, 18743, 18829, 18864, 18918, 18949, 19001, 19064, 19081, 19090, 19105, 19113, 19166, 19178, 19230, 19332, 19400, 19429, 19437, 19522, 19529, 19581, 19704, 19804, 19838, 19865, 19892, 19940, 19964, 20101, 20245, 20776, 20891, 20912, 20925, 20954, 21006, 21010, 21015, 21020, 21027, 21044, 21097, 21114, 21118, 21127, 21163, 21222, 21227, 21303, 21311, 21399, 21444, 21490, 21499, 21523, 21573, 21845, 21871, 21934, 22158, 22345, 22355, 22419, 22430, 22470, 22504, 22528, 22535, 22547, 22578, 22592, 22669, 22672, 22735, 22741, 22747, 22757, 22836, 22863, 22867, 22887, 23024, 23112, 23152, 23220, 23510, 23540, 23542, 23554, 23569, 23599, 23621, 23649, 23665, 23693, 23721, 23724, 23728, 23808, 23812, 23861, 23945, 24010, 24039, 24080, 24086, 24111, 24135, 24165, 24224, 24234, 24260, 24286, 24367, 24543, 24584, 24610, 24626, 24645, 24737, 24742, 24752, 24938, 24963, 25083, 25133, 25253, 25333, 25354, 25417, 25434, 25532, 25540, 25582, 25584, 25732, 25743, 25764, 25824, 25851, 25869, 25904, 26052, 26062, 26143, 26150, 26197, 26286, 26313, 26542, 26603, 26616, 26649, 26653, 26655, 26721, 26731, 26782, 26810, 26826, 26891, 26912, 26922, 27020, 27028, 27095, 27206, 27250, 27303, 27405, 27432, 27527, 27585, 27648, 27680, 27708, 27854, 27907, 28000, 28027, 28038, 28056, 28083, 28099, 28177, 28190, 28255, 28335, 28338, 28362, 28409, 28417, 28450, 28479, 28517, 28586, 28633, 28690, 28712, 28722, 28737, 28797, 28810, 28830, 28944, 28977, 28987, 28992, 29023, 29056, 29086, 29419, 29473, 29530, 29577, 29700, 29704, 29708, 29845, 29848, 29857, 29916, 29943, 30006, 30014, 30030, 30048, 30197, 30296, 30357, 30371, 30386, 30402, 30499, 30604, 30609, 30614, 30728, 30766, 30860, 30871, 30907, 30942, 31028, 31042, 31099, 31115, 31127, 31138, 31144, 31158, 31190, 31193, 31203, 31210, 31229, 31313, 31342, 31396, 31415, 31484, 31560, 31604, 31607, 31644, 31682, 31689, 31717, 31893, 31914, 31924, 31926, 32019, 32047, 32057, 32065, 32178, 32208, 32243, 32258, 32291, 32303, 32362, 32431, 32450, 32470, 32691, 32727, 32879, 33093, 33343, 33387, 33429, 33486, 33495, 33597, 33626, 33630, 33678, 33709, 33712, 33754, 33782, 33800, 33829, 33849, 33851, 33880, 33918, 33921, 33931, 33952, 33976, 33998, 34003, 34027, 34106, 34262, 34279, 34308, 34314, 34488, 34492, 34494, 34519, 34527, 34532, 34542, 34578, 34669, 34712, 34742, 34782, 34834, 34873, 34908, 34962, 34964, 34996, 35013, 35249, 35261, 35309, 35311, 35365, 35433, 35604, 35712, 35769, 35817, 35927, 35941, 35967, 35981, 35988, 36016, 36045, 36080, 36086, 36115, 36229, 36268, 36318, 36357, 36435, 36513, 36528, 36531, 36640, 36651, 36733]","[4064, 19292, 26467, 29052, 29939, 31304, 32497, 32675, 32916, 34484, 35203]",36733,835,35898,11,824,35898,0
0.5,HUMADPRF02,"[16, 90, 205, 277, 359, 378, 514, 605, 638, 694, 763, 772, 869, 878, 904, 936, 945, 970, 1058, 1088, 1138, 1169, 1205, 1241, 1243, 1250, 1254, 1308, 1325, 1329, 1333, 1338, 1351, 1373, 1445, 1456, 1469, 1563, 1623, 1650, 1743, 1756, 1915, 1937, 1976, 1996, 2001, 2033, 2048, 2102, 2108, 2123, 2184, 2260, 2267, 2284, 2306, 2351, 2444, 2462, 2653, 2658, 2663, 2811, 2817, 2819, 2827, 2837, 2882, 2887, 2949, 2953, 2972, 3035, 3090, 3285, 3305, 3307, 3392, 3426, 3454, 3477, 3529, 3552, 3557, 3733, 3767, 3777, 3913, 3932, 3942, 3994, 4041, 4076, 4141, 4161, 4213, 4223, 4243, 4245, 4247, 4249, 4253, 4257, 4259, 4261, 4273, 4275, 4279, 4287, 4300, 4338, 4498, 4595, 4684, 4692, 4701, 4732, 4745, 4870, 4943, 4965, 4990, 4997, 5039, 5058, 5067, 5120, 5131, 5150]","[359, 1308, 1650]","[16, 90, 205, 277, 378, 514, 605, 638, 694, 763, 772, 869, 878, 904, 936, 945, 970, 1058, 1088, 1138, 1169, 1205, 1241, 1243, 1250, 1254, 1325, 1329, 1333, 1338, 1351, 1373, 1445, 1456, 1469, 1563, 1623, 1743, 1756, 1915, 1937, 1976, 1996, 2001, 2033, 2048, 2102, 2108, 2123, 2184, 2260, 2267, 2284, 2306, 2351, 2444, 2462, 2653, 2658, 2663, 2811, 2817, 2819, 2827, 2837, 2882, 2887, 2949, 2953, 2972, 3035, 3090, 3285, 3305, 3307, 3392, 3426, 3454, 3477, 3529, 3552, 3557, 3733, 3767, 3777, 3913, 3932, 3942, 3994, 4041, 4076, 4141, 4161, 4213, 4223, 4243, 4245, 4247, 4249, 4253, 4257, 4259, 4261, 4273, 4275, 4279, 4287, 4300, 4338, 4498, 4595, 4684, 4692, 4701, 4732, 4745, 4870, 4943, 4965, 4990, 4997, 5039, 5058, 5067, 5120, 5131, 5150]","[359, 1308, 1650]",5159,130,5029,3,127,5029,0
0.5,HUMAPEXN,"[130, 137, 166, 172, 196, 284, 294, 332, 344, 349, 364, 486, 766, 782, 823, 885, 946, 954, 967, 980, 1002, 1032, 1100, 1151, 1156, 1186, 1190, 1268, 1331, 1335, 1347, 1364, 1368, 1376, 1394, 1398, 1417, 1434, 1465, 1530, 1535, 1539, 1565, 1569, 1589, 1649, 1693, 1748, 1863, 1982, 2021, 2233, 2341, 2345, 2428, 2432, 2458, 2539, 2563, 2573, 2593, 2622, 2781, 2804, 2814, 2845, 2850, 2861, 2933, 3051, 3144, 3148, 3199, 3232, 3266, 3368, 3401, 3558, 3608, 3617, 3721]","[1465, 1863, 2622]","[130, 137, 166, 172, 196, 284, 294, 332, 344, 349, 364, 486, 766, 782, 823, 885, 946, 954, 967, 980, 1002, 1032, 1100, 1151, 1156, 1186, 1190, 1268, 1331, 1335, 1347, 1364, 1368, 1376, 1394, 1398, 1417, 1434, 1530, 1535, 1539, 1565, 1569, 1589, 1649, 1693, 1748, 1982, 2021, 2233, 2341, 2345, 2428, 2432, 2458, 2539, 2563, 2573, 2593, 2781, 2804, 2814, 2845, 2850, 2861, 2933, 3051, 3144, 3148, 3199, 3232, 3266, 3368, 3401, 3558, 3608, 3617, 3721]","[1465, 1863, 2622]",3722,81,3641,3,78,3641,0
0.5,HUMAPOCII,"[14, 70, 94, 102, 112, 135, 169, 184, 198, 202, 207, 280, 349, 384, 389, 501, 530, 547, 571, 589, 607, 685, 687, 689, 691, 693, 695, 699, 811, 876, 882, 891, 930, 937, 965, 1012, 1030, 1061, 1075, 1107, 1147, 1152, 1165, 1224, 1230, 1250, 1263, 1331, 1345, 1358, 1434, 1479, 1482, 1551, 1557, 1692, 1758, 1778, 1789, 1812, 1837, 1856, 1870, 1958, 1980, 1985, 2002, 2129, 2142, 2187, 2219, 2255, 2278, 2305, 2321, 2353, 2398, 2405, 2411, 2467, 2471, 2512, 2561, 2564, 2571, 2577, 2630, 2642, 2760, 2866, 2891, 2927, 2982, 2995, 2999, 3001, 3223, 3252, 3279, 3321, 3347, 3631, 3695, 3712, 3774, 3960, 3999, 4006, 4022, 4101, 4124, 4160, 4174, 4213, 4220, 4232, 4245, 4259, 4263, 4294, 4333]","[2995, 3321]","[14, 70, 94, 102, 112, 135, 169, 184, 198, 202, 207, 280, 349, 384, 389, 501, 530, 547, 571, 589, 607, 685, 687, 689, 691, 693, 695, 699, 811, 876, 882, 891, 930, 937, 965, 1012, 1030, 1061, 1075, 1107, 1147, 1152, 1165, 1224, 1230, 1250, 1263, 1331, 1345, 1358, 1434, 1479, 1482, 1551, 1557, 1692, 1758, 1778, 1789, 1812, 1837, 1856, 1870, 1958, 1980, 1985, 2002, 2129, 2142, 2187, 2219, 2255, 2278, 2305, 2321, 2353, 2398, 2405, 2411, 2467, 2471, 2512, 2561, 2564, 2571, 2577, 2630, 2642, 2760, 2866, 2891, 2927, 2982, 2999, 3001, 3223, 3252, 3279, 3347, 3631, 3695, 3712, 3774, 3960, 3999, 4006, 4022, 4101, 4124, 4160, 4174, 4213, 4220, 4232, 4245, 4259, 4263, 4294, 4333]","[2995, 3321]",4332,121,4211,2,119,4211,0
0.5,HUMAPOE4,"[40, 166, 188, 214, 235, 281, 414, 464, 539, 600, 617, 752, 824, 845, 867, 923, 955, 1027, 1064, 1091, 1103, 1173, 1197, 1225, 1294, 1299, 1324, 1433, 1506, 1511, 1526, 1575, 1586, 1696, 1711, 1717, 1773, 1783, 1799, 1877, 1882, 1914, 2023, 2254, 2310, 2331, 2344, 2365, 2392, 2409, 2440, 2465, 2489, 2571, 2584, 2611, 2661, 2706, 2772, 2778, 2784, 2819, 2863, 2932, 2944, 2965, 3021, 3033, 3135, 3156, 3183, 3200, 3234, 3256, 3262, 3546, 3750, 3851, 3929, 3944, 3949, 3962, 4001, 4032, 4081, 4151, 4166, 4181, 4292, 4304, 4313, 4390, 4403, 4423, 4436, 4445, 4457, 4478, 4537, 4659, 4747, 4814, 4956, 4969, 4988, 5013, 5085, 5142, 5225, 5227, 5242, 5375, 5445]","[1914, 3200]","[40, 166, 188, 214, 235, 281, 414, 464, 539, 600, 617, 752, 824, 845, 867, 923, 955, 1027, 1064, 1091, 1103, 1173, 1197, 1225, 1294, 1299, 1324, 1433, 1506, 1511, 1526, 1575, 1586, 1696, 1711, 1717, 1773, 1783, 1799, 1877, 1882, 2023, 2254, 2310, 2331, 2344, 2365, 2392, 2409, 2440, 2465, 2489, 2571, 2584, 2611, 2661, 2706, 2772, 2778, 2784, 2819, 2863, 2932, 2944, 2965, 3021, 3033, 3135, 3156, 3183, 3234, 3256, 3262, 3546, 3750, 3851, 3929, 3944, 3949, 3962, 4001, 4032, 4081, 4151, 4166, 4181, 4292, 4304, 4313, 4390, 4403, 4423, 4436, 4445, 4457, 4478, 4537, 4659, 4747, 4814, 4956, 4969, 4988, 5013, 5085, 5142, 5225, 5227, 5242, 5375, 5445]","[1914, 3200]",5507,113,5394,2,111,5394,0
0.5,HUMATPGG,"[156, 182, 187, 203, 213, 285, 290, 297, 313, 320, 331, 354, 357, 524, 552, 570, 599, 618, 631, 662, 676, 708, 731, 748, 753, 760, 825, 831, 874, 914, 916, 951, 1022, 1077, 1113, 1139, 1230, 1290, 1306, 1323, 1336, 1373, 1409, 1445, 1449, 1469, 1474, 1556, 1620, 1727, 1762, 1781, 1856, 1891, 1902, 1923, 2170, 2327, 2418, 2426, 2553, 2592, 2601, 2648, 2677, 2689, 2819, 2880, 2891, 2905, 2920, 2930, 2937, 2966, 2980, 3025, 3102, 3115, 3168, 3180, 3294, 3446, 3513, 3602, 3657, 3664, 3691, 3733, 3762, 3865, 3883, 3995, 3997, 4043, 4060, 4064, 4114, 4118, 4181, 4293, 4347, 4479, 4550, 4553, 4565, 4578, 4589, 4631, 4684, 4738, 4749, 4753, 4777, 4871, 4934, 4953, 5055, 5058, 5105, 5191, 5216, 5268, 5307, 5311, 5493, 5558, 5593, 5627, 5638, 5661, 5717, 5808, 5833, 5882, 5900, 5919, 5953, 5985, 6009, 6113, 6118, 6120, 6158, 6165, 6191, 6205, 6233, 6297, 6302, 6323, 6391, 6416, 6452, 6464, 6471, 6519, 6525, 6534, 6573, 6620, 6749, 7311, 7335, 7449, 7456, 7488, 7605, 7623, 7674, 7781, 7783, 7833, 7858, 7864, 7870, 7885, 7889, 7897, 7908, 7930, 7980, 8017, 8078, 8176, 8198, 8208, 8222, 8227, 8351, 8529, 8620, 8670, 8672, 8710, 8843, 8948, 8974, 9016, 9179, 9186, 9204, 9218, 9271, 9275, 9299, 9308, 9315, 9351, 9353, 9408, 9410, 9416, 9425, 9436, 9529, 9535, 9537, 9582, 9645, 9672, 9691, 9778, 9805, 9807, 9927, 9976, 9978, 10001, 10015, 10035, 10127, 10133, 10150, 10190, 10208, 10223, 10293, 10309, 10328, 10343, 10354, 10406, 10478, 10507, 10624, 10635, 10735, 10770, 10789, 10815, 10861, 10865, 10947, 11018, 11116, 11140, 11148, 11163, 11201, 11318, 11354, 11405, 11409, 11415, 11435, 11555, 11759, 11811, 11815, 11928, 12001, 12005, 12022, 12070, 12074, 12137, 12160, 12162, 12372, 12403, 12415, 12455, 12511, 12544, 12549, 12570, 12584, 12623, 12835, 12858, 12862, 12874, 12882, 12909, 12922, 12987, 13022, 13055, 13136, 13243, 13271, 13327, 13458, 13546, 13555, 13592, 13663, 13759, 13765, 13775, 13851, 13883, 13936, 14011, 14032, 14100, 14110, 14137, 14174, 14184, 14193, 14276, 14280, 14470, 14537, 14552, 14611, 14682, 14749, 14755, 14773, 14881, 14906, 14911, 14918, 14974, 15010, 15036]","[1445, 1727, 1902, 2677, 4293, 4749, 5307, 6118, 6534, 6749, 7456, 8198, 9436, 9672, 10190, 11405, 12074, 13663, 14100, 14276]","[156, 182, 187, 203, 213, 285, 290, 297, 313, 320, 331, 354, 357, 524, 552, 570, 599, 618, 631, 662, 676, 708, 731, 748, 753, 760, 825, 831, 874, 914, 916, 951, 1022, 1077, 1113, 1139, 1230, 1290, 1306, 1323, 1336, 1373, 1409, 1449, 1469, 1474, 1556, 1620, 1762, 1781, 1856, 1891, 1923, 2170, 2327, 2418, 2426, 2553, 2592, 2601, 2648, 2689, 2819, 2880, 2891, 2905, 2920, 2930, 2937, 2966, 2980, 3025, 3102, 3115, 3168, 3180, 3294, 3446, 3513, 3602, 3657, 3664, 3691, 3733, 3762, 3865, 3883, 3995, 3997, 4043, 4060, 4064, 4114, 4118, 4181, 4347, 4479, 4550, 4553, 4565, 4578, 4589, 4631, 4684, 4738, 4753, 4777, 4871, 4934, 4953, 5055, 5058, 5105, 5191, 5216, 5268, 5311, 5493, 5558, 5593, 5627, 5638, 5661, 5717, 5808, 5833, 5882, 5900, 5919, 5953, 5985, 6009, 6113, 6120, 6158, 6165, 6191, 6205, 6233, 6297, 6302, 6323, 6391, 6416, 6452, 6464, 6471, 6519, 6525, 6573, 6620, 7311, 7335, 7449, 7488, 7605, 7623, 7674, 7781, 7783, 7833, 7858, 7864, 7870, 7885, 7889, 7897, 7908, 7930, 7980, 8017, 8078, 8176, 8208, 8222, 8227, 8351, 8529, 8620, 8670, 8672, 8710, 8843, 8948, 8974, 9016, 9179, 9186, 9204, 9218, 9271, 9275, 9299, 9308, 9315, 9351, 9353, 9408, 9410, 9416, 9425, 9529, 9535, 9537, 9582, 9645, 9691, 9778, 9805, 9807, 9927, 9976, 9978, 10001, 10015, 10035, 10127, 10133, 10150, 10208, 10223, 10293, 10309, 10328, 10343, 10354, 10406, 10478, 10507, 10624, 10635, 10735, 10770, 10789, 10815, 10861, 10865, 10947, 11018, 11116, 11140, 11148, 11163, 11201, 11318, 11354, 11409, 11415, 11435, 11555, 11759, 11811, 11815, 11928, 12001, 12005, 12022, 12070, 12137, 12160, 12162, 12372, 12403, 12415, 12455, 12511, 12544, 12549, 12570, 12584, 12623, 12835, 12858, 12862, 12874, 12882, 12909, 12922, 12987, 13022, 13055, 13136, 13243, 13271, 13327, 13458, 13546, 13555, 13592, 13759, 13765, 13775, 13851, 13883, 13936, 14011, 14032, 14110, 14137, 14174, 14184, 14193, 14280, 14470, 14537, 14552, 14611, 14682, 14749, 14755, 14773, 14881, 14906, 14911, 14918, 14974, 15010, 15036]","[1445, 1727, 1902, 2677, 4293, 4749, 5307, 6118, 6534, 6749, 7456, 8198, 9436, 9672, 9946, 10190, 11405, 12074, 13663, 14100, 14276]",15107,338,14769,20,318,14768,1
0.5,HUMBETGLOA,"[52, 96, 252, 256, 260, 351, 376, 443, 488, 534, 551, 592, 601, 641, 665, 687, 735, 791, 869, 910, 920, 926, 935, 939, 942, 958, 962, 970, 982, 1011, 1095, 1176, 1197, 1204, 1264, 1276, 1290, 1311, 1395, 1434, 1752, 1792, 1907, 1943, 2007, 2016, 2023, 2079, 2173, 2179, 2183, 2224, 2248, 2255, 2280, 2323, 2428, 2468, 2475, 2559, 2638, 2657, 2676, 2918, 2931, 2964]","[958, 1311]","[52, 96, 252, 256, 260, 351, 376, 443, 488, 534, 551, 592, 601, 641, 665, 687, 735, 791, 869, 910, 920, 926, 935, 939, 942, 962, 970, 982, 1011, 1095, 1176, 1197, 1204, 1264, 1276, 1290, 1395, 1434, 1752, 1792, 1907, 1943, 2007, 2016, 2023, 2079, 2173, 2179, 2183, 2224, 2248, 2255, 2280, 2323, 2428, 2468, 2475, 2559, 2638, 2657, 2676, 2918, 2931, 2964]","[958, 1311]",2994,66,2928,2,64,2928,0
0.5,HUMBETGLOB,"[52, 96, 252, 256, 260, 349, 374, 441, 486, 532, 549, 590, 599, 639, 663, 685, 733, 789, 867, 908, 918, 924, 933, 937, 940, 956, 960, 968, 980, 1009, 1093, 1174, 1195, 1202, 1262, 1274, 1288, 1309, 1385, 1393, 1432, 1750, 1790, 1905, 1941, 2005, 2014, 2021, 2077, 2171, 2177, 2181, 2222, 2246, 2253, 2278, 2321, 2426, 2466, 2473, 2557, 2636, 2655, 2674, 2916, 2929, 2962]","[956, 1309]","[52, 96, 252, 256, 260, 349, 374, 441, 486, 532, 549, 590, 599, 639, 663, 685, 733, 789, 867, 908, 918, 924, 933, 937, 940, 960, 968, 980, 1009, 1093, 1174, 1195, 1202, 1262, 1274, 1288, 1385, 1393, 1432, 1750, 1790, 1905, 1941, 2005, 2014, 2021, 2077, 2171, 2177, 2181, 2222, 2246, 2253, 2278, 2321, 2426, 2466, 2473, 2557, 2636, 2655, 2674, 2916, 2929, 2962]","[956, 1309]",2992,67,2925,2,65,2925,0
0.5,HUMBETGLOC,"[52, 96, 252, 256, 260, 351, 376, 443, 488, 534, 551, 592, 601, 641, 665, 687, 735, 791, 869, 910, 920, 926, 935, 939, 942, 958, 962, 970, 982, 1011, 1095, 1176, 1197, 1204, 1264, 1276, 1290, 1311, 1387, 1395, 1434, 1752, 1792, 1907, 1943, 2007, 2016, 2023, 2079, 2173, 2179, 2183, 2224, 2248, 2255, 2280, 2323, 2428, 2468, 2475, 2559, 2638, 2657, 2676, 2918, 2931, 2964]","[958, 1311]","[52, 96, 252, 256, 260, 351, 376, 443, 488, 534, 551, 592, 601, 641, 665, 687, 735, 791, 869, 910, 920, 926, 935, 939, 942, 962, 970, 982, 1011, 1095, 1176, 1197, 1204, 1264, 1276, 1290, 1387, 1395, 1434, 1752, 1792, 1907, 1943, 2007, 2016, 2023, 2079, 2173, 2179, 2183, 2224, 2248, 2255, 2280, 2323, 2428, 2468, 2475, 2559, 2638, 2657, 2676, 2918, 2931, 2964]","[958, 1311]",2994,67,2927,2,65,2927,0
0.5,HUMBETGLOD,"[52, 96, 252, 256, 260, 351, 376, 443, 488, 534, 551, 592, 601, 641, 665, 687, 735, 791, 869, 910, 920, 926, 935, 939, 942, 958, 962, 970, 982, 1011, 1095, 1176, 1197, 1204, 1264, 1276, 1290, 1311, 1387, 1395, 1434, 1752, 1792, 1907, 1943, 2007, 2016, 2023, 2079, 2173, 2179, 2183, 2224, 2248, 2255, 2280, 2323, 2428, 2468, 2475, 2559, 2638, 2657, 2676, 2918, 2931, 2964]","[958, 1311]","[52, 96, 252, 256, 260, 351, 376, 443, 488, 534, 551, 592, 601, 641, 665, 687, 735, 791, 869, 910, 920, 926, 935, 939, 942, 962, 970, 982, 1011, 1095, 1176, 1197, 1204, 1264, 1276, 1290, 1387, 1395, 1434, 1752, 1792, 1907, 1943, 2007, 2016, 2023, 2079, 2173, 2179, 2183, 2224, 2248, 2255, 2280, 2323, 2428, 2468, 2475, 2559, 2638, 2657, 2676, 2918, 2931, 2964]","[958, 1311]",2994,67,2927,2,65,2927,0
0.5,HUMBETGLOE,"[52, 96, 252, 256, 349, 374, 441, 486, 532, 549, 590, 599, 639, 663, 685, 733, 789, 867, 908, 918, 924, 933, 937, 940, 956, 960, 968, 980, 1009, 1093, 1174, 1195, 1202, 1262, 1274, 1288, 1309, 1385, 1393, 1432, 1750, 1790, 1905, 1941, 2005, 2014, 2021, 2077, 2171, 2177, 2181, 2222, 2246, 2253, 2278, 2321, 2426, 2466, 2473, 2557, 2636, 2655, 2674, 2916, 2929, 2962]","[956, 1309]","[52, 96, 252, 256, 349, 374, 441, 486, 532, 549, 590, 599, 639, 663, 685, 733, 789, 867, 908, 918, 924, 933, 937, 940, 960, 968, 980, 1009, 1093, 1174, 1195, 1202, 1262, 1274, 1288, 1385, 1393, 1432, 1750, 1790, 1905, 1941, 2005, 2014, 2021, 2077, 2171, 2177, 2181, 2222, 2246, 2253, 2278, 2321, 2426, 2466, 2473, 2557, 2636, 2655, 2674, 2916, 2929, 2962]","[956, 1309]",2992,66,2926,2,64,2926,0
0.5,HUMBETGLOF,"[52, 96, 252, 256, 260, 351, 376, 443, 488, 534, 551, 592, 601, 641, 665, 687, 735, 791, 869, 910, 920, 926, 935, 939, 942, 958, 962, 970, 982, 1011, 1095, 1176, 1197, 1204, 1264, 1276, 1290, 1311, 1395, 1434, 1752, 1792, 1907, 1943, 2007, 2016, 2023, 2079, 2173, 2179, 2183, 2224, 2248, 2255, 2280, 2323, 2428, 2468, 2475, 2559, 2638, 2657, 2676, 2918, 2931, 2964]","[958, 1311]","[52, 96, 252, 256, 260, 351, 376, 443, 488, 534, 551, 592, 601, 641, 665, 687, 735, 791, 869, 910, 920, 926, 935, 939, 942, 962, 970, 982, 1011, 1095, 1176, 1197, 1204, 1264, 1276, 1290, 1395, 1434, 1752, 1792, 1907, 1943, 2007, 2016, 2023, 2079, 2173, 2179, 2183, 2224, 2248, 2255, 2280, 2323, 2428, 2468, 2475, 2559, 2638, 2657, 2676, 2918, 2931, 2964]","[958, 1311]",2994,66,2928,2,64,2928,0
0.5,HUMBETGLOG,"[52, 96, 252, 256, 260, 351, 376, 443, 488, 534, 551, 592, 601, 641, 665, 687, 735, 791, 869, 910, 920, 926, 935, 939, 942, 958, 962, 970, 982, 1011, 1095, 1176, 1197, 1204, 1264, 1276, 1290, 1311, 1395, 1434, 1752, 1792, 1907, 1943, 2007, 2016, 2023, 2079, 2173, 2179, 2183, 2224, 2248, 2255, 2280, 2323, 2428, 2468, 2475, 2559, 2638, 2657, 2676, 2918, 2931, 2964]","[958, 1311]","[52, 96, 252, 256, 260, 351, 376, 443, 488, 534, 551, 592, 601, 641, 665, 687, 735, 791, 869, 910, 920, 926, 935, 939, 942, 962, 970, 982, 1011, 1095, 1176, 1197, 1204, 1264, 1276, 1290, 1395, 1434, 1752, 1792, 1907, 1943, 2007, 2016, 2023, 2079, 2173, 2179, 2183, 2224, 2248, 2255, 2280, 2323, 2428, 2468, 2475, 2559, 2638, 2657, 2676, 2918, 2931, 2964]","[958, 1311]",2994,66,2928,2,64,2928,0
0.5,HUMBETGLOH,"[52, 96, 252, 256, 260, 351, 376, 443, 488, 534, 551, 592, 601, 641, 665, 687, 735, 791, 869, 910, 920, 926, 935, 939, 942, 958, 962, 970, 982, 1011, 1095, 1176, 1197, 1204, 1264, 1276, 1290, 1311, 1395, 1434, 1752, 1792, 1907, 1943, 2007, 2016, 2023, 2079, 2173, 2179, 2183, 2224, 2248, 2255, 2280, 2323, 2428, 2468, 2475, 2559, 2638, 2657, 2676, 2918, 2931, 2964]","[958, 1311]","[52, 96, 252, 256, 260, 351, 376, 443, 488, 534, 551, 592, 601, 641, 665, 687, 735, 791, 869, 910, 920, 926, 935, 939, 942, 962, 970, 982, 1011, 1095, 1176, 1197, 1204, 1264, 1276, 1290, 1395, 1434, 1752, 1792, 1907, 1943, 2007, 2016, 2023, 2079, 2173, 2179, 2183, 2224, 2248, 2255, 2280, 2323, 2428, 2468, 2475, 2559, 2638, 2657, 2676, 2918, 2931, 2964]","[958, 1311]",2994,66,2928,2,64,2928,0
0.5,HUMBETGLOI,"[52, 96, 252, 256, 260, 349, 374, 441, 486, 532, 549, 590, 599, 639, 663, 685, 733, 789, 867, 908, 918, 924, 933, 937, 940, 956, 960, 968, 980, 1009, 1093, 1174, 1195, 1202, 1262, 1274, 1288, 1309, 1393, 1432, 1750, 1790, 1905, 1941, 2005, 2014, 2021, 2077, 2171, 2177, 2181, 2222, 2246, 2253, 2278, 2321, 2426, 2466, 2473, 2557, 2636, 2655, 2674, 2916, 2929, 2962]","[956, 1309]","[52, 96, 252, 256, 260, 349, 374, 441, 486, 532, 549, 590, 599, 639, 663, 685, 733, 789, 867, 908, 918, 924, 933, 937, 940, 960, 968, 980, 1009, 1093, 1174, 1195, 1202, 1262, 1274, 1288, 1393, 1432, 1750, 1790, 1905, 1941, 2005, 2014, 2021, 2077, 2171, 2177, 2181, 2222, 2246, 2253, 2278, 2321, 2426, 2466, 2473, 2557, 2636, 2655, 2674, 2916, 2929, 2962]","[956, 1309]",2992,66,2926,2,64,2926,0
0.5,HUMBETGLOJ,"[52, 96, 252, 256, 349, 374, 441, 486, 532, 549, 590, 599, 639, 663, 685, 733, 789, 867, 908, 918, 924, 933, 937, 940, 956, 960, 968, 980, 1009, 1093, 1174, 1195, 1202, 1262, 1274, 1288, 1309, 1393, 1432, 1750, 1790, 1905, 1941, 2005, 2014, 2021, 2077, 2171, 2177, 2181, 2222, 2246, 2253, 2278, 2321, 2426, 2466, 2473, 2557, 2636, 2655, 2674, 2916, 2929, 2962]","[956, 1309]","[52, 96, 252, 256, 349, 374, 441, 486, 532, 549, 590, 599, 639, 663, 685, 733, 789, 867, 908, 918, 924, 933, 937, 940, 960, 968, 980, 1009, 1093, 1174, 1195, 1202, 1262, 1274, 1288, 1393, 1432, 1750, 1790, 1905, 1941, 2005, 2014, 2021, 2077, 2171, 2177, 2181, 2222, 2246, 2253, 2278, 2321, 2426, 2466, 2473, 2557, 2636, 2655, 2674, 2916, 2929, 2962]","[956, 1309]",2992,65,2927,2,63,2927,0
0.5,HUMBETGLOK,"[52, 96, 252, 256, 349, 374, 441, 486, 532, 549, 590, 599, 639, 663, 685, 733, 789, 867, 908, 918, 924, 933, 937, 940, 956, 960, 968, 980, 1009, 1093, 1174, 1195, 1202, 1262, 1274, 1288, 1309, 1393, 1432, 1750, 1790, 1905, 1941, 2005, 2014, 2021, 2077, 2171, 2177, 2181, 2222, 2246, 2253, 2278, 2321, 2426, 2466, 2473, 2557, 2636, 2655, 2674, 2916, 2929, 2962]","[956, 1309]","[52, 96, 252, 256, 349, 374, 441, 486, 532, 549, 590, 599, 639, 663, 685, 733, 789, 867, 908, 918, 924, 933, 937, 940, 960, 968, 980, 1009, 1093, 1174, 1195, 1202, 1262, 1274, 1288, 1393, 1432, 1750, 1790, 1905, 1941, 2005, 2014, 2021, 2077, 2171, 2177, 2181, 2222, 2246, 2253, 2278, 2321, 2426, 2466, 2473, 2557, 2636, 2655, 2674, 2916, 2929, 2962]","[956, 1309]",2992,65,2927,2,63,2927,0
0.5,HUMBETGLOL,"[52, 96, 252, 256, 349, 374, 441, 486, 532, 549, 590, 599, 639, 663, 685, 733, 789, 867, 908, 918, 924, 933, 937, 940, 956, 960, 968, 980, 1009, 1093, 1174, 1195, 1202, 1262, 1274, 1288, 1309, 1393, 1432, 1750, 1790, 1905, 1941, 2005, 2014, 2021, 2077, 2171, 2177, 2181, 2222, 2246, 2253, 2278, 2321, 2426, 2466, 2473, 2557, 2636, 2655, 2674, 2916, 2929, 2962]","[956, 1309]","[52, 96, 252, 256, 349, 374, 441, 486, 532, 549, 590, 599, 639, 663, 685, 733, 789, 867, 908, 918, 924, 933, 937, 940, 960, 968, 980, 1009, 1093, 1174, 1195, 1202, 1262, 1274, 1288, 1393, 1432, 1750, 1790, 1905, 1941, 2005, 2014, 2021, 2077, 2171, 2177, 2181, 2222, 2246, 2253, 2278, 2321, 2426, 2466, 2473, 2557, 2636, 2655, 2674, 2916, 2929, 2962]","[956, 1309]",2992,65,2927,2,63,2927,0
0.5,HUMBETGLOM,"[52, 96, 252, 256, 348, 373, 440, 485, 531, 548, 589, 598, 638, 662, 684, 732, 788, 866, 907, 917, 923, 932, 936, 939, 955, 959, 967, 979, 1008, 1092, 1173, 1194, 1201, 1261, 1273, 1287, 1308, 1392, 1431, 1749, 1789, 1904, 1940, 2004, 2013, 2020, 2076, 2170, 2176, 2180, 2221, 2245, 2252, 2277, 2320, 2425, 2465, 2472, 2556, 2635, 2654, 2673, 2915, 2928, 2961]","[955, 1308]","[52, 96, 252, 256, 348, 373, 440, 485, 531, 548, 589, 598, 638, 662, 684, 732, 788, 866, 907, 917, 923, 932, 936, 939, 959, 967, 979, 1008, 1092, 1173, 1194, 1201, 1261, 1273, 1287, 1392, 1431, 1749, 1789, 1904, 1940, 2004, 2013, 2020, 2076, 2170, 2176, 2180, 2221, 2245, 2252, 2277, 2320, 2425, 2465, 2472, 2556, 2635, 2654, 2673, 2915, 2928, 2961]","[955, 1308]",2991,65,2926,2,63,2926,0
0.5,HUMBETGLON,"[52, 96, 252, 256, 349, 374, 441, 486, 532, 549, 590, 599, 639, 663, 685, 733, 789, 867, 908, 918, 924, 933, 937, 940, 956, 960, 968, 980, 1009, 1093, 1174, 1195, 1202, 1262, 1274, 1288, 1309, 1393, 1432, 1750, 1790, 1905, 1941, 2005, 2014, 2021, 2077, 2171, 2177, 2181, 2222, 2246, 2253, 2278, 2321, 2426, 2466, 2473, 2557, 2636, 2655, 2674, 2916, 2929, 2962]","[956, 1309]","[52, 96, 252, 256, 349, 374, 441, 486, 532, 549, 590, 599, 639, 663, 685, 733, 789, 867, 908, 918, 924, 933, 937, 940, 960, 968, 980, 1009, 1093, 1174, 1195, 1202, 1262, 1274, 1288, 1393, 1432, 1750, 1790, 1905, 1941, 2005, 2014, 2021, 2077, 2171, 2177, 2181, 2222, 2246, 2253, 2278, 2321, 2426, 2466, 2473, 2557, 2636, 2655, 2674, 2916, 2929, 2962]","[956, 1309]",2992,65,2927,2,63,2927,0
0.5,HUMBETGLOO,"[52, 96, 252, 256, 349, 374, 441, 486, 532, 549, 590, 599, 639, 663, 685, 733, 789, 867, 908, 918, 924, 933, 937, 940, 956, 960, 968, 980, 1009, 1093, 1174, 1195, 1202, 1262, 1274, 1288, 1309, 1393, 1432, 1750, 1790, 1905, 1941, 2005, 2014, 2021, 2077, 2171, 2177, 2181, 2222, 2246, 2253, 2278, 2321, 2426, 2466, 2473, 2557, 2636, 2655, 2674, 2916, 2929, 2962]","[956, 1309]","[52, 96, 252, 256, 349, 374, 441, 486, 532, 549, 590, 599, 639, 663, 685, 733, 789, 867, 908, 918, 924, 933, 937, 940, 960, 968, 980, 1009, 1093, 1174, 1195, 1202, 1262, 1274, 1288, 1393, 1432, 1750, 1790, 1905, 1941, 2005, 2014, 2021, 2077, 2171, 2177, 2181, 2222, 2246, 2253, 2278, 2321, 2426, 2466, 2473, 2557, 2636, 2655, 2674, 2916, 2929, 2962]","[956, 1309]",2992,65,2927,2,63,2927,0
0.5,HUMBETGLOP,"[52, 96, 252, 256, 349, 374, 441, 486, 532, 549, 590, 599, 639, 663, 685, 733, 789, 867, 908, 918, 924, 933, 937, 940, 956, 960, 968, 980, 1009, 1093, 1174, 1195, 1202, 1262, 1274, 1288, 1309, 1393, 1432, 1750, 1790, 1905, 1941, 2005, 2014, 2021, 2077, 2171, 2177, 2181, 2222, 2246, 2253, 2278, 2321, 2426, 2466, 2473, 2557, 2636, 2655, 2674, 2916, 2929, 2962]","[956, 1309]","[52, 96, 252, 256, 349, 374, 441, 486, 532, 549, 590, 599, 639, 663, 685, 733, 789, 867, 908, 918, 924, 933, 937, 940, 960, 968, 980, 1009, 1093, 1174, 1195, 1202, 1262, 1274, 1288, 1393, 1432, 1750, 1790, 1905, 1941, 2005, 2014, 2021, 2077, 2171, 2177, 2181, 2222, 2246, 2253, 2278, 2321, 2426, 2466, 2473, 2557, 2636, 2655, 2674, 2916, 2929, 2962]","[956, 1309]",2992,65,2927,2,63,2927,0
0.5,HUMBETGLOR,"[52, 96, 252, 256, 349, 374, 441, 486, 532, 549, 590, 599, 639, 663, 685, 733, 789, 867, 908, 918, 924, 933, 937, 940, 956, 960, 968, 980, 1009, 1093, 1174, 1195, 1202, 1262, 1274, 1288, 1309, 1393, 1432, 1750, 1790, 1905, 1941, 2005, 2014, 2021, 2077, 2171, 2177, 2181, 2222, 2246, 2253, 2278, 2321, 2426, 2466, 2473, 2557, 2636, 2655, 2674, 2916, 2929, 2962]","[956, 1309]","[52, 96, 252, 256, 349, 374, 441, 486, 532, 549, 590, 599, 639, 663, 685, 733, 789, 867, 908, 918, 924, 933, 937, 940, 960, 968, 980, 1009, 1093, 1174, 1195, 1202, 1262, 1274, 1288, 1393, 1432, 1750, 1790, 1905, 1941, 2005, 2014, 2021, 2077, 2171, 2177, 2181, 2222, 2246, 2253, 2278, 2321, 2426, 2466, 2473, 2557, 2636, 2655, 2674, 2916, 2929, 2962]","[956, 1309]",2992,65,2927,2,63,2927,0
0.5,HUMCBRG,"[32, 74, 80, 90, 156, 167, 237, 254, 296, 305, 341, 352, 377, 395, 416, 517, 533, 567, 704, 881, 883, 914, 976, 1052, 1073, 1080, 1147, 1172, 1183, 1220, 1323, 1469, 1525, 1540, 1582, 1799, 1985, 1999, 2114, 2123, 2165, 2181, 2255, 2267, 2272, 2282, 2470, 2494, 2616, 2622, 2640, 2689, 2715, 2732, 2796, 2848, 2897, 2901, 2950, 2966, 3041, 3094, 3177, 3216, 3224, 3229, 3268]","[567, 1220]","[32, 74, 80, 90, 156, 167, 237, 254, 296, 305, 341, 352, 377, 395, 416, 517, 533, 704, 881, 883, 914, 976, 1052, 1073, 1080, 1147, 1172, 1183, 1323, 1469, 1525, 1540, 1582, 1799, 1985, 1999, 2114, 2123, 2165, 2181, 2255, 2267, 2272, 2282, 2470, 2494, 2616, 2622, 2640, 2689, 2715, 2732, 2796, 2848, 2897, 2901, 2950, 2966, 3041, 3094, 3177, 3216, 3224, 3229, 3268]","[567, 1220]",3318,67,3251,2,65,3251,0
0.5,HUMCHYMASE,"[63, 160, 222, 269, 283, 501, 510, 557, 616, 646, 811, 825, 838, 969, 1026, 1169, 1174, 1185, 1204, 1216, 1221, 1277, 1379, 1412, 1426, 1458, 1709, 1737, 1808, 1826, 1919, 1924, 1952, 2073, 2214, 2246, 2311, 2315, 2361, 2421, 2663, 2682, 2951, 2966, 3038, 3135, 3165, 3252, 3275, 3351, 3406, 3463, 3671, 3683, 3765, 3769, 3874, 3982, 4038, 4042, 4064, 4070, 4087, 4092, 4098, 4104, 4116, 4149, 4355, 4379, 4385, 4488, 4569, 4831, 4923, 4986, 5028, 5043, 5216, 5220, 5250, 5356, 5474, 5553, 5602, 5629, 5644, 5650, 5716, 5723, 5779, 5844, 5872, 5951, 6037, 6429, 6516, 6518, 6645, 6668, 6686, 6786, 6922, 7138, 7191, 7198, 7220, 7255, 7323, 7327, 7363, 7435, 7443, 7446, 7450, 7455, 7463, 7548, 7609, 7615, 7636, 7656, 7756, 7781, 7795, 7931, 7933, 7995, 8006, 8031, 8052, 8056, 8058, 8094]","[5216, 6037, 6922, 7363]","[63, 160, 222, 269, 283, 501, 510, 557, 616, 646, 811, 825, 838, 969, 1026, 1169, 1174, 1185, 1204, 1216, 1221, 1277, 1379, 1412, 1426, 1458, 1709, 1737, 1808, 1826, 1919, 1924, 1952, 2073, 2214, 2246, 2311, 2315, 2361, 2421, 2663, 2682, 2951, 2966, 3038, 3135, 3165, 3252, 3275, 3351, 3406, 3463, 3671, 3683, 3765, 3769, 3874, 3982, 4038, 4042, 4064, 4070, 4087, 4092, 4098, 4104, 4116, 4149, 4355, 4379, 4385, 4488, 4569, 4831, 4923, 4986, 5028, 5043, 5220, 5250, 5356, 5474, 5553, 5602, 5629, 5644, 5650, 5716, 5723, 5779, 5844, 5872, 5951, 6429, 6516, 6518, 6645, 6668, 6686, 6786, 7138, 7191, 7198, 7220, 7255, 7323, 7327, 7435, 7443, 7446, 7450, 7455, 7463, 7548, 7609, 7615, 7636, 7656, 7756, 7781, 7795, 7931, 7933, 7995, 8006, 8031, 8052, 8056, 8058, 8094]","[5216, 6037, 6922, 7363]",8107,134,7973,4,130,7973,0
0.5,HUMCP21OH,"[80, 92, 126, 185, 189, 228, 393, 408, 435, 463, 505, 541, 588, 614, 622, 626, 634, 644, 810, 947, 994, 1049, 1052, 1096, 1134, 1257, 1259, 1321, 1338, 1357, 1424, 1521, 1541, 1566, 1571, 1600, 1780, 1846, 1899, 1910, 1952, 1970, 2002, 2019, 2087, 2158, 2167, 2200, 2275, 2381, 2432, 2463, 2528, 2580, 2609, 2688, 2774, 2845, 2907, 2920, 2931, 3063, 3094, 3098, 3119, 3130, 3242, 3250, 3252, 3292, 3403, 3453, 3481, 3509, 3533, 3542, 3586, 3589, 3648, 3659, 3723, 3758, 3844, 4025]","[947, 1134, 1571, 1780, 1970, 2158, 2528, 2907, 3094]","[80, 92, 126, 185, 189, 228, 393, 408, 435, 463, 505, 541, 588, 614, 622, 626, 634, 644, 810, 994, 1049, 1052, 1096, 1257, 1259, 1321, 1338, 1357, 1424, 1521, 1541, 1566, 1600, 1846, 1899, 1910, 1952, 2002, 2019, 2087, 2167, 2200, 2275, 2381, 2432, 2463, 2580, 2609, 2688, 2774, 2845, 2920, 2931, 3063, 3098, 3119, 3130, 3242, 3250, 3252, 3292, 3403, 3453, 3481, 3509, 3533, 3542, 3586, 3589, 3648, 3659, 3723, 3758, 3844, 4025]","[947, 1134, 1571, 1780, 1970, 2158, 2528, 2907, 3094]",4034,84,3950,9,75,3950,0
0.5,HUMCP21OHC,"[80, 92, 126, 185, 189, 228, 393, 408, 435, 463, 506, 542, 589, 615, 623, 627, 635, 645, 811, 948, 995, 1050, 1053, 1097, 1135, 1258, 1260, 1322, 1339, 1358, 1425, 1522, 1542, 1567, 1572, 1601, 1781, 1847, 1900, 1911, 1953, 1971, 2003, 2020, 2088, 2159, 2168, 2201, 2276, 2382, 2433, 2464, 2529, 2581, 2610, 2689, 2775, 2846, 2908, 2922, 2933, 3065, 3096, 3100, 3121, 3132, 3244, 3252, 3254, 3294, 3405, 3455, 3483, 3511, 3535, 3544, 3588, 3591, 3636, 3650, 3661, 3725, 3760, 3846, 4027]","[948, 1135, 1572, 1781, 1971, 2159, 2529, 2908, 3096]","[80, 92, 126, 185, 189, 228, 393, 408, 435, 463, 506, 542, 589, 615, 623, 627, 635, 645, 811, 995, 1050, 1053, 1097, 1258, 1260, 1322, 1339, 1358, 1425, 1522, 1542, 1567, 1601, 1847, 1900, 1911, 1953, 2003, 2020, 2088, 2168, 2201, 2276, 2382, 2433, 2464, 2581, 2610, 2689, 2775, 2846, 2922, 2933, 3065, 3100, 3121, 3132, 3244, 3252, 3254, 3294, 3405, 3455, 3483, 3511, 3535, 3544, 3588, 3591, 3636, 3650, 3661, 3725, 3760, 3846, 4027]","[948, 1135, 1572, 1781, 1971, 2159, 2529, 2908, 3096]",4036,85,3951,9,76,3951,0
0.5,HUMCS1,"[18, 85, 89, 144, 148, 196, 254, 259, 304, 310, 353, 355, 393, 415, 429, 462, 565, 623, 652, 669, 673, 893, 991, 1010, 1016, 1036, 1058, 1134, 1194, 1243, 1334, 1379, 1480, 1496, 1518, 1591, 1597, 1679, 1726, 1800, 1982, 2003, 2008, 2042, 2050, 2060, 2074, 2095, 2106, 2160, 2190, 2196, 2210, 2214, 2243, 2278]","[565, 991, 1334, 1591]","[18, 85, 89, 144, 148, 196, 254, 259, 304, 310, 353, 355, 393, 415, 429, 462, 623, 652, 669, 673, 893, 1010, 1016, 1036, 1058, 1134, 1194, 1243, 1379, 1480, 1496, 1518, 1597, 1679, 1726, 1800, 1982, 2003, 2008, 2042, 2050, 2060, 2074, 2095, 2106, 2160, 2190, 2196, 2210, 2214, 2243, 2278]","[565, 991, 1334, 1591]",2293,56,2237,4,52,2237,0
0.5,HUMCS3,"[18, 87, 91, 146, 150, 198, 256, 261, 306, 312, 355, 357, 395, 417, 431, 463, 566, 625, 654, 671, 675, 893, 991, 1010, 1016, 1036, 1056, 1120, 1134, 1194, 1243, 1334, 1379, 1477, 1493, 1515, 1588, 1594, 1606, 1676, 1724, 1798, 1980, 2001, 2006, 2016, 2023, 2040, 2048, 2058, 2076, 2098, 2109, 2163, 2194, 2200, 2214, 2218, 2520, 2712, 2721, 2728]","[566, 991, 1334, 1588]","[18, 87, 91, 146, 150, 198, 256, 261, 306, 312, 355, 357, 395, 417, 431, 463, 625, 654, 671, 675, 893, 1010, 1016, 1036, 1056, 1120, 1134, 1194, 1243, 1379, 1477, 1493, 1515, 1594, 1606, 1676, 1724, 1798, 1980, 2001, 2006, 2016, 2023, 2040, 2048, 2058, 2076, 2098, 2109, 2163, 2194, 2200, 2214, 2218, 2520, 2712, 2721, 2728]","[566, 991, 1334, 1588]",2732,62,2670,4,58,2670,0
0.5,HUMCSN2A,"[122, 166, 176, 199, 232, 241, 286, 303, 394, 503, 509, 546, 591, 772, 792, 846, 858, 904, 912, 1004, 1063, 1100, 1118, 1200, 1261, 1335, 1404, 1451, 1524, 1542, 1586, 1590, 1625, 1677, 1819, 1845, 1858, 1922, 1936, 2086, 2092, 2101, 2107, 2128, 2135, 2139, 2175, 2228, 2232, 2255, 2287, 2416, 2468, 2491, 2520, 2559, 2570, 2593, 2673, 2751, 2753, 2761, 2802, 2824, 2837, 2913, 2999, 3019, 3034, 3145, 3185, 3194, 3233, 3235, 3411, 3423, 3430, 3452, 3475, 3480, 3584, 3600, 3645, 3738, 3776, 3851, 3882, 4104, 4170, 4184, 4188, 4368, 4417, 4499, 4520, 4623, 4719, 4741, 4831, 4855, 4945, 5058, 5190, 5200, 5246, 5250, 5274, 5348, 5391, 5439, 5516, 5521, 5532, 5620, 5662, 5742, 5747, 5778, 5877, 6064, 6088, 6102, 6115, 6140, 6144, 6154, 6239, 6244, 6276, 6280, 6295, 6302, 6333, 6381, 6392, 6489, 6492, 6682, 6722, 6747, 6768, 6810, 6857, 6887, 6929, 6959, 7126, 7145, 7155, 7171, 7201, 7210, 7221, 7234, 7300, 7324, 7363, 7474, 7489, 7617, 7662, 7687, 7789, 8114, 8186, 8353, 8396, 8417, 8483, 8522, 8564, 8568, 8574, 8593, 8598, 8662, 8668, 8683, 8704, 8711, 8715, 8751, 8799, 8805, 8809, 9044, 9261, 9325, 9406, 9482, 9569, 9918, 9924, 10040, 10050, 10137, 10265, 10394]","[4855, 5747, 6747, 6887, 8522]","[122, 166, 176, 199, 232, 241, 286, 303, 394, 503, 509, 546, 591, 772, 792, 846, 858, 904, 912, 1004, 1063, 1100, 1118, 1200, 1261, 1335, 1404, 1451, 1524, 1542, 1586, 1590, 1625, 1677, 1819, 1845, 1858, 1922, 1936, 2086, 2092, 2101, 2107, 2128, 2135, 2139, 2175, 2228, 2232, 2255, 2287, 2416, 2468, 2491, 2520, 2559, 2570, 2593, 2673, 2751, 2753, 2761, 2802, 2824, 2837, 2913, 2999, 3019, 3034, 3145, 3185, 3194, 3233, 3235, 3411, 3423, 3430, 3452, 3475, 3480, 3584, 3600, 3645, 3738, 3776, 3851, 3882, 4104, 4170, 4184, 4188, 4368, 4417, 4499, 4520, 4623, 4719, 4741, 4831, 4945, 5058, 5190, 5200, 5246, 5250, 5274, 5348, 5391, 5439, 5516, 5521, 5532, 5620, 5662, 5742, 5778, 5877, 6064, 6088, 6102, 6115, 6140, 6144, 6154, 6239, 6244, 6276, 6280, 6295, 6302, 6333, 6381, 6392, 6489, 6492, 6682, 6722, 6768, 6810, 6857, 6929, 6959, 7126, 7145, 7155, 7171, 7201, 7210, 7221, 7234, 7300, 7324, 7363, 7474, 7489, 7617, 7662, 7687, 7789, 8114, 8186, 8353, 8396, 8417, 8483, 8564, 8568, 8574, 8593, 8598, 8662, 8668, 8683, 8704, 8711, 8715, 8751, 8799, 8805, 8809, 9044, 9261, 9325, 9406, 9482, 9569, 9918, 9924, 10040, 10050, 10137, 10265, 10394]","[4855, 5747, 6747, 6887, 8522]",10600,198,10402,5,193,10402,0
0.5,HUMCSPA,"[19, 51, 78, 455, 483, 494, 771, 866, 872, 878, 982, 1034, 1050, 1239, 1248, 1409, 1553, 1736, 1857, 1883, 1896, 1940, 1985, 2206, 2216, 2232, 2276, 2372, 2454, 2462, 2470, 2477, 2487, 2524, 2530, 2632, 2637, 2755, 2787, 2860, 2929, 2968, 3026, 3036, 3164, 3200, 3217, 3222, 3290, 3307, 3309, 3356, 3392, 3455, 3608, 3632, 3691, 3695, 3815, 3819, 3827, 3837, 3890, 4007, 4014, 4031, 4051, 4129, 4193, 4256, 4328, 4378, 4463, 4526, 4546, 4663, 4751, 4753]","[982, 2276, 2929, 3392]","[19, 51, 78, 455, 483, 494, 771, 866, 872, 878, 1034, 1050, 1239, 1248, 1409, 1553, 1736, 1857, 1883, 1896, 1940, 1985, 2206, 2216, 2232, 2372, 2454, 2462, 2470, 2477, 2487, 2524, 2530, 2632, 2637, 2755, 2787, 2860, 2968, 3026, 3036, 3164, 3200, 3217, 3222, 3290, 3307, 3309, 3356, 3455, 3608, 3632, 3691, 3695, 3815, 3819, 3827, 3837, 3890, 4007, 4014, 4031, 4051, 4129, 4193, 4256, 4328, 4378, 4463, 4526, 4546, 4663, 4751, 4753]","[982, 2276, 2929, 3392]",4783,78,4705,4,74,4705,0
0.5,HUMCTLA1,"[13, 58, 205, 240, 280, 344, 400, 440, 453, 590, 597, 605, 701, 705, 769, 775, 799, 988, 992, 1033, 1120, 1122, 1184, 1188, 1229, 1246, 1299, 1332, 1391, 1472, 1628, 1656, 1760, 1812, 1976, 2000, 2119, 2124, 2179, 2264, 2284, 2297, 2336, 2349, 2360, 2375, 2482, 2587, 2596, 2628, 2701, 2770, 2809, 2867, 2933, 3005, 3041, 3063, 3122, 3134, 3151, 3183, 3196, 3200, 3236, 3311, 3341, 3428, 3435, 3480, 3500, 3513, 3518, 3532, 3550, 3584, 3695, 3703, 3777, 3790, 3900, 3904, 3912, 4050, 4099, 4394]","[988, 2179, 2770, 3236]","[13, 58, 205, 240, 280, 344, 400, 440, 453, 590, 597, 605, 701, 705, 769, 775, 799, 992, 1033, 1120, 1122, 1184, 1188, 1229, 1246, 1299, 1332, 1391, 1472, 1628, 1656, 1760, 1812, 1976, 2000, 2119, 2124, 2264, 2284, 2297, 2336, 2349, 2360, 2375, 2482, 2587, 2596, 2628, 2701, 2809, 2867, 2933, 3005, 3041, 3063, 3122, 3134, 3151, 3183, 3196, 3200, 3311, 3341, 3428, 3435, 3480, 3500, 3513, 3518, 3532, 3550, 3584, 3695, 3703, 3777, 3790, 3900, 3904, 3912, 4050, 4099, 4394]","[988, 2179, 2770, 3236]",4520,86,4434,4,82,4434,0
0.5,HUMDEF5A,"[58, 97, 159, 180, 226, 296, 326, 369, 394, 407, 468, 485, 500, 514, 530, 543, 549, 558, 579, 677, 710, 720, 740, 851, 923, 980, 1007, 1100, 1310, 1387, 1435, 1571, 1641, 1666, 1719, 1783, 1922, 1934, 2039, 2141, 2196, 2240, 2253, 2276, 2280, 2291, 2299, 2323, 2394, 2481, 2523, 2550, 2601, 2618, 2622, 2737, 2856, 2859, 2863]",[1571],"[58, 97, 159, 180, 226, 296, 326, 369, 394, 407, 468, 485, 500, 514, 530, 543, 549, 558, 579, 677, 710, 720, 740, 851, 923, 980, 1007, 1100, 1310, 1387, 1435, 1641, 1666, 1719, 1783, 1922, 1934, 2039, 2141, 2196, 2240, 2253, 2276, 2280, 2291, 2299, 2323, 2394, 2481, 2523, 2550, 2601, 2618, 2622, 2737, 2856, 2859, 2863]",[1571],2872,59,2813,1,58,2813,0
0.5,HUMDZA2G,"[17, 19, 24, 114, 123, 125, 217, 249, 296, 329, 333, 575, 595, 631, 653, 680, 691, 717, 727, 791, 818, 820, 822, 829, 831, 835, 842, 849, 974, 990, 1074, 1160, 1212, 1262, 1302, 1364, 1401, 1425, 1531, 1586, 1608, 1645, 1676, 1715, 1722, 1747, 1759, 1769, 1789, 1809, 1811, 1902, 1912, 1973, 1980, 1982, 2003, 2008, 2013, 2171, 2173, 2206, 2239, 2277, 2296, 2353, 2369, 2471, 2553, 2928, 2955, 3069, 3113, 3209, 3225, 3238, 3382, 3430, 3466, 3554, 3566, 3601, 3622, 3637, 3711, 3740, 3763, 3775, 3787, 3795, 3811, 3877, 3913, 3942, 3969, 4027, 4171, 4219, 4262, 4294, 4320, 4339, 4375, 4386, 4416, 4436, 4463, 4573, 4616, 4633, 4665, 4810, 4849, 4857, 4938, 5001, 5130, 5231, 5316, 5325, 5389, 5393, 5413, 5436, 5508, 5623, 5663, 5670, 5681, 5742, 5791, 5803, 5819, 5836, 5868, 5872, 5904, 5955, 5972, 6013, 6054, 6105, 6158, 6178, 6203, 6269, 6312, 6400, 6490, 6544, 6548, 6555, 6576, 6608, 6636, 6661, 6715, 6932, 6964, 6991, 7006, 7050, 7127, 7186, 7245, 7279, 7306, 7391, 7458, 7542, 7601, 7635, 7830, 7869, 7981, 8048, 8063, 8142, 8186, 8252, 8404, 8436, 8463, 8480, 8605, 8707, 8741, 8829, 8855, 8873, 8981, 9070, 9078, 9117, 9120, 9165, 9184, 9198, 9200, 9250, 9281, 9329, 9440, 9481, 9584, 9590, 9594, 9647, 9649, 9758, 9807, 9819, 9898, 9933, 9945, 9985, 10013, 10082, 10086, 10124, 10166, 10231, 10256, 10273, 10355, 10368, 10380, 10397, 10461, 10466, 10495, 10538, 10604, 10609, 10618, 10624, 10645, 10649, 10677, 10774, 10804, 10817, 10862, 10894, 10938, 10947, 11010, 11016, 11051, 11060, 11212, 11267, 11273, 11300, 11353, 11360, 11451, 11497, 11507, 11530, 11621, 11787, 11954, 12050, 12105, 12139, 12219, 12274, 12301, 12316, 12318, 12335, 12418, 12458, 12544, 12572, 12620, 12735, 12754, 12885, 12890, 12915, 12929, 12937, 13070, 13183, 13207, 13267, 13458, 13467, 13473, 13481, 13485, 13572, 13575, 13594, 13601, 13630, 13632, 13676, 13679, 13793, 13839, 13857, 13862, 13887, 13930, 13938, 13978, 13984, 14110, 14171, 14234, 14237, 14240, 14246, 14282, 14315, 14345, 14357, 14396, 14451, 14453, 14472, 14633, 14651]","[5389, 9590, 13183]","[17, 19, 24, 114, 123, 125, 217, 249, 296, 329, 333, 575, 595, 631, 653, 680, 691, 717, 727, 791, 818, 820, 822, 829, 831, 835, 842, 849, 974, 990, 1074, 1160, 1212, 1262, 1302, 1364, 1401, 1425, 1531, 1586, 1608, 1645, 1676, 1715, 1722, 1747, 1759, 1769, 1789, 1809, 1811, 1902, 1912, 1973, 1980, 1982, 2003, 2008, 2013, 2171, 2173, 2206, 2239, 2277, 2296, 2353, 2369, 2471, 2553, 2928, 2955, 3069, 3113, 3209, 3225, 3238, 3382, 3430, 3466, 3554, 3566, 3601, 3622, 3637, 3711, 3740, 3763, 3775, 3787, 3795, 3811, 3877, 3913, 3942, 3969, 4027, 4171, 4219, 4262, 4294, 4320, 4339, 4375, 4386, 4416, 4436, 4463, 4573, 4616, 4633, 4665, 4810, 4849, 4857, 4938, 5001, 5130, 5231, 5316, 5325, 5393, 5413, 5436, 5508, 5623, 5663, 5670, 5681, 5742, 5791, 5803, 5819, 5836, 5868, 5872, 5904, 5955, 5972, 6013, 6054, 6105, 6158, 6178, 6203, 6269, 6312, 6400, 6490, 6544, 6548, 6555, 6576, 6608, 6636, 6661, 6715, 6932, 6964, 6991, 7006, 7050, 7127, 7186, 7245, 7279, 7306, 7391, 7458, 7542, 7601, 7635, 7830, 7869, 7981, 8048, 8063, 8142, 8186, 8252, 8404, 8436, 8463, 8480, 8605, 8707, 8741, 8829, 8855, 8873, 8981, 9070, 9078, 9117, 9120, 9165, 9184, 9198, 9200, 9250, 9281, 9329, 9440, 9481, 9584, 9594, 9647, 9649, 9758, 9807, 9819, 9898, 9933, 9945, 9985, 10013, 10082, 10086, 10124, 10166, 10231, 10256, 10273, 10355, 10368, 10380, 10397, 10461, 10466, 10495, 10538, 10604, 10609, 10618, 10624, 10645, 10649, 10677, 10774, 10804, 10817, 10862, 10894, 10938, 10947, 11010, 11016, 11051, 11060, 11212, 11267, 11273, 11300, 11353, 11360, 11451, 11497, 11507, 11530, 11621, 11787, 11954, 12050, 12105, 12139, 12219, 12274, 12301, 12316, 12318, 12335, 12418, 12458, 12544, 12572, 12620, 12735, 12754, 12885, 12890, 12915, 12929, 12937, 13070, 13207, 13267, 13458, 13467, 13473, 13481, 13485, 13572, 13575, 13594, 13601, 13630, 13632, 13676, 13679, 13793, 13839, 13857, 13862, 13887, 13930, 13938, 13978, 13984, 14110, 14171, 14234, 14237, 14240, 14246, 14282, 14315, 14345, 14357, 14396, 14451, 14453, 14472, 14633, 14651]","[5389, 9590, 13183]",14686,326,14360,3,323,14360,0
0.5,HUMELAFIN,"[11, 43, 48, 70, 152, 208, 274, 326, 330, 338, 355, 417, 492, 503, 518, 538, 548, 553, 557, 589, 637, 682, 689, 704, 776, 786, 802, 839, 1048, 1050, 1073, 1089, 1152, 1160, 1197, 1269, 1351, 1414, 1419, 1456, 1461, 1517, 1534, 1538, 1549, 1559, 1608, 1657, 1719]",[326],"[11, 43, 48, 70, 152, 208, 274, 330, 338, 355, 417, 492, 503, 518, 538, 548, 553, 557, 589, 637, 682, 689, 704, 776, 786, 802, 839, 1048, 1050, 1073, 1089, 1152, 1160, 1197, 1269, 1351, 1414, 1419, 1456, 1461, 1517, 1534, 1538, 1549, 1559, 1608, 1657, 1719]",[326],1870,49,1821,1,48,1821,0
0.5,HUMEPOHYDD,"[11, 37, 83, 88, 210, 264, 326, 350, 356, 362, 390, 397, 504, 640, 740, 776, 818, 820, 829, 845, 849, 865, 943, 997, 1001, 1048, 1079, 1093, 1107, 1111, 1147, 1149, 1237, 1241, 1253, 1351, 1368, 1433, 1446, 1470, 1493, 1499, 1536, 1560, 1629, 1670, 1678, 1691, 1724, 1751, 1842, 1854, 1863, 1940, 1951, 1972, 2054, 2061, 2071, 2121, 2153, 2164, 2172, 2182, 2190, 2275, 2283, 2289, 2298, 2301, 2305, 2324, 2419, 2434, 2452, 2464, 2523, 2541, 2546, 2801, 2824, 2939, 2972, 2990, 3022, 3063, 3069, 3079, 3143, 3313, 3327, 3391, 3429, 3443, 3451, 3469, 3472, 3511, 3517, 3588, 3598, 3635, 3680, 3687, 3757, 3801, 3916, 3941, 3997, 4013, 4128, 4147, 4151, 4208, 4312, 4319, 4347, 4375, 4385, 4393, 4407, 4422, 4470, 4474, 4521, 4526, 4568, 4704, 4725, 4758, 4802, 4825, 4868, 4900, 4940, 4945, 4952, 4996, 5017, 5057, 5065, 5111, 5140, 5158, 5199, 5207, 5211, 5295, 5297, 5331, 5338, 5359, 5368, 5410, 5500, 5568, 5571, 5589, 5629, 5637, 5656, 5697, 5700, 5717, 5780, 5814, 5820, 5909, 5916, 5925, 5979, 5984, 5997, 6005, 6011, 6053, 6067, 6071, 6103, 6115, 6265, 6277, 6289, 6294, 6334, 6349, 6389, 6409, 6422, 6474, 6506, 6537, 6542, 6585, 6599, 6631, 6758, 6802, 6950, 7064, 7098, 7197, 7201, 7253, 7261, 7329, 7405, 7439, 7483, 7493, 7509, 7537, 7563, 7591, 7690, 7695, 7712, 7946, 7960, 7975, 7982, 7997, 8031, 8153, 8166, 8217, 8229, 8328, 8343, 8373, 8378, 8410, 8428, 8650, 8696, 8728, 8759, 8769, 8779, 8818, 8830, 8999, 9018, 9045, 9049, 9061, 9091, 9132, 9150, 9207, 9213, 9328, 9470, 9489, 9499, 9564, 9601, 9709, 9746, 9792, 9866, 9887, 9923, 9929, 9982, 10023, 10038, 10042, 10046, 10101, 10106, 10184, 10212, 10263, 10276, 10307, 10319, 10327, 10351, 10392, 10397, 10404, 10450, 10475, 10578, 10599, 10621, 10654, 10700, 10753, 10778, 10813, 10872, 10877, 10890, 10904, 10921, 10933, 10965, 11010, 11017, 11082, 11088, 11192, 11240, 11282, 11284, 11414, 11482, 11614, 11715, 11772, 11796, 11817, 11832, 11836, 11845, 11896, 11998, 12021, 12089, 12105, 12188, 12259, 12335, 12367, 12394, 12409, 12482, 12553, 12568, 12570, 12607, 12625, 12682, 12746, 12819, 12823, 12924, 12928, 13005, 13058, 13063, 13076, 13103, 13201, 13241, 13267, 13279, 13286, 13322, 13372, 13374, 13411, 13416, 13505, 13558, 13603, 13618, 13651, 13692, 13743, 13754, 13763, 13804, 13808, 13810, 13815, 13912, 13924, 13971, 13979, 14049, 14086, 14095, 14107, 14168, 14313, 14316, 14384, 14406, 14420, 14461, 14495, 14522, 14539, 14592, 14606, 14624, 14676, 14788, 14794, 14799, 14925, 14941, 14954, 14985, 14999, 15043, 15062, 15106, 15125, 15183, 15186, 15197, 15225, 15227, 15231, 15233, 15244, 15295, 15326, 15342, 15415, 15443, 15466, 15620, 15666, 15675, 15705, 15831, 15858, 15916, 15924, 15966, 16077, 16085, 16090, 16105, 16107, 16109, 16111, 16113, 16115, 16117, 16119, 16121, 16123, 16125, 16127, 16129, 16131, 16133, 16135, 16137, 16139, 16163, 16172, 16206, 16224, 16255, 16259, 16282, 16287, 16308, 16324, 16390, 16433, 16442, 16570, 16653, 16689, 16708, 16771, 16775, 16779, 16837, 16885, 17075, 17080, 17098, 17135, 17159, 17170, 17193, 17238, 17258, 17347, 17442, 17479, 17489, 17502, 17511, 17646, 17705, 17777, 17789, 17805, 17810, 17870, 17942, 17986, 18064, 18069, 18077, 18145, 18220, 18254, 18281, 18296, 18298, 18387, 18395, 18462, 18539, 18573, 18600, 18665, 18726, 18823, 18857, 18879, 18887, 18944, 18982, 19017, 19118, 19122, 19204, 19215, 19347, 19356, 19373, 19378, 19386, 19416, 19571, 19642, 19698, 19744, 19764, 19785, 19814, 19867, 19874, 19887, 19920, 19985, 20012, 20080, 20093, 20118, 20278, 20318, 20403, 20451, 20460, 20545, 20668, 20674, 20683, 20688, 20720, 20725, 20739, 20767, 20807, 20857, 20883, 20906, 20926, 20954, 20979, 20994, 20998, 21017, 21080, 21112, 21151, 21201, 21354, 21438, 21441, 21468, 21501, 21507, 21539, 21564, 21590, 21648, 21685, 21715, 21729, 21768, 21772, 21815, 21855, 21882, 21941, 21945, 21956, 21987, 21991, 22055, 22059, 22115, 22246, 22251, 22307, 22318, 22516, 22539, 22603, 22696, 22830, 22856, 22870, 22952, 22956, 22980, 23010, 23083, 23153, 23217, 23324, 23326, 23497, 23652, 23693, 23856, 23884, 23927, 23935, 24310, 24312, 24408, 24469, 24481, 24592, 24616, 24629, 24704, 24773]","[5656, 8696, 15620, 16085, 16775, 19204, 21354]","[11, 37, 83, 88, 210, 264, 326, 350, 356, 362, 390, 397, 504, 640, 740, 776, 818, 820, 829, 845, 849, 865, 943, 997, 1001, 1048, 1079, 1093, 1107, 1111, 1147, 1149, 1237, 1241, 1253, 1351, 1368, 1433, 1446, 1470, 1493, 1499, 1536, 1560, 1629, 1670, 1678, 1691, 1724, 1751, 1842, 1854, 1863, 1940, 1951, 1972, 2054, 2061, 2071, 2121, 2153, 2164, 2172, 2182, 2190, 2275, 2283, 2289, 2298, 2301, 2305, 2324, 2419, 2434, 2452, 2464, 2523, 2541, 2546, 2801, 2824, 2939, 2972, 2990, 3022, 3063, 3069, 3079, 3143, 3313, 3327, 3391, 3429, 3443, 3451, 3469, 3472, 3511, 3517, 3588, 3598, 3635, 3680, 3687, 3757, 3801, 3916, 3941, 3997, 4013, 4128, 4147, 4151, 4208, 4312, 4319, 4347, 4375, 4385, 4393, 4407, 4422, 4470, 4474, 4521, 4526, 4568, 4704, 4725, 4758, 4802, 4825, 4868, 4900, 4940, 4945, 4952, 4996, 5017, 5057, 5065, 5111, 5140, 5158, 5199, 5207, 5211, 5295, 5297, 5331, 5338, 5359, 5368, 5410, 5500, 5568, 5571, 5589, 5629, 5637, 5697, 5700, 5717, 5780, 5814, 5820, 5909, 5916, 5925, 5979, 5984, 5997, 6005, 6011, 6053, 6067, 6071, 6103, 6115, 6265, 6277, 6289, 6294, 6334, 6349, 6389, 6409, 6422, 6474, 6506, 6537, 6542, 6585, 6599, 6631, 6758, 6802, 6950, 7064, 7098, 7197, 7201, 7253, 7261, 7329, 7405, 7439, 7483, 7493, 7509, 7537, 7563, 7591, 7690, 7695, 7712, 7946, 7960, 7975, 7982, 7997, 8031, 8153, 8166, 8217, 8229, 8328, 8343, 8373, 8378, 8410, 8428, 8650, 8728, 8759, 8769, 8779, 8818, 8830, 8999, 9018, 9045, 9049, 9061, 9091, 9132, 9150, 9207, 9213, 9328, 9470, 9489, 9499, 9564, 9601, 9709, 9746, 9792, 9866, 9887, 9923, 9929, 9982, 10023, 10038, 10042, 10046, 10101, 10106, 10184, 10212, 10263, 10276, 10307, 10319, 10327, 10351, 10392, 10397, 10404, 10450, 10475, 10578, 10599, 10621, 10654, 10700, 10753, 10778, 10813, 10872, 10877, 10890, 10904, 10921, 10933, 10965, 11010, 11017, 11082, 11088, 11192, 11240, 11282, 11284, 11414, 11482, 11614, 11715, 11772, 11796, 11817, 11832, 11836, 11845, 11896, 11998, 12021, 12089, 12105, 12188, 12259, 12335, 12367, 12394, 12409, 12482, 12553, 12568, 12570, 12607, 12625, 12682, 12746, 12819, 12823, 12924, 12928, 13005, 13058, 13063, 13076, 13103, 13201, 13241, 13267, 13279, 13286, 13322, 13372, 13374, 13411, 13416, 13505, 13558, 13603, 13618, 13651, 13692, 13743, 13754, 13763, 13804, 13808, 13810, 13815, 13912, 13924, 13971, 13979, 14049, 14086, 14095, 14107, 14168, 14313, 14316, 14384, 14406, 14420, 14461, 14495, 14522, 14539, 14592, 14606, 14624, 14676, 14788, 14794, 14799, 14925, 14941, 14954, 14985, 14999, 15043, 15062, 15106, 15125, 15183, 15186, 15197, 15225, 15227, 15231, 15233, 15244, 15295, 15326, 15342, 15415, 15443, 15466, 15666, 15675, 15705, 15831, 15858, 15916, 15924, 15966, 16077, 16090, 16105, 16107, 16109, 16111, 16113, 16115, 16117, 16119, 16121, 16123, 16125, 16127, 16129, 16131, 16133, 16135, 16137, 16139, 16163, 16172, 16206, 16224, 16255, 16259, 16282, 16287, 16308, 16324, 16390, 16433, 16442, 16570, 16653, 16689, 16708, 16771, 16779, 16837, 16885, 17075, 17080, 17098, 17135, 17159, 17170, 17193, 17238, 17258, 17347, 17442, 17479, 17489, 17502, 17511, 17646, 17705, 17777, 17789, 17805, 17810, 17870, 17942, 17986, 18064, 18069, 18077, 18145, 18220, 18254, 18281, 18296, 18298, 18387, 18395, 18462, 18539, 18573, 18600, 18665, 18726, 18823, 18857, 18879, 18887, 18944, 18982, 19017, 19118, 19122, 19215, 19347, 19356, 19373, 19378, 19386, 19416, 19571, 19642, 19698, 19744, 19764, 19785, 19814, 19867, 19874, 19887, 19920, 19985, 20012, 20080, 20093, 20118, 20278, 20318, 20403, 20451, 20460, 20545, 20668, 20674, 20683, 20688, 20720, 20725, 20739, 20767, 20807, 20857, 20883, 20906, 20926, 20954, 20979, 20994, 20998, 21017, 21080, 21112, 21151, 21201, 21438, 21441, 21468, 21501, 21507, 21539, 21564, 21590, 21648, 21685, 21715, 21729, 21768, 21772, 21815, 21855, 21882, 21941, 21945, 21956, 21987, 21991, 22055, 22059, 22115, 22246, 22251, 22307, 22318, 22516, 22539, 22603, 22696, 22830, 22856, 22870, 22952, 22956, 22980, 23010, 23083, 23153, 23217, 23324, 23326, 23497, 23652, 23693, 23856, 23884, 23927, 23935, 24310, 24312, 24408, 24469, 24481, 24592, 24616, 24629, 24704, 24773]","[5656, 8696, 15620, 16085, 16775, 19204, 21354]",24782,633,24149,7,626,24149,0
0.5,HUMG0S24B,"[91, 103, 105, 107, 147, 151, 183, 356, 504, 538, 631, 658, 801, 812, 855, 880, 1005, 1043, 1087, 1133, 1182, 1261, 1264, 1268, 1331, 1392, 1399, 1415, 1465, 1471, 1624, 1760, 1785, 1954, 2158, 2213, 2221, 2236, 2394, 2402, 2413, 2483, 2501, 2509, 2573, 2598, 2723, 2785, 2817, 2843, 3102, 3129]",[631],"[91, 103, 105, 107, 147, 151, 183, 356, 504, 538, 658, 801, 812, 855, 880, 1005, 1043, 1087, 1133, 1182, 1261, 1264, 1268, 1331, 1392, 1399, 1415, 1465, 1471, 1624, 1760, 1785, 1954, 2158, 2213, 2221, 2236, 2394, 2402, 2413, 2483, 2501, 2509, 2573, 2598, 2723, 2785, 2817, 2843, 3102, 3129]",[631],3127,52,3075,1,51,3075,0
0.5,HUMG0S8PP,"[91, 97, 163, 216, 248, 313, 401, 468, 502, 545, 612, 625, 630, 660, 743, 745, 784, 889, 942, 964, 1006, 1018, 1104, 1181, 1230, 1281, 1342, 1379, 1523, 1588, 1648, 1672, 1719, 1882, 1959, 2009, 2142, 2148, 2152, 2254, 2257, 2333, 2359, 2399, 2432, 2579, 2682, 2686, 2744, 2767, 2813, 2826, 2831, 2842, 2853, 2894, 2920, 3036, 3166, 3170, 3213, 3261, 3286, 3305, 3325, 3358, 3431, 3467, 3493, 3510, 3515, 3558, 3577, 3590, 3633, 3768, 3784, 3836, 3840, 3897, 3932, 4113, 4167, 4172, 4267, 4289, 4316, 4356, 4399, 4510, 4521, 4551, 4646, 4699, 4707, 4736, 4785, 4797, 4985, 5052, 5096, 5153, 5228, 5233, 5252, 5273, 5298, 5325, 5333, 5361, 5383, 5391, 5442, 5510, 5516, 5540, 5571, 5586, 5606, 5633, 5635, 5657, 5788, 5845, 5877, 6056, 6062, 6110, 6162, 6236, 6257, 6292, 6457, 6552, 6645, 6727, 6758, 6834, 6839, 7140, 7167, 7286]","[2682, 3768, 3932, 4646]","[91, 97, 163, 216, 248, 313, 401, 468, 502, 545, 612, 625, 630, 660, 743, 745, 784, 889, 942, 964, 1006, 1018, 1104, 1181, 1230, 1281, 1342, 1379, 1523, 1588, 1648, 1672, 1719, 1882, 1959, 2009, 2142, 2148, 2152, 2254, 2257, 2333, 2359, 2399, 2432, 2579, 2686, 2744, 2767, 2813, 2826, 2831, 2842, 2853, 2894, 2920, 3036, 3166, 3170, 3213, 3261, 3286, 3305, 3325, 3358, 3431, 3467, 3493, 3510, 3515, 3558, 3577, 3590, 3633, 3784, 3836, 3840, 3897, 4113, 4167, 4172, 4267, 4289, 4316, 4356, 4399, 4510, 4521, 4551, 4699, 4707, 4736, 4785, 4797, 4985, 5052, 5096, 5153, 5228, 5233, 5252, 5273, 5298, 5325, 5333, 5361, 5383, 5391, 5442, 5510, 5516, 5540, 5571, 5586, 5606, 5633, 5635, 5657, 5788, 5845, 5877, 6056, 6062, 6110, 6162, 6236, 6257, 6292, 6457, 6552, 6645, 6727, 6758, 6834, 6839, 7140, 7167, 7286]","[2682, 3768, 3932, 4646]",7337,142,7195,4,138,7195,0
0.5,HUMGAD45A,"[11, 221, 233, 392, 397, 481, 590, 599, 628, 724, 786, 895, 912, 927, 950, 963, 1008, 1042, 1114, 1134, 1153, 1178, 1215, 1292, 1321, 1387, 1394, 1396, 1425, 1558, 1628, 1761, 1779, 1800, 1906, 2020, 2088, 2203, 2206, 2217, 2266, 2304, 2313, 2326, 2457, 2461, 2465, 2596, 2600, 2655, 2769, 2835, 2909, 2927, 2968, 2975, 2978, 3006, 3076, 3078, 3092, 3132, 3149, 3157, 3184, 3188, 3240, 3420, 3534, 3633, 3639, 3645, 3675, 3697, 3730, 3734, 3740, 3749, 3772, 3827, 3880, 3884, 3891, 3932, 4002, 4022, 4046, 4167, 4171, 4194, 4200, 4250, 4283, 4303, 4334, 4396, 4402, 4414, 4427, 4472, 4529, 4657, 4808, 4828, 4956, 5015, 5180, 5205]","[2596, 3184, 3645]","[11, 221, 233, 392, 397, 481, 590, 599, 628, 724, 786, 895, 912, 927, 950, 963, 1008, 1042, 1114, 1134, 1153, 1178, 1215, 1292, 1321, 1387, 1394, 1396, 1425, 1558, 1628, 1761, 1779, 1800, 1906, 2020, 2088, 2203, 2206, 2217, 2266, 2304, 2313, 2326, 2457, 2461, 2465, 2600, 2655, 2769, 2835, 2909, 2927, 2968, 2975, 2978, 3006, 3076, 3078, 3092, 3132, 3149, 3157, 3188, 3240, 3420, 3534, 3633, 3639, 3675, 3697, 3730, 3734, 3740, 3749, 3772, 3827, 3880, 3884, 3891, 3932, 4002, 4022, 4046, 4167, 4171, 4194, 4200, 4250, 4283, 4303, 4334, 4396, 4402, 4414, 4427, 4472, 4529, 4657, 4808, 4828, 4956, 5015, 5180, 5205]","[2596, 3184, 3645]",5370,108,5262,3,105,5262,0
0.5,HUMGARE,"[20, 25, 71, 299, 309, 322, 429, 590, 598, 609, 623, 633, 686, 721, 756, 758, 810, 814, 852, 964, 1014, 1041, 1056, 1110, 1121, 1138, 1176, 1245, 1255, 1264, 1273, 1277, 1285, 1292, 1329, 1386, 1399, 1460, 1467, 1525, 1537, 1540, 1583, 1627, 1641, 1673, 1688, 1721, 1823, 1872, 1881, 1897, 1900, 1906, 2022, 2040, 2127, 2239, 2243, 2299, 2314, 2328, 2330, 2373, 2411, 2415, 2455, 2489, 2519, 2533, 2558, 2572, 2591, 2601, 2603, 2611, 2615, 2631, 2639, 2653, 2861, 2910, 2936, 2943, 2960, 2964, 2998, 3070, 3118, 3133, 3186, 3190, 3207, 3213, 3254, 3259, 3369, 3504, 3507, 3522, 3547, 3575, 3598, 3619, 3872, 3993, 4030, 4123, 4141, 4263, 4469, 4492, 4502, 4507, 4568, 4637, 4704, 4718]","[810, 2239, 2653, 3118]","[20, 25, 71, 299, 309, 322, 429, 590, 598, 609, 623, 633, 686, 721, 756, 758, 814, 852, 964, 1014, 1041, 1056, 1110, 1121, 1138, 1176, 1245, 1255, 1264, 1273, 1277, 1285, 1292, 1329, 1386, 1399, 1460, 1467, 1525, 1537, 1540, 1583, 1627, 1641, 1673, 1688, 1721, 1823, 1872, 1881, 1897, 1900, 1906, 2022, 2040, 2127, 2243, 2299, 2314, 2328, 2330, 2373, 2411, 2415, 2455, 2489, 2519, 2533, 2558, 2572, 2591, 2601, 2603, 2611, 2615, 2631, 2639, 2861, 2910, 2936, 2943, 2960, 2964, 2998, 3070, 3133, 3186, 3190, 3207, 3213, 3254, 3259, 3369, 3504, 3507, 3522, 3547, 3575, 3598, 3619, 3872, 3993, 4030, 4123, 4141, 4263, 4469, 4492, 4502, 4507, 4568, 4637, 4704, 4718]","[810, 2239, 2653, 3118]",4746,118,4628,4,114,4628,0
0.5,HUMGCK,"[57, 66, 68, 219, 295, 304, 406, 444, 468, 506, 573, 634, 725, 774, 856, 916, 979, 1137, 1188, 1249, 1311, 1385, 1514, 1542, 1582, 1638, 1748, 1780, 1873, 1989, 2006, 2156, 2262, 2345, 2444, 2454, 2493, 2647, 2864, 2879, 2895, 2946, 2971, 3016, 3051, 3078, 3080, 3096, 3108, 3123, 3191, 3197, 3248, 3312, 3314, 3335, 3360, 3370, 3398, 3684, 3729, 3757, 3774, 3783, 3789, 3799, 3819, 3839, 3882, 3954, 3974, 4030, 4087, 4126, 4288, 4312, 4321, 4384, 4494, 4503, 4553, 4558, 4770, 4806, 4820, 4933, 4942, 4954, 4992, 4999, 5011, 5015, 5088, 5092, 5118, 5123, 5139, 5164, 5228, 5309, 5318, 5341, 5356, 5404, 5417, 5442, 5452, 5497, 5580, 5584, 5623, 5637, 5650, 5655, 5717, 5772, 5784, 5808, 5825, 5832, 5848, 5956, 5964, 5966, 5981, 5985, 6195, 6320, 6364, 6422, 6437, 6457, 6475, 6500, 6505, 6533, 6616, 6630, 6639, 6651, 6730, 6744, 6753, 6765, 6830, 6871, 6914, 6921, 6933, 6946, 7026, 7062, 7127, 7155, 7263, 7306, 7354, 7356, 7501, 7563, 7591, 7775]","[1188, 3360, 3882, 4312, 4806, 5015, 5452, 5964, 6475]","[57, 66, 68, 219, 295, 304, 406, 444, 468, 506, 573, 634, 725, 774, 856, 916, 979, 1137, 1249, 1311, 1385, 1514, 1542, 1582, 1638, 1748, 1780, 1873, 1989, 2006, 2156, 2262, 2345, 2444, 2454, 2493, 2647, 2864, 2879, 2895, 2946, 2971, 3016, 3051, 3078, 3080, 3096, 3108, 3123, 3191, 3197, 3248, 3312, 3314, 3335, 3370, 3398, 3684, 3729, 3757, 3774, 3783, 3789, 3799, 3819, 3839, 3954, 3974, 4030, 4087, 4126, 4288, 4321, 4384, 4494, 4503, 4553, 4558, 4770, 4820, 4933, 4942, 4954, 4992, 4999, 5011, 5088, 5092, 5118, 5123, 5139, 5164, 5228, 5309, 5318, 5341, 5356, 5404, 5417, 5442, 5497, 5580, 5584, 5623, 5637, 5650, 5655, 5717, 5772, 5784, 5808, 5825, 5832, 5848, 5956, 5966, 5981, 5985, 6195, 6320, 6364, 6422, 6437, 6457, 6500, 6505, 6533, 6616, 6630, 6639, 6651, 6730, 6744, 6753, 6765, 6830, 6871, 6914, 6921, 6933, 6946, 7026, 7062, 7127, 7155, 7263, 7306, 7354, 7356, 7501, 7563, 7591, 7775]","[1188, 3360, 3882, 4312, 4806, 5015, 5452, 5964, 6475]",7519,162,7357,9,153,7357,0
0.5,HUMGFP40H,"[4, 11, 22, 28, 50, 224, 243, 278, 289, 325, 434, 472, 557, 626, 686, 697, 710, 763, 910, 954, 963, 1039, 1058, 1062, 1140, 1173, 1217, 1465, 1473, 1578, 1697, 1703, 1731, 1745, 1748, 1803, 1840, 1846, 1870, 1943, 1994, 2044, 2111, 2236, 2355, 2361, 2486, 2546, 2551, 2569, 2593, 2624, 2628, 2646, 2684, 2694, 2704, 2738, 2752, 2781, 2857, 2929, 2972, 3042, 3084, 3110, 3126, 3130, 3185, 3194, 3219, 3246, 3261, 3263, 3295, 3319, 3325, 3415, 3420, 3426, 3448, 3615, 3620, 3716, 3833, 3835, 3837, 3839, 3841, 3843, 3845, 3847, 3849, 3851, 3853, 3855, 3857, 3859, 3861, 3863, 3865, 3867, 3871, 3898, 4025, 4095, 4106, 4290, 4308, 4337]","[910, 1058, 1173, 2593]","[4, 11, 22, 28, 50, 224, 243, 278, 289, 325, 434, 472, 557, 626, 686, 697, 710, 763, 954, 963, 1039, 1062, 1140, 1217, 1465, 1473, 1578, 1697, 1703, 1731, 1745, 1748, 1803, 1840, 1846, 1870, 1943, 1994, 2044, 2111, 2236, 2355, 2361, 2486, 2546, 2551, 2569, 2624, 2628, 2646, 2684, 2694, 2704, 2738, 2752, 2781, 2857, 2929, 2972, 3042, 3084, 3110, 3126, 3130, 3185, 3194, 3219, 3246, 3261, 3263, 3295, 3319, 3325, 3415, 3420, 3426, 3448, 3615, 3620, 3716, 3833, 3835, 3837, 3839, 3841, 3843, 3845, 3847, 3849, 3851, 3853, 3855, 3857, 3859, 3861, 3863, 3865, 3867, 3871, 3898, 4025, 4095, 4106, 4290, 4308, 4337]","[910, 1058, 1173, 2593]",4371,110,4261,4,106,4261,0
0.5,HUMGHG,"[40, 68, 79, 426, 432, 438, 530, 539, 545, 689, 741, 757, 946, 955, 1116, 1260, 1443, 1564, 1590, 1603, 1647, 1692, 1913, 1923, 1939, 1983, 2079, 2161, 2169, 2177, 2184, 2194, 2231, 2237, 2339, 2344, 2462, 2494, 2567, 2636, 2675, 2733, 2743, 2871, 2907, 2924, 2929, 2997, 3014, 3016, 3063, 3099, 3162, 3251, 3315, 3339, 3398, 3402, 3522, 3526, 3534, 3544, 3597, 3713, 3720, 3737, 3757, 3835, 3899, 3962, 4033, 4083, 4156, 4218, 4238, 4354, 4443, 4445]","[689, 1983, 2636, 3099]","[40, 68, 79, 426, 432, 438, 530, 539, 545, 741, 757, 946, 955, 1116, 1260, 1443, 1564, 1590, 1603, 1647, 1692, 1913, 1923, 1939, 2079, 2161, 2169, 2177, 2184, 2194, 2231, 2237, 2339, 2344, 2462, 2494, 2567, 2675, 2733, 2743, 2871, 2907, 2924, 2929, 2997, 3014, 3016, 3063, 3162, 3251, 3315, 3339, 3398, 3402, 3522, 3526, 3534, 3544, 3597, 3713, 3720, 3737, 3757, 3835, 3899, 3962, 4033, 4083, 4156, 4218, 4238, 4354, 4443, 4445]","[689, 1983, 2636, 3099]",4444,78,4366,4,74,4366,0
0.5,HUMGHN,"[85, 89, 95, 144, 148, 193, 199, 235, 257, 265, 307, 313, 357, 359, 397, 419, 434, 446, 466, 569, 627, 657, 673, 677, 696, 891, 989, 1008, 1034, 1143, 1158, 1176, 1225, 1316, 1463, 1501, 1574, 1580, 1664, 1711, 1783, 1965, 1986, 1991, 2033, 2044, 2058, 2091, 2168, 2181, 2201, 2217, 2384, 2439, 2483, 2583, 2625]","[569, 989, 1316, 1574]","[85, 89, 95, 144, 148, 193, 199, 235, 257, 265, 307, 313, 357, 359, 397, 419, 434, 446, 466, 627, 657, 673, 677, 696, 891, 1008, 1034, 1143, 1158, 1176, 1225, 1463, 1501, 1580, 1664, 1711, 1783, 1965, 1986, 1991, 2033, 2044, 2058, 2091, 2168, 2181, 2201, 2217, 2384, 2439, 2483, 2583, 2625]","[569, 989, 1316, 1574]",2649,57,2592,4,53,2592,0
0.5,HUMGHV,"[86, 90, 135, 145, 149, 198, 234, 256, 264, 306, 312, 333, 356, 358, 396, 432, 464, 566, 624, 653, 670, 694, 900, 964, 998, 1010, 1017, 1030, 1043, 1064, 1105, 1136, 1141, 1153, 1169, 1188, 1237, 1307, 1328, 1351, 1361, 1372, 1473, 1511, 1580, 1584, 1590, 1669, 1697, 1716, 1790, 1972, 1993, 1998, 2040, 2051, 2065, 2087, 2098, 2175, 2185, 2188, 2207, 2223, 2388, 2443, 2485, 2514]","[566, 998, 1328, 1584]","[86, 90, 135, 145, 149, 198, 234, 256, 264, 306, 312, 333, 356, 358, 396, 432, 464, 624, 653, 670, 694, 900, 964, 1010, 1017, 1030, 1043, 1064, 1105, 1136, 1141, 1153, 1169, 1188, 1237, 1307, 1351, 1361, 1372, 1473, 1511, 1580, 1590, 1669, 1697, 1716, 1790, 1972, 1993, 1998, 2040, 2051, 2065, 2087, 2098, 2175, 2185, 2188, 2207, 2223, 2388, 2443, 2485, 2514]","[566, 998, 1328, 1584]",2652,68,2584,4,64,2584,0
0.5,HUMGSTM4A,"[74, 116, 262, 393, 487, 493, 516, 539, 554, 558, 565, 588, 595, 641, 666, 687, 758, 777, 781, 799, 813, 824, 903, 905, 907, 909, 911, 913, 915, 917, 919, 921, 923, 925, 927, 929, 931, 933, 935, 939, 943, 953, 964, 969, 996, 1015, 1122, 1139, 1202, 1272, 1340, 1385, 1387, 1436, 1449, 1535, 1631, 1635, 1665, 1708, 1803, 1809, 1844, 2022, 2024, 2028, 2033, 2043, 2045, 2047, 2058, 2084, 2098, 2102, 2113, 2117, 2124, 2225, 2240, 2333, 2338, 2346, 2565, 2573, 2587, 2880, 2888, 2914, 2917, 2925, 2929, 3010, 3023, 3051, 3117, 3140, 3143, 3246, 3262, 3275, 3398, 3463, 3569, 3615, 3649, 3700, 3739, 3753, 3773, 3779, 3901, 3917, 3933, 3996, 4041, 4049, 4053, 4072, 4089, 4160, 4223, 4225, 4235, 4274, 4279, 4306, 4311, 4329, 4379, 4425, 4566, 4573, 4701, 4733, 4740, 4748, 4760, 4764, 4791, 4798, 4806, 4845, 4895, 4913, 4966, 4991, 5001, 5032, 5150, 5152, 5193, 5226, 5262, 5316, 5380, 5382, 5407, 5449, 5571, 5581, 5601, 5623, 5629, 5663, 5884]","[777, 1139, 1631, 2024, 2225, 3262, 3463]","[74, 116, 262, 393, 487, 493, 516, 539, 554, 558, 565, 588, 595, 641, 666, 687, 758, 781, 799, 813, 824, 903, 905, 907, 909, 911, 913, 915, 917, 919, 921, 923, 925, 927, 929, 931, 933, 935, 939, 943, 953, 964, 969, 996, 1015, 1122, 1202, 1272, 1340, 1385, 1387, 1436, 1449, 1535, 1635, 1665, 1708, 1803, 1809, 1844, 2022, 2028, 2033, 2043, 2045, 2047, 2058, 2084, 2098, 2102, 2113, 2117, 2124, 2240, 2333, 2338, 2346, 2565, 2573, 2587, 2880, 2888, 2914, 2917, 2925, 2929, 3010, 3023, 3051, 3117, 3140, 3143, 3246, 3275, 3398, 3569, 3615, 3649, 3700, 3739, 3753, 3773, 3779, 3901, 3917, 3933, 3996, 4041, 4049, 4053, 4072, 4089, 4160, 4223, 4225, 4235, 4274, 4279, 4306, 4311, 4329, 4379, 4425, 4566, 4573, 4701, 4733, 4740, 4748, 4760, 4764, 4791, 4798, 4806, 4845, 4895, 4913, 4966, 4991, 5001, 5032, 5150, 5152, 5193, 5226, 5262, 5316, 5380, 5382, 5407, 5449, 5571, 5581, 5601, 5623, 5629, 5663, 5884]","[777, 1139, 1631, 2024, 2225, 3262, 3463]",6074,165,5909,7,158,5909,0
0.5,HUMHMGIY,"[23, 63, 190, 241, 310, 331, 390, 405, 442, 449, 496, 583, 654, 720, 740, 806, 873, 1075, 1337, 1472, 1514, 1521, 1557, 1654, 1883, 1908, 1927, 1937, 1947, 1961, 1967, 2090, 2136, 2200, 2202, 2345, 2388, 2401, 2454, 2513, 2520, 2558, 2578, 2704, 2786, 2994, 3053, 3116, 3189, 3195, 3259, 3267, 3280, 3475, 3485, 3501, 3664, 3677, 3749, 3767, 3875, 3897, 3900, 3919, 3921, 3974, 3978, 3983, 4023, 4055, 4158, 4172, 4180, 4193, 4232, 4328, 4358, 4397, 4410, 4412, 4416, 4427, 4450, 4529, 4627, 4648, 4655, 4660, 4711, 4753, 4773, 4779, 4781, 4785, 4801, 4805, 4831, 4933, 4994, 5010, 5075, 5100, 5132, 5150, 5161, 5169, 5183, 5272, 5280, 5284, 5290, 5308, 5363, 5444, 5451, 5457, 5461, 5496, 5541, 5569, 5574, 5584, 5588, 5619, 5655, 5712, 5722, 5726, 5733, 5745, 5885, 5961, 5969, 5982, 5984, 6012, 6019, 6151, 6274, 6334, 6344, 6422, 6475, 6527, 6544, 6572, 6619, 6627, 6658, 6673, 6687, 6711, 6744, 6776, 6818, 6897, 6929, 7016, 7022, 7032, 7034, 7038, 7089, 7102, 7133, 7137, 7166, 7270, 7274, 7315, 7321, 7328, 7335, 7420, 7436, 7449, 7463, 7506, 7510, 7629, 7691, 7695, 7711, 7768, 7781, 7821, 7923, 7931, 7939, 7962, 7966, 8019, 8043, 8047, 8095, 8151, 8267, 8361, 8374, 8378, 8428, 8434, 8507, 8631, 8642, 8775, 8833, 8965, 8968, 8995, 9045, 9134, 9153, 9199, 9241, 9248, 9286, 9348, 9360, 9390, 9424, 9561, 9763, 9791, 9823, 9855, 9857, 9895, 9995, 10022, 10031, 10110]","[4660, 6544, 7270]","[23, 63, 190, 241, 310, 331, 390, 405, 442, 449, 496, 583, 654, 720, 740, 806, 873, 1075, 1337, 1472, 1514, 1521, 1557, 1654, 1883, 1908, 1927, 1937, 1947, 1961, 1967, 2090, 2136, 2200, 2202, 2345, 2388, 2401, 2454, 2513, 2520, 2558, 2578, 2704, 2786, 2994, 3053, 3116, 3189, 3195, 3259, 3267, 3280, 3475, 3485, 3501, 3664, 3677, 3749, 3767, 3875, 3897, 3900, 3919, 3921, 3974, 3978, 3983, 4023, 4055, 4158, 4172, 4180, 4193, 4232, 4328, 4358, 4397, 4410, 4412, 4416, 4427, 4450, 4529, 4627, 4648, 4655, 4711, 4753, 4773, 4779, 4781, 4785, 4801, 4805, 4831, 4933, 4994, 5010, 5075, 5100, 5132, 5150, 5161, 5169, 5183, 5272, 5280, 5284, 5290, 5308, 5363, 5444, 5451, 5457, 5461, 5496, 5541, 5569, 5574, 5584, 5588, 5619, 5655, 5712, 5722, 5726, 5733, 5745, 5885, 5961, 5969, 5982, 5984, 6012, 6019, 6151, 6274, 6334, 6344, 6422, 6475, 6527, 6572, 6619, 6627, 6658, 6673, 6687, 6711, 6744, 6776, 6818, 6897, 6929, 7016, 7022, 7032, 7034, 7038, 7089, 7102, 7133, 7137, 7166, 7274, 7315, 7321, 7328, 7335, 7420, 7436, 7449, 7463, 7506, 7510, 7629, 7691, 7695, 7711, 7768, 7781, 7821, 7923, 7931, 7939, 7962, 7966, 8019, 8043, 8047, 8095, 8151, 8267, 8361, 8374, 8378, 8428, 8434, 8507, 8631, 8642, 8775, 8833, 8965, 8968, 8995, 9045, 9134, 9153, 9199, 9241, 9248, 9286, 9348, 9360, 9390, 9424, 9561, 9763, 9791, 9823, 9855, 9857, 9895, 9995, 10022, 10031, 10110]","[4660, 6544, 7270]",10098,232,9866,3,229,9866,0
0.5,HUMHOX13G,"[55, 93, 106, 121, 129, 144, 190, 280, 336, 380, 414, 503, 675, 730, 811, 1004, 1040, 1102, 1131, 1153, 1392, 1446, 1451, 1471, 1594, 1641, 1643, 1653, 1737, 1741, 2022, 2039, 2066, 2071, 2075, 2083, 2115, 2188, 2295, 2373, 2405, 2481, 2502, 2551, 2563, 2576, 2588, 2647, 2652, 2689, 2711, 2796, 2809, 2814, 2828, 2852, 2856, 2860, 2882, 2909, 2984, 2996, 3059]",[811],"[55, 93, 106, 121, 129, 144, 190, 280, 336, 380, 414, 503, 675, 730, 1004, 1040, 1102, 1131, 1153, 1392, 1446, 1451, 1471, 1594, 1641, 1643, 1653, 1737, 1741, 2022, 2039, 2066, 2071, 2075, 2083, 2115, 2188, 2295, 2373, 2405, 2481, 2502, 2551, 2563, 2576, 2588, 2647, 2652, 2689, 2711, 2796, 2809, 2814, 2828, 2852, 2856, 2860, 2882, 2909, 2984, 2996, 3059]",[811],3062,63,2999,1,62,2999,0
0.5,HUMHPARS1,"[20, 105, 138, 224, 319, 338, 431, 442, 473, 573, 588, 601, 686, 688, 779, 783, 802, 842, 844, 873, 926, 967, 1046, 1113, 1220, 1278, 1300, 1320, 1377, 1398, 1431, 1579, 1629, 1655, 1673, 1730, 1762, 1789, 1850, 1864, 1878, 1886, 1907, 1961, 2005, 2089, 2105, 2162, 2175, 2213, 2327, 2348, 2352, 2362, 2364, 2433, 2435, 2437, 2441, 2449, 2451, 2453, 2455, 2457, 2459, 2461, 2465, 2475, 2477, 2495, 2500, 2548, 2632, 2643, 2648, 2681, 2828, 2971, 2984, 3020, 3085, 3088, 3096, 3111, 3258, 3270, 3294, 3337, 3402, 3465, 3470, 3496, 3508, 3536, 3549, 3567, 3590, 3732, 3846, 3855, 3859, 3931, 3972, 4010, 4015, 4084, 4332, 4394, 4552, 4695, 4708, 4744, 4809, 4812, 4820, 4835, 4982, 4994, 5018, 5061, 5126, 5189, 5194, 5220, 5232, 5260, 5273, 5291, 5506, 5568, 5577, 5581, 5646, 5687, 5725, 5730, 6047, 6109, 6285, 6304, 6309, 6370, 6373, 6413, 6499, 6532, 6548, 6620, 6730, 6790, 6823, 6841, 6880, 6887, 6889, 6948, 7039, 7045, 7076, 7092, 7127, 7164, 7199, 7212, 7217, 7221, 7225, 7231, 7392, 7499, 7510, 7528, 7569, 7692, 7696, 7710, 7752, 7807, 7891, 7948, 8010, 8104, 8118, 8126, 8230, 8261, 8378, 8420, 8434, 8485, 8495, 8532, 8541, 8624, 8703, 8717, 8728, 8808, 8980, 8994, 9085, 9120, 9127, 9143, 9174, 9189, 9266, 9279, 9332, 9344, 9365, 9388, 9445, 9447, 9529, 9570, 9649, 9716, 9824, 9882, 9899, 9904, 9924, 9981, 10002, 10054, 10149, 10183, 10258, 10276, 10278, 10332, 10364, 10406, 10408, 10466, 10472, 10476, 10488, 10509, 10563, 10607, 10668, 10772, 10835, 10926, 10939, 10973, 11002, 11038, 11084, 11127, 11173, 11263, 11275, 11326, 11355, 11363, 11371, 11385, 11403, 11411, 11439, 11460, 11467, 11478, 11485, 11502]","[1046, 2632, 3020, 3855, 4744, 5577]","[20, 105, 138, 224, 319, 338, 431, 442, 473, 573, 588, 601, 686, 688, 779, 783, 802, 842, 844, 873, 926, 967, 1113, 1220, 1278, 1300, 1320, 1377, 1398, 1431, 1579, 1629, 1655, 1673, 1730, 1762, 1789, 1850, 1864, 1878, 1886, 1907, 1961, 2005, 2089, 2105, 2162, 2175, 2213, 2327, 2348, 2352, 2362, 2364, 2433, 2435, 2437, 2441, 2449, 2451, 2453, 2455, 2457, 2459, 2461, 2465, 2475, 2477, 2495, 2500, 2548, 2643, 2648, 2681, 2828, 2971, 2984, 3085, 3088, 3096, 3111, 3258, 3270, 3294, 3337, 3402, 3465, 3470, 3496, 3508, 3536, 3549, 3567, 3590, 3732, 3846, 3859, 3931, 3972, 4010, 4015, 4084, 4332, 4394, 4552, 4695, 4708, 4809, 4812, 4820, 4835, 4982, 4994, 5018, 5061, 5126, 5189, 5194, 5220, 5232, 5260, 5273, 5291, 5506, 5568, 5581, 5646, 5687, 5725, 5730, 6047, 6109, 6285, 6304, 6309, 6370, 6373, 6413, 6499, 6532, 6548, 6620, 6730, 6790, 6823, 6841, 6880, 6887, 6889, 6948, 7039, 7045, 7076, 7092, 7127, 7164, 7199, 7212, 7217, 7221, 7225, 7231, 7392, 7499, 7510, 7528, 7569, 7692, 7696, 7710, 7752, 7807, 7891, 7948, 8010, 8104, 8118, 8126, 8230, 8261, 8378, 8420, 8434, 8485, 8495, 8532, 8541, 8624, 8703, 8717, 8728, 8808, 8980, 8994, 9085, 9120, 9127, 9143, 9174, 9189, 9266, 9279, 9332, 9344, 9365, 9388, 9445, 9447, 9529, 9570, 9649, 9716, 9824, 9882, 9899, 9904, 9924, 9981, 10002, 10054, 10149, 10183, 10258, 10276, 10278, 10332, 10364, 10406, 10408, 10466, 10472, 10476, 10488, 10509, 10563, 10607, 10668, 10772, 10835, 10926, 10939, 10973, 11002, 11038, 11084, 11127, 11173, 11263, 11275, 11326, 11355, 11363, 11371, 11385, 11403, 11411, 11439, 11460, 11467, 11478, 11485, 11502]","[1046, 2632, 3020, 3855, 4744, 5577]",11543,268,11275,6,262,11275,0
0.5,HUMIBP3,"[65, 75, 92, 182, 232, 241, 268, 297, 428, 451, 471, 739, 782, 834, 854, 882, 1000, 1077, 1111, 1248, 1260, 1284, 1326, 1332, 1364, 1366, 1383, 1409, 1473, 1495, 1556, 1586, 1604, 1613, 1623, 1631, 1685, 1701, 1718, 1795, 1976, 2018, 2086, 2107, 2149, 2163, 2174, 2187, 2206, 2208, 2221, 2253, 2277, 2395, 2441, 2457, 2466, 2509, 2555, 2584, 2593, 2650, 2656, 2677, 2687, 2693, 2715, 2776, 2845, 2849, 2860, 2870, 2910, 2935, 2951, 2984, 3011, 3024, 3048, 3052, 3065, 3077, 3142, 3149, 3153, 3333, 3356, 3542, 3617, 3635, 3734, 3795, 3800, 3822, 3833, 3924, 3984, 4123, 4154, 4247, 4262, 4272, 4290, 4304, 4342, 4358, 4406, 4410, 4476, 4548, 4650, 4713, 4924, 4928, 4956, 4977, 5020, 5048, 5122, 5182, 5197, 5247, 5281, 5323, 5394, 5409, 5456, 5500, 5534, 5550, 5553, 5560, 5586, 5639, 5675, 5735, 5765, 5800, 5953, 6005, 6064, 6086, 6327, 6333, 6375, 6409, 6425, 6453, 6462, 6507, 6551, 6585, 6617, 6621, 6633, 6723, 6734, 6748, 6764, 6799, 6959, 6967, 6991, 7006, 7008, 7018, 7087, 7095, 7133, 7137, 7144, 7184, 7188, 7249, 7377, 7471, 7574, 7607, 7687, 7708, 7743, 7835, 7842, 7854, 7875, 7925, 7952, 8250, 8262, 8308, 8334, 8353, 8357, 8514, 8553, 8555, 8648, 8663, 8677, 8689, 8751, 8756, 8793, 8832, 9014, 9068, 9095, 9118, 9132, 9209, 9299, 9383, 9390, 9458, 9593, 9677, 9682, 9726, 9835, 9842, 9873, 9945, 10026, 10031, 10056, 10085, 10227, 10319, 10425, 10458, 10554, 10564, 10602, 10708, 10721, 10735, 10748]","[2441, 5953, 6617]","[65, 75, 92, 182, 232, 241, 268, 297, 428, 451, 471, 739, 782, 834, 854, 882, 1000, 1077, 1111, 1248, 1260, 1284, 1326, 1332, 1364, 1366, 1383, 1409, 1473, 1495, 1556, 1586, 1604, 1613, 1623, 1631, 1685, 1701, 1718, 1795, 1976, 2018, 2086, 2107, 2149, 2163, 2174, 2187, 2206, 2208, 2221, 2253, 2277, 2395, 2457, 2466, 2509, 2555, 2584, 2593, 2650, 2656, 2677, 2687, 2693, 2715, 2776, 2845, 2849, 2860, 2870, 2910, 2935, 2951, 2984, 3011, 3024, 3048, 3052, 3065, 3077, 3142, 3149, 3153, 3333, 3356, 3542, 3617, 3635, 3734, 3795, 3800, 3822, 3833, 3924, 3984, 4123, 4154, 4247, 4262, 4272, 4290, 4304, 4342, 4358, 4406, 4410, 4476, 4548, 4650, 4713, 4924, 4928, 4956, 4977, 5020, 5048, 5122, 5182, 5197, 5247, 5281, 5323, 5394, 5409, 5456, 5500, 5534, 5550, 5553, 5560, 5586, 5639, 5675, 5735, 5765, 5800, 6005, 6064, 6086, 6327, 6333, 6375, 6409, 6425, 6453, 6462, 6507, 6551, 6585, 6621, 6633, 6723, 6734, 6748, 6764, 6799, 6959, 6967, 6991, 7006, 7008, 7018, 7087, 7095, 7133, 7137, 7144, 7184, 7188, 7249, 7377, 7471, 7574, 7607, 7687, 7708, 7743, 7835, 7842, 7854, 7875, 7925, 7952, 8250, 8262, 8308, 8334, 8353, 8357, 8514, 8553, 8555, 8648, 8663, 8677, 8689, 8751, 8756, 8793, 8832, 9014, 9068, 9095, 9118, 9132, 9209, 9299, 9383, 9390, 9458, 9593, 9677, 9682, 9726, 9835, 9842, 9873, 9945, 10026, 10031, 10056, 10085, 10227, 10319, 10425, 10458, 10554, 10564, 10602, 10708, 10721, 10735, 10748]","[2441, 5953, 6617]",10876,237,10639,3,234,10639,0
0.5,HUMIDS,"[31, 145, 160, 165, 172, 296, 372, 443, 462, 596, 636, 672, 752, 970, 1097, 1160, 1685, 1797, 1858, 1862, 1868, 1972, 2038, 2060, 2064, 2089, 2132, 2174, 2225, 2241, 2248, 2316, 2333, 2356, 2376, 2392, 2449, 2471, 2536, 2549, 2573, 2710, 2712, 2769, 2794, 2826, 2856, 2860, 2882, 2916, 3003, 3060, 3070, 3108, 3137, 3140, 3164, 3177, 3216, 3222, 3226, 3238, 3243, 3266, 3321, 3366, 3374, 3506, 3545, 3686, 3693, 3731, 3739, 3773, 3842, 3921, 4021, 4069, 4110, 4119, 4123, 4174, 4233, 4247, 4304, 4384, 4407, 4409, 4437, 4446, 4634, 4684, 4735, 4768, 4778, 4834, 4865, 4917, 4971, 5103, 5186, 5228, 5244, 5252, 5309, 5325, 5352, 5385, 5446, 5450, 5484, 5537, 5619, 5641, 5703, 5744, 5812, 5850, 5864, 5869, 5876, 5918, 5927, 6071, 6075, 6101, 6115, 6139, 6150, 6173, 6178, 6195, 6255, 6269, 6327, 6513, 6609, 6652, 6710, 6780, 6796, 6806, 6895, 6948, 6964, 6989, 7023, 7027, 7078, 7093, 7095, 7150, 7284, 7368, 7447, 7449, 7490, 7686, 7773, 7784, 7815, 7817, 7939, 8019, 8044, 8049, 8086, 8121, 8166, 8230, 8249, 8266, 8277, 8316, 8356, 8364, 8410, 8449, 8489, 8494, 8547, 8557, 8678, 8687, 8700, 8721, 8761, 8770, 8796, 8853, 9000, 9053, 9131, 9161, 9234, 9254, 9266, 9282, 9286, 9321, 9341, 9391, 9413, 9417, 9421, 9450, 9454, 9470, 9503, 9526, 9541, 9554, 9597, 9606, 9642, 9812, 9814, 9819, 9847, 9871, 9897, 9901, 9965, 9982, 9990, 9996, 10007, 10090, 10094, 10104, 10120, 10137, 10170, 10192, 10227, 10235, 10245, 10254, 10301, 10316, 10348, 10361, 10580, 10677, 10734, 10771, 10776, 10873, 10877, 10884, 10901, 10950, 10987, 11071, 11097, 11102, 11131, 11136, 11158, 11182, 11220, 11246, 11265, 11274, 11288, 11290, 11397, 11401, 11462, 11468, 11482, 11577, 11735, 11849, 11880, 11921, 11928, 11938, 11995, 12006, 12236, 12288, 12302, 12319, 12325, 12329, 12344, 12360, 12362, 12407, 12436, 12440, 12496, 12559, 12646, 12714, 12833, 12840, 12855, 12961, 13065, 13087, 13103, 13162, 13258, 13321, 13400, 13437, 13470, 13579, 13760, 13812, 13840, 13908, 13919, 13928, 13969, 13977, 14036, 14040, 14052, 14114, 14124, 14129, 14169, 14262, 14300, 14325, 14418, 14508, 14544, 14575, 14581, 14621, 14645, 14655, 14685, 14702, 14730, 14808, 14821, 14840, 14881, 14903, 14912, 14925, 14958, 14980, 15027, 15035, 15056, 15131, 15143, 15176, 15194, 15205, 15210, 15235, 15293, 15473, 15477, 15495, 15502, 15512, 15536, 15567, 15575, 15579, 15584, 15596, 15654, 15693, 15803, 15879, 15901, 15927, 15968, 16006, 16038, 16078, 16080, 16084, 16088, 16169, 16194, 16215, 16574, 16648, 16662, 16698, 16829, 16844, 16858, 16873, 16877, 16966, 16970, 16993, 17048, 17085, 17099, 17168, 17227, 17241, 17250, 17253, 17364, 17446, 17512, 17562, 17591, 17633, 17671, 17700, 17728, 17741, 17822, 17837, 17881, 17922, 17930, 17973, 18042, 18105, 18126, 18130, 18188, 18277, 18287, 18292, 18335, 18368, 18407, 18412, 18430, 18509, 18552, 18603, 18628, 18633, 18666, 18689, 18711, 18780, 18782, 18811, 18879, 18947, 18957, 18976, 19023, 19046, 19095, 19106, 19268, 19301, 19413, 19461, 19483, 19510, 19537, 19565, 19599, 19615, 19657, 19733, 19747, 19773, 19802, 19916, 20019, 20021, 20032, 20044, 20114, 20220, 20225, 20382, 20499, 20795, 20859, 20938, 21014, 21158, 21174, 21216, 21250, 21305, 21311, 21429, 21472, 21477, 21567, 21584, 21597, 21624, 21640, 21712, 21720, 21730, 21789, 21795, 21887, 21930, 21938, 21946, 21972, 22029, 22055, 22104, 22162, 22264, 22288, 22309, 22343, 22351, 22369, 22422, 22452, 22455, 22472, 22480, 22500, 22524, 22536, 22538, 22552, 22597, 22602, 22604, 22609, 22617, 22695, 22711, 22728, 22755, 22795, 22809, 22814, 22822, 22837, 22897, 22940, 23045, 23086, 23127, 23146, 23157, 23166, 23188, 23287, 23294, 23296, 23300, 23359, 23415, 23472, 23494, 23648, 23840, 23946, 24062, 24069, 24078, 24135, 24268, 24284, 24330, 24345, 24426, 24445, 24504, 24523, 24670, 24678, 24724, 24772, 24812, 24865, 24873, 24926, 25084, 25168, 25403, 25407, 25414, 25424, 25437, 25482, 25514, 25545, 25554, 25559, 25562, 25572, 25630, 25636, 25649, 25687, 25752, 25810, 25819, 25828, 25831, 25836, 25909, 26004, 26046, 26093, 26254, 26308, 26338, 26425, 26427, 26466, 26535, 26617, 26622, 26634, 26785, 26836, 26843, 26852, 26888, 26900, 26931, 26943, 26975, 27020, 27023, 27033, 27091, 27097, 27110, 27132, 27201, 27229, 27262, 27332, 27351, 27475, 27509, 27690, 27735, 27785, 27821, 27882, 27923, 27969, 27983, 27991, 28066, 28071, 28096, 28098, 28112, 28169, 28223, 28235, 28269, 28311, 28366, 28465, 28537, 28544, 28627, 28632, 28676, 28713, 28735, 28751, 28773, 28787, 28792, 28845, 28950, 28973, 28981, 28988, 29043, 29070, 29084, 29209, 29211, 29231, 29246, 29294, 29300, 29315, 29338, 29359, 29361, 29393, 29400, 29441, 29471, 29501, 29518, 29555, 29572, 29710, 29768, 29787, 29798, 29825, 29830, 29950, 29955, 30034, 30069, 30077, 30110, 30255, 30261, 30268, 30284, 30339, 30341, 30360, 30410, 30436, 30535, 30554, 30602, 30606, 30612, 30619, 30773, 30778, 30791, 30822, 30868, 30926, 30957, 30992, 30999, 31004, 31017, 31038, 31046, 31147, 31168, 31179, 31227, 31287, 31515, 31699, 31914, 31921, 31954, 31956, 31991, 32027, 32099, 32178, 32260, 32304, 32316, 32333, 32481, 32576, 32758, 32764, 32809, 32851, 32858, 32876, 33043, 33216, 33223, 33314, 33318, 33333, 33335, 33369, 33398, 33480, 33583, 33587, 33641, 33667, 33900, 33905, 34107, 34255, 34423, 34442, 34513, 34561, 34598, 34638, 34645, 34665, 34846, 34868, 34878, 34897, 34930, 35092, 35103, 35175, 35192, 35508, 35521, 35535, 35626, 35637, 35723, 35752, 35761, 35766, 35777, 35785, 35816, 35853, 35860, 35948, 35958, 36028, 36112, 36138, 36154, 36177, 36187, 36195, 36293, 36395, 36411, 36415, 36418, 36455, 36508, 36655, 36659, 36682, 36686, 36699, 36718, 36726, 36810, 36820, 36837]","[1160, 2038, 2882, 5244, 8086, 9847, 15879, 19268]","[31, 145, 160, 165, 172, 296, 372, 443, 462, 596, 636, 672, 752, 970, 1097, 1685, 1797, 1858, 1862, 1868, 1972, 2060, 2064, 2089, 2132, 2174, 2225, 2241, 2248, 2316, 2333, 2356, 2376, 2392, 2449, 2471, 2536, 2549, 2573, 2710, 2712, 2769, 2794, 2826, 2856, 2860, 2916, 3003, 3060, 3070, 3108, 3137, 3140, 3164, 3177, 3216, 3222, 3226, 3238, 3243, 3266, 3321, 3366, 3374, 3506, 3545, 3686, 3693, 3731, 3739, 3773, 3842, 3921, 4021, 4069, 4110, 4119, 4123, 4174, 4233, 4247, 4304, 4384, 4407, 4409, 4437, 4446, 4634, 4684, 4735, 4768, 4778, 4834, 4865, 4917, 4971, 5103, 5186, 5228, 5252, 5309, 5325, 5352, 5385, 5446, 5450, 5484, 5537, 5619, 5641, 5703, 5744, 5812, 5850, 5864, 5869, 5876, 5918, 5927, 6071, 6075, 6101, 6115, 6139, 6150, 6173, 6178, 6195, 6255, 6269, 6327, 6513, 6609, 6652, 6710, 6780, 6796, 6806, 6895, 6948, 6964, 6989, 7023, 7027, 7078, 7093, 7095, 7150, 7284, 7368, 7447, 7449, 7490, 7686, 7773, 7784, 7815, 7817, 7939, 8019, 8044, 8049, 8121, 8166, 8230, 8249, 8266, 8277, 8316, 8356, 8364, 8410, 8449, 8489, 8494, 8547, 8557, 8678, 8687, 8700, 8721, 8761, 8770, 8796, 8853, 9000, 9053, 9131, 9161, 9234, 9254, 9266, 9282, 9286, 9321, 9341, 9391, 9413, 9417, 9421, 9450, 9454, 9470, 9503, 9526, 9541, 9554, 9597, 9606, 9642, 9812, 9814, 9819, 9871, 9897, 9901, 9965, 9982, 9990, 9996, 10007, 10090, 10094, 10104, 10120, 10137, 10170, 10192, 10227, 10235, 10245, 10254, 10301, 10316, 10348, 10361, 10580, 10677, 10734, 10771, 10776, 10873, 10877, 10884, 10901, 10950, 10987, 11071, 11097, 11102, 11131, 11136, 11158, 11182, 11220, 11246, 11265, 11274, 11288, 11290, 11397, 11401, 11462, 11468, 11482, 11577, 11735, 11849, 11880, 11921, 11928, 11938, 11995, 12006, 12236, 12288, 12302, 12319, 12325, 12329, 12344, 12360, 12362, 12407, 12436, 12440, 12496, 12559, 12646, 12714, 12833, 12840, 12855, 12961, 13065, 13087, 13103, 13162, 13258, 13321, 13400, 13437, 13470, 13579, 13760, 13812, 13840, 13908, 13919, 13928, 13969, 13977, 14036, 14040, 14052, 14114, 14124, 14129, 14169, 14262, 14300, 14325, 14418, 14508, 14544, 14575, 14581, 14621, 14645, 14655, 14685, 14702, 14730, 14808, 14821, 14840, 14881, 14903, 14912, 14925, 14958, 14980, 15027, 15035, 15056, 15131, 15143, 15176, 15194, 15205, 15210, 15235, 15293, 15473, 15477, 15495, 15502, 15512, 15536, 15567, 15575, 15579, 15584, 15596, 15654, 15693, 15803, 15901, 15927, 15968, 16006, 16038, 16078, 16080, 16084, 16088, 16169, 16194, 16215, 16574, 16648, 16662, 16698, 16829, 16844, 16858, 16873, 16877, 16966, 16970, 16993, 17048, 17085, 17099, 17168, 17227, 17241, 17250, 17253, 17364, 17446, 17512, 17562, 17591, 17633, 17671, 17700, 17728, 17741, 17822, 17837, 17881, 17922, 17930, 17973, 18042, 18105, 18126, 18130, 18188, 18277, 18287, 18292, 18335, 18368, 18407, 18412, 18430, 18509, 18552, 18603, 18628, 18633, 18666, 18689, 18711, 18780, 18782, 18811, 18879, 18947, 18957, 18976, 19023, 19046, 19095, 19106, 19301, 19413, 19461, 19483, 19510, 19537, 19565, 19599, 19615, 19657, 19733, 19747, 19773, 19802, 19916, 20019, 20021, 20032, 20044, 20114, 20220, 20225, 20382, 20499, 20795, 20859, 20938, 21014, 21158, 21174, 21216, 21250, 21305, 21311, 21429, 21472, 21477, 21567, 21584, 21597, 21624, 21640, 21712, 21720, 21730, 21789, 21795, 21887, 21930, 21938, 21946, 21972, 22029, 22055, 22104, 22162, 22264, 22288, 22309, 22343, 22351, 22369, 22422, 22452, 22455, 22472, 22480, 22500, 22524, 22536, 22538, 22552, 22597, 22602, 22604, 22609, 22617, 22695, 22711, 22728, 22755, 22795, 22809, 22814, 22822, 22837, 22897, 22940, 23045, 23086, 23127, 23146, 23157, 23166, 23188, 23287, 23294, 23296, 23300, 23359, 23415, 23472, 23494, 23648, 23840, 23946, 24062, 24069, 24078, 24135, 24268, 24284, 24330, 24345, 24426, 24445, 24504, 24523, 24670, 24678, 24724, 24772, 24812, 24865, 24873, 24926, 25084, 25168, 25403, 25407, 25414, 25424, 25437, 25482, 25514, 25545, 25554, 25559, 25562, 25572, 25630, 25636, 25649, 25687, 25752, 25810, 25819, 25828, 25831, 25836, 25909, 26004, 26046, 26093, 26254, 26308, 26338, 26425, 26427, 26466, 26535, 26617, 26622, 26634, 26785, 26836, 26843, 26852, 26888, 26900, 26931, 26943, 26975, 27020, 27023, 27033, 27091, 27097, 27110, 27132, 27201, 27229, 27262, 27332, 27351, 27475, 27509, 27690, 27735, 27785, 27821, 27882, 27923, 27969, 27983, 27991, 28066, 28071, 28096, 28098, 28112, 28169, 28223, 28235, 28269, 28311, 28366, 28465, 28537, 28544, 28627, 28632, 28676, 28713, 28735, 28751, 28773, 28787, 28792, 28845, 28950, 28973, 28981, 28988, 29043, 29070, 29084, 29209, 29211, 29231, 29246, 29294, 29300, 29315, 29338, 29359, 29361, 29393, 29400, 29441, 29471, 29501, 29518, 29555, 29572, 29710, 29768, 29787, 29798, 29825, 29830, 29950, 29955, 30034, 30069, 30077, 30110, 30255, 30261, 30268, 30284, 30339, 30341, 30360, 30410, 30436, 30535, 30554, 30602, 30606, 30612, 30619, 30773, 30778, 30791, 30822, 30868, 30926, 30957, 30992, 30999, 31004, 31017, 31038, 31046, 31147, 31168, 31179, 31227, 31287, 31515, 31699, 31914, 31921, 31954, 31956, 31991, 32027, 32099, 32178, 32260, 32304, 32316, 32333, 32481, 32576, 32758, 32764, 32809, 32851, 32858, 32876, 33043, 33216, 33223, 33314, 33318, 33333, 33335, 33369, 33398, 33480, 33583, 33587, 33641, 33667, 33900, 33905, 34107, 34255, 34423, 34442, 34513, 34561, 34598, 34638, 34645, 34665, 34846, 34868, 34878, 34897, 34930, 35092, 35103, 35175, 35192, 35508, 35521, 35535, 35626, 35637, 35723, 35752, 35761, 35766, 35777, 35785, 35816, 35853, 35860, 35948, 35958, 36028, 36112, 36138, 36154, 36177, 36187, 36195, 36293, 36395, 36411, 36415, 36418, 36455, 36508, 36655, 36659, 36682, 36686, 36699, 36718, 36726, 36810, 36820, 36837]","[1160, 2038, 2882, 5244, 8086, 9847, 15879, 19268]",36837,842,35995,8,834,35995,0
0.5,HUMIGERA,"[49, 53, 68, 90, 101, 106, 147, 263, 301, 358, 381, 399, 437, 487, 529, 548, 614, 618, 627, 683, 715, 818, 831, 853, 908, 915, 1016, 1058, 1072, 1089, 1093, 1097, 1261, 1319, 1342, 1403, 1418, 1422, 1425, 1444, 1507, 1601, 1610, 1664, 1753, 1789, 1797, 1835, 2015, 2130, 2141, 2173, 2235, 2358, 2427, 2480, 2569, 2574, 2578, 2596, 2740, 2867, 2912, 2925, 2948, 3014, 3051, 3075, 3085, 3105, 3141, 3177, 3189, 3203, 3266, 3297, 3309, 3340, 3396, 3416, 3444, 3459, 3465, 3471, 3600, 3683, 3761, 3845, 4042, 4098, 4124, 4253, 4299, 4365, 4407, 4527, 4653, 4672, 4792, 4892, 4939, 4942, 4971, 4979, 5005, 5024, 5037, 5043, 5105, 5116, 5158, 5168, 5172, 5176, 5264, 5309, 5359, 5409, 5466, 5622, 5626, 5633, 5681, 5689, 5709, 5755, 5760, 5782, 5836, 5919, 5931, 6031, 6038, 6049, 6083, 6090, 6119, 6143, 6188, 6281, 6303, 6676, 6683, 6710, 6714, 6717, 6768, 6951, 6992, 7013, 7019, 7126, 7238, 7275, 7280, 7380, 7400, 7641]","[1342, 1797, 3105, 5168]","[49, 53, 68, 90, 101, 106, 147, 263, 301, 358, 381, 399, 437, 487, 529, 548, 614, 618, 627, 683, 715, 818, 831, 853, 908, 915, 1016, 1058, 1072, 1089, 1093, 1097, 1261, 1319, 1403, 1418, 1422, 1425, 1444, 1507, 1601, 1610, 1664, 1753, 1789, 1835, 2015, 2130, 2141, 2173, 2235, 2358, 2427, 2480, 2569, 2574, 2578, 2596, 2740, 2867, 2912, 2925, 2948, 3014, 3051, 3075, 3085, 3141, 3177, 3189, 3203, 3266, 3297, 3309, 3340, 3396, 3416, 3444, 3459, 3465, 3471, 3600, 3683, 3761, 3845, 4042, 4098, 4124, 4253, 4299, 4365, 4407, 4527, 4653, 4672, 4792, 4892, 4939, 4942, 4971, 4979, 5005, 5024, 5037, 5043, 5105, 5116, 5158, 5172, 5176, 5264, 5309, 5359, 5409, 5466, 5622, 5626, 5633, 5681, 5689, 5709, 5755, 5760, 5782, 5836, 5919, 5931, 6031, 6038, 6049, 6083, 6090, 6119, 6143, 6188, 6281, 6303, 6676, 6683, 6710, 6714, 6717, 6768, 6951, 6992, 7013, 7019, 7126, 7238, 7275, 7280, 7380, 7400, 7641]","[1342, 1797, 3105, 5168]",7651,158,7493,4,154,7493,0
0.5,HUMIL2RGA,"[5, 7, 11, 21, 24, 28, 41, 148, 203, 231, 240, 246, 259, 272, 299, 316, 321, 512, 643, 669, 735, 772, 776, 801, 817, 840, 851, 855, 892, 943, 976, 1017, 1128, 1146, 1166, 1210, 1232, 1260, 1335, 1378, 1440, 1445, 1476, 1480, 1492, 1498, 1519, 1646, 1733, 1738, 1784, 1810, 1859, 1880, 1884, 1914, 1941, 1957, 1980, 2035, 2087, 2091, 2103, 2162, 2176, 2357, 2402, 2505, 2562, 2567, 2572, 2589, 2621, 2643, 2683, 2718, 2783, 2794, 2823, 2841, 2857, 2870, 2884, 3009, 3031, 3068, 3111, 3126, 3130, 3153, 3158, 3229, 3278, 3353, 3421, 3423, 3429, 3470, 3528, 3565, 3599, 3631, 3718, 3760, 3777, 3781, 3929, 3942, 4026]","[203, 735, 1128, 1476, 2402, 3031, 3353]","[5, 7, 11, 21, 24, 28, 41, 148, 231, 240, 246, 259, 272, 299, 316, 321, 512, 643, 669, 772, 776, 801, 817, 840, 851, 855, 892, 943, 976, 1017, 1146, 1166, 1210, 1232, 1260, 1335, 1378, 1440, 1445, 1480, 1492, 1498, 1519, 1646, 1733, 1738, 1784, 1810, 1859, 1880, 1884, 1914, 1941, 1957, 1980, 2035, 2087, 2091, 2103, 2162, 2176, 2357, 2505, 2562, 2567, 2572, 2589, 2621, 2643, 2683, 2718, 2783, 2794, 2823, 2841, 2857, 2870, 2884, 3009, 3068, 3111, 3126, 3130, 3153, 3158, 3229, 3278, 3421, 3423, 3429, 3470, 3528, 3565, 3599, 3631, 3718, 3760, 3777, 3781, 3929, 3942, 4026]","[203, 735, 1128, 1476, 2402, 3031, 3353]",4030,109,3921,7,102,3921,0
0.5,HUMIL4A,"[28, 31, 59, 67, 126, 149, 162, 189, 239, 290, 295, 328, 353, 365, 399, 407, 491, 588, 596, 687, 705, 722, 913, 930, 957, 961, 989, 1006, 1023, 1041, 1112, 1220, 1248, 1306, 1310, 1344, 1405, 1408, 1412, 1466, 1470, 1496, 1529, 1536, 1599, 1626, 1644, 1735, 1823, 1918, 2021, 2072, 2187, 2265, 2360, 2499, 2509, 2726, 2794, 2810, 2931, 2969, 2971, 2973, 2975, 2977, 2979, 2981, 2983, 2985, 2997, 2999, 3001, 3003, 3017, 3021, 3035, 3045, 3047, 3049, 3051, 3053, 3055, 3057, 3059, 3061, 3063, 3065, 3067, 3069, 3135, 3161, 3234, 3254, 3301, 3354, 3368, 3380, 3391, 3414, 3433, 3469, 3507, 3581, 3825, 3858, 3861, 3877, 3974, 4037, 4046, 4052, 4089, 4131, 4139, 4295, 4326, 4335, 4347, 4460, 4465, 4483, 4538, 4541, 4602, 4771, 4830, 4837, 4906, 4997, 5071, 5081, 5094, 5176, 5346, 5426, 5432, 5439, 5457, 5486, 5499, 5501, 5549, 5558, 5564, 5595, 5634, 5714, 5720, 5734, 5766, 5803, 5823, 5902, 5923, 5952, 6257, 6296, 6427, 6460, 6483, 6490, 6525, 6557, 6600, 6702, 6914, 7003, 7015, 7037, 7047, 7152, 7159, 7171, 7256, 7274, 7350, 7433, 7472, 7486, 7498, 7514, 7518, 7525, 7574, 7617, 7633, 7646, 7661, 7666, 7726, 7748, 7796, 7818, 7866, 7888, 7915, 7974, 7981, 8041, 8045, 8093, 8129, 8135, 8140, 8159, 8165, 8179, 8208, 8316, 8355, 8362, 8384, 8391, 8407, 8446, 8461, 8466, 8490, 8512, 8523, 8558, 8578, 8605, 8675, 8686, 8706, 8713, 8845, 8884, 9000, 9088, 9125, 9161, 9169, 9246, 9262, 9292, 9310, 9369, 9375, 9382, 9400, 9407, 9461, 9501, 9508, 9516, 9530, 9603, 9622, 9767, 9801, 9836]","[1306, 1626, 7003]","[28, 31, 59, 67, 126, 149, 162, 189, 239, 290, 295, 328, 353, 365, 399, 407, 491, 588, 596, 687, 705, 722, 913, 930, 957, 961, 989, 1006, 1023, 1041, 1112, 1220, 1248, 1310, 1344, 1405, 1408, 1412, 1466, 1470, 1496, 1529, 1536, 1599, 1644, 1735, 1823, 1918, 2021, 2072, 2187, 2265, 2360, 2499, 2509, 2726, 2794, 2810, 2931, 2969, 2971, 2973, 2975, 2977, 2979, 2981, 2983, 2985, 2997, 2999, 3001, 3003, 3017, 3021, 3035, 3045, 3047, 3049, 3051, 3053, 3055, 3057, 3059, 3061, 3063, 3065, 3067, 3069, 3135, 3161, 3234, 3254, 3301, 3354, 3368, 3380, 3391, 3414, 3433, 3469, 3507, 3581, 3825, 3858, 3861, 3877, 3974, 4037, 4046, 4052, 4089, 4131, 4139, 4295, 4326, 4335, 4347, 4460, 4465, 4483, 4538, 4541, 4602, 4771, 4830, 4837, 4906, 4997, 5071, 5081, 5094, 5176, 5346, 5426, 5432, 5439, 5457, 5486, 5499, 5501, 5549, 5558, 5564, 5595, 5634, 5714, 5720, 5734, 5766, 5803, 5823, 5902, 5923, 5952, 6257, 6296, 6427, 6460, 6483, 6490, 6525, 6557, 6600, 6702, 6914, 7015, 7037, 7047, 7152, 7159, 7171, 7256, 7274, 7350, 7433, 7472, 7486, 7498, 7514, 7518, 7525, 7574, 7617, 7633, 7646, 7661, 7666, 7726, 7748, 7796, 7818, 7866, 7888, 7915, 7974, 7981, 8041, 8045, 8093, 8129, 8135, 8140, 8159, 8165, 8179, 8208, 8316, 8355, 8362, 8384, 8391, 8407, 8446, 8461, 8466, 8490, 8512, 8523, 8558, 8578, 8605, 8675, 8686, 8706, 8713, 8845, 8884, 9000, 9088, 9125, 9161, 9169, 9246, 9262, 9292, 9310, 9369, 9375, 9382, 9400, 9407, 9461, 9501, 9508, 9516, 9530, 9603, 9622, 9767, 9801, 9836]","[1306, 1626, 7003]",9892,254,9638,3,251,9638,0
0.5,HUMIRBPG,"[153, 157, 208, 341, 358, 499, 509, 514, 529, 553, 580, 589, 591, 655, 712, 772, 786, 791, 889, 964, 995, 1011, 1027, 1037, 1039, 1156, 1163, 1165, 1210, 1285, 1402, 1420, 1422, 1426, 1441, 1487, 1516, 1518, 1591, 1730, 1819, 1823, 1861, 1903, 1949, 1952, 1960, 1975, 2011, 2044, 2092, 2095, 2108, 2203, 2251, 2254, 2338, 2395, 2404, 2419, 2428, 2443, 2461, 2553, 2593, 2611, 2725, 2761, 2776, 2858, 2878, 2927, 2935, 2944, 2968, 3026, 3049, 3181, 3221, 3263, 3267, 3312, 3355, 3400, 3404, 3412, 3543, 3550, 3575, 3603, 3610, 3631, 3696, 3757, 3776, 3837, 3841, 3861, 3901, 3995, 4037, 4070, 4074, 4079, 4084, 4112, 4206, 4321, 4331, 4337, 4397, 4464, 4466, 4542, 4548, 4554, 4580, 4599, 4606, 4612, 4665, 4672, 4677, 4686, 4736, 4740, 4836, 4860, 4893, 4944, 4981, 5020, 5049, 5069, 5086, 5101, 5157, 5171, 5252, 5340, 5356, 5378, 5389, 5439, 5556, 5568, 5575, 5579, 5660, 5792, 5800, 5838, 5845, 5853, 5935, 6075, 6145, 6147, 6303, 6337, 6349, 6439, 6463, 6471, 6592, 6673, 6741, 6766, 6975, 7028, 7126, 7130, 7156, 7160, 7232, 7234, 7238, 7250, 7261, 7322, 7429, 7564, 7586, 7609, 7724, 7755, 7759, 7818, 7826, 7868, 7926, 7948, 8115, 8124, 8126, 8131, 8142, 8147, 8224, 8367, 8424, 8435, 8440, 8563, 8713, 8766, 8811, 8813, 8885, 8892, 8924, 8969, 9002, 9008, 9086, 9118, 9193, 9208, 9244, 9262, 9288, 9308, 9367, 9381, 9396, 9450, 9666, 9678, 9683, 9691]","[3181, 5157, 7160]","[153, 157, 208, 341, 358, 499, 509, 514, 529, 553, 580, 589, 591, 655, 712, 772, 786, 791, 889, 964, 995, 1011, 1027, 1037, 1039, 1156, 1163, 1165, 1210, 1285, 1402, 1420, 1422, 1426, 1441, 1487, 1516, 1518, 1591, 1730, 1819, 1823, 1861, 1903, 1949, 1952, 1960, 1975, 2011, 2044, 2092, 2095, 2108, 2203, 2251, 2254, 2338, 2395, 2404, 2419, 2428, 2443, 2461, 2553, 2593, 2611, 2725, 2761, 2776, 2858, 2878, 2927, 2935, 2944, 2968, 3026, 3049, 3221, 3263, 3267, 3312, 3355, 3400, 3404, 3412, 3543, 3550, 3575, 3603, 3610, 3631, 3696, 3757, 3776, 3837, 3841, 3861, 3901, 3995, 4037, 4070, 4074, 4079, 4084, 4112, 4206, 4321, 4331, 4337, 4397, 4464, 4466, 4542, 4548, 4554, 4580, 4599, 4606, 4612, 4665, 4672, 4677, 4686, 4736, 4740, 4836, 4860, 4893, 4944, 4981, 5020, 5049, 5069, 5086, 5101, 5171, 5252, 5340, 5356, 5378, 5389, 5439, 5556, 5568, 5575, 5579, 5660, 5792, 5800, 5838, 5845, 5853, 5935, 6075, 6145, 6147, 6303, 6337, 6349, 6439, 6463, 6471, 6592, 6673, 6741, 6766, 6975, 7028, 7126, 7130, 7156, 7232, 7234, 7238, 7250, 7261, 7322, 7429, 7564, 7586, 7609, 7724, 7755, 7759, 7818, 7826, 7868, 7926, 7948, 8115, 8124, 8126, 8131, 8142, 8147, 8224, 8367, 8424, 8435, 8440, 8563, 8713, 8766, 8811, 8813, 8885, 8892, 8924, 8969, 9002, 9008, 9086, 9118, 9193, 9208, 9244, 9262, 9288, 9308, 9367, 9381, 9396, 9450, 9666, 9678, 9683, 9691]","[3181, 5157, 7160]",9703,230,9473,3,227,9473,0
0.5,HUMLHDC,"[12, 101, 160, 166, 258, 262, 304, 309, 354, 451, 458, 477, 654, 697, 757, 766, 791, 820, 843, 925, 931, 941, 990, 1011, 1031, 1075, 1188, 1306, 1311, 1326, 1369, 1382, 1456, 1462, 1551, 1635, 1662, 1697, 1727, 1763, 1792, 1804, 1809, 1950, 2026, 2083, 2138, 2165, 2194, 2219, 2285, 2327, 2371, 2546, 2549, 2562, 2628, 2753, 2802, 2859, 2936, 3070, 3086, 3092, 3529, 3546, 3551, 3564, 3595, 3633, 3697, 3702, 3735, 3785, 3820, 3876, 3959, 3963, 4086, 4192, 4436, 4470, 4533, 4592, 4598, 4641, 4876, 4897, 4925, 4935, 5063, 5190, 5212, 5217, 5295, 5302, 5415, 5520, 5524, 5561, 5574, 5597, 5691, 5714, 5735, 5778, 5781, 5797, 5813, 5821, 5833, 5881, 5931, 6016, 6047, 6095, 6126, 6140, 6172, 6217, 6230, 6251, 6257, 6289, 6295, 6432, 6468, 6492, 6593, 6601, 6712, 6726, 6793, 7185, 7234, 7283, 7357, 7401, 7415, 7475, 7479, 7493, 7498, 7574, 7587, 7657, 7775, 7819, 7821, 7874, 7878, 7889, 7949, 7953, 8024, 8028, 8060, 8144, 8171, 8200, 8238, 8277, 8345, 8363, 8579, 8624, 8658, 8690, 8728, 8814, 8890, 8894, 8896, 8898, 8902, 8992, 9169, 9317, 9392, 9424, 9451, 9478, 9550, 9560, 9611, 9628, 9641, 9654, 9656, 9668, 9773, 9783, 9823, 9827, 9830, 9856, 9925, 9947, 9997, 10059, 10081, 10089, 10122, 10127, 10150, 10153, 10192, 10230, 10261, 10269, 10274, 10292, 10326, 10331, 10400, 10421, 10486, 10489, 10512, 10530, 10584, 10595, 10717, 10761, 10795, 10799, 10809, 10949, 10988, 11022, 11053, 11067, 11143, 11156, 11183, 11215, 11221, 11294, 11321, 11346, 11400, 11444, 11591, 11645, 11652, 11674, 11685, 11703, 11713, 11761, 11765, 11770, 11774, 11797, 11801, 11886, 11932, 12131, 12187, 12209, 12234, 12252, 12258, 12285, 12323, 12347, 12354, 12358, 12416, 12435, 12454, 12464, 12504, 12597, 12607, 12635, 12639, 12644, 12703, 12713, 12744, 12756, 12834, 12837, 12847, 12947, 12953, 13017, 13049, 13062, 13074, 13087, 13182, 13195, 13241, 13246, 13302, 13365, 13375, 13393, 13467, 13584, 13608, 13628, 13676, 13768, 14004, 14034, 14066, 14093, 14169, 14173, 14188, 14329, 14381, 14398, 14461, 14491, 14494, 14605, 14621, 14643, 14656, 14791, 14807, 14811, 14907, 15039, 15091, 15095, 15099, 15103, 15113, 15330, 15403, 15430, 15477, 15508, 15584, 15769, 15824, 15840, 15896, 15970, 16003, 16099, 16129, 16240, 16252, 16327, 16364, 16369, 16376, 16409, 16447, 16490, 16670, 16729, 16774, 16781, 16920, 16925, 16934, 16944, 16988, 17017, 17022, 17033, 17085, 17221, 17237, 17348, 17363, 17443, 17467, 17536, 17581, 17614, 17628, 17771, 17782, 17882, 17980, 17995, 18002, 18039, 18091, 18253, 18257, 18318, 18382, 18413, 18417, 18464, 18468, 18519, 18587, 18619, 18663, 18677, 18770, 18782, 18827, 18855, 18900, 18919, 18932, 18953, 19019, 19059, 19067, 19108, 19140, 19164, 19171, 19245, 19272, 19292, 19312, 19452, 19500, 19518, 19553, 19588, 19630, 19632, 19687, 19692, 19809, 19829, 19835, 19852, 19884, 19921, 19951, 20075, 20118, 20137, 20143, 20195, 20231, 20274, 20287, 20300, 20392, 20403, 20426, 20428, 20482, 20508, 20518, 20525, 20534, 20559, 20564, 20710, 20774, 20841, 20857, 20917, 20933, 20957, 20962, 21188, 21206, 21260, 21332, 21349, 21359, 21399, 21414, 21487, 21519, 21524, 21545, 21570, 21579, 21593, 21652, 21661, 21665, 21720, 21734, 21813, 21842, 21867, 21883, 22046, 22066, 22069, 22090, 22140, 22196, 22219, 22223, 22236, 22238, 22351, 22435, 22441, 22581, 22659, 22741, 22928, 22943, 22985, 23008, 23070, 23120, 23130, 23246, 23293, 23414, 23428, 23450, 23457, 23463, 23475, 23496, 23517, 23555, 23600, 23619, 23696, 23701, 23789, 23816, 23866, 23871, 23912, 24017, 24054, 24059, 24074, 24086, 24116, 24133, 24224, 24232, 24296, 24318, 24357, 24380, 24453, 24517, 24593, 24614, 24618, 24636, 24657, 24666, 24683, 24767, 24780, 24929, 24946, 24970, 24985, 24987, 25000, 25106, 25119, 25206, 25233, 25246, 25366, 25405, 25479, 25488, 25563, 25569, 25614, 25622, 25685, 25698, 25846, 25889, 25895, 25905, 25980, 25984, 26105, 26119, 26123, 26129, 26136, 26184, 26511, 26636, 26660, 26714, 26756, 26909, 27031, 27053, 27058, 27104, 27214, 27266, 27421, 27550, 27563, 27596, 27613, 27625, 27642, 27699, 27729, 27752, 27789, 27794, 27808, 27814, 27882, 27902, 27930, 28003, 28034, 28067, 28086, 28133, 28162, 28177, 28191, 28207, 28219, 28321, 28334, 28343, 28399, 28411, 28446, 28459, 28462, 28468, 28493, 28499, 28537, 28565, 28577, 28579, 28633, 28671, 28675, 28843, 28897, 28923, 28947, 28983, 29038, 29075, 29088, 29112, 29144, 29151, 29161, 29174, 29183, 29356, 29456, 29467, 29564, 29672, 29704, 29755, 29773, 29798, 29815, 29869, 30012, 30091, 30100, 30123, 30151, 30185, 30189, 30193, 30247, 30249, 30387, 30408, 30430, 30438, 30474, 30498, 30515, 30547, 30700, 30717, 30742, 30867, 30871, 30888, 30917, 31060, 31137, 31151, 31179, 31191, 31239, 31264, 31305, 31391, 31426, 31491, 31526, 31558, 31578, 31621, 31630, 31663, 31678, 31690, 31702, 31734, 31819, 31856, 31868, 31900, 32122, 32156, 32160, 32168, 32236, 32325, 32346]","[7415, 9773, 14605, 15584, 18382, 18782, 19312, 20300, 20482, 24666, 29773]","[12, 101, 160, 166, 258, 262, 304, 309, 354, 451, 458, 477, 654, 697, 757, 766, 791, 820, 843, 925, 931, 941, 990, 1011, 1031, 1075, 1188, 1306, 1311, 1326, 1369, 1382, 1456, 1462, 1551, 1635, 1662, 1697, 1727, 1763, 1792, 1804, 1809, 1950, 2026, 2083, 2138, 2165, 2194, 2219, 2285, 2327, 2371, 2546, 2549, 2562, 2628, 2753, 2802, 2859, 2936, 3070, 3086, 3092, 3529, 3546, 3551, 3564, 3595, 3633, 3697, 3702, 3735, 3785, 3820, 3876, 3959, 3963, 4086, 4192, 4436, 4470, 4533, 4592, 4598, 4641, 4876, 4897, 4925, 4935, 5063, 5190, 5212, 5217, 5295, 5302, 5415, 5520, 5524, 5561, 5574, 5597, 5691, 5714, 5735, 5778, 5781, 5797, 5813, 5821, 5833, 5881, 5931, 6016, 6047, 6095, 6126, 6140, 6172, 6217, 6230, 6251, 6257, 6289, 6295, 6432, 6468, 6492, 6593, 6601, 6712, 6726, 6793, 7185, 7234, 7283, 7357, 7401, 7475, 7479, 7493, 7498, 7574, 7587, 7657, 7775, 7819, 7821, 7874, 7878, 7889, 7949, 7953, 8024, 8028, 8060, 8144, 8171, 8200, 8238, 8277, 8345, 8363, 8579, 8624, 8658, 8690, 8728, 8814, 8890, 8894, 8896, 8898, 8902, 8992, 9169, 9317, 9392, 9424, 9451, 9478, 9550, 9560, 9611, 9628, 9641, 9654, 9656, 9668, 9783, 9823, 9827, 9830, 9856, 9925, 9947, 9997, 10059, 10081, 10089, 10122, 10127, 10150, 10153, 10192, 10230, 10261, 10269, 10274, 10292, 10326, 10331, 10400, 10421, 10486, 10489, 10512, 10530, 10584, 10595, 10717, 10761, 10795, 10799, 10809, 10949, 10988, 11022, 11053, 11067, 11143, 11156, 11183, 11215, 11221, 11294, 11321, 11346, 11400, 11444, 11591, 11645, 11652, 11674, 11685, 11703, 11713, 11761, 11765, 11770, 11774, 11797, 11801, 11886, 11932, 12131, 12187, 12209, 12234, 12252, 12258, 12285, 12323, 12347, 12354, 12358, 12416, 12435, 12454, 12464, 12504, 12597, 12607, 12635, 12639, 12644, 12703, 12713, 12744, 12756, 12834, 12837, 12847, 12947, 12953, 13017, 13049, 13062, 13074, 13087, 13182, 13195, 13241, 13246, 13302, 13365, 13375, 13393, 13467, 13584, 13608, 13628, 13676, 13768, 14004, 14034, 14066, 14093, 14169, 14173, 14188, 14329, 14381, 14398, 14461, 14491, 14494, 14621, 14643, 14656, 14791, 14807, 14811, 14907, 15039, 15091, 15095, 15099, 15103, 15113, 15330, 15403, 15430, 15477, 15508, 15769, 15824, 15840, 15896, 15970, 16003, 16099, 16129, 16240, 16252, 16327, 16364, 16369, 16376, 16409, 16447, 16490, 16670, 16729, 16774, 16781, 16920, 16925, 16934, 16944, 16988, 17017, 17022, 17033, 17085, 17221, 17237, 17348, 17363, 17443, 17467, 17536, 17581, 17614, 17628, 17771, 17782, 17882, 17980, 17995, 18002, 18039, 18091, 18253, 18257, 18318, 18413, 18417, 18464, 18468, 18519, 18587, 18619, 18663, 18677, 18770, 18827, 18855, 18900, 18919, 18932, 18953, 19019, 19059, 19067, 19108, 19140, 19164, 19171, 19245, 19272, 19292, 19452, 19500, 19518, 19553, 19588, 19630, 19632, 19687, 19692, 19809, 19829, 19835, 19852, 19884, 19921, 19951, 20075, 20118, 20137, 20143, 20195, 20231, 20274, 20287, 20392, 20403, 20426, 20428, 20508, 20518, 20525, 20534, 20559, 20564, 20710, 20774, 20841, 20857, 20917, 20933, 20957, 20962, 21188, 21206, 21260, 21332, 21349, 21359, 21399, 21414, 21487, 21519, 21524, 21545, 21570, 21579, 21593, 21652, 21661, 21665, 21720, 21734, 21813, 21842, 21867, 21883, 22046, 22066, 22069, 22090, 22140, 22196, 22219, 22223, 22236, 22238, 22351, 22435, 22441, 22581, 22659, 22741, 22928, 22943, 22985, 23008, 23070, 23120, 23130, 23246, 23293, 23414, 23428, 23450, 23457, 23463, 23475, 23496, 23517, 23555, 23600, 23619, 23696, 23701, 23789, 23816, 23866, 23871, 23912, 24017, 24054, 24059, 24074, 24086, 24116, 24133, 24224, 24232, 24296, 24318, 24357, 24380, 24453, 24517, 24593, 24614, 24618, 24636, 24657, 24683, 24767, 24780, 24929, 24946, 24970, 24985, 24987, 25000, 25106, 25119, 25206, 25233, 25246, 25366, 25405, 25479, 25488, 25563, 25569, 25614, 25622, 25685, 25698, 25846, 25889, 25895, 25905, 25980, 25984, 26105, 26119, 26123, 26129, 26136, 26184, 26511, 26636, 26660, 26714, 26756, 26909, 27031, 27053, 27058, 27104, 27214, 27266, 27421, 27550, 27563, 27596, 27613, 27625, 27642, 27699, 27729, 27752, 27789, 27794, 27808, 27814, 27882, 27902, 27930, 28003, 28034, 28067, 28086, 28133, 28162, 28177, 28191, 28207, 28219, 28321, 28334, 28343, 28399, 28411, 28446, 28459, 28462, 28468, 28493, 28499, 28537, 28565, 28577, 28579, 28633, 28671, 28675, 28843, 28897, 28923, 28947, 28983, 29038, 29075, 29088, 29112, 29144, 29151, 29161, 29174, 29183, 29356, 29456, 29467, 29564, 29672, 29704, 29755, 29798, 29815, 29869, 30012, 30091, 30100, 30123, 30151, 30185, 30189, 30193, 30247, 30249, 30387, 30408, 30430, 30438, 30474, 30498, 30515, 30547, 30700, 30717, 30742, 30867, 30871, 30888, 30917, 31060, 31137, 31151, 31179, 31191, 31239, 31264, 31305, 31391, 31426, 31491, 31526, 31558, 31578, 31621, 31630, 31663, 31678, 31690, 31702, 31734, 31819, 31856, 31868, 31900, 32122, 32156, 32160, 32168, 32236, 32325, 32346]","[7415, 9773, 14605, 15584, 18382, 18782, 19312, 20300, 20482, 24666, 29773]",32343,726,31617,11,715,31617,0
0.5,HUMLUCT,"[38, 49, 51, 74, 108, 179, 218, 324, 538, 675, 728, 787, 808, 819, 875, 893, 1000, 1095, 1175, 1228, 1253, 1255, 1267, 1337, 1353, 1358, 1476, 1480, 1542, 1544, 1550, 1594, 1631, 1731, 1780, 1800, 1818, 1877, 1980, 2071, 2176, 2216, 2308, 2323, 2369, 2405, 2464, 2505, 2562, 2587, 2658, 2778, 2829, 2861, 2919, 2962, 3004, 3008, 3089]","[1550, 2505, 2861]","[38, 49, 51, 74, 108, 179, 218, 324, 538, 675, 728, 787, 808, 819, 875, 893, 1000, 1095, 1175, 1228, 1253, 1255, 1267, 1337, 1353, 1358, 1476, 1480, 1542, 1544, 1594, 1631, 1731, 1780, 1800, 1818, 1877, 1980, 2071, 2176, 2216, 2308, 2323, 2369, 2405, 2464, 2562, 2587, 2658, 2778, 2829, 2919, 2962, 3004, 3008, 3089]","[1550, 2505, 2861]",3288,59,3229,3,56,3229,0
0.5,HUMLYTOXBB,"[164, 181, 282, 393, 397, 456, 492, 524, 540, 599, 633, 660, 675, 677, 813, 839, 855, 975, 981, 1097, 1126, 1195, 1235, 1317, 1324, 1357, 1361, 1383, 1395, 1430, 1472, 1476, 1511, 1515, 1695, 1731, 1783, 1839, 1873, 1915, 1917, 2056, 2109, 2115, 2157, 2184, 2188, 2195, 2202, 2275, 2284, 2407, 2641, 2657, 2672, 2674, 2694, 2702, 2717, 2734, 2800, 2859, 2877, 2898, 2934, 2957, 3048, 3092, 3150, 3172, 3207, 3209, 3223, 3229, 3274, 3280, 3312, 3330, 3376, 3503, 3516, 3631, 3660, 3675, 3759, 3808, 4006, 4160, 4214, 4234, 4298, 4307, 4333, 4348, 4358, 4376, 4402, 4430, 4466, 4472, 4477, 4491, 4498, 4504, 4508, 4547, 4558, 4618, 4665, 4669, 4677, 4697, 4738, 4765, 4830, 4935, 4948, 5005, 5220, 5277, 5291, 5345, 5349, 5355, 5359, 5374, 5435, 5530, 5553, 5655, 5681, 5705, 5797, 5831, 5953, 6014, 6032, 6112, 6167, 6179]","[2934, 3376, 3631]","[164, 181, 282, 393, 397, 456, 492, 524, 540, 599, 633, 660, 675, 677, 813, 839, 855, 975, 981, 1097, 1126, 1195, 1235, 1317, 1324, 1357, 1361, 1383, 1395, 1430, 1472, 1476, 1511, 1515, 1695, 1731, 1783, 1839, 1873, 1915, 1917, 2056, 2109, 2115, 2157, 2184, 2188, 2195, 2202, 2275, 2284, 2407, 2641, 2657, 2672, 2674, 2694, 2702, 2717, 2734, 2800, 2859, 2877, 2898, 2957, 3048, 3092, 3150, 3172, 3207, 3209, 3223, 3229, 3274, 3280, 3312, 3330, 3503, 3516, 3660, 3675, 3759, 3808, 4006, 4160, 4214, 4234, 4298, 4307, 4333, 4348, 4358, 4376, 4402, 4430, 4466, 4472, 4477, 4491, 4498, 4504, 4508, 4547, 4558, 4618, 4665, 4669, 4677, 4697, 4738, 4765, 4830, 4935, 4948, 5005, 5220, 5277, 5291, 5345, 5349, 5355, 5359, 5374, 5435, 5530, 5553, 5655, 5681, 5705, 5797, 5831, 5953, 6014, 6032, 6112, 6167, 6179]","[2934, 3376, 3631]",6297,140,6157,3,137,6157,0
0.5,HUMMCHEMP,"[91, 159, 280, 337, 351, 674, 749, 790, 812, 867, 968, 984, 988, 992, 1030, 1065, 1077, 1084, 1141, 1167, 1189, 1208, 1328, 1528, 1585, 1590, 1666, 1693, 1701, 1737, 1765, 1802, 1899, 2004, 2023, 2182, 2201, 2252, 2500, 2511, 2514, 2540, 2621, 2646]","[674, 1590]","[91, 159, 280, 337, 351, 749, 790, 812, 867, 968, 984, 988, 992, 1030, 1065, 1077, 1084, 1141, 1167, 1189, 1208, 1328, 1528, 1585, 1666, 1693, 1701, 1737, 1765, 1802, 1899, 2004, 2023, 2182, 2201, 2252, 2500, 2511, 2514, 2540, 2621, 2646]","[674, 1590]",2756,44,2712,2,42,2712,0
0.5,HUMMET2,"[58, 112, 114, 264, 314, 432, 438, 487, 505, 565, 601, 603, 615, 629, 643, 664, 683, 685, 798, 866, 896, 985, 1109, 1128, 1167, 1233, 1357, 1394, 1456, 1463, 1470, 1509, 1553, 1604, 1641]","[866, 1233]","[58, 112, 114, 264, 314, 432, 438, 487, 505, 565, 601, 603, 615, 629, 643, 664, 683, 685, 798, 896, 985, 1109, 1128, 1167, 1357, 1394, 1456, 1463, 1470, 1509, 1553, 1604, 1641]","[866, 1233]",1695,35,1660,2,33,1660,0
0.5,HUMMGPA,"[4, 147, 185, 333, 337, 845, 973, 1045, 1050, 1213, 1278, 1288, 1299, 1325, 1355, 1375, 1380, 1465, 1531, 1566, 1628, 1723, 1777, 1829, 2041, 2127, 2187, 2295, 2429, 2444, 2464, 2477, 2484, 2515, 2530, 2556, 2598, 2641, 2707, 2749, 2954, 2979, 3022, 3047, 3076, 3091, 3121, 3137, 3191, 3199, 3204, 3212, 3497, 3516, 3632, 3748, 3758, 3847, 3864, 3906, 3911, 4484, 4493, 4500, 4544, 4586, 4727, 4965, 5093, 5219, 5388, 5401, 5425, 5461, 5540, 5548, 5584, 5725, 5752, 5900, 5977, 6006, 6334, 6338, 6399, 6629, 6633, 6637, 6700, 6717, 6737, 6791, 6825, 6852, 7072, 7230, 7279, 7330, 7339, 7349, 7401, 7419, 7603, 7617, 7644]","[3516, 5093, 6334]","[4, 147, 185, 333, 337, 845, 973, 1045, 1050, 1213, 1278, 1288, 1299, 1325, 1355, 1375, 1380, 1465, 1531, 1566, 1628, 1723, 1777, 1829, 2041, 2127, 2187, 2295, 2429, 2444, 2464, 2477, 2484, 2515, 2530, 2556, 2598, 2641, 2707, 2749, 2954, 2979, 3022, 3047, 3076, 3091, 3121, 3137, 3191, 3199, 3204, 3212, 3497, 3632, 3748, 3758, 3847, 3864, 3906, 3911, 4484, 4493, 4500, 4544, 4586, 4727, 4965, 5219, 5388, 5401, 5425, 5461, 5540, 5548, 5584, 5725, 5752, 5900, 5977, 6006, 6338, 6399, 6629, 6633, 6637, 6700, 6717, 6737, 6791, 6825, 6852, 7072, 7230, 7279, 7330, 7339, 7349, 7401, 7419, 7603, 7617, 7644]","[3516, 5093, 6334]",7726,105,7621,3,102,7621,0
0.5,HUMMIF,"[71, 134, 201, 403, 418, 477, 521, 580, 700, 713, 717, 753, 825, 892, 903, 912, 997, 1056, 1096, 1105, 1129, 1133, 1188, 1200, 1215, 1281, 1310, 1394, 1433, 1469, 1479, 1529, 1601, 1643, 1775, 1893, 1960, 1988, 1999, 2014, 2123]","[1281, 1643]","[71, 134, 201, 403, 418, 477, 521, 580, 700, 713, 717, 753, 825, 892, 903, 912, 997, 1056, 1096, 1105, 1129, 1133, 1188, 1200, 1215, 1310, 1394, 1433, 1469, 1479, 1529, 1601, 1775, 1893, 1960, 1988, 1999, 2014, 2123]","[1281, 1643]",2159,41,2118,2,39,2118,0
0.5,HUMMIS,"[86, 114, 135, 304, 379, 424, 427, 469, 514, 527, 601, 623, 627, 669, 762, 778, 837, 1169, 1214, 1295, 1300, 1322, 1328, 1350, 1358, 1381, 1420, 1427, 1441, 1474, 1489, 1572, 1639, 1649, 1710, 1739, 1824, 1867, 1887, 2044, 2142, 2253, 2262, 2287, 2336, 2458, 2492, 2535, 2557, 2581, 2623, 2625, 2671, 2674, 2699, 2731, 2769, 2797, 2809, 2820, 2832, 2962, 2968, 2980, 3020, 3029, 3093]","[623, 1358, 1639, 1887]","[86, 114, 135, 304, 379, 424, 427, 469, 514, 527, 601, 627, 669, 762, 778, 837, 1169, 1214, 1295, 1300, 1322, 1328, 1350, 1381, 1420, 1427, 1441, 1474, 1489, 1572, 1649, 1710, 1739, 1824, 1867, 2044, 2142, 2253, 2262, 2287, 2336, 2458, 2492, 2535, 2557, 2581, 2623, 2625, 2671, 2674, 2699, 2731, 2769, 2797, 2809, 2820, 2832, 2962, 2968, 2980, 3020, 3029, 3093]","[623, 1358, 1639, 1887]",3092,67,3025,4,63,3025,0
0.5,HUMMKXX,"[14, 78, 89, 176, 215, 225, 282, 471, 523, 614, 664, 679, 681, 706, 860, 870, 876, 915, 940, 1040, 1108, 1168, 1249, 1264, 1290, 1399, 1415, 1532, 1563, 1565, 1574, 1600, 1609, 1652, 1699, 1706, 1737, 1750, 1867, 1887, 1891, 1893, 2019, 2039, 2078, 2202, 2315, 2344, 2376, 2409, 2442, 2463, 2493, 2605, 2658, 2676, 2687, 2708, 2792, 2839, 2850, 2867, 2935, 2985, 3134, 3142, 3162, 3172, 3191, 3194, 3198, 3262]","[1415, 1737, 2019]","[14, 78, 89, 176, 215, 225, 282, 471, 523, 614, 664, 679, 681, 706, 860, 870, 876, 915, 940, 1040, 1108, 1168, 1249, 1264, 1290, 1399, 1532, 1563, 1565, 1574, 1600, 1609, 1652, 1699, 1706, 1750, 1867, 1887, 1891, 1893, 2039, 2078, 2202, 2315, 2344, 2376, 2409, 2442, 2463, 2493, 2605, 2658, 2676, 2687, 2708, 2792, 2839, 2850, 2867, 2935, 2985, 3134, 3142, 3162, 3172, 3191, 3194, 3198, 3262]","[1415, 1737, 2019]",3300,72,3228,3,69,3228,0
0.5,HUMNKG5PRO,"[114, 129, 214, 247, 252, 290, 294, 298, 302, 345, 362, 366, 389, 593, 605, 666, 800, 843, 869, 881, 888, 964, 1055, 1060, 1073, 1118, 1150, 1195, 1208, 1265, 1306, 1315, 1379, 1383, 1439, 1505, 1543, 1644, 1689, 1743, 1811, 1818, 1865, 1896, 1921, 2010, 2016, 2037, 2076, 2091, 2100, 2179, 2262, 2345, 2357, 2431, 2513, 2567, 2589, 2628, 2639, 2715, 2719, 2721, 2788, 2915, 2927, 2940, 2944, 2978, 3111, 3139, 3168, 3190, 3215, 3271, 3283, 3288, 3306, 3314, 3366, 3387, 3503, 3519, 3580, 3584, 3617, 3750, 3783, 3830, 3848, 3904, 3912, 3947, 3982, 3992, 4022, 4030, 4048, 4065, 4085, 4115, 4192, 4290, 4389, 4457, 4473, 4475, 4592, 4594, 4688, 4955, 4968, 4993, 5043, 5135, 5149, 5153, 5180, 5200, 5235, 5281, 5323, 5327, 5340, 5379, 5435, 5448, 5468, 5472, 5480, 5505, 5574, 5651, 5662, 5692, 5694, 5744, 5798, 5804, 5806, 5856, 5908, 6019, 6043, 6072, 6227, 6237, 6246, 6251, 6256, 6278, 6422, 6563, 6576, 6582, 6599, 6625, 6632, 6672, 6704, 6711]","[2262, 3215, 3848, 5468]","[114, 129, 214, 247, 252, 290, 294, 298, 302, 345, 362, 366, 389, 593, 605, 666, 800, 843, 869, 881, 888, 964, 1055, 1060, 1073, 1118, 1150, 1195, 1208, 1265, 1306, 1315, 1379, 1383, 1439, 1505, 1543, 1644, 1689, 1743, 1811, 1818, 1865, 1896, 1921, 2010, 2016, 2037, 2076, 2091, 2100, 2179, 2345, 2357, 2431, 2513, 2567, 2589, 2628, 2639, 2715, 2719, 2721, 2788, 2915, 2927, 2940, 2944, 2978, 3111, 3139, 3168, 3190, 3271, 3283, 3288, 3306, 3314, 3366, 3387, 3503, 3519, 3580, 3584, 3617, 3750, 3783, 3830, 3904, 3912, 3947, 3982, 3992, 4022, 4030, 4048, 4065, 4085, 4115, 4192, 4290, 4389, 4457, 4473, 4475, 4592, 4594, 4688, 4955, 4968, 4993, 5043, 5135, 5149, 5153, 5180, 5200, 5235, 5281, 5323, 5327, 5340, 5379, 5435, 5448, 5472, 5480, 5505, 5574, 5651, 5662, 5692, 5694, 5744, 5798, 5804, 5806, 5856, 5908, 6019, 6043, 6072, 6227, 6237, 6246, 6251, 6256, 6278, 6422, 6563, 6576, 6582, 6599, 6625, 6632, 6672, 6704, 6711]","[2262, 3215, 3848, 5468]",6738,162,6576,4,158,6576,0
0.5,HUMNTRI,"[10, 163, 313, 422, 427, 459, 575, 581, 608, 639, 668, 739, 795, 803, 887, 893, 998, 1101, 1247, 1321, 1349, 1368, 1385, 1483, 1501, 1544, 1561, 1629, 1698, 1756, 1895, 1897, 1939, 1944, 1993, 2145, 2166, 2287, 2320, 2342, 2354, 2412, 2420, 2523, 2549, 2615, 2663, 2711, 2802, 2894, 3007, 3067, 3079, 3141, 3151, 3153, 3155, 3159, 3213, 3215, 3296, 3308, 3422, 3559, 3637, 3675]",[2802],"[10, 163, 313, 422, 427, 459, 575, 581, 608, 639, 668, 739, 795, 803, 887, 893, 998, 1101, 1247, 1321, 1349, 1368, 1385, 1483, 1501, 1544, 1561, 1629, 1698, 1756, 1895, 1897, 1939, 1944, 1993, 2145, 2166, 2287, 2320, 2342, 2354, 2412, 2420, 2523, 2549, 2615, 2663, 2711, 2894, 3007, 3067, 3079, 3141, 3151, 3153, 3155, 3159, 3213, 3215, 3296, 3308, 3422, 3559, 3637, 3675]",[2802],3702,66,3636,1,65,3636,0
0.5,HUMNTRIII,"[10, 163, 313, 319, 422, 427, 459, 575, 581, 608, 639, 668, 739, 795, 803, 842, 887, 893, 998, 1101, 1247, 1321, 1349, 1368, 1385, 1483, 1501, 1544, 1561, 1629, 1698, 1756, 1895, 1897, 1939, 1944, 1993, 2145, 2166, 2287, 2320, 2342, 2354, 2412, 2420, 2523, 2549, 2615, 2663, 2711, 2802, 2894, 3007, 3067, 3079, 3141, 3151, 3153, 3155, 3159, 3213, 3215, 3296, 3308, 3422, 3559, 3637, 3675]",[2802],"[10, 163, 313, 319, 422, 427, 459, 575, 581, 608, 639, 668, 739, 795, 803, 842, 887, 893, 998, 1101, 1247, 1321, 1349, 1368, 1385, 1483, 1501, 1544, 1561, 1629, 1698, 1756, 1895, 1897, 1939, 1944, 1993, 2145, 2166, 2287, 2320, 2342, 2354, 2412, 2420, 2523, 2549, 2615, 2663, 2711, 2894, 3007, 3067, 3079, 3141, 3151, 3153, 3155, 3159, 3213, 3215, 3296, 3308, 3422, 3559, 3637, 3675]",[2802],3702,68,3634,1,67,3634,0
0.5,HUMOSTP,"[65, 214, 229, 288, 304, 336, 371, 381, 461, 472, 482, 632, 682, 835, 963, 965, 970, 1107, 1144, 1361, 1509, 1549, 1572, 1581, 1588, 1614, 1659, 1805, 2039, 2067, 2075, 2089, 2096, 2098, 2102, 2150, 2152, 2162, 2215, 2219, 2300, 2358, 2442, 2506, 2524, 2622, 2669, 2674, 2750, 2833, 2845, 2995, 3007, 3013, 3054, 3123, 3127, 3154, 3163, 3257, 3287, 3364, 3372, 3385, 3411, 3467, 3498, 3509, 3513, 3568, 3587, 3618, 3657, 3712, 3723, 3734, 3774, 3808, 3820, 3890, 3909, 3933, 4045, 4049, 4102, 4126, 4139, 4145, 4155, 4230, 4259, 4426, 4438, 4440, 4442, 4476, 4530, 4605, 4632, 4738, 4896, 5013, 5144, 5176, 5203, 5316, 5345, 5386, 5433, 5446, 5680, 5856, 5862, 5960, 5987, 6004, 6014, 6064, 6140, 6149, 6220, 6222, 6232, 6322, 6327, 6388, 6406, 6420, 6437, 6480, 6496, 6522, 6679, 6710, 6808, 6878, 6907, 6909, 6926, 6986, 7127, 7239, 7391, 7445, 7684, 7813, 7897, 7901, 7906, 7946, 7959, 8035, 8287, 8312, 8349, 8520, 8642, 8785, 8832, 8836, 8884, 8889, 8901, 9032, 9040, 9099, 9159, 9183, 9201, 9278, 9305, 9312, 9372, 9437, 9630, 9693, 9813, 9848, 9850, 9874, 9888, 10010, 10025, 10030, 10032, 10074, 10156, 10233, 10293, 10325, 10352, 10365, 10617, 10776, 10785, 10814]","[3509, 3657, 6679, 6986, 8349]","[65, 214, 229, 288, 304, 336, 371, 381, 461, 472, 482, 632, 682, 835, 963, 965, 970, 1107, 1144, 1361, 1509, 1549, 1572, 1581, 1588, 1614, 1659, 1805, 2039, 2067, 2075, 2089, 2096, 2098, 2102, 2150, 2152, 2162, 2215, 2219, 2300, 2358, 2442, 2506, 2524, 2622, 2669, 2674, 2750, 2833, 2845, 2995, 3007, 3013, 3054, 3123, 3127, 3154, 3163, 3257, 3287, 3364, 3372, 3385, 3411, 3467, 3498, 3513, 3568, 3587, 3618, 3712, 3723, 3734, 3774, 3808, 3820, 3890, 3909, 3933, 4045, 4049, 4102, 4126, 4139, 4145, 4155, 4230, 4259, 4426, 4438, 4440, 4442, 4476, 4530, 4605, 4632, 4738, 4896, 5013, 5144, 5176, 5203, 5316, 5345, 5386, 5433, 5446, 5680, 5856, 5862, 5960, 5987, 6004, 6014, 6064, 6140, 6149, 6220, 6222, 6232, 6322, 6327, 6388, 6406, 6420, 6437, 6480, 6496, 6522, 6710, 6808, 6878, 6907, 6909, 6926, 7127, 7239, 7391, 7445, 7684, 7813, 7897, 7901, 7906, 7946, 7959, 8035, 8287, 8312, 8520, 8642, 8785, 8832, 8836, 8884, 8889, 8901, 9032, 9040, 9099, 9159, 9183, 9201, 9278, 9305, 9312, 9372, 9437, 9630, 9693, 9813, 9848, 9850, 9874, 9888, 10010, 10025, 10030, 10032, 10074, 10156, 10233, 10293, 10325, 10352, 10365, 10617, 10776, 10785, 10814]","[3509, 3657, 6679, 6986, 8349]",10714,196,10518,5,191,10518,0
0.5,HUMPAP,"[167, 194, 440, 457, 550, 593, 641, 659, 673, 747, 1012, 1128, 1157, 1202, 1257, 1262, 1268, 1361, 1410, 1481, 1490, 1495, 1556, 1567, 1582, 1620, 1644, 1676, 1680, 1690, 1721, 1737, 1746, 1774, 1792, 1897, 1909, 1970, 2089, 2096, 2115, 2122, 2237, 2309, 2322, 2354, 2367, 2414, 2420, 2450, 2485, 2500, 2592, 2963, 3062, 3080, 3085, 3143, 3167, 3225, 3266, 3336, 3342, 3455, 3472, 3477, 3482, 3525, 3543, 3572, 3574, 3858, 3874, 3890, 3892, 3907, 3950, 3973, 3990, 3992, 4022, 4065, 4164, 4168, 4221, 4270, 4315, 4356, 4366, 4461, 4478]","[1410, 2089, 2414, 3167]","[167, 194, 440, 457, 550, 593, 641, 659, 673, 747, 1012, 1128, 1157, 1202, 1257, 1262, 1268, 1361, 1481, 1490, 1495, 1556, 1567, 1582, 1620, 1644, 1676, 1680, 1690, 1721, 1737, 1746, 1774, 1792, 1897, 1909, 1970, 2096, 2115, 2122, 2237, 2309, 2322, 2354, 2367, 2420, 2450, 2485, 2500, 2592, 2963, 3062, 3080, 3085, 3143, 3225, 3266, 3336, 3342, 3455, 3472, 3477, 3482, 3525, 3543, 3572, 3574, 3858, 3874, 3890, 3892, 3907, 3950, 3973, 3990, 3992, 4022, 4065, 4164, 4168, 4221, 4270, 4315, 4356, 4366, 4461, 4478]","[1410, 2089, 2414, 3167]",4489,91,4398,4,87,4398,0
0.5,HUMPCI,"[121, 127, 229, 236, 284, 291, 308, 312, 412, 443, 511, 536, 747, 803, 807, 914, 956, 975, 977, 1118, 1264, 1289, 1321, 1398, 1485, 1492, 1515, 1538, 1597, 1614, 1706, 1818, 1823, 1844, 1856, 1957, 1978, 1982, 2052, 2078, 2082, 2124, 2167, 2208, 2226, 2230, 2248, 2298, 2329, 2355, 2382, 2420, 2426, 2511, 2526, 2563, 2579, 2586, 2671, 2713, 2739, 2753, 2773, 2784, 2812, 2930, 2948, 2957, 2996, 3001, 3117, 3129, 3162, 3238, 3307, 3393, 3467, 3469, 3477, 3490, 3536, 3545, 3562, 3575, 3592, 3636, 3648, 3655, 3674, 3685, 3695, 3710, 3714, 3791, 3831, 3874, 3914, 4063, 4175, 4218, 4244, 4247, 4332, 4425, 4435, 4486, 4509, 4545, 4580, 4613, 4652, 4672, 4697, 4702, 4718, 4759, 4849, 4859, 4883, 4906, 4912, 4943, 4977, 5025, 5210, 5226, 5284, 5302, 5358, 5360, 5368, 5454, 5525, 5533, 5543, 5552, 5556, 5608, 5612, 5702, 5708, 5786, 5810, 5822, 5825, 5850, 5864, 5899, 5904, 5911, 5996, 6171, 6192, 6315, 6332, 6337, 6350, 6352, 6354, 6356, 6358, 6360, 6362, 6364, 6366, 6368, 6370, 6372, 6374, 6376, 6378, 6380, 6382, 6384, 6386, 6390, 6399, 6409, 6487, 6507, 6509, 6513, 6559, 6682, 6723, 6766, 6773, 7009, 7088, 7109, 7190, 7199, 7255, 7277, 7317, 7328, 7379, 7398, 7445, 7465, 7472, 7508, 7529, 7570, 7663, 7705, 7777, 7803, 7858, 7877, 7976, 8054, 8058, 8066, 8156, 8360, 8363, 8384, 8404, 8534, 8537, 8546, 8568, 8664, 8683, 8725, 8760, 8858, 8961, 9094, 9187, 9209, 9252, 9270, 9298, 9377, 9402, 9460, 9550, 9574, 9603, 9643, 9704, 9762, 9820, 9898, 9901, 9911, 9964, 9976, 10139, 10242, 10273, 10330, 10337, 10381, 10444, 10680, 10698, 10704, 10730, 10767, 10770, 10819, 10839, 10855, 10898, 10982, 11034, 11101, 11104, 11112, 11275, 11285, 11415, 11474, 11483, 12191, 12226, 12442, 12518, 12575, 12583, 12593, 12611, 12626, 12632, 12640, 12688, 12776, 12792, 12825, 12860, 12868, 12888, 12966, 12981, 13076, 13139, 13221, 13291, 13296, 13298, 13369, 13408, 13447, 13486, 13595, 13606, 13706, 13739, 13854, 13859, 13890, 13915, 13951, 14073, 14113, 14117, 14121, 14155, 14206, 14238, 14247, 14264, 14272, 14304, 14446, 14452, 14465, 14488, 14498, 14551, 14562, 14588, 14606, 14679, 14695, 14715, 14771, 14773, 14779, 14829, 14878, 14890, 14938, 14982, 15007, 15018, 15056, 15064, 15078, 15122, 15146, 15150, 15164, 15226, 15402, 15412, 15418]","[8568, 10898, 11483]","[121, 127, 229, 236, 284, 291, 308, 312, 412, 443, 511, 536, 747, 803, 807, 914, 956, 975, 977, 1118, 1264, 1289, 1321, 1398, 1485, 1492, 1515, 1538, 1597, 1614, 1706, 1818, 1823, 1844, 1856, 1957, 1978, 1982, 2052, 2078, 2082, 2124, 2167, 2208, 2226, 2230, 2248, 2298, 2329, 2355, 2382, 2420, 2426, 2511, 2526, 2563, 2579, 2586, 2671, 2713, 2739, 2753, 2773, 2784, 2812, 2930, 2948, 2957, 2996, 3001, 3117, 3129, 3162, 3238, 3307, 3393, 3467, 3469, 3477, 3490, 3536, 3545, 3562, 3575, 3592, 3636, 3648, 3655, 3674, 3685, 3695, 3710, 3714, 3791, 3831, 3874, 3914, 4063, 4175, 4218, 4244, 4247, 4332, 4425, 4435, 4486, 4509, 4545, 4580, 4613, 4652, 4672, 4697, 4702, 4718, 4759, 4849, 4859, 4883, 4906, 4912, 4943, 4977, 5025, 5210, 5226, 5284, 5302, 5358, 5360, 5368, 5454, 5525, 5533, 5543, 5552, 5556, 5608, 5612, 5702, 5708, 5786, 5810, 5822, 5825, 5850, 5864, 5899, 5904, 5911, 5996, 6171, 6192, 6315, 6332, 6337, 6350, 6352, 6354, 6356, 6358, 6360, 6362, 6364, 6366, 6368, 6370, 6372, 6374, 6376, 6378, 6380, 6382, 6384, 6386, 6390, 6399, 6409, 6487, 6507, 6509, 6513, 6559, 6682, 6723, 6766, 6773, 7009, 7088, 7109, 7190, 7199, 7255, 7277, 7317, 7328, 7379, 7398, 7445, 7465, 7472, 7508, 7529, 7570, 7663, 7705, 7777, 7803, 7858, 7877, 7976, 8054, 8058, 8066, 8156, 8360, 8363, 8384, 8404, 8534, 8537, 8546, 8664, 8683, 8725, 8760, 8858, 8961, 9094, 9187, 9209, 9252, 9270, 9298, 9377, 9402, 9460, 9550, 9574, 9603, 9643, 9704, 9762, 9820, 9898, 9901, 9911, 9964, 9976, 10139, 10242, 10273, 10330, 10337, 10381, 10444, 10680, 10698, 10704, 10730, 10767, 10770, 10819, 10839, 10855, 10982, 11034, 11101, 11104, 11112, 11275, 11285, 11415, 11474, 12191, 12226, 12442, 12518, 12575, 12583, 12593, 12611, 12626, 12632, 12640, 12688, 12776, 12792, 12825, 12860, 12868, 12888, 12966, 12981, 13076, 13139, 13221, 13291, 13296, 13298, 13369, 13408, 13447, 13486, 13595, 13606, 13706, 13739, 13854, 13859, 13890, 13915, 13951, 14073, 14113, 14117, 14121, 14155, 14206, 14238, 14247, 14264, 14272, 14304, 14446, 14452, 14465, 14488, 14498, 14551, 14562, 14588, 14606, 14679, 14695, 14715, 14771, 14773, 14779, 14829, 14878, 14890, 14938, 14982, 15007, 15018, 15056, 15064, 15078, 15122, 15146, 15150, 15164, 15226, 15402, 15412, 15418]","[8568, 10898, 11483]",15563,360,15203,3,357,15203,0
0.5,HUMPEM,"[17, 65, 102, 146, 244, 265, 287, 296, 317, 422, 437, 457, 499, 586, 590, 623, 654, 672, 693, 700, 743, 767, 779, 789, 799, 934, 948, 955, 993, 1033, 1060, 1064, 1123, 1127, 1151, 1175, 1316, 1330, 1445, 1451, 1472, 1537, 1541, 1555, 1643, 1787, 1847, 1954, 2101, 2266, 2270, 2421, 2433, 2444, 2452, 2460, 2465, 2480, 2493, 2504, 2516, 2548, 2562, 2586, 2614, 2634, 2700, 2707, 2850, 2854, 2859, 2895, 2922, 2928, 2973, 2977, 3009, 3056, 3060, 3064, 3133, 3177, 3203, 3238, 3266, 3297, 3309, 3314, 3352, 3490, 3546, 3590, 3600, 3633, 3663, 3676, 3691, 3735, 3745, 3751, 3806, 3844, 3865, 3904, 3921, 3975, 3977, 3991, 4027, 4137, 4144, 4158, 4166, 4170, 4210, 4221]","[934, 2266, 2421, 2707, 2973, 3203]","[17, 65, 102, 146, 244, 265, 287, 296, 317, 422, 437, 457, 499, 586, 590, 623, 654, 672, 693, 700, 743, 767, 779, 789, 799, 948, 955, 993, 1033, 1060, 1064, 1123, 1127, 1151, 1175, 1316, 1330, 1445, 1451, 1472, 1537, 1541, 1555, 1643, 1787, 1847, 1954, 2101, 2270, 2433, 2444, 2452, 2460, 2465, 2480, 2493, 2504, 2516, 2548, 2562, 2586, 2614, 2634, 2700, 2850, 2854, 2859, 2895, 2922, 2928, 2977, 3009, 3056, 3060, 3064, 3133, 3177, 3238, 3266, 3297, 3309, 3314, 3352, 3490, 3546, 3590, 3600, 3633, 3663, 3676, 3691, 3735, 3745, 3751, 3806, 3844, 3865, 3904, 3921, 3975, 3977, 3991, 4027, 4137, 4144, 4158, 4166, 4170, 4210, 4221]","[934, 2266, 2421, 2707, 2973, 3203]",4235,116,4119,6,110,4119,0
0.5,HUMPEPYYA,"[7, 20, 25, 95, 311, 316, 338, 398, 422, 447, 584, 647, 714, 727, 734, 766, 790, 796, 843, 854, 859, 885, 904, 924, 965, 970, 1022, 1201, 1230, 1307, 1377, 1382, 1388, 1516, 1537, 1652, 1658, 1682, 1699, 1708, 1763, 1802, 1824, 1831, 1982, 1987, 2073, 2098, 2125, 2196, 2203, 2235, 2237, 2243, 2254, 2260, 2307]","[1201, 1388]","[7, 20, 25, 95, 311, 316, 338, 398, 422, 447, 584, 647, 714, 727, 734, 766, 790, 796, 843, 854, 859, 885, 904, 924, 965, 970, 1022, 1230, 1307, 1377, 1382, 1516, 1537, 1652, 1658, 1682, 1699, 1708, 1763, 1802, 1824, 1831, 1982, 1987, 2073, 2098, 2125, 2196, 2203, 2235, 2237, 2243, 2254, 2260, 2307]","[1201, 1388]",2370,57,2313,2,55,2313,0
0.5,HUMPF4V1A,"[4, 11, 46, 167, 175, 199, 298, 381, 494, 509, 514, 530, 573, 607, 628, 727, 733, 737, 755, 785, 826, 847, 864, 1002, 1034, 1075, 1093, 1142, 1325]","[381, 826]","[4, 11, 46, 167, 175, 199, 298, 494, 509, 514, 530, 573, 607, 628, 727, 733, 737, 755, 785, 847, 864, 1002, 1034, 1075, 1093, 1142, 1325]","[381, 826]",1460,29,1431,2,27,1431,0
0.5,HUMPHOSA,"[87, 121, 145, 221, 233, 298, 302, 312, 330, 364, 425, 506, 536, 540, 551, 570, 604, 619, 633, 655, 671, 750, 784, 794, 830, 839, 850, 875, 919, 988, 1040, 1164, 1176, 1181, 1186, 1200, 1252, 1266, 1286, 1300, 1382, 1469, 1474, 1494, 1555, 1709, 1713, 1743, 1788, 1810, 1832, 1888, 1908, 1914, 1943, 2102, 2167, 2185, 2195, 2267, 2274, 2279, 2283, 2323, 2348, 2430, 2469, 2525, 2556, 2590, 2596, 2705, 2763, 2802, 2822, 2988, 3009, 3105, 3126, 3164, 3209, 3243, 3252, 3267, 3302, 3367, 3463, 3500, 3633, 3729, 3763, 3816, 3820, 3887, 4134, 4293, 4310, 4345, 4394, 4449, 4454, 4516, 4576, 4658, 4743, 4755, 4757, 4759, 4761, 4763, 4765, 4767, 4769, 4771, 4773, 4775, 4777, 4779, 4789, 4807, 4821, 4833, 4837]","[233, 850, 1494, 1810, 2323, 2988, 3209, 3729]","[87, 121, 145, 221, 298, 302, 312, 330, 364, 425, 506, 536, 540, 551, 570, 604, 619, 633, 655, 671, 750, 784, 794, 830, 839, 875, 919, 988, 1040, 1164, 1176, 1181, 1186, 1200, 1252, 1266, 1286, 1300, 1382, 1469, 1474, 1555, 1709, 1713, 1743, 1788, 1832, 1888, 1908, 1914, 1943, 2102, 2167, 2185, 2195, 2267, 2274, 2279, 2283, 2348, 2430, 2469, 2525, 2556, 2590, 2596, 2705, 2763, 2802, 2822, 3009, 3105, 3126, 3164, 3243, 3252, 3267, 3302, 3367, 3463, 3500, 3633, 3763, 3816, 3820, 3887, 4134, 4293, 4310, 4345, 4394, 4449, 4454, 4516, 4576, 4658, 4743, 4755, 4757, 4759, 4761, 4763, 4765, 4767, 4769, 4771, 4773, 4775, 4777, 4779, 4789, 4807, 4821, 4833, 4837]","[233, 850, 1494, 1810, 2323, 2988, 3209, 3729]",4884,123,4761,8,115,4761,0
0.5,HUMPRCA,"[16, 55, 79, 81, 83, 85, 96, 109, 116, 130, 136, 146, 250, 255, 289, 488, 498, 521, 555, 581, 663, 684, 704, 715, 753, 756, 784, 808, 980, 1048, 1053, 1068, 1143, 1146, 1215, 1228, 1272, 1283, 1292, 1294, 1345, 1349, 1385, 1481, 1687, 1714, 1741, 1750, 1790, 1914, 1916, 1932, 2053, 2076, 2114, 2120, 2157, 2201, 2254, 2304, 2309, 2354, 2371, 2403, 2510, 2654, 2692, 2761, 2852, 2913, 2920, 2937, 2975, 3030, 3044, 3092, 3114, 3136, 3161, 3181, 3200, 3217, 3438, 3488, 3499, 3518, 3584, 3631, 3676, 3703, 3737, 3781, 3796, 3839, 3841, 3846, 3856, 3879, 3995, 3997, 3999, 4003, 4085, 4098, 4121, 4167, 4170, 4175, 4184, 4447, 4491, 4572, 4584, 4634, 4641, 4746, 4770, 4778, 4814, 4863, 4879, 4905, 4979, 5114, 5118, 5122, 5213, 5247, 5259, 5277, 5348, 5361, 5399, 5452, 5512, 5534, 5585, 5624, 5631, 5747, 5873, 5897, 5913, 5932, 6079, 6173, 6430, 6496, 6570, 6604, 6631, 6648, 6777, 6827, 6856, 6933, 6948, 6967, 7002, 7100, 7117, 7123, 7157, 7252, 7256, 7418, 7445, 7579, 7615, 7703, 7719, 7788, 7822, 7839, 7878, 7883, 7917, 7960, 7994, 8011, 8015, 8028, 8055, 8252, 8265, 8339, 8396, 8426, 8473, 8524, 8580, 8584, 8614, 8733, 8815, 8853, 8881, 9026, 9030, 9042, 9054, 9063, 9117, 9189, 9206, 9225, 9241, 9269, 9332, 9377, 9387, 9430, 9456, 9479, 9515, 9561, 9570, 9580, 9595, 9620, 9636, 9640, 9694, 9696, 9716, 9749, 9780, 9884, 9978, 10003, 10055, 10083, 10172, 10242, 10349, 10363, 10374, 10376, 10380, 10395, 10440, 10444, 10459, 10498, 10520, 10544, 10734, 10835, 10845, 10860, 10877, 10879, 10924, 10968, 10977, 10987, 10996, 11031, 11165, 11229, 11252, 11300, 11305, 11345, 11347, 11461, 11500, 11560, 11583, 11602, 11649, 11656, 11679, 11708]","[2201, 3631, 5118, 5348, 5585, 8396, 9387]","[16, 55, 79, 81, 83, 85, 96, 109, 116, 130, 136, 146, 250, 255, 289, 488, 498, 521, 555, 581, 663, 684, 704, 715, 753, 756, 784, 808, 980, 1048, 1053, 1068, 1143, 1146, 1215, 1228, 1272, 1283, 1292, 1294, 1345, 1349, 1385, 1481, 1687, 1714, 1741, 1750, 1790, 1914, 1916, 1932, 2053, 2076, 2114, 2120, 2157, 2254, 2304, 2309, 2354, 2371, 2403, 2510, 2654, 2692, 2761, 2852, 2913, 2920, 2937, 2975, 3030, 3044, 3092, 3114, 3136, 3161, 3181, 3200, 3217, 3438, 3488, 3499, 3518, 3584, 3676, 3703, 3737, 3781, 3796, 3839, 3841, 3846, 3856, 3879, 3995, 3997, 3999, 4003, 4085, 4098, 4121, 4167, 4170, 4175, 4184, 4447, 4491, 4572, 4584, 4634, 4641, 4746, 4770, 4778, 4814, 4863, 4879, 4905, 4979, 5114, 5122, 5213, 5247, 5259, 5277, 5361, 5399, 5452, 5512, 5534, 5624, 5631, 5747, 5873, 5897, 5913, 5932, 6079, 6173, 6430, 6496, 6570, 6604, 6631, 6648, 6777, 6827, 6856, 6933, 6948, 6967, 7002, 7100, 7117, 7123, 7157, 7252, 7256, 7418, 7445, 7579, 7615, 7703, 7719, 7788, 7822, 7839, 7878, 7883, 7917, 7960, 7994, 8011, 8015, 8028, 8055, 8252, 8265, 8339, 8426, 8473, 8524, 8580, 8584, 8614, 8733, 8815, 8853, 8881, 9026, 9030, 9042, 9054, 9063, 9117, 9189, 9206, 9225, 9241, 9269, 9332, 9377, 9430, 9456, 9479, 9515, 9561, 9570, 9580, 9595, 9620, 9636, 9640, 9694, 9696, 9716, 9749, 9780, 9884, 9978, 10003, 10055, 10083, 10172, 10242, 10349, 10363, 10374, 10376, 10380, 10395, 10440, 10444, 10459, 10498, 10520, 10544, 10734, 10835, 10845, 10860, 10877, 10879, 10924, 10968, 10977, 10987, 10996, 11031, 11165, 11229, 11252, 11300, 11305, 11345, 11347, 11461, 11500, 11560, 11583, 11602, 11649, 11656, 11679, 11708]","[2201, 3631, 5118, 5348, 5585, 8396, 9387]",11717,274,11443,7,267,11443,0
0.5,HUMPREELAS,"[59, 68, 81, 91, 96, 159, 180, 209, 236, 253, 274, 282, 314, 319, 341, 423, 478, 544, 596, 600, 608, 625, 686, 761, 772, 787, 807, 817, 822, 826, 858, 906, 950, 957, 972, 1044, 1054, 1070, 1107, 1316, 1318, 1341, 1357, 1420, 1428, 1465, 1537, 1619, 1682, 1687, 1724, 1729, 1785, 1802, 1806, 1817, 1827, 1875, 1924, 1986, 2216, 2240]",[596],"[59, 68, 81, 91, 96, 159, 180, 209, 236, 253, 274, 282, 314, 319, 341, 423, 478, 544, 600, 608, 625, 686, 761, 772, 787, 807, 817, 822, 826, 858, 906, 950, 957, 972, 1044, 1054, 1070, 1107, 1316, 1318, 1341, 1357, 1420, 1428, 1465, 1537, 1619, 1682, 1687, 1724, 1729, 1785, 1802, 1806, 1817, 1827, 1875, 1924, 1986, 2216, 2240]",[596],2291,62,2229,1,61,2229,0
0.5,HUMPRPHX,"[42, 71, 81, 163, 287, 292, 303, 317, 379, 416, 482, 515, 532, 568, 572, 627, 677, 693, 736, 778, 815, 856, 963, 982, 1143, 1229, 1285, 1293, 1299, 1346, 1384, 1451, 1475, 1479, 1512, 1551, 1560, 1564, 1583, 1617, 1712, 1717, 1724, 1772, 1777, 1838, 1892, 1902, 1911, 1931, 1981, 2127, 2131, 2140, 2161, 2164, 2191, 2232, 2263, 2266, 2311, 2357, 2388, 2438, 2480, 2502, 2506, 2523, 2532, 2538, 2550, 2594, 2639, 2652, 2694, 2742, 2841, 2848, 2869, 2873, 3089, 3173, 3179, 3208, 3279, 3322, 3342, 3436, 3488, 3561, 3633, 3719, 3723, 3761, 3802, 3825, 3837, 3883, 3886, 3914, 4051, 4054, 4136, 4221, 4225, 4235, 4308, 4310, 4314, 4319, 4344, 4488]","[1346, 1838, 2127, 2652, 2869, 3173, 3322, 3633]","[42, 71, 81, 163, 287, 292, 303, 317, 379, 416, 482, 515, 532, 568, 572, 627, 677, 693, 736, 778, 815, 856, 963, 982, 1143, 1229, 1285, 1293, 1299, 1384, 1451, 1475, 1479, 1512, 1551, 1560, 1564, 1583, 1617, 1712, 1717, 1724, 1772, 1777, 1892, 1902, 1911, 1931, 1981, 2131, 2140, 2161, 2164, 2191, 2232, 2263, 2266, 2311, 2357, 2388, 2438, 2480, 2502, 2506, 2523, 2532, 2538, 2550, 2594, 2639, 2694, 2742, 2841, 2848, 2873, 3089, 3179, 3208, 3279, 3342, 3436, 3488, 3561, 3719, 3723, 3761, 3802, 3825, 3837, 3883, 3886, 3914, 4051, 4054, 4136, 4221, 4225, 4235, 4308, 4310, 4314, 4319, 4344, 4488]","[1346, 1838, 2127, 2652, 2869, 3173, 3322, 3633]",4524,112,4412,8,104,4412,0
0.5,HUMRCC1,"[92, 108, 181, 234, 246, 322, 336, 377, 382, 399, 449, 486, 560, 638, 644, 654, 660, 686, 777, 781, 847, 884, 943, 973, 1000, 1017, 1046, 1099, 1105, 1127, 1186, 1225, 1380, 1400, 1455, 1540, 1556, 1608, 1618, 1637, 1708, 1738, 1743, 1817, 1891, 1922, 1939, 1964, 1969, 1999, 2020, 2213, 2246, 2339, 2360, 2364, 2422, 2437, 2499, 2519, 2554, 2581, 2589, 2648, 2697, 2711, 2715, 2765, 2804, 2875, 2914, 2948, 2980, 3051, 3055, 3076, 3114, 3130, 3155, 3189, 3337, 3451, 3455, 3485, 3524, 3614, 3782, 3812, 3886, 3918, 3938, 3983, 4024, 4051, 4068, 4094, 4108, 4153, 4185, 4208, 4217, 4242, 4304, 4379, 4455, 4491, 4555, 4614, 4654, 4681, 4722, 4733, 4737, 4760, 4779, 4787, 4793, 4831, 4872, 4916, 4929, 4991, 5001, 5005, 5034, 5037, 5047, 5092, 5129, 5191, 5210, 5221, 5353, 5370, 5398, 5421, 5426, 5454, 5479, 5483, 5489, 5498, 5539, 5545, 5558, 5562, 5653, 5664, 5686, 5698, 5741, 5827, 5831, 5931, 6061, 6122, 6135, 6154, 6181, 6198, 6337, 6415, 6449, 6493, 6584, 6650, 6709, 6730, 6765, 6792, 7022, 7034, 7039, 7136, 7214, 7271, 7352, 7529, 7627, 7642, 7644, 7711, 7837, 7842, 7920, 8025, 8049, 8076, 8110, 8114, 8121, 8134, 8307, 8324, 8369, 8440, 8572, 8620, 8625, 8628, 8695, 8701, 8714, 8774, 8862, 8908, 8915, 8974, 8986, 9080, 9085, 9098, 9143, 9219, 9291, 9297, 9401, 9448, 9560, 9614, 9748, 9751, 9761, 9826, 9869, 9908, 9911, 9960, 10003, 10053, 10084, 10098, 10130, 10175, 10178, 10184, 10188, 10246, 10252, 10366, 10384, 10419, 10428, 10460, 10505, 10518, 10535, 10549, 10597, 10642, 10654, 10711, 10754, 10793, 10812, 10886, 11003, 11064, 11081, 11120, 11134, 11264, 11323, 11329, 11364, 11411, 11415, 11450, 11543, 11594, 11793, 11879, 11948, 12118, 12134, 12204, 12217, 12232, 12293, 12303, 12481, 12563, 12573, 12616, 12705, 12731, 12967, 13006, 13013, 13054, 13082, 13086, 13147, 13254, 13256, 13284, 13286, 13288, 13360, 13365, 13417, 13431, 13455, 13471, 13477, 13485, 13501, 13510, 13527, 13556, 13600, 13634, 13642, 13794, 13805, 13819, 14035, 14069, 14097, 14112, 14114, 14290, 14298, 14368, 14384, 14400, 14431, 14531, 14533, 14604, 14609, 14619, 14664, 14697, 14702, 14708, 14728, 14738, 14770, 14814, 14853, 14877, 14907, 14936, 14967, 14977, 15068, 15081, 15108, 15126, 15158, 15206, 15278, 15324, 15385, 15394, 15421, 15430, 15440, 15471, 15505, 15532, 15536, 15548, 15580, 15621, 15626, 15679, 15704, 15791, 15833, 15894, 15949, 16069, 16128, 16145, 16192, 16241, 16252, 16258, 16280, 16316, 16328, 16362, 16367, 16379, 16389, 16395, 16406, 16465, 16497, 16526, 16543, 16557, 16574, 16578, 16596, 16616, 16642, 16647, 16651, 16691, 16757, 16764, 16796, 16818, 16830, 16836, 16886, 16941, 17004, 17010, 17016, 17025, 17060, 17164, 17182, 17350, 17416, 17539, 17556, 17630, 17659, 17699, 17704, 17780, 17906, 17950, 17954, 18067, 18082, 18129, 18197, 18270, 18274, 18304, 18348, 18358, 18505, 18671, 18683, 18716, 18787, 18795, 18840, 18975, 18978, 19022, 19037, 19066, 19121, 19131, 19296, 19340, 19354, 19357, 19490, 19495, 19524, 19638, 19750, 19784, 19829, 19855, 19887, 19892, 19919, 19934, 20045, 20138, 20190, 20200, 20264, 20311, 20402, 20442, 20468, 20487, 20525, 20572, 20685, 20752, 20794, 20834, 20849, 20878, 20891, 20918, 20922, 20967, 21026, 21036, 21086, 21092, 21105, 21127, 21259, 21282, 21286, 21296, 21303, 21316, 21457, 21493, 21519, 21544, 21759, 21774, 21779, 21877, 22007, 22033, 22037, 22051, 22127, 22140, 22193, 22199, 22205, 22287, 22297, 22318, 22349, 22395, 22531, 22571, 22576, 22579, 22583, 22589, 22648, 22688, 22748, 22761, 22814, 22820, 22826, 22845, 22868, 22902, 22955, 22987, 23048, 23125, 23133, 23250, 23316, 23337, 23371, 23398, 23406, 23423, 23588, 23600, 23647, 23660, 23681, 23725, 23745, 23934, 23949, 23960, 23964, 24031, 24194, 24201, 24223, 24227, 24233, 24298, 24306, 24332, 24375, 24464, 24477, 24620, 24622, 24665, 24767, 24801, 24839, 24880, 24901, 24975, 25071, 25094, 25187, 25256, 25287, 25330, 25402, 25525, 25602, 25685, 25727, 25729, 25780, 25817, 25826, 25857, 25866, 25920, 25950, 25970, 26065, 26089, 26108, 26116, 26143, 26194, 26218, 26242, 26259, 26264, 26327, 26389, 26399, 26427, 26480, 26498, 26501, 26507, 26579, 26589, 26611, 26669, 26679, 26701, 26742, 26808, 26812, 26950, 26989, 27020, 27174, 27230, 27251, 27283, 27309, 27447, 27474, 27481, 27528, 27602, 27798, 27838, 27923, 27961, 27967, 27973, 27985, 27994, 28000, 28010, 28014, 28135, 28154, 28199, 28201, 28226, 28244, 28257, 28295, 28327, 28360, 28388, 28458, 28482, 28523, 28534, 28547, 28556, 28693, 28701, 28756, 28760, 28793, 28818, 28858, 28893, 29015, 29020, 29047, 29058, 29198, 29211, 29247, 29279, 29340, 29417, 29419, 29440, 29533, 29566, 29641, 29667, 29723, 29730, 29741, 29746, 29753, 29766, 29770, 29840, 29867, 29942, 29959, 29965, 30000, 30085, 30108, 30203, 30213, 30231, 30235, 30284, 30324, 30338, 30349, 30361, 30415, 30438, 30443, 30483, 30487, 30575, 30628, 30648, 30674, 30697, 30802, 30933, 30981, 31128, 31169, 31271, 31313, 31359, 31387, 31424, 31472, 31513, 31524, 31531, 31610, 31617, 31628, 31672, 31741, 31786, 31946, 31966, 31987, 32000, 32004, 32006, 32012, 32040, 32072, 32134, 32234, 32281, 32359, 32363, 32418, 32435, 32512, 32554, 32580, 32755, 32775, 32891, 32983, 33025, 33042, 33052, 33070, 33137, 33160, 33187, 33278, 33284, 33298, 33404, 33439, 33470, 33503, 33513, 33636, 33695, 33700, 33789, 33824, 33889, 33987, 34065, 34138, 34167, 34197, 34272, 34318, 34363, 34373, 34406, 34432, 34481, 34493, 34504, 34509, 34571, 34597, 34599, 34616]","[24201, 26218, 26579, 28010, 28244, 28893, 29247, 29766]","[92, 108, 181, 234, 246, 322, 336, 377, 382, 399, 449, 486, 560, 638, 644, 654, 660, 686, 777, 781, 847, 884, 943, 973, 1000, 1017, 1046, 1099, 1105, 1127, 1186, 1225, 1380, 1400, 1455, 1540, 1556, 1608, 1618, 1637, 1708, 1738, 1743, 1817, 1891, 1922, 1939, 1964, 1969, 1999, 2020, 2213, 2246, 2339, 2360, 2364, 2422, 2437, 2499, 2519, 2554, 2581, 2589, 2648, 2697, 2711, 2715, 2765, 2804, 2875, 2914, 2948, 2980, 3051, 3055, 3076, 3114, 3130, 3155, 3189, 3337, 3451, 3455, 3485, 3524, 3614, 3782, 3812, 3886, 3918, 3938, 3983, 4024, 4051, 4068, 4094, 4108, 4153, 4185, 4208, 4217, 4242, 4304, 4379, 4455, 4491, 4555, 4614, 4654, 4681, 4722, 4733, 4737, 4760, 4779, 4787, 4793, 4831, 4872, 4916, 4929, 4991, 5001, 5005, 5034, 5037, 5047, 5092, 5129, 5191, 5210, 5221, 5353, 5370, 5398, 5421, 5426, 5454, 5479, 5483, 5489, 5498, 5539, 5545, 5558, 5562, 5653, 5664, 5686, 5698, 5741, 5827, 5831, 5931, 6061, 6122, 6135, 6154, 6181, 6198, 6337, 6415, 6449, 6493, 6584, 6650, 6709, 6730, 6765, 6792, 7022, 7034, 7039, 7136, 7214, 7271, 7352, 7529, 7627, 7642, 7644, 7711, 7837, 7842, 7920, 8025, 8049, 8076, 8110, 8114, 8121, 8134, 8307, 8324, 8369, 8440, 8572, 8620, 8625, 8628, 8695, 8701, 8714, 8774, 8862, 8908, 8915, 8974, 8986, 9080, 9085, 9098, 9143, 9219, 9291, 9297, 9401, 9448, 9560, 9614, 9748, 9751, 9761, 9826, 9869, 9908, 9911, 9960, 10003, 10053, 10084, 10098, 10130, 10175, 10178, 10184, 10188, 10246, 10252, 10366, 10384, 10419, 10428, 10460, 10505, 10518, 10535, 10549, 10597, 10642, 10654, 10711, 10754, 10793, 10812, 10886, 11003, 11064, 11081, 11120, 11134, 11264, 11323, 11329, 11364, 11411, 11415, 11450, 11543, 11594, 11793, 11879, 11948, 12118, 12134, 12204, 12217, 12232, 12293, 12303, 12481, 12563, 12573, 12616, 12705, 12731, 12967, 13006, 13013, 13054, 13082, 13086, 13147, 13254, 13256, 13284, 13286, 13288, 13360, 13365, 13417, 13431, 13455, 13471, 13477, 13485, 13501, 13510, 13527, 13556, 13600, 13634, 13642, 13794, 13805, 13819, 14035, 14069, 14097, 14112, 14114, 14290, 14298, 14368, 14384, 14400, 14431, 14531, 14533, 14604, 14609, 14619, 14664, 14697, 14702, 14708, 14728, 14738, 14770, 14814, 14853, 14877, 14907, 14936, 14967, 14977, 15068, 15081, 15108, 15126, 15158, 15206, 15278, 15324, 15385, 15394, 15421, 15430, 15440, 15471, 15505, 15532, 15536, 15548, 15580, 15621, 15626, 15679, 15704, 15791, 15833, 15894, 15949, 16069, 16128, 16145, 16192, 16241, 16252, 16258, 16280, 16316, 16328, 16362, 16367, 16379, 16389, 16395, 16406, 16465, 16497, 16526, 16543, 16557, 16574, 16578, 16596, 16616, 16642, 16647, 16651, 16691, 16757, 16764, 16796, 16818, 16830, 16836, 16886, 16941, 17004, 17010, 17016, 17025, 17060, 17164, 17182, 17350, 17416, 17539, 17556, 17630, 17659, 17699, 17704, 17780, 17906, 17950, 17954, 18067, 18082, 18129, 18197, 18270, 18274, 18304, 18348, 18358, 18505, 18671, 18683, 18716, 18787, 18795, 18840, 18975, 18978, 19022, 19037, 19066, 19121, 19131, 19296, 19340, 19354, 19357, 19490, 19495, 19524, 19638, 19750, 19784, 19829, 19855, 19887, 19892, 19919, 19934, 20045, 20138, 20190, 20200, 20264, 20311, 20402, 20442, 20468, 20487, 20525, 20572, 20685, 20752, 20794, 20834, 20849, 20878, 20891, 20918, 20922, 20967, 21026, 21036, 21086, 21092, 21105, 21127, 21259, 21282, 21286, 21296, 21303, 21316, 21457, 21493, 21519, 21544, 21759, 21774, 21779, 21877, 22007, 22033, 22037, 22051, 22127, 22140, 22193, 22199, 22205, 22287, 22297, 22318, 22349, 22395, 22531, 22571, 22576, 22579, 22583, 22589, 22648, 22688, 22748, 22761, 22814, 22820, 22826, 22845, 22868, 22902, 22955, 22987, 23048, 23125, 23133, 23250, 23316, 23337, 23371, 23398, 23406, 23423, 23588, 23600, 23647, 23660, 23681, 23725, 23745, 23934, 23949, 23960, 23964, 24031, 24194, 24223, 24227, 24233, 24298, 24306, 24332, 24375, 24464, 24477, 24620, 24622, 24665, 24767, 24801, 24839, 24880, 24901, 24975, 25071, 25094, 25187, 25256, 25287, 25330, 25402, 25525, 25602, 25685, 25727, 25729, 25780, 25817, 25826, 25857, 25866, 25920, 25950, 25970, 26065, 26089, 26108, 26116, 26143, 26194, 26242, 26259, 26264, 26327, 26389, 26399, 26427, 26480, 26498, 26501, 26507, 26589, 26611, 26669, 26679, 26701, 26742, 26808, 26812, 26950, 26989, 27020, 27174, 27230, 27251, 27283, 27309, 27447, 27474, 27481, 27528, 27602, 27798, 27838, 27923, 27961, 27967, 27973, 27985, 27994, 28000, 28014, 28135, 28154, 28199, 28201, 28226, 28257, 28295, 28327, 28360, 28388, 28458, 28482, 28523, 28534, 28547, 28556, 28693, 28701, 28756, 28760, 28793, 28818, 28858, 29015, 29020, 29047, 29058, 29198, 29211, 29279, 29340, 29417, 29419, 29440, 29533, 29566, 29641, 29667, 29723, 29730, 29741, 29746, 29753, 29770, 29840, 29867, 29942, 29959, 29965, 30000, 30085, 30108, 30203, 30213, 30231, 30235, 30284, 30324, 30338, 30349, 30361, 30415, 30438, 30443, 30483, 30487, 30575, 30628, 30648, 30674, 30697, 30802, 30933, 30981, 31128, 31169, 31271, 31313, 31359, 31387, 31424, 31472, 31513, 31524, 31531, 31610, 31617, 31628, 31672, 31741, 31786, 31946, 31966, 31987, 32000, 32004, 32006, 32012, 32040, 32072, 32134, 32234, 32281, 32359, 32363, 32418, 32435, 32512, 32554, 32580, 32755, 32775, 32891, 32983, 33025, 33042, 33052, 33070, 33137, 33160, 33187, 33278, 33284, 33298, 33404, 33439, 33470, 33503, 33513, 33636, 33695, 33700, 33789, 33824, 33889, 33987, 34065, 34138, 34167, 34197, 34272, 34318, 34363, 34373, 34406, 34432, 34481, 34493, 34504, 34509, 34571, 34597, 34599, 34616]","[24201, 26218, 26579, 28010, 28244, 28893, 29247, 29766]",34633,813,33820,8,805,33820,0
0.5,HUMREGHOM,"[45, 52, 84, 127, 140, 188, 274, 309, 335, 346, 410, 511, 527, 684, 744, 802, 858, 891, 991, 993, 1107, 1170, 1195, 1419, 1423, 1459, 1482, 1599, 1602, 1606, 1632, 1665, 1759, 1784, 1864, 1909, 1927, 2002, 2011, 2023, 2027, 2251, 2256, 2374, 2397, 2506, 2553, 2590, 2649, 2739, 2825, 2853, 2938, 2974, 3143, 3252, 3258, 3329, 3353, 3405]","[684, 1419, 1864, 2739]","[45, 52, 84, 127, 140, 188, 274, 309, 335, 346, 410, 511, 527, 744, 802, 858, 891, 991, 993, 1107, 1170, 1195, 1423, 1459, 1482, 1599, 1602, 1606, 1632, 1665, 1759, 1784, 1909, 1927, 2002, 2011, 2023, 2027, 2251, 2256, 2374, 2397, 2506, 2553, 2590, 2649, 2825, 2853, 2938, 2974, 3143, 3252, 3258, 3329, 3353, 3405]","[684, 1419, 1864, 2739]",3403,60,3343,4,56,3343,0
0.5,HUMROD1X,"[71, 92, 186, 218, 321, 454, 526, 536, 544, 550, 661, 673, 746, 821, 865, 886, 890, 892, 964, 980, 1063, 1096, 1109, 1126, 1146, 1170, 1182, 1194, 1198, 1223, 1242, 1246, 1387, 1437, 1476, 1484, 1509, 1517, 1521, 1559, 1645, 1794, 1804, 1844, 1876, 1880, 1998, 2015, 2092, 2227, 2288, 2300, 2343, 2416, 2427, 2587, 2611, 2638, 2673, 2695, 2706, 2720]","[1242, 1876]","[71, 92, 186, 218, 321, 454, 526, 536, 544, 550, 661, 673, 746, 821, 865, 886, 890, 892, 964, 980, 1063, 1096, 1109, 1126, 1146, 1170, 1182, 1194, 1198, 1223, 1246, 1387, 1437, 1476, 1484, 1509, 1517, 1521, 1559, 1645, 1794, 1804, 1844, 1880, 1998, 2015, 2092, 2227, 2288, 2300, 2343, 2416, 2427, 2587, 2611, 2638, 2673, 2695, 2706, 2720]","[1242, 1876]",2833,62,2771,2,60,2771,0
0.5,HUMRPIB2,"[27, 145, 201, 217, 225, 264, 284, 303, 310, 356, 435, 472, 506, 510, 571, 588, 622, 892, 899, 931, 974, 987, 1035, 1121, 1156, 1182, 1193, 1257, 1358, 1374, 1531, 1591, 1649, 1704, 1737, 1838, 1840, 1954, 2017, 2042, 2268, 2272, 2308, 2331, 2448, 2451, 2455, 2481, 2514, 2608, 2633, 2713, 2758, 2776, 2851, 2860, 2872, 2876, 3100, 3105, 3223, 3246, 3355, 3402, 3439, 3498, 3588, 3674, 3702, 3787, 3823, 3992, 4101, 4107, 4178, 4202, 4253, 4270]","[1531, 2268, 2713, 3588]","[27, 145, 201, 217, 225, 264, 284, 303, 310, 356, 435, 472, 506, 510, 571, 588, 622, 892, 899, 931, 974, 987, 1035, 1121, 1156, 1182, 1193, 1257, 1358, 1374, 1591, 1649, 1704, 1737, 1838, 1840, 1954, 2017, 2042, 2272, 2308, 2331, 2448, 2451, 2455, 2481, 2514, 2608, 2633, 2758, 2776, 2851, 2860, 2872, 2876, 3100, 3105, 3223, 3246, 3355, 3402, 3439, 3498, 3674, 3702, 3787, 3823, 3992, 4101, 4107, 4178, 4202, 4253, 4270]","[1531, 2268, 2713, 3588]",4329,78,4251,4,74,4251,0
0.5,HUMRPS6B,"[7, 19, 34, 99, 123, 214, 247, 359, 363, 369, 388, 399, 461, 478, 571, 634, 671, 741, 775, 784, 788, 793, 883, 897, 994, 1012, 1045, 1059, 1083, 1101, 1114, 1121, 1168, 1198, 1205, 1227, 1232, 1250, 1331, 1414, 1459, 1497, 1543, 1557, 1568, 1573, 1595, 1613, 1649, 1667, 1685, 1721, 1828, 1838, 1911, 2066, 2146, 2153, 2178, 2216, 2333, 2363, 2375, 2380, 2403, 2416, 2449, 2565, 2607, 2634, 2651, 2723, 2753, 2766, 2799, 2866, 2896, 2933, 2943, 3001, 3044, 3048, 3072, 3084, 3098, 3166, 3204, 3220, 3233, 3261, 3384, 3406, 3535, 3624, 3645, 3654, 3835, 3893, 3944, 3968, 3989, 4051, 4075, 4241, 4262, 4344, 4378, 4389, 4398, 4410, 4417, 4432, 4438, 4464, 4627, 4655, 4763, 4823, 4838, 4880, 4905, 4925, 4931, 4959]","[359, 1059, 1838, 2178, 4051]","[7, 19, 34, 99, 123, 214, 247, 363, 369, 388, 399, 461, 478, 571, 634, 671, 741, 775, 784, 788, 793, 883, 897, 994, 1012, 1045, 1083, 1101, 1114, 1121, 1168, 1198, 1205, 1227, 1232, 1250, 1331, 1414, 1459, 1497, 1543, 1557, 1568, 1573, 1595, 1613, 1649, 1667, 1685, 1721, 1828, 1911, 2066, 2146, 2153, 2216, 2333, 2363, 2375, 2380, 2403, 2416, 2449, 2565, 2607, 2634, 2651, 2723, 2753, 2766, 2799, 2866, 2896, 2933, 2943, 3001, 3044, 3048, 3072, 3084, 3098, 3166, 3204, 3220, 3233, 3261, 3384, 3406, 3535, 3624, 3645, 3654, 3835, 3893, 3944, 3968, 3989, 4075, 4241, 4262, 4344, 4378, 4389, 4398, 4410, 4417, 4432, 4438, 4464, 4627, 4655, 4763, 4823, 4838, 4880, 4905, 4925, 4931, 4959]","[359, 1059, 1838, 2178, 4051]",4964,124,4840,5,119,4840,0
0.5,HUMSEMI,"[22, 121, 262, 306, 330, 448, 459, 578, 614, 681, 777, 793, 806, 858, 867, 968, 975, 984, 1037, 1061, 1171, 1205, 1262, 1322, 1336, 1370, 1458, 1475, 1499, 1511, 1583, 1636, 1655, 1660, 1835, 1871, 1885, 1898, 2015, 2051, 2065, 2078, 2159, 2269, 2294, 2362, 2370, 2394, 2502, 2507, 2519, 2547, 2558, 2563, 2682, 2716, 2726, 2818, 2838, 2979, 3047, 3053, 3074, 3145, 3167, 3266, 3280, 3289, 3496, 3604, 3609, 3670, 3722, 3760, 3820, 3849, 3876, 3886, 3950, 4061, 4127]",[793],"[22, 121, 262, 306, 330, 448, 459, 578, 614, 681, 777, 806, 858, 867, 968, 975, 984, 1037, 1061, 1171, 1205, 1262, 1322, 1336, 1370, 1458, 1475, 1499, 1511, 1583, 1636, 1655, 1660, 1835, 1871, 1885, 1898, 2015, 2051, 2065, 2078, 2159, 2269, 2294, 2362, 2370, 2394, 2502, 2507, 2519, 2547, 2558, 2563, 2682, 2716, 2726, 2818, 2838, 2979, 3047, 3053, 3074, 3145, 3167, 3266, 3280, 3289, 3496, 3604, 3609, 3670, 3722, 3760, 3820, 3849, 3876, 3886, 3950, 4061, 4127]",[793],4156,81,4075,1,80,4075,0
0.5,HUMSEMIIB,"[36, 56, 121, 167, 382, 426, 467, 493, 528, 560, 569, 697, 765, 770, 791, 892, 1090, 1104, 1125, 1127, 1137, 1216, 1246, 1274, 1281, 1298, 1302, 1316, 1329, 1343, 1376, 1385, 1389, 1393, 1395, 1419, 1451, 1468, 1480, 1490, 1524, 1530, 1642, 1669, 1680, 1682, 1713, 1715, 1735, 1790, 1828, 1889, 1893, 1919, 1988, 1995, 2014, 2051, 2070, 2155, 2283, 2361, 2410, 2444, 2470, 2489, 2515, 2616, 2699, 2746, 2901, 2918, 2936, 2979, 3011, 3057, 3135, 3148, 3352, 3457, 3483, 3491, 3511, 3740, 3769, 3773, 3799, 3843, 3905, 3939, 3982, 4047, 4060, 4193, 4271, 4311, 4470, 4486, 4499, 4551, 4560, 4622, 4660, 4667, 4729, 4863, 4897, 4954, 5014, 5167, 5191, 5203, 5215, 5275, 5328, 5347, 5527, 5565, 5577, 5640, 5707, 5755, 5770, 5820, 5846, 5887, 5925, 5935, 5950, 6000, 6067, 6117, 6130, 6206, 6304, 6321, 6339, 6446, 6477, 6491, 6514, 6565, 6594, 6606, 6757, 6816, 6879, 6988, 7012, 7038, 7060, 7131, 7146, 7190, 7213, 7327, 7495, 7527, 7532, 7622, 7710, 7719, 7771, 7911, 7944, 7969, 8011, 8014]",[4486],"[36, 56, 121, 167, 382, 426, 467, 493, 528, 560, 569, 697, 765, 770, 791, 892, 1090, 1104, 1125, 1127, 1137, 1216, 1246, 1274, 1281, 1298, 1302, 1316, 1329, 1343, 1376, 1385, 1389, 1393, 1395, 1419, 1451, 1468, 1480, 1490, 1524, 1530, 1642, 1669, 1680, 1682, 1713, 1715, 1735, 1790, 1828, 1889, 1893, 1919, 1988, 1995, 2014, 2051, 2070, 2155, 2283, 2361, 2410, 2444, 2470, 2489, 2515, 2616, 2699, 2746, 2901, 2918, 2936, 2979, 3011, 3057, 3135, 3148, 3352, 3457, 3483, 3491, 3511, 3740, 3769, 3773, 3799, 3843, 3905, 3939, 3982, 4047, 4060, 4193, 4271, 4311, 4470, 4499, 4551, 4560, 4622, 4660, 4667, 4729, 4863, 4897, 4954, 5014, 5167, 5191, 5203, 5215, 5275, 5328, 5347, 5527, 5565, 5577, 5640, 5707, 5755, 5770, 5820, 5846, 5887, 5925, 5935, 5950, 6000, 6067, 6117, 6130, 6206, 6304, 6321, 6339, 6446, 6477, 6491, 6514, 6565, 6594, 6606, 6757, 6816, 6879, 6988, 7012, 7038, 7060, 7131, 7146, 7190, 7213, 7327, 7495, 7527, 7532, 7622, 7710, 7719, 7771, 7911, 7944, 7969, 8011, 8014]",[4486],8216,168,8048,1,167,8048,0
0.5,HUMSTATH2,"[43, 49, 54, 64, 152, 188, 257, 353, 389, 561, 577, 637, 651, 673, 698, 719, 737, 911, 990, 1035, 1083, 1140, 1176, 1180, 1197, 1303, 1553, 1655, 1673, 1675, 1786, 1820, 1835, 2025, 2056, 2081, 2131, 2151, 2174, 2209, 2291, 2303, 2312, 2322, 2339, 2403, 2426, 2478, 2490, 2511, 2522, 2530, 2627, 2716, 2727, 2733, 2823, 2848, 2883, 2889, 2947, 2963, 2980, 3029, 3050, 3065, 3069, 3176, 3192, 3239, 3280, 3361, 3474, 3710, 3743, 3786, 3817, 3974, 4007, 4046, 4172, 4255, 4320, 4417, 4472, 4592, 4596, 4629, 4633, 4648]","[353, 1553, 1675]","[43, 49, 54, 64, 152, 188, 257, 389, 561, 577, 637, 651, 673, 698, 719, 737, 911, 990, 1035, 1083, 1140, 1176, 1180, 1197, 1303, 1655, 1673, 1786, 1820, 1835, 2025, 2056, 2081, 2131, 2151, 2174, 2209, 2291, 2303, 2312, 2322, 2339, 2403, 2426, 2478, 2490, 2511, 2522, 2530, 2627, 2716, 2727, 2733, 2823, 2848, 2883, 2889, 2947, 2963, 2980, 3029, 3050, 3065, 3069, 3176, 3192, 3239, 3280, 3361, 3474, 3710, 3743, 3786, 3817, 3974, 4007, 4046, 4172, 4255, 4320, 4417, 4472, 4592, 4596, 4629, 4633, 4648]","[353, 1553, 1675]",4715,90,4625,3,87,4625,0
0.5,HUMTBGA,"[56, 89, 191, 228, 362, 377, 451, 460, 491, 579, 654, 684, 783, 812, 819, 854, 917, 1021, 1050, 1103, 1114, 1156, 1230, 1265, 1409, 1430, 1435, 1462, 1469, 1529, 1554, 1593, 1635, 1646, 1651, 1655, 1791, 1817, 1942, 2008, 2099, 2222, 2323, 2350, 2459, 2660, 2681, 2729, 2750, 2758, 2792, 2841, 2894, 2907, 2911, 2932, 3033, 3107, 3135, 3140, 3185, 3187, 3244, 3248, 3263, 3346, 3355, 3383, 3551, 3566, 3634, 3645, 3744, 3921, 3934, 3995, 4216, 4333, 4349, 4397, 4477, 4529, 4634, 4847, 4874, 4941, 4988, 5032, 5053, 5078, 5118, 5164, 5168, 5177, 5231, 5236, 5259, 5271, 5275, 5287, 5303, 5341, 5359, 5380, 5385, 5469, 5473, 5475, 5490, 5513, 5530, 5592, 5673, 5738, 5782, 5859, 5875, 5879, 5894, 5932, 5937, 5941, 5995, 6071, 6202, 6265, 6283, 6285, 6289, 6296, 6308, 6314, 6377, 6549, 6606, 6627, 6646, 6672, 6685, 6808, 6841, 6850, 6857, 6872, 6960, 7127, 7144, 7172, 7254, 7386, 7395, 7417, 7419, 7441, 7468, 7477, 7691, 7704, 7909, 7949, 7960, 8071, 8219, 8224, 8238, 8326, 8362, 8516, 8542, 8582, 8635, 8675, 8719]","[4941, 6265, 7144]","[56, 89, 191, 228, 362, 377, 451, 460, 491, 579, 654, 684, 783, 812, 819, 854, 917, 1021, 1050, 1103, 1114, 1156, 1230, 1265, 1409, 1430, 1435, 1462, 1469, 1529, 1554, 1593, 1635, 1646, 1651, 1655, 1791, 1817, 1942, 2008, 2099, 2222, 2323, 2350, 2459, 2660, 2681, 2729, 2750, 2758, 2792, 2841, 2894, 2907, 2911, 2932, 3033, 3107, 3135, 3140, 3185, 3187, 3244, 3248, 3263, 3346, 3355, 3383, 3551, 3566, 3634, 3645, 3744, 3921, 3934, 3995, 4216, 4333, 4349, 4397, 4477, 4529, 4634, 4847, 4874, 4988, 5032, 5053, 5078, 5118, 5164, 5168, 5177, 5231, 5236, 5259, 5271, 5275, 5287, 5303, 5341, 5359, 5380, 5385, 5469, 5473, 5475, 5490, 5513, 5530, 5592, 5673, 5738, 5782, 5859, 5875, 5879, 5894, 5932, 5937, 5941, 5995, 6071, 6202, 6283, 6285, 6289, 6296, 6308, 6314, 6377, 6549, 6606, 6627, 6646, 6672, 6685, 6808, 6841, 6850, 6857, 6872, 6960, 7127, 7172, 7254, 7386, 7395, 7417, 7419, 7441, 7468, 7477, 7691, 7704, 7909, 7949, 7960, 8071, 8219, 8224, 8238, 8326, 8362, 8516, 8542, 8582, 8635, 8675, 8719]","[4941, 6265, 7144]",8761,173,8588,3,170,8588,0
0.5,HUMTCRBRA,"[63, 95, 98, 117, 128, 132, 140, 144, 185, 199, 261, 278, 310, 318, 322, 324, 326, 328, 330, 332, 334, 336, 338, 340, 344, 351, 405, 429, 437, 458, 469, 486, 505, 561, 605, 670, 678]",[278],"[63, 95, 98, 117, 128, 132, 140, 144, 185, 199, 261, 310, 318, 322, 324, 326, 328, 330, 332, 334, 336, 338, 340, 344, 351, 405, 429, 437, 458, 469, 486, 505, 561, 605, 670, 678]",[278],728,37,691,1,36,691,0
0.5,HUMTHROMA,"[18, 20, 30, 159, 175, 177, 187, 193, 323, 330, 335, 469, 516, 527, 539, 583, 643, 666, 687, 699, 743, 765, 787, 800, 818, 864, 942, 948, 968, 1208, 1239, 1277, 1281, 1428, 1464, 1496, 1571, 1575, 1584, 1605, 1632, 1696, 1731, 1985, 2131, 2285, 2303, 2315, 2344, 2377, 2384, 2635, 2717, 3051, 3117, 3147, 3168, 3289, 3302, 3355, 3367, 3402, 3451, 3463, 3581, 3662, 3892, 3960, 4113, 4129, 4167, 4188, 4222, 4249, 4266, 4318, 4335, 4362, 4371, 4394, 4430, 4490, 4501, 4522, 4554, 4619, 4682, 4703, 4772, 4817, 4965, 5134, 5152, 5173, 5348, 5565, 5715, 5755, 5836, 5879, 6004, 6067, 6086, 6150]","[1985, 2344, 2717, 4817]","[18, 20, 30, 159, 175, 177, 187, 193, 323, 330, 335, 469, 516, 527, 539, 583, 643, 666, 687, 699, 743, 765, 787, 800, 818, 864, 942, 948, 968, 1208, 1239, 1277, 1281, 1428, 1464, 1496, 1571, 1575, 1584, 1605, 1632, 1696, 1731, 2131, 2285, 2303, 2315, 2377, 2384, 2635, 3051, 3117, 3147, 3168, 3289, 3302, 3355, 3367, 3402, 3451, 3463, 3581, 3662, 3892, 3960, 4113, 4129, 4167, 4188, 4222, 4249, 4266, 4318, 4335, 4362, 4371, 4394, 4430, 4490, 4501, 4522, 4554, 4619, 4682, 4703, 4772, 4965, 5134, 5152, 5173, 5348, 5565, 5715, 5755, 5836, 5879, 6004, 6067, 6086, 6150]","[1985, 2344, 2717, 4817]",6155,104,6051,4,100,6051,0
0.5,HUMTNP2SS,"[51, 80, 86, 93, 177, 196, 248, 630, 658, 673, 725, 747, 814, 924, 929, 941, 945, 1071, 1075, 1080, 1105, 1109, 1121, 1155, 1194, 1204, 1287, 1303, 1371, 1420, 1437, 1446, 1480, 1617, 1647, 1702, 1748]",[658],"[51, 80, 86, 93, 177, 196, 248, 630, 673, 725, 747, 814, 924, 929, 941, 945, 1071, 1075, 1080, 1105, 1109, 1121, 1155, 1194, 1204, 1287, 1303, 1371, 1420, 1437, 1446, 1480, 1617, 1647, 1702, 1748]",[658],1774,37,1737,1,36,1737,0
0.5,HUMTPALBU,"[180, 286, 313, 317, 319, 323, 327, 337, 388, 412, 538, 619, 627, 635, 637, 722, 765, 819, 872, 883, 915, 930, 942, 974, 1025, 1094, 1196, 1228, 1248, 1304, 1326, 1341, 1359, 1363, 1402, 1407, 1454, 1490, 1504, 1523, 1559, 1610, 1621, 1697, 1708, 1767, 1778, 1850, 1887, 1892, 1913, 1932, 1951, 1972, 2066, 2098, 2111, 2125, 2127, 2166, 2392, 2427, 2455, 2521, 2529, 2682, 2692, 2741, 2790, 2805, 2932, 2941, 2973, 3033, 3081, 3092, 3116, 3125, 3136, 3168, 3181, 3208, 3277, 3294, 3328, 3345, 3352, 3377, 3403, 3412, 3421, 3425, 3620, 3674, 3748, 3781, 3840, 3856, 3867, 3878, 3928, 3930, 3958, 3989, 4153, 4205, 4210, 4218, 4361, 4400, 4441, 4479, 4488, 4541, 4587, 4591, 4641, 4691, 4707, 4711, 4720, 4755, 4778, 4837, 4846, 4927, 4978, 5053, 5066, 5165, 5247, 5249, 5286, 5318, 5357, 5392, 5404, 5422, 5426, 5458, 5492, 5525, 5559, 5594, 5621, 5628, 5630, 5960, 5973, 5977, 5992, 5999, 6010, 6022, 6035, 6086, 6105, 6127, 6153, 6161]","[1094, 1621, 2741, 3425, 4361]","[180, 286, 313, 317, 319, 323, 327, 337, 388, 412, 538, 619, 627, 635, 637, 722, 765, 819, 872, 883, 915, 930, 942, 974, 1025, 1196, 1228, 1248, 1304, 1326, 1341, 1359, 1363, 1402, 1407, 1454, 1490, 1504, 1523, 1559, 1610, 1697, 1708, 1767, 1778, 1850, 1887, 1892, 1913, 1932, 1951, 1972, 2066, 2098, 2111, 2125, 2127, 2166, 2392, 2427, 2455, 2521, 2529, 2682, 2692, 2790, 2805, 2932, 2941, 2973, 3033, 3081, 3092, 3116, 3125, 3136, 3168, 3181, 3208, 3277, 3294, 3328, 3345, 3352, 3377, 3403, 3412, 3421, 3620, 3674, 3748, 3781, 3840, 3856, 3867, 3878, 3928, 3930, 3958, 3989, 4153, 4205, 4210, 4218, 4400, 4441, 4479, 4488, 4541, 4587, 4591, 4641, 4691, 4707, 4711, 4720, 4755, 4778, 4837, 4846, 4927, 4978, 5053, 5066, 5165, 5247, 5249, 5286, 5318, 5357, 5392, 5404, 5422, 5426, 5458, 5492, 5525, 5559, 5594, 5621, 5628, 5630, 5960, 5973, 5977, 5992, 5999, 6010, 6022, 6035, 6086, 6105, 6127, 6153, 6161]","[1094, 1621, 2741, 3425, 4361]",6164,160,6004,5,155,6004,0
0.5,HUMTRHYAL,"[25, 40, 69, 145, 192, 197, 201, 215, 291, 301, 307, 357, 439, 562, 578, 590, 638, 827, 897, 969, 1120, 1185, 1237, 1342, 1359, 1411, 1532, 1557, 1574, 1645, 1724, 1755, 1793, 1826, 1835, 1854, 1980, 1989, 2232, 2236, 2283, 2309, 2340, 2420, 2445, 2447, 2468, 2482, 2533, 2561, 2567, 2679, 2681, 2837, 2933, 2966, 3890, 4023, 4249, 4658, 4769, 4779, 4961, 5049, 5091, 5469, 5481, 5753, 5909, 5925, 5950, 6019, 6062, 6083, 6320, 6467, 6524, 6539, 6556, 6689, 6737, 6770, 6890, 6899, 6971, 7003, 7160, 7247, 7304, 7343, 7415, 7688, 7698, 7770, 7814, 7930, 8011, 8034, 8071, 8134, 8141, 8263, 8313, 8396, 8405, 8437, 8441, 8473, 8581, 8620, 8644, 8774, 8971, 8995, 8997, 9108, 9137, 9325, 9427, 9443]",[1645],"[25, 40, 69, 145, 192, 197, 201, 215, 291, 301, 307, 357, 439, 562, 578, 590, 638, 827, 897, 969, 1120, 1185, 1237, 1342, 1359, 1411, 1532, 1557, 1574, 1724, 1755, 1793, 1826, 1835, 1854, 1980, 1989, 2232, 2236, 2283, 2309, 2340, 2420, 2445, 2447, 2468, 2482, 2533, 2561, 2567, 2679, 2681, 2837, 2933, 2966, 3890, 4023, 4249, 4658, 4769, 4779, 4961, 5049, 5091, 5469, 5481, 5753, 5909, 5925, 5950, 6019, 6062, 6083, 6320, 6467, 6524, 6539, 6556, 6689, 6737, 6770, 6890, 6899, 6971, 7003, 7160, 7247, 7304, 7343, 7415, 7688, 7698, 7770, 7814, 7930, 8011, 8034, 8071, 8134, 8141, 8263, 8313, 8396, 8405, 8437, 8441, 8473, 8581, 8620, 8644, 8774, 8971, 8995, 8997, 9108, 9137, 9325, 9427, 9443]",[1645],9543,120,9423,1,119,9423,0
0.5,HUMTSHB2,"[68, 129, 164, 176, 187, 216, 323, 331, 492, 780, 793, 846, 872, 919]",[187],"[68, 129, 164, 176, 216, 323, 331, 492, 780, 793, 846, 872, 919]",[187],978,14,964,1,13,964,0
0.5,HUMV2R,"[26, 88, 261, 287, 296, 300, 357, 382, 475, 531, 624, 768, 873, 913, 939, 944, 957, 965, 1012, 1037, 1051, 1074, 1150, 1255, 1272, 1305, 1366, 1382, 1404, 1442, 1464, 1472, 1481, 1507, 1511, 1564, 1727, 1815, 1908, 1951, 2003, 2032, 2047, 2065, 2067, 2118, 2128]","[261, 1507]","[26, 88, 287, 296, 300, 357, 382, 475, 531, 624, 768, 873, 913, 939, 944, 957, 965, 1012, 1037, 1051, 1074, 1150, 1255, 1272, 1305, 1366, 1382, 1404, 1442, 1464, 1472, 1481, 1511, 1564, 1727, 1815, 1908, 1951, 2003, 2032, 2047, 2065, 2067, 2118, 2128]","[261, 1507]",2274,47,2227,2,45,2227,0
0.5,HYPSCGH,"[41, 49, 199, 324, 328, 331, 337, 349, 451, 595, 612, 666, 691, 703, 788, 806, 810, 837, 865, 889, 893, 959, 1039, 1099, 1182, 1189, 1252, 1319, 1357, 1440, 1555, 1600, 1612, 1624, 1671, 1700, 1911, 1970, 1985, 2004, 2112, 2189, 2232, 2266, 2379, 2443]","[41, 451, 1039, 1624]","[49, 199, 324, 328, 331, 337, 349, 595, 612, 666, 691, 703, 788, 806, 810, 837, 865, 889, 893, 959, 1099, 1182, 1189, 1252, 1319, 1357, 1440, 1555, 1600, 1612, 1671, 1700, 1911, 1970, 1985, 2004, 2112, 2189, 2232, 2266, 2379, 2443]","[41, 451, 1039, 1624]",2476,46,2430,4,42,2430,0
0.5,LAYEGLOBIN,"[21, 56, 70, 149, 190, 222, 238, 272, 347, 449, 470, 537, 549, 584, 600, 605, 721, 762, 953, 1042, 1047, 1055, 1061, 1167, 1185, 1191, 1197, 1201, 1215, 1265, 1293, 1312, 1316, 1373, 1410, 1415, 1421, 1466, 1490, 1522, 1559, 1631, 1645, 1680]","[238, 584]","[21, 56, 70, 149, 190, 222, 272, 347, 449, 470, 537, 549, 600, 605, 721, 762, 953, 1042, 1047, 1055, 1061, 1167, 1185, 1191, 1197, 1201, 1215, 1265, 1293, 1312, 1316, 1373, 1410, 1415, 1421, 1466, 1490, 1522, 1559, 1631, 1645, 1680]","[238, 584]",1694,44,1650,2,42,1650,0
0.5,LEBGLOB,"[26, 67, 94, 104, 142, 149, 157, 161, 199, 203, 237, 329, 401, 450, 469, 473, 549, 658, 662, 672, 710, 792, 876, 959, 980, 1115, 1162, 1229, 1264, 1268, 1308, 1352, 1373, 1488, 1501, 1518, 1529, 1539, 1554, 1558, 1561, 1577, 1581, 1663, 1791, 1812, 1828, 1834, 1879, 1891, 1905, 1926, 2009, 2133, 2206, 2247, 2259, 2307, 2358, 2446, 2504, 2555, 2576, 2579, 2586, 2717, 2752, 2806, 2847, 2862, 2928, 3171, 3177, 3193, 3202, 3208, 3305, 3326, 3368, 3429, 3471, 3478, 3482, 3530, 3545, 3565, 3600, 3637]","[1577, 1926]","[26, 67, 94, 104, 142, 149, 157, 161, 199, 203, 237, 329, 401, 450, 469, 473, 549, 658, 662, 672, 710, 792, 876, 959, 980, 1115, 1162, 1229, 1264, 1268, 1308, 1352, 1373, 1488, 1501, 1518, 1529, 1539, 1554, 1558, 1561, 1581, 1663, 1791, 1812, 1828, 1834, 1879, 1891, 1905, 2009, 2133, 2206, 2247, 2259, 2307, 2358, 2446, 2504, 2555, 2576, 2579, 2586, 2717, 2752, 2806, 2847, 2862, 2928, 3171, 3177, 3193, 3202, 3208, 3305, 3326, 3368, 3429, 3471, 3478, 3482, 3530, 3545, 3565, 3600, 3637]","[1577, 1926]",3638,88,3550,2,86,3550,0
0.5,LNOEGLOBIN,"[21, 54, 147, 188, 220, 236, 270, 345, 350, 452, 473, 540, 552, 587, 603, 608, 724, 765, 859, 890, 934, 953, 1043, 1048, 1056, 1062, 1167, 1185, 1191, 1197, 1201, 1215, 1265, 1293, 1312, 1316, 1406, 1411, 1417, 1462, 1486, 1518, 1555, 1627, 1641, 1676]","[236, 587]","[21, 54, 147, 188, 220, 270, 345, 350, 452, 473, 540, 552, 603, 608, 724, 765, 859, 890, 934, 953, 1043, 1048, 1056, 1062, 1167, 1185, 1191, 1197, 1201, 1215, 1265, 1293, 1312, 1316, 1406, 1411, 1417, 1462, 1486, 1518, 1555, 1627, 1641, 1676]","[236, 587]",1690,46,1644,2,44,1644,0
0.5,MACHBGA1,"[20, 32, 131, 215, 276, 283, 447, 457, 495, 505, 538, 706, 727, 794, 806, 841, 900, 935, 937, 960, 967, 1008, 1079, 1118, 1188, 1239, 1252, 1358, 1370, 1420, 1422, 1424, 1426, 1428, 1430, 1432, 1434, 1436, 1438, 1440, 1442, 1446, 1460, 1499, 1506, 1541, 1632, 1643, 1734, 1740, 1785, 1809, 1825, 2029, 2039, 2050, 2052, 2086]","[495, 841]","[20, 32, 131, 215, 276, 283, 447, 457, 505, 538, 706, 727, 794, 806, 900, 935, 937, 960, 967, 1008, 1079, 1118, 1188, 1239, 1252, 1358, 1370, 1420, 1422, 1424, 1426, 1428, 1430, 1432, 1434, 1436, 1438, 1440, 1442, 1446, 1460, 1499, 1506, 1541, 1632, 1643, 1734, 1740, 1785, 1809, 1825, 2029, 2039, 2050, 2052, 2086]","[495, 841]",2097,58,2039,2,56,2039,0
0.5,MACHBGA2,"[20, 32, 130, 213, 274, 281, 445, 455, 493, 503, 536, 704, 725, 792, 804, 839, 898, 933, 935, 958, 965, 1006, 1076, 1115, 1185, 1236, 1249, 1355, 1367, 1417, 1419, 1421, 1423, 1425, 1427, 1429, 1431, 1433, 1435, 1437, 1441, 1445, 1449, 1453, 1455, 1461, 1500, 1507, 1542, 1633, 1644, 1735, 1741, 1786, 1810, 1826, 2013, 2017, 2039, 2041, 2045, 2056, 2089]","[493, 839]","[20, 32, 130, 213, 274, 281, 445, 455, 503, 536, 704, 725, 792, 804, 898, 933, 935, 958, 965, 1006, 1076, 1115, 1185, 1236, 1249, 1355, 1367, 1417, 1419, 1421, 1423, 1425, 1427, 1429, 1431, 1433, 1435, 1437, 1441, 1445, 1449, 1453, 1455, 1461, 1500, 1507, 1542, 1633, 1644, 1735, 1741, 1786, 1810, 1826, 2013, 2017, 2039, 2041, 2045, 2056, 2089]","[493, 839]",2100,63,2037,2,61,2037,0
0.5,MAMGLUTRA,"[14, 34, 41, 329, 424, 454, 479, 484, 488, 507, 530, 629, 646, 657, 663, 702, 718, 774, 821, 834, 838, 865, 1020, 1063, 1073, 1077, 1082, 1160, 1255, 1259, 1275, 1387, 1418, 1474, 1494, 1625, 1627, 1631, 1692, 1705, 1707, 1718, 1798, 1819, 1854, 1907, 1944, 1960, 2152, 2236, 2329, 2360, 2406, 2429, 2448, 2475, 2493, 2499, 2507, 2558, 2579, 2598, 2699, 2729, 2745, 2755, 2759, 2873, 2889, 2938, 3059, 3164, 3175, 3195, 3211, 3270, 3524, 3534, 3554, 3906, 3915, 3950, 3967, 4033, 4069, 4081, 4088, 4099, 4139, 4152, 4232, 4252, 4256, 4272, 4298, 4381, 4389, 4396, 4482, 4529, 4536, 4642, 4672, 4674, 4844, 4967, 4974, 4997, 5016, 5100, 5109, 5131, 5135, 5177, 5187, 5211, 5213, 5217, 5243, 5320, 5425, 5598, 5647, 5783, 5847, 5870, 5899, 5942, 6065, 6112, 6117, 6132, 6166]","[484, 821, 1255, 1627, 1819, 2745, 2938]","[14, 34, 41, 329, 424, 454, 479, 488, 507, 530, 629, 646, 657, 663, 702, 718, 774, 834, 838, 865, 1020, 1063, 1073, 1077, 1082, 1160, 1259, 1275, 1387, 1418, 1474, 1494, 1625, 1631, 1692, 1705, 1707, 1718, 1798, 1854, 1907, 1944, 1960, 2152, 2236, 2329, 2360, 2406, 2429, 2448, 2475, 2493, 2499, 2507, 2558, 2579, 2598, 2699, 2729, 2755, 2759, 2873, 2889, 3059, 3164, 3175, 3195, 3211, 3270, 3524, 3534, 3554, 3906, 3915, 3950, 3967, 4033, 4069, 4081, 4088, 4099, 4139, 4152, 4232, 4252, 4256, 4272, 4298, 4381, 4389, 4396, 4482, 4529, 4536, 4642, 4672, 4674, 4844, 4967, 4974, 4997, 5016, 5100, 5109, 5131, 5135, 5177, 5187, 5211, 5213, 5217, 5243, 5320, 5425, 5598, 5647, 5783, 5847, 5870, 5899, 5942, 6065, 6112, 6117, 6132, 6166]","[484, 821, 1255, 1627, 1819, 2745, 2938]",6287,133,6154,7,126,6154,0
0.5,MAU09941,"[11, 28, 190, 229, 239, 299, 367, 401, 412, 484, 522, 534, 548, 576, 613, 629, 646, 705, 716, 749, 778, 829, 834, 860, 876, 887, 931, 1031, 1166, 1170, 1202, 1287, 1362, 1397, 1424, 1480, 1539, 1562, 1566, 1583, 1755, 1787, 1803, 1830, 1846, 1913, 1932, 1941, 2039, 2076, 2129, 2160, 2166, 2264, 2320, 2406, 2427, 2514, 2519, 2609, 2667, 2761, 2778, 2932, 2968, 3013, 3058, 3063, 3065, 3070, 3099, 3124, 3134, 3239, 3246, 3263, 3298, 3378, 3452, 3461, 3521, 3618, 3642, 3646, 3697]",[1830],"[11, 28, 190, 229, 239, 299, 367, 401, 412, 484, 522, 534, 548, 576, 613, 629, 646, 705, 716, 749, 778, 829, 834, 860, 876, 887, 931, 1031, 1166, 1170, 1202, 1287, 1362, 1397, 1424, 1480, 1539, 1562, 1566, 1583, 1755, 1787, 1803, 1846, 1913, 1932, 1941, 2039, 2076, 2129, 2160, 2166, 2264, 2320, 2406, 2427, 2514, 2519, 2609, 2667, 2761, 2778, 2932, 2968, 3013, 3058, 3063, 3065, 3070, 3099, 3124, 3134, 3239, 3246, 3263, 3298, 3378, 3452, 3461, 3521, 3618, 3642, 3646, 3697]",[1830],3798,85,3713,1,84,3713,0
0.5,MFAPOA2A,"[53, 57, 69, 133, 153, 155, 209, 226, 348, 379, 383, 416, 422, 462, 571, 575, 587, 634, 636, 638, 640, 642, 685, 707, 720, 753, 785, 875, 998, 1020, 1089, 1132, 1219, 1293, 1422, 1445, 1453]","[379, 785]","[53, 57, 69, 133, 153, 155, 209, 226, 348, 383, 416, 422, 462, 571, 575, 587, 634, 636, 638, 640, 642, 685, 707, 720, 753, 875, 998, 1020, 1089, 1132, 1219, 1293, 1422, 1445, 1453]","[379, 785]",1489,37,1452,2,35,1452,0
0.5,MFAPOC3A,"[115, 129, 232, 363, 441, 463, 585, 622, 642, 708, 817, 870, 913, 924, 952, 1155, 1172, 1239, 1264, 1285, 1322, 1333, 1402, 1522, 1530, 1608, 1626, 1681, 1715, 1798, 1852, 1871, 1980, 1993, 2040, 2074, 2106, 2116, 2190, 2232, 2242, 2384, 2439, 2496, 2647, 2666, 2689, 2712, 2721, 2740, 2759, 2773, 2789, 2801, 2803, 2878, 3068, 3142, 3180, 3194, 3213, 3240, 3244]","[913, 1172]","[115, 129, 232, 363, 441, 463, 585, 622, 642, 708, 817, 870, 924, 952, 1155, 1239, 1264, 1285, 1322, 1333, 1402, 1522, 1530, 1608, 1626, 1681, 1715, 1798, 1852, 1871, 1980, 1993, 2040, 2074, 2106, 2116, 2190, 2232, 2242, 2384, 2439, 2496, 2647, 2666, 2689, 2712, 2721, 2740, 2759, 2773, 2789, 2801, 2803, 2878, 3068, 3142, 3180, 3194, 3213, 3240, 3244]","[913, 1172]",3254,63,3191,2,61,3191,0
0.5,MMA2IXCOA,"[20, 33, 164, 181, 314, 370, 386, 416, 468, 473, 544, 579, 584, 599, 619, 625, 671, 682, 771, 782, 784, 798, 812, 852, 859, 878, 908, 1018, 1083, 1085, 1125, 1171, 1175, 1193, 1202, 1260, 1267, 1297, 1307, 1383, 1389, 1409, 1439, 1493, 1701, 1722, 1757, 1800, 1812, 1816, 1841, 1866, 1881, 1925, 1985, 1998, 2028, 2081, 2104, 2165, 2183, 2290, 2297, 2318, 2340, 2489, 2528, 2548, 2552, 2619, 2623, 2639, 2803, 2870, 2935, 3024, 3069, 3089, 3105, 3132, 3168, 3259, 3286, 3408, 3411, 3426, 3529, 3633, 3639, 3652, 3713, 3736, 3760, 3794, 3826, 3855, 3896, 3917, 3955, 3972, 3974, 4036, 4095, 4131, 4154, 4275, 4386, 4390, 4455, 4499, 4525, 4561, 4697, 4812, 4857, 4875, 4901, 5082, 5366, 5375, 5491, 5537, 5647, 5665, 5670, 5682, 5686, 5831, 5835, 5886, 5895, 5905, 5921, 5947, 6014, 6054, 6056, 6060, 6266, 6289, 6318, 6355, 6359, 6457, 6481, 6499, 6566, 6595, 6604, 6614, 6623, 6628, 6632, 6635, 6639, 6663, 6674, 6681, 6736, 6930, 6954, 7009, 7081, 7102, 7106, 7161, 7250, 7271, 7290, 7371, 7390, 7449, 7462, 7470, 7472, 7543, 7581, 7658, 7684, 7745, 7856, 7906, 7918, 7921, 7945, 8064, 8120, 8135, 8140, 8202, 8216, 8255, 8366, 8368, 8384, 8395, 8401, 8409, 8430, 8513, 8539, 8543, 8659, 8712, 8714, 8779, 8798, 8843, 8847, 8882, 8978, 8989, 9020, 9132, 9137, 9179, 9188, 9209, 9322, 9326, 9330, 9339, 9437, 9467, 9522, 9544, 9573, 9609, 9626, 9669, 9702, 9704, 9706, 9708, 9710, 9712, 9714, 9716, 9718, 9720, 9722, 9724, 9726, 9728, 9730, 9732, 9734, 9766, 9782, 9793, 9812, 9819, 9898, 10270, 10282, 10304, 10359, 10523, 10616, 10658, 10902, 10907, 10913, 10930, 10934, 11028, 11067, 11077, 11145, 11291, 11325, 11347, 11374, 11426, 11457, 11474, 11500, 11540, 11555, 11587, 11597, 11611, 11640, 11709, 11802, 11808, 11821, 11833, 11879, 11890, 11987, 12068, 12074, 12150, 12182, 12210, 12227, 12326, 12356, 12399, 12406, 12654, 12792, 12829, 12852, 12907, 12926, 12952, 12989, 13033, 13111, 13127, 13154, 13173, 13185, 13221, 13243, 13274, 13282, 13350, 13361, 13447, 13453, 13472, 13555, 13601, 13609, 13676, 13687, 13726, 13732, 13786, 13816, 13822, 13824, 13840, 13894, 13912, 13991, 14026, 14119, 14216, 14279, 14298, 14340, 14382, 14391, 14477, 14531, 14540, 14575, 14635, 14663, 14756, 14759, 14968, 15021, 15057, 15067, 15088, 15130, 15210, 15231, 15338, 15365, 15405, 15409, 15419, 15441, 15489, 15520, 15544, 15567, 15597, 15619, 15746, 15751, 15787, 15799, 15806, 15816, 15933, 15937, 15989, 16070, 16114, 16123, 16144, 16149, 16240, 16424, 16474, 16489, 16514, 16519, 16522, 16610, 16705, 16739, 16769, 16792, 16811, 16850, 16911, 16943, 16955, 17021, 17100, 17106, 17131, 17145, 17235, 17244, 17248, 17275, 17333, 17342, 17349, 17498, 17517, 17532, 17575, 17647, 17759, 17774, 17779, 17912, 18013, 18026, 18032, 18158, 18166, 18243, 18254, 18277, 18283, 18302, 18335, 18353, 18429, 18473, 18500, 18546, 18609, 18627, 18639, 18710, 18729, 18743, 18784, 18824, 18862, 18896, 19220, 19244, 19296, 19302, 19335, 19402, 19408, 19420, 19461]","[3132, 4386, 5682, 5831, 7102, 7250, 7371, 7684, 8064, 8216, 8401, 8539, 8882, 9322, 9467, 9626, 13033, 13447, 13726, 14575, 15021, 15338, 15597, 15746, 15933, 16114, 16240, 16522, 16811, 17275, 17647]","[20, 33, 164, 181, 314, 370, 386, 416, 468, 473, 544, 579, 584, 599, 619, 625, 671, 682, 771, 782, 784, 798, 812, 852, 859, 878, 908, 1018, 1083, 1085, 1125, 1171, 1175, 1193, 1202, 1260, 1267, 1297, 1307, 1383, 1389, 1409, 1439, 1493, 1701, 1722, 1757, 1800, 1812, 1816, 1841, 1866, 1881, 1925, 1985, 1998, 2028, 2081, 2104, 2165, 2183, 2290, 2297, 2318, 2340, 2489, 2528, 2548, 2552, 2619, 2623, 2639, 2803, 2870, 2935, 3024, 3069, 3089, 3105, 3168, 3259, 3286, 3408, 3411, 3426, 3529, 3633, 3639, 3652, 3713, 3736, 3760, 3794, 3826, 3855, 3896, 3917, 3955, 3972, 3974, 4036, 4095, 4131, 4154, 4275, 4390, 4455, 4499, 4525, 4561, 4697, 4812, 4857, 4875, 4901, 5082, 5366, 5375, 5491, 5537, 5647, 5665, 5670, 5686, 5835, 5886, 5895, 5905, 5921, 5947, 6014, 6054, 6056, 6060, 6266, 6289, 6318, 6355, 6359, 6457, 6481, 6499, 6566, 6595, 6604, 6614, 6623, 6628, 6632, 6635, 6639, 6663, 6674, 6681, 6736, 6930, 6954, 7009, 7081, 7106, 7161, 7271, 7290, 7390, 7449, 7462, 7470, 7472, 7543, 7581, 7658, 7745, 7856, 7906, 7918, 7921, 7945, 8120, 8135, 8140, 8202, 8255, 8366, 8368, 8384, 8395, 8409, 8430, 8513, 8543, 8659, 8712, 8714, 8779, 8798, 8843, 8847, 8978, 8989, 9020, 9132, 9137, 9179, 9188, 9209, 9326, 9330, 9339, 9437, 9522, 9544, 9573, 9609, 9669, 9702, 9704, 9706, 9708, 9710, 9712, 9714, 9716, 9718, 9720, 9722, 9724, 9726, 9728, 9730, 9732, 9734, 9766, 9782, 9793, 9812, 9819, 9898, 10270, 10282, 10304, 10359, 10523, 10616, 10658, 10902, 10907, 10913, 10930, 10934, 11028, 11067, 11077, 11145, 11291, 11325, 11347, 11374, 11426, 11457, 11474, 11500, 11540, 11555, 11587, 11597, 11611, 11640, 11709, 11802, 11808, 11821, 11833, 11879, 11890, 11987, 12068, 12074, 12150, 12182, 12210, 12227, 12326, 12356, 12399, 12406, 12654, 12792, 12829, 12852, 12907, 12926, 12952, 12989, 13111, 13127, 13154, 13173, 13185, 13221, 13243, 13274, 13282, 13350, 13361, 13453, 13472, 13555, 13601, 13609, 13676, 13687, 13732, 13786, 13816, 13822, 13824, 13840, 13894, 13912, 13991, 14026, 14119, 14216, 14279, 14298, 14340, 14382, 14391, 14477, 14531, 14540, 14635, 14663, 14756, 14759, 14968, 15057, 15067, 15088, 15130, 15210, 15231, 15365, 15405, 15409, 15419, 15441, 15489, 15520, 15544, 15567, 15619, 15751, 15787, 15799, 15806, 15816, 15937, 15989, 16070, 16123, 16144, 16149, 16424, 16474, 16489, 16514, 16519, 16610, 16705, 16739, 16769, 16792, 16850, 16911, 16943, 16955, 17021, 17100, 17106, 17131, 17145, 17235, 17244, 17248, 17333, 17342, 17349, 17498, 17517, 17532, 17575, 17759, 17774, 17779, 17912, 18013, 18026, 18032, 18158, 18166, 18243, 18254, 18277, 18283, 18302, 18335, 18353, 18429, 18473, 18500, 18546, 18609, 18627, 18639, 18710, 18729, 18743, 18784, 18824, 18862, 18896, 19220, 19244, 19296, 19302, 19335, 19402, 19408, 19420, 19461]","[3132, 4386, 5682, 5831, 7102, 7250, 7371, 7684, 8064, 8216, 8401, 8539, 8882, 9322, 9467, 9626, 13033, 13447, 13726, 14575, 15021, 15338, 15597, 15746, 15933, 16114, 16240, 16522, 16811, 17275, 17647]",19471,462,19009,31,431,19009,0
0.5,MMACLGNA,"[86, 123, 146, 155, 289, 297, 321, 341, 354, 412, 449, 461, 470, 474, 499, 537, 541, 553, 564, 579, 624, 641, 662, 664, 682, 690, 746, 847, 879, 889, 918, 940, 1106, 1110, 1129, 1143, 1180, 1192, 1196, 1261, 1370, 1418, 1421, 1458, 1462, 1499, 1518, 1574, 1622, 1720, 1725, 1731, 1762, 1805, 1841, 1852, 1906, 1937, 1972, 2080, 2153, 2205, 2343, 2363, 2397, 2420, 2441, 2449, 2507, 2524, 2537, 2557, 2561, 2580, 2582, 2584, 2586, 2588, 2590, 2592, 2594, 2596, 2598, 2600, 2602, 2604, 2606, 2608, 2610, 2612, 2614, 2616, 2637, 2645, 2666, 2734, 2757, 2807, 2824, 2883, 2923, 2933, 2952, 2957, 2969, 3107, 3119, 3131, 3143, 3178, 3255, 3325, 3408, 3442, 3640, 3647, 3731, 3824, 3850]","[474, 3178]","[86, 123, 146, 155, 289, 297, 321, 341, 354, 412, 449, 461, 470, 499, 537, 541, 553, 564, 579, 624, 641, 662, 664, 682, 690, 746, 847, 879, 889, 918, 940, 1106, 1110, 1129, 1143, 1180, 1192, 1196, 1261, 1370, 1418, 1421, 1458, 1462, 1499, 1518, 1574, 1622, 1720, 1725, 1731, 1762, 1805, 1841, 1852, 1906, 1937, 1972, 2080, 2153, 2205, 2343, 2363, 2397, 2420, 2441, 2449, 2507, 2524, 2537, 2557, 2561, 2580, 2582, 2584, 2586, 2588, 2590, 2592, 2594, 2596, 2598, 2600, 2602, 2604, 2606, 2608, 2610, 2612, 2614, 2616, 2637, 2645, 2666, 2734, 2757, 2807, 2824, 2883, 2923, 2933, 2952, 2957, 2969, 3107, 3119, 3131, 3143, 3255, 3325, 3408, 3442, 3640, 3647, 3731, 3824, 3850]","[474, 3178]",3873,119,3754,2,117,3754,0
0.5,MMAPOG,"[143, 246, 265, 288, 406, 474, 505, 536, 540, 556, 669, 708, 728, 741, 806, 823, 839, 860, 876, 945, 987, 1037, 1047, 1053, 1113, 1144, 1160, 1172, 1186, 1249, 1267, 1381, 1456, 1489, 1501, 1567, 1678, 1779, 1898, 1900, 1935, 1940, 2056, 2067, 2089, 2146]","[536, 806]","[143, 246, 265, 288, 406, 474, 505, 540, 556, 669, 708, 728, 741, 823, 839, 860, 876, 945, 987, 1037, 1047, 1053, 1113, 1144, 1160, 1172, 1186, 1249, 1267, 1381, 1456, 1489, 1501, 1567, 1678, 1779, 1898, 1900, 1935, 1940, 2056, 2067, 2089, 2146]","[536, 806]",2168,46,2122,2,44,2122,0
0.5,MMASM1G,"[143, 149, 192, 436, 439, 460, 505, 543, 575, 680, 688, 738, 869, 1014, 1024, 1088, 1092, 1096, 1141, 1173, 1180, 1216, 1230, 1240, 1245, 1260, 1274, 1294, 1298, 1313, 1331, 1333, 1335, 1364, 1412, 1492, 1546, 1554, 1585, 1591, 1699, 1742, 1750, 1794, 1820, 1896, 1905, 1907, 1977, 2065, 2086, 2094, 2104, 2244, 2253, 2257, 2315, 2332, 2419, 2518, 2625, 2651, 2668, 2684, 2703, 2718, 2830, 2889, 2928, 2952, 2961, 2994, 2998, 3013, 3168, 3245, 3265, 3299, 3310, 3367, 3541, 3599, 3619, 3642, 3745, 3749, 3785, 4171, 4314, 4340, 4582, 4681, 4685, 4764]","[1088, 2244, 2928, 3245, 3745]","[143, 149, 192, 436, 439, 460, 505, 543, 575, 680, 688, 738, 869, 1014, 1024, 1092, 1096, 1141, 1173, 1180, 1216, 1230, 1240, 1245, 1260, 1274, 1294, 1298, 1313, 1331, 1333, 1335, 1364, 1412, 1492, 1546, 1554, 1585, 1591, 1699, 1742, 1750, 1794, 1820, 1896, 1905, 1907, 1977, 2065, 2086, 2094, 2104, 2253, 2257, 2315, 2332, 2419, 2518, 2625, 2651, 2668, 2684, 2703, 2718, 2830, 2889, 2952, 2961, 2994, 2998, 3013, 3168, 3265, 3299, 3310, 3367, 3541, 3599, 3619, 3642, 3749, 3785, 4171, 4314, 4340, 4582, 4681, 4685, 4764]","[1088, 2244, 2928, 3245, 3745]",4767,94,4673,5,89,4673,0
0.5,MMCASEIB,"[15, 254, 282, 395, 439, 508, 599, 616, 723, 728, 784, 893, 940, 998, 1059, 1113, 1202, 1212, 1307, 1403, 1412, 1421, 1444, 1454, 1488, 1589, 1644, 1666, 1889, 1893, 2122, 2401, 2418, 2420, 2577, 2723, 2857, 2893, 2942, 2974, 2978, 3000, 3042, 3105, 3141, 3145, 3153, 3158, 3160, 3164, 3196, 3259, 3280, 3285, 3289, 3368, 3427, 3445, 3540, 3601, 3643, 3682, 3706, 3742, 3746, 3754, 3759, 3767, 3769, 3898, 3936, 3957, 3975, 3979, 4006, 4203, 4342, 4367, 4373, 4407, 4440, 4475, 4526, 4622, 4702, 4755, 4787, 4827, 4838, 4901, 4916, 5057, 5081, 5145, 5208, 5316, 5465, 5477, 5519, 5523, 5582, 5615, 5818, 5877, 5962, 5975, 6001, 6060, 6077, 6252, 6256, 6305, 6318, 6394, 6434, 6510, 6530, 6542, 6553, 6564, 6574, 6585, 6603, 6611, 6624, 6686, 6734, 6805, 6810, 6846, 6905, 6932, 6949, 6958, 6967, 6978, 7011, 7023, 7119, 7155, 7160, 7185, 7265, 7415, 7450, 7594, 7688, 7752, 7791, 7922, 7929, 7964, 8126, 8190, 8222, 8252, 8291, 8413, 8417, 8664, 8703, 8713, 8811, 8819, 8831, 8851, 8897, 8921, 9018, 9127, 9145, 9203, 9249, 9407, 9605, 9679, 9695, 9742, 9803, 9842, 9851, 9930, 10002, 10030, 10052, 10084, 10160, 10178, 10416, 10443, 10470, 10546, 10706, 10771, 10791, 10796, 10861, 11025, 11050, 11093, 11112, 11133, 11177, 11209, 11224, 11267, 11342, 11420, 11552, 11712, 11758, 11765, 11782, 11838, 12006, 12014, 12027, 12128, 12141, 12187, 12235, 12322, 12335, 12344, 12364, 12376, 12380, 12414, 12523, 12541, 12553, 12573, 12616, 12632, 12838, 12859, 12867, 12928, 12951, 12991, 13000]","[6252, 7023, 7160, 8126, 8252, 9803]","[15, 254, 282, 395, 439, 508, 599, 616, 723, 728, 784, 893, 940, 998, 1059, 1113, 1202, 1212, 1307, 1403, 1412, 1421, 1444, 1454, 1488, 1589, 1644, 1666, 1889, 1893, 2122, 2401, 2418, 2420, 2577, 2723, 2857, 2893, 2942, 2974, 2978, 3000, 3042, 3105, 3141, 3145, 3153, 3158, 3160, 3164, 3196, 3259, 3280, 3285, 3289, 3368, 3427, 3445, 3540, 3601, 3643, 3682, 3706, 3742, 3746, 3754, 3759, 3767, 3769, 3898, 3936, 3957, 3975, 3979, 4006, 4203, 4342, 4367, 4373, 4407, 4440, 4475, 4526, 4622, 4702, 4755, 4787, 4827, 4838, 4901, 4916, 5057, 5081, 5145, 5208, 5316, 5465, 5477, 5519, 5523, 5582, 5615, 5818, 5877, 5962, 5975, 6001, 6060, 6077, 6256, 6305, 6318, 6394, 6434, 6510, 6530, 6542, 6553, 6564, 6574, 6585, 6603, 6611, 6624, 6686, 6734, 6805, 6810, 6846, 6905, 6932, 6949, 6958, 6967, 6978, 7011, 7119, 7155, 7185, 7265, 7415, 7450, 7594, 7688, 7752, 7791, 7922, 7929, 7964, 8190, 8222, 8291, 8413, 8417, 8664, 8703, 8713, 8811, 8819, 8831, 8851, 8897, 8921, 9018, 9127, 9145, 9203, 9249, 9407, 9605, 9679, 9695, 9742, 9842, 9851, 9930, 10002, 10030, 10052, 10084, 10160, 10178, 10416, 10443, 10470, 10546, 10706, 10771, 10791, 10796, 10861, 11025, 11050, 11093, 11112, 11133, 11177, 11209, 11224, 11267, 11342, 11420, 11552, 11712, 11758, 11765, 11782, 11838, 12006, 12014, 12027, 12128, 12141, 12187, 12235, 12322, 12335, 12344, 12364, 12376, 12380, 12414, 12523, 12541, 12553, 12573, 12616, 12632, 12838, 12859, 12867, 12928, 12951, 12991, 13000]","[6252, 7023, 7160, 8126, 8252, 9803]",13046,241,12805,6,235,12805,0
0.5,MMCD24A,"[115, 171, 198, 233, 274, 287, 420, 450, 477, 481, 496, 630, 775, 937, 952, 1020, 1070, 1093, 1126, 1169, 1251, 1273, 1277, 1286, 1322, 1394, 1419, 1450, 1480, 1522, 1527, 1563, 1645, 1660, 1670, 1785, 1804, 1808, 1821, 1969, 2016, 2018, 2023, 2042, 2047, 2049, 2100, 2172, 2195, 2214, 2220, 2259, 2300, 2309, 2432, 2486, 2533, 2535, 2537, 2539, 2555, 2594, 2612, 2635, 2733, 2766, 2814, 2860, 2966, 3016, 3044, 3062, 3068, 3158, 3202, 3308, 3346, 3403, 3412, 3476, 3505, 3543, 3650, 3693, 3754, 3794, 3805, 3828, 3911, 3919, 3949, 3975, 4001, 4043, 4090, 4097, 4140, 4146, 4188, 4201, 4224, 4369, 4401, 4445, 4545, 4547, 4581, 4586, 4598, 4789, 4791, 4910, 5083, 5195, 5250, 5313, 5368, 5379, 5435, 5447, 5478, 5541, 5584, 5595, 5602, 5728, 5793, 5826, 5913, 5990, 6085, 6092, 6170, 6236, 6243, 6260, 6318, 6323, 6430, 6441, 6517, 6555, 6568, 6686, 6714, 6754, 6784, 6793, 6855, 6875, 6930, 6967, 6985, 7036, 7063, 7164, 7251, 7253, 7257, 7294, 7310, 7346, 7390, 7422, 7471, 7475, 7515, 7528, 7538, 7577, 7620]",[2486],"[115, 171, 198, 233, 274, 287, 420, 450, 477, 481, 496, 630, 775, 937, 952, 1020, 1070, 1093, 1126, 1169, 1251, 1273, 1277, 1286, 1322, 1394, 1419, 1450, 1480, 1522, 1527, 1563, 1645, 1660, 1670, 1785, 1804, 1808, 1821, 1969, 2016, 2018, 2023, 2042, 2047, 2049, 2100, 2172, 2195, 2214, 2220, 2259, 2300, 2309, 2432, 2533, 2535, 2537, 2539, 2555, 2594, 2612, 2635, 2733, 2766, 2814, 2860, 2966, 3016, 3044, 3062, 3068, 3158, 3202, 3308, 3346, 3403, 3412, 3476, 3505, 3543, 3650, 3693, 3754, 3794, 3805, 3828, 3911, 3919, 3949, 3975, 4001, 4043, 4090, 4097, 4140, 4146, 4188, 4201, 4224, 4369, 4401, 4445, 4545, 4547, 4581, 4586, 4598, 4789, 4791, 4910, 5083, 5195, 5250, 5313, 5368, 5379, 5435, 5447, 5478, 5541, 5584, 5595, 5602, 5728, 5793, 5826, 5913, 5990, 6085, 6092, 6170, 6236, 6243, 6260, 6318, 6323, 6430, 6441, 6517, 6555, 6568, 6686, 6714, 6754, 6784, 6793, 6855, 6875, 6930, 6967, 6985, 7036, 7063, 7164, 7251, 7253, 7257, 7294, 7310, 7346, 7390, 7422, 7471, 7475, 7515, 7528, 7538, 7577, 7620]",[2486],7632,171,7461,1,170,7461,0
0.5,MMCFOS,"[99, 262, 270, 334, 362, 376, 385, 417, 486, 491, 599, 615, 755, 844, 871, 890, 907, 965, 1009, 1025, 1057, 1231, 1244, 1248, 1308, 1320, 1356, 1387, 1459, 1646, 1685, 1790, 1801, 1841, 1850, 1873, 2137, 2162, 2168, 2173, 2194, 2208, 2234, 2320, 2363, 2402, 2626, 2655, 2762, 2843, 2949, 2967, 3039, 3118, 3125, 3157, 3175, 3213, 3243, 3247, 3264, 3367, 3398, 3414, 3429, 3509, 3656, 3715, 3718, 3856]","[844, 1850, 2363]","[99, 262, 270, 334, 362, 376, 385, 417, 486, 491, 599, 615, 755, 871, 890, 907, 965, 1009, 1025, 1057, 1231, 1244, 1248, 1308, 1320, 1356, 1387, 1459, 1646, 1685, 1790, 1801, 1841, 1873, 2137, 2162, 2168, 2173, 2194, 2208, 2234, 2320, 2402, 2626, 2655, 2762, 2843, 2949, 2967, 3039, 3118, 3125, 3157, 3175, 3213, 3243, 3247, 3264, 3367, 3398, 3414, 3429, 3509, 3656, 3715, 3718, 3856]","[844, 1850, 2363]",3959,70,3889,3,67,3889,0
0.5,MMCOL10A,"[30, 38, 203, 216, 322, 331, 377, 393, 544, 560, 694, 714, 872, 884, 974, 996, 1070, 1152, 1154, 1193, 1205, 1251, 1269, 1348, 1377, 1393, 1446, 1518, 1561, 1594, 1608, 1719, 1796, 1802, 1814, 1934, 1964, 1968, 2209, 2310, 2330, 2332, 2356, 2386, 2390, 2534, 2540, 2622, 2668, 2771, 2829, 2887, 2931, 2935, 2937, 2941, 2947, 3069, 3140, 3226, 3258, 3265, 3292, 3298, 3476, 3498, 3514, 3553, 3652, 3676, 3707, 3715, 3730, 3794, 3918, 3952, 3985, 4215, 4222, 4246, 4286, 4445, 4461, 4529, 4580, 4603, 4665, 4672, 4689, 4704, 4716, 4779, 4783, 4821, 4974, 5004, 5017, 5055, 5092, 5105, 5178, 5182, 5192, 5199, 5203, 5224, 5521, 5555, 5591, 5609, 5611, 5660, 5716, 5729, 5765, 5846, 5879, 5888, 5975, 6020, 6047, 6065, 6146, 6210, 6228, 6245, 6263, 6290, 6301, 6340, 6371, 6389, 6407, 6434, 6461, 6479, 6679, 6697, 6704, 6754, 6758, 6786, 6821, 6833, 6868, 6874, 6889, 6895, 6903, 6927, 6933, 6942, 7009, 7059, 7101, 7192, 7203, 7208, 7231, 7265, 7272, 7278, 7282, 7286, 7335, 7576, 7599, 7656, 7676, 7726, 7813, 7817, 7832, 7834, 7949, 7997, 8002, 8029, 8036, 8076, 8118, 8197, 8207, 8246, 8281, 8369, 8394, 8483, 8516, 8518, 8520, 8522, 8524, 8526, 8528, 8530, 8532, 8534, 8640, 8680, 8708, 8718, 8722, 8728, 8767, 8837, 8939, 9001, 9050, 9066, 9248, 9255, 9260, 9284, 9308, 9322]",[1802],"[30, 38, 203, 216, 322, 331, 377, 393, 544, 560, 694, 714, 872, 884, 974, 996, 1070, 1152, 1154, 1193, 1205, 1251, 1269, 1348, 1377, 1393, 1446, 1518, 1561, 1594, 1608, 1719, 1796, 1814, 1934, 1964, 1968, 2209, 2310, 2330, 2332, 2356, 2386, 2390, 2534, 2540, 2622, 2668, 2771, 2829, 2887, 2931, 2935, 2937, 2941, 2947, 3069, 3140, 3226, 3258, 3265, 3292, 3298, 3476, 3498, 3514, 3553, 3652, 3676, 3707, 3715, 3730, 3794, 3918, 3952, 3985, 4215, 4222, 4246, 4286, 4445, 4461, 4529, 4580, 4603, 4665, 4672, 4689, 4704, 4716, 4779, 4783, 4821, 4974, 5004, 5017, 5055, 5092, 5105, 5178, 5182, 5192, 5199, 5203, 5224, 5521, 5555, 5591, 5609, 5611, 5660, 5716, 5729, 5765, 5846, 5879, 5888, 5975, 6020, 6047, 6065, 6146, 6210, 6228, 6245, 6263, 6290, 6301, 6340, 6371, 6389, 6407, 6434, 6461, 6479, 6679, 6697, 6704, 6754, 6758, 6786, 6821, 6833, 6868, 6874, 6889, 6895, 6903, 6927, 6933, 6942, 7009, 7059, 7101, 7192, 7203, 7208, 7231, 7265, 7272, 7278, 7282, 7286, 7335, 7576, 7599, 7656, 7676, 7726, 7813, 7817, 7832, 7834, 7949, 7997, 8002, 8029, 8036, 8076, 8118, 8197, 8207, 8246, 8281, 8369, 8394, 8483, 8516, 8518, 8520, 8522, 8524, 8526, 8528, 8530, 8532, 8534, 8640, 8680, 8708, 8718, 8722, 8728, 8767, 8837, 8939, 9001, 9050, 9066, 9248, 9255, 9260, 9284, 9308, 9322]",[1802],9323,216,9107,1,215,9107,0
0.5,MMCRPG,"[32, 125, 328, 375, 415, 461, 523, 683, 716, 796, 809, 813, 816, 824, 870, 929, 959, 1003, 1011, 1037, 1055, 1063, 1110, 1167, 1289, 1293, 1302, 1623, 1628, 1984, 1988, 1996, 2017, 2074]",[375],"[32, 125, 328, 415, 461, 523, 683, 716, 796, 809, 813, 816, 824, 870, 929, 959, 1003, 1011, 1037, 1055, 1063, 1110, 1167, 1289, 1293, 1302, 1623, 1628, 1984, 1988, 1996, 2017, 2074]",[375],2132,34,2098,1,33,2098,0
0.5,MMCYTOKNA,"[122, 205, 271, 295, 481, 503, 592, 794, 796, 810, 926, 1042, 1089, 1123, 1127, 1339, 1393, 1559, 1580, 1612, 1632, 1657, 1666, 1871, 1881, 1983, 2047, 2157, 2161, 2169, 2177, 2231, 2239, 2252, 2417, 2432, 2460, 2523, 2532, 2542, 2549, 2553]","[810, 1559]","[122, 205, 271, 295, 481, 503, 592, 794, 796, 926, 1042, 1089, 1123, 1127, 1339, 1393, 1580, 1612, 1632, 1657, 1666, 1871, 1881, 1983, 2047, 2157, 2161, 2169, 2177, 2231, 2239, 2252, 2417, 2432, 2460, 2523, 2532, 2542, 2549, 2553]","[810, 1559]",2551,42,2509,2,40,2509,0
0.5,MMDM2RR,"[5, 30, 104, 302, 353, 359, 412, 461, 466, 496, 503, 665, 680, 691, 710, 713, 735, 742, 765, 854, 865, 867, 878, 898, 999, 1010, 1021, 1028, 1065, 1105, 1110, 1124, 1162, 1244, 1265, 1305, 1325, 1377, 1427, 1439, 1450, 1473, 1475, 1477, 1481, 1515, 1534, 1625, 1651, 1802, 1846, 1974, 2004, 2085, 2146, 2156, 2171, 2236, 2247, 2254, 2369, 2377, 2407, 2499, 2513, 2568, 2657, 2702, 2706, 2727, 2759, 2805, 2853, 2860, 2894, 2989, 3017, 3136, 3179, 3182, 3262, 3359, 3372, 3378, 3474, 3509, 3520, 3526, 3532, 3556, 3577, 3643, 3696, 3701, 3750, 3774, 3962, 3973, 4028, 4033, 4057, 4062, 4064, 4116, 4129, 4134, 4138, 4187, 4249, 4273, 4288, 4380, 4392, 4427, 4443, 4472, 4535, 4598, 4625, 4663, 4702, 4722, 4756, 4773, 4780, 4793, 4830, 4862, 4910, 4925, 4929, 4937, 4990, 5044, 5082, 5091, 5134, 5167, 5228, 5321, 5329, 5406, 5505, 5565, 5583, 5625, 5654, 5687, 5706, 5745, 5786, 5825, 5830, 5860, 5928, 5933, 6001, 6015, 6030, 6048, 6052, 6060, 6108, 6118, 6307, 6320, 6327, 6367, 6476, 6502, 6564, 6591]","[665, 854, 1305, 1651, 2702, 3701, 3962, 4925, 5134]","[5, 30, 104, 302, 353, 359, 412, 461, 466, 496, 503, 680, 691, 710, 713, 735, 742, 765, 865, 867, 878, 898, 999, 1010, 1021, 1028, 1065, 1105, 1110, 1124, 1162, 1244, 1265, 1325, 1377, 1427, 1439, 1450, 1473, 1475, 1477, 1481, 1515, 1534, 1625, 1802, 1846, 1974, 2004, 2085, 2146, 2156, 2171, 2236, 2247, 2254, 2369, 2377, 2407, 2499, 2513, 2568, 2657, 2706, 2727, 2759, 2805, 2853, 2860, 2894, 2989, 3017, 3136, 3179, 3182, 3262, 3359, 3372, 3378, 3474, 3509, 3520, 3526, 3532, 3556, 3577, 3643, 3696, 3750, 3774, 3973, 4028, 4033, 4057, 4062, 4064, 4116, 4129, 4134, 4138, 4187, 4249, 4273, 4288, 4380, 4392, 4427, 4443, 4472, 4535, 4598, 4625, 4663, 4702, 4722, 4756, 4773, 4780, 4793, 4830, 4862, 4910, 4929, 4937, 4990, 5044, 5082, 5091, 5167, 5228, 5321, 5329, 5406, 5505, 5565, 5583, 5625, 5654, 5687, 5706, 5745, 5786, 5825, 5830, 5860, 5928, 5933, 6001, 6015, 6030, 6048, 6052, 6060, 6108, 6118, 6307, 6320, 6327, 6367, 6476, 6502, 6564, 6591]","[665, 854, 1305, 1651, 2702, 3701, 3962, 4925, 5134]",6632,172,6460,9,163,6460,0
0.5,MMDNAASFA,"[33, 57, 139, 172, 188, 200, 291, 297, 302, 329, 345, 354, 369, 496, 542, 629, 800, 855, 859, 914, 918, 959, 987, 1042, 1150, 1163, 1241, 1301, 1313, 1364, 1377, 1406, 1412, 1497, 1560, 1576, 1580, 1616, 1627, 1705, 1746, 1767, 1780, 1823, 1876, 1894, 1905, 1923, 1940, 1957, 1999, 2084, 2120, 2135, 2194, 2229, 2319, 2357, 2406, 2421, 2431, 2469, 2491, 2508, 2514, 2603, 2695, 2818, 2932, 2996, 3067, 3159, 3188, 3192, 3221, 3239, 3244, 3271, 3295, 3306, 3310, 3455, 3464, 3517, 3530, 3546, 3558, 3641, 3682, 3703, 3826, 3886, 4082, 4092, 4104, 4118, 4175, 4195, 4220, 4235, 4306]","[855, 1241, 1576, 1823, 2135, 2357, 2695]","[33, 57, 139, 172, 188, 200, 291, 297, 302, 329, 345, 354, 369, 496, 542, 629, 800, 859, 914, 918, 959, 987, 1042, 1150, 1163, 1301, 1313, 1364, 1377, 1406, 1412, 1497, 1560, 1580, 1616, 1627, 1705, 1746, 1767, 1780, 1876, 1894, 1905, 1923, 1940, 1957, 1999, 2084, 2120, 2194, 2229, 2319, 2406, 2421, 2431, 2469, 2491, 2508, 2514, 2603, 2818, 2932, 2996, 3067, 3159, 3188, 3192, 3221, 3239, 3244, 3271, 3295, 3306, 3310, 3455, 3464, 3517, 3530, 3546, 3558, 3641, 3682, 3703, 3826, 3886, 4082, 4092, 4104, 4118, 4175, 4195, 4220, 4235, 4306]","[855, 1241, 1576, 1823, 2135, 2357, 2695]",4307,101,4206,7,94,4206,0
0.5,MMEZGL,"[17, 54, 106, 155, 161, 217, 219, 255, 535, 589, 613, 621, 637, 648, 661, 665, 701, 706, 715, 741, 802, 852, 863, 899, 910, 946, 971, 1007, 1009, 1011, 1013, 1015, 1017, 1019, 1021, 1023, 1025, 1027, 1029, 1031, 1033, 1035, 1037, 1039, 1041, 1043, 1045, 1049, 1112, 1164, 1167, 1191, 1276, 1364, 1497, 1509, 1576, 1587, 1599, 1625, 1658, 1824, 1902]","[589, 1599]","[17, 54, 106, 155, 161, 217, 219, 255, 535, 613, 621, 637, 648, 661, 665, 701, 706, 715, 741, 802, 852, 863, 899, 910, 946, 971, 1007, 1009, 1011, 1013, 1015, 1017, 1019, 1021, 1023, 1025, 1027, 1029, 1031, 1033, 1035, 1037, 1039, 1041, 1043, 1045, 1049, 1112, 1164, 1167, 1191, 1276, 1364, 1497, 1509, 1576, 1587, 1625, 1658, 1824, 1902]","[589, 1599]",1945,63,1882,2,61,1882,0
0.5,MMG37,"[57, 87, 205, 213, 245, 265, 304, 332, 336, 348, 360, 381, 399, 402, 405, 414, 489, 534, 612, 616, 666, 742, 779, 788, 792, 930, 999, 1014, 1049, 1062, 1091, 1096, 1193, 1248, 1303, 1338, 1358, 1441, 1700, 1706, 1718, 1775, 1860, 1901, 2024, 2040, 2078, 2119, 2128, 2130, 2134, 2147, 2181, 2229, 2275, 2308, 2329, 2363, 2378, 2408, 2469, 2476, 2540, 2570, 2574, 2681, 2771, 2784, 2788, 2845, 2862, 2911, 3059]","[332, 788, 1303, 2119, 2363, 2570]","[57, 87, 205, 213, 245, 265, 304, 336, 348, 360, 381, 399, 402, 405, 414, 489, 534, 612, 616, 666, 742, 779, 792, 930, 999, 1014, 1049, 1062, 1091, 1096, 1193, 1248, 1338, 1358, 1441, 1700, 1706, 1718, 1775, 1860, 1901, 2024, 2040, 2078, 2128, 2130, 2134, 2147, 2181, 2229, 2275, 2308, 2329, 2378, 2408, 2469, 2476, 2540, 2574, 2681, 2771, 2784, 2788, 2845, 2862, 2911, 3059]","[332, 788, 1303, 2119, 2363, 2570]",3065,73,2992,6,67,2992,0
0.5,MMGBCRYA,"[129, 161, 165, 169, 188, 220, 332, 472, 564, 671, 804, 862, 915, 929, 936, 1003, 1094, 1115, 1122, 1159, 1162, 1165, 1344, 1387, 1393, 1412, 1416, 1522, 1600, 1702, 1709, 1718, 1754, 1758, 1897, 1918, 1966, 2020, 2058, 2108, 2132, 2175, 2209, 2261, 2290, 2400, 2450, 2470, 2523, 2544, 2584, 2662]","[671, 1003]","[129, 161, 165, 169, 188, 220, 332, 472, 564, 804, 862, 915, 929, 936, 1094, 1115, 1122, 1159, 1162, 1165, 1344, 1387, 1393, 1412, 1416, 1522, 1600, 1702, 1709, 1718, 1754, 1758, 1897, 1918, 1966, 2020, 2058, 2108, 2132, 2175, 2209, 2261, 2290, 2400, 2450, 2470, 2523, 2544, 2584, 2662]","[671, 1003]",2653,52,2601,2,50,2601,0
0.5,MMGCCRYA,"[35, 79, 83, 148, 169, 399, 417, 436, 455, 523, 701, 721, 748, 857, 968, 982, 989, 1056, 1126, 1131, 1151, 1298, 1352, 1370, 1430, 1473, 1478, 1615, 1678, 1687, 1716, 1790, 1803, 1807, 1835, 1865, 1882, 1911, 1932, 2050, 2181, 2286, 2316, 2374, 2488, 2532, 2534, 2551, 2570, 2593, 2650, 2655, 2670, 2723, 2744, 2805, 2863, 2874]","[721, 1056]","[35, 79, 83, 148, 169, 399, 417, 436, 455, 523, 701, 748, 857, 968, 982, 989, 1126, 1131, 1151, 1298, 1352, 1370, 1430, 1473, 1478, 1615, 1678, 1687, 1716, 1790, 1803, 1807, 1835, 1865, 1882, 1911, 1932, 2050, 2181, 2286, 2316, 2374, 2488, 2532, 2534, 2551, 2570, 2593, 2650, 2655, 2670, 2723, 2744, 2805, 2863, 2874]","[721, 1056]",2884,58,2826,2,56,2826,0
0.5,MMGFAPD,"[88, 93, 103, 108, 171, 184, 311, 314, 346, 399, 460, 510, 652, 666, 713, 741, 759, 833, 967, 976, 990, 1035, 1096, 1158, 1163, 1169, 1175, 1231, 1243, 1246, 1269, 1286, 1288, 1292, 1298, 1309, 1324, 1340, 1367, 1423, 1464, 1500, 1614, 1624, 1646, 1706, 1710, 1761, 1830, 1850, 1901, 1942, 1992, 2021, 2075, 2119, 2179, 2261, 2277, 2284, 2378, 2380, 2382, 2384, 2449, 2561, 2650, 2668, 2758, 2760, 2810, 2878, 2957, 2982, 2995, 3001, 3128, 3175, 3344, 3351, 3367, 3376, 3389, 3413, 3473, 3484, 3497, 3585, 3660, 3678, 3711, 3906, 3911, 3921, 3932, 3941, 3960, 3994, 4027, 4251, 4335, 4567, 4602, 4663, 4709, 4730, 4735, 4738, 4771, 4868, 4874, 4886, 4892, 4910, 4931, 4939, 4947, 4976, 4983, 5093, 5217, 5219, 5221, 5223, 5225, 5227, 5229, 5231, 5233, 5235, 5237, 5239, 5241, 5245, 5253, 5267, 5277, 5279, 5298, 5328, 5421, 5452, 5456, 5461, 5471, 5481, 5531, 5568, 5659, 5685, 5693, 5702, 5835, 5973, 6029, 6094, 6113, 6258, 6297, 6333, 6370, 6406, 6510, 6547, 6584, 6620, 6656, 6692, 6728, 6765, 6806, 6837, 6873, 6909, 7042, 7098, 7117, 7192, 7196, 7198, 7231, 7253, 7327, 7436, 7448, 7469, 7478, 7498, 7533, 7577, 7596, 7605, 7620, 7650, 7739, 7744, 7746, 7754, 7759, 7846, 7877, 7902, 7907, 7948, 7959, 7962, 7982, 8027, 8031, 8039, 8145, 8155, 8227, 8292, 8347, 8381, 8409, 8423, 8451, 8495, 8529, 8551, 8587, 8592, 8598, 8611, 8628, 8630, 8664, 8725, 8750, 8828, 8854, 9093, 9105, 9109, 9135, 9154, 9210, 9212, 9266, 9301, 9323, 9474, 9493, 9499, 9534, 9548, 9671, 9780, 9788, 9811, 9936]","[713, 1624, 1901, 2995, 3906, 4335, 5452, 7907]","[88, 93, 103, 108, 171, 184, 311, 314, 346, 399, 460, 510, 652, 666, 741, 759, 833, 967, 976, 990, 1035, 1096, 1158, 1163, 1169, 1175, 1231, 1243, 1246, 1269, 1286, 1288, 1292, 1298, 1309, 1324, 1340, 1367, 1423, 1464, 1500, 1614, 1646, 1706, 1710, 1761, 1830, 1850, 1942, 1992, 2021, 2075, 2119, 2179, 2261, 2277, 2284, 2378, 2380, 2382, 2384, 2449, 2561, 2650, 2668, 2758, 2760, 2810, 2878, 2957, 2982, 3001, 3128, 3175, 3344, 3351, 3367, 3376, 3389, 3413, 3473, 3484, 3497, 3585, 3660, 3678, 3711, 3911, 3921, 3932, 3941, 3960, 3994, 4027, 4251, 4567, 4602, 4663, 4709, 4730, 4735, 4738, 4771, 4868, 4874, 4886, 4892, 4910, 4931, 4939, 4947, 4976, 4983, 5093, 5217, 5219, 5221, 5223, 5225, 5227, 5229, 5231, 5233, 5235, 5237, 5239, 5241, 5245, 5253, 5267, 5277, 5279, 5298, 5328, 5421, 5456, 5461, 5471, 5481, 5531, 5568, 5659, 5685, 5693, 5702, 5835, 5973, 6029, 6094, 6113, 6258, 6297, 6333, 6370, 6406, 6510, 6547, 6584, 6620, 6656, 6692, 6728, 6765, 6806, 6837, 6873, 6909, 7042, 7098, 7117, 7192, 7196, 7198, 7231, 7253, 7327, 7436, 7448, 7469, 7478, 7498, 7533, 7577, 7596, 7605, 7620, 7650, 7739, 7744, 7746, 7754, 7759, 7846, 7877, 7902, 7948, 7959, 7962, 7982, 8027, 8031, 8039, 8145, 8155, 8227, 8292, 8347, 8381, 8409, 8423, 8451, 8495, 8529, 8551, 8587, 8592, 8598, 8611, 8628, 8630, 8664, 8725, 8750, 8828, 8854, 9093, 9105, 9109, 9135, 9154, 9210, 9212, 9266, 9301, 9323, 9474, 9493, 9499, 9534, 9548, 9671, 9780, 9788, 9811, 9936]","[713, 1624, 1901, 2995, 3906, 4335, 5452, 7907]",9963,253,9710,8,245,9710,0
0.5,MMGGLINE,"[80, 125, 157, 204, 214, 279, 441, 567, 574, 725, 876, 945, 1113, 1133, 1135, 1274, 1368, 1389, 1465, 1475, 1487, 1616, 1735, 1787, 1815, 1827, 1925, 2008, 2069, 2076, 2240, 2250, 2288, 2298, 2331, 2499, 2520, 2587, 2599, 2634, 2693, 2728, 2730, 2753, 2760, 2801, 2871, 2910, 2980, 3031, 3044, 3150, 3162, 3212, 3214, 3216, 3218, 3220, 3222, 3224, 3226, 3228, 3230, 3232, 3236, 3240, 3244, 3248, 3250, 3256, 3295, 3302, 3337, 3428, 3439, 3530, 3536, 3581, 3605, 3621, 3807, 3811, 3833, 3835, 3839, 3850, 3883, 3929, 3948, 3963, 3977, 3995, 4044, 4049, 4133, 4209, 4227, 4233, 4274, 4288, 4400, 4417, 4429, 4460, 4501, 4514, 4519, 4618, 4717, 4790, 4813, 4824, 4831, 4883, 4949, 5020, 5084, 5098, 5150, 5163, 5181, 5418, 5502, 5518, 5624, 5630, 5639, 5666, 5706, 5849, 5976, 5998, 6023, 6025, 6122, 6164, 6257, 6352, 6374, 6493, 6612, 6664, 6694, 6706, 6804, 6887, 6948, 6955, 7119, 7129, 7167, 7177, 7210, 7378, 7399, 7466, 7478, 7513, 7572, 7607, 7609, 7632, 7639, 7680, 7750, 7789, 7859, 7910, 7923, 8029, 8041, 8091, 8093, 8095, 8097, 8099, 8101, 8103, 8105, 8107, 8109, 8111, 8113, 8117, 8131, 8170, 8177, 8212, 8303, 8314, 8405, 8411, 8456, 8480, 8496, 8700, 8710, 8721, 8723, 8757, 8791, 8822, 8829, 8852, 8921, 8951, 9000, 9006, 9016, 9096, 9120, 9162, 9179, 9193, 9222, 9258, 9263, 9275, 9342, 9360, 9373, 9395, 9450, 9470, 9567, 9578, 9585, 9641, 9680, 9714, 9752, 9785, 9849, 9871, 9951, 10169, 10194, 10308, 10386, 10392, 10407, 10420, 10425, 10462, 10496, 10567, 10582, 10693, 10781, 10885, 10978, 10982, 11009, 11037, 11052]","[7167, 7513]","[80, 125, 157, 204, 214, 279, 441, 567, 574, 725, 876, 945, 1113, 1133, 1135, 1274, 1368, 1389, 1465, 1475, 1487, 1616, 1735, 1787, 1815, 1827, 1925, 2008, 2069, 2076, 2240, 2250, 2288, 2298, 2331, 2499, 2520, 2587, 2599, 2634, 2693, 2728, 2730, 2753, 2760, 2801, 2871, 2910, 2980, 3031, 3044, 3150, 3162, 3212, 3214, 3216, 3218, 3220, 3222, 3224, 3226, 3228, 3230, 3232, 3236, 3240, 3244, 3248, 3250, 3256, 3295, 3302, 3337, 3428, 3439, 3530, 3536, 3581, 3605, 3621, 3807, 3811, 3833, 3835, 3839, 3850, 3883, 3929, 3948, 3963, 3977, 3995, 4044, 4049, 4133, 4209, 4227, 4233, 4274, 4288, 4400, 4417, 4429, 4460, 4501, 4514, 4519, 4618, 4717, 4790, 4813, 4824, 4831, 4883, 4949, 5020, 5084, 5098, 5150, 5163, 5181, 5418, 5502, 5518, 5624, 5630, 5639, 5666, 5706, 5849, 5976, 5998, 6023, 6025, 6122, 6164, 6257, 6352, 6374, 6493, 6612, 6664, 6694, 6706, 6804, 6887, 6948, 6955, 7119, 7129, 7177, 7210, 7378, 7399, 7466, 7478, 7572, 7607, 7609, 7632, 7639, 7680, 7750, 7789, 7859, 7910, 7923, 8029, 8041, 8091, 8093, 8095, 8097, 8099, 8101, 8103, 8105, 8107, 8109, 8111, 8113, 8117, 8131, 8170, 8177, 8212, 8303, 8314, 8405, 8411, 8456, 8480, 8496, 8700, 8710, 8721, 8723, 8757, 8791, 8822, 8829, 8852, 8921, 8951, 9000, 9006, 9016, 9096, 9120, 9162, 9179, 9193, 9222, 9258, 9263, 9275, 9342, 9360, 9373, 9395, 9450, 9470, 9567, 9578, 9585, 9641, 9680, 9714, 9752, 9785, 9849, 9871, 9951, 10169, 10194, 10308, 10386, 10392, 10407, 10420, 10425, 10462, 10496, 10567, 10582, 10693, 10781, 10885, 10978, 10982, 11009, 11037, 11052]","[7167, 7513]",11278,255,11023,2,253,11023,0
0.5,MMGK5,"[30, 91, 244, 270, 411, 420, 446, 480, 493, 503, 524, 561, 695, 829, 900, 1032, 1208, 1210, 1275, 1280, 1283, 1419, 1439, 1482, 1491, 1609, 1690, 1724, 1805, 1809, 1815, 1834, 1872, 1890, 1961, 2004, 2100, 2112, 2311, 2318, 2375, 2507, 2595, 2620, 2626, 2710, 2714, 2768, 2820, 2825, 2845, 2850, 2940, 2970, 2986, 3083, 3108, 3122, 3125, 3136, 3144, 3178, 3197, 3221, 3239, 3269, 3280, 3287, 3432, 3439, 3465, 3501, 3507, 3525, 3563]","[695, 1805, 2595, 2825]","[30, 91, 244, 270, 411, 420, 446, 480, 493, 503, 524, 561, 829, 900, 1032, 1208, 1210, 1275, 1280, 1283, 1419, 1439, 1482, 1491, 1609, 1690, 1724, 1809, 1815, 1834, 1872, 1890, 1961, 2004, 2100, 2112, 2311, 2318, 2375, 2507, 2620, 2626, 2710, 2714, 2768, 2820, 2845, 2850, 2940, 2970, 2986, 3083, 3108, 3122, 3125, 3136, 3144, 3178, 3197, 3221, 3239, 3269, 3280, 3287, 3432, 3439, 3465, 3501, 3507, 3525, 3563]","[695, 1805, 2595, 2825]",3602,75,3527,4,71,3527,0
0.5,MMH2D4Q5,"[78, 159, 163, 239, 257, 345, 350, 390, 445, 468, 472, 515, 644, 677, 818, 839, 899, 955, 1042, 1055]","[159, 644]","[78, 163, 239, 257, 345, 350, 390, 445, 468, 472, 515, 677, 818, 839, 899, 955, 1042, 1055]","[159, 644]",1100,20,1080,2,18,1080,0
0.5,MMHOX13,"[44, 82, 95, 110, 118, 133, 179, 269, 325, 369, 403, 470, 492, 553, 664, 800, 828, 832, 1037, 1083, 1105, 1119, 1135, 1147, 1156, 1169, 1345, 1393, 1429, 1440, 1455, 1475, 1497, 1570, 1574, 1647, 1651, 1716, 1726, 1730, 1769, 1976, 2028, 2064, 2068, 2076, 2109, 2182, 2289, 2376, 2401, 2407, 2483, 2504, 2558, 2570, 2583, 2595, 2603, 2653, 2658, 2694, 2715, 2798, 2811]",[800],"[44, 82, 95, 110, 118, 133, 179, 269, 325, 369, 403, 470, 492, 553, 664, 828, 832, 1037, 1083, 1105, 1119, 1135, 1147, 1156, 1169, 1345, 1393, 1429, 1440, 1455, 1475, 1497, 1570, 1574, 1647, 1651, 1716, 1726, 1730, 1769, 1976, 2028, 2064, 2068, 2076, 2109, 2182, 2289, 2376, 2401, 2407, 2483, 2504, 2558, 2570, 2583, 2595, 2603, 2653, 2658, 2694, 2715, 2798, 2811]",[800],2827,65,2762,1,64,2762,0
0.5,MMHOX24I,"[24, 47, 50, 72, 91, 98, 184, 281, 529, 631, 643, 705, 725, 730, 837, 868, 896, 914, 953, 1160, 1164, 1166, 1181, 1264, 1346, 1719, 1752, 1822, 1903, 1913]",[837],"[24, 47, 50, 72, 91, 98, 184, 281, 529, 631, 643, 705, 725, 730, 868, 896, 914, 953, 1160, 1164, 1166, 1181, 1264, 1346, 1719, 1752, 1822, 1903, 1913]",[837],1915,30,1885,1,29,1885,0
0.5,MMIL1BG,"[121, 136, 184, 341, 493, 572, 652, 674, 698, 718, 828, 834, 845, 849, 854, 869, 874, 878, 915, 937, 1069, 1099, 1108, 1294, 1334, 1356, 1360, 1364, 1532, 1567, 1803, 1807, 1830, 1843, 1888, 1938, 2068, 2114, 2183, 2371, 2426, 2428, 2470, 2489, 2650, 2764, 2787, 2803, 3028, 3095, 3123, 3222, 3239, 3249, 3253, 3269, 3323, 3333, 3423, 3437, 3571, 3680, 3764, 3908, 3929, 4239, 4271, 4275, 4334, 4339, 4398, 4402, 4617, 4651, 4684, 4691, 4735, 4785, 4844, 4866, 4921, 4923, 4988, 5080, 5100, 5180, 5236, 5247, 5399, 5547, 5643, 5679, 5691, 5891, 5954, 6000, 6031, 6043, 6110, 6134, 6172, 6205, 6214, 6241, 6319, 6400, 6443, 6477, 6509, 6565, 6610, 6670, 6907, 6909, 7028]","[1356, 1938, 3680, 4398, 5679]","[121, 136, 184, 341, 493, 572, 652, 674, 698, 718, 828, 834, 845, 849, 854, 869, 874, 878, 915, 937, 1069, 1099, 1108, 1294, 1334, 1360, 1364, 1532, 1567, 1803, 1807, 1830, 1843, 1888, 2068, 2114, 2183, 2371, 2426, 2428, 2470, 2489, 2650, 2764, 2787, 2803, 3028, 3095, 3123, 3222, 3239, 3249, 3253, 3269, 3323, 3333, 3423, 3437, 3571, 3764, 3908, 3929, 4239, 4271, 4275, 4334, 4339, 4402, 4617, 4651, 4684, 4691, 4735, 4785, 4844, 4866, 4921, 4923, 4988, 5080, 5100, 5180, 5236, 5247, 5399, 5547, 5643, 5691, 5891, 5954, 6000, 6031, 6043, 6110, 6134, 6172, 6205, 6214, 6241, 6319, 6400, 6443, 6477, 6509, 6565, 6610, 6670, 6907, 6909, 7028]","[1356, 1938, 3680, 4398, 5679]",7092,115,6977,5,110,6977,0
0.5,MMIL3G,"[68, 93, 103, 112, 129, 136, 156, 161, 167, 172, 188, 340, 350, 368, 388, 469, 686, 690, 703, 712, 732, 745, 824, 875, 929, 983, 1034, 1038, 1077, 1098, 1142, 1263, 1299, 1326, 1381, 1445, 1506, 1835, 1913, 1932, 1939, 1946, 1956, 1992, 2090, 2124, 2578, 2583, 2693, 2736, 2795, 2808, 2861, 2863, 2906, 2916, 3117, 3123, 3166, 3215, 3332, 3401, 3423]","[686, 824, 1913, 2090]","[68, 93, 103, 112, 129, 136, 156, 161, 167, 172, 188, 340, 350, 368, 388, 469, 690, 703, 712, 732, 745, 875, 929, 983, 1034, 1038, 1077, 1098, 1142, 1263, 1299, 1326, 1381, 1445, 1506, 1835, 1932, 1939, 1946, 1956, 1992, 2124, 2578, 2583, 2693, 2736, 2795, 2808, 2861, 2863, 2906, 2916, 3117, 3123, 3166, 3215, 3332, 3401, 3423]","[686, 824, 1913, 2090]",3482,63,3419,4,59,3419,0
0.5,MMIL5G,"[21, 25, 40, 87, 151, 153, 184, 216, 218, 295, 359, 674, 731, 736, 813, 818, 965, 970, 980, 1218, 1439, 1455, 1473, 1593, 1613, 1625, 1676, 1681, 1683, 1731, 1772, 1842, 1846, 1858, 1910, 1971, 1984, 2099, 2109, 2123, 2156, 2262, 2282, 2439, 2443, 2448, 2503, 2548, 2601, 2603, 2605, 2607, 2609, 2611, 2613, 2615, 2617, 2619, 2621, 2637, 2641, 2645, 2649, 2653, 2657, 2661, 2671, 2673, 2675, 2677, 2679, 2681, 2683, 2685, 2687, 2689, 2691, 2693, 2695, 2697, 2708, 2787, 2874, 2991, 2996, 3068, 3073, 3101, 3117, 3123, 3157, 3230, 3381, 3418, 3425, 3529, 3535, 3597, 3617, 3659, 3681, 3740, 3742, 3749, 3756, 3792, 3904, 3976, 4000, 4005, 4063, 4098, 4188, 4213, 4227, 4434, 4468, 4490, 4504, 4515, 4572, 4574, 4615, 4637, 4685, 4702, 4754, 4774, 4806, 4828, 4899, 4929, 4982, 4991, 4997, 5045, 5051, 5071, 5150, 5159, 5217, 5303, 5318, 5345, 5361, 5441, 5533, 5544, 5565, 5659, 5730, 5742, 5774, 5971, 5992, 6012, 6026, 6174, 6285, 6337, 6396, 6419, 6478, 6495, 6573, 6585, 6587, 6608, 6620, 6660]","[731, 1593, 3597]","[21, 25, 40, 87, 151, 153, 184, 216, 218, 295, 359, 674, 736, 813, 818, 965, 970, 980, 1218, 1439, 1455, 1473, 1613, 1625, 1676, 1681, 1683, 1731, 1772, 1842, 1846, 1858, 1910, 1971, 1984, 2099, 2109, 2123, 2156, 2262, 2282, 2439, 2443, 2448, 2503, 2548, 2601, 2603, 2605, 2607, 2609, 2611, 2613, 2615, 2617, 2619, 2621, 2637, 2641, 2645, 2649, 2653, 2657, 2661, 2671, 2673, 2675, 2677, 2679, 2681, 2683, 2685, 2687, 2689, 2691, 2693, 2695, 2697, 2708, 2787, 2874, 2991, 2996, 3068, 3073, 3101, 3117, 3123, 3157, 3230, 3381, 3418, 3425, 3529, 3535, 3617, 3659, 3681, 3740, 3742, 3749, 3756, 3792, 3904, 3976, 4000, 4005, 4063, 4098, 4188, 4213, 4227, 4434, 4468, 4490, 4504, 4515, 4572, 4574, 4615, 4637, 4685, 4702, 4754, 4774, 4806, 4828, 4899, 4929, 4982, 4991, 4997, 5045, 5051, 5071, 5150, 5159, 5217, 5303, 5318, 5345, 5361, 5441, 5533, 5544, 5565, 5659, 5730, 5742, 5774, 5971, 5992, 6012, 6026, 6174, 6285, 6337, 6396, 6419, 6478, 6495, 6573, 6585, 6587, 6608, 6620, 6660]","[731, 1593, 3597]",6719,170,6549,3,167,6549,0
0.5,MMKFGF,"[47, 147, 151, 271, 274, 352, 379, 406, 469, 493, 515, 518, 542, 566, 601, 693, 779, 861, 869, 873, 875, 941, 961, 976, 1040, 1045, 1059, 1086, 1107, 1135, 1139, 1160, 1173, 1193, 1254, 1259, 1279, 1337, 1458, 1493, 1548, 1556, 1574, 1624, 1647, 1912, 1914, 1929, 1947, 1966, 1977, 2012, 2079, 2090, 2322, 2326, 2404, 2484, 2548, 2561, 2607, 2632, 2715, 2722, 2731, 2753, 2784, 2820, 2857, 2861, 2886, 3142, 3185, 3218, 3332, 3349, 3422, 3456, 3476, 3534, 3596, 3730, 3759, 3777, 3797, 3801, 3818, 3835, 3886]","[542, 1045]","[47, 147, 151, 271, 274, 352, 379, 406, 469, 493, 515, 518, 566, 601, 693, 779, 861, 869, 873, 875, 941, 961, 976, 1040, 1059, 1086, 1107, 1135, 1139, 1160, 1173, 1193, 1254, 1259, 1279, 1337, 1458, 1493, 1548, 1556, 1574, 1624, 1647, 1912, 1914, 1929, 1947, 1966, 1977, 2012, 2079, 2090, 2322, 2326, 2404, 2484, 2548, 2561, 2607, 2632, 2715, 2722, 2731, 2753, 2784, 2820, 2857, 2861, 2886, 3142, 3185, 3218, 3332, 3349, 3422, 3456, 3476, 3534, 3596, 3730, 3759, 3777, 3797, 3801, 3818, 3835, 3886]","[542, 1045]",3981,89,3892,2,87,3892,0
0.5,MMLDHAG,"[48, 92, 105, 210, 232, 275, 286, 338, 403, 437, 451, 494, 571, 731, 736, 829, 867, 894, 901, 928, 1012, 1030, 1045, 1052, 1081, 1085, 1117, 1169, 1180, 1265, 1276, 1299, 1328, 1349, 1378, 1423, 1543, 1552, 1679, 1782, 1860, 1880, 1906, 1988, 1993, 2096, 2100, 2132, 2186, 2235, 2250, 2305, 2315, 2392, 2429, 2487, 2492, 2509, 2523, 2548, 2568, 2574, 2616, 2653, 2687, 2699, 2774, 2779, 2819, 2825, 2852, 2876, 2915, 2931, 2946, 2978, 2997, 3045, 3061, 3066, 3084, 3093, 3165, 3195, 3291, 3295, 3302, 3339, 3345, 3350, 3391, 3434, 3469, 3532, 3548, 3563, 3569, 3599, 3649, 3667, 3670, 3687, 3728, 3772, 3810, 3939, 3947, 3965, 4043, 4077, 4089, 4167, 4189, 4205, 4226, 4240, 4330, 4337, 4377, 4396, 4412, 4478, 4532, 4536, 4563, 4577, 4609, 4614, 4616, 4649, 4667, 4689, 4737, 4786, 4824, 4893, 4907, 4966, 4992, 4997, 5097, 5138, 5333, 5458, 5617, 5676, 5788, 5919, 5934, 5945, 5971, 6038, 6042, 6123, 6154, 6189, 6219, 6326, 6421, 6425, 6454, 6459, 6462, 6475, 6521, 6597, 6680, 6701, 6731, 6778, 6797, 6855, 6877, 6886, 6936, 6951, 7005, 7048, 7092, 7130, 7171, 7208, 7212, 7224, 7228, 7246, 7283, 7338, 7342, 7352, 7364, 7398, 7401, 7407, 7547, 7582, 7668, 7776, 7780, 7784, 7857, 7959, 7963, 8028, 8181, 8194, 8206, 8280, 8295, 8315, 8319, 8327, 8336, 8344, 8357, 8380, 8402, 8414, 8435, 8445, 8454, 8478, 8484, 8494, 8496, 8586, 8589, 8597, 8680, 8827, 8833, 8909, 8931, 8945, 8975, 8981, 8994, 9006, 9117, 9123, 9125, 9175, 9224, 9289, 9430, 9494, 9507, 9510, 9601, 9652, 9818, 9869, 9891, 9897, 9934, 9999, 10037, 10068, 10148, 10220, 10279, 10281, 10407, 10430, 10447, 10471, 10503, 10517, 10579, 10590, 10606, 10677, 10704, 10711, 10812, 10855, 10929, 10980, 11002, 11030, 11040, 11050, 11076, 11081, 11135, 11218, 11226, 11308, 11426, 11452, 11500, 11532, 11549, 11617, 11649, 11655, 11822, 11845, 11847, 11893, 11907, 11915, 11921, 11977, 12056, 12060, 12095, 12148, 12155, 12220, 12255, 12262, 12279, 12365, 12395, 12400, 12466, 12518, 12598, 12637, 12706, 12721, 12736, 12773, 12827]","[4577, 5919, 7171, 7668, 8597, 10704]","[48, 92, 105, 210, 232, 275, 286, 338, 403, 437, 451, 494, 571, 731, 736, 829, 867, 894, 901, 928, 1012, 1030, 1045, 1052, 1081, 1085, 1117, 1169, 1180, 1265, 1276, 1299, 1328, 1349, 1378, 1423, 1543, 1552, 1679, 1782, 1860, 1880, 1906, 1988, 1993, 2096, 2100, 2132, 2186, 2235, 2250, 2305, 2315, 2392, 2429, 2487, 2492, 2509, 2523, 2548, 2568, 2574, 2616, 2653, 2687, 2699, 2774, 2779, 2819, 2825, 2852, 2876, 2915, 2931, 2946, 2978, 2997, 3045, 3061, 3066, 3084, 3093, 3165, 3195, 3291, 3295, 3302, 3339, 3345, 3350, 3391, 3434, 3469, 3532, 3548, 3563, 3569, 3599, 3649, 3667, 3670, 3687, 3728, 3772, 3810, 3939, 3947, 3965, 4043, 4077, 4089, 4167, 4189, 4205, 4226, 4240, 4330, 4337, 4377, 4396, 4412, 4478, 4532, 4536, 4563, 4609, 4614, 4616, 4649, 4667, 4689, 4737, 4786, 4824, 4893, 4907, 4966, 4992, 4997, 5097, 5138, 5333, 5458, 5617, 5676, 5788, 5934, 5945, 5971, 6038, 6042, 6123, 6154, 6189, 6219, 6326, 6421, 6425, 6454, 6459, 6462, 6475, 6521, 6597, 6680, 6701, 6731, 6778, 6797, 6855, 6877, 6886, 6936, 6951, 7005, 7048, 7092, 7130, 7208, 7212, 7224, 7228, 7246, 7283, 7338, 7342, 7352, 7364, 7398, 7401, 7407, 7547, 7582, 7776, 7780, 7784, 7857, 7959, 7963, 8028, 8181, 8194, 8206, 8280, 8295, 8315, 8319, 8327, 8336, 8344, 8357, 8380, 8402, 8414, 8435, 8445, 8454, 8478, 8484, 8494, 8496, 8586, 8589, 8680, 8827, 8833, 8909, 8931, 8945, 8975, 8981, 8994, 9006, 9117, 9123, 9125, 9175, 9224, 9289, 9430, 9494, 9507, 9510, 9601, 9652, 9818, 9869, 9891, 9897, 9934, 9999, 10037, 10068, 10148, 10220, 10279, 10281, 10407, 10430, 10447, 10471, 10503, 10517, 10579, 10590, 10606, 10677, 10711, 10812, 10855, 10929, 10980, 11002, 11030, 11040, 11050, 11076, 11081, 11135, 11218, 11226, 11308, 11426, 11452, 11500, 11532, 11549, 11617, 11649, 11655, 11822, 11845, 11847, 11893, 11907, 11915, 11921, 11977, 12056, 12060, 12095, 12148, 12155, 12220, 12255, 12262, 12279, 12365, 12395, 12400, 12466, 12518, 12598, 12637, 12706, 12721, 12736, 12773, 12827]","[4577, 5919, 7171, 7668, 8597, 10704]",12843,325,12518,6,319,12518,0
0.5,MMMMP9A,"[11, 70, 74, 96, 164, 216, 299, 316, 388, 393, 483, 561, 563, 607, 744, 746, 826, 854, 863, 880, 967, 971, 1007, 1030, 1035, 1096, 1174, 1341, 1357, 1378, 1440, 1451, 1461, 1469, 1476, 1483, 1508, 1530, 1562, 1569, 1587, 1600, 1625, 1631, 1633, 1669, 1682, 1693, 1734, 1747, 1786, 1890, 1949, 1981, 2008, 2015, 2031, 2039, 2068, 2125, 2293, 2295, 2305, 2331, 2366, 2375, 2550, 2665, 2777, 2781, 2801, 2849, 2889, 2920, 3058, 3064, 3068, 3081, 3107, 3148, 3173, 3187, 3222, 3230, 3283, 3359, 3395, 3418, 3441, 3479, 3639, 3808, 3841, 3852, 3886, 3888, 3922, 3945, 3971, 4020, 4051, 4067, 4115, 4132, 4141, 4195, 4201, 4206, 4257, 4302, 4321, 4373, 4388, 4457, 4478, 4492, 4517, 4525, 4666, 4669, 4851, 4864, 4898, 4944, 4948, 5250, 5301, 5332, 5471, 5483, 5695, 5708, 5712, 5716, 5795, 5799, 5862, 5936, 5971, 5977, 6001, 6008, 6087, 6165, 6215, 6237, 6282, 6291, 6356, 6378, 6417, 6482, 6506, 6525, 6556, 6564, 6601, 6746, 6786, 6852, 6942, 6949, 7000, 7049, 7057, 7082, 7091, 7111, 7120, 7141, 7168, 7374, 7402, 7414, 7431, 7445, 7504, 7632, 7638, 7693, 7710, 7750, 7752, 7770, 7779, 7791, 7800, 7809, 7818, 7838, 7874, 7939, 7954, 7964, 8135, 8140]","[1341, 2008, 2375, 2781, 3064, 3418, 3945, 4206, 5695, 5936, 6356, 6564]","[11, 70, 74, 96, 164, 216, 299, 316, 388, 393, 483, 561, 563, 607, 744, 746, 826, 854, 863, 880, 967, 971, 1007, 1030, 1035, 1096, 1174, 1357, 1378, 1440, 1451, 1461, 1469, 1476, 1483, 1508, 1530, 1562, 1569, 1587, 1600, 1625, 1631, 1633, 1669, 1682, 1693, 1734, 1747, 1786, 1890, 1949, 1981, 2015, 2031, 2039, 2068, 2125, 2293, 2295, 2305, 2331, 2366, 2550, 2665, 2777, 2801, 2849, 2889, 2920, 3058, 3068, 3081, 3107, 3148, 3173, 3187, 3222, 3230, 3283, 3359, 3395, 3441, 3479, 3639, 3808, 3841, 3852, 3886, 3888, 3922, 3971, 4020, 4051, 4067, 4115, 4132, 4141, 4195, 4201, 4257, 4302, 4321, 4373, 4388, 4457, 4478, 4492, 4517, 4525, 4666, 4669, 4851, 4864, 4898, 4944, 4948, 5250, 5301, 5332, 5471, 5483, 5708, 5712, 5716, 5795, 5799, 5862, 5971, 5977, 6001, 6008, 6087, 6165, 6215, 6237, 6282, 6291, 6378, 6417, 6482, 6506, 6525, 6556, 6601, 6746, 6786, 6852, 6942, 6949, 7000, 7049, 7057, 7082, 7091, 7111, 7120, 7141, 7168, 7374, 7402, 7414, 7431, 7445, 7504, 7632, 7638, 7693, 7710, 7750, 7752, 7770, 7779, 7791, 7800, 7809, 7818, 7838, 7874, 7939, 7954, 7964, 8135, 8140]","[1341, 2008, 2375, 2781, 3064, 3418, 3945, 4206, 5695, 5936, 6356, 6564]",8182,196,7986,12,184,7986,0
0.5,MMMRPS24,"[40, 46, 166, 217, 257, 266, 346, 353, 392, 404, 533, 645, 670, 712, 728, 825, 836, 884, 925, 959, 1005, 1076, 1089, 1101, 1106, 1132, 1180, 1196, 1221, 1379, 1403, 1460, 1518, 1525, 1584, 1622, 1675, 1678, 1761, 1765, 1794, 1827, 1994, 2021, 2030, 2055, 2059, 2108, 2122, 2149, 2168, 2206, 2253, 2406, 2481, 2551, 2571, 2589, 2617, 2652, 2656, 2669, 2675, 2683, 2881, 2911, 2928, 2967, 2976, 2987, 3095, 3119, 3123, 3137, 3192, 3263, 3291, 3417, 3450, 3541, 3557, 3619, 3649, 3713, 3731, 3733, 3737, 3776, 3803, 3818, 3824, 3902, 3917, 3934, 3938, 3974, 3988, 4037, 4070, 4074, 4092, 4110, 4168, 4201, 4371, 4375, 4461, 4518, 4546, 4599, 4604, 4658, 4670, 4677, 4757, 4821, 4832, 4836, 4892, 4905, 4910, 4917, 4921, 4942, 4969, 4979, 5025, 5070, 5091, 5154, 5195, 5228, 5255, 5261, 5276, 5435, 5453, 5458]","[404, 1460, 1761, 3137]","[40, 46, 166, 217, 257, 266, 346, 353, 392, 533, 645, 670, 712, 728, 825, 836, 884, 925, 959, 1005, 1076, 1089, 1101, 1106, 1132, 1180, 1196, 1221, 1379, 1403, 1518, 1525, 1584, 1622, 1675, 1678, 1765, 1794, 1827, 1994, 2021, 2030, 2055, 2059, 2108, 2122, 2149, 2168, 2206, 2253, 2406, 2481, 2551, 2571, 2589, 2617, 2652, 2656, 2669, 2675, 2683, 2881, 2911, 2928, 2967, 2976, 2987, 3095, 3119, 3123, 3192, 3263, 3291, 3417, 3450, 3541, 3557, 3619, 3649, 3713, 3731, 3733, 3737, 3776, 3803, 3818, 3824, 3902, 3917, 3934, 3938, 3974, 3988, 4037, 4070, 4074, 4092, 4110, 4168, 4201, 4371, 4375, 4461, 4518, 4546, 4599, 4604, 4658, 4670, 4677, 4757, 4821, 4832, 4836, 4892, 4905, 4910, 4917, 4921, 4942, 4969, 4979, 5025, 5070, 5091, 5154, 5195, 5228, 5255, 5261, 5276, 5435, 5453, 5458]","[404, 1460, 1761, 3137]",5491,138,5353,4,134,5353,0
0.5,MMMTIX,"[10, 35, 172, 203, 213, 238, 325, 402, 437, 559, 586, 634, 681, 706, 758, 770, 844, 931, 951, 970, 1182, 1198, 1235, 1241, 1246, 1255, 1280, 1287, 1355, 1401, 1406, 1427, 1466, 1502, 1515]","[402, 951]","[10, 35, 172, 203, 213, 238, 325, 437, 559, 586, 634, 681, 706, 758, 770, 844, 931, 970, 1182, 1198, 1235, 1241, 1246, 1255, 1280, 1287, 1355, 1401, 1406, 1427, 1466, 1502, 1515]","[402, 951]",1552,35,1517,2,33,1517,0
0.5,MMMUPBS6,"[14, 79, 149, 215, 219, 329, 449, 537, 722, 731, 766, 792, 813, 861, 889, 926, 940, 969, 1015, 1024, 1203, 1207, 1246, 1298, 1329, 1395, 1408, 1412, 1451, 1583, 1614, 1666, 1714, 1727, 1755, 1831, 1901, 1908, 2027, 2038, 2043, 2045, 2049, 2107, 2109, 2123, 2125, 2127, 2129, 2131, 2133, 2135, 2137, 2139, 2141, 2143, 2145, 2191, 2193, 2242, 2277, 2286, 2349, 2425, 2452, 2481, 2601, 2607, 2623, 2793, 2798, 2934, 2963, 3153, 3171, 3185, 3236, 3366, 3445, 3476, 3506, 3628, 3633, 3685, 3746, 3752, 3770, 3825, 3883, 3945, 3947, 3962, 4029, 4034, 4062, 4300, 4311, 4515, 4527, 4531, 4557, 4588]","[731, 1203, 2045, 2793, 3236]","[14, 79, 149, 215, 219, 329, 449, 537, 722, 766, 792, 813, 861, 889, 926, 940, 969, 1015, 1024, 1207, 1246, 1298, 1329, 1395, 1408, 1412, 1451, 1583, 1614, 1666, 1714, 1727, 1755, 1831, 1901, 1908, 2027, 2038, 2043, 2049, 2107, 2109, 2123, 2125, 2127, 2129, 2131, 2133, 2135, 2137, 2139, 2141, 2143, 2145, 2191, 2193, 2242, 2277, 2286, 2349, 2425, 2452, 2481, 2601, 2607, 2623, 2798, 2934, 2963, 3153, 3171, 3185, 3366, 3445, 3476, 3506, 3628, 3633, 3685, 3746, 3752, 3770, 3825, 3883, 3945, 3947, 3962, 4029, 4034, 4062, 4300, 4311, 4515, 4527, 4531, 4557, 4588]","[731, 1203, 2045, 2793, 3236]",4614,102,4512,5,97,4512,0
0.5,MMMYCL,"[26, 68, 99, 256, 264, 270, 275, 277, 317, 337, 369, 404, 522, 580, 700, 763, 765, 806, 810, 829, 840, 842, 844, 848, 898, 919, 931, 1018, 1044, 1085, 1170, 1252, 1305, 1396, 1493, 1565, 1575, 1615, 1703, 1727, 1764, 1787, 1831, 1917, 1921, 1951, 1955, 1959, 1963, 1980, 2009, 2042, 2048, 2076, 2084, 2341, 2350, 2361, 2419, 2554, 2581, 2634, 2759, 2785, 2893, 2961, 3250, 3287, 3292, 3318, 3327, 3374, 3378, 3447, 3452, 3461, 3569, 3705, 3734, 3810, 3847, 3894, 3914, 3921, 3949, 3956, 3990, 3996, 4161, 4188, 4195, 4218, 4334, 4360, 4379, 4513, 4605, 4607, 4609, 4613, 4617, 4673, 4690, 4696, 4744, 4948, 4963, 4970, 5002, 5023, 5107, 5146, 5185, 5229, 5262, 5420, 5422, 5452, 5557, 5610, 5613, 5640, 5655, 5829, 5883, 6229, 6280, 6468, 6484, 6491, 6497, 6573, 6619, 6725, 6731, 6736, 6738, 6752, 6811, 6937, 6994, 7001, 7044, 7052, 7128, 7147, 7251, 7257, 7263, 7332, 7420, 7429, 7436, 7455, 7467, 7477, 7516, 7560, 7565, 7571, 7598, 7609, 7611, 7613, 7628, 7635, 7721, 7734, 7736, 7740, 7750, 7755, 7792, 7848, 7918, 7927, 8038, 8066, 8161, 8219, 8269]",[1787],"[26, 68, 99, 256, 264, 270, 275, 277, 317, 337, 369, 404, 522, 580, 700, 763, 765, 806, 810, 829, 840, 842, 844, 848, 898, 919, 931, 1018, 1044, 1085, 1170, 1252, 1305, 1396, 1493, 1565, 1575, 1615, 1703, 1727, 1764, 1831, 1917, 1921, 1951, 1955, 1959, 1963, 1980, 2009, 2042, 2048, 2076, 2084, 2341, 2350, 2361, 2419, 2554, 2581, 2634, 2759, 2785, 2893, 2961, 3250, 3287, 3292, 3318, 3327, 3374, 3378, 3447, 3452, 3461, 3569, 3705, 3734, 3810, 3847, 3894, 3914, 3921, 3949, 3956, 3990, 3996, 4161, 4188, 4195, 4218, 4334, 4360, 4379, 4513, 4605, 4607, 4609, 4613, 4617, 4673, 4690, 4696, 4744, 4948, 4963, 4970, 5002, 5023, 5107, 5146, 5185, 5229, 5262, 5420, 5422, 5452, 5557, 5610, 5613, 5640, 5655, 5829, 5883, 6229, 6280, 6468, 6484, 6491, 6497, 6573, 6619, 6725, 6731, 6736, 6738, 6752, 6811, 6937, 6994, 7001, 7044, 7052, 7128, 7147, 7251, 7257, 7263, 7332, 7420, 7429, 7436, 7455, 7467, 7477, 7516, 7560, 7565, 7571, 7598, 7609, 7611, 7613, 7628, 7635, 7721, 7734, 7736, 7740, 7750, 7755, 7792, 7848, 7918, 7927, 8038, 8066, 8161, 8219, 8269]",[1787],8308,181,8127,1,180,8127,0
0.5,MMNFMG,"[23, 50, 59, 61, 97, 120, 138, 225, 243, 274, 284, 334, 336, 347, 352, 421, 527, 638, 728, 908, 993, 1043, 1064, 1205, 1223, 1244, 1260, 1277, 1319, 1510, 1549, 1553, 1634, 1733, 1747, 1774, 1791, 1890, 1896, 2199, 2201, 2336, 2340, 2378, 2404, 2456, 2534, 2540, 2631, 2700, 2728, 2756, 2787, 2843, 2878, 2961, 3093, 3122, 3127, 3129, 3145, 3168, 3175, 3247, 3275, 3339, 3397, 3452, 3597, 3601, 3686, 3691, 3793, 3812, 3821, 3853, 3876, 4005, 4040, 4137, 4252, 4343, 4350, 4394, 4409, 4448, 4498, 4531, 4585, 4619, 4693, 4753, 4777, 4794, 4798, 4804, 4855, 4886, 4901, 4907, 4954, 5000, 5044, 5081, 5110, 5141, 5167, 5185, 5236, 5245, 5282, 5311, 5341, 5439]","[1634, 2540]","[23, 50, 59, 61, 97, 120, 138, 225, 243, 274, 284, 334, 336, 347, 352, 421, 527, 638, 728, 908, 993, 1043, 1064, 1205, 1223, 1244, 1260, 1277, 1319, 1510, 1549, 1553, 1733, 1747, 1774, 1791, 1890, 1896, 2199, 2201, 2336, 2340, 2378, 2404, 2456, 2534, 2631, 2700, 2728, 2756, 2787, 2843, 2878, 2961, 3093, 3122, 3127, 3129, 3145, 3168, 3175, 3247, 3275, 3339, 3397, 3452, 3597, 3601, 3686, 3691, 3793, 3812, 3821, 3853, 3876, 4005, 4040, 4137, 4252, 4343, 4350, 4394, 4409, 4448, 4498, 4531, 4585, 4619, 4693, 4753, 4777, 4794, 4798, 4804, 4855, 4886, 4901, 4907, 4954, 5000, 5044, 5081, 5110, 5141, 5167, 5185, 5236, 5245, 5282, 5311, 5341, 5439]","[1634, 2540]",5463,114,5349,2,112,5349,0
0.5,MMNMYC,"[33, 42, 149, 189, 267, 294, 642, 674, 689, 709, 729, 749, 769, 808, 835, 839, 860, 869, 881, 938, 970, 984, 990, 994, 1036, 1043, 1069, 1085, 1109, 1163, 1175, 1210, 1216, 1247, 1253, 1355, 1381, 1385, 1397, 1401, 1426, 1438, 1470, 1584, 1588, 1591, 1609, 1672, 1716, 1732, 1769, 1851, 1921, 1998, 2004, 2053, 2175, 2215, 2465, 2474, 2618, 2735, 2756, 2766, 2791, 2980, 3025, 3064, 3071, 3124, 3221, 3257, 3278, 3303, 3549, 3599, 3611, 3635, 3661, 3858, 3902, 3966, 3996, 4041, 4101, 4204, 4214, 4256, 4261, 4349, 4359, 4401, 4469, 4533, 4550, 4564, 4602, 4764, 4774, 4796]",[1163],"[33, 42, 149, 189, 267, 294, 642, 674, 689, 709, 729, 749, 769, 808, 835, 839, 860, 869, 881, 938, 970, 984, 990, 994, 1036, 1043, 1069, 1085, 1109, 1175, 1210, 1216, 1247, 1253, 1355, 1381, 1385, 1397, 1401, 1426, 1438, 1470, 1584, 1588, 1591, 1609, 1672, 1716, 1732, 1769, 1851, 1921, 1998, 2004, 2053, 2175, 2215, 2465, 2474, 2618, 2735, 2756, 2766, 2791, 2980, 3025, 3064, 3071, 3124, 3221, 3257, 3278, 3303, 3549, 3599, 3611, 3635, 3661, 3858, 3902, 3966, 3996, 4041, 4101, 4204, 4214, 4256, 4261, 4349, 4359, 4401, 4469, 4533, 4550, 4564, 4602, 4764, 4774, 4796]",[1163],4799,100,4699,1,99,4699,0
0.5,MMNUCLEO,"[111, 137, 145, 184, 208, 212, 258, 284, 298, 310, 326, 533, 540, 549, 588, 622, 650, 665, 669, 683, 779, 784, 863, 926, 938, 950, 973, 988, 1033, 1073, 1093, 1160, 1185, 1249, 1285, 1599, 1697, 1774, 1803, 1807, 1911, 1928, 1932, 2011, 2027, 2042, 2206, 2214, 2257, 2281, 2289, 2309, 2311, 2354, 2415, 2423, 2438, 2459, 2479, 2489, 2521, 2535, 2563, 2580, 2583, 2596, 2607, 2617, 2620, 2642, 2665, 2680, 2859, 2886, 2956, 2967, 2970, 2985, 3012, 3016, 3020, 3040, 3075, 3088, 3104, 3141, 3171, 3326, 3422, 3456, 3485, 3532, 3536, 3562, 3580, 3617, 3639, 3648, 3737, 3751, 3761, 3851, 3908, 3984, 4012, 4016, 4029, 4071, 4095, 4181, 4190, 4293, 4319, 4328, 4464, 4468, 4589, 4694, 4715, 4729, 4872, 4879, 4926, 4933, 5024, 5046, 5111, 5140, 5178, 5188, 5198, 5295, 5305, 5332, 5351, 5484, 5530, 5539, 5572, 5605, 5616, 5627, 5873, 5876, 5879, 5937, 5995, 6034, 6036, 6050, 6079, 6221, 6230, 6234, 6242, 6248, 6280, 6308, 6335, 6349, 6372, 6399, 6403, 6530, 6610, 6615, 6726, 6862, 6879, 6958, 6964, 7035, 7043, 7127, 7135, 7155, 7199, 7203, 7215, 7232, 7250, 7314, 7347, 7354, 7364, 7510, 7517, 7705, 7754, 7785, 7866, 7877, 7889, 7919, 7955, 8080, 8122, 8243, 8274, 8279, 8304, 8349, 8413, 8434, 8451, 8458, 8471, 8497, 8514, 8534, 8614, 8679, 8706, 8738, 8761, 8794, 8807, 8850, 8863, 8928, 8984, 9050, 9077, 9082, 9279, 9352, 9387, 9557, 9572, 9574, 9597, 9601, 9700, 9770, 9781, 9834, 9881, 9937, 9944, 9977, 10051, 10068, 10110, 10132, 10140, 10179, 10212, 10235, 10325, 10331, 10349, 10364, 10379, 10391, 10400, 10436, 10506, 10551, 10733, 10777, 10826, 10888, 10946, 10950, 10985, 11016, 11053, 11089, 11169, 11191, 11303, 11330, 11335, 11388, 11413]","[2042, 3141, 4293, 4694, 4879, 5198, 6230, 7517, 8122, 8738, 9050, 9881, 10436]","[111, 137, 145, 184, 208, 212, 258, 284, 298, 310, 326, 533, 540, 549, 588, 622, 650, 665, 669, 683, 779, 784, 863, 926, 938, 950, 973, 988, 1033, 1073, 1093, 1160, 1185, 1249, 1285, 1599, 1697, 1774, 1803, 1807, 1911, 1928, 1932, 2011, 2027, 2206, 2214, 2257, 2281, 2289, 2309, 2311, 2354, 2415, 2423, 2438, 2459, 2479, 2489, 2521, 2535, 2563, 2580, 2583, 2596, 2607, 2617, 2620, 2642, 2665, 2680, 2859, 2886, 2956, 2967, 2970, 2985, 3012, 3016, 3020, 3040, 3075, 3088, 3104, 3171, 3326, 3422, 3456, 3485, 3532, 3536, 3562, 3580, 3617, 3639, 3648, 3737, 3751, 3761, 3851, 3908, 3984, 4012, 4016, 4029, 4071, 4095, 4181, 4190, 4319, 4328, 4464, 4468, 4589, 4715, 4729, 4872, 4926, 4933, 5024, 5046, 5111, 5140, 5178, 5188, 5295, 5305, 5332, 5351, 5484, 5530, 5539, 5572, 5605, 5616, 5627, 5873, 5876, 5879, 5937, 5995, 6034, 6036, 6050, 6079, 6221, 6234, 6242, 6248, 6280, 6308, 6335, 6349, 6372, 6399, 6403, 6530, 6610, 6615, 6726, 6862, 6879, 6958, 6964, 7035, 7043, 7127, 7135, 7155, 7199, 7203, 7215, 7232, 7250, 7314, 7347, 7354, 7364, 7510, 7705, 7754, 7785, 7866, 7877, 7889, 7919, 7955, 8080, 8243, 8274, 8279, 8304, 8349, 8413, 8434, 8451, 8458, 8471, 8497, 8514, 8534, 8614, 8679, 8706, 8761, 8794, 8807, 8850, 8863, 8928, 8984, 9077, 9082, 9279, 9352, 9387, 9557, 9572, 9574, 9597, 9601, 9700, 9770, 9781, 9834, 9937, 9944, 9977, 10051, 10068, 10110, 10132, 10140, 10179, 10212, 10235, 10325, 10331, 10349, 10364, 10379, 10391, 10400, 10506, 10551, 10733, 10777, 10826, 10888, 10946, 10950, 10985, 11016, 11053, 11089, 11169, 11191, 11303, 11330, 11335, 11388, 11413]","[2042, 3141, 4293, 4694, 4879, 5198, 6230, 7517, 8122, 8738, 9050, 9881, 10436]",11470,275,11195,13,262,11195,0
0.5,MMODC2,"[80, 91, 115, 124, 176, 331, 335, 419, 440, 454, 458, 509, 622, 669, 689, 737, 803, 822, 844, 848, 891, 895, 910, 944, 966, 977, 1007, 1053, 1182, 1225, 1239, 1276, 1301, 1367, 1369, 1374, 1385, 1462, 1482, 1495, 1540, 1557, 1561, 1723, 1754, 1757, 1801, 1841, 1855, 1892, 1907, 1938, 1943, 1980, 1984, 2073, 2087, 2140, 2227, 2271, 2354, 2377, 2399, 2480, 2508, 2515, 2523, 2532, 2537, 2563, 2572, 2620, 2681, 2702, 2728, 2737, 2804, 2836, 2866, 2886, 2890, 2917, 2979, 2999, 3003, 3026, 3029, 3068, 3130, 3188, 3279, 3369, 3396, 3416, 3433, 3438, 3559, 3635, 3752, 3758, 3763, 3778, 3884, 3886, 3910, 3921, 3964, 3975, 4013, 4088, 4120, 4137, 4147, 4178, 4211, 4215, 4219, 4228, 4246]","[331, 737, 1053, 1374, 1557, 1801, 2508, 2702, 2999]","[80, 91, 115, 124, 176, 335, 419, 440, 454, 458, 509, 622, 669, 689, 803, 822, 844, 848, 891, 895, 910, 944, 966, 977, 1007, 1182, 1225, 1239, 1276, 1301, 1367, 1369, 1385, 1462, 1482, 1495, 1540, 1561, 1723, 1754, 1757, 1841, 1855, 1892, 1907, 1938, 1943, 1980, 1984, 2073, 2087, 2140, 2227, 2271, 2354, 2377, 2399, 2480, 2515, 2523, 2532, 2537, 2563, 2572, 2620, 2681, 2728, 2737, 2804, 2836, 2866, 2886, 2890, 2917, 2979, 3003, 3026, 3029, 3068, 3130, 3188, 3279, 3369, 3396, 3416, 3433, 3438, 3559, 3635, 3752, 3758, 3763, 3778, 3884, 3886, 3910, 3921, 3964, 3975, 4013, 4088, 4120, 4137, 4147, 4178, 4211, 4215, 4219, 4228, 4246]","[331, 737, 1053, 1374, 1557, 1801, 2508, 2702, 2999]",4252,119,4133,9,110,4133,0
0.5,MMOESTEOP,"[129, 199, 330, 510, 595, 606, 636, 651, 677, 706, 763, 771, 842, 850, 853, 864, 873, 902, 951, 993, 997, 1091, 1097, 1127, 1176, 1182, 1250, 1279, 1380, 1395, 1414, 1454, 1465, 1606, 1652, 1662, 1666, 1696, 1727, 1734, 1772, 1798, 1800, 1808, 1811, 1849, 1974, 1980, 2008, 2027, 2052, 2128, 2241, 2283, 2358, 2414, 2459, 2506, 2581, 2605, 2609, 2648, 2714, 2742, 2751, 2821, 2893, 2909, 2917, 3011, 3021, 3051, 3083, 3332, 3350, 3364, 3523, 3601, 3629, 3657, 3711, 3716, 4039, 4064, 4086, 4101, 4194, 4216, 4271, 4273, 4277, 4448, 4452, 4464, 4637, 4649, 4697, 4715, 4787, 4834, 4930, 4948, 4993, 5010, 5104, 5120, 5169, 5233, 5237, 5290, 5308, 5396, 5456, 5508, 5583, 5585, 5598, 5607, 5619, 5660, 5729]","[993, 1127, 2283, 2821, 4101]","[129, 199, 330, 510, 595, 606, 636, 651, 677, 706, 763, 771, 842, 850, 853, 864, 873, 902, 951, 997, 1091, 1097, 1176, 1182, 1250, 1279, 1380, 1395, 1414, 1454, 1465, 1606, 1652, 1662, 1666, 1696, 1727, 1734, 1772, 1798, 1800, 1808, 1811, 1849, 1974, 1980, 2008, 2027, 2052, 2128, 2241, 2358, 2414, 2459, 2506, 2581, 2605, 2609, 2648, 2714, 2742, 2751, 2893, 2909, 2917, 3011, 3021, 3051, 3083, 3332, 3350, 3364, 3523, 3601, 3629, 3657, 3711, 3716, 4039, 4064, 4086, 4194, 4216, 4271, 4273, 4277, 4448, 4452, 4464, 4637, 4649, 4697, 4715, 4787, 4834, 4930, 4948, 4993, 5010, 5104, 5120, 5169, 5233, 5237, 5290, 5308, 5396, 5456, 5508, 5583, 5585, 5598, 5607, 5619, 5660, 5729]","[993, 1127, 2283, 2821, 4101]",5774,121,5653,5,116,5653,0
0.5,MMPO,"[214, 231, 233, 318, 324, 328, 375, 475, 495, 561, 581, 699, 825, 845, 855, 857, 861, 913, 962, 997, 1313, 1319, 1325, 1379, 1591, 1637, 1682, 1686, 1704, 1709, 1716, 1800, 1850, 1950, 1954, 2006, 2057, 2181, 2193, 2213, 2232, 2239, 2304, 2391, 2446, 2452, 2464, 2513, 2553, 2561, 2568, 2594, 2839, 2860, 2948, 3035, 3054, 3108, 3154, 3166, 3314, 3336, 3441, 3447, 3470, 3503, 3505, 3536, 3627, 3635, 3655, 3666, 3719, 3728, 3749, 3820, 3835, 3894, 4018, 4044, 4233, 4238, 4243, 4257, 4318, 4385, 4441, 4583, 4590, 4769, 4816, 4831, 4835, 4902, 4909, 5062, 5120, 5225, 5261, 5281, 5312, 5341, 5347, 5542, 5575, 5641, 5673, 5774, 5809, 5814, 5885, 5896, 5924, 5956, 5962, 5998, 6010, 6049, 6074, 6145, 6250, 6258, 6269, 6294, 6308, 6314, 6352, 6384, 6436, 6460, 6470, 6472, 6474, 6478, 6482, 6484, 6491, 6509, 6513, 6525, 6534, 6538, 6540, 6544, 6555, 6568, 6572, 6582, 6589, 6608, 6610, 6620, 6624, 6630, 6637, 6658, 6664, 6668, 6672, 6683, 6697, 6704, 6710, 6716, 6718, 6720, 6790, 6805, 6833, 6848, 6901, 6911, 6915, 6956, 6982, 7149, 7167, 7309, 7419, 7542, 7628, 7712, 7718, 7756, 7793, 7808, 7833, 7842, 7846, 7865, 7867, 8043, 8109, 8170, 8240, 8252, 8363, 8406, 8440, 8482, 8569, 8587, 8678, 8691, 8736, 8807, 8907, 9023, 9079, 9122, 9156, 9164, 9226, 9231, 9240, 9244, 9251, 9257, 9296, 9322, 9357, 9398, 9434, 9454, 9464, 9476, 9483, 9555, 9582, 9689, 9712, 9716, 9730, 9809, 9841, 9890, 9896, 9903, 9914, 9927, 9938, 9971, 10001, 10005, 10019, 10034, 10055, 10137, 10145, 10163, 10267, 10331, 10339, 10416, 10421, 10487, 10538, 10544, 10550, 10573, 10624, 10702, 10751, 10756, 10788, 10796, 10826, 10849, 10853, 10859, 10866, 10894, 10906, 10970, 10979, 10983, 11005, 11067, 11076, 11110, 11118, 11123, 11127, 11244, 11329, 11344, 11347, 11387, 11548, 11573, 11593, 11609, 11611, 11627, 11636, 11673, 11700, 11705, 11764, 11862, 11901]","[2193, 2446, 2948, 3503, 3728, 4018, 4769, 7167, 8440, 8907, 9903]","[214, 231, 233, 318, 324, 328, 375, 475, 495, 561, 581, 699, 825, 845, 855, 857, 861, 913, 962, 997, 1313, 1319, 1325, 1379, 1591, 1637, 1682, 1686, 1704, 1709, 1716, 1800, 1850, 1950, 1954, 2006, 2057, 2181, 2213, 2232, 2239, 2304, 2391, 2452, 2464, 2513, 2553, 2561, 2568, 2594, 2839, 2860, 3035, 3054, 3108, 3154, 3166, 3314, 3336, 3441, 3447, 3470, 3505, 3536, 3627, 3635, 3655, 3666, 3719, 3749, 3820, 3835, 3894, 4044, 4233, 4238, 4243, 4257, 4318, 4385, 4441, 4583, 4590, 4816, 4831, 4835, 4902, 4909, 5062, 5120, 5225, 5261, 5281, 5312, 5341, 5347, 5542, 5575, 5641, 5673, 5774, 5809, 5814, 5885, 5896, 5924, 5956, 5962, 5998, 6010, 6049, 6074, 6145, 6250, 6258, 6269, 6294, 6308, 6314, 6352, 6384, 6436, 6460, 6470, 6472, 6474, 6478, 6482, 6484, 6491, 6509, 6513, 6525, 6534, 6538, 6540, 6544, 6555, 6568, 6572, 6582, 6589, 6608, 6610, 6620, 6624, 6630, 6637, 6658, 6664, 6668, 6672, 6683, 6697, 6704, 6710, 6716, 6718, 6720, 6790, 6805, 6833, 6848, 6901, 6911, 6915, 6956, 6982, 7149, 7309, 7419, 7542, 7628, 7712, 7718, 7756, 7793, 7808, 7833, 7842, 7846, 7865, 7867, 8043, 8109, 8170, 8240, 8252, 8363, 8406, 8482, 8569, 8587, 8678, 8691, 8736, 8807, 9023, 9079, 9122, 9156, 9164, 9226, 9231, 9240, 9244, 9251, 9257, 9296, 9322, 9357, 9398, 9434, 9454, 9464, 9476, 9483, 9555, 9582, 9689, 9712, 9716, 9730, 9809, 9841, 9890, 9896, 9914, 9927, 9938, 9971, 10001, 10005, 10019, 10034, 10055, 10137, 10145, 10163, 10267, 10331, 10339, 10416, 10421, 10487, 10538, 10544, 10550, 10573, 10624, 10702, 10751, 10756, 10788, 10796, 10826, 10849, 10853, 10859, 10866, 10894, 10906, 10970, 10979, 10983, 11005, 11067, 11076, 11110, 11118, 11123, 11127, 11244, 11329, 11344, 11347, 11387, 11548, 11573, 11593, 11609, 11611, 11627, 11636, 11673, 11700, 11705, 11764, 11862, 11901]","[2193, 2446, 2948, 3503, 3728, 4018, 4769, 7167, 8440, 8907, 9903]",11905,301,11604,11,290,11604,0
0.5,MMPPSOMA,"[26, 124, 133, 161, 163, 165, 167, 169, 171, 173, 181, 185, 251, 411, 426, 435, 447, 459, 461, 469, 490, 501, 545, 556, 562, 600, 608, 612, 682, 706, 710, 722, 752, 782, 916, 957, 990, 1034, 1091, 1151, 1193, 1208, 1248, 1274, 1301, 1316, 1367, 1439, 1491, 1602, 1620, 1710, 1824, 1907, 2027, 2049, 2087, 2136, 2175, 2196, 2205, 2272, 2345, 2382, 2405, 2466, 2491, 2526]",[1034],"[26, 124, 133, 161, 163, 165, 167, 169, 171, 173, 181, 185, 251, 411, 426, 435, 447, 459, 461, 469, 490, 501, 545, 556, 562, 600, 608, 612, 682, 706, 710, 722, 752, 782, 916, 957, 990, 1091, 1151, 1193, 1208, 1248, 1274, 1301, 1316, 1367, 1439, 1491, 1602, 1620, 1710, 1824, 1907, 2027, 2049, 2087, 2136, 2175, 2196, 2205, 2272, 2345, 2382, 2405, 2466, 2491, 2526]",[1034],2556,68,2488,1,67,2488,0
0.5,MMPROP2,"[63, 78, 289, 349, 416, 631, 704]",[289],"[63, 78, 349, 416, 631, 704]",[289],712,7,705,1,6,705,0
0.5,MMPROT1,"[6, 145, 184, 225, 312, 339, 388, 452, 474, 478, 544, 590, 609, 759, 783, 790, 792, 797, 814, 887, 937, 1094, 1107, 1177]",[759],"[6, 145, 184, 225, 312, 339, 388, 452, 474, 478, 544, 590, 609, 783, 790, 792, 797, 814, 887, 937, 1094, 1107, 1177]",[759],1178,24,1154,1,23,1154,0
0.5,MMPROT2,"[15, 66, 113, 151, 222, 311, 355, 361, 374, 480, 484, 504, 508, 615, 629, 643, 658, 707, 741, 771, 791, 803, 809, 880, 915, 962, 987, 1067, 1128, 1158, 1162, 1218, 1251, 1357, 1368, 1469, 1536]",[1218],"[15, 66, 113, 151, 222, 311, 355, 361, 374, 480, 484, 504, 508, 615, 629, 643, 658, 707, 741, 771, 791, 803, 809, 880, 915, 962, 987, 1067, 1128, 1158, 1162, 1251, 1357, 1368, 1469, 1536]",[1218],1568,37,1531,1,36,1531,0
0.5,MMSAP,"[20, 48, 230, 242, 340, 397, 441, 460, 565, 601, 665, 745, 794, 817, 886, 916, 932, 981, 994, 1020, 1059, 1200, 1207, 1304, 1310, 1444, 1462, 1546, 1550, 1554, 1558, 1572, 1631, 1805, 1837]",[441],"[20, 48, 230, 242, 340, 397, 460, 565, 601, 665, 745, 794, 817, 886, 916, 932, 981, 994, 1020, 1059, 1200, 1207, 1304, 1310, 1444, 1462, 1546, 1550, 1554, 1558, 1572, 1631, 1805, 1837]",[441],1868,35,1833,1,34,1833,0
0.5,MMSCIMIP,"[142, 281, 345, 376, 415, 438, 552, 578, 600, 619, 658, 680, 695, 740, 1010, 1017, 1049, 1054, 1066, 1088, 1095, 1147, 1153, 1190, 1384, 1457, 1614, 1626, 1630, 1647, 1681, 1712, 1735, 1742, 1790, 1836, 1846, 1850, 1853, 1867, 1946]","[415, 1017]","[142, 281, 345, 376, 438, 552, 578, 600, 619, 658, 680, 695, 740, 1010, 1049, 1054, 1066, 1088, 1095, 1147, 1153, 1190, 1384, 1457, 1614, 1626, 1630, 1647, 1681, 1712, 1735, 1742, 1790, 1836, 1846, 1850, 1853, 1867, 1946]","[415, 1017]",1980,41,1939,2,39,1939,0
0.5,MMSYNDE1A,"[48, 136, 169, 190, 253, 265, 446, 456, 478, 518, 526, 573, 586, 658, 690, 725, 741, 762, 816, 845, 850, 882, 903, 951, 988, 1054, 1102, 1268, 1345, 1349, 1426, 1483, 1524, 1909, 1935, 1954, 1992, 2020, 2151, 2198, 2228, 2256, 2272, 2289, 2313, 2318, 2365, 2377, 2444, 2487, 2515, 2532, 2562, 2574, 2623, 2680, 2718, 2746, 2758, 2763, 2830, 2837, 2905, 3064, 3132, 3151, 3162, 3196, 3214, 3240, 3292, 3314, 3352, 3417, 3556, 3560, 3570, 3695, 3706, 3749, 3831, 3946, 3981, 4001, 4014, 4057, 4062, 4124, 4198, 4265, 4273, 4296, 4323, 4383, 4391, 4474, 4489, 4491, 4505, 4629, 4639, 4662, 4688, 4746, 4755, 4826, 4854, 4867, 4881, 4883, 4887, 4926, 4928, 4932, 4952, 4969, 5018, 5043, 5113, 5169, 5219, 5324, 5339, 5366, 5420, 5486, 5496, 5529, 5601, 5609, 5616, 5620, 5625, 5638, 5655, 5686, 5690, 5695, 5700, 5722, 5772, 5798, 5800, 5834, 5842, 5846, 5866, 5871, 5873, 5884, 5889, 5923, 5970, 5988, 6028, 6039, 6067, 6090, 6171, 6256, 6275, 6279, 6457, 6489, 6491, 6521, 6532, 6569, 6578, 6622, 6664, 6741, 6769, 6786, 6857, 6889, 6970, 6983, 6991, 6996, 7009, 7045, 7075, 7080, 7083, 7086, 7094, 7172, 7227, 7292, 7317, 7393, 7412, 7471, 7554, 7598, 7622, 7683, 7733, 7805, 7817, 7828, 7876, 7903, 7914, 7923, 7931, 8043, 8056, 8129, 8203, 8226, 8263, 8269, 8275, 8280, 8412, 8433, 8442, 8522, 8540, 8600, 8626, 8657, 8672, 8690, 8705, 8765, 8770, 8780, 8837, 8874, 8924, 9076, 9182, 9260, 9320, 9354, 9412, 9424, 9462, 9481, 9503, 9511, 9519, 9534, 9563, 9666, 9691, 9693, 9739, 9769, 9778, 9807, 9827, 9854, 9867, 9871, 9919, 9939, 10012, 10045, 10067, 10110, 10122, 10171, 10196, 10213, 10319, 10340, 10345, 10379, 10381, 10475, 10506, 10593, 10599, 10759, 10770, 10847, 10852, 10885, 10897, 10903, 10932, 11002, 11058, 11099, 11140, 11188, 11235, 11249, 11255, 11376, 11397, 11426, 11441, 11495, 11500, 11583, 11622, 11672, 11679, 11765, 11823, 11858, 11872, 11896, 11900, 11920, 11930, 11938, 12082, 12104, 12128, 12132, 12139, 12185, 12191, 12206, 12217, 12288, 12323, 12331, 12337, 12355, 12384, 12390, 12407, 12448, 12515, 12527, 12647, 12651, 12803, 12840, 12879, 12978, 12991, 13015, 13020, 13028, 13042, 13095, 13132, 13176, 13180, 13198, 13223, 13238, 13338, 13358, 13426, 13441, 13482, 13528, 13532, 13536, 13574, 13599, 13633, 13642, 13646, 13652, 13693, 13718, 13723, 13732, 13748, 13761, 13767, 13799, 13821, 13823, 13851, 13853, 13857, 13861, 13868, 13911, 14080, 14113, 14178, 14182, 14206, 14236, 14254, 14276, 14306, 14348, 14368, 14410, 14427, 14429, 14483, 14519, 14553, 14600, 14610, 14623, 14634, 14658, 14690, 14704, 14708, 14749, 14757, 14812, 14828, 14843, 14847, 14849, 14853, 14855, 14948, 14962, 15011, 15018, 15067, 15081, 15129, 15164, 15172, 15203, 15224, 15285, 15287, 15299, 15303, 15426, 15474, 15499, 15554, 15597, 15599, 15601, 15603, 15605, 15607, 15609, 15611, 15613, 15615, 15617, 15619, 15621, 15623, 15625, 15627, 15629, 15631, 15633, 15635, 15637, 15641, 15667, 15674, 15680, 15696, 15704, 15771, 15806, 15845, 15871, 15877, 15929, 15936, 15955, 15988, 16014, 16023, 16104, 16149, 16181, 16197, 16203, 16275, 16335, 16427, 16486, 16503, 16512, 16515, 16562, 16566, 16570, 16639, 16643, 16701, 16729, 16739, 16744, 16765, 16770, 16849, 16856, 16868, 16910, 16927, 16980, 17033, 17060, 17184, 17194, 17202, 17214, 17225, 17246, 17281, 17290, 17298, 17302, 17451, 17542, 17557, 17591, 17616, 17623, 17647, 17663, 17697, 17701, 17717, 17722, 17748, 17865, 17884, 17900, 17934, 17938, 17951, 17963, 17984, 18012, 18076, 18136, 18162, 18284, 18328, 18419, 18421, 18495, 18544, 18558, 18563, 18607, 18633, 18655, 18672, 18688, 18754, 18818, 18832, 18837, 18939, 19009, 19057, 19124, 19133, 19151, 19269, 19286, 19316, 19326, 19340, 19349, 19403, 19416, 19424, 19440, 19504, 19510, 19534, 19542, 19546, 19561, 19595, 19604, 19628, 19640, 19718, 19726, 19767, 19822, 19838, 19845, 19903, 19953, 20073, 20118, 20142, 20175, 20293, 20302, 20385, 20408, 20453, 20460, 20515, 20556, 20604, 20626, 20657, 20689, 20695, 20735, 20751, 20762, 20802, 20851, 20881, 20900, 20932, 20942, 20958, 20976, 20979, 20990, 21008, 21030, 21112, 21173, 21191, 21200, 21214, 21279, 21388, 21479, 21528, 21743, 21750, 21758, 21801, 21888, 21897, 21909, 22028, 22041, 22056, 22071, 22081, 22094, 22099, 22120, 22124, 22180, 22221, 22239, 22241, 22290, 22318, 22342, 22393, 22488, 22535, 22555, 22621, 22624, 22657, 22707, 22798, 22802, 22834, 22991, 23046, 23095, 23100, 23105, 23111, 23149, 23203, 23258, 23325, 23341, 23427, 23472, 23499, 23568, 23581]","[1345, 19009, 20385, 20942]","[48, 136, 169, 190, 253, 265, 446, 456, 478, 518, 526, 573, 586, 658, 690, 725, 741, 762, 816, 845, 850, 882, 903, 951, 988, 1054, 1102, 1268, 1349, 1426, 1483, 1524, 1909, 1935, 1954, 1992, 2020, 2151, 2198, 2228, 2256, 2272, 2289, 2313, 2318, 2365, 2377, 2444, 2487, 2515, 2532, 2562, 2574, 2623, 2680, 2718, 2746, 2758, 2763, 2830, 2837, 2905, 3064, 3132, 3151, 3162, 3196, 3214, 3240, 3292, 3314, 3352, 3417, 3556, 3560, 3570, 3695, 3706, 3749, 3831, 3946, 3981, 4001, 4014, 4057, 4062, 4124, 4198, 4265, 4273, 4296, 4323, 4383, 4391, 4474, 4489, 4491, 4505, 4629, 4639, 4662, 4688, 4746, 4755, 4826, 4854, 4867, 4881, 4883, 4887, 4926, 4928, 4932, 4952, 4969, 5018, 5043, 5113, 5169, 5219, 5324, 5339, 5366, 5420, 5486, 5496, 5529, 5601, 5609, 5616, 5620, 5625, 5638, 5655, 5686, 5690, 5695, 5700, 5722, 5772, 5798, 5800, 5834, 5842, 5846, 5866, 5871, 5873, 5884, 5889, 5923, 5970, 5988, 6028, 6039, 6067, 6090, 6171, 6256, 6275, 6279, 6457, 6489, 6491, 6521, 6532, 6569, 6578, 6622, 6664, 6741, 6769, 6786, 6857, 6889, 6970, 6983, 6991, 6996, 7009, 7045, 7075, 7080, 7083, 7086, 7094, 7172, 7227, 7292, 7317, 7393, 7412, 7471, 7554, 7598, 7622, 7683, 7733, 7805, 7817, 7828, 7876, 7903, 7914, 7923, 7931, 8043, 8056, 8129, 8203, 8226, 8263, 8269, 8275, 8280, 8412, 8433, 8442, 8522, 8540, 8600, 8626, 8657, 8672, 8690, 8705, 8765, 8770, 8780, 8837, 8874, 8924, 9076, 9182, 9260, 9320, 9354, 9412, 9424, 9462, 9481, 9503, 9511, 9519, 9534, 9563, 9666, 9691, 9693, 9739, 9769, 9778, 9807, 9827, 9854, 9867, 9871, 9919, 9939, 10012, 10045, 10067, 10110, 10122, 10171, 10196, 10213, 10319, 10340, 10345, 10379, 10381, 10475, 10506, 10593, 10599, 10759, 10770, 10847, 10852, 10885, 10897, 10903, 10932, 11002, 11058, 11099, 11140, 11188, 11235, 11249, 11255, 11376, 11397, 11426, 11441, 11495, 11500, 11583, 11622, 11672, 11679, 11765, 11823, 11858, 11872, 11896, 11900, 11920, 11930, 11938, 12082, 12104, 12128, 12132, 12139, 12185, 12191, 12206, 12217, 12288, 12323, 12331, 12337, 12355, 12384, 12390, 12407, 12448, 12515, 12527, 12647, 12651, 12803, 12840, 12879, 12978, 12991, 13015, 13020, 13028, 13042, 13095, 13132, 13176, 13180, 13198, 13223, 13238, 13338, 13358, 13426, 13441, 13482, 13528, 13532, 13536, 13574, 13599, 13633, 13642, 13646, 13652, 13693, 13718, 13723, 13732, 13748, 13761, 13767, 13799, 13821, 13823, 13851, 13853, 13857, 13861, 13868, 13911, 14080, 14113, 14178, 14182, 14206, 14236, 14254, 14276, 14306, 14348, 14368, 14410, 14427, 14429, 14483, 14519, 14553, 14600, 14610, 14623, 14634, 14658, 14690, 14704, 14708, 14749, 14757, 14812, 14828, 14843, 14847, 14849, 14853, 14855, 14948, 14962, 15011, 15018, 15067, 15081, 15129, 15164, 15172, 15203, 15224, 15285, 15287, 15299, 15303, 15426, 15474, 15499, 15554, 15597, 15599, 15601, 15603, 15605, 15607, 15609, 15611, 15613, 15615, 15617, 15619, 15621, 15623, 15625, 15627, 15629, 15631, 15633, 15635, 15637, 15641, 15667, 15674, 15680, 15696, 15704, 15771, 15806, 15845, 15871, 15877, 15929, 15936, 15955, 15988, 16014, 16023, 16104, 16149, 16181, 16197, 16203, 16275, 16335, 16427, 16486, 16503, 16512, 16515, 16562, 16566, 16570, 16639, 16643, 16701, 16729, 16739, 16744, 16765, 16770, 16849, 16856, 16868, 16910, 16927, 16980, 17033, 17060, 17184, 17194, 17202, 17214, 17225, 17246, 17281, 17290, 17298, 17302, 17451, 17542, 17557, 17591, 17616, 17623, 17647, 17663, 17697, 17701, 17717, 17722, 17748, 17865, 17884, 17900, 17934, 17938, 17951, 17963, 17984, 18012, 18076, 18136, 18162, 18284, 18328, 18419, 18421, 18495, 18544, 18558, 18563, 18607, 18633, 18655, 18672, 18688, 18754, 18818, 18832, 18837, 18939, 19057, 19124, 19133, 19151, 19269, 19286, 19316, 19326, 19340, 19349, 19403, 19416, 19424, 19440, 19504, 19510, 19534, 19542, 19546, 19561, 19595, 19604, 19628, 19640, 19718, 19726, 19767, 19822, 19838, 19845, 19903, 19953, 20073, 20118, 20142, 20175, 20293, 20302, 20408, 20453, 20460, 20515, 20556, 20604, 20626, 20657, 20689, 20695, 20735, 20751, 20762, 20802, 20851, 20881, 20900, 20932, 20958, 20976, 20979, 20990, 21008, 21030, 21112, 21173, 21191, 21200, 21214, 21279, 21388, 21479, 21528, 21743, 21750, 21758, 21801, 21888, 21897, 21909, 22028, 22041, 22056, 22071, 22081, 22094, 22099, 22120, 22124, 22180, 22221, 22239, 22241, 22290, 22318, 22342, 22393, 22488, 22535, 22555, 22621, 22624, 22657, 22707, 22798, 22802, 22834, 22991, 23046, 23095, 23100, 23105, 23111, 23149, 23203, 23258, 23325, 23341, 23427, 23472, 23499, 23568, 23581]","[1345, 19009, 20385, 20942]",23592,679,22913,4,675,22913,0
0.5,MMTHY1G,"[25, 80, 93, 140, 172, 175, 183, 191, 198, 280, 283, 295, 330, 335, 343, 540, 571, 616, 629, 664, 678, 696, 720, 819, 854, 946, 991, 997, 1001, 1009, 1043, 1058, 1156, 1160, 1235, 1243, 1255, 1263, 1281, 1403, 1408, 1504, 1511, 1571, 1586, 1669, 1812, 1828, 1833, 1837, 1930, 1936, 1943, 1958, 2056, 2134, 2146, 2151, 2174, 2181, 2246, 2252, 2302, 2331, 2386, 2477, 2569, 2639, 2649, 2674]","[80, 1009]","[25, 93, 140, 172, 175, 183, 191, 198, 280, 283, 295, 330, 335, 343, 540, 571, 616, 629, 664, 678, 696, 720, 819, 854, 946, 991, 997, 1001, 1043, 1058, 1156, 1160, 1235, 1243, 1255, 1263, 1281, 1403, 1408, 1504, 1511, 1571, 1586, 1669, 1812, 1828, 1833, 1837, 1930, 1936, 1943, 1958, 2056, 2134, 2146, 2151, 2174, 2181, 2246, 2252, 2302, 2331, 2386, 2477, 2569, 2639, 2649, 2674]","[80, 1009]",2682,70,2612,2,68,2612,0
0.5,MMTLAC,"[18, 24, 50, 58, 90, 140, 238, 299, 303, 449, 494, 539, 549, 619, 630, 650, 748, 772, 819, 864, 872, 912, 917, 925, 930, 1061, 1090, 1171, 1175, 1209, 1305, 1335, 1496, 1609, 1683, 1721, 1731, 1750, 1853, 1909, 1966, 2040, 2150, 2172, 2262, 2323, 2472, 2567, 2583, 2743, 2833, 2858, 2874, 2997, 3010, 3013, 3051, 3092, 3101, 3103, 3107, 3120, 3158, 3239, 3259, 3338, 3348, 3373, 3420, 3467, 3509, 3633, 3720, 3836, 3879, 4019, 4042, 4077, 4193, 4240, 4285, 4294, 4297, 4373, 4467, 4496, 4548, 4591, 4651, 4657, 4659, 4688, 4692, 4739, 4774, 4783, 4812, 4823, 4830, 4846, 4862, 4893, 4939, 4994, 5058, 5133, 5164, 5179, 5211, 5222, 5319, 5329, 5339]","[299, 748, 1171, 3092, 3338]","[18, 24, 50, 58, 90, 140, 238, 303, 449, 494, 539, 549, 619, 630, 650, 772, 819, 864, 872, 912, 917, 925, 930, 1061, 1090, 1175, 1209, 1305, 1335, 1496, 1609, 1683, 1721, 1731, 1750, 1853, 1909, 1966, 2040, 2150, 2172, 2262, 2323, 2472, 2567, 2583, 2743, 2833, 2858, 2874, 2997, 3010, 3013, 3051, 3101, 3103, 3107, 3120, 3158, 3239, 3259, 3348, 3373, 3420, 3467, 3509, 3633, 3720, 3836, 3879, 4019, 4042, 4077, 4193, 4240, 4285, 4294, 4297, 4373, 4467, 4496, 4548, 4591, 4651, 4657, 4659, 4688, 4692, 4739, 4774, 4783, 4812, 4823, 4830, 4846, 4862, 4893, 4939, 4994, 5058, 5133, 5164, 5179, 5211, 5222, 5319, 5329, 5339]","[299, 748, 1171, 3092, 3338]",5239,113,5126,5,108,5126,0
0.5,MMTNFBG,"[15, 174, 217, 245, 268, 293, 315, 374, 444, 524, 635, 734, 799, 813, 827, 835, 888, 1196, 1234, 1270, 1302, 1413, 1436, 1511, 1533, 1553, 1558, 1572, 1623, 1665, 1728, 1750, 1821, 1907, 1911, 2067, 2136, 2183, 2266, 2365, 2378, 2388, 2415, 2419, 2430, 2456, 2544, 2766, 2776, 2821, 2841, 2914, 2945, 2999, 3003, 3091, 3147]","[1728, 1911]","[15, 174, 217, 245, 268, 293, 315, 374, 444, 524, 635, 734, 799, 813, 827, 835, 888, 1196, 1234, 1270, 1302, 1413, 1436, 1511, 1533, 1553, 1558, 1572, 1623, 1665, 1750, 1821, 1907, 2067, 2136, 2183, 2266, 2365, 2378, 2388, 2415, 2419, 2430, 2456, 2544, 2766, 2776, 2821, 2841, 2914, 2945, 2999, 3003, 3091, 3147]","[1728, 1911]",3211,57,3154,2,55,3154,0
0.5,MMTROPIB,"[183, 196, 201, 209, 232, 261, 328, 391, 411, 656, 677, 700, 856, 862, 868, 1021, 1053, 1069, 1080, 1092, 1120, 1124, 1132, 1157, 1214, 1261, 1274, 1276, 1307, 1525, 1568, 1617, 1697, 1722, 1744, 1749, 1762, 1772, 1794, 1807, 1810, 1832, 1868, 1886, 1932, 1939, 1951, 1956, 1977, 1981, 2008, 2033, 2038, 2064, 2070, 2078, 2185, 2274, 2279, 2300, 2321, 2327, 2337, 2353, 2379, 2393, 2399, 2406, 2421, 2425, 2451, 2522, 2534, 2541, 2656, 2667, 2673, 2677, 2687, 2724, 2728, 2761, 2786, 2960, 3037, 3113, 3233, 3296, 3405, 3501, 3564, 3690, 3723, 3734, 3806, 3942, 3963, 4178, 4219, 4269, 4493, 4580, 4604, 4608, 4610, 4620, 4713, 4748, 4822, 4842, 4865, 4888, 4920, 4950, 5007, 5020, 5075, 5114, 5128, 5241, 5261, 5299, 5319, 5340, 5367, 5369, 5379, 5420, 5500, 5561]","[1697, 1932, 2185, 2656, 3037, 3564, 4604]","[183, 196, 201, 209, 232, 261, 328, 391, 411, 656, 677, 700, 856, 862, 868, 1021, 1053, 1069, 1080, 1092, 1120, 1124, 1132, 1157, 1214, 1261, 1274, 1276, 1307, 1525, 1568, 1617, 1722, 1744, 1749, 1762, 1772, 1794, 1807, 1810, 1832, 1868, 1886, 1939, 1951, 1956, 1977, 1981, 2008, 2033, 2038, 2064, 2070, 2078, 2274, 2279, 2300, 2321, 2327, 2337, 2353, 2379, 2393, 2399, 2406, 2421, 2425, 2451, 2522, 2534, 2541, 2667, 2673, 2677, 2687, 2724, 2728, 2761, 2786, 2960, 3113, 3233, 3296, 3405, 3501, 3690, 3723, 3734, 3806, 3942, 3963, 4178, 4219, 4269, 4493, 4580, 4608, 4610, 4620, 4713, 4748, 4822, 4842, 4865, 4888, 4920, 4950, 5007, 5020, 5075, 5114, 5128, 5241, 5261, 5299, 5319, 5340, 5367, 5369, 5379, 5420, 5500, 5561]","[1697, 1932, 2185, 2656, 3037, 3564, 4604]",5683,130,5553,7,123,5553,0
0.5,MMTUM198,"[70, 120, 180, 182, 190, 335, 347, 457, 569, 611, 615, 638, 665, 709, 798, 831, 873, 891, 932, 985, 1012, 1084, 1196, 1216, 1227, 1339, 1420, 1448, 1583, 1692, 1717, 1719, 1724, 1729, 1733, 1750, 1777, 1818, 1827, 1849, 1894, 1954, 1986, 1990, 1994, 2056, 2078, 2102, 2193, 2207, 2240, 2255, 2262, 2322, 2340, 2373, 2389, 2458, 2487, 2501, 2668, 2671, 2745, 2751, 2808, 2818, 2899, 3040, 3049, 3056, 3096, 3098, 3187, 3210, 3215, 3306, 3313, 3317, 3321, 3328, 3338, 3355, 3450, 3554, 3587, 3628, 3632, 3730, 3770, 3818, 3836, 3845, 3904, 3913, 3957, 4087, 4092, 4098, 4108, 4180, 4220, 4264, 4289, 4343]","[1692, 2818, 3098, 3313, 3587, 3818, 4180]","[70, 120, 180, 182, 190, 335, 347, 457, 569, 611, 615, 638, 665, 709, 798, 831, 873, 891, 932, 985, 1012, 1084, 1196, 1216, 1227, 1339, 1420, 1448, 1583, 1717, 1719, 1724, 1729, 1733, 1750, 1777, 1818, 1827, 1849, 1894, 1954, 1986, 1990, 1994, 2056, 2078, 2102, 2193, 2207, 2240, 2255, 2262, 2322, 2340, 2373, 2389, 2458, 2487, 2501, 2668, 2671, 2745, 2751, 2808, 2899, 3040, 3049, 3056, 3096, 3187, 3210, 3215, 3306, 3317, 3321, 3328, 3338, 3355, 3450, 3554, 3628, 3632, 3730, 3770, 3836, 3845, 3904, 3913, 3957, 4087, 4092, 4098, 4108, 4220, 4264, 4289, 4343]","[1692, 2818, 3098, 3313, 3587, 3818, 4180]",4376,104,4272,7,97,4272,0
0.5,MMU01530,"[76, 87, 99, 190, 194, 205, 218, 283, 295, 325, 358, 636, 891, 895, 909, 924, 941, 956, 979, 989, 1010, 1046, 1080, 1084, 1091, 1099, 1101, 1148, 1164, 1169, 1172, 1180, 1192, 1194, 1216, 1224, 1232, 1250, 1304, 1336, 1357, 1401, 1427, 1458, 1462, 1576, 1589, 1600, 1603, 1746, 1749, 1819, 1827, 1896, 1901, 1903, 1955, 1976, 2027, 2244, 2269, 2293, 2298, 2302, 2316, 2321, 2400, 2406, 2412, 2519, 2556, 2581, 2682, 2844, 2853, 2909, 2926, 3002, 3094, 3135, 3188, 3231, 3298, 3301, 3349, 3444, 3500, 3526, 3536, 3542, 3586, 3729, 3803, 3819, 3927, 3935, 3939, 4031, 4035, 4132, 4167, 4263, 4282, 4299, 4412, 4423, 4454, 4477, 4541, 4567, 4573, 4584, 4588, 4599, 4653, 4668, 4701, 4740, 4802, 4893, 4895, 4904, 4908, 4928, 4946, 4961, 5017, 5022, 5040, 5083, 5086, 5148, 5211, 5255, 5260, 5329, 5388, 5405, 5421, 5439, 5505, 5511, 5602, 5606, 5702, 5713, 5740, 5744, 5774, 5885, 6029, 6039, 6100, 6213, 6229, 6264, 6324, 6342, 6394, 6423, 6435, 6453, 6484, 6490, 6506, 6510, 6532, 6541, 6546, 6550, 6562, 6598, 6611, 6625, 6653, 6655, 6692, 6697, 6706, 6708, 6727]","[3094, 3231]","[76, 87, 99, 190, 194, 205, 218, 283, 295, 325, 358, 636, 891, 895, 909, 924, 941, 956, 979, 989, 1010, 1046, 1080, 1084, 1091, 1099, 1101, 1148, 1164, 1169, 1172, 1180, 1192, 1194, 1216, 1224, 1232, 1250, 1304, 1336, 1357, 1401, 1427, 1458, 1462, 1576, 1589, 1600, 1603, 1746, 1749, 1819, 1827, 1896, 1901, 1903, 1955, 1976, 2027, 2244, 2269, 2293, 2298, 2302, 2316, 2321, 2400, 2406, 2412, 2519, 2556, 2581, 2682, 2844, 2853, 2909, 2926, 3002, 3135, 3188, 3298, 3301, 3349, 3444, 3500, 3526, 3536, 3542, 3586, 3729, 3803, 3819, 3927, 3935, 3939, 4031, 4035, 4132, 4167, 4263, 4282, 4299, 4412, 4423, 4454, 4477, 4541, 4567, 4573, 4584, 4588, 4599, 4653, 4668, 4701, 4740, 4802, 4893, 4895, 4904, 4908, 4928, 4946, 4961, 5017, 5022, 5040, 5083, 5086, 5148, 5211, 5255, 5260, 5329, 5388, 5405, 5421, 5439, 5505, 5511, 5602, 5606, 5702, 5713, 5740, 5744, 5774, 5885, 6029, 6039, 6100, 6213, 6229, 6264, 6324, 6342, 6394, 6423, 6435, 6453, 6484, 6490, 6506, 6510, 6532, 6541, 6546, 6550, 6562, 6598, 6611, 6625, 6653, 6655, 6692, 6697, 6706, 6708, 6727]","[3094, 3231]",6694,181,6513,2,179,6513,0
0.5,MMU02278,"[24, 75, 206, 342, 348, 527, 652, 669, 678, 708, 723, 789, 868, 870, 883, 888, 962, 1041, 1106, 1119, 1132, 1135, 1141, 1249, 1323, 1482, 1509, 1537, 1542, 1638, 1858, 1866, 1938, 1949, 1953, 2077, 2098, 2159, 2209, 2247, 2262, 2312, 2330, 2344, 2431, 2493, 2499, 2502, 2514, 2517, 2535, 2599, 2629, 2648, 2702, 2773, 3007, 3031, 3098, 3100, 3104, 3249, 3265, 3303, 3337, 3368, 3373, 3433, 3435, 3456, 3482, 3593, 3647, 3669, 3674, 3684, 3779, 3783, 3833, 3873, 3967]",[1638],"[24, 75, 206, 342, 348, 527, 652, 669, 678, 708, 723, 789, 868, 870, 883, 888, 962, 1041, 1106, 1119, 1132, 1135, 1141, 1249, 1323, 1482, 1509, 1537, 1542, 1858, 1866, 1938, 1949, 1953, 2077, 2098, 2159, 2209, 2247, 2262, 2312, 2330, 2344, 2431, 2493, 2499, 2502, 2514, 2517, 2535, 2599, 2629, 2648, 2702, 2773, 3007, 3031, 3098, 3100, 3104, 3249, 3265, 3303, 3337, 3368, 3373, 3433, 3435, 3456, 3482, 3593, 3647, 3669, 3674, 3684, 3779, 3783, 3833, 3873, 3967]",[1638],3973,81,3892,1,80,3892,0
0.5,MMU02298,"[71, 99, 114, 171, 215, 475, 479, 582, 587, 603, 656, 685, 764, 820, 887, 1023, 1099, 1180, 1273, 1283, 1326, 1419, 1427, 1473, 1491, 1508, 1531, 1565, 1639, 1643, 1724, 1766, 1794, 1844, 1880, 2102, 2205, 2242, 2355, 2363, 2392, 2413, 2440, 2445, 2472, 2488, 2566, 2618, 2622, 2681, 2706, 2726, 2770, 2780, 2874, 2897, 2990, 3017, 3047, 3067, 3116, 3120, 3132, 3220, 3308, 3328, 3347, 3366, 3385, 3404, 3423, 3442, 3492, 3550, 3590, 3632, 3688, 3823, 3893, 3911, 3920, 3929, 3969, 3971, 3975, 3995, 3999, 4008, 4036, 4040, 4044, 4056, 4082, 4118, 4131, 4154, 4190, 4198, 4213, 4239, 4248, 4260, 4270, 4284, 4321, 4328, 4343, 4351, 4359, 4377, 4527, 4589, 4677, 4687, 4713, 4721, 4723, 4727, 4739, 4749, 4751, 4753, 4755, 4757, 4759, 4761, 4765, 4769, 4794, 4810, 4897, 4942, 4954, 4978, 5023, 5035, 5082, 5086, 5301, 5309, 5398, 5451, 5457, 5502, 5527, 5529, 5550, 5617, 5674, 5802, 5836]","[1180, 2413]","[71, 99, 114, 171, 215, 475, 479, 582, 587, 603, 656, 685, 764, 820, 887, 1023, 1099, 1273, 1283, 1326, 1419, 1427, 1473, 1491, 1508, 1531, 1565, 1639, 1643, 1724, 1766, 1794, 1844, 1880, 2102, 2205, 2242, 2355, 2363, 2392, 2440, 2445, 2472, 2488, 2566, 2618, 2622, 2681, 2706, 2726, 2770, 2780, 2874, 2897, 2990, 3017, 3047, 3067, 3116, 3120, 3132, 3220, 3308, 3328, 3347, 3366, 3385, 3404, 3423, 3442, 3492, 3550, 3590, 3632, 3688, 3823, 3893, 3911, 3920, 3929, 3969, 3971, 3975, 3995, 3999, 4008, 4036, 4040, 4044, 4056, 4082, 4118, 4131, 4154, 4190, 4198, 4213, 4239, 4248, 4260, 4270, 4284, 4321, 4328, 4343, 4351, 4359, 4377, 4527, 4589, 4677, 4687, 4713, 4721, 4723, 4727, 4739, 4749, 4751, 4753, 4755, 4757, 4759, 4761, 4765, 4769, 4794, 4810, 4897, 4942, 4954, 4978, 5023, 5035, 5082, 5086, 5301, 5309, 5398, 5451, 5457, 5502, 5527, 5529, 5550, 5617, 5674, 5802, 5836]","[1180, 2413]",5851,151,5700,2,149,5700,0
0.5,MMU02884,"[45, 83, 95, 161, 214, 220, 225, 266, 306, 340, 388, 404, 444, 446, 462, 502, 512, 536, 589, 638, 668, 672, 711, 767, 769, 794, 814, 844, 875, 1025, 1069, 1083, 1150, 1273, 1335, 1372, 1390, 1455, 1457, 1475, 1572, 1576, 1630, 1659, 1716, 1761, 1770, 1830, 1875, 1899, 1930, 1934, 1945, 2007, 2053, 2086, 2107, 2126, 2152, 2158, 2161, 2220, 2222, 2310, 2326, 2340, 2368, 2382, 2403, 2432, 2434, 2441, 2484, 2758, 2765, 2785, 2800, 2870, 3084, 3154, 3186, 3348, 3379, 3386, 3419, 3427, 3526, 3530, 3601, 3632, 3665, 3669, 3726, 3848, 3860, 3865, 3889, 4056, 4127, 4203, 4285, 4307, 4372, 4376, 4508, 4601, 4678, 4706, 4754, 4798, 4831, 4957, 5071, 5073, 5094, 5164, 5217, 5238, 5244, 5248, 5291, 5341, 5359, 5445, 5499, 5517, 5554, 5588, 5607, 5669, 5724, 5792, 5806, 5831, 5852, 5922, 5946, 6022, 6026, 6092, 6252, 6278, 6523, 6531, 6642, 6675, 6687, 6740, 6770, 6836, 6848, 6870, 6913, 6941, 7068, 7208, 7210, 7219, 7309, 7382, 7390, 7419, 7501, 7527, 7553, 7562, 7567, 7591, 7608, 7627, 7670, 7708, 7741, 7847, 7852, 7866, 7870, 7878, 7884, 7896, 7968, 7973, 8002, 8118, 8171, 8195, 8206, 8216, 8271, 8275, 8280, 8484, 8531, 8536, 8563, 8590, 8605, 8612, 8678, 8707, 8724, 8735]","[1630, 5244, 6836]","[45, 83, 95, 161, 214, 220, 225, 266, 306, 340, 388, 404, 444, 446, 462, 502, 512, 536, 589, 638, 668, 672, 711, 767, 769, 794, 814, 844, 875, 1025, 1069, 1083, 1150, 1273, 1335, 1372, 1390, 1455, 1457, 1475, 1572, 1576, 1659, 1716, 1761, 1770, 1830, 1875, 1899, 1930, 1934, 1945, 2007, 2053, 2086, 2107, 2126, 2152, 2158, 2161, 2220, 2222, 2310, 2326, 2340, 2368, 2382, 2403, 2432, 2434, 2441, 2484, 2758, 2765, 2785, 2800, 2870, 3084, 3154, 3186, 3348, 3379, 3386, 3419, 3427, 3526, 3530, 3601, 3632, 3665, 3669, 3726, 3848, 3860, 3865, 3889, 4056, 4127, 4203, 4285, 4307, 4372, 4376, 4508, 4601, 4678, 4706, 4754, 4798, 4831, 4957, 5071, 5073, 5094, 5164, 5217, 5238, 5248, 5291, 5341, 5359, 5445, 5499, 5517, 5554, 5588, 5607, 5669, 5724, 5792, 5806, 5831, 5852, 5922, 5946, 6022, 6026, 6092, 6252, 6278, 6523, 6531, 6642, 6675, 6687, 6740, 6770, 6848, 6870, 6913, 6941, 7068, 7208, 7210, 7219, 7309, 7382, 7390, 7419, 7501, 7527, 7553, 7562, 7567, 7591, 7608, 7627, 7670, 7708, 7741, 7847, 7852, 7866, 7870, 7878, 7884, 7896, 7968, 7973, 8002, 8118, 8171, 8195, 8206, 8216, 8271, 8275, 8280, 8484, 8531, 8536, 8563, 8590, 8605, 8612, 8678, 8707, 8724, 8735]","[1630, 5244, 6836]",8757,202,8555,3,199,8555,0
0.5,MMU04056,"[186, 217, 221, 231, 265, 308, 321, 387, 398, 705, 781, 800, 816, 901, 936, 948, 1000, 1027, 1060, 1227, 1285, 1324, 1326, 1331, 1382, 1410, 1450, 1456, 1461, 1465, 1472, 1479, 1494, 1497, 1500, 1502, 1506, 1508, 1513, 1644, 1741, 1781, 1800, 1823, 1833, 1857, 1861, 1865, 1919, 1999, 2046, 2088, 2108, 2135, 2183, 2198, 2256, 2304, 2336, 2377, 2388, 2418, 2480, 2490, 2509, 2602, 2620, 2667, 2711, 2747, 2886, 2902, 2906, 2960, 3028, 3068, 3108, 3131, 3156, 3162, 3166, 3201, 3291, 3362, 3530, 3536, 3555, 3721, 3725, 3816, 3937, 3942, 4001, 4012, 4082, 4137, 4185, 4210, 4254, 4327, 4381, 4409, 4524, 4624, 4688, 4708, 4769, 4773, 4799, 4856, 4883, 4941, 4993, 5036, 5063, 5105, 5127, 5164, 5218, 5254, 5413, 5453, 5459, 5524, 5560, 5594, 5614, 5659, 5861, 5892, 5936, 6020, 6033, 6067, 6188, 6211, 6247, 6264, 6345, 6477, 6661, 6720, 6725, 6772, 6865, 7022, 7055, 7071, 7075, 7081, 7090, 7101, 7111, 7149, 7199, 7225, 7308, 7352, 7544, 7595, 7683, 7696, 7703, 7710, 7717, 7868, 7974, 7979, 8069, 8311, 8316, 8372, 8388, 8501, 8602, 8620, 8625, 8628, 8633, 8649, 8664, 8668, 8680, 8732, 8830, 8844, 8871, 8883, 8895, 9012, 9024, 9187, 9216, 9346, 9485, 9517, 9601, 9605, 9786, 9788, 9807, 9821, 9869, 9960, 10200, 10218, 10229, 10273, 10288, 10317, 10339, 10350, 10400, 10588, 10593, 10595, 10632, 10720, 10744, 10794, 10814, 10822, 10876, 10914, 10928, 10989, 10998, 11005, 11167, 11208, 11214, 11259, 11272, 11336, 11385, 11402, 11429, 11441, 11449, 11521, 11533, 11552, 11554, 11560, 11578, 11623, 11696, 11758, 11797, 11994, 12036, 12057, 12068, 12070, 12075, 12088, 12132, 12156, 12159, 12166, 12175, 12200, 12211, 12356, 12375, 12380, 12407, 12437, 12484, 12668, 12726, 12755, 12804, 13012, 13112, 13152, 13163, 13211, 13278, 13344, 13355, 13391, 13400, 13491, 13585, 13712, 13741, 13840, 13922, 13933, 14104, 14156, 14197, 14226, 14264, 14270, 14361, 14366, 14448, 14471, 14478, 14483, 14531, 14615, 14645, 14656, 14751, 14811, 14879, 14896, 15011, 15214, 15233, 15246, 15270, 15279, 15341, 15365, 15369, 15374, 15379, 15417, 15421, 15502, 15506, 15521, 15545, 15560, 15620, 15651, 15709, 15804, 15870, 15874, 15891, 15895, 15901, 15942, 15971, 15993, 15997, 16041, 16068, 16157, 16207, 16230, 16234, 16252, 16334, 16348, 16447, 16469, 16561, 16571, 16618, 16710, 16734, 16742, 16843, 16986, 16994, 17007, 17017, 17149, 17167, 17238, 17245, 17330, 17376, 17393, 17452, 17462, 17554, 17721, 17760, 17765, 17816, 17822, 17826, 17929, 17992, 18100, 18140, 18168, 18223, 18429, 18436, 18480, 18646, 18650, 18654, 18658, 18662, 18696, 18768, 18785, 18839, 18922, 18954, 19138, 19147, 19243, 19273, 19388, 19460, 19491, 19584, 19638, 19687, 19691, 19802, 19830, 19849, 19860, 19864, 19922, 20025, 20062, 20066, 20071, 20131, 20144, 20217, 20231, 20243, 20292, 20314, 20345, 20413, 20448, 20501, 20518, 20597, 20602, 20618, 20633, 20635, 20669, 20681, 20707, 20750, 20774, 20780, 20804, 20937, 20979, 20991, 21080, 21133, 21171, 21185, 21189, 21204, 21210, 21238, 21351, 21371, 21385, 21392, 21396, 21416, 21514, 21556, 21562, 21625, 21633, 21706]","[1382, 3530, 4688, 7979, 8895, 10317, 10876, 11259, 12211, 13491, 16230, 16561]","[186, 217, 221, 231, 265, 308, 321, 387, 398, 705, 781, 800, 816, 901, 936, 948, 1000, 1027, 1060, 1227, 1285, 1324, 1326, 1331, 1410, 1450, 1456, 1461, 1465, 1472, 1479, 1494, 1497, 1500, 1502, 1506, 1508, 1513, 1644, 1741, 1781, 1800, 1823, 1833, 1857, 1861, 1865, 1919, 1999, 2046, 2088, 2108, 2135, 2183, 2198, 2256, 2304, 2336, 2377, 2388, 2418, 2480, 2490, 2509, 2602, 2620, 2667, 2711, 2747, 2886, 2902, 2906, 2960, 3028, 3068, 3108, 3131, 3156, 3162, 3166, 3201, 3291, 3362, 3536, 3555, 3721, 3725, 3816, 3937, 3942, 4001, 4012, 4082, 4137, 4185, 4210, 4254, 4327, 4381, 4409, 4524, 4624, 4708, 4769, 4773, 4799, 4856, 4883, 4941, 4993, 5036, 5063, 5105, 5127, 5164, 5218, 5254, 5413, 5453, 5459, 5524, 5560, 5594, 5614, 5659, 5861, 5892, 5936, 6020, 6033, 6067, 6188, 6211, 6247, 6264, 6345, 6477, 6661, 6720, 6725, 6772, 6865, 7022, 7055, 7071, 7075, 7081, 7090, 7101, 7111, 7149, 7199, 7225, 7308, 7352, 7544, 7595, 7683, 7696, 7703, 7710, 7717, 7868, 7974, 8069, 8311, 8316, 8372, 8388, 8501, 8602, 8620, 8625, 8628, 8633, 8649, 8664, 8668, 8680, 8732, 8830, 8844, 8871, 8883, 9012, 9024, 9187, 9216, 9346, 9485, 9517, 9601, 9605, 9786, 9788, 9807, 9821, 9869, 9960, 10200, 10218, 10229, 10273, 10288, 10339, 10350, 10400, 10588, 10593, 10595, 10632, 10720, 10744, 10794, 10814, 10822, 10914, 10928, 10989, 10998, 11005, 11167, 11208, 11214, 11272, 11336, 11385, 11402, 11429, 11441, 11449, 11521, 11533, 11552, 11554, 11560, 11578, 11623, 11696, 11758, 11797, 11994, 12036, 12057, 12068, 12070, 12075, 12088, 12132, 12156, 12159, 12166, 12175, 12200, 12356, 12375, 12380, 12407, 12437, 12484, 12668, 12726, 12755, 12804, 13012, 13112, 13152, 13163, 13211, 13278, 13344, 13355, 13391, 13400, 13585, 13712, 13741, 13840, 13922, 13933, 14104, 14156, 14197, 14226, 14264, 14270, 14361, 14366, 14448, 14471, 14478, 14483, 14531, 14615, 14645, 14656, 14751, 14811, 14879, 14896, 15011, 15214, 15233, 15246, 15270, 15279, 15341, 15365, 15369, 15374, 15379, 15417, 15421, 15502, 15506, 15521, 15545, 15560, 15620, 15651, 15709, 15804, 15870, 15874, 15891, 15895, 15901, 15942, 15971, 15993, 15997, 16041, 16068, 16157, 16207, 16234, 16252, 16334, 16348, 16447, 16469, 16571, 16618, 16710, 16734, 16742, 16843, 16986, 16994, 17007, 17017, 17149, 17167, 17238, 17245, 17330, 17376, 17393, 17452, 17462, 17554, 17721, 17760, 17765, 17816, 17822, 17826, 17929, 17992, 18100, 18140, 18168, 18223, 18429, 18436, 18480, 18646, 18650, 18654, 18658, 18662, 18696, 18768, 18785, 18839, 18922, 18954, 19138, 19147, 19243, 19273, 19388, 19460, 19491, 19584, 19638, 19687, 19691, 19802, 19830, 19849, 19860, 19864, 19922, 20025, 20062, 20066, 20071, 20131, 20144, 20217, 20231, 20243, 20292, 20314, 20345, 20413, 20448, 20501, 20518, 20597, 20602, 20618, 20633, 20635, 20669, 20681, 20707, 20750, 20774, 20780, 20804, 20937, 20979, 20991, 21080, 21133, 21171, 21185, 21189, 21204, 21210, 21238, 21351, 21371, 21385, 21392, 21396, 21416, 21514, 21556, 21562, 21625, 21633, 21706]","[1382, 3530, 4688, 7979, 8895, 10317, 10876, 11259, 12211, 13491, 16230, 16561]",21710,467,21243,12,455,21243,0
0.5,MMU04827,"[22, 30, 70, 105, 192, 275, 554, 568, 613, 654, 670, 689, 722, 724, 729, 766, 777, 1088, 1096, 1099, 1114, 1186, 1299, 1491, 1649, 1687, 1714, 1789, 1862, 1896, 1947, 1977, 2009, 2014, 2081, 2148, 2154, 2179, 2186, 2200, 2203, 2246, 2280, 2319, 2339, 2353, 2369, 2455, 2512, 2599, 2669, 2675, 2750, 2767, 2828, 2833, 2850, 2855, 2859, 2915, 2937, 2982, 3095, 3330, 3335, 3337, 3453, 3523, 3548, 3551, 3555, 3604, 3614, 3651, 3667, 3684, 3688, 3701, 3762, 3841, 3903, 3914, 3933, 3978, 3993, 4039, 4110, 4131, 4140, 4155, 4165, 4174, 4185, 4276, 4281, 4301, 4434, 4504, 4616, 4670, 4728, 4743, 4764, 4769, 4814, 4866, 4878, 4903, 4911, 4934, 4969, 5174, 5184, 5221, 5223, 5254, 5286, 5338, 5374, 5444, 5538, 5607, 5628, 5675, 5771, 5806, 5820, 5846, 6011, 6098, 6145, 6223, 6237, 6399, 6575, 6678, 6692, 6823, 6871, 6879, 7133, 7252, 7265, 7281, 7291, 7328, 7359, 7369, 7383, 7399, 7519, 7579, 7592]","[3684, 4281, 4969]","[22, 30, 70, 105, 192, 275, 554, 568, 613, 654, 670, 689, 722, 724, 729, 766, 777, 1088, 1096, 1099, 1114, 1186, 1299, 1491, 1649, 1687, 1714, 1789, 1862, 1896, 1947, 1977, 2009, 2014, 2081, 2148, 2154, 2179, 2186, 2200, 2203, 2246, 2280, 2319, 2339, 2353, 2369, 2455, 2512, 2599, 2669, 2675, 2750, 2767, 2828, 2833, 2850, 2855, 2859, 2915, 2937, 2982, 3095, 3330, 3335, 3337, 3453, 3523, 3548, 3551, 3555, 3604, 3614, 3651, 3667, 3688, 3701, 3762, 3841, 3903, 3914, 3933, 3978, 3993, 4039, 4110, 4131, 4140, 4155, 4165, 4174, 4185, 4276, 4301, 4434, 4504, 4616, 4670, 4728, 4743, 4764, 4769, 4814, 4866, 4878, 4903, 4911, 4934, 5174, 5184, 5221, 5223, 5254, 5286, 5338, 5374, 5444, 5538, 5607, 5628, 5675, 5771, 5806, 5820, 5846, 6011, 6098, 6145, 6223, 6237, 6399, 6575, 6678, 6692, 6823, 6871, 6879, 7133, 7252, 7265, 7281, 7291, 7328, 7359, 7369, 7383, 7399, 7519, 7579, 7592]","[3684, 4281, 4969]",7600,153,7447,3,150,7447,0
0.5,MMU07568,"[84, 93, 221, 248, 253, 267, 282, 304, 330, 355, 361, 367, 372, 482, 514, 527, 531, 638, 721]","[84, 267, 482]","[93, 221, 248, 253, 282, 304, 330, 355, 361, 367, 372, 514, 527, 531, 638, 721]","[84, 267, 482]",743,19,724,3,16,724,0
0.5,MMU07808,"[61, 65, 151, 170, 183, 198, 317, 329, 404, 513, 515, 542, 547, 584, 664, 673, 677, 690, 768, 777, 799, 820, 824, 829, 866, 870, 876, 961, 987, 1019, 1062, 1081, 1087, 1143, 1177, 1179, 1208, 1318, 1331, 1352, 1397, 1430, 1513, 1592, 1679, 1691, 1697, 1701, 1731, 1756, 1762, 1771, 1792, 1798, 1897, 1918, 1941, 1988, 2112, 2133, 2203, 2210, 2249, 2302, 2313, 2350, 2384, 2395, 2409, 2438, 2448, 2540, 2579]","[673, 1697]","[61, 65, 151, 170, 183, 198, 317, 329, 404, 513, 515, 542, 547, 584, 664, 677, 690, 768, 777, 799, 820, 824, 829, 866, 870, 876, 961, 987, 1019, 1062, 1081, 1087, 1143, 1177, 1179, 1208, 1318, 1331, 1352, 1397, 1430, 1513, 1592, 1679, 1691, 1701, 1731, 1756, 1762, 1771, 1792, 1798, 1897, 1918, 1941, 1988, 2112, 2133, 2203, 2210, 2249, 2302, 2313, 2350, 2384, 2395, 2409, 2438, 2448, 2540, 2579]","[673, 1697]",2840,73,2767,2,71,2767,0
0.5,MMU09741,"[89, 135, 180, 191, 196, 207, 224, 239, 245, 480, 507, 511, 586, 637, 654, 749, 804, 874, 881, 888, 924, 1045, 1049, 1076, 1094, 1187, 1230, 1234, 1274, 1293, 1396, 1426, 1448, 1497, 1518, 1530, 1537, 1589, 1655, 1679, 1694, 1894, 1925, 1930, 1975, 1982, 2034, 2116, 2182, 2240, 2257, 2300, 2313, 2364, 2432, 2527, 2673, 2675, 2727, 2729, 2774, 2800]","[245, 1230]","[89, 135, 180, 191, 196, 207, 224, 239, 480, 507, 511, 586, 637, 654, 749, 804, 874, 881, 888, 924, 1045, 1049, 1076, 1094, 1187, 1234, 1274, 1293, 1396, 1426, 1448, 1497, 1518, 1530, 1537, 1589, 1655, 1679, 1694, 1894, 1925, 1930, 1975, 1982, 2034, 2116, 2182, 2240, 2257, 2300, 2313, 2364, 2432, 2527, 2673, 2675, 2727, 2729, 2774, 2800]","[245, 1230]",2844,62,2782,2,60,2782,0
0.5,MMU09964,"[26, 30, 45, 49, 55, 126, 130, 157, 187, 252, 258, 262, 295, 311, 315, 321, 341, 375, 433, 462, 510, 776, 778, 798, 803, 807, 811, 815, 857, 917, 972, 1295, 1299, 1305, 1584, 1594, 1629, 1631, 1640, 1666, 1684, 1686, 1712, 1749, 1767, 1821, 1881, 1968, 2015, 2044, 2091, 2115, 2181, 2187, 2311, 2317, 2321, 2375, 2397, 2410, 2490, 2587, 2621, 2671, 2680, 2693, 2697, 2730, 2758, 2908, 2965, 2970, 2996, 3000, 3002, 3014, 3079, 3111, 3136, 3189, 3213, 3414, 3418, 3428, 3432, 3448, 3606, 3700, 3712, 3779, 3796, 3879, 3933, 3968, 4126, 4228, 4264, 4270, 4303, 4435, 4450, 4500, 4531, 4598, 4607, 4620, 4657, 4686, 4788, 4799, 4962, 5091, 5134, 5146, 5148, 5163, 5211, 5251, 5375, 5615, 5622, 5652, 5667, 5697, 5708, 5726, 5730, 5747, 5751, 5754, 5758, 5793, 5816, 5820, 5824, 5828, 5832, 5836, 5840, 5844, 5848, 5956, 5977, 5990, 6038, 6084, 6090, 6094, 6240, 6305, 6335, 6447, 6451, 6499, 6524, 6528, 6566, 6612, 6682, 6741, 6745, 6761, 6856, 6890, 7030, 7044, 7062, 7096, 7151, 7168, 7198, 7202, 7224, 7292, 7423, 7434, 7500, 7525, 7533, 7600, 7605, 7635, 7667, 7675, 7695, 7760, 7764, 7920, 7927, 7962, 7966, 7976, 8007, 8059, 8068, 8105, 8118, 8157, 8162, 8192, 8196, 8339, 8362, 8372, 8445, 8455, 8460, 8479, 8530, 8562, 8601, 8727, 8821, 8932, 8988, 9017, 9044, 9173, 9190, 9254, 9311, 9337, 9417, 9505, 9523, 9576, 9595, 9733, 9743, 9898, 9930, 9952, 9980, 10001, 10030, 10139, 10254, 10273, 10299, 10304, 10311, 10326, 10328, 10332, 10357, 10363, 10372, 10378, 10429, 10434, 10632, 10673, 10684, 10697, 10777, 10858, 10875, 10901, 10937, 10944, 10991, 11017, 11050, 11054, 11060, 11127, 11153, 11186, 11190, 11196, 11246, 11269, 11315, 11396]","[1968, 3428, 4303, 4607, 7962, 8162, 8601, 9017, 9311, 10875]","[26, 30, 45, 49, 55, 126, 130, 157, 187, 252, 258, 262, 295, 311, 315, 321, 341, 375, 433, 462, 510, 776, 778, 798, 803, 807, 811, 815, 857, 917, 972, 1295, 1299, 1305, 1584, 1594, 1629, 1631, 1640, 1666, 1684, 1686, 1712, 1749, 1767, 1821, 1881, 2015, 2044, 2091, 2115, 2181, 2187, 2311, 2317, 2321, 2375, 2397, 2410, 2490, 2587, 2621, 2671, 2680, 2693, 2697, 2730, 2758, 2908, 2965, 2970, 2996, 3000, 3002, 3014, 3079, 3111, 3136, 3189, 3213, 3414, 3418, 3432, 3448, 3606, 3700, 3712, 3779, 3796, 3879, 3933, 3968, 4126, 4228, 4264, 4270, 4435, 4450, 4500, 4531, 4598, 4620, 4657, 4686, 4788, 4799, 4962, 5091, 5134, 5146, 5148, 5163, 5211, 5251, 5375, 5615, 5622, 5652, 5667, 5697, 5708, 5726, 5730, 5747, 5751, 5754, 5758, 5793, 5816, 5820, 5824, 5828, 5832, 5836, 5840, 5844, 5848, 5956, 5977, 5990, 6038, 6084, 6090, 6094, 6240, 6305, 6335, 6447, 6451, 6499, 6524, 6528, 6566, 6612, 6682, 6741, 6745, 6761, 6856, 6890, 7030, 7044, 7062, 7096, 7151, 7168, 7198, 7202, 7224, 7292, 7423, 7434, 7500, 7525, 7533, 7600, 7605, 7635, 7667, 7675, 7695, 7760, 7764, 7920, 7927, 7966, 7976, 8007, 8059, 8068, 8105, 8118, 8157, 8192, 8196, 8339, 8362, 8372, 8445, 8455, 8460, 8479, 8530, 8562, 8727, 8821, 8932, 8988, 9044, 9173, 9190, 9254, 9337, 9417, 9505, 9523, 9576, 9595, 9733, 9743, 9898, 9930, 9952, 9980, 10001, 10030, 10139, 10254, 10273, 10299, 10304, 10311, 10326, 10328, 10332, 10357, 10363, 10372, 10378, 10429, 10434, 10632, 10673, 10684, 10697, 10777, 10858, 10901, 10937, 10944, 10991, 11017, 11050, 11054, 11060, 11127, 11153, 11186, 11190, 11196, 11246, 11269, 11315, 11396]","[1968, 3428, 4303, 4607, 7962, 8162, 8601, 9017, 9311, 10875]",11454,274,11180,10,264,11180,0
0.5,MMU10098,"[26, 178, 309, 392, 517, 551, 593, 613, 695, 805, 865, 889, 1034, 1074, 1085, 1098, 1106, 1130, 1152, 1155, 1165, 1173, 1249, 1383, 1425, 1436, 1575, 1624, 1628, 1632, 1634, 1858, 1877, 1908, 1920, 1930, 1956, 1967, 2006, 2023, 2113, 2117, 2123, 2158, 2398, 2406, 2572, 2584, 2596, 2604, 2618, 2692, 2722, 2755, 2907, 2909, 2911, 2957, 2985, 3012, 3043, 3145, 3149, 3266, 3270, 3312, 3325, 3329, 3345, 3407, 3447, 3509, 3513, 3540, 3562, 3583, 3596, 3733, 3821, 3850, 3862, 3879, 3962, 3982, 4067, 4222, 4226, 4312, 4442, 4469, 4490, 4512, 4558, 4659, 4661, 4663, 4665, 4667, 4669, 4671, 4673, 4675, 4677, 4679, 4681, 4683, 4685, 4687, 4689, 4691, 4693, 4695, 4699, 4803, 4814, 4929, 5053, 5141, 5160, 5174, 5222, 5244, 5292, 5313, 5352, 5360, 5397, 5442, 5469, 5511, 5528, 5530, 5535, 5565, 5569, 5581, 5593, 5609, 5695, 5728, 5793, 5812, 5816, 5843, 5852, 5995, 5997, 6017, 6057]","[1173, 3509]","[26, 178, 309, 392, 517, 551, 593, 613, 695, 805, 865, 889, 1034, 1074, 1085, 1098, 1106, 1130, 1152, 1155, 1165, 1249, 1383, 1425, 1436, 1575, 1624, 1628, 1632, 1634, 1858, 1877, 1908, 1920, 1930, 1956, 1967, 2006, 2023, 2113, 2117, 2123, 2158, 2398, 2406, 2572, 2584, 2596, 2604, 2618, 2692, 2722, 2755, 2907, 2909, 2911, 2957, 2985, 3012, 3043, 3145, 3149, 3266, 3270, 3312, 3325, 3329, 3345, 3407, 3447, 3513, 3540, 3562, 3583, 3596, 3733, 3821, 3850, 3862, 3879, 3962, 3982, 4067, 4222, 4226, 4312, 4442, 4469, 4490, 4512, 4558, 4659, 4661, 4663, 4665, 4667, 4669, 4671, 4673, 4675, 4677, 4679, 4681, 4683, 4685, 4687, 4689, 4691, 4693, 4695, 4699, 4803, 4814, 4929, 5053, 5141, 5160, 5174, 5222, 5244, 5292, 5313, 5352, 5360, 5397, 5442, 5469, 5511, 5528, 5530, 5535, 5565, 5569, 5581, 5593, 5609, 5695, 5728, 5793, 5812, 5816, 5843, 5852, 5995, 5997, 6017, 6057]","[1173, 3509]",6117,149,5968,2,147,5968,0
0.5,MMU11054,"[23, 61, 185, 204, 383, 410, 457, 632, 689, 713, 729, 753, 785, 799, 951, 959, 986, 1012, 1093, 1157, 1199, 1215, 1271, 1293, 1297, 1303, 1357, 1388, 1402, 1418, 1559, 1614, 1668, 1684, 1833, 1839, 1856, 1877, 1884, 1892, 1898, 1929, 1996, 2028, 2037, 2121, 2243, 2250, 2270, 2294, 2330, 2355, 2420, 2446, 2515, 2526]","[457, 1418, 1996]","[23, 61, 185, 204, 383, 410, 632, 689, 713, 729, 753, 785, 799, 951, 959, 986, 1012, 1093, 1157, 1199, 1215, 1271, 1293, 1297, 1303, 1357, 1388, 1402, 1559, 1614, 1668, 1684, 1833, 1839, 1856, 1877, 1884, 1892, 1898, 1929, 2028, 2037, 2121, 2243, 2250, 2270, 2294, 2330, 2355, 2420, 2446, 2515, 2526]","[457, 1418, 1996]",2564,56,2508,3,53,2508,0
0.5,MMU11713,"[164, 199, 240, 250, 288, 397, 499, 520, 587, 599, 634, 638, 655, 694, 702, 802, 808, 822, 986, 996, 1023, 1102, 1203, 1270, 1288, 1341, 1365, 1387, 1479, 1485, 1530, 1586, 1624, 1695]","[288, 634]","[164, 199, 240, 250, 397, 499, 520, 587, 599, 638, 655, 694, 702, 802, 808, 822, 986, 996, 1023, 1102, 1203, 1270, 1288, 1341, 1365, 1387, 1479, 1485, 1530, 1586, 1624, 1695]","[288, 634]",1759,34,1725,2,32,1725,0
0.5,MMU12029,"[9, 17, 21, 51, 281, 297, 342, 346, 350, 360, 381, 448, 507, 525, 546, 558, 577, 582, 619, 695, 749, 879, 888, 948, 1264, 1275, 1287, 1309, 1347, 1385, 1410, 1450, 1489, 1586, 1614, 1736, 1741, 1807, 1836, 1897, 1912, 1922, 1994, 2030, 2036, 2041, 2082, 2090, 2092, 2099, 2165, 2194]","[582, 1264]","[9, 17, 21, 51, 281, 297, 342, 346, 350, 360, 381, 448, 507, 525, 546, 558, 577, 619, 695, 749, 879, 888, 948, 1275, 1287, 1309, 1347, 1385, 1410, 1450, 1489, 1586, 1614, 1736, 1741, 1807, 1836, 1897, 1912, 1922, 1994, 2030, 2036, 2041, 2082, 2090, 2092, 2099, 2165, 2194]","[582, 1264]",2255,52,2203,2,50,2203,0
0.5,MMU12273,"[21, 33, 38, 42, 53, 66, 135, 152, 155, 165, 175, 247, 283, 306, 327, 358, 384, 389, 496, 576, 591, 675, 680, 685, 688, 705, 769, 807, 813, 857, 915, 970, 1077, 1085, 1089, 1178, 1210, 1214, 1338, 1391, 1403, 1409, 1429, 1434, 1499, 1508, 1546, 1550, 1594, 1651, 1657, 1666, 1689, 1691, 1711, 1740, 1871, 1904, 1935, 1940, 1962, 2025, 2064, 2118, 2141, 2234, 2238, 2289, 2322, 2356, 2430, 2442]","[680, 1085, 1740]","[21, 33, 38, 42, 53, 66, 135, 152, 155, 165, 175, 247, 283, 306, 327, 358, 384, 389, 496, 576, 591, 675, 685, 688, 705, 769, 807, 813, 857, 915, 970, 1077, 1089, 1178, 1210, 1214, 1338, 1391, 1403, 1409, 1429, 1434, 1499, 1508, 1546, 1550, 1594, 1651, 1657, 1666, 1689, 1691, 1711, 1871, 1904, 1935, 1940, 1962, 2025, 2064, 2118, 2141, 2234, 2238, 2289, 2322, 2356, 2430, 2442]","[680, 1085, 1740]",2575,72,2503,3,69,2503,0
0.5,MMU12559,"[62, 123, 247, 251, 264, 266, 322, 327, 409, 433, 516, 540, 567, 588, 636, 658, 693, 723, 822, 896]",[247],"[62, 123, 251, 264, 266, 322, 327, 409, 433, 516, 540, 567, 588, 636, 658, 693, 723, 822, 896]",[247],918,20,898,1,19,898,0
0.5,MMU12560,"[12, 62, 123, 227, 247, 257, 264, 266, 322, 327, 396, 435, 542, 590, 638, 660, 695, 725]",[247],"[12, 62, 123, 227, 257, 264, 266, 322, 327, 396, 435, 542, 590, 638, 660, 695, 725]",[247],920,18,902,1,17,902,0
0.5,MMU12561,"[62, 123, 247, 251, 257, 264, 266, 322, 327, 378, 384, 409, 420, 516, 540, 567, 588, 636, 658, 723, 777, 820, 894]",[247],"[62, 123, 251, 257, 264, 266, 322, 327, 378, 384, 409, 420, 516, 540, 567, 588, 636, 658, 723, 777, 820, 894]",[247],916,23,893,1,22,893,0
0.5,MMU12562,"[9, 62, 247, 251, 257, 264, 266, 322, 327, 379, 396, 435, 470, 518, 542, 569, 590, 638, 660, 691, 695, 725, 896]",[247],"[9, 62, 251, 257, 264, 266, 322, 327, 379, 396, 435, 470, 518, 542, 569, 590, 638, 660, 691, 695, 725, 896]",[247],918,23,895,1,22,895,0
0.5,MMU12565,"[62, 123, 226, 247, 251, 257, 264, 321, 390, 396, 402, 564, 579, 588, 612, 630, 647, 667, 676, 688, 706, 775, 785, 795, 812, 848, 857, 866]",[247],"[62, 123, 226, 251, 257, 264, 321, 390, 396, 402, 564, 579, 588, 612, 630, 647, 667, 676, 688, 706, 775, 785, 795, 812, 848, 857, 866]",[247],1043,28,1015,1,27,1015,0
0.5,MMU13921,"[7, 10, 162, 283, 289, 301, 329, 337, 405, 521, 560, 585, 600, 641, 653, 656, 668, 680, 692, 716, 725, 737, 746, 820, 856, 866, 952, 1034, 1074, 1214, 1256, 1357, 1378, 1402, 1424, 1484, 1527, 1607, 1689, 1741, 1745, 1787, 1862, 1867, 2003, 2080, 2137, 2145, 2197, 2228, 2258, 2354, 2555, 2558, 2567, 2573, 2610, 2612, 2635, 2693, 2722, 2725, 2805, 2825, 2930, 2953, 3036, 3055, 3132, 3241, 3345, 3358, 3364, 3390, 3401, 3467, 3517, 3525, 3572, 3630, 3711, 3786, 3794, 3806, 3882, 3990, 4028, 4034, 4050, 4089, 4224, 4226, 4265, 4350, 4369, 4436, 4459, 4514]","[952, 2003, 2354, 2693, 2930, 3241, 3990]","[7, 10, 162, 283, 289, 301, 329, 337, 405, 521, 560, 585, 600, 641, 653, 656, 668, 680, 692, 716, 725, 737, 746, 820, 856, 866, 1034, 1074, 1214, 1256, 1357, 1378, 1402, 1424, 1484, 1527, 1607, 1689, 1741, 1745, 1787, 1862, 1867, 2080, 2137, 2145, 2197, 2228, 2258, 2555, 2558, 2567, 2573, 2610, 2612, 2635, 2722, 2725, 2805, 2825, 2953, 3036, 3055, 3132, 3345, 3358, 3364, 3390, 3401, 3467, 3517, 3525, 3572, 3630, 3711, 3786, 3794, 3806, 3882, 4028, 4034, 4050, 4089, 4224, 4226, 4265, 4350, 4369, 4436, 4459, 4514]","[952, 2003, 2354, 2693, 2930, 3241, 3990]",4670,98,4572,7,91,4572,0
0.5,MMU14421,"[163, 250, 255, 282, 399, 473, 480, 486, 511, 588, 638, 661, 690, 694, 732, 781, 814, 819, 876, 926, 946, 950, 957, 1078, 1082, 1089, 1183, 1198, 1247, 1257, 1297, 1322, 1365, 1650, 1755, 1867, 1887, 1892, 1900, 1952, 2041, 2049, 2051, 2106, 2171, 2295, 2361, 2381, 2402, 2454, 2462, 2512, 2569, 2731, 2815, 2919, 2923, 3466, 3556, 3590, 3668, 3681, 3685, 3752, 3765, 3788, 3799, 3848, 3861, 3867, 3897, 3916, 3920, 3950, 3984, 3987, 4129, 4195, 4212, 4237, 4250, 4272, 4383, 4413, 4422, 4429, 4433, 4470, 4502, 4506, 4528, 4560, 4566, 4574, 4613, 4622, 4669, 4695, 4756, 4875, 4896, 4934, 4941, 5015, 5034, 5062, 5121, 5164, 5209, 5237, 5249, 5257, 5275, 5282, 5450, 5537, 5569, 5572, 5599, 5656, 5661, 5695, 5845, 5864, 5941, 5982, 6026, 6174]","[3668, 4237, 4502]","[163, 250, 255, 282, 399, 473, 480, 486, 511, 588, 638, 661, 690, 694, 732, 781, 814, 819, 876, 926, 946, 950, 957, 1078, 1082, 1089, 1183, 1198, 1247, 1257, 1297, 1322, 1365, 1650, 1755, 1867, 1887, 1892, 1900, 1952, 2041, 2049, 2051, 2106, 2171, 2295, 2361, 2381, 2402, 2454, 2462, 2512, 2569, 2731, 2815, 2919, 2923, 3466, 3556, 3590, 3681, 3685, 3752, 3765, 3788, 3799, 3848, 3861, 3867, 3897, 3916, 3920, 3950, 3984, 3987, 4129, 4195, 4212, 4250, 4272, 4383, 4413, 4422, 4429, 4433, 4470, 4506, 4528, 4560, 4566, 4574, 4613, 4622, 4669, 4695, 4756, 4875, 4896, 4934, 4941, 5015, 5034, 5062, 5121, 5164, 5209, 5237, 5249, 5257, 5275, 5282, 5450, 5537, 5569, 5572, 5599, 5656, 5661, 5695, 5845, 5864, 5941, 5982, 6026, 6174]","[3668, 4237, 4502, 4814]",6254,128,6126,3,125,6125,1
0.5,MMVITRO,"[8, 14, 119, 131, 283, 336, 339, 365, 434, 520, 524, 531, 607, 642, 689, 721, 725, 738, 778, 788, 879, 904, 961, 1009, 1025, 1117, 1201, 1263, 1297, 1425, 1462, 1523, 1596, 1817, 1845, 1847, 1861, 1865, 1877, 1883, 1892, 1909, 1982, 1986, 1988, 2021, 2054, 2071, 2075, 2131, 2219, 2249, 2335, 2409, 2474, 2490, 2495, 2501, 2557, 2585, 2596, 2667, 2693, 2718, 2725, 2736, 2749, 2763, 2783, 2826, 2861, 2864, 2868, 3017, 3026, 3045, 3048, 3088, 3133, 3142, 3175, 3193, 3279, 3325, 3331, 3362, 3592, 3646, 3703, 3733, 3755, 3759, 3804, 3812, 3816, 3820, 3824, 3855, 3859, 3863, 3867, 3978, 4046, 4142, 4259, 4306, 4355, 4408, 4422, 4438, 4445, 4462, 4612, 4644, 4674, 4740, 4780, 4814, 4867, 4900, 4941, 4985, 4996]","[1845, 2054, 2474, 2693, 3017, 3279, 4355]","[8, 14, 119, 131, 283, 336, 339, 365, 434, 520, 524, 531, 607, 642, 689, 721, 725, 738, 778, 788, 879, 904, 961, 1009, 1025, 1117, 1201, 1263, 1297, 1425, 1462, 1523, 1596, 1817, 1847, 1861, 1865, 1877, 1883, 1892, 1909, 1982, 1986, 1988, 2021, 2071, 2075, 2131, 2219, 2249, 2335, 2409, 2490, 2495, 2501, 2557, 2585, 2596, 2667, 2718, 2725, 2736, 2749, 2763, 2783, 2826, 2861, 2864, 2868, 3026, 3045, 3048, 3088, 3133, 3142, 3175, 3193, 3325, 3331, 3362, 3592, 3646, 3703, 3733, 3755, 3759, 3804, 3812, 3816, 3820, 3824, 3855, 3859, 3863, 3867, 3978, 4046, 4142, 4259, 4306, 4408, 4422, 4438, 4445, 4462, 4612, 4644, 4674, 4740, 4780, 4814, 4867, 4900, 4941, 4985, 4996]","[1845, 2054, 2474, 2693, 3017, 3279, 4355]",4996,123,4873,7,116,4873,0
0.5,MMVPREB2,"[42, 104, 172, 211, 214, 231, 236, 279, 302, 314, 323, 344, 379, 439, 466, 486, 541, 587, 617, 713, 763, 768, 809, 908, 923, 930, 985, 1048]",[379],"[42, 104, 172, 211, 214, 231, 236, 279, 302, 314, 323, 344, 439, 466, 486, 541, 587, 617, 713, 763, 768, 809, 908, 923, 930, 985, 1048]",[379],1045,28,1017,1,27,1017,0
0.5,MMVPREB3,"[12, 42, 104, 172, 211, 214, 231, 236, 265, 279, 302, 314, 323, 344, 379, 439, 466, 486, 541, 587, 617, 713, 768, 809, 908, 923, 930, 985, 1048]",[379],"[12, 42, 104, 172, 211, 214, 231, 236, 265, 279, 302, 314, 323, 344, 439, 466, 486, 541, 587, 617, 713, 768, 809, 908, 923, 930, 985, 1048]",[379],1045,29,1016,1,28,1016,0
0.5,MNKEGLOBIM,"[21, 55, 148, 189, 221, 237, 271, 346, 448, 469, 536, 548, 583, 599, 604, 688, 720, 761, 952, 1041, 1046, 1054, 1060, 1166, 1184, 1190, 1196, 1200, 1214, 1264, 1292, 1311, 1409, 1414, 1420, 1465, 1489, 1521, 1558, 1630, 1644, 1679]","[237, 583]","[21, 55, 148, 189, 221, 271, 346, 448, 469, 536, 548, 599, 604, 688, 720, 761, 952, 1041, 1046, 1054, 1060, 1166, 1184, 1190, 1196, 1200, 1214, 1264, 1292, 1311, 1409, 1414, 1420, 1465, 1489, 1521, 1558, 1630, 1644, 1679]","[237, 583]",1693,42,1651,2,40,1651,0
0.5,MNKEGLOBIN,"[21, 55, 148, 189, 221, 237, 271, 346, 448, 469, 536, 548, 583, 599, 604, 688, 720, 950, 1039, 1044, 1052, 1058, 1164, 1182, 1188, 1194, 1198, 1212, 1262, 1290, 1309, 1407, 1412, 1418, 1463, 1487, 1519, 1556, 1628, 1642, 1677]","[237, 583]","[21, 55, 148, 189, 221, 271, 346, 448, 469, 536, 548, 599, 604, 688, 720, 950, 1039, 1044, 1052, 1058, 1164, 1182, 1188, 1194, 1198, 1212, 1262, 1290, 1309, 1407, 1412, 1418, 1463, 1487, 1519, 1556, 1628, 1642, 1677]","[237, 583]",1691,41,1650,2,39,1650,0
0.5,MNKHGBGGAG,"[7, 68, 75, 92, 96, 159, 199, 239, 249, 287, 297, 422, 513, 519, 586, 598, 633, 654, 702, 811, 879, 929, 942, 974, 1064, 1106, 1117, 1119, 1123, 1127, 1131, 1144, 1146, 1148, 1152, 1199, 1206, 1240, 1282, 1331, 1338, 1342, 1434, 1440, 1485, 1509, 1525, 1640, 1649]","[287, 633]","[7, 68, 75, 92, 96, 159, 199, 239, 249, 297, 422, 513, 519, 586, 598, 654, 702, 811, 879, 929, 942, 974, 1064, 1106, 1117, 1119, 1123, 1127, 1131, 1144, 1146, 1148, 1152, 1199, 1206, 1240, 1282, 1331, 1338, 1342, 1434, 1440, 1485, 1509, 1525, 1640, 1649]","[287, 633]",1697,49,1648,2,47,1648,0
0.5,MNPROP2,"[49, 64, 278, 338, 405, 620, 693]",[278],"[49, 64, 338, 405, 620, 693]",[278],696,7,689,1,6,689,0
0.5,MUS8HS20,"[23, 108, 135, 166, 188, 231, 247, 257, 271, 280, 305, 329, 351, 401, 436, 503, 512, 545, 586, 617, 638, 682, 773, 777, 826, 849, 866, 940, 962, 968, 1002, 1015, 1048, 1067, 1107, 1131, 1135, 1310, 1339, 1360, 1366, 1381, 1384, 1388, 1408, 1462, 1521, 1586, 1625, 1652, 1656, 1783, 1791, 1913, 1933, 2022, 2084, 2111, 2133, 2145, 2189, 2300, 2311, 2406, 2483, 2502, 2513, 2530, 2562, 2600]",[940],"[23, 108, 135, 166, 188, 231, 247, 257, 271, 280, 305, 329, 351, 401, 436, 503, 512, 545, 586, 617, 638, 682, 773, 777, 826, 849, 866, 962, 968, 1002, 1015, 1048, 1067, 1107, 1131, 1135, 1310, 1339, 1360, 1366, 1381, 1384, 1388, 1408, 1462, 1521, 1586, 1625, 1652, 1656, 1783, 1791, 1913, 1933, 2022, 2084, 2111, 2133, 2145, 2189, 2300, 2311, 2406, 2483, 2502, 2513, 2530, 2562, 2600]",[940],2622,70,2552,1,69,2552,0
0.5,MUSAP,"[34, 58, 110, 207, 233, 237, 436, 443, 499, 542, 548, 563, 579, 615, 633, 657, 661, 677, 788, 790, 810, 814, 822, 881, 931, 945, 1012, 1076, 1202, 1275, 1344, 1367, 1423, 1480, 1504, 1640, 1659, 1708, 1714, 1779, 1815, 1911, 1980, 1982, 1986, 2097, 2276, 2291, 2501, 2507, 2551, 2617, 2629, 2656, 2686, 2696, 2766, 2774, 2779, 2801, 2845, 2850, 2864, 2868, 2875, 2969, 3019, 3030, 3039, 3071, 3088, 3151, 3186, 3190, 3225, 3227, 3236, 3245, 3264, 3343, 3359, 3381, 3398, 3425, 3438, 3478, 3560, 3574, 3815, 3821, 3844, 3846, 3848, 3850, 3852, 3854, 3856, 3950, 3962, 4029, 4034, 4039, 4064, 4081, 4116, 4160, 4187, 4256, 4345, 4411, 4480, 4484, 4509, 4515, 4517, 4528, 4539, 4546, 4614, 4653, 4740, 4780, 4883, 4927, 4946, 4971, 4975, 5080, 5092, 5211, 5230, 5290, 5342, 5369, 5441, 5449, 5456, 5520, 5529, 5534, 5547, 5619, 5631, 5670, 5709, 5716, 5785, 5796, 5814, 5857, 5869, 5952, 5986, 6013, 6017, 6067, 6071, 6076, 6082, 6122, 6142, 6221, 6234, 6239, 6259, 6346, 6406, 6458, 6487, 6494, 6525, 6538, 6554, 6586, 6610, 6619, 6665, 6674, 6709, 6713, 6715, 6737, 6796, 6805, 6832, 6929, 6986, 7072, 7128, 7174, 7194, 7201, 7213, 7215, 7217, 7221, 7227, 7229, 7233, 7251, 7471, 7526, 7890, 7894, 8019]","[3574, 3815, 4034, 4509, 4740, 4971, 5290, 5619, 5952, 6406, 6709]","[34, 58, 110, 207, 233, 237, 436, 443, 499, 542, 548, 563, 579, 615, 633, 657, 661, 677, 788, 790, 810, 814, 822, 881, 931, 945, 1012, 1076, 1202, 1275, 1344, 1367, 1423, 1480, 1504, 1640, 1659, 1708, 1714, 1779, 1815, 1911, 1980, 1982, 1986, 2097, 2276, 2291, 2501, 2507, 2551, 2617, 2629, 2656, 2686, 2696, 2766, 2774, 2779, 2801, 2845, 2850, 2864, 2868, 2875, 2969, 3019, 3030, 3039, 3071, 3088, 3151, 3186, 3190, 3225, 3227, 3236, 3245, 3264, 3343, 3359, 3381, 3398, 3425, 3438, 3478, 3560, 3821, 3844, 3846, 3848, 3850, 3852, 3854, 3856, 3950, 3962, 4029, 4039, 4064, 4081, 4116, 4160, 4187, 4256, 4345, 4411, 4480, 4484, 4515, 4517, 4528, 4539, 4546, 4614, 4653, 4780, 4883, 4927, 4946, 4975, 5080, 5092, 5211, 5230, 5342, 5369, 5441, 5449, 5456, 5520, 5529, 5534, 5547, 5631, 5670, 5709, 5716, 5785, 5796, 5814, 5857, 5869, 5986, 6013, 6017, 6067, 6071, 6076, 6082, 6122, 6142, 6221, 6234, 6239, 6259, 6346, 6458, 6487, 6494, 6525, 6538, 6554, 6586, 6610, 6619, 6665, 6674, 6713, 6715, 6737, 6796, 6805, 6832, 6929, 6986, 7072, 7128, 7174, 7194, 7201, 7213, 7215, 7217, 7221, 7227, 7229, 7233, 7251, 7471, 7526, 7890, 7894, 8019]","[3574, 3815, 4034, 4509, 4740, 4971, 5290, 5619, 5952, 6406, 6709]",8086,205,7881,11,194,7881,0
0.5,MUSAP5A,"[7, 41, 179, 222, 259, 285, 288, 301, 354, 419, 438, 476, 519, 551, 605, 651, 657, 687, 697, 779, 783, 786, 827, 853, 894, 920, 924, 932, 955, 958, 996, 998, 1018, 1196, 1245, 1315, 1339, 1402, 1441, 1446, 1480, 1554, 1696, 1754, 1768, 1774, 1788, 1801, 1853, 1889, 1891, 1893, 1895, 1897, 1899, 1901, 1903, 1905, 1907, 1909, 1911, 1913, 1915, 1917, 1919, 1987, 2036, 2064, 2173, 2176, 2222, 2257, 2338, 2428, 2447, 2454, 2463, 2468, 2526, 2571, 2659, 2681, 2759, 2789, 2824, 2828, 2830, 2838, 2842, 2852, 2854, 2856, 2858, 2860, 2868, 2870, 2872, 2874, 2876, 2878, 2908, 3031, 3037, 3058, 3133, 3250, 3258, 3277, 3316, 3332, 3355, 3370, 3372, 3402, 3406, 3438, 3442, 3479, 3527, 3605, 3740, 3744, 3752, 3852, 3856, 3865, 3872, 3896, 3913, 3919, 3970, 4022, 4029, 4132, 4312, 4350, 4358, 4384, 4482, 4589, 4614, 4657, 4709, 4798, 4816, 4840, 4951, 4971, 4973, 4989, 5018, 5099, 5224, 5226, 5253, 5257, 5266, 5301, 5353, 5400, 5487, 5500, 5512, 5518, 5549, 5575, 5581, 5583, 5589, 5637, 5654, 5756, 5825, 5852, 5863, 5915, 5920, 5925, 5946, 5953, 6054, 6079, 6195, 6212, 6230, 6254, 6283, 6289, 6293, 6321, 6340, 6367, 6436, 6513, 6535, 6570, 6603, 6668, 6670, 6685, 6705, 6712, 6794, 6816]","[2428, 2759, 4614]","[7, 41, 179, 222, 259, 285, 288, 301, 354, 419, 438, 476, 519, 551, 605, 651, 657, 687, 697, 779, 783, 786, 827, 853, 894, 920, 924, 932, 955, 958, 996, 998, 1018, 1196, 1245, 1315, 1339, 1402, 1441, 1446, 1480, 1554, 1696, 1754, 1768, 1774, 1788, 1801, 1853, 1889, 1891, 1893, 1895, 1897, 1899, 1901, 1903, 1905, 1907, 1909, 1911, 1913, 1915, 1917, 1919, 1987, 2036, 2064, 2173, 2176, 2222, 2257, 2338, 2447, 2454, 2463, 2468, 2526, 2571, 2659, 2681, 2789, 2824, 2828, 2830, 2838, 2842, 2852, 2854, 2856, 2858, 2860, 2868, 2870, 2872, 2874, 2876, 2878, 2908, 3031, 3037, 3058, 3133, 3250, 3258, 3277, 3316, 3332, 3355, 3370, 3372, 3402, 3406, 3438, 3442, 3479, 3527, 3605, 3740, 3744, 3752, 3852, 3856, 3865, 3872, 3896, 3913, 3919, 3970, 4022, 4029, 4132, 4312, 4350, 4358, 4384, 4482, 4589, 4657, 4709, 4798, 4816, 4840, 4951, 4971, 4973, 4989, 5018, 5099, 5224, 5226, 5253, 5257, 5266, 5301, 5353, 5400, 5487, 5500, 5512, 5518, 5549, 5575, 5581, 5583, 5589, 5637, 5654, 5756, 5825, 5852, 5863, 5915, 5920, 5925, 5946, 5953, 6054, 6079, 6195, 6212, 6230, 6254, 6283, 6289, 6293, 6321, 6340, 6367, 6436, 6513, 6535, 6570, 6603, 6668, 6670, 6685, 6705, 6712, 6794, 6816]","[2428, 2759, 4614]",6821,204,6617,3,201,6617,0
0.5,MUSAPEX,"[22, 54, 99, 171, 196, 241, 266, 300, 372, 382, 389, 412, 430, 453, 460, 512, 604, 611, 713, 768, 772, 778, 848, 863, 921, 937, 959, 1025, 1037, 1042, 1046, 1057, 1070, 1139, 1156, 1159, 1169, 1179, 1251, 1287, 1311, 1332, 1363, 1389, 1394, 1500, 1580, 1595, 1679, 1684, 1689, 1692, 1709, 1773, 1811, 1817, 1861, 1919, 1974, 2081, 2089, 2093, 2182, 2212, 2216, 2340, 2405, 2411, 2431, 2436, 2501, 2510, 2548, 2552, 2596, 2653, 2659, 2668, 2691, 2693, 2713, 2742, 2873, 2906, 2937, 2942, 2964, 3027, 3066, 3120, 3143, 3236, 3240, 3291, 3324, 3358, 3432, 3444, 3602, 3663, 3702, 3707, 3730, 3798, 3839, 3857, 3882, 3915, 3973, 4006]","[1684, 2089, 2742]","[22, 54, 99, 171, 196, 241, 266, 300, 372, 382, 389, 412, 430, 453, 460, 512, 604, 611, 713, 768, 772, 778, 848, 863, 921, 937, 959, 1025, 1037, 1042, 1046, 1057, 1070, 1139, 1156, 1159, 1169, 1179, 1251, 1287, 1311, 1332, 1363, 1389, 1394, 1500, 1580, 1595, 1679, 1689, 1692, 1709, 1773, 1811, 1817, 1861, 1919, 1974, 2081, 2093, 2182, 2212, 2216, 2340, 2405, 2411, 2431, 2436, 2501, 2510, 2548, 2552, 2596, 2653, 2659, 2668, 2691, 2693, 2713, 2873, 2906, 2937, 2942, 2964, 3027, 3066, 3120, 3143, 3236, 3240, 3291, 3324, 3358, 3432, 3444, 3602, 3663, 3702, 3707, 3730, 3798, 3839, 3857, 3882, 3915, 3973, 4006]","[1684, 2089, 2742]",4034,110,3924,3,107,3924,0
0.5,MUSAPOAII,"[15, 75, 82, 112, 279, 374, 389, 395, 404, 474, 495, 499, 508, 559, 575, 723, 760, 800, 940, 949, 954, 956, 1003, 1018, 1077, 1114, 1155, 1212, 1237, 1243, 1314, 1404, 1414, 1435, 1538, 1543, 1562, 1618, 1625, 1764, 1772, 1837, 1879, 1887, 1891, 1928, 1930, 1942, 2000, 2016, 2052, 2168, 2293, 2309, 2327, 2361, 2433, 2459, 2492, 2523, 2568, 2573, 2611, 2621, 2894, 2907, 2922, 2928]","[723, 1155]","[15, 75, 82, 112, 279, 374, 389, 395, 404, 474, 495, 499, 508, 559, 575, 760, 800, 940, 949, 954, 956, 1003, 1018, 1077, 1114, 1212, 1237, 1243, 1314, 1404, 1414, 1435, 1538, 1543, 1562, 1618, 1625, 1764, 1772, 1837, 1879, 1887, 1891, 1928, 1930, 1942, 2000, 2016, 2052, 2168, 2293, 2309, 2327, 2361, 2433, 2459, 2492, 2523, 2568, 2573, 2611, 2621, 2894, 2907, 2922, 2928]","[723, 1155]",2952,68,2884,2,66,2884,0
0.5,MUSAPOIVA,"[27, 63, 67, 76, 85, 260, 299, 306, 358, 375, 429, 470, 529, 560, 578, 588, 660, 746, 862, 877, 889, 891, 975, 979, 1029, 1103, 1159, 1166, 1170, 1226, 1235, 1256, 1260, 1303, 1332, 1349, 1385, 1415, 1541, 1578, 1603, 1613, 1643, 1676, 1680, 1693, 1708, 1720, 1730, 1759, 1796, 1825, 2078, 2149, 2155, 2233, 2278, 2287, 2299, 2365, 2422, 2473, 2518, 2629, 2665, 2714, 2743, 2767, 2774, 2834, 2859, 2898, 2905, 2914, 2929, 2933, 2940, 2944]","[588, 975]","[27, 63, 67, 76, 85, 260, 299, 306, 358, 375, 429, 470, 529, 560, 578, 660, 746, 862, 877, 889, 891, 979, 1029, 1103, 1159, 1166, 1170, 1226, 1235, 1256, 1260, 1303, 1332, 1349, 1385, 1415, 1541, 1578, 1603, 1613, 1643, 1676, 1680, 1693, 1708, 1720, 1730, 1759, 1796, 1825, 2078, 2149, 2155, 2233, 2278, 2287, 2299, 2365, 2422, 2473, 2518, 2629, 2665, 2714, 2743, 2767, 2774, 2834, 2859, 2898, 2905, 2914, 2929, 2933, 2940, 2944]","[588, 975]",3012,78,2934,2,76,2934,0
0.5,MUSBMP4,"[12, 137, 212, 221, 262, 274, 336, 380, 437, 441, 489, 510, 569, 574, 582, 587, 592, 636, 660, 664, 688, 736, 768, 781, 795, 801, 881, 884, 923, 944, 1064, 1068, 1080, 1099, 1116, 1257, 1316, 1372, 1689, 1721, 1764, 1768, 1847, 1891, 1974, 2001, 2008, 2082, 2095, 2111, 2125, 2149, 2196, 2282, 2413, 2421, 2424, 2434, 2473, 2533, 2615, 2683, 2728, 2766, 2781, 2820, 2888, 2934, 2950, 2960, 2964, 2989, 3027, 3208, 3212, 3281, 3307, 3312, 3350, 3377, 3426, 3483, 3541, 3546, 3634, 3641, 3660, 3697, 3753, 3776, 3791, 3806, 3923, 3964, 3967, 4021, 4023, 4062, 4096, 4107, 4135, 4160, 4198, 4216, 4310, 4343, 4373, 4377, 4418, 4437, 4465, 4471, 4476, 4495, 4517, 4522, 4546, 4587, 4594, 4603, 4639, 4793, 4806, 4836, 4917, 4938, 4954, 5010, 5020, 5026, 5028, 5038, 5040, 5042, 5044, 5046, 5048, 5050, 5052, 5054, 5056, 5058, 5060, 5062, 5066, 5132, 5143, 5196, 5216, 5261, 5273, 5289, 5297, 5315, 5352, 5427, 5462, 5497, 5501, 5525, 5664, 5721, 5725, 5789, 5802, 5890, 5988, 6119, 6167, 6363, 6371, 6380, 6402, 6409, 6517, 6560, 6568, 6578, 6609, 6626, 6628, 6630, 6632, 6634, 6638, 6643, 6645, 6697, 6755, 6816, 7123, 7157, 7179, 7205, 7207, 7212, 7217, 7237, 7244, 7382, 7400, 7406, 7409, 7569, 7588, 7632, 7692, 7748, 7763, 7780, 7809, 7821, 7863, 7866, 7871, 7914, 7951, 7969, 8016, 8176, 8211, 8267, 8306, 8343, 8360, 8438, 8446, 8462, 8525, 8567, 8685, 8763, 8768, 8974, 8984, 9011, 9014, 9022, 9429, 9433, 9444, 9451, 9464, 9476, 9492, 9588, 9626, 9639, 9732]",[7179],"[12, 137, 212, 221, 262, 274, 336, 380, 437, 441, 489, 510, 569, 574, 582, 587, 592, 636, 660, 664, 688, 736, 768, 781, 795, 801, 881, 884, 923, 944, 1064, 1068, 1080, 1099, 1116, 1257, 1316, 1372, 1689, 1721, 1764, 1768, 1847, 1891, 1974, 2001, 2008, 2082, 2095, 2111, 2125, 2149, 2196, 2282, 2413, 2421, 2424, 2434, 2473, 2533, 2615, 2683, 2728, 2766, 2781, 2820, 2888, 2934, 2950, 2960, 2964, 2989, 3027, 3208, 3212, 3281, 3307, 3312, 3350, 3377, 3426, 3483, 3541, 3546, 3634, 3641, 3660, 3697, 3753, 3776, 3791, 3806, 3923, 3964, 3967, 4021, 4023, 4062, 4096, 4107, 4135, 4160, 4198, 4216, 4310, 4343, 4373, 4377, 4418, 4437, 4465, 4471, 4476, 4495, 4517, 4522, 4546, 4587, 4594, 4603, 4639, 4793, 4806, 4836, 4917, 4938, 4954, 5010, 5020, 5026, 5028, 5038, 5040, 5042, 5044, 5046, 5048, 5050, 5052, 5054, 5056, 5058, 5060, 5062, 5066, 5132, 5143, 5196, 5216, 5261, 5273, 5289, 5297, 5315, 5352, 5427, 5462, 5497, 5501, 5525, 5664, 5721, 5725, 5789, 5802, 5890, 5988, 6119, 6167, 6363, 6371, 6380, 6402, 6409, 6517, 6560, 6568, 6578, 6609, 6626, 6628, 6630, 6632, 6634, 6638, 6643, 6645, 6697, 6755, 6816, 7123, 7157, 7205, 7207, 7212, 7217, 7237, 7244, 7382, 7400, 7406, 7409, 7569, 7588, 7632, 7692, 7748, 7763, 7780, 7809, 7821, 7863, 7866, 7871, 7914, 7951, 7969, 8016, 8176, 8211, 8267, 8306, 8343, 8360, 8438, 8446, 8462, 8525, 8567, 8685, 8763, 8768, 8974, 8984, 9011, 9014, 9022, 9429, 9433, 9444, 9451, 9464, 9476, 9492, 9588, 9626, 9639, 9732]",[7179],9660,249,9411,1,248,9411,0
0.5,MUSBNP,"[11, 71, 79, 102, 225, 280, 336, 349, 362, 412, 418, 488, 490, 492, 556, 680, 731, 747, 753, 806, 833, 862, 903, 1057, 1116, 1121, 1124, 1127, 1164, 1166, 1209, 1292, 1417, 1449]","[336, 753]","[11, 71, 79, 102, 225, 280, 349, 362, 412, 418, 488, 490, 492, 556, 680, 731, 747, 806, 833, 862, 903, 1057, 1116, 1121, 1124, 1127, 1164, 1166, 1209, 1292, 1417, 1449]","[336, 753]",1460,34,1426,2,32,1426,0
0.5,MUSCD14A,"[14, 103, 176, 180, 277, 306, 434, 472, 543, 589, 639, 711, 716, 777, 784, 825, 946, 975, 1002, 1078, 1122, 1152, 1212, 1325, 1454, 1485, 1489, 1764, 1852]",[176],"[14, 103, 180, 277, 306, 434, 472, 543, 589, 639, 711, 716, 777, 784, 825, 946, 975, 1002, 1078, 1122, 1152, 1212, 1325, 1454, 1485, 1489, 1764, 1852]",[176],1865,29,1836,1,28,1836,0
0.5,MUSCRKNB,"[16, 96, 177, 311, 339, 358, 460, 523, 532, 534, 536, 538, 542, 617, 647, 664, 668, 673, 676, 769, 792, 815, 830, 868, 917, 958, 971, 1022, 1058, 1100, 1102, 1106, 1115, 1158, 1219, 1440, 1463, 1488, 1493, 1602, 1637, 1659, 1807, 1824, 1838, 1845, 1904, 1918, 1923, 1989, 2058, 2097, 2110, 2114, 2146, 2204, 2245, 2268, 2323, 2364, 2455, 2461, 2466, 2526, 2658, 2796, 2829, 2861, 2879, 2948, 2951, 2969, 3049, 3056, 3140, 3192, 3203, 3248, 3296, 3323, 3406, 3505, 3545, 3549, 3595, 3599, 3755, 3805, 3842, 3862, 3876, 3882, 3925, 3945, 3949, 3996, 4005, 4014, 4017, 4026, 4066, 4100, 4157, 4213, 4235, 4290, 4338, 4340, 4342, 4344, 4346, 4348, 4350, 4352, 4356, 4360, 4364, 4492]","[1904, 2245, 2455, 2796, 3505, 3842]","[16, 96, 177, 311, 339, 358, 460, 523, 532, 534, 536, 538, 542, 617, 647, 664, 668, 673, 676, 769, 792, 815, 830, 868, 917, 958, 971, 1022, 1058, 1100, 1102, 1106, 1115, 1158, 1219, 1440, 1463, 1488, 1493, 1602, 1637, 1659, 1807, 1824, 1838, 1845, 1918, 1923, 1989, 2058, 2097, 2110, 2114, 2146, 2204, 2268, 2323, 2364, 2461, 2466, 2526, 2658, 2829, 2861, 2879, 2948, 2951, 2969, 3049, 3056, 3140, 3192, 3203, 3248, 3296, 3323, 3406, 3545, 3549, 3595, 3599, 3755, 3805, 3862, 3876, 3882, 3925, 3945, 3949, 3996, 4005, 4014, 4017, 4026, 4066, 4100, 4157, 4213, 4235, 4290, 4338, 4340, 4342, 4344, 4346, 4348, 4350, 4352, 4356, 4360, 4364, 4492]","[1904, 2245, 2455, 2796, 3505, 3842]",4513,118,4395,6,112,4395,0
0.5,MUSCYTCOVB,"[8, 48, 73, 126, 140, 161, 182, 269, 281, 381, 406, 412, 479, 512, 635, 648, 688, 699, 724, 728, 753, 774, 778, 788, 798, 873, 912, 928, 935, 1013, 1034, 1064, 1081, 1105, 1121, 1131, 1195, 1222, 1245, 1319, 1380, 1413, 1433, 1572, 1585, 1663, 1667, 1679, 1683, 1687, 1695, 1717, 1743, 1808, 1925, 1946, 1951, 1981, 2035, 2050, 2066, 2105, 2121, 2153, 2157, 2168, 2191, 2234, 2249, 2285, 2323, 2371, 2520, 2529]","[724, 1319, 1585]","[8, 48, 73, 126, 140, 161, 182, 269, 281, 381, 406, 412, 479, 512, 635, 648, 688, 699, 728, 753, 774, 778, 788, 798, 873, 912, 928, 935, 1013, 1034, 1064, 1081, 1105, 1121, 1131, 1195, 1222, 1245, 1380, 1413, 1433, 1572, 1663, 1667, 1679, 1683, 1687, 1695, 1717, 1743, 1808, 1925, 1946, 1951, 1981, 2035, 2050, 2066, 2105, 2121, 2153, 2157, 2168, 2191, 2234, 2249, 2285, 2323, 2371, 2520, 2529]","[724, 1319, 1585]",2532,74,2458,3,71,2458,0
0.5,MUSENDOBA,"[52, 59, 135, 139, 219, 277, 285, 299, 333, 345, 382, 391, 405, 472, 486, 622, 718, 737, 807, 848, 923, 931, 1060, 1066, 1157, 1218, 1256, 1276, 1284, 1297, 1311, 1330, 1341, 1500, 1507, 1595, 1605, 1701, 1827, 1833, 1884, 1974, 1990, 2113, 2117, 2130, 2143, 2145, 2173, 2214, 2276, 2404, 2425, 2462, 2518, 2546, 2614, 2692, 2743, 2796, 2825, 2827, 2929, 2944, 3027, 3029, 3033, 3077, 3115, 3130, 3148, 3170, 3214, 3222, 3282, 3350, 3488, 3618, 3675, 3707, 3744, 3803, 3816, 3841, 3859, 3892, 3919, 3953, 3956, 4049, 4148, 4342, 4346, 4371, 4397, 4405, 4430, 4492, 4618, 4698, 4795, 4837, 4853, 4898, 4907, 4909, 4920, 4936, 4974, 4996, 5090, 5147, 5264, 5330, 5527, 5589, 5596, 5616, 5652, 5660, 5664, 5672, 5696, 5700, 5721, 5774, 5817, 5950, 5969, 6185, 6230, 6252, 6258, 6266, 6301, 6316, 6319, 6324, 6358, 6373, 6443, 6452, 6478, 6506, 6738, 6894, 6917, 6929, 6962, 6969, 6980, 6992, 7007, 7108, 7151, 7292, 7386, 7454, 7517, 7539, 7548, 7552, 7568, 7578, 7585, 7611, 7624, 7771, 7794, 7803, 7822, 7841]","[2743, 3618, 4049, 4853, 5090, 5589]","[52, 59, 135, 139, 219, 277, 285, 299, 333, 345, 382, 391, 405, 472, 486, 622, 718, 737, 807, 848, 923, 931, 1060, 1066, 1157, 1218, 1256, 1276, 1284, 1297, 1311, 1330, 1341, 1500, 1507, 1595, 1605, 1701, 1827, 1833, 1884, 1974, 1990, 2113, 2117, 2130, 2143, 2145, 2173, 2214, 2276, 2404, 2425, 2462, 2518, 2546, 2614, 2692, 2796, 2825, 2827, 2929, 2944, 3027, 3029, 3033, 3077, 3115, 3130, 3148, 3170, 3214, 3222, 3282, 3350, 3488, 3675, 3707, 3744, 3803, 3816, 3841, 3859, 3892, 3919, 3953, 3956, 4148, 4342, 4346, 4371, 4397, 4405, 4430, 4492, 4618, 4698, 4795, 4837, 4898, 4907, 4909, 4920, 4936, 4974, 4996, 5147, 5264, 5330, 5527, 5596, 5616, 5652, 5660, 5664, 5672, 5696, 5700, 5721, 5774, 5817, 5950, 5969, 6185, 6230, 6252, 6258, 6266, 6301, 6316, 6319, 6324, 6358, 6373, 6443, 6452, 6478, 6506, 6738, 6894, 6917, 6929, 6962, 6969, 6980, 6992, 7007, 7108, 7151, 7292, 7386, 7454, 7517, 7539, 7548, 7552, 7568, 7578, 7585, 7611, 7624, 7771, 7794, 7803, 7822, 7841]","[2743, 3618, 4049, 4853, 5090, 5589]",7871,172,7699,6,166,7699,0
0.5,MUSFAUA,"[79, 140, 146, 152, 174, 214, 260, 483, 506, 544, 599, 753, 760, 783, 790, 813, 824, 846, 854, 898, 925, 961, 988, 1004, 1105, 1216, 1234, 1249, 1253, 1257, 1311, 1443, 1450, 1474, 1496, 1526, 1530, 1535, 1544, 1623, 1642, 1645, 1656, 1675, 1738, 1773, 1797, 1799, 1807, 1818, 1856, 2022, 2068, 2103, 2110, 2124, 2128, 2169, 2190, 2220, 2239, 2249, 2275, 2331, 2467, 2475, 2494, 2541, 2547, 2650, 2750, 2756, 2763, 2773, 2824]","[1249, 1496, 2124]","[79, 140, 146, 152, 174, 214, 260, 483, 506, 544, 599, 753, 760, 783, 790, 813, 824, 846, 854, 898, 925, 961, 988, 1004, 1105, 1216, 1234, 1253, 1257, 1311, 1443, 1450, 1474, 1526, 1530, 1535, 1544, 1623, 1642, 1645, 1656, 1675, 1738, 1773, 1797, 1799, 1807, 1818, 1856, 2022, 2068, 2103, 2110, 2128, 2169, 2190, 2220, 2239, 2249, 2275, 2331, 2467, 2475, 2494, 2541, 2547, 2650, 2750, 2756, 2763, 2773, 2824]","[1249, 1496, 2124]",2842,75,2767,3,72,2767,0
0.5,MUSFERHC,"[85, 176, 263, 393, 455, 483, 487, 526, 530, 713, 721, 746, 751, 785, 839, 848, 863, 891, 910, 1061, 1083, 1103, 1107, 1163, 1184, 1384, 1417, 1479, 1558, 1597, 1634, 1654, 1661, 1798, 1827, 1844, 1860, 1885, 1944, 1998, 2000, 2005, 2029, 2069, 2126, 2128, 2185, 2189, 2200, 2251, 2300, 2311, 2319, 2341, 2349, 2371, 2428, 2462, 2496, 2586, 2721, 2732]","[483, 1827, 2185]","[85, 176, 263, 393, 455, 487, 526, 530, 713, 721, 746, 751, 785, 839, 848, 863, 891, 910, 1061, 1083, 1103, 1107, 1163, 1184, 1384, 1417, 1479, 1558, 1597, 1634, 1654, 1661, 1798, 1844, 1860, 1885, 1944, 1998, 2000, 2005, 2029, 2069, 2126, 2128, 2189, 2200, 2251, 2300, 2311, 2319, 2341, 2349, 2371, 2428, 2462, 2496, 2586, 2721, 2732]","[483, 1827, 2185]",2782,62,2720,3,59,2720,0
0.5,MUSFKBP13X,"[14, 27, 123, 130, 252, 262, 321, 327, 360, 406, 550, 567, 704, 736, 745, 752, 764, 768, 787, 806, 817, 832, 860, 862, 881, 885, 904, 920, 928, 950, 1024, 1070, 1078, 1100, 1189, 1247, 1282, 1358, 1381, 1416, 1449, 1465, 1556, 1560]","[321, 736, 904, 1282]","[14, 27, 123, 130, 252, 262, 327, 360, 406, 550, 567, 704, 745, 752, 764, 768, 787, 806, 817, 832, 860, 862, 881, 885, 920, 928, 950, 1024, 1070, 1078, 1100, 1189, 1247, 1358, 1381, 1416, 1449, 1465, 1556, 1560]","[321, 736, 904, 1282]",1573,44,1529,4,40,1529,0
0.5,MUSGAD45,"[39, 85, 90, 223, 272, 335, 428, 543, 559, 598, 609, 623, 679, 747, 807, 840, 935, 956, 1034, 1074, 1091, 1099, 1126, 1187, 1236, 1241, 1309, 1347, 1360, 1444, 1452, 1458, 1542, 1563, 1567, 1595, 1599, 1649, 1719, 1755, 1766, 1817, 1852, 1893, 1898, 1927, 1982, 1990, 2018, 2025, 2037, 2139, 2170, 2190, 2234, 2295, 2336, 2442, 2446, 2452, 2472, 2647, 2751, 2796, 2813, 2865, 2905, 2970, 2977, 3023, 3051, 3056]","[935, 1126, 1458]","[39, 85, 90, 223, 272, 335, 428, 543, 559, 598, 609, 623, 679, 747, 807, 840, 956, 1034, 1074, 1091, 1099, 1187, 1236, 1241, 1309, 1347, 1360, 1444, 1452, 1542, 1563, 1567, 1595, 1599, 1649, 1719, 1755, 1766, 1817, 1852, 1893, 1898, 1927, 1982, 1990, 2018, 2025, 2037, 2139, 2170, 2190, 2234, 2295, 2336, 2442, 2446, 2452, 2472, 2647, 2751, 2796, 2813, 2865, 2905, 2970, 2977, 3023, 3051, 3056]","[935, 1126, 1458]",3092,72,3020,3,69,3020,0
0.5,MUSGFJE,"[63, 152, 266, 378, 462, 624, 704, 709, 890, 910, 914, 1009, 1012, 1085, 1090, 1098, 1111, 1194, 1224, 1258, 1323, 1349, 1431, 1468, 1489, 1565, 1704, 1766, 1839, 1843, 1968, 1981, 2037, 2043, 2050, 2052, 2058, 2068, 2080, 2127, 2167, 2191, 2217, 2235, 2249, 2275, 2386]","[624, 1489]","[63, 152, 266, 378, 462, 704, 709, 890, 910, 914, 1009, 1012, 1085, 1090, 1098, 1111, 1194, 1224, 1258, 1323, 1349, 1431, 1468, 1565, 1704, 1766, 1839, 1843, 1968, 1981, 2037, 2043, 2050, 2052, 2058, 2068, 2080, 2127, 2167, 2191, 2217, 2235, 2249, 2275, 2386]","[624, 1489]",2403,47,2356,2,45,2356,0
0.5,MUSGPOAD,"[5, 51, 236, 299, 301, 303, 305, 307, 309, 311, 313, 315, 317, 319, 321, 349, 353, 357, 387, 410, 416, 430, 434, 437, 461, 479, 568, 612, 649, 780, 788, 792, 822, 851, 868, 870, 890, 948, 1044, 1048, 1137, 1169, 1324, 1328, 1489, 1496, 1715, 1731, 1737, 1950, 2042, 2083, 2092, 2106, 2170, 2238, 2285, 2298, 2306, 2324, 2403, 2511, 2538, 2575, 2645, 2695, 2808, 2815, 2843, 2864, 2898, 2905, 2920, 3004, 3046, 3079, 3090, 3192, 3314, 3329, 3337, 3408, 3422, 3442, 3444, 3520, 3716, 3801, 3803, 3815, 3926, 4023, 4046, 4061, 4067, 4137, 4168, 4250, 4403, 4491, 4494, 4505, 4588, 4637, 4782, 4816, 4874, 4881, 4916, 4920, 4996, 5083, 5110, 5114, 5154, 5245, 5250, 5262, 5326, 5328, 5342, 5386, 5400, 5513, 5610, 5647, 5659, 5675, 5719, 5799, 5804, 5826, 5848, 5859, 5906, 5944, 5974, 6149, 6197, 6226, 6398, 6505, 6515, 6519, 6573, 6724, 6779, 6803, 6834, 6859, 7032, 7034, 7048, 7066, 7092, 7258, 7264, 7302, 7393, 7403, 7433, 7504, 7567, 7583, 7592, 7632, 7660, 7771, 7810, 7850, 7902, 7918, 7929, 7980, 7998, 8042]","[1044, 2306, 4403, 4916]","[5, 51, 236, 299, 301, 303, 305, 307, 309, 311, 313, 315, 317, 319, 321, 349, 353, 357, 387, 410, 416, 430, 434, 437, 461, 479, 568, 612, 649, 780, 788, 792, 822, 851, 868, 870, 890, 948, 1048, 1137, 1169, 1324, 1328, 1489, 1496, 1715, 1731, 1737, 1950, 2042, 2083, 2092, 2106, 2170, 2238, 2285, 2298, 2324, 2403, 2511, 2538, 2575, 2645, 2695, 2808, 2815, 2843, 2864, 2898, 2905, 2920, 3004, 3046, 3079, 3090, 3192, 3314, 3329, 3337, 3408, 3422, 3442, 3444, 3520, 3716, 3801, 3803, 3815, 3926, 4023, 4046, 4061, 4067, 4137, 4168, 4250, 4491, 4494, 4505, 4588, 4637, 4782, 4816, 4874, 4881, 4920, 4996, 5083, 5110, 5114, 5154, 5245, 5250, 5262, 5326, 5328, 5342, 5386, 5400, 5513, 5610, 5647, 5659, 5675, 5719, 5799, 5804, 5826, 5848, 5859, 5906, 5944, 5974, 6149, 6197, 6226, 6398, 6505, 6515, 6519, 6573, 6724, 6779, 6803, 6834, 6859, 7032, 7034, 7048, 7066, 7092, 7258, 7264, 7302, 7393, 7403, 7433, 7504, 7567, 7583, 7592, 7632, 7660, 7771, 7810, 7850, 7902, 7918, 7929, 7980, 7998, 8042]","[1044, 2306, 4403, 4916]",8068,176,7892,4,172,7892,0
0.5,MUSHBBH0,"[163, 177, 184, 203, 342, 365, 370, 527, 580, 651, 768, 800, 867, 879, 914, 1012, 1016, 1020, 1060, 1112, 1192, 1208, 1252, 1265, 1430, 1442, 1476, 1487, 1495, 1566, 1576, 1693, 1702, 1772, 1783, 1848, 1855, 1884, 1920, 1955, 2006, 2081]","[365, 914]","[163, 177, 184, 203, 342, 370, 527, 580, 651, 768, 800, 867, 879, 1012, 1016, 1020, 1060, 1112, 1192, 1208, 1252, 1265, 1430, 1442, 1476, 1487, 1495, 1566, 1576, 1693, 1702, 1772, 1783, 1848, 1855, 1884, 1920, 1955, 2006, 2081]","[365, 914]",2127,42,2085,2,40,2085,0
0.5,MUSHBBH1,"[9, 26, 97, 249, 270, 289, 428, 451, 666, 733, 745, 780, 847, 871, 898, 902, 944, 963, 975, 1062, 1294, 1323, 1417, 1458, 1476, 1493, 1497, 1500, 1602, 1606, 1651, 1675, 1707, 1728, 1898, 1902]","[451, 780]","[9, 26, 97, 249, 270, 289, 428, 666, 733, 745, 847, 871, 898, 902, 944, 963, 975, 1062, 1294, 1323, 1417, 1458, 1476, 1493, 1497, 1500, 1602, 1606, 1651, 1675, 1707, 1728, 1898, 1902]","[451, 780]",1918,36,1882,2,34,1882,0
0.5,MUSHES1,"[76, 115, 156, 218, 345, 355, 385, 487, 556, 564, 585, 635, 652, 784, 788, 936, 1068, 1108, 1121, 1140, 1159, 1189, 1242, 1320, 1323, 1341, 1351, 1367, 1400, 1406, 1450, 1473, 1488, 1493, 1626, 1671, 1698, 1784, 1797, 1817, 1819, 1839, 1949, 2054, 2106, 2172, 2197, 2208, 2264, 2273, 2308, 2563, 2641, 2699, 2717, 2743]","[556, 784, 1108]","[76, 115, 156, 218, 345, 355, 385, 487, 564, 585, 635, 652, 788, 936, 1068, 1121, 1140, 1159, 1189, 1242, 1320, 1323, 1341, 1351, 1367, 1400, 1406, 1450, 1473, 1488, 1493, 1626, 1671, 1698, 1784, 1797, 1817, 1819, 1839, 1949, 2054, 2106, 2172, 2197, 2208, 2264, 2273, 2308, 2563, 2641, 2699, 2717, 2743]","[556, 784, 1108]",2817,56,2761,3,53,2761,0
0.5,MUSHOX35A,"[48, 52, 186, 227, 232, 236, 240, 272, 281, 395, 534, 588, 597, 602, 612, 747, 773, 779, 803, 883, 1024, 1062, 1066, 1298, 1308, 1425, 1462, 1518, 1535, 1541, 1715, 1721, 1782, 1845, 1922, 1966, 2007, 2012, 2132, 2175, 2273, 2372, 2465, 2512, 2514, 2520, 2525, 2531, 2577, 2661, 2665, 2721, 2846, 2850, 2854, 2918, 2951, 2963, 2987, 3040, 3045, 3101, 3119, 3150, 3169, 3209, 3231, 3243, 3248, 3398, 3440, 3464, 3519, 3524, 3545, 3550, 3647, 3664, 3785]",[1308],"[48, 52, 186, 227, 232, 236, 240, 272, 281, 395, 534, 588, 597, 602, 612, 747, 773, 779, 803, 883, 1024, 1062, 1066, 1298, 1425, 1462, 1518, 1535, 1541, 1715, 1721, 1782, 1845, 1922, 1966, 2007, 2012, 2132, 2175, 2273, 2372, 2465, 2512, 2514, 2520, 2525, 2531, 2577, 2661, 2665, 2721, 2846, 2850, 2854, 2918, 2951, 2963, 2987, 3040, 3045, 3101, 3119, 3150, 3169, 3209, 3231, 3243, 3248, 3398, 3440, 3464, 3519, 3524, 3545, 3550, 3647, 3664, 3785]",[1308],3847,79,3768,1,78,3768,0
0.5,MUSIL1RN,"[64, 168, 232, 238, 309, 512, 608, 626, 628, 632, 636, 652, 656, 660, 691, 693, 709, 713, 741, 743, 745, 747, 749, 751, 753, 755, 757, 759, 761, 886, 890, 992, 1047, 1093, 1112, 1120, 1154, 1159, 1227, 1275, 1279, 1312, 1317, 1388, 1416, 1434, 1445, 1503, 1586, 1593, 1600, 1658, 1676, 1702, 1736, 1777, 1785, 1849, 1901, 1922, 1931, 1978, 1994, 2011, 2060, 2085, 2186, 2224, 2251, 2289, 2293, 2319, 2328, 2357, 2451, 2483, 2552, 2723, 2729, 2789, 2793, 2802, 2836, 2936, 2940, 2999, 3076, 3100, 3116, 3123, 3147, 3196, 3215, 3225, 3268, 3450, 3469, 3500, 3518, 3549, 3608, 3665, 3678, 3731, 3762, 3808, 3854, 3860, 3883, 3905, 3938, 4053, 4158, 4244, 4427, 4482, 4550, 4565, 4632, 4680, 4744, 4785, 4939, 4968, 5058, 5166, 5177, 5269, 5297, 5498, 5568, 5629, 5631, 5633, 5635, 5637, 5639, 5641, 5643, 5645, 5647, 5649, 5651, 5653, 5655, 5657, 5659, 5661, 5663, 5665, 5669, 5683, 5798, 5875, 5968, 6006, 6034, 6078, 6198, 6210, 6262, 6303]","[512, 2483, 3549]","[64, 168, 232, 238, 309, 608, 626, 628, 632, 636, 652, 656, 660, 691, 693, 709, 713, 741, 743, 745, 747, 749, 751, 753, 755, 757, 759, 761, 886, 890, 992, 1047, 1093, 1112, 1120, 1154, 1159, 1227, 1275, 1279, 1312, 1317, 1388, 1416, 1434, 1445, 1503, 1586, 1593, 1600, 1658, 1676, 1702, 1736, 1777, 1785, 1849, 1901, 1922, 1931, 1978, 1994, 2011, 2060, 2085, 2186, 2224, 2251, 2289, 2293, 2319, 2328, 2357, 2451, 2552, 2723, 2729, 2789, 2793, 2802, 2836, 2936, 2940, 2999, 3076, 3100, 3116, 3123, 3147, 3196, 3215, 3225, 3268, 3450, 3469, 3500, 3518, 3608, 3665, 3678, 3731, 3762, 3808, 3854, 3860, 3883, 3905, 3938, 4053, 4158, 4244, 4427, 4482, 4550, 4565, 4632, 4680, 4744, 4785, 4939, 4968, 5058, 5166, 5177, 5269, 5297, 5498, 5568, 5629, 5631, 5633, 5635, 5637, 5639, 5641, 5643, 5645, 5647, 5649, 5651, 5653, 5655, 5657, 5659, 5661, 5663, 5665, 5669, 5683, 5798, 5875, 5968, 6006, 6034, 6078, 6198, 6210, 6262, 6303]","[512, 2483, 3549]",6342,162,6180,3,159,6180,0
0.5,MUSKE3A,"[7, 21, 82, 96, 141, 167, 239, 243, 311, 340, 349, 365, 406, 411, 484, 544, 647, 655, 657, 687, 726, 752, 772, 788, 794, 804, 840, 888, 953, 957, 976, 981, 1002, 1009, 1019, 1032, 1048, 1062, 1088, 1093, 1098, 1110, 1116, 1134, 1215, 1222, 1227, 1273, 1280, 1282, 1328, 1377, 1391, 1400, 1402, 1410, 1545, 1562, 1566, 1569, 1573, 1604, 1620, 1645, 1661, 1721, 1881, 1915, 1929, 1948, 1961, 2007, 2027, 2052, 2058, 2150, 2170, 2194, 2203, 2224, 2237, 2258, 2308, 2321, 2398, 2447, 2465, 2481, 2499, 2525, 2529, 2553, 2651, 2659, 2661, 2665, 2682, 2794, 2798, 2909, 2920, 2937, 2960, 2977, 3032, 3116, 3125, 3154, 3194, 3208, 3218, 3234, 3262, 3339, 3400, 3405, 3409, 3475, 3482, 3515, 3553]","[21, 544, 3218, 3400]","[7, 82, 96, 141, 167, 239, 243, 311, 340, 349, 365, 406, 411, 484, 647, 655, 657, 687, 726, 752, 772, 788, 794, 804, 840, 888, 953, 957, 976, 981, 1002, 1009, 1019, 1032, 1048, 1062, 1088, 1093, 1098, 1110, 1116, 1134, 1215, 1222, 1227, 1273, 1280, 1282, 1328, 1377, 1391, 1400, 1402, 1410, 1545, 1562, 1566, 1569, 1573, 1604, 1620, 1645, 1661, 1721, 1881, 1915, 1929, 1948, 1961, 2007, 2027, 2052, 2058, 2150, 2170, 2194, 2203, 2224, 2237, 2258, 2308, 2321, 2398, 2447, 2465, 2481, 2499, 2525, 2529, 2553, 2651, 2659, 2661, 2665, 2682, 2794, 2798, 2909, 2920, 2937, 2960, 2977, 3032, 3116, 3125, 3154, 3194, 3208, 3234, 3262, 3339, 3405, 3409, 3475, 3482, 3515, 3553]","[21, 544, 3218, 3400]",3612,121,3491,4,117,3491,0
0.5,MUSLMP7A,"[45, 276, 287, 400, 429, 433, 438, 473, 487, 535, 567, 577, 580, 649, 755, 787, 813, 903, 1082, 1107, 1188, 1193, 1218, 1318, 1327, 1354, 1358, 1361, 1364, 1368, 1397, 1407, 1469, 1507, 1570, 1574, 1645, 1677, 1708, 1756, 1782, 1855, 1876, 1978, 2030, 2033, 2153, 2157, 2172, 2211, 2269, 2275, 2293, 2297, 2307, 2362, 2397, 2421, 2454, 2513, 2533, 2610, 2689, 2838, 2893, 2974, 3029, 3033, 3046, 3069, 3130, 3178, 3182, 3243, 3342, 3372, 3559, 3674, 3744, 3790, 3795, 3831, 3833, 3835, 3939, 3959, 3964, 3970, 3985, 3989, 3999, 4005, 4023, 4057, 4236, 4244]","[1318, 2153, 2454, 3029, 3674]","[45, 276, 287, 400, 429, 433, 438, 473, 487, 535, 567, 577, 580, 649, 755, 787, 813, 903, 1082, 1107, 1188, 1193, 1218, 1327, 1354, 1358, 1361, 1364, 1368, 1397, 1407, 1469, 1507, 1570, 1574, 1645, 1677, 1708, 1756, 1782, 1855, 1876, 1978, 2030, 2033, 2157, 2172, 2211, 2269, 2275, 2293, 2297, 2307, 2362, 2397, 2421, 2513, 2533, 2610, 2689, 2838, 2893, 2974, 3033, 3046, 3069, 3130, 3178, 3182, 3243, 3342, 3372, 3559, 3744, 3790, 3795, 3831, 3833, 3835, 3939, 3959, 3964, 3970, 3985, 3989, 3999, 4005, 4023, 4057, 4236, 4244]","[1318, 2153, 2454, 3029, 3674]",4259,96,4163,5,91,4163,0
0.5,MUSLTA,"[20, 177, 220, 249, 272, 297, 382, 450, 530, 650, 749, 830, 844, 852, 1207, 1245, 1331, 1363, 1491, 1514, 1590, 1612, 1632, 1637, 1651, 1702, 1807, 1830, 1900, 1986, 1990, 2050, 2104, 2114, 2132, 2217, 2264, 2347, 2446, 2459, 2469, 2496, 2500, 2511, 2537, 2625, 2843, 2853, 2898, 2918, 2991, 3073, 3077, 3164, 3220, 3278]","[1807, 1990]","[20, 177, 220, 249, 272, 297, 382, 450, 530, 650, 749, 830, 844, 852, 1207, 1245, 1331, 1363, 1491, 1514, 1590, 1612, 1632, 1637, 1651, 1702, 1830, 1900, 1986, 2050, 2104, 2114, 2132, 2217, 2264, 2347, 2446, 2459, 2469, 2496, 2500, 2511, 2537, 2625, 2843, 2853, 2898, 2918, 2991, 3073, 3077, 3164, 3220, 3278]","[1807, 1990]",3286,56,3230,2,54,3230,0
0.5,MUSMC26,"[84, 129, 155, 180, 238, 293, 303, 316, 339, 344, 518, 530, 539, 591, 634, 646, 687, 695, 706, 752, 778, 816, 843, 969, 1094, 1581, 1589, 1621, 1668, 1884, 1906, 2006, 2021, 2028, 2071, 2347, 2382, 2419, 2470, 2475, 2540, 2691, 2727, 2761, 2784, 2923, 2959, 2962, 3046, 3055, 3075, 3190, 3218, 3222, 3240, 3249, 3260, 3331, 3415, 3442, 3483, 3548, 3649, 3666, 3682, 3687, 3716, 3737, 3756, 3831, 3870, 3964, 3973, 3982, 4044, 4144, 4179, 4182, 4272, 4322, 4324, 4341, 4429, 4456, 4477, 4538, 4541, 4613, 4663, 4669, 4675, 4680, 5069, 5093, 5140, 5181, 5306]","[2419, 3190, 4144]","[84, 129, 155, 180, 238, 293, 303, 316, 339, 344, 518, 530, 539, 591, 634, 646, 687, 695, 706, 752, 778, 816, 843, 969, 1094, 1581, 1589, 1621, 1668, 1884, 1906, 2006, 2021, 2028, 2071, 2347, 2382, 2470, 2475, 2540, 2691, 2727, 2761, 2784, 2923, 2959, 2962, 3046, 3055, 3075, 3218, 3222, 3240, 3249, 3260, 3331, 3415, 3442, 3483, 3548, 3649, 3666, 3682, 3687, 3716, 3737, 3756, 3831, 3870, 3964, 3973, 3982, 4044, 4179, 4182, 4272, 4322, 4324, 4341, 4429, 4456, 4477, 4538, 4541, 4613, 4663, 4669, 4675, 4680, 5069, 5093, 5140, 5181, 5306]","[2419, 3190, 4144]",5386,97,5289,3,94,5289,0
0.5,MUSOGC,"[29, 113, 142, 160, 290, 414, 460, 489, 522, 552, 573, 579, 613, 618, 620, 631, 633, 637, 646, 662, 666, 740, 742, 760, 779, 814, 833, 920]","[113, 290, 489]","[29, 142, 160, 414, 460, 522, 552, 573, 579, 613, 618, 620, 631, 633, 637, 646, 662, 666, 740, 742, 760, 779, 814, 833, 920]","[113, 290, 489]",941,28,913,3,25,913,0
0.5,MUSOGCA,"[27, 87, 110, 152, 214, 285, 340, 356, 367, 464, 479, 513, 671, 725, 749, 782, 866, 895, 913, 1043, 1167, 1213, 1242, 1275, 1326, 1332, 1344, 1366, 1371, 1373, 1386, 1390, 1415, 1419, 1495, 1513, 1532, 1567, 1586, 1673]","[866, 1043, 1242]","[27, 87, 110, 152, 214, 285, 340, 356, 367, 464, 479, 513, 671, 725, 749, 782, 895, 913, 1167, 1213, 1275, 1326, 1332, 1344, 1366, 1371, 1373, 1386, 1390, 1415, 1419, 1495, 1513, 1532, 1567, 1586, 1673]","[866, 1043, 1242]",1694,40,1654,3,37,1654,0
0.5,MUSOGCB,"[113, 142, 160, 290, 415, 461, 490, 523, 574, 580, 614, 619, 621, 632, 634, 647, 663, 667, 741, 743, 761, 780, 815, 834, 921]","[113, 290, 490]","[142, 160, 415, 461, 523, 574, 580, 614, 619, 621, 632, 634, 647, 663, 667, 741, 743, 761, 780, 815, 834, 921]","[113, 290, 490]",942,25,917,3,22,917,0
0.5,MUSPNMT,"[27, 64, 74, 85, 89, 104, 148, 171, 196, 200, 218, 276, 318, 405, 509, 535, 547, 553, 555, 568, 582, 602, 636, 654, 694, 920, 940, 947, 955, 964, 986, 993, 1076, 1106, 1123, 1149, 1188, 1195, 1221, 1268, 1302, 1316, 1357, 1390, 1416, 1437, 1523, 1619, 1665, 1713, 1881, 1920, 1954, 1974, 1998, 2009, 2023, 2061, 2135, 2140, 2204, 2252, 2303, 2307, 2343, 2372, 2376, 2445, 2450, 2491, 2599, 2703, 2727, 2734, 2755, 2788, 2836, 2884, 2890, 2892, 2914, 2921, 2964, 2980, 2986, 3040, 3115, 3124]","[1665, 2343]","[27, 64, 74, 85, 89, 104, 148, 171, 196, 200, 218, 276, 318, 405, 509, 535, 547, 553, 555, 568, 582, 602, 636, 654, 694, 920, 940, 947, 955, 964, 986, 993, 1076, 1106, 1123, 1149, 1188, 1195, 1221, 1268, 1302, 1316, 1357, 1390, 1416, 1437, 1523, 1619, 1713, 1881, 1920, 1954, 1974, 1998, 2009, 2023, 2061, 2135, 2140, 2204, 2252, 2303, 2307, 2372, 2376, 2445, 2450, 2491, 2599, 2703, 2727, 2734, 2755, 2788, 2836, 2884, 2890, 2892, 2914, 2921, 2964, 2980, 2986, 3040, 3115, 3124]","[1665, 2343]",3136,88,3048,2,86,3048,0
0.5,MUSPROTA,"[124, 157, 169, 218, 254, 337, 385, 411, 421, 425, 433, 437, 447, 479, 555, 572, 581, 585, 660, 697, 707, 736, 808, 821, 823, 848, 850, 945, 1027, 1031, 1148, 1173, 1190, 1213, 1250, 1277, 1474, 1493, 1664, 1762, 1814, 1872, 1945, 2011, 2033, 2069, 2073, 2140, 2188, 2254, 2261, 2268, 2278, 2328, 2352, 2369, 2446, 2530, 2585, 2604, 2661, 2737, 2758, 2791, 2820, 2829, 2834, 2883, 2945, 2969, 3013, 3119, 3155, 3181, 3224, 3341, 3438, 3444, 3491, 3522, 3555, 3586, 3621, 3627, 3663, 3720, 3743, 4006, 4024, 4085, 4105, 4202, 4223, 4377, 4397, 4410, 4434, 4436, 4449, 4549, 4559, 4593, 4600, 4618]","[1945, 2585, 3224, 3663]","[124, 157, 169, 218, 254, 337, 385, 411, 421, 425, 433, 437, 447, 479, 555, 572, 581, 585, 660, 697, 707, 736, 808, 821, 823, 848, 850, 945, 1027, 1031, 1148, 1173, 1190, 1213, 1250, 1277, 1474, 1493, 1664, 1762, 1814, 1872, 2011, 2033, 2069, 2073, 2140, 2188, 2254, 2261, 2268, 2278, 2328, 2352, 2369, 2446, 2530, 2604, 2661, 2737, 2758, 2791, 2820, 2829, 2834, 2883, 2945, 2969, 3013, 3119, 3155, 3181, 3341, 3438, 3444, 3491, 3522, 3555, 3586, 3621, 3627, 3720, 3743, 4006, 4024, 4085, 4105, 4202, 4223, 4377, 4397, 4410, 4434, 4436, 4449, 4549, 4559, 4593, 4600, 4618]","[1945, 2585, 3224, 3663]",4636,104,4532,4,100,4532,0
0.5,MUSPROTEB,"[12, 79, 104, 189, 200, 321, 337, 398, 428, 454, 483, 496, 506, 539, 561, 565, 584, 586, 594, 618, 634, 642, 647, 688, 749, 755, 765, 772, 803, 884, 962, 975, 990, 993, 1015, 1024, 1074, 1159, 1221, 1306, 1313, 1400, 1472, 1482, 1553, 1645, 1658, 1682, 1726, 1754, 1823, 1856, 1897, 1908, 1920, 1954, 1988, 2037, 2081, 2090, 2120, 2130, 2174, 2276, 2341]","[337, 594, 993, 1988]","[12, 79, 104, 189, 200, 321, 398, 428, 454, 483, 496, 506, 539, 561, 565, 584, 586, 618, 634, 642, 647, 688, 749, 755, 765, 772, 803, 884, 962, 975, 990, 1015, 1024, 1074, 1159, 1221, 1306, 1313, 1400, 1472, 1482, 1553, 1645, 1658, 1682, 1726, 1754, 1823, 1856, 1897, 1908, 1920, 1954, 2037, 2081, 2090, 2120, 2130, 2174, 2276, 2341]","[337, 594, 993, 1988]",2389,65,2324,4,61,2324,0
0.5,MUSPRPC2,"[40, 48, 67, 118, 165, 215, 227, 250, 349, 381, 443, 489, 520, 575, 652, 743, 795, 801, 817, 821, 858, 964, 1063, 1160, 1279, 1530, 1649, 1784, 1891, 1938, 1996, 2057, 2089, 2111, 2200, 2210, 2305, 2421, 2430, 2455, 2459, 2470, 2542, 2591, 2605, 2687, 2740, 2917, 2919, 2924, 2990, 3008, 3019, 3141, 3162, 3189, 3255, 3294, 3359, 3521, 3531, 3535, 3596, 3629, 3640, 3650, 3778, 3793, 3800, 3833, 3885, 3897, 4083, 4087, 4145, 4186, 4190, 4200, 4204, 4267, 4330, 4511, 4548, 4552, 5314, 5471, 5486, 5493, 5516, 5700, 5761, 5779, 5833, 5857, 6159, 6262, 6607, 6619, 6720, 6793, 6797, 6801, 6822, 6846, 6869, 6877, 6919, 6929, 6936, 6987, 7058, 7067, 7077, 7135, 7189, 7232]",[801],"[40, 48, 67, 118, 165, 215, 227, 250, 349, 381, 443, 489, 520, 575, 652, 743, 795, 817, 821, 858, 964, 1063, 1160, 1279, 1530, 1649, 1784, 1891, 1938, 1996, 2057, 2089, 2111, 2200, 2210, 2305, 2421, 2430, 2455, 2459, 2470, 2542, 2591, 2605, 2687, 2740, 2917, 2919, 2924, 2990, 3008, 3019, 3141, 3162, 3189, 3255, 3294, 3359, 3521, 3531, 3535, 3596, 3629, 3640, 3650, 3778, 3793, 3800, 3833, 3885, 3897, 4083, 4087, 4145, 4186, 4190, 4200, 4204, 4267, 4330, 4511, 4548, 4552, 5314, 5471, 5486, 5493, 5516, 5700, 5761, 5779, 5833, 5857, 6159, 6262, 6607, 6619, 6720, 6793, 6797, 6801, 6822, 6846, 6869, 6877, 6919, 6929, 6936, 6987, 7058, 7067, 7077, 7135, 7189, 7232]",[801],7298,116,7182,1,115,7182,0
0.5,MUSPRPMPB,"[42, 69, 120, 216, 228, 255, 444, 490, 521, 574, 651, 743, 795, 801, 817, 821, 856, 964, 1065, 1157, 1230, 1440, 1480, 1532, 1798, 1823, 1839, 1853, 1855, 1920, 1981, 2139, 2161, 2163, 2952, 2967, 2974, 2997, 3043, 3177, 3238, 3256, 3308, 3346, 3430]",[801],"[42, 69, 120, 216, 228, 255, 444, 490, 521, 574, 651, 743, 795, 817, 821, 856, 964, 1065, 1157, 1230, 1440, 1480, 1532, 1798, 1823, 1839, 1853, 1855, 1920, 1981, 2139, 2161, 2163, 2952, 2967, 2974, 2997, 3043, 3177, 3238, 3256, 3308, 3346, 3430]",[801],3566,45,3521,1,44,3521,0
0.5,MUSREGI,"[191, 214, 325, 349, 451, 562, 580, 613, 627, 632, 636, 717, 775, 800, 809, 892, 934, 946, 1000, 1012, 1023, 1159, 1258, 1316, 1371, 1409, 1448, 1458, 1471, 1503, 1558, 1562, 1584, 1731, 1799, 1807, 1817, 1819, 1965, 2033, 2064, 2125, 2127, 2138, 2230, 2234, 2304, 2310, 2362, 2388, 2392, 2417, 2450, 2497, 2565, 2587, 2611, 2646, 2696, 2748, 2825, 2903, 2993, 3037, 3050, 3060, 3139, 3158, 3162, 3193, 3285, 3368, 3374, 3524, 3550, 3619, 3667, 3699, 3707]","[1159, 1799, 2230, 2993]","[191, 214, 325, 349, 451, 562, 580, 613, 627, 632, 636, 717, 775, 800, 809, 892, 934, 946, 1000, 1012, 1023, 1258, 1316, 1371, 1409, 1448, 1458, 1471, 1503, 1558, 1562, 1584, 1731, 1807, 1817, 1819, 1965, 2033, 2064, 2125, 2127, 2138, 2234, 2304, 2310, 2362, 2388, 2392, 2417, 2450, 2497, 2565, 2587, 2611, 2646, 2696, 2748, 2825, 2903, 3037, 3050, 3060, 3139, 3158, 3162, 3193, 3285, 3368, 3374, 3524, 3550, 3619, 3667, 3699, 3707]","[1159, 1799, 2230, 2993]",3748,79,3669,4,75,3669,0
0.5,MUSREGII,"[36, 73, 105, 171, 237, 331, 385, 396, 530, 612, 669, 878, 927, 1012, 1087, 1141, 1147, 1162, 1239, 1298, 1355, 1491, 1558, 1626, 1637, 1657, 1875, 1883, 1941, 1986, 1988, 2023, 2034, 2056, 2142, 2148, 2368, 2421, 2455, 2478, 2490, 2522, 2526, 2530, 2543, 2554, 2598, 2633, 2646, 2837, 2879, 2927, 2945, 3069, 3091, 3142, 3233, 3308, 3318, 3368, 3439, 3463, 3615, 3634, 3680, 3757, 3789, 3877, 3896]","[927, 1626, 1988, 3091]","[36, 73, 105, 171, 237, 331, 385, 396, 530, 612, 669, 878, 1012, 1087, 1141, 1147, 1162, 1239, 1298, 1355, 1491, 1558, 1637, 1657, 1875, 1883, 1941, 1986, 2023, 2034, 2056, 2142, 2148, 2368, 2421, 2455, 2478, 2490, 2522, 2526, 2530, 2543, 2554, 2598, 2633, 2646, 2837, 2879, 2927, 2945, 3069, 3142, 3233, 3308, 3318, 3368, 3439, 3463, 3615, 3634, 3680, 3757, 3789, 3877, 3896]","[927, 1626, 1988, 3091]",3924,69,3855,4,65,3855,0
0.5,MUSROM1X,"[12, 39, 45, 96, 110, 115, 219, 339, 380, 532, 540, 546, 661, 673, 692, 742, 746, 781, 865, 911, 967, 983, 1030, 1096, 1109, 1121, 1146, 1182, 1194, 1198, 1223, 1242, 1307, 1326, 1386, 1405, 1498, 1510, 1766, 1776, 1819, 1848, 1887, 1954, 1961, 2038, 2169, 2175, 2302, 2341, 2369, 2421, 2529, 2539, 2555, 2559, 2594, 2616, 2640, 2649]","[1242, 1848]","[12, 39, 45, 96, 110, 115, 219, 339, 380, 532, 540, 546, 661, 673, 692, 742, 746, 781, 865, 911, 967, 983, 1030, 1096, 1109, 1121, 1146, 1182, 1194, 1198, 1223, 1307, 1326, 1386, 1405, 1498, 1510, 1766, 1776, 1819, 1887, 1954, 1961, 2038, 2169, 2175, 2302, 2341, 2369, 2421, 2529, 2539, 2555, 2559, 2594, 2616, 2640, 2649]","[1242, 1848]",2779,60,2719,2,58,2719,0
0.5,MUSRPL30,"[18, 20, 60, 84, 99, 110, 144, 172, 209, 240, 379, 425, 449, 494, 500, 504, 518, 598, 607, 642, 660, 664, 696, 708, 742, 778, 798, 891, 953, 960, 1014, 1050, 1070, 1084, 1095, 1100, 1160, 1162, 1179, 1199, 1209, 1262, 1289, 1331, 1337, 1421, 1430, 1505, 1586, 1622, 1670, 1679, 1762, 1777, 1811, 1816, 1943, 1948, 1953, 1962, 1995, 2008, 2119, 2150, 2155, 2232, 2275, 2279, 2283, 2291, 2343, 2355, 2412, 2431, 2459, 2494, 2578, 2647, 2654, 2709, 2796, 2829, 2891, 2941, 2963, 2985, 3019, 3060, 3085, 3124, 3131, 3189, 3243, 3303, 3320, 3377, 3403, 3441]","[660, 1050, 2459]","[18, 20, 60, 84, 99, 110, 144, 172, 209, 240, 379, 425, 449, 494, 500, 504, 518, 598, 607, 642, 664, 696, 708, 742, 778, 798, 891, 953, 960, 1014, 1070, 1084, 1095, 1100, 1160, 1162, 1179, 1199, 1209, 1262, 1289, 1331, 1337, 1421, 1430, 1505, 1586, 1622, 1670, 1679, 1762, 1777, 1811, 1816, 1943, 1948, 1953, 1962, 1995, 2008, 2119, 2150, 2155, 2232, 2275, 2279, 2283, 2291, 2343, 2355, 2412, 2431, 2494, 2578, 2647, 2654, 2709, 2796, 2829, 2891, 2941, 2963, 2985, 3019, 3060, 3085, 3124, 3131, 3189, 3243, 3303, 3320, 3377, 3403, 3441]","[660, 1050, 2459]",3468,98,3370,3,95,3370,0
0.5,MUSRPS16,"[17, 261, 268, 286, 291, 334, 359, 373, 429, 435, 450, 475, 481, 512, 636, 680, 687, 695, 714, 758, 787, 819, 829, 846, 891, 910, 944, 1030, 1096, 1105, 1126, 1148, 1191, 1204, 1210, 1252, 1283, 1302, 1306, 1311, 1327, 1331, 1352, 1354, 1358, 1390, 1399, 1448, 1491, 1574, 1667, 1673, 1728, 1814, 1828, 1832, 1834, 1841, 1844, 1868, 1894, 1896, 1986, 2005, 2009, 2038, 2050, 2067, 2199, 2205, 2330, 2355, 2372, 2488, 2581, 2583]","[450, 687, 1868, 2005]","[17, 261, 268, 286, 291, 334, 359, 373, 429, 435, 475, 481, 512, 636, 680, 695, 714, 758, 787, 819, 829, 846, 891, 910, 944, 1030, 1096, 1105, 1126, 1148, 1191, 1204, 1210, 1252, 1283, 1302, 1306, 1311, 1327, 1331, 1352, 1354, 1358, 1390, 1399, 1448, 1491, 1574, 1667, 1673, 1728, 1814, 1828, 1832, 1834, 1841, 1844, 1894, 1896, 1986, 2009, 2038, 2050, 2067, 2199, 2205, 2330, 2355, 2372, 2488, 2581, 2583]","[450, 687, 1868, 2005]",2641,76,2565,4,72,2565,0
0.5,MUSS100B,"[46, 133, 139, 168, 191, 213, 289, 331, 342, 356, 375, 430, 482, 507, 551, 553, 579, 601, 603, 693, 741, 880, 904, 951, 1034, 1069, 1081, 1090, 1097, 1160, 1264, 1407, 1423, 1464, 1514, 1534, 1710, 1721, 1778, 1785, 1853, 1898, 1927, 2041, 2162, 2287, 2341, 2365, 2415, 2618, 2634, 2640, 2685, 2692, 2714, 2757, 2892, 2946, 2962, 3025, 3077, 3113, 3151, 3160, 3250, 3281, 3332, 3338, 3508, 3570, 3627, 3660, 3677, 3691, 3709, 3753, 3891, 3997, 4270, 4309, 4352, 4357, 4359, 4361, 4363, 4365, 4367, 4369, 4373, 4377, 4381, 4387, 4611, 4641, 4672, 4716, 4740, 4757, 4832, 4849, 4871, 4920, 4977, 5032, 5082, 5104, 5119, 5158, 5169, 5219, 5309, 5313, 5321, 5323, 5329, 5333, 5341, 5444, 5555, 5689, 5772, 5780, 5786, 5793, 5874, 5929, 5959, 5965, 5975, 5988, 6011, 6115, 6134, 6158, 6291, 6295, 6303, 6395, 6425, 6438, 6443, 6523, 6587, 6608, 6638, 6653, 6655, 6686, 6694, 6775, 6827, 6880, 6965, 7036, 7045, 7055, 7070, 7074, 7100, 7115, 7147, 7183, 7187, 7230, 7404, 7438, 7447, 7531, 7551, 7588, 7685, 7694, 7731, 7766, 7801, 7834, 7948, 8033, 8057, 8061, 8146, 8172, 8180, 8184, 8200, 8255, 8310, 8376, 8383, 8398, 8455, 8573, 8612, 8671, 8711, 8736, 8758]",[4920],"[46, 133, 139, 168, 191, 213, 289, 331, 342, 356, 375, 430, 482, 507, 551, 553, 579, 601, 603, 693, 741, 880, 904, 951, 1034, 1069, 1081, 1090, 1097, 1160, 1264, 1407, 1423, 1464, 1514, 1534, 1710, 1721, 1778, 1785, 1853, 1898, 1927, 2041, 2162, 2287, 2341, 2365, 2415, 2618, 2634, 2640, 2685, 2692, 2714, 2757, 2892, 2946, 2962, 3025, 3077, 3113, 3151, 3160, 3250, 3281, 3332, 3338, 3508, 3570, 3627, 3660, 3677, 3691, 3709, 3753, 3891, 3997, 4270, 4309, 4352, 4357, 4359, 4361, 4363, 4365, 4367, 4369, 4373, 4377, 4381, 4387, 4611, 4641, 4672, 4716, 4740, 4757, 4832, 4849, 4871, 4977, 5032, 5082, 5104, 5119, 5158, 5169, 5219, 5309, 5313, 5321, 5323, 5329, 5333, 5341, 5444, 5555, 5689, 5772, 5780, 5786, 5793, 5874, 5929, 5959, 5965, 5975, 5988, 6011, 6115, 6134, 6158, 6291, 6295, 6303, 6395, 6425, 6438, 6443, 6523, 6587, 6608, 6638, 6653, 6655, 6686, 6694, 6775, 6827, 6880, 6965, 7036, 7045, 7055, 7070, 7074, 7100, 7115, 7147, 7183, 7187, 7230, 7404, 7438, 7447, 7531, 7551, 7588, 7685, 7694, 7731, 7766, 7801, 7834, 7948, 8033, 8057, 8061, 8146, 8172, 8180, 8184, 8200, 8255, 8310, 8376, 8383, 8398, 8455, 8573, 8612, 8671, 8711, 8736, 8758]",[4920],8865,197,8668,1,196,8668,0
0.5,MUSSERPROA,"[62, 94, 111, 217, 221, 281, 318, 354, 422, 459, 471, 514, 569, 606, 669, 767, 792, 971, 1008, 1034, 1173, 1271, 1449, 1453, 1541, 1572, 1691, 1764, 1780, 1805, 1831, 1836, 1882, 1906, 1953, 2019, 2032, 2037, 2082, 2092, 2114, 2232, 2253, 2310, 2332, 2334, 2341, 2351, 2356, 2371, 2396, 2399, 2403, 2405, 2410, 2412, 2532, 2602, 2702, 2739, 2959, 3006, 3101, 3113, 3136, 3178, 3182, 3233, 3258, 3345, 3359, 3371, 3387, 3488, 3553, 3575, 3666, 3692, 3721, 3763, 3785, 3818, 3822, 3842, 3879, 3881, 3997, 4007, 4039, 4155, 4206, 4272, 4356, 4390]","[1449, 2092, 2739, 3178]","[62, 94, 111, 217, 221, 281, 318, 354, 422, 459, 471, 514, 569, 606, 669, 767, 792, 971, 1008, 1034, 1173, 1271, 1453, 1541, 1572, 1691, 1764, 1780, 1805, 1831, 1836, 1882, 1906, 1953, 2019, 2032, 2037, 2082, 2114, 2232, 2253, 2310, 2332, 2334, 2341, 2351, 2356, 2371, 2396, 2399, 2403, 2405, 2410, 2412, 2532, 2602, 2702, 2959, 3006, 3101, 3113, 3136, 3182, 3233, 3258, 3345, 3359, 3371, 3387, 3488, 3553, 3575, 3666, 3692, 3721, 3763, 3785, 3818, 3822, 3842, 3879, 3881, 3997, 4007, 4039, 4155, 4206, 4272, 4356, 4390]","[1449, 2092, 2739, 3178]",4449,94,4355,4,90,4355,0
0.5,MUSSSATGN,"[29, 122, 276, 317, 400, 431, 491, 520, 542, 613, 645, 654, 660, 729, 742, 817, 840, 844, 976, 1048, 1162, 1199, 1318, 1346, 1400, 1412, 1423, 1440, 1477, 1514, 1557, 1587, 1592, 1715, 1736, 1753, 1774, 1802, 1825, 1857, 1885, 2081, 2102, 2106, 2131, 2165, 2190, 2194, 2249, 2258, 2277, 2298, 2323, 2349, 2353, 2364, 2388, 2436, 2447, 2487, 2514, 2516, 2530, 2569, 2580, 2594, 2630, 2692, 2702, 2819, 2828, 2867, 2886, 2893, 2905, 2929, 3004, 3039, 3059, 3115, 3150, 3185, 3199, 3205, 3222, 3233, 3241, 3294, 3308, 3354, 3372, 3409, 3436, 3443, 3449, 3590, 3601, 3612, 3619, 3662, 3706, 3730, 3740, 3807, 3892, 3898, 4052]","[840, 1162, 1346, 2905, 3039]","[29, 122, 276, 317, 400, 431, 491, 520, 542, 613, 645, 654, 660, 729, 742, 817, 844, 976, 1048, 1199, 1318, 1400, 1412, 1423, 1440, 1477, 1514, 1557, 1587, 1592, 1715, 1736, 1753, 1774, 1802, 1825, 1857, 1885, 2081, 2102, 2106, 2131, 2165, 2190, 2194, 2249, 2258, 2277, 2298, 2323, 2349, 2353, 2364, 2388, 2436, 2447, 2487, 2514, 2516, 2530, 2569, 2580, 2594, 2630, 2692, 2702, 2819, 2828, 2867, 2886, 2893, 2929, 3004, 3059, 3115, 3150, 3185, 3199, 3205, 3222, 3233, 3241, 3294, 3308, 3354, 3372, 3409, 3436, 3443, 3449, 3590, 3601, 3612, 3619, 3662, 3706, 3730, 3740, 3807, 3892, 3898, 4052]","[840, 1162, 1346, 2905, 3039]",4058,107,3951,5,102,3951,0
0.5,MUSTCP,"[6, 186, 224, 228, 235, 314, 328, 361, 364, 437, 453, 470, 518, 545, 624, 654, 677, 679, 689, 768, 850, 878, 908, 926, 933, 1005, 1016, 1132, 1218, 1274, 1329, 1388, 1470, 1486, 1561, 1686, 1690, 1705, 1745, 1779, 1802, 1867, 1886, 1912, 1938, 1940, 1993, 2068, 2124, 2137, 2146, 2164, 2206, 2254, 2271, 2320, 2417, 2427, 2463, 2496, 2507, 2596, 2781, 2789, 2795, 2984, 3086, 3172, 3270, 3373, 3386, 3400, 3474, 3549, 3576, 3599, 3642, 3746, 3764, 3830, 3842, 3916, 3934, 3943, 3949, 4000, 4019, 4101, 4121, 4218, 4265, 4278, 4282, 4363, 4421, 4522, 4529, 4637, 4643, 4687, 4691, 4735, 4872, 4874, 4897, 4927, 4954, 5021, 5069, 5087, 5146, 5174, 5272, 5303, 5348, 5370, 5538, 5574, 5681, 5813, 5832, 5842, 5851, 5918, 5969, 5993, 6018, 6035, 6046, 6098, 6151, 6160, 6166, 6244, 6286, 6296, 6313, 6319, 6337, 6406, 6431, 6478, 6508, 6552, 6559, 6567, 6636, 6640, 6687, 6718, 6743, 6817, 6904, 7022, 7048, 7091, 7093, 7134, 7171, 7177, 7230, 7255, 7260, 7274, 7288, 7300, 7396, 7417, 7483, 7496, 7512, 7562, 7576, 7598, 7678, 7709, 7744, 7780, 7817, 7839, 7901, 7943, 7959, 8154, 8322, 8327, 8337, 8362, 8459, 8462, 8566, 8578, 8670, 8681, 8754, 8803, 8895, 8977, 9004, 9077, 9161]","[453, 1705, 1993, 3270, 3746, 4278, 4687, 6098, 6552, 7230, 7512]","[6, 186, 224, 228, 235, 314, 328, 361, 364, 437, 470, 518, 545, 624, 654, 677, 679, 689, 768, 850, 878, 908, 926, 933, 1005, 1016, 1132, 1218, 1274, 1329, 1388, 1470, 1486, 1561, 1686, 1690, 1745, 1779, 1802, 1867, 1886, 1912, 1938, 1940, 2068, 2124, 2137, 2146, 2164, 2206, 2254, 2271, 2320, 2417, 2427, 2463, 2496, 2507, 2596, 2781, 2789, 2795, 2984, 3086, 3172, 3373, 3386, 3400, 3474, 3549, 3576, 3599, 3642, 3764, 3830, 3842, 3916, 3934, 3943, 3949, 4000, 4019, 4101, 4121, 4218, 4265, 4282, 4363, 4421, 4522, 4529, 4637, 4643, 4691, 4735, 4872, 4874, 4897, 4927, 4954, 5021, 5069, 5087, 5146, 5174, 5272, 5303, 5348, 5370, 5538, 5574, 5681, 5813, 5832, 5842, 5851, 5918, 5969, 5993, 6018, 6035, 6046, 6151, 6160, 6166, 6244, 6286, 6296, 6313, 6319, 6337, 6406, 6431, 6478, 6508, 6559, 6567, 6636, 6640, 6687, 6718, 6743, 6817, 6904, 7022, 7048, 7091, 7093, 7134, 7171, 7177, 7255, 7260, 7274, 7288, 7300, 7396, 7417, 7483, 7496, 7562, 7576, 7598, 7678, 7709, 7744, 7780, 7817, 7839, 7901, 7943, 7959, 8154, 8322, 8327, 8337, 8362, 8459, 8462, 8566, 8578, 8670, 8681, 8754, 8803, 8895, 8977, 9004, 9077, 9161]","[453, 1705, 1993, 3270, 3746, 4278, 4687, 6098, 6552, 7230, 7512]",9253,201,9052,11,190,9052,0
0.5,MUSTHY1,"[25, 80, 93, 140, 172, 175, 183, 191, 198, 280, 283, 295, 330, 335, 343, 540, 571, 616, 629, 664, 678, 696, 720, 819, 854, 946, 991, 997, 1001, 1009, 1043, 1058, 1156, 1160, 1235, 1243, 1255, 1263, 1281, 1403, 1408, 1504, 1511, 1571, 1586, 1669, 1812, 1828, 1833, 1837, 1930, 1936, 1943, 1958, 2056, 2134, 2146, 2151, 2174, 2181, 2246, 2252, 2302, 2331, 2386, 2477, 2569, 2639, 2649, 2674]","[80, 1009]","[25, 93, 140, 172, 175, 183, 191, 198, 280, 283, 295, 330, 335, 343, 540, 571, 616, 629, 664, 678, 696, 720, 819, 854, 946, 991, 997, 1001, 1043, 1058, 1156, 1160, 1235, 1243, 1255, 1263, 1281, 1403, 1408, 1504, 1511, 1571, 1586, 1669, 1812, 1828, 1833, 1837, 1930, 1936, 1943, 1958, 2056, 2134, 2146, 2151, 2174, 2181, 2246, 2252, 2302, 2331, 2386, 2477, 2569, 2639, 2649, 2674]","[80, 1009]",2682,70,2612,2,68,2612,0
0.5,MUSTLAG,"[42, 99, 131, 153, 169, 251, 261, 269, 305, 378, 392, 425, 431, 457, 465, 497, 547, 573, 644, 705, 709, 856, 901, 946, 956, 983, 1026, 1037, 1057, 1155, 1178, 1223, 1231, 1265, 1314, 1319, 1327, 1332, 1463, 1492, 1573, 1577, 1611, 1703, 1733, 1790, 1798, 1828, 1896, 2009, 2044, 2118, 2128, 2144, 2250, 2305, 2362, 2436, 2517, 2546, 2553, 2571, 2661, 2722, 2874, 2969, 2985, 3145, 3235, 3260, 3276, 3399, 3412, 3415, 3453, 3494, 3503, 3505, 3509, 3522, 3560, 3641, 3661, 3740, 3750, 3775, 3822, 3869, 3911, 4032, 4237, 4288, 4428, 4697, 4708, 4711, 4788, 4879, 4964, 5009, 5069, 5075, 5077, 5106, 5110, 5137, 5192, 5201, 5230, 5241, 5248, 5264, 5280, 5310, 5413]","[705, 1155, 1573, 3494, 3740]","[42, 99, 131, 153, 169, 251, 261, 269, 305, 378, 392, 425, 431, 457, 465, 497, 547, 573, 644, 709, 856, 901, 946, 956, 983, 1026, 1037, 1057, 1178, 1223, 1231, 1265, 1314, 1319, 1327, 1332, 1463, 1492, 1577, 1611, 1703, 1733, 1790, 1798, 1828, 1896, 2009, 2044, 2118, 2128, 2144, 2250, 2305, 2362, 2436, 2517, 2546, 2553, 2571, 2661, 2722, 2874, 2969, 2985, 3145, 3235, 3260, 3276, 3399, 3412, 3415, 3453, 3503, 3505, 3509, 3522, 3560, 3641, 3661, 3750, 3775, 3822, 3869, 3911, 4032, 4237, 4288, 4428, 4697, 4708, 4711, 4788, 4879, 4964, 5009, 5069, 5075, 5077, 5106, 5110, 5137, 5192, 5201, 5230, 5241, 5248, 5264, 5280, 5310, 5413]","[705, 1155, 1573, 3494, 3740]",5412,115,5297,5,110,5297,0
0.5,MUSTSHBA2,"[8, 50, 69, 116, 128, 186, 219, 253, 267, 306, 345, 388, 406, 441, 448, 453, 464, 493, 539, 599, 623, 629, 657, 771, 773, 777, 830, 955, 959, 988, 1045, 1056, 1067, 1082, 1102, 1255]",[464],"[8, 50, 69, 116, 128, 186, 219, 253, 267, 306, 345, 388, 406, 441, 448, 453, 493, 539, 599, 623, 629, 657, 771, 773, 777, 830, 955, 959, 988, 1045, 1056, 1067, 1082, 1102, 1255]",[464],1283,36,1247,1,35,1247,0
0.5,MUSY1GLOB,"[63, 84, 137, 180, 195, 228, 253, 288, 334, 339, 354, 358, 361, 377, 395, 479, 576, 623, 643, 655, 690, 770, 808, 813, 819, 829, 905, 973, 1024, 1066, 1107, 1133, 1224, 1249, 1253, 1341, 1445, 1450, 1456, 1525, 1557, 1595, 1681]","[377, 690]","[63, 84, 137, 180, 195, 228, 253, 288, 334, 339, 354, 358, 361, 395, 479, 576, 623, 643, 655, 770, 808, 813, 819, 829, 905, 973, 1024, 1066, 1107, 1133, 1224, 1249, 1253, 1341, 1445, 1450, 1456, 1525, 1557, 1595, 1681]","[377, 690]",1745,43,1702,2,41,1702,0
0.5,OABBGLOB,"[33, 108, 161, 192, 356, 525, 540, 666, 686, 692, 841, 920, 935, 939, 958, 962, 982, 993, 1174, 1195, 1262, 1274, 1288, 1309, 1313, 1352, 1413, 1421, 1743, 1802, 1864, 1868, 1886, 1914, 1987, 2005, 2036, 2107, 2131, 2219, 2225, 2267, 2291, 2294, 2301, 2575, 2686, 2697, 2701, 2930, 2964, 3032, 3124, 3128, 3197, 3211, 3229, 3238]","[958, 1309]","[33, 108, 161, 192, 356, 525, 540, 666, 686, 692, 841, 920, 935, 939, 962, 982, 993, 1174, 1195, 1262, 1274, 1288, 1313, 1352, 1413, 1421, 1743, 1802, 1864, 1868, 1886, 1914, 1987, 2005, 2036, 2107, 2131, 2219, 2225, 2267, 2291, 2294, 2301, 2575, 2686, 2697, 2701, 2930, 2964, 3032, 3124, 3128, 3197, 3211, 3229, 3238]","[958, 1309]",3241,58,3183,2,56,3183,0
0.5,OABCGLOB,"[33, 162, 193, 258, 295, 392, 400, 433, 469, 666, 673, 677, 699, 919, 934, 938, 957, 992, 1009, 1011, 1177, 1198, 1222, 1265, 1277, 1312, 1352, 1413, 1421, 1603, 1708, 1848, 1875, 1879, 1921, 1925, 1998, 2016, 2044, 2055, 2092, 2167, 2239, 2242, 2249, 2648, 2695, 2916, 2984, 3075, 3079, 3162, 3180, 3189]","[957, 1312]","[33, 162, 193, 258, 295, 392, 400, 433, 469, 666, 673, 677, 699, 919, 934, 938, 992, 1009, 1011, 1177, 1198, 1222, 1265, 1277, 1352, 1413, 1421, 1603, 1708, 1848, 1875, 1879, 1921, 1925, 1998, 2016, 2044, 2055, 2092, 2167, 2239, 2242, 2249, 2648, 2695, 2916, 2984, 3075, 3079, 3162, 3180, 3189]","[957, 1312]",3192,54,3138,2,52,3138,0
0.5,OAINIGFII1,"[60, 63, 138, 150, 243, 266, 295, 323, 350, 377, 428, 435, 468, 492, 574, 642, 658, 669, 676, 678, 724, 740, 866, 1022, 1036, 1050, 1098, 1113, 1165, 1210, 1247, 1290, 1334, 1388, 1412, 1493, 1520, 1527, 1551, 1588, 1652, 1671, 1679, 1690, 1698, 1752, 1839, 1867, 1975, 2011, 2032, 2043, 2057, 2065, 2087, 2106, 2110, 2114, 2155, 2199, 2242, 2257, 2291, 2309, 2319, 2335, 2364, 2382]",[740],"[60, 63, 138, 150, 243, 266, 295, 323, 350, 377, 428, 435, 468, 492, 574, 642, 658, 669, 676, 678, 724, 866, 1022, 1036, 1050, 1098, 1113, 1165, 1210, 1247, 1290, 1334, 1388, 1412, 1493, 1520, 1527, 1551, 1588, 1652, 1671, 1679, 1690, 1698, 1752, 1839, 1867, 1975, 2011, 2032, 2043, 2057, 2065, 2087, 2106, 2110, 2114, 2155, 2199, 2242, 2257, 2291, 2309, 2319, 2335, 2364, 2382]",[740],2385,68,2317,1,67,2317,0
0.5,OAINTL3,"[115, 120, 134, 188, 206, 243, 292, 335, 353, 373, 442, 674, 692, 721, 813, 838, 850, 918, 940, 943, 948, 966, 1007, 1036, 1122, 1214, 1310, 1403, 1509, 1540, 1598, 1602, 1607, 1624, 1747, 1764, 1797, 1880, 1909, 1913, 1973, 2048, 2072, 2099, 2382, 2565, 2595, 2602, 2670, 2704, 2773]","[674, 813, 1909, 2072]","[115, 120, 134, 188, 206, 243, 292, 335, 353, 373, 442, 692, 721, 838, 850, 918, 940, 943, 948, 966, 1007, 1036, 1122, 1214, 1310, 1403, 1509, 1540, 1598, 1602, 1607, 1624, 1747, 1764, 1797, 1880, 1913, 1973, 2048, 2099, 2382, 2565, 2595, 2602, 2670, 2704, 2773]","[674, 813, 1909, 2072]",2793,51,2742,4,47,2742,0
0.5,OAKRT213,"[50, 94, 144, 210, 232, 269, 355, 402, 523, 554, 556, 560, 631, 932, 947, 975, 1009, 1042, 1088, 1123, 1155, 1179, 1206, 1215, 1219, 1228, 1251, 1253, 1260, 1290, 1292, 1294, 1309, 1328, 1330, 1332, 1334, 1336, 1338, 1444, 1579, 1593, 1605, 1635, 1640, 1714, 1786, 1957, 1988, 1992, 2032, 2153, 2176, 2182, 2214, 2263, 2294, 2373, 2380, 2551, 2641, 2665, 2685, 2838, 2852, 2938, 3001, 3029, 3071, 3132, 3198, 3241, 3255, 3333, 3357, 3378, 3413, 3659, 3740, 3812, 3829, 3831, 3841, 3862, 3895, 3915, 3931, 3938, 3979, 3988, 4071, 4115, 4124, 4147, 4213, 4284, 4322, 4467, 4476, 4478, 4572, 4598, 4626, 4642, 4678, 4685, 4690, 4752, 4794, 4813, 4817, 4821, 4829, 4853, 4871, 4988, 5042, 5046, 5121, 5174, 5195, 5210, 5249, 5258, 5278, 5288, 5344, 5371, 5377, 5395, 5403, 5405, 5407, 5409, 5411, 5413, 5415, 5417, 5419, 5421, 5423, 5425, 5427, 5429, 5431, 5433, 5435, 5437, 5439, 5443, 5449, 5456, 5487, 5491, 5496, 5584, 5671, 5684, 5789, 5798, 5815, 5842, 5900, 5902, 5950, 5972, 6077, 6116, 6118, 6221, 6234, 6248, 6348, 6456, 6464, 6474, 6548, 6552, 6744, 6794, 6818, 6858, 6886, 6896, 6902, 6914, 6924, 7052, 7061, 7065, 7071, 7076, 7083, 7124, 7211, 7256, 7268, 7283, 7287, 7295, 7313, 7364, 7366, 7378, 7383, 7389, 7393, 7397, 7427, 7435, 7455, 7525, 7558, 7564, 7660, 7703, 7738, 7752, 7884, 7896, 7905, 7911, 7913, 7929, 7937, 7944, 7962, 7988, 8112, 8166, 8232, 8393, 8453, 8457, 8482, 8487, 8502, 8530, 8561, 8589, 8622, 8681, 8709, 8931, 9063, 9083, 9124, 9162, 9244, 9294, 9316, 9402, 9417, 9454]","[3198, 4147, 4813, 5288, 5684, 6077, 6548, 7393]","[50, 94, 144, 210, 232, 269, 355, 402, 523, 554, 556, 560, 631, 932, 947, 975, 1009, 1042, 1088, 1123, 1155, 1179, 1206, 1215, 1219, 1228, 1251, 1253, 1260, 1290, 1292, 1294, 1309, 1328, 1330, 1332, 1334, 1336, 1338, 1444, 1579, 1593, 1605, 1635, 1640, 1714, 1786, 1957, 1988, 1992, 2032, 2153, 2176, 2182, 2214, 2263, 2294, 2373, 2380, 2551, 2641, 2665, 2685, 2838, 2852, 2938, 3001, 3029, 3071, 3132, 3241, 3255, 3333, 3357, 3378, 3413, 3659, 3740, 3812, 3829, 3831, 3841, 3862, 3895, 3915, 3931, 3938, 3979, 3988, 4071, 4115, 4124, 4213, 4284, 4322, 4467, 4476, 4478, 4572, 4598, 4626, 4642, 4678, 4685, 4690, 4752, 4794, 4817, 4821, 4829, 4853, 4871, 4988, 5042, 5046, 5121, 5174, 5195, 5210, 5249, 5258, 5278, 5344, 5371, 5377, 5395, 5403, 5405, 5407, 5409, 5411, 5413, 5415, 5417, 5419, 5421, 5423, 5425, 5427, 5429, 5431, 5433, 5435, 5437, 5439, 5443, 5449, 5456, 5487, 5491, 5496, 5584, 5671, 5789, 5798, 5815, 5842, 5900, 5902, 5950, 5972, 6116, 6118, 6221, 6234, 6248, 6348, 6456, 6464, 6474, 6552, 6744, 6794, 6818, 6858, 6886, 6896, 6902, 6914, 6924, 7052, 7061, 7065, 7071, 7076, 7083, 7124, 7211, 7256, 7268, 7283, 7287, 7295, 7313, 7364, 7366, 7378, 7383, 7389, 7397, 7427, 7435, 7455, 7525, 7558, 7564, 7660, 7703, 7738, 7752, 7884, 7896, 7905, 7911, 7913, 7929, 7937, 7944, 7962, 7988, 8112, 8166, 8232, 8393, 8453, 8457, 8482, 8487, 8502, 8530, 8561, 8589, 8622, 8681, 8709, 8931, 9063, 9083, 9124, 9162, 9244, 9294, 9316, 9402, 9417, 9454]","[3198, 4147, 4813, 5288, 5684, 6077, 6548, 7393]",9521,254,9267,8,246,9267,0
0.5,OALGB,"[46, 76, 109, 123, 130, 140, 159, 177, 190, 207, 212, 288, 374, 378, 411, 419, 433, 476, 571, 665, 702, 721, 767, 847, 938, 946, 955, 959, 1011, 1016, 1031, 1124, 1216, 1324, 1422, 1457, 1459, 1486, 1528, 1547, 1602, 1666, 1682, 1742, 1801, 1806, 1859, 2043, 2059, 2131, 2168, 2170, 2184, 2186, 2268, 2274, 2295, 2297, 2343, 2432, 2438, 2442, 2598, 2644, 2660, 2717, 2732, 2759, 2762, 2831, 2845, 2873, 2908, 2939, 2945, 2959, 2994, 3111, 3220, 3261, 3267, 3330, 3336, 3500, 3523, 3526, 3557, 3623, 3664, 3667, 3700, 3818, 3844, 3875, 3883, 3887, 3943, 3950, 3980, 4039, 4047, 4051, 4092, 4107, 4114, 4137, 4204, 4250, 4262, 4267, 4300, 4327, 4345, 4387, 4409, 4477, 4565, 4656, 4724, 4761, 4766, 4778, 4822, 4873, 4886, 4900, 4911, 4954, 4967, 5008, 5064, 5075, 5079, 5143, 5156, 5235, 5244, 5503, 5514, 5582, 5825, 5871, 5889, 5895, 6010, 6094, 6126, 6132, 6145, 6149, 6208, 6242, 6254, 6354, 6368, 6380, 6422, 6426, 6484, 6494, 6511, 6584, 6614, 6617, 6623, 6630, 6672, 6699, 6766, 6784, 6883, 7102, 7176, 7246, 7254, 7296, 7305, 7320]","[938, 1742, 2660, 3883, 4656]","[46, 76, 109, 123, 130, 140, 159, 177, 190, 207, 212, 288, 374, 378, 411, 419, 433, 476, 571, 665, 702, 721, 767, 847, 946, 955, 959, 1011, 1016, 1031, 1124, 1216, 1324, 1422, 1457, 1459, 1486, 1528, 1547, 1602, 1666, 1682, 1801, 1806, 1859, 2043, 2059, 2131, 2168, 2170, 2184, 2186, 2268, 2274, 2295, 2297, 2343, 2432, 2438, 2442, 2598, 2644, 2717, 2732, 2759, 2762, 2831, 2845, 2873, 2908, 2939, 2945, 2959, 2994, 3111, 3220, 3261, 3267, 3330, 3336, 3500, 3523, 3526, 3557, 3623, 3664, 3667, 3700, 3818, 3844, 3875, 3887, 3943, 3950, 3980, 4039, 4047, 4051, 4092, 4107, 4114, 4137, 4204, 4250, 4262, 4267, 4300, 4327, 4345, 4387, 4409, 4477, 4565, 4724, 4761, 4766, 4778, 4822, 4873, 4886, 4900, 4911, 4954, 4967, 5008, 5064, 5075, 5079, 5143, 5156, 5235, 5244, 5503, 5514, 5582, 5825, 5871, 5889, 5895, 6010, 6094, 6126, 6132, 6145, 6149, 6208, 6242, 6254, 6354, 6368, 6380, 6422, 6426, 6484, 6494, 6511, 6584, 6614, 6617, 6623, 6630, 6672, 6699, 6766, 6784, 6883, 7102, 7176, 7246, 7254, 7296, 7305, 7320]","[938, 1742, 2660, 3883, 4656]",7371,178,7193,5,173,7193,0
0.5,OAMETIAG,"[9, 91, 100, 139, 142, 205, 246, 310, 405, 416, 438, 487, 490, 510, 528, 569, 573, 701, 746, 758, 784, 920, 953, 959, 969, 1028, 1067, 1136, 1231, 1479, 1483, 1510, 1582, 1674, 1682, 1783, 1801, 1884, 2006, 2079, 2118, 2145, 2207, 2214, 2221, 2260, 2280, 2354, 2383, 2393, 2473, 2480, 2498, 2654, 2697, 2726, 2731, 2745]","[701, 1479]","[9, 91, 100, 139, 142, 205, 246, 310, 405, 416, 438, 487, 490, 510, 528, 569, 573, 746, 758, 784, 920, 953, 959, 969, 1028, 1067, 1136, 1231, 1483, 1510, 1582, 1674, 1682, 1783, 1801, 1884, 2006, 2079, 2118, 2145, 2207, 2214, 2221, 2260, 2280, 2354, 2383, 2393, 2473, 2480, 2498, 2654, 2697, 2726, 2731, 2745]","[701, 1479]",2792,58,2734,2,56,2734,0
0.5,OAMTIB,"[72, 198, 220, 258, 262, 338, 365, 368, 374, 444, 460, 484, 509, 516, 601, 627, 681, 731, 758, 789, 885, 903, 965, 993, 1022, 1027, 1032, 1091, 1161, 1209, 1276, 1317, 1344, 1397, 1418, 1455, 1721, 1725, 1752, 1827, 1922, 1966, 1990, 2033, 2041, 2078, 2110, 2170, 2185, 2207, 2301, 2374, 2513, 2554, 2608, 2618, 2670, 2684, 2723, 2764, 2861, 2904, 2970, 2983, 2988, 3016, 3039, 3092, 3175, 3179, 3192, 3205]","[965, 1721]","[72, 198, 220, 258, 262, 338, 365, 368, 374, 444, 460, 484, 509, 516, 601, 627, 681, 731, 758, 789, 885, 903, 993, 1022, 1027, 1032, 1091, 1161, 1209, 1276, 1317, 1344, 1397, 1418, 1455, 1725, 1752, 1827, 1922, 1966, 1990, 2033, 2041, 2078, 2110, 2170, 2185, 2207, 2301, 2374, 2513, 2554, 2608, 2618, 2670, 2684, 2723, 2764, 2861, 2904, 2970, 2983, 2988, 3016, 3039, 3092, 3175, 3179, 3192, 3205]","[965, 1721]",3211,72,3139,2,70,3139,0
0.5,OAMTIC,"[65, 122, 146, 162, 214, 249, 307, 381, 492, 545, 621, 707, 733, 813, 851, 869, 898, 913, 954, 1010, 1024, 1059, 1066, 1084, 1104, 1295, 1299, 1332, 1336, 1376, 1387, 1567, 1607, 1676, 1683, 1690, 1729, 1740, 1749, 1754, 1771, 1773, 1787, 1859, 1941, 1943, 2055, 2209, 2258, 2363]","[621, 1295]","[65, 122, 146, 162, 214, 249, 307, 381, 492, 545, 707, 733, 813, 851, 869, 898, 913, 954, 1010, 1024, 1059, 1066, 1084, 1104, 1299, 1332, 1336, 1376, 1387, 1567, 1607, 1676, 1683, 1690, 1729, 1740, 1749, 1754, 1771, 1773, 1787, 1859, 1941, 1943, 2055, 2209, 2258, 2363]","[621, 1295]",2375,50,2325,2,48,2325,0
0.5,OAMTII,"[25, 35, 38, 119, 264, 275, 295, 303, 326, 342, 418, 431, 435, 483, 496, 572, 630, 701, 778, 785, 799, 817, 836, 1023, 1036, 1048, 1133, 1193, 1211, 1269, 1312, 1325, 1358, 1378, 1588, 1592, 1612, 1673, 1717, 1724, 1731, 1770, 1781, 1790, 1812, 1814, 1830, 1872, 1931, 1976, 1995]","[1023, 1378]","[25, 35, 38, 119, 264, 275, 295, 303, 326, 342, 418, 431, 435, 483, 496, 572, 630, 701, 778, 785, 799, 817, 836, 1036, 1048, 1133, 1193, 1211, 1269, 1312, 1325, 1358, 1588, 1592, 1612, 1673, 1717, 1724, 1731, 1770, 1781, 1790, 1812, 1814, 1830, 1872, 1931, 1976, 1995]","[1023, 1378]",2047,51,1996,2,49,1996,0
0.5,OAPROTP1,"[7, 159, 212, 253, 293]",[212],"[7, 159, 253, 293]",[212],524,5,519,1,4,519,0
0.5,OATRICH,"[146, 152, 180, 253, 277, 325, 398, 513, 555, 775, 790, 801, 904, 909, 918, 938, 942, 951, 966, 1009, 1053, 1129, 1146, 1174, 1179, 1183, 1197, 1215, 1293, 1356, 1358, 1425, 1458, 1465, 1471, 1560, 1568, 1665, 1798, 1839, 1870, 1912, 2017, 2062, 2189, 2201, 2219, 2247, 2289, 2328, 2357, 2560, 2655, 2661, 2665, 2701, 2726, 2892, 3086, 3157, 3240, 3309, 3567, 3604, 3654, 3679, 3681, 3683, 3704, 3718, 3798, 3907, 3909, 4055, 4062, 4096, 4101, 4134, 4171, 4211, 4262, 4464, 4492, 4494, 4527, 4631, 4702, 4744, 4772, 4849, 4947, 4970, 4978, 5054, 5138, 5222, 5306, 5390, 5474, 5498, 5545, 5647, 5660, 5721, 5731, 5825, 5839, 5923, 5936, 6075, 6182, 6186, 6254, 6351, 6612, 6681, 6750, 7050, 7119, 7209, 7368, 7437, 7506, 7575, 7692, 7764, 7936, 7980, 8105, 8126, 8128, 8156, 8187, 8195, 8218, 8236, 8242, 8317, 8399, 8462, 8473, 8558, 8599, 8951, 9059, 9111, 9174, 9240, 9321]",[3157],"[146, 152, 180, 253, 277, 325, 398, 513, 555, 775, 790, 801, 904, 909, 918, 938, 942, 951, 966, 1009, 1053, 1129, 1146, 1174, 1179, 1183, 1197, 1215, 1293, 1356, 1358, 1425, 1458, 1465, 1471, 1560, 1568, 1665, 1798, 1839, 1870, 1912, 2017, 2062, 2189, 2201, 2219, 2247, 2289, 2328, 2357, 2560, 2655, 2661, 2665, 2701, 2726, 2892, 3086, 3240, 3309, 3567, 3604, 3654, 3679, 3681, 3683, 3704, 3718, 3798, 3907, 3909, 4055, 4062, 4096, 4101, 4134, 4171, 4211, 4262, 4464, 4492, 4494, 4527, 4631, 4702, 4744, 4772, 4849, 4947, 4970, 4978, 5054, 5138, 5222, 5306, 5390, 5474, 5498, 5545, 5647, 5660, 5721, 5731, 5825, 5839, 5923, 5936, 6075, 6182, 6186, 6254, 6351, 6612, 6681, 6750, 7050, 7119, 7209, 7368, 7437, 7506, 7575, 7692, 7764, 7936, 7980, 8105, 8126, 8128, 8156, 8187, 8195, 8218, 8236, 8242, 8317, 8399, 8462, 8473, 8558, 8599, 8951, 9059, 9111, 9174, 9240, 9321]",[3157],9336,149,9187,1,148,9187,0
0.5,OCAPOAIG,"[7, 60, 242, 361, 399, 491, 522, 553, 557, 570, 572, 710, 777, 855, 996, 1060, 1062, 1108, 1124, 1139, 1141, 1152, 1159, 1167, 1169, 1216, 1225, 1239, 1248, 1275, 1359, 1389, 1467, 1479, 1524, 1545, 1656, 1760, 1791, 1798, 1848, 1872, 1916, 1921, 1956]","[553, 855]","[7, 60, 242, 361, 399, 491, 522, 557, 570, 572, 710, 777, 996, 1060, 1062, 1108, 1124, 1139, 1141, 1152, 1159, 1167, 1169, 1216, 1225, 1239, 1248, 1275, 1359, 1389, 1467, 1479, 1524, 1545, 1656, 1760, 1791, 1798, 1848, 1872, 1916, 1921, 1956]","[553, 855]",1986,45,1941,2,43,1941,0
0.5,OCTNFBETA,"[68, 202, 206, 217, 245, 289, 390, 429, 493, 577, 609, 762, 766, 834, 909, 1058, 1084, 1094, 1130, 1180, 1193, 1216, 1220, 1247, 1258, 1637, 1778, 1859, 1959]","[577, 766]","[68, 202, 206, 217, 245, 289, 390, 429, 493, 609, 762, 834, 909, 1058, 1084, 1094, 1130, 1180, 1193, 1216, 1220, 1247, 1258, 1637, 1778, 1859, 1959]","[577, 766]",1963,29,1934,2,27,1934,0
0.5,OCUTGLOB,"[14, 42, 247, 303, 315, 332, 407, 425, 480, 549, 570, 733, 759, 777, 852, 874, 917, 927, 932, 953, 963, 970, 974, 1180, 1279, 1336, 1382, 1401, 1455, 1468, 1476, 1482, 1509, 1542, 1566, 1576, 1589, 1642, 1673, 1708, 1712, 1736, 1765, 1789, 1819, 1821, 1853, 1865, 1906, 1946, 1952, 2016, 2050, 2057, 2091, 2101, 2144, 2158, 2162, 2173, 2281, 2297, 2346, 2393, 2428, 2469, 2501, 2549, 2566, 2572, 2588, 2680, 2700, 2788, 2848, 2868, 2914, 2938, 2942, 2984, 3077, 3155, 3172, 3357, 3424, 3435, 3491, 3496, 3539, 3634, 3653, 3816, 3878, 4049, 4176, 4223, 4265, 4295, 4315, 4322, 4330, 4333, 4404, 4529, 4642, 4651, 4756, 4829, 4872, 4882, 4900, 4912, 4936, 4941, 4961, 5000, 5062, 5072, 5138, 5142, 5185, 5200, 5207, 5230, 5266, 5273, 5317, 5496, 5602, 5780, 5831, 5838, 6095, 6129, 6167, 6183, 6187, 6396, 6557]","[3357, 5831]","[14, 42, 247, 303, 315, 332, 407, 425, 480, 549, 570, 733, 759, 777, 852, 874, 917, 927, 932, 953, 963, 970, 974, 1180, 1279, 1336, 1382, 1401, 1455, 1468, 1476, 1482, 1509, 1542, 1566, 1576, 1589, 1642, 1673, 1708, 1712, 1736, 1765, 1789, 1819, 1821, 1853, 1865, 1906, 1946, 1952, 2016, 2050, 2057, 2091, 2101, 2144, 2158, 2162, 2173, 2281, 2297, 2346, 2393, 2428, 2469, 2501, 2549, 2566, 2572, 2588, 2680, 2700, 2788, 2848, 2868, 2914, 2938, 2942, 2984, 3077, 3155, 3172, 3424, 3435, 3491, 3496, 3539, 3634, 3653, 3816, 3878, 4049, 4176, 4223, 4265, 4295, 4315, 4322, 4330, 4333, 4404, 4529, 4642, 4651, 4756, 4829, 4872, 4882, 4900, 4912, 4936, 4941, 4961, 5000, 5062, 5072, 5138, 5142, 5185, 5200, 5207, 5230, 5266, 5273, 5317, 5496, 5602, 5780, 5838, 6095, 6129, 6167, 6183, 6187, 6396, 6557]","[3357, 5831]",6560,139,6421,2,137,6421,0
0.5,OOGH,"[13, 36, 57, 127, 185, 200, 231, 333, 375, 436, 446, 635, 638, 736, 740, 768, 786, 836, 849, 860, 881, 885, 890, 914, 946, 950, 1018, 1084, 1132, 1183, 1193, 1219, 1223, 1226, 1229, 1475, 1552, 1675, 1826, 1853, 1896, 1980, 2002, 2013, 2065, 2089, 2094, 2140, 2145]","[333, 740, 1084, 1475]","[13, 36, 57, 127, 185, 200, 231, 375, 436, 446, 635, 638, 736, 768, 786, 836, 849, 860, 881, 885, 890, 914, 946, 950, 1018, 1132, 1183, 1193, 1219, 1223, 1226, 1229, 1552, 1675, 1826, 1853, 1896, 1980, 2002, 2013, 2065, 2089, 2094, 2140, 2145]","[333, 740, 1084, 1475]",2154,49,2105,4,45,2105,0
0.5,OPOP1,"[26, 33, 57, 72, 156, 195, 249, 258, 282, 299, 307, 377, 406, 546]",[249],"[26, 33, 57, 72, 156, 195, 258, 282, 299, 307, 377, 406, 546]",[249],616,14,602,1,13,602,0
0.5,ORAPROTP1A,"[7, 59, 163, 167, 183, 261, 276]",[163],"[7, 59, 167, 183, 261, 276]",[163],409,7,402,1,6,402,0
0.5,PAA1GL,"[25, 112, 139, 155, 160, 180, 185, 204, 378, 399, 423, 432, 492, 501, 513, 588, 598, 677, 719, 752, 761, 797, 856]","[204, 513]","[25, 112, 139, 155, 160, 180, 185, 378, 399, 423, 432, 492, 501, 588, 598, 677, 719, 752, 761, 797, 856]","[204, 513]",872,23,849,2,21,849,0
0.5,PAAFPG,"[179, 214, 218, 259, 328, 484, 574, 632, 638, 649, 898, 922, 932, 1028, 1053, 1067]",[214],"[179, 218, 259, 328, 484, 574, 632, 638, 649, 898, 922, 932, 1028, 1053, 1067]",[214],1087,16,1071,1,15,1071,0
0.5,PAU03674,"[46, 93, 111, 201, 233, 287, 291, 361, 461, 494, 536, 595, 600, 630, 900, 977, 985, 987, 1004, 1057, 1071, 1097, 1110, 1142, 1150, 1187, 1194, 1237, 1248, 1270, 1285, 1332, 1334, 1372, 1374, 1399, 1404, 1495, 1526, 1566, 1572, 1584, 1604, 1621, 1633, 1669, 1704, 1710, 1725, 1768, 1853, 1933, 1997, 2078, 2100, 2104, 2123, 2305, 2363, 2397, 2414, 2451, 2493, 2511, 2531, 2540, 2570, 2761, 2806, 2851, 2896, 2941, 3037, 3062, 3087, 3117, 3171, 3187, 3244, 3267, 3309, 3388, 3417, 3500, 3574, 3685, 3726, 3773, 3777, 3791, 3866, 3870, 3895, 3961, 3972, 3977, 3989, 4004, 4013, 4019, 4023, 4046, 4145, 4154, 4171, 4181, 4238, 4273, 4294, 4337, 4367, 4385, 4464, 4507, 4523, 4611, 4705, 4723, 4741, 4765, 4785, 4825, 4829, 4901, 4910, 4955, 4994, 5149, 5156, 5237, 5258, 5266, 5297]","[3171, 3574, 3773, 4013, 4294, 4611]","[46, 93, 111, 201, 233, 287, 291, 361, 461, 494, 536, 595, 600, 630, 900, 977, 985, 987, 1004, 1057, 1071, 1097, 1110, 1142, 1150, 1187, 1194, 1237, 1248, 1270, 1285, 1332, 1334, 1372, 1374, 1399, 1404, 1495, 1526, 1566, 1572, 1584, 1604, 1621, 1633, 1669, 1704, 1710, 1725, 1768, 1853, 1933, 1997, 2078, 2100, 2104, 2123, 2305, 2363, 2397, 2414, 2451, 2493, 2511, 2531, 2540, 2570, 2761, 2806, 2851, 2896, 2941, 3037, 3062, 3087, 3117, 3187, 3244, 3267, 3309, 3388, 3417, 3500, 3685, 3726, 3777, 3791, 3866, 3870, 3895, 3961, 3972, 3977, 3989, 4004, 4019, 4023, 4046, 4145, 4154, 4171, 4181, 4238, 4273, 4337, 4367, 4385, 4464, 4507, 4523, 4705, 4723, 4741, 4765, 4785, 4825, 4829, 4901, 4910, 4955, 4994, 5149, 5156, 5237, 5258, 5266, 5297]","[3171, 3574, 3773, 4013, 4294, 4611]",5437,133,5304,6,127,5304,0
0.5,PIGAPAI,"[16, 35, 62, 83, 85, 101, 107, 191, 385, 449, 538, 562, 566, 584, 688, 731, 763, 794, 798, 1031, 1051, 1129, 1156, 1163, 1169, 1183, 1195, 1275, 1320, 1324, 1353, 1443, 1531, 1536, 1541, 1549, 1551, 1553, 1555, 1557, 1559, 1561, 1563, 1565, 1567, 1569, 1571, 1573, 1575, 1579, 1593, 1625, 1660, 1689, 1711, 1720, 1819, 1823, 1840, 1918, 1930, 1962, 1983, 2041, 2107, 2211, 2299, 2317, 2367, 2444, 2464, 2539, 2550, 2563, 2661, 2693, 2701, 2775, 2781, 2806, 2871, 2893, 2897, 2917, 3022, 3060, 3160, 3211, 3260, 3317]","[794, 1129]","[16, 35, 62, 83, 85, 101, 107, 191, 385, 449, 538, 562, 566, 584, 688, 731, 763, 798, 1031, 1051, 1156, 1163, 1169, 1183, 1195, 1275, 1320, 1324, 1353, 1443, 1531, 1536, 1541, 1549, 1551, 1553, 1555, 1557, 1559, 1561, 1563, 1565, 1567, 1569, 1571, 1573, 1575, 1579, 1593, 1625, 1660, 1689, 1711, 1720, 1819, 1823, 1840, 1918, 1930, 1962, 1983, 2041, 2107, 2211, 2299, 2317, 2367, 2444, 2464, 2539, 2550, 2563, 2661, 2693, 2701, 2775, 2781, 2806, 2871, 2893, 2897, 2917, 3022, 3060, 3160, 3211, 3260, 3317]","[794, 1129]",3325,90,3235,2,88,3235,0
0.5,PIGAPCIII,"[27, 45, 148, 188, 190, 348, 353, 375, 390, 620, 682, 736, 752, 774, 778, 867, 908, 917, 934, 944, 948, 1079, 1084, 1091, 1136, 1141, 1318, 1321, 1413, 1426, 1432, 1443, 1448, 1478, 1502, 1637, 1679, 1694, 1711, 1790, 1813, 1817, 2011, 2020, 2025, 2027, 2031, 2035, 2037, 2039, 2083, 2252, 2295, 2303, 2401, 2423, 2502, 2513, 2553, 2588, 2597, 2625, 2639, 2654, 2740, 2750, 3036, 3044, 3046, 3098, 3142, 3196, 3202, 3226]","[1432, 1711]","[27, 45, 148, 188, 190, 348, 353, 375, 390, 620, 682, 736, 752, 774, 778, 867, 908, 917, 934, 944, 948, 1079, 1084, 1091, 1136, 1141, 1318, 1321, 1413, 1426, 1443, 1448, 1478, 1502, 1637, 1679, 1694, 1790, 1813, 1817, 2011, 2020, 2025, 2027, 2031, 2035, 2037, 2039, 2083, 2252, 2295, 2303, 2401, 2423, 2502, 2513, 2553, 2588, 2597, 2625, 2639, 2654, 2740, 2750, 3036, 3044, 3046, 3098, 3142, 3196, 3202, 3226]","[1432, 1711]",3268,74,3194,2,72,3194,0
0.5,PIGCNP,"[14, 25, 75, 98, 126, 400, 404, 420, 429, 466, 520, 528, 564, 596, 665, 672, 702, 799, 866, 894, 927, 952, 977, 1000, 1062, 1125, 1129, 1150, 1154, 1235, 1248, 1339, 1341, 1416, 1430, 1491, 1569, 1615, 1622, 1652, 1662, 1677, 1695, 1736, 1747, 1781, 1834, 1846, 1878]",[400],"[14, 25, 75, 98, 126, 404, 420, 429, 466, 520, 528, 564, 596, 665, 672, 702, 799, 866, 894, 927, 952, 977, 1000, 1062, 1125, 1129, 1150, 1154, 1235, 1248, 1339, 1341, 1416, 1430, 1491, 1569, 1615, 1622, 1652, 1662, 1677, 1695, 1736, 1747, 1781, 1834, 1846, 1878]",[400],1886,49,1837,1,48,1837,0
0.5,PIGFSB,"[22, 148, 153, 226, 269, 290, 300, 317, 409, 413, 446, 467, 495, 509, 515, 548, 589, 772, 782, 794, 823, 856, 861, 886, 888, 895, 932, 940, 954, 967, 1036, 1042, 1046, 1175, 1305, 1450, 1480, 1502, 1511, 1513, 1515, 1517, 1519, 1521, 1590, 1598, 1677, 1705, 1726, 1736, 1755, 1790, 1801, 1818, 1822, 1828, 1849, 1853, 1885, 1899, 1985]","[515, 1042]","[22, 148, 153, 226, 269, 290, 300, 317, 409, 413, 446, 467, 495, 509, 548, 589, 772, 782, 794, 823, 856, 861, 886, 888, 895, 932, 940, 954, 967, 1036, 1046, 1175, 1305, 1450, 1480, 1502, 1511, 1513, 1515, 1517, 1519, 1521, 1590, 1598, 1677, 1705, 1726, 1736, 1755, 1790, 1801, 1818, 1822, 1828, 1849, 1853, 1885, 1899, 1985]","[515, 1042]",2043,61,1982,2,59,1982,0
0.5,PIKEGLOBIN,"[21, 55, 148, 189, 221, 237, 271, 453, 474, 541, 553, 588, 604, 726, 767, 897, 941, 960, 1011, 1050, 1055, 1063, 1069, 1175, 1193, 1199, 1209, 1222, 1272, 1319, 1323, 1417, 1422, 1428, 1473, 1497, 1529, 1566, 1588, 1652, 1687]","[237, 588]","[21, 55, 148, 189, 221, 271, 453, 474, 541, 553, 604, 726, 767, 897, 941, 960, 1011, 1050, 1055, 1063, 1069, 1175, 1193, 1199, 1209, 1222, 1272, 1319, 1323, 1417, 1422, 1428, 1473, 1497, 1529, 1566, 1588, 1652, 1687]","[237, 588]",1701,41,1660,2,39,1660,0
0.5,PPGLTG,"[60, 111, 120, 227, 308, 341, 373, 527, 548, 572, 628, 662, 675, 715, 737, 747, 792, 867, 890, 903, 907, 911, 942, 950, 1061]","[373, 662]","[60, 111, 120, 227, 308, 341, 527, 548, 572, 628, 675, 715, 737, 747, 792, 867, 890, 903, 907, 911, 942, 950, 1061]","[373, 662]",1064,25,1039,2,23,1039,0
0.5,PPPROP2,"[63, 93, 95, 319, 446, 576, 661, 734]",[319],"[63, 93, 95, 446, 576, 661, 734]",[319],739,8,731,1,7,731,0
0.5,PPYPROP2,"[14, 16, 46, 48, 121, 245, 272, 530, 615, 687]",[272],"[14, 16, 46, 48, 121, 245, 530, 615, 687]",[272],688,10,678,1,9,678,0
0.5,PTAZGLO,"[30, 79, 83, 91, 175, 302, 360, 392, 406, 438, 441, 445, 451, 510, 516, 610, 665, 772, 804, 840, 878, 943, 965, 974, 993, 1062, 1081, 1086, 1120, 1157, 1203, 1259, 1270, 1422, 1485, 1549, 1603, 1609, 1636, 1648, 1652, 1656, 1665, 1672, 1679, 1693, 1707, 1721, 1735, 1749, 1753, 1791, 1805, 1819, 1824, 1833, 1860, 1889, 1917, 1947, 1976, 1991, 2022, 2036, 2049, 2064, 2106, 2120, 2148, 2162, 2176, 2190, 2204, 2230, 2244, 2253, 2314, 2331, 2338, 2381, 2499, 2519, 2574, 2598, 2766, 2788, 2813, 2963, 2966, 2975, 2987, 3056, 3065, 3077, 3091, 3111, 3124, 3169, 3214, 3360, 3383, 3399, 3515, 3544, 3574, 3577]","[1603, 3077]","[30, 79, 83, 91, 175, 302, 360, 392, 406, 438, 441, 445, 451, 510, 516, 610, 665, 772, 804, 840, 878, 943, 965, 974, 993, 1062, 1081, 1086, 1120, 1157, 1203, 1259, 1270, 1422, 1485, 1549, 1609, 1636, 1648, 1652, 1656, 1665, 1672, 1679, 1693, 1707, 1721, 1735, 1749, 1753, 1791, 1805, 1819, 1824, 1833, 1860, 1889, 1917, 1947, 1976, 1991, 2022, 2036, 2049, 2064, 2106, 2120, 2148, 2162, 2176, 2190, 2204, 2230, 2244, 2253, 2314, 2331, 2338, 2381, 2499, 2519, 2574, 2598, 2766, 2788, 2813, 2963, 2966, 2975, 2987, 3056, 3065, 3091, 3111, 3124, 3169, 3214, 3360, 3383, 3399, 3515, 3544, 3574, 3577]","[1603, 3077]",3609,106,3503,2,104,3503,0
0.5,PTGGGLOG,"[72, 152, 162, 200, 210, 243, 262, 410, 431, 498, 510, 545, 606, 641, 664, 671, 712, 821, 891, 942, 955, 1064, 1076, 1119, 1126, 1128, 1130, 1132, 1134, 1136, 1138, 1140, 1142, 1144, 1146, 1148, 1150, 1152, 1154, 1156, 1158, 1160, 1162, 1164, 1168, 1174, 1220, 1255, 1347, 1358, 1450, 1456, 1501, 1525, 1541, 1726, 1730, 1754, 1769, 1803]","[200, 545]","[72, 152, 162, 210, 243, 262, 410, 431, 498, 510, 606, 641, 664, 671, 712, 821, 891, 942, 955, 1064, 1076, 1119, 1126, 1128, 1130, 1132, 1134, 1136, 1138, 1140, 1142, 1144, 1146, 1148, 1150, 1152, 1154, 1156, 1158, 1160, 1162, 1164, 1168, 1174, 1220, 1255, 1347, 1358, 1450, 1456, 1501, 1525, 1541, 1726, 1730, 1754, 1769, 1803]","[200, 545]",1814,60,1754,2,58,1754,0
0.5,PTPPINS,"[92, 139, 206, 255, 351, 453, 482, 511, 540, 569, 627, 688, 728, 742, 799, 848, 933, 1028, 1049, 1054, 1073, 1134, 1140, 1256, 1312, 1328, 1348, 1410, 1519, 1524, 1572, 1594, 1617, 1652, 1750, 1762, 1778, 1843, 1927, 1957, 1985, 1994, 2010, 2025, 2027, 2031, 2073, 2079, 2095, 2192, 2201, 2223, 2274, 2292, 2370, 2375, 2379, 2425, 2459, 2469]",[1410],"[92, 139, 206, 255, 351, 453, 482, 511, 540, 569, 627, 688, 728, 742, 799, 848, 933, 1028, 1049, 1054, 1073, 1134, 1140, 1256, 1312, 1328, 1348, 1519, 1524, 1572, 1594, 1617, 1652, 1750, 1762, 1778, 1843, 1927, 1957, 1985, 1994, 2010, 2025, 2027, 2031, 2073, 2079, 2095, 2192, 2201, 2223, 2274, 2292, 2370, 2375, 2379, 2425, 2459, 2469]",[1410],2475,60,2415,1,59,2415,0
0.5,PTPROP2,"[74, 104, 106, 249, 330, 588, 673, 746]",[330],"[74, 104, 106, 249, 588, 673, 746]",[330],750,8,742,1,7,742,0
0.5,PVU11715,"[164, 199, 238, 240, 250, 288, 396, 498, 519, 586, 598, 633, 637, 654, 767, 808, 939, 1021, 1091, 1095, 1100, 1129, 1202, 1258, 1272, 1290, 1319, 1340, 1344, 1368, 1504, 1549, 1605, 1643, 1716]","[288, 633]","[164, 199, 238, 240, 250, 396, 498, 519, 586, 598, 637, 654, 767, 808, 939, 1021, 1091, 1095, 1100, 1129, 1202, 1258, 1272, 1290, 1319, 1340, 1344, 1368, 1504, 1549, 1605, 1643, 1716]","[288, 633]",1781,35,1746,2,33,1746,0
0.5,QULNFLW,"[5, 15, 97, 113, 145, 260, 309, 396, 434, 474, 567, 577, 648, 762, 766, 809, 828, 867, 961, 1000, 1199, 1205, 1222, 1338, 1357, 1413, 1435, 1464, 1491, 1504, 1548, 1630, 1637, 1667, 1797, 1804, 1860, 1946, 1975, 2035, 2082, 2088, 2169, 2227, 2298, 2301, 2364, 2405, 2417, 2425, 2435, 2451, 2461, 2517, 2544, 2703, 2709, 2752, 2835, 2893, 2897, 2972, 3006, 3068, 3095, 3116, 3290, 3329, 3383, 3422, 3475, 3479, 3493, 3511, 3525, 3541, 3561, 3662, 3720, 3794, 3798, 3857, 3900, 4029, 4078, 4139, 4170, 4175, 4360, 4375, 4443, 4448, 4457, 4587, 4618, 4656, 4670, 4715, 4746, 4755, 4817, 4843, 4947, 4973, 4978, 4987, 5052, 5097, 5124, 5192, 5240, 5333, 5368, 5399, 5413, 5467, 5500, 5612, 5691, 5751, 5849, 5873, 5894, 5921, 5972, 5978, 6211, 6264, 6295, 6324, 6351, 6375, 6402, 6476, 6504, 6633, 6672, 6680, 6685, 6689, 6768, 6802, 6808, 6833, 6856, 6890, 7045, 7140, 7198, 7237, 7255, 7285, 7355, 7385, 7389, 7413, 7466, 7474, 7540, 7595, 7640, 7664, 7677, 7865, 7899, 7905]","[3794, 4656, 5921]","[5, 15, 97, 113, 145, 260, 309, 396, 434, 474, 567, 577, 648, 762, 766, 809, 828, 867, 961, 1000, 1199, 1205, 1222, 1338, 1357, 1413, 1435, 1464, 1491, 1504, 1548, 1630, 1637, 1667, 1797, 1804, 1860, 1946, 1975, 2035, 2082, 2088, 2169, 2227, 2298, 2301, 2364, 2405, 2417, 2425, 2435, 2451, 2461, 2517, 2544, 2703, 2709, 2752, 2835, 2893, 2897, 2972, 3006, 3068, 3095, 3116, 3290, 3329, 3383, 3422, 3475, 3479, 3493, 3511, 3525, 3541, 3561, 3662, 3720, 3798, 3857, 3900, 4029, 4078, 4139, 4170, 4175, 4360, 4375, 4443, 4448, 4457, 4587, 4618, 4670, 4715, 4746, 4755, 4817, 4843, 4947, 4973, 4978, 4987, 5052, 5097, 5124, 5192, 5240, 5333, 5368, 5399, 5413, 5467, 5500, 5612, 5691, 5751, 5849, 5873, 5894, 5972, 5978, 6211, 6264, 6295, 6324, 6351, 6375, 6402, 6476, 6504, 6633, 6672, 6680, 6685, 6689, 6768, 6802, 6808, 6833, 6856, 6890, 7045, 7140, 7198, 7237, 7255, 7285, 7355, 7385, 7389, 7413, 7466, 7474, 7540, 7595, 7640, 7664, 7677, 7865, 7899, 7905]","[3794, 4656, 5921]",7925,166,7759,3,163,7759,0
0.5,QULTROPIA,"[19, 63, 67, 82, 240, 306, 310, 410, 437, 469, 542, 591, 669, 678, 689, 694, 717, 742, 748, 860, 929, 971, 1006, 1030, 1142, 1306, 1335, 1411, 1449, 1491, 1505, 1533, 1571, 1644, 1652, 1675, 1778, 1782, 1858, 1863, 1894, 1940, 1985, 1998, 2130, 2156, 2186, 2210, 2352, 2360, 2364, 2420, 2443, 2466, 2528, 2582, 2585, 2666, 2683, 2692, 2707, 2745, 2821, 2858, 2873, 2875, 2885, 2899, 3004, 3033, 3104, 3149, 3158, 3176, 3236, 3437, 3465, 3592, 3595, 3605, 3632, 3638, 3642, 3699, 3712, 3778, 3791, 3826, 3863, 3887, 4007, 4020, 4047, 4052, 4225, 4229, 4253, 4336, 4419, 4461, 4506, 4544, 4565, 4570, 4580, 4588, 4609, 4613, 4672, 4677, 4681, 4823, 4891, 4910, 4938, 4981, 4993, 5005]","[2186, 2360, 3004, 3437, 4047, 4336]","[19, 63, 67, 82, 240, 306, 310, 410, 437, 469, 542, 591, 669, 678, 689, 694, 717, 742, 748, 860, 929, 971, 1006, 1030, 1142, 1306, 1335, 1411, 1449, 1491, 1505, 1533, 1571, 1644, 1652, 1675, 1778, 1782, 1858, 1863, 1894, 1940, 1985, 1998, 2130, 2156, 2210, 2352, 2364, 2420, 2443, 2466, 2528, 2582, 2585, 2666, 2683, 2692, 2707, 2745, 2821, 2858, 2873, 2875, 2885, 2899, 3033, 3104, 3149, 3158, 3176, 3236, 3465, 3592, 3595, 3605, 3632, 3638, 3642, 3699, 3712, 3778, 3791, 3826, 3863, 3887, 4007, 4020, 4052, 4225, 4229, 4253, 4419, 4461, 4506, 4544, 4565, 4570, 4580, 4588, 4609, 4613, 4672, 4677, 4681, 4823, 4891, 4910, 4938, 4981, 4993, 5005]","[2186, 2360, 3004, 3437, 4047, 4336]",4956,118,4838,6,112,4838,0
0.5,RABCRP,"[40, 64, 144, 248, 288, 309, 317, 327, 366, 397, 402, 416, 507, 509, 513, 515, 517, 519, 521, 523, 525, 527, 529, 531, 533, 535, 537, 551, 579, 594, 683, 744, 781, 785, 790, 870, 874, 897, 972, 990, 1098, 1116, 1124, 1171, 1221, 1228, 1233, 1239, 1286]",[397],"[40, 64, 144, 248, 288, 309, 317, 327, 366, 402, 416, 507, 509, 513, 515, 517, 519, 521, 523, 525, 527, 529, 531, 533, 535, 537, 551, 579, 594, 683, 744, 781, 785, 790, 870, 874, 897, 972, 990, 1098, 1116, 1124, 1171, 1221, 1228, 1233, 1239, 1286]",[397],1430,49,1381,1,48,1381,0
0.5,RABDNP3AA,"[40, 116, 142, 277, 288, 317, 370, 596, 643, 654, 659, 684, 704, 742, 746, 816, 845, 906, 924, 970, 995, 1030, 1061, 1286, 1304, 1539, 1731, 1766, 1770, 1865, 1974, 2056, 2094, 2156, 2182, 2234, 2270, 2285, 2320, 2352, 2435, 2462, 2483, 2499, 2503, 2507, 2515, 2531, 2540, 2564, 2581, 2696, 2793, 2821, 2964, 2986]",[2156],"[40, 116, 142, 277, 288, 317, 370, 596, 643, 654, 659, 684, 704, 742, 746, 816, 845, 906, 924, 970, 995, 1030, 1061, 1286, 1304, 1539, 1731, 1766, 1770, 1865, 1974, 2056, 2094, 2182, 2234, 2270, 2285, 2320, 2352, 2435, 2462, 2483, 2499, 2503, 2507, 2515, 2531, 2540, 2564, 2581, 2696, 2793, 2821, 2964, 2986]",[2156],3082,56,3026,1,55,3026,0
0.5,RABSURFA,"[55, 195, 378, 398, 471, 503, 514, 525, 530, 591, 615, 636, 679, 698, 725, 743, 780, 795, 810, 855, 877, 928, 953, 967, 1038, 1060, 1175, 1192, 1246, 1253, 1255, 1259, 1312, 1336, 1346, 1431, 1470, 1539, 1601, 1606, 1612, 1642, 1659, 1823, 2072, 2162, 2209, 2213, 2290, 2320, 2336, 2356, 2383, 2385, 2409, 2418, 2453, 2503, 2556, 2569, 2575, 2656, 2693, 2725, 2828, 2842, 2855, 2926, 2947, 2978, 2993, 3039, 3100, 3112, 3132, 3199, 3231, 3239, 3281, 3290, 3365, 3423, 3433, 3443, 3447, 3451, 3455, 3505, 3550, 3555, 3577, 3651, 3704, 3801, 3805, 3917, 4006, 4033, 4040, 4080, 4166, 4172, 4177, 4188, 4192, 4271, 4283, 4307, 4322, 4361, 4370, 4391, 4411, 4416, 4511, 4520, 4531, 4577, 4584, 4586, 4636, 4661, 4691, 4713, 4769, 4834, 4857, 4868, 4912, 4959, 4965, 4987, 5088, 5117, 5215, 5394, 5440, 5562, 5594, 5598, 5622, 5638, 5694, 5704, 5778, 5795, 5815, 5833, 5843, 5882, 5899, 5994, 6219, 6243, 6292, 6330, 6359, 6482, 6529, 6534, 6623, 6640, 6659, 6680, 6793, 6817, 6939, 7031, 7041, 7066, 7072, 7144, 7146, 7172, 7194, 7268, 7279, 7284, 7293, 7301, 7307, 7344, 7400, 7419, 7445, 7450, 7458, 7460, 7468, 7474, 7539, 7626, 7677, 7760, 7804, 7849, 7880, 7977, 8018]","[4033, 4361, 5088]","[55, 195, 378, 398, 471, 503, 514, 525, 530, 591, 615, 636, 679, 698, 725, 743, 780, 795, 810, 855, 877, 928, 953, 967, 1038, 1060, 1175, 1192, 1246, 1253, 1255, 1259, 1312, 1336, 1346, 1431, 1470, 1539, 1601, 1606, 1612, 1642, 1659, 1823, 2072, 2162, 2209, 2213, 2290, 2320, 2336, 2356, 2383, 2385, 2409, 2418, 2453, 2503, 2556, 2569, 2575, 2656, 2693, 2725, 2828, 2842, 2855, 2926, 2947, 2978, 2993, 3039, 3100, 3112, 3132, 3199, 3231, 3239, 3281, 3290, 3365, 3423, 3433, 3443, 3447, 3451, 3455, 3505, 3550, 3555, 3577, 3651, 3704, 3801, 3805, 3917, 4006, 4040, 4080, 4166, 4172, 4177, 4188, 4192, 4271, 4283, 4307, 4322, 4370, 4391, 4411, 4416, 4511, 4520, 4531, 4577, 4584, 4586, 4636, 4661, 4691, 4713, 4769, 4834, 4857, 4868, 4912, 4959, 4965, 4987, 5117, 5215, 5394, 5440, 5562, 5594, 5598, 5622, 5638, 5694, 5704, 5778, 5795, 5815, 5833, 5843, 5882, 5899, 5994, 6219, 6243, 6292, 6330, 6359, 6482, 6529, 6534, 6623, 6640, 6659, 6680, 6793, 6817, 6939, 7031, 7041, 7066, 7072, 7144, 7146, 7172, 7194, 7268, 7279, 7284, 7293, 7301, 7307, 7344, 7400, 7419, 7445, 7450, 7458, 7460, 7468, 7474, 7539, 7626, 7677, 7760, 7804, 7849, 7880, 7977, 8018]","[4033, 4361, 5088]",8089,199,7890,3,196,7890,0
0.5,RABTNF,"[43, 59, 157, 166, 200, 218, 252, 261, 268, 349, 418, 472, 503, 559, 600, 678, 827, 851, 855, 859, 957, 1025, 1077, 1095, 1261, 1355, 1387, 1393, 1481, 1536, 1556, 1559, 1563, 1652, 1682, 1728, 1761, 1778, 1792, 1798, 1864, 1895, 1945, 1948, 1965, 1984, 1997, 2035, 2068, 2139, 2183, 2203, 2217, 2245, 2268, 2429, 2434, 2447, 2548, 2559, 2565, 2666, 2719, 2772, 2803, 2812, 2844, 2895, 2941, 2964, 3015, 3019, 3034, 3135, 3190]","[851, 1355, 1563]","[43, 59, 157, 166, 200, 218, 252, 261, 268, 349, 418, 472, 503, 559, 600, 678, 827, 855, 859, 957, 1025, 1077, 1095, 1261, 1387, 1393, 1481, 1536, 1556, 1559, 1652, 1682, 1728, 1761, 1778, 1792, 1798, 1864, 1895, 1945, 1948, 1965, 1984, 1997, 2035, 2068, 2139, 2183, 2203, 2217, 2245, 2268, 2429, 2434, 2447, 2548, 2559, 2565, 2666, 2719, 2772, 2803, 2812, 2844, 2895, 2941, 2964, 3015, 3019, 3034, 3135, 3190]","[851, 1355, 1563]",3192,75,3117,3,72,3117,0
0.5,RATCYC,"[28, 70, 116, 206, 250, 270, 362, 452, 456, 572, 631, 636, 644, 683, 758, 780, 833, 921, 1045, 1048, 1056, 1063, 1067, 1103, 1115, 1122, 1134, 1168, 1205, 1214, 1267, 1333, 1367, 1400, 1434, 1438, 1490, 1634, 1755, 1852, 1903, 1968, 1976, 1978, 1982, 2037, 2111, 2130, 2184, 2223, 2298, 2350, 2364, 2422]",[1333],"[28, 70, 116, 206, 250, 270, 362, 452, 456, 572, 631, 636, 644, 683, 758, 780, 833, 921, 1045, 1048, 1056, 1063, 1067, 1103, 1115, 1122, 1134, 1168, 1205, 1214, 1267, 1367, 1400, 1434, 1438, 1490, 1634, 1755, 1852, 1903, 1968, 1976, 1978, 1982, 2037, 2111, 2130, 2184, 2223, 2298, 2350, 2364, 2422]",[1333],2520,54,2466,1,53,2466,0
0.5,RATCYSS,"[81, 119, 133, 356, 366, 370, 439, 445, 518, 599, 628, 641, 671, 704, 724, 872, 956, 963, 974, 979, 985, 1006, 1119, 1136, 1151, 1174, 1205, 1211, 1217, 1221, 1268, 1348, 1415, 1427, 1630, 1652, 1663, 1668, 1686, 1820, 1880, 1927, 1950, 1964, 1971, 1985, 2112, 2500, 2530, 2545, 2644, 2667, 2675, 2691, 2849, 3015, 3191, 3397, 3474, 3621, 3684, 3693, 3804, 3851, 3865, 3889, 3912, 3915, 3942, 3979, 4026, 4063, 4083, 4097, 4108, 4152, 4154, 4156, 4158, 4160, 4162, 4164, 4166, 4168, 4176, 4178, 4180, 4182, 4184, 4186, 4188, 4196, 4200, 4214, 4277, 4283, 4287, 4330, 4385, 4394, 4528, 4587, 4597, 4656, 4682, 4684, 4690, 4705, 4714, 4759, 4794, 4811, 4829, 4869, 5112, 5321, 5353, 5391, 5453, 5458, 5488, 5509, 5524, 5539, 5550]","[1006, 4026]","[81, 119, 133, 356, 366, 370, 439, 445, 518, 599, 628, 641, 671, 704, 724, 872, 956, 963, 974, 979, 985, 1119, 1136, 1151, 1174, 1205, 1211, 1217, 1221, 1268, 1348, 1415, 1427, 1630, 1652, 1663, 1668, 1686, 1820, 1880, 1927, 1950, 1964, 1971, 1985, 2112, 2500, 2530, 2545, 2644, 2667, 2675, 2691, 2849, 3015, 3191, 3397, 3474, 3621, 3684, 3693, 3804, 3851, 3865, 3889, 3912, 3915, 3942, 3979, 4063, 4083, 4097, 4108, 4152, 4154, 4156, 4158, 4160, 4162, 4164, 4166, 4168, 4176, 4178, 4180, 4182, 4184, 4186, 4188, 4196, 4200, 4214, 4277, 4283, 4287, 4330, 4385, 4394, 4528, 4587, 4597, 4656, 4682, 4684, 4690, 4705, 4714, 4759, 4794, 4811, 4829, 4869, 5112, 5321, 5353, 5391, 5453, 5458, 5488, 5509, 5524, 5539, 5550]","[1006, 4026]",5555,125,5430,2,123,5430,0
0.5,RATDCCOVB,"[13, 98, 106, 120, 169, 211, 336, 406, 438, 448, 549, 764, 788, 830, 880, 936, 1077, 1125, 1234, 1251, 1303, 1396, 1493, 1498, 1545, 1559, 1599, 1625, 1683, 1713, 1730, 1734, 1943, 1951, 2003, 2018, 2126, 2175, 2188, 2231, 2267, 2271, 2283, 2292, 2296, 2317, 2321, 2331, 2341, 2416, 2471, 2478, 2625, 2649, 2675, 2740, 2790, 2864, 2975, 3095, 3113, 3126, 3242, 3294, 3407, 3409, 3413, 3451, 3453, 3455, 3459, 3489, 3498, 3503, 3533, 3558, 3699, 3716, 3739, 3747, 3782, 3867, 3871, 3923, 4075, 4084, 4242, 4313, 4349, 4487, 4529, 4603, 4650, 4701, 4709, 4728, 4730, 4757, 4815, 5082, 5096, 5129, 5133, 5175, 5213, 5232, 5283, 5318]","[2267, 2864, 3126]","[13, 98, 106, 120, 169, 211, 336, 406, 438, 448, 549, 764, 788, 830, 880, 936, 1077, 1125, 1234, 1251, 1303, 1396, 1493, 1498, 1545, 1559, 1599, 1625, 1683, 1713, 1730, 1734, 1943, 1951, 2003, 2018, 2126, 2175, 2188, 2231, 2271, 2283, 2292, 2296, 2317, 2321, 2331, 2341, 2416, 2471, 2478, 2625, 2649, 2675, 2740, 2790, 2975, 3095, 3113, 3242, 3294, 3407, 3409, 3413, 3451, 3453, 3455, 3459, 3489, 3498, 3503, 3533, 3558, 3699, 3716, 3739, 3747, 3782, 3867, 3871, 3923, 4075, 4084, 4242, 4313, 4349, 4487, 4529, 4603, 4650, 4701, 4709, 4728, 4730, 4757, 4815, 5082, 5096, 5129, 5133, 5175, 5213, 5232, 5283, 5318]","[2267, 2864, 3126]",5323,108,5215,3,105,5215,0
0.5,RATGRG,"[65, 68, 78, 83, 87, 122, 134, 142, 204, 248, 286, 331, 356, 362, 441, 446, 538, 658, 696, 719, 762, 804, 812, 824, 848, 911, 969, 1030, 1115, 1188, 1211, 1268, 1280, 1291, 1299, 1302, 1324, 1339, 1371, 1397, 1399, 1415, 1462, 1494, 1508, 1510, 1536, 1554, 1581, 1595, 1606, 1622, 1627, 1634, 1644, 1696, 1727, 1732, 1763, 1855, 1916, 1918, 1934, 1942, 1974, 1991, 1996, 2030, 2054, 2065, 2099, 2106, 2110, 2116, 2187, 2191, 2199, 2230, 2271, 2287, 2300, 2319, 2323, 2338, 2362, 2367, 2392, 2404, 2406, 2435, 2471, 2525, 2546, 2579, 2590, 2598, 2616, 2663, 2740, 2771, 2793, 2795, 2852, 2886, 2957, 2994, 3038, 3249, 3257, 3290, 3294, 3343, 3383, 3390, 3447, 3454, 3475, 3496, 3535, 3552, 3556, 3560, 3591, 3706, 3715, 3736, 3751, 3763, 3850]","[83, 286, 1291, 1494, 1696, 1942, 2187, 2319, 2616, 2994, 3290]","[65, 68, 78, 87, 122, 134, 142, 204, 248, 331, 356, 362, 441, 446, 538, 658, 696, 719, 762, 804, 812, 824, 848, 911, 969, 1030, 1115, 1188, 1211, 1268, 1280, 1299, 1302, 1324, 1339, 1371, 1397, 1399, 1415, 1462, 1508, 1510, 1536, 1554, 1581, 1595, 1606, 1622, 1627, 1634, 1644, 1727, 1732, 1763, 1855, 1916, 1918, 1934, 1974, 1991, 1996, 2030, 2054, 2065, 2099, 2106, 2110, 2116, 2191, 2199, 2230, 2271, 2287, 2300, 2323, 2338, 2362, 2367, 2392, 2404, 2406, 2435, 2471, 2525, 2546, 2579, 2590, 2598, 2663, 2740, 2771, 2793, 2795, 2852, 2886, 2957, 3038, 3249, 3257, 3294, 3343, 3383, 3390, 3447, 3454, 3475, 3496, 3535, 3552, 3556, 3560, 3591, 3706, 3715, 3736, 3751, 3763, 3850]","[83, 286, 1291, 1494, 1696, 1942, 2187, 2319, 2616, 2994, 3290]",3880,129,3751,11,118,3751,0
0.5,RATGROS,"[6, 75, 79, 107, 164, 236, 298, 304, 397, 401, 406, 496, 519, 543, 570, 589, 621, 631, 637, 724, 746, 750, 761, 774, 800, 951, 1136, 1150, 1178, 1196, 1219, 1250, 1293, 1349, 1390, 1394, 1431, 1482, 1523, 1587, 1777, 1811, 1820, 1912, 1914, 2001, 2072, 2131, 2141, 2143, 2159, 2260, 2381, 2429, 2435, 2484]","[1178, 1390, 1587]","[6, 75, 79, 107, 164, 236, 298, 304, 397, 401, 406, 496, 519, 543, 570, 589, 621, 631, 637, 724, 746, 750, 761, 774, 800, 951, 1136, 1150, 1196, 1219, 1250, 1293, 1349, 1394, 1431, 1482, 1523, 1777, 1811, 1820, 1912, 1914, 2001, 2072, 2131, 2141, 2143, 2159, 2260, 2381, 2429, 2435, 2484]","[1178, 1390, 1587]",2488,56,2432,3,53,2432,0
0.5,RATGSTY,"[16, 20, 102, 207, 216, 373, 423, 469, 493, 525, 543, 552, 654, 659, 663, 677, 718, 720, 722, 724, 728, 732, 734, 736, 738, 740, 742, 744, 746, 748, 750, 752, 754, 756, 758, 762, 814, 839, 853, 884, 996, 1137, 1142, 1300, 1302, 1310, 1314, 1326, 1328, 1495, 1499, 1515, 1526, 1529, 1558, 1616, 1626, 1647, 1709, 1860, 1862, 1866, 1883, 1918, 1933, 1937, 1941, 1946, 1959, 2027, 2060, 2086, 2129, 2134, 2201, 2211, 2230, 2246, 2340, 2416, 2428, 2494, 2499, 2514, 2519, 2583, 2606, 2622, 2796, 2798, 2830, 2890, 2896, 3003, 3022, 3049, 3101, 3164, 3180, 3191, 3194, 3201, 3225, 3327, 3376, 3432, 3534, 3541, 3576, 3690, 3741, 3797, 3804, 3819, 3825, 3854, 3958, 3966, 3979, 4000, 4028, 4062, 4099, 4106, 4115, 4123, 4127, 4168, 4199, 4224, 4269, 4281, 4327, 4342, 4360, 4371, 4468, 4588, 4600, 4646, 4682, 4691, 4756, 4772, 4777, 4804, 4836, 4914, 4975, 4983, 5009, 5028, 5032, 5045, 5060, 5117, 5119, 5128, 5205, 5214, 5376, 5505, 5521, 5554, 5742, 5770, 5796, 5813, 5877, 5926, 5960, 5995, 6002, 6156, 6195, 6227, 6232, 6279]","[659, 996, 1495, 1862, 2060, 3180, 3376]","[16, 20, 102, 207, 216, 373, 423, 469, 493, 525, 543, 552, 654, 663, 677, 718, 720, 722, 724, 728, 732, 734, 736, 738, 740, 742, 744, 746, 748, 750, 752, 754, 756, 758, 762, 814, 839, 853, 884, 1137, 1142, 1300, 1302, 1310, 1314, 1326, 1328, 1499, 1515, 1526, 1529, 1558, 1616, 1626, 1647, 1709, 1860, 1866, 1883, 1918, 1933, 1937, 1941, 1946, 1959, 2027, 2086, 2129, 2134, 2201, 2211, 2230, 2246, 2340, 2416, 2428, 2494, 2499, 2514, 2519, 2583, 2606, 2622, 2796, 2798, 2830, 2890, 2896, 3003, 3022, 3049, 3101, 3164, 3191, 3194, 3201, 3225, 3327, 3432, 3534, 3541, 3576, 3690, 3741, 3797, 3804, 3819, 3825, 3854, 3958, 3966, 3979, 4000, 4028, 4062, 4099, 4106, 4115, 4123, 4127, 4168, 4199, 4224, 4269, 4281, 4327, 4342, 4360, 4371, 4468, 4588, 4600, 4646, 4682, 4691, 4756, 4772, 4777, 4804, 4836, 4914, 4975, 4983, 5009, 5028, 5032, 5045, 5060, 5117, 5119, 5128, 5205, 5214, 5376, 5505, 5521, 5554, 5742, 5770, 5796, 5813, 5877, 5926, 5960, 5995, 6002, 6156, 6195, 6227, 6232, 6279]","[659, 996, 1495, 1862, 2060, 3180, 3376]",6286,178,6108,7,171,6108,0
0.5,RATIGFBA,"[53, 90, 210, 216, 288, 346, 361, 373, 412, 471, 526, 571, 586, 704, 757, 796, 823, 850, 854, 859, 883, 929, 964, 1002, 1035, 1097, 1152, 1236, 1238, 1242, 1381, 1400, 1402, 1406, 1445, 1448, 1450, 1455, 1528, 1703, 1731, 1782, 1788, 1792, 1803, 1823, 1833, 1838, 1948, 2034, 2060, 2074, 2082, 2157, 2186, 2203, 2240, 2253, 2319, 2385, 2396, 2418, 2504, 2617, 2645, 2841, 3002, 3006, 3030, 3092, 3105, 3159, 3207, 3214, 3255, 3262, 3303, 3312, 3331, 3379, 3424, 3443, 3450, 3465, 3469, 3489, 3496, 3515, 3578, 3613, 3619, 3674, 3800, 3814, 3819, 3828, 3873, 3900, 3924, 3977, 4000, 4006, 4036, 4088, 4127, 4144, 4199, 4356, 4362, 4366, 4459, 4512, 4535, 4546, 4560, 4578, 4620, 4650, 4658, 4667, 4718, 4824, 4858, 4897]","[526, 2034, 3002]","[53, 90, 210, 216, 288, 346, 361, 373, 412, 471, 571, 586, 704, 757, 796, 823, 850, 854, 859, 883, 929, 964, 1002, 1035, 1097, 1152, 1236, 1238, 1242, 1381, 1400, 1402, 1406, 1445, 1448, 1450, 1455, 1528, 1703, 1731, 1782, 1788, 1792, 1803, 1823, 1833, 1838, 1948, 2060, 2074, 2082, 2157, 2186, 2203, 2240, 2253, 2319, 2385, 2396, 2418, 2504, 2617, 2645, 2841, 3006, 3030, 3092, 3105, 3159, 3207, 3214, 3255, 3262, 3303, 3312, 3331, 3379, 3424, 3443, 3450, 3465, 3469, 3489, 3496, 3515, 3578, 3613, 3619, 3674, 3800, 3814, 3819, 3828, 3873, 3900, 3924, 3977, 4000, 4006, 4036, 4088, 4127, 4144, 4199, 4356, 4362, 4366, 4459, 4512, 4535, 4546, 4560, 4578, 4620, 4650, 4658, 4667, 4718, 4824, 4858, 4897]","[526, 2034, 3002]",4992,124,4868,3,121,4868,0
0.5,RATJE,"[190, 232, 236, 248, 256, 387, 417, 485, 536, 644, 682, 733, 1121, 1164, 1175, 1191, 1245, 1258, 1299, 1456, 1550, 1557, 1607, 1612, 1619, 1706, 1721, 1751, 1816, 1842, 1931, 1968, 1989, 2220, 2281, 2290, 2358, 2389, 2417, 2483, 2558, 2565, 2583, 2595, 2607, 2708, 2734, 2751, 2777, 2856, 2887, 2986, 3019, 3032]","[1191, 1989]","[190, 232, 236, 248, 256, 387, 417, 485, 536, 644, 682, 733, 1121, 1164, 1175, 1245, 1258, 1299, 1456, 1550, 1557, 1607, 1612, 1619, 1706, 1721, 1751, 1816, 1842, 1931, 1968, 2220, 2281, 2290, 2358, 2389, 2417, 2483, 2558, 2565, 2583, 2595, 2607, 2708, 2734, 2751, 2777, 2856, 2887, 2986, 3019, 3032]","[1191, 1989]",3097,54,3043,2,52,3043,0
0.5,RATKALA,"[20, 48, 137, 156, 210, 218, 225, 247, 275, 316, 349, 435, 476, 603, 618, 670, 772, 825, 847, 945, 992, 1001, 1027, 1062, 1085, 1134, 1275, 1296, 1553, 1615, 1666, 1763, 1797, 1866, 2089, 2147, 2200, 2378, 2404, 2439, 2454, 2485, 2559, 2657, 3063, 3167, 3253, 3282, 3286, 3343, 3391, 3488, 3524, 3567, 3650, 3655, 3667, 3672, 3674, 3753, 3770, 3775, 3783, 3806, 3808, 3850, 3977, 3999, 4001, 4003, 4005, 4007, 4009, 4019, 4021, 4023, 4027, 4031, 4043, 4047, 4051, 4061, 4065, 4067, 4199, 4256, 4388, 4394, 4424, 4458, 4476, 4504, 4506, 4594, 4598, 4652, 4669, 4709, 4729, 4734, 4821, 4826, 4856, 4915, 4984, 5012, 5020, 5070, 5094, 5100, 5319, 5334, 5376, 5381, 5433, 5465, 5496, 5567, 5610, 5689, 5693, 5721, 5807, 5818, 5842, 5928, 5930, 5941, 5962, 6007, 6014, 6026, 6060, 6082, 6132, 6206]","[1275, 3282, 4476, 4709]","[20, 48, 137, 156, 210, 218, 225, 247, 275, 316, 349, 435, 476, 603, 618, 670, 772, 825, 847, 945, 992, 1001, 1027, 1062, 1085, 1134, 1296, 1553, 1615, 1666, 1763, 1797, 1866, 2089, 2147, 2200, 2378, 2404, 2439, 2454, 2485, 2559, 2657, 3063, 3167, 3253, 3286, 3343, 3391, 3488, 3524, 3567, 3650, 3655, 3667, 3672, 3674, 3753, 3770, 3775, 3783, 3806, 3808, 3850, 3977, 3999, 4001, 4003, 4005, 4007, 4009, 4019, 4021, 4023, 4027, 4031, 4043, 4047, 4051, 4061, 4065, 4067, 4199, 4256, 4388, 4394, 4424, 4458, 4504, 4506, 4594, 4598, 4652, 4669, 4729, 4734, 4821, 4826, 4856, 4915, 4984, 5012, 5020, 5070, 5094, 5100, 5319, 5334, 5376, 5381, 5433, 5465, 5496, 5567, 5610, 5689, 5693, 5721, 5807, 5818, 5842, 5928, 5930, 5941, 5962, 6007, 6014, 6026, 6060, 6082, 6132, 6206]","[1275, 3282, 4476, 4709]",6249,136,6113,4,132,6113,0
0.5,RATLHB,"[16, 81, 140, 158, 179, 215, 217, 223, 225, 264, 448, 470, 503, 507, 591, 619, 621, 721, 763, 775, 784, 793, 817, 825, 837, 878, 889, 923, 934, 959, 1028, 1093, 1098, 1100, 1130, 1207, 1230, 1247, 1272, 1293, 1307, 1343, 1359, 1390, 1455, 1461, 1485, 1497, 1510, 1555, 1600, 1630, 1660, 1737]","[817, 1230]","[16, 81, 140, 158, 179, 215, 217, 223, 225, 264, 448, 470, 503, 507, 591, 619, 621, 721, 763, 775, 784, 793, 825, 837, 878, 889, 923, 934, 959, 1028, 1093, 1098, 1100, 1130, 1207, 1247, 1272, 1293, 1307, 1343, 1359, 1390, 1455, 1461, 1485, 1497, 1510, 1555, 1600, 1630, 1660, 1737]","[817, 1230]",1790,54,1736,2,52,1736,0
0.5,RATLITHOST,"[80, 99, 109, 162, 171, 199, 270, 280, 327, 360, 397, 518, 550, 612, 645, 736, 821, 992, 1009, 1023, 1063, 1071, 1136, 1205, 1250, 1303, 1317, 1319, 1321, 1337, 1348, 1357, 1359, 1367, 1369, 1371, 1373, 1375, 1377, 1379, 1381, 1383, 1385, 1387, 1389, 1391, 1393, 1395, 1397, 1399, 1401, 1403, 1405, 1482, 1538, 1600, 1738, 1881, 1946, 1971, 2013, 2082, 2268, 2315, 2464, 2496, 2500, 2525, 2593, 2847, 2945, 3059, 3095, 3117, 3130, 3142, 3247, 3260, 3268, 3273, 3292, 3319, 3403, 3471, 3475, 3479, 3489, 3512, 3596, 3736, 3799, 3855, 3902, 3906, 3942, 3959, 4022, 4038, 4095, 4125, 4150, 4207, 4211, 4229, 4238, 4251, 4296, 4302, 4341, 4373, 4424, 4455, 4484, 4562, 4599, 4636, 4652, 4696, 4701, 4715, 4738, 4827, 4832, 4863, 4962, 5038, 5058, 5147, 5216, 5228, 5242, 5281, 5317, 5325, 5335, 5343, 5397]","[2847, 3471, 3902, 4652]","[80, 99, 109, 162, 171, 199, 270, 280, 327, 360, 397, 518, 550, 612, 645, 736, 821, 992, 1009, 1023, 1063, 1071, 1136, 1205, 1250, 1303, 1317, 1319, 1321, 1337, 1348, 1357, 1359, 1367, 1369, 1371, 1373, 1375, 1377, 1379, 1381, 1383, 1385, 1387, 1389, 1391, 1393, 1395, 1397, 1399, 1401, 1403, 1405, 1482, 1538, 1600, 1738, 1881, 1946, 1971, 2013, 2082, 2268, 2315, 2464, 2496, 2500, 2525, 2593, 2945, 3059, 3095, 3117, 3130, 3142, 3247, 3260, 3268, 3273, 3292, 3319, 3403, 3475, 3479, 3489, 3512, 3596, 3736, 3799, 3855, 3906, 3942, 3959, 4022, 4038, 4095, 4125, 4150, 4207, 4211, 4229, 4238, 4251, 4296, 4302, 4341, 4373, 4424, 4455, 4484, 4562, 4599, 4636, 4696, 4701, 4715, 4738, 4827, 4832, 4863, 4962, 5038, 5058, 5147, 5216, 5228, 5242, 5281, 5317, 5325, 5335, 5343, 5397]","[2847, 3471, 3902, 4652]",5399,137,5262,4,133,5262,0
0.5,RATLYSOZYM,"[38, 49, 60, 299, 316, 342, 357, 363, 682, 764, 802, 827, 829, 913, 924, 926, 934, 936, 960, 1026, 1095, 1162, 1322, 1339, 1495, 1545, 1561, 1622, 1664, 1675, 1736, 1788, 1914, 1941, 2035, 2059, 2210, 2216, 2220, 2224, 2297, 2303, 2550, 2574, 2582, 2743, 2750, 2752, 2765, 2778, 2977, 2986, 3030, 3092, 3201, 3237, 3255, 3322, 3377, 3456, 3501, 3515, 3556, 3588, 3620, 3639, 3743, 3750, 3999, 4004, 4018, 4049, 4059, 4136, 4186, 4197, 4269, 4310, 4328, 4332, 4355, 4367, 4434, 4446, 4450, 4497, 4546, 4558, 4565, 4588, 4592, 4643, 4707, 4784, 4873, 4897, 4907, 5131, 5145, 5174, 5200, 5245, 5310, 5318, 5328, 5339, 5370, 5443, 5469, 5551, 5553, 5572, 5576, 5626, 5691, 5742, 5760, 5773, 5845, 5851, 5853, 5912, 5931, 5953, 6021, 6042, 6164, 6174, 6208, 6270, 6323, 6402, 6404, 6420, 6474, 6482, 6518, 6523, 6539, 6611, 6661, 6695, 6720]","[1561, 3255, 5174]","[38, 49, 60, 299, 316, 342, 357, 363, 682, 764, 802, 827, 829, 913, 924, 926, 934, 936, 960, 1026, 1095, 1162, 1322, 1339, 1495, 1545, 1622, 1664, 1675, 1736, 1788, 1914, 1941, 2035, 2059, 2210, 2216, 2220, 2224, 2297, 2303, 2550, 2574, 2582, 2743, 2750, 2752, 2765, 2778, 2977, 2986, 3030, 3092, 3201, 3237, 3322, 3377, 3456, 3501, 3515, 3556, 3588, 3620, 3639, 3743, 3750, 3999, 4004, 4018, 4049, 4059, 4136, 4186, 4197, 4269, 4310, 4328, 4332, 4355, 4367, 4434, 4446, 4450, 4497, 4546, 4558, 4565, 4588, 4592, 4643, 4707, 4784, 4873, 4897, 4907, 5131, 5145, 5200, 5245, 5310, 5318, 5328, 5339, 5370, 5443, 5469, 5551, 5553, 5572, 5576, 5626, 5691, 5742, 5760, 5773, 5845, 5851, 5853, 5912, 5931, 5953, 6021, 6042, 6164, 6174, 6208, 6270, 6323, 6402, 6404, 6420, 6474, 6482, 6518, 6523, 6539, 6611, 6661, 6695, 6720]","[1561, 3255, 5174]",6732,143,6589,3,140,6589,0
0.5,RATLYSZYM,"[6, 77, 113, 166, 195, 197, 216, 278, 306, 319, 323, 495, 508, 558, 574, 635, 677, 688, 749, 801, 927, 1007, 1038, 1044, 1049, 1082, 1099, 1108, 1135, 1240, 1256, 1268, 1296, 1310, 1346, 1353, 1364, 1378, 1392, 1400, 1443, 1488, 1502, 1616, 1667, 1671, 1681, 1683, 1685, 1687, 1689, 1691, 1693, 1695, 1697, 1699, 1701, 1703, 1705, 1707, 1709, 1711, 1713, 1715, 1761, 1825, 2073, 2090, 2101, 2282, 2395, 2397, 2558, 2606, 2660, 2676, 2718, 2748, 2836, 2912, 2937, 3031, 3119, 3206, 3256, 3260, 3278, 3358, 3437, 3451, 3484, 3505, 3689, 3703, 3746, 3798, 3822, 3830, 3840, 3898, 3908, 3924, 4061, 4086, 4131, 4149, 4236, 4262, 4272, 4290, 4357, 4413, 4492, 4537, 4551, 4592, 4624, 4656, 4675, 4780, 4787, 5036, 5041, 5055, 5074, 5105, 5115, 5192, 5242, 5253, 5325, 5366, 5384, 5388, 5411, 5423, 5490, 5502, 5506, 5553, 5602, 5614, 5621, 5644, 5648, 5699, 5763, 5840, 5929, 5953, 5963, 6187, 6201, 6230, 6256, 6301, 6366, 6374, 6384, 6395, 6426, 6499, 6525, 6607, 6609, 6628, 6632, 6682, 6746, 6797, 6815, 6828, 6900, 6906, 6908, 6967, 7008, 7076, 7097, 7219, 7229, 7263, 7325, 7378, 7459, 7461, 7531, 7539, 7575, 7580, 7596, 7668, 7718, 7752, 7777, 7905, 7913, 7917, 7926]","[574, 4290, 6230]","[6, 77, 113, 166, 195, 197, 216, 278, 306, 319, 323, 495, 508, 558, 635, 677, 688, 749, 801, 927, 1007, 1038, 1044, 1049, 1082, 1099, 1108, 1135, 1240, 1256, 1268, 1296, 1310, 1346, 1353, 1364, 1378, 1392, 1400, 1443, 1488, 1502, 1616, 1667, 1671, 1681, 1683, 1685, 1687, 1689, 1691, 1693, 1695, 1697, 1699, 1701, 1703, 1705, 1707, 1709, 1711, 1713, 1715, 1761, 1825, 2073, 2090, 2101, 2282, 2395, 2397, 2558, 2606, 2660, 2676, 2718, 2748, 2836, 2912, 2937, 3031, 3119, 3206, 3256, 3260, 3278, 3358, 3437, 3451, 3484, 3505, 3689, 3703, 3746, 3798, 3822, 3830, 3840, 3898, 3908, 3924, 4061, 4086, 4131, 4149, 4236, 4262, 4272, 4357, 4413, 4492, 4537, 4551, 4592, 4624, 4656, 4675, 4780, 4787, 5036, 5041, 5055, 5074, 5105, 5115, 5192, 5242, 5253, 5325, 5366, 5384, 5388, 5411, 5423, 5490, 5502, 5506, 5553, 5602, 5614, 5621, 5644, 5648, 5699, 5763, 5840, 5929, 5953, 5963, 6187, 6201, 6256, 6301, 6366, 6374, 6384, 6395, 6426, 6499, 6525, 6607, 6609, 6628, 6632, 6682, 6746, 6797, 6815, 6828, 6900, 6906, 6908, 6967, 7008, 7076, 7097, 7219, 7229, 7263, 7325, 7378, 7459, 7461, 7531, 7539, 7575, 7580, 7596, 7668, 7718, 7752, 7777, 7905, 7913, 7917, 7926]","[574, 4290, 6230]",7943,199,7744,3,196,7744,0
0.5,RATOSCAL,"[54, 79, 126, 139, 146, 177, 213, 261, 273, 319, 382, 475, 641, 725, 735, 763, 846, 852, 876, 888, 978, 1072, 1108, 1192, 1239, 1340, 1373, 1499, 1540, 1545, 1548, 1586, 1590, 1633, 1710, 1719, 1721, 1736, 1754, 1828, 1832, 1850, 2008, 2054, 2065, 2079, 2085, 2091]","[1192, 1373, 1586]","[54, 79, 126, 139, 146, 177, 213, 261, 273, 319, 382, 475, 641, 725, 735, 763, 846, 852, 876, 888, 978, 1072, 1108, 1239, 1340, 1499, 1540, 1545, 1548, 1590, 1633, 1710, 1719, 1721, 1736, 1754, 1828, 1832, 1850, 2008, 2054, 2065, 2079, 2085, 2091]","[1192, 1373, 1586]",2119,48,2071,3,45,2071,0
0.5,RATPAP,"[15, 42, 99, 131, 155, 267, 389, 419, 428, 442, 444, 482, 501, 541, 545, 624, 628, 633, 662, 754, 863, 921, 1001, 1015, 1048, 1076, 1154, 1308, 1342, 1456, 1531, 1548, 1641, 1648, 1661, 1715, 1737, 1795, 1806, 1810, 1856, 1960, 2282, 2295, 2338, 2427, 2514, 2544, 2604, 2778, 2803, 2832, 2983, 3023, 3048, 3090, 3103, 3179, 3197, 3212, 3305, 3372, 3423, 3432, 3446, 3486, 3570, 3715, 3725, 3738, 3768, 3863, 3939, 3987, 3993, 4006, 4077, 4105, 4150, 4152, 4188, 4240, 4245, 4276, 4354, 4449, 4544, 4629, 4685, 4704, 4844]","[1308, 1648, 2295, 2604, 3305]","[15, 42, 99, 131, 155, 267, 389, 419, 428, 442, 444, 482, 501, 541, 545, 624, 628, 633, 662, 754, 863, 921, 1001, 1015, 1048, 1076, 1154, 1342, 1456, 1531, 1548, 1641, 1661, 1715, 1737, 1795, 1806, 1810, 1856, 1960, 2282, 2338, 2427, 2514, 2544, 2778, 2803, 2832, 2983, 3023, 3048, 3090, 3103, 3179, 3197, 3212, 3372, 3423, 3432, 3446, 3486, 3570, 3715, 3725, 3738, 3768, 3863, 3939, 3987, 3993, 4006, 4077, 4105, 4150, 4152, 4188, 4240, 4245, 4276, 4354, 4449, 4544, 4629, 4685, 4704, 4844]","[1308, 1648, 2295, 2604, 3305]",4863,91,4772,5,86,4772,0
0.5,RATPAPIIB,"[25, 27, 115, 230, 290, 333, 344, 380, 394, 408, 444, 462, 474, 538, 540, 557, 572, 620, 660, 687, 912, 1041, 1088, 1110, 1129, 1379, 1386, 1412, 1445, 1449, 1459, 1466, 1574, 1597, 1624, 1722, 1726, 1785, 1873, 1916, 2043, 2125, 2194, 2235, 2291, 2298, 2332, 2383, 2454, 2463, 2486, 2532, 2542, 2550, 2599, 2601, 2622, 2693, 2701, 2705, 2745, 2751, 2780, 2863, 2898, 3021, 3041, 3140, 3144, 3154, 3179, 3189, 3228, 3231, 3236, 3261, 3387, 3413, 3425, 3473, 3545, 3573, 3577, 3587, 3611, 3729, 3813, 3817, 3834, 3841, 3860, 3922, 3930, 3974, 3999, 4014, 4025, 4077, 4107, 4206, 4297, 4306, 4327, 4356, 4373, 4443, 4449, 4461, 4476, 4567, 4663, 4674, 4688]","[2298, 3140, 3473, 4107]","[25, 27, 115, 230, 290, 333, 344, 380, 394, 408, 444, 462, 474, 538, 540, 557, 572, 620, 660, 687, 912, 1041, 1088, 1110, 1129, 1379, 1386, 1412, 1445, 1449, 1459, 1466, 1574, 1597, 1624, 1722, 1726, 1785, 1873, 1916, 2043, 2125, 2194, 2235, 2291, 2332, 2383, 2454, 2463, 2486, 2532, 2542, 2550, 2599, 2601, 2622, 2693, 2701, 2705, 2745, 2751, 2780, 2863, 2898, 3021, 3041, 3144, 3154, 3179, 3189, 3228, 3231, 3236, 3261, 3387, 3413, 3425, 3545, 3573, 3577, 3587, 3611, 3729, 3813, 3817, 3834, 3841, 3860, 3922, 3930, 3974, 3999, 4014, 4025, 4077, 4206, 4297, 4306, 4327, 4356, 4373, 4443, 4449, 4461, 4476, 4567, 4663, 4674, 4688]","[2298, 3140, 3473, 4107]",4717,113,4604,4,109,4604,0
0.5,RATPPP,"[35, 118, 128, 130, 132, 139, 149, 306, 310, 378, 487, 575, 615, 648, 661, 740, 821, 863, 903, 955, 1041, 1084, 1198, 1235, 1249, 1322, 1327, 1350, 1406, 1415, 1441, 1497, 1538, 1542, 1586, 1606, 1613, 1893, 1931, 1978, 1983, 1987, 2002, 2023, 2118, 2146, 2174, 2261, 2271, 2273, 2275, 2277, 2279, 2281, 2283, 2285, 2287, 2289, 2291, 2293, 2295, 2297, 2299, 2301, 2303, 2305, 2307, 2309, 2311, 2313, 2315, 2317, 2321, 2411, 2451, 2521, 2525, 2563, 2602, 2710, 2718, 2794, 2796, 2798, 2800, 2802, 2804, 2806, 2808, 2810, 2812, 2814, 2816, 2853, 2855, 2857, 2877, 2879, 2881, 2883, 2885, 2887, 2889, 2891, 2893, 2895, 2897, 2899, 2927, 2950, 2986, 2990, 3065, 3069, 3157, 3270, 3290, 3347, 3393, 3403, 3480, 3500, 3566, 3568, 3570, 3572, 3574, 3576, 3578, 3580, 3582, 3584, 3586, 3588, 3590, 3592, 3594, 3596, 3598, 3600, 3602, 3631, 3728, 3732, 3737, 3741, 3765, 3771, 3790, 3792, 3872, 3893, 3922, 3939, 3962, 3982, 3991, 4012, 4018, 4052, 4063, 4074, 4104, 4133, 4145, 4149, 4318, 4320, 4367, 4400, 4464, 4498, 4519]",[2261],"[35, 118, 128, 130, 132, 139, 149, 306, 310, 378, 487, 575, 615, 648, 661, 740, 821, 863, 903, 955, 1041, 1084, 1198, 1235, 1249, 1322, 1327, 1350, 1406, 1415, 1441, 1497, 1538, 1542, 1586, 1606, 1613, 1893, 1931, 1978, 1983, 1987, 2002, 2023, 2118, 2146, 2174, 2271, 2273, 2275, 2277, 2279, 2281, 2283, 2285, 2287, 2289, 2291, 2293, 2295, 2297, 2299, 2301, 2303, 2305, 2307, 2309, 2311, 2313, 2315, 2317, 2321, 2411, 2451, 2521, 2525, 2563, 2602, 2710, 2718, 2794, 2796, 2798, 2800, 2802, 2804, 2806, 2808, 2810, 2812, 2814, 2816, 2853, 2855, 2857, 2877, 2879, 2881, 2883, 2885, 2887, 2889, 2891, 2893, 2895, 2897, 2899, 2927, 2950, 2986, 2990, 3065, 3069, 3157, 3270, 3290, 3347, 3393, 3403, 3480, 3500, 3566, 3568, 3570, 3572, 3574, 3576, 3578, 3580, 3582, 3584, 3586, 3588, 3590, 3592, 3594, 3596, 3598, 3600, 3602, 3631, 3728, 3732, 3737, 3741, 3765, 3771, 3790, 3792, 3872, 3893, 3922, 3939, 3962, 3982, 3991, 4012, 4018, 4052, 4063, 4074, 4104, 4133, 4145, 4149, 4318, 4320, 4367, 4400, 4464, 4498, 4519]",[2261],4534,173,4361,1,172,4361,0
0.5,RATPTBZR02,"[118, 120, 122, 126, 182, 188, 224, 326, 340, 380, 388, 390, 392, 394, 396, 398, 412, 414, 416, 418, 420, 422, 424, 426, 428, 430, 432, 434, 436, 438, 440, 442, 444, 446, 448, 450, 452, 454, 456, 458, 495, 519, 537, 546, 559, 610, 644, 663, 669, 673, 677, 679, 727, 731, 775, 839, 871, 892, 898, 909, 913, 949, 954, 992, 1028, 1038, 1051, 1139, 1148, 1163, 1199, 1206, 1222, 1291, 1306, 1310, 1319, 1323, 1332, 1431, 1434, 1463, 1527, 1535, 1602, 1660, 1727, 1828, 1859, 1877, 1927, 1962, 2004, 2046, 2066, 2070, 2078, 2123, 2145, 2149, 2159, 2162, 2200, 2209, 2214, 2251, 2295, 2301, 2310, 2365, 2371, 2375, 2432, 2495, 2509, 2516, 2598, 2643, 2719, 2946, 2950, 2988, 3014, 3063, 3070, 3082, 3110, 3167, 3232, 3236, 3242, 3245, 3303, 3360, 3373, 3380]","[1306, 2066]","[118, 120, 122, 126, 182, 188, 224, 326, 340, 380, 388, 390, 392, 394, 396, 398, 412, 414, 416, 418, 420, 422, 424, 426, 428, 430, 432, 434, 436, 438, 440, 442, 444, 446, 448, 450, 452, 454, 456, 458, 495, 519, 537, 546, 559, 610, 644, 663, 669, 673, 677, 679, 727, 731, 775, 839, 871, 892, 898, 909, 913, 949, 954, 992, 1028, 1038, 1051, 1139, 1148, 1163, 1199, 1206, 1222, 1291, 1310, 1319, 1323, 1332, 1431, 1434, 1463, 1527, 1535, 1602, 1660, 1727, 1828, 1859, 1877, 1927, 1962, 2004, 2046, 2070, 2078, 2123, 2145, 2149, 2159, 2162, 2200, 2209, 2214, 2251, 2295, 2301, 2310, 2365, 2371, 2375, 2432, 2495, 2509, 2516, 2598, 2643, 2719, 2946, 2950, 2988, 3014, 3063, 3070, 3082, 3110, 3167, 3232, 3236, 3242, 3245, 3303, 3360, 3373, 3380]","[1306, 2066]",3426,136,3290,2,134,3290,0
0.5,RATRGPI,"[25, 34, 62, 133, 143, 190, 223, 261, 383, 415, 477, 510, 601, 686, 857, 874, 888, 928, 936, 1001, 1070, 1115, 1168, 1182, 1184, 1186, 1202, 1213, 1222, 1224, 1232, 1234, 1236, 1238, 1240, 1242, 1244, 1246, 1248, 1250, 1252, 1254, 1256, 1258, 1260, 1262, 1264, 1266, 1268, 1270, 1347, 1403, 1465, 1603, 1746, 1812, 1837, 1879, 1948, 2134, 2181, 2271, 2329, 2361, 2365, 2390, 2458, 2712, 2811, 2926, 2962, 2984, 2998, 3010, 3115, 3128, 3136, 3141, 3160, 3187, 3271, 3339, 3343, 3347, 3357, 3380, 3464, 3604, 3667, 3723, 3770, 3774, 3810, 3827, 3890, 3906, 3963, 3993, 4018, 4075, 4079, 4097, 4106, 4119, 4164, 4170, 4209, 4242, 4293, 4324, 4353, 4431, 4468, 4505, 4521, 4565, 4570, 4584, 4607, 4696, 4700, 4731, 4830, 4906, 4926, 5015, 5084, 5096, 5110, 5149, 5185, 5193, 5203, 5211]","[2712, 3339, 3770, 4521]","[25, 34, 62, 133, 143, 190, 223, 261, 383, 415, 477, 510, 601, 686, 857, 874, 888, 928, 936, 1001, 1070, 1115, 1168, 1182, 1184, 1186, 1202, 1213, 1222, 1224, 1232, 1234, 1236, 1238, 1240, 1242, 1244, 1246, 1248, 1250, 1252, 1254, 1256, 1258, 1260, 1262, 1264, 1266, 1268, 1270, 1347, 1403, 1465, 1603, 1746, 1812, 1837, 1879, 1948, 2134, 2181, 2271, 2329, 2361, 2365, 2390, 2458, 2811, 2926, 2962, 2984, 2998, 3010, 3115, 3128, 3136, 3141, 3160, 3187, 3271, 3343, 3347, 3357, 3380, 3464, 3604, 3667, 3723, 3774, 3810, 3827, 3890, 3906, 3963, 3993, 4018, 4075, 4079, 4097, 4106, 4119, 4164, 4170, 4209, 4242, 4293, 4324, 4353, 4431, 4468, 4505, 4565, 4570, 4584, 4607, 4696, 4700, 4731, 4830, 4906, 4926, 5015, 5084, 5096, 5110, 5149, 5185, 5193, 5203, 5211]","[2712, 3339, 3770, 4521]",5237,134,5103,4,130,5103,0
0.5,RATRPIII,"[221, 350, 397, 419, 438, 688, 695, 721, 754, 758, 768, 775, 883, 906, 933, 1031, 1035, 1094, 1183, 1226, 1320, 1353, 1435, 1504, 1545, 1601, 1608, 1642, 1693, 1764, 1773, 1796, 1839, 1843, 1853, 1861, 1934, 2009, 2017, 2021, 2061, 2067, 2096, 2179, 2337, 2357, 2456, 2460, 2470, 2495, 2505, 2544, 2547, 2552, 2577, 2704, 2730, 2742, 2790, 2862, 2890, 2894, 2905, 2929, 3047, 3131, 3135, 3152, 3156, 3160, 3179, 3241, 3249, 3293, 3318, 3333, 3344, 3396, 3426, 3526, 3617, 3627, 3648, 3677, 3694, 3764, 3770, 3782, 3797, 3888, 3984, 3995, 4044, 4132]","[1608, 2456, 2790, 3426]","[221, 350, 397, 419, 438, 688, 695, 721, 754, 758, 768, 775, 883, 906, 933, 1031, 1035, 1094, 1183, 1226, 1320, 1353, 1435, 1504, 1545, 1601, 1642, 1693, 1764, 1773, 1796, 1839, 1843, 1853, 1861, 1934, 2009, 2017, 2021, 2061, 2067, 2096, 2179, 2337, 2357, 2460, 2470, 2495, 2505, 2544, 2547, 2552, 2577, 2704, 2730, 2742, 2862, 2890, 2894, 2905, 2929, 3047, 3131, 3135, 3152, 3156, 3160, 3179, 3241, 3249, 3293, 3318, 3333, 3344, 3396, 3526, 3617, 3627, 3648, 3677, 3694, 3764, 3770, 3782, 3797, 3888, 3984, 3995, 4044, 4132]","[1608, 2456, 2790, 3426]",4133,94,4039,4,90,4039,0
0.5,RATSVSIV1,"[42, 67, 72, 244, 248, 300, 320, 380, 397, 418, 470, 659, 686, 704, 717, 721, 768, 814, 874, 892, 902, 926, 939]",[244],"[42, 67, 72, 248, 300, 320, 380, 397, 418, 470, 659, 686, 704, 717, 721, 768, 814, 874, 892, 902, 926, 939]",[244],972,23,949,1,22,949,0
0.5,RATTSHB,"[49, 83, 114, 208, 260, 265, 291, 301, 390, 435, 450, 514, 580, 622, 645, 661, 672, 758, 806, 825, 854, 867, 880, 929, 1100, 1155, 1173, 1190, 1198, 1224, 1288, 1296, 1301, 1330, 1382, 1389, 1397, 1482, 1560, 1568, 1570, 1585, 1651, 1661, 1718, 1728, 1732, 1758, 1762, 1802, 1858, 1904, 1924, 1931, 1948, 2124, 2142, 2177, 2183, 2290, 2337, 2362, 2399, 2483, 2530, 2711, 2744, 2766, 2841, 2874, 2899, 2921, 2965, 2997, 3036, 3157, 3169, 3202, 3319, 3373, 3462, 3676, 3710, 3726, 3975, 3977, 3999, 4009, 4018, 4046, 4050, 4058, 4093, 4256, 4299, 4317, 4359, 4364, 4375, 4404, 4411, 4417, 4451, 4533, 4546, 4583, 4634, 4636, 4640, 4781, 4800, 4804, 4833, 4901, 4912, 4933, 5009]",[4375],"[49, 83, 114, 208, 260, 265, 291, 301, 390, 435, 450, 514, 580, 622, 645, 661, 672, 758, 806, 825, 854, 867, 880, 929, 1100, 1155, 1173, 1190, 1198, 1224, 1288, 1296, 1301, 1330, 1382, 1389, 1397, 1482, 1560, 1568, 1570, 1585, 1651, 1661, 1718, 1728, 1732, 1758, 1762, 1802, 1858, 1904, 1924, 1931, 1948, 2124, 2142, 2177, 2183, 2290, 2337, 2362, 2399, 2483, 2530, 2711, 2744, 2766, 2841, 2874, 2899, 2921, 2965, 2997, 3036, 3157, 3169, 3202, 3319, 3373, 3462, 3676, 3710, 3726, 3975, 3977, 3999, 4009, 4018, 4046, 4050, 4058, 4093, 4256, 4299, 4317, 4359, 4364, 4404, 4411, 4417, 4451, 4533, 4546, 4583, 4634, 4636, 4640, 4781, 4800, 4804, 4833, 4901, 4912, 4933, 5009]",[4375],5159,117,5042,1,116,5042,0
0.5,RN0B2GLOB,"[9, 31, 62, 80, 84, 136, 265, 306, 316, 354, 366, 374, 396, 474, 500, 547, 558, 579, 646, 658, 693, 796, 800, 835, 906, 1134, 1197, 1266, 1318, 1384, 1427, 1450, 1453, 1469, 1485, 1552, 1702, 1758, 1766]","[354, 693]","[9, 31, 62, 80, 84, 136, 265, 306, 316, 366, 374, 396, 474, 500, 547, 558, 579, 646, 658, 796, 800, 835, 906, 1134, 1197, 1266, 1318, 1384, 1427, 1450, 1453, 1469, 1485, 1552, 1702, 1758, 1766]","[354, 693]",1789,39,1750,2,37,1750,0
0.5,RN2BGLOB,"[24, 110, 189, 205, 264, 343, 384, 394, 409, 413, 432, 436, 444, 456, 467, 483, 515, 537, 571, 618, 629, 650, 717, 729, 764, 870, 878, 982, 1217, 1259, 1349, 1401, 1467, 1533, 1536, 1552, 1568, 1634, 1710, 1760, 1769, 1832]","[432, 764]","[24, 110, 189, 205, 264, 343, 384, 394, 409, 413, 436, 444, 456, 467, 483, 515, 537, 571, 618, 629, 650, 717, 729, 870, 878, 982, 1217, 1259, 1349, 1401, 1467, 1533, 1536, 1552, 1568, 1634, 1710, 1760, 1769, 1832]","[432, 764]",1876,42,1834,2,40,1834,0
0.5,RN3B2GLOB,"[33, 63, 74, 84, 99, 122, 126, 134, 142, 164, 180, 233, 267, 314, 325, 346, 413, 425, 460, 567, 679, 705, 712, 760, 835, 867, 1117, 1183, 1186, 1202, 1218, 1284, 1360, 1421]","[122, 460]","[33, 63, 74, 84, 99, 126, 134, 142, 164, 180, 233, 267, 314, 325, 346, 413, 425, 567, 679, 705, 712, 760, 835, 867, 1117, 1183, 1186, 1202, 1218, 1284, 1360, 1421]","[122, 460]",1436,34,1402,2,32,1402,0
0.5,RN3B3GLOB,"[54, 75, 107, 125, 129, 205, 314, 344, 355, 365, 380, 403, 407, 415, 423, 445, 461, 512, 546, 593, 604, 625, 692, 704, 739, 848, 960, 994, 1039, 1146, 1156, 1396, 1462, 1465, 1481, 1497, 1537, 1549, 1569, 1642, 1680, 1726]","[403, 739]","[54, 75, 107, 125, 129, 205, 314, 344, 355, 365, 380, 407, 415, 423, 445, 461, 512, 546, 593, 604, 625, 692, 704, 848, 960, 994, 1039, 1146, 1156, 1396, 1462, 1465, 1481, 1497, 1537, 1549, 1569, 1642, 1680, 1726]","[403, 739]",1738,42,1696,2,40,1696,0
0.5,RN3BGLOB,"[90, 199, 229, 240, 250, 265, 288, 292, 300, 308, 330, 346, 399, 433, 480, 491, 512, 579, 591, 626, 730, 840, 866, 873, 996, 1028, 1278, 1344, 1347, 1363, 1379, 1446, 1522]","[288, 626]","[90, 199, 229, 240, 250, 265, 292, 300, 308, 330, 346, 399, 433, 480, 491, 512, 579, 591, 730, 840, 866, 873, 996, 1028, 1278, 1344, 1347, 1363, 1379, 1446, 1522]","[288, 626]",1526,33,1493,2,31,1493,0
0.5,RNAC01,"[95, 113, 127, 131, 261, 309, 321, 374, 399, 407, 417, 467, 497, 509, 513, 528, 561, 563, 582, 630, 638, 734, 758, 788, 844, 848, 878, 953, 998, 1010, 1049, 1085, 1168, 1207, 1291, 1346, 1367, 1426, 1455, 1457, 1463, 1467, 1473, 1490, 1534, 1556, 1614, 1637, 1677, 1694, 1698, 1707, 1899, 1904, 1908, 1910, 1914, 1930, 1932, 1953, 1971, 1992, 2140, 2190, 2220, 2234, 2248, 2281, 2419, 2423, 2528, 2533, 2556, 2597, 2631, 2655, 2685, 2734, 2736, 2751, 2774, 2784, 2797, 2867, 2893, 2898, 2903, 3014, 3021, 3031, 3089, 3335, 3350, 3354, 3405, 3448, 3556, 3575, 3650, 3697, 3733, 3757, 3767, 3787, 3806, 3832, 3834, 3850, 3868, 3889, 3914, 3948, 3984, 4000]","[1367, 1694, 2597, 2867]","[95, 113, 127, 131, 261, 309, 321, 374, 399, 407, 417, 467, 497, 509, 513, 528, 561, 563, 582, 630, 638, 734, 758, 788, 844, 848, 878, 953, 998, 1010, 1049, 1085, 1168, 1207, 1291, 1346, 1426, 1455, 1457, 1463, 1467, 1473, 1490, 1534, 1556, 1614, 1637, 1677, 1698, 1707, 1899, 1904, 1908, 1910, 1914, 1930, 1932, 1953, 1971, 1992, 2140, 2190, 2220, 2234, 2248, 2281, 2419, 2423, 2528, 2533, 2556, 2631, 2655, 2685, 2734, 2736, 2751, 2774, 2784, 2797, 2893, 2898, 2903, 3014, 3021, 3031, 3089, 3335, 3350, 3354, 3405, 3448, 3556, 3575, 3650, 3697, 3733, 3757, 3767, 3787, 3806, 3832, 3834, 3850, 3868, 3889, 3914, 3948, 3984, 4000]","[1367, 1694, 2597, 2867]",4083,114,3969,4,110,3969,0
0.5,RNAC02,"[33, 37, 141, 189, 200, 238, 251, 256, 262, 271, 315, 388, 480, 524, 624, 636, 753, 787, 817, 907, 943, 969, 976, 1135, 1137, 1152, 1241, 1243, 1269, 1273, 1293, 1347, 1351, 1368, 1409, 1439, 1463, 1471, 1475, 1481, 1498, 1526, 1542, 1622, 1723, 1734, 1753, 1787, 1820, 2000, 2014, 2072, 2128, 2138, 2142, 2165, 2180, 2243, 2251, 2365, 2429, 2448, 2487, 2508, 2561, 2610, 2637, 2655, 2673, 2681, 2743, 2759, 2842, 2849, 2917, 2972, 2978, 3032, 3094]","[1368, 1787, 2138, 2429, 2743]","[33, 37, 141, 189, 200, 238, 251, 256, 262, 271, 315, 388, 480, 524, 624, 636, 753, 787, 817, 907, 943, 969, 976, 1135, 1137, 1152, 1241, 1243, 1269, 1273, 1293, 1347, 1351, 1409, 1439, 1463, 1471, 1475, 1481, 1498, 1526, 1542, 1622, 1723, 1734, 1753, 1820, 2000, 2014, 2072, 2128, 2142, 2165, 2180, 2243, 2251, 2365, 2448, 2487, 2508, 2561, 2610, 2637, 2655, 2673, 2681, 2759, 2842, 2849, 2917, 2972, 2978, 3032, 3094]","[1368, 1787, 2138, 2429, 2743]",3192,79,3113,5,74,3113,0
0.5,RNANTANT,"[62, 72, 88, 102, 236, 476, 675, 681, 734, 787, 791, 936, 948, 954, 996, 1017, 1295, 1339, 1344, 1358, 1393, 1456, 1488, 1524, 1678, 1699, 1706, 1710, 1724, 1731, 1742, 1808, 1948, 1960, 2025, 2110, 2181, 2221, 2465, 2578, 2666, 2801, 2814, 2839, 2882, 2896, 2904, 2946, 2969, 3008, 3023, 3097, 3119, 3137, 3205, 3263, 3301, 3319, 3328, 3403, 3420, 3449, 3550, 3574, 3609, 3646, 3658, 3662, 3689, 3777, 3799, 3801, 3822, 3850, 3883, 3902, 3904, 3993, 4075, 4083, 4117, 4139, 4171, 4213, 4324, 4371, 4395, 4479, 4481, 4532, 4565, 4710, 4724, 4743, 4757, 4762, 4786, 4935, 5043, 5068]","[1524, 3263, 3883]","[62, 72, 88, 102, 236, 476, 675, 681, 734, 787, 791, 936, 948, 954, 996, 1017, 1295, 1339, 1344, 1358, 1393, 1456, 1488, 1678, 1699, 1706, 1710, 1724, 1731, 1742, 1808, 1948, 1960, 2025, 2110, 2181, 2221, 2465, 2578, 2666, 2801, 2814, 2839, 2882, 2896, 2904, 2946, 2969, 3008, 3023, 3097, 3119, 3137, 3205, 3301, 3319, 3328, 3403, 3420, 3449, 3550, 3574, 3609, 3646, 3658, 3662, 3689, 3777, 3799, 3801, 3822, 3850, 3902, 3904, 3993, 4075, 4083, 4117, 4139, 4171, 4213, 4324, 4371, 4395, 4479, 4481, 4532, 4565, 4710, 4724, 4743, 4757, 4762, 4786, 4935, 5043, 5068]","[1524, 3263, 3883]",5117,100,5017,3,97,5017,0
0.5,RNAPOEG,"[142, 184, 228, 295, 324, 334, 398, 459, 499, 506, 591, 615, 620, 639, 679, 684, 688, 716, 872, 948, 960, 1050, 1077, 1115, 1152, 1167, 1261, 1273, 1293, 1327, 1333, 1440, 1446, 1490, 1538, 1571, 1575, 1604, 1669, 1746, 1812, 1890, 1911, 1955, 1991, 2056, 2058, 2060, 2069, 2258, 2356, 2383, 2461, 2523, 2536, 2574, 2653, 2690, 2692, 2705, 2725, 2738, 2801, 2830, 2863, 2867, 2884, 2961, 2994, 3058, 3123, 3157, 3203, 3207]","[1293, 1955]","[142, 184, 228, 295, 324, 334, 398, 459, 499, 506, 591, 615, 620, 639, 679, 684, 688, 716, 872, 948, 960, 1050, 1077, 1115, 1152, 1167, 1261, 1273, 1327, 1333, 1440, 1446, 1490, 1538, 1571, 1575, 1604, 1669, 1746, 1812, 1890, 1911, 1991, 2056, 2058, 2060, 2069, 2258, 2356, 2383, 2461, 2523, 2536, 2574, 2653, 2690, 2692, 2705, 2725, 2738, 2801, 2830, 2863, 2867, 2884, 2961, 2994, 3058, 3123, 3157, 3203, 3207]","[1293, 1955]",3229,74,3155,2,72,3155,0
0.5,RNCALBD9,"[19, 24, 115, 141, 154, 161, 201, 306, 373, 387, 391, 400, 469, 507, 533, 553, 582, 596, 600, 698, 828, 833, 868, 984, 988, 1041, 1293, 1330, 1338, 1355, 1399, 1471, 1532, 1550, 1615, 1621, 1729, 1739, 1745, 1779, 1781, 1793, 1797, 1817, 1831, 1882, 1897, 1918, 1976, 1985, 2077, 2156, 2184, 2187, 2195, 2219, 2285, 2291, 2317, 2499, 2535, 2563, 2711, 2736, 2742, 2779, 2795, 2931, 3177, 3192, 3254, 3401, 3462, 3467, 3508, 3557, 3650, 3710, 3770, 3841, 3855, 3946, 3969, 3982, 4057, 4062, 4136, 4174, 4180, 4196, 4233, 4237, 4270, 4272, 4310, 4353, 4358, 4389, 4412, 4418, 4461, 4481, 4489, 4548, 4587, 4598, 4711, 4761, 4766, 4812, 4869]",[2736],"[19, 24, 115, 141, 154, 161, 201, 306, 373, 387, 391, 400, 469, 507, 533, 553, 582, 596, 600, 698, 828, 833, 868, 984, 988, 1041, 1293, 1330, 1338, 1355, 1399, 1471, 1532, 1550, 1615, 1621, 1729, 1739, 1745, 1779, 1781, 1793, 1797, 1817, 1831, 1882, 1897, 1918, 1976, 1985, 2077, 2156, 2184, 2187, 2195, 2219, 2285, 2291, 2317, 2499, 2535, 2563, 2711, 2742, 2779, 2795, 2931, 3177, 3192, 3254, 3401, 3462, 3467, 3508, 3557, 3650, 3710, 3770, 3841, 3855, 3946, 3969, 3982, 4057, 4062, 4136, 4174, 4180, 4196, 4233, 4237, 4270, 4272, 4310, 4353, 4358, 4389, 4412, 4418, 4461, 4481, 4489, 4548, 4587, 4598, 4711, 4761, 4766, 4812, 4869]",[2736],4883,111,4772,1,110,4772,0
0.5,RNGAMT,"[54, 90, 110, 144, 294, 305, 395, 465, 486, 497, 618, 799, 808, 816, 866, 907, 919, 937, 1028, 1182, 1270, 1424, 1454, 1478, 1503, 1531, 1552, 1564, 1717, 1853, 1945, 1959, 1975, 2048, 2112, 2122, 2173, 2214, 2315, 2394, 2402, 2427, 2453, 2462, 2468, 2543, 2604, 2653, 2660, 2752, 2756, 2807, 2924, 2926, 3012, 3045, 3141, 3159, 3173, 3205, 3213, 3276, 3319, 3349, 3361, 3462, 3477, 3573, 3628, 3652, 3760, 3797, 3802, 3811, 3923, 3975, 4003, 4022, 4062, 4100, 4141, 4149, 4270, 4288, 4357, 4364, 4390, 4433, 4441, 4453, 4581, 4611, 4613, 4635, 4662, 4689, 4693, 4704, 4715, 4782, 4824, 4870, 4876]","[2173, 3141, 3319, 3760, 4003]","[54, 90, 110, 144, 294, 305, 395, 465, 486, 497, 618, 799, 808, 816, 866, 907, 919, 937, 1028, 1182, 1270, 1424, 1454, 1478, 1503, 1531, 1552, 1564, 1717, 1853, 1945, 1959, 1975, 2048, 2112, 2122, 2214, 2315, 2394, 2402, 2427, 2453, 2462, 2468, 2543, 2604, 2653, 2660, 2752, 2756, 2807, 2924, 2926, 3012, 3045, 3159, 3173, 3205, 3213, 3276, 3349, 3361, 3462, 3477, 3573, 3628, 3652, 3797, 3802, 3811, 3923, 3975, 4022, 4062, 4100, 4141, 4149, 4270, 4288, 4357, 4364, 4390, 4433, 4441, 4453, 4581, 4611, 4613, 4635, 4662, 4689, 4693, 4704, 4715, 4782, 4824, 4870, 4876]","[2173, 3141, 3319, 3760, 4003]",4956,103,4853,5,98,4853,0
0.5,RNGMTG,"[12, 50, 92, 180, 203, 220, 250, 306, 396, 414, 440, 455, 505, 595, 620, 727, 741, 778, 806, 873, 950, 971, 975, 1011, 1016, 1062, 1072, 1162, 1226, 1232, 1267, 1406, 1434, 1438, 1470, 1479, 1490, 1495, 1512, 1538, 1561, 1563, 1574, 1597, 1607, 1646, 1656, 1682, 1749, 1771, 1804, 1818, 1839, 1841, 1874, 1973, 1975, 1997, 2016, 2031, 2049, 2067, 2117, 2135, 2161, 2244, 2293, 2335, 2389, 2433, 2443, 2508, 2528, 2562, 2658, 2921, 2987, 2991, 3140, 3165, 3244, 3249, 3328, 3357, 3403, 3415, 3428, 3444, 3452, 3481, 3524, 3534, 3555, 3601, 3655, 3669, 3749, 3755, 3767, 3845, 3918, 3926, 3989, 4048, 4063, 4069, 4084, 4120, 4158, 4254, 4270, 4298, 4342, 4371, 4380, 4401, 4419, 4425, 4432, 4463, 4487, 4490, 4493, 4548, 4597, 4624, 4644, 4700, 4776, 4829, 4851, 4945, 5067, 5094, 5101, 5122, 5183, 5252, 5262, 5306, 5332, 5347, 5368]","[1682, 3249, 3918, 4254, 4463]","[12, 50, 92, 180, 203, 220, 250, 306, 396, 414, 440, 455, 505, 595, 620, 727, 741, 778, 806, 873, 950, 971, 975, 1011, 1016, 1062, 1072, 1162, 1226, 1232, 1267, 1406, 1434, 1438, 1470, 1479, 1490, 1495, 1512, 1538, 1561, 1563, 1574, 1597, 1607, 1646, 1656, 1749, 1771, 1804, 1818, 1839, 1841, 1874, 1973, 1975, 1997, 2016, 2031, 2049, 2067, 2117, 2135, 2161, 2244, 2293, 2335, 2389, 2433, 2443, 2508, 2528, 2562, 2658, 2921, 2987, 2991, 3140, 3165, 3244, 3328, 3357, 3403, 3415, 3428, 3444, 3452, 3481, 3524, 3534, 3555, 3601, 3655, 3669, 3749, 3755, 3767, 3845, 3926, 3989, 4048, 4063, 4069, 4084, 4120, 4158, 4270, 4298, 4342, 4371, 4380, 4401, 4419, 4425, 4432, 4487, 4490, 4493, 4548, 4597, 4624, 4644, 4700, 4776, 4829, 4851, 4945, 5067, 5094, 5101, 5122, 5183, 5252, 5262, 5306, 5332, 5347, 5368]","[1682, 3249, 3918, 4254, 4463]",5391,143,5248,5,138,5248,0
0.5,RNGROW3,"[75, 89, 102, 173, 208, 216, 230, 247, 260, 262, 299, 325, 365, 370, 434, 471, 495, 500, 543, 569, 719, 746, 813, 817, 829, 836, 922, 959, 1053, 1070, 1096, 1119, 1189, 1218, 1248, 1265, 1314, 1384, 1418, 1484, 1516, 1539, 1652, 1656, 1675, 1751, 1775, 1865, 1908, 1973, 2066, 2208, 2342, 2397, 2429]","[471, 817, 1652, 1973]","[75, 89, 102, 173, 208, 216, 230, 247, 260, 262, 299, 325, 365, 370, 434, 495, 500, 543, 569, 719, 746, 813, 829, 836, 922, 959, 1053, 1070, 1096, 1119, 1189, 1218, 1248, 1265, 1314, 1384, 1418, 1484, 1516, 1539, 1656, 1675, 1751, 1775, 1865, 1908, 2066, 2208, 2342, 2397, 2429]","[471, 817, 1652, 1973]",2549,55,2494,4,51,2494,0
0.5,RNHSC73,"[8, 19, 21, 75, 86, 93, 127, 208, 230, 233, 390, 402, 421, 458, 498, 522, 533, 538, 546, 550, 570, 630, 794, 810, 829, 837, 896, 954, 965, 975, 982, 1088, 1090, 1114, 1139, 1213, 1244, 1255, 1280, 1294, 1313, 1349, 1379, 1447, 1470, 1516, 1528, 1581, 1584, 1713, 1727, 1779, 1853, 1922, 1982, 2003, 2007, 2062, 2080, 2102, 2258, 2275, 2297, 2339, 2393, 2446, 2506, 2612, 2618, 2664, 2676, 2777, 2930, 3020, 3034, 3089, 3130, 3249, 3251, 3259, 3331, 3351, 3448, 3452, 3456, 3542, 3582, 3616, 3729, 3766, 3795, 3871, 3904, 3930, 3935, 3942, 4070, 4096, 4104, 4110, 4134, 4146, 4167, 4170, 4199, 4214, 4221, 4253]","[1244, 1713, 1982, 2618, 3034, 3448, 3766]","[8, 19, 21, 75, 86, 93, 127, 208, 230, 233, 390, 402, 421, 458, 498, 522, 533, 538, 546, 550, 570, 630, 794, 810, 829, 837, 896, 954, 965, 975, 982, 1088, 1090, 1114, 1139, 1213, 1255, 1280, 1294, 1313, 1349, 1379, 1447, 1470, 1516, 1528, 1581, 1584, 1727, 1779, 1853, 1922, 2003, 2007, 2062, 2080, 2102, 2258, 2275, 2297, 2339, 2393, 2446, 2506, 2612, 2664, 2676, 2777, 2930, 3020, 3089, 3130, 3249, 3251, 3259, 3331, 3351, 3452, 3456, 3542, 3582, 3616, 3729, 3795, 3871, 3904, 3930, 3935, 3942, 4070, 4096, 4104, 4110, 4134, 4146, 4167, 4170, 4199, 4214, 4221, 4253]","[1244, 1713, 1982, 2618, 3034, 3448, 3766]",4312,108,4204,7,101,4204,0
0.5,RNLALB01,"[39, 255, 285, 293, 317, 347, 351, 383, 409, 420, 426, 460, 488, 714, 784, 816, 821, 877, 891, 971, 1081, 1101, 1110, 1237, 1242, 1246, 1264, 1312, 1354, 1359, 1414, 1663, 1825, 1845, 1858, 1866, 1882, 1896, 1908, 1914, 1918, 1943, 1991, 1996, 1998, 2014, 2021, 2032, 2080, 2096, 2120, 2131, 2133, 2160, 2273, 2303, 2375, 2419, 2517, 2553, 2645, 2737, 2744, 2748, 2803, 2809, 2897, 2899, 2901, 2903, 2905, 2907, 2909, 2911, 2913, 2915, 2917, 2919, 2921, 2923, 2925, 2927, 2929, 2931, 2933, 2935, 2937, 2939, 2941, 2974, 3122, 3167, 3263, 3265, 3267, 3269, 3271, 3273, 3275, 3277, 3279, 3281, 3283, 3285, 3287, 3295, 3297, 3301, 3305, 3337, 3427, 3453, 3482, 3573, 3649, 3706, 3771, 3800]","[1414, 1914, 2419]","[39, 255, 285, 293, 317, 347, 351, 383, 409, 420, 426, 460, 488, 714, 784, 816, 821, 877, 891, 971, 1081, 1101, 1110, 1237, 1242, 1246, 1264, 1312, 1354, 1359, 1663, 1825, 1845, 1858, 1866, 1882, 1896, 1908, 1918, 1943, 1991, 1996, 1998, 2014, 2021, 2032, 2080, 2096, 2120, 2131, 2133, 2160, 2273, 2303, 2375, 2517, 2553, 2645, 2737, 2744, 2748, 2803, 2809, 2897, 2899, 2901, 2903, 2905, 2907, 2909, 2911, 2913, 2915, 2917, 2919, 2921, 2923, 2925, 2927, 2929, 2931, 2933, 2935, 2937, 2939, 2941, 2974, 3122, 3167, 3263, 3265, 3267, 3269, 3271, 3273, 3275, 3277, 3279, 3281, 3283, 3285, 3287, 3295, 3297, 3301, 3305, 3337, 3427, 3453, 3482, 3573, 3649, 3706, 3771, 3800]","[1414, 1914, 2419]",3812,118,3694,3,115,3694,0
0.5,RNLPKG,"[33, 54, 67, 102, 112, 146, 239, 246, 294, 326, 372, 608, 617, 622, 624, 664, 711, 723, 734, 760, 764, 865, 996, 1015, 1022, 1137, 1174, 1270, 1339, 1447, 1599, 1601, 1603, 1605, 1607, 1609, 1611, 1613, 1615, 1617, 1619, 1621, 1623, 1625, 1627, 1629, 1631, 1633, 1635, 1637, 1639, 1641, 1686, 1729, 1771, 1900, 1911, 1926, 1934, 2016, 2034, 2062, 2073, 2085, 2131, 2148, 2161, 2169, 2183, 2200, 2222, 2230, 2281, 2333, 2376, 2473, 2521, 2617, 2640, 2685, 2691, 2749, 2832, 2847, 2891, 2921, 2926, 3069, 3195, 3204, 3219, 3234, 3289, 3300, 3352, 3374, 3407, 3450, 3460, 3462, 3478, 3553, 3587, 3592, 3627, 3634, 3695, 3729, 3787, 3793, 3949, 4000, 4052, 4069, 4076, 4080, 4156, 4253, 4309, 4321, 4360, 4376, 4391, 4429, 4486, 4493, 4655, 4757, 4959, 5073, 5184, 5235, 5271, 5319, 5423, 5433, 5460, 5504, 5601, 5605, 5627, 5672, 5701, 5774, 5780, 5786, 5802, 5806, 5810, 5836, 5866, 5874, 5898, 6009, 6011, 6032, 6083, 6148, 6284, 6433, 6442, 6457, 6463, 6469, 6494, 6508, 6510, 6514, 6547, 6592, 6605, 6689, 6720, 6766, 6796, 6805, 6809, 6868, 6935, 6954, 6957, 6978, 7001, 7052, 7088, 7101, 7108, 7184, 7192, 7209, 7213, 7302, 7321, 7339, 7349, 7453, 7481, 7510, 7556, 7576, 7582, 7598, 7606, 7619, 7627, 7654, 7731, 7750, 7800, 7818, 7822, 7937, 7987, 8001, 8019, 8036, 8041, 8058, 8078, 8213, 8244, 8286, 8302, 8314, 8348, 8356, 8374, 8412, 8463, 8465, 8510, 8548, 8560, 8608, 8673, 8710, 8713, 8789, 8812, 8846, 8860, 8864, 8899, 9005, 9010, 9016, 9035, 9085, 9096, 9107, 9121, 9142, 9210, 9224, 9347, 9414, 9480, 9535, 9723, 9775, 9838, 9857, 9906, 9919, 9996, 10022, 10092, 10103, 10129, 10184, 10186, 10190, 10198, 10207, 10214, 10252, 10261, 10362, 10383, 10493, 10546, 10647, 10711, 10935, 10954, 10973, 11035, 11128, 11189, 11247, 11279, 11309, 11427, 11445, 11491, 11520, 11594, 11648, 11663, 11694, 11707, 11734, 11774, 11798, 11816, 11828, 11834, 11881, 11898, 11993, 12009, 12036, 12128, 12153, 12163, 12180, 12244, 12247, 12257, 12316, 12356, 12384, 12539, 12639, 12649, 12714, 12724, 12796, 12846, 12908, 12915, 12937, 12943, 12990]","[3219, 3949, 6009, 6284, 6605, 7192, 7453, 7818, 8078, 9480]","[33, 54, 67, 102, 112, 146, 239, 246, 294, 326, 372, 608, 617, 622, 624, 664, 711, 723, 734, 760, 764, 865, 996, 1015, 1022, 1137, 1174, 1270, 1339, 1447, 1599, 1601, 1603, 1605, 1607, 1609, 1611, 1613, 1615, 1617, 1619, 1621, 1623, 1625, 1627, 1629, 1631, 1633, 1635, 1637, 1639, 1641, 1686, 1729, 1771, 1900, 1911, 1926, 1934, 2016, 2034, 2062, 2073, 2085, 2131, 2148, 2161, 2169, 2183, 2200, 2222, 2230, 2281, 2333, 2376, 2473, 2521, 2617, 2640, 2685, 2691, 2749, 2832, 2847, 2891, 2921, 2926, 3069, 3195, 3204, 3234, 3289, 3300, 3352, 3374, 3407, 3450, 3460, 3462, 3478, 3553, 3587, 3592, 3627, 3634, 3695, 3729, 3787, 3793, 4000, 4052, 4069, 4076, 4080, 4156, 4253, 4309, 4321, 4360, 4376, 4391, 4429, 4486, 4493, 4655, 4757, 4959, 5073, 5184, 5235, 5271, 5319, 5423, 5433, 5460, 5504, 5601, 5605, 5627, 5672, 5701, 5774, 5780, 5786, 5802, 5806, 5810, 5836, 5866, 5874, 5898, 6011, 6032, 6083, 6148, 6433, 6442, 6457, 6463, 6469, 6494, 6508, 6510, 6514, 6547, 6592, 6689, 6720, 6766, 6796, 6805, 6809, 6868, 6935, 6954, 6957, 6978, 7001, 7052, 7088, 7101, 7108, 7184, 7209, 7213, 7302, 7321, 7339, 7349, 7481, 7510, 7556, 7576, 7582, 7598, 7606, 7619, 7627, 7654, 7731, 7750, 7800, 7822, 7937, 7987, 8001, 8019, 8036, 8041, 8058, 8213, 8244, 8286, 8302, 8314, 8348, 8356, 8374, 8412, 8463, 8465, 8510, 8548, 8560, 8608, 8673, 8710, 8713, 8789, 8812, 8846, 8860, 8864, 8899, 9005, 9010, 9016, 9035, 9085, 9096, 9107, 9121, 9142, 9210, 9224, 9347, 9414, 9535, 9723, 9775, 9838, 9857, 9906, 9919, 9996, 10022, 10092, 10103, 10129, 10184, 10186, 10190, 10198, 10207, 10214, 10252, 10261, 10362, 10383, 10493, 10546, 10647, 10711, 10935, 10954, 10973, 11035, 11128, 11189, 11247, 11279, 11309, 11427, 11445, 11491, 11520, 11594, 11648, 11663, 11694, 11707, 11734, 11774, 11798, 11816, 11828, 11834, 11881, 11898, 11993, 12009, 12036, 12128, 12153, 12163, 12180, 12244, 12247, 12257, 12316, 12356, 12384, 12539, 12639, 12649, 12714, 12724, 12796, 12846, 12908, 12915, 12937, 12943, 12990]","[3219, 3949, 6009, 6284, 6605, 7192, 7453, 7818, 8078, 9480]",13003,334,12669,10,324,12669,0
0.5,RNODC,"[64, 71, 78, 115, 126, 152, 161, 187, 221, 279, 288, 338, 467, 497, 567, 570, 739, 762, 800, 856, 869, 872, 877, 883, 1013, 1025, 1087, 1097, 1115, 1148, 1158, 1194, 1218, 1279, 1334, 1339, 1344, 1366, 1376, 1398, 1416, 1430, 1520, 1554, 1568, 1633, 1718, 1819, 1841, 2109, 2132, 2245, 2295, 2322, 2389, 2429, 2435, 2454, 2500, 2544, 2574, 2655, 2666, 2706, 2719, 2744, 2757, 2772, 2817, 2850, 2887, 2946, 2958, 3019, 3049, 3066, 3098, 3127, 3134, 3144, 3157, 3161, 3174, 3262, 3305, 3325, 3385, 3472, 3525, 3529, 3618, 3630, 3634, 3686, 3696, 3803, 3850, 3870, 3918, 4020, 4024, 4039, 4073, 4095, 4106, 4136, 4182, 4259, 4282, 4336, 4354, 4382, 4419, 4444, 4517, 4522, 4528, 4623, 4630, 4636, 4667, 4698, 4828, 4875, 4889, 4906, 4909, 4922, 4953, 4982, 5073, 5154, 5173, 5200, 5230, 5309, 5321, 5325, 5347, 5415, 5417, 5477, 5500, 5522, 5579, 5603, 5631, 5638, 5650, 5659, 5686, 5695, 5750, 5764, 5804, 5825, 5851, 5855, 5957, 5974, 5978, 5997, 6096, 6128, 6178, 6182, 6209, 6271, 6282, 6291, 6295, 6303, 6334, 6350, 6412, 6533, 6582, 6619, 6636, 6679, 6692, 6697, 6897, 6917, 7019, 7025, 7030, 7045, 7184, 7238, 7268, 7276, 7313, 7326, 7365, 7376, 7389, 7416, 7425, 7586, 7617, 7738, 7755, 7759]","[3525, 3918, 4182, 4517, 4698, 4953, 5631, 5825, 6291]","[64, 71, 78, 115, 126, 152, 161, 187, 221, 279, 288, 338, 467, 497, 567, 570, 739, 762, 800, 856, 869, 872, 877, 883, 1013, 1025, 1087, 1097, 1115, 1148, 1158, 1194, 1218, 1279, 1334, 1339, 1344, 1366, 1376, 1398, 1416, 1430, 1520, 1554, 1568, 1633, 1718, 1819, 1841, 2109, 2132, 2245, 2295, 2322, 2389, 2429, 2435, 2454, 2500, 2544, 2574, 2655, 2666, 2706, 2719, 2744, 2757, 2772, 2817, 2850, 2887, 2946, 2958, 3019, 3049, 3066, 3098, 3127, 3134, 3144, 3157, 3161, 3174, 3262, 3305, 3325, 3385, 3472, 3529, 3618, 3630, 3634, 3686, 3696, 3803, 3850, 3870, 4020, 4024, 4039, 4073, 4095, 4106, 4136, 4259, 4282, 4336, 4354, 4382, 4419, 4444, 4522, 4528, 4623, 4630, 4636, 4667, 4828, 4875, 4889, 4906, 4909, 4922, 4982, 5073, 5154, 5173, 5200, 5230, 5309, 5321, 5325, 5347, 5415, 5417, 5477, 5500, 5522, 5579, 5603, 5638, 5650, 5659, 5686, 5695, 5750, 5764, 5804, 5851, 5855, 5957, 5974, 5978, 5997, 6096, 6128, 6178, 6182, 6209, 6271, 6282, 6295, 6303, 6334, 6350, 6412, 6533, 6582, 6619, 6636, 6679, 6692, 6697, 6897, 6917, 7019, 7025, 7030, 7045, 7184, 7238, 7268, 7276, 7313, 7326, 7365, 7376, 7389, 7416, 7425, 7586, 7617, 7738, 7755, 7759]","[3525, 3918, 4182, 4517, 4698, 4953, 5631, 5825, 6291]",7768,204,7564,9,195,7564,0
0.5,RNP9KA,"[22, 30, 32, 34, 36, 38, 40, 42, 44, 46, 48, 50, 52, 54, 56, 58, 60, 62, 64, 66, 68, 70, 72, 74, 112, 157, 172, 180, 207, 232, 234, 248, 262, 320, 324, 332, 338, 372, 400, 424, 437, 483, 571, 632, 690, 723, 727, 736, 823, 875, 879, 905, 910, 937, 941, 976, 978, 987, 1025, 1029, 1031, 1035, 1080, 1116, 1156, 1227, 1240, 1257, 1468, 1566, 1569, 1612, 1643, 1760, 1800, 1836, 1870, 1883, 1982, 2063, 2094, 2111, 2118, 2154, 2161, 2216, 2220, 2224, 2228, 2243, 2246, 2300, 2311, 2315]",[1227],"[22, 30, 32, 34, 36, 38, 40, 42, 44, 46, 48, 50, 52, 54, 56, 58, 60, 62, 64, 66, 68, 70, 72, 74, 112, 157, 172, 180, 207, 232, 234, 248, 262, 320, 324, 332, 338, 372, 400, 424, 437, 483, 571, 632, 690, 723, 727, 736, 823, 875, 879, 905, 910, 937, 941, 976, 978, 987, 1025, 1029, 1031, 1035, 1080, 1116, 1156, 1240, 1257, 1468, 1566, 1569, 1612, 1643, 1760, 1800, 1836, 1870, 1883, 1982, 2063, 2094, 2111, 2118, 2154, 2161, 2216, 2220, 2224, 2228, 2243, 2246, 2300, 2311, 2315]",[1227],2332,94,2238,1,93,2238,0
0.5,RNPBPG,"[8, 21, 55, 125, 136, 142, 231, 235, 262, 267, 336, 388, 425, 437, 501, 543, 595, 676, 956, 980, 994, 1117, 1155, 1177, 1180, 1190, 1200, 1206, 1407, 1456, 1559, 1736, 1808, 1845, 1877, 1908, 2066, 2100, 2136, 2250, 2385, 2444, 2446, 2522, 2562, 2592, 2620, 2638, 2709, 2773, 2794, 2890, 2900, 2916, 2950, 2993, 2999, 3049, 3056, 3123, 3190, 3293, 3297, 3363, 3483, 3553, 3661, 3756, 3775, 3780, 3786, 3814, 3817, 3855, 3861, 3910, 3972, 3978, 3994, 4009, 4027, 4056, 4073, 4159, 4218, 4315, 4431, 4446, 4457, 4500, 4558, 4580, 4605, 4639, 4772, 4815, 4819, 4927, 4978, 5013, 5088, 5097, 5117, 5155, 5313, 5318, 5340, 5404, 5428, 5498, 5515, 5521, 5556, 5718, 5743, 5833, 5880]","[1117, 2950]","[8, 21, 55, 125, 136, 142, 231, 235, 262, 267, 336, 388, 425, 437, 501, 543, 595, 676, 956, 980, 994, 1155, 1177, 1180, 1190, 1200, 1206, 1407, 1456, 1559, 1736, 1808, 1845, 1877, 1908, 2066, 2100, 2136, 2250, 2385, 2444, 2446, 2522, 2562, 2592, 2620, 2638, 2709, 2773, 2794, 2890, 2900, 2916, 2993, 2999, 3049, 3056, 3123, 3190, 3293, 3297, 3363, 3483, 3553, 3661, 3756, 3775, 3780, 3786, 3814, 3817, 3855, 3861, 3910, 3972, 3978, 3994, 4009, 4027, 4056, 4073, 4159, 4218, 4315, 4431, 4446, 4457, 4500, 4558, 4580, 4605, 4639, 4772, 4815, 4819, 4927, 4978, 5013, 5088, 5097, 5117, 5155, 5313, 5318, 5340, 5404, 5428, 5498, 5515, 5521, 5556, 5718, 5743, 5833, 5880]","[1117, 2950]",6021,117,5904,2,115,5904,0
0.5,RNPGMUT,"[6, 17, 32, 63, 92, 165, 167, 174, 176, 178, 180, 182, 184, 186, 188, 190, 192, 194, 196, 198, 200, 202, 204, 206, 231, 277, 370, 383, 386, 460, 466, 472, 483, 491, 687, 851, 886, 945, 1063, 1088, 1100, 1200, 1206, 1216, 1256, 1273, 1352, 1356, 1412, 1416, 1425, 1462, 1515, 1596, 1605, 1616, 1618, 1623, 1637, 1653, 1734, 1872, 1874, 1895, 1912, 1921, 1934, 2023, 2032, 2083, 2242, 2248, 2252, 2287, 2291, 2301, 2334, 2366]","[1596, 1872]","[6, 17, 32, 63, 92, 165, 167, 174, 176, 178, 180, 182, 184, 186, 188, 190, 192, 194, 196, 198, 200, 202, 204, 206, 231, 277, 370, 383, 386, 460, 466, 472, 483, 491, 687, 851, 886, 945, 1063, 1088, 1100, 1200, 1206, 1216, 1256, 1273, 1352, 1356, 1412, 1416, 1425, 1462, 1515, 1605, 1616, 1618, 1623, 1637, 1653, 1734, 1874, 1895, 1912, 1921, 1934, 2023, 2032, 2083, 2242, 2248, 2252, 2287, 2291, 2301, 2334, 2366]","[1596, 1872]",2420,78,2342,2,76,2342,0
0.5,RNPROST22,"[18, 45, 105, 237, 306, 384, 418, 438, 444, 458, 494, 499, 528, 538, 570, 721, 733, 783, 820, 876, 920, 964, 1074, 1128, 1179, 1219, 1251, 1262, 1307, 1334, 1395, 1412, 1414, 1416, 1418, 1420, 1422, 1424, 1426, 1428, 1430, 1432, 1434, 1436, 1438, 1440, 1442, 1444, 1446, 1448, 1450, 1452, 1454, 1456, 1492, 1575, 1723, 1738, 1787, 1838, 1870, 2011, 2025, 2108, 2163, 2193, 2200, 2228, 2298, 2321, 2356, 2406, 2551, 2556, 2569, 2591, 2618, 2702, 2746, 2750, 2766, 2857, 2863, 2923, 3020, 3060, 3110, 3121, 3159, 3246, 3324, 3376, 3417, 3421, 3423, 3484, 3502, 3558, 3585, 3647, 3658, 3680, 3690, 3699, 3718, 3728, 3748, 3750, 3777, 3800, 3825, 3835, 3841, 3916, 4048, 4055, 4236, 4241, 4279, 4351, 4379, 4432, 4457, 4526, 4565, 4583, 4601, 4611, 4665, 4688, 4727, 4746, 4820, 4920, 4928, 4952, 4960, 5064, 5073, 5100, 5161, 5185, 5274, 5333, 5361, 5538, 5549, 5618, 5628, 5680, 5765, 5911, 5940, 5952, 5980, 6009, 6029, 6044, 6129, 6314, 6366, 6383, 6520, 6641, 6646, 6680, 6790, 6890, 6930, 6967, 6974, 6978, 7004, 7023, 7034, 7050, 7069, 7376, 7412, 7431, 7625, 7646]","[876, 3647, 4526]","[18, 45, 105, 237, 306, 384, 418, 438, 444, 458, 494, 499, 528, 538, 570, 721, 733, 783, 820, 920, 964, 1074, 1128, 1179, 1219, 1251, 1262, 1307, 1334, 1395, 1412, 1414, 1416, 1418, 1420, 1422, 1424, 1426, 1428, 1430, 1432, 1434, 1436, 1438, 1440, 1442, 1444, 1446, 1448, 1450, 1452, 1454, 1456, 1492, 1575, 1723, 1738, 1787, 1838, 1870, 2011, 2025, 2108, 2163, 2193, 2200, 2228, 2298, 2321, 2356, 2406, 2551, 2556, 2569, 2591, 2618, 2702, 2746, 2750, 2766, 2857, 2863, 2923, 3020, 3060, 3110, 3121, 3159, 3246, 3324, 3376, 3417, 3421, 3423, 3484, 3502, 3558, 3585, 3658, 3680, 3690, 3699, 3718, 3728, 3748, 3750, 3777, 3800, 3825, 3835, 3841, 3916, 4048, 4055, 4236, 4241, 4279, 4351, 4379, 4432, 4457, 4565, 4583, 4601, 4611, 4665, 4688, 4727, 4746, 4820, 4920, 4928, 4952, 4960, 5064, 5073, 5100, 5161, 5185, 5274, 5333, 5361, 5538, 5549, 5618, 5628, 5680, 5765, 5911, 5940, 5952, 5980, 6009, 6029, 6044, 6129, 6314, 6366, 6383, 6520, 6641, 6646, 6680, 6790, 6890, 6930, 6967, 6974, 6978, 7004, 7023, 7034, 7050, 7069, 7376, 7412, 7431, 7625, 7646]","[876, 3647, 4526]",7667,182,7485,3,179,7485,0
0.5,RNREVSV2A,"[5, 12, 51, 67, 71, 76, 121, 185, 193, 210, 226, 290, 421, 670, 741, 754, 762, 809, 848, 871, 877, 935, 940, 953, 1064, 1069, 1102, 1177, 1201, 1216, 1222, 1261, 1269, 1278, 1304, 1308, 1310, 1314, 1332, 1341, 1367, 1417, 1510, 1564, 1627, 1728]","[67, 1304]","[5, 12, 51, 71, 76, 121, 185, 193, 210, 226, 290, 421, 670, 741, 754, 762, 809, 848, 871, 877, 935, 940, 953, 1064, 1069, 1102, 1177, 1201, 1216, 1222, 1261, 1269, 1278, 1308, 1310, 1314, 1332, 1341, 1367, 1417, 1510, 1564, 1627, 1728]","[67, 1304]",1730,46,1684,2,44,1684,0
0.5,RNSDHG,"[17, 116, 160, 162, 175, 177, 199, 203, 205, 285, 290, 299, 313, 379, 405, 435, 568, 656, 736, 743, 836, 881, 964, 1007, 1018, 1028, 1089, 1091, 1093, 1095, 1097, 1099, 1101, 1103, 1105, 1107, 1109, 1111, 1113, 1115, 1117, 1119, 1121, 1146, 1171, 1184, 1202, 1205, 1208, 1211, 1224, 1239, 1263, 1273, 1280, 1286, 1298, 1376, 1420, 1444, 1533, 1536, 1607, 1625, 1775, 1777, 1800, 1891, 1993, 2024, 2198, 2205, 2256, 2305, 2315, 2369, 2382, 2464, 2483, 2523, 2533, 2540, 2563, 2601, 2625, 2631, 2697, 2805, 2857, 2867, 2871, 2949, 2981, 3001, 3035, 3053, 3104, 3125, 3148, 3170, 3192, 3290, 3341, 3370, 3480, 3498, 3554, 3569, 3585, 3587, 3592, 3841, 3879, 3975, 4046, 4077, 4098, 4100, 4102, 4104, 4106, 4108, 4110, 4112, 4114, 4116, 4118, 4120, 4122, 4124, 4126, 4128, 4130, 4132, 4134, 4136, 4138, 4140, 4142, 4144, 4179, 4189, 4339, 4365, 4413, 4464, 4511, 4527, 4563, 4640, 4652, 4695, 4705, 4747, 4754, 4761, 4897, 4994, 5025, 5079, 5093, 5163, 5291, 5343, 5477, 5565, 5590, 5667, 5691, 5702, 5733, 5866, 6043, 6052, 6056, 6069, 6089, 6095, 6213, 6253, 6285, 6406, 6412, 6423, 6475, 6479, 6512, 6567, 6571, 6576, 6584, 6592, 6614, 6634, 6641, 6646, 6689, 6775, 6825, 6829, 6836, 6849, 6877, 6892, 6984, 7017, 7081, 7112, 7183, 7402, 7480, 7563, 7600, 7642, 7683, 7711, 7736, 7816, 7820, 7962, 8014, 8177, 8181, 8222, 8232, 8234, 8307, 8314, 8333, 8355, 8361, 8383, 8420, 8426, 8487, 8563, 8574, 8625, 8646, 8663, 8667, 8671, 8680, 8750, 8757, 8853, 8888, 9063, 9117, 9128, 9152, 9160, 9165, 9225, 9232, 9302, 9353, 9362, 9427, 9541, 9546]","[4640, 5691, 6052, 6253, 6984, 8671]","[17, 116, 160, 162, 175, 177, 199, 203, 205, 285, 290, 299, 313, 379, 405, 435, 568, 656, 736, 743, 836, 881, 964, 1007, 1018, 1028, 1089, 1091, 1093, 1095, 1097, 1099, 1101, 1103, 1105, 1107, 1109, 1111, 1113, 1115, 1117, 1119, 1121, 1146, 1171, 1184, 1202, 1205, 1208, 1211, 1224, 1239, 1263, 1273, 1280, 1286, 1298, 1376, 1420, 1444, 1533, 1536, 1607, 1625, 1775, 1777, 1800, 1891, 1993, 2024, 2198, 2205, 2256, 2305, 2315, 2369, 2382, 2464, 2483, 2523, 2533, 2540, 2563, 2601, 2625, 2631, 2697, 2805, 2857, 2867, 2871, 2949, 2981, 3001, 3035, 3053, 3104, 3125, 3148, 3170, 3192, 3290, 3341, 3370, 3480, 3498, 3554, 3569, 3585, 3587, 3592, 3841, 3879, 3975, 4046, 4077, 4098, 4100, 4102, 4104, 4106, 4108, 4110, 4112, 4114, 4116, 4118, 4120, 4122, 4124, 4126, 4128, 4130, 4132, 4134, 4136, 4138, 4140, 4142, 4144, 4179, 4189, 4339, 4365, 4413, 4464, 4511, 4527, 4563, 4652, 4695, 4705, 4747, 4754, 4761, 4897, 4994, 5025, 5079, 5093, 5163, 5291, 5343, 5477, 5565, 5590, 5667, 5702, 5733, 5866, 6043, 6056, 6069, 6089, 6095, 6213, 6285, 6406, 6412, 6423, 6475, 6479, 6512, 6567, 6571, 6576, 6584, 6592, 6614, 6634, 6641, 6646, 6689, 6775, 6825, 6829, 6836, 6849, 6877, 6892, 7017, 7081, 7112, 7183, 7402, 7480, 7563, 7600, 7642, 7683, 7711, 7736, 7816, 7820, 7962, 8014, 8177, 8181, 8222, 8232, 8234, 8307, 8314, 8333, 8355, 8361, 8383, 8420, 8426, 8487, 8563, 8574, 8625, 8646, 8663, 8667, 8680, 8750, 8757, 8853, 8888, 9063, 9117, 9128, 9152, 9160, 9165, 9225, 9232, 9302, 9353, 9362, 9427, 9541, 9546]","[4640, 5691, 6052, 6253, 6984, 8671]",9570,261,9309,6,255,9309,0
0.5,RNSVFG,"[21, 51, 67, 182, 190, 213, 274, 330, 349, 454, 469, 500, 636, 646, 670, 709, 926, 1018, 1033, 1060, 1077, 1096, 1182, 1250, 1267, 1288, 1309, 1326, 1347, 1648, 1737, 1774, 1847, 1919, 2066, 2079, 2129, 2134]",[500],"[21, 51, 67, 182, 190, 213, 274, 330, 349, 454, 469, 636, 646, 670, 709, 926, 1018, 1033, 1060, 1077, 1096, 1182, 1250, 1267, 1288, 1309, 1326, 1347, 1648, 1737, 1774, 1847, 1919, 2066, 2079, 2129, 2134]",[500],1841,38,1803,1,37,1803,0
0.5,RNTHYCSG,"[68, 81, 128, 160, 172, 208, 266, 269, 272, 275, 278, 313, 318, 322, 326, 355, 600, 603, 679, 728, 761, 785, 881, 886, 942, 1006, 1008, 1061, 1071, 1105, 1120, 1135, 1173, 1227, 1229, 1237, 1242, 1279, 1316, 1319, 1342, 1348, 1366, 1450, 1454, 1481, 1486, 1491, 1582, 1589, 1621, 1634, 1730, 1866, 1878, 1906, 1983, 2005, 2015, 2100, 2107, 2168, 2183, 2196, 2203, 2271, 2277, 2331, 2341, 2511, 2594, 2716, 2734, 2763, 2852]","[68, 1071]","[81, 128, 160, 172, 208, 266, 269, 272, 275, 278, 313, 318, 322, 326, 355, 600, 603, 679, 728, 761, 785, 881, 886, 942, 1006, 1008, 1061, 1105, 1120, 1135, 1173, 1227, 1229, 1237, 1242, 1279, 1316, 1319, 1342, 1348, 1366, 1450, 1454, 1481, 1486, 1491, 1582, 1589, 1621, 1634, 1730, 1866, 1878, 1906, 1983, 2005, 2015, 2100, 2107, 2168, 2183, 2196, 2203, 2271, 2277, 2331, 2341, 2511, 2594, 2716, 2734, 2763, 2852]","[68, 1071]",2855,75,2780,2,73,2780,0
0.5,RNU03551,"[46, 50, 64, 75, 85, 89, 219, 437, 578, 584, 602, 620, 661, 670, 688, 715, 766, 799, 805, 832, 842, 948, 1194, 1280, 1407, 1411, 1471, 1513, 1545, 1575, 1617, 1622, 1634, 1756, 1758, 1788, 1913, 1943, 1969, 2006, 2013, 2052, 2115, 2183, 2240, 2263, 2268, 2305, 2312, 2317, 2342, 2397, 2418, 2422, 2461, 2511, 2521, 2527, 2552, 2583, 2602, 2619, 2635, 2642, 2656, 2658, 2839, 2931, 2964, 3073, 3076, 3083, 3169, 3176, 3211, 3217, 3226, 3240, 3246, 3309, 3360, 3364, 3394, 3498, 3517, 3526]","[832, 2418, 3083]","[46, 50, 64, 75, 85, 89, 219, 437, 578, 584, 602, 620, 661, 670, 688, 715, 766, 799, 805, 842, 948, 1194, 1280, 1407, 1411, 1471, 1513, 1545, 1575, 1617, 1622, 1634, 1756, 1758, 1788, 1913, 1943, 1969, 2006, 2013, 2052, 2115, 2183, 2240, 2263, 2268, 2305, 2312, 2317, 2342, 2397, 2422, 2461, 2511, 2521, 2527, 2552, 2583, 2602, 2619, 2635, 2642, 2656, 2658, 2839, 2931, 2964, 3073, 3076, 3169, 3176, 3211, 3217, 3226, 3240, 3246, 3309, 3360, 3364, 3394, 3498, 3517, 3526]","[832, 2418, 3083]",3590,86,3504,3,83,3504,0
0.5,RNU09193,"[33, 196, 260, 276, 356, 395, 402, 438, 469, 503, 665, 724, 771, 859, 863, 1010, 1048, 1052, 1125, 1141, 1276, 1294, 1305, 1325, 1336, 1363, 1373, 1449, 1457, 1463, 1534, 1626, 1727, 1731, 1742, 1759, 1772, 1888, 1910, 2020, 2077, 2084, 2101, 2133, 2143, 2163, 2255, 2295, 2310, 2412, 2449, 2477, 2630, 2650, 2663, 2687, 2722, 2749, 2759, 2763, 2788, 2794, 2896, 2915, 3037, 3054, 3084, 3199, 3232, 3264, 3296, 3302, 3326, 3402, 3424, 3432, 3505, 3527, 3542, 3571, 3584, 3600, 3612, 3682, 3697, 3708, 3763, 3787, 3899, 3910, 3976, 4035]","[2084, 2749, 3084, 3787]","[33, 196, 260, 276, 356, 395, 402, 438, 469, 503, 665, 724, 771, 859, 863, 1010, 1048, 1052, 1125, 1141, 1276, 1294, 1305, 1325, 1336, 1363, 1373, 1449, 1457, 1463, 1534, 1626, 1727, 1731, 1742, 1759, 1772, 1888, 1910, 2020, 2077, 2101, 2133, 2143, 2163, 2255, 2295, 2310, 2412, 2449, 2477, 2630, 2650, 2663, 2687, 2722, 2759, 2763, 2788, 2794, 2896, 2915, 3037, 3054, 3199, 3232, 3264, 3296, 3302, 3326, 3402, 3424, 3432, 3505, 3527, 3542, 3571, 3584, 3600, 3612, 3682, 3697, 3708, 3763, 3899, 3910, 3976, 4035]","[2084, 2749, 3084, 3787]",4187,92,4095,4,88,4095,0
0.5,RNU12250,"[146, 227, 243, 252, 293, 297, 325, 424, 464, 473, 641, 659, 794, 826, 868, 888, 914, 952, 967, 1014, 1026, 1043, 1094, 1160, 1181, 1188, 1304, 1314, 1512, 1531, 1554, 1600, 1697, 1704, 1708, 1760, 1769, 1776, 1785]","[293, 473]","[146, 227, 243, 252, 297, 325, 424, 464, 641, 659, 794, 826, 868, 888, 914, 952, 967, 1014, 1026, 1043, 1094, 1160, 1181, 1188, 1304, 1314, 1512, 1531, 1554, 1600, 1697, 1704, 1708, 1760, 1769, 1776, 1785]","[293, 473]",1863,39,1824,2,37,1824,0
0.5,RNUCPG,"[15, 18, 77, 82, 112, 133, 137, 239, 255, 380, 458, 536, 578, 582, 586, 595, 682, 798, 848, 931, 952, 966, 984, 1071, 1135, 1139, 1151, 1157, 1189, 1217, 1325, 1379, 1396, 1424, 1431, 1438, 1481, 1515, 1519, 1663, 1730, 1766, 1796, 1834, 1866, 1881, 1897, 1908, 1961, 1978, 2015, 2133, 2336, 2382, 2428, 2457, 2484, 2599, 2614, 2616, 2761, 2812, 2814, 2816, 2818, 2820, 2822, 2824, 2826, 2828, 2830, 2832, 2834, 2836, 2838, 2840, 2842, 2844, 2846, 2848, 2850, 2852, 2907, 2932, 3023, 3034, 3094, 3117, 3201, 3281, 3427, 3539, 3558, 3598, 3734, 3749, 3756, 3801, 3844, 3865, 3874, 3887, 3926, 3989, 4003, 4076, 4110, 4129, 4187, 4310, 4358, 4370, 4405, 4477, 4491, 4523, 4569, 4642, 4673, 4698, 4805, 4818, 4822, 4896, 4965, 4983, 4993, 5001, 5053, 5061, 5134, 5157, 5189, 5248, 5322, 5402, 5429, 5467, 5476, 5480, 5623, 5659, 5677, 5727, 5744, 5827, 5923, 5939, 5950, 5957, 5988, 6007, 6018, 6042, 6066, 6121, 6187, 6192, 6238, 6279, 6322, 6334, 6338, 6406, 6417, 6426, 6470, 6480, 6498, 6502, 6507, 6585, 6612, 6623, 6639, 6660, 6671, 6711, 6781, 6821, 6878, 6983, 6999, 7007, 7031, 7199, 7245, 7278, 7282, 7287, 7298, 7351, 7357, 7370, 7395, 7468, 7480, 7667, 7704, 7808, 7819, 7843, 7846, 7852, 7964, 7992, 7996, 8013, 8094, 8105, 8135, 8157, 8180, 8229, 8272, 8277, 8279, 8281, 8283, 8285, 8287, 8289, 8291, 8293, 8295, 8297, 8299, 8301, 8303, 8305, 8307, 8309, 8311, 8313, 8315, 8317, 8404, 8575, 8583, 8585, 8654, 8679, 8734, 8754, 8760, 9023, 9049, 9077, 9153, 9161, 9172, 9188, 9205, 9242, 9288, 9297, 9332, 9342, 9365, 9401, 9441, 9447, 9578, 9602, 9761, 9800, 9925, 9995, 10019, 10165, 10198, 10292, 10300, 10351, 10419, 10511, 10529, 10603, 10732, 10759, 10871, 10935, 11054, 11061, 11072, 11074, 11092, 11184, 11188, 11214, 11313, 11389, 11432, 11442, 11464, 11481, 11490, 11496, 11517, 11538, 11648, 11722, 11771, 11778, 11790, 11835, 12096, 12114, 12151, 12170, 12188, 12346, 12398, 12460, 12485]","[4310, 5157, 7964, 8157, 9401]","[15, 18, 77, 82, 112, 133, 137, 239, 255, 380, 458, 536, 578, 582, 586, 595, 682, 798, 848, 931, 952, 966, 984, 1071, 1135, 1139, 1151, 1157, 1189, 1217, 1325, 1379, 1396, 1424, 1431, 1438, 1481, 1515, 1519, 1663, 1730, 1766, 1796, 1834, 1866, 1881, 1897, 1908, 1961, 1978, 2015, 2133, 2336, 2382, 2428, 2457, 2484, 2599, 2614, 2616, 2761, 2812, 2814, 2816, 2818, 2820, 2822, 2824, 2826, 2828, 2830, 2832, 2834, 2836, 2838, 2840, 2842, 2844, 2846, 2848, 2850, 2852, 2907, 2932, 3023, 3034, 3094, 3117, 3201, 3281, 3427, 3539, 3558, 3598, 3734, 3749, 3756, 3801, 3844, 3865, 3874, 3887, 3926, 3989, 4003, 4076, 4110, 4129, 4187, 4358, 4370, 4405, 4477, 4491, 4523, 4569, 4642, 4673, 4698, 4805, 4818, 4822, 4896, 4965, 4983, 4993, 5001, 5053, 5061, 5134, 5189, 5248, 5322, 5402, 5429, 5467, 5476, 5480, 5623, 5659, 5677, 5727, 5744, 5827, 5923, 5939, 5950, 5957, 5988, 6007, 6018, 6042, 6066, 6121, 6187, 6192, 6238, 6279, 6322, 6334, 6338, 6406, 6417, 6426, 6470, 6480, 6498, 6502, 6507, 6585, 6612, 6623, 6639, 6660, 6671, 6711, 6781, 6821, 6878, 6983, 6999, 7007, 7031, 7199, 7245, 7278, 7282, 7287, 7298, 7351, 7357, 7370, 7395, 7468, 7480, 7667, 7704, 7808, 7819, 7843, 7846, 7852, 7992, 7996, 8013, 8094, 8105, 8135, 8180, 8229, 8272, 8277, 8279, 8281, 8283, 8285, 8287, 8289, 8291, 8293, 8295, 8297, 8299, 8301, 8303, 8305, 8307, 8309, 8311, 8313, 8315, 8317, 8404, 8575, 8583, 8585, 8654, 8679, 8734, 8754, 8760, 9023, 9049, 9077, 9153, 9161, 9172, 9188, 9205, 9242, 9288, 9297, 9332, 9342, 9365, 9441, 9447, 9578, 9602, 9761, 9800, 9925, 9995, 10019, 10165, 10198, 10292, 10300, 10351, 10419, 10511, 10529, 10603, 10732, 10759, 10871, 10935, 11054, 11061, 11072, 11074, 11092, 11184, 11188, 11214, 11313, 11389, 11432, 11442, 11464, 11481, 11490, 11496, 11517, 11538, 11648, 11722, 11771, 11778, 11790, 11835, 12096, 12114, 12151, 12170, 12188, 12346, 12398, 12460, 12485]","[4310, 5157, 7964, 8157, 9401]",12496,315,12181,5,310,12181,0
0.5,RNVEGP1,"[88, 278, 303, 305, 309, 313, 317, 362, 400, 463, 486, 490, 506, 514, 571, 685, 690, 777, 802, 909, 926, 1021, 1043, 1047, 1138, 1156, 1262, 1286, 1324, 1518, 1524, 1542, 1551, 1565, 1569, 1623, 1629, 1635, 1697, 1711, 1772, 1817, 1834, 1838, 1840, 1935, 1963, 1973, 1994, 2038, 2076, 2108, 2145, 2165, 2198, 2224, 2248, 2273, 2305, 2323, 2339, 2369, 2371, 2508, 2562, 2581, 2587, 2593, 2628, 2657, 2701, 2720, 2727, 2750, 2777, 2801, 2821, 2839, 2915, 2917, 3032, 3047, 3090, 3141, 3204, 3211, 3341, 3403, 3413, 3454, 3480, 3589, 3597, 3653, 3708, 3745, 3769, 3790, 3809, 3845, 3852, 3940, 4033, 4037, 4052, 4096, 4113, 4126, 4140, 4151, 4174, 4178, 4404, 4452, 4559, 4611, 4710, 4811, 4844, 4855, 4859, 4873, 4952, 4962, 4996, 5130, 5195, 5296, 5315, 5320, 5360, 5441, 5607, 5630, 5641, 5757, 5770, 5835, 5900, 5914, 5918, 5926, 5948]","[1262, 1834, 3032, 4037, 4611]","[88, 278, 303, 305, 309, 313, 317, 362, 400, 463, 486, 490, 506, 514, 571, 685, 690, 777, 802, 909, 926, 1021, 1043, 1047, 1138, 1156, 1286, 1324, 1518, 1524, 1542, 1551, 1565, 1569, 1623, 1629, 1635, 1697, 1711, 1772, 1817, 1838, 1840, 1935, 1963, 1973, 1994, 2038, 2076, 2108, 2145, 2165, 2198, 2224, 2248, 2273, 2305, 2323, 2339, 2369, 2371, 2508, 2562, 2581, 2587, 2593, 2628, 2657, 2701, 2720, 2727, 2750, 2777, 2801, 2821, 2839, 2915, 2917, 3047, 3090, 3141, 3204, 3211, 3341, 3403, 3413, 3454, 3480, 3589, 3597, 3653, 3708, 3745, 3769, 3790, 3809, 3845, 3852, 3940, 4033, 4052, 4096, 4113, 4126, 4140, 4151, 4174, 4178, 4404, 4452, 4559, 4710, 4811, 4844, 4855, 4859, 4873, 4952, 4962, 4996, 5130, 5195, 5296, 5315, 5320, 5360, 5441, 5607, 5630, 5641, 5757, 5770, 5835, 5900, 5914, 5918, 5926, 5948]","[1262, 1834, 3032, 4037, 4611]",5948,143,5805,5,138,5805,0
0.5,RNVEGP2C,"[56, 84, 188, 205, 210, 256, 345, 385, 417, 430, 483, 493, 532, 536, 578, 587, 630, 638, 801, 806, 893, 918, 1024, 1041, 1136, 1159, 1163, 1254, 1272, 1378, 1402, 1440, 1486, 1640, 1658, 1667, 1681, 1685, 1739, 1745, 1751, 1813, 1827, 1888, 1933, 1950, 1954, 2048, 2055, 2059, 2076, 2086, 2105, 2109, 2147, 2169, 2182, 2213, 2250, 2270, 2304, 2330, 2354, 2379, 2411, 2429, 2445, 2477, 2479, 2688, 2694, 2700, 2730, 2761, 2775, 2807, 2875, 2885, 2899, 2919, 2937, 3013, 3015, 3069, 3128, 3136, 3143, 3187, 3307, 3452, 3514, 3524, 3564, 3590, 3699, 3705, 3762, 3817, 3854, 3878, 3899, 3918, 3961, 3992, 4049, 4142, 4146, 4161, 4204, 4221, 4234, 4256, 4283, 4287, 4305, 4345, 4432, 4446, 4558, 4671, 4723, 4727, 4822, 4927, 4960, 4971, 4975, 5068, 5078, 5140, 5222, 5465, 5484, 5529, 5566, 5613]","[1378, 1950, 3128, 4146, 4723]","[56, 84, 188, 205, 210, 256, 345, 385, 417, 430, 483, 493, 532, 536, 578, 587, 630, 638, 801, 806, 893, 918, 1024, 1041, 1136, 1159, 1163, 1254, 1272, 1402, 1440, 1486, 1640, 1658, 1667, 1681, 1685, 1739, 1745, 1751, 1813, 1827, 1888, 1933, 1954, 2048, 2055, 2059, 2076, 2086, 2105, 2109, 2147, 2169, 2182, 2213, 2250, 2270, 2304, 2330, 2354, 2379, 2411, 2429, 2445, 2477, 2479, 2688, 2694, 2700, 2730, 2761, 2775, 2807, 2875, 2885, 2899, 2919, 2937, 3013, 3015, 3069, 3136, 3143, 3187, 3307, 3452, 3514, 3524, 3564, 3590, 3699, 3705, 3762, 3817, 3854, 3878, 3899, 3918, 3961, 3992, 4049, 4142, 4161, 4204, 4221, 4234, 4256, 4283, 4287, 4305, 4345, 4432, 4446, 4558, 4671, 4727, 4822, 4927, 4960, 4971, 4975, 5068, 5078, 5140, 5222, 5465, 5484, 5529, 5566, 5613]","[1378, 1950, 3128, 4146, 4723]",5742,136,5606,5,131,5606,0
0.5,RRU04320,"[54, 209, 214, 240, 267, 275, 315, 323, 386, 509, 516, 539, 558, 573, 693, 700, 706, 838, 848, 938, 989, 993, 1037, 1077, 1092, 1105, 1126, 1132, 1189, 1201, 1219, 1225, 1235, 1341, 1347, 1406, 1425, 1439, 1538, 1559, 1589, 1608, 1742, 1780, 2004, 2008, 2012, 2022, 2052, 2107, 2111, 2118, 2164, 2500, 2592, 2596, 2606, 2621, 2689, 2768, 3019, 3078, 3080, 3099, 3139, 3143, 3219, 3257, 3291, 3301, 3332, 3343, 3354, 3412, 3439, 3524, 3540, 3547, 3559, 3595, 3607, 3616, 3643, 3669, 3793, 3811, 3826, 3879, 3884, 4014, 4023, 4057, 4064, 4181, 4216, 4257, 4275, 4343, 4401, 4435, 4492, 4512, 4678, 4695, 4729, 4794, 4802, 4805, 4841, 5109, 5129, 5163, 5232, 5366, 5370, 5456, 5574, 5662, 5732, 5787, 5824, 5889, 5991, 6042, 6072, 6078, 6098, 6103, 6136, 6165, 6171, 6213, 6313, 6361, 6372, 6376, 6379, 6419, 6549, 6624, 6667, 6718, 6794]","[2500, 3643]","[54, 209, 214, 240, 267, 275, 315, 323, 386, 509, 516, 539, 558, 573, 693, 700, 706, 838, 848, 938, 989, 993, 1037, 1077, 1092, 1105, 1126, 1132, 1189, 1201, 1219, 1225, 1235, 1341, 1347, 1406, 1425, 1439, 1538, 1559, 1589, 1608, 1742, 1780, 2004, 2008, 2012, 2022, 2052, 2107, 2111, 2118, 2164, 2592, 2596, 2606, 2621, 2689, 2768, 3019, 3078, 3080, 3099, 3139, 3143, 3219, 3257, 3291, 3301, 3332, 3343, 3354, 3412, 3439, 3524, 3540, 3547, 3559, 3595, 3607, 3616, 3669, 3793, 3811, 3826, 3879, 3884, 4014, 4023, 4057, 4064, 4181, 4216, 4257, 4275, 4343, 4401, 4435, 4492, 4512, 4678, 4695, 4729, 4794, 4802, 4805, 4841, 5109, 5129, 5163, 5232, 5366, 5370, 5456, 5574, 5662, 5732, 5787, 5824, 5889, 5991, 6042, 6072, 6078, 6098, 6103, 6136, 6165, 6171, 6213, 6313, 6361, 6372, 6376, 6379, 6419, 6549, 6624, 6667, 6718, 6794]","[2500, 3643]",6798,143,6655,2,141,6655,0
0.5,S46763,"[105, 165, 177, 186, 191, 208, 237, 252, 265, 278, 336, 340, 380, 479, 507, 535, 633, 695, 699, 720, 728, 762, 777, 788, 968, 1006, 1010, 1017, 1096, 1110, 1143, 1146, 1219, 1235, 1252, 1300, 1327, 1406, 1436, 1459, 1461, 1471, 1550, 1632, 1660, 1690, 1708, 1715, 1787, 1798, 1914, 2000, 2056, 2111, 2170, 2252, 2268, 2343, 2468, 2472, 2487, 2527, 2561, 2584, 2649, 2668, 2694, 2720, 2722, 2775, 2850, 2906, 2919, 2928, 2946, 2988, 3036, 3053, 3102, 3199, 3209, 3245, 3278, 3289, 3378, 3563, 3571, 3577, 3766, 3868, 3954, 4052, 4155, 4168, 4182, 4256, 4331, 4358, 4381, 4424, 4528, 4546, 4612, 4624, 4698, 4716, 4725, 4731, 4782, 4801, 4883, 4903, 5000, 5047, 5060, 5064, 5145, 5203, 5304, 5311, 5419, 5425, 5469, 5473, 5517, 5654, 5656, 5679, 5709, 5736, 5803, 5851, 5869, 5928, 5956, 6054, 6085, 6130, 6152, 6320, 6356, 6463, 6595, 6614, 6624, 6633, 6700, 6751, 6775, 6800, 6817, 6828, 6880, 6933, 6942, 6948, 7026, 7068, 7078, 7095, 7101, 7119, 7188, 7213, 7260, 7290, 7334, 7341, 7349, 7418, 7422, 7469, 7500, 7525, 7599, 7686, 7804, 7830, 7873, 7875, 7916, 7953, 7959, 8012, 8037, 8042, 8056, 8070, 8082, 8178, 8199, 8265, 8278, 8294, 8344, 8358, 8380, 8460, 8491, 8526, 8562, 8599, 8621, 8683, 8725, 8741, 8936, 9104, 9109, 9119, 9144, 9241, 9244, 9348, 9360, 9452, 9463, 9536, 9585, 9677, 9759, 9786, 9859, 9943]","[1235, 2487, 2775, 4052, 4528, 5060, 5469, 6880, 7334, 8012, 8294]","[105, 165, 177, 186, 191, 208, 237, 252, 265, 278, 336, 340, 380, 479, 507, 535, 633, 695, 699, 720, 728, 762, 777, 788, 968, 1006, 1010, 1017, 1096, 1110, 1143, 1146, 1219, 1252, 1300, 1327, 1406, 1436, 1459, 1461, 1471, 1550, 1632, 1660, 1690, 1708, 1715, 1787, 1798, 1914, 2000, 2056, 2111, 2170, 2252, 2268, 2343, 2468, 2472, 2527, 2561, 2584, 2649, 2668, 2694, 2720, 2722, 2850, 2906, 2919, 2928, 2946, 2988, 3036, 3053, 3102, 3199, 3209, 3245, 3278, 3289, 3378, 3563, 3571, 3577, 3766, 3868, 3954, 4155, 4168, 4182, 4256, 4331, 4358, 4381, 4424, 4546, 4612, 4624, 4698, 4716, 4725, 4731, 4782, 4801, 4883, 4903, 5000, 5047, 5064, 5145, 5203, 5304, 5311, 5419, 5425, 5473, 5517, 5654, 5656, 5679, 5709, 5736, 5803, 5851, 5869, 5928, 5956, 6054, 6085, 6130, 6152, 6320, 6356, 6463, 6595, 6614, 6624, 6633, 6700, 6751, 6775, 6800, 6817, 6828, 6933, 6942, 6948, 7026, 7068, 7078, 7095, 7101, 7119, 7188, 7213, 7260, 7290, 7341, 7349, 7418, 7422, 7469, 7500, 7525, 7599, 7686, 7804, 7830, 7873, 7875, 7916, 7953, 7959, 8037, 8042, 8056, 8070, 8082, 8178, 8199, 8265, 8278, 8344, 8358, 8380, 8460, 8491, 8526, 8562, 8599, 8621, 8683, 8725, 8741, 8936, 9104, 9109, 9119, 9144, 9241, 9244, 9348, 9360, 9452, 9463, 9536, 9585, 9677, 9759, 9786, 9859, 9943]","[1235, 2487, 2775, 4052, 4528, 5060, 5469, 6880, 7334, 8012, 8294]",10035,224,9811,11,213,9811,0
0.5,S49651,"[67, 84, 111, 140, 185, 229, 246, 259, 322, 471, 605, 718, 720, 722, 724, 726, 728, 730, 732, 734, 736, 738, 740, 799, 823, 825, 891, 912, 966, 985, 1117, 1173, 1185, 1189, 1198, 1229, 1390, 1652, 1663, 1744, 1765, 1935, 2037, 2095, 2243, 2254, 2378, 2476, 2533, 2677, 2684, 2692, 2786, 2790, 2802, 2804, 2806, 2819, 2913, 2918, 2922, 2955, 3026, 3052, 3097, 3174, 3197, 3251, 3255, 3299, 3322, 3440, 3457, 3459, 3554, 3566, 3571, 3623, 3680, 3702, 3712, 3781, 3786, 3856, 3867, 3931, 3998, 4033, 4091, 4122, 4132, 4137, 4141, 4212, 4242, 4366, 4439, 4449, 4470, 4518, 4577, 4620, 4624, 4681, 4747, 4802, 4849, 4864, 4957, 4968, 4992, 4996, 5004, 5039, 5230, 5264, 5275, 5347, 5384, 5441]","[1652, 2786, 3255, 4137]","[67, 84, 111, 140, 185, 229, 246, 259, 322, 471, 605, 718, 720, 722, 724, 726, 728, 730, 732, 734, 736, 738, 740, 799, 823, 825, 891, 912, 966, 985, 1117, 1173, 1185, 1189, 1198, 1229, 1390, 1663, 1744, 1765, 1935, 2037, 2095, 2243, 2254, 2378, 2476, 2533, 2677, 2684, 2692, 2790, 2802, 2804, 2806, 2819, 2913, 2918, 2922, 2955, 3026, 3052, 3097, 3174, 3197, 3251, 3299, 3322, 3440, 3457, 3459, 3554, 3566, 3571, 3623, 3680, 3702, 3712, 3781, 3786, 3856, 3867, 3931, 3998, 4033, 4091, 4122, 4132, 4141, 4212, 4242, 4366, 4439, 4449, 4470, 4518, 4577, 4620, 4624, 4681, 4747, 4802, 4849, 4864, 4957, 4968, 4992, 4996, 5004, 5039, 5230, 5264, 5275, 5347, 5384, 5441]","[1652, 2786, 3255, 4137]",5440,120,5320,4,116,5320,0
0.5,S57980,"[17, 44, 104, 236, 305, 383, 417, 437, 443, 457, 493, 498, 527, 537, 569, 720, 732, 782, 819, 875, 919, 963, 1073, 1127, 1178, 1218, 1250, 1261, 1306, 1333, 1394, 1411, 1413, 1415, 1417, 1419, 1421, 1423, 1425, 1427, 1429, 1431, 1433, 1435, 1437, 1439, 1441, 1443, 1445, 1447, 1449, 1451, 1453, 1455, 1491, 1574, 1722, 1737, 1786, 1837, 1869, 2010, 2024, 2106, 2161, 2191, 2198, 2226, 2296, 2319, 2354, 2404, 2549, 2554, 2567, 2589, 2616, 2700, 2744, 2748, 2764, 2855, 2861, 2921, 3018, 3058, 3108, 3119, 3157, 3244, 3322, 3374, 3415, 3419, 3421, 3482, 3500, 3556, 3583, 3645, 3656, 3678, 3688, 3697, 3716, 3726, 3746, 3748, 3775, 3798, 3823, 3833, 3839, 3914, 4046, 4053, 4234, 4239, 4277, 4349, 4377, 4430, 4455, 4524, 4563, 4581, 4599, 4609, 4663, 4686, 4725, 4744, 4818, 4918, 4926, 4950, 4958, 5062, 5071, 5098, 5159, 5183, 5272, 5331, 5359, 5536, 5547, 5616, 5626, 5678, 5763, 5909, 5938, 5950, 5978, 6007, 6027, 6042, 6127, 6312, 6364, 6381, 6518, 6644, 6678, 6788, 6888, 6928, 6965, 6972, 6976, 7002, 7021, 7032, 7048, 7067, 7374, 7410, 7429, 7623, 7644]","[875, 3645, 4524]","[17, 44, 104, 236, 305, 383, 417, 437, 443, 457, 493, 498, 527, 537, 569, 720, 732, 782, 819, 919, 963, 1073, 1127, 1178, 1218, 1250, 1261, 1306, 1333, 1394, 1411, 1413, 1415, 1417, 1419, 1421, 1423, 1425, 1427, 1429, 1431, 1433, 1435, 1437, 1439, 1441, 1443, 1445, 1447, 1449, 1451, 1453, 1455, 1491, 1574, 1722, 1737, 1786, 1837, 1869, 2010, 2024, 2106, 2161, 2191, 2198, 2226, 2296, 2319, 2354, 2404, 2549, 2554, 2567, 2589, 2616, 2700, 2744, 2748, 2764, 2855, 2861, 2921, 3018, 3058, 3108, 3119, 3157, 3244, 3322, 3374, 3415, 3419, 3421, 3482, 3500, 3556, 3583, 3656, 3678, 3688, 3697, 3716, 3726, 3746, 3748, 3775, 3798, 3823, 3833, 3839, 3914, 4046, 4053, 4234, 4239, 4277, 4349, 4377, 4430, 4455, 4563, 4581, 4599, 4609, 4663, 4686, 4725, 4744, 4818, 4918, 4926, 4950, 4958, 5062, 5071, 5098, 5159, 5183, 5272, 5331, 5359, 5536, 5547, 5616, 5626, 5678, 5763, 5909, 5938, 5950, 5978, 6007, 6027, 6042, 6127, 6312, 6364, 6381, 6518, 6644, 6678, 6788, 6888, 6928, 6965, 6972, 6976, 7002, 7021, 7032, 7048, 7067, 7374, 7410, 7429, 7623, 7644]","[875, 3645, 4524]",7665,181,7484,3,178,7484,0
0.5,S62287,"[6, 10, 144, 185, 190, 194, 198, 230, 239, 353, 492, 546, 555, 560, 570, 705, 731, 737, 761, 841, 982, 1020, 1024, 1256, 1266, 1383, 1420, 1476, 1493, 1499, 1673, 1679, 1740, 1803, 1880, 1924, 1965, 1970, 2090, 2133, 2231, 2330, 2423, 2470, 2472, 2478, 2483, 2489, 2535, 2619, 2623, 2679, 2804, 2808, 2812, 2876, 2909, 2921, 2945, 2998, 3003, 3059, 3077, 3108, 3127, 3167, 3189, 3201, 3206, 3356, 3398, 3422]",[1266],"[6, 10, 144, 185, 190, 194, 198, 230, 239, 353, 492, 546, 555, 560, 570, 705, 731, 737, 761, 841, 982, 1020, 1024, 1256, 1383, 1420, 1476, 1493, 1499, 1673, 1679, 1740, 1803, 1880, 1924, 1965, 1970, 2090, 2133, 2231, 2330, 2423, 2470, 2472, 2478, 2483, 2489, 2535, 2619, 2623, 2679, 2804, 2808, 2812, 2876, 2909, 2921, 2945, 2998, 3003, 3059, 3077, 3108, 3127, 3167, 3189, 3201, 3206, 3356, 3398, 3422]",[1266],3425,72,3353,1,71,3353,0
0.5,S63697,"[9, 92, 142, 159, 280, 292, 349, 376, 435, 504, 527, 534, 664, 829, 894, 959, 1109, 1155, 1240, 1251, 1268, 1281, 1287]","[280, 829]","[9, 92, 142, 159, 292, 349, 376, 435, 504, 527, 534, 664, 894, 959, 1109, 1155, 1240, 1251, 1268, 1281, 1287]","[280, 829]",1331,23,1308,2,21,1308,0
0.5,S66606,"[7, 27, 152, 234, 238, 248, 315, 321, 325, 336, 340, 357, 379, 385, 418, 420, 424, 426, 428, 441, 494, 679, 686, 721, 759, 865, 869, 894, 902, 949, 958, 971, 987, 1049, 1073, 1076, 1080, 1085, 1218, 1397, 1562, 1615, 1639, 1678, 1727, 1766, 1773, 1846, 1859, 1866, 1875, 1913, 2048, 2094, 2099, 2113, 2249, 2259, 2332, 2485, 2506, 2518, 2520, 2533, 2537, 2706, 2710, 2760, 2815, 2853, 2902, 3054, 3147, 3365, 3479, 3487, 3522, 3557, 3576, 3613, 3617, 3621, 3625, 3627, 3631, 3643, 3656, 3660, 3675, 3723, 3818, 3893, 3899, 3903, 3982, 4067, 4156, 4182, 4200, 4214, 4335, 4353, 4518, 4530, 4598, 4622, 4624, 4626, 4628, 4640, 4658, 4664, 4706, 4785, 4811, 4952, 4965, 5023, 5178, 5219, 5224, 5430, 5517, 5586, 5603, 5644, 5694, 5707, 5713, 5754, 5780, 5868, 5890, 5911, 5936, 5958, 5987, 6086, 6095, 6116, 6159, 6167, 6171, 6181, 6183, 6222, 6235, 6255, 6296, 6301, 6356]","[2506, 2706, 3899, 4598]","[7, 27, 152, 234, 238, 248, 315, 321, 325, 336, 340, 357, 379, 385, 418, 420, 424, 426, 428, 441, 494, 679, 686, 721, 759, 865, 869, 894, 902, 949, 958, 971, 987, 1049, 1073, 1076, 1080, 1085, 1218, 1397, 1562, 1615, 1639, 1678, 1727, 1766, 1773, 1846, 1859, 1866, 1875, 1913, 2048, 2094, 2099, 2113, 2249, 2259, 2332, 2485, 2518, 2520, 2533, 2537, 2710, 2760, 2815, 2853, 2902, 3054, 3147, 3365, 3479, 3487, 3522, 3557, 3576, 3613, 3617, 3621, 3625, 3627, 3631, 3643, 3656, 3660, 3675, 3723, 3818, 3893, 3903, 3982, 4067, 4156, 4182, 4200, 4214, 4335, 4353, 4518, 4530, 4622, 4624, 4626, 4628, 4640, 4658, 4664, 4706, 4785, 4811, 4952, 4965, 5023, 5178, 5219, 5224, 5430, 5517, 5586, 5603, 5644, 5694, 5707, 5713, 5754, 5780, 5868, 5890, 5911, 5936, 5958, 5987, 6086, 6095, 6116, 6159, 6167, 6171, 6181, 6183, 6222, 6235, 6255, 6296, 6301, 6356]","[2506, 2706, 3899, 4598]",6359,151,6208,4,147,6208,0
0.5,S67057,"[11, 49, 66, 83, 98, 154, 278, 299, 318, 322, 361, 408, 503, 593, 730, 803, 840, 859, 953, 981, 989, 1005, 1150, 1163, 1179, 1205, 1274, 1284, 1297, 1304, 1360, 1382, 1408, 1418, 1445, 1455, 1533, 1535, 1595, 1600, 1649, 1720]",[840],"[11, 49, 66, 83, 98, 154, 278, 299, 318, 322, 361, 408, 503, 593, 730, 803, 859, 953, 981, 989, 1005, 1150, 1163, 1179, 1205, 1274, 1284, 1297, 1304, 1360, 1382, 1408, 1418, 1445, 1455, 1533, 1535, 1595, 1600, 1649, 1720]",[840],1746,42,1704,1,41,1704,0
0.5,S69277,"[56, 142, 151, 158, 194, 207, 267, 317, 351, 432, 455, 466, 574, 734, 844, 857, 928, 1007, 1028, 1057, 1177, 1216, 1256, 1299, 1342, 1428, 1518, 1591, 1679, 1706, 1731, 1783, 1914, 1967, 1971, 1977, 2041, 2058, 2069, 2074, 2082, 2094, 2101, 2103, 2118, 2312, 2321, 2353, 2426, 2435, 2538, 2660, 2734, 2742, 2759, 2776, 2783, 2810, 2852, 2875, 2924, 2934, 2951, 2954, 3068, 3072, 3098, 3146, 3157, 3199, 3229, 3267, 3285, 3316, 3377, 3385, 3431, 3471, 3521, 3723, 3839, 3873, 3928, 3984, 3995, 4089, 4103, 4107, 4215, 4233, 4307, 4348, 4354, 4385, 4488, 4517, 4556, 4726, 4790, 4852, 4894, 4903, 5009, 5063, 5097, 5133, 5155, 5172, 5187, 5236, 5271, 5286, 5304, 5329, 5342, 5350, 5378, 5421, 5437, 5456, 5493]","[3098, 3316, 3521, 3839, 4103]","[56, 142, 151, 158, 194, 207, 267, 317, 351, 432, 455, 466, 574, 734, 844, 857, 928, 1007, 1028, 1057, 1177, 1216, 1256, 1299, 1342, 1428, 1518, 1591, 1679, 1706, 1731, 1783, 1914, 1967, 1971, 1977, 2041, 2058, 2069, 2074, 2082, 2094, 2101, 2103, 2118, 2312, 2321, 2353, 2426, 2435, 2538, 2660, 2734, 2742, 2759, 2776, 2783, 2810, 2852, 2875, 2924, 2934, 2951, 2954, 3068, 3072, 3146, 3157, 3199, 3229, 3267, 3285, 3377, 3385, 3431, 3471, 3723, 3873, 3928, 3984, 3995, 4089, 4107, 4215, 4233, 4307, 4348, 4354, 4385, 4488, 4517, 4556, 4726, 4790, 4852, 4894, 4903, 5009, 5063, 5097, 5133, 5155, 5172, 5187, 5236, 5271, 5286, 5304, 5329, 5342, 5350, 5378, 5421, 5437, 5456, 5493]","[3098, 3316, 3521, 3839, 4103]",5516,121,5395,5,116,5395,0
0.5,S69278,"[19, 27, 33, 62, 84, 158, 279, 323, 373, 461, 523, 547, 693, 716, 760, 846, 861, 996, 1069, 1184, 1196, 1219, 1351, 1402, 1406, 1412, 1421, 1484, 1495, 1500, 1505, 1520, 1527, 1529, 1544, 1549, 1561, 1567, 1579, 1597, 1601, 1697, 1804, 1813, 1845, 1918, 1927, 2152, 2226, 2234, 2251, 2275, 2302, 2338, 2344, 2367, 2416, 2426, 2443, 2446, 2560, 2564, 2590, 2656, 2667, 2709, 2739, 2777, 2795, 2820, 2826, 2835, 2846, 2887, 2895, 2941, 2981, 3031, 3231, 3347, 3381, 3444, 3453, 3547, 3561, 3565, 3639, 3662, 3680, 3754, 3795, 3832, 3964, 4004, 4111, 4174, 4236, 4240, 4340, 4349, 4456, 4551, 4609, 4621, 4643, 4669, 4766, 4782, 4802, 4829, 4854, 4880, 4923, 4958, 4983, 4995]","[2590, 2826, 3031, 3347, 3561]","[19, 27, 33, 62, 84, 158, 279, 323, 373, 461, 523, 547, 693, 716, 760, 846, 861, 996, 1069, 1184, 1196, 1219, 1351, 1402, 1406, 1412, 1421, 1484, 1495, 1500, 1505, 1520, 1527, 1529, 1544, 1549, 1561, 1567, 1579, 1597, 1601, 1697, 1804, 1813, 1845, 1918, 1927, 2152, 2226, 2234, 2251, 2275, 2302, 2338, 2344, 2367, 2416, 2426, 2443, 2446, 2560, 2564, 2656, 2667, 2709, 2739, 2777, 2795, 2820, 2835, 2846, 2887, 2895, 2941, 2981, 3231, 3381, 3444, 3453, 3547, 3565, 3639, 3662, 3680, 3754, 3795, 3832, 3964, 4004, 4111, 4174, 4236, 4240, 4340, 4349, 4456, 4551, 4609, 4621, 4643, 4669, 4766, 4782, 4802, 4829, 4854, 4880, 4923, 4958, 4983, 4995]","[2590, 2826, 3031, 3347, 3561]",5015,116,4899,5,111,4899,0
0.5,S69350,"[6, 50, 174, 235, 298, 377, 416, 485, 566, 593, 674, 676, 706, 830, 844, 940, 945, 1040, 1081, 1100, 1124, 1179, 1308, 1335, 1562, 1573, 1589, 1592, 1694, 1709, 1745, 1777, 1866, 1970, 2036, 2039, 2045, 2110, 2112, 2124, 2149]",[235],"[6, 50, 174, 298, 377, 416, 485, 566, 593, 674, 676, 706, 830, 844, 940, 945, 1040, 1081, 1100, 1124, 1179, 1308, 1335, 1562, 1573, 1589, 1592, 1694, 1709, 1745, 1777, 1866, 1970, 2036, 2039, 2045, 2110, 2112, 2124, 2149]",[235],2152,41,2111,1,40,2111,0
0.5,SAIEGLOBIM,"[21, 55, 221, 237, 271, 346, 453, 474, 541, 553, 588, 604, 609, 725, 766, 897, 957, 983, 987, 1001, 1033, 1066, 1085, 1175, 1180, 1188, 1194, 1299, 1317, 1323, 1329, 1333, 1347, 1397, 1425, 1444, 1448, 1542, 1547, 1553, 1598, 1622, 1654, 1691, 1763, 1777, 1812]","[237, 588]","[21, 55, 221, 271, 346, 453, 474, 541, 553, 604, 609, 725, 766, 897, 957, 983, 987, 1001, 1033, 1066, 1085, 1175, 1180, 1188, 1194, 1299, 1317, 1323, 1329, 1333, 1347, 1397, 1425, 1444, 1448, 1542, 1547, 1553, 1598, 1622, 1654, 1691, 1763, 1777, 1812]","[237, 588]",1826,47,1779,2,45,1779,0
0.5,SMIGCU,"[132, 136, 170, 239, 296, 305, 322, 340, 347, 395, 431, 520, 549, 571, 670, 677, 696, 746, 786, 799, 887, 911, 978, 1032, 1040, 1065, 1217, 1233, 1262, 1273, 1331, 1377, 1399, 1531, 1533, 1576, 1631, 1779, 1805, 1946, 1991, 2014, 2018, 2049, 2062, 2139, 2173, 2239, 2465, 2514, 2557, 2589, 2612, 2624, 2639, 2753, 2776, 2788, 2797, 2810]","[799, 1233, 1631]","[132, 136, 170, 239, 296, 305, 322, 340, 347, 395, 431, 520, 549, 571, 670, 677, 696, 746, 786, 887, 911, 978, 1032, 1040, 1065, 1217, 1262, 1273, 1331, 1377, 1399, 1531, 1533, 1576, 1779, 1805, 1946, 1991, 2014, 2018, 2049, 2062, 2139, 2173, 2239, 2465, 2514, 2557, 2589, 2612, 2624, 2639, 2753, 2776, 2788, 2797, 2810]","[799, 1233, 1631]",2833,60,2773,3,57,2773,0
0.5,SMNPRP1A,"[12, 26, 104, 215, 236, 310, 320, 345, 439, 601]",[215],"[12, 26, 104, 236, 310, 320, 345, 439, 601]",[215],623,10,613,1,9,613,0
0.5,SOEEGLOBIN,"[17, 21, 54, 147, 188, 220, 236, 270, 344, 349, 451, 472, 539, 586, 602, 607, 724, 765, 859, 867, 890, 935, 954, 1041, 1046, 1054, 1060, 1165, 1183, 1189, 1195, 1199, 1213, 1263, 1291, 1310, 1314, 1404, 1411, 1415, 1460, 1484, 1516, 1553, 1625, 1639, 1674]","[236, 586]","[17, 21, 54, 147, 188, 220, 270, 344, 349, 451, 472, 539, 602, 607, 724, 765, 859, 867, 890, 935, 954, 1041, 1046, 1054, 1060, 1165, 1183, 1189, 1195, 1199, 1213, 1263, 1291, 1310, 1314, 1404, 1411, 1415, 1460, 1484, 1516, 1553, 1625, 1639, 1674]","[236, 586]",1688,47,1641,2,45,1641,0
0.5,SSBAT1G,"[15, 54, 142, 234, 260, 274, 285, 366, 380, 456, 482, 486, 518, 534, 599, 743, 889, 920, 999, 1058, 1060, 1159, 1247, 1316, 1344, 1405, 1446, 1464, 1471, 1481, 1486, 1492, 1523, 1603, 1662, 1676, 1681, 1707, 1760, 1816, 1843, 1847, 1872, 1878, 1902, 1961, 2001, 2021, 2038, 2145, 2167, 2215, 2230, 2250, 2278, 2323, 2350, 2406, 2425, 2459, 2495, 2501, 2545, 2582, 2592, 2610, 2616, 2716, 2736, 2791, 2814, 2818, 2820, 2838, 2840, 2842, 2844, 2846, 2848, 2850, 2852, 2896, 2984, 2990, 2994, 3118, 3142, 3248, 3330, 3403, 3411, 3488, 3516, 3548, 3550, 3618, 3684, 3772, 3810, 3837, 3951, 3958, 3980, 4001, 4013, 4046, 4190, 4203, 4213, 4324, 4342, 4346, 4354, 4373, 4399, 4429, 4514, 4538, 4548, 4709, 4799, 4875, 4932, 4956, 4964, 5056, 5173, 5204, 5258, 5264, 5372, 5427, 5429, 5449, 5479, 5481, 5527, 5550, 5607, 5643, 5646, 5658, 5705, 5738, 5771, 5890, 5930, 6021, 6031, 6104, 6163, 6271, 6290, 6318, 6390, 6408, 6456, 6500, 6533, 6537, 6554, 6575, 6616, 6654, 6661, 6666, 6678, 6693, 6708, 6710, 6735, 6786, 6788, 6828, 6862, 6890, 6908, 6944, 6978, 6999, 7031, 7034, 7040, 7096, 7101, 7255, 7273, 7298, 7378, 7483, 7496, 7508, 7525, 7624, 7729, 7799, 7831, 7947, 7959, 7964, 8042, 8162, 8169, 8238, 8331, 8340, 8353, 8366, 8411, 8485, 8489, 8505, 8564, 8579, 8708, 8713, 8767, 8772, 8798, 8803, 8916, 9034, 9037, 9046, 9051, 9055, 9088, 9122, 9144, 9148, 9165, 9252, 9331, 9388, 9494, 9526, 9610, 9638, 9674, 9678, 9689, 9785, 9813, 9858, 9908, 9934, 9965, 10103, 10370, 10433, 10466, 10537]","[1316, 2215, 2582, 4538, 5771, 8238, 9144, 9388, 9674]","[15, 54, 142, 234, 260, 274, 285, 366, 380, 456, 482, 486, 518, 534, 599, 743, 889, 920, 999, 1058, 1060, 1159, 1247, 1344, 1405, 1446, 1464, 1471, 1481, 1486, 1492, 1523, 1603, 1662, 1676, 1681, 1707, 1760, 1816, 1843, 1847, 1872, 1878, 1902, 1961, 2001, 2021, 2038, 2145, 2167, 2230, 2250, 2278, 2323, 2350, 2406, 2425, 2459, 2495, 2501, 2545, 2592, 2610, 2616, 2716, 2736, 2791, 2814, 2818, 2820, 2838, 2840, 2842, 2844, 2846, 2848, 2850, 2852, 2896, 2984, 2990, 2994, 3118, 3142, 3248, 3330, 3403, 3411, 3488, 3516, 3548, 3550, 3618, 3684, 3772, 3810, 3837, 3951, 3958, 3980, 4001, 4013, 4046, 4190, 4203, 4213, 4324, 4342, 4346, 4354, 4373, 4399, 4429, 4514, 4548, 4709, 4799, 4875, 4932, 4956, 4964, 5056, 5173, 5204, 5258, 5264, 5372, 5427, 5429, 5449, 5479, 5481, 5527, 5550, 5607, 5643, 5646, 5658, 5705, 5738, 5890, 5930, 6021, 6031, 6104, 6163, 6271, 6290, 6318, 6390, 6408, 6456, 6500, 6533, 6537, 6554, 6575, 6616, 6654, 6661, 6666, 6678, 6693, 6708, 6710, 6735, 6786, 6788, 6828, 6862, 6890, 6908, 6944, 6978, 6999, 7031, 7034, 7040, 7096, 7101, 7255, 7273, 7298, 7378, 7483, 7496, 7508, 7525, 7624, 7729, 7799, 7831, 7947, 7959, 7964, 8042, 8162, 8169, 8331, 8340, 8353, 8366, 8411, 8485, 8489, 8505, 8564, 8579, 8708, 8713, 8767, 8772, 8798, 8803, 8916, 9034, 9037, 9046, 9051, 9055, 9088, 9122, 9148, 9165, 9252, 9331, 9494, 9526, 9610, 9638, 9678, 9689, 9785, 9813, 9858, 9908, 9934, 9965, 10103, 10370, 10433, 10466, 10537]","[1316, 2215, 2582, 4538, 5771, 8238, 9144, 9388, 9674]",10666,252,10414,9,243,10414,0
0.5,SSIKBAGE,"[14, 38, 60, 400, 470, 622, 699, 788, 923, 956, 1010, 1132, 1180, 1247, 1294, 1316, 1575, 1613, 1641, 1729, 1795, 1819, 1864, 1884, 1911, 1930, 2037, 2271, 2364, 2377, 2469, 2488, 2501, 2528, 2559, 2590, 2597, 2604, 2793, 2829, 2881, 2977, 3042, 3103, 3151, 3171, 3334, 3368, 3454, 3458, 3494, 3498, 3520, 3569, 3620, 3641, 3643, 3713, 3746, 3766, 3786, 3803, 3823, 3850, 3938, 3954, 3960, 3970, 4011, 4057, 4071, 4091, 4095, 4245, 4269, 4286, 4288, 4331, 4470, 4496, 4600, 4623, 4712, 4847, 4909, 4980, 5031, 5059, 5128, 5146, 5207, 5214, 5225, 5240, 5251, 5267, 5271, 5276, 5304, 5321, 5330, 5339, 5350, 5362, 5375, 5436, 5472, 5478, 5484, 5496, 5601, 5605, 5628, 5668, 5672]","[2469, 3151, 3713, 4091, 4470]","[14, 38, 60, 400, 470, 622, 699, 788, 923, 956, 1010, 1132, 1180, 1247, 1294, 1316, 1575, 1613, 1641, 1729, 1795, 1819, 1864, 1884, 1911, 1930, 2037, 2271, 2364, 2377, 2488, 2501, 2528, 2559, 2590, 2597, 2604, 2793, 2829, 2881, 2977, 3042, 3103, 3171, 3334, 3368, 3454, 3458, 3494, 3498, 3520, 3569, 3620, 3641, 3643, 3746, 3766, 3786, 3803, 3823, 3850, 3938, 3954, 3960, 3970, 4011, 4057, 4071, 4095, 4245, 4269, 4286, 4288, 4331, 4496, 4600, 4623, 4712, 4847, 4909, 4980, 5031, 5059, 5128, 5146, 5207, 5214, 5225, 5240, 5251, 5267, 5271, 5276, 5304, 5321, 5330, 5339, 5350, 5362, 5375, 5436, 5472, 5478, 5484, 5496, 5601, 5605, 5628, 5668, 5672]","[2469, 3151, 3713, 4091, 4470]",5756,115,5641,5,110,5641,0
0.5,SSPINT1B,"[65, 88, 126, 159, 179, 185, 206, 281, 358, 467, 587, 610, 684, 733, 735, 737, 739, 743, 812, 920, 948, 958, 1081, 1103, 1134, 1339, 1366, 1388, 1416, 1420, 1461, 1513, 1518, 1522, 1536, 1550, 1615, 1617, 1696, 1716, 1718, 1818, 1845, 1860, 1909, 1933, 1954, 1971, 1987, 1993, 2022, 2084, 2096, 2127, 2234, 2252, 2320, 2421, 2498, 2551, 2648, 2673, 2734, 2740, 2759, 2775, 2800, 2929, 2935, 2993, 3035, 3132, 3206, 3328, 3399, 3407, 3428, 3433, 3463, 3476, 3501, 3523, 3530, 3560, 3706, 3803, 3809, 3851, 3858, 3903, 4010, 4033, 4074, 4102, 4159, 4178, 4293, 4360, 4411, 4577, 4582, 4628, 4768, 4793, 4822, 4824, 5029, 5119, 5133, 5181, 5245, 5288, 5315, 5367, 5371, 5424, 5492, 5499, 5551, 5555, 5577, 5742, 5759, 5762, 5803, 5813, 5842, 5976, 6144, 6158, 6247, 6527, 6556, 6569, 6605, 6609, 6613, 6677, 6730, 6746, 6774, 6790, 6878, 6922, 7102, 7266, 7326, 7331, 7482, 7494, 7666, 7670, 7761, 7859, 7953, 7957, 8001, 8005, 8049, 8053, 8139, 8233, 8246, 8264, 8304, 8380, 8387, 8448, 8459, 8517, 8541, 8611, 8635, 8673, 8731, 8735]","[1971, 2551, 3903, 5245, 6605]","[65, 88, 126, 159, 179, 185, 206, 281, 358, 467, 587, 610, 684, 733, 735, 737, 739, 743, 812, 920, 948, 958, 1081, 1103, 1134, 1339, 1366, 1388, 1416, 1420, 1461, 1513, 1518, 1522, 1536, 1550, 1615, 1617, 1696, 1716, 1718, 1818, 1845, 1860, 1909, 1933, 1954, 1987, 1993, 2022, 2084, 2096, 2127, 2234, 2252, 2320, 2421, 2498, 2648, 2673, 2734, 2740, 2759, 2775, 2800, 2929, 2935, 2993, 3035, 3132, 3206, 3328, 3399, 3407, 3428, 3433, 3463, 3476, 3501, 3523, 3530, 3560, 3706, 3803, 3809, 3851, 3858, 4010, 4033, 4074, 4102, 4159, 4178, 4293, 4360, 4411, 4577, 4582, 4628, 4768, 4793, 4822, 4824, 5029, 5119, 5133, 5181, 5288, 5315, 5367, 5371, 5424, 5492, 5499, 5551, 5555, 5577, 5742, 5759, 5762, 5803, 5813, 5842, 5976, 6144, 6158, 6247, 6527, 6556, 6569, 6609, 6613, 6677, 6730, 6746, 6774, 6790, 6878, 6922, 7102, 7266, 7326, 7331, 7482, 7494, 7666, 7670, 7761, 7859, 7953, 7957, 8001, 8005, 8049, 8053, 8139, 8233, 8246, 8264, 8304, 8380, 8387, 8448, 8459, 8517, 8541, 8611, 8635, 8673, 8731, 8735]","[1971, 2551, 3903, 5245, 6605]",8743,176,8567,5,171,8567,0
0.5,TAPROTP1,"[7, 27, 114, 230, 284, 331, 489]",[230],"[7, 27, 114, 284, 331, 489]",[230],547,7,540,1,6,540,0
0.5,TARHBE,"[30, 71, 76, 103, 119, 153, 202, 228, 330, 351, 400, 418, 430, 444, 465, 469, 548, 570, 602, 644, 818, 881, 948, 1076, 1093, 1106, 1110, 1124, 1167, 1172, 1202, 1221, 1225, 1291, 1298, 1347, 1353, 1371, 1403, 1513, 1527, 1645]","[119, 465]","[30, 71, 76, 103, 153, 202, 228, 330, 351, 400, 418, 430, 444, 469, 548, 570, 602, 644, 818, 881, 948, 1076, 1093, 1106, 1110, 1124, 1167, 1172, 1202, 1221, 1225, 1291, 1298, 1347, 1353, 1371, 1403, 1513, 1527, 1645]","[119, 465]",1682,42,1640,2,40,1640,0
0.5,TARHBG,"[58, 77, 217, 227, 265, 276, 462, 473, 494, 573, 608, 652, 658, 704, 735, 773, 781, 970, 1025, 1032, 1061, 1101, 1217, 1219, 1235, 1263, 1289, 1308, 1344, 1372, 1472, 1488, 1517, 1521, 1525, 1544, 1610, 1620, 1670, 1676, 1772, 1822, 1940, 2054, 2059, 2072, 2076, 2086, 2088, 2095, 2128]",[265],"[58, 77, 217, 227, 276, 462, 473, 494, 573, 608, 652, 658, 704, 735, 773, 781, 970, 1025, 1032, 1061, 1101, 1217, 1219, 1235, 1263, 1289, 1308, 1344, 1372, 1472, 1488, 1517, 1521, 1525, 1544, 1610, 1620, 1670, 1676, 1772, 1822, 1940, 2054, 2059, 2072, 2076, 2086, 2088, 2095, 2128]","[265, 612]",2139,51,2088,1,50,2087,1
0.5,TFLPA2P1,"[68, 121, 199, 237, 266, 272, 326, 374, 376, 439, 459, 524, 540, 589, 596, 600, 613, 650, 670, 883, 896, 906, 972, 980, 1001, 1103, 1124, 1228, 1293, 1311, 1373, 1535, 1566, 1682, 1711, 1749, 1838, 1848, 1863, 1894, 1926, 1991, 2031, 2035, 2039, 2108, 2229, 2240, 2406, 2495, 2667, 2690]","[596, 972, 1749]","[68, 121, 199, 237, 266, 272, 326, 374, 376, 439, 459, 524, 540, 589, 600, 613, 650, 670, 883, 896, 906, 980, 1001, 1103, 1124, 1228, 1293, 1311, 1373, 1535, 1566, 1682, 1711, 1838, 1848, 1863, 1894, 1926, 1991, 2031, 2035, 2039, 2108, 2229, 2240, 2406, 2495, 2667, 2690]","[596, 972, 1749]",2708,52,2656,3,49,2656,0
0.5,TFLPA2P2,"[68, 73, 199, 237, 266, 368, 370, 433, 518, 534, 583, 590, 594, 607, 644, 664, 874, 890, 900, 935, 959, 966, 974, 995, 1017, 1070, 1097, 1118, 1222, 1286, 1304, 1565, 1596, 1716, 1783, 1872, 1882, 1897, 1928, 1960, 2025, 2068, 2072, 2076, 2253, 2263, 2274]","[590, 966, 1783]","[68, 73, 199, 237, 266, 368, 370, 433, 518, 534, 583, 594, 607, 644, 664, 874, 890, 900, 935, 959, 974, 995, 1017, 1070, 1097, 1118, 1222, 1286, 1304, 1565, 1596, 1716, 1872, 1882, 1897, 1928, 1960, 2025, 2068, 2072, 2076, 2253, 2263, 2274]","[590, 966, 1783]",2431,47,2384,3,44,2384,0
0.5,TFLPA2P3,"[68, 121, 199, 237, 266, 272, 326, 374, 376, 439, 459, 524, 540, 589, 596, 600, 613, 650, 670, 883, 896, 906, 972, 980, 1001, 1103, 1124, 1228, 1293, 1311, 1373, 1535, 1566, 1682, 1711, 1749, 1838, 1848, 1863, 1894, 1926, 1991, 2031, 2035, 2039, 2108, 2229, 2240, 2406, 2495, 2667, 2690]","[596, 972, 1749]","[68, 121, 199, 237, 266, 272, 326, 374, 376, 439, 459, 524, 540, 589, 600, 613, 650, 670, 883, 896, 906, 980, 1001, 1103, 1124, 1228, 1293, 1311, 1373, 1535, 1566, 1682, 1711, 1838, 1848, 1863, 1894, 1926, 1991, 2031, 2035, 2039, 2108, 2229, 2240, 2406, 2495, 2667, 2690]","[596, 972, 1749]",2708,52,2656,3,49,2656,0
0.5,TFLPA2P4,"[68, 73, 199, 237, 266, 368, 370, 433, 518, 534, 583, 590, 594, 607, 644, 664, 874, 890, 900, 935, 959, 966, 974, 995, 1017, 1070, 1097, 1118, 1222, 1286, 1304, 1565, 1596, 1716, 1783, 1872, 1882, 1897, 1928, 1960, 2025, 2068, 2072, 2076, 2253, 2263, 2274]","[590, 966, 1783]","[68, 73, 199, 237, 266, 368, 370, 433, 518, 534, 583, 594, 607, 644, 664, 874, 890, 900, 935, 959, 974, 995, 1017, 1070, 1097, 1118, 1222, 1286, 1304, 1565, 1596, 1716, 1872, 1882, 1897, 1928, 1960, 2025, 2068, 2072, 2076, 2253, 2263, 2274]","[590, 966, 1783]",2431,47,2384,3,44,2384,0
0.5,TGLHBB,"[78, 144, 155, 159, 265, 277, 430, 471, 481, 500, 519, 590, 598, 712, 735, 753, 766, 774, 867, 888, 892, 997, 999, 1043, 1089, 1106, 1112, 1116, 1122, 1142, 1209, 1214, 1249, 1256, 1270, 1272, 1360, 1365, 1440, 1472, 1498, 1530, 1619, 1699, 1704, 1733, 1742, 1764, 1770, 1871, 1906, 2002, 2034, 2119, 2197, 2225, 2233, 2288]","[519, 888]","[78, 144, 155, 159, 265, 277, 430, 471, 481, 500, 590, 598, 712, 735, 753, 766, 774, 867, 892, 997, 999, 1043, 1089, 1106, 1112, 1116, 1122, 1142, 1209, 1214, 1249, 1256, 1270, 1272, 1360, 1365, 1440, 1472, 1498, 1530, 1619, 1699, 1704, 1733, 1742, 1764, 1770, 1871, 1906, 2002, 2034, 2119, 2197, 2225, 2233, 2288]","[519, 888]",2300,58,2242,2,56,2242,0
0.5,TIOPRP1A,"[12, 26, 101, 212, 233, 276, 315, 374, 536]",[212],"[12, 26, 101, 233, 276, 315, 374, 536]",[212],556,9,547,1,8,547,0
0.5,U00432,"[23, 83, 167, 237, 243, 281, 290, 343, 389, 437, 468, 473, 598, 658, 778, 793, 844, 936, 975, 1070, 1101, 1105, 1203, 1287, 1312, 1459]","[83, 237, 793, 1101, 1312]","[23, 167, 243, 281, 290, 343, 389, 437, 468, 473, 598, 658, 778, 844, 936, 975, 1070, 1105, 1203, 1287, 1459]","[83, 237, 793, 1101, 1312]",1575,26,1549,5,21,1549,0
0.5,U00433,"[23, 36, 44, 83, 199, 267, 271, 305, 311, 326, 557, 617, 752, 805, 897, 936, 976, 1031, 1162, 1245, 1270, 1373, 1424]","[83, 267, 752, 1270]","[23, 36, 44, 199, 271, 305, 311, 326, 557, 617, 805, 897, 936, 976, 1031, 1162, 1245, 1373, 1424]","[83, 267, 752, 1062, 1270]",1545,23,1522,4,19,1521,1
0.5,U00454,"[38, 82, 131, 148, 168, 228, 259, 333, 337, 413, 520, 530, 536, 546, 596, 670, 673, 676, 685, 687, 691, 753, 772, 849, 941, 951, 1011, 1031, 1036, 1062, 1066, 1090, 1098, 1111, 1153, 1167, 1181, 1192, 1263, 1330, 1340, 1349, 1551, 1598, 1605, 1624, 1631, 1635, 1705, 1749, 1763, 1804, 1843, 1897, 1923, 1967, 2041, 2045, 2071, 2117, 2220, 2252, 2269, 2315, 2319, 2363, 2371, 2382, 2391, 2393, 2406, 2437, 2555, 2631, 2649, 2673, 2760, 2763, 2781, 2823, 2886, 2901, 2907, 2925, 2939, 2958, 2969, 2990, 3043, 3067, 3115, 3118, 3201, 3276, 3279, 3319, 3350, 3392, 3432, 3447, 3464, 3483, 3516, 3622, 3754, 3781, 3808, 3905, 4043, 4095, 4103, 4179, 4195, 4256, 4263, 4269, 4276, 4328, 4362, 4507, 4509, 4516, 4529, 4573, 4577, 4596, 4644, 4653, 4715, 4745, 4824, 4862, 4882, 4916, 5011, 5041, 5094, 5303, 5361, 5366, 5448, 5617, 5625, 5640, 5653, 5667, 5705, 5748, 5760, 5820, 5824, 5872, 5894, 6076, 6090, 6111, 6197, 6212, 6258, 6444, 6546, 6565, 6580, 6586, 6606, 6743, 6746, 6782, 6800, 6810, 6814, 6876, 6887, 6996, 7041, 7052, 7057, 7067]","[1598, 4862]","[38, 82, 131, 148, 168, 228, 259, 333, 337, 413, 520, 530, 536, 546, 596, 670, 673, 676, 685, 687, 691, 753, 772, 849, 941, 951, 1011, 1031, 1036, 1062, 1066, 1090, 1098, 1111, 1153, 1167, 1181, 1192, 1263, 1330, 1340, 1349, 1551, 1605, 1624, 1631, 1635, 1705, 1749, 1763, 1804, 1843, 1897, 1923, 1967, 2041, 2045, 2071, 2117, 2220, 2252, 2269, 2315, 2319, 2363, 2371, 2382, 2391, 2393, 2406, 2437, 2555, 2631, 2649, 2673, 2760, 2763, 2781, 2823, 2886, 2901, 2907, 2925, 2939, 2958, 2969, 2990, 3043, 3067, 3115, 3118, 3201, 3276, 3279, 3319, 3350, 3392, 3432, 3447, 3464, 3483, 3516, 3622, 3754, 3781, 3808, 3905, 4043, 4095, 4103, 4179, 4195, 4256, 4263, 4269, 4276, 4328, 4362, 4507, 4509, 4516, 4529, 4573, 4577, 4596, 4644, 4653, 4715, 4745, 4824, 4882, 4916, 5011, 5041, 5094, 5303, 5361, 5366, 5448, 5617, 5625, 5640, 5653, 5667, 5705, 5748, 5760, 5820, 5824, 5872, 5894, 6076, 6090, 6111, 6197, 6212, 6258, 6444, 6546, 6565, 6580, 6586, 6606, 6743, 6746, 6782, 6800, 6810, 6814, 6876, 6887, 6996, 7041, 7052, 7057, 7067]","[1598, 4862]",7192,178,7014,2,176,7014,0
0.5,U00938,"[34, 60, 71, 75, 92, 102, 109, 143, 151, 247, 254, 262, 414, 442, 492, 507, 519, 556, 640, 692, 698, 777, 832, 882, 893, 912, 982, 987, 1133, 1169, 1173, 1248, 1253, 1398, 1454, 1463, 1465, 1516, 1550, 1711, 1853, 1904, 1917, 1921, 1930, 2068, 2080, 2179, 2207, 2312, 2384, 2442, 2458, 2588, 2611, 2661, 2663, 2715, 2719, 2742, 2752, 2773, 2789, 2801, 2805, 2824, 2837, 2874, 2914, 2974, 3013, 3017, 3064, 3067, 3079, 3083, 3110, 3117, 3210, 3231, 3311, 3377, 3397, 3427, 3444, 3493, 3587, 3601, 3604, 3617, 3659, 3687, 3702, 3763, 3786, 3894, 3908, 3924, 4035, 4070, 4114, 4186, 4207, 4272, 4416, 4761, 4788, 4791, 4796, 5011, 5023, 5071, 5084, 5092, 5095, 5131, 5134, 5138, 5145, 5149, 5155, 5159, 5195, 5202, 5236, 5261, 5375, 5436, 5452, 5570, 5572, 5574, 5591, 5640, 5733, 5745, 5809, 5894, 5910, 5914, 5962, 5966, 5970, 6009, 6050, 6158, 6198, 6274, 6276, 6285, 6318, 6412, 6467, 6482, 6668, 6711, 6726, 6731, 6763]","[1169, 4070, 5155]","[34, 60, 71, 75, 92, 102, 109, 143, 151, 247, 254, 262, 414, 442, 492, 507, 519, 556, 640, 692, 698, 777, 832, 882, 893, 912, 982, 987, 1133, 1173, 1248, 1253, 1398, 1454, 1463, 1465, 1516, 1550, 1711, 1853, 1904, 1917, 1921, 1930, 2068, 2080, 2179, 2207, 2312, 2384, 2442, 2458, 2588, 2611, 2661, 2663, 2715, 2719, 2742, 2752, 2773, 2789, 2801, 2805, 2824, 2837, 2874, 2914, 2974, 3013, 3017, 3064, 3067, 3079, 3083, 3110, 3117, 3210, 3231, 3311, 3377, 3397, 3427, 3444, 3493, 3587, 3601, 3604, 3617, 3659, 3687, 3702, 3763, 3786, 3894, 3908, 3924, 4035, 4114, 4186, 4207, 4272, 4416, 4761, 4788, 4791, 4796, 5011, 5023, 5071, 5084, 5092, 5095, 5131, 5134, 5138, 5145, 5149, 5159, 5195, 5202, 5236, 5261, 5375, 5436, 5452, 5570, 5572, 5574, 5591, 5640, 5733, 5745, 5809, 5894, 5910, 5914, 5962, 5966, 5970, 6009, 6050, 6158, 6198, 6274, 6276, 6285, 6318, 6412, 6467, 6482, 6668, 6711, 6726, 6731, 6763]","[1169, 4070, 5155]",6780,159,6621,3,156,6621,0
0.5,U01026,"[9, 44, 52, 88, 140, 203, 262, 419, 428, 433, 492, 507, 525, 545, 580, 687, 725, 824, 848, 853, 901, 978, 1016, 1024, 1045, 1105, 1148, 1153, 1155, 1207, 1227, 1292, 1308, 1357, 1364, 1368, 1381, 1419, 1444, 1597, 1627, 1670, 1746, 1754, 1775, 1902, 1927, 2006, 2071, 2089, 2154, 2316, 2347, 2353, 2530, 2537, 2626, 2636, 2651, 2714, 2760, 2779, 2809, 2826, 2830, 2865, 3017, 3028, 3194]","[1364, 1746, 2537]","[9, 44, 52, 88, 140, 203, 262, 419, 428, 433, 492, 507, 525, 545, 580, 687, 725, 824, 848, 853, 901, 978, 1016, 1024, 1045, 1105, 1148, 1153, 1155, 1207, 1227, 1292, 1308, 1357, 1368, 1381, 1419, 1444, 1597, 1627, 1670, 1754, 1775, 1902, 1927, 2006, 2071, 2089, 2154, 2316, 2347, 2353, 2530, 2626, 2636, 2651, 2714, 2760, 2779, 2809, 2826, 2830, 2865, 3017, 3028, 3194]","[1364, 1746, 2537]",3216,69,3147,3,66,3147,0
0.5,U01027,"[26, 50, 55, 103, 218, 226, 248, 309, 352, 357, 359, 414, 434, 499, 515, 564, 571, 575, 588, 625, 645, 798, 947, 955, 976, 1103, 1128, 1207, 1272, 1290, 1355, 1506, 1526, 1651, 1692, 1696, 1710, 1799, 1809, 1824, 1887, 1933, 1982, 1999, 2003, 2048, 2054, 2192, 2358, 2568, 2625, 2740]","[571, 947, 1710]","[26, 50, 55, 103, 218, 226, 248, 309, 352, 357, 359, 414, 434, 499, 515, 564, 575, 588, 625, 645, 798, 955, 976, 1103, 1128, 1207, 1272, 1290, 1355, 1506, 1526, 1651, 1692, 1696, 1799, 1809, 1824, 1887, 1933, 1982, 1999, 2003, 2048, 2054, 2192, 2358, 2568, 2625, 2740]","[571, 947, 1710]",2761,52,2709,3,49,2709,0
0.5,U01844,"[64, 68, 82, 94, 267, 299, 304, 434, 476, 490, 515, 541, 554, 561, 593, 596, 613, 619, 623, 653, 663, 679, 684, 874, 927, 1009, 1082, 1094, 1142, 1180, 1197, 1243, 1307, 1330, 1335, 1450, 1462, 1472, 1503, 1517, 1525, 1559, 1571, 1589, 1602, 1618, 1650, 1703, 1770, 1803, 1919, 1986, 1990, 2001, 2003, 2019, 2038, 2090, 2141, 2219, 2250, 2273, 2292, 2309, 2395, 2411, 2474, 2513, 2531, 2553, 2576, 2585, 2653, 2685, 2792, 2935, 3097, 3113, 3134, 3140, 3172, 3175, 3211, 3224, 3253, 3256, 3403, 3408, 3498, 3520, 3580, 3608, 3720, 3781, 3804, 3843, 3868, 3905, 3984, 4080, 4094, 4102, 4108, 4130, 4143]","[1986, 2141, 2474, 2653, 3211]","[64, 68, 82, 94, 267, 299, 304, 434, 476, 490, 515, 541, 554, 561, 593, 596, 613, 619, 623, 653, 663, 679, 684, 874, 927, 1009, 1082, 1094, 1142, 1180, 1197, 1243, 1307, 1330, 1335, 1450, 1462, 1472, 1503, 1517, 1525, 1559, 1571, 1589, 1602, 1618, 1650, 1703, 1770, 1803, 1919, 1990, 2001, 2003, 2019, 2038, 2090, 2219, 2250, 2273, 2292, 2309, 2395, 2411, 2513, 2531, 2553, 2576, 2585, 2685, 2792, 2935, 3097, 3113, 3134, 3140, 3172, 3175, 3224, 3253, 3256, 3403, 3408, 3498, 3520, 3580, 3608, 3720, 3781, 3804, 3843, 3868, 3905, 3984, 4080, 4094, 4102, 4108, 4130, 4143]","[1986, 2141, 2474, 2653, 3211]",4219,105,4114,5,100,4114,0
0.5,XELCRPGA,"[95, 274, 279, 285, 340, 407, 508, 631, 709, 721, 726, 730, 786, 818, 837, 842, 885, 892, 958, 1006, 1021, 1096, 1103, 1188, 1230, 1238, 1328, 1343, 1419, 1422, 1520, 1616, 1680, 1686, 1871, 1883, 1888, 2002, 2006, 2139, 2143, 2224, 2252, 2377, 2431, 2438, 2445, 2504, 2699, 2779, 2788, 2802, 2815, 2838, 2876, 2920, 2953, 2961, 2983, 3163, 3197, 3199, 3252, 3335, 3338, 3364, 3368, 3377, 3390, 3427, 3497, 3527, 3551, 3564, 3580, 3611, 3626, 3701, 3735, 3770, 3794, 3829, 3849, 3852, 3886]",[1096],"[95, 274, 279, 285, 340, 407, 508, 631, 709, 721, 726, 730, 786, 818, 837, 842, 885, 892, 958, 1006, 1021, 1103, 1188, 1230, 1238, 1328, 1343, 1419, 1422, 1520, 1616, 1680, 1686, 1871, 1883, 1888, 2002, 2006, 2139, 2143, 2224, 2252, 2377, 2431, 2438, 2445, 2504, 2699, 2779, 2788, 2802, 2815, 2838, 2876, 2920, 2953, 2961, 2983, 3163, 3197, 3199, 3252, 3335, 3338, 3364, 3368, 3377, 3390, 3427, 3497, 3527, 3551, 3564, 3580, 3611, 3626, 3701, 3735, 3770, 3794, 3829, 3849, 3852, 3886]",[1096],3891,85,3806,1,84,3806,0
0.5,XELCRYB,"[8, 75, 125, 129, 155, 162, 170, 179, 196, 200, 258, 313, 355, 398, 575, 582, 592, 605, 609, 706, 832, 885, 911, 945, 990, 1037, 1127, 1185, 1208, 1295, 1326, 1361, 1417, 1432, 1462, 1500, 1514, 1699, 1768, 1772, 1807, 1905, 1944, 1995]","[706, 1326]","[8, 75, 125, 129, 155, 162, 170, 179, 196, 200, 258, 313, 355, 398, 575, 582, 592, 605, 609, 832, 885, 911, 945, 990, 1037, 1127, 1185, 1208, 1295, 1361, 1417, 1432, 1462, 1500, 1514, 1699, 1768, 1772, 1807, 1905, 1944, 1995]","[706, 1326]",2049,44,2005,2,42,2005,0
0.5,XELHBBC,"[11, 32, 37, 178, 196, 263, 267, 388, 404, 414, 514, 556, 564, 567, 678, 715, 837, 851, 858, 964, 989, 1057, 1062, 1089, 1206, 1233, 1242, 1290, 1304, 1352, 1367, 1413, 1418, 1432, 1526, 1729, 1784, 1832, 1844, 1916]","[263, 678]","[11, 32, 37, 178, 196, 267, 388, 404, 414, 514, 556, 564, 567, 715, 837, 851, 858, 964, 989, 1057, 1062, 1089, 1206, 1233, 1242, 1290, 1304, 1352, 1367, 1413, 1418, 1432, 1526, 1729, 1784, 1832, 1844, 1916]","[263, 678]",1981,40,1941,2,38,1941,0
0.5,XLACTA,"[108, 145, 165, 184, 278, 309, 404, 442, 444, 483, 497, 553, 623, 635, 701, 938, 941, 957, 969, 1084, 1098, 1201, 1226, 1260, 1286, 1349, 1382, 1414, 1466, 1596, 1758, 1791, 1807, 1812, 1818, 1865, 1941, 2047, 2062, 2094, 2121, 2129, 2182, 2186, 2191, 2198, 2260, 2299, 2357, 2366, 2368, 2381, 2464, 2466, 2492, 2494, 2550, 2570, 2591, 2610, 2648, 2654, 2790, 2962, 3010, 3135, 3148, 3197, 3294, 3351, 3422, 3477, 3516, 3544, 3552, 3556, 3579, 3607, 3623, 3640, 3703, 3766, 3815, 3859, 3868, 3913, 3976, 3994, 4000, 4014, 4030, 4075, 4138, 4242, 4272, 4296, 4335, 4346, 4370, 4409, 4420, 4444, 4453, 4483, 4494, 4518, 4557, 4568, 4592, 4667, 4781, 4804, 4845, 4905, 4918, 4946, 4961, 4995, 5012, 5022, 5045, 5048, 5058, 5066, 5078, 5128, 5203, 5242, 5312, 5338, 5353, 5406, 5441, 5483, 5509, 5550, 5561, 5665, 5701, 5733, 5766, 5795, 5898]","[2591, 3868, 4138, 4845, 5128]","[108, 145, 165, 184, 278, 309, 404, 442, 444, 483, 497, 553, 623, 635, 701, 938, 941, 957, 969, 1084, 1098, 1201, 1226, 1260, 1286, 1349, 1382, 1414, 1466, 1596, 1758, 1791, 1807, 1812, 1818, 1865, 1941, 2047, 2062, 2094, 2121, 2129, 2182, 2186, 2191, 2198, 2260, 2299, 2357, 2366, 2368, 2381, 2464, 2466, 2492, 2494, 2550, 2570, 2610, 2648, 2654, 2790, 2962, 3010, 3135, 3148, 3197, 3294, 3351, 3422, 3477, 3516, 3544, 3552, 3556, 3579, 3607, 3623, 3640, 3703, 3766, 3815, 3859, 3913, 3976, 3994, 4000, 4014, 4030, 4075, 4242, 4272, 4296, 4335, 4346, 4370, 4409, 4420, 4444, 4453, 4483, 4494, 4518, 4557, 4568, 4592, 4667, 4781, 4804, 4905, 4918, 4946, 4961, 4995, 5012, 5022, 5045, 5048, 5058, 5066, 5078, 5203, 5242, 5312, 5338, 5353, 5406, 5441, 5483, 5509, 5550, 5561, 5665, 5701, 5733, 5766, 5795, 5898]","[2591, 3868, 4138, 4845, 5128]",5946,143,5803,5,138,5803,0
0.5,XLACTCAG,"[76, 114, 138, 153, 279, 357, 361, 385, 422, 755, 831, 835, 842, 855, 1089, 1145, 1147, 1161, 1176, 1201, 1222, 1263, 1273, 1338, 1348, 1388, 1406, 1600, 1605, 1609, 1613, 1638, 1651, 1654, 1670, 1700, 1819, 1827, 1849, 1978, 2009, 2063, 2094, 2098, 2107, 2200, 2208, 2276, 2292, 2348, 2374, 2376, 2398, 2409, 2432, 2452, 2473, 2523, 2675, 2824, 2860, 2867, 2906, 2963, 3023, 3098, 3128, 3157, 3290, 3298, 3302, 3325, 3329, 3353, 3369, 3386, 3449, 3512, 3561, 3580, 3591, 3605, 3614, 3673, 3679, 3732, 3779, 3801, 3839, 4013, 4019, 4127, 4176, 4202, 4237, 4252, 4256, 4289, 4306, 4354, 4364, 4412, 4444, 4521, 4769, 4787, 4793, 4823, 4865, 4907, 4931, 5055, 5198, 5226, 5294, 5388, 5493, 5498, 5562, 5636, 5683, 5723, 5742, 5896, 5961, 5988, 6002, 6036, 6137, 6142, 6171, 6279, 6294, 6355, 6378, 6381, 6391, 6399, 6461, 6506, 6546, 6628, 6756, 6835, 6857, 6918, 6939, 7033, 7078, 7118, 7123, 7173, 7188, 7190, 7263, 7267, 7303, 7325, 7333, 7341, 7347, 7402, 7511, 7516, 7626, 7644, 7805, 7853, 7857, 7971, 8024, 8098, 8168, 8347, 8358, 8396, 8410, 8414, 8492, 8519, 8572, 8635, 8752, 8767, 8862, 8892]","[2473, 3614, 4931, 5562, 6461]","[76, 114, 138, 153, 279, 357, 361, 385, 422, 755, 831, 835, 842, 855, 1089, 1145, 1147, 1161, 1176, 1201, 1222, 1263, 1273, 1338, 1348, 1388, 1406, 1600, 1605, 1609, 1613, 1638, 1651, 1654, 1670, 1700, 1819, 1827, 1849, 1978, 2009, 2063, 2094, 2098, 2107, 2200, 2208, 2276, 2292, 2348, 2374, 2376, 2398, 2409, 2432, 2452, 2523, 2675, 2824, 2860, 2867, 2906, 2963, 3023, 3098, 3128, 3157, 3290, 3298, 3302, 3325, 3329, 3353, 3369, 3386, 3449, 3512, 3561, 3580, 3591, 3605, 3673, 3679, 3732, 3779, 3801, 3839, 4013, 4019, 4127, 4176, 4202, 4237, 4252, 4256, 4289, 4306, 4354, 4364, 4412, 4444, 4521, 4769, 4787, 4793, 4823, 4865, 4907, 5055, 5198, 5226, 5294, 5388, 5493, 5498, 5636, 5683, 5723, 5742, 5896, 5961, 5988, 6002, 6036, 6137, 6142, 6171, 6279, 6294, 6355, 6378, 6381, 6391, 6399, 6506, 6546, 6628, 6756, 6835, 6857, 6918, 6939, 7033, 7078, 7118, 7123, 7173, 7188, 7190, 7263, 7267, 7303, 7325, 7333, 7341, 7347, 7402, 7511, 7516, 7626, 7644, 7805, 7853, 7857, 7971, 8024, 8098, 8168, 8347, 8358, 8396, 8410, 8414, 8492, 8519, 8572, 8635, 8752, 8767, 8862, 8892]","[2473, 3614, 4931, 5562, 6461]",8900,186,8714,5,181,8714,0
0.5,XLBGL3,"[22, 115, 143, 148, 189, 299, 307, 338, 350, 388, 448, 558, 564, 606, 614, 692, 772, 833, 882, 894, 982, 1040, 1061, 1121, 1154, 1175, 1272, 1299, 1337, 1390, 1438, 1519, 1551, 1607, 1707, 1717, 1728, 1730, 1749, 1778, 1820, 1851, 1855, 1878, 1901, 1942, 1956, 1981, 2126, 2155, 2161, 2242, 2443, 2487, 2534, 2544, 2550, 2638, 2819, 2860, 2871, 2911]","[388, 1175]","[22, 115, 143, 148, 189, 299, 307, 338, 350, 448, 558, 564, 606, 614, 692, 772, 833, 882, 894, 982, 1040, 1061, 1121, 1154, 1272, 1299, 1337, 1390, 1438, 1519, 1551, 1607, 1707, 1717, 1728, 1730, 1749, 1778, 1820, 1851, 1855, 1878, 1901, 1942, 1956, 1981, 2126, 2155, 2161, 2242, 2443, 2487, 2534, 2544, 2550, 2638, 2819, 2860, 2871, 2911]","[388, 1175]",2964,62,2902,2,60,2902,0
0.5,XLGLAA1,"[6, 131, 137, 250, 266, 455, 502, 533, 540, 546, 559, 563, 590, 594, 633, 650, 659, 680, 935, 1043, 1185]","[137, 502]","[6, 131, 250, 266, 455, 533, 540, 546, 559, 563, 590, 594, 633, 650, 659, 680, 935, 1043, 1185]","[137, 502]",1192,21,1171,2,19,1171,0
0.5,XLGLAA2,"[6, 119, 132, 138, 248, 269, 519, 537, 566, 586, 601, 605, 655, 768, 772, 875, 950, 1057, 1163]","[138, 519]","[6, 119, 132, 248, 269, 537, 566, 586, 601, 605, 655, 768, 772, 875, 950, 1057, 1163]","[138, 519]",1192,19,1173,2,17,1173,0
0.5,XLK81A1G,"[67, 85, 89, 210, 267, 408, 418, 424, 466, 610, 615, 672, 721, 820, 865, 897, 904, 935, 1053, 1068, 1099, 1141, 1177, 1182, 1227, 1412, 1475, 1487, 1489, 1517, 1618, 1664, 1671, 1700, 1759, 1882, 1911, 1974, 2013, 2018, 2024, 2033, 2108, 2160, 2241, 2294, 2327, 2369, 2454, 2468, 2498, 2577, 2606, 2615, 2734, 2818, 2834, 2842, 2889, 2900, 2906, 2928, 3026, 3067, 3075, 3097, 3104, 3145, 3149, 3240, 3286, 3388, 3409, 3432, 3447, 3463, 3485, 3531, 3647, 3741, 3768, 3849, 3860, 3909, 3954, 4023, 4097, 4127, 4170, 4176, 4277, 4330, 4339, 4421, 4425, 4429, 4453, 4503, 4573, 4579, 4626, 4769, 4790, 4825, 5028, 5044, 5142, 5146, 5170, 5223, 5225, 5284, 5318, 5361, 5471, 5559, 5672, 5719, 5749, 5772]","[1759, 2294, 2734, 3026, 3531, 3849, 4170]","[67, 85, 89, 210, 267, 408, 418, 424, 466, 610, 615, 672, 721, 820, 865, 897, 904, 935, 1053, 1068, 1099, 1141, 1177, 1182, 1227, 1412, 1475, 1487, 1489, 1517, 1618, 1664, 1671, 1700, 1882, 1911, 1974, 2013, 2018, 2024, 2033, 2108, 2160, 2241, 2327, 2369, 2454, 2468, 2498, 2577, 2606, 2615, 2818, 2834, 2842, 2889, 2900, 2906, 2928, 3067, 3075, 3097, 3104, 3145, 3149, 3240, 3286, 3388, 3409, 3432, 3447, 3463, 3485, 3647, 3741, 3768, 3860, 3909, 3954, 4023, 4097, 4127, 4176, 4277, 4330, 4339, 4421, 4425, 4429, 4453, 4503, 4573, 4579, 4626, 4769, 4790, 4825, 5028, 5044, 5142, 5146, 5170, 5223, 5225, 5284, 5318, 5361, 5471, 5559, 5672, 5719, 5749, 5772]","[1759, 2294, 2734, 3026, 3531, 3849, 4170]",5892,120,5772,7,113,5772,0
0.5,XLRPL14,"[102, 107, 204, 309, 334, 377, 388, 494, 676, 709, 831, 912, 967, 1003, 1014, 1034, 1040, 1042, 1072, 1141, 1292, 1354, 1397, 1407, 1499, 1507, 1601, 1605, 1626, 1681, 1837, 1885, 1891, 1960, 2001, 2024, 2037, 2087, 2118, 2125, 2140, 2145, 2202, 2219, 2327, 2418, 2432, 2436, 2482, 2560, 2565, 2589, 2624, 2634, 2713, 2743, 2785, 2819, 2856, 2862, 2874, 2896, 2926, 3008, 3051, 3055, 3085, 3089, 3103, 3219, 3278, 3304, 3314, 3538, 3609, 3651, 3664, 3695, 3722, 3726, 3759, 3772, 3783, 3842, 3864, 3874, 3897, 3917, 3928, 3964, 3975, 4013, 4037, 4039, 4184, 4206, 4263, 4347, 4366, 4430, 4434, 4438, 4525, 4554, 4750, 4831, 4904, 4927, 4934, 4948, 4978, 4983, 4995, 5008, 5061, 5116, 5151, 5232, 5234, 5263, 5287, 5356, 5458, 5546, 5559, 5766, 5770, 5788, 5856, 5860, 5864, 5976, 5994, 6051, 6146, 6168, 6228, 6235, 6242, 6324, 6438, 6481, 6485, 6512, 6622, 6731, 6798, 6804, 6885, 6948, 7052, 7150, 7158, 7239, 7269, 7271, 7301, 7354, 7378, 7389, 7391, 7459, 7464, 7570, 7618, 7665, 7672, 7677, 7683, 7729, 7805, 7840, 7849, 7854, 7882, 7904, 8206, 8225, 8254, 8261, 8291, 8548, 8567, 8610, 8616, 8659, 8758, 8766, 8849, 8965, 9004, 9072, 9076, 9108]","[912, 1891, 2087, 4978, 5356, 7904]","[102, 107, 204, 309, 334, 377, 388, 494, 676, 709, 831, 967, 1003, 1014, 1034, 1040, 1042, 1072, 1141, 1292, 1354, 1397, 1407, 1499, 1507, 1601, 1605, 1626, 1681, 1837, 1885, 1960, 2001, 2024, 2037, 2118, 2125, 2140, 2145, 2202, 2219, 2327, 2418, 2432, 2436, 2482, 2560, 2565, 2589, 2624, 2634, 2713, 2743, 2785, 2819, 2856, 2862, 2874, 2896, 2926, 3008, 3051, 3055, 3085, 3089, 3103, 3219, 3278, 3304, 3314, 3538, 3609, 3651, 3664, 3695, 3722, 3726, 3759, 3772, 3783, 3842, 3864, 3874, 3897, 3917, 3928, 3964, 3975, 4013, 4037, 4039, 4184, 4206, 4263, 4347, 4366, 4430, 4434, 4438, 4525, 4554, 4750, 4831, 4904, 4927, 4934, 4948, 4983, 4995, 5008, 5061, 5116, 5151, 5232, 5234, 5263, 5287, 5458, 5546, 5559, 5766, 5770, 5788, 5856, 5860, 5864, 5976, 5994, 6051, 6146, 6168, 6228, 6235, 6242, 6324, 6438, 6481, 6485, 6512, 6622, 6731, 6798, 6804, 6885, 6948, 7052, 7150, 7158, 7239, 7269, 7271, 7301, 7354, 7378, 7389, 7391, 7459, 7464, 7570, 7618, 7665, 7672, 7677, 7683, 7729, 7805, 7840, 7849, 7854, 7882, 8206, 8225, 8254, 8261, 8291, 8548, 8567, 8610, 8616, 8659, 8758, 8766, 8849, 8965, 9004, 9072, 9076, 9108]","[912, 1891, 2087, 4978, 5356, 7904]",9116,194,8922,6,188,8922,0
0.5,XLRPL1AG,"[59, 308, 339, 356, 417, 423, 503, 512, 543, 602, 634, 643, 654, 656, 693, 722, 774, 776, 804, 908, 962, 1078, 1085, 1144, 1149, 1153, 1166, 1181, 1311, 1313, 1339, 1362, 1482, 1531, 1597, 1663, 1685, 1789, 1817, 1973, 2105, 2121, 2147, 2207, 2309, 2331, 2343, 2353, 2364, 2388, 2390, 2394, 2418, 2424, 2438, 2487, 2541, 2638, 2675, 2689, 2695, 2734, 2818, 2840, 2857, 2889, 2964, 3012, 3018, 3038, 3062, 3137, 3194, 3273, 3299, 3315, 3498, 3502, 3507, 3536, 3594, 3625, 3683, 3701, 3717, 3723, 3735, 3806, 3831, 3835, 3844, 3851, 3880, 3922, 3953, 3968, 4013, 4028, 4072, 4111, 4136, 4169, 4221, 4240, 4433, 4475, 4488, 4533, 4573, 4626, 4637, 4660, 4669, 4733, 4850, 4868, 4887, 4893, 4903, 4936, 4962, 4971, 4994, 5018, 5054, 5179, 5232, 5282, 5303, 5341, 5480, 5511, 5583, 5594, 5598, 5643, 5757, 5761, 5816, 5820, 5825, 5916, 5925, 5937, 5962, 6045, 6114, 6135, 6152, 6156, 6174, 6187, 6206, 6221, 6295, 6335, 6369, 6451, 6557, 6624, 6704, 6709, 6738, 6763]","[512, 2121, 2438, 2818, 3137, 3831, 4573, 5179, 5757]","[59, 308, 339, 356, 417, 423, 503, 543, 602, 634, 643, 654, 656, 693, 722, 774, 776, 804, 908, 962, 1078, 1085, 1144, 1149, 1153, 1166, 1181, 1311, 1313, 1339, 1362, 1482, 1531, 1597, 1663, 1685, 1789, 1817, 1973, 2105, 2147, 2207, 2309, 2331, 2343, 2353, 2364, 2388, 2390, 2394, 2418, 2424, 2487, 2541, 2638, 2675, 2689, 2695, 2734, 2840, 2857, 2889, 2964, 3012, 3018, 3038, 3062, 3194, 3273, 3299, 3315, 3498, 3502, 3507, 3536, 3594, 3625, 3683, 3701, 3717, 3723, 3735, 3806, 3835, 3844, 3851, 3880, 3922, 3953, 3968, 4013, 4028, 4072, 4111, 4136, 4169, 4221, 4240, 4433, 4475, 4488, 4533, 4626, 4637, 4660, 4669, 4733, 4850, 4868, 4887, 4893, 4903, 4936, 4962, 4971, 4994, 5018, 5054, 5232, 5282, 5303, 5341, 5480, 5511, 5583, 5594, 5598, 5643, 5761, 5816, 5820, 5825, 5916, 5925, 5937, 5962, 6045, 6114, 6135, 6152, 6156, 6174, 6187, 6206, 6221, 6295, 6335, 6369, 6451, 6557, 6624, 6704, 6709, 6738, 6763]","[512, 2121, 2438, 2818, 3137, 3831, 4573, 5179, 5757]",6949,164,6785,9,155,6785,0
0.5,XLS8,"[15, 26, 38, 51, 63, 83, 87, 98, 126, 160, 164, 194, 208, 251, 255, 334, 464, 477, 482, 493, 692, 696, 769, 787, 799, 804, 856, 870, 921, 951, 961, 1006, 1119, 1253, 1257, 1264, 1367, 1453, 1467, 1483, 1507, 1512, 1530, 1540, 1545, 1565, 1600, 1602, 1616, 1650, 1829, 1867, 1874, 1894, 1911, 1917, 1981, 2016, 2021, 2032, 2108, 2205, 2225, 2280, 2284, 2288, 2326, 2330, 2395, 2399, 2417, 2616, 2626, 2712, 2742, 2749, 2865, 2893, 2897, 2925, 2954, 2996, 3004, 3134, 3154, 3305, 3361, 3450, 3455, 3467, 3472, 3505, 3510, 3534, 3539, 3549, 3567, 3572, 3629, 3643, 3703, 3722, 3733, 3762, 3769, 3779, 3801, 3823, 3938, 3943, 3950, 3957, 3963, 4159, 4181, 4262, 4446, 4468, 4473, 4498, 4503, 4508, 4563, 4565, 4579, 4679, 4856, 4881, 4897, 4899, 4914, 4918, 4931, 5021, 5086, 5120, 5175, 5246, 5367, 5403, 5428, 5432, 5538, 5594, 5605, 5618, 5637, 5708, 5749, 5777, 5787, 5849, 5858, 5866, 5912, 5946, 6007, 6016, 6061, 6113, 6119, 6297, 6325, 6350, 6357, 6381, 6468, 6727, 6733, 6776, 6870, 6886, 6908, 6913, 6931, 6941, 6946, 6966, 7000, 7002, 7016, 7108, 7116, 7135, 7144, 7154, 7181, 7208, 7224, 7265, 7381, 7385, 7457, 7467, 7470, 7479, 7552, 7668, 7676, 7755, 7767, 7818, 7833, 7843, 7933, 8001, 8024, 8026, 8060, 8071, 8148, 8150, 8274, 8292, 8411, 8508, 8532, 8542, 8561, 8583, 8591, 8611, 8708, 8763, 8803, 8847, 9014, 9159, 9171, 9196, 9212, 9236, 9241, 9259, 9269, 9274, 9294, 9325, 9329, 9331, 9345, 9371, 9379, 9475, 9519, 9550, 9584, 9727, 9734, 9766, 9789, 9832, 9886, 9909, 9920, 10040, 10044, 10193, 10200, 10214, 10366, 10403, 10413, 10549, 10559, 10568, 10601, 10620, 10634, 10698, 10717, 10733, 10753, 10761, 10766, 10791, 10822, 10828, 10883, 10967, 10977, 10982, 10988, 11021, 11108, 11110, 11115, 11229, 11320, 11330, 11411, 11418, 11639, 11694, 11730, 11757, 11874, 11936, 11957, 11963, 11993, 12042, 12079, 12087, 12105, 12121, 12177, 12251, 12265, 12342, 12354, 12388, 12464, 12480, 12504, 12509, 12527, 12537, 12542, 12561, 12596, 12598, 12612, 12645, 12727, 12764, 12797, 12869, 12915, 12978, 13006, 13016, 13023, 13052, 13074, 13088, 13107, 13174, 13234, 13250, 13308, 13313, 13495]","[2032, 3938, 5912, 7381, 12177]","[15, 26, 38, 51, 63, 83, 87, 98, 126, 160, 164, 194, 208, 251, 255, 334, 464, 477, 482, 493, 692, 696, 769, 787, 799, 804, 856, 870, 921, 951, 961, 1006, 1119, 1253, 1257, 1264, 1367, 1453, 1467, 1483, 1507, 1512, 1530, 1540, 1545, 1565, 1600, 1602, 1616, 1650, 1829, 1867, 1874, 1894, 1911, 1917, 1981, 2016, 2021, 2108, 2205, 2225, 2280, 2284, 2288, 2326, 2330, 2395, 2399, 2417, 2616, 2626, 2712, 2742, 2749, 2865, 2893, 2897, 2925, 2954, 2996, 3004, 3134, 3154, 3305, 3361, 3450, 3455, 3467, 3472, 3505, 3510, 3534, 3539, 3549, 3567, 3572, 3629, 3643, 3703, 3722, 3733, 3762, 3769, 3779, 3801, 3823, 3943, 3950, 3957, 3963, 4159, 4181, 4262, 4446, 4468, 4473, 4498, 4503, 4508, 4563, 4565, 4579, 4679, 4856, 4881, 4897, 4899, 4914, 4918, 4931, 5021, 5086, 5120, 5175, 5246, 5367, 5403, 5428, 5432, 5538, 5594, 5605, 5618, 5637, 5708, 5749, 5777, 5787, 5849, 5858, 5866, 5946, 6007, 6016, 6061, 6113, 6119, 6297, 6325, 6350, 6357, 6381, 6468, 6727, 6733, 6776, 6870, 6886, 6908, 6913, 6931, 6941, 6946, 6966, 7000, 7002, 7016, 7108, 7116, 7135, 7144, 7154, 7181, 7208, 7224, 7265, 7385, 7457, 7467, 7470, 7479, 7552, 7668, 7676, 7755, 7767, 7818, 7833, 7843, 7933, 8001, 8024, 8026, 8060, 8071, 8148, 8150, 8274, 8292, 8411, 8508, 8532, 8542, 8561, 8583, 8591, 8611, 8708, 8763, 8803, 8847, 9014, 9159, 9171, 9196, 9212, 9236, 9241, 9259, 9269, 9274, 9294, 9325, 9329, 9331, 9345, 9371, 9379, 9475, 9519, 9550, 9584, 9727, 9734, 9766, 9789, 9832, 9886, 9909, 9920, 10040, 10044, 10193, 10200, 10214, 10366, 10403, 10413, 10549, 10559, 10568, 10601, 10620, 10634, 10698, 10717, 10733, 10753, 10761, 10766, 10791, 10822, 10828, 10883, 10967, 10977, 10982, 10988, 11021, 11108, 11110, 11115, 11229, 11320, 11330, 11411, 11418, 11639, 11694, 11730, 11757, 11874, 11936, 11957, 11963, 11993, 12042, 12079, 12087, 12105, 12121, 12251, 12265, 12342, 12354, 12388, 12464, 12480, 12504, 12509, 12527, 12537, 12542, 12561, 12596, 12598, 12612, 12645, 12727, 12764, 12797, 12869, 12915, 12978, 13006, 13016, 13023, 13052, 13074, 13088, 13107, 13174, 13234, 13250, 13308, 13313, 13495]","[2032, 3938, 5912, 7381, 12177]",13512,343,13169,5,338,13169,0
0.5,XLTUBAG,"[8, 21, 83, 261, 272, 298, 383, 400, 457, 482, 587, 591, 595, 612, 678, 682, 721, 725, 736, 739, 749, 902, 931, 984, 1017, 1023, 1027, 1030, 1222, 1270, 1280, 1297, 1323, 1420, 1454, 1496, 1499, 1507, 1516, 1541, 1555, 1585, 1607, 1613, 1637, 1680, 1732, 1739, 1744, 1760, 1817, 1832, 1877, 1885, 1978, 1998, 2006, 2020, 2040, 2048, 2079, 2107, 2254, 2284, 2381, 2440, 2451, 2516, 2610, 2711, 2788, 2817, 2842, 2870, 2874, 2938, 2960, 2974, 2983, 3080, 3094, 3108, 3226, 3236, 3261, 3268, 3376, 3388, 3435, 3501, 3545, 3610, 3626, 3684, 3691, 3699, 3727, 3744, 3812, 3844, 3882, 3950, 3998, 4020, 4024, 4084, 4145, 4179, 4199, 4203, 4212, 4224, 4287, 4335, 4401, 4495, 4564, 4585, 4638, 4644, 4656, 4707, 4775, 4802, 4898, 4907, 4933, 4987, 4992, 5039, 5048, 5074, 5128, 5133, 5214, 5313, 5431, 5551, 5575, 5674, 5690, 5704, 5708, 5730, 5775, 5808, 5811, 5912, 5993, 6131, 6161, 6174, 6290, 6297, 6312, 6337, 6345, 6353, 6365, 6399, 6409, 6421, 6440, 6494, 6501, 6506, 6510, 6577, 6588, 6604, 6608, 6612, 6618, 6630, 6686, 6690, 6842, 6844, 6864]","[678, 4401, 5575]","[8, 21, 83, 261, 272, 298, 383, 400, 457, 482, 587, 591, 595, 612, 682, 721, 725, 736, 739, 749, 902, 931, 984, 1017, 1023, 1027, 1030, 1222, 1270, 1280, 1297, 1323, 1420, 1454, 1496, 1499, 1507, 1516, 1541, 1555, 1585, 1607, 1613, 1637, 1680, 1732, 1739, 1744, 1760, 1817, 1832, 1877, 1885, 1978, 1998, 2006, 2020, 2040, 2048, 2079, 2107, 2254, 2284, 2381, 2440, 2451, 2516, 2610, 2711, 2788, 2817, 2842, 2870, 2874, 2938, 2960, 2974, 2983, 3080, 3094, 3108, 3226, 3236, 3261, 3268, 3376, 3388, 3435, 3501, 3545, 3610, 3626, 3684, 3691, 3699, 3727, 3744, 3812, 3844, 3882, 3950, 3998, 4020, 4024, 4084, 4145, 4179, 4199, 4203, 4212, 4224, 4287, 4335, 4495, 4564, 4585, 4638, 4644, 4656, 4707, 4775, 4802, 4898, 4907, 4933, 4987, 4992, 5039, 5048, 5074, 5128, 5133, 5214, 5313, 5431, 5551, 5674, 5690, 5704, 5708, 5730, 5775, 5808, 5811, 5912, 5993, 6131, 6161, 6174, 6290, 6297, 6312, 6337, 6345, 6353, 6365, 6399, 6409, 6421, 6440, 6494, 6501, 6506, 6510, 6577, 6588, 6604, 6608, 6612, 6618, 6630, 6686, 6690, 6842, 6844, 6864]","[678, 4401, 5575]",6888,179,6709,3,176,6709,0
0.5,XLXANF1A,"[12, 110, 209, 255, 273, 317, 393, 446, 472, 521, 549, 596, 611, 682, 684, 937, 962, 995, 1007, 1023, 1112, 1460, 1464, 1555, 1656, 1789, 1917, 1960, 1970, 2020, 2026, 2144, 2204, 2240, 2281, 2318, 2416, 2431, 2445, 2529, 2578, 2631, 2647, 2655, 2706, 3171, 3255, 3259, 3297, 3408, 3412, 3416, 3420, 3424, 3428, 3432, 3436, 3488, 3492, 3591, 3709, 3875, 4105, 4190, 4227, 4234, 4340, 4351, 4373, 4472, 4478, 4512, 4516, 4542, 4595, 4631, 4688, 4698, 4722, 4751, 4760, 4832, 4857]","[1460, 1960, 2706]","[12, 110, 209, 255, 273, 317, 393, 446, 472, 521, 549, 596, 611, 682, 684, 937, 962, 995, 1007, 1023, 1112, 1464, 1555, 1656, 1789, 1917, 1970, 2020, 2026, 2144, 2204, 2240, 2281, 2318, 2416, 2431, 2445, 2529, 2578, 2631, 2647, 2655, 3171, 3255, 3259, 3297, 3408, 3412, 3416, 3420, 3424, 3428, 3432, 3436, 3488, 3492, 3591, 3709, 3875, 4105, 4190, 4227, 4234, 4340, 4351, 4373, 4472, 4478, 4512, 4516, 4542, 4595, 4631, 4688, 4698, 4722, 4751, 4760, 4832, 4857]","[1460, 1960, 2706]",4878,83,4795,3,80,4795,0
0.5,XTGLA,"[158, 202, 235, 269, 276, 286, 298, 380, 419, 441, 458, 490, 538, 652, 731, 736, 833, 987, 1052, 1136, 1273, 1277, 1281, 1323, 1327, 1351, 1466, 1480, 1544, 1752, 1816, 1850, 2034, 2045, 2079, 2085, 2162, 2213, 2227, 2283, 2288, 2316, 2338, 2343, 2450, 2539, 2724, 2791, 2838, 2848, 2853, 2861, 2890, 3148, 3299, 3340, 3379, 3465, 3488, 3493, 3561, 3599, 3604, 3664, 3671, 3729, 3764, 3784, 3805, 3878, 3986, 4013, 4088, 4204, 4229, 4248, 4344, 4411, 4437, 4443, 4468, 4477, 4482, 4631, 4635, 4686, 4718, 4720, 4774, 4783, 4804]","[731, 2838]","[158, 202, 235, 269, 276, 286, 298, 380, 419, 441, 458, 490, 538, 652, 736, 833, 987, 1052, 1136, 1273, 1277, 1281, 1323, 1327, 1351, 1466, 1480, 1544, 1752, 1816, 1850, 2034, 2045, 2079, 2085, 2162, 2213, 2227, 2283, 2288, 2316, 2338, 2343, 2450, 2539, 2724, 2791, 2848, 2853, 2861, 2890, 3148, 3299, 3340, 3379, 3465, 3488, 3493, 3561, 3599, 3604, 3664, 3671, 3729, 3764, 3784, 3805, 3878, 3986, 4013, 4088, 4204, 4229, 4248, 4344, 4411, 4437, 4443, 4468, 4477, 4482, 4631, 4635, 4686, 4718, 4720, 4774, 4783, 4804]","[731, 2838]",4838,91,4747,2,89,4747,0
0.5,XTGLAA,"[78, 195, 284, 310, 377, 411, 416, 462, 523, 541, 643, 656, 719, 748, 785, 830, 836, 840, 845, 908, 1005, 1036, 1156, 1215, 1364, 1411, 1475, 1493, 1506, 1727, 1802, 1844, 1910]","[1036, 1411]","[78, 195, 284, 310, 377, 411, 416, 462, 523, 541, 643, 656, 719, 748, 785, 830, 836, 840, 845, 908, 1005, 1156, 1215, 1364, 1475, 1493, 1506, 1727, 1802, 1844, 1910]","[1036, 1411]",1992,33,1959,2,31,1959,0
0.5,XTGLB,"[21, 92, 169, 212, 264, 389, 393, 407, 510, 619, 634, 644, 690, 721, 760, 770, 822, 885, 972, 1048, 1066, 1293, 1366, 1387, 1398, 1456, 1495, 1712, 1726, 1733, 1792, 1823, 1905, 1979, 2097, 2156, 2175, 2241, 2334, 2336, 2384, 2457, 2521, 2643, 2701, 2727, 2764, 2836, 3061, 3130, 3149, 3273, 3406, 3539, 3579, 3599, 3634, 3685, 3697, 3737, 3769, 3850, 3898, 3964, 3995, 4022, 4034]","[2384, 2836]","[21, 92, 169, 212, 264, 389, 393, 407, 510, 619, 634, 644, 690, 721, 760, 770, 822, 885, 972, 1048, 1066, 1293, 1366, 1387, 1398, 1456, 1495, 1712, 1726, 1733, 1792, 1823, 1905, 1979, 2097, 2156, 2175, 2241, 2334, 2336, 2457, 2521, 2643, 2701, 2727, 2764, 3061, 3130, 3149, 3273, 3406, 3539, 3579, 3599, 3634, 3685, 3697, 3737, 3769, 3850, 3898, 3964, 3995, 4022, 4034]","[2384, 2836]",4043,67,3976,2,65,3976,0
0.5,ZEFB2MICB,"[9, 79, 112, 130, 134, 151, 278, 288, 300, 304, 349, 359, 383, 398, 432, 452, 474, 532, 542, 558, 567, 617, 625, 684, 686, 696, 724, 933, 954, 985, 1039, 1187, 1309, 1323, 1345, 1409, 1439, 1599, 1679, 1731, 1779, 1798, 1811, 1819, 1846, 1862, 1872, 1878, 1932, 2114]","[304, 1187]","[9, 79, 112, 130, 134, 151, 278, 288, 300, 349, 359, 383, 398, 432, 452, 474, 532, 542, 558, 567, 617, 625, 684, 686, 696, 724, 933, 954, 985, 1039, 1309, 1323, 1345, 1409, 1439, 1599, 1679, 1731, 1779, 1798, 1811, 1819, 1846, 1862, 1872, 1878, 1932, 2114]","[304, 1187]",2193,50,2143,2,48,2143,0
