Threshold,Locus,Predict Sites,Positive Sites,Negative Sites,Actual Donor Sites,Predict Num,Predict Positive Num,Predict Negative Num,TP,FP,TN,FN
1.5,ACU08131,"[70, 158, 296, 322, 326, 387, 463, 533, 642, 710, 790, 845, 849, 869, 925, 983, 994, 1000, 1002, 1009, 1024, 1173, 1230, 1255, 1273, 1363, 1437, 1603, 1735, 1860, 1982, 1994, 2025, 2029, 2035, 2079, 2104, 2134, 2179, 2212, 2245, 2350, 2388, 2457, 2498, 2537, 2598, 2637, 2690, 2782, 2798, 2803, 2807, 2840, 2986, 3032, 3042, 3336, 3798, 3825, 3833, 3846, 3871, 3914, 4038, 4135, 4167, 4306, 4452, 4504, 4512, 4563, 4866, 4920, 4971, 4992, 5170, 5176, 5313, 5324, 5345, 5361]","[642, 1363, 2029, 2803, 3798]","[70, 158, 296, 322, 326, 387, 463, 533, 710, 790, 845, 849, 869, 925, 983, 994, 1000, 1002, 1009, 1024, 1173, 1230, 1255, 1273, 1437, 1603, 1735, 1860, 1982, 1994, 2025, 2035, 2079, 2104, 2134, 2179, 2212, 2245, 2350, 2388, 2457, 2498, 2537, 2598, 2637, 2690, 2782, 2798, 2807, 2840, 2986, 3032, 3042, 3336, 3825, 3833, 3846, 3871, 3914, 4038, 4135, 4167, 4306, 4452, 4504, 4512, 4563, 4866, 4920, 4971, 4992, 5170, 5176, 5313, 5324, 5345, 5361]","[642, 1363, 2029, 2803, 3798]",5384,82,5302,5,77,5302,0
1.5,AGGGLINE,"[22, 32, 70, 80, 320, 343, 432, 442, 590, 689, 805, 812, 869, 903, 908, 935, 1082, 1390, 1452, 1466, 1571, 1605, 1813, 2085, 2127, 2325, 2347, 2658, 2685, 2697, 2776, 2939, 2946, 2963, 3110, 3120, 3158, 3168, 3384, 3390, 3457, 3469, 3504, 3600, 3673, 3782, 3850, 3945, 4035, 4088, 4090, 4094, 4098, 4117, 4119, 4170, 4211, 4253, 4309, 4313, 4411, 4456, 4611, 4620, 4651, 4685, 4720, 4756, 4790, 4820, 4835, 4849, 4921, 4933, 5175, 5187, 5218, 5228, 5259, 5275, 5307, 5339, 5357, 5373, 5585, 5592, 5648, 5687, 5714, 5864, 5947, 6176, 6262, 6277, 6387, 6421, 6427, 6780, 6935, 6980, 6984, 7054, 7217, 7294, 7300]","[3158, 3504]","[22, 32, 70, 80, 320, 343, 432, 442, 590, 689, 805, 812, 869, 903, 908, 935, 1082, 1390, 1452, 1466, 1571, 1605, 1813, 2085, 2127, 2325, 2347, 2658, 2685, 2697, 2776, 2939, 2946, 2963, 3110, 3120, 3168, 3384, 3390, 3457, 3469, 3600, 3673, 3782, 3850, 3945, 4035, 4088, 4090, 4094, 4098, 4117, 4119, 4170, 4211, 4253, 4309, 4313, 4411, 4456, 4611, 4620, 4651, 4685, 4720, 4756, 4790, 4820, 4835, 4849, 4921, 4933, 5175, 5187, 5218, 5228, 5259, 5275, 5307, 5339, 5357, 5373, 5585, 5592, 5648, 5687, 5714, 5864, 5947, 6176, 6262, 6277, 6387, 6421, 6427, 6780, 6935, 6980, 6984, 7054, 7217, 7294, 7300]","[3158, 3504]",7220,105,7115,2,103,7115,0
1.5,AGU04852,"[35, 40, 86, 130, 174, 183, 348, 491, 509, 536, 631, 653, 664, 734, 825, 885, 987, 1023, 1104, 1116, 1142, 1184, 1232, 1464, 1517, 1652, 1752, 1893, 2073, 2117, 2186, 2302, 2329, 2470, 2478, 2482, 2618, 2624, 2720, 2784, 2788, 2917, 2966, 2972, 2999, 3022, 3035, 3038, 3116, 3133, 3176, 3211, 3273, 3402, 3404, 3430, 3693, 3697, 3701, 3732, 3759, 3788, 3816, 3877, 3956, 4011, 4086, 4144, 4232, 4277, 4342, 4483, 4524, 4566, 4701, 4768, 4780, 4788, 4800, 4809, 4863, 4906, 5066, 5117, 5252, 5296, 5332, 5336, 5348, 5350, 5360, 5362, 5380, 5385, 5517, 5529, 5533, 5577, 5780, 5876, 5912, 5979, 5987, 6203, 6210, 6224, 6383, 6422, 6731, 6740, 6744, 6838, 6849, 6883, 7105, 7128, 7422, 7509, 7636, 7669, 7900, 7927, 7960, 7978, 8017, 8026, 8085, 8122, 8229, 8252, 8301, 8349, 8354, 8358, 8520, 8538, 8624, 8635, 8653, 8694, 8817, 8854, 8877, 8934, 8952, 8961, 9083, 9246, 9253, 9261, 9365, 9520, 9571, 9622, 9632, 9669, 9740, 9789, 9845, 9856, 10029, 10309, 10361, 10586, 10753, 10812, 10820, 10898, 10937, 10961]","[3956, 5517, 5912, 6740]","[35, 40, 86, 130, 174, 183, 348, 491, 509, 536, 631, 653, 664, 734, 825, 885, 987, 1023, 1104, 1116, 1142, 1184, 1232, 1464, 1517, 1652, 1752, 1893, 2073, 2117, 2186, 2302, 2329, 2470, 2478, 2482, 2618, 2624, 2720, 2784, 2788, 2917, 2966, 2972, 2999, 3022, 3035, 3038, 3116, 3133, 3176, 3211, 3273, 3402, 3404, 3430, 3693, 3697, 3701, 3732, 3759, 3788, 3816, 3877, 4011, 4086, 4144, 4232, 4277, 4342, 4483, 4524, 4566, 4701, 4768, 4780, 4788, 4800, 4809, 4863, 4906, 5066, 5117, 5252, 5296, 5332, 5336, 5348, 5350, 5360, 5362, 5380, 5385, 5529, 5533, 5577, 5780, 5876, 5979, 5987, 6203, 6210, 6224, 6383, 6422, 6731, 6744, 6838, 6849, 6883, 7105, 7128, 7422, 7509, 7636, 7669, 7900, 7927, 7960, 7978, 8017, 8026, 8085, 8122, 8229, 8252, 8301, 8349, 8354, 8358, 8520, 8538, 8624, 8635, 8653, 8694, 8817, 8854, 8877, 8934, 8952, 8961, 9083, 9246, 9253, 9261, 9365, 9520, 9571, 9622, 9632, 9669, 9740, 9789, 9845, 9856, 10029, 10309, 10361, 10586, 10753, 10812, 10820, 10898, 10937, 10961]","[3956, 5517, 5912, 6740]",10976,170,10806,4,166,10806,0
1.5,ALOEGLOBIM,"[21, 55, 148, 189, 221, 237, 271, 346, 448, 469, 536, 548, 583, 599, 604, 761, 1043, 1049, 1154, 1170, 1176, 1182, 1200, 1250, 1297, 1301, 1399, 1404, 1410, 1455, 1511, 1548, 1620]","[237, 583]","[21, 55, 148, 189, 221, 271, 346, 448, 469, 536, 548, 599, 604, 761, 1043, 1049, 1154, 1170, 1176, 1182, 1200, 1250, 1297, 1301, 1399, 1404, 1410, 1455, 1511, 1548, 1620]","[237, 583]",1683,33,1650,2,31,1650,0
1.5,ALOEGLOBIN,"[55, 148, 189, 221, 237, 271, 346, 448, 469, 536, 548, 583, 599, 604, 761, 1043, 1049, 1154, 1170, 1176, 1182, 1200, 1250, 1297, 1301, 1399, 1404, 1410, 1455, 1511, 1548, 1620]","[237, 583]","[55, 148, 189, 221, 271, 346, 448, 469, 536, 548, 599, 604, 761, 1043, 1049, 1154, 1170, 1176, 1182, 1200, 1250, 1297, 1301, 1399, 1404, 1410, 1455, 1511, 1548, 1620]","[237, 583]",1683,32,1651,2,30,1651,0
1.5,ALOPROTP1A,"[7, 10, 59, 166, 170, 186, 267, 273]",[166],"[7, 10, 59, 170, 186, 267, 273]",[166],410,8,402,1,7,402,0
1.5,AMU12024,"[85, 257, 420, 477, 534, 632, 654, 667, 768, 872, 920, 1098, 1120, 1125, 1467, 1583, 1594, 1650, 1695, 1797, 1834, 1864, 1902, 1960, 2013, 2126, 2242, 2384, 2482, 2539, 2575, 2605, 2623, 2685, 2801, 2827, 2917, 3053, 3332, 3385, 3391, 3458, 3573, 3606]","[257, 667, 1864, 2126, 2482]","[85, 420, 477, 534, 632, 654, 768, 872, 920, 1098, 1120, 1125, 1467, 1583, 1594, 1650, 1695, 1797, 1834, 1902, 1960, 2013, 2242, 2384, 2539, 2575, 2605, 2623, 2685, 2801, 2827, 2917, 3053, 3332, 3385, 3391, 3458, 3573, 3606]","[257, 667, 1864, 2126, 2482]",3644,44,3600,5,39,3600,0
1.5,AMU12025,"[100, 178, 205, 271, 301, 321, 527, 529, 599, 635, 859, 1049, 1080, 1143, 1412, 1640, 1697, 1749, 1817, 1830, 1974, 1997, 2010, 2014, 2072, 2139, 2250, 2274, 2359, 2382, 2460, 2485, 2554, 2624, 2654, 2658, 2689, 2705, 2736, 2789, 2902, 3038, 3278, 3313, 3343, 3521, 3649, 4134, 4481, 4525, 4541, 4767, 4838, 5015]","[1412, 1830, 2654, 2902, 3278]","[100, 178, 205, 271, 301, 321, 527, 529, 599, 635, 859, 1049, 1080, 1143, 1640, 1697, 1749, 1817, 1974, 1997, 2010, 2014, 2072, 2139, 2250, 2274, 2359, 2382, 2460, 2485, 2554, 2624, 2658, 2689, 2705, 2736, 2789, 3038, 3313, 3343, 3521, 3649, 4134, 4481, 4525, 4541, 4767, 4838, 5015]","[1412, 1830, 2654, 2902, 3278]",5375,54,5321,5,49,5321,0
1.5,AOIRHODOPS,"[44, 113, 141, 154, 228, 255, 306, 384, 620, 691, 749, 796, 830, 856, 894, 1115, 1314, 1393, 1625, 1662, 1702, 1749, 1907, 1925, 1953, 1969, 2025, 2240, 2584, 2678, 2683, 2754, 2812, 2838, 2855, 2870, 2942, 2949, 3012, 3113, 3397, 3488, 3625, 3921, 3948, 4005, 4067, 4071, 4109, 4314, 4336, 4385, 4391, 4430, 4464, 4479, 4598, 4711, 4812, 4840, 4849, 4862, 4881, 4933, 4953, 4963, 5014, 5116, 5207, 5359, 5364, 5373, 5426, 5452, 5483, 5494, 5601, 5677, 5711, 5716, 5796, 5817, 5892, 5926, 5958, 6216, 6243, 6372, 6400, 6406, 6759, 6806, 7039, 7056, 7095, 7357, 7481, 7509, 7580, 7584, 7600, 7614, 7622, 7630, 7638, 7648, 7673, 7800, 8003, 8156, 8197, 8300, 8308, 8314, 8614, 8837, 8863, 9057, 9125, 9133, 9292, 9304, 9365, 9371, 9410, 9464]","[1702, 4067, 5373, 6243]","[44, 113, 141, 154, 228, 255, 306, 384, 620, 691, 749, 796, 830, 856, 894, 1115, 1314, 1393, 1625, 1662, 1749, 1907, 1925, 1953, 1969, 2025, 2240, 2584, 2678, 2683, 2754, 2812, 2838, 2855, 2870, 2942, 2949, 3012, 3113, 3397, 3488, 3625, 3921, 3948, 4005, 4071, 4109, 4314, 4336, 4385, 4391, 4430, 4464, 4479, 4598, 4711, 4812, 4840, 4849, 4862, 4881, 4933, 4953, 4963, 5014, 5116, 5207, 5359, 5364, 5426, 5452, 5483, 5494, 5601, 5677, 5711, 5716, 5796, 5817, 5892, 5926, 5958, 6216, 6372, 6400, 6406, 6759, 6806, 7039, 7056, 7095, 7357, 7481, 7509, 7580, 7584, 7600, 7614, 7622, 7630, 7638, 7648, 7673, 7800, 8003, 8156, 8197, 8300, 8308, 8314, 8614, 8837, 8863, 9057, 9125, 9133, 9292, 9304, 9365, 9371, 9410, 9464]","[1702, 4067, 5373, 6243]",9915,126,9789,4,122,9789,0
1.5,ASPROP2,"[75, 120, 251, 325, 452, 589]",[325],"[75, 120, 251, 452, 589]",[325],664,6,658,1,5,658,0
1.5,ASYRVISP,"[99, 260, 278, 294, 363, 533, 625, 634, 656, 837, 852, 909, 1007, 1042, 1046, 1166, 1219, 1240, 1293, 1305, 1335, 1385, 1404, 1419, 1433, 1569, 1585, 1676, 1916, 1968, 2021, 2051, 2069]","[625, 1042, 1335, 1585, 1916]","[99, 260, 278, 294, 363, 533, 634, 656, 837, 852, 909, 1007, 1046, 1166, 1219, 1240, 1293, 1305, 1385, 1404, 1419, 1433, 1569, 1676, 1968, 2021, 2051, 2069]","[625, 1042, 1335, 1585, 1916]",2221,33,2188,5,28,2188,0
1.5,ATREGLOBIN,"[55, 148, 189, 221, 237, 271, 453, 474, 541, 553, 588, 604, 609, 766, 935, 1058, 1187, 1193, 1199, 1217, 1267, 1295, 1314, 1318, 1407, 1412, 1418, 1463, 1519, 1556, 1628]","[237, 588]","[55, 148, 189, 221, 271, 453, 474, 541, 553, 604, 609, 766, 935, 1058, 1187, 1193, 1199, 1217, 1267, 1295, 1314, 1318, 1407, 1412, 1418, 1463, 1519, 1556, 1628]","[237, 588]",1691,31,1660,2,29,1660,0
1.5,BABAPOE,"[33, 60, 146, 170, 198, 267, 272, 408, 481, 486, 501, 550, 567, 688, 754, 764, 865, 897, 1003, 1029, 1080, 1278, 1374, 1702, 1746, 1898, 1944, 1953, 1985, 2109, 2144, 2222, 2262, 2312, 2355, 2421, 2468, 2490, 2512, 2593, 2613, 2668, 2680, 2782, 2803, 2830, 2847, 2881, 3435, 3537, 3598, 3615, 3630, 3635, 3648, 3670, 3804, 3837, 3852, 3867, 3916, 3978, 3990, 3999, 4109, 4122, 4131, 4143, 4288, 4682]","[897, 2847]","[33, 60, 146, 170, 198, 267, 272, 408, 481, 486, 501, 550, 567, 688, 754, 764, 865, 1003, 1029, 1080, 1278, 1374, 1702, 1746, 1898, 1944, 1953, 1985, 2109, 2144, 2222, 2262, 2312, 2355, 2421, 2468, 2490, 2512, 2593, 2613, 2668, 2680, 2782, 2803, 2830, 2881, 3435, 3537, 3598, 3615, 3630, 3635, 3648, 3670, 3804, 3837, 3852, 3867, 3916, 3978, 3990, 3999, 4109, 4122, 4131, 4143, 4288, 4682]","[897, 2847]",4754,70,4684,2,68,4684,0
1.5,BATROX,"[96, 111, 222, 237, 292, 341, 430, 466, 473, 491, 532, 600, 717, 736, 769, 875, 879, 927, 1053, 1144, 1839, 1903, 1944, 2032, 2078, 2307, 2407, 2428, 2432, 2446, 2450, 2471, 2890, 2899, 2933, 2948, 2959, 2985, 3004, 3011, 3036, 3183, 3341, 3556, 3593, 3623, 3638, 3679, 3683, 3706, 3849, 3878, 3883, 3924, 3946, 3967, 3975, 3979, 4044, 4110, 4154, 4270, 4276, 4364, 4495, 4595, 4681, 4705, 4722, 4798, 4833, 4836, 4939, 4983, 5035, 5085, 5123, 5204, 5509, 5517, 5658, 5705, 5790, 5831, 5956, 6111, 6115, 6329, 6360, 6449, 6576, 6601, 6775, 6789, 6874, 6881, 6923, 6950, 6955, 7120, 7188, 7262, 7297, 7321, 7378, 7463, 7481, 7567, 7627, 7655, 7660, 7789, 7889, 7980, 7992]","[341, 3011, 5035, 6955]","[96, 111, 222, 237, 292, 430, 466, 473, 491, 532, 600, 717, 736, 769, 875, 879, 927, 1053, 1144, 1839, 1903, 1944, 2032, 2078, 2307, 2407, 2428, 2432, 2446, 2450, 2471, 2890, 2899, 2933, 2948, 2959, 2985, 3004, 3036, 3183, 3341, 3556, 3593, 3623, 3638, 3679, 3683, 3706, 3849, 3878, 3883, 3924, 3946, 3967, 3975, 3979, 4044, 4110, 4154, 4270, 4276, 4364, 4495, 4595, 4681, 4705, 4722, 4798, 4833, 4836, 4939, 4983, 5085, 5123, 5204, 5509, 5517, 5658, 5705, 5790, 5831, 5956, 6111, 6115, 6329, 6360, 6449, 6576, 6601, 6775, 6789, 6874, 6881, 6923, 6950, 7120, 7188, 7262, 7297, 7321, 7378, 7463, 7481, 7567, 7627, 7655, 7660, 7789, 7889, 7980, 7992]","[341, 3011, 5035, 6955]",8092,115,7977,4,111,7977,0
1.5,BCHEGLOBIN,"[55, 148, 189, 221, 237, 271, 448, 469, 536, 548, 583, 599, 604, 1054, 1060, 1115, 1166, 1184, 1190, 1196, 1214, 1264, 1311, 1315, 1412, 1417, 1423, 1468, 1524, 1561, 1633]","[237, 583]","[55, 148, 189, 221, 271, 448, 469, 536, 548, 599, 604, 1054, 1060, 1115, 1166, 1184, 1190, 1196, 1214, 1264, 1311, 1315, 1412, 1417, 1423, 1468, 1524, 1561, 1633]","[237, 583]",1697,31,1666,2,29,1666,0
1.5,BOVANPA,"[52, 129, 334, 393, 433, 455, 591, 598, 858, 958, 1023, 1299, 1348, 1499, 1566, 1677, 1687, 1691]","[433, 858]","[52, 129, 334, 393, 455, 591, 598, 958, 1023, 1299, 1348, 1499, 1566, 1677, 1687, 1691]","[433, 858]",1761,18,1743,2,16,1743,0
1.5,BOVCOX7AL,"[16, 25, 97, 172, 263, 295, 322, 336, 469, 492, 622, 679, 683, 694, 749, 894, 936, 956, 1002, 1056, 1207, 1376, 1444, 1461, 1484, 1497, 1501, 1540, 1570, 1583, 1596, 1661, 1733, 1771, 1826, 1883, 1924, 1954, 2067, 2108, 2130, 2141, 2235, 2273, 2351, 2432, 2470, 2529, 2546, 2630, 2812, 2867, 2874, 3003, 3009, 3047, 3139, 3170, 3212, 3261, 3328, 3345, 3354, 3389, 3416, 3486, 3507, 3512, 3627, 3721, 3780, 3808, 3942, 3969, 4153, 4284, 4496, 4555, 4579, 4648, 4866, 4995, 5042, 5049, 5087, 5252, 5282, 5360, 5377, 5388, 5418, 5427, 5488, 5512, 5521, 5557, 5699, 5726, 5731, 5837, 5919, 5934, 6089, 6145, 6167, 6500, 6648]","[1540, 2812, 5049]","[16, 25, 97, 172, 263, 295, 322, 336, 469, 492, 622, 679, 683, 694, 749, 894, 936, 956, 1002, 1056, 1207, 1376, 1444, 1461, 1484, 1497, 1501, 1570, 1583, 1596, 1661, 1733, 1771, 1826, 1883, 1924, 1954, 2067, 2108, 2130, 2141, 2235, 2273, 2351, 2432, 2470, 2529, 2546, 2630, 2867, 2874, 3003, 3009, 3047, 3139, 3170, 3212, 3261, 3328, 3345, 3354, 3389, 3416, 3486, 3507, 3512, 3627, 3721, 3780, 3808, 3942, 3969, 4153, 4284, 4496, 4555, 4579, 4648, 4866, 4995, 5042, 5087, 5252, 5282, 5360, 5377, 5388, 5418, 5427, 5488, 5512, 5521, 5557, 5699, 5726, 5731, 5837, 5919, 5934, 6089, 6145, 6167, 6500, 6648]","[1540, 2812, 5049]",6848,107,6741,3,104,6741,0
1.5,BOVGAS,"[192, 203, 406, 487, 561, 573, 751, 806, 847, 996]",[751],"[192, 203, 406, 487, 561, 573, 806, 847, 996]",[751],1058,10,1048,1,9,1048,0
1.5,BOVIAP,"[93, 174, 194, 320, 437, 441, 457, 533, 602, 606, 608, 916, 926, 1080, 1116, 1318, 1330, 1568, 1764, 1816, 1835, 1895, 1994, 2033, 2037, 2057, 2107, 2129, 2159, 2200, 2269, 2309, 2320, 2325, 2329, 2354, 2413, 2441, 2450, 2465, 2504, 2518, 2606, 2643, 2646, 2670, 2674, 2711, 2717, 2719, 2721, 2725, 2734, 2749, 2756, 2784, 2793, 2804, 2813, 2864, 2900, 2972, 2999, 3018, 3024, 3029, 3092, 3157, 3198, 3337, 3352, 3392, 3410, 3420, 3440, 3449, 3535, 3649, 3667, 3782, 3844, 3879, 3996, 4005, 4009, 4024, 4111, 4202, 4419, 4656, 4693, 4731, 5007, 5030, 5074, 5089, 5136, 5221, 5223, 5241, 5262, 5271, 5290, 5355, 5367, 5372, 5388]","[1568, 1764, 1994, 2354, 2606, 2999, 3157, 3392, 3667, 3996]","[93, 174, 194, 320, 437, 441, 457, 533, 602, 606, 608, 916, 926, 1080, 1116, 1318, 1330, 1816, 1835, 1895, 2033, 2037, 2057, 2107, 2129, 2159, 2200, 2269, 2309, 2320, 2325, 2329, 2413, 2441, 2450, 2465, 2504, 2518, 2643, 2646, 2670, 2674, 2711, 2717, 2719, 2721, 2725, 2734, 2749, 2756, 2784, 2793, 2804, 2813, 2864, 2900, 2972, 3018, 3024, 3029, 3092, 3198, 3337, 3352, 3410, 3420, 3440, 3449, 3535, 3649, 3782, 3844, 3879, 4005, 4009, 4024, 4111, 4202, 4419, 4656, 4693, 4731, 5007, 5030, 5074, 5089, 5136, 5221, 5223, 5241, 5262, 5271, 5290, 5355, 5367, 5372, 5388]","[1568, 1764, 1994, 2354, 2606, 2999, 3157, 3392, 3667, 3996]",5391,107,5284,10,97,5284,0
1.5,BOVIRBP,"[78, 129, 207, 298, 357, 513, 528, 552, 621, 785, 888, 936, 994, 1010, 1021, 1026, 1142, 1284, 1290, 1293, 1434, 1482, 1509, 1584, 1629, 1730, 1812, 1896, 1948, 2004, 2101, 2148, 2331, 2388, 2412, 2421, 2586, 2649, 2754, 2769, 2928, 3042, 3090, 3174, 3191, 3383, 3443, 3539, 3544, 3692, 3698, 3723, 3773, 3789, 3801, 3807, 3848, 3895, 3914, 4136, 4149, 4176, 4189, 4212, 4266, 4268, 4411, 4571, 4582, 4639, 4806, 4887, 4952, 4970, 4983, 5048, 5131, 5188, 5278, 5306, 5327, 5349, 5458, 5487, 5507, 5539, 5595, 5599, 5643, 5761, 5857, 5876, 5954, 5985, 6208, 6214, 6271, 6292, 6494, 6540, 6637, 6779, 6976, 7019, 7108, 7117, 7126, 7206, 7321, 7416, 7514, 7567, 7665, 7669, 7699, 7773, 7779, 7828, 7919, 7957, 8192, 8445, 8587, 8638, 8915, 8920, 8937, 8968, 9058, 9137, 9146, 9190, 9214, 9309, 9316, 9365, 9393, 9426, 9435, 9603, 9634, 9664, 9670, 9775, 9794, 9914, 9926, 9945, 9959, 9979, 10082, 10191, 10291, 10399, 10443, 10698, 10749, 10841, 10914, 10997, 11020, 11045, 11108, 11326, 11500, 11746, 11753]","[3174, 5595, 7699]","[78, 129, 207, 298, 357, 513, 528, 552, 621, 785, 888, 936, 994, 1010, 1021, 1026, 1142, 1284, 1290, 1293, 1434, 1482, 1509, 1584, 1629, 1730, 1812, 1896, 1948, 2004, 2101, 2148, 2331, 2388, 2412, 2421, 2586, 2649, 2754, 2769, 2928, 3042, 3090, 3191, 3383, 3443, 3539, 3544, 3692, 3698, 3723, 3773, 3789, 3801, 3807, 3848, 3895, 3914, 4136, 4149, 4176, 4189, 4212, 4266, 4268, 4411, 4571, 4582, 4639, 4806, 4887, 4952, 4970, 4983, 5048, 5131, 5188, 5278, 5306, 5327, 5349, 5458, 5487, 5507, 5539, 5599, 5643, 5761, 5857, 5876, 5954, 5985, 6208, 6214, 6271, 6292, 6494, 6540, 6637, 6779, 6976, 7019, 7108, 7117, 7126, 7206, 7321, 7416, 7514, 7567, 7665, 7669, 7773, 7779, 7828, 7919, 7957, 8192, 8445, 8587, 8638, 8915, 8920, 8937, 8968, 9058, 9137, 9146, 9190, 9214, 9309, 9316, 9365, 9393, 9426, 9435, 9603, 9634, 9664, 9670, 9775, 9794, 9914, 9926, 9945, 9959, 9979, 10082, 10191, 10291, 10399, 10443, 10698, 10749, 10841, 10914, 10997, 11020, 11045, 11108, 11326, 11500, 11746, 11753]","[3174, 5595, 7699]",11785,167,11618,3,164,11618,0
1.5,BOVLHB,"[33, 233, 244, 419, 453, 554, 592, 615, 749, 761, 803, 811, 854, 875, 900, 914, 926, 944, 1005, 1035, 1057, 1062, 1140, 1272, 1294, 1401, 1450, 1455, 1460, 1526, 1562, 1725]","[803, 1272]","[33, 233, 244, 419, 453, 554, 592, 615, 749, 761, 811, 854, 875, 900, 914, 926, 944, 1005, 1035, 1057, 1062, 1140, 1294, 1401, 1450, 1455, 1460, 1526, 1562, 1725]","[803, 1272]",1856,32,1824,2,30,1824,0
1.5,BOVLYSOZMA,"[10, 70, 239, 322, 350, 397, 742, 856, 944, 963, 1056, 1161, 1189, 1212, 1309, 1430, 1558, 1581, 1585, 1589, 1707, 1810, 1819, 1891, 2057, 2089, 2115, 2263, 2268, 2374, 2402, 2435, 2516, 2758, 2802, 2819, 2872, 2973, 3023, 3039, 3078, 3201, 3208, 3255, 3424, 3672, 3737, 3763, 3767, 3907, 4000, 4066, 4095, 4100, 4163, 4229, 4245, 4290, 4314, 4346, 4372, 4417, 4469, 4591, 4694, 4802, 4972, 5256, 5360, 5369, 5758, 5771, 5791, 5936, 5955, 5997, 6103, 6185, 6346, 6433, 6864, 6886, 6932, 6973, 7196, 7212, 7256, 7260, 7327, 7512, 7520, 7741, 7812, 7884, 7928, 8112, 8220, 8292, 8612, 8628, 8632, 8654, 8673, 8675, 8677, 8681, 8685, 8689, 8691, 8722, 8811, 8994, 9056, 9185, 9247, 9304, 9327, 9437, 9453, 9501, 9603, 9662, 9715, 9943, 9951, 10024, 10062, 10160, 10189, 10409, 10777, 10799, 11050, 11149, 11291, 11525, 11634, 11677, 11911, 12068]","[3039, 5771, 8654]","[10, 70, 239, 322, 350, 397, 742, 856, 944, 963, 1056, 1161, 1189, 1212, 1309, 1430, 1558, 1581, 1585, 1589, 1707, 1810, 1819, 1891, 2057, 2089, 2115, 2263, 2268, 2374, 2402, 2435, 2516, 2758, 2802, 2819, 2872, 2973, 3023, 3078, 3201, 3208, 3255, 3424, 3672, 3737, 3763, 3767, 3907, 4000, 4066, 4095, 4100, 4163, 4229, 4245, 4290, 4314, 4346, 4372, 4417, 4469, 4591, 4694, 4802, 4972, 5256, 5360, 5369, 5758, 5791, 5936, 5955, 5997, 6103, 6185, 6346, 6433, 6864, 6886, 6932, 6973, 7196, 7212, 7256, 7260, 7327, 7512, 7520, 7741, 7812, 7884, 7928, 8112, 8220, 8292, 8612, 8628, 8632, 8673, 8675, 8677, 8681, 8685, 8689, 8691, 8722, 8811, 8994, 9056, 9185, 9247, 9304, 9327, 9437, 9453, 9501, 9603, 9662, 9715, 9943, 9951, 10024, 10062, 10160, 10189, 10409, 10777, 10799, 11050, 11149, 11291, 11525, 11634, 11677, 11911, 12068]","[3039, 5771, 8654]",12214,140,12074,3,137,12074,0
1.5,BOVLYSOZMB,"[35, 88, 90, 126, 140, 215, 248, 261, 334, 461, 646, 693, 696, 739, 748, 834, 941, 1229, 1253, 1346, 1401, 1413, 1432, 1451, 1507, 1561, 1645, 1662, 1681, 1885, 1890, 1993, 2023, 2054, 2143, 2346, 2390, 2453, 2469, 2506, 2607, 2673, 2713, 2836, 2843, 2902, 2907, 3007, 3100, 3414, 3585, 3717, 3743, 3992, 4005, 4025, 4056, 4117, 4135, 4528, 4530, 4532, 4662, 4675, 4768, 4770, 4772, 4774, 4797, 4971, 5148, 5158, 5201, 5241, 5478, 5594, 5638, 5708, 5732, 5876, 5934, 6170, 6186, 6190, 6212, 6261, 6294, 6296, 6301, 6344, 6412, 6557, 6683, 6691, 6722, 6807, 6867, 6895, 6917, 6928, 7058, 7118, 7168, 7391, 7399, 7472, 7511, 7609, 7638, 7862, 8091, 8185, 8354, 8610, 8728, 9094, 9168, 9318, 9455, 9510, 9580, 9662, 9788, 9822, 9862, 9897, 9958, 9988, 10002, 10007, 10050, 10198]","[2673, 4005, 6212]","[35, 88, 90, 126, 140, 215, 248, 261, 334, 461, 646, 693, 696, 739, 748, 834, 941, 1229, 1253, 1346, 1401, 1413, 1432, 1451, 1507, 1561, 1645, 1662, 1681, 1885, 1890, 1993, 2023, 2054, 2143, 2346, 2390, 2453, 2469, 2506, 2607, 2713, 2836, 2843, 2902, 2907, 3007, 3100, 3414, 3585, 3717, 3743, 3992, 4025, 4056, 4117, 4135, 4528, 4530, 4532, 4662, 4675, 4768, 4770, 4772, 4774, 4797, 4971, 5148, 5158, 5201, 5241, 5478, 5594, 5638, 5708, 5732, 5876, 5934, 6170, 6186, 6190, 6261, 6294, 6296, 6301, 6344, 6412, 6557, 6683, 6691, 6722, 6807, 6867, 6895, 6917, 6928, 7058, 7118, 7168, 7391, 7399, 7472, 7511, 7609, 7638, 7862, 8091, 8185, 8354, 8610, 8728, 9094, 9168, 9318, 9455, 9510, 9580, 9662, 9788, 9822, 9862, 9897, 9958, 9988, 10002, 10007, 10050, 10198]","[2673, 4005, 6212]",10204,132,10072,3,129,10072,0
1.5,BOVLYSOZMC,"[121, 304, 374, 668, 685, 723, 738, 839, 905, 942, 1018, 1086, 1131, 1139, 1169, 1172, 1274, 1279, 1373, 1498, 1515, 1708, 1891, 2031, 2107, 2310, 2323, 2343, 2503, 2637, 2653, 2826, 2831, 2919, 2933, 2990, 3052, 3114, 3292, 3388, 3646, 3652, 3749, 3901, 3910, 4147, 4168, 4172, 4194, 4239, 4393, 4462, 4502, 4508, 4597, 4673, 4801, 4908, 4941, 4964, 5321, 5325, 5400, 5429, 5777, 5943, 6066, 6124, 6235, 6245, 6302, 6310, 6532, 6620, 7018, 7091, 7226, 7255, 7475, 7479, 8010]","[905, 2323, 4194]","[121, 304, 374, 668, 685, 723, 738, 839, 942, 1018, 1086, 1131, 1139, 1169, 1172, 1274, 1279, 1373, 1498, 1515, 1708, 1891, 2031, 2107, 2310, 2343, 2503, 2637, 2653, 2826, 2831, 2919, 2933, 2990, 3052, 3114, 3292, 3388, 3646, 3652, 3749, 3901, 3910, 4147, 4168, 4172, 4239, 4393, 4462, 4502, 4508, 4597, 4673, 4801, 4908, 4941, 4964, 5321, 5325, 5400, 5429, 5777, 5943, 6066, 6124, 6235, 6245, 6302, 6310, 6532, 6620, 7018, 7091, 7226, 7255, 7475, 7479, 8010]","[905, 2323, 4194]",8043,81,7962,3,78,7962,0
1.5,BOVMYF5A,"[273, 359, 403, 491, 520, 557, 620, 698, 713, 770, 827, 977, 1095, 1398, 1433, 1446, 1463, 1556, 1615, 1625, 1711, 1733, 1824, 1852, 1952, 1955, 2273, 2302, 2483, 2588, 2693, 2815, 2895, 2907, 2918, 2971, 3023, 3085, 3107, 3145, 3199, 3272, 3328, 3338, 3435, 3738, 3947, 4171, 4204, 4250, 4317, 4326, 4335, 4402, 4412, 4537, 4583, 4629, 4829, 4851, 4908, 4952, 5000, 5023, 5075, 5101, 5104, 5119, 5127, 5172]","[698, 1625]","[273, 359, 403, 491, 520, 557, 620, 713, 770, 827, 977, 1095, 1398, 1433, 1446, 1463, 1556, 1615, 1711, 1733, 1824, 1852, 1952, 1955, 2273, 2302, 2483, 2588, 2693, 2815, 2895, 2907, 2918, 2971, 3023, 3085, 3107, 3145, 3199, 3272, 3328, 3338, 3435, 3738, 3947, 4171, 4204, 4250, 4317, 4326, 4335, 4402, 4412, 4537, 4583, 4629, 4829, 4851, 4908, 4952, 5000, 5023, 5075, 5101, 5104, 5119, 5127, 5172]","[698, 1625]",5211,70,5141,2,68,5141,0
1.5,BRHOX22,"[530, 542, 574, 600, 623, 791, 824, 835, 843, 990, 1034, 1122, 1159, 1384, 1425, 1431, 1478, 1482, 1514, 1590, 1619, 1815, 1951, 1992, 2013, 2059, 2289, 2301, 2493, 2521, 2572, 2851, 3018, 3039, 3122, 3151, 3304, 3414]",[1431],"[530, 542, 574, 600, 623, 791, 824, 835, 843, 990, 1034, 1122, 1159, 1384, 1425, 1478, 1482, 1514, 1590, 1619, 1815, 1951, 1992, 2013, 2059, 2289, 2301, 2493, 2521, 2572, 2851, 3018, 3039, 3122, 3151, 3304, 3414]",[1431],3434,38,3396,1,37,3396,0
1.5,BRHOX34A,"[15, 54, 60, 64, 246, 460, 475, 588, 613, 764, 778, 921, 981, 998, 1132, 1163, 1182, 1190, 1248, 1296, 1359, 1387, 1397, 1415, 1751, 1791, 1798, 1819, 1881, 1979, 2191, 2217, 2313, 2441, 2510, 2675, 2903, 2934, 2963, 3069, 3160, 3339, 3491]",[981],"[15, 54, 60, 64, 246, 460, 475, 588, 613, 764, 778, 921, 998, 1132, 1163, 1182, 1190, 1248, 1296, 1359, 1387, 1397, 1415, 1751, 1791, 1798, 1819, 1881, 1979, 2191, 2217, 2313, 2441, 2510, 2675, 2903, 2934, 2963, 3069, 3160, 3339, 3491]",[981],3490,43,3447,1,42,3447,0
1.5,BRU12895,"[463, 592, 674, 793, 799, 1135, 1254, 1299, 1342, 1347, 1397, 1503, 1511, 1526, 1612, 1616, 1620, 1622, 1624, 1626, 1630, 1644, 1651, 1951, 1986, 1990, 1998, 2140, 2232, 2284, 2341, 2355, 2392, 2510, 2575, 2827, 3045, 3076]",[1135],"[463, 592, 674, 793, 799, 1254, 1299, 1342, 1347, 1397, 1503, 1511, 1526, 1612, 1616, 1620, 1622, 1624, 1626, 1630, 1644, 1651, 1951, 1986, 1990, 1998, 2140, 2232, 2284, 2341, 2355, 2392, 2510, 2575, 2827, 3045, 3076]",[1135],3232,38,3194,1,37,3194,0
1.5,BTATPAAA,"[55, 61, 112, 191, 296, 411, 459, 505, 549, 565, 580, 628, 689, 740, 785, 826, 843, 908, 918, 925, 942, 1025, 1111, 1146, 1160, 1166, 1200, 1229, 1285, 1296, 1430, 1450, 1467, 1487, 1973, 1987, 2314, 2377, 2501, 2612, 2615, 2702, 2761, 2777, 2829, 2838, 2912, 2957, 2987, 2992, 2997, 3093, 3342, 3383, 3387, 3548, 3630, 3636, 3647, 3683, 3707, 3867, 3951, 3983, 4081, 4106, 4183, 4188, 4236, 4249, 4280, 4297, 4301, 4511, 4537, 4581, 4650, 4785, 4854, 4887, 4900, 4988, 5021, 5110, 5145, 5201, 5210, 5345, 5350, 5427, 5438, 5456, 5460, 5492, 5496, 5551, 5556, 5585, 5636, 5709, 5729, 5886, 5931, 5947, 5953, 5968, 5984, 6059, 6109, 6155, 6263, 6311, 6315, 6337, 6472, 6479, 6495, 6511, 6561, 6646, 6827, 6865, 6922, 6975, 6990, 7098, 7151, 7185, 7270, 7325, 7371, 7436, 7445, 7693, 7713, 7717, 7770, 7824, 7878, 7885, 7915, 7984, 7986, 8023, 8099, 8141, 8200, 8311, 8394, 8398, 8540, 8556, 8588, 8663, 8697, 8748, 8758, 8831, 9030, 9129, 9158, 9211, 9235, 9433, 9527, 9682, 9733, 9844, 9848]","[740, 2314, 3707, 5729, 5984, 6337, 6827, 7151, 7770, 8023, 9129]","[55, 61, 112, 191, 296, 411, 459, 505, 549, 565, 580, 628, 689, 785, 826, 843, 908, 918, 925, 942, 1025, 1111, 1146, 1160, 1166, 1200, 1229, 1285, 1296, 1430, 1450, 1467, 1487, 1973, 1987, 2377, 2501, 2612, 2615, 2702, 2761, 2777, 2829, 2838, 2912, 2957, 2987, 2992, 2997, 3093, 3342, 3383, 3387, 3548, 3630, 3636, 3647, 3683, 3867, 3951, 3983, 4081, 4106, 4183, 4188, 4236, 4249, 4280, 4297, 4301, 4511, 4537, 4581, 4650, 4785, 4854, 4887, 4900, 4988, 5021, 5110, 5145, 5201, 5210, 5345, 5350, 5427, 5438, 5456, 5460, 5492, 5496, 5551, 5556, 5585, 5636, 5709, 5886, 5931, 5947, 5953, 5968, 6059, 6109, 6155, 6263, 6311, 6315, 6472, 6479, 6495, 6511, 6561, 6646, 6865, 6922, 6975, 6990, 7098, 7185, 7270, 7325, 7371, 7436, 7445, 7693, 7713, 7717, 7824, 7878, 7885, 7915, 7984, 7986, 8099, 8141, 8200, 8311, 8394, 8398, 8540, 8556, 8588, 8663, 8697, 8748, 8758, 8831, 9030, 9158, 9211, 9235, 9433, 9527, 9682, 9733, 9844, 9848]","[740, 2314, 3707, 5729, 5984, 6337, 6827, 7151, 7770, 8023, 9129]",9907,169,9738,11,158,9738,0
1.5,BTEBGL2,"[4, 156, 201, 221, 262, 272, 284, 287, 294, 310, 327, 376, 414, 482, 523, 611, 623, 658, 766, 828, 920, 1129, 1171, 1254, 1317, 1620, 1754, 1760, 1764]","[310, 658]","[4, 156, 201, 221, 262, 272, 284, 287, 294, 327, 376, 414, 482, 523, 611, 623, 766, 828, 920, 1129, 1171, 1254, 1317, 1620, 1754, 1760, 1764]","[310, 658]",1833,29,1804,2,27,1804,0
1.5,BTEBGL4,"[4, 156, 201, 221, 262, 272, 284, 287, 294, 310, 327, 376, 482, 523, 544, 611, 623, 658, 763, 815, 825, 1128, 1314, 1348, 1617, 1719]","[310, 658]","[4, 156, 201, 221, 262, 272, 284, 287, 294, 327, 376, 482, 523, 544, 611, 623, 763, 815, 825, 1128, 1314, 1348, 1617, 1719]","[310, 658]",1828,26,1802,2,24,1802,0
1.5,BTGL01,"[72, 98, 176, 327, 342, 349, 365, 369, 389, 434, 503, 536, 543, 549, 641, 711, 873, 894, 910, 943, 961, 1008, 1351, 1439, 1599, 1633, 1671, 1674, 1681]","[365, 1008]","[72, 98, 176, 327, 342, 349, 369, 389, 434, 503, 536, 543, 549, 641, 711, 873, 894, 910, 943, 961, 1351, 1439, 1599, 1633, 1671, 1674, 1681]","[365, 1008]",2040,29,2011,2,27,2011,0
1.5,BTHOR02,"[16, 36, 169, 484, 932, 939, 957, 975, 1123, 1186, 1230, 1268, 1357, 1375, 1489, 1920, 1936, 2019, 2030, 2105, 2119, 2130, 2219, 2345]","[484, 1920]","[16, 36, 169, 932, 939, 957, 975, 1123, 1186, 1230, 1268, 1357, 1375, 1489, 1936, 2019, 2030, 2105, 2119, 2130, 2219, 2345]","[484, 1920]",2419,24,2395,2,22,2395,0
1.5,BTKER6B,"[26, 84, 170, 188, 198, 250, 469, 554, 826, 938, 1008, 1029, 1074, 1110, 1160, 1259, 1298, 1331, 1355, 1397, 1439, 1593, 1602, 1678, 1724, 1820, 1830, 1836, 1865, 1925, 1958, 2044, 2171, 2217, 2219, 2263, 2300, 2346, 2559, 2577, 2618, 2745, 2798, 2913, 2926, 2974, 3070, 3174, 3184, 3189, 3217, 3315, 3432, 3446, 3530, 3626, 3784, 3975, 4056, 4178, 4192, 4297, 4335, 4372, 4389, 4524, 4539, 4581, 4666, 4686, 4717, 4900, 4906, 5029, 5142, 5321, 5469, 5523, 5608, 5686]","[1678, 2559, 3070, 3315, 3530, 4056, 4666]","[26, 84, 170, 188, 198, 250, 469, 554, 826, 938, 1008, 1029, 1074, 1110, 1160, 1259, 1298, 1331, 1355, 1397, 1439, 1593, 1602, 1724, 1820, 1830, 1836, 1865, 1925, 1958, 2044, 2171, 2217, 2219, 2263, 2300, 2346, 2577, 2618, 2745, 2798, 2913, 2926, 2974, 3174, 3184, 3189, 3217, 3432, 3446, 3626, 3784, 3975, 4178, 4192, 4297, 4335, 4372, 4389, 4524, 4539, 4581, 4686, 4717, 4900, 4906, 5029, 5142, 5321, 5469, 5523, 5608, 5686]","[1678, 2559, 3070, 3315, 3530, 4056, 4666]",5718,80,5638,7,73,5638,0
1.5,BTSPDNA,"[84, 103, 145, 177, 201, 333, 643, 648, 685, 700, 744, 776, 960, 985, 990, 1036, 1054, 1077, 1087, 1155, 1164, 1221, 1265, 1290, 1541, 1546, 1554, 1563, 1682, 1707, 1713, 1876, 1989, 2018, 2073, 2112, 2123]",[1541],"[84, 103, 145, 177, 201, 333, 643, 648, 685, 700, 744, 776, 960, 985, 990, 1036, 1054, 1077, 1087, 1155, 1164, 1221, 1265, 1290, 1546, 1554, 1563, 1682, 1707, 1713, 1876, 1989, 2018, 2073, 2112, 2123]",[1541],2148,37,2111,1,36,2111,0
1.5,BTSVSP109,"[52, 74, 155, 321, 353, 379, 549, 554, 618, 799, 809, 826, 954, 983, 1122, 1173, 1283, 1357, 1401, 1452, 1485, 1496, 1604, 1608, 2189, 2258, 2349, 2359, 2387, 2538, 2555, 2567, 2648, 2741, 2834, 2853, 2863, 2922, 3167, 3169, 3171, 3173, 3175, 3177, 3394, 3398, 3457, 3573, 3814, 3936, 3984, 4068, 4086, 4181, 4199, 4248, 4318, 4348, 4351, 4401, 4469, 4502, 4515, 4604, 4675, 4688, 5056, 5292, 5315, 5388, 5411, 5517, 5643, 5647, 5667, 5688, 5736, 5767, 6016, 6096, 6115, 6131, 6164, 6200, 6240, 6439, 6451, 6561, 6677, 6730]","[2359, 3984, 5292]","[52, 74, 155, 321, 353, 379, 549, 554, 618, 799, 809, 826, 954, 983, 1122, 1173, 1283, 1357, 1401, 1452, 1485, 1496, 1604, 1608, 2189, 2258, 2349, 2387, 2538, 2555, 2567, 2648, 2741, 2834, 2853, 2863, 2922, 3167, 3169, 3171, 3173, 3175, 3177, 3394, 3398, 3457, 3573, 3814, 3936, 4068, 4086, 4181, 4199, 4248, 4318, 4348, 4351, 4401, 4469, 4502, 4515, 4604, 4675, 4688, 5056, 5315, 5388, 5411, 5517, 5643, 5647, 5667, 5688, 5736, 5767, 6016, 6096, 6115, 6131, 6164, 6200, 6240, 6439, 6451, 6561, 6677, 6730]","[2359, 3984, 5292]",6948,90,6858,3,87,6858,0
1.5,BTTNP2G,"[24, 28, 125, 321, 710, 728, 746, 774, 847, 852, 872, 1029, 1043, 1115, 1172, 1210, 1326, 1342, 1434, 1511, 1561, 1716, 1783]",[774],"[24, 28, 125, 321, 710, 728, 746, 847, 852, 872, 1029, 1043, 1115, 1172, 1210, 1326, 1342, 1434, 1511, 1561, 1716, 1783]",[774],1841,23,1818,1,22,1818,0
1.5,BTU02285,"[21, 192, 242, 248, 410, 434, 461, 516, 518, 637, 644, 771, 914, 996, 1139, 1238, 1445, 1476, 1575, 1584, 1620, 1633, 1788, 1854, 1858, 1882, 1887, 1924, 2118, 2131, 2137, 2150, 2308, 2334, 2341, 2347, 2367, 2374, 2438, 2481, 2613, 2655, 2825, 2855, 2873, 2888, 2936, 2980, 3009, 3100, 3104, 3112, 3275, 3388, 3418, 3422, 3558, 3665, 3695, 3717, 3771, 3792, 3866, 3880, 3906, 3961, 3977, 4169, 4213, 4222, 4325, 4487, 4531, 4602, 4711, 4716, 4780, 4923, 4950, 4986, 5056, 5087, 5182, 5240, 5530, 5571, 5654, 5798, 5835, 5941, 5943, 6024, 6046, 6075, 6100, 6206]","[3792, 4222, 4487, 4780, 5056]","[21, 192, 242, 248, 410, 434, 461, 516, 518, 637, 644, 771, 914, 996, 1139, 1238, 1445, 1476, 1575, 1584, 1620, 1633, 1788, 1854, 1858, 1882, 1887, 1924, 2118, 2131, 2137, 2150, 2308, 2334, 2341, 2347, 2367, 2374, 2438, 2481, 2613, 2655, 2825, 2855, 2873, 2888, 2936, 2980, 3009, 3100, 3104, 3112, 3275, 3388, 3418, 3422, 3558, 3665, 3695, 3717, 3771, 3866, 3880, 3906, 3961, 3977, 4169, 4213, 4325, 4531, 4602, 4711, 4716, 4923, 4950, 4986, 5087, 5182, 5240, 5530, 5571, 5654, 5798, 5835, 5941, 5943, 6024, 6046, 6075, 6100, 6206]","[3792, 4222, 4487, 4780, 5056]",6388,96,6292,5,91,6292,0
1.5,CALEGLOBIM,"[54, 147, 188, 220, 236, 270, 345, 452, 473, 540, 552, 587, 603, 608, 765, 934, 1062, 1167, 1185, 1191, 1197, 1215, 1265, 1293, 1312, 1316, 1406, 1413, 1417, 1518, 1555, 1627]","[236, 587]","[54, 147, 188, 220, 270, 345, 452, 473, 540, 552, 603, 608, 765, 934, 1062, 1167, 1185, 1191, 1197, 1215, 1265, 1293, 1312, 1316, 1406, 1413, 1417, 1518, 1555, 1627]","[236, 587]",1690,32,1658,2,30,1658,0
1.5,CBUEGLOBIM,"[54, 147, 188, 220, 236, 270, 345, 452, 473, 540, 552, 587, 603, 608, 765, 874, 934, 1062, 1167, 1185, 1191, 1197, 1215, 1265, 1293, 1312, 1316, 1406, 1413, 1417, 1518, 1555, 1627, 1637]","[236, 587]","[54, 147, 188, 220, 270, 345, 452, 473, 540, 552, 603, 608, 765, 874, 934, 1062, 1167, 1185, 1191, 1197, 1215, 1265, 1293, 1312, 1316, 1406, 1413, 1417, 1518, 1555, 1627, 1637]","[236, 587]",1690,34,1656,2,32,1656,0
1.5,CCALAC,"[194, 203, 207, 284, 319, 369, 385, 418, 430, 436, 440, 745, 767, 797, 899, 932, 945, 997, 1014, 1047, 1128, 1138, 1178, 1252, 1298, 1358, 1763, 1798, 1852, 1903, 1965, 1981, 1994, 2168, 2225, 2286, 2367, 2409, 2603, 2646, 2697, 2809, 2916, 2958, 2973, 3148, 3275, 3279, 3333, 3397, 3499, 3541]","[1358, 1852, 2409]","[194, 203, 207, 284, 319, 369, 385, 418, 430, 436, 440, 745, 767, 797, 899, 932, 945, 997, 1014, 1047, 1128, 1138, 1178, 1252, 1298, 1763, 1798, 1903, 1965, 1981, 1994, 2168, 2225, 2286, 2367, 2603, 2646, 2697, 2809, 2916, 2958, 2973, 3148, 3275, 3279, 3333, 3397, 3499, 3541]","[1358, 1852, 2409]",3619,52,3567,3,49,3567,0
1.5,CCBEGLOBIM,"[55, 148, 189, 221, 237, 270, 452, 473, 540, 552, 587, 603, 759, 765, 905, 939, 1061, 1173, 1191, 1197, 1203, 1221, 1271, 1318, 1322, 1414, 1419, 1425, 1470, 1526, 1563]","[237, 587]","[55, 148, 189, 221, 270, 452, 473, 540, 552, 603, 759, 765, 905, 939, 1061, 1173, 1191, 1197, 1203, 1221, 1271, 1318, 1322, 1414, 1419, 1425, 1470, 1526, 1563]","[237, 587]",1695,31,1664,2,29,1664,0
1.5,CCBEGLOBIN,"[56, 149, 190, 222, 238, 272, 454, 475, 542, 554, 589, 605, 761, 767, 940, 1064, 1070, 1176, 1194, 1200, 1206, 1224, 1274, 1321, 1325, 1417, 1422, 1428, 1473, 1529, 1566]","[238, 589]","[56, 149, 190, 222, 272, 454, 475, 542, 554, 605, 761, 767, 940, 1064, 1070, 1176, 1194, 1200, 1206, 1224, 1274, 1321, 1325, 1417, 1422, 1428, 1473, 1529, 1566]","[238, 589]",1698,31,1667,2,29,1667,0
1.5,CCGHG,"[75, 79, 200, 283, 291, 408, 414, 497, 583, 586, 592, 604, 706, 752, 798, 822, 863, 1051, 1142, 1281, 1348, 1389, 1709, 1778, 1818, 2118, 2205, 2305, 2476, 2685, 2803]","[283, 706, 1051, 1778]","[75, 79, 200, 291, 408, 414, 497, 583, 586, 592, 604, 752, 798, 822, 863, 1142, 1281, 1348, 1389, 1709, 1818, 2118, 2205, 2305, 2476, 2685, 2803]","[283, 706, 1051, 1778]",2830,31,2799,4,27,2799,0
1.5,CCGONBS1,"[6, 38, 49, 62, 197, 306, 317, 324, 431, 446, 489, 592, 676, 844, 882, 1122, 1297, 1550, 1599, 1649, 1708, 1767, 1974, 2072, 2086, 2195, 2268, 2286, 2352, 2401, 2643, 2688, 2759, 2837, 3427, 3460]","[1767, 2072]","[6, 38, 49, 62, 197, 306, 317, 324, 431, 446, 489, 592, 676, 844, 882, 1122, 1297, 1550, 1599, 1649, 1708, 1974, 2086, 2195, 2268, 2286, 2352, 2401, 2643, 2688, 2759, 2837, 3427, 3460]","[1767, 2072]",3463,36,3427,2,34,3427,0
1.5,CCGONBS2,"[6, 38, 49, 62, 192, 302, 313, 320, 433, 448, 491, 594, 632, 677, 840, 878, 1137, 1315, 1568, 1617, 1667, 1726, 1785, 1993, 2091, 2105, 2213, 2286, 2304, 2344, 2370, 2419, 2656, 2662, 2707, 2778, 2856, 3442, 3446, 3479]","[1785, 2091]","[6, 38, 49, 62, 192, 302, 313, 320, 433, 448, 491, 594, 632, 677, 840, 878, 1137, 1315, 1568, 1617, 1667, 1726, 1993, 2105, 2213, 2286, 2304, 2344, 2370, 2419, 2656, 2662, 2707, 2778, 2856, 3442, 3446, 3479]","[1785, 2091]",3482,40,3442,2,38,3442,0
1.5,CCGTHA1,"[26, 76, 106, 110, 112, 166, 236, 302, 390, 453, 572, 601, 644, 676, 680, 990, 1071, 1104]","[302, 572]","[26, 76, 106, 110, 112, 166, 236, 390, 453, 601, 644, 676, 680, 990, 1071, 1104]","[302, 572]",1144,18,1126,2,16,1126,0
1.5,CCT64CLU,"[30, 179, 274, 516, 563, 888, 1060, 1116, 1176, 1359, 1403, 1459, 1467, 1534, 1644, 1664, 1688, 1705, 1721, 1754, 1781, 1822, 1873, 2667, 2757, 2761, 2766, 2779, 2840, 2888, 2914, 2993, 3005, 3021, 3120, 3301, 3339, 3496, 3638, 3833, 3893, 4365, 4406, 4429, 4436, 4482, 4510, 4514, 4518, 4565, 4572, 4577, 4585, 4593, 4600, 4623, 4643, 4693, 4732, 4754, 4836, 4891, 4930, 4983, 5065, 5210, 5263, 5272, 5337, 5341, 5391, 5401, 5429, 5474, 5506, 5528, 5534, 5659, 5712, 5874, 5939, 5944, 5962, 6019, 6121, 6169, 6277, 6296]","[1644, 2757, 3005, 3496, 4514, 5272, 5659]","[30, 179, 274, 516, 563, 888, 1060, 1116, 1176, 1359, 1403, 1459, 1467, 1534, 1664, 1688, 1705, 1721, 1754, 1781, 1822, 1873, 2667, 2761, 2766, 2779, 2840, 2888, 2914, 2993, 3021, 3120, 3301, 3339, 3638, 3833, 3893, 4365, 4406, 4429, 4436, 4482, 4510, 4518, 4565, 4572, 4577, 4585, 4593, 4600, 4623, 4643, 4693, 4732, 4754, 4836, 4891, 4930, 4983, 5065, 5210, 5263, 5337, 5341, 5391, 5401, 5429, 5474, 5506, 5528, 5534, 5712, 5874, 5939, 5944, 5962, 6019, 6121, 6169, 6277, 6296]","[1644, 2757, 3005, 3496, 4514, 5272, 5659]",6276,88,6188,7,81,6188,0
1.5,CEPPINS,"[127, 245, 405, 464, 485, 490, 591, 654, 760, 794, 858, 967, 974, 1021, 1066, 1106, 1218, 1235, 1257, 1399, 1408, 1424, 1441, 1445, 1487, 1509, 1513, 1517, 1606, 1615, 1706, 1760, 1878]",[858],"[127, 245, 405, 464, 485, 490, 591, 654, 760, 794, 967, 974, 1021, 1066, 1106, 1218, 1235, 1257, 1399, 1408, 1424, 1441, 1445, 1487, 1509, 1513, 1517, 1606, 1615, 1706, 1760, 1878]",[858],1901,33,1868,1,32,1868,0
1.5,CHBLG,"[21, 51, 166, 270, 305, 369, 484, 648, 698, 832, 928, 932, 1197, 1284, 1395, 1425, 1458, 1465, 1472, 1479, 1489, 1556, 1561, 1638, 1784, 2052, 2285, 2301, 2308, 2359, 2472, 2564, 2672, 2768, 2770, 2807, 2834, 2876, 2895, 2950, 2964, 3030, 3090, 3149, 3154, 3207, 3390, 3406, 3464, 3533, 3617, 3623, 3640, 3644, 3699, 3788, 3794, 3957, 4019, 4069, 4122, 4191, 4235, 4266, 4270, 4298, 4302, 4322, 4357, 4583, 4630, 4700, 4861, 4887, 4919, 4939, 4985, 5026, 5029, 5062, 5181, 5246, 5250, 5306, 5312, 5349, 5408, 5416, 5461, 5476, 5483, 5573, 5619, 5682, 5756, 5846, 5934, 6025, 6094, 6131, 6136, 6148, 6192, 6255, 6269, 6280, 6323, 6336, 6376, 6432, 6449, 6520, 6535, 6539, 6555, 6629, 6907, 7204, 7208, 7222, 7302, 7308, 7438, 7522, 7577, 7664, 7676, 7741, 7846, 7850, 7918, 8051]","[2285, 3090, 4019, 5246, 6025]","[21, 51, 166, 270, 305, 369, 484, 648, 698, 832, 928, 932, 1197, 1284, 1395, 1425, 1458, 1465, 1472, 1479, 1489, 1556, 1561, 1638, 1784, 2052, 2301, 2308, 2359, 2472, 2564, 2672, 2768, 2770, 2807, 2834, 2876, 2895, 2950, 2964, 3030, 3149, 3154, 3207, 3390, 3406, 3464, 3533, 3617, 3623, 3640, 3644, 3699, 3788, 3794, 3957, 4069, 4122, 4191, 4235, 4266, 4270, 4298, 4302, 4322, 4357, 4583, 4630, 4700, 4861, 4887, 4919, 4939, 4985, 5026, 5029, 5062, 5181, 5250, 5306, 5312, 5349, 5408, 5416, 5461, 5476, 5483, 5573, 5619, 5682, 5756, 5846, 5934, 6094, 6131, 6136, 6148, 6192, 6255, 6269, 6280, 6323, 6336, 6376, 6432, 6449, 6520, 6535, 6539, 6555, 6629, 6907, 7204, 7208, 7222, 7302, 7308, 7438, 7522, 7577, 7664, 7676, 7741, 7846, 7850, 7918, 8051]","[2285, 3090, 4019, 5246, 6025]",8080,132,7948,5,127,7948,0
1.5,CHEBGLI,"[177, 388, 456, 481, 522, 570, 599, 774, 795, 844, 862, 874, 909, 1047, 1136, 1213, 1591, 1757, 1821, 1868, 1960, 2067]","[570, 909]","[177, 388, 456, 481, 522, 599, 774, 795, 844, 862, 874, 1047, 1136, 1213, 1591, 1757, 1821, 1868, 1960, 2067]","[570, 909]",2204,22,2182,2,20,2182,0
1.5,CHEBGLII,"[17, 152, 179, 217, 408, 454, 474, 515, 525, 537, 540, 547, 563, 580, 630, 736, 777, 798, 877, 912, 923, 1020, 1049, 1072, 1082, 1145, 1383, 1426, 1493, 1562, 1570, 1619, 1870, 1900, 2084, 2111, 2193, 2213]","[563, 912]","[17, 152, 179, 217, 408, 454, 474, 515, 525, 537, 540, 547, 580, 630, 736, 777, 798, 877, 923, 1020, 1049, 1072, 1082, 1145, 1383, 1426, 1493, 1562, 1570, 1619, 1870, 1900, 2084, 2111, 2193, 2213]","[563, 912]",2258,38,2220,2,36,2220,0
1.5,CHKALDB,"[22, 318, 331, 399, 422, 447, 535, 552, 564, 606, 610, 657, 714, 796, 844, 919, 932, 1062, 1164, 1196, 1322, 1385, 1452, 1488, 1506, 1543, 1801, 1912, 1922, 1927, 1948, 2000, 2015, 2336, 2382, 2404, 2460, 2483, 2629, 2692, 2824, 2874, 2878, 2952, 3077, 3115, 3135, 3199, 3371, 3409, 3417, 3516, 3545, 3685, 3841, 4004, 4016, 4046, 4228, 4388, 4411, 4462, 4489, 4621, 4630, 4802, 4853, 4865, 4884, 5005, 5138, 5245, 5323, 5381, 5410, 5516, 5731, 5748, 5985, 5994, 6168, 6172, 6199, 6337, 6392, 6404, 6452, 6652, 6664, 6795, 6837, 6955, 6960, 6983, 7007, 7078, 7149, 7265, 7360, 7394, 7436, 7487, 7504, 7518, 7523, 7527, 7537, 7600, 7705, 7740, 7918, 7994, 8111, 8145, 8166, 8170, 8186, 8439, 8489, 8553, 8560, 8617, 8742, 8842, 8925, 9012, 9185, 9214, 9282, 9313, 9317, 9390, 9411, 9485, 9577, 9626, 9736, 9886, 10415, 10435, 10454, 10577, 10589, 10658, 10705, 10733, 10797, 10844, 10904, 10908, 10955, 11014, 11039, 11096, 11199, 11222, 11270, 11458, 11487]","[6172, 6664, 6955, 7265, 8186, 8842, 9185]","[22, 318, 331, 399, 422, 447, 535, 552, 564, 606, 610, 657, 714, 796, 844, 919, 932, 1062, 1164, 1196, 1322, 1385, 1452, 1488, 1506, 1543, 1801, 1912, 1922, 1927, 1948, 2000, 2015, 2336, 2382, 2404, 2460, 2483, 2629, 2692, 2824, 2874, 2878, 2952, 3077, 3115, 3135, 3199, 3371, 3409, 3417, 3516, 3545, 3685, 3841, 4004, 4016, 4046, 4228, 4388, 4411, 4462, 4489, 4621, 4630, 4802, 4853, 4865, 4884, 5005, 5138, 5245, 5323, 5381, 5410, 5516, 5731, 5748, 5985, 5994, 6168, 6199, 6337, 6392, 6404, 6452, 6652, 6795, 6837, 6960, 6983, 7007, 7078, 7149, 7360, 7394, 7436, 7487, 7504, 7518, 7523, 7527, 7537, 7600, 7705, 7740, 7918, 7994, 8111, 8145, 8166, 8170, 8439, 8489, 8553, 8560, 8617, 8742, 8925, 9012, 9214, 9282, 9313, 9317, 9390, 9411, 9485, 9577, 9626, 9736, 9886, 10415, 10435, 10454, 10577, 10589, 10658, 10705, 10733, 10797, 10844, 10904, 10908, 10955, 11014, 11039, 11096, 11199, 11222, 11270, 11458, 11487]","[6172, 6664, 6955, 7265, 8186, 8842, 9185]",11643,159,11484,7,152,11484,0
1.5,CHKAPOII,"[37, 64, 136, 282, 323, 364, 377, 454, 537, 729, 787, 901, 917, 929, 989, 1000, 1090, 1246, 1328, 1334, 1339, 1367, 1397, 1404, 1449, 1483, 1532, 1576, 1626, 1839, 1864, 1891, 1901, 1978, 2044, 2131, 2289, 2320, 2531, 2550, 2620, 2743, 2781, 2798, 3199, 3243, 3259, 3277, 3317, 3381, 3397, 3419, 3426, 3438, 3444, 3477, 3495, 3500, 3509, 3541, 3615, 3746, 3755, 3771, 3820, 3881, 3906, 3912, 3946, 3952, 3957, 3975, 3980, 4017, 4026, 4038, 4047, 4259, 4340, 4472, 4488, 4492, 4496, 4581, 4707, 4845]","[3317, 3820]","[37, 64, 136, 282, 323, 364, 377, 454, 537, 729, 787, 901, 917, 929, 989, 1000, 1090, 1246, 1328, 1334, 1339, 1367, 1397, 1404, 1449, 1483, 1532, 1576, 1626, 1839, 1864, 1891, 1901, 1978, 2044, 2131, 2289, 2320, 2531, 2550, 2620, 2743, 2781, 2798, 3199, 3243, 3259, 3277, 3381, 3397, 3419, 3426, 3438, 3444, 3477, 3495, 3500, 3509, 3541, 3615, 3746, 3755, 3771, 3881, 3906, 3912, 3946, 3952, 3957, 3975, 3980, 4017, 4026, 4038, 4047, 4259, 4340, 4472, 4488, 4492, 4496, 4581, 4707, 4845]","[3317, 3820]",4953,86,4867,2,84,4867,0
1.5,CHKDPCP,"[92, 216, 276, 347, 364, 369, 374, 387, 401, 415, 610, 637, 1104, 1624, 1649, 1654, 1671, 1681, 1709, 1826, 1867, 1878, 1890, 1892, 1894]",[637],"[92, 216, 276, 347, 364, 369, 374, 387, 401, 415, 610, 1104, 1624, 1649, 1654, 1671, 1681, 1709, 1826, 1867, 1878, 1890, 1892, 1894]",[637],1902,25,1877,1,24,1877,0
1.5,CHKMAX,"[27, 121, 281, 312, 470, 474, 517, 632, 727, 785, 789, 848, 974, 978, 1037, 1133, 1208, 1217, 1236, 1299, 1314, 1528, 1816, 1917, 2115, 2127, 2175, 2190, 2200, 2291, 2313, 2336, 2372, 2435, 2451, 2499, 2639, 2712, 2716, 2721, 2728, 2756, 2761, 2805, 2814, 2832, 2882, 2930, 2937, 2958, 2968, 2990, 3030, 3052, 3090, 3143, 3172, 3189, 3219, 3273, 3289, 3327, 3339, 3400, 3510, 3575, 3594, 3630, 3651, 3723, 3743, 3764, 3768, 3774, 3776, 3778, 3780, 3782, 3784, 3786, 3788, 3790, 3794, 3896, 3928, 4050, 4055, 4059, 4063, 4079, 4096, 4295, 4369, 4390, 4662, 4914, 4931, 5037, 5098, 5130, 5134, 5173, 5289, 5369, 5407, 5558, 5574, 5613, 5689]","[2127, 2291, 3928, 4295]","[27, 121, 281, 312, 470, 474, 517, 632, 727, 785, 789, 848, 974, 978, 1037, 1133, 1208, 1217, 1236, 1299, 1314, 1528, 1816, 1917, 2115, 2175, 2190, 2200, 2313, 2336, 2372, 2435, 2451, 2499, 2639, 2712, 2716, 2721, 2728, 2756, 2761, 2805, 2814, 2832, 2882, 2930, 2937, 2958, 2968, 2990, 3030, 3052, 3090, 3143, 3172, 3189, 3219, 3273, 3289, 3327, 3339, 3400, 3510, 3575, 3594, 3630, 3651, 3723, 3743, 3764, 3768, 3774, 3776, 3778, 3780, 3782, 3784, 3786, 3788, 3790, 3794, 3896, 4050, 4055, 4059, 4063, 4079, 4096, 4369, 4390, 4662, 4914, 4931, 5037, 5098, 5130, 5134, 5173, 5289, 5369, 5407, 5558, 5574, 5613, 5689]","[2127, 2291, 3928, 4295]",5690,109,5581,4,105,5581,0
1.5,CHKMYOD,"[131, 179, 200, 231, 316, 329, 348, 396, 424, 486, 551, 984, 1012, 1073, 1166, 1268, 1277, 1303, 1309, 1433, 1462, 1537, 1570, 1738, 1927, 2106, 2244, 2292, 2361, 2365, 2504, 2559, 2629, 2682, 2687, 2754, 2767, 2885, 2913, 3030, 3066, 3077, 3309, 3379, 3459, 3468, 3990, 3996, 4038, 4229, 4236, 4261, 4281, 4475, 4515, 4521, 4596, 4609, 4640, 4728, 4794, 4849, 4941, 5065, 5145, 5164, 5213, 5257, 5495, 5517, 5584, 5592, 5630, 5660, 5764, 5875, 5970, 6023, 6150, 6180, 6284, 6321, 6390, 6456, 6527, 7343]","[4941, 6150]","[131, 179, 200, 231, 316, 329, 348, 396, 424, 486, 551, 984, 1012, 1073, 1166, 1268, 1277, 1303, 1309, 1433, 1462, 1537, 1570, 1738, 1927, 2106, 2244, 2292, 2361, 2365, 2504, 2559, 2629, 2682, 2687, 2754, 2767, 2885, 2913, 3030, 3066, 3077, 3309, 3379, 3459, 3468, 3990, 3996, 4038, 4229, 4236, 4261, 4281, 4475, 4515, 4521, 4596, 4609, 4640, 4728, 4794, 4849, 5065, 5145, 5164, 5213, 5257, 5495, 5517, 5584, 5592, 5630, 5660, 5764, 5875, 5970, 6023, 6180, 6284, 6321, 6390, 6456, 6527, 7343]","[4941, 6150]",7381,86,7295,2,84,7295,0
1.5,CHKOVAL,"[26, 120, 322, 332, 368, 434, 677, 779, 952, 1267, 1289, 1293, 1390, 1492, 1497, 1505, 1536, 1754, 1820, 1837, 1863, 1898, 1900, 1902, 1923, 1984, 2449, 2657, 2667, 2806, 2912, 2924, 3009, 3103, 3119, 3164, 3225, 3293, 3466, 3633, 3686, 3712, 3758, 3812, 3837, 3915, 4176, 4232, 4587, 4591, 4682, 4694, 4699, 4720, 4802, 4890, 4915, 5035, 5081, 5098, 5120, 5144, 5170, 5237, 5308, 5327, 5396, 5737, 5795, 5874, 6042, 6152, 6226, 6242, 6246, 6282, 6496, 6740, 6749, 6832, 6857, 6975, 7022, 7076, 7079, 7134, 7148, 7178, 7284, 7355, 7691, 7768, 7770, 8122, 8125, 8130, 8322, 8334, 8410, 8420, 8456, 8500, 8592, 8791, 8808, 8934, 8982, 9018, 9024, 9028, 9105, 9164, 9201]","[3164, 3466, 4176, 4694, 5795, 6282]","[26, 120, 322, 332, 368, 434, 677, 779, 952, 1267, 1289, 1293, 1390, 1492, 1497, 1505, 1536, 1754, 1820, 1837, 1863, 1898, 1900, 1902, 1923, 1984, 2449, 2657, 2667, 2806, 2912, 2924, 3009, 3103, 3119, 3225, 3293, 3633, 3686, 3712, 3758, 3812, 3837, 3915, 4232, 4587, 4591, 4682, 4699, 4720, 4802, 4890, 4915, 5035, 5081, 5098, 5120, 5144, 5170, 5237, 5308, 5327, 5396, 5737, 5874, 6042, 6152, 6226, 6242, 6246, 6496, 6740, 6749, 6832, 6857, 6975, 7022, 7076, 7079, 7134, 7148, 7178, 7284, 7355, 7691, 7768, 7770, 8122, 8125, 8130, 8322, 8334, 8410, 8420, 8456, 8500, 8592, 8791, 8808, 8934, 8982, 9018, 9024, 9028, 9105, 9164, 9201]","[3164, 3466, 4176, 4694, 5795, 6282]",9198,113,9085,6,107,9085,0
1.5,CHKRPL30,"[118, 234, 334, 527, 545, 571, 594, 612, 671, 675, 749, 801, 820, 875, 878, 916, 1075, 1219, 1382, 1397, 1458, 1466, 1471, 1541, 1580, 1684, 1696, 1765, 1778, 1836, 1872, 1918, 1940, 1957, 1967, 1995, 2038, 2113, 2130, 2158, 2218, 2250, 2272, 2530, 2571, 2588, 2753, 2787, 2816, 2837, 2850, 2891, 2990, 3052, 3111, 3188, 3321, 3403, 3478, 3774, 3799, 3838, 3845, 3854, 3860]","[801, 1872, 2753]","[118, 234, 334, 527, 545, 571, 594, 612, 671, 675, 749, 820, 875, 878, 916, 1075, 1219, 1382, 1397, 1458, 1466, 1471, 1541, 1580, 1684, 1696, 1765, 1778, 1836, 1918, 1940, 1957, 1967, 1995, 2038, 2113, 2130, 2158, 2218, 2250, 2272, 2530, 2571, 2588, 2787, 2816, 2837, 2850, 2891, 2990, 3052, 3111, 3188, 3321, 3403, 3478, 3774, 3799, 3838, 3845, 3854, 3860]","[801, 1872, 2753]",3884,65,3819,3,62,3819,0
1.5,CHKRPL37A,"[6, 16, 31, 57, 183, 201, 366, 440, 476, 542, 547, 691, 798, 962, 996, 1021, 1035, 1067, 1085, 1123, 1199, 1265, 1274, 1278, 1319, 1376, 1540, 1558, 1600, 1618, 1678, 1946, 1950, 1987, 2025, 2079, 2099, 2125, 2139, 2255, 2328, 2340, 2370, 2386, 2739, 2838, 2854, 2911, 2980, 3052, 3065, 3146, 3179, 3231, 3357, 3376]","[798, 1376, 2386]","[6, 16, 31, 57, 183, 201, 366, 440, 476, 542, 547, 691, 962, 996, 1021, 1035, 1067, 1085, 1123, 1199, 1265, 1274, 1278, 1319, 1540, 1558, 1600, 1618, 1678, 1946, 1950, 1987, 2025, 2079, 2099, 2125, 2139, 2255, 2328, 2340, 2370, 2739, 2838, 2854, 2911, 2980, 3052, 3065, 3146, 3179, 3231, 3357, 3376]","[798, 1376, 2386]",3465,56,3409,3,53,3409,0
1.5,CHKRPL5G,"[30, 99, 128, 153, 300, 355, 405, 483, 498, 502, 512, 658, 785, 875, 948, 971, 995, 1022, 1036, 1173, 1227, 1273, 1312, 1319, 1351, 1397, 1419, 1498, 1540, 1551, 1571, 1586, 1599, 1632, 1637, 1855, 1983, 2017, 2063, 2105, 2121, 2138, 2148, 2397, 2428, 2473, 2618, 2747, 2952, 2974, 3092, 3100, 3126, 3131, 3137, 3157, 3161, 3175, 3237, 3264, 3300, 3345, 3433, 3442, 3467, 3552, 3598, 3637, 3674, 3715, 3800, 3828, 3846, 3921, 3936, 3955, 4002, 4062, 4166, 4233, 4259, 4305, 4309, 4327, 4398, 4405, 4440, 4475, 4535, 4620, 4638, 4658, 4735, 4746, 4986, 5165, 5191, 5264, 5334, 5562, 5656, 5718, 5824, 5837, 5958, 6060, 6064, 6248, 6265, 6294, 6356, 6420, 6478, 6488, 6541, 6639, 6690, 6785, 6897, 7000, 7049, 7112, 7223, 7339, 7369, 7385, 7508, 7515, 7675, 7787, 7986, 8003, 8058, 8062, 8072, 8075, 8093, 8189]","[498, 1419, 1632, 3157, 3955, 5165, 6897]","[30, 99, 128, 153, 300, 355, 405, 483, 502, 512, 658, 785, 875, 948, 971, 995, 1022, 1036, 1173, 1227, 1273, 1312, 1319, 1351, 1397, 1498, 1540, 1551, 1571, 1586, 1599, 1637, 1855, 1983, 2017, 2063, 2105, 2121, 2138, 2148, 2397, 2428, 2473, 2618, 2747, 2952, 2974, 3092, 3100, 3126, 3131, 3137, 3161, 3175, 3237, 3264, 3300, 3345, 3433, 3442, 3467, 3552, 3598, 3637, 3674, 3715, 3800, 3828, 3846, 3921, 3936, 4002, 4062, 4166, 4233, 4259, 4305, 4309, 4327, 4398, 4405, 4440, 4475, 4535, 4620, 4638, 4658, 4735, 4746, 4986, 5191, 5264, 5334, 5562, 5656, 5718, 5824, 5837, 5958, 6060, 6064, 6248, 6265, 6294, 6356, 6420, 6478, 6488, 6541, 6639, 6690, 6785, 7000, 7049, 7112, 7223, 7339, 7369, 7385, 7508, 7515, 7675, 7787, 7986, 8003, 8058, 8062, 8072, 8075, 8093, 8189]","[498, 1419, 1632, 3157, 3955, 5165, 6897]",8313,138,8175,7,131,8175,0
1.5,CHKTUB4B,"[65, 75, 188, 223, 243, 248, 264, 323, 340, 437, 699, 706, 762, 779, 849, 949, 1034, 1082, 1150, 1171, 1188, 1199, 1205, 1207, 1280, 1294, 1353, 1420, 1469, 1521, 1531, 1573, 1637, 1710, 1778, 1790, 1803, 1851, 1895, 1940, 1955, 1967, 2009, 2053, 2204, 2272, 2408, 2483, 2623, 2704, 2740, 2779, 2998, 3110, 3136]","[437, 949, 1573]","[65, 75, 188, 223, 243, 248, 264, 323, 340, 699, 706, 762, 779, 849, 1034, 1082, 1150, 1171, 1188, 1199, 1205, 1207, 1280, 1294, 1353, 1420, 1469, 1521, 1531, 1637, 1710, 1778, 1790, 1803, 1851, 1895, 1940, 1955, 1967, 2009, 2053, 2204, 2272, 2408, 2483, 2623, 2704, 2740, 2779, 2998, 3110, 3136]","[437, 949, 1573]",3145,55,3090,3,52,3090,0
1.5,CHKY,"[214, 265, 270, 319, 514, 641, 691, 695, 794, 805, 835, 863, 887, 1112, 1489, 1495, 1560, 1609, 1616, 1650, 1664, 1752, 1844, 1892, 1937, 2091, 2096, 2197, 2253, 2301, 2387, 2622, 2674, 2692, 2725, 2730, 2758, 2799, 2858, 2869, 2891, 2926, 3038, 3082, 3200, 3255, 3577, 3603, 3779, 3953, 3963, 4022, 4079, 4199, 4207, 4345, 4431, 4435, 4439, 4462, 4518, 4683, 4709, 4750, 4835, 5049, 5056, 5082, 5186, 5213, 5282, 5338, 5420, 5648, 5655, 5723, 5911, 6012, 6053, 6121, 6209, 6213, 6249, 6383, 6407, 6473, 6513, 6517, 6541, 6611, 6815, 7068, 7072, 7669, 7734, 7831, 7846, 7880, 7884, 8091, 8196, 8326, 8330, 8349, 8361]","[3603, 4199, 4683, 5648, 6012, 6249]","[214, 265, 270, 319, 514, 641, 691, 695, 794, 805, 835, 863, 887, 1112, 1489, 1495, 1560, 1609, 1616, 1650, 1664, 1752, 1844, 1892, 1937, 2091, 2096, 2197, 2253, 2301, 2387, 2622, 2674, 2692, 2725, 2730, 2758, 2799, 2858, 2869, 2891, 2926, 3038, 3082, 3200, 3255, 3577, 3779, 3953, 3963, 4022, 4079, 4207, 4345, 4431, 4435, 4439, 4462, 4518, 4709, 4750, 4835, 5049, 5056, 5082, 5186, 5213, 5282, 5338, 5420, 5655, 5723, 5911, 6053, 6121, 6209, 6213, 6383, 6407, 6473, 6513, 6517, 6541, 6611, 6815, 7068, 7072, 7669, 7734, 7831, 7846, 7880, 7884, 8091, 8196, 8326, 8330, 8349, 8361]","[3603, 4199, 4683, 5648, 6012, 6249]",8364,105,8259,6,99,8259,0
1.5,CHPPHYGEN,"[22, 118, 120, 150, 191, 300, 370, 421, 481, 543, 555, 598, 605, 607, 609, 611, 613, 615, 617, 619, 621, 623, 625, 627, 637, 718, 821, 919, 964, 988, 1189, 1193, 1263, 1328, 1341, 1357, 1429, 1599, 1664, 1736, 1802, 1818, 1830, 1861, 1902, 1920, 2019, 2118, 2214, 2225, 2284, 2350, 2485, 2499, 2548, 2579, 2647, 2897, 3020, 3026, 3054, 3409, 3516, 3533, 3575, 3672, 3764, 3786, 4044, 4096, 4125, 4387, 4551, 4561, 4599, 4609, 4661, 4831, 4910, 4945, 5041, 5043, 5073, 5114, 5181, 5286, 5337, 5459, 5471, 5514, 5521, 5531, 5533, 5535, 5537, 5539, 5541, 5543, 5547, 5551, 5557, 5638, 5741, 5839, 5884, 5908, 6111, 6115, 6150, 6213, 6244, 6273, 6345, 6444, 6526, 6550, 6592, 6609, 6623, 6652, 6693, 6773, 6791, 6883, 6903, 7000, 7011, 7056, 7072, 7111, 7138, 7206, 7281, 7372, 7379, 7600, 7738, 7809, 7815, 7830, 7843, 7849, 7884, 7989, 8006, 8202, 8399, 8403, 8430, 8472, 8609, 8717, 8727, 8742, 8746, 8788, 8823, 8841, 8862, 9220, 9244, 9263, 9306, 9349, 9395, 9420, 9442, 9446, 9832, 9894, 9910, 9942, 9995, 10066, 10103, 10162, 10416, 10427, 10450, 10676, 10802, 10812, 10818, 10833, 10849, 10853, 10873, 11000, 11079, 11158, 11193, 11250, 11300, 11325, 11348, 11498, 11552, 11626, 11636, 11645, 11681, 11685, 11689, 11693, 11811, 11828, 11903, 11936, 12038, 12237, 12560, 12575, 12603, 12674, 12719, 12787, 12816, 12943, 12968, 13318, 13375, 13458, 13479, 13493, 13548, 13634]","[4599, 4945]","[22, 118, 120, 150, 191, 300, 370, 421, 481, 543, 555, 598, 605, 607, 609, 611, 613, 615, 617, 619, 621, 623, 625, 627, 637, 718, 821, 919, 964, 988, 1189, 1193, 1263, 1328, 1341, 1357, 1429, 1599, 1664, 1736, 1802, 1818, 1830, 1861, 1902, 1920, 2019, 2118, 2214, 2225, 2284, 2350, 2485, 2499, 2548, 2579, 2647, 2897, 3020, 3026, 3054, 3409, 3516, 3533, 3575, 3672, 3764, 3786, 4044, 4096, 4125, 4387, 4551, 4561, 4609, 4661, 4831, 4910, 5041, 5043, 5073, 5114, 5181, 5286, 5337, 5459, 5471, 5514, 5521, 5531, 5533, 5535, 5537, 5539, 5541, 5543, 5547, 5551, 5557, 5638, 5741, 5839, 5884, 5908, 6111, 6115, 6150, 6213, 6244, 6273, 6345, 6444, 6526, 6550, 6592, 6609, 6623, 6652, 6693, 6773, 6791, 6883, 6903, 7000, 7011, 7056, 7072, 7111, 7138, 7206, 7281, 7372, 7379, 7600, 7738, 7809, 7815, 7830, 7843, 7849, 7884, 7989, 8006, 8202, 8399, 8403, 8430, 8472, 8609, 8717, 8727, 8742, 8746, 8788, 8823, 8841, 8862, 9220, 9244, 9263, 9306, 9349, 9395, 9420, 9442, 9446, 9832, 9894, 9910, 9942, 9995, 10066, 10103, 10162, 10416, 10427, 10450, 10676, 10802, 10812, 10818, 10833, 10849, 10853, 10873, 11000, 11079, 11158, 11193, 11250, 11300, 11325, 11348, 11498, 11552, 11626, 11636, 11645, 11681, 11685, 11689, 11693, 11811, 11828, 11903, 11936, 12038, 12237, 12560, 12575, 12603, 12674, 12719, 12787, 12816, 12943, 12968, 13318, 13375, 13458, 13479, 13493, 13548, 13634]","[4599, 4945]",13689,226,13463,2,224,13463,0
1.5,CHPPROTP1A,"[6, 9, 58, 159, 179, 251]",[159],"[6, 9, 58, 179, 251]",[159],397,6,391,1,5,391,0
1.5,CHPPROTP1B,"[4, 7, 56, 160, 180, 252]",[160],"[4, 7, 56, 180, 252]",[160],396,6,390,1,5,390,0
1.5,CHWEGLOBIM,"[55, 148, 189, 221, 237, 271, 453, 474, 541, 553, 588, 604, 761, 767, 941, 1063, 1069, 1175, 1193, 1199, 1222, 1271, 1319, 1323, 1417, 1422, 1428, 1473, 1529, 1566]","[237, 588]","[55, 148, 189, 221, 271, 453, 474, 541, 553, 604, 761, 767, 941, 1063, 1069, 1175, 1193, 1199, 1222, 1271, 1319, 1323, 1417, 1422, 1428, 1473, 1529, 1566]","[237, 588]",1701,30,1671,2,28,1671,0
1.5,CIGH,"[185, 194, 428, 452, 457, 598, 605, 676, 1249, 1281, 1520, 1568, 1571, 1577, 1589, 1691, 1775, 1900, 1937, 2011, 2029, 2033, 2062, 2130, 2134, 2280, 2385, 2452, 2536, 2593, 2705, 2865, 2889, 2960, 3178, 3271, 3379, 3451, 3630, 3638, 3702, 3750, 3797]","[1281, 1691, 2280, 2889]","[185, 194, 428, 452, 457, 598, 605, 676, 1249, 1520, 1568, 1571, 1577, 1589, 1775, 1900, 1937, 2011, 2029, 2033, 2062, 2130, 2134, 2385, 2452, 2536, 2593, 2705, 2865, 2960, 3178, 3271, 3379, 3451, 3630, 3638, 3702, 3750, 3797]","[1281, 1691, 2280, 2889]",3967,43,3924,4,39,3924,0
1.5,CITEGLOBIM,"[54, 147, 188, 220, 236, 270, 345, 452, 473, 540, 552, 587, 603, 608, 765, 890, 894, 934, 1056, 1062, 1168, 1186, 1192, 1198, 1216, 1266, 1294, 1313, 1317, 1407, 1412, 1418, 1463, 1519, 1556, 1628]","[236, 587]","[54, 147, 188, 220, 270, 345, 452, 473, 540, 552, 603, 608, 765, 890, 894, 934, 1056, 1062, 1168, 1186, 1192, 1198, 1216, 1266, 1294, 1313, 1317, 1407, 1412, 1418, 1463, 1519, 1556, 1628]","[236, 587]",1691,36,1655,2,34,1655,0
1.5,CJAEGLOBIN,"[55, 148, 189, 221, 237, 243, 271, 290, 453, 474, 541, 553, 588, 604, 761, 767, 941, 1063, 1069, 1175, 1193, 1199, 1222, 1272, 1319, 1323, 1418, 1423, 1429, 1474, 1530, 1567]","[237, 588]","[55, 148, 189, 221, 243, 271, 290, 453, 474, 541, 553, 604, 761, 767, 941, 1063, 1069, 1175, 1193, 1199, 1222, 1272, 1319, 1323, 1418, 1423, 1429, 1474, 1530, 1567]","[237, 588]",1702,32,1670,2,30,1670,0
1.5,CJINTERFG,"[191, 281, 307, 486, 512, 528, 585, 632, 862, 1143, 1294, 1500, 1571, 1588, 1601, 1860, 1864, 2243, 2343, 2384, 2389, 2428, 2441, 2573, 2575, 2610, 2635, 2881, 3126, 3158, 3246, 3268, 3293, 3303, 3346, 3363, 3602, 3607, 3863, 4072, 4125, 4187, 4286, 4373, 4465, 4498, 4519, 4653, 4702, 4719, 4730, 4734, 4750, 4867, 4887, 4922, 4934, 5078, 5524, 5574, 5657, 5679, 5731, 5753, 5761, 5765, 5822, 5939, 5944, 5976, 5999, 6030, 6036, 6080, 6127, 6212, 6251, 6289, 6397, 6457, 6469, 6488, 6708, 6741, 6760, 6901, 6949, 7163, 7217, 7324, 7399, 7443, 7468, 7537, 7557, 7647, 7993, 8063, 8152, 8209, 8324, 8352, 8418, 8423, 8486, 8503]","[2881, 4187, 4465]","[191, 281, 307, 486, 512, 528, 585, 632, 862, 1143, 1294, 1500, 1571, 1588, 1601, 1860, 1864, 2243, 2343, 2384, 2389, 2428, 2441, 2573, 2575, 2610, 2635, 3126, 3158, 3246, 3268, 3293, 3303, 3346, 3363, 3602, 3607, 3863, 4072, 4125, 4286, 4373, 4498, 4519, 4653, 4702, 4719, 4730, 4734, 4750, 4867, 4887, 4922, 4934, 5078, 5524, 5574, 5657, 5679, 5731, 5753, 5761, 5765, 5822, 5939, 5944, 5976, 5999, 6030, 6036, 6080, 6127, 6212, 6251, 6289, 6397, 6457, 6469, 6488, 6708, 6741, 6760, 6901, 6949, 7163, 7217, 7324, 7399, 7443, 7468, 7537, 7557, 7647, 7993, 8063, 8152, 8209, 8324, 8352, 8418, 8423, 8486, 8503]","[2881, 4187, 4465]",8519,106,8413,3,103,8413,0
1.5,CL54K,"[119, 132, 141, 183, 313, 352, 357, 408, 512, 535, 543, 649, 653, 706, 771, 777, 931, 959, 965, 1177, 1186, 1190, 1238, 1248, 1288, 1294, 1456, 1538, 1926, 1958, 1991, 2234, 2403, 2498, 2537, 2581, 2696, 2715, 2726, 2753, 2778, 2797, 2871, 2954, 3218, 3222, 3344, 3360, 3376]",[512],"[119, 132, 141, 183, 313, 352, 357, 408, 535, 543, 649, 653, 706, 771, 777, 931, 959, 965, 1177, 1186, 1190, 1238, 1248, 1288, 1294, 1456, 1538, 1926, 1958, 1991, 2234, 2403, 2498, 2537, 2581, 2696, 2715, 2726, 2753, 2778, 2797, 2871, 2954, 3218, 3222, 3344, 3360, 3376]",[512],3407,49,3358,1,48,3358,0
1.5,CMBGA2B2,"[150, 190, 217, 255, 294, 345, 383, 463, 583, 628, 718, 762, 810, 956, 989, 997, 1006, 1027, 1032, 1060, 1230, 1235, 1286, 1303, 1311, 1322, 1547, 1597, 1668, 1724, 1749, 1861, 1974, 1991, 2220, 2380, 2390, 2475, 2479, 2492, 2521, 2541, 2566, 2596, 2618]","[383, 718]","[150, 190, 217, 255, 294, 345, 463, 583, 628, 762, 810, 956, 989, 997, 1006, 1027, 1032, 1060, 1230, 1235, 1286, 1303, 1311, 1322, 1547, 1597, 1668, 1724, 1749, 1861, 1974, 1991, 2220, 2380, 2390, 2475, 2479, 2492, 2521, 2541, 2566, 2596, 2618]","[383, 718]",2684,45,2639,2,43,2639,0
1.5,CMEGA2E2,"[62, 327, 378, 416, 486, 492, 496, 498, 663, 718, 753, 805, 873, 918, 922, 956, 1075, 1196, 1258, 1294, 1506, 1584, 1747, 1779, 1838, 1931, 1991]","[416, 753]","[62, 327, 378, 486, 492, 496, 498, 663, 718, 805, 873, 918, 922, 956, 1075, 1196, 1258, 1294, 1506, 1584, 1747, 1779, 1838, 1931, 1991]","[416, 753]",2046,27,2019,2,25,2019,0
1.5,CMU11711,"[15, 204, 214, 234, 337, 589, 790, 826, 906, 1018, 1058, 1250, 1280, 1496, 1536, 1596, 1637, 1647, 1685, 1794, 1896, 1966, 1984, 1996, 2031, 2164, 2205, 2339, 2384, 2420, 2489, 2524, 2601, 2627, 2669, 2741, 2890, 2896, 2941, 2997, 3035, 3108]","[1685, 2031]","[15, 204, 214, 234, 337, 589, 790, 826, 906, 1018, 1058, 1250, 1280, 1496, 1536, 1596, 1637, 1647, 1794, 1896, 1966, 1984, 1996, 2164, 2205, 2339, 2384, 2420, 2489, 2524, 2601, 2627, 2669, 2741, 2890, 2896, 2941, 2997, 3035, 3108]","[1685, 2031]",3163,42,3121,2,40,3121,0
1.5,CPPROT1GN,"[102, 144, 164, 199, 231, 240, 255, 267]",[164],"[102, 144, 199, 231, 240, 255, 267]",[164],390,8,382,1,7,382,0
1.5,CRASEQB,"[79, 430, 456, 512, 669, 783, 881, 933, 1044, 1194, 1260, 1471, 1584, 1701, 1718, 1762, 1804, 1920, 2123, 2228, 2328, 2366, 2512, 2691, 2734, 2825, 2853, 3018, 3259, 3297, 3328, 3434, 3449, 3452, 3464, 3482, 3517, 3593, 3617, 3635, 3641, 3647, 3785, 3812, 3833, 3946, 3952, 4147, 4298, 4351, 4375, 4405, 4825, 4931, 4959, 5104]","[1920, 2825]","[79, 430, 456, 512, 669, 783, 881, 933, 1044, 1194, 1260, 1471, 1584, 1701, 1718, 1762, 1804, 2123, 2228, 2328, 2366, 2512, 2691, 2734, 2853, 3018, 3259, 3297, 3328, 3434, 3449, 3452, 3464, 3482, 3517, 3593, 3617, 3635, 3641, 3647, 3785, 3812, 3833, 3946, 3952, 4147, 4298, 4351, 4375, 4405, 4825, 4931, 4959, 5104]","[1920, 2825]",5120,56,5064,2,54,5064,0
1.5,CRUCH7AHYD,"[37, 67, 768, 781, 803, 901, 971, 1088, 1205, 1339, 1405, 1687, 1731, 1887, 1939, 1980, 1995, 2110, 2387, 2444, 2472, 2690, 2827, 2919, 2936, 2941, 2945, 3016, 3151, 3186, 3206, 3210, 3276, 3281, 3343, 3377, 3418, 3651, 3732, 3769, 3792, 3798, 3841, 4121, 4201, 4264, 4517, 4542, 4561, 4774, 4786, 4938, 5043, 5095, 5283, 5559, 5574, 5613, 5619, 5795, 5979, 6076, 6140, 6235, 6352, 6448, 6479, 6598, 6613, 6739, 6768, 6819, 6840, 6932, 6963, 7045, 7135, 7144, 7192, 7227, 7866, 7901, 7955, 8016, 8123, 8154, 8235, 8376, 8863, 8924, 9113, 9330, 9375, 9626, 9716, 9750, 9849, 10078, 10219, 10243, 10279, 10316, 10327, 10458, 10564, 10571]","[1731, 3651, 4938, 6076, 7866]","[37, 67, 768, 781, 803, 901, 971, 1088, 1205, 1339, 1405, 1687, 1887, 1939, 1980, 1995, 2110, 2387, 2444, 2472, 2690, 2827, 2919, 2936, 2941, 2945, 3016, 3151, 3186, 3206, 3210, 3276, 3281, 3343, 3377, 3418, 3732, 3769, 3792, 3798, 3841, 4121, 4201, 4264, 4517, 4542, 4561, 4774, 4786, 5043, 5095, 5283, 5559, 5574, 5613, 5619, 5795, 5979, 6140, 6235, 6352, 6448, 6479, 6598, 6613, 6739, 6768, 6819, 6840, 6932, 6963, 7045, 7135, 7144, 7192, 7227, 7901, 7955, 8016, 8123, 8154, 8235, 8376, 8863, 8924, 9113, 9330, 9375, 9626, 9716, 9750, 9849, 10078, 10219, 10243, 10279, 10316, 10327, 10458, 10564, 10571]","[1731, 3651, 4938, 6076, 7866]",10606,106,10500,5,101,10500,0
1.5,CRUGAD45A,"[189, 202, 208, 215, 233, 280, 466, 654, 691, 760, 782, 804, 859, 863, 902, 929, 1033, 1148, 1265, 1375, 1509, 1545, 1744, 1811, 1877, 1971, 2036, 2063, 2195, 2306, 2411, 2417, 2500, 2521, 2553, 2604, 2720, 2759, 2946, 2981, 3016, 3052, 3099, 3148, 3193, 3293, 3398, 3428, 3555, 3605, 3835, 3846, 4003, 4035, 4108, 4368]","[1877, 2063, 2417]","[189, 202, 208, 215, 233, 280, 466, 654, 691, 760, 782, 804, 859, 863, 902, 929, 1033, 1148, 1265, 1375, 1509, 1545, 1744, 1811, 1971, 2036, 2195, 2306, 2411, 2500, 2521, 2553, 2604, 2720, 2759, 2946, 2981, 3016, 3052, 3099, 3148, 3193, 3293, 3398, 3428, 3555, 3605, 3835, 3846, 4003, 4035, 4108, 4368]","[1877, 2063, 2417]",4427,56,4371,3,53,4371,0
1.5,DMPROTP1,"[33, 72, 156, 249, 307, 377, 406, 546]",[249],"[33, 72, 156, 307, 377, 406, 546]",[249],616,8,608,1,7,608,0
1.5,DMU11712,"[16, 182, 218, 238, 335, 340, 592, 636, 792, 915, 1025, 1033, 1405, 1505, 1616, 1657, 1667, 1705, 1806, 1908, 1929, 1996, 2008, 2043, 2182, 2223, 2357, 2402, 2505, 2619, 2655, 2685, 2703, 2757, 2774, 2781, 2903, 2909, 3010]","[1705, 2043]","[16, 182, 218, 238, 335, 340, 592, 636, 792, 915, 1025, 1033, 1405, 1505, 1616, 1657, 1667, 1806, 1908, 1929, 1996, 2008, 2182, 2223, 2357, 2402, 2505, 2619, 2655, 2685, 2703, 2757, 2774, 2781, 2903, 2909, 3010]","[1705, 2043]",3019,39,2980,2,37,2980,0
1.5,DOGCOLIP,"[212, 224, 249, 394, 416, 530, 600, 789, 817, 899, 904, 1108, 1148, 1261, 1343, 1411, 1461, 1602, 1624, 1747, 1766, 2002, 2114, 2126, 2154, 2199, 2205, 2299, 2378, 2382, 2394, 2399, 2431, 2443, 2503, 2508, 2512, 2550, 2582, 2602, 2694, 2761, 2821, 2839, 2845, 2859, 2918, 3059, 3108, 3119]","[1108, 2378]","[212, 224, 249, 394, 416, 530, 600, 789, 817, 899, 904, 1148, 1261, 1343, 1411, 1461, 1602, 1624, 1747, 1766, 2002, 2114, 2126, 2154, 2199, 2205, 2299, 2382, 2394, 2399, 2431, 2443, 2503, 2508, 2512, 2550, 2582, 2602, 2694, 2761, 2821, 2839, 2845, 2859, 2918, 3059, 3108, 3119]","[1108, 2378]",3156,50,3106,2,48,3106,0
1.5,DOGIL8T,"[112, 118, 162, 223, 434, 453, 475, 528, 577, 579, 671, 686, 968, 1007, 1149, 1206, 1227, 1287, 1406, 1457, 1549, 1686, 1710, 1737, 1769, 1918, 1956, 1969, 2222]","[118, 1406, 1769]","[112, 162, 223, 434, 453, 475, 528, 577, 579, 671, 686, 968, 1007, 1149, 1206, 1227, 1287, 1457, 1549, 1686, 1710, 1737, 1918, 1956, 1969, 2222]","[118, 1406, 1769]",2229,29,2200,3,26,2200,0
1.5,ECGLOAP1,"[105, 298, 323, 331, 363, 522, 543, 657, 725, 770, 845, 889, 893, 939, 962, 968, 995, 1099]","[363, 657]","[105, 298, 323, 331, 522, 543, 725, 770, 845, 889, 893, 939, 962, 968, 995, 1099]","[363, 657]",1133,18,1115,2,16,1115,0
1.5,ECPZA2GL,"[19, 51, 59, 184, 193, 221, 253, 383, 443, 522, 570, 767, 803, 810, 818, 826, 954, 1019, 1055, 1067, 1096, 1126, 1263, 1267, 1537, 1560, 1585, 1600, 1611, 1615, 1623, 1632, 1648, 1671, 1675, 1728, 1885, 2012, 2104, 2153, 2166, 2176, 2219, 2307, 2516, 2613, 2672, 2950, 3123, 3202, 3208, 3234, 3269, 3442, 3484, 3527, 3532, 3552, 3576, 3650, 3669, 3924, 3945, 3969, 4059, 4140, 4304, 4388, 4478, 4487, 4542, 4610, 4647, 4657, 4877, 5046, 5060, 5077]","[3576, 4059]","[19, 51, 59, 184, 193, 221, 253, 383, 443, 522, 570, 767, 803, 810, 818, 826, 954, 1019, 1055, 1067, 1096, 1126, 1263, 1267, 1537, 1560, 1585, 1600, 1611, 1615, 1623, 1632, 1648, 1671, 1675, 1728, 1885, 2012, 2104, 2153, 2166, 2176, 2219, 2307, 2516, 2613, 2672, 2950, 3123, 3202, 3208, 3234, 3269, 3442, 3484, 3527, 3532, 3552, 3650, 3669, 3924, 3945, 3969, 4140, 4304, 4388, 4478, 4487, 4542, 4610, 4647, 4657, 4877, 5046, 5060, 5077]","[3576, 4059]",5081,78,5003,2,76,5003,0
1.5,ECZGL1,"[66, 176, 190, 213, 274, 345, 677, 700, 725, 740, 751, 755, 763, 772, 788, 826, 835, 845, 874, 878, 884, 1033, 1085, 1129, 1175, 1420, 1432, 1444, 1534, 1566, 1571, 1580, 1588, 1801, 1813, 1887, 1965, 1983]","[700, 1534]","[66, 176, 190, 213, 274, 345, 677, 725, 740, 751, 755, 763, 772, 788, 826, 835, 845, 874, 878, 884, 1033, 1085, 1129, 1175, 1420, 1432, 1444, 1566, 1571, 1580, 1588, 1801, 1813, 1887, 1965, 1983]","[700, 1534]",1993,38,1955,2,36,1955,0
1.5,ECZGL2,"[232, 255, 280, 295, 306, 310, 318, 327, 343, 381, 390, 400, 429, 433, 439, 588, 684, 730, 970, 982, 994, 1084, 1116, 1121, 1130, 1138, 1351, 1363, 1437, 1515, 1533]","[255, 1084]","[232, 280, 295, 306, 310, 318, 327, 343, 381, 390, 400, 429, 433, 439, 588, 684, 730, 970, 982, 994, 1116, 1121, 1130, 1138, 1351, 1363, 1437, 1515, 1533]","[255, 1084]",1555,31,1524,2,29,1524,0
1.5,ELMETL,"[25, 29, 147, 348, 379, 399, 467, 629, 651, 956, 1057, 1097, 1120, 1132, 1282, 1291, 1337, 1362, 1366, 1464, 1514, 1518, 1615, 1686, 1708, 1733, 1745, 1768, 1861]","[1097, 1291]","[25, 29, 147, 348, 379, 399, 467, 629, 651, 956, 1057, 1120, 1132, 1282, 1337, 1362, 1366, 1464, 1514, 1518, 1615, 1686, 1708, 1733, 1745, 1768, 1861]","[1097, 1291]",1865,29,1836,2,27,1836,0
1.5,FDFELDI2,"[131, 248, 276, 349, 459, 504, 571, 641, 678, 703, 765, 826, 970, 1014, 1070, 1235, 1261, 1282, 1306, 1362, 1373, 1562, 1588, 1643, 1658, 1710, 1882, 2011, 2015, 2019, 2089, 2093, 2149, 2246]","[276, 970]","[131, 248, 349, 459, 504, 571, 641, 678, 703, 765, 826, 1014, 1070, 1235, 1261, 1282, 1306, 1362, 1373, 1562, 1588, 1643, 1658, 1710, 1882, 2011, 2015, 2019, 2089, 2093, 2149, 2246]","[276, 970]",2417,34,2383,2,32,2383,0
1.5,FDTNFA,"[87, 187, 260, 273, 291, 469, 474, 476, 517, 547, 598, 661, 695, 702, 790, 864, 885, 945, 968, 972, 1011, 1111, 1169, 1203, 1396, 1413, 1519, 1590, 1634]","[187, 790, 972]","[87, 260, 273, 291, 469, 474, 476, 517, 547, 598, 661, 695, 702, 864, 885, 945, 968, 1011, 1111, 1169, 1203, 1396, 1413, 1519, 1590, 1634]","[187, 790, 972]",1714,29,1685,3,26,1685,0
1.5,GDMYF5G,"[11, 17, 138, 313, 344, 432, 461, 524, 561, 633, 639, 655, 698, 716, 753, 860, 864, 978, 1036, 1104, 1121, 1479, 1540, 1564]","[639, 1036]","[11, 17, 138, 313, 344, 432, 461, 524, 561, 633, 655, 698, 716, 753, 860, 864, 978, 1104, 1121, 1479, 1540, 1564]","[639, 1036]",1601,24,1577,2,22,1577,0
1.5,GGAC01,"[22, 116, 150, 273, 443, 634, 668, 716, 774, 778, 782, 784, 786, 790, 794, 808, 833, 874, 876, 904, 914, 947, 954, 958, 962, 970, 981, 995, 1003, 1057, 1069, 1119, 1125, 1240, 1246, 1343, 1384, 1493, 1586, 1645, 1666, 1683, 1716, 1800, 1812, 1873, 1882, 1889, 1893, 1903, 1987, 1995, 1999, 2026, 2050, 2066, 2083, 2226, 2261, 2585, 2587, 2602, 2664, 2687, 2691, 2698, 2782, 2812, 2835, 2853, 2934, 3011, 3015, 3120, 3125, 3154, 3189, 3276, 3330, 3338, 3431, 3495, 3510, 3561, 3571, 3597, 3607, 3677, 3723, 3831, 3835, 3857, 3867, 3881, 3886, 3890, 3957, 3982, 4055, 4130, 4205, 4309, 4315, 4468, 4499, 4536, 4609, 4648, 4684, 4695, 4812, 4848, 4852, 4880, 4890, 4898, 4910, 4928, 4966, 4996]","[1666, 2226, 3189, 3677]","[22, 116, 150, 273, 443, 634, 668, 716, 774, 778, 782, 784, 786, 790, 794, 808, 833, 874, 876, 904, 914, 947, 954, 958, 962, 970, 981, 995, 1003, 1057, 1069, 1119, 1125, 1240, 1246, 1343, 1384, 1493, 1586, 1645, 1683, 1716, 1800, 1812, 1873, 1882, 1889, 1893, 1903, 1987, 1995, 1999, 2026, 2050, 2066, 2083, 2261, 2585, 2587, 2602, 2664, 2687, 2691, 2698, 2782, 2812, 2835, 2853, 2934, 3011, 3015, 3120, 3125, 3154, 3276, 3330, 3338, 3431, 3495, 3510, 3561, 3571, 3597, 3607, 3723, 3831, 3835, 3857, 3867, 3881, 3886, 3890, 3957, 3982, 4055, 4130, 4205, 4309, 4315, 4468, 4499, 4536, 4609, 4648, 4684, 4695, 4812, 4848, 4852, 4880, 4890, 4898, 4910, 4928, 4966, 4996]","[1666, 2226, 3189, 3677]",5038,120,4918,4,116,4918,0
1.5,GGACTAC,"[90, 229, 311, 339, 346, 351, 430, 533, 549, 614, 662, 779, 791, 795, 821, 871, 970, 1169, 1266, 1472, 1554, 1737, 1756, 1811, 1815, 1838, 1842, 1866, 2025, 2063, 2074, 2104, 2118, 2127, 2277, 2520, 2552, 2690, 2703, 2752, 2770, 2790, 2914, 3032, 3154, 3167, 3218, 3247, 3254, 3281, 3375, 3463, 3561, 3587, 3657, 3726, 3755, 3948, 4140, 4216, 4231, 4282, 4292, 4315, 4318, 4328, 4336, 4398, 4680, 4693, 4697, 4726, 4780, 4855, 4942, 4986, 5128, 5266, 5278]","[970, 2127, 2914, 3218, 4398]","[90, 229, 311, 339, 346, 351, 430, 533, 549, 614, 662, 779, 791, 795, 821, 871, 1169, 1266, 1472, 1554, 1737, 1756, 1811, 1815, 1838, 1842, 1866, 2025, 2063, 2074, 2104, 2118, 2277, 2520, 2552, 2690, 2703, 2752, 2770, 2790, 3032, 3154, 3167, 3247, 3254, 3281, 3375, 3463, 3561, 3587, 3657, 3726, 3755, 3948, 4140, 4216, 4231, 4282, 4292, 4315, 4318, 4328, 4336, 4680, 4693, 4697, 4726, 4780, 4855, 4942, 4986, 5128, 5266, 5278]","[970, 2127, 2914, 3218, 4398]",5455,79,5376,5,74,5376,0
1.5,GGACTI,"[52, 153, 168, 219, 277, 307, 383, 404, 431, 448, 525, 529, 535, 552, 580, 596, 739, 777, 788, 818, 832, 841, 845, 929, 975, 999, 1030, 1137, 1217, 1288, 1368, 1380, 1490, 1554, 1659, 1735, 1761, 1771, 1779, 1841, 1904, 1923, 1934, 1956, 2013, 2030, 2088, 2120, 2182, 2269, 2279]","[404, 841, 1137, 1554, 1841]","[52, 153, 168, 219, 277, 307, 383, 431, 448, 525, 529, 535, 552, 580, 596, 739, 777, 788, 818, 832, 845, 929, 975, 999, 1030, 1217, 1288, 1368, 1380, 1490, 1659, 1735, 1761, 1771, 1779, 1904, 1923, 1934, 1956, 2013, 2030, 2088, 2120, 2182, 2269, 2279]","[404, 841, 1137, 1554, 1841]",2418,51,2367,5,46,2367,0
1.5,GGCALB,"[90, 103, 288, 386, 398, 416, 421, 520, 589, 596, 733, 753, 790, 811, 817, 866, 889, 944, 1016, 1031, 1084, 1105, 1111, 1150, 1201, 1215, 1225, 1246, 1272, 1277, 1292, 1332, 1358, 1418, 1442, 1514, 1542, 1701, 1724, 1739, 1835, 1863, 1867, 1948, 1987, 2214, 2289, 2323, 2549, 2642, 2650, 2735, 2791, 2870, 2890, 2993, 3062, 3066, 3331, 3378, 3467, 3492, 3509, 3617, 3629, 3659, 3693, 3720, 3748, 3793, 3872, 3887, 3919, 3967, 4128, 4235, 4243, 4297, 4405, 4414, 4487, 4491, 4534, 4668, 4749, 4805, 4894, 5205, 5255, 5262, 5274, 5333, 5404, 5524, 5592, 5656, 5818, 5825, 5848, 5867, 5933, 6033, 6045, 6149, 6181, 6190, 6321, 6526, 6581, 6673, 6694, 6724, 6756, 6762, 6784, 6861, 6933, 7035, 7082, 7096, 7145, 7188, 7244, 7457, 7488, 7579, 7618, 7631, 7754, 7824, 7865, 7938, 7997, 8105, 8141, 8249, 8324, 8374, 8400, 8537, 8546, 8667, 8718, 8722, 8728, 8739, 8776, 8800, 8811, 8829, 8987, 9004, 9052, 9082, 9228, 9268, 9296, 9384, 9394, 9441, 9634, 9685, 9689, 9734, 9756, 9778, 9862, 9880, 9916, 10013, 10030, 10161, 10195, 10219, 10429, 10454, 10487, 10508, 10525, 10530, 10551, 10580, 10647]","[386, 1863, 2289, 3467, 3793, 4235, 4894, 5205, 5933, 6784, 7035, 7824, 8718, 9052, 9685, 10195]","[90, 103, 288, 398, 416, 421, 520, 589, 596, 733, 753, 790, 811, 817, 866, 889, 944, 1016, 1031, 1084, 1105, 1111, 1150, 1201, 1215, 1225, 1246, 1272, 1277, 1292, 1332, 1358, 1418, 1442, 1514, 1542, 1701, 1724, 1739, 1835, 1867, 1948, 1987, 2214, 2323, 2549, 2642, 2650, 2735, 2791, 2870, 2890, 2993, 3062, 3066, 3331, 3378, 3492, 3509, 3617, 3629, 3659, 3693, 3720, 3748, 3872, 3887, 3919, 3967, 4128, 4243, 4297, 4405, 4414, 4487, 4491, 4534, 4668, 4749, 4805, 5255, 5262, 5274, 5333, 5404, 5524, 5592, 5656, 5818, 5825, 5848, 5867, 6033, 6045, 6149, 6181, 6190, 6321, 6526, 6581, 6673, 6694, 6724, 6756, 6762, 6861, 6933, 7082, 7096, 7145, 7188, 7244, 7457, 7488, 7579, 7618, 7631, 7754, 7865, 7938, 7997, 8105, 8141, 8249, 8324, 8374, 8400, 8537, 8546, 8667, 8722, 8728, 8739, 8776, 8800, 8811, 8829, 8987, 9004, 9082, 9228, 9268, 9296, 9384, 9394, 9441, 9634, 9689, 9734, 9756, 9778, 9862, 9880, 9916, 10013, 10030, 10161, 10219, 10429, 10454, 10487, 10508, 10525, 10530, 10551, 10580, 10647]","[386, 1863, 2289, 3467, 3793, 4235, 4894, 5205, 5933, 6784, 7035, 7824, 8718, 9052, 9685, 10195]",11060,183,10877,16,167,10877,0
1.5,GGCRYD1,"[95, 171, 203, 217, 267, 279, 310, 378, 388, 441, 469, 480, 520, 530, 540, 570, 600, 910, 1020, 1085, 1184, 1283, 1734, 1973, 2046, 2077, 2081, 2085, 2090, 2154, 2217, 2251, 2407, 2482, 2539, 2574, 2578, 2622, 2701, 2742, 3039, 3059, 3150, 3499, 3516, 3751, 3830, 3944, 4036, 4274, 4297, 4332, 4528, 4567, 4596, 4694, 4728, 4766, 4779, 4889, 4903, 4907, 5234, 5238, 5361, 5434, 5498, 5650, 5690, 5885, 5899, 6003, 6010, 6045, 6138, 6231, 6273, 6395, 6653, 6722, 6726, 6734, 6791, 6829, 6835, 6841, 6883, 6911, 6934, 7213, 7251, 7373, 7424, 7435, 7529, 7772, 7779, 7796, 8021]","[441, 1734, 2742, 3150, 3516, 3944, 4332, 4528, 4907, 5234, 5899, 6138, 6395, 6734, 7213]","[95, 171, 203, 217, 267, 279, 310, 378, 388, 469, 480, 520, 530, 540, 570, 600, 910, 1020, 1085, 1184, 1283, 1973, 2046, 2077, 2081, 2085, 2090, 2154, 2217, 2251, 2407, 2482, 2539, 2574, 2578, 2622, 2701, 3039, 3059, 3499, 3751, 3830, 4036, 4274, 4297, 4567, 4596, 4694, 4728, 4766, 4779, 4889, 4903, 5238, 5361, 5434, 5498, 5650, 5690, 5885, 6003, 6010, 6045, 6231, 6273, 6653, 6722, 6726, 6791, 6829, 6835, 6841, 6883, 6911, 6934, 7251, 7373, 7424, 7435, 7529, 7772, 7779, 7796, 8021]","[441, 1734, 2742, 3150, 3516, 3944, 4332, 4528, 4907, 5234, 5899, 6138, 6395, 6734, 7213]",8152,99,8053,15,84,8053,0
1.5,GGGL03,"[44, 154, 183, 188, 251, 258, 329, 340, 408, 432, 654, 768, 966, 973, 996, 1015, 1160, 1164, 1187, 1204]","[432, 768]","[44, 154, 183, 188, 251, 258, 329, 340, 408, 654, 966, 973, 996, 1015, 1160, 1164, 1187, 1204]","[432, 768]",1199,20,1179,2,18,1179,0
1.5,GGGNRHIA,"[123, 220, 338, 363, 433, 607, 669, 1661, 1684, 1699, 1851, 1950, 1954, 2057, 2154, 2315, 2577, 2592, 2756, 2787, 2822, 2904, 2909, 2919, 2934, 2941, 2946, 2951, 3048, 3181, 3340, 3371, 3380, 3422, 3441, 3510, 3627, 3641, 3744, 3783, 3815, 3820, 3917, 4018, 4184, 4195, 4392, 4421, 4470, 4472, 4479, 4544, 4587, 4655, 4985, 5111, 5176, 5245, 5248, 5408, 5447, 5563, 5575, 5640, 5658, 5703, 5742, 5758, 5763, 5817, 5885, 6091, 6095, 6120]","[3627, 4392]","[123, 220, 338, 363, 433, 607, 669, 1661, 1684, 1699, 1851, 1950, 1954, 2057, 2154, 2315, 2577, 2592, 2756, 2787, 2822, 2904, 2909, 2919, 2934, 2941, 2946, 2951, 3048, 3181, 3340, 3371, 3380, 3422, 3441, 3510, 3641, 3744, 3783, 3815, 3820, 3917, 4018, 4184, 4195, 4421, 4470, 4472, 4479, 4544, 4587, 4655, 4985, 5111, 5176, 5245, 5248, 5408, 5447, 5563, 5575, 5640, 5658, 5703, 5742, 5758, 5763, 5817, 5885, 6091, 6095, 6120]","[3627, 4392]",6274,74,6200,2,72,6200,0
1.5,GGNFM1D,"[42, 145, 232, 258, 368, 610, 656, 771, 789, 817, 859, 874, 932, 964, 966, 1102, 1112, 1135, 1295, 1393, 1406, 1541, 1721, 1742, 1775, 1817, 1930, 2008, 2051, 2149, 2187, 2194, 2224, 2228, 2285, 2304, 2367, 2451, 2540, 2760, 3002, 3075, 3184, 3354, 3389, 3448, 3462, 3468, 3595, 4084, 4092, 4101, 4152, 4194, 4284, 4356, 4395, 4596, 4617, 4623, 4656, 4663, 4746, 4768, 4810, 4835, 4847, 4851, 4869, 4964, 5014, 5018, 5027, 5057, 5061, 5300, 5458, 5509, 5533, 5567]",[2451],"[42, 145, 232, 258, 368, 610, 656, 771, 789, 817, 859, 874, 932, 964, 966, 1102, 1112, 1135, 1295, 1393, 1406, 1541, 1721, 1742, 1775, 1817, 1930, 2008, 2051, 2149, 2187, 2194, 2224, 2228, 2285, 2304, 2367, 2540, 2760, 3002, 3075, 3184, 3354, 3389, 3448, 3462, 3468, 3595, 4084, 4092, 4101, 4152, 4194, 4284, 4356, 4395, 4596, 4617, 4623, 4656, 4663, 4746, 4768, 4810, 4835, 4847, 4851, 4869, 4964, 5014, 5018, 5027, 5057, 5061, 5300, 5458, 5509, 5533, 5567]","[2132, 2451]",5630,80,5550,1,79,5549,1
1.5,GGPROP2,"[51, 307, 434, 564]",[307],"[51, 434, 564]",[307],640,4,636,1,3,636,0
1.5,GGRIHBGEN,"[28, 163, 202, 219, 234, 254, 322, 434, 469, 562, 612, 633, 676, 712, 716, 736, 740, 778, 801, 825, 961, 981, 990, 1038, 1165, 1181, 1183, 1237, 1275, 1390, 1494, 1525, 1535, 1555, 1884, 1973, 1977, 2046, 2050, 2078, 2088, 2139, 2149, 2207, 2381, 2450, 2459, 2518, 2613, 2644, 2666, 2675, 2863, 2870, 2982, 2998, 3018, 3219, 3227, 3233, 3302, 3317, 3325, 3343, 3394, 3402, 3411, 3454, 3552, 3821, 3831]","[2982, 3219, 3454]","[28, 163, 202, 219, 234, 254, 322, 434, 469, 562, 612, 633, 676, 712, 716, 736, 740, 778, 801, 825, 961, 981, 990, 1038, 1165, 1181, 1183, 1237, 1275, 1390, 1494, 1525, 1535, 1555, 1884, 1973, 1977, 2046, 2050, 2078, 2088, 2139, 2149, 2207, 2381, 2450, 2459, 2518, 2613, 2644, 2666, 2675, 2863, 2870, 2998, 3018, 3227, 3233, 3302, 3317, 3325, 3343, 3394, 3402, 3411, 3552, 3821, 3831]","[2982, 3219, 3454]",3878,71,3807,3,68,3807,0
1.5,GGVITIIG,"[50, 54, 190, 217, 380, 410, 442, 507, 567, 649, 701, 811, 830, 913, 1067, 1096, 1110, 1146, 1219, 1291, 1309, 1318, 1491, 1580, 1596, 1726, 1740, 1769, 1847, 1939, 1952, 2021, 2076, 2133, 2172, 2339, 2351, 2362, 2545, 2561, 2640, 2688, 2694, 2698, 2733, 2892, 2948, 2952, 2957, 2977, 3056, 3064, 3138, 3145, 3213, 3267, 3463, 3543, 3565, 3791, 3795, 3805, 3876, 4114, 4196, 4225, 4295, 4551, 4593, 4818, 4828, 4876, 5081, 5129, 5262, 5298, 5441, 5494, 5507, 5604, 5647, 5710, 5848, 5859, 5898, 5980, 6011, 6062, 6229, 6250, 6395, 6408, 6443, 6447, 6516, 6673, 6814, 6832, 6884, 7039, 7045, 7123, 7127, 7162, 7268, 7293, 7317, 7372, 7393, 7419, 7424, 7615, 7681, 7740, 7809, 7813, 7817, 7945, 8017, 8026, 8202, 8258, 8302, 8314, 8321, 8338, 8374, 8447, 8481, 8588, 8597, 8678, 8702, 8858, 9131, 9149, 9233, 9399, 9439, 9467, 9561, 9776, 10104, 10365, 10448, 10453, 10460, 10481, 10618, 10703, 10714, 10753, 10828, 10920, 10930, 10951, 10971, 11041, 11230, 11265, 11320, 11353, 11437, 11663, 11667, 11757, 11774, 12101, 12272, 12431, 12547, 12615, 12750, 12775, 12791, 13067, 13147, 13168, 13180, 13186, 13267, 13309, 13358, 13416, 13427, 13452, 13505, 13552, 13628, 13681, 13748, 13798, 13819, 14002, 14028, 14077, 14134, 14139, 14247, 14252, 14256, 14386, 14413, 14485, 14527, 14589, 14613, 14704, 14938, 15283, 15344, 15348, 15507, 15551, 15556, 15600, 15678, 15698, 15710, 15722, 15771, 15820, 15869, 15880, 15944, 15999, 16075, 16141, 16145, 16156, 16344, 16378, 16425, 16552, 16857, 16917, 16955, 16994, 17013, 17019, 17173, 17193, 17299, 17447, 17481, 17492, 17530, 17815, 17864, 17913, 18104, 18132, 18359, 18520, 18760, 18764, 18829, 18851, 18882, 18942, 19050, 19081, 19128, 19337, 19348, 19365, 19367, 19390, 19440, 19513, 19515, 19538, 19562, 19625, 19638, 19799, 19933, 19942, 20037, 20096, 20126, 20178, 20250]","[54, 190, 442, 2021, 2694, 2948, 3267, 3543, 3791, 4818, 5441, 6229, 6443, 7045, 7268, 8026, 8302, 9149, 9467, 10104, 10448, 10714, 11757, 12272, 12615, 13267, 13505, 14028, 14704, 15348, 15771, 16955, 17864, 19081]","[50, 217, 380, 410, 507, 567, 649, 701, 811, 830, 913, 1067, 1096, 1110, 1146, 1219, 1291, 1309, 1318, 1491, 1580, 1596, 1726, 1740, 1769, 1847, 1939, 1952, 2076, 2133, 2172, 2339, 2351, 2362, 2545, 2561, 2640, 2688, 2698, 2733, 2892, 2952, 2957, 2977, 3056, 3064, 3138, 3145, 3213, 3463, 3565, 3795, 3805, 3876, 4114, 4196, 4225, 4295, 4551, 4593, 4828, 4876, 5081, 5129, 5262, 5298, 5494, 5507, 5604, 5647, 5710, 5848, 5859, 5898, 5980, 6011, 6062, 6250, 6395, 6408, 6447, 6516, 6673, 6814, 6832, 6884, 7039, 7123, 7127, 7162, 7293, 7317, 7372, 7393, 7419, 7424, 7615, 7681, 7740, 7809, 7813, 7817, 7945, 8017, 8202, 8258, 8314, 8321, 8338, 8374, 8447, 8481, 8588, 8597, 8678, 8702, 8858, 9131, 9233, 9399, 9439, 9561, 9776, 10365, 10453, 10460, 10481, 10618, 10703, 10753, 10828, 10920, 10930, 10951, 10971, 11041, 11230, 11265, 11320, 11353, 11437, 11663, 11667, 11774, 12101, 12431, 12547, 12750, 12775, 12791, 13067, 13147, 13168, 13180, 13186, 13309, 13358, 13416, 13427, 13452, 13552, 13628, 13681, 13748, 13798, 13819, 14002, 14077, 14134, 14139, 14247, 14252, 14256, 14386, 14413, 14485, 14527, 14589, 14613, 14938, 15283, 15344, 15507, 15551, 15556, 15600, 15678, 15698, 15710, 15722, 15820, 15869, 15880, 15944, 15999, 16075, 16141, 16145, 16156, 16344, 16378, 16425, 16552, 16857, 16917, 16994, 17013, 17019, 17173, 17193, 17299, 17447, 17481, 17492, 17530, 17815, 17913, 18104, 18132, 18359, 18520, 18760, 18764, 18829, 18851, 18882, 18942, 19050, 19128, 19337, 19348, 19365, 19367, 19390, 19440, 19513, 19515, 19538, 19562, 19625, 19638, 19799, 19933, 19942, 20037, 20096, 20126, 20178, 20250]","[54, 190, 442, 2021, 2694, 2948, 3267, 3543, 3791, 4818, 5441, 6229, 6443, 7045, 7268, 8026, 8302, 9149, 9467, 10104, 10448, 10714, 11757, 12272, 12615, 13267, 13505, 14028, 14704, 15348, 15771, 16955, 17864, 19081]",20335,283,20052,34,249,20052,0
1.5,GIBPROTP1A,"[4, 7, 56, 160, 179, 245, 260, 380]",[160],"[4, 7, 56, 179, 245, 260, 380]",[160],393,8,385,1,7,385,0
1.5,GORAFPA,"[75, 167, 264, 447, 699, 789, 919, 999, 1156, 1201, 1205, 1243, 1322, 1543, 1709, 1832, 1860, 1881, 1894, 1931, 1939, 2163, 2174, 2232, 2268, 2395, 2455, 2495, 2530, 2746, 2784, 2807, 2871, 2883, 2955, 3066, 3126, 3333, 3434, 3684, 3924, 3954, 4002, 4151, 4192, 4232, 4363, 4369, 4522, 4535, 4564, 4572, 4574, 4576, 4578, 4580, 4596, 4729, 4744, 4757, 4881, 5295, 5324, 5457, 5476, 5533, 5541, 5550, 5557, 5602, 6046, 6121, 6220, 6318, 6356, 6396, 6434, 6493, 6663, 6760, 6777, 6789, 6856, 6905, 6976, 6990, 7046, 7156, 7227, 7394, 7445, 7454, 7527, 7614, 7625, 7723, 7728, 7766, 7795, 7829, 8046, 8299, 8370, 8503, 8836, 8936, 9394, 9445, 9548, 9589, 9903, 10025, 10041, 10070, 10248, 10310, 10364, 10408, 10422, 10459, 10488, 10652, 10718, 10727, 10781, 10807, 10815, 10903, 11145, 11175, 11629, 11641, 11661, 11708, 11737, 11823, 11840, 11920, 12170, 12272, 12491, 12542, 12575, 12793, 12815, 12941, 12996, 13041, 13226, 13421, 13447, 13688, 13737, 13751, 14087, 14183, 14188, 14200, 14240, 14331, 14407, 14424, 14496, 14672, 14707, 14791, 14841, 14850, 14852, 14987, 15195, 15202, 15251, 15255, 15412, 15446, 15453, 15555, 15620, 15801, 15832, 15935, 15952, 16063, 16067, 16181, 16405, 16581, 16630, 16856, 16906, 17027, 17064, 17195, 17207, 17328, 17457, 17467, 17555, 17567, 17569, 17576, 17585, 17601, 17717, 17834, 18093, 18115, 18426, 18434, 18678, 18702, 18713, 18723, 18728, 18761, 18777, 18940, 18989, 19118, 19201, 19231, 19603, 19676, 19876, 20187, 20297, 20301, 20326, 20382, 20420, 20427, 20434, 20444, 20474, 20478, 20487, 20502, 20565, 20600, 20617, 20692, 20707, 20718, 20741, 21186, 21207, 21377, 22091, 22129, 22190, 22283, 22316, 22382, 22417, 22476, 22488, 22550, 22649, 22828, 22846, 22937, 22983, 22986, 23096, 23104, 23106, 23108, 23110, 23112, 23114, 23116, 23118, 23120, 23122, 23124, 23126, 23130, 23140, 23146, 23150, 23158, 23160, 23162, 23164, 23229, 23233, 23317, 23355, 23410, 23424, 23533, 23562, 23613, 23759, 23763, 23908, 23937, 24060, 24093, 24387]","[999, 1860, 2955, 5457, 6760, 7766, 9445, 11629, 13421, 14087, 14707, 16581, 17834]","[75, 167, 264, 447, 699, 789, 919, 1156, 1201, 1205, 1243, 1322, 1543, 1709, 1832, 1881, 1894, 1931, 1939, 2163, 2174, 2232, 2268, 2395, 2455, 2495, 2530, 2746, 2784, 2807, 2871, 2883, 3066, 3126, 3333, 3434, 3684, 3924, 3954, 4002, 4151, 4192, 4232, 4363, 4369, 4522, 4535, 4564, 4572, 4574, 4576, 4578, 4580, 4596, 4729, 4744, 4757, 4881, 5295, 5324, 5476, 5533, 5541, 5550, 5557, 5602, 6046, 6121, 6220, 6318, 6356, 6396, 6434, 6493, 6663, 6777, 6789, 6856, 6905, 6976, 6990, 7046, 7156, 7227, 7394, 7445, 7454, 7527, 7614, 7625, 7723, 7728, 7795, 7829, 8046, 8299, 8370, 8503, 8836, 8936, 9394, 9548, 9589, 9903, 10025, 10041, 10070, 10248, 10310, 10364, 10408, 10422, 10459, 10488, 10652, 10718, 10727, 10781, 10807, 10815, 10903, 11145, 11175, 11641, 11661, 11708, 11737, 11823, 11840, 11920, 12170, 12272, 12491, 12542, 12575, 12793, 12815, 12941, 12996, 13041, 13226, 13447, 13688, 13737, 13751, 14183, 14188, 14200, 14240, 14331, 14407, 14424, 14496, 14672, 14791, 14841, 14850, 14852, 14987, 15195, 15202, 15251, 15255, 15412, 15446, 15453, 15555, 15620, 15801, 15832, 15935, 15952, 16063, 16067, 16181, 16405, 16630, 16856, 16906, 17027, 17064, 17195, 17207, 17328, 17457, 17467, 17555, 17567, 17569, 17576, 17585, 17601, 17717, 18093, 18115, 18426, 18434, 18678, 18702, 18713, 18723, 18728, 18761, 18777, 18940, 18989, 19118, 19201, 19231, 19603, 19676, 19876, 20187, 20297, 20301, 20326, 20382, 20420, 20427, 20434, 20444, 20474, 20478, 20487, 20502, 20565, 20600, 20617, 20692, 20707, 20718, 20741, 21186, 21207, 21377, 22091, 22129, 22190, 22283, 22316, 22382, 22417, 22476, 22488, 22550, 22649, 22828, 22846, 22937, 22983, 22986, 23096, 23104, 23106, 23108, 23110, 23112, 23114, 23116, 23118, 23120, 23122, 23124, 23126, 23130, 23140, 23146, 23150, 23158, 23160, 23162, 23164, 23229, 23233, 23317, 23355, 23410, 23424, 23533, 23562, 23613, 23759, 23763, 23908, 23937, 24060, 24093, 24387]","[999, 1860, 2955, 5457, 6760, 7766, 9445, 11629, 13421, 14087, 14707, 16581, 17834]",24599,301,24298,13,288,24298,0
1.5,GORPROTP1A,"[8, 11, 60, 164, 184, 256]",[164],"[8, 11, 60, 184, 256]",[164],404,6,398,1,5,398,0
1.5,GPIINS,"[188, 191, 203, 322, 428, 462, 526, 564, 587, 622, 659, 696, 703, 807, 855, 943, 950, 952, 1023, 1048, 1175, 1238, 1358, 1362]",[526],"[188, 191, 203, 322, 428, 462, 564, 587, 622, 659, 696, 703, 807, 855, 943, 950, 952, 1023, 1048, 1175, 1238, 1358, 1362]",[526],1464,24,1440,1,23,1440,0
1.5,HAMAMYLP,"[48, 110, 337, 360, 369, 446, 539, 618, 735, 806, 901, 912, 985, 1029, 1138, 1188, 1235, 1356, 1394, 1414, 1473, 1549, 1794, 1917, 2167, 2201, 2308, 2419, 2500, 2562, 2616, 2740, 2763, 2770, 2874, 2921, 3078, 3116, 3245, 3415, 3543, 3826, 3934, 3968, 4070, 4117, 4127, 4152, 4257, 4334, 4383, 4536, 4561, 4721, 4761, 4787, 4794, 4851, 5005, 5045, 5063, 5193, 5345, 5424, 5496, 5541, 5581, 5690]",[2308],"[48, 110, 337, 360, 369, 446, 539, 618, 735, 806, 901, 912, 985, 1029, 1138, 1188, 1235, 1356, 1394, 1414, 1473, 1549, 1794, 1917, 2167, 2201, 2419, 2500, 2562, 2616, 2740, 2763, 2770, 2874, 2921, 3078, 3116, 3245, 3415, 3543, 3826, 3934, 3968, 4070, 4117, 4127, 4152, 4257, 4334, 4383, 4536, 4561, 4721, 4761, 4787, 4794, 4851, 5005, 5045, 5063, 5193, 5345, 5424, 5496, 5541, 5581, 5690]",[2308],5947,68,5879,1,67,5879,0
1.5,HAMHG5,"[10, 12, 14, 16, 18, 20, 22, 24, 26, 28, 30, 32, 424, 550, 609, 615, 640, 664, 724, 781, 846, 900, 1132, 1253, 1333, 1357, 1373, 1385, 1640, 1817, 1905, 1919, 1982, 2153, 2155, 2157, 2159, 2161, 2163, 2165, 2167, 2169, 2171, 2173, 2175, 2177, 2179, 2181, 2183, 2185, 2187, 2464, 2468, 2616, 2623, 2679, 2699, 2817, 2825, 2897, 2913, 2963, 2965, 2967, 2969, 2971, 2973, 2975, 2977, 2979, 2981, 2983, 2985, 2987, 2989, 3097, 3152, 3159, 3164, 3433, 3461, 3501, 3547, 3591, 3609, 3620, 3678, 3789, 3893, 3933, 3950, 4022, 4184, 4237, 4247, 4283, 4319, 4420, 4517, 4598, 4662, 4682, 4856, 4931, 5060, 5212, 5421, 5439, 5460, 5517, 5598, 5603, 5637, 5716, 5810, 5841, 5920, 5935, 5989, 6188, 6236, 6348, 6398, 6597, 6694, 6827, 6978, 7011, 7017, 7060, 7128, 7156, 7229, 7240, 7287, 7427, 7441, 7557, 7601, 7668, 7956, 8108, 8209, 8258, 8295, 8396, 8406, 8452, 8509, 8881, 8895, 8932, 9013, 9035, 9223, 9231, 9260, 9284, 9354]","[4856, 5517, 6188, 6597, 7441]","[10, 12, 14, 16, 18, 20, 22, 24, 26, 28, 30, 32, 424, 550, 609, 615, 640, 664, 724, 781, 846, 900, 1132, 1253, 1333, 1357, 1373, 1385, 1640, 1817, 1905, 1919, 1982, 2153, 2155, 2157, 2159, 2161, 2163, 2165, 2167, 2169, 2171, 2173, 2175, 2177, 2179, 2181, 2183, 2185, 2187, 2464, 2468, 2616, 2623, 2679, 2699, 2817, 2825, 2897, 2913, 2963, 2965, 2967, 2969, 2971, 2973, 2975, 2977, 2979, 2981, 2983, 2985, 2987, 2989, 3097, 3152, 3159, 3164, 3433, 3461, 3501, 3547, 3591, 3609, 3620, 3678, 3789, 3893, 3933, 3950, 4022, 4184, 4237, 4247, 4283, 4319, 4420, 4517, 4598, 4662, 4682, 4931, 5060, 5212, 5421, 5439, 5460, 5598, 5603, 5637, 5716, 5810, 5841, 5920, 5935, 5989, 6236, 6348, 6398, 6694, 6827, 6978, 7011, 7017, 7060, 7128, 7156, 7229, 7240, 7287, 7427, 7557, 7601, 7668, 7956, 8108, 8209, 8258, 8295, 8396, 8406, 8452, 8509, 8881, 8895, 8932, 9013, 9035, 9223, 9231, 9260, 9284, 9354]","[4856, 5517, 6188, 6597, 7441]",9711,159,9552,5,154,9552,0
1.5,HROAMD1,"[137, 171, 237, 259, 289, 546, 585, 896, 1072, 1369, 1486, 1539, 1566, 1585, 1647, 1664, 1955, 2017, 2173, 2322, 2331, 2426, 2579, 2687, 2835, 2903, 2914, 3063, 3239, 3282, 3327, 3348, 3357, 3486, 3494, 3607, 3830, 3928, 3997, 4081, 4181, 4347, 4461, 4700, 4739, 4744, 4795, 4816, 4823, 4839, 4858, 4864, 4872, 4951, 4979, 5054, 5057, 5134, 5260, 5311, 5336, 5341, 5383, 5413, 5483, 5494, 5723, 5734, 5795, 5958, 5962, 6073, 6126, 6212, 6242, 6264, 6408, 6415, 6531, 6708, 6728, 6799, 6863, 6978, 6983]","[2687, 3486, 4700]","[137, 171, 237, 259, 289, 546, 585, 896, 1072, 1369, 1486, 1539, 1566, 1585, 1647, 1664, 1955, 2017, 2173, 2322, 2331, 2426, 2579, 2835, 2903, 2914, 3063, 3239, 3282, 3327, 3348, 3357, 3494, 3607, 3830, 3928, 3997, 4081, 4181, 4347, 4461, 4739, 4744, 4795, 4816, 4823, 4839, 4858, 4864, 4872, 4951, 4979, 5054, 5057, 5134, 5260, 5311, 5336, 5341, 5383, 5413, 5483, 5494, 5723, 5734, 5795, 5958, 5962, 6073, 6126, 6212, 6242, 6264, 6408, 6415, 6531, 6708, 6728, 6799, 6863, 6978, 6983]","[2687, 3486, 4700]",7091,85,7006,3,82,7006,0
1.5,HROMA2,"[41, 127, 219, 292, 358, 415, 423, 427, 450, 511, 686, 739, 762, 808, 820, 838, 902, 988, 1174, 1285, 1300, 1316, 1351, 1397, 1405, 1417, 1450, 1486, 1640]","[739, 1174]","[41, 127, 219, 292, 358, 415, 423, 427, 450, 511, 686, 762, 808, 820, 838, 902, 988, 1285, 1300, 1316, 1351, 1397, 1405, 1417, 1450, 1486, 1640]","[739, 1174]",1779,29,1750,2,27,1750,0
1.5,HROMA4A,"[45, 69, 411, 497, 661, 727, 792, 819, 880, 1055, 1108, 1114, 1126, 1304, 1316, 1334, 1398, 1484, 1670, 1774, 1789, 1805, 1840, 1886, 1894, 1906, 1939, 1975, 2129, 2287, 2291]","[1108, 1670]","[45, 69, 411, 497, 661, 727, 792, 819, 880, 1055, 1114, 1126, 1304, 1316, 1334, 1398, 1484, 1774, 1789, 1805, 1840, 1886, 1894, 1906, 1939, 1975, 2129, 2287, 2291]","[1108, 1670]",2331,31,2300,2,29,2300,0
1.5,HRSPRMI,"[213, 247, 340, 416, 435, 551, 573, 722, 731, 828, 935, 1064, 1107, 1211, 1245, 1448, 1605, 1826, 1880, 1904, 2047, 2166, 2184, 2197]",[722],"[213, 247, 340, 416, 435, 551, 573, 731, 828, 935, 1064, 1107, 1211, 1245, 1448, 1605, 1826, 1880, 1904, 2047, 2166, 2184, 2197]",[722],2198,24,2174,1,23,2174,0
1.5,HS1D3HLH,"[173, 185, 271, 380, 467, 559, 659, 674, 757, 778, 901, 937, 982, 1039, 1117, 1231, 1346, 1382, 1394, 1447, 1548, 1557, 1596, 1607, 1634, 1750, 1876, 1896, 2003, 2146, 2308, 2417, 2473]",[1039],"[173, 185, 271, 380, 467, 559, 659, 674, 757, 778, 901, 937, 982, 1117, 1231, 1346, 1382, 1394, 1447, 1548, 1557, 1596, 1607, 1634, 1750, 1876, 1896, 2003, 2146, 2308, 2417, 2473]",[1039],2473,33,2440,1,32,2440,0
1.5,HS2OXOC,"[37, 70, 116, 191, 221, 239, 473, 660, 670, 755, 871, 894, 901, 975, 1047, 1095, 1104, 1162, 1288, 1421, 1451, 1456, 1694, 1719, 1723, 1731, 1825, 1878, 1894, 2013, 2208, 2227, 2239, 2286, 2404]","[116, 871, 1162, 1421, 1694, 1825]","[37, 70, 191, 221, 239, 473, 660, 670, 755, 894, 901, 975, 1047, 1095, 1104, 1288, 1451, 1456, 1719, 1723, 1731, 1878, 1894, 2013, 2208, 2227, 2239, 2286, 2404]","[116, 871, 1162, 1421, 1694, 1825]",2510,35,2475,6,29,2475,0
1.5,HSABLGR1,"[14, 221, 319, 371, 749, 845, 860, 902, 1080, 1112, 1165, 1224, 1236, 1279, 1516, 1666, 1670, 1700, 1788, 1860, 1981, 2154, 2265, 2274, 2278, 2567, 2880, 2923, 2977, 3020, 3054, 3058, 3082, 3130, 3140, 3159, 3178, 3182, 3265, 3293, 3297, 3344, 3382, 3435, 3507, 3519, 3551, 3603, 3636, 3683, 3851, 3857, 3873, 4135, 4148, 4166, 4198, 4243, 4321, 4356, 4425, 4479, 4506, 4528, 4593, 4623, 4757, 4826, 4865, 4960, 5085, 5108, 5218, 5284, 5288, 5296, 5300, 5312, 5317, 5359, 5396, 5465, 5666, 5890, 5958, 6125, 6360, 6479, 6500, 6508, 6567, 6604, 6617, 6705, 6708, 6743, 6778, 6820, 6826, 6904, 6922, 6932, 6977, 7049, 7056, 7070, 7079, 7121, 7168, 7197, 7212, 7507, 7724, 7754, 7895, 7939, 8039, 8060, 8265, 8293, 8332, 8356, 8378, 8470, 8679, 8720, 8800, 8802, 8893, 8950, 9030, 9035, 9075, 9114, 9294, 9310, 9330, 9340, 9367, 9379, 9496, 9507, 9610, 9652, 9753, 9914, 10016, 10043, 10073, 10091, 10112, 10310, 10362, 10400, 10413, 10509, 10535, 10539, 10547, 10623, 10950, 10991, 10999, 11005, 11052, 11074, 11090, 11094, 11118, 11135, 11145, 11167, 11303, 11333, 11354, 11370, 11487, 11557, 11597, 11704, 11774, 11815, 11872, 11895, 11929, 11951, 11988, 11992, 12007, 12066, 12168, 12239, 12325, 12396, 12401, 12434, 12564, 12806, 12836, 12880, 12948, 12982, 12989, 13058, 13094, 13111, 13183, 13205, 13262, 13285, 13442, 13479, 13683, 13696, 13782, 13875, 14064, 14075, 14240, 14267, 14431, 14496, 14531, 14536, 14754, 14789, 14973, 15060, 15224, 15366, 15370, 15400, 15442, 15444, 15514, 15519, 15525, 15589, 15627, 15741, 15893, 15907, 15929, 15941, 16007, 16019, 16210, 16304, 16387, 16407, 16572, 16732, 16750, 16803, 16811, 16943, 16978, 17018, 17036, 17116, 17185, 17190, 17218, 17249, 17326, 17342, 17360, 17463, 17505, 17547, 17606, 17610, 17757, 17811, 17886, 17922, 17942, 17960, 17991, 18028, 18092, 18096, 18133, 18177, 18204, 18211, 18451, 18462, 18588, 18624, 18633, 18705, 18803, 18974, 19026, 19068, 19158, 19199, 19207, 19244, 19282, 19297, 19316, 19416, 19469, 19499, 19518, 19672, 19718, 19728, 19798, 19816, 19848, 19888, 19906, 19972, 20007, 20015, 20105, 20121, 20150, 20257, 20270, 20282, 20317, 20325, 20665, 20758, 20860, 20900, 20991, 21053, 21132, 21219, 21358, 21401, 21406, 21558, 21832, 22014, 22256, 22312, 22368, 22421, 22591, 22636, 22860, 22886, 23050, 23054, 23084, 23126, 23128, 23277, 23312, 23330, 23335, 23362, 23393, 23472, 23476, 23507, 23529, 23576, 23584, 23730, 23851, 23855, 23938, 23981, 24037, 24042, 24066, 24148, 24277, 24298, 24560, 24612, 24654, 24656, 24758, 24765, 24778, 24805, 24853, 24896, 24901, 24979, 25073, 25146, 25159, 25221, 25253, 25292, 25453, 25534, 25621, 25632, 25725, 25818, 25823, 25849, 25892, 25902, 25906, 25973, 26031, 26127, 26145, 26177, 26217, 26219, 26227, 26288, 26300, 26508, 26554, 26590, 26684, 26702, 26725, 26782, 26789, 26938, 27080, 27084, 27114, 27158, 27209, 27467, 27487, 27538, 27641, 27717, 27744, 27807, 28008, 28025, 28199, 28260, 28271, 28400, 28596, 28694, 28698, 28759, 28806, 28886, 29036, 29048, 29115, 29153, 29268, 29345, 29691, 29760, 29796, 29810, 29994, 30019, 30027, 30047, 30175, 30234, 30336, 30405, 30448, 30552, 30616, 30675, 30715, 30721, 30729, 30738, 30924, 30977, 31027, 31031, 31138, 31182, 31270, 31290, 31307, 31326, 31331, 31462, 31493, 31531, 31576, 31699, 31763, 31834, 32007, 32126, 32128, 32233, 32282, 32296, 32327, 32399, 32463, 32492, 32588, 32606, 32661, 32847, 32910, 32939, 32952, 33100, 33206, 33307, 33428, 33459, 33591, 33629, 33664, 33787, 33826, 33869, 33888, 33970, 34063, 34121, 34153, 34205, 34264, 34314, 34322, 34468, 34563, 34567, 34596, 34601, 34639, 34658, 34672, 34832, 34928, 35102, 35331, 35343, 35418, 35464, 35474, 35562, 35568, 35608, 35642, 35655, 35657, 35671, 35736, 35751, 35835, 35898]","[8720, 10400, 12434, 15741, 17116, 17991]","[14, 221, 319, 371, 749, 845, 860, 902, 1080, 1112, 1165, 1224, 1236, 1279, 1516, 1666, 1670, 1700, 1788, 1860, 1981, 2154, 2265, 2274, 2278, 2567, 2880, 2923, 2977, 3020, 3054, 3058, 3082, 3130, 3140, 3159, 3178, 3182, 3265, 3293, 3297, 3344, 3382, 3435, 3507, 3519, 3551, 3603, 3636, 3683, 3851, 3857, 3873, 4135, 4148, 4166, 4198, 4243, 4321, 4356, 4425, 4479, 4506, 4528, 4593, 4623, 4757, 4826, 4865, 4960, 5085, 5108, 5218, 5284, 5288, 5296, 5300, 5312, 5317, 5359, 5396, 5465, 5666, 5890, 5958, 6125, 6360, 6479, 6500, 6508, 6567, 6604, 6617, 6705, 6708, 6743, 6778, 6820, 6826, 6904, 6922, 6932, 6977, 7049, 7056, 7070, 7079, 7121, 7168, 7197, 7212, 7507, 7724, 7754, 7895, 7939, 8039, 8060, 8265, 8293, 8332, 8356, 8378, 8470, 8679, 8800, 8802, 8893, 8950, 9030, 9035, 9075, 9114, 9294, 9310, 9330, 9340, 9367, 9379, 9496, 9507, 9610, 9652, 9753, 9914, 10016, 10043, 10073, 10091, 10112, 10310, 10362, 10413, 10509, 10535, 10539, 10547, 10623, 10950, 10991, 10999, 11005, 11052, 11074, 11090, 11094, 11118, 11135, 11145, 11167, 11303, 11333, 11354, 11370, 11487, 11557, 11597, 11704, 11774, 11815, 11872, 11895, 11929, 11951, 11988, 11992, 12007, 12066, 12168, 12239, 12325, 12396, 12401, 12564, 12806, 12836, 12880, 12948, 12982, 12989, 13058, 13094, 13111, 13183, 13205, 13262, 13285, 13442, 13479, 13683, 13696, 13782, 13875, 14064, 14075, 14240, 14267, 14431, 14496, 14531, 14536, 14754, 14789, 14973, 15060, 15224, 15366, 15370, 15400, 15442, 15444, 15514, 15519, 15525, 15589, 15627, 15893, 15907, 15929, 15941, 16007, 16019, 16210, 16304, 16387, 16407, 16572, 16732, 16750, 16803, 16811, 16943, 16978, 17018, 17036, 17185, 17190, 17218, 17249, 17326, 17342, 17360, 17463, 17505, 17547, 17606, 17610, 17757, 17811, 17886, 17922, 17942, 17960, 18028, 18092, 18096, 18133, 18177, 18204, 18211, 18451, 18462, 18588, 18624, 18633, 18705, 18803, 18974, 19026, 19068, 19158, 19199, 19207, 19244, 19282, 19297, 19316, 19416, 19469, 19499, 19518, 19672, 19718, 19728, 19798, 19816, 19848, 19888, 19906, 19972, 20007, 20015, 20105, 20121, 20150, 20257, 20270, 20282, 20317, 20325, 20665, 20758, 20860, 20900, 20991, 21053, 21132, 21219, 21358, 21401, 21406, 21558, 21832, 22014, 22256, 22312, 22368, 22421, 22591, 22636, 22860, 22886, 23050, 23054, 23084, 23126, 23128, 23277, 23312, 23330, 23335, 23362, 23393, 23472, 23476, 23507, 23529, 23576, 23584, 23730, 23851, 23855, 23938, 23981, 24037, 24042, 24066, 24148, 24277, 24298, 24560, 24612, 24654, 24656, 24758, 24765, 24778, 24805, 24853, 24896, 24901, 24979, 25073, 25146, 25159, 25221, 25253, 25292, 25453, 25534, 25621, 25632, 25725, 25818, 25823, 25849, 25892, 25902, 25906, 25973, 26031, 26127, 26145, 26177, 26217, 26219, 26227, 26288, 26300, 26508, 26554, 26590, 26684, 26702, 26725, 26782, 26789, 26938, 27080, 27084, 27114, 27158, 27209, 27467, 27487, 27538, 27641, 27717, 27744, 27807, 28008, 28025, 28199, 28260, 28271, 28400, 28596, 28694, 28698, 28759, 28806, 28886, 29036, 29048, 29115, 29153, 29268, 29345, 29691, 29760, 29796, 29810, 29994, 30019, 30027, 30047, 30175, 30234, 30336, 30405, 30448, 30552, 30616, 30675, 30715, 30721, 30729, 30738, 30924, 30977, 31027, 31031, 31138, 31182, 31270, 31290, 31307, 31326, 31331, 31462, 31493, 31531, 31576, 31699, 31763, 31834, 32007, 32126, 32128, 32233, 32282, 32296, 32327, 32399, 32463, 32492, 32588, 32606, 32661, 32847, 32910, 32939, 32952, 33100, 33206, 33307, 33428, 33459, 33591, 33629, 33664, 33787, 33826, 33869, 33888, 33970, 34063, 34121, 34153, 34205, 34264, 34314, 34322, 34468, 34563, 34567, 34596, 34601, 34639, 34658, 34672, 34832, 34928, 35102, 35331, 35343, 35418, 35464, 35474, 35562, 35568, 35608, 35642, 35655, 35657, 35671, 35736, 35751, 35835, 35898]","[8720, 10400, 12434, 14200, 15741, 17116, 17991]",35954,556,35398,6,550,35397,1
1.5,HSALDCG,"[88, 105, 126, 148, 265, 346, 349, 555, 714, 801, 902, 948, 962, 993, 1014, 1119, 1124, 1163, 1283, 1421, 1655, 1914, 1921, 1952, 1958, 1984, 1991, 2098, 2203, 2331, 2375, 2481, 2486, 2540, 2637, 2641, 2663, 2668, 2674, 2788, 2822, 2939, 2974, 2992, 3065, 3070, 3110, 3121, 3162, 3178, 3186, 3250, 3289, 3295, 3333, 3366, 3370, 3386, 3395, 3402, 3411, 3551, 3567, 3700, 3767, 3774, 3894, 3994, 4097, 4147, 4326, 4340, 4346, 4350, 4395, 4434, 4460, 4483, 4817, 4926, 5029, 5038]","[2641, 2939, 3110, 3366, 3567, 3994, 4326]","[88, 105, 126, 148, 265, 346, 349, 555, 714, 801, 902, 948, 962, 993, 1014, 1119, 1124, 1163, 1283, 1421, 1655, 1914, 1921, 1952, 1958, 1984, 1991, 2098, 2203, 2331, 2375, 2481, 2486, 2540, 2637, 2663, 2668, 2674, 2788, 2822, 2974, 2992, 3065, 3070, 3121, 3162, 3178, 3186, 3250, 3289, 3295, 3333, 3370, 3386, 3395, 3402, 3411, 3551, 3700, 3767, 3774, 3894, 4097, 4147, 4340, 4346, 4350, 4395, 4434, 4460, 4483, 4817, 4926, 5029, 5038]","[2641, 2939, 3110, 3366, 3567, 3994, 4326]",5190,82,5108,7,75,5108,0
1.5,HSAPC3A,"[102, 110, 172, 226, 357, 405, 433, 455, 636, 715, 859, 876, 919, 930, 952, 1161, 1178, 1246, 1271, 1677, 1829, 1937, 2103, 2140, 2244, 2325, 2363, 2373, 2515, 2570, 2680, 2683, 2778, 2852, 2891, 2908, 2933, 2945, 2947, 3022, 3106, 3212, 3324, 3338, 3383, 3387, 3409, 3449, 3492, 3508, 3542, 3587, 3608, 3666, 3668, 3734, 3763, 3769, 3832, 3849, 3863, 3874, 3924, 3995, 4086, 4118, 4222, 4249, 4282, 4400, 4460, 4494, 4585, 4608, 4618, 4662, 4674, 4679, 4711, 4820, 4886, 5083, 5203, 5222, 5261, 5274, 5280, 5444, 5823]","[919, 1178]","[102, 110, 172, 226, 357, 405, 433, 455, 636, 715, 859, 876, 930, 952, 1161, 1246, 1271, 1677, 1829, 1937, 2103, 2140, 2244, 2325, 2363, 2373, 2515, 2570, 2680, 2683, 2778, 2852, 2891, 2908, 2933, 2945, 2947, 3022, 3106, 3212, 3324, 3338, 3383, 3387, 3409, 3449, 3492, 3508, 3542, 3587, 3608, 3666, 3668, 3734, 3763, 3769, 3832, 3849, 3863, 3874, 3924, 3995, 4086, 4118, 4222, 4249, 4282, 4400, 4460, 4494, 4585, 4608, 4618, 4662, 4674, 4679, 4711, 4820, 4886, 5083, 5203, 5222, 5261, 5274, 5280, 5444, 5823]","[919, 1178]",6039,89,5950,2,87,5950,0
1.5,HSAPOA2B,"[17, 152, 156, 168, 232, 245, 267, 338, 490, 494, 573, 682, 686, 698, 745, 747, 749, 751, 753, 755, 757, 759, 761, 763, 765, 767, 769, 771, 816, 851, 884, 916, 1006, 1221, 1425, 1554, 1577, 1585, 1639, 1655, 1702]","[490, 916]","[17, 152, 156, 168, 232, 245, 267, 338, 494, 573, 682, 686, 698, 745, 747, 749, 751, 753, 755, 757, 759, 761, 763, 765, 767, 769, 771, 816, 851, 884, 1006, 1221, 1425, 1554, 1577, 1585, 1639, 1655, 1702]","[490, 916]",1747,41,1706,2,39,1706,0
1.5,HSAPOAIA,"[57, 134, 187, 286, 317, 563, 583, 661, 709, 778, 863, 949, 1026, 1173, 1277, 1319, 1397, 1409, 1475, 1693, 1799, 1849, 1879, 1903, 1942, 2090, 2177]","[317, 661]","[57, 134, 187, 286, 563, 583, 709, 778, 863, 949, 1026, 1173, 1277, 1319, 1397, 1409, 1475, 1693, 1799, 1849, 1879, 1903, 1942, 2090, 2177]","[317, 661]",2183,27,2156,2,25,2156,0
1.5,HSAPOAIT,"[120, 231, 308, 361, 460, 491, 737, 757, 835, 866, 883, 952, 1038, 1124, 1201, 1348, 1452, 1494, 1572, 1584, 1650, 1868, 1974, 2024, 2054, 2078, 2117, 2143, 2265, 2353]","[491, 835]","[120, 231, 308, 361, 460, 737, 757, 866, 883, 952, 1038, 1124, 1201, 1348, 1452, 1494, 1572, 1584, 1650, 1868, 1974, 2024, 2054, 2078, 2117, 2143, 2265, 2353]","[491, 835]",2377,30,2347,2,28,2347,0
1.5,HSAPOC2G,"[33, 68, 73, 185, 231, 255, 273, 372, 374, 376, 378, 380, 382, 384, 386, 388, 390, 392, 394, 396, 398, 400, 402, 404, 406, 408, 410, 414, 526, 606, 645, 680, 727, 776, 790, 822, 863, 946, 981, 1049, 1153, 1276, 1408, 1494, 1505, 1528, 1553, 1572, 1858, 1903, 1935, 1971, 2021, 2037, 2069, 2121, 2148, 2191, 2226, 2277, 2287, 2346, 2358, 2401, 2479, 2578, 2701, 2714, 2720, 2943, 2999, 3041, 3674, 3713, 3736]","[2714, 3041]","[33, 68, 73, 185, 231, 255, 273, 372, 374, 376, 378, 380, 382, 384, 386, 388, 390, 392, 394, 396, 398, 400, 402, 404, 406, 408, 410, 414, 526, 606, 645, 680, 727, 776, 790, 822, 863, 946, 981, 1049, 1153, 1276, 1408, 1494, 1505, 1528, 1553, 1572, 1858, 1903, 1935, 1971, 2021, 2037, 2069, 2121, 2148, 2191, 2226, 2277, 2287, 2346, 2358, 2401, 2479, 2578, 2701, 2720, 2943, 2999, 3674, 3713, 3736]","[2714, 3041]",3832,75,3757,2,73,3757,0
1.5,HSAQUPN2,"[73, 222, 236, 281, 299, 431, 497, 530, 632, 746, 794, 917, 931, 935, 969]","[431, 632, 746]","[73, 222, 236, 281, 299, 497, 530, 794, 917, 931, 935, 969]","[431, 632, 746]",987,15,972,3,12,972,0
1.5,HSARYLA,"[236, 275, 329, 340, 413, 459, 500, 506, 560, 848, 929, 1025, 1039, 1055, 1091, 1160, 1222, 1238, 1401, 1407, 1571, 1667, 1738, 1815, 1902, 1906, 1951, 1970, 1991, 2004, 2052, 2076, 2141, 2175, 2204, 2237, 2252, 2470, 2479, 2528, 2613, 2627, 2666, 2697, 2765, 2769, 2783, 2797, 2823, 3040, 3064, 3087, 3141, 3162, 3282, 3320, 3333, 3349, 3377, 3400, 3416, 3432, 3452, 3499, 3558, 3567, 3571, 3591, 3621]","[848, 1238, 1571, 1815, 2252, 2470, 2823]","[236, 275, 329, 340, 413, 459, 500, 506, 560, 929, 1025, 1039, 1055, 1091, 1160, 1222, 1401, 1407, 1667, 1738, 1902, 1906, 1951, 1970, 1991, 2004, 2052, 2076, 2141, 2175, 2204, 2237, 2479, 2528, 2613, 2627, 2666, 2697, 2765, 2769, 2783, 2797, 3040, 3064, 3087, 3141, 3162, 3282, 3320, 3333, 3349, 3377, 3400, 3416, 3432, 3452, 3499, 3558, 3567, 3571, 3591, 3621]","[848, 1238, 1571, 1815, 2252, 2470, 2823]",3629,69,3560,7,62,3560,0
1.5,HSAT3,"[7, 66, 160, 257, 280, 327, 337, 350, 617, 629, 646, 655, 825, 1071, 1287, 1384, 1523, 1538, 1578, 1735, 1841, 1849, 1878, 1936, 1953, 1991, 2044, 2101, 2122, 2218, 2225, 2274, 2318, 2409, 2451, 2678, 2803, 2846, 2885, 2892, 2990, 3276, 3282, 3311, 3723, 3825, 4266, 4374, 4422, 4447, 4516, 4708, 4715, 4742, 4746, 4823, 4931, 4945, 4978, 4992, 5095, 5305, 5311, 5575, 5579, 5717, 5747, 5843, 5947, 6015, 6023, 6059, 6120, 6235, 6395, 6399, 6645, 6665, 6811, 6830, 6858, 6879, 6934, 6938, 7075, 7102, 7225, 7231, 7244, 7666, 7718, 7829, 8001, 8050, 8072, 8128, 8152, 8303, 8344, 8396, 8529, 8536, 8551, 8570, 8733, 8836, 9045, 9095, 9139, 9260, 9446, 9625, 9717, 9730, 9816, 10089, 10131, 10133, 10159, 10189, 10195, 10205, 10336, 10401, 10429, 10547, 10591, 10621, 10689, 10776, 10914, 10918, 10948, 11051, 11090, 11168, 11303, 11320, 11344, 11390, 11450, 11467, 11547, 11576, 11660, 11718, 11748, 11773, 11847, 11916, 11977, 12007, 12023, 12165, 12249, 12396, 12547, 12555, 12719, 12793, 12834, 13036, 13056, 13092, 13223, 13451, 13469, 13487, 13502, 13589, 13625, 13660, 13764, 13775, 13791, 13806, 13850, 13987, 14001, 14099, 14132, 14180]","[646, 3311, 6059, 7102, 8303, 10401]","[7, 66, 160, 257, 280, 327, 337, 350, 617, 629, 655, 825, 1071, 1287, 1384, 1523, 1538, 1578, 1735, 1841, 1849, 1878, 1936, 1953, 1991, 2044, 2101, 2122, 2218, 2225, 2274, 2318, 2409, 2451, 2678, 2803, 2846, 2885, 2892, 2990, 3276, 3282, 3723, 3825, 4266, 4374, 4422, 4447, 4516, 4708, 4715, 4742, 4746, 4823, 4931, 4945, 4978, 4992, 5095, 5305, 5311, 5575, 5579, 5717, 5747, 5843, 5947, 6015, 6023, 6120, 6235, 6395, 6399, 6645, 6665, 6811, 6830, 6858, 6879, 6934, 6938, 7075, 7225, 7231, 7244, 7666, 7718, 7829, 8001, 8050, 8072, 8128, 8152, 8344, 8396, 8529, 8536, 8551, 8570, 8733, 8836, 9045, 9095, 9139, 9260, 9446, 9625, 9717, 9730, 9816, 10089, 10131, 10133, 10159, 10189, 10195, 10205, 10336, 10429, 10547, 10591, 10621, 10689, 10776, 10914, 10918, 10948, 11051, 11090, 11168, 11303, 11320, 11344, 11390, 11450, 11467, 11547, 11576, 11660, 11718, 11748, 11773, 11847, 11916, 11977, 12007, 12023, 12165, 12249, 12396, 12547, 12555, 12719, 12793, 12834, 13036, 13056, 13092, 13223, 13451, 13469, 13487, 13502, 13589, 13625, 13660, 13764, 13775, 13791, 13806, 13850, 13987, 14001, 14099, 14132, 14180]","[646, 3311, 6059, 7102, 8303, 10401]",14198,182,14016,6,176,14016,0
1.5,HSATPCP1,"[26, 146, 158, 296, 355, 496, 534, 612, 630, 673, 705, 831, 989, 1076, 1079, 1215, 1257, 1504, 1518, 1550, 1680, 1723, 1782, 1838, 1920, 1994, 2029, 2127, 2133, 2173, 2258, 2304, 2347, 2463, 2691, 2723, 2771, 2846, 2875, 2889, 3013, 3045, 3169, 3277, 3310, 3584, 4006, 4036, 4080, 4245, 4454, 4475, 4558, 4650, 4726, 4730, 4773, 4805, 4831, 4843, 4975, 5008, 5023, 5216, 5254, 5389, 5394, 5407, 5424, 5426, 5431, 5489, 5503, 5509, 5516, 5525, 5548, 5579, 5669, 5887, 5924, 5934, 5980, 5989, 6004, 6024, 6074, 6099, 6277, 6364, 6382, 6519, 6561, 6630, 6670, 6777, 6800, 6830, 6839, 6843, 6860, 6865, 6999, 7003, 7008, 7017, 7115, 7182, 7199, 7203, 7267, 7299, 7430, 7698, 7755, 7763, 7854, 7883, 7927, 7969, 7979, 8093, 8109, 8120, 8202, 8207, 8304, 8355, 8529, 8701, 8708, 8714, 8748, 8814, 8947, 9023, 9101, 9286, 9304, 9405, 9444, 9449]","[5389, 6382, 7267]","[26, 146, 158, 296, 355, 496, 534, 612, 630, 673, 705, 831, 989, 1076, 1079, 1215, 1257, 1504, 1518, 1550, 1680, 1723, 1782, 1838, 1920, 1994, 2029, 2127, 2133, 2173, 2258, 2304, 2347, 2463, 2691, 2723, 2771, 2846, 2875, 2889, 3013, 3045, 3169, 3277, 3310, 3584, 4006, 4036, 4080, 4245, 4454, 4475, 4558, 4650, 4726, 4730, 4773, 4805, 4831, 4843, 4975, 5008, 5023, 5216, 5254, 5394, 5407, 5424, 5426, 5431, 5489, 5503, 5509, 5516, 5525, 5548, 5579, 5669, 5887, 5924, 5934, 5980, 5989, 6004, 6024, 6074, 6099, 6277, 6364, 6519, 6561, 6630, 6670, 6777, 6800, 6830, 6839, 6843, 6860, 6865, 6999, 7003, 7008, 7017, 7115, 7182, 7199, 7203, 7299, 7430, 7698, 7755, 7763, 7854, 7883, 7927, 7969, 7979, 8093, 8109, 8120, 8202, 8207, 8304, 8355, 8529, 8701, 8708, 8714, 8748, 8814, 8947, 9023, 9101, 9286, 9304, 9405, 9444, 9449]","[5389, 6382, 7267]",9449,142,9307,3,139,9307,0
1.5,HSATPCP2,"[6, 41, 107, 239, 317, 398, 558, 688, 964, 1205, 1210, 1294, 1514, 1546, 1626, 1671, 1683, 1695, 1722, 1768, 1775, 1982, 2150, 2183, 2282, 2337, 2402, 2550, 2673, 2709, 2745, 2781, 2795, 2996, 3326, 3524, 3536, 3624, 3646, 3668, 3721, 3824, 3870, 3890, 4003, 4013, 4040, 4174, 4180, 4442, 4516, 4532, 4538, 4641, 4668, 4692, 4738, 4743, 4794, 4878, 4907, 4982, 4997, 5026, 5066, 5134, 5220, 5238, 5310, 5324, 5367, 5497, 5537, 5556, 5847, 6152, 6428, 6432, 6504, 6916, 6931, 6935, 7005, 7016, 7164, 7310, 7468, 7490, 7494, 7690, 7756, 7768, 7851, 7895, 7908, 8197, 8218, 8222, 8252, 8414, 8435, 8468, 8481, 8599, 8638, 8929, 8957, 9194, 9212, 9244, 9355, 9367, 9507, 9573, 9611, 9627, 9637, 9647, 9689, 9693, 9720, 9752, 9790, 9857, 9932, 9987, 9993, 10040, 10099, 10162, 10195, 10231, 10238, 10268, 10359, 10423, 10669, 10918, 10966, 11056, 11265, 11516, 11530, 11602, 11674, 11686, 11693, 11728, 11736, 11789, 11822, 11846, 11878, 11926, 12001, 12014, 12044, 12115, 12119, 12123, 12127, 12281, 12286, 12342, 12374, 12497, 12965, 13004, 13012, 13249, 13435, 13789, 13810, 13888, 13980, 14022, 14024, 14371, 14383, 14400, 14535, 14726, 14752, 14794, 14803, 14954, 14976, 14985]","[7490, 10195, 10918]","[6, 41, 107, 239, 317, 398, 558, 688, 964, 1205, 1210, 1294, 1514, 1546, 1626, 1671, 1683, 1695, 1722, 1768, 1775, 1982, 2150, 2183, 2282, 2337, 2402, 2550, 2673, 2709, 2745, 2781, 2795, 2996, 3326, 3524, 3536, 3624, 3646, 3668, 3721, 3824, 3870, 3890, 4003, 4013, 4040, 4174, 4180, 4442, 4516, 4532, 4538, 4641, 4668, 4692, 4738, 4743, 4794, 4878, 4907, 4982, 4997, 5026, 5066, 5134, 5220, 5238, 5310, 5324, 5367, 5497, 5537, 5556, 5847, 6152, 6428, 6432, 6504, 6916, 6931, 6935, 7005, 7016, 7164, 7310, 7468, 7494, 7690, 7756, 7768, 7851, 7895, 7908, 8197, 8218, 8222, 8252, 8414, 8435, 8468, 8481, 8599, 8638, 8929, 8957, 9194, 9212, 9244, 9355, 9367, 9507, 9573, 9611, 9627, 9637, 9647, 9689, 9693, 9720, 9752, 9790, 9857, 9932, 9987, 9993, 10040, 10099, 10162, 10231, 10238, 10268, 10359, 10423, 10669, 10966, 11056, 11265, 11516, 11530, 11602, 11674, 11686, 11693, 11728, 11736, 11789, 11822, 11846, 11878, 11926, 12001, 12014, 12044, 12115, 12119, 12123, 12127, 12281, 12286, 12342, 12374, 12497, 12965, 13004, 13012, 13249, 13435, 13789, 13810, 13888, 13980, 14022, 14024, 14371, 14383, 14400, 14535, 14726, 14752, 14794, 14803, 14954, 14976, 14985]","[7490, 10195, 10918]",15008,188,14820,3,185,14820,0
1.5,HSB3A,"[105, 158, 201, 223, 320, 462, 482, 580, 720, 739, 779, 791, 890, 908, 983, 994, 1021, 1052, 1118, 1120, 1139, 1175, 1292, 1424, 1432, 1574, 1843, 1847, 1878, 1901, 1940, 2033, 2085, 2108, 2135, 2210, 2394, 2455, 2606, 2623, 2640, 2647, 2655, 2659, 2670, 2714, 2725, 2732, 2747, 2983, 3021, 3047, 3139, 3166, 3199, 3203, 3314, 3474, 3631]",[1843],"[105, 158, 201, 223, 320, 462, 482, 580, 720, 739, 779, 791, 890, 908, 983, 994, 1021, 1052, 1118, 1120, 1139, 1175, 1292, 1424, 1432, 1574, 1847, 1878, 1901, 1940, 2033, 2085, 2108, 2135, 2210, 2394, 2455, 2606, 2623, 2640, 2647, 2655, 2659, 2670, 2714, 2725, 2732, 2747, 2983, 3021, 3047, 3139, 3166, 3199, 3203, 3314, 3474, 3631]",[1843],3675,59,3616,1,58,3616,0
1.5,HSBGPG,"[29, 151, 378, 419, 560, 595, 790, 817, 832, 850, 856, 1055, 1096, 1143, 1147, 1187, 1193, 1212, 1235, 1283, 1340, 1344, 1362, 1532, 1585, 1593, 1628, 1645]","[560, 850, 1096]","[29, 151, 378, 419, 595, 790, 817, 832, 856, 1055, 1143, 1147, 1187, 1193, 1212, 1235, 1283, 1340, 1344, 1362, 1532, 1585, 1593, 1628, 1645]","[560, 850, 1096]",1667,28,1639,3,25,1639,0
1.5,HSBSF2,"[76, 123, 238, 274, 318, 335, 354, 477, 501, 544, 906, 1086, 1242, 1281, 1293, 1304, 1360, 1464, 1550, 1587, 1621, 1647, 1869, 1873, 1986, 2089, 2189, 2241, 2450, 2472, 2605, 2620, 2638, 2647, 2654, 2748, 2847, 2851, 2857, 2930, 2945, 2956, 3022, 3070, 3106, 3300, 3336, 3466, 3499, 3510, 3536, 3601, 3605, 3629, 3708, 3772, 3835, 3988, 4044, 4061, 4086, 4202, 4289, 4317, 4358, 4427, 4443, 4505, 4527, 4574, 4665, 4715, 4885, 4895, 4943, 4992, 5052, 5140, 5556, 5613, 5688, 5713, 5817, 5944, 5953]","[1242, 1587, 2748, 3601]","[76, 123, 238, 274, 318, 335, 354, 477, 501, 544, 906, 1086, 1281, 1293, 1304, 1360, 1464, 1550, 1621, 1647, 1869, 1873, 1986, 2089, 2189, 2241, 2450, 2472, 2605, 2620, 2638, 2647, 2654, 2847, 2851, 2857, 2930, 2945, 2956, 3022, 3070, 3106, 3300, 3336, 3466, 3499, 3510, 3536, 3605, 3629, 3708, 3772, 3835, 3988, 4044, 4061, 4086, 4202, 4289, 4317, 4358, 4427, 4443, 4505, 4527, 4574, 4665, 4715, 4885, 4895, 4943, 4992, 5052, 5140, 5556, 5613, 5688, 5713, 5817, 5944, 5953]","[1242, 1587, 2748, 3601]",5953,85,5868,4,81,5868,0
1.5,HSCBMYHC,"[51, 62, 172, 264, 278, 297, 301, 345, 369, 411, 536, 649, 778, 860, 1008, 1100, 1294, 1453, 1527, 1559, 1577, 1858, 2228, 2258, 2477, 2489, 2532, 2583, 2687, 2715, 2735, 2805, 2809, 2811, 2813, 2815, 2817, 2819, 2821, 2823, 2825, 2827, 2829, 2858, 2868, 2902, 2911, 2917, 2927, 2971, 2991, 3008, 3016, 3181, 3193, 3218, 3293, 3301, 3493, 3504, 3542, 3555, 3592, 3607, 3620, 3639, 3661, 3819, 3828, 3833, 3932, 3967, 4025, 4065, 4092, 4207, 4263, 4289, 4447, 4585, 4595, 4612, 4644, 4657, 4776, 4881, 4900, 4906, 4921, 4996, 5041, 5394, 5485, 5644, 5708, 6069, 6160, 6293, 6354, 6379, 6529, 6567, 6694, 6814, 6969, 7026, 7246, 7351, 7393, 7567, 7571, 7575, 7594, 7609, 7671, 7735, 7894, 7912, 7939, 7958, 7962, 8095, 8354, 8536, 8647, 8672, 8850, 8856, 8867, 8898, 8924, 8933, 8950, 9024, 9059, 9084, 9128, 9174, 9274, 9288, 9526, 9626, 9885, 9909, 9985, 10076, 10145, 10181, 10195, 10530, 10535, 10554, 10594, 10622, 10667, 10730, 10877, 11302, 11339, 11483, 11516, 11529, 11536, 11847, 11874, 12039, 12082, 12155, 12159, 12229, 12277, 12303, 12427, 12528, 12635, 12657, 12692, 12765, 12786, 12825, 12829, 12969, 12988, 13037, 13099, 13333, 13342, 13849, 13882, 14042, 14210, 14352, 14386, 14394, 14520, 14571, 14631, 14633, 14635, 14637, 14639, 14641, 14643, 14645, 14647, 14649, 14651, 14653, 14655, 14657, 14659, 14661, 14663, 14665, 14667, 14669, 14671, 14700, 14705, 14761, 14768, 14771, 14806, 14929, 15120, 15165, 15209, 15221, 15253, 15303, 15375, 15416, 15683, 15707, 15784, 15900, 16013, 16076, 16321, 16384, 16403, 16410, 16512, 16618, 16665, 16875, 17120, 17125, 17284, 17311, 17368, 17811, 17895, 18138, 18228, 18590, 18734, 18766, 18777, 18896, 19047, 19130, 19194, 19214, 19262, 19460, 19469, 19527, 19588, 19596, 19910, 19970, 19981, 20028, 20057, 20132, 20176, 20319, 20374, 20544, 20604, 20608, 20610, 20628, 20731, 20742, 20964, 21087, 21289, 21352, 21466, 21505, 21576, 21747, 21810, 21818, 21839, 22088, 22133, 22149, 22153, 22369, 22419, 22423, 22474, 22486, 22521, 22643, 22742, 23043, 23176, 23209, 23241, 23265, 23400, 23421, 23454, 23605, 23659, 23684, 23701, 23830, 23899, 24128, 24278, 24455, 24695, 24702, 24716, 24721, 24751, 24755, 24794, 24854, 24901, 24926, 24966]","[4595, 5041, 5485, 5644, 6354, 6529, 6694, 7246, 7567, 8354, 8898, 9174, 9626, 10530, 10877, 11339, 12155, 12427, 12829, 13342, 14210, 14571, 15900, 17120, 18228, 18590, 18896, 19262, 19970, 20319, 20604, 21466, 21839, 22088, 22474, 23454, 23701]","[51, 62, 172, 264, 278, 297, 301, 345, 369, 411, 536, 649, 778, 860, 1008, 1100, 1294, 1453, 1527, 1559, 1577, 1858, 2228, 2258, 2477, 2489, 2532, 2583, 2687, 2715, 2735, 2805, 2809, 2811, 2813, 2815, 2817, 2819, 2821, 2823, 2825, 2827, 2829, 2858, 2868, 2902, 2911, 2917, 2927, 2971, 2991, 3008, 3016, 3181, 3193, 3218, 3293, 3301, 3493, 3504, 3542, 3555, 3592, 3607, 3620, 3639, 3661, 3819, 3828, 3833, 3932, 3967, 4025, 4065, 4092, 4207, 4263, 4289, 4447, 4585, 4612, 4644, 4657, 4776, 4881, 4900, 4906, 4921, 4996, 5394, 5708, 6069, 6160, 6293, 6379, 6567, 6814, 6969, 7026, 7351, 7393, 7571, 7575, 7594, 7609, 7671, 7735, 7894, 7912, 7939, 7958, 7962, 8095, 8536, 8647, 8672, 8850, 8856, 8867, 8924, 8933, 8950, 9024, 9059, 9084, 9128, 9274, 9288, 9526, 9885, 9909, 9985, 10076, 10145, 10181, 10195, 10535, 10554, 10594, 10622, 10667, 10730, 11302, 11483, 11516, 11529, 11536, 11847, 11874, 12039, 12082, 12159, 12229, 12277, 12303, 12528, 12635, 12657, 12692, 12765, 12786, 12825, 12969, 12988, 13037, 13099, 13333, 13849, 13882, 14042, 14352, 14386, 14394, 14520, 14631, 14633, 14635, 14637, 14639, 14641, 14643, 14645, 14647, 14649, 14651, 14653, 14655, 14657, 14659, 14661, 14663, 14665, 14667, 14669, 14671, 14700, 14705, 14761, 14768, 14771, 14806, 14929, 15120, 15165, 15209, 15221, 15253, 15303, 15375, 15416, 15683, 15707, 15784, 16013, 16076, 16321, 16384, 16403, 16410, 16512, 16618, 16665, 16875, 17125, 17284, 17311, 17368, 17811, 17895, 18138, 18734, 18766, 18777, 19047, 19130, 19194, 19214, 19460, 19469, 19527, 19588, 19596, 19910, 19981, 20028, 20057, 20132, 20176, 20374, 20544, 20608, 20610, 20628, 20731, 20742, 20964, 21087, 21289, 21352, 21505, 21576, 21747, 21810, 21818, 22133, 22149, 22153, 22369, 22419, 22423, 22486, 22521, 22643, 22742, 23043, 23176, 23209, 23241, 23265, 23400, 23421, 23605, 23659, 23684, 23830, 23899, 24128, 24278, 24455, 24695, 24702, 24716, 24721, 24751, 24755, 24794, 24854, 24901, 24926, 24966]","[4595, 5041, 5485, 5644, 6354, 6529, 6694, 7246, 7567, 8354, 8898, 9174, 9626, 10530, 10877, 11339, 12155, 12427, 12829, 13342, 14210, 14571, 15900, 17120, 18228, 18590, 18896, 19262, 19970, 20319, 20604, 21466, 21839, 22088, 22474, 23454, 23701]",24992,337,24655,37,300,24655,0
1.5,HSCD14G,"[56, 58, 79, 89, 136, 159, 165, 187, 286, 317, 393, 395, 412, 486, 499, 514, 529, 562, 585, 763, 811, 963, 986, 1036, 1114, 1204, 1314, 1318, 1339, 1427, 1553]",[159],"[56, 58, 79, 89, 136, 165, 187, 286, 317, 393, 395, 412, 486, 499, 514, 529, 562, 585, 763, 811, 963, 986, 1036, 1114, 1204, 1314, 1318, 1339, 1427, 1553]",[159],1562,31,1531,1,30,1531,0
1.5,HSCKBG,"[98, 129, 236, 251, 347, 381, 395, 554, 657, 876, 880, 1075, 1244, 1261, 1341, 1426, 1471, 1484, 1619, 1733, 1817, 1824, 2068, 2099, 2124, 2373, 2380, 2458, 2518, 2552, 2570, 2597, 2638, 2643, 2746, 2789, 2800, 2877, 2917, 3022, 3075, 3077, 3174, 3220, 3224, 3280, 3434, 3484, 3521, 3534, 3603, 3620, 3671, 3680, 3701, 3909, 3988, 4062, 4078, 4102]","[1341, 1619, 1824, 2380, 3174, 3521]","[98, 129, 236, 251, 347, 381, 395, 554, 657, 876, 880, 1075, 1244, 1261, 1426, 1471, 1484, 1733, 1817, 2068, 2099, 2124, 2373, 2458, 2518, 2552, 2570, 2597, 2638, 2643, 2746, 2789, 2800, 2877, 2917, 3022, 3075, 3077, 3220, 3224, 3280, 3434, 3484, 3534, 3603, 3620, 3671, 3680, 3701, 3909, 3988, 4062, 4078, 4102]","[1341, 1619, 1824, 2380, 3174, 3521]",4192,60,4132,6,54,4132,0
1.5,HSCOMT2,"[31, 64, 197, 220, 284, 329, 367, 409, 448, 528, 549, 583, 589, 600, 636, 703, 709, 784, 911, 936, 1064, 1075, 1110, 1193, 1285, 1289, 1389, 1401, 1495, 1527, 1614, 1630, 1651, 1782, 1845, 1947, 1959, 2004, 2045, 2122, 2128, 2132, 2160, 2188, 2192, 2212, 2220, 2246, 2299, 2350, 2378, 2513, 2547, 2561, 2651, 2742, 2755, 2827, 2884, 2897, 2920, 2980, 3082, 3091, 3495, 3503, 3628]","[1630, 1959, 2378]","[31, 64, 197, 220, 284, 329, 367, 409, 448, 528, 549, 583, 589, 600, 636, 703, 709, 784, 911, 936, 1064, 1075, 1110, 1193, 1285, 1289, 1389, 1401, 1495, 1527, 1614, 1651, 1782, 1845, 1947, 2004, 2045, 2122, 2128, 2132, 2160, 2188, 2192, 2212, 2220, 2246, 2299, 2350, 2513, 2547, 2561, 2651, 2742, 2755, 2827, 2884, 2897, 2920, 2980, 3082, 3091, 3495, 3503, 3628]","[1630, 1959, 2378]",3643,67,3576,3,64,3576,0
1.5,HSCPH70,"[11, 205, 297, 407, 568, 633, 773, 829, 865, 926, 1057, 1153, 1302, 1363, 1438, 1584, 1729, 1746, 1768, 1784, 1791, 1888, 2041, 2163, 2226, 2228, 2296, 2336, 2398, 2423, 2449, 2552, 2669, 2724, 2820, 2936, 3051, 3115, 3172, 3200, 3260, 3382, 3416, 3450, 3574, 3675, 3697, 3741, 3762, 3831, 3858, 3895, 3899, 4054, 4077, 4120, 4156, 4204, 4255, 4257, 4259, 4261, 4283, 4407, 4602, 4632, 4801, 4807, 4960, 5060, 5251, 5376, 5390, 5562, 5666, 6024, 6065, 6215, 6246, 6584, 6603, 6650]","[1729, 4204, 4407, 4801]","[11, 205, 297, 407, 568, 633, 773, 829, 865, 926, 1057, 1153, 1302, 1363, 1438, 1584, 1746, 1768, 1784, 1791, 1888, 2041, 2163, 2226, 2228, 2296, 2336, 2398, 2423, 2449, 2552, 2669, 2724, 2820, 2936, 3051, 3115, 3172, 3200, 3260, 3382, 3416, 3450, 3574, 3675, 3697, 3741, 3762, 3831, 3858, 3895, 3899, 4054, 4077, 4120, 4156, 4255, 4257, 4259, 4261, 4283, 4602, 4632, 4807, 4960, 5060, 5251, 5376, 5390, 5562, 5666, 6024, 6065, 6215, 6246, 6584, 6603, 6650]","[1729, 4204, 4407, 4801]",6703,82,6621,4,78,6621,0
1.5,HSCSF1PO,"[10, 175, 314, 341, 359, 409, 496, 522, 534, 569, 648, 678, 779, 971, 977, 984, 1004, 1198, 1243, 1290, 1415, 1433, 1542, 1815, 1965, 1983, 2001, 2021, 2098, 2102, 2119, 2127, 2141, 2164, 2202, 2265, 2374, 2385, 2428, 2515, 2591, 2598, 2619, 2661, 2670, 2704, 2816, 3283, 3325, 3327, 3367, 3412, 3471, 3517, 3536, 3647, 3691, 3732, 3740, 3777, 3815, 4128, 4166, 4315, 4367, 4417, 4447, 4479, 4508, 4534, 4555, 4658, 4703, 4825, 4843, 4938, 4940, 4942, 4944, 4946, 4948, 4950, 4952, 4954, 4956, 4958, 4960, 4962, 4964, 4966, 4968, 4970, 4972, 4974, 4976, 4978, 4980, 4982, 4984, 5027, 5053, 5071, 5252, 5270, 5393, 5398, 5400, 5409, 5510, 5572, 5647, 5676, 5680, 5682, 5857, 5956, 6017, 6165, 6173, 6177, 6183, 6274, 6551, 6571, 6579, 6602, 6644, 6651, 6702, 6706, 6732, 6793, 6903, 7061, 7145, 7152, 7196, 7314, 7358, 7376, 7572, 7647, 7712, 7741, 7791, 7831, 7887, 7943, 8037, 8091, 8115, 8121, 8250, 8287, 8291, 8325, 8357, 8372, 8387, 8459, 8486, 8502, 8521, 8558, 8573, 8577, 8645, 8680, 8684, 8694, 8699, 8725, 8792, 8805, 8843, 8847, 8853, 8868, 8876, 8888, 8943, 9001, 9016, 9022, 9217, 9391, 9403, 9445, 9575, 9595, 9637, 9654, 9665, 9702, 9758, 9774, 9787, 9832, 9857, 9876, 9882, 9931, 9982, 10001, 10119, 10134, 10227, 10249, 10290, 10360, 10389, 10444, 10448, 10458, 10517, 10783, 11020, 11059, 11063, 11088, 11092, 11111, 11436, 11483, 11515, 11536, 11659, 11661, 11691, 11707, 11713, 11723, 11765, 11777, 11785, 11817, 11909, 11929, 12016, 12055, 12101, 12110, 12153, 12228, 12236, 12296, 12362, 12404, 12436, 12482, 12638, 12671, 12710, 12899, 12926, 12953, 12967, 12975, 13021, 13038, 13044, 13234, 13245, 13281, 13331, 13389, 13421, 13436, 13480, 13482, 13484, 13486, 13490, 13509, 13526, 13628, 13657, 13729, 13951, 14054, 14151, 14221, 14268, 14345, 14381, 14393, 14485, 14493, 14495, 14499, 14505, 14507, 14509, 14645, 14683, 14719, 14736, 14825, 14890, 14896, 14926, 15036, 15082, 15131, 15556, 15733, 15783, 15792, 15804, 15926, 16061, 16088, 16103, 16105, 16165, 16192, 16554, 16720, 16740, 16787, 16804, 16958, 17132, 17215, 17256, 17409, 17465, 17480, 17882, 17968, 17972, 17990, 18046, 18105, 18121, 18156, 18208, 18274, 18290, 18299, 18350, 18356, 18425, 18465, 18594, 18657, 18756, 19403, 19552, 19652, 19724, 19848, 20123, 20151, 20159, 20177, 20217, 20248, 20257, 20336, 20442, 20484, 20510, 20693, 20764, 20870, 20924, 21154, 21237, 21272, 21286, 21307, 21311, 21334, 21348, 21405, 21438, 21444, 21461, 21497, 21515, 21536, 21611, 21629, 21638, 21781, 21973, 21984, 21988, 22040, 22052, 22083, 22104, 22196, 22203, 22642, 22730, 22811, 22866, 22884, 23086, 23163, 23198, 23238, 23437, 23668, 23912, 23980, 24053, 24059, 24072, 24198, 24247, 24260, 24264, 24430, 24611, 24703, 24749, 24806, 24822, 24903, 24938, 24972, 25032, 25151, 25156, 25196, 25234, 25492, 25661, 25690, 25783, 25817, 25831, 25977, 25984, 26033, 26044, 26090, 26095, 26111, 26271, 26411, 26486, 26493, 26573, 26605, 26650, 26696, 26721, 26732, 26764, 26815, 26821, 26837, 26841, 26888, 26963, 26983, 27080, 27188, 27289, 27453, 27465, 27659, 27763, 27837, 27864, 27905, 28041, 28345, 28469, 28627, 28660, 28680, 28890, 28922, 28924, 28964, 28989, 29084, 29206, 29372, 29403, 29410, 29509, 29782, 29786, 29809, 29926, 29985, 30041, 30145, 30172, 30195, 30214, 30247, 30316, 30327, 30339, 30341, 30400, 30450, 30502, 30549, 30657, 30689, 30757, 30823, 30890, 30897, 31040, 31044, 31077, 31103, 31133, 31141, 31158, 31254, 31270, 31306, 31351, 31408, 31478, 31514, 31657, 31663, 31739, 31764, 31829, 31836, 31848, 31855, 31903, 31942, 32010, 32015, 32108, 32129, 32146, 32201, 32301, 32378, 32398, 32402, 32780, 32862, 32894, 32922, 32926, 32930, 33017, 33041, 33091, 33196, 33372, 33463, 33698, 33707, 33729, 33743, 33816, 33832, 34006, 34010, 34015, 34027, 34038, 34137, 34158, 34182, 34399, 34417, 34668, 34831, 34839, 34992, 35063]","[1965, 7572, 8287, 10227, 11063, 15036, 17882, 18156, 18465, 20123, 26605, 26837, 27465, 28627, 30823, 31040, 32108, 32301, 33091, 34006]","[10, 175, 314, 341, 359, 409, 496, 522, 534, 569, 648, 678, 779, 971, 977, 984, 1004, 1198, 1243, 1290, 1415, 1433, 1542, 1815, 1983, 2001, 2021, 2098, 2102, 2119, 2127, 2141, 2164, 2202, 2265, 2374, 2385, 2428, 2515, 2591, 2598, 2619, 2661, 2670, 2704, 2816, 3283, 3325, 3327, 3367, 3412, 3471, 3517, 3536, 3647, 3691, 3732, 3740, 3777, 3815, 4128, 4166, 4315, 4367, 4417, 4447, 4479, 4508, 4534, 4555, 4658, 4703, 4825, 4843, 4938, 4940, 4942, 4944, 4946, 4948, 4950, 4952, 4954, 4956, 4958, 4960, 4962, 4964, 4966, 4968, 4970, 4972, 4974, 4976, 4978, 4980, 4982, 4984, 5027, 5053, 5071, 5252, 5270, 5393, 5398, 5400, 5409, 5510, 5572, 5647, 5676, 5680, 5682, 5857, 5956, 6017, 6165, 6173, 6177, 6183, 6274, 6551, 6571, 6579, 6602, 6644, 6651, 6702, 6706, 6732, 6793, 6903, 7061, 7145, 7152, 7196, 7314, 7358, 7376, 7647, 7712, 7741, 7791, 7831, 7887, 7943, 8037, 8091, 8115, 8121, 8250, 8291, 8325, 8357, 8372, 8387, 8459, 8486, 8502, 8521, 8558, 8573, 8577, 8645, 8680, 8684, 8694, 8699, 8725, 8792, 8805, 8843, 8847, 8853, 8868, 8876, 8888, 8943, 9001, 9016, 9022, 9217, 9391, 9403, 9445, 9575, 9595, 9637, 9654, 9665, 9702, 9758, 9774, 9787, 9832, 9857, 9876, 9882, 9931, 9982, 10001, 10119, 10134, 10249, 10290, 10360, 10389, 10444, 10448, 10458, 10517, 10783, 11020, 11059, 11088, 11092, 11111, 11436, 11483, 11515, 11536, 11659, 11661, 11691, 11707, 11713, 11723, 11765, 11777, 11785, 11817, 11909, 11929, 12016, 12055, 12101, 12110, 12153, 12228, 12236, 12296, 12362, 12404, 12436, 12482, 12638, 12671, 12710, 12899, 12926, 12953, 12967, 12975, 13021, 13038, 13044, 13234, 13245, 13281, 13331, 13389, 13421, 13436, 13480, 13482, 13484, 13486, 13490, 13509, 13526, 13628, 13657, 13729, 13951, 14054, 14151, 14221, 14268, 14345, 14381, 14393, 14485, 14493, 14495, 14499, 14505, 14507, 14509, 14645, 14683, 14719, 14736, 14825, 14890, 14896, 14926, 15082, 15131, 15556, 15733, 15783, 15792, 15804, 15926, 16061, 16088, 16103, 16105, 16165, 16192, 16554, 16720, 16740, 16787, 16804, 16958, 17132, 17215, 17256, 17409, 17465, 17480, 17968, 17972, 17990, 18046, 18105, 18121, 18208, 18274, 18290, 18299, 18350, 18356, 18425, 18594, 18657, 18756, 19403, 19552, 19652, 19724, 19848, 20151, 20159, 20177, 20217, 20248, 20257, 20336, 20442, 20484, 20510, 20693, 20764, 20870, 20924, 21154, 21237, 21272, 21286, 21307, 21311, 21334, 21348, 21405, 21438, 21444, 21461, 21497, 21515, 21536, 21611, 21629, 21638, 21781, 21973, 21984, 21988, 22040, 22052, 22083, 22104, 22196, 22203, 22642, 22730, 22811, 22866, 22884, 23086, 23163, 23198, 23238, 23437, 23668, 23912, 23980, 24053, 24059, 24072, 24198, 24247, 24260, 24264, 24430, 24611, 24703, 24749, 24806, 24822, 24903, 24938, 24972, 25032, 25151, 25156, 25196, 25234, 25492, 25661, 25690, 25783, 25817, 25831, 25977, 25984, 26033, 26044, 26090, 26095, 26111, 26271, 26411, 26486, 26493, 26573, 26650, 26696, 26721, 26732, 26764, 26815, 26821, 26841, 26888, 26963, 26983, 27080, 27188, 27289, 27453, 27659, 27763, 27837, 27864, 27905, 28041, 28345, 28469, 28660, 28680, 28890, 28922, 28924, 28964, 28989, 29084, 29206, 29372, 29403, 29410, 29509, 29782, 29786, 29809, 29926, 29985, 30041, 30145, 30172, 30195, 30214, 30247, 30316, 30327, 30339, 30341, 30400, 30450, 30502, 30549, 30657, 30689, 30757, 30890, 30897, 31044, 31077, 31103, 31133, 31141, 31158, 31254, 31270, 31306, 31351, 31408, 31478, 31514, 31657, 31663, 31739, 31764, 31829, 31836, 31848, 31855, 31903, 31942, 32010, 32015, 32129, 32146, 32201, 32378, 32398, 32402, 32780, 32862, 32894, 32922, 32926, 32930, 33017, 33041, 33196, 33372, 33463, 33698, 33707, 33729, 33743, 33816, 33832, 34010, 34015, 34027, 34038, 34137, 34158, 34182, 34399, 34417, 34668, 34831, 34839, 34992, 35063]","[1965, 7572, 8287, 10227, 11063, 15036, 17882, 18156, 18465, 20123, 26605, 26837, 27465, 28627, 30823, 31040, 32108, 32301, 33091, 34006]",35092,579,34513,20,559,34513,0
1.5,HSCST3G,"[105, 153, 213, 234, 245, 271, 330, 394, 405, 455, 528, 536, 545, 602, 888, 931, 936, 1006, 1145, 1190, 1227, 1261, 1285, 1307, 1310, 1328, 1332, 1535, 1540, 1661, 1777, 1910, 1920, 1969, 1981, 2195, 2234, 2262, 2342, 2563, 2592, 2644, 2723, 2806, 2912, 3064, 3120, 3155, 3159, 3178, 3329, 3423, 3443, 3451, 3468, 3495, 3509, 3520, 3522, 3526, 3544, 3592, 3632, 3694, 3740, 3744, 3746, 3748, 3750, 3752, 3754, 3756, 3758, 3783, 3803, 3805, 3839, 3845, 3865, 3869, 3879, 3883, 3928, 3930, 3934, 3938, 4047, 4049, 4051, 4053, 4063, 4067, 4077, 4087, 4111, 4117, 4123, 4129, 4173, 4229, 4300, 4601, 4620, 4642, 4720, 4741, 4793, 4813, 4909, 5034, 5038, 5241, 5248, 5374, 5518, 5526, 5573, 5594, 5647, 5661, 5990, 6079, 6189, 6231, 6293, 6361, 6388, 6448, 6521, 6549, 6582, 6589, 6610, 6632, 6743, 6782, 6814, 6848, 6852, 6889, 6921, 6955, 7112, 7200, 7212]","[1328, 3694]","[105, 153, 213, 234, 245, 271, 330, 394, 405, 455, 528, 536, 545, 602, 888, 931, 936, 1006, 1145, 1190, 1227, 1261, 1285, 1307, 1310, 1332, 1535, 1540, 1661, 1777, 1910, 1920, 1969, 1981, 2195, 2234, 2262, 2342, 2563, 2592, 2644, 2723, 2806, 2912, 3064, 3120, 3155, 3159, 3178, 3329, 3423, 3443, 3451, 3468, 3495, 3509, 3520, 3522, 3526, 3544, 3592, 3632, 3740, 3744, 3746, 3748, 3750, 3752, 3754, 3756, 3758, 3783, 3803, 3805, 3839, 3845, 3865, 3869, 3879, 3883, 3928, 3930, 3934, 3938, 4047, 4049, 4051, 4053, 4063, 4067, 4077, 4087, 4111, 4117, 4123, 4129, 4173, 4229, 4300, 4601, 4620, 4642, 4720, 4741, 4793, 4813, 4909, 5034, 5038, 5241, 5248, 5374, 5518, 5526, 5573, 5594, 5647, 5661, 5990, 6079, 6189, 6231, 6293, 6361, 6388, 6448, 6521, 6549, 6582, 6589, 6610, 6632, 6743, 6782, 6814, 6848, 6852, 6889, 6921, 6955, 7112, 7200, 7212]","[1328, 3694]",7284,145,7139,2,143,7139,0
1.5,HSCYCLA,"[55, 274, 392, 407, 522, 1029, 1049, 1098, 1102, 1111, 1177, 1333, 1393, 1422, 1524, 1530, 1547, 1589, 1593, 1604, 1632, 1722, 1861, 1903, 1997, 2128, 2186, 2229, 2313, 2397, 2406, 2439, 2509, 2525, 2546, 2761, 2782, 2940, 2954, 3031, 3043, 3463, 3668, 3683, 3731, 3877, 3951, 3962, 3999, 4024, 4034, 4079, 4111, 4168, 4182, 4194, 4239, 4266, 4464, 4475, 4480, 4520, 4538, 4614, 4680, 4850, 5022, 5266, 5338, 5365, 5376, 5389, 5439, 5478, 5670, 5728, 5742, 5911, 6059, 6070, 6160, 6193, 6229, 6294, 6323, 6483, 6652, 6667, 6866, 6906, 6910, 6982, 7024, 7103, 7188, 7200, 7413, 7439, 7622, 7637, 7654, 7931, 7942, 7956, 7973, 8023, 8050, 8113, 8191]","[1393, 2406, 3731, 4168, 5338, 5911, 6667]","[55, 274, 392, 407, 522, 1029, 1049, 1098, 1102, 1111, 1177, 1333, 1422, 1524, 1530, 1547, 1589, 1593, 1604, 1632, 1722, 1861, 1903, 1997, 2128, 2186, 2229, 2313, 2397, 2439, 2509, 2525, 2546, 2761, 2782, 2940, 2954, 3031, 3043, 3463, 3668, 3683, 3877, 3951, 3962, 3999, 4024, 4034, 4079, 4111, 4182, 4194, 4239, 4266, 4464, 4475, 4480, 4520, 4538, 4614, 4680, 4850, 5022, 5266, 5365, 5376, 5389, 5439, 5478, 5670, 5728, 5742, 6059, 6070, 6160, 6193, 6229, 6294, 6323, 6483, 6652, 6866, 6906, 6910, 6982, 7024, 7103, 7188, 7200, 7413, 7439, 7622, 7637, 7654, 7931, 7942, 7956, 7973, 8023, 8050, 8113, 8191]","[1393, 2406, 3731, 4168, 5338, 5911, 6667]",8355,109,8246,7,102,8246,0
1.5,HSCYP216,"[255, 302, 360, 404, 442, 565, 567, 629, 665, 829, 874, 879, 908, 1088, 1154, 1207, 1260, 1278, 1466, 1475, 1508, 1771, 1836, 1888, 1917, 1996, 2082, 2153, 2215, 2228, 2239, 2371, 2402, 2549, 2557, 2599, 2710, 2760]","[255, 442, 879, 1088, 1278, 1466, 1836, 2215, 2402]","[302, 360, 404, 565, 567, 629, 665, 829, 874, 908, 1154, 1207, 1260, 1475, 1508, 1771, 1888, 1917, 1996, 2082, 2153, 2228, 2239, 2371, 2549, 2557, 2599, 2710, 2760]","[255, 442, 879, 1088, 1278, 1466, 1836, 2215, 2402]",2763,38,2725,9,29,2725,0
1.5,HSCYP45C,"[42, 138, 185, 227, 237, 249, 263, 286, 332, 626, 661, 731, 805, 810, 828, 947, 1020, 1150, 1256, 1300, 1353, 1452, 1503, 1639, 1659, 1688, 1763, 1772, 1830, 1850, 1977, 2048, 2179, 2201, 2261, 2612, 2638, 2651, 2667, 2728, 2791, 2854, 2936, 3045, 3268, 3358, 3364, 3451, 3538, 3542, 3554, 3642, 3646, 3674, 3679, 3689, 3695, 3731, 3745, 3908, 3975, 4137, 4180, 4189, 4323, 4369, 4405, 4463, 4469, 4506, 4603, 4680, 4690, 4795, 4942, 4963, 4970, 5008, 5290, 5333, 5447, 5624, 5659, 5758, 5773, 5801, 5826, 5849, 5908, 6016, 6081, 6248, 6496, 6517, 6525, 6562, 6642, 6648, 6694, 6726, 6769, 6864, 6935, 7004, 7065, 7081, 7087, 7165, 7202, 7327, 7429]","[4942, 5624, 5801, 6016, 6248]","[42, 138, 185, 227, 237, 249, 263, 286, 332, 626, 661, 731, 805, 810, 828, 947, 1020, 1150, 1256, 1300, 1353, 1452, 1503, 1639, 1659, 1688, 1763, 1772, 1830, 1850, 1977, 2048, 2179, 2201, 2261, 2612, 2638, 2651, 2667, 2728, 2791, 2854, 2936, 3045, 3268, 3358, 3364, 3451, 3538, 3542, 3554, 3642, 3646, 3674, 3679, 3689, 3695, 3731, 3745, 3908, 3975, 4137, 4180, 4189, 4323, 4369, 4405, 4463, 4469, 4506, 4603, 4680, 4690, 4795, 4963, 4970, 5008, 5290, 5333, 5447, 5659, 5758, 5773, 5826, 5849, 5908, 6081, 6496, 6517, 6525, 6562, 6642, 6648, 6694, 6726, 6769, 6864, 6935, 7004, 7065, 7081, 7087, 7165, 7202, 7327, 7429]","[4942, 5624, 5801, 6016, 6248]",7546,111,7435,5,106,7435,0
1.5,HSCYTOK17,"[255, 396, 452, 488, 498, 505, 534, 581, 594, 894, 958, 982, 1162, 1269, 1422, 1427, 1572, 1709, 1764, 1822, 1864, 1951, 1963, 1969, 1984, 2079, 2147, 2208, 2304, 2309, 2325, 2342, 2382, 2401, 2571, 2582, 2732, 2774, 2819, 2850, 2857, 2928, 2935, 3001, 3008, 3066, 3073, 3131, 3158, 3171, 3245, 3249, 3257, 3288, 3382, 3457, 3468, 3588, 3601, 3609, 3625, 3693, 3935, 4000, 4004, 4019, 4046, 4123, 4247, 4320, 4479, 4633, 4795, 4818, 4840, 4972, 4982, 4987, 4991, 5246]","[581, 1709, 2304, 3066, 3693, 4000, 4123]","[255, 396, 452, 488, 498, 505, 534, 594, 894, 958, 982, 1162, 1269, 1422, 1427, 1572, 1764, 1822, 1864, 1951, 1963, 1969, 1984, 2079, 2147, 2208, 2309, 2325, 2342, 2382, 2401, 2571, 2582, 2732, 2774, 2819, 2850, 2857, 2928, 2935, 3001, 3008, 3073, 3131, 3158, 3171, 3245, 3249, 3257, 3288, 3382, 3457, 3468, 3588, 3601, 3609, 3625, 3935, 4004, 4019, 4046, 4247, 4320, 4479, 4633, 4795, 4818, 4840, 4972, 4982, 4987, 4991, 5246]","[581, 1709, 2304, 3066, 3693, 4000, 4123]",5252,80,5172,7,73,5172,0
1.5,HSCYTOK20,"[60, 116, 122, 124, 203, 560, 647, 681, 729, 1063, 1085, 1277, 1452, 1585, 1691, 1757, 1814, 1871, 2073, 2091, 2134, 2166, 2209, 2212, 2287, 2321, 2418, 2423, 2515, 2526, 2589, 2601, 2644, 3051, 3069, 3128, 3370, 3537, 3603, 3659, 3723, 3978, 4019, 4075, 4111, 4131, 4134, 4266, 4531, 4670, 4732, 4742, 4752, 4771, 4869, 4955, 4960, 5003, 5047, 5152, 5205, 5281, 5352, 5570, 5667, 5730, 5753, 5950, 6081, 6138, 6228, 6555, 6699, 6824, 7135, 7212, 7225, 7290, 7458, 7512, 7646, 7660, 7716, 7733, 7789, 7828, 7897, 7909, 7943, 7963, 8006, 8053, 8061, 8134, 8233, 8275, 8376, 8443, 8449, 8547, 8722, 8748, 8760, 8803, 8856, 8860, 8864, 8930, 8952, 9176, 9196, 9313, 9470, 9491, 9573, 9642, 9735, 9926, 9984, 10005, 10166, 10172, 10271, 10304, 10451, 10476, 10552, 10620, 10714, 10828, 10882, 10916, 10968, 11052, 11083, 11131, 11206, 11346, 11408, 11421, 11428, 11446, 11458, 11499, 11581, 11618, 11935, 11940, 11978, 12125, 12146, 12458, 12494, 12525, 12705, 12778, 12783, 12814, 12902, 12915, 13053, 13300, 13421, 13706, 13847, 13941, 14030, 14034, 14099, 14349, 14477, 14572, 14592, 14934, 15045, 15110, 15297, 15302, 15377, 15384, 15853, 15899, 15935, 15989, 16025, 16095, 16129, 16190, 16305, 16343, 16347, 16376, 16419, 16498, 16574, 16586, 16620, 16625, 16738, 16791, 16811, 16920, 17070, 17125, 17174, 17199, 17254, 17661, 18043]","[5281, 7512, 9470, 9984, 10271, 11940, 12705]","[60, 116, 122, 124, 203, 560, 647, 681, 729, 1063, 1085, 1277, 1452, 1585, 1691, 1757, 1814, 1871, 2073, 2091, 2134, 2166, 2209, 2212, 2287, 2321, 2418, 2423, 2515, 2526, 2589, 2601, 2644, 3051, 3069, 3128, 3370, 3537, 3603, 3659, 3723, 3978, 4019, 4075, 4111, 4131, 4134, 4266, 4531, 4670, 4732, 4742, 4752, 4771, 4869, 4955, 4960, 5003, 5047, 5152, 5205, 5352, 5570, 5667, 5730, 5753, 5950, 6081, 6138, 6228, 6555, 6699, 6824, 7135, 7212, 7225, 7290, 7458, 7646, 7660, 7716, 7733, 7789, 7828, 7897, 7909, 7943, 7963, 8006, 8053, 8061, 8134, 8233, 8275, 8376, 8443, 8449, 8547, 8722, 8748, 8760, 8803, 8856, 8860, 8864, 8930, 8952, 9176, 9196, 9313, 9491, 9573, 9642, 9735, 9926, 10005, 10166, 10172, 10304, 10451, 10476, 10552, 10620, 10714, 10828, 10882, 10916, 10968, 11052, 11083, 11131, 11206, 11346, 11408, 11421, 11428, 11446, 11458, 11499, 11581, 11618, 11935, 11978, 12125, 12146, 12458, 12494, 12525, 12778, 12783, 12814, 12902, 12915, 13053, 13300, 13421, 13706, 13847, 13941, 14030, 14034, 14099, 14349, 14477, 14572, 14592, 14934, 15045, 15110, 15297, 15302, 15377, 15384, 15853, 15899, 15935, 15989, 16025, 16095, 16129, 16190, 16305, 16343, 16347, 16376, 16419, 16498, 16574, 16586, 16620, 16625, 16738, 16791, 16811, 16920, 17070, 17125, 17174, 17199, 17254, 17661, 18043]","[5281, 7512, 9470, 9984, 10271, 11940, 12705]",18053,209,17844,7,202,17844,0
1.5,HSDAO,"[129, 158, 413, 537, 541, 588, 746, 956, 970, 1035, 1080, 1111, 1119, 1149, 1177, 1263, 1329, 1333, 1381, 1437, 1526, 1552, 1635, 1647, 1654, 1665, 1671, 1699, 1710, 1738, 1742, 1751, 1772, 2046, 2183, 2197, 2229, 2345, 2351, 2551, 2582, 2775, 2877, 2914, 2941, 2953, 2974, 3084, 3142, 3156, 3236, 3303, 3515, 3597, 3617, 3633, 3751, 3885, 3987, 4089, 4423, 4465, 4505, 4584, 4623, 5034, 5092, 5099, 5121, 5135, 5148, 5166, 5201, 5254, 5296, 5427, 5561, 5566, 5611, 5627, 5744, 5903, 5929, 5965, 6165, 6200, 6206, 6275, 6426, 6592, 6684, 6696, 6911, 6983, 7299, 7384, 7431, 7461, 7478, 7480, 7482, 7548, 7562, 7594, 7619, 7656, 7712, 7727, 7736, 7766, 7815, 7871, 7903, 8028, 8237, 8329, 8347, 8419, 8427, 8502, 8537, 8701, 8880, 8901, 9013, 9040, 9276, 9337, 9343, 9406, 9707, 9711, 9839]","[6426, 7431, 9013]","[129, 158, 413, 537, 541, 588, 746, 956, 970, 1035, 1080, 1111, 1119, 1149, 1177, 1263, 1329, 1333, 1381, 1437, 1526, 1552, 1635, 1647, 1654, 1665, 1671, 1699, 1710, 1738, 1742, 1751, 1772, 2046, 2183, 2197, 2229, 2345, 2351, 2551, 2582, 2775, 2877, 2914, 2941, 2953, 2974, 3084, 3142, 3156, 3236, 3303, 3515, 3597, 3617, 3633, 3751, 3885, 3987, 4089, 4423, 4465, 4505, 4584, 4623, 5034, 5092, 5099, 5121, 5135, 5148, 5166, 5201, 5254, 5296, 5427, 5561, 5566, 5611, 5627, 5744, 5903, 5929, 5965, 6165, 6200, 6206, 6275, 6592, 6684, 6696, 6911, 6983, 7299, 7384, 7461, 7478, 7480, 7482, 7548, 7562, 7594, 7619, 7656, 7712, 7727, 7736, 7766, 7815, 7871, 7903, 8028, 8237, 8329, 8347, 8419, 8427, 8502, 8537, 8701, 8880, 8901, 9040, 9276, 9337, 9343, 9406, 9707, 9711, 9839]","[6426, 7431, 9013]",9895,133,9762,3,130,9762,0
1.5,HSERPG,"[93, 143, 227, 277, 516, 563, 585, 628, 711, 765, 781, 831, 868, 1004, 1015, 1020, 1081, 1115, 1303, 1340, 1683, 1774, 1900, 1943, 2026, 2069, 2119, 2253, 2290, 2294, 2368, 2389, 2423, 2474, 2478, 2509, 2768, 3230]","[628, 1340, 1683, 2474]","[93, 143, 227, 277, 516, 563, 585, 711, 765, 781, 831, 868, 1004, 1015, 1020, 1081, 1115, 1303, 1774, 1900, 1943, 2026, 2069, 2119, 2253, 2290, 2294, 2368, 2389, 2423, 2478, 2509, 2768, 3230]","[628, 1340, 1683, 2474]",3390,38,3352,4,34,3352,0
1.5,HSFAU1,"[80, 238, 273, 327, 335, 343, 375, 410, 415, 432, 436, 484, 505, 547, 559, 655, 824, 857, 870, 947, 1043, 1096, 1100, 1123, 1129, 1140, 1186, 1349, 1421, 1535, 1557, 1592, 1599, 1613, 1617, 1693, 1741, 1787, 1821, 2004]","[857, 1096, 1613]","[80, 238, 273, 327, 335, 343, 375, 410, 415, 432, 436, 484, 505, 547, 559, 655, 824, 870, 947, 1043, 1100, 1123, 1129, 1140, 1186, 1349, 1421, 1535, 1557, 1592, 1599, 1617, 1693, 1741, 1787, 1821, 2004]","[857, 1096, 1613]",2008,40,1968,3,37,1968,0
1.5,HSFESFPS,"[8, 13, 55, 69, 95, 292, 353, 474, 507, 513, 543, 608, 614, 663, 728, 738, 771, 791, 856, 872, 1132, 1142, 1180, 1227, 1248, 1252, 1553, 1650, 1781, 1803, 1827, 1889, 1964, 1980, 2118, 2210, 2415, 2534, 2580, 2637, 2695, 2752, 2790, 2821, 2961, 3003, 3023, 3083, 3094, 3161, 3180, 3235, 3336, 3435, 3446, 3593, 3628, 3637, 3645, 3726, 3769, 3797, 3873, 3881, 3911, 3923, 3982, 4008, 4027, 4172, 4335, 4510, 4522, 4532, 4547, 4556, 4580, 4663, 4675, 4955, 5028, 5154, 5307, 5319, 5378, 5399, 5405, 5478, 5534, 5598, 5706, 5795, 5924, 5928, 6054, 6078, 6108, 6240, 6343, 6445, 6598, 6682, 6767, 6835, 6902, 6970, 6999, 7027, 7042, 7063, 7089, 7098, 7102, 7107, 7115, 7150, 7154, 7230, 7330, 7345, 7516, 7634, 7686, 7690, 7757, 7798, 7836, 7851, 8020, 8024, 8052, 8069, 8073, 8234, 8349, 8546, 8582, 8598, 8640, 8714, 8720, 8782, 8786, 8847, 8901, 8927, 8943, 8956, 9028, 9068, 9087, 9151, 9176, 9193, 9198, 9294, 9315, 9356, 9371, 9375, 9382, 9424, 9635, 9734, 9768, 9915, 10015, 10026, 10225, 10270, 10314, 10328, 10360, 10412, 10445, 10483, 10581, 10586, 10626, 10652, 10664, 10699, 10765, 10796, 10882, 10953, 10965, 10996, 11000, 11068, 11079, 11123, 11128, 11196, 11300, 11349, 11511, 11558, 11782, 11788, 11822, 11865, 11926, 12018, 12020, 12024, 12034, 12062, 12225, 12251]","[1227, 1553, 3023, 3336, 5405, 5598, 5924, 6240, 6445, 7150, 7634, 8069, 8782, 9151, 9371, 9768, 10015]","[8, 13, 55, 69, 95, 292, 353, 474, 507, 513, 543, 608, 614, 663, 728, 738, 771, 791, 856, 872, 1132, 1142, 1180, 1248, 1252, 1650, 1781, 1803, 1827, 1889, 1964, 1980, 2118, 2210, 2415, 2534, 2580, 2637, 2695, 2752, 2790, 2821, 2961, 3003, 3083, 3094, 3161, 3180, 3235, 3435, 3446, 3593, 3628, 3637, 3645, 3726, 3769, 3797, 3873, 3881, 3911, 3923, 3982, 4008, 4027, 4172, 4335, 4510, 4522, 4532, 4547, 4556, 4580, 4663, 4675, 4955, 5028, 5154, 5307, 5319, 5378, 5399, 5478, 5534, 5706, 5795, 5928, 6054, 6078, 6108, 6343, 6598, 6682, 6767, 6835, 6902, 6970, 6999, 7027, 7042, 7063, 7089, 7098, 7102, 7107, 7115, 7154, 7230, 7330, 7345, 7516, 7686, 7690, 7757, 7798, 7836, 7851, 8020, 8024, 8052, 8073, 8234, 8349, 8546, 8582, 8598, 8640, 8714, 8720, 8786, 8847, 8901, 8927, 8943, 8956, 9028, 9068, 9087, 9176, 9193, 9198, 9294, 9315, 9356, 9375, 9382, 9424, 9635, 9734, 9915, 10026, 10225, 10270, 10314, 10328, 10360, 10412, 10445, 10483, 10581, 10586, 10626, 10652, 10664, 10699, 10765, 10796, 10882, 10953, 10965, 10996, 11000, 11068, 11079, 11123, 11128, 11196, 11300, 11349, 11511, 11558, 11782, 11788, 11822, 11865, 11926, 12018, 12020, 12024, 12034, 12062, 12225, 12251]","[1227, 1553, 3023, 3336, 5405, 5598, 5924, 6240, 6445, 7150, 7634, 8069, 8782, 9151, 9371, 9768, 10015]",12255,210,12045,17,193,12045,0
1.5,HSGCSFG,"[82, 264, 404, 461, 537, 540, 690, 735, 739, 744, 748, 774, 894, 970, 983, 989, 1158, 1230, 1330, 1521, 1586, 1728, 1811, 1816, 1999, 2040, 2048, 2121, 2180, 2296, 2319, 2481, 2490, 2514, 2553, 2581, 2590, 2736, 2759, 2770, 2790, 2802, 2843]","[404, 744, 1230, 1521]","[82, 264, 461, 537, 540, 690, 735, 739, 748, 774, 894, 970, 983, 989, 1158, 1330, 1586, 1728, 1811, 1816, 1999, 2040, 2048, 2121, 2180, 2296, 2319, 2481, 2490, 2514, 2553, 2581, 2590, 2736, 2759, 2770, 2790, 2802, 2843]","[404, 744, 1230, 1521]",2952,43,2909,4,39,2909,0
1.5,HSGEBCMA,"[85, 141, 334, 586, 607, 639, 700, 766, 888, 970, 983, 988, 1036, 1050, 1082, 1137, 1194, 1206, 1294, 1349, 1496, 1508, 1545, 1642, 1648, 1697, 1743, 1831, 2106, 2128, 2292, 2331, 2386, 2430, 2528, 2538, 2587, 2679, 2766, 2797, 2804, 2820, 2989, 3169, 3234, 3273, 3279, 3292, 3352, 3409, 3441, 3489, 3552, 3607, 3650]","[607, 1496]","[85, 141, 334, 586, 639, 700, 766, 888, 970, 983, 988, 1036, 1050, 1082, 1137, 1194, 1206, 1294, 1349, 1508, 1545, 1642, 1648, 1697, 1743, 1831, 2106, 2128, 2292, 2331, 2386, 2430, 2528, 2538, 2587, 2679, 2766, 2797, 2804, 2820, 2989, 3169, 3234, 3273, 3279, 3292, 3352, 3409, 3441, 3489, 3552, 3607, 3650]","[607, 1496]",3711,55,3656,2,53,3656,0
1.5,HSGGL2,"[154, 164, 202, 212, 264, 433, 512, 547, 630, 632, 662, 773, 812, 882, 933, 1055, 1067, 1110, 1119, 1121, 1123, 1125, 1127, 1129, 1131, 1133, 1135, 1137, 1139, 1149, 1195, 1230, 1333, 1431, 1476, 1500]","[202, 547]","[154, 164, 212, 264, 433, 512, 630, 632, 662, 773, 812, 882, 933, 1055, 1067, 1110, 1119, 1121, 1123, 1125, 1127, 1129, 1131, 1133, 1135, 1137, 1139, 1149, 1195, 1230, 1333, 1431, 1476, 1500]","[202, 547]",1620,36,1584,2,34,1584,0
1.5,HSGLA,"[8, 75, 94, 149, 162, 181, 184, 302, 307, 350, 779, 821, 852, 860, 868, 885, 901, 937, 955, 995, 1002, 1102, 1174, 1374, 1388, 1422, 1798, 1822, 1826, 2011, 2037, 2072, 2148, 2178, 2244, 2339, 2359, 2363, 2370, 2432, 2440, 2444, 2472, 2483, 2494, 2499, 2541, 2830, 2840, 3129, 3131, 3192, 3380, 3422, 3424, 3717, 4028, 4032, 4062, 4106, 4143, 4149, 4165, 4224, 4267, 4397, 4435, 4469, 4608, 4694, 5022, 5040, 5093, 5153, 5160, 5269, 5308, 5320, 5405, 5419, 5451, 5474, 5500, 5510, 5563, 5575, 5717, 5731, 5821, 6208, 6399, 6672, 6706, 6740, 6767, 6784, 6884, 6958, 6983, 7136, 7164, 7169, 7241, 7420, 7447, 7500, 7628, 7846, 7915, 7998, 8012, 8044, 8167, 8378, 8413, 8421, 8445, 8565, 8843, 9335, 9641, 9921, 9981, 10089, 10100, 10154, 10293, 10329, 10359, 10369, 10395, 10453, 10509, 10549, 10654, 10692, 10708, 11096, 11146, 11184, 11400, 11432, 11472, 11689, 11761, 11766, 11832, 11840, 12112, 12151, 12168, 12200, 12244, 12322, 12358]","[1374, 5269, 7447, 8413, 10293, 10708]","[8, 75, 94, 149, 162, 181, 184, 302, 307, 350, 779, 821, 852, 860, 868, 885, 901, 937, 955, 995, 1002, 1102, 1174, 1388, 1422, 1798, 1822, 1826, 2011, 2037, 2072, 2148, 2178, 2244, 2339, 2359, 2363, 2370, 2432, 2440, 2444, 2472, 2483, 2494, 2499, 2541, 2830, 2840, 3129, 3131, 3192, 3380, 3422, 3424, 3717, 4028, 4032, 4062, 4106, 4143, 4149, 4165, 4224, 4267, 4397, 4435, 4469, 4608, 4694, 5022, 5040, 5093, 5153, 5160, 5308, 5320, 5405, 5419, 5451, 5474, 5500, 5510, 5563, 5575, 5717, 5731, 5821, 6208, 6399, 6672, 6706, 6740, 6767, 6784, 6884, 6958, 6983, 7136, 7164, 7169, 7241, 7420, 7500, 7628, 7846, 7915, 7998, 8012, 8044, 8167, 8378, 8421, 8445, 8565, 8843, 9335, 9641, 9921, 9981, 10089, 10100, 10154, 10329, 10359, 10369, 10395, 10453, 10509, 10549, 10654, 10692, 11096, 11146, 11184, 11400, 11432, 11472, 11689, 11761, 11766, 11832, 11840, 12112, 12151, 12168, 12200, 12244, 12322, 12358]","[1374, 5269, 7447, 8413, 10293, 10708]",12428,155,12273,6,149,12273,0
1.5,HSGROW2,"[12, 42, 92, 135, 175, 197, 211, 223, 243, 345, 433, 462, 471, 762, 781, 807, 899, 916, 951, 1091, 1276, 1349, 1485, 1558, 1740, 1808, 1819]","[345, 762, 1091, 1349]","[12, 42, 92, 135, 175, 197, 211, 223, 243, 433, 462, 471, 781, 807, 899, 916, 951, 1276, 1485, 1558, 1740, 1808, 1819]","[345, 762, 1091, 1349]",1956,27,1929,4,23,1929,0
1.5,HSGSTM4,"[18, 37, 41, 59, 73, 117, 163, 165, 167, 169, 171, 173, 175, 177, 179, 181, 183, 185, 187, 189, 207, 217, 228, 248, 267, 391, 462, 466, 522, 578, 679, 692, 778, 874, 878, 907, 1045, 1088, 1262, 1268, 1283, 1296, 1319, 1346, 1357, 1458, 1566, 1785, 1793, 2098, 2142, 2232, 2260, 2350, 2453, 2469, 2482, 2670, 2856, 2907, 2960, 3139, 3202, 3246, 3254, 3258, 3277, 3366, 3428, 3430, 3440, 3484, 3511, 3516, 3532, 3623, 3766, 3773, 3933, 3953, 3984, 3991, 4159, 4183, 4192, 4223, 4343, 4351, 4381, 4404, 4445, 4499, 4630, 4648, 4656, 4687]","[37, 391, 874, 1262, 1458, 2469, 2670]","[18, 41, 59, 73, 117, 163, 165, 167, 169, 171, 173, 175, 177, 179, 181, 183, 185, 187, 189, 207, 217, 228, 248, 267, 462, 466, 522, 578, 679, 692, 778, 878, 907, 1045, 1088, 1268, 1283, 1296, 1319, 1346, 1357, 1566, 1785, 1793, 2098, 2142, 2232, 2260, 2350, 2453, 2482, 2856, 2907, 2960, 3139, 3202, 3246, 3254, 3258, 3277, 3366, 3428, 3430, 3440, 3484, 3511, 3516, 3532, 3623, 3766, 3773, 3933, 3953, 3984, 3991, 4159, 4183, 4192, 4223, 4343, 4351, 4381, 4404, 4445, 4499, 4630, 4648, 4656, 4687]","[37, 391, 874, 1262, 1458, 2469, 2670]",4834,96,4738,7,89,4738,0
1.5,HSGTRH,"[143, 180, 190, 201, 442, 515, 536, 599, 778, 1000, 1193, 1251, 1293, 1301, 1553, 1615, 1810, 1847, 1927, 1965, 2111, 2205, 2322, 2429, 2431, 2457, 2502, 2703, 2809, 2814, 2930, 3093, 3141, 3434, 3732, 3816, 3826, 3862, 3910, 3949, 3976, 4142, 4341, 4537, 4747, 4911, 4930, 4969, 5399, 5548, 5598, 5640, 5645, 5711, 5758, 5766, 5904, 5921, 5926, 6087, 6094, 6217, 6244, 6256, 6275, 6449, 6552, 6635, 6762]","[2205, 3816]","[143, 180, 190, 201, 442, 515, 536, 599, 778, 1000, 1193, 1251, 1293, 1301, 1553, 1615, 1810, 1847, 1927, 1965, 2111, 2322, 2429, 2431, 2457, 2502, 2703, 2809, 2814, 2930, 3093, 3141, 3434, 3732, 3826, 3862, 3910, 3949, 3976, 4142, 4341, 4537, 4747, 4911, 4930, 4969, 5399, 5548, 5598, 5640, 5645, 5711, 5758, 5766, 5904, 5921, 5926, 6087, 6094, 6217, 6244, 6256, 6275, 6449, 6552, 6635, 6762]","[2205, 3816]",7216,69,7147,2,67,7147,0
1.5,HSHMG17G,"[25, 139, 156, 283, 400, 651, 845, 856, 911, 920, 925, 1043, 1117, 1198, 1269, 1405, 1483, 1488, 1521, 1528, 1538, 1548, 1595, 1643, 1685, 1776, 1793, 1798, 2037, 2061, 2083, 2279, 2300, 2335, 2409, 2524, 2589, 2656, 2905, 2927, 2941, 2946, 3089, 3131, 3134, 3190, 3235, 3318, 3403, 3415, 3473, 3483, 3620, 3626, 3705, 3795, 3808, 3889, 3898, 3905, 4021, 4098, 4162, 4342, 4348, 4410, 4469, 4553, 4594, 4647, 4815, 4833, 4854, 4887, 4921, 4929, 4940, 5014, 5030, 5035, 5067, 5073, 5351, 5468, 5494, 5594, 5600, 5637, 5821, 5882, 5887, 5920, 5937, 5946, 6007, 6047, 6061, 6255, 6271, 6297, 6302, 6442, 6511, 6556, 6844, 6865, 6906, 6924, 7062, 7087, 7100, 7183, 7188]","[2524, 3415, 3620, 4021, 4553]","[25, 139, 156, 283, 400, 651, 845, 856, 911, 920, 925, 1043, 1117, 1198, 1269, 1405, 1483, 1488, 1521, 1528, 1538, 1548, 1595, 1643, 1685, 1776, 1793, 1798, 2037, 2061, 2083, 2279, 2300, 2335, 2409, 2589, 2656, 2905, 2927, 2941, 2946, 3089, 3131, 3134, 3190, 3235, 3318, 3403, 3473, 3483, 3626, 3705, 3795, 3808, 3889, 3898, 3905, 4098, 4162, 4342, 4348, 4410, 4469, 4594, 4647, 4815, 4833, 4854, 4887, 4921, 4929, 4940, 5014, 5030, 5035, 5067, 5073, 5351, 5468, 5494, 5594, 5600, 5637, 5821, 5882, 5887, 5920, 5937, 5946, 6007, 6047, 6061, 6255, 6271, 6297, 6302, 6442, 6511, 6556, 6844, 6865, 6906, 6924, 7062, 7087, 7100, 7183, 7188]","[2524, 3415, 3620, 4021, 4553]",7187,113,7074,5,108,7074,0
1.5,HSHNRNPA,"[44, 49, 220, 271, 318, 458, 470, 481, 485, 628, 687, 707, 814, 868, 1086, 1159, 1287, 1294, 1494, 1518, 1549, 1661, 1751, 1789, 1830, 1858, 1891, 1936, 1940, 2040, 2100, 2114, 2185, 2201, 2291, 2295, 2319, 2337, 2405, 2421, 2481, 2511, 2530, 2606, 2615, 2660, 2664, 2723, 2794, 2836, 2869, 2927, 2949, 2988, 3069, 3229, 3233, 3249, 3256, 3295, 3316, 3328, 3536, 3559, 3602, 3773, 3821, 3926, 3962, 3967, 4083, 4252, 4312, 4316, 4578, 4685, 4763, 4833, 4847, 4884, 4889, 4914, 4932, 4954, 5114, 5159, 5254]","[814, 1494, 1936, 2295, 2481, 2660, 2869, 3962]","[44, 49, 220, 271, 318, 458, 470, 481, 485, 628, 687, 707, 868, 1086, 1159, 1287, 1294, 1518, 1549, 1661, 1751, 1789, 1830, 1858, 1891, 1940, 2040, 2100, 2114, 2185, 2201, 2291, 2319, 2337, 2405, 2421, 2511, 2530, 2606, 2615, 2664, 2723, 2794, 2836, 2927, 2949, 2988, 3069, 3229, 3233, 3249, 3256, 3295, 3316, 3328, 3536, 3559, 3602, 3773, 3821, 3926, 3967, 4083, 4252, 4312, 4316, 4578, 4685, 4763, 4833, 4847, 4884, 4889, 4914, 4932, 4954, 5114, 5159, 5254]","[814, 1494, 1936, 2295, 2481, 2660, 2869, 3962]",5360,87,5273,8,79,5273,0
1.5,HSHOX51,"[9, 117, 204, 210, 226, 268, 282, 340, 427, 460, 517, 578, 688, 698, 703, 752, 760, 795, 826, 841, 856, 862, 976, 1032, 1043, 1199, 1278, 1300, 1351, 1425, 1475, 1547, 1640, 1651, 1675, 1791, 1959, 2036, 2042, 2052, 2068, 2120, 2126, 2130, 2201, 2230, 2246, 2260, 2347, 2393, 2397, 2401, 2415, 2419, 2425, 2431, 2433, 2519, 2611, 2690, 2822, 2930, 3022, 3027, 3067, 3242, 3262, 3300, 3320, 3341, 3361, 3389, 3431, 3497, 3558, 3601, 3803, 3974, 3985, 4004, 4015, 4023, 4445, 4454, 4600, 4643, 4748, 4797, 4921, 4940, 5095, 5208, 5426, 5604, 5614, 5678, 5817, 5898, 6013, 6047, 6073, 6190, 6206, 6244, 6276]",[2052],"[9, 117, 204, 210, 226, 268, 282, 340, 427, 460, 517, 578, 688, 698, 703, 752, 760, 795, 826, 841, 856, 862, 976, 1032, 1043, 1199, 1278, 1300, 1351, 1425, 1475, 1547, 1640, 1651, 1675, 1791, 1959, 2036, 2042, 2068, 2120, 2126, 2130, 2201, 2230, 2246, 2260, 2347, 2393, 2397, 2401, 2415, 2419, 2425, 2431, 2433, 2519, 2611, 2690, 2822, 2930, 3022, 3027, 3067, 3242, 3262, 3300, 3320, 3341, 3361, 3389, 3431, 3497, 3558, 3601, 3803, 3974, 3985, 4004, 4015, 4023, 4445, 4454, 4600, 4643, 4748, 4797, 4921, 4940, 5095, 5208, 5426, 5604, 5614, 5678, 5817, 5898, 6013, 6047, 6073, 6190, 6206, 6244, 6276]",[2052],6297,105,6192,1,104,6192,0
1.5,HSHSC70,"[27, 31, 41, 54, 59, 63, 119, 198, 212, 229, 305, 332, 414, 416, 456, 470, 499, 575, 681, 689, 777, 852, 898, 913, 1062, 1091, 1194, 1245, 1313, 1368, 1419, 1449, 1456, 1488, 1644, 1716, 1773, 1778, 1790, 1895, 1923, 1931, 1952, 1973, 1988, 2052, 2149, 2190, 2250, 2305, 2337, 2377, 2427, 2533, 2550, 2563, 2587, 2781, 2887, 2893, 2902, 2938, 2948, 3031, 3188, 3203, 3230, 3293, 3307, 3662, 3692, 3734, 3773, 3793, 3841, 3908, 3964, 4079, 4114, 4169, 4197, 4253, 4325, 4329, 4343, 4379, 4519, 4735, 4819, 4910, 4919, 4929, 5017, 5141, 5145, 5194, 5228, 5253, 5291, 5330, 5378]","[1245, 1773, 2250, 2893, 3307, 3734, 4114]","[27, 31, 41, 54, 59, 63, 119, 198, 212, 229, 305, 332, 414, 416, 456, 470, 499, 575, 681, 689, 777, 852, 898, 913, 1062, 1091, 1194, 1313, 1368, 1419, 1449, 1456, 1488, 1644, 1716, 1778, 1790, 1895, 1923, 1931, 1952, 1973, 1988, 2052, 2149, 2190, 2305, 2337, 2377, 2427, 2533, 2550, 2563, 2587, 2781, 2887, 2902, 2938, 2948, 3031, 3188, 3203, 3230, 3293, 3662, 3692, 3773, 3793, 3841, 3908, 3964, 4079, 4169, 4197, 4253, 4325, 4329, 4343, 4379, 4519, 4735, 4819, 4910, 4919, 4929, 5017, 5141, 5145, 5194, 5228, 5253, 5291, 5330, 5378]","[1245, 1773, 2250, 2893, 3307, 3734, 4114]",5400,101,5299,7,94,5299,0
1.5,HSIFNAR,"[92, 109, 197, 329, 346, 352, 365, 394, 429, 485, 549, 568, 583, 587, 589, 591, 593, 595, 616, 631, 654, 669, 712, 724, 731, 830, 869, 1043, 1073, 1122, 1139, 1190, 1218, 1305, 1356, 1371, 1404, 1420, 1437, 1508, 1517, 1540, 1597, 1942, 2036, 2165, 2167, 2445, 2605, 2612, 2623, 2632, 2677, 2680, 2684, 2696, 2747, 2807, 2811, 2825, 2898, 2948, 2978, 2990, 3071, 3156, 3297, 3337, 3362, 3397, 3452, 3572, 3579, 3603, 3714, 3992, 4014, 4046, 4103, 4124, 4150, 4272, 4315, 4458, 4474, 4481, 4549, 4612, 4742, 4780, 4808, 4846, 5041, 5056, 5061, 5097, 5135, 5313, 5327, 5386, 5424, 5468, 5648, 5712, 5843, 6121, 6253, 6378, 6393, 6407, 6710, 6838, 6966, 7361, 7409, 7613, 7631, 7694, 7698, 7702, 7816, 7976, 8096, 8112, 8182, 8443, 8514, 8569, 8594, 9033, 9047, 9219, 9252, 9566, 9606, 9748, 9829, 9861, 9963, 9968, 10028, 10270, 10318, 10348, 10402, 10414, 10423, 10427, 10463, 10504, 10507, 10517, 10593, 10612, 10677, 10789, 10800, 10841, 11026, 11127, 11157, 11268, 11299, 11325, 11634, 11655, 11664, 11687, 11723, 11832, 12012, 12103, 12114, 12138, 12293, 12416, 12445, 12660, 12704, 12838, 13065, 13070, 13202, 13264, 13691, 13828, 13884, 14006, 14050, 14096, 14124, 14172, 14247, 14282, 14436, 14517, 14751, 14793, 14795, 14874, 14930, 14937, 14942, 15058, 15109, 15159, 15196, 15387, 15464, 15482, 15643, 15686, 16062, 16084, 16580, 16696, 16909, 16944, 17164, 17279, 17313, 17371, 17548, 17574, 17647, 17651, 17681, 17725, 17884, 17915, 17942, 17992, 18117, 18183, 18205, 18224, 18338, 18394, 18426, 18486, 18564, 18656, 18886, 18913, 19053, 19180, 19188, 19220, 19442, 19690, 19846, 19858, 19910, 19999, 20023, 20036, 20088, 20113, 20153, 20240, 20346, 20452, 20795, 20837, 20839, 21052, 21132, 21239, 21243, 21261, 21295, 21610, 21714, 21749, 21850, 21933, 22057, 22082, 22130, 22183, 22190, 22300, 22338, 22373, 22497, 22532, 22538, 22586, 22644, 22719, 22774, 23001, 23043, 23136, 23180, 23273, 23369, 23460, 23594, 23639, 23705, 23732, 23766, 23783, 23948, 23985, 24341, 24359, 24436, 24515, 24550, 24742, 24920, 24942, 24991, 25061, 25099, 25222, 25314, 25368, 25385, 25555, 25592, 25618, 25630, 25666, 25707, 25777, 26285, 26450, 26542, 26578, 26649, 26658, 26704, 26757, 26892, 26897, 26962, 27001, 27206, 27236, 27240, 27263, 27380, 27591, 27744, 27840, 27880, 27952, 27985, 28142, 28192, 28272, 28315, 28350, 28489, 28657, 28661, 28679, 28729, 28742, 28868, 29018, 29032, 29084, 29126, 29168, 29232, 29366, 29394, 29554, 29629, 29672, 29712, 29722, 29821, 29885, 29899, 30041, 30053, 30063, 30088, 30127, 30131, 30136, 30149, 30203, 30214, 30400, 30452, 30489, 30497, 30509, 30582, 30854, 30881, 30937, 30949, 30989, 30998, 31281, 31290, 31516, 31572, 31604, 31644, 31715, 31727, 31761, 31769, 31918, 31967, 32103, 32399, 32446, 32488, 32775]","[830, 11325, 16944, 19188, 19442, 21132, 25061, 25314, 28679, 29554]","[92, 109, 197, 329, 346, 352, 365, 394, 429, 485, 549, 568, 583, 587, 589, 591, 593, 595, 616, 631, 654, 669, 712, 724, 731, 869, 1043, 1073, 1122, 1139, 1190, 1218, 1305, 1356, 1371, 1404, 1420, 1437, 1508, 1517, 1540, 1597, 1942, 2036, 2165, 2167, 2445, 2605, 2612, 2623, 2632, 2677, 2680, 2684, 2696, 2747, 2807, 2811, 2825, 2898, 2948, 2978, 2990, 3071, 3156, 3297, 3337, 3362, 3397, 3452, 3572, 3579, 3603, 3714, 3992, 4014, 4046, 4103, 4124, 4150, 4272, 4315, 4458, 4474, 4481, 4549, 4612, 4742, 4780, 4808, 4846, 5041, 5056, 5061, 5097, 5135, 5313, 5327, 5386, 5424, 5468, 5648, 5712, 5843, 6121, 6253, 6378, 6393, 6407, 6710, 6838, 6966, 7361, 7409, 7613, 7631, 7694, 7698, 7702, 7816, 7976, 8096, 8112, 8182, 8443, 8514, 8569, 8594, 9033, 9047, 9219, 9252, 9566, 9606, 9748, 9829, 9861, 9963, 9968, 10028, 10270, 10318, 10348, 10402, 10414, 10423, 10427, 10463, 10504, 10507, 10517, 10593, 10612, 10677, 10789, 10800, 10841, 11026, 11127, 11157, 11268, 11299, 11634, 11655, 11664, 11687, 11723, 11832, 12012, 12103, 12114, 12138, 12293, 12416, 12445, 12660, 12704, 12838, 13065, 13070, 13202, 13264, 13691, 13828, 13884, 14006, 14050, 14096, 14124, 14172, 14247, 14282, 14436, 14517, 14751, 14793, 14795, 14874, 14930, 14937, 14942, 15058, 15109, 15159, 15196, 15387, 15464, 15482, 15643, 15686, 16062, 16084, 16580, 16696, 16909, 17164, 17279, 17313, 17371, 17548, 17574, 17647, 17651, 17681, 17725, 17884, 17915, 17942, 17992, 18117, 18183, 18205, 18224, 18338, 18394, 18426, 18486, 18564, 18656, 18886, 18913, 19053, 19180, 19220, 19690, 19846, 19858, 19910, 19999, 20023, 20036, 20088, 20113, 20153, 20240, 20346, 20452, 20795, 20837, 20839, 21052, 21239, 21243, 21261, 21295, 21610, 21714, 21749, 21850, 21933, 22057, 22082, 22130, 22183, 22190, 22300, 22338, 22373, 22497, 22532, 22538, 22586, 22644, 22719, 22774, 23001, 23043, 23136, 23180, 23273, 23369, 23460, 23594, 23639, 23705, 23732, 23766, 23783, 23948, 23985, 24341, 24359, 24436, 24515, 24550, 24742, 24920, 24942, 24991, 25099, 25222, 25368, 25385, 25555, 25592, 25618, 25630, 25666, 25707, 25777, 26285, 26450, 26542, 26578, 26649, 26658, 26704, 26757, 26892, 26897, 26962, 27001, 27206, 27236, 27240, 27263, 27380, 27591, 27744, 27840, 27880, 27952, 27985, 28142, 28192, 28272, 28315, 28350, 28489, 28657, 28661, 28729, 28742, 28868, 29018, 29032, 29084, 29126, 29168, 29232, 29366, 29394, 29629, 29672, 29712, 29722, 29821, 29885, 29899, 30041, 30053, 30063, 30088, 30127, 30131, 30136, 30149, 30203, 30214, 30400, 30452, 30489, 30497, 30509, 30582, 30854, 30881, 30937, 30949, 30989, 30998, 31281, 31290, 31516, 31572, 31604, 31644, 31715, 31727, 31761, 31769, 31918, 31967, 32103, 32399, 32446, 32488, 32775]","[830, 11325, 16944, 19188, 19442, 21132, 25061, 25314, 28679, 29554]",32898,418,32480,10,408,32480,0
1.5,HSIFNG,"[55, 63, 91, 98, 136, 149, 318, 343, 589, 679, 835, 867, 899, 955, 976, 1047, 1064, 1101, 1453, 1835, 1897, 1996, 2175, 2330, 2347, 2364, 2403, 2413, 2431, 2442, 2446, 2557, 2577, 2612, 2771, 3213, 3302, 3350, 3372, 3516, 3631, 3636, 3667, 3690, 3742, 3786, 3833, 3962, 4115, 4175, 4278, 4429, 4463, 4482, 4600, 4648, 4731, 4916, 5098, 5142, 5167, 5211, 5236, 5242, 5257, 5305, 5346, 5409, 5448, 5688, 5708, 5831, 5853, 5910]","[589, 1897, 2175]","[55, 63, 91, 98, 136, 149, 318, 343, 679, 835, 867, 899, 955, 976, 1047, 1064, 1101, 1453, 1835, 1996, 2330, 2347, 2364, 2403, 2413, 2431, 2442, 2446, 2557, 2577, 2612, 2771, 3213, 3302, 3350, 3372, 3516, 3631, 3636, 3667, 3690, 3742, 3786, 3833, 3962, 4115, 4175, 4278, 4429, 4463, 4482, 4600, 4648, 4731, 4916, 5098, 5142, 5167, 5211, 5236, 5242, 5257, 5305, 5346, 5409, 5448, 5688, 5708, 5831, 5853, 5910]","[589, 1897, 2175]",5953,74,5879,3,71,5879,0
1.5,HSIL1AG,"[20, 48, 332, 730, 748, 762, 826, 916, 1188, 1213, 1299, 1347, 1383, 1489, 1617, 1730, 1830, 1987, 2208, 2441, 2595, 2641, 2797, 2949, 2992, 3019, 3054, 3067, 3103, 3165, 3215, 3229, 3356, 3474, 3519, 3535, 3576, 3631, 3708, 3719, 3939, 4118, 4326, 4373, 4447, 4554, 4565, 4687, 4840, 4847, 5019, 5138, 5155, 5318, 5343, 5512, 5548, 5552, 5580, 5620, 5965, 6116, 6306, 6392, 6433, 6662, 6821, 6842, 6888, 7173, 7384, 7604, 7622, 7666, 7681, 7814, 7830, 7868, 7897, 7940, 8025, 8132, 8510, 8514, 8526, 8601, 8615, 8846, 8873, 8891, 8931, 8943, 8977, 8989, 9023, 9035, 9069, 9081, 9115, 9174, 9290, 9431, 9436, 9539, 9685, 9719, 9775, 9781, 9783, 9785, 9789, 9795, 9797, 9799, 9801, 9875, 10013, 10122, 10321, 10324, 10428, 10487, 10545, 10572, 10592, 10633, 11038, 11229, 11338, 11360, 11518, 11686, 11703, 11793, 11936]","[2208, 3215, 4326, 6433, 7940]","[20, 48, 332, 730, 748, 762, 826, 916, 1188, 1213, 1299, 1347, 1383, 1489, 1617, 1730, 1830, 1987, 2441, 2595, 2641, 2797, 2949, 2992, 3019, 3054, 3067, 3103, 3165, 3229, 3356, 3474, 3519, 3535, 3576, 3631, 3708, 3719, 3939, 4118, 4373, 4447, 4554, 4565, 4687, 4840, 4847, 5019, 5138, 5155, 5318, 5343, 5512, 5548, 5552, 5580, 5620, 5965, 6116, 6306, 6392, 6662, 6821, 6842, 6888, 7173, 7384, 7604, 7622, 7666, 7681, 7814, 7830, 7868, 7897, 8025, 8132, 8510, 8514, 8526, 8601, 8615, 8846, 8873, 8891, 8931, 8943, 8977, 8989, 9023, 9035, 9069, 9081, 9115, 9174, 9290, 9431, 9436, 9539, 9685, 9719, 9775, 9781, 9783, 9785, 9789, 9795, 9797, 9799, 9801, 9875, 10013, 10122, 10321, 10324, 10428, 10487, 10545, 10572, 10592, 10633, 11038, 11229, 11338, 11360, 11518, 11686, 11703, 11793, 11936]","[2208, 3215, 4326, 6433, 7940]",11962,135,11827,5,130,11827,0
1.5,HSIL1B,"[74, 567, 680, 735, 767, 821, 865, 935, 1268, 1296, 1352, 1379, 1446, 1515, 1551, 1565, 1585, 1636, 1710, 1855, 2006, 2073, 2165, 2240, 2466, 2490, 2506, 2528, 2550, 2646, 2653, 2804, 2861, 2894, 2949, 2963, 3144, 3235, 3269, 3339, 3365, 3565, 3879, 3903, 3916, 4058, 4234, 4276, 4293, 4383, 4393, 4477, 4485, 4492, 4496, 4505, 4554, 4559, 4749, 4833, 5220, 5327, 5427, 5584, 5599, 5657, 5783, 5927, 5975, 6039, 6145, 6361, 6476, 6486, 6530, 6550, 6555, 6576, 6626, 6725, 6728, 6876, 6896, 6973, 7121, 7166, 7196, 7225, 7311, 7357, 7406, 7538, 7849, 8022, 8033, 8237, 8348, 8422, 8482, 8812, 8995, 9010, 9058, 9336, 9348, 9353, 9556, 9692, 9716]","[2528, 3144, 5327, 6039, 7406]","[74, 567, 680, 735, 767, 821, 865, 935, 1268, 1296, 1352, 1379, 1446, 1515, 1551, 1565, 1585, 1636, 1710, 1855, 2006, 2073, 2165, 2240, 2466, 2490, 2506, 2550, 2646, 2653, 2804, 2861, 2894, 2949, 2963, 3235, 3269, 3339, 3365, 3565, 3879, 3903, 3916, 4058, 4234, 4276, 4293, 4383, 4393, 4477, 4485, 4492, 4496, 4505, 4554, 4559, 4749, 4833, 5220, 5427, 5584, 5599, 5657, 5783, 5927, 5975, 6145, 6361, 6476, 6486, 6530, 6550, 6555, 6576, 6626, 6725, 6728, 6876, 6896, 6973, 7121, 7166, 7196, 7225, 7311, 7357, 7538, 7849, 8022, 8033, 8237, 8348, 8422, 8482, 8812, 8995, 9010, 9058, 9336, 9348, 9353, 9556, 9692, 9716]","[2528, 3144, 5327, 6039, 7406]",9703,109,9594,5,104,9594,0
1.5,HSINT2,"[47, 54, 58, 181, 349, 439, 477, 516, 533, 626, 1094, 1156, 1285, 1347, 1689, 1833, 1856, 1879, 1899, 1982, 2070, 2079, 2113, 2173, 2267, 2297, 2467, 2561, 2564, 2572, 2589, 2629, 2788, 2792, 2867, 3073, 3150, 3155, 3178, 3189, 3197, 3282, 3323, 3328, 3361, 3405, 3420, 3445, 3471, 3509, 3549, 3567, 3571, 3592, 3627, 3653, 3742, 3790, 3859, 4110, 4136, 4140, 4167, 4173, 4189, 4327, 4880, 4923, 5111, 5327, 5335, 5386, 5517, 6386, 6546, 6631, 6819, 6824, 6954, 7226, 7235, 7303, 7336, 7341, 7506, 7600, 7816, 7837, 7883, 7986, 7992, 8109, 8132, 8196, 8531, 8668, 8934, 8967, 8973, 9056, 9072, 9214, 9256, 9271, 9281, 9288, 9331, 9416, 9443, 9459, 9480, 9582, 9738, 9800, 9804, 9949, 10034, 10085, 10131, 10152, 10162, 10173, 10175, 10177, 10181, 10216, 10228, 10232, 10255, 10263, 10273, 10279, 10281, 10283, 10295, 10314, 10316, 10318, 10326, 10328, 10330, 10332, 10334, 10336, 10338, 10340, 10342, 10344, 10346, 10348, 10350, 10458, 10533, 10584, 10644, 10708, 10736, 10775, 10805, 10820, 10865, 10943, 10994, 11007, 11019, 11044, 11125, 11148, 11296, 11327, 11427, 11429, 11512, 11551, 11562]","[1156, 3549]","[47, 54, 58, 181, 349, 439, 477, 516, 533, 626, 1094, 1285, 1347, 1689, 1833, 1856, 1879, 1899, 1982, 2070, 2079, 2113, 2173, 2267, 2297, 2467, 2561, 2564, 2572, 2589, 2629, 2788, 2792, 2867, 3073, 3150, 3155, 3178, 3189, 3197, 3282, 3323, 3328, 3361, 3405, 3420, 3445, 3471, 3509, 3567, 3571, 3592, 3627, 3653, 3742, 3790, 3859, 4110, 4136, 4140, 4167, 4173, 4189, 4327, 4880, 4923, 5111, 5327, 5335, 5386, 5517, 6386, 6546, 6631, 6819, 6824, 6954, 7226, 7235, 7303, 7336, 7341, 7506, 7600, 7816, 7837, 7883, 7986, 7992, 8109, 8132, 8196, 8531, 8668, 8934, 8967, 8973, 9056, 9072, 9214, 9256, 9271, 9281, 9288, 9331, 9416, 9443, 9459, 9480, 9582, 9738, 9800, 9804, 9949, 10034, 10085, 10131, 10152, 10162, 10173, 10175, 10177, 10181, 10216, 10228, 10232, 10255, 10263, 10273, 10279, 10281, 10283, 10295, 10314, 10316, 10318, 10326, 10328, 10330, 10332, 10334, 10336, 10338, 10340, 10342, 10344, 10346, 10348, 10350, 10458, 10533, 10584, 10644, 10708, 10736, 10775, 10805, 10820, 10865, 10943, 10994, 11007, 11019, 11044, 11125, 11148, 11296, 11327, 11427, 11429, 11512, 11551, 11562]","[1156, 3549]",11600,175,11425,2,173,11425,0
1.5,HSL7A,"[9, 122, 199, 225, 229, 291, 420, 1133, 1165, 1207, 1282, 1288, 1369, 1408, 1524, 1623, 1789, 1989, 2073, 2077, 2108, 2193, 2214, 2234, 2302, 2340, 2370, 2398, 2488, 2564, 2576, 2600, 2646, 2776, 2797, 2824, 2867, 2918, 2921, 2944, 3065, 3103, 3127, 3149, 3211, 3230, 3259, 3525, 3726, 3768, 3881, 3886, 4052, 4134, 4164, 4205, 4237, 4241, 4255, 4259, 4268, 4310, 4339, 4564, 4572, 4723, 4738, 4781, 4919, 5073, 5158, 5216, 5323, 5374, 5463]","[2073, 2867, 3525, 3881, 4164, 4572, 4919]","[9, 122, 199, 225, 229, 291, 420, 1133, 1165, 1207, 1282, 1288, 1369, 1408, 1524, 1623, 1789, 1989, 2077, 2108, 2193, 2214, 2234, 2302, 2340, 2370, 2398, 2488, 2564, 2576, 2600, 2646, 2776, 2797, 2824, 2918, 2921, 2944, 3065, 3103, 3127, 3149, 3211, 3230, 3259, 3726, 3768, 3886, 4052, 4134, 4205, 4237, 4241, 4255, 4259, 4268, 4310, 4339, 4564, 4723, 4738, 4781, 5073, 5158, 5216, 5323, 5374, 5463]","[2073, 2867, 3525, 3881, 4164, 4572, 4919]",5498,75,5423,7,68,5423,0
1.5,HSLCATG,"[24, 48, 57, 64, 73, 164, 333, 361, 372, 466, 819, 863, 867, 991, 1117, 1178, 1223, 1261, 1352, 1485, 1576, 1590, 1620, 1629, 1636, 1663, 1672, 1704, 1777, 1881, 2076, 2114, 2149, 2171, 2187, 2229, 2266, 2296, 2305, 2387, 2574, 2609, 2771, 2775, 2805, 2831, 3038, 3424, 3577, 3716, 3893, 3895, 3905, 3973, 3991, 4057, 4156, 4200, 4210, 4283, 4458, 4608, 4654, 4674, 4704, 4730, 4790, 4794, 4812, 4823, 4968, 5051, 5147, 5200, 5320, 5331, 5372, 5396, 5435, 5638, 5649, 5873, 5914, 5920, 5932, 5945, 5972, 6016, 6028, 6060, 6106, 6184, 6317, 6357, 6362, 6402, 6420, 6496, 6562, 6574, 6664, 6705, 6743, 6756, 6822]","[991, 1881, 2076, 2266, 2574]","[24, 48, 57, 64, 73, 164, 333, 361, 372, 466, 819, 863, 867, 1117, 1178, 1223, 1261, 1352, 1485, 1576, 1590, 1620, 1629, 1636, 1663, 1672, 1704, 1777, 2114, 2149, 2171, 2187, 2229, 2296, 2305, 2387, 2609, 2771, 2775, 2805, 2831, 3038, 3424, 3577, 3716, 3893, 3895, 3905, 3973, 3991, 4057, 4156, 4200, 4210, 4283, 4458, 4608, 4654, 4674, 4704, 4730, 4790, 4794, 4812, 4823, 4968, 5051, 5147, 5200, 5320, 5331, 5372, 5396, 5435, 5638, 5649, 5873, 5914, 5920, 5932, 5945, 5972, 6016, 6028, 6060, 6106, 6184, 6317, 6357, 6362, 6402, 6420, 6496, 6562, 6574, 6664, 6705, 6743, 6756, 6822]","[991, 1881, 2076, 2266, 2574]",6893,105,6788,5,100,6788,0
1.5,HSMECDAG,"[93, 230, 298, 336, 387, 453, 471, 529, 716, 873, 884, 911, 923, 999, 1042, 1153, 1198, 1223, 1333, 1354, 1393, 1430, 1456, 1595, 1641, 1669, 1805, 1988, 2056, 2077, 2149, 2208, 2210, 2239, 2337, 2352, 2439, 2517, 2544, 2584, 2588, 2593, 2597, 2601, 2616, 2655, 2727, 2737, 2776, 2814, 2827, 2870, 2966, 2970, 2994, 3027, 3032, 3072, 3090, 3122, 3162, 3170, 3202, 3245, 3353, 3413, 3499, 3506, 3544, 3560, 3617, 3626, 3661, 3666, 3673, 3719, 3736, 3852, 3893, 3925, 3939, 3953, 3955, 3986, 4068, 4095, 4100, 4219, 4334, 4352, 4361]","[1393, 2517, 2776, 2966, 3544, 3852]","[93, 230, 298, 336, 387, 453, 471, 529, 716, 873, 884, 911, 923, 999, 1042, 1153, 1198, 1223, 1333, 1354, 1430, 1456, 1595, 1641, 1669, 1805, 1988, 2056, 2077, 2149, 2208, 2210, 2239, 2337, 2352, 2439, 2544, 2584, 2588, 2593, 2597, 2601, 2616, 2655, 2727, 2737, 2814, 2827, 2870, 2970, 2994, 3027, 3032, 3072, 3090, 3122, 3162, 3170, 3202, 3245, 3353, 3413, 3499, 3506, 3560, 3617, 3626, 3661, 3666, 3673, 3719, 3736, 3893, 3925, 3939, 3953, 3955, 3986, 4068, 4095, 4100, 4219, 4334, 4352, 4361]","[1393, 2517, 2776, 2966, 3544, 3852]",4362,91,4271,6,85,4271,0
1.5,HSMED,"[36, 46, 52, 139, 277, 307, 324, 360, 377, 413, 430, 466, 483, 519, 578, 594, 619, 636, 710, 789, 812, 840, 896, 967, 1197, 1354, 1434, 1460, 1506, 1568, 1592, 1618, 1673, 1693, 1704, 1774, 1916, 1943, 1959, 1989, 1993, 1998, 2002, 2186, 2240, 2282, 2315, 2366, 2383, 2407, 2420, 2441, 2472, 2962, 3142, 3154, 3159, 3232, 3240, 3244, 3250, 3315, 3388, 3529, 3899, 3945, 4051, 4294, 4355, 4359, 4451, 4493, 4515, 4521, 4563, 4606, 4638, 4644, 4647, 4686, 4716, 4762, 4821, 4833, 4987, 5214, 5218, 5222]","[1354, 1943, 2315, 4716]","[36, 46, 52, 139, 277, 307, 324, 360, 377, 413, 430, 466, 483, 519, 578, 594, 619, 636, 710, 789, 812, 840, 896, 967, 1197, 1434, 1460, 1506, 1568, 1592, 1618, 1673, 1693, 1704, 1774, 1916, 1959, 1989, 1993, 1998, 2002, 2186, 2240, 2282, 2366, 2383, 2407, 2420, 2441, 2472, 2962, 3142, 3154, 3159, 3232, 3240, 3244, 3250, 3315, 3388, 3529, 3899, 3945, 4051, 4294, 4355, 4359, 4451, 4493, 4515, 4521, 4563, 4606, 4638, 4644, 4647, 4686, 4762, 4821, 4833, 4987, 5214, 5218, 5222]","[1354, 1943, 2315, 4716]",5284,88,5196,4,84,5196,0
1.5,HSMT1H,"[20, 72, 196, 238, 367, 383, 396, 442, 474, 496, 544, 567, 632, 636, 641, 649, 816, 1047, 1128, 1231, 1358, 1409, 1475, 1479, 1518, 1615, 1835, 1934, 2078, 2125]","[816, 1475]","[20, 72, 196, 238, 367, 383, 396, 442, 474, 496, 544, 567, 632, 636, 641, 649, 1047, 1128, 1231, 1358, 1409, 1479, 1518, 1615, 1835, 1934, 2078, 2125]","[816, 1475]",2134,30,2104,2,28,2104,0
1.5,HSNCAMX1,"[188, 280, 454, 638, 770, 774, 817, 846, 919, 934, 1143, 1147, 1174, 1256, 1266, 1352, 1502, 1518, 1550, 1609, 1737, 1764, 1787, 1794, 1975, 2111, 2177, 2183, 2245, 2271, 2302, 2310, 2350, 2373, 2381, 2419, 2427, 2464, 2470, 2474, 2486, 2504, 2519, 2537, 2557, 2576, 2583, 2585, 2737, 2791, 2808, 2868, 2898, 2917, 2958, 2974, 3004, 3025, 3161, 3655, 3718, 3743, 3748, 3879, 3964, 4077, 4142, 4157, 4190, 4322, 4385, 4608, 4671, 4748, 4750, 4778, 5015, 5065, 5075, 5218, 5264, 5461, 5488, 5515, 5830, 5916, 6024, 6051, 6177, 6192, 6218, 6233, 6247, 6279, 6315, 6319, 6340, 6440, 6582, 6837, 6983, 7022, 7061, 7076, 7228, 7251, 7296, 7316, 7342, 7444, 7569, 7619, 7640, 7727, 7764, 7774, 7785, 7795, 7852, 8033, 8058, 8088, 8107, 8171, 8177, 8198, 8215, 8454, 8529, 8546, 8552, 8809, 8967, 8978, 9025, 9034, 9061, 9068, 9077, 9083, 9098, 9248, 9325, 9349, 9369, 9373, 9474, 9486, 9522, 9571, 9670, 9724, 9743, 9863, 10015, 10066, 10087, 10153, 10269, 10317, 10424, 10507, 10537, 10544, 10694, 10722, 10803, 10897, 10962, 10972, 10979, 11249, 11316, 11441, 11474, 11478, 11509, 11599, 11625, 11640, 11667, 11698, 11710, 11726, 11800, 11806, 11829, 11870, 11875, 11939, 12005, 12072, 12283, 12287, 12313, 12467, 12508, 12519, 12550, 12702, 12786, 12792, 12815, 12902, 12924, 12957, 13030, 13049, 13302, 13357, 13408, 13487, 13505, 13609, 13684, 13743, 13774, 13819, 13843, 13887, 13893, 13909, 13913, 13980, 14002, 14016, 14055, 14064, 14543, 14600, 14616, 14936, 14990, 15056, 15078, 15353, 15542, 15553, 15602, 15745, 15907, 15914, 15945, 16237, 16257]","[1609, 4142, 4778, 5218, 6315, 6582, 6983, 7316, 7569, 7852, 8529, 8809, 9068, 9373, 9571, 10015, 10317, 10722, 11667, 12072, 12283, 12550, 12786, 13049, 13487, 13893, 14002]","[188, 280, 454, 638, 770, 774, 817, 846, 919, 934, 1143, 1147, 1174, 1256, 1266, 1352, 1502, 1518, 1550, 1737, 1764, 1787, 1794, 1975, 2111, 2177, 2183, 2245, 2271, 2302, 2310, 2350, 2373, 2381, 2419, 2427, 2464, 2470, 2474, 2486, 2504, 2519, 2537, 2557, 2576, 2583, 2585, 2737, 2791, 2808, 2868, 2898, 2917, 2958, 2974, 3004, 3025, 3161, 3655, 3718, 3743, 3748, 3879, 3964, 4077, 4157, 4190, 4322, 4385, 4608, 4671, 4748, 4750, 5015, 5065, 5075, 5264, 5461, 5488, 5515, 5830, 5916, 6024, 6051, 6177, 6192, 6218, 6233, 6247, 6279, 6319, 6340, 6440, 6837, 7022, 7061, 7076, 7228, 7251, 7296, 7342, 7444, 7619, 7640, 7727, 7764, 7774, 7785, 7795, 8033, 8058, 8088, 8107, 8171, 8177, 8198, 8215, 8454, 8546, 8552, 8967, 8978, 9025, 9034, 9061, 9077, 9083, 9098, 9248, 9325, 9349, 9369, 9474, 9486, 9522, 9670, 9724, 9743, 9863, 10066, 10087, 10153, 10269, 10424, 10507, 10537, 10544, 10694, 10803, 10897, 10962, 10972, 10979, 11249, 11316, 11441, 11474, 11478, 11509, 11599, 11625, 11640, 11698, 11710, 11726, 11800, 11806, 11829, 11870, 11875, 11939, 12005, 12287, 12313, 12467, 12508, 12519, 12702, 12792, 12815, 12902, 12924, 12957, 13030, 13302, 13357, 13408, 13505, 13609, 13684, 13743, 13774, 13819, 13843, 13887, 13909, 13913, 13980, 14016, 14055, 14064, 14543, 14600, 14616, 14936, 14990, 15056, 15078, 15353, 15542, 15553, 15602, 15745, 15907, 15914, 15945, 16237, 16257]","[1609, 4142, 4778, 5218, 6315, 6582, 6983, 7316, 7569, 7852, 8529, 8809, 9068, 9373, 9571, 10015, 10317, 10722, 11667, 12072, 12283, 12550, 12786, 13049, 13487, 13893, 14002]",16280,245,16035,27,218,16035,0
1.5,HSNFM,"[21, 56, 163, 185, 242, 254, 300, 362, 417, 432, 606, 712, 790, 820, 1096, 1188, 1231, 1252, 1393, 1411, 1432, 1465, 1507, 1698, 1737, 1741, 1822, 1957, 2116, 2243, 2269, 2311, 2315, 2398, 2422, 2433, 2591, 2669, 2675, 2691, 2768, 2917, 3230, 3325, 3355, 3371, 3422, 3572, 3746, 3751, 3772, 3782, 3838, 3849, 3863, 3917, 3940, 4020, 4101, 4121, 4337, 4491, 4575, 4619, 4886, 4896, 4952, 5012, 5036, 5057, 5063, 5148, 5172, 5216, 5234, 5262, 5334, 5343, 5360, 5372, 5388, 5403, 5498, 5573, 5603, 5701, 5744, 5829, 5914, 6210]","[1822, 2675]","[21, 56, 163, 185, 242, 254, 300, 362, 417, 432, 606, 712, 790, 820, 1096, 1188, 1231, 1252, 1393, 1411, 1432, 1465, 1507, 1698, 1737, 1741, 1957, 2116, 2243, 2269, 2311, 2315, 2398, 2422, 2433, 2591, 2669, 2691, 2768, 2917, 3230, 3325, 3355, 3371, 3422, 3572, 3746, 3751, 3772, 3782, 3838, 3849, 3863, 3917, 3940, 4020, 4101, 4121, 4337, 4491, 4575, 4619, 4886, 4896, 4952, 5012, 5036, 5057, 5063, 5148, 5172, 5216, 5234, 5262, 5334, 5343, 5360, 5372, 5388, 5403, 5498, 5573, 5603, 5701, 5744, 5829, 5914, 6210]","[1822, 2675]",6228,90,6138,2,88,6138,0
1.5,HSODCG,"[213, 362, 376, 449, 455, 591, 603, 661, 735, 759, 785, 1002, 1084, 1086, 1192, 1361, 1392, 1494, 1498, 1577, 1589, 1648, 1695, 1913, 1938, 1984, 2145, 2200, 2374, 2393, 2483, 2532, 2561, 2612, 2649, 2751, 2829, 2847, 2912, 2956, 3007, 3029, 3098, 3136, 3140, 3172, 3211, 3242, 3256, 3288, 3411, 3446, 3454, 3567, 3617, 3662, 3707, 3745, 3826, 3920, 3968, 4103, 4192, 4323, 4343, 4421, 4426, 4433, 4445, 4456, 4534, 4581, 4601, 4649, 4696, 4771, 4866, 4870, 4927, 4941, 5028, 5282, 5286, 5348, 5421, 5432, 5447, 5558, 5571, 5633, 5815, 5829, 5849, 5872, 5893, 6004, 6161, 6164, 6211, 6253, 6298, 6336, 6378, 6421, 6579, 6597, 6685, 6735, 6878, 6896, 7002, 7111, 7208, 7285, 7306, 7359, 7451, 7481, 7501, 7505, 7614, 7618, 7638, 7836, 7881, 7971, 8016, 8052, 8059, 8090, 8188, 8214, 8346, 8410, 8461, 8495, 8501, 8721, 8758, 8789, 8822, 8842, 8854, 8887, 8957, 9013]","[4192, 4649, 5028, 5421, 5633, 5893, 7111, 7306, 7614]","[213, 362, 376, 449, 455, 591, 603, 661, 735, 759, 785, 1002, 1084, 1086, 1192, 1361, 1392, 1494, 1498, 1577, 1589, 1648, 1695, 1913, 1938, 1984, 2145, 2200, 2374, 2393, 2483, 2532, 2561, 2612, 2649, 2751, 2829, 2847, 2912, 2956, 3007, 3029, 3098, 3136, 3140, 3172, 3211, 3242, 3256, 3288, 3411, 3446, 3454, 3567, 3617, 3662, 3707, 3745, 3826, 3920, 3968, 4103, 4323, 4343, 4421, 4426, 4433, 4445, 4456, 4534, 4581, 4601, 4696, 4771, 4866, 4870, 4927, 4941, 5282, 5286, 5348, 5432, 5447, 5558, 5571, 5815, 5829, 5849, 5872, 6004, 6161, 6164, 6211, 6253, 6298, 6336, 6378, 6421, 6579, 6597, 6685, 6735, 6878, 6896, 7002, 7208, 7285, 7359, 7451, 7481, 7501, 7505, 7618, 7638, 7836, 7881, 7971, 8016, 8052, 8059, 8090, 8188, 8214, 8346, 8410, 8461, 8495, 8501, 8721, 8758, 8789, 8822, 8842, 8854, 8887, 8957, 9013]","[4192, 4649, 5028, 5421, 5633, 5893, 7111, 7306, 7614]",9035,146,8889,9,137,8889,0
1.5,HSODF2,"[4, 25, 97, 128, 131, 158, 171, 250, 269, 331, 381, 387, 438, 600, 633, 722, 802, 890, 907, 913, 949, 964, 993, 1017, 1078, 1256, 1277, 1307, 1375, 1379]",[600],"[4, 25, 97, 128, 131, 158, 171, 250, 269, 331, 381, 387, 438, 633, 722, 802, 890, 907, 913, 949, 964, 993, 1017, 1078, 1256, 1277, 1307, 1375, 1379]",[600],1422,30,1392,1,29,1392,0
1.5,HSPAT133,"[273, 313, 318, 393, 558, 602, 654, 762, 785, 794, 1068, 1126, 1173, 1208, 1212, 1447, 1578, 1632, 1666, 1707, 1760, 1778, 1782, 1801, 1889, 1961, 2207, 2226, 2347, 2366, 2413, 2531, 2627, 2695, 2737, 2860, 2872, 2995, 3034, 3036, 3085, 3420, 3574, 3711]",[1447],"[273, 313, 318, 393, 558, 602, 654, 762, 785, 794, 1068, 1126, 1173, 1208, 1212, 1578, 1632, 1666, 1707, 1760, 1778, 1782, 1801, 1889, 1961, 2207, 2226, 2347, 2366, 2413, 2531, 2627, 2695, 2737, 2860, 2872, 2995, 3034, 3036, 3085, 3420, 3574, 3711]",[1447],3712,44,3668,1,43,3668,0
1.5,HSPLAPL,"[9, 24, 33, 191, 215, 218, 351, 403, 533, 593, 599, 603, 728, 808, 827, 889, 1073, 1167, 1192, 1197, 1209, 1214, 1225]","[403, 599, 827]","[9, 24, 33, 191, 215, 218, 351, 533, 593, 603, 728, 808, 889, 1073, 1167, 1192, 1197, 1209, 1214, 1225]","[403, 599, 827]",1274,23,1251,3,20,1251,0
1.5,HSPRB3L,"[7, 279, 356, 386, 415, 519, 523, 566, 592, 616, 743, 789, 825, 840, 873, 896, 1097, 1103, 1216, 1319, 1374, 1407, 1412, 1443, 1466, 1537, 1755, 1969, 2002, 2069, 2934, 3083, 3376, 3584, 3921, 3992, 4005, 4014, 4085, 4142, 4236]","[566, 1537]","[7, 279, 356, 386, 415, 519, 523, 592, 616, 743, 789, 825, 840, 873, 896, 1097, 1103, 1216, 1319, 1374, 1407, 1412, 1443, 1466, 1755, 1969, 2002, 2069, 2934, 3083, 3376, 3584, 3921, 3992, 4005, 4014, 4085, 4142, 4236]","[566, 1537]",4508,41,4467,2,39,4467,0
1.5,HSPRB4S,"[34, 70, 97, 411, 487, 515, 518, 542, 646, 687, 693, 719, 741, 750, 868, 913, 947, 995, 1018, 1049, 1058, 1223, 1276, 1280, 1338, 1441, 1529, 1534, 1565, 1587, 1658, 1875, 2095, 2128, 2384, 2495, 2812, 2957, 3058, 3462, 3523, 3800, 3838, 3889, 3999, 4301, 4373, 4504, 5054, 5204, 5381, 5463, 5532, 5652, 5694]","[693, 1658]","[34, 70, 97, 411, 487, 515, 518, 542, 646, 687, 719, 741, 750, 868, 913, 947, 995, 1018, 1049, 1058, 1223, 1276, 1280, 1338, 1441, 1529, 1534, 1565, 1587, 1875, 2095, 2128, 2384, 2495, 2812, 2957, 3058, 3462, 3523, 3800, 3838, 3889, 3999, 4301, 4373, 4504, 5054, 5204, 5381, 5463, 5532, 5652, 5694]","[693, 1658]",5805,55,5750,2,53,5750,0
1.5,HSPSAG,"[46, 75, 163, 174, 233, 280, 292, 403, 434, 447, 462, 806, 872, 1406, 1759, 1804, 1815, 1848, 1852, 1878, 1977, 1995, 2084, 2112, 2204, 2339, 2383, 2397, 2428, 2551, 2586, 2594, 2679, 2683, 2687, 2695, 2834, 3144, 3484, 3497, 3535, 3544, 3611, 3676, 3682, 3764, 3782, 3866, 3929, 3960, 3964, 3987, 4044, 4080, 4368, 4427, 4456, 4493, 4499, 4630, 4648, 4741, 4775, 4971, 5051, 5079, 5088, 5340, 5414, 5438, 5444, 5456, 5518, 5666, 5668, 5710, 5865]","[447, 1848, 3764, 4044]","[46, 75, 163, 174, 233, 280, 292, 403, 434, 462, 806, 872, 1406, 1759, 1804, 1815, 1852, 1878, 1977, 1995, 2084, 2112, 2204, 2339, 2383, 2397, 2428, 2551, 2586, 2594, 2679, 2683, 2687, 2695, 2834, 3144, 3484, 3497, 3535, 3544, 3611, 3676, 3682, 3782, 3866, 3929, 3960, 3964, 3987, 4080, 4368, 4427, 4456, 4493, 4499, 4630, 4648, 4741, 4775, 4971, 5051, 5079, 5088, 5340, 5414, 5438, 5444, 5456, 5518, 5666, 5668, 5710, 5865]","[447, 1848, 3764, 4044]",5865,77,5788,4,73,5788,0
1.5,HSRPII145,"[23, 274, 276, 423, 427, 449, 467, 532, 545, 588, 695, 799, 844, 908, 968, 1071, 1086, 1097, 1102, 1143, 1157, 1181, 1219, 1233, 1302, 1306, 1350, 1378, 1489, 1535, 1561, 1583, 1598, 1610, 1615, 1619, 1641, 1664, 1688, 1729, 1754, 1894]","[449, 588, 908, 1071, 1233]","[23, 274, 276, 423, 427, 467, 532, 545, 695, 799, 844, 968, 1086, 1097, 1102, 1143, 1157, 1181, 1219, 1302, 1306, 1350, 1378, 1489, 1535, 1561, 1583, 1598, 1610, 1615, 1619, 1641, 1664, 1688, 1729, 1754, 1894]","[449, 588, 908, 1071, 1233]",2085,42,2043,5,37,2043,0
1.5,HSRPS7,"[21, 55, 115, 166, 172, 180, 227, 264, 284, 404, 415, 516, 731, 790, 1008, 1055, 1077, 1099, 1103, 1276, 1394, 1437, 1442, 1499, 1599, 1628, 1715, 1726, 1831, 1930, 2003, 2048, 2115, 2166, 2192, 2232, 2269, 2369, 2495, 2530, 2551, 2585, 2665, 2717, 2723, 2785, 2791, 2973, 2983, 3054, 3108, 3237, 3266, 3295, 3329, 3383, 3419, 3424, 3488, 3598, 3626, 3630, 3640, 3680, 3730, 3743, 3755, 4016, 4116, 4254, 4280, 4347, 4417, 4460, 4644, 4654, 4668, 4811, 4828, 5088, 5100, 5104, 5376, 5409, 5531, 5572, 5593, 5655, 5671, 5736, 5788, 5810, 5912, 5937, 6001, 6008, 6064, 6068, 6127, 6258, 6325, 6348, 6386, 6408, 6429, 6518, 6585, 6734, 6773, 6892, 6937, 7003, 7010, 7045, 7049, 7061, 7082, 7137, 7232, 7251, 7273, 7485]","[2166, 2369, 3108, 4254, 6734]","[21, 55, 115, 166, 172, 180, 227, 264, 284, 404, 415, 516, 731, 790, 1008, 1055, 1077, 1099, 1103, 1276, 1394, 1437, 1442, 1499, 1599, 1628, 1715, 1726, 1831, 1930, 2003, 2048, 2115, 2192, 2232, 2269, 2495, 2530, 2551, 2585, 2665, 2717, 2723, 2785, 2791, 2973, 2983, 3054, 3237, 3266, 3295, 3329, 3383, 3419, 3424, 3488, 3598, 3626, 3630, 3640, 3680, 3730, 3743, 3755, 4016, 4116, 4280, 4347, 4417, 4460, 4644, 4654, 4668, 4811, 4828, 5088, 5100, 5104, 5376, 5409, 5531, 5572, 5593, 5655, 5671, 5736, 5788, 5810, 5912, 5937, 6001, 6008, 6064, 6068, 6127, 6258, 6325, 6348, 6386, 6408, 6429, 6518, 6585, 6773, 6892, 6937, 7003, 7010, 7045, 7049, 7061, 7082, 7137, 7232, 7251, 7273, 7485]","[2166, 2369, 3108, 4254, 6734]",7505,122,7383,5,117,7383,0
1.5,HSSAA1B,"[13, 210, 305, 349, 470, 527, 862, 982, 1009, 1018, 1064, 1128, 1151, 1203, 1300, 1357, 1543, 1558, 1804, 1831, 1850, 2091, 2159, 2203, 2261, 2319, 2345, 2367, 2430, 2444, 2467, 2484, 2605, 2623, 2644, 2676, 2703, 2721, 2753, 2912, 3011, 3115, 3121, 3126, 3182, 3214, 3257, 3327, 3570, 3609, 3647, 3845, 3876, 3988, 4007, 4013, 4042, 4089, 4171, 4267, 4403, 4441, 4452, 4474, 4508, 4571, 4575, 4697, 4712, 4720, 4744]","[1543, 3845]","[13, 210, 305, 349, 470, 527, 862, 982, 1009, 1018, 1064, 1128, 1151, 1203, 1300, 1357, 1558, 1804, 1831, 1850, 2091, 2159, 2203, 2261, 2319, 2345, 2367, 2430, 2444, 2467, 2484, 2605, 2623, 2644, 2676, 2703, 2721, 2753, 2912, 3011, 3115, 3121, 3126, 3182, 3214, 3257, 3327, 3570, 3609, 3647, 3876, 3988, 4007, 4013, 4042, 4089, 4171, 4267, 4403, 4441, 4452, 4474, 4508, 4571, 4575, 4697, 4712, 4720, 4744]","[1543, 3845]",4815,71,4744,2,69,4744,0
1.5,HSSHBG,"[17, 183, 228, 472, 696, 887, 1016, 1020, 1058, 1231, 1336, 1389, 1428, 1443, 1551, 1590, 1615, 1713, 1753, 1872, 1938, 2205, 2218, 2388, 2497, 2575, 2615, 2672, 2679, 2759, 2776, 2810, 2823, 2867, 2882, 2943, 2960, 3019, 3148, 3285, 3306, 3323, 3440, 3618, 3637, 3686]","[472, 696, 1058, 1551, 1938, 2205, 3148]","[17, 183, 228, 887, 1016, 1020, 1231, 1336, 1389, 1428, 1443, 1590, 1615, 1713, 1753, 1872, 2218, 2388, 2497, 2575, 2615, 2672, 2679, 2759, 2776, 2810, 2823, 2867, 2882, 2943, 2960, 3019, 3285, 3306, 3323, 3440, 3618, 3637, 3686]","[472, 696, 1058, 1551, 1938, 2205, 3148]",3802,46,3756,7,39,3756,0
1.5,HSSSPN1AG,"[8, 152, 155, 336, 399, 409, 418, 567, 589, 778, 854, 977, 1163, 1232, 1343, 1373, 1384, 1402, 1407, 1434, 1616, 1635, 1672, 1809, 1853, 2066, 2159, 2243, 2280, 2330, 2362, 2537, 2595, 2652, 2735, 2848, 2896, 2905, 2907, 2947, 2975, 3028, 3073, 3159, 3240, 3283, 3360, 3491, 3518, 3588, 3590, 3625, 3699, 3717, 3781, 3934, 4013, 4016, 4053, 4077, 4087]","[1343, 1635, 1809, 3360, 3491]","[8, 152, 155, 336, 399, 409, 418, 567, 589, 778, 854, 977, 1163, 1232, 1373, 1384, 1402, 1407, 1434, 1616, 1672, 1853, 2066, 2159, 2243, 2280, 2330, 2362, 2537, 2595, 2652, 2735, 2848, 2896, 2905, 2907, 2947, 2975, 3028, 3073, 3159, 3240, 3283, 3518, 3588, 3590, 3625, 3699, 3717, 3781, 3934, 4013, 4016, 4053, 4077, 4087]","[1343, 1635, 1809, 3360, 3491]",4088,61,4027,5,56,4027,0
1.5,HSSURF3,"[200, 284, 288, 319, 403, 470, 508, 538, 566, 610, 656, 743, 767, 813, 942, 963, 990, 1033, 1084, 1087, 1110, 1231, 1269, 1294, 1316, 1378, 1398, 1692, 1893, 1935, 2048, 2071, 2132, 2139, 2160, 2209, 2291, 2321, 2393, 2397, 2411, 2415, 2424, 2721, 2729, 2878, 2893, 2936, 3074, 3226, 3311, 3369]","[284, 1033, 1692, 2048, 2321, 2729, 3074]","[200, 288, 319, 403, 470, 508, 538, 566, 610, 656, 743, 767, 813, 942, 963, 990, 1084, 1087, 1110, 1231, 1269, 1294, 1316, 1378, 1398, 1893, 1935, 2071, 2132, 2139, 2160, 2209, 2291, 2393, 2397, 2411, 2415, 2424, 2721, 2878, 2893, 2936, 3226, 3311, 3369]","[284, 1033, 1692, 2048, 2321, 2729, 3074]",3407,52,3355,7,45,3355,0
1.5,HSTNFB,"[38, 63, 143, 189, 328, 372, 405, 454, 836, 980, 1025, 1180, 1202, 1218, 1309, 1375, 1507, 1567, 1945, 2031, 2109, 2506, 2691, 2732, 2870, 2872, 2874, 2876, 2888, 2954, 3015]","[1375, 1567]","[38, 63, 143, 189, 328, 372, 405, 454, 836, 980, 1025, 1180, 1202, 1218, 1309, 1507, 1945, 2031, 2109, 2506, 2691, 2732, 2870, 2872, 2874, 2876, 2888, 2954, 3015]","[1375, 1567]",3029,31,2998,2,29,2998,0
1.5,HSTPI1G,"[38, 87, 123, 136, 145, 231, 297, 351, 730, 746, 837, 864, 915, 919, 972, 1096, 1127, 1143, 1304, 1363, 1558, 1616, 1621, 1685, 1707, 1782, 1817, 1845, 1888, 1893, 1913, 1916, 2003, 2035, 2046, 2056, 2105, 2176, 2231, 2289, 2438, 2493, 2498, 2604, 2646, 2740, 2792, 2821, 2938, 2988, 3028, 3150, 3166, 3181, 3207, 3249, 3369, 3486, 3587, 3593, 3632, 3654, 3688, 3720, 3760, 3808, 3829, 3846, 3878, 4118, 4219, 4236, 4293, 4330, 4376, 4380, 4386, 4457, 4547, 4586, 4651, 4721, 4796, 4827, 4845, 4849, 4868, 4888, 4901, 4933, 4947, 4978]","[746, 2035, 2231, 2438, 2821, 3181]","[38, 87, 123, 136, 145, 231, 297, 351, 730, 837, 864, 915, 919, 972, 1096, 1127, 1143, 1304, 1363, 1558, 1616, 1621, 1685, 1707, 1782, 1817, 1845, 1888, 1893, 1913, 1916, 2003, 2046, 2056, 2105, 2176, 2289, 2493, 2498, 2604, 2646, 2740, 2792, 2938, 2988, 3028, 3150, 3166, 3207, 3249, 3369, 3486, 3587, 3593, 3632, 3654, 3688, 3720, 3760, 3808, 3829, 3846, 3878, 4118, 4219, 4236, 4293, 4330, 4376, 4380, 4386, 4457, 4547, 4586, 4651, 4721, 4796, 4827, 4845, 4849, 4868, 4888, 4901, 4933, 4947, 4978]","[746, 2035, 2231, 2438, 2821, 3181]",4987,92,4895,6,86,4895,0
1.5,HSTUBAG,"[71, 96, 105, 158, 175, 314, 430, 465, 471, 536, 633, 708, 837, 839, 841, 843, 845, 847, 849, 851, 853, 855, 857, 859, 861, 863, 865, 867, 875, 902, 904, 906, 908, 910, 912, 914, 916, 918, 920, 978, 984, 993, 1141, 1223, 1235, 1267, 1269, 1271, 1273, 1277, 1349, 1457, 1498, 1549, 1642, 1717, 1912, 2065, 2173, 2221, 2287, 2310, 2323, 2337, 2584, 2607, 2813, 2821, 2937, 3122, 3290, 3419, 3426, 3441, 3474, 3528, 3550, 3569, 3599, 3606, 3623, 3706, 3717, 3733, 3759, 3777, 3815, 3819, 3843, 3887, 3956, 3968, 4045]","[536, 2287, 2584]","[71, 96, 105, 158, 175, 314, 430, 465, 471, 633, 708, 837, 839, 841, 843, 845, 847, 849, 851, 853, 855, 857, 859, 861, 863, 865, 867, 875, 902, 904, 906, 908, 910, 912, 914, 916, 918, 920, 978, 984, 993, 1141, 1223, 1235, 1267, 1269, 1271, 1273, 1277, 1349, 1457, 1498, 1549, 1642, 1717, 1912, 2065, 2173, 2221, 2310, 2323, 2337, 2607, 2813, 2821, 2937, 3122, 3290, 3419, 3426, 3441, 3474, 3528, 3550, 3569, 3599, 3606, 3623, 3706, 3717, 3733, 3759, 3777, 3815, 3819, 3843, 3887, 3956, 3968, 4045]","[536, 2287, 2584]",4079,93,3986,3,90,3986,0
1.5,HSU01102,"[192, 222, 275, 373, 388, 450, 503, 668, 745, 817, 858, 1032, 1204, 1290, 1418, 1561, 1663, 1671, 1711, 1715, 1865, 1939, 1943, 2069, 2076, 2082, 2132, 2154, 2192, 2196, 2210, 2242, 2287, 2494, 2561, 2568, 2632, 2732, 2746, 2771, 2828, 2875, 2907, 2930, 3055, 3099, 3140, 3273, 3275, 3343, 3393, 3896, 3923, 3952, 4008, 4040, 4166, 4262, 4611, 4655, 4690]","[668, 3896]","[192, 222, 275, 373, 388, 450, 503, 745, 817, 858, 1032, 1204, 1290, 1418, 1561, 1663, 1671, 1711, 1715, 1865, 1939, 1943, 2069, 2076, 2082, 2132, 2154, 2192, 2196, 2210, 2242, 2287, 2494, 2561, 2568, 2632, 2732, 2746, 2771, 2828, 2875, 2907, 2930, 3055, 3099, 3140, 3273, 3275, 3343, 3393, 3923, 3952, 4008, 4040, 4166, 4262, 4611, 4655, 4690]","[668, 3896]",4987,61,4926,2,59,4926,0
1.5,HSU04357,"[97, 123, 132, 192, 217, 310, 366, 603, 708, 748, 774, 792, 800, 872, 886, 909, 985, 1090, 1107, 1140, 1201, 1239, 1299, 1307, 1316, 1342, 1650, 1838, 1867, 1882, 1953, 1963]","[97, 1342]","[123, 132, 192, 217, 310, 366, 603, 708, 748, 774, 792, 800, 872, 886, 909, 985, 1090, 1107, 1140, 1201, 1239, 1299, 1307, 1316, 1650, 1838, 1867, 1882, 1953, 1963]","[97, 1342]",2074,32,2042,2,30,2042,0
1.5,HSU04636,"[25, 97, 103, 176, 220, 224, 287, 328, 353, 465, 555, 569, 608, 673, 677, 749, 823, 852, 858, 989, 1018, 1022, 1449, 1518, 1601, 1647, 1730, 1854, 1856, 1935, 2199, 2262, 2426, 2440, 2561, 2565, 2605, 2761, 2996, 3000, 3131, 3143, 3264, 3426, 3608, 3632, 3849, 3894, 3960, 3965, 4024, 4362, 4383, 4424, 4629, 4636, 4660, 4677, 4711, 4748, 4790, 4864, 4881, 4919, 5175, 5359, 5593, 5654, 5719, 5723, 5811, 5870, 5890, 5899, 5955, 6008, 6340, 6533, 6571, 6602, 6613, 6653, 6706, 6760, 7014, 7050, 7194, 7295, 7319, 7357, 7401, 7467, 7479, 7692, 7768, 7775, 7907, 7937, 8108, 8301, 8483, 8490, 8640, 9044, 9207, 9325, 9396]","[1018, 1935, 2199, 2996, 3608, 4424, 4790, 5359, 6008]","[25, 97, 103, 176, 220, 224, 287, 328, 353, 465, 555, 569, 608, 673, 677, 749, 823, 852, 858, 989, 1022, 1449, 1518, 1601, 1647, 1730, 1854, 1856, 2262, 2426, 2440, 2561, 2565, 2605, 2761, 3000, 3131, 3143, 3264, 3426, 3632, 3849, 3894, 3960, 3965, 4024, 4362, 4383, 4629, 4636, 4660, 4677, 4711, 4748, 4864, 4881, 4919, 5175, 5593, 5654, 5719, 5723, 5811, 5870, 5890, 5899, 5955, 6340, 6533, 6571, 6602, 6613, 6653, 6706, 6760, 7014, 7050, 7194, 7295, 7319, 7357, 7401, 7467, 7479, 7692, 7768, 7775, 7907, 7937, 8108, 8301, 8483, 8490, 8640, 9044, 9207, 9325, 9396]","[1018, 1935, 2199, 2996, 3608, 4424, 4790, 5359, 6008]",9445,107,9338,9,98,9338,0
1.5,HSU05259,"[150, 164, 228, 247, 299, 316, 344, 423, 499, 627, 632, 644, 655, 782, 814, 951, 1134, 1177, 1364, 1376, 1462, 1773, 1822, 1862, 1891, 2051, 2055, 2091, 2173, 2392, 2435, 2503, 2571, 2591, 2678, 2685, 2748, 2763, 2774, 2824, 2859, 3015, 3018, 3045, 3109, 3179, 3366, 3387, 3419, 3483, 3672, 3937, 3977, 4085, 4128, 4132, 4139, 4150, 4171, 4214, 4222, 4281, 4324, 4365, 4490, 4497, 4505, 4642, 4692, 4871, 5090, 5264, 5559]","[782, 2685, 3045, 4128]","[150, 164, 228, 247, 299, 316, 344, 423, 499, 627, 632, 644, 655, 814, 951, 1134, 1177, 1364, 1376, 1462, 1773, 1822, 1862, 1891, 2051, 2055, 2091, 2173, 2392, 2435, 2503, 2571, 2591, 2678, 2748, 2763, 2774, 2824, 2859, 3015, 3018, 3109, 3179, 3366, 3387, 3419, 3483, 3672, 3937, 3977, 4085, 4132, 4139, 4150, 4171, 4214, 4222, 4281, 4324, 4365, 4490, 4497, 4505, 4642, 4692, 4871, 5090, 5264, 5559]","[782, 2685, 3045, 4128]",5662,73,5589,4,69,5589,0
1.5,HSU07807,"[56, 179, 184, 201, 253, 319, 403, 454, 459, 463, 484, 506, 609, 614, 692, 757, 761, 891, 906, 1040, 1362, 1390, 1638, 1740, 1848, 1983, 1991, 2047, 2068, 2082, 2481, 2562, 2568, 2577, 2652, 2736, 2829, 2873, 2899, 3055, 3133, 3291, 3333, 3368, 3386, 3390, 3395, 3446, 3460, 3495, 3509, 3541, 3589, 3664, 3699, 4101, 4197, 4350, 4477, 4548, 4570, 4638, 4643, 4725, 4748, 4765, 4771, 4778]","[757, 3386]","[56, 179, 184, 201, 253, 319, 403, 454, 459, 463, 484, 506, 609, 614, 692, 761, 891, 906, 1040, 1362, 1390, 1638, 1740, 1848, 1983, 1991, 2047, 2068, 2082, 2481, 2562, 2568, 2577, 2652, 2736, 2829, 2873, 2899, 3055, 3133, 3291, 3333, 3368, 3390, 3395, 3446, 3460, 3495, 3509, 3541, 3589, 3664, 3699, 4101, 4197, 4350, 4477, 4548, 4570, 4638, 4643, 4725, 4748, 4765, 4771, 4778]","[757, 3386]",4831,68,4763,2,66,4763,0
1.5,HSU07983,"[101, 117, 121, 170, 283, 287, 354, 390, 406, 486, 515, 525, 531, 600, 621, 834, 982, 1158, 1286]",[390],"[101, 117, 121, 170, 283, 287, 354, 406, 486, 515, 525, 531, 600, 621, 834, 982, 1158, 1286]",[390],1418,19,1399,1,18,1399,0
1.5,HSU08198,"[108, 139, 163, 180, 184, 197, 255, 311, 318, 583, 599, 613, 631, 645, 676, 707, 746, 785, 875, 879, 895, 1009, 1030, 1072, 1124, 1142, 1147, 1151, 1275, 1299, 1303, 1316, 1392, 1476, 1552, 1601, 1620, 1684, 1689, 1811, 1845, 1892, 1900, 1932, 1960, 1985, 2056, 2068, 2132]","[583, 895, 1124, 1316, 1689, 1811]","[108, 139, 163, 180, 184, 197, 255, 311, 318, 599, 613, 631, 645, 676, 707, 746, 785, 875, 879, 1009, 1030, 1072, 1142, 1147, 1151, 1275, 1299, 1303, 1392, 1476, 1552, 1601, 1620, 1684, 1845, 1892, 1900, 1932, 1960, 1985, 2056, 2068, 2132]","[583, 895, 1124, 1316, 1689, 1811]",2336,49,2287,6,43,2287,0
1.5,HSU12421,"[6, 10, 144, 227, 270, 311, 315, 444, 455, 509, 577, 583, 741, 945, 957, 999, 1044, 1211, 1215, 1308, 1317, 1384, 1400, 1706, 1733, 1807, 1838, 1849, 1854, 1882, 1913, 1941, 2060, 2080, 2134, 2158, 2211, 2255, 2291, 2311, 2334, 2434, 2476, 2517, 2624, 2666, 2668, 2821, 2938, 3211, 3216, 3242, 3287, 3349, 3480, 3485, 3551, 3562, 3573, 3577, 3602, 3616, 3633, 3642, 3705, 3709, 3740, 3747, 3822, 3847, 3869, 3910, 3992, 4010, 4142]","[311, 2080]","[6, 10, 144, 227, 270, 315, 444, 455, 509, 577, 583, 741, 945, 957, 999, 1044, 1211, 1215, 1308, 1317, 1384, 1400, 1706, 1733, 1807, 1838, 1849, 1854, 1882, 1913, 1941, 2060, 2134, 2158, 2211, 2255, 2291, 2311, 2334, 2434, 2476, 2517, 2624, 2666, 2668, 2821, 2938, 3211, 3216, 3242, 3287, 3349, 3480, 3485, 3551, 3562, 3573, 3577, 3602, 3616, 3633, 3642, 3705, 3709, 3740, 3747, 3822, 3847, 3869, 3910, 3992, 4010, 4142]","[311, 2080]",4250,75,4175,2,73,4175,0
1.5,HSUBR,"[67, 110, 156, 219, 251, 296, 362, 374, 409, 417, 512, 525, 538, 564, 634, 681, 708, 776, 793, 957, 1080, 1093, 1332, 1336, 1513, 1518, 1549, 1553, 1589, 1623, 1878, 1900, 1923, 2145, 2316, 2324, 2489, 2542, 2645, 2771, 2846, 2907, 2936, 2938, 2969, 2988, 3005, 3038, 3117, 3124, 3150, 3203, 3229, 3287]","[1589, 2324]","[67, 110, 156, 219, 251, 296, 362, 374, 409, 417, 512, 525, 538, 564, 634, 681, 708, 776, 793, 957, 1080, 1093, 1332, 1336, 1513, 1518, 1549, 1553, 1623, 1878, 1900, 1923, 2145, 2316, 2489, 2542, 2645, 2771, 2846, 2907, 2936, 2938, 2969, 2988, 3005, 3038, 3117, 3124, 3150, 3203, 3229, 3287]","[1589, 2324]",3287,54,3233,2,52,3233,0
1.5,HSXBXVIII,"[45, 238, 312, 340, 343, 348, 402, 417, 431, 442, 466, 473, 479, 497, 506, 529, 536, 579, 644, 701, 712, 951, 1056, 1059, 1092, 1133, 1158, 1176, 1180, 1189, 1193, 1199, 1203, 1213, 1490, 1535, 1671, 1779, 1992, 2137, 2331, 2421, 2491, 2578, 2596, 2604, 2703, 2723, 2781, 2785, 2792, 2806, 2823, 2885, 2897, 2932, 2945, 2999, 3019, 3026, 3061, 3074, 3099, 3123, 3171, 3175, 3208, 3248, 3254, 3293, 3314, 3333, 3339, 3345, 3365, 3371, 3429, 3621, 3698, 3726, 3729, 3734, 3788, 3803, 3817, 3828, 3859, 3884, 3893, 3919, 3929, 3952, 4068, 4348, 4453, 4456, 4489, 4530, 4555, 4573, 4586, 4590, 4764, 4989, 5049, 5221, 5248, 5257, 5272, 5290, 5320, 5325, 5362, 5383, 5401, 5415, 5486, 5490, 5877, 5901, 5971, 5982, 5985, 5991, 6037, 6064, 6115, 6193, 6240, 6252, 6382, 6594, 6599, 6699, 6724, 6733, 6850, 6855, 6939, 7000, 7067, 7073, 7127, 7233, 7257, 7359, 7479, 7514, 7675, 7713, 7823, 8109, 8174, 8260, 8274, 8302, 8324, 8612, 8689, 8850, 8934, 8943, 9093, 9154, 9207, 9342, 9395, 9410, 9475, 9504, 9552, 9558, 9566, 9573, 9633, 9741, 9782, 9849, 9852, 9936, 9983, 10043, 10077, 10107, 10136, 10160, 10186, 10197, 10403, 10425, 10464, 10578, 10629, 10687, 10692, 10696, 10701, 10723, 10737, 10815, 10911, 10947, 10960, 11115, 11162, 11196, 11253, 11310, 11405, 11424, 11471, 11492, 11589, 11615, 11666, 11714, 11769, 11843, 11856, 11870, 11963, 12024, 12085, 12092, 12183, 12286, 12311, 12408, 12416, 12444, 12534, 12693]","[11405, 11589, 11843, 12085]","[45, 238, 312, 340, 343, 348, 402, 417, 431, 442, 466, 473, 479, 497, 506, 529, 536, 579, 644, 701, 712, 951, 1056, 1059, 1092, 1133, 1158, 1176, 1180, 1189, 1193, 1199, 1203, 1213, 1490, 1535, 1671, 1779, 1992, 2137, 2331, 2421, 2491, 2578, 2596, 2604, 2703, 2723, 2781, 2785, 2792, 2806, 2823, 2885, 2897, 2932, 2945, 2999, 3019, 3026, 3061, 3074, 3099, 3123, 3171, 3175, 3208, 3248, 3254, 3293, 3314, 3333, 3339, 3345, 3365, 3371, 3429, 3621, 3698, 3726, 3729, 3734, 3788, 3803, 3817, 3828, 3859, 3884, 3893, 3919, 3929, 3952, 4068, 4348, 4453, 4456, 4489, 4530, 4555, 4573, 4586, 4590, 4764, 4989, 5049, 5221, 5248, 5257, 5272, 5290, 5320, 5325, 5362, 5383, 5401, 5415, 5486, 5490, 5877, 5901, 5971, 5982, 5985, 5991, 6037, 6064, 6115, 6193, 6240, 6252, 6382, 6594, 6599, 6699, 6724, 6733, 6850, 6855, 6939, 7000, 7067, 7073, 7127, 7233, 7257, 7359, 7479, 7514, 7675, 7713, 7823, 8109, 8174, 8260, 8274, 8302, 8324, 8612, 8689, 8850, 8934, 8943, 9093, 9154, 9207, 9342, 9395, 9410, 9475, 9504, 9552, 9558, 9566, 9573, 9633, 9741, 9782, 9849, 9852, 9936, 9983, 10043, 10077, 10107, 10136, 10160, 10186, 10197, 10403, 10425, 10464, 10578, 10629, 10687, 10692, 10696, 10701, 10723, 10737, 10815, 10911, 10947, 10960, 11115, 11162, 11196, 11253, 11310, 11424, 11471, 11492, 11615, 11666, 11714, 11769, 11856, 11870, 11963, 12024, 12092, 12183, 12286, 12311, 12408, 12416, 12444, 12534, 12693]","[11405, 11589, 11843, 12085]",12630,232,12398,4,228,12398,0
1.5,HSZNGP1,"[130, 259, 445, 454, 518, 522, 542, 565, 637, 752, 810, 871, 920, 932, 948, 997, 1033, 1142, 1287, 1307, 1529, 1673, 1684, 1705, 1737, 1765, 2120, 2135, 2408, 2520, 2672, 2765, 2958, 2997, 3191, 3270, 3314, 3608, 3733, 3869, 3957, 4001, 4109, 4198, 4206, 4312, 4326, 4409, 4568, 4609, 4712, 4718, 4777, 4886, 4935, 4947, 5026, 5073, 5141, 5210, 5295, 5402, 5483, 5589, 5594, 5623, 5666, 5732, 5737, 5752, 5773, 5805, 5902, 5990, 6022, 6075, 6144, 6179, 6347, 6402, 6408, 6435, 6495, 6586, 6632, 6665, 6922, 7275, 7355, 7410, 7452, 7454, 7471, 7674, 8015, 8045, 8059, 8067, 8200, 8313, 8337, 8588, 8597, 8603, 8615, 8724, 8731, 8762, 8809, 8922, 8986, 8991, 9016, 9059, 9067, 9107, 9113, 9300, 9411, 9444, 9486, 9525, 9601, 9762, 9780]","[518, 4718, 8313]","[130, 259, 445, 454, 522, 542, 565, 637, 752, 810, 871, 920, 932, 948, 997, 1033, 1142, 1287, 1307, 1529, 1673, 1684, 1705, 1737, 1765, 2120, 2135, 2408, 2520, 2672, 2765, 2958, 2997, 3191, 3270, 3314, 3608, 3733, 3869, 3957, 4001, 4109, 4198, 4206, 4312, 4326, 4409, 4568, 4609, 4712, 4777, 4886, 4935, 4947, 5026, 5073, 5141, 5210, 5295, 5402, 5483, 5589, 5594, 5623, 5666, 5732, 5737, 5752, 5773, 5805, 5902, 5990, 6022, 6075, 6144, 6179, 6347, 6402, 6408, 6435, 6495, 6586, 6632, 6665, 6922, 7275, 7355, 7410, 7452, 7454, 7471, 7674, 8015, 8045, 8059, 8067, 8200, 8337, 8588, 8597, 8603, 8615, 8724, 8731, 8762, 8809, 8922, 8986, 8991, 9016, 9059, 9067, 9107, 9113, 9300, 9411, 9444, 9486, 9525, 9601, 9762, 9780]","[518, 4718, 8313]",9815,125,9690,3,122,9690,0
1.5,HUMADAG,"[8, 24, 38, 47, 73, 176, 204, 249, 305, 565, 643, 653, 710, 717, 731, 860, 880, 927, 957, 1012, 1241, 1248, 1309, 1355, 1575, 1579, 1609, 1677, 1864, 1898, 1947, 1951, 2001, 2050, 2055, 2059, 2120, 2277, 2327, 2351, 2405, 2418, 2423, 2428, 2455, 2500, 2566, 2578, 2756, 2769, 2805, 2864, 2907, 3090, 3203, 3291, 3343, 3539, 3573, 3737, 3746, 3775, 4064, 4326, 4395, 4482, 4501, 4521, 4549, 4623, 4744, 4817, 4829, 4834, 4836, 4898, 4900, 4916, 4946, 5049, 5051, 5136, 5141, 5149, 5231, 5261, 5267, 5278, 5292, 5296, 5341, 5423, 5562, 5572, 5612, 5657, 5751, 5773, 5816, 5828, 5863, 5871, 6156, 6192, 6205, 6211, 6253, 6261, 6277, 6294, 6324, 6615, 6630, 6709, 6785, 6795, 6799, 6804, 6978, 7179, 7184, 7195, 7206, 7249, 7298, 7356, 7461, 7561, 7568, 7762, 7905, 7938, 7980, 7982, 8152, 8160, 8285, 8421, 8448, 8614, 8876, 8908, 8948, 8957, 9000, 9072, 9092, 9402, 9467, 9529, 9551, 9572, 9586, 9600, 9617, 9628, 9633, 9656, 9665, 9787, 9863, 9924, 9946, 9970, 9988, 9992, 10097, 10139, 10236, 10243, 10439, 10471, 10515, 10639, 10759, 10816, 10832, 10977, 11076, 11111, 11124, 11162, 11190, 11262, 11291, 11296, 11303, 11399, 11534, 11568, 11651, 11689, 11763, 11792, 11804, 11825, 11869, 11878, 12068, 12072, 12137, 12150, 12211, 12252, 12275, 12435, 12462, 12498, 12555, 12584, 13187, 13235, 13253, 13314, 13398, 13416, 13458, 13503, 13521, 13553, 13576, 13601, 13835, 13938, 14425, 14450, 14470, 14513, 14680, 14701, 14703, 14749, 14833, 14855, 14885, 14890, 14976, 15069, 15323, 15395, 15478, 15564, 15582, 15661, 15830, 15857, 15875, 15907, 15955, 15959, 16018, 16030, 16108, 16262, 16502, 16643, 16769, 16779, 16793, 17025, 17067, 17161, 17205, 17370, 17375, 17401, 17492, 17559, 17642, 17700, 17850, 18096, 18244, 18415, 18425, 18465, 18482, 18514, 18554, 18625, 18637, 18864, 19064, 19090, 19105, 19178, 19230, 19292, 19332, 19400, 19429, 19437, 19529, 19581, 19704, 19838, 19940, 20245, 20776, 20912, 20954, 21006, 21015, 21020, 21027, 21044, 21097, 21114, 21127, 21227, 21311, 21399, 21490, 21499, 21573, 21871, 22158, 22345, 22355, 22419, 22504, 22535, 22578, 22592, 22672, 22735, 22747, 22863, 22887, 23112, 23220, 23510, 23540, 23554, 23621, 23649, 23665, 23724, 23808, 23861, 24039, 24080, 24086, 24111, 24135, 24165, 24224, 24260, 24286, 24584, 24626, 24645, 24737, 24742, 24752, 24938, 25253, 25333, 25434, 25532, 25540, 25582, 25732, 25743, 25764, 25824, 25869, 26052, 26062, 26150, 26197, 26313, 26467, 26542, 26603, 26649, 26653, 26721, 26782, 26810, 26826, 26891, 26912, 26922, 27028, 27206, 27250, 27303, 27432, 27585, 27648, 27680, 27907, 28000, 28027, 28038, 28083, 28099, 28255, 28335, 28338, 28362, 28409, 28417, 28450, 28479, 28712, 28722, 28810, 28830, 28977, 28987, 28992, 29052, 29056, 29086, 29419, 29473, 29530, 29577, 29700, 29704, 29708, 29845, 29939, 29943, 30006, 30014, 30197, 30371, 30402, 30499, 30604, 30609, 30614, 30728, 30766, 30860, 30942, 31028, 31099, 31115, 31138, 31144, 31158, 31190, 31203, 31210, 31304, 31313, 31342, 31415, 31560, 31644, 31682, 31717, 32019, 32047, 32057, 32178, 32243, 32291, 32431, 32450, 32470, 32497, 32675, 32879, 32916, 33343, 33486, 33495, 33626, 33630, 33709, 33754, 33782, 33800, 33880, 33921, 33952, 33976, 33998, 34003, 34262, 34279, 34308, 34314, 34484, 34488, 34492, 34494, 34519, 34527, 34532, 34578, 34712, 34742, 34834, 34908, 34964, 34996, 35013, 35203, 35261, 35365, 35433, 35604, 35712, 35817, 35941, 35981, 35988, 36016, 36045, 36086, 36115, 36229, 36268, 36318, 36357, 36435, 36528, 36531, 36640, 36733]","[4064, 19292, 26467, 29052, 29939, 31304, 32497, 32675, 32916, 34484, 35203]","[8, 24, 38, 47, 73, 176, 204, 249, 305, 565, 643, 653, 710, 717, 731, 860, 880, 927, 957, 1012, 1241, 1248, 1309, 1355, 1575, 1579, 1609, 1677, 1864, 1898, 1947, 1951, 2001, 2050, 2055, 2059, 2120, 2277, 2327, 2351, 2405, 2418, 2423, 2428, 2455, 2500, 2566, 2578, 2756, 2769, 2805, 2864, 2907, 3090, 3203, 3291, 3343, 3539, 3573, 3737, 3746, 3775, 4326, 4395, 4482, 4501, 4521, 4549, 4623, 4744, 4817, 4829, 4834, 4836, 4898, 4900, 4916, 4946, 5049, 5051, 5136, 5141, 5149, 5231, 5261, 5267, 5278, 5292, 5296, 5341, 5423, 5562, 5572, 5612, 5657, 5751, 5773, 5816, 5828, 5863, 5871, 6156, 6192, 6205, 6211, 6253, 6261, 6277, 6294, 6324, 6615, 6630, 6709, 6785, 6795, 6799, 6804, 6978, 7179, 7184, 7195, 7206, 7249, 7298, 7356, 7461, 7561, 7568, 7762, 7905, 7938, 7980, 7982, 8152, 8160, 8285, 8421, 8448, 8614, 8876, 8908, 8948, 8957, 9000, 9072, 9092, 9402, 9467, 9529, 9551, 9572, 9586, 9600, 9617, 9628, 9633, 9656, 9665, 9787, 9863, 9924, 9946, 9970, 9988, 9992, 10097, 10139, 10236, 10243, 10439, 10471, 10515, 10639, 10759, 10816, 10832, 10977, 11076, 11111, 11124, 11162, 11190, 11262, 11291, 11296, 11303, 11399, 11534, 11568, 11651, 11689, 11763, 11792, 11804, 11825, 11869, 11878, 12068, 12072, 12137, 12150, 12211, 12252, 12275, 12435, 12462, 12498, 12555, 12584, 13187, 13235, 13253, 13314, 13398, 13416, 13458, 13503, 13521, 13553, 13576, 13601, 13835, 13938, 14425, 14450, 14470, 14513, 14680, 14701, 14703, 14749, 14833, 14855, 14885, 14890, 14976, 15069, 15323, 15395, 15478, 15564, 15582, 15661, 15830, 15857, 15875, 15907, 15955, 15959, 16018, 16030, 16108, 16262, 16502, 16643, 16769, 16779, 16793, 17025, 17067, 17161, 17205, 17370, 17375, 17401, 17492, 17559, 17642, 17700, 17850, 18096, 18244, 18415, 18425, 18465, 18482, 18514, 18554, 18625, 18637, 18864, 19064, 19090, 19105, 19178, 19230, 19332, 19400, 19429, 19437, 19529, 19581, 19704, 19838, 19940, 20245, 20776, 20912, 20954, 21006, 21015, 21020, 21027, 21044, 21097, 21114, 21127, 21227, 21311, 21399, 21490, 21499, 21573, 21871, 22158, 22345, 22355, 22419, 22504, 22535, 22578, 22592, 22672, 22735, 22747, 22863, 22887, 23112, 23220, 23510, 23540, 23554, 23621, 23649, 23665, 23724, 23808, 23861, 24039, 24080, 24086, 24111, 24135, 24165, 24224, 24260, 24286, 24584, 24626, 24645, 24737, 24742, 24752, 24938, 25253, 25333, 25434, 25532, 25540, 25582, 25732, 25743, 25764, 25824, 25869, 26052, 26062, 26150, 26197, 26313, 26542, 26603, 26649, 26653, 26721, 26782, 26810, 26826, 26891, 26912, 26922, 27028, 27206, 27250, 27303, 27432, 27585, 27648, 27680, 27907, 28000, 28027, 28038, 28083, 28099, 28255, 28335, 28338, 28362, 28409, 28417, 28450, 28479, 28712, 28722, 28810, 28830, 28977, 28987, 28992, 29056, 29086, 29419, 29473, 29530, 29577, 29700, 29704, 29708, 29845, 29943, 30006, 30014, 30197, 30371, 30402, 30499, 30604, 30609, 30614, 30728, 30766, 30860, 30942, 31028, 31099, 31115, 31138, 31144, 31158, 31190, 31203, 31210, 31313, 31342, 31415, 31560, 31644, 31682, 31717, 32019, 32047, 32057, 32178, 32243, 32291, 32431, 32450, 32470, 32879, 33343, 33486, 33495, 33626, 33630, 33709, 33754, 33782, 33800, 33880, 33921, 33952, 33976, 33998, 34003, 34262, 34279, 34308, 34314, 34488, 34492, 34494, 34519, 34527, 34532, 34578, 34712, 34742, 34834, 34908, 34964, 34996, 35013, 35261, 35365, 35433, 35604, 35712, 35817, 35941, 35981, 35988, 36016, 36045, 36086, 36115, 36229, 36268, 36318, 36357, 36435, 36528, 36531, 36640, 36733]","[4064, 19292, 26467, 29052, 29939, 31304, 32497, 32675, 32916, 34484, 35203]",36733,526,36207,11,515,36207,0
1.5,HUMADPRF02,"[90, 277, 359, 378, 514, 638, 869, 878, 936, 970, 1058, 1250, 1308, 1325, 1329, 1338, 1456, 1563, 1650, 1937, 1996, 2001, 2033, 2102, 2108, 2260, 2267, 2306, 2351, 2444, 2462, 2653, 2658, 2817, 2819, 2837, 2887, 2949, 2953, 2972, 3035, 3285, 3305, 3392, 3477, 3529, 3552, 3557, 3913, 3932, 3942, 3994, 4041, 4141, 4161, 4213, 4223, 4243, 4245, 4247, 4249, 4253, 4257, 4259, 4261, 4273, 4275, 4279, 4595, 4701, 4732, 4870, 4965, 5039, 5058, 5067, 5131, 5150]","[359, 1308, 1650]","[90, 277, 378, 514, 638, 869, 878, 936, 970, 1058, 1250, 1325, 1329, 1338, 1456, 1563, 1937, 1996, 2001, 2033, 2102, 2108, 2260, 2267, 2306, 2351, 2444, 2462, 2653, 2658, 2817, 2819, 2837, 2887, 2949, 2953, 2972, 3035, 3285, 3305, 3392, 3477, 3529, 3552, 3557, 3913, 3932, 3942, 3994, 4041, 4141, 4161, 4213, 4223, 4243, 4245, 4247, 4249, 4253, 4257, 4259, 4261, 4273, 4275, 4279, 4595, 4701, 4732, 4870, 4965, 5039, 5058, 5067, 5131, 5150]","[359, 1308, 1650]",5159,78,5081,3,75,5081,0
1.5,HUMAPEXN,"[137, 172, 284, 294, 344, 349, 486, 823, 946, 954, 967, 1002, 1032, 1151, 1156, 1186, 1190, 1268, 1335, 1347, 1364, 1368, 1376, 1417, 1434, 1465, 1530, 1535, 1539, 1565, 1589, 1693, 1748, 1863, 1982, 2021, 2233, 2341, 2428, 2432, 2539, 2563, 2573, 2622, 2781, 2814, 2845, 2850, 2861, 3144, 3266, 3608, 3617, 3721]","[1465, 1863, 2622]","[137, 172, 284, 294, 344, 349, 486, 823, 946, 954, 967, 1002, 1032, 1151, 1156, 1186, 1190, 1268, 1335, 1347, 1364, 1368, 1376, 1417, 1434, 1530, 1535, 1539, 1565, 1589, 1693, 1748, 1982, 2021, 2233, 2341, 2428, 2432, 2539, 2563, 2573, 2781, 2814, 2845, 2850, 2861, 3144, 3266, 3608, 3617, 3721]","[1465, 1863, 2622]",3722,54,3668,3,51,3668,0
1.5,HUMAPOCII,"[70, 94, 102, 112, 169, 184, 198, 280, 349, 384, 389, 501, 547, 571, 589, 685, 687, 689, 691, 693, 695, 699, 811, 891, 930, 965, 1012, 1061, 1075, 1107, 1147, 1230, 1263, 1331, 1434, 1557, 1692, 1778, 1789, 1812, 1837, 1856, 1958, 1980, 1985, 2142, 2187, 2219, 2255, 2305, 2321, 2353, 2405, 2467, 2512, 2561, 2571, 2630, 2642, 2760, 2866, 2982, 2995, 3001, 3223, 3279, 3321, 3960, 3999, 4022, 4259, 4263, 4294, 4333]","[2995, 3321]","[70, 94, 102, 112, 169, 184, 198, 280, 349, 384, 389, 501, 547, 571, 589, 685, 687, 689, 691, 693, 695, 699, 811, 891, 930, 965, 1012, 1061, 1075, 1107, 1147, 1230, 1263, 1331, 1434, 1557, 1692, 1778, 1789, 1812, 1837, 1856, 1958, 1980, 1985, 2142, 2187, 2219, 2255, 2305, 2321, 2353, 2405, 2467, 2512, 2561, 2571, 2630, 2642, 2760, 2866, 2982, 3001, 3223, 3279, 3960, 3999, 4022, 4259, 4263, 4294, 4333]","[2995, 3321]",4332,74,4258,2,72,4258,0
1.5,HUMAPOE4,"[40, 166, 188, 214, 281, 414, 617, 752, 845, 867, 1064, 1091, 1173, 1225, 1294, 1299, 1324, 1433, 1506, 1511, 1526, 1575, 1586, 1711, 1773, 1783, 1799, 1882, 1914, 2365, 2409, 2571, 2611, 2661, 2706, 2772, 2819, 2863, 2944, 2965, 3021, 3033, 3135, 3156, 3183, 3200, 3234, 3750, 3851, 3929, 3944, 3949, 3962, 4001, 4032, 4166, 4181, 4292, 4304, 4313, 4423, 4436, 4445, 4457, 4659, 4747, 4988, 5142, 5225]","[1914, 3200]","[40, 166, 188, 214, 281, 414, 617, 752, 845, 867, 1064, 1091, 1173, 1225, 1294, 1299, 1324, 1433, 1506, 1511, 1526, 1575, 1586, 1711, 1773, 1783, 1799, 1882, 2365, 2409, 2571, 2611, 2661, 2706, 2772, 2819, 2863, 2944, 2965, 3021, 3033, 3135, 3156, 3183, 3234, 3750, 3851, 3929, 3944, 3949, 3962, 4001, 4032, 4166, 4181, 4292, 4304, 4313, 4423, 4436, 4445, 4457, 4659, 4747, 4988, 5142, 5225]","[1914, 3200]",5507,69,5438,2,67,5438,0
1.5,HUMATPGG,"[156, 182, 187, 203, 213, 285, 297, 313, 320, 331, 357, 599, 662, 676, 708, 731, 748, 831, 874, 1022, 1077, 1139, 1290, 1336, 1373, 1409, 1445, 1449, 1469, 1474, 1556, 1620, 1727, 1762, 1781, 1856, 1902, 1923, 2170, 2327, 2418, 2553, 2601, 2648, 2677, 2819, 2880, 2891, 2905, 2920, 2930, 2937, 3025, 3102, 3168, 3180, 3446, 3513, 3602, 3657, 3664, 3691, 3762, 3865, 3995, 4043, 4060, 4064, 4114, 4118, 4181, 4293, 4479, 4553, 4565, 4578, 4631, 4749, 4753, 4777, 4871, 4934, 5058, 5191, 5307, 5311, 5627, 5661, 5833, 5882, 5900, 5919, 5953, 5985, 6009, 6118, 6165, 6191, 6205, 6297, 6323, 6391, 6416, 6471, 6534, 6749, 7311, 7335, 7456, 7488, 7605, 7833, 7864, 7870, 7885, 7889, 7897, 7908, 7980, 8017, 8078, 8198, 8208, 8227, 8351, 8620, 8710, 9016, 9179, 9186, 9204, 9271, 9299, 9308, 9315, 9353, 9436, 9645, 9672, 9691, 9778, 9805, 9978, 10001, 10015, 10035, 10127, 10150, 10190, 10208, 10223, 10293, 10309, 10354, 10406, 10478, 10507, 10624, 10635, 10735, 10770, 10789, 10861, 10865, 11018, 11116, 11140, 11201, 11318, 11354, 11405, 11409, 11415, 11435, 11759, 11815, 11928, 12001, 12005, 12022, 12070, 12074, 12137, 12160, 12162, 12372, 12403, 12415, 12511, 12544, 12549, 12858, 12882, 12987, 13022, 13136, 13243, 13458, 13546, 13592, 13663, 13759, 13775, 13851, 13883, 14011, 14032, 14100, 14110, 14137, 14276, 14470, 14537, 14552, 14682, 14755, 14881, 14918, 14974, 15036]","[1445, 1727, 1902, 2677, 4293, 4749, 5307, 6118, 6534, 6749, 7456, 8198, 9436, 9672, 10190, 11405, 12074, 13663, 14100, 14276]","[156, 182, 187, 203, 213, 285, 297, 313, 320, 331, 357, 599, 662, 676, 708, 731, 748, 831, 874, 1022, 1077, 1139, 1290, 1336, 1373, 1409, 1449, 1469, 1474, 1556, 1620, 1762, 1781, 1856, 1923, 2170, 2327, 2418, 2553, 2601, 2648, 2819, 2880, 2891, 2905, 2920, 2930, 2937, 3025, 3102, 3168, 3180, 3446, 3513, 3602, 3657, 3664, 3691, 3762, 3865, 3995, 4043, 4060, 4064, 4114, 4118, 4181, 4479, 4553, 4565, 4578, 4631, 4753, 4777, 4871, 4934, 5058, 5191, 5311, 5627, 5661, 5833, 5882, 5900, 5919, 5953, 5985, 6009, 6165, 6191, 6205, 6297, 6323, 6391, 6416, 6471, 7311, 7335, 7488, 7605, 7833, 7864, 7870, 7885, 7889, 7897, 7908, 7980, 8017, 8078, 8208, 8227, 8351, 8620, 8710, 9016, 9179, 9186, 9204, 9271, 9299, 9308, 9315, 9353, 9645, 9691, 9778, 9805, 9978, 10001, 10015, 10035, 10127, 10150, 10208, 10223, 10293, 10309, 10354, 10406, 10478, 10507, 10624, 10635, 10735, 10770, 10789, 10861, 10865, 11018, 11116, 11140, 11201, 11318, 11354, 11409, 11415, 11435, 11759, 11815, 11928, 12001, 12005, 12022, 12070, 12137, 12160, 12162, 12372, 12403, 12415, 12511, 12544, 12549, 12858, 12882, 12987, 13022, 13136, 13243, 13458, 13546, 13592, 13759, 13775, 13851, 13883, 14011, 14032, 14110, 14137, 14470, 14537, 14552, 14682, 14755, 14881, 14918, 14974, 15036]","[1445, 1727, 1902, 2677, 4293, 4749, 5307, 6118, 6534, 6749, 7456, 8198, 9436, 9672, 9946, 10190, 11405, 12074, 13663, 14100, 14276]",15107,220,14887,20,200,14886,1
1.5,HUMBETGLOA,"[52, 252, 351, 376, 443, 601, 687, 735, 791, 869, 910, 920, 935, 942, 958, 962, 1176, 1204, 1264, 1276, 1311, 1395, 1752, 1792, 1907, 2016, 2079, 2173, 2179, 2255, 2280, 2468, 2475, 2559, 2638, 2931, 2964]","[958, 1311]","[52, 252, 351, 376, 443, 601, 687, 735, 791, 869, 910, 920, 935, 942, 962, 1176, 1204, 1264, 1276, 1395, 1752, 1792, 1907, 2016, 2079, 2173, 2179, 2255, 2280, 2468, 2475, 2559, 2638, 2931, 2964]","[958, 1311]",2994,37,2957,2,35,2957,0
1.5,HUMBETGLOB,"[52, 252, 349, 374, 441, 599, 685, 733, 789, 867, 908, 918, 933, 940, 956, 960, 1174, 1202, 1262, 1274, 1309, 1385, 1393, 1750, 1790, 1905, 2014, 2077, 2171, 2177, 2253, 2278, 2466, 2473, 2557, 2636, 2929, 2962]","[956, 1309]","[52, 252, 349, 374, 441, 599, 685, 733, 789, 867, 908, 918, 933, 940, 960, 1174, 1202, 1262, 1274, 1385, 1393, 1750, 1790, 1905, 2014, 2077, 2171, 2177, 2253, 2278, 2466, 2473, 2557, 2636, 2929, 2962]","[956, 1309]",2992,38,2954,2,36,2954,0
1.5,HUMBETGLOC,"[52, 252, 351, 376, 443, 601, 687, 735, 791, 869, 910, 920, 935, 942, 958, 962, 1176, 1204, 1264, 1276, 1311, 1387, 1395, 1752, 1792, 1907, 2016, 2079, 2173, 2179, 2255, 2280, 2468, 2475, 2559, 2638, 2931, 2964]","[958, 1311]","[52, 252, 351, 376, 443, 601, 687, 735, 791, 869, 910, 920, 935, 942, 962, 1176, 1204, 1264, 1276, 1387, 1395, 1752, 1792, 1907, 2016, 2079, 2173, 2179, 2255, 2280, 2468, 2475, 2559, 2638, 2931, 2964]","[958, 1311]",2994,38,2956,2,36,2956,0
1.5,HUMBETGLOD,"[52, 252, 351, 376, 443, 601, 687, 735, 791, 869, 910, 920, 935, 942, 958, 962, 1176, 1204, 1264, 1276, 1311, 1387, 1395, 1752, 1792, 1907, 2016, 2079, 2173, 2179, 2255, 2280, 2468, 2475, 2559, 2638, 2931, 2964]","[958, 1311]","[52, 252, 351, 376, 443, 601, 687, 735, 791, 869, 910, 920, 935, 942, 962, 1176, 1204, 1264, 1276, 1387, 1395, 1752, 1792, 1907, 2016, 2079, 2173, 2179, 2255, 2280, 2468, 2475, 2559, 2638, 2931, 2964]","[958, 1311]",2994,38,2956,2,36,2956,0
1.5,HUMBETGLOE,"[52, 252, 349, 374, 441, 599, 685, 733, 789, 867, 908, 918, 933, 940, 956, 960, 1174, 1202, 1262, 1274, 1309, 1385, 1393, 1750, 1790, 1905, 2014, 2077, 2171, 2177, 2253, 2278, 2466, 2473, 2557, 2636, 2929, 2962]","[956, 1309]","[52, 252, 349, 374, 441, 599, 685, 733, 789, 867, 908, 918, 933, 940, 960, 1174, 1202, 1262, 1274, 1385, 1393, 1750, 1790, 1905, 2014, 2077, 2171, 2177, 2253, 2278, 2466, 2473, 2557, 2636, 2929, 2962]","[956, 1309]",2992,38,2954,2,36,2954,0
1.5,HUMBETGLOF,"[52, 252, 351, 376, 443, 601, 687, 735, 791, 869, 910, 920, 935, 942, 958, 962, 1176, 1204, 1264, 1276, 1311, 1395, 1752, 1792, 1907, 2016, 2079, 2173, 2179, 2255, 2280, 2468, 2475, 2559, 2638, 2931, 2964]","[958, 1311]","[52, 252, 351, 376, 443, 601, 687, 735, 791, 869, 910, 920, 935, 942, 962, 1176, 1204, 1264, 1276, 1395, 1752, 1792, 1907, 2016, 2079, 2173, 2179, 2255, 2280, 2468, 2475, 2559, 2638, 2931, 2964]","[958, 1311]",2994,37,2957,2,35,2957,0
1.5,HUMBETGLOG,"[52, 252, 351, 376, 443, 601, 687, 735, 791, 869, 910, 920, 935, 942, 958, 962, 1176, 1204, 1264, 1276, 1311, 1395, 1752, 1792, 1907, 2016, 2079, 2173, 2179, 2255, 2280, 2468, 2475, 2559, 2638, 2931, 2964]","[958, 1311]","[52, 252, 351, 376, 443, 601, 687, 735, 791, 869, 910, 920, 935, 942, 962, 1176, 1204, 1264, 1276, 1395, 1752, 1792, 1907, 2016, 2079, 2173, 2179, 2255, 2280, 2468, 2475, 2559, 2638, 2931, 2964]","[958, 1311]",2994,37,2957,2,35,2957,0
1.5,HUMBETGLOH,"[52, 252, 351, 376, 443, 601, 687, 735, 791, 869, 910, 920, 935, 942, 958, 962, 1176, 1204, 1264, 1276, 1311, 1395, 1752, 1792, 1907, 2016, 2079, 2173, 2179, 2255, 2280, 2468, 2475, 2559, 2638, 2931, 2964]","[958, 1311]","[52, 252, 351, 376, 443, 601, 687, 735, 791, 869, 910, 920, 935, 942, 962, 1176, 1204, 1264, 1276, 1395, 1752, 1792, 1907, 2016, 2079, 2173, 2179, 2255, 2280, 2468, 2475, 2559, 2638, 2931, 2964]","[958, 1311]",2994,37,2957,2,35,2957,0
1.5,HUMBETGLOI,"[52, 252, 349, 374, 441, 599, 685, 733, 789, 867, 908, 918, 933, 940, 956, 960, 1174, 1202, 1262, 1274, 1309, 1393, 1750, 1790, 1905, 2014, 2077, 2171, 2177, 2253, 2278, 2466, 2473, 2557, 2636, 2929, 2962]","[956, 1309]","[52, 252, 349, 374, 441, 599, 685, 733, 789, 867, 908, 918, 933, 940, 960, 1174, 1202, 1262, 1274, 1393, 1750, 1790, 1905, 2014, 2077, 2171, 2177, 2253, 2278, 2466, 2473, 2557, 2636, 2929, 2962]","[956, 1309]",2992,37,2955,2,35,2955,0
1.5,HUMBETGLOJ,"[52, 252, 349, 374, 441, 599, 685, 733, 789, 867, 908, 918, 933, 940, 956, 960, 1174, 1202, 1262, 1274, 1309, 1393, 1750, 1790, 1905, 2014, 2077, 2171, 2177, 2253, 2278, 2466, 2473, 2557, 2636, 2929, 2962]","[956, 1309]","[52, 252, 349, 374, 441, 599, 685, 733, 789, 867, 908, 918, 933, 940, 960, 1174, 1202, 1262, 1274, 1393, 1750, 1790, 1905, 2014, 2077, 2171, 2177, 2253, 2278, 2466, 2473, 2557, 2636, 2929, 2962]","[956, 1309]",2992,37,2955,2,35,2955,0
1.5,HUMBETGLOK,"[52, 252, 349, 374, 441, 599, 685, 733, 789, 867, 908, 918, 933, 940, 956, 960, 1174, 1202, 1262, 1274, 1309, 1393, 1750, 1790, 1905, 2014, 2077, 2171, 2177, 2253, 2278, 2466, 2473, 2557, 2636, 2929, 2962]","[956, 1309]","[52, 252, 349, 374, 441, 599, 685, 733, 789, 867, 908, 918, 933, 940, 960, 1174, 1202, 1262, 1274, 1393, 1750, 1790, 1905, 2014, 2077, 2171, 2177, 2253, 2278, 2466, 2473, 2557, 2636, 2929, 2962]","[956, 1309]",2992,37,2955,2,35,2955,0
1.5,HUMBETGLOL,"[52, 252, 349, 374, 441, 599, 685, 733, 789, 867, 908, 918, 933, 940, 956, 960, 1174, 1202, 1262, 1274, 1309, 1393, 1750, 1790, 1905, 2014, 2077, 2171, 2177, 2253, 2278, 2466, 2473, 2557, 2636, 2929, 2962]","[956, 1309]","[52, 252, 349, 374, 441, 599, 685, 733, 789, 867, 908, 918, 933, 940, 960, 1174, 1202, 1262, 1274, 1393, 1750, 1790, 1905, 2014, 2077, 2171, 2177, 2253, 2278, 2466, 2473, 2557, 2636, 2929, 2962]","[956, 1309]",2992,37,2955,2,35,2955,0
1.5,HUMBETGLOM,"[52, 252, 348, 373, 440, 598, 684, 732, 788, 866, 907, 917, 932, 939, 955, 959, 1173, 1201, 1261, 1273, 1308, 1392, 1749, 1789, 1904, 2013, 2076, 2170, 2176, 2252, 2277, 2465, 2472, 2556, 2635, 2928, 2961]","[955, 1308]","[52, 252, 348, 373, 440, 598, 684, 732, 788, 866, 907, 917, 932, 939, 959, 1173, 1201, 1261, 1273, 1392, 1749, 1789, 1904, 2013, 2076, 2170, 2176, 2252, 2277, 2465, 2472, 2556, 2635, 2928, 2961]","[955, 1308]",2991,37,2954,2,35,2954,0
1.5,HUMBETGLON,"[52, 252, 349, 374, 441, 599, 685, 733, 789, 867, 908, 918, 933, 940, 956, 960, 1174, 1202, 1262, 1274, 1309, 1393, 1750, 1790, 1905, 2014, 2077, 2171, 2177, 2253, 2278, 2466, 2473, 2557, 2636, 2929, 2962]","[956, 1309]","[52, 252, 349, 374, 441, 599, 685, 733, 789, 867, 908, 918, 933, 940, 960, 1174, 1202, 1262, 1274, 1393, 1750, 1790, 1905, 2014, 2077, 2171, 2177, 2253, 2278, 2466, 2473, 2557, 2636, 2929, 2962]","[956, 1309]",2992,37,2955,2,35,2955,0
1.5,HUMBETGLOO,"[52, 252, 349, 374, 441, 599, 685, 733, 789, 867, 908, 918, 933, 940, 956, 960, 1174, 1202, 1262, 1274, 1309, 1393, 1750, 1790, 1905, 2014, 2077, 2171, 2177, 2253, 2278, 2466, 2473, 2557, 2636, 2929, 2962]","[956, 1309]","[52, 252, 349, 374, 441, 599, 685, 733, 789, 867, 908, 918, 933, 940, 960, 1174, 1202, 1262, 1274, 1393, 1750, 1790, 1905, 2014, 2077, 2171, 2177, 2253, 2278, 2466, 2473, 2557, 2636, 2929, 2962]","[956, 1309]",2992,37,2955,2,35,2955,0
1.5,HUMBETGLOP,"[52, 252, 349, 374, 441, 599, 685, 733, 789, 867, 908, 918, 933, 940, 956, 960, 1174, 1202, 1262, 1274, 1309, 1393, 1750, 1790, 1905, 2014, 2077, 2171, 2177, 2253, 2278, 2466, 2473, 2557, 2636, 2929, 2962]","[956, 1309]","[52, 252, 349, 374, 441, 599, 685, 733, 789, 867, 908, 918, 933, 940, 960, 1174, 1202, 1262, 1274, 1393, 1750, 1790, 1905, 2014, 2077, 2171, 2177, 2253, 2278, 2466, 2473, 2557, 2636, 2929, 2962]","[956, 1309]",2992,37,2955,2,35,2955,0
1.5,HUMBETGLOR,"[52, 252, 349, 374, 441, 599, 685, 733, 789, 867, 908, 918, 933, 940, 956, 960, 1174, 1202, 1262, 1274, 1309, 1393, 1750, 1790, 1905, 2014, 2077, 2171, 2177, 2253, 2278, 2466, 2473, 2557, 2636, 2929, 2962]","[956, 1309]","[52, 252, 349, 374, 441, 599, 685, 733, 789, 867, 908, 918, 933, 940, 960, 1174, 1202, 1262, 1274, 1393, 1750, 1790, 1905, 2014, 2077, 2171, 2177, 2253, 2278, 2466, 2473, 2557, 2636, 2929, 2962]","[956, 1309]",2992,37,2955,2,35,2955,0
1.5,HUMCBRG,"[32, 80, 90, 156, 167, 237, 254, 296, 305, 341, 395, 416, 517, 567, 704, 881, 914, 976, 1073, 1147, 1172, 1220, 1525, 1540, 1582, 1799, 1985, 2114, 2123, 2272, 2282, 2494, 2616, 2622, 2640, 2689, 2715, 2732, 2796, 2848, 2897, 2901, 2950, 3041, 3177]","[567, 1220]","[32, 80, 90, 156, 167, 237, 254, 296, 305, 341, 395, 416, 517, 704, 881, 914, 976, 1073, 1147, 1172, 1525, 1540, 1582, 1799, 1985, 2114, 2123, 2272, 2282, 2494, 2616, 2622, 2640, 2689, 2715, 2732, 2796, 2848, 2897, 2901, 2950, 3041, 3177]","[567, 1220]",3318,45,3273,2,43,3273,0
1.5,HUMCHYMASE,"[160, 269, 501, 510, 616, 646, 811, 969, 1026, 1185, 1204, 1216, 1221, 1277, 1379, 1458, 1709, 1808, 1826, 2073, 2214, 2315, 2361, 2682, 2951, 2966, 3038, 3135, 3165, 3252, 3406, 3463, 3671, 3683, 3765, 3874, 3982, 4038, 4087, 4092, 4098, 4104, 4149, 4355, 4379, 4385, 4488, 4569, 4831, 4923, 4986, 5028, 5043, 5216, 5474, 5602, 5629, 5644, 5723, 5779, 6037, 6668, 6686, 6922, 7138, 7191, 7198, 7220, 7255, 7323, 7363, 7435, 7455, 7463, 7548, 7615, 7656, 7795, 7931, 8006, 8031, 8052, 8056, 8058, 8094]","[5216, 6037, 6922, 7363]","[160, 269, 501, 510, 616, 646, 811, 969, 1026, 1185, 1204, 1216, 1221, 1277, 1379, 1458, 1709, 1808, 1826, 2073, 2214, 2315, 2361, 2682, 2951, 2966, 3038, 3135, 3165, 3252, 3406, 3463, 3671, 3683, 3765, 3874, 3982, 4038, 4087, 4092, 4098, 4104, 4149, 4355, 4379, 4385, 4488, 4569, 4831, 4923, 4986, 5028, 5043, 5474, 5602, 5629, 5644, 5723, 5779, 6668, 6686, 7138, 7191, 7198, 7220, 7255, 7323, 7435, 7455, 7463, 7548, 7615, 7656, 7795, 7931, 8006, 8031, 8052, 8056, 8058, 8094]","[5216, 6037, 6922, 7363]",8107,85,8022,4,81,8022,0
1.5,HUMCP21OH,"[80, 92, 126, 185, 393, 408, 435, 463, 505, 541, 614, 622, 626, 634, 644, 947, 994, 1052, 1096, 1134, 1257, 1259, 1321, 1357, 1521, 1566, 1571, 1600, 1780, 1846, 1899, 1952, 1970, 2158, 2167, 2200, 2463, 2528, 2580, 2609, 2688, 2774, 2845, 2907, 2920, 2931, 3063, 3094, 3119, 3242, 3250, 3292, 3403, 3453, 3481, 3509, 3533, 3589, 3648, 3659, 3723, 3758, 3844, 4025]","[947, 1134, 1571, 1780, 1970, 2158, 2528, 2907, 3094]","[80, 92, 126, 185, 393, 408, 435, 463, 505, 541, 614, 622, 626, 634, 644, 994, 1052, 1096, 1257, 1259, 1321, 1357, 1521, 1566, 1600, 1846, 1899, 1952, 2167, 2200, 2463, 2580, 2609, 2688, 2774, 2845, 2920, 2931, 3063, 3119, 3242, 3250, 3292, 3403, 3453, 3481, 3509, 3533, 3589, 3648, 3659, 3723, 3758, 3844, 4025]","[947, 1134, 1571, 1780, 1970, 2158, 2528, 2907, 3094]",4034,64,3970,9,55,3970,0
1.5,HUMCP21OHC,"[80, 92, 126, 185, 189, 393, 408, 435, 506, 542, 615, 623, 627, 635, 645, 948, 995, 1053, 1097, 1135, 1258, 1260, 1322, 1358, 1522, 1567, 1572, 1601, 1781, 1847, 1900, 1953, 1971, 2159, 2168, 2201, 2464, 2529, 2581, 2610, 2689, 2775, 2846, 2908, 2922, 2933, 3065, 3096, 3121, 3244, 3252, 3294, 3405, 3455, 3483, 3511, 3535, 3591, 3636, 3650, 3661, 3725, 3760, 3846, 4027]","[948, 1135, 1572, 1781, 1971, 2159, 2529, 2908, 3096]","[80, 92, 126, 185, 189, 393, 408, 435, 506, 542, 615, 623, 627, 635, 645, 995, 1053, 1097, 1258, 1260, 1322, 1358, 1522, 1567, 1601, 1847, 1900, 1953, 2168, 2201, 2464, 2581, 2610, 2689, 2775, 2846, 2922, 2933, 3065, 3121, 3244, 3252, 3294, 3405, 3455, 3483, 3511, 3535, 3591, 3636, 3650, 3661, 3725, 3760, 3846, 4027]","[948, 1135, 1572, 1781, 1971, 2159, 2529, 2908, 3096]",4036,65,3971,9,56,3971,0
1.5,HUMCS1,"[18, 85, 144, 148, 304, 310, 353, 393, 415, 429, 462, 565, 652, 669, 893, 991, 1010, 1016, 1036, 1058, 1194, 1334, 1379, 1480, 1496, 1518, 1591, 1597, 1679, 1726, 1982, 2003, 2042, 2060, 2095, 2160, 2190, 2196, 2210, 2278]","[565, 991, 1334, 1591]","[18, 85, 144, 148, 304, 310, 353, 393, 415, 429, 462, 652, 669, 893, 1010, 1016, 1036, 1058, 1194, 1379, 1480, 1496, 1518, 1597, 1679, 1726, 1982, 2003, 2042, 2060, 2095, 2160, 2190, 2196, 2210, 2278]","[565, 991, 1334, 1591]",2293,40,2253,4,36,2253,0
1.5,HUMCS3,"[18, 87, 146, 150, 306, 312, 355, 395, 417, 431, 463, 566, 654, 671, 893, 991, 1010, 1016, 1036, 1056, 1120, 1194, 1334, 1379, 1477, 1493, 1515, 1588, 1594, 1606, 1724, 1980, 2001, 2023, 2040, 2058, 2098, 2194, 2200, 2214, 2520, 2728]","[566, 991, 1334, 1588]","[18, 87, 146, 150, 306, 312, 355, 395, 417, 431, 463, 654, 671, 893, 1010, 1016, 1036, 1056, 1120, 1194, 1379, 1477, 1493, 1515, 1594, 1606, 1724, 1980, 2001, 2023, 2040, 2058, 2098, 2194, 2200, 2214, 2520, 2728]","[566, 991, 1334, 1588]",2732,42,2690,4,38,2690,0
1.5,HUMCSN2A,"[122, 241, 303, 394, 503, 509, 546, 591, 772, 912, 1100, 1200, 1404, 1451, 1524, 1542, 1586, 1819, 1845, 1858, 2086, 2107, 2135, 2139, 2175, 2228, 2255, 2287, 2468, 2520, 2559, 2570, 2593, 2751, 2753, 2761, 2802, 2824, 3019, 3145, 3194, 3233, 3235, 3411, 3423, 3430, 3480, 3584, 3645, 3738, 3776, 4104, 4170, 4184, 4188, 4368, 4499, 4520, 4623, 4719, 4855, 5274, 5348, 5391, 5439, 5521, 5620, 5742, 5747, 5778, 6064, 6088, 6140, 6144, 6244, 6276, 6302, 6392, 6492, 6682, 6722, 6747, 6768, 6810, 6887, 6959, 7126, 7145, 7155, 7171, 7201, 7210, 7221, 7234, 7324, 7474, 7617, 7662, 7789, 8114, 8186, 8353, 8396, 8483, 8522, 8564, 8574, 8598, 8662, 8683, 8711, 8715, 8751, 8805, 9044, 9325, 9482, 9569, 9918, 10040, 10050, 10137, 10265]","[4855, 5747, 6747, 6887, 8522]","[122, 241, 303, 394, 503, 509, 546, 591, 772, 912, 1100, 1200, 1404, 1451, 1524, 1542, 1586, 1819, 1845, 1858, 2086, 2107, 2135, 2139, 2175, 2228, 2255, 2287, 2468, 2520, 2559, 2570, 2593, 2751, 2753, 2761, 2802, 2824, 3019, 3145, 3194, 3233, 3235, 3411, 3423, 3430, 3480, 3584, 3645, 3738, 3776, 4104, 4170, 4184, 4188, 4368, 4499, 4520, 4623, 4719, 5274, 5348, 5391, 5439, 5521, 5620, 5742, 5778, 6064, 6088, 6140, 6144, 6244, 6276, 6302, 6392, 6492, 6682, 6722, 6768, 6810, 6959, 7126, 7145, 7155, 7171, 7201, 7210, 7221, 7234, 7324, 7474, 7617, 7662, 7789, 8114, 8186, 8353, 8396, 8483, 8564, 8574, 8598, 8662, 8683, 8711, 8715, 8751, 8805, 9044, 9325, 9482, 9569, 9918, 10040, 10050, 10137, 10265]","[4855, 5747, 6747, 6887, 8522]",10600,123,10477,5,118,10477,0
1.5,HUMCSPA,"[19, 455, 494, 771, 872, 982, 1034, 1050, 1239, 1248, 1409, 1553, 1736, 1857, 1883, 1896, 2216, 2232, 2276, 2372, 2454, 2462, 2470, 2477, 2755, 2860, 2929, 2968, 3026, 3164, 3200, 3392, 3455, 3608, 3691, 3815, 3819, 3837, 4007, 4129, 4193, 4526]","[982, 2276, 2929, 3392]","[19, 455, 494, 771, 872, 1034, 1050, 1239, 1248, 1409, 1553, 1736, 1857, 1883, 1896, 2216, 2232, 2372, 2454, 2462, 2470, 2477, 2755, 2860, 2968, 3026, 3164, 3200, 3455, 3608, 3691, 3815, 3819, 3837, 4007, 4129, 4193, 4526]","[982, 2276, 2929, 3392]",4783,42,4741,4,38,4741,0
1.5,HUMCTLA1,"[13, 58, 205, 240, 440, 597, 605, 701, 705, 769, 775, 799, 988, 1120, 1184, 1188, 1229, 1246, 1299, 1332, 1391, 1628, 1760, 1812, 1976, 2000, 2119, 2124, 2179, 2264, 2297, 2336, 2349, 2360, 2375, 2482, 2596, 2701, 2770, 2809, 2867, 3041, 3122, 3151, 3183, 3196, 3200, 3236, 3435, 3480, 3513, 3532, 3550, 3695, 3703, 3777, 3900, 3912, 4050, 4099, 4394]","[988, 2179, 2770, 3236]","[13, 58, 205, 240, 440, 597, 605, 701, 705, 769, 775, 799, 1120, 1184, 1188, 1229, 1246, 1299, 1332, 1391, 1628, 1760, 1812, 1976, 2000, 2119, 2124, 2264, 2297, 2336, 2349, 2360, 2375, 2482, 2596, 2701, 2809, 2867, 3041, 3122, 3151, 3183, 3196, 3200, 3435, 3480, 3513, 3532, 3550, 3695, 3703, 3777, 3900, 3912, 4050, 4099, 4394]","[988, 2179, 2770, 3236]",4520,61,4459,4,57,4459,0
1.5,HUMDEF5A,"[58, 97, 159, 226, 296, 326, 500, 558, 677, 720, 923, 980, 1007, 1100, 1387, 1571, 1641, 1719, 1922, 1934, 2039, 2196, 2240, 2276, 2280, 2299, 2323, 2394, 2481, 2601, 2618, 2859]",[1571],"[58, 97, 159, 226, 296, 326, 500, 558, 677, 720, 923, 980, 1007, 1100, 1387, 1641, 1719, 1922, 1934, 2039, 2196, 2240, 2276, 2280, 2299, 2323, 2394, 2481, 2601, 2618, 2859]",[1571],2872,32,2840,1,31,2840,0
1.5,HUMDZA2G,"[24, 114, 123, 217, 249, 296, 329, 333, 595, 631, 680, 691, 727, 818, 829, 849, 990, 1074, 1160, 1302, 1425, 1531, 1586, 1645, 1715, 1747, 1759, 1789, 1912, 1973, 1982, 2003, 2008, 2013, 2171, 2206, 2239, 2296, 2353, 2553, 2928, 2955, 3113, 3382, 3430, 3466, 3554, 3566, 3637, 3711, 3740, 3763, 3775, 3795, 3877, 3942, 3969, 4027, 4171, 4262, 4294, 4416, 4436, 4633, 4810, 4849, 4857, 5001, 5130, 5316, 5325, 5389, 5393, 5413, 5436, 5508, 5623, 5681, 5742, 5791, 5803, 5819, 5868, 5904, 6013, 6158, 6178, 6400, 6544, 6555, 6576, 6608, 6636, 6991, 7006, 7279, 7391, 7542, 7635, 7830, 7869, 8063, 8142, 8186, 8480, 8605, 8741, 8829, 8873, 8981, 9070, 9078, 9184, 9198, 9281, 9440, 9481, 9584, 9590, 9649, 9758, 9807, 9819, 9898, 9945, 10013, 10082, 10166, 10273, 10355, 10461, 10466, 10495, 10538, 10604, 10609, 10624, 10645, 10677, 10774, 10862, 10894, 10947, 11016, 11212, 11267, 11273, 11300, 11360, 11451, 11530, 11787, 12139, 12219, 12274, 12316, 12318, 12335, 12544, 12885, 12915, 12929, 12937, 13070, 13183, 13207, 13458, 13467, 13473, 13485, 13594, 13601, 13632, 13679, 13793, 13857, 13862, 13887, 13930, 13938, 13978, 13984, 14171, 14282, 14315, 14357, 14396, 14472, 14633, 14651]","[5389, 9590, 13183]","[24, 114, 123, 217, 249, 296, 329, 333, 595, 631, 680, 691, 727, 818, 829, 849, 990, 1074, 1160, 1302, 1425, 1531, 1586, 1645, 1715, 1747, 1759, 1789, 1912, 1973, 1982, 2003, 2008, 2013, 2171, 2206, 2239, 2296, 2353, 2553, 2928, 2955, 3113, 3382, 3430, 3466, 3554, 3566, 3637, 3711, 3740, 3763, 3775, 3795, 3877, 3942, 3969, 4027, 4171, 4262, 4294, 4416, 4436, 4633, 4810, 4849, 4857, 5001, 5130, 5316, 5325, 5393, 5413, 5436, 5508, 5623, 5681, 5742, 5791, 5803, 5819, 5868, 5904, 6013, 6158, 6178, 6400, 6544, 6555, 6576, 6608, 6636, 6991, 7006, 7279, 7391, 7542, 7635, 7830, 7869, 8063, 8142, 8186, 8480, 8605, 8741, 8829, 8873, 8981, 9070, 9078, 9184, 9198, 9281, 9440, 9481, 9584, 9649, 9758, 9807, 9819, 9898, 9945, 10013, 10082, 10166, 10273, 10355, 10461, 10466, 10495, 10538, 10604, 10609, 10624, 10645, 10677, 10774, 10862, 10894, 10947, 11016, 11212, 11267, 11273, 11300, 11360, 11451, 11530, 11787, 12139, 12219, 12274, 12316, 12318, 12335, 12544, 12885, 12915, 12929, 12937, 13070, 13207, 13458, 13467, 13473, 13485, 13594, 13601, 13632, 13679, 13793, 13857, 13862, 13887, 13930, 13938, 13978, 13984, 14171, 14282, 14315, 14357, 14396, 14472, 14633, 14651]","[5389, 9590, 13183]",14686,190,14496,3,187,14496,0
1.5,HUMELAFIN,"[11, 43, 48, 70, 208, 326, 338, 417, 503, 548, 553, 557, 637, 786, 802, 839, 1089, 1152, 1160, 1197, 1269, 1351, 1419, 1456, 1461, 1517, 1534, 1538, 1559]",[326],"[11, 43, 48, 70, 208, 338, 417, 503, 548, 553, 557, 637, 786, 802, 839, 1089, 1152, 1160, 1197, 1269, 1351, 1419, 1456, 1461, 1517, 1534, 1538, 1559]",[326],1870,29,1841,1,28,1841,0
1.5,HUMEPOHYDD,"[11, 37, 350, 356, 362, 504, 640, 740, 776, 829, 845, 849, 865, 997, 1048, 1093, 1107, 1253, 1351, 1368, 1433, 1446, 1470, 1499, 1536, 1678, 1724, 1751, 1842, 1854, 1863, 1951, 2054, 2121, 2164, 2190, 2283, 2289, 2301, 2324, 2464, 2523, 2541, 2546, 2801, 2972, 2990, 3022, 3063, 3069, 3143, 3313, 3327, 3429, 3443, 3451, 3472, 3511, 3517, 3588, 3598, 3635, 3680, 3941, 3997, 4151, 4208, 4312, 4319, 4385, 4407, 4470, 4521, 4526, 4704, 4725, 4758, 4868, 4900, 4940, 4952, 4996, 5057, 5065, 5207, 5211, 5297, 5571, 5589, 5629, 5637, 5656, 5700, 5780, 5814, 5909, 5925, 5979, 5997, 6053, 6067, 6103, 6115, 6277, 6289, 6294, 6334, 6349, 6389, 6422, 6474, 6537, 6542, 6585, 6599, 6631, 6758, 6950, 7064, 7098, 7197, 7201, 7253, 7261, 7439, 7509, 7537, 7563, 7695, 7946, 7960, 7997, 8217, 8229, 8328, 8343, 8373, 8378, 8650, 8696, 8728, 8759, 8818, 8999, 9045, 9049, 9061, 9091, 9132, 9213, 9328, 9470, 9489, 9499, 9564, 9601, 9709, 9866, 9982, 10038, 10042, 10101, 10184, 10212, 10263, 10307, 10319, 10351, 10392, 10404, 10475, 10599, 10621, 10654, 10753, 10778, 10813, 10872, 10877, 10904, 10921, 10933, 10965, 11017, 11088, 11192, 11240, 11282, 11414, 11482, 11614, 11772, 11796, 11832, 11845, 11896, 12021, 12105, 12188, 12409, 12553, 12568, 12570, 12607, 12625, 12682, 12819, 12823, 12924, 12928, 13058, 13103, 13241, 13279, 13286, 13322, 13416, 13558, 13603, 13618, 13651, 13743, 13763, 13804, 13808, 13810, 13815, 13912, 13924, 13971, 14086, 14095, 14107, 14168, 14316, 14420, 14495, 14539, 14592, 14606, 14624, 14676, 14788, 14925, 14941, 15062, 15106, 15197, 15227, 15415, 15443, 15466, 15620, 15666, 15705, 15831, 15858, 15916, 15924, 15966, 16077, 16085, 16105, 16109, 16111, 16113, 16115, 16117, 16119, 16121, 16123, 16125, 16127, 16129, 16131, 16133, 16135, 16137, 16139, 16172, 16282, 16324, 16433, 16570, 16689, 16708, 16771, 16775, 16837, 16885, 17075, 17080, 17135, 17170, 17238, 17258, 17442, 17489, 17502, 17511, 17646, 17705, 17789, 17805, 17810, 17870, 17986, 18064, 18077, 18254, 18296, 18298, 18395, 18539, 18573, 18823, 18879, 18887, 18944, 19118, 19204, 19347, 19373, 19378, 19386, 19571, 19698, 19785, 19814, 19867, 19874, 19920, 19985, 20080, 20118, 20318, 20403, 20545, 20674, 20683, 20688, 20720, 20725, 20739, 20857, 20883, 20906, 20926, 20954, 20979, 20994, 20998, 21017, 21080, 21112, 21201, 21354, 21441, 21468, 21501, 21539, 21564, 21648, 21715, 21768, 21772, 21941, 21945, 21956, 21987, 22055, 22059, 22115, 22251, 22318, 22516, 22539, 22603, 22696, 22830, 22856, 22952, 22956, 22980, 23010, 23083, 23217, 23326, 23497, 23652, 23927, 24312, 24408, 24469, 24481, 24592, 24629, 24773]","[5656, 8696, 15620, 16085, 16775, 19204, 21354]","[11, 37, 350, 356, 362, 504, 640, 740, 776, 829, 845, 849, 865, 997, 1048, 1093, 1107, 1253, 1351, 1368, 1433, 1446, 1470, 1499, 1536, 1678, 1724, 1751, 1842, 1854, 1863, 1951, 2054, 2121, 2164, 2190, 2283, 2289, 2301, 2324, 2464, 2523, 2541, 2546, 2801, 2972, 2990, 3022, 3063, 3069, 3143, 3313, 3327, 3429, 3443, 3451, 3472, 3511, 3517, 3588, 3598, 3635, 3680, 3941, 3997, 4151, 4208, 4312, 4319, 4385, 4407, 4470, 4521, 4526, 4704, 4725, 4758, 4868, 4900, 4940, 4952, 4996, 5057, 5065, 5207, 5211, 5297, 5571, 5589, 5629, 5637, 5700, 5780, 5814, 5909, 5925, 5979, 5997, 6053, 6067, 6103, 6115, 6277, 6289, 6294, 6334, 6349, 6389, 6422, 6474, 6537, 6542, 6585, 6599, 6631, 6758, 6950, 7064, 7098, 7197, 7201, 7253, 7261, 7439, 7509, 7537, 7563, 7695, 7946, 7960, 7997, 8217, 8229, 8328, 8343, 8373, 8378, 8650, 8728, 8759, 8818, 8999, 9045, 9049, 9061, 9091, 9132, 9213, 9328, 9470, 9489, 9499, 9564, 9601, 9709, 9866, 9982, 10038, 10042, 10101, 10184, 10212, 10263, 10307, 10319, 10351, 10392, 10404, 10475, 10599, 10621, 10654, 10753, 10778, 10813, 10872, 10877, 10904, 10921, 10933, 10965, 11017, 11088, 11192, 11240, 11282, 11414, 11482, 11614, 11772, 11796, 11832, 11845, 11896, 12021, 12105, 12188, 12409, 12553, 12568, 12570, 12607, 12625, 12682, 12819, 12823, 12924, 12928, 13058, 13103, 13241, 13279, 13286, 13322, 13416, 13558, 13603, 13618, 13651, 13743, 13763, 13804, 13808, 13810, 13815, 13912, 13924, 13971, 14086, 14095, 14107, 14168, 14316, 14420, 14495, 14539, 14592, 14606, 14624, 14676, 14788, 14925, 14941, 15062, 15106, 15197, 15227, 15415, 15443, 15466, 15666, 15705, 15831, 15858, 15916, 15924, 15966, 16077, 16105, 16109, 16111, 16113, 16115, 16117, 16119, 16121, 16123, 16125, 16127, 16129, 16131, 16133, 16135, 16137, 16139, 16172, 16282, 16324, 16433, 16570, 16689, 16708, 16771, 16837, 16885, 17075, 17080, 17135, 17170, 17238, 17258, 17442, 17489, 17502, 17511, 17646, 17705, 17789, 17805, 17810, 17870, 17986, 18064, 18077, 18254, 18296, 18298, 18395, 18539, 18573, 18823, 18879, 18887, 18944, 19118, 19347, 19373, 19378, 19386, 19571, 19698, 19785, 19814, 19867, 19874, 19920, 19985, 20080, 20118, 20318, 20403, 20545, 20674, 20683, 20688, 20720, 20725, 20739, 20857, 20883, 20906, 20926, 20954, 20979, 20994, 20998, 21017, 21080, 21112, 21201, 21441, 21468, 21501, 21539, 21564, 21648, 21715, 21768, 21772, 21941, 21945, 21956, 21987, 22055, 22059, 22115, 22251, 22318, 22516, 22539, 22603, 22696, 22830, 22856, 22952, 22956, 22980, 23010, 23083, 23217, 23326, 23497, 23652, 23927, 24312, 24408, 24469, 24481, 24592, 24629, 24773]","[5656, 8696, 15620, 16085, 16775, 19204, 21354]",24782,398,24384,7,391,24384,0
1.5,HUMG0S24B,"[91, 103, 107, 151, 538, 631, 658, 801, 812, 855, 1005, 1087, 1133, 1182, 1261, 1264, 1268, 1331, 1392, 1415, 1624, 1760, 2236, 2402, 2413, 2483, 2509, 2573, 2598, 2723, 2785, 2817, 3102]",[631],"[91, 103, 107, 151, 538, 658, 801, 812, 855, 1005, 1087, 1133, 1182, 1261, 1264, 1268, 1331, 1392, 1415, 1624, 1760, 2236, 2402, 2413, 2483, 2509, 2573, 2598, 2723, 2785, 2817, 3102]",[631],3127,33,3094,1,32,3094,0
1.5,HUMG0S8PP,"[91, 216, 248, 401, 545, 625, 630, 660, 743, 784, 889, 942, 1006, 1018, 1104, 1230, 1342, 1379, 1523, 1588, 1672, 1719, 2009, 2142, 2148, 2152, 2257, 2333, 2359, 2399, 2682, 2686, 2744, 2813, 2826, 2842, 2853, 2920, 3036, 3166, 3170, 3261, 3286, 3358, 3431, 3467, 3558, 3577, 3590, 3768, 3836, 3840, 3897, 3932, 4113, 4167, 4172, 4267, 4316, 4356, 4399, 4521, 4551, 4646, 4699, 4736, 4785, 4985, 5096, 5153, 5252, 5273, 5361, 5383, 5391, 5442, 5516, 5540, 5571, 5586, 5606, 5788, 5877, 6056, 6062, 6110, 6162, 6236, 6257, 6457, 6552, 6839, 7286]","[2682, 3768, 3932, 4646]","[91, 216, 248, 401, 545, 625, 630, 660, 743, 784, 889, 942, 1006, 1018, 1104, 1230, 1342, 1379, 1523, 1588, 1672, 1719, 2009, 2142, 2148, 2152, 2257, 2333, 2359, 2399, 2686, 2744, 2813, 2826, 2842, 2853, 2920, 3036, 3166, 3170, 3261, 3286, 3358, 3431, 3467, 3558, 3577, 3590, 3836, 3840, 3897, 4113, 4167, 4172, 4267, 4316, 4356, 4399, 4521, 4551, 4699, 4736, 4785, 4985, 5096, 5153, 5252, 5273, 5361, 5383, 5391, 5442, 5516, 5540, 5571, 5586, 5606, 5788, 5877, 6056, 6062, 6110, 6162, 6236, 6257, 6457, 6552, 6839, 7286]","[2682, 3768, 3932, 4646]",7337,93,7244,4,89,7244,0
1.5,HUMGAD45A,"[11, 233, 392, 628, 724, 786, 927, 963, 1008, 1042, 1114, 1178, 1215, 1292, 1321, 1396, 1425, 1558, 1628, 1761, 1779, 1800, 1906, 2020, 2203, 2217, 2266, 2304, 2457, 2461, 2596, 2655, 2835, 2927, 2968, 2975, 3006, 3078, 3092, 3157, 3184, 3534, 3639, 3645, 3675, 3730, 3734, 3740, 3827, 3880, 3932, 4046, 4167, 4171, 4194, 4250, 4283, 4303, 4396, 4402, 4414, 4427, 4472, 4529, 4828, 4956, 5015, 5180, 5205]","[2596, 3184, 3645]","[11, 233, 392, 628, 724, 786, 927, 963, 1008, 1042, 1114, 1178, 1215, 1292, 1321, 1396, 1425, 1558, 1628, 1761, 1779, 1800, 1906, 2020, 2203, 2217, 2266, 2304, 2457, 2461, 2655, 2835, 2927, 2968, 2975, 3006, 3078, 3092, 3157, 3534, 3639, 3675, 3730, 3734, 3740, 3827, 3880, 3932, 4046, 4167, 4171, 4194, 4250, 4283, 4303, 4396, 4402, 4414, 4427, 4472, 4529, 4828, 4956, 5015, 5180, 5205]","[2596, 3184, 3645]",5370,69,5301,3,66,5301,0
1.5,HUMGARE,"[20, 25, 71, 299, 309, 322, 590, 598, 609, 633, 758, 810, 814, 852, 964, 1041, 1056, 1121, 1138, 1264, 1273, 1277, 1292, 1386, 1399, 1467, 1525, 1537, 1583, 1641, 1688, 1872, 1881, 1900, 1906, 2239, 2243, 2299, 2328, 2330, 2373, 2411, 2415, 2455, 2489, 2519, 2558, 2591, 2611, 2631, 2653, 2861, 2936, 2960, 2964, 2998, 3070, 3118, 3133, 3186, 3190, 3207, 3213, 3254, 3259, 3369, 3507, 3522, 3598, 3619, 3872, 3993, 4141, 4263, 4469, 4637, 4704, 4718]","[810, 2239, 2653, 3118]","[20, 25, 71, 299, 309, 322, 590, 598, 609, 633, 758, 814, 852, 964, 1041, 1056, 1121, 1138, 1264, 1273, 1277, 1292, 1386, 1399, 1467, 1525, 1537, 1583, 1641, 1688, 1872, 1881, 1900, 1906, 2243, 2299, 2328, 2330, 2373, 2411, 2415, 2455, 2489, 2519, 2558, 2591, 2611, 2631, 2861, 2936, 2960, 2964, 2998, 3070, 3133, 3186, 3190, 3207, 3213, 3254, 3259, 3369, 3507, 3522, 3598, 3619, 3872, 3993, 4141, 4263, 4469, 4637, 4704, 4718]","[810, 2239, 2653, 3118]",4746,78,4668,4,74,4668,0
1.5,HUMGCK,"[66, 304, 444, 506, 573, 634, 725, 774, 916, 979, 1188, 1249, 1514, 1542, 1582, 1989, 2345, 2454, 2493, 2647, 2946, 2971, 3051, 3080, 3096, 3108, 3123, 3197, 3248, 3314, 3360, 3370, 3398, 3684, 3774, 3783, 3789, 3799, 3819, 3882, 3954, 3974, 4030, 4087, 4126, 4288, 4312, 4321, 4494, 4503, 4553, 4558, 4806, 4820, 4942, 4954, 4992, 4999, 5011, 5015, 5088, 5092, 5118, 5139, 5164, 5318, 5341, 5356, 5404, 5442, 5452, 5497, 5584, 5623, 5637, 5717, 5784, 5808, 5832, 5848, 5956, 5964, 5981, 6320, 6422, 6437, 6475, 6500, 6505, 6630, 6651, 6744, 6765, 6830, 6914, 6921, 6933, 6946, 7127, 7155, 7501, 7591, 7775]","[1188, 3360, 3882, 4312, 4806, 5015, 5452, 5964, 6475]","[66, 304, 444, 506, 573, 634, 725, 774, 916, 979, 1249, 1514, 1542, 1582, 1989, 2345, 2454, 2493, 2647, 2946, 2971, 3051, 3080, 3096, 3108, 3123, 3197, 3248, 3314, 3370, 3398, 3684, 3774, 3783, 3789, 3799, 3819, 3954, 3974, 4030, 4087, 4126, 4288, 4321, 4494, 4503, 4553, 4558, 4820, 4942, 4954, 4992, 4999, 5011, 5088, 5092, 5118, 5139, 5164, 5318, 5341, 5356, 5404, 5442, 5497, 5584, 5623, 5637, 5717, 5784, 5808, 5832, 5848, 5956, 5981, 6320, 6422, 6437, 6500, 6505, 6630, 6651, 6744, 6765, 6830, 6914, 6921, 6933, 6946, 7127, 7155, 7501, 7591, 7775]","[1188, 3360, 3882, 4312, 4806, 5015, 5452, 5964, 6475]",7519,103,7416,9,94,7416,0
1.5,HUMGFP40H,"[4, 11, 22, 50, 243, 278, 434, 626, 686, 697, 763, 910, 954, 1058, 1140, 1173, 1217, 1578, 1703, 1731, 1748, 1840, 1846, 1870, 1943, 2111, 2236, 2355, 2361, 2486, 2551, 2593, 2624, 2628, 2646, 2752, 2781, 2929, 2972, 3042, 3084, 3126, 3219, 3261, 3263, 3295, 3319, 3325, 3420, 3426, 3615, 3833, 3837, 3839, 3841, 3843, 3845, 3847, 3849, 3851, 3853, 3855, 3857, 3859, 3861, 3863, 3865, 3867, 3871, 4025, 4106, 4290, 4337]","[910, 1058, 1173, 2593]","[4, 11, 22, 50, 243, 278, 434, 626, 686, 697, 763, 954, 1140, 1217, 1578, 1703, 1731, 1748, 1840, 1846, 1870, 1943, 2111, 2236, 2355, 2361, 2486, 2551, 2624, 2628, 2646, 2752, 2781, 2929, 2972, 3042, 3084, 3126, 3219, 3261, 3263, 3295, 3319, 3325, 3420, 3426, 3615, 3833, 3837, 3839, 3841, 3843, 3845, 3847, 3849, 3851, 3853, 3855, 3857, 3859, 3861, 3863, 3865, 3867, 3871, 4025, 4106, 4290, 4337]","[910, 1058, 1173, 2593]",4371,73,4298,4,69,4298,0
1.5,HUMGHG,"[40, 79, 432, 545, 689, 741, 757, 946, 955, 1116, 1260, 1443, 1564, 1590, 1603, 1923, 1939, 1983, 2079, 2161, 2169, 2177, 2184, 2462, 2567, 2636, 2675, 2733, 2871, 2907, 3099, 3162, 3315, 3398, 3522, 3526, 3544, 3713, 3835, 3899, 4218, 4354]","[689, 1983, 2636, 3099]","[40, 79, 432, 545, 741, 757, 946, 955, 1116, 1260, 1443, 1564, 1590, 1603, 1923, 1939, 2079, 2161, 2169, 2177, 2184, 2462, 2567, 2675, 2733, 2871, 2907, 3162, 3315, 3398, 3522, 3526, 3544, 3713, 3835, 3899, 4218, 4354]","[689, 1983, 2636, 3099]",4444,42,4402,4,38,4402,0
1.5,HUMGHN,"[85, 144, 148, 193, 199, 235, 265, 307, 313, 357, 397, 434, 446, 466, 569, 673, 989, 1008, 1034, 1143, 1176, 1316, 1501, 1574, 1580, 1711, 1783, 1965, 2033, 2044, 2181, 2217, 2384, 2439, 2583]","[569, 989, 1316, 1574]","[85, 144, 148, 193, 199, 235, 265, 307, 313, 357, 397, 434, 446, 466, 673, 1008, 1034, 1143, 1176, 1501, 1580, 1711, 1783, 1965, 2033, 2044, 2181, 2217, 2384, 2439, 2583]","[569, 989, 1316, 1574]",2649,35,2614,4,31,2614,0
1.5,HUMGHV,"[86, 135, 145, 149, 198, 234, 264, 306, 312, 333, 356, 396, 432, 464, 566, 653, 964, 998, 1010, 1017, 1030, 1043, 1064, 1105, 1136, 1153, 1188, 1307, 1328, 1351, 1372, 1511, 1580, 1584, 1716, 1972, 2040, 2051, 2087, 2188, 2207, 2223, 2388, 2443, 2485, 2514]","[566, 998, 1328, 1584]","[86, 135, 145, 149, 198, 234, 264, 306, 312, 333, 356, 396, 432, 464, 653, 964, 1010, 1017, 1030, 1043, 1064, 1105, 1136, 1153, 1188, 1307, 1351, 1372, 1511, 1580, 1716, 1972, 2040, 2051, 2087, 2188, 2207, 2223, 2388, 2443, 2485, 2514]","[566, 998, 1328, 1584]",2652,46,2606,4,42,2606,0
1.5,HUMGSTM4A,"[74, 116, 262, 487, 493, 516, 554, 565, 588, 595, 641, 666, 758, 777, 781, 799, 813, 903, 905, 907, 909, 911, 913, 915, 917, 919, 921, 923, 925, 927, 929, 931, 933, 935, 939, 943, 953, 964, 996, 1015, 1139, 1272, 1387, 1436, 1449, 1535, 1631, 1635, 1665, 1803, 1844, 2024, 2043, 2058, 2098, 2113, 2124, 2225, 2333, 2565, 2573, 2880, 2888, 2925, 2929, 3023, 3051, 3143, 3246, 3262, 3275, 3463, 3649, 3700, 3753, 3917, 3933, 3996, 4041, 4049, 4053, 4072, 4160, 4223, 4225, 4235, 4279, 4306, 4311, 4329, 4425, 4566, 4573, 4740, 4760, 4791, 4798, 4913, 4966, 4991, 5001, 5032, 5152, 5193, 5226, 5262, 5316, 5449, 5601, 5623, 5629, 5884]","[777, 1139, 1631, 2024, 2225, 3262, 3463]","[74, 116, 262, 487, 493, 516, 554, 565, 588, 595, 641, 666, 758, 781, 799, 813, 903, 905, 907, 909, 911, 913, 915, 917, 919, 921, 923, 925, 927, 929, 931, 933, 935, 939, 943, 953, 964, 996, 1015, 1272, 1387, 1436, 1449, 1535, 1635, 1665, 1803, 1844, 2043, 2058, 2098, 2113, 2124, 2333, 2565, 2573, 2880, 2888, 2925, 2929, 3023, 3051, 3143, 3246, 3275, 3649, 3700, 3753, 3917, 3933, 3996, 4041, 4049, 4053, 4072, 4160, 4223, 4225, 4235, 4279, 4306, 4311, 4329, 4425, 4566, 4573, 4740, 4760, 4791, 4798, 4913, 4966, 4991, 5001, 5032, 5152, 5193, 5226, 5262, 5316, 5449, 5601, 5623, 5629, 5884]","[777, 1139, 1631, 2024, 2225, 3262, 3463]",6074,112,5962,7,105,5962,0
1.5,HUMHMGIY,"[190, 310, 331, 405, 496, 654, 720, 740, 873, 1075, 1337, 1472, 1514, 1557, 1908, 1927, 1937, 1961, 1967, 2090, 2136, 2345, 2388, 2454, 2558, 2578, 2704, 2786, 2994, 3195, 3267, 3280, 3485, 3664, 3677, 3749, 3875, 3900, 3974, 3978, 3983, 4055, 4193, 4328, 4358, 4410, 4412, 4416, 4529, 4627, 4648, 4660, 4711, 4753, 4773, 4779, 4781, 4785, 4801, 4831, 4994, 5010, 5075, 5100, 5150, 5161, 5169, 5308, 5363, 5444, 5461, 5496, 5569, 5574, 5584, 5619, 5655, 5722, 5733, 5745, 5961, 5969, 5982, 5984, 6012, 6274, 6334, 6344, 6422, 6527, 6544, 6619, 6627, 6673, 6687, 6711, 6744, 6776, 6818, 6897, 6929, 7016, 7022, 7032, 7034, 7038, 7089, 7102, 7133, 7166, 7270, 7274, 7315, 7335, 7420, 7449, 7463, 7629, 7691, 7695, 7711, 7781, 7923, 7939, 7962, 8043, 8047, 8095, 8151, 8267, 8361, 8374, 8507, 8642, 8833, 8968, 9134, 9153, 9199, 9241, 9286, 9360, 9390, 9424, 9763, 9791, 9823, 9995, 10022, 10031]","[4660, 6544, 7270]","[190, 310, 331, 405, 496, 654, 720, 740, 873, 1075, 1337, 1472, 1514, 1557, 1908, 1927, 1937, 1961, 1967, 2090, 2136, 2345, 2388, 2454, 2558, 2578, 2704, 2786, 2994, 3195, 3267, 3280, 3485, 3664, 3677, 3749, 3875, 3900, 3974, 3978, 3983, 4055, 4193, 4328, 4358, 4410, 4412, 4416, 4529, 4627, 4648, 4711, 4753, 4773, 4779, 4781, 4785, 4801, 4831, 4994, 5010, 5075, 5100, 5150, 5161, 5169, 5308, 5363, 5444, 5461, 5496, 5569, 5574, 5584, 5619, 5655, 5722, 5733, 5745, 5961, 5969, 5982, 5984, 6012, 6274, 6334, 6344, 6422, 6527, 6619, 6627, 6673, 6687, 6711, 6744, 6776, 6818, 6897, 6929, 7016, 7022, 7032, 7034, 7038, 7089, 7102, 7133, 7166, 7274, 7315, 7335, 7420, 7449, 7463, 7629, 7691, 7695, 7711, 7781, 7923, 7939, 7962, 8043, 8047, 8095, 8151, 8267, 8361, 8374, 8507, 8642, 8833, 8968, 9134, 9153, 9199, 9241, 9286, 9360, 9390, 9424, 9763, 9791, 9823, 9995, 10022, 10031]","[4660, 6544, 7270]",10098,150,9948,3,147,9948,0
1.5,HUMHOX13G,"[93, 121, 129, 144, 336, 380, 503, 730, 811, 1102, 1131, 1153, 1392, 1446, 1451, 1641, 1653, 2039, 2066, 2071, 2083, 2115, 2295, 2405, 2502, 2551, 2563, 2576, 2647, 2652, 2796, 2814, 2828, 2984, 2996, 3059]",[811],"[93, 121, 129, 144, 336, 380, 503, 730, 1102, 1131, 1153, 1392, 1446, 1451, 1641, 1653, 2039, 2066, 2071, 2083, 2115, 2295, 2405, 2502, 2551, 2563, 2576, 2647, 2652, 2796, 2814, 2828, 2984, 2996, 3059]",[811],3062,36,3026,1,35,3026,0
1.5,HUMHPARS1,"[20, 224, 338, 442, 573, 588, 779, 842, 844, 873, 967, 1046, 1113, 1300, 1320, 1377, 1629, 1655, 1673, 1864, 1878, 1886, 1907, 1961, 2005, 2105, 2162, 2213, 2327, 2348, 2352, 2362, 2433, 2435, 2437, 2441, 2449, 2451, 2453, 2455, 2457, 2459, 2461, 2475, 2477, 2495, 2500, 2632, 2648, 2681, 2971, 2984, 3020, 3088, 3096, 3258, 3294, 3337, 3465, 3496, 3536, 3549, 3567, 3732, 3846, 3855, 3859, 3931, 3972, 4015, 4332, 4695, 4708, 4744, 4812, 4820, 4982, 5018, 5061, 5189, 5220, 5260, 5273, 5291, 5568, 5577, 5581, 5646, 5687, 5730, 6047, 6285, 6309, 6370, 6373, 6499, 6620, 6790, 6823, 6841, 6880, 6889, 6948, 7039, 7045, 7164, 7212, 7217, 7221, 7231, 7392, 7510, 7528, 7569, 7692, 7696, 7752, 7807, 7891, 7948, 8010, 8104, 8118, 8126, 8230, 8420, 8434, 8485, 8495, 8532, 8703, 8717, 8728, 8808, 8994, 9085, 9127, 9174, 9189, 9266, 9332, 9344, 9445, 9447, 9570, 9649, 9716, 9904, 9924, 10149, 10183, 10406, 10408, 10466, 10488, 10509, 10563, 10607, 10668, 10772, 11038, 11084, 11263, 11275, 11326, 11363, 11371, 11385, 11411, 11460, 11502]","[1046, 2632, 3020, 3855, 4744, 5577]","[20, 224, 338, 442, 573, 588, 779, 842, 844, 873, 967, 1113, 1300, 1320, 1377, 1629, 1655, 1673, 1864, 1878, 1886, 1907, 1961, 2005, 2105, 2162, 2213, 2327, 2348, 2352, 2362, 2433, 2435, 2437, 2441, 2449, 2451, 2453, 2455, 2457, 2459, 2461, 2475, 2477, 2495, 2500, 2648, 2681, 2971, 2984, 3088, 3096, 3258, 3294, 3337, 3465, 3496, 3536, 3549, 3567, 3732, 3846, 3859, 3931, 3972, 4015, 4332, 4695, 4708, 4812, 4820, 4982, 5018, 5061, 5189, 5220, 5260, 5273, 5291, 5568, 5581, 5646, 5687, 5730, 6047, 6285, 6309, 6370, 6373, 6499, 6620, 6790, 6823, 6841, 6880, 6889, 6948, 7039, 7045, 7164, 7212, 7217, 7221, 7231, 7392, 7510, 7528, 7569, 7692, 7696, 7752, 7807, 7891, 7948, 8010, 8104, 8118, 8126, 8230, 8420, 8434, 8485, 8495, 8532, 8703, 8717, 8728, 8808, 8994, 9085, 9127, 9174, 9189, 9266, 9332, 9344, 9445, 9447, 9570, 9649, 9716, 9904, 9924, 10149, 10183, 10406, 10408, 10466, 10488, 10509, 10563, 10607, 10668, 10772, 11038, 11084, 11263, 11275, 11326, 11363, 11371, 11385, 11411, 11460, 11502]","[1046, 2632, 3020, 3855, 4744, 5577]",11543,171,11372,6,165,11372,0
1.5,HUMIBP3,"[92, 182, 232, 241, 268, 297, 471, 854, 1111, 1248, 1260, 1284, 1409, 1473, 1495, 1556, 1586, 1613, 1623, 1631, 1685, 1701, 1718, 1976, 2086, 2107, 2149, 2163, 2187, 2208, 2221, 2253, 2277, 2395, 2441, 2457, 2509, 2584, 2687, 2715, 2776, 2845, 2849, 2935, 2951, 2984, 3011, 3048, 3065, 3077, 3142, 3149, 3153, 3356, 3635, 3734, 3833, 3924, 3984, 4247, 4262, 4304, 4342, 4358, 4406, 4476, 4713, 4924, 4956, 4977, 5020, 5048, 5122, 5182, 5197, 5323, 5394, 5409, 5534, 5553, 5586, 5639, 5735, 5953, 6005, 6064, 6333, 6375, 6425, 6453, 6462, 6585, 6617, 6621, 6633, 6748, 6764, 6959, 7087, 7133, 7137, 7144, 7184, 7188, 7249, 7377, 7471, 7687, 7708, 7835, 7842, 7854, 7875, 7925, 8250, 8262, 8353, 8514, 8553, 8648, 8677, 8751, 8756, 8832, 9014, 9095, 9118, 9132, 9390, 9458, 9593, 9677, 9682, 9835, 9842, 9873, 9945, 10026, 10031, 10085, 10227, 10319, 10425, 10554, 10564, 10602]","[2441, 5953, 6617]","[92, 182, 232, 241, 268, 297, 471, 854, 1111, 1248, 1260, 1284, 1409, 1473, 1495, 1556, 1586, 1613, 1623, 1631, 1685, 1701, 1718, 1976, 2086, 2107, 2149, 2163, 2187, 2208, 2221, 2253, 2277, 2395, 2457, 2509, 2584, 2687, 2715, 2776, 2845, 2849, 2935, 2951, 2984, 3011, 3048, 3065, 3077, 3142, 3149, 3153, 3356, 3635, 3734, 3833, 3924, 3984, 4247, 4262, 4304, 4342, 4358, 4406, 4476, 4713, 4924, 4956, 4977, 5020, 5048, 5122, 5182, 5197, 5323, 5394, 5409, 5534, 5553, 5586, 5639, 5735, 6005, 6064, 6333, 6375, 6425, 6453, 6462, 6585, 6621, 6633, 6748, 6764, 6959, 7087, 7133, 7137, 7144, 7184, 7188, 7249, 7377, 7471, 7687, 7708, 7835, 7842, 7854, 7875, 7925, 8250, 8262, 8353, 8514, 8553, 8648, 8677, 8751, 8756, 8832, 9014, 9095, 9118, 9132, 9390, 9458, 9593, 9677, 9682, 9835, 9842, 9873, 9945, 10026, 10031, 10085, 10227, 10319, 10425, 10554, 10564, 10602]","[2441, 5953, 6617]",10876,146,10730,3,143,10730,0
1.5,HUMIDS,"[145, 160, 165, 172, 296, 372, 462, 596, 636, 672, 1160, 1685, 1797, 1858, 1972, 2038, 2060, 2064, 2089, 2132, 2174, 2248, 2316, 2333, 2356, 2376, 2471, 2549, 2712, 2769, 2826, 2856, 2860, 2882, 2916, 3060, 3070, 3108, 3140, 3164, 3216, 3222, 3238, 3243, 3321, 3374, 3506, 3545, 3686, 3693, 3731, 3842, 3921, 4119, 4174, 4384, 4684, 4768, 4778, 4834, 4865, 4917, 5228, 5244, 5252, 5309, 5325, 5352, 5385, 5446, 5641, 5703, 5812, 5850, 5864, 5869, 5876, 5918, 5927, 6071, 6150, 6173, 6178, 6195, 6255, 6269, 6609, 6652, 6806, 6964, 7023, 7027, 7093, 7095, 7284, 7368, 7447, 7784, 7815, 7817, 8019, 8049, 8086, 8121, 8166, 8230, 8249, 8266, 8277, 8364, 8449, 8494, 8547, 8557, 8678, 8700, 8721, 8796, 9000, 9131, 9161, 9254, 9282, 9286, 9391, 9470, 9503, 9526, 9541, 9554, 9642, 9819, 9847, 9897, 9901, 9965, 9996, 10007, 10094, 10120, 10137, 10170, 10192, 10235, 10254, 10301, 10316, 10361, 10580, 10677, 10734, 10873, 10877, 10987, 11097, 11102, 11131, 11136, 11158, 11182, 11246, 11265, 11290, 11397, 11401, 11577, 11735, 11849, 11928, 11938, 11995, 12302, 12325, 12329, 12407, 12496, 12840, 12855, 12961, 13103, 13162, 13258, 13400, 13437, 13812, 13840, 13908, 13919, 13928, 13969, 14036, 14040, 14124, 14169, 14262, 14418, 14508, 14645, 14655, 14685, 14702, 14730, 14808, 14840, 14903, 14925, 14980, 15027, 15035, 15131, 15143, 15176, 15194, 15205, 15210, 15473, 15477, 15512, 15536, 15575, 15579, 15584, 15596, 15654, 15693, 15803, 15879, 15901, 15927, 15968, 16006, 16078, 16080, 16084, 16088, 16698, 16829, 16844, 16858, 16873, 16966, 16993, 17048, 17085, 17168, 17241, 17250, 17591, 17671, 17822, 17881, 17922, 17930, 18042, 18126, 18130, 18287, 18292, 18335, 18407, 18412, 18430, 18552, 18603, 18666, 18689, 18711, 18780, 18811, 18947, 18957, 18976, 19023, 19046, 19095, 19106, 19268, 19301, 19413, 19461, 19483, 19537, 19565, 19599, 19615, 19657, 19747, 19773, 19916, 20032, 20044, 20114, 20499, 20859, 21158, 21174, 21216, 21250, 21305, 21311, 21429, 21472, 21567, 21624, 21640, 21712, 21720, 21795, 21930, 21938, 21946, 22029, 22055, 22104, 22264, 22309, 22369, 22455, 22524, 22536, 22609, 22617, 22695, 22755, 22809, 22814, 22822, 22837, 22940, 23127, 23146, 23157, 23166, 23287, 23296, 23415, 23472, 23494, 23648, 23840, 23946, 24069, 24135, 24268, 24330, 24426, 24504, 24724, 24812, 24865, 24873, 24926, 25084, 25403, 25424, 25482, 25514, 25554, 25687, 25810, 25819, 25831, 26004, 26093, 26308, 26338, 26425, 26466, 26535, 26634, 26785, 26836, 26843, 26852, 26888, 26931, 26943, 26975, 27023, 27097, 27132, 27229, 27509, 27735, 27785, 27821, 27923, 27969, 27983, 27991, 28098, 28112, 28311, 28366, 28465, 28627, 28632, 28676, 28713, 28735, 28751, 28773, 28787, 28792, 28950, 28973, 28981, 28988, 29043, 29070, 29209, 29246, 29294, 29300, 29315, 29338, 29359, 29361, 29393, 29400, 29441, 29471, 29501, 29518, 29555, 29710, 29768, 29787, 29825, 29830, 29950, 30034, 30077, 30255, 30261, 30268, 30339, 30360, 30410, 30436, 30535, 30554, 30602, 30606, 30612, 30773, 30822, 30868, 30999, 31004, 31038, 31046, 31147, 31168, 31179, 31515, 31699, 31914, 32027, 32099, 32260, 32333, 32758, 32809, 32858, 33043, 33216, 33318, 33369, 33398, 33641, 33667, 33900, 34107, 34423, 34442, 34598, 34645, 34665, 34878, 35092, 35103, 35521, 35535, 35626, 35723, 35752, 35761, 35766, 35777, 35785, 35816, 35853, 35860, 35948, 35958, 36112, 36138, 36154, 36177, 36195, 36411, 36415, 36418, 36655, 36682, 36699, 36718, 36726, 36820, 36837]","[1160, 2038, 2882, 5244, 8086, 9847, 15879, 19268]","[145, 160, 165, 172, 296, 372, 462, 596, 636, 672, 1685, 1797, 1858, 1972, 2060, 2064, 2089, 2132, 2174, 2248, 2316, 2333, 2356, 2376, 2471, 2549, 2712, 2769, 2826, 2856, 2860, 2916, 3060, 3070, 3108, 3140, 3164, 3216, 3222, 3238, 3243, 3321, 3374, 3506, 3545, 3686, 3693, 3731, 3842, 3921, 4119, 4174, 4384, 4684, 4768, 4778, 4834, 4865, 4917, 5228, 5252, 5309, 5325, 5352, 5385, 5446, 5641, 5703, 5812, 5850, 5864, 5869, 5876, 5918, 5927, 6071, 6150, 6173, 6178, 6195, 6255, 6269, 6609, 6652, 6806, 6964, 7023, 7027, 7093, 7095, 7284, 7368, 7447, 7784, 7815, 7817, 8019, 8049, 8121, 8166, 8230, 8249, 8266, 8277, 8364, 8449, 8494, 8547, 8557, 8678, 8700, 8721, 8796, 9000, 9131, 9161, 9254, 9282, 9286, 9391, 9470, 9503, 9526, 9541, 9554, 9642, 9819, 9897, 9901, 9965, 9996, 10007, 10094, 10120, 10137, 10170, 10192, 10235, 10254, 10301, 10316, 10361, 10580, 10677, 10734, 10873, 10877, 10987, 11097, 11102, 11131, 11136, 11158, 11182, 11246, 11265, 11290, 11397, 11401, 11577, 11735, 11849, 11928, 11938, 11995, 12302, 12325, 12329, 12407, 12496, 12840, 12855, 12961, 13103, 13162, 13258, 13400, 13437, 13812, 13840, 13908, 13919, 13928, 13969, 14036, 14040, 14124, 14169, 14262, 14418, 14508, 14645, 14655, 14685, 14702, 14730, 14808, 14840, 14903, 14925, 14980, 15027, 15035, 15131, 15143, 15176, 15194, 15205, 15210, 15473, 15477, 15512, 15536, 15575, 15579, 15584, 15596, 15654, 15693, 15803, 15901, 15927, 15968, 16006, 16078, 16080, 16084, 16088, 16698, 16829, 16844, 16858, 16873, 16966, 16993, 17048, 17085, 17168, 17241, 17250, 17591, 17671, 17822, 17881, 17922, 17930, 18042, 18126, 18130, 18287, 18292, 18335, 18407, 18412, 18430, 18552, 18603, 18666, 18689, 18711, 18780, 18811, 18947, 18957, 18976, 19023, 19046, 19095, 19106, 19301, 19413, 19461, 19483, 19537, 19565, 19599, 19615, 19657, 19747, 19773, 19916, 20032, 20044, 20114, 20499, 20859, 21158, 21174, 21216, 21250, 21305, 21311, 21429, 21472, 21567, 21624, 21640, 21712, 21720, 21795, 21930, 21938, 21946, 22029, 22055, 22104, 22264, 22309, 22369, 22455, 22524, 22536, 22609, 22617, 22695, 22755, 22809, 22814, 22822, 22837, 22940, 23127, 23146, 23157, 23166, 23287, 23296, 23415, 23472, 23494, 23648, 23840, 23946, 24069, 24135, 24268, 24330, 24426, 24504, 24724, 24812, 24865, 24873, 24926, 25084, 25403, 25424, 25482, 25514, 25554, 25687, 25810, 25819, 25831, 26004, 26093, 26308, 26338, 26425, 26466, 26535, 26634, 26785, 26836, 26843, 26852, 26888, 26931, 26943, 26975, 27023, 27097, 27132, 27229, 27509, 27735, 27785, 27821, 27923, 27969, 27983, 27991, 28098, 28112, 28311, 28366, 28465, 28627, 28632, 28676, 28713, 28735, 28751, 28773, 28787, 28792, 28950, 28973, 28981, 28988, 29043, 29070, 29209, 29246, 29294, 29300, 29315, 29338, 29359, 29361, 29393, 29400, 29441, 29471, 29501, 29518, 29555, 29710, 29768, 29787, 29825, 29830, 29950, 30034, 30077, 30255, 30261, 30268, 30339, 30360, 30410, 30436, 30535, 30554, 30602, 30606, 30612, 30773, 30822, 30868, 30999, 31004, 31038, 31046, 31147, 31168, 31179, 31515, 31699, 31914, 32027, 32099, 32260, 32333, 32758, 32809, 32858, 33043, 33216, 33318, 33369, 33398, 33641, 33667, 33900, 34107, 34423, 34442, 34598, 34645, 34665, 34878, 35092, 35103, 35521, 35535, 35626, 35723, 35752, 35761, 35766, 35777, 35785, 35816, 35853, 35860, 35948, 35958, 36112, 36138, 36154, 36177, 36195, 36411, 36415, 36418, 36655, 36682, 36699, 36718, 36726, 36820, 36837]","[1160, 2038, 2882, 5244, 8086, 9847, 15879, 19268]",36837,511,36326,8,503,36326,0
1.5,HUMIGERA,"[53, 68, 101, 106, 147, 263, 381, 399, 529, 614, 627, 831, 1058, 1072, 1089, 1093, 1097, 1261, 1319, 1342, 1403, 1418, 1425, 1507, 1601, 1610, 1664, 1753, 1797, 2015, 2173, 2235, 2427, 2480, 2574, 2912, 2925, 2948, 3051, 3075, 3105, 3141, 3189, 3203, 3297, 3309, 3340, 3396, 3416, 3444, 3459, 3471, 3600, 3683, 3761, 3845, 4124, 4253, 4299, 4407, 4527, 4653, 4792, 4892, 4939, 4942, 4971, 4979, 5005, 5024, 5037, 5043, 5105, 5116, 5168, 5176, 5309, 5359, 5409, 5622, 5626, 5681, 5689, 5709, 5755, 6038, 6049, 6083, 6090, 6119, 6188, 6281, 6676, 6683, 6717, 6768, 6951, 7013, 7019, 7126, 7238, 7275, 7280]","[1342, 1797, 3105, 5168]","[53, 68, 101, 106, 147, 263, 381, 399, 529, 614, 627, 831, 1058, 1072, 1089, 1093, 1097, 1261, 1319, 1403, 1418, 1425, 1507, 1601, 1610, 1664, 1753, 2015, 2173, 2235, 2427, 2480, 2574, 2912, 2925, 2948, 3051, 3075, 3141, 3189, 3203, 3297, 3309, 3340, 3396, 3416, 3444, 3459, 3471, 3600, 3683, 3761, 3845, 4124, 4253, 4299, 4407, 4527, 4653, 4792, 4892, 4939, 4942, 4971, 4979, 5005, 5024, 5037, 5043, 5105, 5116, 5176, 5309, 5359, 5409, 5622, 5626, 5681, 5689, 5709, 5755, 6038, 6049, 6083, 6090, 6119, 6188, 6281, 6676, 6683, 6717, 6768, 6951, 7013, 7019, 7126, 7238, 7275, 7280]","[1342, 1797, 3105, 5168]",7651,103,7548,4,99,7548,0
1.5,HUMIL2RGA,"[5, 7, 11, 28, 203, 231, 246, 259, 272, 299, 669, 735, 772, 801, 817, 840, 892, 943, 1017, 1128, 1166, 1210, 1232, 1260, 1440, 1445, 1476, 1492, 1519, 1646, 1738, 1784, 1880, 1884, 1914, 1957, 1980, 2035, 2087, 2091, 2162, 2176, 2402, 2505, 2562, 2567, 2572, 2589, 2621, 2643, 2683, 2783, 2794, 2823, 2841, 2857, 3009, 3031, 3068, 3111, 3126, 3158, 3229, 3353, 3429, 3565, 3718, 3760, 3777, 3781, 3942, 4026]","[203, 735, 1128, 1476, 2402, 3031, 3353]","[5, 7, 11, 28, 231, 246, 259, 272, 299, 669, 772, 801, 817, 840, 892, 943, 1017, 1166, 1210, 1232, 1260, 1440, 1445, 1492, 1519, 1646, 1738, 1784, 1880, 1884, 1914, 1957, 1980, 2035, 2087, 2091, 2162, 2176, 2505, 2562, 2567, 2572, 2589, 2621, 2643, 2683, 2783, 2794, 2823, 2841, 2857, 3009, 3068, 3111, 3126, 3158, 3229, 3429, 3565, 3718, 3760, 3777, 3781, 3942, 4026]","[203, 735, 1128, 1476, 2402, 3031, 3353]",4030,72,3958,7,65,3958,0
1.5,HUMIL4A,"[31, 59, 67, 126, 189, 239, 290, 295, 328, 399, 407, 491, 596, 687, 722, 961, 989, 1006, 1041, 1220, 1248, 1306, 1310, 1344, 1408, 1466, 1496, 1529, 1599, 1626, 1644, 1823, 1918, 2021, 2072, 2187, 2499, 2509, 2726, 2810, 2971, 2973, 2975, 2977, 2979, 2981, 2983, 2985, 2999, 3001, 3003, 3021, 3035, 3047, 3049, 3051, 3053, 3055, 3057, 3059, 3061, 3063, 3065, 3067, 3069, 3234, 3254, 3354, 3368, 3380, 3414, 3433, 3469, 3507, 3581, 3825, 3858, 3861, 3877, 3974, 4037, 4089, 4326, 4460, 4465, 4538, 4541, 4602, 4830, 4837, 4997, 5081, 5176, 5346, 5426, 5439, 5501, 5549, 5634, 5720, 5766, 6257, 6427, 6460, 6483, 6557, 6702, 6914, 7003, 7152, 7159, 7171, 7256, 7350, 7433, 7486, 7514, 7518, 7574, 7646, 7666, 7726, 7748, 7796, 7818, 7866, 7888, 7915, 7981, 8041, 8045, 8135, 8140, 8159, 8165, 8179, 8208, 8316, 8362, 8384, 8391, 8407, 8446, 8461, 8466, 8512, 8523, 8578, 8605, 8686, 8706, 8884, 9000, 9088, 9169, 9262, 9292, 9310, 9369, 9375, 9382, 9400, 9501, 9516, 9603, 9622]","[1306, 1626, 7003]","[31, 59, 67, 126, 189, 239, 290, 295, 328, 399, 407, 491, 596, 687, 722, 961, 989, 1006, 1041, 1220, 1248, 1310, 1344, 1408, 1466, 1496, 1529, 1599, 1644, 1823, 1918, 2021, 2072, 2187, 2499, 2509, 2726, 2810, 2971, 2973, 2975, 2977, 2979, 2981, 2983, 2985, 2999, 3001, 3003, 3021, 3035, 3047, 3049, 3051, 3053, 3055, 3057, 3059, 3061, 3063, 3065, 3067, 3069, 3234, 3254, 3354, 3368, 3380, 3414, 3433, 3469, 3507, 3581, 3825, 3858, 3861, 3877, 3974, 4037, 4089, 4326, 4460, 4465, 4538, 4541, 4602, 4830, 4837, 4997, 5081, 5176, 5346, 5426, 5439, 5501, 5549, 5634, 5720, 5766, 6257, 6427, 6460, 6483, 6557, 6702, 6914, 7152, 7159, 7171, 7256, 7350, 7433, 7486, 7514, 7518, 7574, 7646, 7666, 7726, 7748, 7796, 7818, 7866, 7888, 7915, 7981, 8041, 8045, 8135, 8140, 8159, 8165, 8179, 8208, 8316, 8362, 8384, 8391, 8407, 8446, 8461, 8466, 8512, 8523, 8578, 8605, 8686, 8706, 8884, 9000, 9088, 9169, 9262, 9292, 9310, 9369, 9375, 9382, 9400, 9501, 9516, 9603, 9622]","[1306, 1626, 7003]",9892,166,9726,3,163,9726,0
1.5,HUMIRBPG,"[208, 358, 509, 514, 529, 553, 589, 591, 786, 791, 889, 964, 1011, 1027, 1285, 1420, 1426, 1441, 1487, 1516, 1730, 1819, 1823, 1861, 1903, 1960, 2203, 2254, 2338, 2395, 2404, 2419, 2428, 2461, 2593, 2611, 2761, 2776, 2858, 2935, 2944, 3026, 3049, 3181, 3221, 3263, 3267, 3312, 3400, 3412, 3550, 3575, 3610, 3631, 3776, 3837, 3861, 3995, 4070, 4074, 4084, 4321, 4331, 4542, 4548, 4554, 4599, 4606, 4612, 4672, 4677, 4686, 4736, 4860, 4944, 5049, 5069, 5101, 5157, 5171, 5252, 5340, 5439, 5556, 5568, 5575, 5579, 5660, 5838, 5845, 5853, 6145, 6147, 6337, 6439, 6471, 6592, 6673, 6975, 7028, 7126, 7156, 7160, 7234, 7238, 7261, 7322, 7429, 7564, 7609, 7755, 7759, 7818, 7826, 7948, 8142, 8424, 8440, 8713, 8766, 8813, 8885, 8892, 8969, 9002, 9008, 9086, 9118, 9193, 9244, 9262, 9308, 9396, 9678, 9683, 9691]","[3181, 5157, 7160]","[208, 358, 509, 514, 529, 553, 589, 591, 786, 791, 889, 964, 1011, 1027, 1285, 1420, 1426, 1441, 1487, 1516, 1730, 1819, 1823, 1861, 1903, 1960, 2203, 2254, 2338, 2395, 2404, 2419, 2428, 2461, 2593, 2611, 2761, 2776, 2858, 2935, 2944, 3026, 3049, 3221, 3263, 3267, 3312, 3400, 3412, 3550, 3575, 3610, 3631, 3776, 3837, 3861, 3995, 4070, 4074, 4084, 4321, 4331, 4542, 4548, 4554, 4599, 4606, 4612, 4672, 4677, 4686, 4736, 4860, 4944, 5049, 5069, 5101, 5171, 5252, 5340, 5439, 5556, 5568, 5575, 5579, 5660, 5838, 5845, 5853, 6145, 6147, 6337, 6439, 6471, 6592, 6673, 6975, 7028, 7126, 7156, 7234, 7238, 7261, 7322, 7429, 7564, 7609, 7755, 7759, 7818, 7826, 7948, 8142, 8424, 8440, 8713, 8766, 8813, 8885, 8892, 8969, 9002, 9008, 9086, 9118, 9193, 9244, 9262, 9308, 9396, 9678, 9683, 9691]","[3181, 5157, 7160]",9703,136,9567,3,133,9567,0
1.5,HUMLHDC,"[166, 258, 262, 304, 354, 654, 697, 766, 791, 820, 843, 925, 931, 941, 1011, 1031, 1306, 1326, 1551, 1635, 1697, 1727, 1763, 1792, 1809, 1950, 2083, 2138, 2219, 2327, 2549, 2562, 2628, 2859, 3070, 3086, 3546, 3633, 3735, 3820, 3959, 4192, 4598, 4641, 4897, 4925, 5212, 5217, 5295, 5302, 5520, 5561, 5691, 5813, 5821, 5881, 5931, 6016, 6047, 6126, 6140, 6172, 6230, 6257, 6295, 6432, 6468, 6492, 6593, 6712, 6726, 6793, 7234, 7283, 7357, 7415, 7475, 7498, 7574, 7819, 7874, 7878, 7949, 8024, 8144, 8171, 8200, 8238, 8277, 8345, 8579, 8624, 8690, 8728, 8814, 8890, 8894, 8898, 8992, 9392, 9550, 9628, 9641, 9656, 9773, 9783, 9823, 9856, 9947, 10089, 10127, 10192, 10230, 10261, 10269, 10292, 10326, 10331, 10400, 10421, 10512, 10530, 10717, 10795, 10799, 10949, 10988, 11053, 11067, 11183, 11221, 11294, 11321, 11346, 11444, 11591, 11652, 11685, 11713, 11761, 11765, 11770, 11774, 11797, 11886, 12131, 12187, 12252, 12323, 12347, 12354, 12358, 12416, 12435, 12454, 12607, 12635, 12639, 12644, 12744, 12756, 12837, 12947, 12953, 13017, 13049, 13074, 13087, 13182, 13195, 13302, 13375, 13467, 13608, 13676, 13768, 14004, 14169, 14188, 14329, 14398, 14461, 14491, 14494, 14605, 14621, 14656, 14791, 14807, 14811, 15039, 15091, 15095, 15099, 15103, 15403, 15477, 15508, 15584, 15769, 15824, 15896, 15970, 16003, 16099, 16129, 16240, 16327, 16364, 16409, 16447, 16490, 16729, 16774, 16920, 16934, 16944, 17017, 17022, 17085, 17221, 17237, 17363, 17467, 17536, 17581, 17614, 17628, 17782, 17995, 18091, 18253, 18382, 18413, 18464, 18468, 18519, 18587, 18677, 18770, 18782, 18827, 18855, 18919, 18932, 18953, 19019, 19059, 19067, 19108, 19140, 19164, 19171, 19245, 19272, 19312, 19452, 19500, 19518, 19553, 19588, 19687, 19692, 19809, 19835, 19884, 19921, 19951, 20075, 20118, 20137, 20143, 20231, 20274, 20287, 20300, 20403, 20482, 20508, 20518, 20525, 20534, 20559, 20564, 20774, 20841, 20857, 20917, 20957, 21188, 21206, 21332, 21349, 21399, 21519, 21524, 21545, 21593, 21652, 21661, 21734, 21813, 21867, 21883, 22046, 22069, 22090, 22140, 22196, 22219, 22441, 22581, 22659, 22741, 22928, 23070, 23120, 23246, 23414, 23450, 23457, 23463, 23475, 23496, 23517, 23600, 23619, 23696, 23701, 23866, 23912, 24017, 24054, 24059, 24074, 24086, 24224, 24318, 24357, 24453, 24614, 24636, 24657, 24666, 24683, 24767, 24780, 24929, 24970, 24985, 24987, 25000, 25106, 25206, 25233, 25246, 25488, 25563, 25569, 25614, 25622, 25698, 25846, 25895, 25905, 25980, 25984, 26119, 26136, 26636, 26660, 27053, 27058, 27104, 27266, 27421, 27550, 27563, 27699, 27752, 27789, 27794, 27808, 27902, 28034, 28067, 28086, 28133, 28177, 28191, 28207, 28343, 28399, 28411, 28468, 28493, 28499, 28537, 28671, 28843, 28897, 28923, 28983, 29088, 29144, 29151, 29161, 29174, 29183, 29356, 29456, 29467, 29564, 29672, 29704, 29773, 29798, 29869, 30012, 30100, 30123, 30189, 30193, 30247, 30249, 30408, 30438, 30474, 30498, 30717, 30867, 30871, 30888, 31151, 31179, 31191, 31305, 31391, 31526, 31558, 31578, 31630, 31663, 31690, 31702, 31819, 31856, 31900, 32156, 32346]","[7415, 9773, 14605, 15584, 18382, 18782, 19312, 20300, 20482, 24666, 29773]","[166, 258, 262, 304, 354, 654, 697, 766, 791, 820, 843, 925, 931, 941, 1011, 1031, 1306, 1326, 1551, 1635, 1697, 1727, 1763, 1792, 1809, 1950, 2083, 2138, 2219, 2327, 2549, 2562, 2628, 2859, 3070, 3086, 3546, 3633, 3735, 3820, 3959, 4192, 4598, 4641, 4897, 4925, 5212, 5217, 5295, 5302, 5520, 5561, 5691, 5813, 5821, 5881, 5931, 6016, 6047, 6126, 6140, 6172, 6230, 6257, 6295, 6432, 6468, 6492, 6593, 6712, 6726, 6793, 7234, 7283, 7357, 7475, 7498, 7574, 7819, 7874, 7878, 7949, 8024, 8144, 8171, 8200, 8238, 8277, 8345, 8579, 8624, 8690, 8728, 8814, 8890, 8894, 8898, 8992, 9392, 9550, 9628, 9641, 9656, 9783, 9823, 9856, 9947, 10089, 10127, 10192, 10230, 10261, 10269, 10292, 10326, 10331, 10400, 10421, 10512, 10530, 10717, 10795, 10799, 10949, 10988, 11053, 11067, 11183, 11221, 11294, 11321, 11346, 11444, 11591, 11652, 11685, 11713, 11761, 11765, 11770, 11774, 11797, 11886, 12131, 12187, 12252, 12323, 12347, 12354, 12358, 12416, 12435, 12454, 12607, 12635, 12639, 12644, 12744, 12756, 12837, 12947, 12953, 13017, 13049, 13074, 13087, 13182, 13195, 13302, 13375, 13467, 13608, 13676, 13768, 14004, 14169, 14188, 14329, 14398, 14461, 14491, 14494, 14621, 14656, 14791, 14807, 14811, 15039, 15091, 15095, 15099, 15103, 15403, 15477, 15508, 15769, 15824, 15896, 15970, 16003, 16099, 16129, 16240, 16327, 16364, 16409, 16447, 16490, 16729, 16774, 16920, 16934, 16944, 17017, 17022, 17085, 17221, 17237, 17363, 17467, 17536, 17581, 17614, 17628, 17782, 17995, 18091, 18253, 18413, 18464, 18468, 18519, 18587, 18677, 18770, 18827, 18855, 18919, 18932, 18953, 19019, 19059, 19067, 19108, 19140, 19164, 19171, 19245, 19272, 19452, 19500, 19518, 19553, 19588, 19687, 19692, 19809, 19835, 19884, 19921, 19951, 20075, 20118, 20137, 20143, 20231, 20274, 20287, 20403, 20508, 20518, 20525, 20534, 20559, 20564, 20774, 20841, 20857, 20917, 20957, 21188, 21206, 21332, 21349, 21399, 21519, 21524, 21545, 21593, 21652, 21661, 21734, 21813, 21867, 21883, 22046, 22069, 22090, 22140, 22196, 22219, 22441, 22581, 22659, 22741, 22928, 23070, 23120, 23246, 23414, 23450, 23457, 23463, 23475, 23496, 23517, 23600, 23619, 23696, 23701, 23866, 23912, 24017, 24054, 24059, 24074, 24086, 24224, 24318, 24357, 24453, 24614, 24636, 24657, 24683, 24767, 24780, 24929, 24970, 24985, 24987, 25000, 25106, 25206, 25233, 25246, 25488, 25563, 25569, 25614, 25622, 25698, 25846, 25895, 25905, 25980, 25984, 26119, 26136, 26636, 26660, 27053, 27058, 27104, 27266, 27421, 27550, 27563, 27699, 27752, 27789, 27794, 27808, 27902, 28034, 28067, 28086, 28133, 28177, 28191, 28207, 28343, 28399, 28411, 28468, 28493, 28499, 28537, 28671, 28843, 28897, 28923, 28983, 29088, 29144, 29151, 29161, 29174, 29183, 29356, 29456, 29467, 29564, 29672, 29704, 29798, 29869, 30012, 30100, 30123, 30189, 30193, 30247, 30249, 30408, 30438, 30474, 30498, 30717, 30867, 30871, 30888, 31151, 31179, 31191, 31305, 31391, 31526, 31558, 31578, 31630, 31663, 31690, 31702, 31819, 31856, 31900, 32156, 32346]","[7415, 9773, 14605, 15584, 18382, 18782, 19312, 20300, 20482, 24666, 29773]",32343,450,31893,11,439,31893,0
1.5,HUMLUCT,"[38, 51, 108, 324, 728, 893, 1095, 1267, 1337, 1353, 1358, 1476, 1544, 1550, 1594, 1631, 1800, 1818, 1877, 2071, 2216, 2369, 2405, 2505, 2562, 2587, 2658, 2778, 2829, 2861, 2919, 2962, 3004]","[1550, 2505, 2861]","[38, 51, 108, 324, 728, 893, 1095, 1267, 1337, 1353, 1358, 1476, 1544, 1594, 1631, 1800, 1818, 1877, 2071, 2216, 2369, 2405, 2562, 2587, 2658, 2778, 2829, 2919, 2962, 3004]","[1550, 2505, 2861]",3288,33,3255,3,30,3255,0
1.5,HUMLYTOXBB,"[393, 456, 492, 540, 633, 675, 677, 813, 855, 981, 1097, 1126, 1235, 1357, 1361, 1383, 1395, 1430, 1472, 1511, 1515, 1695, 1783, 1873, 1915, 1917, 2056, 2109, 2115, 2157, 2184, 2188, 2202, 2275, 2284, 2407, 2641, 2657, 2672, 2694, 2717, 2734, 2800, 2859, 2877, 2934, 2957, 3048, 3092, 3150, 3172, 3207, 3223, 3229, 3274, 3280, 3312, 3330, 3376, 3503, 3631, 3808, 4006, 4234, 4298, 4333, 4348, 4358, 4376, 4402, 4466, 4472, 4477, 4491, 4498, 4504, 4508, 4547, 4558, 4665, 4677, 4738, 4765, 4830, 4935, 4948, 5005, 5220, 5291, 5345, 5349, 5355, 5359, 5435, 5530, 5553, 5655, 5681, 6014, 6032, 6167, 6179]","[2934, 3376, 3631]","[393, 456, 492, 540, 633, 675, 677, 813, 855, 981, 1097, 1126, 1235, 1357, 1361, 1383, 1395, 1430, 1472, 1511, 1515, 1695, 1783, 1873, 1915, 1917, 2056, 2109, 2115, 2157, 2184, 2188, 2202, 2275, 2284, 2407, 2641, 2657, 2672, 2694, 2717, 2734, 2800, 2859, 2877, 2957, 3048, 3092, 3150, 3172, 3207, 3223, 3229, 3274, 3280, 3312, 3330, 3503, 3808, 4006, 4234, 4298, 4333, 4348, 4358, 4376, 4402, 4466, 4472, 4477, 4491, 4498, 4504, 4508, 4547, 4558, 4665, 4677, 4738, 4765, 4830, 4935, 4948, 5005, 5220, 5291, 5345, 5349, 5355, 5359, 5435, 5530, 5553, 5655, 5681, 6014, 6032, 6167, 6179]","[2934, 3376, 3631]",6297,102,6195,3,99,6195,0
1.5,HUMMCHEMP,"[159, 280, 337, 674, 749, 790, 812, 867, 968, 984, 988, 992, 1030, 1065, 1077, 1167, 1208, 1328, 1585, 1590, 1693, 1737, 1765, 1899, 2023, 2182, 2252, 2500, 2514, 2540, 2621]","[674, 1590]","[159, 280, 337, 749, 790, 812, 867, 968, 984, 988, 992, 1030, 1065, 1077, 1167, 1208, 1328, 1585, 1693, 1737, 1765, 1899, 2023, 2182, 2252, 2500, 2514, 2540, 2621]","[674, 1590]",2756,31,2725,2,29,2725,0
1.5,HUMMET2,"[264, 314, 432, 438, 487, 505, 565, 615, 629, 664, 866, 985, 1109, 1128, 1167, 1233, 1394, 1456, 1470, 1509, 1553, 1604, 1641]","[866, 1233]","[264, 314, 432, 438, 487, 505, 565, 615, 629, 664, 985, 1109, 1128, 1167, 1394, 1456, 1470, 1509, 1553, 1604, 1641]","[866, 1233]",1695,23,1672,2,21,1672,0
1.5,HUMMGPA,"[4, 333, 845, 973, 1045, 1050, 1288, 1299, 1325, 1465, 1566, 1628, 1723, 1777, 2041, 2295, 2464, 2477, 2484, 2515, 2556, 2598, 2641, 2707, 2749, 2979, 3022, 3076, 3091, 3121, 3137, 3497, 3516, 3632, 3748, 3847, 3864, 4493, 4586, 4727, 5093, 5219, 5401, 5425, 5548, 5725, 5752, 5900, 6006, 6334, 6629, 6633, 6637, 6825, 7072, 7349, 7401, 7603, 7617]","[3516, 5093, 6334]","[4, 333, 845, 973, 1045, 1050, 1288, 1299, 1325, 1465, 1566, 1628, 1723, 1777, 2041, 2295, 2464, 2477, 2484, 2515, 2556, 2598, 2641, 2707, 2749, 2979, 3022, 3076, 3091, 3121, 3137, 3497, 3632, 3748, 3847, 3864, 4493, 4586, 4727, 5219, 5401, 5425, 5548, 5725, 5752, 5900, 6006, 6629, 6633, 6637, 6825, 7072, 7349, 7401, 7603, 7617]","[3516, 5093, 6334]",7726,59,7667,3,56,7667,0
1.5,HUMMIF,"[71, 134, 403, 418, 521, 580, 700, 713, 753, 825, 903, 912, 997, 1056, 1105, 1129, 1188, 1200, 1281, 1394, 1479, 1529, 1601, 1643, 1775, 1893, 1960, 1988, 1999, 2014, 2123]","[1281, 1643]","[71, 134, 403, 418, 521, 580, 700, 713, 753, 825, 903, 912, 997, 1056, 1105, 1129, 1188, 1200, 1394, 1479, 1529, 1601, 1775, 1893, 1960, 1988, 1999, 2014, 2123]","[1281, 1643]",2159,31,2128,2,29,2128,0
1.5,HUMMIS,"[114, 135, 304, 424, 427, 527, 623, 669, 762, 778, 837, 1169, 1295, 1300, 1328, 1350, 1358, 1427, 1474, 1489, 1572, 1639, 1710, 1739, 1887, 2044, 2253, 2262, 2336, 2492, 2535, 2625, 2674, 2699, 2797, 2820, 2832, 2962, 2980, 3093]","[623, 1358, 1639, 1887]","[114, 135, 304, 424, 427, 527, 669, 762, 778, 837, 1169, 1295, 1300, 1328, 1350, 1427, 1474, 1489, 1572, 1710, 1739, 2044, 2253, 2262, 2336, 2492, 2535, 2625, 2674, 2699, 2797, 2820, 2832, 2962, 2980, 3093]","[623, 1358, 1639, 1887]",3092,40,3052,4,36,3052,0
1.5,HUMMKXX,"[78, 89, 176, 215, 225, 471, 614, 679, 870, 915, 940, 1040, 1108, 1168, 1264, 1290, 1415, 1574, 1600, 1609, 1652, 1699, 1706, 1737, 1867, 1887, 1893, 2019, 2039, 2078, 2202, 2315, 2344, 2376, 2442, 2463, 2493, 2605, 2676, 2687, 2708, 2839, 2935, 2985, 3142, 3162, 3172, 3194, 3262]","[1415, 1737, 2019]","[78, 89, 176, 215, 225, 471, 614, 679, 870, 915, 940, 1040, 1108, 1168, 1264, 1290, 1574, 1600, 1609, 1652, 1699, 1706, 1867, 1887, 1893, 2039, 2078, 2202, 2315, 2344, 2376, 2442, 2463, 2493, 2605, 2676, 2687, 2708, 2839, 2935, 2985, 3142, 3162, 3172, 3194, 3262]","[1415, 1737, 2019]",3300,49,3251,3,46,3251,0
1.5,HUMNKG5PRO,"[114, 214, 247, 290, 298, 302, 345, 362, 389, 605, 666, 843, 964, 1055, 1060, 1118, 1150, 1195, 1306, 1379, 1383, 1439, 1505, 1543, 1644, 1689, 1743, 1818, 1865, 1896, 1921, 2016, 2037, 2076, 2091, 2100, 2179, 2262, 2345, 2357, 2431, 2567, 2589, 2628, 2639, 2715, 2721, 2788, 2915, 2940, 2944, 2978, 3111, 3168, 3215, 3283, 3288, 3306, 3314, 3387, 3503, 3519, 3580, 3584, 3750, 3783, 3848, 3904, 3912, 3982, 3992, 4048, 4085, 4192, 4290, 4389, 4457, 4473, 4592, 4688, 4968, 5043, 5135, 5149, 5153, 5180, 5235, 5281, 5323, 5327, 5340, 5379, 5435, 5468, 5480, 5574, 5651, 5744, 5804, 5806, 6043, 6072, 6237, 6246, 6251, 6256, 6278, 6422, 6576, 6599, 6625, 6632, 6672, 6704]","[2262, 3215, 3848, 5468]","[114, 214, 247, 290, 298, 302, 345, 362, 389, 605, 666, 843, 964, 1055, 1060, 1118, 1150, 1195, 1306, 1379, 1383, 1439, 1505, 1543, 1644, 1689, 1743, 1818, 1865, 1896, 1921, 2016, 2037, 2076, 2091, 2100, 2179, 2345, 2357, 2431, 2567, 2589, 2628, 2639, 2715, 2721, 2788, 2915, 2940, 2944, 2978, 3111, 3168, 3283, 3288, 3306, 3314, 3387, 3503, 3519, 3580, 3584, 3750, 3783, 3904, 3912, 3982, 3992, 4048, 4085, 4192, 4290, 4389, 4457, 4473, 4592, 4688, 4968, 5043, 5135, 5149, 5153, 5180, 5235, 5281, 5323, 5327, 5340, 5379, 5435, 5480, 5574, 5651, 5744, 5804, 5806, 6043, 6072, 6237, 6246, 6251, 6256, 6278, 6422, 6576, 6599, 6625, 6632, 6672, 6704]","[2262, 3215, 3848, 5468]",6738,114,6624,4,110,6624,0
1.5,HUMNTRI,"[10, 163, 313, 422, 427, 575, 639, 668, 739, 803, 887, 893, 998, 1101, 1247, 1321, 1349, 1368, 1385, 1483, 1544, 1629, 1895, 1897, 1939, 1993, 2145, 2166, 2320, 2342, 2354, 2412, 2615, 2802, 2894, 3141, 3151, 3155, 3308, 3559, 3675]",[2802],"[10, 163, 313, 422, 427, 575, 639, 668, 739, 803, 887, 893, 998, 1101, 1247, 1321, 1349, 1368, 1385, 1483, 1544, 1629, 1895, 1897, 1939, 1993, 2145, 2166, 2320, 2342, 2354, 2412, 2615, 2894, 3141, 3151, 3155, 3308, 3559, 3675]",[2802],3702,41,3661,1,40,3661,0
1.5,HUMNTRIII,"[10, 163, 319, 422, 427, 575, 639, 668, 739, 803, 887, 893, 998, 1101, 1247, 1321, 1349, 1368, 1385, 1483, 1544, 1629, 1895, 1897, 1939, 1993, 2145, 2166, 2320, 2342, 2354, 2412, 2615, 2802, 2894, 3141, 3151, 3155, 3308, 3559, 3675]",[2802],"[10, 163, 319, 422, 427, 575, 639, 668, 739, 803, 887, 893, 998, 1101, 1247, 1321, 1349, 1368, 1385, 1483, 1544, 1629, 1895, 1897, 1939, 1993, 2145, 2166, 2320, 2342, 2354, 2412, 2615, 2894, 3141, 3151, 3155, 3308, 3559, 3675]",[2802],3702,41,3661,1,40,3661,0
1.5,HUMOSTP,"[214, 371, 381, 461, 472, 482, 682, 835, 963, 965, 970, 1107, 1509, 1549, 1581, 1614, 2039, 2096, 2098, 2102, 2162, 2358, 2524, 2669, 2674, 2833, 2845, 2995, 3007, 3054, 3127, 3154, 3163, 3385, 3509, 3513, 3657, 3712, 3723, 3774, 3808, 3890, 3909, 4230, 4438, 4442, 4476, 4738, 4896, 5013, 5316, 5345, 5446, 5680, 5856, 5862, 6004, 6140, 6149, 6222, 6322, 6327, 6420, 6480, 6496, 6679, 6710, 6907, 6926, 6986, 7239, 7391, 7813, 7897, 7906, 8035, 8287, 8349, 8520, 8785, 8832, 8884, 8889, 8901, 9032, 9040, 9099, 9159, 9183, 9278, 9305, 9312, 9372, 9630, 9848, 9874, 10025, 10030, 10074, 10233, 10293, 10352, 10617, 10776, 10785, 10814]","[3509, 3657, 6679, 6986, 8349]","[214, 371, 381, 461, 472, 482, 682, 835, 963, 965, 970, 1107, 1509, 1549, 1581, 1614, 2039, 2096, 2098, 2102, 2162, 2358, 2524, 2669, 2674, 2833, 2845, 2995, 3007, 3054, 3127, 3154, 3163, 3385, 3513, 3712, 3723, 3774, 3808, 3890, 3909, 4230, 4438, 4442, 4476, 4738, 4896, 5013, 5316, 5345, 5446, 5680, 5856, 5862, 6004, 6140, 6149, 6222, 6322, 6327, 6420, 6480, 6496, 6710, 6907, 6926, 7239, 7391, 7813, 7897, 7906, 8035, 8287, 8520, 8785, 8832, 8884, 8889, 8901, 9032, 9040, 9099, 9159, 9183, 9278, 9305, 9312, 9372, 9630, 9848, 9874, 10025, 10030, 10074, 10233, 10293, 10352, 10617, 10776, 10785, 10814]","[3509, 3657, 6679, 6986, 8349]",10714,106,10608,5,101,10608,0
1.5,HUMPAP,"[167, 440, 457, 550, 593, 641, 673, 747, 1012, 1202, 1257, 1262, 1268, 1410, 1481, 1490, 1495, 1567, 1644, 1676, 1680, 1690, 1737, 1774, 1792, 1897, 1970, 2089, 2115, 2322, 2354, 2367, 2414, 2450, 2500, 2963, 3062, 3080, 3085, 3143, 3167, 3266, 3336, 3342, 3455, 3472, 3477, 3543, 3574, 3874, 3890, 3892, 3907, 3950, 4022, 4065, 4164, 4221, 4270, 4366, 4478]","[1410, 2089, 2414, 3167]","[167, 440, 457, 550, 593, 641, 673, 747, 1012, 1202, 1257, 1262, 1268, 1481, 1490, 1495, 1567, 1644, 1676, 1680, 1690, 1737, 1774, 1792, 1897, 1970, 2115, 2322, 2354, 2367, 2450, 2500, 2963, 3062, 3080, 3085, 3143, 3266, 3336, 3342, 3455, 3472, 3477, 3543, 3574, 3874, 3890, 3892, 3907, 3950, 4022, 4065, 4164, 4221, 4270, 4366, 4478]","[1410, 2089, 2414, 3167]",4489,61,4428,4,57,4428,0
1.5,HUMPCI,"[284, 308, 312, 443, 511, 803, 807, 914, 956, 1118, 1264, 1289, 1515, 1538, 1614, 1823, 1844, 1856, 1978, 2078, 2124, 2208, 2226, 2230, 2298, 2329, 2355, 2420, 2426, 2511, 2526, 2579, 2586, 2671, 2739, 2784, 2812, 2930, 2948, 2957, 3117, 3129, 3238, 3307, 3477, 3490, 3536, 3545, 3575, 3636, 3648, 3655, 3685, 3695, 3710, 3714, 3791, 3914, 4175, 4247, 4332, 4509, 4545, 4672, 4697, 4702, 4718, 4759, 4859, 4906, 4943, 5210, 5226, 5284, 5368, 5454, 5533, 5543, 5552, 5556, 5810, 5825, 5864, 5904, 5911, 5996, 6171, 6192, 6315, 6332, 6350, 6352, 6354, 6356, 6358, 6360, 6362, 6364, 6366, 6368, 6370, 6372, 6374, 6376, 6378, 6380, 6382, 6384, 6386, 6390, 6399, 6409, 6487, 6509, 6513, 6559, 6723, 6766, 7009, 7088, 7190, 7199, 7255, 7317, 7379, 7529, 7570, 7858, 7877, 7976, 8054, 8058, 8066, 8156, 8384, 8404, 8546, 8568, 8664, 8683, 8725, 8760, 8858, 8961, 9094, 9187, 9209, 9460, 9574, 9603, 9643, 9704, 9820, 9901, 9911, 9964, 9976, 10139, 10273, 10381, 10698, 10704, 10770, 10819, 10839, 10855, 10898, 10982, 11034, 11104, 11112, 11275, 11415, 11474, 11483, 12226, 12583, 12611, 12632, 12688, 12776, 12792, 12825, 12860, 12868, 12966, 13076, 13139, 13221, 13291, 13369, 13408, 13486, 13595, 13606, 13706, 13739, 13854, 13890, 14113, 14117, 14121, 14155, 14247, 14264, 14272, 14304, 14446, 14452, 14488, 14551, 14679, 14715, 14890, 14982, 15007, 15018, 15056, 15064, 15078, 15146, 15150, 15402, 15412]","[8568, 10898, 11483]","[284, 308, 312, 443, 511, 803, 807, 914, 956, 1118, 1264, 1289, 1515, 1538, 1614, 1823, 1844, 1856, 1978, 2078, 2124, 2208, 2226, 2230, 2298, 2329, 2355, 2420, 2426, 2511, 2526, 2579, 2586, 2671, 2739, 2784, 2812, 2930, 2948, 2957, 3117, 3129, 3238, 3307, 3477, 3490, 3536, 3545, 3575, 3636, 3648, 3655, 3685, 3695, 3710, 3714, 3791, 3914, 4175, 4247, 4332, 4509, 4545, 4672, 4697, 4702, 4718, 4759, 4859, 4906, 4943, 5210, 5226, 5284, 5368, 5454, 5533, 5543, 5552, 5556, 5810, 5825, 5864, 5904, 5911, 5996, 6171, 6192, 6315, 6332, 6350, 6352, 6354, 6356, 6358, 6360, 6362, 6364, 6366, 6368, 6370, 6372, 6374, 6376, 6378, 6380, 6382, 6384, 6386, 6390, 6399, 6409, 6487, 6509, 6513, 6559, 6723, 6766, 7009, 7088, 7190, 7199, 7255, 7317, 7379, 7529, 7570, 7858, 7877, 7976, 8054, 8058, 8066, 8156, 8384, 8404, 8546, 8664, 8683, 8725, 8760, 8858, 8961, 9094, 9187, 9209, 9460, 9574, 9603, 9643, 9704, 9820, 9901, 9911, 9964, 9976, 10139, 10273, 10381, 10698, 10704, 10770, 10819, 10839, 10855, 10982, 11034, 11104, 11112, 11275, 11415, 11474, 12226, 12583, 12611, 12632, 12688, 12776, 12792, 12825, 12860, 12868, 12966, 13076, 13139, 13221, 13291, 13369, 13408, 13486, 13595, 13606, 13706, 13739, 13854, 13890, 14113, 14117, 14121, 14155, 14247, 14264, 14272, 14304, 14446, 14452, 14488, 14551, 14679, 14715, 14890, 14982, 15007, 15018, 15056, 15064, 15078, 15146, 15150, 15402, 15412]","[8568, 10898, 11483]",15563,224,15339,3,221,15339,0
1.5,HUMPEM,"[65, 244, 265, 287, 296, 317, 437, 457, 499, 586, 590, 623, 672, 693, 700, 779, 789, 934, 948, 993, 1033, 1123, 1127, 1175, 1316, 1472, 1537, 1541, 1555, 1787, 1954, 2101, 2266, 2421, 2433, 2460, 2480, 2493, 2504, 2562, 2586, 2614, 2700, 2707, 2850, 2854, 2922, 2928, 2973, 3009, 3060, 3133, 3177, 3203, 3266, 3297, 3309, 3314, 3352, 3490, 3590, 3633, 3663, 3676, 3691, 3745, 3806, 3904, 3921, 3975, 3991, 4027, 4144, 4166, 4170, 4210]","[934, 2266, 2421, 2707, 2973, 3203]","[65, 244, 265, 287, 296, 317, 437, 457, 499, 586, 590, 623, 672, 693, 700, 779, 789, 948, 993, 1033, 1123, 1127, 1175, 1316, 1472, 1537, 1541, 1555, 1787, 1954, 2101, 2433, 2460, 2480, 2493, 2504, 2562, 2586, 2614, 2700, 2850, 2854, 2922, 2928, 3009, 3060, 3133, 3177, 3266, 3297, 3309, 3314, 3352, 3490, 3590, 3633, 3663, 3676, 3691, 3745, 3806, 3904, 3921, 3975, 3991, 4027, 4144, 4166, 4170, 4210]","[934, 2266, 2421, 2707, 2973, 3203]",4235,76,4159,6,70,4159,0
1.5,HUMPEPYYA,"[7, 20, 25, 95, 311, 316, 338, 398, 422, 647, 727, 734, 766, 790, 796, 854, 885, 904, 965, 1022, 1201, 1230, 1307, 1377, 1382, 1388, 1516, 1537, 1658, 1682, 1699, 1708, 1763, 1802, 1824, 1831, 1987, 2073, 2098, 2196, 2237, 2243, 2254]","[1201, 1388]","[7, 20, 25, 95, 311, 316, 338, 398, 422, 647, 727, 734, 766, 790, 796, 854, 885, 904, 965, 1022, 1230, 1307, 1377, 1382, 1516, 1537, 1658, 1682, 1699, 1708, 1763, 1802, 1824, 1831, 1987, 2073, 2098, 2196, 2237, 2243, 2254]","[1201, 1388]",2370,43,2327,2,41,2327,0
1.5,HUMPF4V1A,"[4, 11, 46, 167, 175, 199, 381, 494, 509, 573, 607, 628, 733, 737, 755, 785, 826, 847, 1075, 1142]","[381, 826]","[4, 11, 46, 167, 175, 199, 494, 509, 573, 607, 628, 733, 737, 755, 785, 847, 1075, 1142]","[381, 826]",1460,20,1440,2,18,1440,0
1.5,HUMPHOSA,"[87, 145, 221, 233, 312, 330, 364, 425, 536, 540, 551, 604, 655, 671, 839, 850, 875, 919, 1040, 1164, 1176, 1200, 1286, 1300, 1469, 1494, 1555, 1709, 1713, 1810, 1888, 1943, 2102, 2167, 2185, 2195, 2274, 2279, 2323, 2348, 2430, 2469, 2556, 2596, 2763, 2802, 2822, 2988, 3009, 3164, 3209, 3243, 3252, 3302, 3463, 3500, 3633, 3729, 3763, 3816, 3887, 4134, 4293, 4345, 4449, 4454, 4516, 4757, 4759, 4761, 4763, 4765, 4767, 4769, 4771, 4773, 4775, 4777, 4779, 4789, 4821, 4833]","[233, 850, 1494, 1810, 2323, 2988, 3209, 3729]","[87, 145, 221, 312, 330, 364, 425, 536, 540, 551, 604, 655, 671, 839, 875, 919, 1040, 1164, 1176, 1200, 1286, 1300, 1469, 1555, 1709, 1713, 1888, 1943, 2102, 2167, 2185, 2195, 2274, 2279, 2348, 2430, 2469, 2556, 2596, 2763, 2802, 2822, 3009, 3164, 3243, 3252, 3302, 3463, 3500, 3633, 3763, 3816, 3887, 4134, 4293, 4345, 4449, 4454, 4516, 4757, 4759, 4761, 4763, 4765, 4767, 4769, 4771, 4773, 4775, 4777, 4779, 4789, 4821, 4833]","[233, 850, 1494, 1810, 2323, 2988, 3209, 3729]",4884,82,4802,8,74,4802,0
1.5,HUMPRCA,"[16, 55, 79, 81, 83, 85, 96, 109, 116, 130, 136, 250, 289, 488, 498, 684, 715, 756, 784, 808, 1048, 1053, 1215, 1228, 1272, 1292, 1294, 1345, 1349, 1481, 1687, 1741, 1750, 1790, 1916, 1932, 2053, 2114, 2201, 2304, 2309, 2354, 2403, 2510, 2654, 2761, 2913, 2920, 2937, 3044, 3161, 3181, 3200, 3217, 3438, 3499, 3518, 3631, 3676, 3703, 3796, 3846, 3856, 3879, 3995, 3999, 4098, 4121, 4175, 4184, 4447, 4572, 4584, 4634, 4641, 4770, 4778, 4814, 4879, 4905, 5114, 5118, 5122, 5213, 5247, 5348, 5361, 5399, 5452, 5512, 5534, 5585, 5624, 5631, 5897, 6173, 6430, 6570, 6604, 6648, 6777, 6827, 6856, 6933, 6948, 6967, 7002, 7100, 7117, 7157, 7252, 7256, 7418, 7615, 7703, 7719, 7788, 7822, 7839, 7878, 7917, 7960, 7994, 8011, 8015, 8252, 8396, 8426, 8473, 8524, 8580, 8584, 8733, 8815, 8853, 8881, 9026, 9030, 9042, 9054, 9117, 9206, 9241, 9269, 9332, 9387, 9430, 9456, 9479, 9515, 9561, 9580, 9595, 9620, 9636, 9640, 9716, 9780, 9978, 10003, 10055, 10172, 10242, 10349, 10374, 10376, 10395, 10440, 10444, 10520, 10544, 10734, 10845, 10879, 10924, 10968, 10977, 10987, 10996, 11031, 11165, 11229, 11252, 11300, 11305, 11345, 11347, 11461, 11500, 11560, 11602, 11649, 11679]","[2201, 3631, 5118, 5348, 5585, 8396, 9387]","[16, 55, 79, 81, 83, 85, 96, 109, 116, 130, 136, 250, 289, 488, 498, 684, 715, 756, 784, 808, 1048, 1053, 1215, 1228, 1272, 1292, 1294, 1345, 1349, 1481, 1687, 1741, 1750, 1790, 1916, 1932, 2053, 2114, 2304, 2309, 2354, 2403, 2510, 2654, 2761, 2913, 2920, 2937, 3044, 3161, 3181, 3200, 3217, 3438, 3499, 3518, 3676, 3703, 3796, 3846, 3856, 3879, 3995, 3999, 4098, 4121, 4175, 4184, 4447, 4572, 4584, 4634, 4641, 4770, 4778, 4814, 4879, 4905, 5114, 5122, 5213, 5247, 5361, 5399, 5452, 5512, 5534, 5624, 5631, 5897, 6173, 6430, 6570, 6604, 6648, 6777, 6827, 6856, 6933, 6948, 6967, 7002, 7100, 7117, 7157, 7252, 7256, 7418, 7615, 7703, 7719, 7788, 7822, 7839, 7878, 7917, 7960, 7994, 8011, 8015, 8252, 8426, 8473, 8524, 8580, 8584, 8733, 8815, 8853, 8881, 9026, 9030, 9042, 9054, 9117, 9206, 9241, 9269, 9332, 9430, 9456, 9479, 9515, 9561, 9580, 9595, 9620, 9636, 9640, 9716, 9780, 9978, 10003, 10055, 10172, 10242, 10349, 10374, 10376, 10395, 10440, 10444, 10520, 10544, 10734, 10845, 10879, 10924, 10968, 10977, 10987, 10996, 11031, 11165, 11229, 11252, 11300, 11305, 11345, 11347, 11461, 11500, 11560, 11602, 11649, 11679]","[2201, 3631, 5118, 5348, 5585, 8396, 9387]",11717,193,11524,7,186,11524,0
1.5,HUMPREELAS,"[59, 68, 91, 96, 159, 180, 253, 274, 282, 314, 319, 341, 478, 596, 608, 686, 772, 817, 822, 826, 906, 1054, 1070, 1107, 1357, 1420, 1428, 1465, 1537, 1619, 1687, 1724, 1729, 1785, 1802, 1806, 1827, 2216, 2240]",[596],"[59, 68, 91, 96, 159, 180, 253, 274, 282, 314, 319, 341, 478, 608, 686, 772, 817, 822, 826, 906, 1054, 1070, 1107, 1357, 1420, 1428, 1465, 1537, 1619, 1687, 1724, 1729, 1785, 1802, 1806, 1827, 2216, 2240]",[596],2291,39,2252,1,38,2252,0
1.5,HUMPRPHX,"[42, 71, 163, 287, 292, 317, 379, 482, 515, 532, 568, 572, 627, 677, 736, 778, 856, 963, 1143, 1285, 1293, 1299, 1346, 1451, 1475, 1479, 1512, 1551, 1560, 1564, 1583, 1712, 1717, 1724, 1772, 1777, 1838, 1902, 1911, 1931, 2127, 2140, 2191, 2263, 2311, 2357, 2480, 2502, 2523, 2532, 2538, 2550, 2594, 2639, 2652, 2742, 2841, 2848, 2869, 2873, 3173, 3179, 3322, 3342, 3436, 3488, 3561, 3633, 3719, 3723, 3825, 3837, 3883, 3886, 3914, 4051, 4054, 4136, 4221, 4225, 4308, 4310, 4314, 4319, 4488]","[1346, 1838, 2127, 2652, 2869, 3173, 3322, 3633]","[42, 71, 163, 287, 292, 317, 379, 482, 515, 532, 568, 572, 627, 677, 736, 778, 856, 963, 1143, 1285, 1293, 1299, 1451, 1475, 1479, 1512, 1551, 1560, 1564, 1583, 1712, 1717, 1724, 1772, 1777, 1902, 1911, 1931, 2140, 2191, 2263, 2311, 2357, 2480, 2502, 2523, 2532, 2538, 2550, 2594, 2639, 2742, 2841, 2848, 2873, 3179, 3342, 3436, 3488, 3561, 3719, 3723, 3825, 3837, 3883, 3886, 3914, 4051, 4054, 4136, 4221, 4225, 4308, 4310, 4314, 4319, 4488]","[1346, 1838, 2127, 2652, 2869, 3173, 3322, 3633]",4524,85,4439,8,77,4439,0
1.5,HUMRCC1,"[108, 246, 336, 377, 382, 449, 486, 560, 638, 654, 686, 781, 884, 943, 973, 1017, 1046, 1099, 1105, 1127, 1186, 1225, 1400, 1608, 1637, 1708, 1738, 1743, 1891, 1969, 2246, 2360, 2364, 2437, 2519, 2697, 2711, 2715, 2765, 2804, 2980, 3051, 3055, 3189, 3337, 3451, 3455, 3524, 3782, 4068, 4185, 4208, 4217, 4242, 4304, 4379, 4455, 4555, 4614, 4654, 4681, 4722, 4733, 4737, 4779, 4787, 4793, 4872, 4929, 4991, 5037, 5047, 5129, 5210, 5370, 5398, 5421, 5426, 5454, 5479, 5489, 5539, 5545, 5558, 5562, 5653, 5741, 5831, 6061, 6449, 6493, 6765, 7136, 7214, 7271, 7352, 7529, 7642, 7644, 7842, 7920, 8110, 8114, 8134, 8572, 8620, 8701, 8774, 8862, 8915, 8974, 8986, 9080, 9143, 9297, 9448, 9614, 9869, 9960, 10003, 10098, 10130, 10178, 10252, 10366, 10419, 10428, 10460, 10505, 10535, 10549, 10597, 10711, 10754, 10812, 10886, 11003, 11120, 11134, 11329, 11364, 11415, 11450, 11594, 12134, 12204, 12232, 12481, 12573, 12616, 12705, 12731, 12967, 13006, 13013, 13054, 13147, 13254, 13256, 13284, 13360, 13365, 13417, 13431, 13471, 13477, 13485, 13510, 13527, 13634, 13794, 13805, 13819, 14069, 14112, 14114, 14290, 14368, 14531, 14604, 14619, 14697, 14702, 14708, 14728, 14814, 14853, 14936, 14977, 15068, 15081, 15108, 15126, 15158, 15324, 15385, 15440, 15471, 15532, 15548, 15580, 15621, 15704, 15791, 15894, 16128, 16241, 16280, 16316, 16328, 16362, 16379, 16389, 16406, 16465, 16497, 16526, 16543, 16574, 16647, 16651, 16691, 16757, 16764, 16796, 16818, 16830, 16836, 16886, 16941, 17004, 17016, 17025, 17060, 17164, 17182, 17556, 17630, 17659, 17704, 17780, 17950, 18067, 18129, 18270, 18274, 18304, 18348, 18671, 18683, 18716, 18787, 18795, 19037, 19121, 19131, 19296, 19490, 19495, 19524, 19784, 19855, 19892, 19934, 20138, 20200, 20311, 20402, 20442, 20487, 20525, 20572, 20685, 20752, 20794, 20834, 20849, 20878, 20918, 20967, 21026, 21036, 21092, 21127, 21259, 21282, 21286, 21296, 21303, 21316, 21457, 21493, 21544, 21774, 21877, 22033, 22051, 22193, 22205, 22287, 22297, 22349, 22395, 22531, 22571, 22579, 22583, 22688, 22748, 22814, 22826, 22845, 22868, 22902, 22955, 23048, 23371, 23406, 23423, 23588, 23681, 23725, 23960, 24031, 24194, 24201, 24223, 24227, 24233, 24298, 24375, 24464, 24477, 24622, 24665, 24839, 24880, 24975, 25071, 25287, 25330, 25525, 25602, 25685, 25727, 25729, 25780, 25817, 25857, 25970, 26065, 26089, 26108, 26116, 26143, 26194, 26218, 26327, 26389, 26427, 26498, 26501, 26507, 26579, 26611, 26669, 26679, 26701, 26742, 26808, 26812, 26950, 26989, 27020, 27230, 27447, 27481, 27798, 27838, 27923, 27961, 27973, 27994, 28000, 28010, 28135, 28154, 28244, 28257, 28295, 28327, 28360, 28458, 28482, 28523, 28534, 28547, 28556, 28693, 28756, 28793, 28818, 28858, 28893, 29015, 29020, 29047, 29058, 29198, 29247, 29340, 29417, 29419, 29533, 29641, 29667, 29723, 29741, 29746, 29753, 29766, 29770, 29840, 29965, 30000, 30085, 30108, 30203, 30213, 30231, 30235, 30284, 30324, 30338, 30415, 30438, 30443, 30483, 30487, 30575, 30648, 30674, 30697, 30981, 31128, 31169, 31313, 31359, 31387, 31424, 31472, 31513, 31531, 31610, 31617, 31628, 31672, 31987, 32000, 32012, 32040, 32072, 32359, 32363, 32435, 32512, 32554, 32775, 32983, 33025, 33070, 33137, 33187, 33278, 33284, 33298, 33404, 33439, 33503, 33513, 33636, 33695, 33889, 34065, 34138, 34272, 34406, 34481, 34493, 34504, 34509, 34597, 34599]","[24201, 26218, 26579, 28010, 28244, 28893, 29247, 29766]","[108, 246, 336, 377, 382, 449, 486, 560, 638, 654, 686, 781, 884, 943, 973, 1017, 1046, 1099, 1105, 1127, 1186, 1225, 1400, 1608, 1637, 1708, 1738, 1743, 1891, 1969, 2246, 2360, 2364, 2437, 2519, 2697, 2711, 2715, 2765, 2804, 2980, 3051, 3055, 3189, 3337, 3451, 3455, 3524, 3782, 4068, 4185, 4208, 4217, 4242, 4304, 4379, 4455, 4555, 4614, 4654, 4681, 4722, 4733, 4737, 4779, 4787, 4793, 4872, 4929, 4991, 5037, 5047, 5129, 5210, 5370, 5398, 5421, 5426, 5454, 5479, 5489, 5539, 5545, 5558, 5562, 5653, 5741, 5831, 6061, 6449, 6493, 6765, 7136, 7214, 7271, 7352, 7529, 7642, 7644, 7842, 7920, 8110, 8114, 8134, 8572, 8620, 8701, 8774, 8862, 8915, 8974, 8986, 9080, 9143, 9297, 9448, 9614, 9869, 9960, 10003, 10098, 10130, 10178, 10252, 10366, 10419, 10428, 10460, 10505, 10535, 10549, 10597, 10711, 10754, 10812, 10886, 11003, 11120, 11134, 11329, 11364, 11415, 11450, 11594, 12134, 12204, 12232, 12481, 12573, 12616, 12705, 12731, 12967, 13006, 13013, 13054, 13147, 13254, 13256, 13284, 13360, 13365, 13417, 13431, 13471, 13477, 13485, 13510, 13527, 13634, 13794, 13805, 13819, 14069, 14112, 14114, 14290, 14368, 14531, 14604, 14619, 14697, 14702, 14708, 14728, 14814, 14853, 14936, 14977, 15068, 15081, 15108, 15126, 15158, 15324, 15385, 15440, 15471, 15532, 15548, 15580, 15621, 15704, 15791, 15894, 16128, 16241, 16280, 16316, 16328, 16362, 16379, 16389, 16406, 16465, 16497, 16526, 16543, 16574, 16647, 16651, 16691, 16757, 16764, 16796, 16818, 16830, 16836, 16886, 16941, 17004, 17016, 17025, 17060, 17164, 17182, 17556, 17630, 17659, 17704, 17780, 17950, 18067, 18129, 18270, 18274, 18304, 18348, 18671, 18683, 18716, 18787, 18795, 19037, 19121, 19131, 19296, 19490, 19495, 19524, 19784, 19855, 19892, 19934, 20138, 20200, 20311, 20402, 20442, 20487, 20525, 20572, 20685, 20752, 20794, 20834, 20849, 20878, 20918, 20967, 21026, 21036, 21092, 21127, 21259, 21282, 21286, 21296, 21303, 21316, 21457, 21493, 21544, 21774, 21877, 22033, 22051, 22193, 22205, 22287, 22297, 22349, 22395, 22531, 22571, 22579, 22583, 22688, 22748, 22814, 22826, 22845, 22868, 22902, 22955, 23048, 23371, 23406, 23423, 23588, 23681, 23725, 23960, 24031, 24194, 24223, 24227, 24233, 24298, 24375, 24464, 24477, 24622, 24665, 24839, 24880, 24975, 25071, 25287, 25330, 25525, 25602, 25685, 25727, 25729, 25780, 25817, 25857, 25970, 26065, 26089, 26108, 26116, 26143, 26194, 26327, 26389, 26427, 26498, 26501, 26507, 26611, 26669, 26679, 26701, 26742, 26808, 26812, 26950, 26989, 27020, 27230, 27447, 27481, 27798, 27838, 27923, 27961, 27973, 27994, 28000, 28135, 28154, 28257, 28295, 28327, 28360, 28458, 28482, 28523, 28534, 28547, 28556, 28693, 28756, 28793, 28818, 28858, 29015, 29020, 29047, 29058, 29198, 29340, 29417, 29419, 29533, 29641, 29667, 29723, 29741, 29746, 29753, 29770, 29840, 29965, 30000, 30085, 30108, 30203, 30213, 30231, 30235, 30284, 30324, 30338, 30415, 30438, 30443, 30483, 30487, 30575, 30648, 30674, 30697, 30981, 31128, 31169, 31313, 31359, 31387, 31424, 31472, 31513, 31531, 31610, 31617, 31628, 31672, 31987, 32000, 32012, 32040, 32072, 32359, 32363, 32435, 32512, 32554, 32775, 32983, 33025, 33070, 33137, 33187, 33278, 33284, 33298, 33404, 33439, 33503, 33513, 33636, 33695, 33889, 34065, 34138, 34272, 34406, 34481, 34493, 34504, 34509, 34597, 34599]","[24201, 26218, 26579, 28010, 28244, 28893, 29247, 29766]",34633,493,34140,8,485,34140,0
1.5,HUMREGHOM,"[52, 127, 140, 274, 309, 335, 346, 410, 527, 684, 891, 991, 1107, 1170, 1419, 1423, 1459, 1482, 1602, 1784, 1864, 1909, 1927, 2002, 2023, 2251, 2374, 2506, 2739, 2825, 2974, 3143, 3258, 3329]","[684, 1419, 1864, 2739]","[52, 127, 140, 274, 309, 335, 346, 410, 527, 891, 991, 1107, 1170, 1423, 1459, 1482, 1602, 1784, 1909, 1927, 2002, 2023, 2251, 2374, 2506, 2825, 2974, 3143, 3258, 3329]","[684, 1419, 1864, 2739]",3403,34,3369,4,30,3369,0
1.5,HUMROD1X,"[71, 92, 186, 218, 321, 454, 526, 536, 544, 661, 673, 746, 821, 865, 886, 980, 1063, 1096, 1146, 1170, 1194, 1198, 1223, 1242, 1387, 1437, 1484, 1517, 1521, 1794, 1804, 1844, 1876, 1998, 2015, 2092, 2227, 2288, 2300, 2343, 2416, 2427, 2611, 2638, 2673, 2695, 2706, 2720]","[1242, 1876]","[71, 92, 186, 218, 321, 454, 526, 536, 544, 661, 673, 746, 821, 865, 886, 980, 1063, 1096, 1146, 1170, 1194, 1198, 1223, 1387, 1437, 1484, 1517, 1521, 1794, 1804, 1844, 1998, 2015, 2092, 2227, 2288, 2300, 2343, 2416, 2427, 2611, 2638, 2673, 2695, 2706, 2720]","[1242, 1876]",2833,48,2785,2,46,2785,0
1.5,HUMRPIB2,"[225, 284, 310, 356, 435, 472, 506, 510, 571, 588, 622, 899, 974, 987, 1121, 1156, 1182, 1193, 1257, 1374, 1531, 1737, 1838, 1954, 2017, 2268, 2272, 2308, 2331, 2451, 2633, 2713, 2758, 2776, 2851, 2872, 3100, 3223, 3355, 3588, 3674, 3823, 3992, 4107, 4178]","[1531, 2268, 2713, 3588]","[225, 284, 310, 356, 435, 472, 506, 510, 571, 588, 622, 899, 974, 987, 1121, 1156, 1182, 1193, 1257, 1374, 1737, 1838, 1954, 2017, 2272, 2308, 2331, 2451, 2633, 2758, 2776, 2851, 2872, 3100, 3223, 3355, 3674, 3823, 3992, 4107, 4178]","[1531, 2268, 2713, 3588]",4329,45,4284,4,41,4284,0
1.5,HUMRPS6B,"[34, 123, 214, 247, 359, 363, 369, 399, 478, 571, 634, 671, 741, 775, 784, 788, 1012, 1045, 1059, 1083, 1101, 1114, 1121, 1168, 1205, 1227, 1232, 1414, 1543, 1568, 1613, 1649, 1721, 1838, 2146, 2153, 2178, 2216, 2333, 2607, 2651, 2723, 2753, 2799, 2866, 2896, 2933, 2943, 3001, 3072, 3084, 3233, 3535, 3645, 3893, 3989, 4051, 4075, 4378, 4398, 4410, 4432, 4627, 4655, 4763, 4823, 4838, 4905, 4931]","[359, 1059, 1838, 2178, 4051]","[34, 123, 214, 247, 363, 369, 399, 478, 571, 634, 671, 741, 775, 784, 788, 1012, 1045, 1083, 1101, 1114, 1121, 1168, 1205, 1227, 1232, 1414, 1543, 1568, 1613, 1649, 1721, 2146, 2153, 2216, 2333, 2607, 2651, 2723, 2753, 2799, 2866, 2896, 2933, 2943, 3001, 3072, 3084, 3233, 3535, 3645, 3893, 3989, 4075, 4378, 4398, 4410, 4432, 4627, 4655, 4763, 4823, 4838, 4905, 4931]","[359, 1059, 1838, 2178, 4051]",4964,69,4895,5,64,4895,0
1.5,HUMSEMI,"[121, 262, 306, 459, 578, 614, 681, 777, 793, 806, 867, 968, 975, 984, 1037, 1061, 1205, 1370, 1458, 1499, 1511, 1583, 1636, 1655, 1660, 1835, 1871, 2015, 2051, 2159, 2362, 2370, 2394, 2519, 2547, 2563, 2682, 2716, 2726, 2818, 2979, 3047, 3053, 3074, 3145, 3167, 3289, 3496, 3604, 3609, 3670, 3760, 3849, 3886, 3950, 4061]",[793],"[121, 262, 306, 459, 578, 614, 681, 777, 806, 867, 968, 975, 984, 1037, 1061, 1205, 1370, 1458, 1499, 1511, 1583, 1636, 1655, 1660, 1835, 1871, 2015, 2051, 2159, 2362, 2370, 2394, 2519, 2547, 2563, 2682, 2716, 2726, 2818, 2979, 3047, 3053, 3074, 3145, 3167, 3289, 3496, 3604, 3609, 3670, 3760, 3849, 3886, 3950, 4061]",[793],4156,56,4100,1,55,4100,0
1.5,HUMSEMIIB,"[121, 493, 528, 560, 569, 697, 765, 791, 1125, 1127, 1274, 1281, 1298, 1302, 1316, 1329, 1343, 1376, 1385, 1389, 1419, 1451, 1490, 1524, 1530, 1642, 1669, 1682, 1713, 1735, 1790, 1828, 1889, 1988, 2070, 2155, 2410, 2444, 2470, 2489, 2515, 2616, 2699, 2746, 2901, 2918, 2979, 3011, 3135, 3148, 3352, 3457, 3491, 3511, 3769, 3799, 3843, 3939, 3982, 4047, 4193, 4271, 4470, 4486, 4499, 4560, 4622, 4660, 4667, 4729, 4897, 5191, 5203, 5215, 5275, 5328, 5347, 5527, 5640, 5707, 5755, 5820, 5846, 5887, 5925, 5935, 6000, 6067, 6206, 6304, 6446, 6477, 6514, 6565, 6594, 6606, 6757, 6816, 7012, 7038, 7060, 7131, 7146, 7213, 7327, 7527, 7944, 7969, 8011, 8014]",[4486],"[121, 493, 528, 560, 569, 697, 765, 791, 1125, 1127, 1274, 1281, 1298, 1302, 1316, 1329, 1343, 1376, 1385, 1389, 1419, 1451, 1490, 1524, 1530, 1642, 1669, 1682, 1713, 1735, 1790, 1828, 1889, 1988, 2070, 2155, 2410, 2444, 2470, 2489, 2515, 2616, 2699, 2746, 2901, 2918, 2979, 3011, 3135, 3148, 3352, 3457, 3491, 3511, 3769, 3799, 3843, 3939, 3982, 4047, 4193, 4271, 4470, 4499, 4560, 4622, 4660, 4667, 4729, 4897, 5191, 5203, 5215, 5275, 5328, 5347, 5527, 5640, 5707, 5755, 5820, 5846, 5887, 5925, 5935, 6000, 6067, 6206, 6304, 6446, 6477, 6514, 6565, 6594, 6606, 6757, 6816, 7012, 7038, 7060, 7131, 7146, 7213, 7327, 7527, 7944, 7969, 8011, 8014]",[4486],8216,110,8106,1,109,8106,0
1.5,HUMSTATH2,"[43, 49, 54, 188, 257, 353, 389, 637, 651, 911, 1035, 1140, 1176, 1180, 1197, 1553, 1675, 1786, 1820, 2025, 2056, 2081, 2131, 2151, 2174, 2303, 2312, 2322, 2403, 2426, 2490, 2511, 2530, 2627, 2716, 2727, 2733, 2848, 3029, 3050, 3065, 3192, 3239, 3280, 3361, 3474, 3710, 3786, 3817, 3974, 4007, 4255, 4320, 4472, 4592, 4596, 4629, 4648]","[353, 1553, 1675]","[43, 49, 54, 188, 257, 389, 637, 651, 911, 1035, 1140, 1176, 1180, 1197, 1786, 1820, 2025, 2056, 2081, 2131, 2151, 2174, 2303, 2312, 2322, 2403, 2426, 2490, 2511, 2530, 2627, 2716, 2727, 2733, 2848, 3029, 3050, 3065, 3192, 3239, 3280, 3361, 3474, 3710, 3786, 3817, 3974, 4007, 4255, 4320, 4472, 4592, 4596, 4629, 4648]","[353, 1553, 1675]",4715,58,4657,3,55,4657,0
1.5,HUMTBGA,"[89, 191, 228, 362, 377, 451, 460, 491, 654, 812, 819, 854, 917, 1021, 1050, 1114, 1156, 1265, 1409, 1430, 1435, 1469, 1554, 1593, 1646, 1651, 1817, 2099, 2323, 2660, 2681, 2729, 2758, 2792, 2894, 2907, 2911, 2932, 3033, 3107, 3135, 3185, 3244, 3346, 3355, 3383, 3551, 3566, 3634, 3645, 3744, 3995, 4216, 4349, 4397, 4477, 4529, 4634, 4874, 4941, 5032, 5078, 5118, 5164, 5168, 5177, 5231, 5236, 5271, 5287, 5380, 5385, 5469, 5475, 5490, 5513, 5530, 5738, 5782, 5875, 5879, 5894, 5941, 5995, 6071, 6202, 6265, 6285, 6296, 6314, 6549, 6606, 6627, 6646, 6672, 6808, 6841, 6850, 6857, 6960, 7144, 7172, 7254, 7386, 7395, 7417, 7419, 7441, 7704, 7909, 7949, 7960, 8219, 8362, 8542, 8675, 8719]","[4941, 6265, 7144]","[89, 191, 228, 362, 377, 451, 460, 491, 654, 812, 819, 854, 917, 1021, 1050, 1114, 1156, 1265, 1409, 1430, 1435, 1469, 1554, 1593, 1646, 1651, 1817, 2099, 2323, 2660, 2681, 2729, 2758, 2792, 2894, 2907, 2911, 2932, 3033, 3107, 3135, 3185, 3244, 3346, 3355, 3383, 3551, 3566, 3634, 3645, 3744, 3995, 4216, 4349, 4397, 4477, 4529, 4634, 4874, 5032, 5078, 5118, 5164, 5168, 5177, 5231, 5236, 5271, 5287, 5380, 5385, 5469, 5475, 5490, 5513, 5530, 5738, 5782, 5875, 5879, 5894, 5941, 5995, 6071, 6202, 6285, 6296, 6314, 6549, 6606, 6627, 6646, 6672, 6808, 6841, 6850, 6857, 6960, 7172, 7254, 7386, 7395, 7417, 7419, 7441, 7704, 7909, 7949, 7960, 8219, 8362, 8542, 8675, 8719]","[4941, 6265, 7144]",8761,117,8644,3,114,8644,0
1.5,HUMTCRBRA,"[63, 117, 128, 132, 185, 199, 278, 310, 318, 324, 326, 328, 330, 332, 334, 336, 338, 340, 405, 429, 437, 469, 486, 505, 561]",[278],"[63, 117, 128, 132, 185, 199, 310, 318, 324, 326, 328, 330, 332, 334, 336, 338, 340, 405, 429, 437, 469, 486, 505, 561]",[278],728,25,703,1,24,703,0
1.5,HUMTHROMA,"[159, 175, 187, 193, 323, 330, 335, 469, 539, 583, 643, 687, 699, 743, 787, 800, 818, 1277, 1428, 1464, 1571, 1575, 1584, 1605, 1696, 1731, 1985, 2131, 2344, 2377, 2384, 2717, 3051, 3117, 3147, 3289, 3355, 3367, 3402, 3463, 3581, 3662, 3960, 4129, 4167, 4222, 4266, 4335, 4362, 4371, 4394, 4430, 4501, 4522, 4554, 4619, 4772, 4817, 4965, 5134, 5152, 5173, 5348, 5715, 5755, 5836, 5879, 6086]","[1985, 2344, 2717, 4817]","[159, 175, 187, 193, 323, 330, 335, 469, 539, 583, 643, 687, 699, 743, 787, 800, 818, 1277, 1428, 1464, 1571, 1575, 1584, 1605, 1696, 1731, 2131, 2377, 2384, 3051, 3117, 3147, 3289, 3355, 3367, 3402, 3463, 3581, 3662, 3960, 4129, 4167, 4222, 4266, 4335, 4362, 4371, 4394, 4430, 4501, 4522, 4554, 4619, 4772, 4965, 5134, 5152, 5173, 5348, 5715, 5755, 5836, 5879, 6086]","[1985, 2344, 2717, 4817]",6155,68,6087,4,64,6087,0
1.5,HUMTNP2SS,"[51, 80, 86, 93, 177, 196, 630, 658, 673, 725, 747, 814, 924, 941, 945, 1071, 1075, 1080, 1105, 1204, 1371, 1420, 1437, 1617, 1748]",[658],"[51, 80, 86, 93, 177, 196, 630, 673, 725, 747, 814, 924, 941, 945, 1071, 1075, 1080, 1105, 1204, 1371, 1420, 1437, 1617, 1748]",[658],1774,25,1749,1,24,1749,0
1.5,HUMTPALBU,"[313, 317, 319, 323, 412, 538, 627, 635, 722, 765, 872, 915, 930, 942, 1025, 1094, 1228, 1326, 1341, 1359, 1363, 1402, 1407, 1490, 1504, 1523, 1559, 1610, 1621, 1697, 1708, 1778, 1850, 1887, 1913, 1951, 2066, 2392, 2455, 2521, 2682, 2692, 2741, 2790, 2932, 2941, 3033, 3081, 3116, 3136, 3168, 3181, 3208, 3345, 3352, 3377, 3412, 3421, 3425, 3620, 3674, 3748, 3781, 3840, 3856, 3928, 3958, 3989, 4153, 4205, 4361, 4400, 4587, 4691, 4707, 4711, 4720, 4778, 4837, 4846, 4927, 5053, 5066, 5247, 5318, 5357, 5404, 5422, 5628, 5960, 5977, 5992, 5999, 6022, 6035, 6086, 6105, 6127]","[1094, 1621, 2741, 3425, 4361]","[313, 317, 319, 323, 412, 538, 627, 635, 722, 765, 872, 915, 930, 942, 1025, 1228, 1326, 1341, 1359, 1363, 1402, 1407, 1490, 1504, 1523, 1559, 1610, 1697, 1708, 1778, 1850, 1887, 1913, 1951, 2066, 2392, 2455, 2521, 2682, 2692, 2790, 2932, 2941, 3033, 3081, 3116, 3136, 3168, 3181, 3208, 3345, 3352, 3377, 3412, 3421, 3620, 3674, 3748, 3781, 3840, 3856, 3928, 3958, 3989, 4153, 4205, 4400, 4587, 4691, 4707, 4711, 4720, 4778, 4837, 4846, 4927, 5053, 5066, 5247, 5318, 5357, 5404, 5422, 5628, 5960, 5977, 5992, 5999, 6022, 6035, 6086, 6105, 6127]","[1094, 1621, 2741, 3425, 4361]",6164,98,6066,5,93,6066,0
1.5,HUMTRHYAL,"[25, 40, 69, 192, 197, 201, 215, 301, 357, 439, 562, 578, 827, 969, 1120, 1185, 1557, 1645, 1793, 1835, 1854, 1980, 1989, 2232, 2236, 2309, 2340, 2420, 2445, 2468, 2533, 2561, 2567, 2679, 2837, 2966, 4249, 4658, 5049, 5091, 5481, 5925, 6019, 6062, 6083, 6320, 6467, 6524, 6539, 6556, 6689, 6737, 6899, 6971, 7003, 7160, 7247, 7304, 7343, 7415, 7688, 7698, 7770, 7814, 7930, 8011, 8134, 8141, 8313, 8396, 8437, 8441, 8581, 8644, 8774, 9108, 9137, 9443]",[1645],"[25, 40, 69, 192, 197, 201, 215, 301, 357, 439, 562, 578, 827, 969, 1120, 1185, 1557, 1793, 1835, 1854, 1980, 1989, 2232, 2236, 2309, 2340, 2420, 2445, 2468, 2533, 2561, 2567, 2679, 2837, 2966, 4249, 4658, 5049, 5091, 5481, 5925, 6019, 6062, 6083, 6320, 6467, 6524, 6539, 6556, 6689, 6737, 6899, 6971, 7003, 7160, 7247, 7304, 7343, 7415, 7688, 7698, 7770, 7814, 7930, 8011, 8134, 8141, 8313, 8396, 8437, 8441, 8581, 8644, 8774, 9108, 9137, 9443]",[1645],9543,78,9465,1,77,9465,0
1.5,HUMTSHB2,"[68, 176, 187, 216, 492, 780, 846, 872]",[187],"[68, 176, 216, 492, 780, 846, 872]",[187],978,8,970,1,7,970,0
1.5,HUMV2R,"[261, 287, 296, 357, 382, 475, 531, 768, 873, 913, 939, 957, 965, 1037, 1051, 1074, 1150, 1255, 1272, 1305, 1366, 1404, 1464, 1472, 1481, 1507, 1815, 2003, 2032, 2047, 2118, 2128]","[261, 1507]","[287, 296, 357, 382, 475, 531, 768, 873, 913, 939, 957, 965, 1037, 1051, 1074, 1150, 1255, 1272, 1305, 1366, 1404, 1464, 1472, 1481, 1815, 2003, 2032, 2047, 2118, 2128]","[261, 1507]",2274,32,2242,2,30,2242,0
1.5,HYPSCGH,"[41, 49, 328, 331, 337, 349, 451, 612, 666, 691, 703, 788, 806, 810, 837, 889, 893, 1039, 1189, 1252, 1319, 1440, 1600, 1624, 1671, 1700, 1911, 2004, 2112, 2189, 2379, 2443]","[41, 451, 1039, 1624]","[49, 328, 331, 337, 349, 612, 666, 691, 703, 788, 806, 810, 837, 889, 893, 1189, 1252, 1319, 1440, 1600, 1671, 1700, 1911, 2004, 2112, 2189, 2379, 2443]","[41, 451, 1039, 1624]",2476,32,2444,4,28,2444,0
1.5,LAYEGLOBIN,"[56, 70, 149, 190, 222, 238, 272, 449, 470, 537, 549, 584, 600, 605, 762, 953, 1055, 1061, 1167, 1185, 1191, 1197, 1215, 1265, 1312, 1316, 1373, 1410, 1415, 1421, 1466, 1522, 1559, 1631]","[238, 584]","[56, 70, 149, 190, 222, 272, 449, 470, 537, 549, 600, 605, 762, 953, 1055, 1061, 1167, 1185, 1191, 1197, 1215, 1265, 1312, 1316, 1373, 1410, 1415, 1421, 1466, 1522, 1559, 1631]","[238, 584]",1694,34,1660,2,32,1660,0
1.5,LEBGLOB,"[67, 94, 104, 142, 157, 199, 203, 237, 401, 450, 469, 549, 658, 662, 672, 792, 1229, 1308, 1373, 1488, 1501, 1529, 1539, 1554, 1561, 1577, 1581, 1663, 1791, 1812, 1828, 1926, 2206, 2247, 2259, 2307, 2446, 2504, 2555, 2576, 2586, 2806, 2847, 2928, 3171, 3177, 3202, 3208, 3326, 3429, 3478, 3530, 3545, 3565, 3600]","[1577, 1926]","[67, 94, 104, 142, 157, 199, 203, 237, 401, 450, 469, 549, 658, 662, 672, 792, 1229, 1308, 1373, 1488, 1501, 1529, 1539, 1554, 1561, 1581, 1663, 1791, 1812, 1828, 2206, 2247, 2259, 2307, 2446, 2504, 2555, 2576, 2586, 2806, 2847, 2928, 3171, 3177, 3202, 3208, 3326, 3429, 3478, 3530, 3545, 3565, 3600]","[1577, 1926]",3638,55,3583,2,53,3583,0
1.5,LNOEGLOBIN,"[54, 147, 188, 220, 236, 270, 345, 452, 473, 540, 552, 587, 603, 608, 724, 765, 934, 1056, 1062, 1167, 1185, 1191, 1197, 1215, 1265, 1293, 1312, 1316, 1406, 1411, 1417, 1462, 1518, 1555, 1627]","[236, 587]","[54, 147, 188, 220, 270, 345, 452, 473, 540, 552, 603, 608, 724, 765, 934, 1056, 1062, 1167, 1185, 1191, 1197, 1215, 1265, 1293, 1312, 1316, 1406, 1411, 1417, 1462, 1518, 1555, 1627]","[236, 587]",1690,35,1655,2,33,1655,0
1.5,MACHBGA1,"[20, 32, 283, 447, 457, 495, 505, 706, 727, 794, 806, 841, 935, 937, 967, 1008, 1079, 1118, 1188, 1239, 1252, 1358, 1370, 1420, 1424, 1426, 1428, 1430, 1432, 1434, 1436, 1438, 1440, 1442, 1446, 1460, 1499, 1541, 1643, 1740, 2029, 2050, 2086]","[495, 841]","[20, 32, 283, 447, 457, 505, 706, 727, 794, 806, 935, 937, 967, 1008, 1079, 1118, 1188, 1239, 1252, 1358, 1370, 1420, 1424, 1426, 1428, 1430, 1432, 1434, 1436, 1438, 1440, 1442, 1446, 1460, 1499, 1541, 1643, 1740, 2029, 2050, 2086]","[495, 841]",2097,43,2054,2,41,2054,0
1.5,MACHBGA2,"[20, 32, 281, 445, 455, 493, 503, 704, 725, 792, 804, 839, 933, 935, 965, 1006, 1076, 1115, 1185, 1236, 1249, 1355, 1367, 1417, 1421, 1423, 1425, 1427, 1429, 1431, 1433, 1435, 1437, 1441, 1449, 1455, 1461, 1500, 1542, 1644, 1741, 2013, 2017, 2039, 2041, 2089]","[493, 839]","[20, 32, 281, 445, 455, 503, 704, 725, 792, 804, 933, 935, 965, 1006, 1076, 1115, 1185, 1236, 1249, 1355, 1367, 1417, 1421, 1423, 1425, 1427, 1429, 1431, 1433, 1435, 1437, 1441, 1449, 1455, 1461, 1500, 1542, 1644, 1741, 2013, 2017, 2039, 2041, 2089]","[493, 839]",2100,46,2054,2,44,2054,0
1.5,MAMGLUTRA,"[34, 329, 424, 454, 479, 484, 488, 507, 657, 663, 702, 821, 834, 838, 865, 1020, 1063, 1073, 1077, 1082, 1160, 1255, 1259, 1275, 1387, 1474, 1494, 1627, 1631, 1707, 1718, 1819, 1944, 1960, 2152, 2236, 2329, 2360, 2406, 2429, 2475, 2493, 2558, 2579, 2598, 2745, 2759, 2938, 3059, 3175, 3195, 3534, 3554, 3915, 3967, 4088, 4099, 4139, 4232, 4252, 4272, 4298, 4396, 4482, 4536, 4642, 4844, 4967, 4974, 4997, 5016, 5109, 5131, 5135, 5177, 5187, 5211, 5213, 5217, 5243, 5320, 5598, 5870, 5899, 6065, 6132]","[484, 821, 1255, 1627, 1819, 2745, 2938]","[34, 329, 424, 454, 479, 488, 507, 657, 663, 702, 834, 838, 865, 1020, 1063, 1073, 1077, 1082, 1160, 1259, 1275, 1387, 1474, 1494, 1631, 1707, 1718, 1944, 1960, 2152, 2236, 2329, 2360, 2406, 2429, 2475, 2493, 2558, 2579, 2598, 2759, 3059, 3175, 3195, 3534, 3554, 3915, 3967, 4088, 4099, 4139, 4232, 4252, 4272, 4298, 4396, 4482, 4536, 4642, 4844, 4967, 4974, 4997, 5016, 5109, 5131, 5135, 5177, 5187, 5211, 5213, 5217, 5243, 5320, 5598, 5870, 5899, 6065, 6132]","[484, 821, 1255, 1627, 1819, 2745, 2938]",6287,86,6201,7,79,6201,0
1.5,MAU09941,"[11, 229, 239, 367, 401, 534, 548, 613, 629, 705, 716, 749, 778, 829, 876, 887, 931, 1031, 1166, 1202, 1287, 1397, 1480, 1562, 1566, 1787, 1803, 1830, 1846, 1932, 1941, 2039, 2166, 2264, 2320, 2406, 2427, 2514, 2519, 2609, 2667, 2761, 2932, 2968, 3058, 3070, 3099, 3124, 3134, 3239, 3246, 3263, 3378, 3461, 3521, 3642, 3646, 3697]",[1830],"[11, 229, 239, 367, 401, 534, 548, 613, 629, 705, 716, 749, 778, 829, 876, 887, 931, 1031, 1166, 1202, 1287, 1397, 1480, 1562, 1566, 1787, 1803, 1846, 1932, 1941, 2039, 2166, 2264, 2320, 2406, 2427, 2514, 2519, 2609, 2667, 2761, 2932, 2968, 3058, 3070, 3099, 3124, 3134, 3239, 3246, 3263, 3378, 3461, 3521, 3642, 3646, 3697]",[1830],3798,58,3740,1,57,3740,0
1.5,MFAPOA2A,"[53, 57, 69, 133, 153, 155, 226, 379, 383, 462, 571, 575, 587, 634, 636, 638, 640, 642, 685, 720, 753, 785, 875, 998, 1089, 1293, 1422, 1445, 1453]","[379, 785]","[53, 57, 69, 133, 153, 155, 226, 383, 462, 571, 575, 587, 634, 636, 638, 640, 642, 685, 720, 753, 875, 998, 1089, 1293, 1422, 1445, 1453]","[379, 785]",1489,29,1460,2,27,1460,0
1.5,MFAPOC3A,"[115, 232, 363, 441, 463, 622, 642, 870, 913, 924, 952, 1155, 1172, 1239, 1264, 1322, 1333, 1402, 1530, 1715, 1798, 1871, 1993, 2040, 2106, 2190, 2232, 2242, 2384, 2439, 2689, 2721, 2759, 2789, 2801, 2803, 2878, 3068, 3180, 3194, 3213, 3240, 3244]","[913, 1172]","[115, 232, 363, 441, 463, 622, 642, 870, 924, 952, 1155, 1239, 1264, 1322, 1333, 1402, 1530, 1715, 1798, 1871, 1993, 2040, 2106, 2190, 2232, 2242, 2384, 2439, 2689, 2721, 2759, 2789, 2801, 2803, 2878, 3068, 3180, 3194, 3213, 3240, 3244]","[913, 1172]",3254,43,3211,2,41,3211,0
1.5,MMA2IXCOA,"[181, 370, 386, 416, 473, 579, 584, 599, 619, 682, 782, 798, 859, 878, 908, 1018, 1083, 1171, 1175, 1193, 1202, 1267, 1297, 1383, 1389, 1409, 1439, 1493, 1701, 1722, 1757, 1800, 1812, 1866, 1881, 1925, 1985, 1998, 2081, 2104, 2183, 2297, 2340, 2489, 2528, 2548, 2552, 2803, 2870, 2935, 3024, 3105, 3132, 3168, 3259, 3286, 3408, 3411, 3529, 3633, 3639, 3652, 3760, 3826, 3896, 3955, 3974, 4131, 4275, 4386, 4455, 4499, 4561, 4697, 4857, 4875, 4901, 5491, 5647, 5665, 5670, 5682, 5831, 5835, 5886, 5895, 5947, 6014, 6054, 6056, 6266, 6318, 6355, 6359, 6457, 6481, 6499, 6566, 6614, 6623, 6628, 6635, 6639, 6663, 6674, 6930, 6954, 7081, 7102, 7161, 7250, 7371, 7390, 7462, 7472, 7543, 7581, 7658, 7684, 7745, 7856, 7921, 7945, 8064, 8120, 8135, 8202, 8216, 8255, 8366, 8395, 8401, 8430, 8513, 8539, 8543, 8712, 8798, 8843, 8847, 8882, 8989, 9020, 9179, 9188, 9209, 9322, 9330, 9339, 9437, 9467, 9522, 9544, 9573, 9609, 9626, 9669, 9702, 9706, 9708, 9710, 9712, 9714, 9716, 9718, 9720, 9722, 9724, 9726, 9728, 9730, 9732, 9734, 9766, 9782, 9793, 9812, 9819, 10270, 10282, 10304, 10359, 10523, 10658, 10907, 10930, 11028, 11067, 11077, 11145, 11291, 11374, 11426, 11500, 11555, 11587, 11611, 11640, 11808, 11879, 11890, 12074, 12150, 12182, 12210, 12406, 12792, 12926, 12952, 12989, 13033, 13111, 13243, 13274, 13282, 13361, 13447, 13453, 13601, 13609, 13687, 13726, 13732, 13786, 13816, 13822, 13824, 13840, 13912, 13991, 14216, 14298, 14340, 14382, 14391, 14477, 14531, 14540, 14575, 14635, 14663, 14756, 14968, 15021, 15210, 15231, 15338, 15405, 15419, 15441, 15489, 15520, 15544, 15567, 15597, 15619, 15746, 15751, 15799, 15806, 15816, 15933, 15937, 15989, 16070, 16114, 16123, 16149, 16240, 16424, 16474, 16514, 16522, 16610, 16705, 16769, 16792, 16811, 16850, 16911, 16943, 17021, 17100, 17106, 17131, 17145, 17235, 17244, 17248, 17275, 17333, 17342, 17498, 17532, 17647, 17759, 17779, 18013, 18032, 18166, 18243, 18277, 18283, 18302, 18335, 18473, 18500, 18639, 18729, 18743, 18784, 18862, 19220, 19296, 19302, 19335, 19402, 19408, 19420, 19461]","[3132, 4386, 5682, 5831, 7102, 7250, 7371, 7684, 8064, 8216, 8401, 8539, 8882, 9322, 9467, 9626, 13033, 13447, 13726, 14575, 15021, 15338, 15597, 15746, 15933, 16114, 16240, 16522, 16811, 17275, 17647]","[181, 370, 386, 416, 473, 579, 584, 599, 619, 682, 782, 798, 859, 878, 908, 1018, 1083, 1171, 1175, 1193, 1202, 1267, 1297, 1383, 1389, 1409, 1439, 1493, 1701, 1722, 1757, 1800, 1812, 1866, 1881, 1925, 1985, 1998, 2081, 2104, 2183, 2297, 2340, 2489, 2528, 2548, 2552, 2803, 2870, 2935, 3024, 3105, 3168, 3259, 3286, 3408, 3411, 3529, 3633, 3639, 3652, 3760, 3826, 3896, 3955, 3974, 4131, 4275, 4455, 4499, 4561, 4697, 4857, 4875, 4901, 5491, 5647, 5665, 5670, 5835, 5886, 5895, 5947, 6014, 6054, 6056, 6266, 6318, 6355, 6359, 6457, 6481, 6499, 6566, 6614, 6623, 6628, 6635, 6639, 6663, 6674, 6930, 6954, 7081, 7161, 7390, 7462, 7472, 7543, 7581, 7658, 7745, 7856, 7921, 7945, 8120, 8135, 8202, 8255, 8366, 8395, 8430, 8513, 8543, 8712, 8798, 8843, 8847, 8989, 9020, 9179, 9188, 9209, 9330, 9339, 9437, 9522, 9544, 9573, 9609, 9669, 9702, 9706, 9708, 9710, 9712, 9714, 9716, 9718, 9720, 9722, 9724, 9726, 9728, 9730, 9732, 9734, 9766, 9782, 9793, 9812, 9819, 10270, 10282, 10304, 10359, 10523, 10658, 10907, 10930, 11028, 11067, 11077, 11145, 11291, 11374, 11426, 11500, 11555, 11587, 11611, 11640, 11808, 11879, 11890, 12074, 12150, 12182, 12210, 12406, 12792, 12926, 12952, 12989, 13111, 13243, 13274, 13282, 13361, 13453, 13601, 13609, 13687, 13732, 13786, 13816, 13822, 13824, 13840, 13912, 13991, 14216, 14298, 14340, 14382, 14391, 14477, 14531, 14540, 14635, 14663, 14756, 14968, 15210, 15231, 15405, 15419, 15441, 15489, 15520, 15544, 15567, 15619, 15751, 15799, 15806, 15816, 15937, 15989, 16070, 16123, 16149, 16424, 16474, 16514, 16610, 16705, 16769, 16792, 16850, 16911, 16943, 17021, 17100, 17106, 17131, 17145, 17235, 17244, 17248, 17333, 17342, 17498, 17532, 17759, 17779, 18013, 18032, 18166, 18243, 18277, 18283, 18302, 18335, 18473, 18500, 18639, 18729, 18743, 18784, 18862, 19220, 19296, 19302, 19335, 19402, 19408, 19420, 19461]","[3132, 4386, 5682, 5831, 7102, 7250, 7371, 7684, 8064, 8216, 8401, 8539, 8882, 9322, 9467, 9626, 13033, 13447, 13726, 14575, 15021, 15338, 15597, 15746, 15933, 16114, 16240, 16522, 16811, 17275, 17647]",19471,320,19151,31,289,19151,0
1.5,MMACLGNA,"[86, 146, 155, 341, 412, 461, 470, 474, 499, 537, 541, 553, 564, 579, 624, 641, 664, 746, 847, 879, 889, 918, 1129, 1143, 1180, 1192, 1196, 1370, 1458, 1499, 1574, 1720, 1731, 1762, 1841, 1937, 2153, 2343, 2363, 2397, 2524, 2537, 2557, 2561, 2580, 2582, 2584, 2586, 2588, 2590, 2592, 2594, 2596, 2598, 2600, 2602, 2604, 2606, 2608, 2610, 2612, 2614, 2616, 2637, 2666, 2734, 2757, 2824, 2883, 2923, 2933, 2952, 2957, 2969, 3107, 3131, 3143, 3178, 3442, 3647, 3824]","[474, 3178]","[86, 146, 155, 341, 412, 461, 470, 499, 537, 541, 553, 564, 579, 624, 641, 664, 746, 847, 879, 889, 918, 1129, 1143, 1180, 1192, 1196, 1370, 1458, 1499, 1574, 1720, 1731, 1762, 1841, 1937, 2153, 2343, 2363, 2397, 2524, 2537, 2557, 2561, 2580, 2582, 2584, 2586, 2588, 2590, 2592, 2594, 2596, 2598, 2600, 2602, 2604, 2606, 2608, 2610, 2612, 2614, 2616, 2637, 2666, 2734, 2757, 2824, 2883, 2923, 2933, 2952, 2957, 2969, 3107, 3131, 3143, 3442, 3647, 3824]","[474, 3178]",3873,81,3792,2,79,3792,0
1.5,MMAPOG,"[143, 265, 288, 406, 474, 505, 536, 540, 556, 669, 708, 728, 806, 823, 839, 860, 876, 987, 1037, 1047, 1053, 1144, 1172, 1186, 1249, 1381, 1456, 1489, 1501, 1567, 1779, 1935, 1940, 2056, 2067, 2089, 2146]","[536, 806]","[143, 265, 288, 406, 474, 505, 540, 556, 669, 708, 728, 823, 839, 860, 876, 987, 1037, 1047, 1053, 1144, 1172, 1186, 1249, 1381, 1456, 1489, 1501, 1567, 1779, 1935, 1940, 2056, 2067, 2089, 2146]","[536, 806]",2168,37,2131,2,35,2131,0
1.5,MMASM1G,"[143, 192, 439, 505, 543, 680, 688, 738, 869, 1088, 1092, 1096, 1141, 1173, 1180, 1216, 1240, 1245, 1274, 1294, 1298, 1313, 1331, 1364, 1492, 1591, 1742, 1794, 1896, 1905, 2065, 2104, 2244, 2253, 2257, 2332, 2668, 2684, 2830, 2889, 2928, 2952, 2961, 2994, 3013, 3168, 3245, 3265, 3367, 3599, 3619, 3745, 3749, 3785, 4314, 4582, 4681, 4764]","[1088, 2244, 2928, 3245, 3745]","[143, 192, 439, 505, 543, 680, 688, 738, 869, 1092, 1096, 1141, 1173, 1180, 1216, 1240, 1245, 1274, 1294, 1298, 1313, 1331, 1364, 1492, 1591, 1742, 1794, 1896, 1905, 2065, 2104, 2253, 2257, 2332, 2668, 2684, 2830, 2889, 2952, 2961, 2994, 3013, 3168, 3265, 3367, 3599, 3619, 3749, 3785, 4314, 4582, 4681, 4764]","[1088, 2244, 2928, 3245, 3745]",4767,58,4709,5,53,4709,0
1.5,MMCASEIB,"[15, 282, 439, 508, 599, 784, 893, 940, 998, 1059, 1113, 1202, 1403, 1412, 1444, 1488, 1589, 1644, 1666, 1889, 1893, 2122, 2401, 2723, 2857, 2893, 2942, 2974, 3042, 3105, 3141, 3145, 3158, 3196, 3259, 3285, 3289, 3368, 3427, 3445, 3540, 3601, 3643, 3682, 3706, 3742, 3746, 3759, 3767, 3769, 3898, 3975, 4203, 4367, 4373, 4440, 4475, 4702, 4901, 4916, 5057, 5081, 5145, 5477, 5519, 5523, 5582, 5615, 5877, 6001, 6060, 6077, 6252, 6256, 6305, 6318, 6394, 6510, 6542, 6553, 6564, 6585, 6603, 6611, 6734, 6810, 6905, 6932, 7023, 7119, 7155, 7160, 7185, 7265, 7929, 7964, 8126, 8222, 8252, 8291, 8413, 8664, 8703, 8811, 8831, 8851, 8921, 9018, 9145, 9203, 9407, 9742, 9803, 9851, 9930, 10002, 10030, 10084, 10160, 10443, 10706, 10771, 10796, 10861, 11025, 11050, 11093, 11112, 11133, 11177, 11224, 11342, 11712, 11758, 11765, 11838, 12006, 12014, 12027, 12187, 12235, 12364, 12376, 12523, 12541, 12573, 12616, 12838, 12859, 12867, 12928, 12951, 12991, 13000]","[6252, 7023, 7160, 8126, 8252, 9803]","[15, 282, 439, 508, 599, 784, 893, 940, 998, 1059, 1113, 1202, 1403, 1412, 1444, 1488, 1589, 1644, 1666, 1889, 1893, 2122, 2401, 2723, 2857, 2893, 2942, 2974, 3042, 3105, 3141, 3145, 3158, 3196, 3259, 3285, 3289, 3368, 3427, 3445, 3540, 3601, 3643, 3682, 3706, 3742, 3746, 3759, 3767, 3769, 3898, 3975, 4203, 4367, 4373, 4440, 4475, 4702, 4901, 4916, 5057, 5081, 5145, 5477, 5519, 5523, 5582, 5615, 5877, 6001, 6060, 6077, 6256, 6305, 6318, 6394, 6510, 6542, 6553, 6564, 6585, 6603, 6611, 6734, 6810, 6905, 6932, 7119, 7155, 7185, 7265, 7929, 7964, 8222, 8291, 8413, 8664, 8703, 8811, 8831, 8851, 8921, 9018, 9145, 9203, 9407, 9742, 9851, 9930, 10002, 10030, 10084, 10160, 10443, 10706, 10771, 10796, 10861, 11025, 11050, 11093, 11112, 11133, 11177, 11224, 11342, 11712, 11758, 11765, 11838, 12006, 12014, 12027, 12187, 12235, 12364, 12376, 12523, 12541, 12573, 12616, 12838, 12859, 12867, 12928, 12951, 12991, 13000]","[6252, 7023, 7160, 8126, 8252, 9803]",13046,154,12892,6,148,12892,0
1.5,MMCD24A,"[115, 171, 198, 233, 274, 287, 477, 630, 937, 952, 1070, 1126, 1273, 1286, 1322, 1419, 1450, 1522, 1645, 1660, 1670, 1804, 1969, 2016, 2023, 2049, 2172, 2195, 2214, 2220, 2259, 2300, 2486, 2533, 2535, 2537, 2539, 2555, 2594, 2635, 2733, 2860, 3016, 3068, 3158, 3308, 3403, 3412, 3476, 3543, 3693, 3794, 3805, 3828, 3911, 3919, 3949, 3975, 4043, 4097, 4140, 4224, 4369, 4547, 4586, 4789, 4791, 4910, 5083, 5368, 5379, 5435, 5478, 5541, 5602, 5793, 5826, 5990, 6085, 6092, 6170, 6236, 6260, 6323, 6430, 6441, 6754, 6784, 6855, 6875, 6967, 7063, 7164, 7251, 7253, 7390, 7471, 7475, 7515, 7528, 7577]",[2486],"[115, 171, 198, 233, 274, 287, 477, 630, 937, 952, 1070, 1126, 1273, 1286, 1322, 1419, 1450, 1522, 1645, 1660, 1670, 1804, 1969, 2016, 2023, 2049, 2172, 2195, 2214, 2220, 2259, 2300, 2533, 2535, 2537, 2539, 2555, 2594, 2635, 2733, 2860, 3016, 3068, 3158, 3308, 3403, 3412, 3476, 3543, 3693, 3794, 3805, 3828, 3911, 3919, 3949, 3975, 4043, 4097, 4140, 4224, 4369, 4547, 4586, 4789, 4791, 4910, 5083, 5368, 5379, 5435, 5478, 5541, 5602, 5793, 5826, 5990, 6085, 6092, 6170, 6236, 6260, 6323, 6430, 6441, 6754, 6784, 6855, 6875, 6967, 7063, 7164, 7251, 7253, 7390, 7471, 7475, 7515, 7528, 7577]",[2486],7632,101,7531,1,100,7531,0
1.5,MMCFOS,"[99, 262, 362, 376, 385, 486, 491, 844, 871, 907, 965, 1025, 1231, 1244, 1248, 1308, 1320, 1356, 1387, 1459, 1646, 1685, 1790, 1850, 2137, 2162, 2168, 2173, 2194, 2208, 2234, 2320, 2363, 2655, 3118, 3175, 3264, 3367, 3414, 3429, 3509, 3656, 3715, 3856]","[844, 1850, 2363]","[99, 262, 362, 376, 385, 486, 491, 871, 907, 965, 1025, 1231, 1244, 1248, 1308, 1320, 1356, 1387, 1459, 1646, 1685, 1790, 2137, 2162, 2168, 2173, 2194, 2208, 2234, 2320, 2655, 3118, 3175, 3264, 3367, 3414, 3429, 3509, 3656, 3715, 3856]","[844, 1850, 2363]",3959,44,3915,3,41,3915,0
1.5,MMCOL10A,"[30, 38, 216, 331, 393, 560, 714, 872, 996, 1070, 1154, 1193, 1269, 1393, 1446, 1518, 1594, 1719, 1796, 1802, 1814, 1964, 2209, 2332, 2356, 2386, 2390, 2534, 2540, 2771, 2829, 2887, 2931, 2937, 3226, 3265, 3292, 3298, 3476, 3514, 3553, 3707, 3730, 3918, 3985, 4215, 4222, 4246, 4529, 4580, 4672, 4689, 4704, 4716, 4779, 4783, 4974, 5004, 5017, 5092, 5105, 5178, 5182, 5199, 5203, 5224, 5555, 5609, 5660, 5729, 5765, 5846, 5879, 5888, 5975, 6020, 6047, 6065, 6146, 6210, 6228, 6263, 6290, 6340, 6371, 6389, 6407, 6434, 6461, 6479, 6679, 6697, 6704, 6754, 6758, 6821, 6833, 6874, 6895, 6933, 6942, 7009, 7059, 7101, 7192, 7203, 7208, 7265, 7272, 7278, 7282, 7286, 7335, 7599, 7656, 7676, 7726, 7997, 8029, 8036, 8197, 8207, 8246, 8281, 8369, 8394, 8516, 8518, 8520, 8522, 8524, 8526, 8528, 8530, 8532, 8534, 8640, 8718, 8837, 9001, 9050, 9066, 9248, 9255, 9284, 9308, 9322]",[1802],"[30, 38, 216, 331, 393, 560, 714, 872, 996, 1070, 1154, 1193, 1269, 1393, 1446, 1518, 1594, 1719, 1796, 1814, 1964, 2209, 2332, 2356, 2386, 2390, 2534, 2540, 2771, 2829, 2887, 2931, 2937, 3226, 3265, 3292, 3298, 3476, 3514, 3553, 3707, 3730, 3918, 3985, 4215, 4222, 4246, 4529, 4580, 4672, 4689, 4704, 4716, 4779, 4783, 4974, 5004, 5017, 5092, 5105, 5178, 5182, 5199, 5203, 5224, 5555, 5609, 5660, 5729, 5765, 5846, 5879, 5888, 5975, 6020, 6047, 6065, 6146, 6210, 6228, 6263, 6290, 6340, 6371, 6389, 6407, 6434, 6461, 6479, 6679, 6697, 6704, 6754, 6758, 6821, 6833, 6874, 6895, 6933, 6942, 7009, 7059, 7101, 7192, 7203, 7208, 7265, 7272, 7278, 7282, 7286, 7335, 7599, 7656, 7676, 7726, 7997, 8029, 8036, 8197, 8207, 8246, 8281, 8369, 8394, 8516, 8518, 8520, 8522, 8524, 8526, 8528, 8530, 8532, 8534, 8640, 8718, 8837, 9001, 9050, 9066, 9248, 9255, 9284, 9308, 9322]",[1802],9323,147,9176,1,146,9176,0
1.5,MMCRPG,"[32, 328, 375, 415, 461, 523, 683, 716, 809, 816, 824, 929, 959, 1003, 1011, 1037, 1055, 1063, 1110, 1167, 1289, 1293, 1302, 1988, 2017, 2074]",[375],"[32, 328, 415, 461, 523, 683, 716, 809, 816, 824, 929, 959, 1003, 1011, 1037, 1055, 1063, 1110, 1167, 1289, 1293, 1302, 1988, 2017, 2074]",[375],2132,26,2106,1,25,2106,0
1.5,MMCYTOKNA,"[122, 481, 503, 592, 794, 796, 810, 926, 1042, 1089, 1123, 1127, 1339, 1393, 1580, 1657, 1871, 1881, 1983, 2161, 2169, 2231, 2239, 2252, 2432, 2523, 2542, 2549, 2553]",[810],"[122, 481, 503, 592, 794, 796, 926, 1042, 1089, 1123, 1127, 1339, 1393, 1580, 1657, 1871, 1881, 1983, 2161, 2169, 2231, 2239, 2252, 2432, 2523, 2542, 2549, 2553]","[810, 1559]",2551,29,2522,1,28,2521,1
1.5,MMDM2RR,"[5, 30, 104, 412, 461, 503, 665, 680, 710, 713, 735, 742, 854, 867, 878, 999, 1010, 1028, 1065, 1105, 1110, 1124, 1162, 1244, 1305, 1325, 1377, 1427, 1439, 1473, 1475, 1477, 1481, 1515, 1534, 1625, 1651, 1846, 1974, 2004, 2085, 2146, 2156, 2171, 2236, 2247, 2254, 2407, 2499, 2513, 2657, 2702, 2727, 2805, 3017, 3136, 3179, 3262, 3359, 3378, 3474, 3509, 3526, 3532, 3556, 3643, 3696, 3701, 3750, 3962, 4028, 4033, 4129, 4134, 4138, 4288, 4427, 4443, 4535, 4598, 4625, 4663, 4773, 4793, 4830, 4862, 4925, 4937, 5044, 5134, 5228, 5321, 5329, 5505, 5583, 5654, 5786, 5860, 5928, 5933, 6015, 6030, 6048, 6052, 6060, 6108, 6307, 6320, 6327, 6476, 6502, 6591]","[665, 854, 1305, 1651, 2702, 3701, 3962, 4925, 5134]","[5, 30, 104, 412, 461, 503, 680, 710, 713, 735, 742, 867, 878, 999, 1010, 1028, 1065, 1105, 1110, 1124, 1162, 1244, 1325, 1377, 1427, 1439, 1473, 1475, 1477, 1481, 1515, 1534, 1625, 1846, 1974, 2004, 2085, 2146, 2156, 2171, 2236, 2247, 2254, 2407, 2499, 2513, 2657, 2727, 2805, 3017, 3136, 3179, 3262, 3359, 3378, 3474, 3509, 3526, 3532, 3556, 3643, 3696, 3750, 4028, 4033, 4129, 4134, 4138, 4288, 4427, 4443, 4535, 4598, 4625, 4663, 4773, 4793, 4830, 4862, 4937, 5044, 5228, 5321, 5329, 5505, 5583, 5654, 5786, 5860, 5928, 5933, 6015, 6030, 6048, 6052, 6060, 6108, 6307, 6320, 6327, 6476, 6502, 6591]","[665, 854, 1305, 1651, 2702, 3701, 3962, 4925, 5134]",6632,112,6520,9,103,6520,0
1.5,MMDNAASFA,"[33, 172, 188, 297, 302, 345, 354, 369, 542, 800, 855, 859, 914, 918, 959, 987, 1042, 1241, 1301, 1406, 1412, 1497, 1576, 1616, 1705, 1746, 1767, 1780, 1823, 1876, 1923, 1940, 1957, 1999, 2084, 2120, 2135, 2194, 2229, 2357, 2406, 2491, 2514, 2695, 2818, 2932, 2996, 3159, 3188, 3221, 3239, 3244, 3295, 3306, 3455, 3464, 3517, 3546, 3558, 3641, 3682, 3703, 3826, 3886, 4082, 4104, 4175, 4235, 4306]","[855, 1241, 1576, 1823, 2135, 2357, 2695]","[33, 172, 188, 297, 302, 345, 354, 369, 542, 800, 859, 914, 918, 959, 987, 1042, 1301, 1406, 1412, 1497, 1616, 1705, 1746, 1767, 1780, 1876, 1923, 1940, 1957, 1999, 2084, 2120, 2194, 2229, 2406, 2491, 2514, 2818, 2932, 2996, 3159, 3188, 3221, 3239, 3244, 3295, 3306, 3455, 3464, 3517, 3546, 3558, 3641, 3682, 3703, 3826, 3886, 4082, 4104, 4175, 4235, 4306]","[855, 1241, 1576, 1823, 2135, 2357, 2695]",4307,69,4238,7,62,4238,0
1.5,MMEZGL,"[17, 54, 106, 161, 255, 535, 589, 613, 621, 637, 648, 661, 665, 701, 706, 715, 802, 852, 910, 1009, 1011, 1013, 1015, 1017, 1019, 1021, 1023, 1025, 1027, 1029, 1031, 1033, 1035, 1037, 1039, 1041, 1043, 1045, 1049, 1112, 1164, 1167, 1191, 1276, 1497, 1599, 1625, 1658, 1824]","[589, 1599]","[17, 54, 106, 161, 255, 535, 613, 621, 637, 648, 661, 665, 701, 706, 715, 802, 852, 910, 1009, 1011, 1013, 1015, 1017, 1019, 1021, 1023, 1025, 1027, 1029, 1031, 1033, 1035, 1037, 1039, 1041, 1043, 1045, 1049, 1112, 1164, 1167, 1191, 1276, 1497, 1625, 1658, 1824]","[589, 1599]",1945,49,1896,2,47,1896,0
1.5,MMG37,"[87, 213, 265, 304, 332, 336, 348, 381, 414, 489, 534, 616, 666, 742, 779, 788, 792, 999, 1014, 1049, 1062, 1091, 1193, 1303, 1338, 1358, 1441, 1700, 1706, 1860, 1901, 2024, 2040, 2119, 2128, 2130, 2134, 2147, 2229, 2275, 2363, 2469, 2476, 2540, 2570, 2771, 2784, 2788, 2862, 2911, 3059]","[332, 788, 1303, 2119, 2363, 2570]","[87, 213, 265, 304, 336, 348, 381, 414, 489, 534, 616, 666, 742, 779, 792, 999, 1014, 1049, 1062, 1091, 1193, 1338, 1358, 1441, 1700, 1706, 1860, 1901, 2024, 2040, 2128, 2130, 2134, 2147, 2229, 2275, 2469, 2476, 2540, 2771, 2784, 2788, 2862, 2911, 3059]","[332, 788, 1303, 2119, 2363, 2570]",3065,51,3014,6,45,3014,0
1.5,MMGBCRYA,"[129, 161, 165, 169, 188, 220, 332, 472, 671, 915, 936, 1003, 1094, 1122, 1165, 1344, 1393, 1412, 1416, 1600, 1702, 1718, 1754, 1758, 1966, 2020, 2108, 2132, 2175, 2209, 2261, 2470, 2523, 2662]","[671, 1003]","[129, 161, 165, 169, 188, 220, 332, 472, 915, 936, 1094, 1122, 1165, 1344, 1393, 1412, 1416, 1600, 1702, 1718, 1754, 1758, 1966, 2020, 2108, 2132, 2175, 2209, 2261, 2470, 2523, 2662]","[671, 1003]",2653,34,2619,2,32,2619,0
1.5,MMGCCRYA,"[79, 148, 169, 417, 436, 701, 721, 748, 968, 989, 1056, 1126, 1131, 1298, 1352, 1430, 1473, 1478, 1615, 1678, 1687, 1716, 1790, 1803, 1807, 1835, 1911, 2181, 2286, 2316, 2374, 2488, 2570, 2593, 2650, 2655, 2670, 2744]","[721, 1056]","[79, 148, 169, 417, 436, 701, 748, 968, 989, 1126, 1131, 1298, 1352, 1430, 1473, 1478, 1615, 1678, 1687, 1716, 1790, 1803, 1807, 1835, 1911, 2181, 2286, 2316, 2374, 2488, 2570, 2593, 2650, 2655, 2670, 2744]","[721, 1056]",2884,38,2846,2,36,2846,0
1.5,MMGFAPD,"[88, 93, 103, 108, 314, 346, 510, 666, 713, 741, 976, 990, 1035, 1096, 1158, 1175, 1231, 1246, 1269, 1298, 1309, 1324, 1340, 1367, 1423, 1464, 1500, 1614, 1624, 1646, 1706, 1710, 1901, 1942, 2021, 2179, 2277, 2284, 2378, 2380, 2382, 2384, 2449, 2561, 2650, 2668, 2760, 2810, 2957, 2982, 2995, 3001, 3128, 3351, 3367, 3389, 3413, 3473, 3497, 3660, 3711, 3906, 3911, 3921, 3932, 3941, 3960, 3994, 4335, 4663, 4730, 4868, 4874, 4910, 4931, 4947, 4976, 5217, 5219, 5221, 5223, 5225, 5227, 5229, 5231, 5233, 5235, 5237, 5239, 5241, 5245, 5253, 5267, 5279, 5298, 5421, 5452, 5481, 5531, 5702, 5835, 6297, 6333, 6370, 6406, 6510, 6547, 6584, 6620, 6656, 6692, 6728, 6765, 6837, 6873, 6909, 7042, 7117, 7192, 7198, 7231, 7253, 7448, 7498, 7577, 7605, 7620, 7746, 7759, 7877, 7902, 7907, 7962, 8027, 8031, 8155, 8227, 8292, 8347, 8409, 8423, 8551, 8587, 8592, 8598, 8630, 8750, 8854, 9093, 9105, 9154, 9210, 9266, 9301, 9323, 9474, 9534, 9548, 9788]","[713, 1624, 1901, 2995, 3906, 4335, 5452, 7907]","[88, 93, 103, 108, 314, 346, 510, 666, 741, 976, 990, 1035, 1096, 1158, 1175, 1231, 1246, 1269, 1298, 1309, 1324, 1340, 1367, 1423, 1464, 1500, 1614, 1646, 1706, 1710, 1942, 2021, 2179, 2277, 2284, 2378, 2380, 2382, 2384, 2449, 2561, 2650, 2668, 2760, 2810, 2957, 2982, 3001, 3128, 3351, 3367, 3389, 3413, 3473, 3497, 3660, 3711, 3911, 3921, 3932, 3941, 3960, 3994, 4663, 4730, 4868, 4874, 4910, 4931, 4947, 4976, 5217, 5219, 5221, 5223, 5225, 5227, 5229, 5231, 5233, 5235, 5237, 5239, 5241, 5245, 5253, 5267, 5279, 5298, 5421, 5481, 5531, 5702, 5835, 6297, 6333, 6370, 6406, 6510, 6547, 6584, 6620, 6656, 6692, 6728, 6765, 6837, 6873, 6909, 7042, 7117, 7192, 7198, 7231, 7253, 7448, 7498, 7577, 7605, 7620, 7746, 7759, 7877, 7902, 7962, 8027, 8031, 8155, 8227, 8292, 8347, 8409, 8423, 8551, 8587, 8592, 8598, 8630, 8750, 8854, 9093, 9105, 9154, 9210, 9266, 9301, 9323, 9474, 9534, 9548, 9788]","[713, 1624, 1901, 2995, 3906, 4335, 5452, 7907]",9963,159,9804,8,151,9804,0
1.5,MMGGLINE,"[125, 157, 204, 279, 441, 574, 876, 945, 1113, 1133, 1389, 1465, 1487, 1735, 1787, 1815, 1827, 2076, 2240, 2250, 2288, 2298, 2499, 2520, 2587, 2599, 2634, 2728, 2730, 2760, 2801, 2871, 2910, 2980, 3031, 3044, 3150, 3162, 3212, 3216, 3218, 3220, 3222, 3224, 3226, 3228, 3230, 3232, 3236, 3244, 3250, 3256, 3295, 3337, 3439, 3536, 3807, 3811, 3833, 3835, 3883, 3948, 3963, 3977, 3995, 4049, 4209, 4274, 4400, 4417, 4429, 4460, 4514, 4519, 4618, 4717, 4790, 4813, 4824, 4883, 4949, 5098, 5150, 5181, 5418, 5502, 5624, 5630, 5706, 5849, 5998, 6122, 6164, 6352, 6374, 6612, 6664, 6694, 6706, 6955, 7119, 7129, 7167, 7177, 7378, 7399, 7466, 7478, 7513, 7607, 7609, 7639, 7680, 7750, 7789, 7859, 7910, 7923, 8029, 8041, 8091, 8095, 8097, 8099, 8101, 8103, 8105, 8107, 8109, 8111, 8113, 8117, 8131, 8170, 8212, 8314, 8411, 8700, 8721, 8757, 8791, 8829, 8852, 8921, 8951, 9000, 9016, 9096, 9120, 9162, 9179, 9193, 9222, 9258, 9263, 9342, 9360, 9373, 9470, 9567, 9578, 9641, 9680, 9714, 9849, 9951, 10169, 10308, 10386, 10392, 10407, 10420, 10462, 10567, 10582, 10693, 10781, 10978, 10982, 11009, 11052]","[7167, 7513]","[125, 157, 204, 279, 441, 574, 876, 945, 1113, 1133, 1389, 1465, 1487, 1735, 1787, 1815, 1827, 2076, 2240, 2250, 2288, 2298, 2499, 2520, 2587, 2599, 2634, 2728, 2730, 2760, 2801, 2871, 2910, 2980, 3031, 3044, 3150, 3162, 3212, 3216, 3218, 3220, 3222, 3224, 3226, 3228, 3230, 3232, 3236, 3244, 3250, 3256, 3295, 3337, 3439, 3536, 3807, 3811, 3833, 3835, 3883, 3948, 3963, 3977, 3995, 4049, 4209, 4274, 4400, 4417, 4429, 4460, 4514, 4519, 4618, 4717, 4790, 4813, 4824, 4883, 4949, 5098, 5150, 5181, 5418, 5502, 5624, 5630, 5706, 5849, 5998, 6122, 6164, 6352, 6374, 6612, 6664, 6694, 6706, 6955, 7119, 7129, 7177, 7378, 7399, 7466, 7478, 7607, 7609, 7639, 7680, 7750, 7789, 7859, 7910, 7923, 8029, 8041, 8091, 8095, 8097, 8099, 8101, 8103, 8105, 8107, 8109, 8111, 8113, 8117, 8131, 8170, 8212, 8314, 8411, 8700, 8721, 8757, 8791, 8829, 8852, 8921, 8951, 9000, 9016, 9096, 9120, 9162, 9179, 9193, 9222, 9258, 9263, 9342, 9360, 9373, 9470, 9567, 9578, 9641, 9680, 9714, 9849, 9951, 10169, 10308, 10386, 10392, 10407, 10420, 10462, 10567, 10582, 10693, 10781, 10978, 10982, 11009, 11052]","[7167, 7513]",11278,181,11097,2,179,11097,0
1.5,MMGK5,"[30, 244, 411, 420, 446, 524, 561, 695, 900, 1208, 1280, 1283, 1439, 1690, 1724, 1805, 1809, 1872, 1890, 1961, 2100, 2311, 2318, 2595, 2626, 2710, 2768, 2820, 2825, 2845, 2850, 2970, 2986, 3083, 3178, 3197, 3221, 3239, 3269, 3287, 3432, 3439, 3465, 3507, 3525, 3563]","[695, 1805, 2595, 2825]","[30, 244, 411, 420, 446, 524, 561, 900, 1208, 1280, 1283, 1439, 1690, 1724, 1809, 1872, 1890, 1961, 2100, 2311, 2318, 2626, 2710, 2768, 2820, 2845, 2850, 2970, 2986, 3083, 3178, 3197, 3221, 3239, 3269, 3287, 3432, 3439, 3465, 3507, 3525, 3563]","[695, 1805, 2595, 2825]",3602,46,3556,4,42,3556,0
1.5,MMH2D4Q5,"[159, 163, 257, 345, 390, 472, 515, 644, 677, 818, 839, 899, 955, 1055]","[159, 644]","[163, 257, 345, 390, 472, 515, 677, 818, 839, 899, 955, 1055]","[159, 644]",1100,14,1086,2,12,1086,0
1.5,MMHOX13,"[82, 110, 118, 133, 325, 369, 470, 492, 553, 800, 832, 1037, 1105, 1119, 1135, 1147, 1156, 1345, 1393, 1440, 1455, 1497, 1570, 1574, 1647, 1651, 1716, 1976, 2028, 2064, 2076, 2109, 2289, 2407, 2504, 2558, 2570, 2583, 2653, 2658, 2798]",[800],"[82, 110, 118, 133, 325, 369, 470, 492, 553, 832, 1037, 1105, 1119, 1135, 1147, 1156, 1345, 1393, 1440, 1455, 1497, 1570, 1574, 1647, 1651, 1716, 1976, 2028, 2064, 2076, 2109, 2289, 2407, 2504, 2558, 2570, 2583, 2653, 2658, 2798]",[800],2827,41,2786,1,40,2786,0
1.5,MMHOX24I,"[24, 50, 72, 91, 98, 184, 281, 529, 631, 705, 725, 730, 837, 868, 896, 914, 1160, 1164, 1264, 1346, 1719, 1752, 1822, 1903, 1913]",[837],"[24, 50, 72, 91, 98, 184, 281, 529, 631, 705, 725, 730, 868, 896, 914, 1160, 1164, 1264, 1346, 1719, 1752, 1822, 1903, 1913]",[837],1915,25,1890,1,24,1890,0
1.5,MMIL1BG,"[121, 136, 184, 341, 572, 834, 845, 869, 915, 1099, 1108, 1294, 1334, 1356, 1360, 1364, 1532, 1567, 1803, 1807, 1888, 1938, 2183, 2371, 2470, 2650, 2803, 3028, 3095, 3123, 3222, 3239, 3249, 3323, 3333, 3423, 3680, 3908, 4271, 4398, 4617, 4651, 4691, 4785, 4844, 4866, 4921, 4988, 5080, 5100, 5180, 5236, 5679, 5891, 5954, 6031, 6110, 6134, 6172, 6241, 6443, 6509, 6565, 6610, 6670, 6907, 6909, 7028]","[1356, 1938, 3680, 4398, 5679]","[121, 136, 184, 341, 572, 834, 845, 869, 915, 1099, 1108, 1294, 1334, 1360, 1364, 1532, 1567, 1803, 1807, 1888, 2183, 2371, 2470, 2650, 2803, 3028, 3095, 3123, 3222, 3239, 3249, 3323, 3333, 3423, 3908, 4271, 4617, 4651, 4691, 4785, 4844, 4866, 4921, 4988, 5080, 5100, 5180, 5236, 5891, 5954, 6031, 6110, 6134, 6172, 6241, 6443, 6509, 6565, 6610, 6670, 6907, 6909, 7028]","[1356, 1938, 3680, 4398, 5679]",7092,68,7024,5,63,7024,0
1.5,MMIL3G,"[103, 112, 129, 156, 172, 188, 350, 388, 469, 686, 703, 712, 732, 745, 824, 875, 929, 1034, 1038, 1077, 1326, 1381, 1445, 1506, 1835, 1913, 1932, 1939, 1946, 1992, 2090, 2578, 2583, 2795, 2916, 3117, 3401]","[686, 824, 1913, 2090]","[103, 112, 129, 156, 172, 188, 350, 388, 469, 703, 712, 732, 745, 875, 929, 1034, 1038, 1077, 1326, 1381, 1445, 1506, 1835, 1932, 1939, 1946, 1992, 2578, 2583, 2795, 2916, 3117, 3401]","[686, 824, 1913, 2090]",3482,37,3445,4,33,3445,0
1.5,MMIL5G,"[21, 40, 87, 151, 184, 218, 359, 674, 731, 818, 965, 970, 980, 1473, 1593, 1625, 1683, 1731, 1842, 1846, 1910, 1971, 1984, 2099, 2123, 2262, 2282, 2439, 2443, 2448, 2548, 2603, 2605, 2607, 2609, 2611, 2613, 2615, 2617, 2619, 2621, 2637, 2641, 2645, 2649, 2653, 2657, 2661, 2673, 2675, 2677, 2679, 2681, 2683, 2685, 2687, 2689, 2691, 2693, 2695, 2697, 2708, 2787, 2874, 2991, 2996, 3068, 3073, 3101, 3117, 3123, 3418, 3529, 3535, 3597, 3617, 3740, 3749, 3756, 3792, 4000, 4213, 4227, 4434, 4615, 4637, 4685, 4702, 4754, 4774, 4806, 4828, 4899, 4929, 4997, 5051, 5071, 5217, 5303, 5318, 5345, 5361, 5441, 5533, 5565, 5659, 5742, 5774, 5971, 5992, 6026, 6174, 6285, 6337, 6396, 6419, 6478, 6585, 6608, 6660]","[731, 1593, 3597]","[21, 40, 87, 151, 184, 218, 359, 674, 818, 965, 970, 980, 1473, 1625, 1683, 1731, 1842, 1846, 1910, 1971, 1984, 2099, 2123, 2262, 2282, 2439, 2443, 2448, 2548, 2603, 2605, 2607, 2609, 2611, 2613, 2615, 2617, 2619, 2621, 2637, 2641, 2645, 2649, 2653, 2657, 2661, 2673, 2675, 2677, 2679, 2681, 2683, 2685, 2687, 2689, 2691, 2693, 2695, 2697, 2708, 2787, 2874, 2991, 2996, 3068, 3073, 3101, 3117, 3123, 3418, 3529, 3535, 3617, 3740, 3749, 3756, 3792, 4000, 4213, 4227, 4434, 4615, 4637, 4685, 4702, 4754, 4774, 4806, 4828, 4899, 4929, 4997, 5051, 5071, 5217, 5303, 5318, 5345, 5361, 5441, 5533, 5565, 5659, 5742, 5774, 5971, 5992, 6026, 6174, 6285, 6337, 6396, 6419, 6478, 6585, 6608, 6660]","[731, 1593, 3597]",6719,120,6599,3,117,6599,0
1.5,MMKFGF,"[47, 147, 151, 379, 469, 493, 515, 518, 542, 566, 693, 779, 869, 875, 961, 976, 1040, 1045, 1059, 1086, 1135, 1160, 1254, 1259, 1279, 1337, 1458, 1548, 1556, 1574, 1624, 1647, 1912, 1929, 1947, 1966, 1977, 2012, 2079, 2322, 2326, 2484, 2548, 2561, 2607, 2715, 2731, 2784, 2820, 2857, 2861, 2886, 3142, 3185, 3349, 3456, 3534, 3596, 3797, 3801, 3818, 3835, 3886]","[542, 1045]","[47, 147, 151, 379, 469, 493, 515, 518, 566, 693, 779, 869, 875, 961, 976, 1040, 1059, 1086, 1135, 1160, 1254, 1259, 1279, 1337, 1458, 1548, 1556, 1574, 1624, 1647, 1912, 1929, 1947, 1966, 1977, 2012, 2079, 2322, 2326, 2484, 2548, 2561, 2607, 2715, 2731, 2784, 2820, 2857, 2861, 2886, 3142, 3185, 3349, 3456, 3534, 3596, 3797, 3801, 3818, 3835, 3886]","[542, 1045]",3981,63,3918,2,61,3918,0
1.5,MMLDHAG,"[48, 105, 232, 275, 437, 571, 731, 736, 829, 867, 901, 1012, 1052, 1081, 1085, 1180, 1299, 1378, 1543, 1552, 1679, 1782, 1906, 2096, 2132, 2186, 2250, 2305, 2392, 2429, 2492, 2574, 2616, 2653, 2687, 2774, 2779, 2825, 2852, 2915, 2946, 2978, 2997, 3045, 3061, 3066, 3084, 3093, 3165, 3195, 3291, 3295, 3339, 3345, 3434, 3532, 3548, 3563, 3649, 3670, 3687, 3728, 3772, 3939, 3965, 4043, 4077, 4089, 4167, 4189, 4205, 4226, 4240, 4330, 4337, 4377, 4532, 4536, 4577, 4609, 4614, 4649, 4667, 4737, 4786, 4824, 4893, 4966, 4992, 4997, 5138, 5333, 5458, 5676, 5919, 5971, 6038, 6042, 6123, 6154, 6189, 6219, 6454, 6475, 6521, 6597, 7048, 7092, 7130, 7171, 7208, 7224, 7283, 7338, 7398, 7401, 7547, 7668, 7776, 7780, 7857, 7959, 7963, 8028, 8181, 8206, 8280, 8315, 8319, 8327, 8336, 8344, 8357, 8380, 8402, 8414, 8454, 8494, 8586, 8597, 8680, 8833, 8945, 8981, 8994, 9006, 9123, 9175, 9224, 9289, 9430, 9494, 9507, 9510, 9601, 9652, 9818, 9897, 9999, 10037, 10068, 10279, 10281, 10407, 10447, 10471, 10503, 10517, 10590, 10677, 10704, 10711, 10812, 10855, 11050, 11076, 11081, 11308, 11426, 11452, 11500, 11532, 11617, 11655, 11822, 11845, 11893, 11907, 11915, 11977, 12056, 12060, 12148, 12155, 12220, 12262, 12279, 12400, 12598, 12637, 12721, 12773, 12827]","[4577, 5919, 7171, 7668, 8597, 10704]","[48, 105, 232, 275, 437, 571, 731, 736, 829, 867, 901, 1012, 1052, 1081, 1085, 1180, 1299, 1378, 1543, 1552, 1679, 1782, 1906, 2096, 2132, 2186, 2250, 2305, 2392, 2429, 2492, 2574, 2616, 2653, 2687, 2774, 2779, 2825, 2852, 2915, 2946, 2978, 2997, 3045, 3061, 3066, 3084, 3093, 3165, 3195, 3291, 3295, 3339, 3345, 3434, 3532, 3548, 3563, 3649, 3670, 3687, 3728, 3772, 3939, 3965, 4043, 4077, 4089, 4167, 4189, 4205, 4226, 4240, 4330, 4337, 4377, 4532, 4536, 4609, 4614, 4649, 4667, 4737, 4786, 4824, 4893, 4966, 4992, 4997, 5138, 5333, 5458, 5676, 5971, 6038, 6042, 6123, 6154, 6189, 6219, 6454, 6475, 6521, 6597, 7048, 7092, 7130, 7208, 7224, 7283, 7338, 7398, 7401, 7547, 7776, 7780, 7857, 7959, 7963, 8028, 8181, 8206, 8280, 8315, 8319, 8327, 8336, 8344, 8357, 8380, 8402, 8414, 8454, 8494, 8586, 8680, 8833, 8945, 8981, 8994, 9006, 9123, 9175, 9224, 9289, 9430, 9494, 9507, 9510, 9601, 9652, 9818, 9897, 9999, 10037, 10068, 10279, 10281, 10407, 10447, 10471, 10503, 10517, 10590, 10677, 10711, 10812, 10855, 11050, 11076, 11081, 11308, 11426, 11452, 11500, 11532, 11617, 11655, 11822, 11845, 11893, 11907, 11915, 11977, 12056, 12060, 12148, 12155, 12220, 12262, 12279, 12400, 12598, 12637, 12721, 12773, 12827]","[4577, 5919, 7171, 7668, 8597, 10704]",12843,203,12640,6,197,12640,0
1.5,MMMMP9A,"[11, 70, 96, 299, 316, 483, 561, 563, 880, 967, 1007, 1341, 1357, 1378, 1440, 1461, 1469, 1476, 1508, 1562, 1600, 1625, 1631, 1669, 1734, 1747, 1786, 1890, 1949, 1981, 2008, 2031, 2039, 2068, 2125, 2293, 2305, 2331, 2375, 2550, 2665, 2777, 2781, 2849, 2920, 3058, 3064, 3068, 3081, 3148, 3222, 3230, 3283, 3359, 3395, 3418, 3441, 3479, 3639, 3808, 3852, 3886, 3922, 3945, 3971, 4051, 4115, 4132, 4201, 4206, 4257, 4302, 4321, 4373, 4457, 4478, 4492, 4525, 4851, 4864, 4944, 4948, 5301, 5471, 5483, 5695, 5708, 5712, 5716, 5799, 5936, 6008, 6087, 6215, 6282, 6291, 6356, 6378, 6417, 6482, 6525, 6556, 6564, 6746, 7049, 7057, 7082, 7091, 7120, 7141, 7168, 7374, 7402, 7414, 7445, 7632, 7693, 7752, 7770, 7779, 7791, 7800, 7809, 7939, 7954, 7964]","[1341, 2008, 2375, 2781, 3064, 3418, 3945, 4206, 5695, 5936, 6356, 6564]","[11, 70, 96, 299, 316, 483, 561, 563, 880, 967, 1007, 1357, 1378, 1440, 1461, 1469, 1476, 1508, 1562, 1600, 1625, 1631, 1669, 1734, 1747, 1786, 1890, 1949, 1981, 2031, 2039, 2068, 2125, 2293, 2305, 2331, 2550, 2665, 2777, 2849, 2920, 3058, 3068, 3081, 3148, 3222, 3230, 3283, 3359, 3395, 3441, 3479, 3639, 3808, 3852, 3886, 3922, 3971, 4051, 4115, 4132, 4201, 4257, 4302, 4321, 4373, 4457, 4478, 4492, 4525, 4851, 4864, 4944, 4948, 5301, 5471, 5483, 5708, 5712, 5716, 5799, 6008, 6087, 6215, 6282, 6291, 6378, 6417, 6482, 6525, 6556, 6746, 7049, 7057, 7082, 7091, 7120, 7141, 7168, 7374, 7402, 7414, 7445, 7632, 7693, 7752, 7770, 7779, 7791, 7800, 7809, 7939, 7954, 7964]","[1341, 2008, 2375, 2781, 3064, 3418, 3945, 4206, 5695, 5936, 6356, 6564]",8182,126,8056,12,114,8056,0
1.5,MMMRPS24,"[40, 46, 217, 257, 266, 346, 353, 404, 645, 670, 712, 728, 825, 836, 959, 1005, 1076, 1106, 1132, 1180, 1196, 1221, 1379, 1403, 1460, 1518, 1584, 1622, 1675, 1761, 1765, 1994, 2055, 2059, 2108, 2122, 2149, 2168, 2206, 2253, 2406, 2571, 2617, 2652, 2656, 2669, 2675, 2683, 2911, 2928, 2967, 2976, 2987, 3095, 3119, 3123, 3137, 3192, 3263, 3450, 3619, 3649, 3713, 3731, 3733, 3737, 3803, 3917, 3934, 3938, 3974, 4037, 4092, 4110, 4371, 4375, 4461, 4604, 4658, 4677, 4832, 4892, 4905, 4917, 4921, 4969, 4979, 5070, 5091, 5154, 5228, 5255, 5261, 5276, 5435, 5453]","[404, 1460, 1761, 3137]","[40, 46, 217, 257, 266, 346, 353, 645, 670, 712, 728, 825, 836, 959, 1005, 1076, 1106, 1132, 1180, 1196, 1221, 1379, 1403, 1518, 1584, 1622, 1675, 1765, 1994, 2055, 2059, 2108, 2122, 2149, 2168, 2206, 2253, 2406, 2571, 2617, 2652, 2656, 2669, 2675, 2683, 2911, 2928, 2967, 2976, 2987, 3095, 3119, 3123, 3192, 3263, 3450, 3619, 3649, 3713, 3731, 3733, 3737, 3803, 3917, 3934, 3938, 3974, 4037, 4092, 4110, 4371, 4375, 4461, 4604, 4658, 4677, 4832, 4892, 4905, 4917, 4921, 4969, 4979, 5070, 5091, 5154, 5228, 5255, 5261, 5276, 5435, 5453]","[404, 1460, 1761, 3137]",5491,96,5395,4,92,5395,0
1.5,MMMTIX,"[10, 35, 172, 203, 213, 325, 402, 559, 634, 681, 706, 758, 770, 844, 951, 1182, 1241, 1255, 1280, 1355, 1401, 1427, 1502, 1515]","[402, 951]","[10, 35, 172, 203, 213, 325, 559, 634, 681, 706, 758, 770, 844, 1182, 1241, 1255, 1280, 1355, 1401, 1427, 1502, 1515]","[402, 951]",1552,24,1528,2,22,1528,0
1.5,MMMUPBS6,"[79, 149, 449, 731, 792, 813, 861, 926, 969, 1024, 1203, 1207, 1246, 1298, 1395, 1412, 1451, 1583, 1614, 1714, 1727, 1755, 1831, 1901, 1908, 2027, 2038, 2045, 2107, 2109, 2125, 2127, 2129, 2131, 2133, 2135, 2137, 2139, 2141, 2143, 2145, 2193, 2277, 2425, 2452, 2481, 2623, 2793, 2963, 3171, 3185, 3236, 3366, 3445, 3476, 3628, 3633, 3685, 3752, 3883, 3947, 4515, 4527, 4557, 4588]","[731, 1203, 2045, 2793, 3236]","[79, 149, 449, 792, 813, 861, 926, 969, 1024, 1207, 1246, 1298, 1395, 1412, 1451, 1583, 1614, 1714, 1727, 1755, 1831, 1901, 1908, 2027, 2038, 2107, 2109, 2125, 2127, 2129, 2131, 2133, 2135, 2137, 2139, 2141, 2143, 2145, 2193, 2277, 2425, 2452, 2481, 2623, 2963, 3171, 3185, 3366, 3445, 3476, 3628, 3633, 3685, 3752, 3883, 3947, 4515, 4527, 4557, 4588]","[731, 1203, 2045, 2793, 3236]",4614,65,4549,5,60,4549,0
1.5,MMMYCL,"[26, 68, 99, 256, 264, 270, 275, 317, 337, 369, 404, 522, 580, 765, 806, 810, 829, 840, 842, 844, 848, 898, 919, 931, 1044, 1085, 1170, 1396, 1493, 1565, 1615, 1703, 1727, 1787, 1917, 1921, 1951, 1955, 1963, 1980, 2009, 2042, 2048, 2076, 2084, 2341, 2350, 2361, 2419, 2554, 2581, 2634, 2785, 3292, 3318, 3327, 3447, 3452, 3461, 3569, 3734, 3810, 3894, 3956, 3990, 3996, 4161, 4195, 4334, 4360, 4607, 4609, 4613, 4617, 4673, 4690, 4744, 4948, 4970, 5002, 5023, 5185, 5229, 5262, 5420, 5452, 5610, 5883, 6229, 6468, 6484, 6573, 6619, 6725, 6731, 6752, 6811, 6937, 6994, 7001, 7147, 7257, 7436, 7477, 7560, 7565, 7571, 7611, 7613, 7635, 7736, 7750, 7755, 7792, 7848, 7927, 8066, 8161, 8219]",[1787],"[26, 68, 99, 256, 264, 270, 275, 317, 337, 369, 404, 522, 580, 765, 806, 810, 829, 840, 842, 844, 848, 898, 919, 931, 1044, 1085, 1170, 1396, 1493, 1565, 1615, 1703, 1727, 1917, 1921, 1951, 1955, 1963, 1980, 2009, 2042, 2048, 2076, 2084, 2341, 2350, 2361, 2419, 2554, 2581, 2634, 2785, 3292, 3318, 3327, 3447, 3452, 3461, 3569, 3734, 3810, 3894, 3956, 3990, 3996, 4161, 4195, 4334, 4360, 4607, 4609, 4613, 4617, 4673, 4690, 4744, 4948, 4970, 5002, 5023, 5185, 5229, 5262, 5420, 5452, 5610, 5883, 6229, 6468, 6484, 6573, 6619, 6725, 6731, 6752, 6811, 6937, 6994, 7001, 7147, 7257, 7436, 7477, 7560, 7565, 7571, 7611, 7613, 7635, 7736, 7750, 7755, 7792, 7848, 7927, 8066, 8161, 8219]",[1787],8308,119,8189,1,118,8189,0
1.5,MMNFMG,"[50, 59, 97, 120, 138, 225, 243, 274, 284, 334, 352, 421, 527, 638, 993, 1043, 1064, 1205, 1223, 1244, 1277, 1319, 1510, 1549, 1553, 1634, 1747, 1774, 1791, 1890, 1896, 2199, 2201, 2336, 2340, 2378, 2404, 2456, 2534, 2540, 2631, 2787, 2878, 2961, 3093, 3145, 3168, 3175, 3275, 3339, 3452, 3597, 3686, 3691, 3793, 3812, 3876, 4040, 4252, 4343, 4350, 4394, 4409, 4448, 4498, 4531, 4585, 4619, 4693, 4753, 4777, 4794, 4798, 4804, 4855, 4886, 4954, 5000, 5044, 5081, 5110, 5141, 5236, 5245, 5282, 5311, 5341, 5439]","[1634, 2540]","[50, 59, 97, 120, 138, 225, 243, 274, 284, 334, 352, 421, 527, 638, 993, 1043, 1064, 1205, 1223, 1244, 1277, 1319, 1510, 1549, 1553, 1747, 1774, 1791, 1890, 1896, 2199, 2201, 2336, 2340, 2378, 2404, 2456, 2534, 2631, 2787, 2878, 2961, 3093, 3145, 3168, 3175, 3275, 3339, 3452, 3597, 3686, 3691, 3793, 3812, 3876, 4040, 4252, 4343, 4350, 4394, 4409, 4448, 4498, 4531, 4585, 4619, 4693, 4753, 4777, 4794, 4798, 4804, 4855, 4886, 4954, 5000, 5044, 5081, 5110, 5141, 5236, 5245, 5282, 5311, 5341, 5439]","[1634, 2540]",5463,88,5375,2,86,5375,0
1.5,MMNMYC,"[149, 189, 294, 642, 749, 835, 839, 869, 970, 990, 994, 1069, 1109, 1163, 1210, 1216, 1253, 1355, 1381, 1397, 1426, 1438, 1470, 1584, 1591, 1609, 1672, 1732, 1851, 1921, 1998, 2004, 2053, 2175, 2215, 2465, 2735, 2756, 2791, 2980, 3025, 3064, 3071, 3124, 3257, 3278, 3549, 3611, 3635, 3661, 3858, 3902, 3996, 4041, 4101, 4204, 4214, 4261, 4401, 4564, 4764, 4774, 4796]",[1163],"[149, 189, 294, 642, 749, 835, 839, 869, 970, 990, 994, 1069, 1109, 1210, 1216, 1253, 1355, 1381, 1397, 1426, 1438, 1470, 1584, 1591, 1609, 1672, 1732, 1851, 1921, 1998, 2004, 2053, 2175, 2215, 2465, 2735, 2756, 2791, 2980, 3025, 3064, 3071, 3124, 3257, 3278, 3549, 3611, 3635, 3661, 3858, 3902, 3996, 4041, 4101, 4204, 4214, 4261, 4401, 4564, 4764, 4774, 4796]",[1163],4799,63,4736,1,62,4736,0
1.5,MMNUCLEO,"[111, 145, 184, 258, 540, 622, 665, 669, 683, 784, 863, 926, 950, 973, 988, 1033, 1093, 1160, 1185, 1599, 1697, 1774, 1803, 1911, 1932, 2011, 2027, 2042, 2214, 2309, 2311, 2354, 2423, 2479, 2521, 2563, 2596, 2607, 2620, 2642, 2665, 2680, 2859, 2886, 2956, 2967, 2985, 3012, 3040, 3075, 3141, 3171, 3456, 3485, 3536, 3562, 3580, 3617, 3639, 3737, 3761, 3851, 3908, 3984, 4012, 4016, 4029, 4071, 4095, 4190, 4293, 4319, 4328, 4464, 4468, 4694, 4715, 4729, 4879, 4926, 5111, 5188, 5198, 5305, 5351, 5572, 5605, 5627, 5879, 5995, 6034, 6036, 6050, 6221, 6230, 6234, 6248, 6280, 6349, 6372, 6399, 6403, 6530, 6615, 6726, 6862, 6879, 7035, 7043, 7127, 7135, 7199, 7203, 7215, 7232, 7250, 7364, 7510, 7705, 7754, 7785, 7877, 7889, 8080, 8122, 8279, 8304, 8349, 8451, 8458, 8497, 8534, 8614, 8738, 8761, 8794, 8850, 8928, 9050, 9082, 9279, 9352, 9387, 9557, 9572, 9700, 9781, 9881, 10068, 10132, 10140, 10179, 10235, 10325, 10331, 10349, 10379, 10391, 10400, 10436, 10506, 10551, 10733, 10826, 10888, 10946, 11016, 11053, 11089, 11169, 11303, 11335, 11413]","[2042, 3141, 4293, 4694, 4879, 5198, 6230, 8122, 8738, 9050, 9881, 10436]","[111, 145, 184, 258, 540, 622, 665, 669, 683, 784, 863, 926, 950, 973, 988, 1033, 1093, 1160, 1185, 1599, 1697, 1774, 1803, 1911, 1932, 2011, 2027, 2214, 2309, 2311, 2354, 2423, 2479, 2521, 2563, 2596, 2607, 2620, 2642, 2665, 2680, 2859, 2886, 2956, 2967, 2985, 3012, 3040, 3075, 3171, 3456, 3485, 3536, 3562, 3580, 3617, 3639, 3737, 3761, 3851, 3908, 3984, 4012, 4016, 4029, 4071, 4095, 4190, 4319, 4328, 4464, 4468, 4715, 4729, 4926, 5111, 5188, 5305, 5351, 5572, 5605, 5627, 5879, 5995, 6034, 6036, 6050, 6221, 6234, 6248, 6280, 6349, 6372, 6399, 6403, 6530, 6615, 6726, 6862, 6879, 7035, 7043, 7127, 7135, 7199, 7203, 7215, 7232, 7250, 7364, 7510, 7705, 7754, 7785, 7877, 7889, 8080, 8279, 8304, 8349, 8451, 8458, 8497, 8534, 8614, 8761, 8794, 8850, 8928, 9082, 9279, 9352, 9387, 9557, 9572, 9700, 9781, 10068, 10132, 10140, 10179, 10235, 10325, 10331, 10349, 10379, 10391, 10400, 10506, 10551, 10733, 10826, 10888, 10946, 11016, 11053, 11089, 11169, 11303, 11335, 11413]","[2042, 3141, 4293, 4694, 4879, 5198, 6230, 7517, 8122, 8738, 9050, 9881, 10436]",11470,173,11297,12,161,11296,1
1.5,MMODC2,"[80, 91, 124, 176, 331, 335, 419, 440, 454, 622, 669, 689, 737, 803, 844, 891, 895, 944, 966, 977, 1007, 1053, 1182, 1239, 1301, 1367, 1369, 1374, 1385, 1482, 1495, 1540, 1557, 1723, 1801, 1841, 1855, 1892, 1938, 1943, 2073, 2227, 2271, 2377, 2399, 2508, 2523, 2532, 2537, 2563, 2572, 2681, 2702, 2728, 2836, 2866, 2886, 2890, 2999, 3003, 3068, 3130, 3416, 3433, 3438, 3559, 3752, 3758, 3763, 3778, 3884, 3975, 4013, 4088, 4120, 4147, 4178, 4219, 4228, 4246]","[331, 737, 1053, 1374, 1557, 1801, 2508, 2702, 2999]","[80, 91, 124, 176, 335, 419, 440, 454, 622, 669, 689, 803, 844, 891, 895, 944, 966, 977, 1007, 1182, 1239, 1301, 1367, 1369, 1385, 1482, 1495, 1540, 1723, 1841, 1855, 1892, 1938, 1943, 2073, 2227, 2271, 2377, 2399, 2523, 2532, 2537, 2563, 2572, 2681, 2728, 2836, 2866, 2886, 2890, 3003, 3068, 3130, 3416, 3433, 3438, 3559, 3752, 3758, 3763, 3778, 3884, 3975, 4013, 4088, 4120, 4147, 4178, 4219, 4228, 4246]","[331, 737, 1053, 1374, 1557, 1801, 2508, 2702, 2999]",4252,80,4172,9,71,4172,0
1.5,MMOESTEOP,"[129, 199, 510, 595, 606, 636, 651, 706, 763, 771, 842, 853, 864, 873, 993, 997, 1091, 1097, 1127, 1176, 1250, 1279, 1380, 1395, 1454, 1606, 1662, 1666, 1800, 1811, 1974, 2027, 2052, 2241, 2283, 2414, 2459, 2506, 2581, 2605, 2609, 2714, 2742, 2821, 2893, 2909, 2917, 3332, 3523, 3601, 3711, 3716, 4039, 4101, 4194, 4216, 4271, 4273, 4448, 4452, 4464, 4637, 4649, 4697, 4834, 4930, 5104, 5120, 5237, 5290, 5308, 5456, 5508, 5583, 5607, 5729]","[993, 1127, 2283, 2821, 4101]","[129, 199, 510, 595, 606, 636, 651, 706, 763, 771, 842, 853, 864, 873, 997, 1091, 1097, 1176, 1250, 1279, 1380, 1395, 1454, 1606, 1662, 1666, 1800, 1811, 1974, 2027, 2052, 2241, 2414, 2459, 2506, 2581, 2605, 2609, 2714, 2742, 2893, 2909, 2917, 3332, 3523, 3601, 3711, 3716, 4039, 4194, 4216, 4271, 4273, 4448, 4452, 4464, 4637, 4649, 4697, 4834, 4930, 5104, 5120, 5237, 5290, 5308, 5456, 5508, 5583, 5607, 5729]","[993, 1127, 2283, 2821, 4101]",5774,76,5698,5,71,5698,0
1.5,MMPO,"[214, 318, 324, 328, 475, 561, 825, 845, 857, 913, 962, 1313, 1325, 1379, 1591, 1637, 1686, 1709, 1716, 1800, 1950, 2006, 2181, 2193, 2232, 2239, 2304, 2391, 2446, 2452, 2513, 2553, 2561, 2568, 2839, 2860, 2948, 3035, 3054, 3166, 3336, 3441, 3447, 3470, 3503, 3655, 3719, 3728, 3749, 3835, 3894, 4044, 4238, 4243, 4257, 4318, 4385, 4583, 4590, 4769, 4816, 4831, 4835, 4902, 5120, 5261, 5281, 5312, 5347, 5575, 5641, 5673, 5809, 5814, 5896, 5962, 5998, 6010, 6145, 6250, 6294, 6308, 6384, 6460, 6470, 6472, 6474, 6478, 6484, 6491, 6509, 6513, 6525, 6534, 6540, 6555, 6572, 6582, 6589, 6608, 6610, 6620, 6624, 6637, 6664, 6672, 6683, 6704, 6716, 6718, 6720, 6790, 6805, 6833, 6901, 6911, 6956, 6982, 7149, 7167, 7542, 7628, 7712, 7718, 7756, 7793, 7833, 7842, 7865, 8043, 8109, 8170, 8240, 8252, 8363, 8440, 8691, 8736, 8907, 9079, 9156, 9164, 9226, 9231, 9240, 9244, 9257, 9434, 9454, 9464, 9476, 9483, 9582, 9712, 9716, 9730, 9809, 9841, 9896, 9903, 9914, 9927, 9938, 10001, 10055, 10145, 10267, 10331, 10487, 10550, 10702, 10751, 10756, 10788, 10826, 10849, 10853, 10859, 10866, 10894, 10906, 10970, 10979, 10983, 11067, 11076, 11118, 11123, 11329, 11344, 11573, 11609, 11611, 11636, 11700, 11705, 11764, 11862, 11901]","[2193, 2446, 2948, 3503, 3728, 4769, 7167, 8440, 8907, 9903]","[214, 318, 324, 328, 475, 561, 825, 845, 857, 913, 962, 1313, 1325, 1379, 1591, 1637, 1686, 1709, 1716, 1800, 1950, 2006, 2181, 2232, 2239, 2304, 2391, 2452, 2513, 2553, 2561, 2568, 2839, 2860, 3035, 3054, 3166, 3336, 3441, 3447, 3470, 3655, 3719, 3749, 3835, 3894, 4044, 4238, 4243, 4257, 4318, 4385, 4583, 4590, 4816, 4831, 4835, 4902, 5120, 5261, 5281, 5312, 5347, 5575, 5641, 5673, 5809, 5814, 5896, 5962, 5998, 6010, 6145, 6250, 6294, 6308, 6384, 6460, 6470, 6472, 6474, 6478, 6484, 6491, 6509, 6513, 6525, 6534, 6540, 6555, 6572, 6582, 6589, 6608, 6610, 6620, 6624, 6637, 6664, 6672, 6683, 6704, 6716, 6718, 6720, 6790, 6805, 6833, 6901, 6911, 6956, 6982, 7149, 7542, 7628, 7712, 7718, 7756, 7793, 7833, 7842, 7865, 8043, 8109, 8170, 8240, 8252, 8363, 8691, 8736, 9079, 9156, 9164, 9226, 9231, 9240, 9244, 9257, 9434, 9454, 9464, 9476, 9483, 9582, 9712, 9716, 9730, 9809, 9841, 9896, 9914, 9927, 9938, 10001, 10055, 10145, 10267, 10331, 10487, 10550, 10702, 10751, 10756, 10788, 10826, 10849, 10853, 10859, 10866, 10894, 10906, 10970, 10979, 10983, 11067, 11076, 11118, 11123, 11329, 11344, 11573, 11609, 11611, 11636, 11700, 11705, 11764, 11862, 11901]","[2193, 2446, 2948, 3503, 3728, 4018, 4769, 7167, 8440, 8907, 9903]",11905,199,11706,10,189,11705,1
1.5,MMPPSOMA,"[26, 124, 133, 161, 163, 165, 167, 169, 171, 173, 251, 411, 435, 447, 545, 556, 562, 608, 612, 706, 710, 722, 752, 916, 957, 990, 1034, 1091, 1193, 1208, 1248, 1274, 1301, 1367, 1439, 1710, 1824, 2027, 2049, 2087, 2136, 2175, 2196, 2272, 2345, 2466, 2491]",[1034],"[26, 124, 133, 161, 163, 165, 167, 169, 171, 173, 251, 411, 435, 447, 545, 556, 562, 608, 612, 706, 710, 722, 752, 916, 957, 990, 1091, 1193, 1208, 1248, 1274, 1301, 1367, 1439, 1710, 1824, 2027, 2049, 2087, 2136, 2175, 2196, 2272, 2345, 2466, 2491]",[1034],2556,47,2509,1,46,2509,0
1.5,MMPROP2,"[63, 78, 289, 349, 416, 631]",[289],"[63, 78, 349, 416, 631]",[289],712,6,706,1,5,706,0
1.5,MMPROT1,"[145, 184, 312, 388, 452, 474, 478, 544, 590, 609, 759, 783, 790, 797, 887, 937, 1094, 1107, 1177]",[759],"[145, 184, 312, 388, 452, 474, 478, 544, 590, 609, 783, 790, 797, 887, 937, 1094, 1107, 1177]",[759],1178,19,1159,1,18,1159,0
1.5,MMPROT2,"[66, 222, 311, 361, 374, 480, 484, 508, 615, 629, 658, 771, 791, 803, 809, 880, 915, 987, 1067, 1128, 1158, 1218, 1357, 1368, 1469, 1536]",[1218],"[66, 222, 311, 361, 374, 480, 484, 508, 615, 629, 658, 771, 791, 803, 809, 880, 915, 987, 1067, 1128, 1158, 1357, 1368, 1469, 1536]",[1218],1568,26,1542,1,25,1542,0
1.5,MMSAP,"[20, 48, 242, 340, 441, 601, 665, 794, 886, 916, 981, 1020, 1200, 1207, 1546, 1550, 1554, 1558, 1572, 1631, 1805, 1837]",[441],"[20, 48, 242, 340, 601, 665, 794, 886, 916, 981, 1020, 1200, 1207, 1546, 1550, 1554, 1558, 1572, 1631, 1805, 1837]",[441],1868,22,1846,1,21,1846,0
1.5,MMSCIMIP,"[281, 376, 415, 438, 552, 578, 600, 619, 680, 695, 740, 1010, 1017, 1049, 1054, 1066, 1095, 1147, 1153, 1614, 1626, 1630, 1681, 1735, 1790, 1846, 1867, 1946]","[415, 1017]","[281, 376, 438, 552, 578, 600, 619, 680, 695, 740, 1010, 1049, 1054, 1066, 1095, 1147, 1153, 1614, 1626, 1630, 1681, 1735, 1790, 1846, 1867, 1946]","[415, 1017]",1980,28,1952,2,26,1952,0
1.5,MMSYNDE1A,"[48, 136, 190, 253, 456, 518, 526, 573, 658, 762, 816, 845, 850, 882, 903, 988, 1054, 1268, 1345, 1483, 1524, 1992, 2151, 2198, 2228, 2272, 2289, 2313, 2318, 2365, 2444, 2487, 2532, 2562, 2623, 2680, 2746, 2830, 2837, 3132, 3151, 3162, 3196, 3240, 3292, 3352, 3417, 3556, 3570, 3695, 3706, 3749, 3831, 3981, 4057, 4124, 4273, 4323, 4489, 4491, 4639, 4688, 4746, 4755, 4826, 4867, 4883, 4926, 4928, 4932, 4952, 5018, 5043, 5113, 5219, 5324, 5366, 5420, 5496, 5601, 5616, 5655, 5700, 5772, 5798, 5834, 5842, 5866, 5871, 5923, 5970, 6028, 6067, 6090, 6171, 6256, 6275, 6532, 6622, 6664, 6741, 6769, 6786, 6970, 6991, 6996, 7045, 7075, 7094, 7172, 7292, 7317, 7554, 7598, 7622, 7683, 7733, 7805, 7828, 7876, 7914, 7923, 7931, 8043, 8056, 8129, 8203, 8263, 8269, 8275, 8412, 8442, 8522, 8600, 8626, 8657, 8690, 8705, 8765, 8770, 8780, 8837, 9076, 9182, 9320, 9511, 9519, 9534, 9563, 9666, 9739, 9854, 9867, 9871, 9919, 9939, 10012, 10045, 10122, 10171, 10196, 10213, 10319, 10340, 10345, 10475, 10506, 10759, 10770, 10847, 10852, 10897, 10903, 11002, 11058, 11099, 11140, 11188, 11249, 11397, 11441, 11495, 11500, 11583, 11622, 11679, 11823, 11858, 11872, 11900, 11920, 11930, 11938, 12082, 12104, 12128, 12132, 12217, 12323, 12384, 12407, 12448, 12515, 12527, 12647, 12651, 12803, 12840, 12879, 13028, 13042, 13095, 13180, 13198, 13223, 13238, 13426, 13441, 13528, 13574, 13599, 13633, 13642, 13646, 13693, 13723, 13748, 13761, 13767, 13823, 13851, 13861, 13868, 13911, 14080, 14113, 14178, 14182, 14236, 14254, 14276, 14348, 14368, 14410, 14429, 14519, 14553, 14610, 14623, 14634, 14690, 14704, 14757, 14812, 14843, 14849, 14853, 14948, 15011, 15018, 15067, 15081, 15172, 15203, 15285, 15299, 15303, 15474, 15499, 15554, 15599, 15601, 15603, 15605, 15607, 15609, 15611, 15613, 15615, 15617, 15619, 15621, 15623, 15625, 15627, 15629, 15631, 15633, 15635, 15637, 15641, 15674, 15680, 15696, 15704, 15771, 15806, 15845, 15929, 15955, 16104, 16275, 16335, 16427, 16486, 16512, 16562, 16566, 16570, 16639, 16701, 16729, 16744, 16770, 16849, 16868, 17033, 17060, 17184, 17246, 17281, 17290, 17298, 17302, 17451, 17542, 17557, 17623, 17647, 17663, 17701, 17717, 17748, 17884, 17934, 17951, 17984, 18076, 18162, 18328, 18495, 18544, 18558, 18563, 18607, 18633, 18655, 18754, 18818, 18832, 18837, 18939, 19009, 19057, 19151, 19269, 19286, 19326, 19349, 19403, 19416, 19424, 19440, 19510, 19542, 19546, 19595, 19718, 19726, 19767, 19822, 19838, 19845, 19903, 19953, 20293, 20302, 20385, 20453, 20460, 20515, 20556, 20604, 20626, 20657, 20689, 20735, 20762, 20802, 20881, 20900, 20942, 20958, 20976, 20990, 21008, 21030, 21214, 21279, 21479, 21758, 21888, 21897, 22028, 22071, 22081, 22094, 22099, 22120, 22221, 22241, 22318, 22342, 22393, 22488, 22535, 22624, 22657, 22707, 22798, 22802, 22991, 23095, 23100, 23105, 23111, 23203, 23325, 23341, 23427, 23472, 23499, 23581]","[1345, 19009, 20385, 20942]","[48, 136, 190, 253, 456, 518, 526, 573, 658, 762, 816, 845, 850, 882, 903, 988, 1054, 1268, 1483, 1524, 1992, 2151, 2198, 2228, 2272, 2289, 2313, 2318, 2365, 2444, 2487, 2532, 2562, 2623, 2680, 2746, 2830, 2837, 3132, 3151, 3162, 3196, 3240, 3292, 3352, 3417, 3556, 3570, 3695, 3706, 3749, 3831, 3981, 4057, 4124, 4273, 4323, 4489, 4491, 4639, 4688, 4746, 4755, 4826, 4867, 4883, 4926, 4928, 4932, 4952, 5018, 5043, 5113, 5219, 5324, 5366, 5420, 5496, 5601, 5616, 5655, 5700, 5772, 5798, 5834, 5842, 5866, 5871, 5923, 5970, 6028, 6067, 6090, 6171, 6256, 6275, 6532, 6622, 6664, 6741, 6769, 6786, 6970, 6991, 6996, 7045, 7075, 7094, 7172, 7292, 7317, 7554, 7598, 7622, 7683, 7733, 7805, 7828, 7876, 7914, 7923, 7931, 8043, 8056, 8129, 8203, 8263, 8269, 8275, 8412, 8442, 8522, 8600, 8626, 8657, 8690, 8705, 8765, 8770, 8780, 8837, 9076, 9182, 9320, 9511, 9519, 9534, 9563, 9666, 9739, 9854, 9867, 9871, 9919, 9939, 10012, 10045, 10122, 10171, 10196, 10213, 10319, 10340, 10345, 10475, 10506, 10759, 10770, 10847, 10852, 10897, 10903, 11002, 11058, 11099, 11140, 11188, 11249, 11397, 11441, 11495, 11500, 11583, 11622, 11679, 11823, 11858, 11872, 11900, 11920, 11930, 11938, 12082, 12104, 12128, 12132, 12217, 12323, 12384, 12407, 12448, 12515, 12527, 12647, 12651, 12803, 12840, 12879, 13028, 13042, 13095, 13180, 13198, 13223, 13238, 13426, 13441, 13528, 13574, 13599, 13633, 13642, 13646, 13693, 13723, 13748, 13761, 13767, 13823, 13851, 13861, 13868, 13911, 14080, 14113, 14178, 14182, 14236, 14254, 14276, 14348, 14368, 14410, 14429, 14519, 14553, 14610, 14623, 14634, 14690, 14704, 14757, 14812, 14843, 14849, 14853, 14948, 15011, 15018, 15067, 15081, 15172, 15203, 15285, 15299, 15303, 15474, 15499, 15554, 15599, 15601, 15603, 15605, 15607, 15609, 15611, 15613, 15615, 15617, 15619, 15621, 15623, 15625, 15627, 15629, 15631, 15633, 15635, 15637, 15641, 15674, 15680, 15696, 15704, 15771, 15806, 15845, 15929, 15955, 16104, 16275, 16335, 16427, 16486, 16512, 16562, 16566, 16570, 16639, 16701, 16729, 16744, 16770, 16849, 16868, 17033, 17060, 17184, 17246, 17281, 17290, 17298, 17302, 17451, 17542, 17557, 17623, 17647, 17663, 17701, 17717, 17748, 17884, 17934, 17951, 17984, 18076, 18162, 18328, 18495, 18544, 18558, 18563, 18607, 18633, 18655, 18754, 18818, 18832, 18837, 18939, 19057, 19151, 19269, 19286, 19326, 19349, 19403, 19416, 19424, 19440, 19510, 19542, 19546, 19595, 19718, 19726, 19767, 19822, 19838, 19845, 19903, 19953, 20293, 20302, 20453, 20460, 20515, 20556, 20604, 20626, 20657, 20689, 20735, 20762, 20802, 20881, 20900, 20958, 20976, 20990, 21008, 21030, 21214, 21279, 21479, 21758, 21888, 21897, 22028, 22071, 22081, 22094, 22099, 22120, 22221, 22241, 22318, 22342, 22393, 22488, 22535, 22624, 22657, 22707, 22798, 22802, 22991, 23095, 23100, 23105, 23111, 23203, 23325, 23341, 23427, 23472, 23499, 23581]","[1345, 19009, 20385, 20942]",23592,433,23159,4,429,23159,0
1.5,MMTHY1G,"[80, 93, 172, 183, 191, 295, 335, 343, 616, 629, 678, 696, 720, 854, 946, 991, 997, 1009, 1043, 1156, 1160, 1235, 1243, 1255, 1281, 1408, 1511, 1586, 1828, 1833, 1837, 1936, 1943, 1958, 2056, 2134, 2174, 2181, 2246, 2331, 2477, 2639]","[80, 1009]","[93, 172, 183, 191, 295, 335, 343, 616, 629, 678, 696, 720, 854, 946, 991, 997, 1043, 1156, 1160, 1235, 1243, 1255, 1281, 1408, 1511, 1586, 1828, 1833, 1837, 1936, 1943, 1958, 2056, 2134, 2174, 2181, 2246, 2331, 2477, 2639]","[80, 1009]",2682,42,2640,2,40,2640,0
1.5,MMTLAC,"[58, 90, 140, 299, 449, 494, 539, 549, 650, 748, 864, 872, 912, 917, 925, 930, 1061, 1090, 1171, 1209, 1305, 1335, 1496, 1721, 1731, 1750, 2172, 2583, 2743, 2833, 2858, 2874, 2997, 3013, 3092, 3101, 3103, 3107, 3120, 3158, 3239, 3338, 3420, 3467, 3509, 3633, 3836, 4019, 4077, 4285, 4297, 4373, 4591, 4651, 4688, 4692, 4739, 4774, 4783, 4830, 4893, 4939, 5133, 5164, 5179, 5211, 5339]","[299, 748, 1171, 3092, 3338]","[58, 90, 140, 449, 494, 539, 549, 650, 864, 872, 912, 917, 925, 930, 1061, 1090, 1209, 1305, 1335, 1496, 1721, 1731, 1750, 2172, 2583, 2743, 2833, 2858, 2874, 2997, 3013, 3101, 3103, 3107, 3120, 3158, 3239, 3420, 3467, 3509, 3633, 3836, 4019, 4077, 4285, 4297, 4373, 4591, 4651, 4688, 4692, 4739, 4774, 4783, 4830, 4893, 4939, 5133, 5164, 5179, 5211, 5339]","[299, 748, 1171, 3092, 3338]",5239,67,5172,5,62,5172,0
1.5,MMTNFBG,"[15, 174, 217, 245, 268, 293, 315, 374, 524, 635, 734, 813, 827, 888, 1196, 1234, 1302, 1436, 1553, 1558, 1665, 1728, 1750, 1911, 2136, 2266, 2378, 2415, 2419, 2430, 2456, 2766, 2776, 2821, 2945, 2999, 3003]","[1728, 1911]","[15, 174, 217, 245, 268, 293, 315, 374, 524, 635, 734, 813, 827, 888, 1196, 1234, 1302, 1436, 1553, 1558, 1665, 1750, 2136, 2266, 2378, 2415, 2419, 2430, 2456, 2766, 2776, 2821, 2945, 2999, 3003]","[1728, 1911]",3211,37,3174,2,35,3174,0
1.5,MMTROPIB,"[183, 201, 209, 261, 328, 411, 656, 677, 700, 856, 862, 868, 1021, 1053, 1069, 1092, 1120, 1132, 1157, 1214, 1261, 1274, 1276, 1307, 1568, 1617, 1697, 1744, 1749, 1772, 1794, 1832, 1932, 1939, 1951, 1956, 1977, 1981, 2008, 2033, 2038, 2185, 2274, 2279, 2300, 2327, 2337, 2399, 2406, 2421, 2522, 2534, 2656, 2673, 2677, 2687, 2724, 2728, 2761, 3037, 3113, 3501, 3564, 3690, 3806, 3963, 4269, 4493, 4580, 4604, 4610, 4620, 4713, 4748, 4842, 4865, 4920, 4950, 5114, 5241, 5299, 5379, 5500, 5561]","[1697, 1932, 2185, 2656, 3037, 3564, 4604]","[183, 201, 209, 261, 328, 411, 656, 677, 700, 856, 862, 868, 1021, 1053, 1069, 1092, 1120, 1132, 1157, 1214, 1261, 1274, 1276, 1307, 1568, 1617, 1744, 1749, 1772, 1794, 1832, 1939, 1951, 1956, 1977, 1981, 2008, 2033, 2038, 2274, 2279, 2300, 2327, 2337, 2399, 2406, 2421, 2522, 2534, 2673, 2677, 2687, 2724, 2728, 2761, 3113, 3501, 3690, 3806, 3963, 4269, 4493, 4580, 4610, 4620, 4713, 4748, 4842, 4865, 4920, 4950, 5114, 5241, 5299, 5379, 5500, 5561]","[1697, 1932, 2185, 2656, 3037, 3564, 4604]",5683,84,5599,7,77,5599,0
1.5,MMTUM198,"[70, 120, 335, 347, 569, 611, 665, 709, 798, 891, 932, 985, 1012, 1084, 1216, 1227, 1420, 1448, 1692, 1717, 1729, 1733, 1750, 1827, 1849, 1954, 1986, 1990, 1994, 2056, 2078, 2193, 2207, 2255, 2262, 2322, 2751, 2808, 2818, 2899, 3040, 3049, 3056, 3096, 3098, 3187, 3210, 3215, 3306, 3313, 3321, 3328, 3338, 3450, 3554, 3587, 3628, 3632, 3818, 3836, 3845, 4087, 4098, 4180, 4220, 4343]","[1692, 2818, 3098, 3313, 3587, 3818, 4180]","[70, 120, 335, 347, 569, 611, 665, 709, 798, 891, 932, 985, 1012, 1084, 1216, 1227, 1420, 1448, 1717, 1729, 1733, 1750, 1827, 1849, 1954, 1986, 1990, 1994, 2056, 2078, 2193, 2207, 2255, 2262, 2322, 2751, 2808, 2899, 3040, 3049, 3056, 3096, 3187, 3210, 3215, 3306, 3321, 3328, 3338, 3450, 3554, 3628, 3632, 3836, 3845, 4087, 4098, 4220, 4343]","[1692, 2818, 3098, 3313, 3587, 3818, 4180]",4376,66,4310,7,59,4310,0
1.5,MMU01530,"[76, 99, 190, 205, 325, 358, 636, 891, 895, 924, 941, 956, 979, 1010, 1046, 1080, 1084, 1099, 1148, 1164, 1180, 1194, 1224, 1232, 1304, 1357, 1401, 1458, 1462, 1576, 1589, 1896, 1901, 1903, 1955, 2027, 2244, 2269, 2293, 2298, 2316, 2321, 2400, 2406, 2412, 2519, 2581, 2844, 2853, 2909, 3002, 3094, 3135, 3188, 3231, 3349, 3444, 3526, 3536, 3542, 3729, 3803, 3819, 3927, 3935, 3939, 4035, 4167, 4263, 4282, 4299, 4412, 4423, 4477, 4573, 4584, 4588, 4668, 4701, 4904, 5083, 5086, 5148, 5255, 5260, 5405, 5421, 5505, 5602, 5702, 5744, 5774, 5885, 6029, 6039, 6100, 6229, 6264, 6342, 6394, 6423, 6435, 6453, 6506, 6510, 6532, 6546, 6611, 6655, 6697, 6708]","[3094, 3231]","[76, 99, 190, 205, 325, 358, 636, 891, 895, 924, 941, 956, 979, 1010, 1046, 1080, 1084, 1099, 1148, 1164, 1180, 1194, 1224, 1232, 1304, 1357, 1401, 1458, 1462, 1576, 1589, 1896, 1901, 1903, 1955, 2027, 2244, 2269, 2293, 2298, 2316, 2321, 2400, 2406, 2412, 2519, 2581, 2844, 2853, 2909, 3002, 3135, 3188, 3349, 3444, 3526, 3536, 3542, 3729, 3803, 3819, 3927, 3935, 3939, 4035, 4167, 4263, 4282, 4299, 4412, 4423, 4477, 4573, 4584, 4588, 4668, 4701, 4904, 5083, 5086, 5148, 5255, 5260, 5405, 5421, 5505, 5602, 5702, 5744, 5774, 5885, 6029, 6039, 6100, 6229, 6264, 6342, 6394, 6423, 6435, 6453, 6506, 6510, 6532, 6546, 6611, 6655, 6697, 6708]","[3094, 3231]",6694,111,6583,2,109,6583,0
1.5,MMU02278,"[75, 206, 342, 348, 652, 669, 708, 870, 883, 888, 962, 1041, 1106, 1135, 1141, 1249, 1323, 1482, 1509, 1537, 1542, 1638, 1858, 1866, 1949, 1953, 2077, 2098, 2159, 2247, 2312, 2344, 2514, 2535, 2599, 2648, 3007, 3031, 3100, 3249, 3265, 3303, 3337, 3368, 3433, 3593, 3647, 3669, 3684, 3779, 3783, 3833, 3873, 3967]",[1638],"[75, 206, 342, 348, 652, 669, 708, 870, 883, 888, 962, 1041, 1106, 1135, 1141, 1249, 1323, 1482, 1509, 1537, 1542, 1858, 1866, 1949, 1953, 2077, 2098, 2159, 2247, 2312, 2344, 2514, 2535, 2599, 2648, 3007, 3031, 3100, 3249, 3265, 3303, 3337, 3368, 3433, 3593, 3647, 3669, 3684, 3779, 3783, 3833, 3873, 3967]",[1638],3973,54,3919,1,53,3919,0
1.5,MMU02298,"[171, 215, 475, 479, 582, 587, 603, 685, 887, 1023, 1099, 1180, 1273, 1427, 1508, 1531, 1565, 1639, 1643, 1724, 1794, 1844, 1880, 2102, 2242, 2413, 2440, 2445, 2472, 2566, 2618, 2622, 2681, 2706, 2726, 2770, 2874, 2897, 2990, 3047, 3067, 3116, 3120, 3328, 3347, 3442, 3590, 3823, 3893, 3911, 3920, 3929, 3969, 3971, 3995, 4040, 4118, 4213, 4270, 4284, 4343, 4351, 4359, 4377, 4527, 4589, 4677, 4721, 4723, 4727, 4739, 4749, 4753, 4755, 4757, 4759, 4761, 4765, 4769, 4794, 4810, 4897, 4942, 5023, 5086, 5301, 5398, 5457, 5502, 5527, 5550]","[1180, 2413]","[171, 215, 475, 479, 582, 587, 603, 685, 887, 1023, 1099, 1273, 1427, 1508, 1531, 1565, 1639, 1643, 1724, 1794, 1844, 1880, 2102, 2242, 2440, 2445, 2472, 2566, 2618, 2622, 2681, 2706, 2726, 2770, 2874, 2897, 2990, 3047, 3067, 3116, 3120, 3328, 3347, 3442, 3590, 3823, 3893, 3911, 3920, 3929, 3969, 3971, 3995, 4040, 4118, 4213, 4270, 4284, 4343, 4351, 4359, 4377, 4527, 4589, 4677, 4721, 4723, 4727, 4739, 4749, 4753, 4755, 4757, 4759, 4761, 4765, 4769, 4794, 4810, 4897, 4942, 5023, 5086, 5301, 5398, 5457, 5502, 5527, 5550]","[1180, 2413]",5851,91,5760,2,89,5760,0
1.5,MMU02884,"[45, 95, 214, 220, 266, 306, 340, 404, 462, 502, 512, 589, 638, 668, 672, 711, 767, 769, 794, 814, 844, 875, 1025, 1083, 1150, 1273, 1335, 1372, 1390, 1455, 1475, 1576, 1630, 1659, 1761, 1875, 1930, 1934, 1945, 2107, 2220, 2340, 2382, 2432, 2441, 2484, 2785, 2870, 3084, 3386, 3526, 3530, 3601, 3665, 3669, 3726, 3860, 3865, 3889, 4056, 4307, 4372, 4678, 4706, 4798, 4831, 4957, 5071, 5094, 5164, 5217, 5238, 5244, 5291, 5499, 5517, 5554, 5588, 5806, 5831, 6022, 6026, 6092, 6252, 6531, 6642, 6675, 6687, 6740, 6770, 6836, 6848, 6870, 6913, 7068, 7208, 7219, 7309, 7382, 7390, 7419, 7501, 7527, 7553, 7562, 7567, 7708, 7741, 7847, 7866, 7878, 7884, 7896, 7973, 8171, 8206, 8216, 8271, 8531, 8536, 8563, 8590, 8605, 8612, 8724]","[1630, 5244, 6836]","[45, 95, 214, 220, 266, 306, 340, 404, 462, 502, 512, 589, 638, 668, 672, 711, 767, 769, 794, 814, 844, 875, 1025, 1083, 1150, 1273, 1335, 1372, 1390, 1455, 1475, 1576, 1659, 1761, 1875, 1930, 1934, 1945, 2107, 2220, 2340, 2382, 2432, 2441, 2484, 2785, 2870, 3084, 3386, 3526, 3530, 3601, 3665, 3669, 3726, 3860, 3865, 3889, 4056, 4307, 4372, 4678, 4706, 4798, 4831, 4957, 5071, 5094, 5164, 5217, 5238, 5291, 5499, 5517, 5554, 5588, 5806, 5831, 6022, 6026, 6092, 6252, 6531, 6642, 6675, 6687, 6740, 6770, 6848, 6870, 6913, 7068, 7208, 7219, 7309, 7382, 7390, 7419, 7501, 7527, 7553, 7562, 7567, 7708, 7741, 7847, 7866, 7878, 7884, 7896, 7973, 8171, 8206, 8216, 8271, 8531, 8536, 8563, 8590, 8605, 8612, 8724]","[1630, 5244, 6836]",8757,125,8632,3,122,8632,0
1.5,MMU04056,"[186, 217, 231, 265, 308, 321, 387, 398, 781, 800, 816, 901, 1000, 1227, 1326, 1331, 1382, 1410, 1450, 1456, 1461, 1465, 1472, 1500, 1502, 1513, 1644, 1741, 1781, 1800, 1823, 1857, 1865, 1999, 2046, 2088, 2108, 2135, 2183, 2256, 2377, 2388, 2418, 2480, 2490, 2509, 2620, 2667, 2711, 2747, 2902, 2906, 2960, 3108, 3131, 3201, 3291, 3530, 3555, 3721, 3725, 3816, 3937, 4001, 4012, 4137, 4185, 4210, 4254, 4381, 4409, 4524, 4688, 4769, 4773, 4799, 4883, 4993, 5063, 5105, 5218, 5254, 5413, 5453, 5459, 5524, 5560, 5594, 5614, 5659, 5892, 6020, 6067, 6211, 6247, 6264, 6477, 6661, 6772, 6865, 7071, 7075, 7081, 7101, 7111, 7199, 7352, 7544, 7595, 7683, 7696, 7703, 7710, 7717, 7974, 7979, 8069, 8316, 8388, 8501, 8602, 8625, 8628, 8633, 8664, 8668, 8680, 8732, 8830, 8844, 8895, 9012, 9216, 9485, 9517, 9601, 9786, 9807, 9821, 10200, 10218, 10273, 10288, 10317, 10339, 10350, 10400, 10744, 10794, 10876, 10928, 10989, 10998, 11005, 11167, 11259, 11336, 11385, 11402, 11429, 11441, 11449, 11533, 11560, 11578, 11758, 11797, 12036, 12057, 12068, 12088, 12132, 12156, 12159, 12175, 12200, 12211, 12375, 12407, 12437, 12668, 12755, 12804, 13012, 13112, 13211, 13278, 13344, 13391, 13400, 13491, 13712, 13840, 13933, 14104, 14197, 14226, 14264, 14270, 14361, 14366, 14471, 14478, 14483, 14531, 14615, 14811, 14896, 15011, 15214, 15233, 15246, 15270, 15279, 15365, 15417, 15421, 15502, 15506, 15545, 15620, 15651, 15804, 15870, 15874, 15895, 15901, 15942, 15971, 15993, 15997, 16068, 16157, 16207, 16230, 16234, 16334, 16348, 16447, 16561, 16571, 16710, 16734, 16742, 16843, 16986, 16994, 17007, 17017, 17149, 17167, 17238, 17245, 17393, 17452, 17760, 17765, 17822, 17826, 17992, 18100, 18223, 18646, 18650, 18654, 18658, 18662, 18768, 18785, 19273, 19388, 19460, 19491, 19584, 19638, 19687, 19830, 19849, 19860, 19864, 20025, 20066, 20131, 20144, 20231, 20243, 20314, 20413, 20448, 20501, 20597, 20602, 20618, 20633, 20681, 20707, 20750, 20780, 20804, 20937, 21080, 21133, 21171, 21185, 21238, 21351, 21392, 21514, 21556, 21562, 21625, 21633]","[1382, 3530, 4688, 7979, 8895, 10317, 10876, 11259, 12211, 13491, 16230, 16561]","[186, 217, 231, 265, 308, 321, 387, 398, 781, 800, 816, 901, 1000, 1227, 1326, 1331, 1410, 1450, 1456, 1461, 1465, 1472, 1500, 1502, 1513, 1644, 1741, 1781, 1800, 1823, 1857, 1865, 1999, 2046, 2088, 2108, 2135, 2183, 2256, 2377, 2388, 2418, 2480, 2490, 2509, 2620, 2667, 2711, 2747, 2902, 2906, 2960, 3108, 3131, 3201, 3291, 3555, 3721, 3725, 3816, 3937, 4001, 4012, 4137, 4185, 4210, 4254, 4381, 4409, 4524, 4769, 4773, 4799, 4883, 4993, 5063, 5105, 5218, 5254, 5413, 5453, 5459, 5524, 5560, 5594, 5614, 5659, 5892, 6020, 6067, 6211, 6247, 6264, 6477, 6661, 6772, 6865, 7071, 7075, 7081, 7101, 7111, 7199, 7352, 7544, 7595, 7683, 7696, 7703, 7710, 7717, 7974, 8069, 8316, 8388, 8501, 8602, 8625, 8628, 8633, 8664, 8668, 8680, 8732, 8830, 8844, 9012, 9216, 9485, 9517, 9601, 9786, 9807, 9821, 10200, 10218, 10273, 10288, 10339, 10350, 10400, 10744, 10794, 10928, 10989, 10998, 11005, 11167, 11336, 11385, 11402, 11429, 11441, 11449, 11533, 11560, 11578, 11758, 11797, 12036, 12057, 12068, 12088, 12132, 12156, 12159, 12175, 12200, 12375, 12407, 12437, 12668, 12755, 12804, 13012, 13112, 13211, 13278, 13344, 13391, 13400, 13712, 13840, 13933, 14104, 14197, 14226, 14264, 14270, 14361, 14366, 14471, 14478, 14483, 14531, 14615, 14811, 14896, 15011, 15214, 15233, 15246, 15270, 15279, 15365, 15417, 15421, 15502, 15506, 15545, 15620, 15651, 15804, 15870, 15874, 15895, 15901, 15942, 15971, 15993, 15997, 16068, 16157, 16207, 16234, 16334, 16348, 16447, 16571, 16710, 16734, 16742, 16843, 16986, 16994, 17007, 17017, 17149, 17167, 17238, 17245, 17393, 17452, 17760, 17765, 17822, 17826, 17992, 18100, 18223, 18646, 18650, 18654, 18658, 18662, 18768, 18785, 19273, 19388, 19460, 19491, 19584, 19638, 19687, 19830, 19849, 19860, 19864, 20025, 20066, 20131, 20144, 20231, 20243, 20314, 20413, 20448, 20501, 20597, 20602, 20618, 20633, 20681, 20707, 20750, 20780, 20804, 20937, 21080, 21133, 21171, 21185, 21238, 21351, 21392, 21514, 21556, 21562, 21625, 21633]","[1382, 3530, 4688, 7979, 8895, 10317, 10876, 11259, 12211, 13491, 16230, 16561]",21710,312,21398,12,300,21398,0
1.5,MMU04827,"[22, 70, 105, 192, 554, 689, 729, 777, 1099, 1114, 1299, 1649, 1862, 1896, 1947, 2148, 2154, 2179, 2200, 2246, 2280, 2319, 2339, 2353, 2369, 2512, 2669, 2675, 2767, 2828, 2855, 2937, 3095, 3453, 3523, 3548, 3551, 3555, 3614, 3684, 3688, 3701, 3841, 3903, 3933, 3993, 4039, 4110, 4131, 4140, 4155, 4174, 4185, 4276, 4281, 4301, 4728, 4764, 4878, 4903, 4911, 4969, 5174, 5221, 5223, 5254, 5286, 5338, 5374, 5444, 5538, 5675, 5771, 6011, 6098, 6145, 6237, 6399, 6575, 6678, 6692, 6871, 6879, 7133, 7252, 7265, 7281, 7291, 7359, 7369, 7519, 7579, 7592]","[3684, 4281, 4969]","[22, 70, 105, 192, 554, 689, 729, 777, 1099, 1114, 1299, 1649, 1862, 1896, 1947, 2148, 2154, 2179, 2200, 2246, 2280, 2319, 2339, 2353, 2369, 2512, 2669, 2675, 2767, 2828, 2855, 2937, 3095, 3453, 3523, 3548, 3551, 3555, 3614, 3688, 3701, 3841, 3903, 3933, 3993, 4039, 4110, 4131, 4140, 4155, 4174, 4185, 4276, 4301, 4728, 4764, 4878, 4903, 4911, 5174, 5221, 5223, 5254, 5286, 5338, 5374, 5444, 5538, 5675, 5771, 6011, 6098, 6145, 6237, 6399, 6575, 6678, 6692, 6871, 6879, 7133, 7252, 7265, 7281, 7291, 7359, 7369, 7519, 7579, 7592]","[3684, 4281, 4969]",7600,93,7507,3,90,7507,0
1.5,MMU07568,"[84, 93, 253, 267, 304, 355, 361, 367, 372, 482, 527, 531, 638, 721]","[84, 267, 482]","[93, 253, 304, 355, 361, 367, 372, 527, 531, 638, 721]","[84, 267, 482]",743,14,729,3,11,729,0
1.5,MMU07808,"[61, 65, 151, 183, 404, 542, 547, 584, 664, 673, 677, 820, 824, 829, 866, 876, 961, 987, 1019, 1062, 1087, 1143, 1179, 1208, 1331, 1352, 1397, 1513, 1679, 1697, 1701, 1731, 1756, 1762, 1792, 1798, 1897, 1918, 1988, 2112, 2133, 2210, 2249, 2302, 2313, 2384, 2395]","[673, 1697]","[61, 65, 151, 183, 404, 542, 547, 584, 664, 677, 820, 824, 829, 866, 876, 961, 987, 1019, 1062, 1087, 1143, 1179, 1208, 1331, 1352, 1397, 1513, 1679, 1701, 1731, 1756, 1762, 1792, 1798, 1897, 1918, 1988, 2112, 2133, 2210, 2249, 2302, 2313, 2384, 2395]","[673, 1697]",2840,47,2793,2,45,2793,0
1.5,MMU09741,"[207, 224, 245, 507, 586, 637, 654, 749, 804, 881, 924, 1045, 1076, 1094, 1187, 1230, 1234, 1293, 1426, 1497, 1537, 1655, 1679, 1694, 1894, 2034, 2116, 2240, 2257, 2364, 2527, 2675]","[245, 1230]","[207, 224, 507, 586, 637, 654, 749, 804, 881, 924, 1045, 1076, 1094, 1187, 1234, 1293, 1426, 1497, 1537, 1655, 1679, 1694, 1894, 2034, 2116, 2240, 2257, 2364, 2527, 2675]","[245, 1230]",2844,32,2812,2,30,2812,0
1.5,MMU09964,"[26, 30, 45, 49, 55, 126, 130, 157, 252, 258, 315, 321, 375, 433, 462, 510, 778, 803, 807, 811, 857, 917, 972, 1295, 1299, 1305, 1584, 1594, 1640, 1712, 1767, 1881, 1968, 2044, 2115, 2311, 2317, 2321, 2375, 2397, 2410, 2490, 2587, 2671, 2680, 2693, 2697, 2730, 2965, 2970, 2996, 3002, 3014, 3079, 3111, 3136, 3213, 3414, 3418, 3428, 3432, 3448, 3606, 3700, 3712, 3779, 3796, 3879, 3933, 4126, 4228, 4270, 4303, 4435, 4531, 4598, 4607, 4620, 4657, 4788, 4962, 5091, 5134, 5146, 5211, 5251, 5375, 5615, 5622, 5652, 5667, 5697, 5708, 5726, 5730, 5747, 5754, 5758, 5793, 5816, 5820, 5824, 5828, 5832, 5836, 5840, 5844, 5956, 5977, 5990, 6240, 6447, 6451, 6524, 6566, 6612, 6741, 6745, 6761, 6856, 6890, 7030, 7044, 7096, 7151, 7168, 7292, 7423, 7434, 7500, 7525, 7533, 7600, 7605, 7667, 7675, 7695, 7760, 7764, 7962, 8059, 8105, 8162, 8192, 8372, 8455, 8460, 8530, 8601, 8821, 8932, 8988, 9017, 9173, 9190, 9254, 9311, 9417, 9505, 9576, 9733, 9743, 9898, 9930, 9952, 9980, 10001, 10139, 10273, 10299, 10328, 10332, 10357, 10363, 10372, 10378, 10429, 10434, 10777, 10858, 10875, 10944, 10991, 11050, 11054, 11060, 11127, 11186, 11190, 11196, 11246, 11269, 11315]","[1968, 3428, 4303, 4607, 7962, 8162, 8601, 9017, 9311, 10875]","[26, 30, 45, 49, 55, 126, 130, 157, 252, 258, 315, 321, 375, 433, 462, 510, 778, 803, 807, 811, 857, 917, 972, 1295, 1299, 1305, 1584, 1594, 1640, 1712, 1767, 1881, 2044, 2115, 2311, 2317, 2321, 2375, 2397, 2410, 2490, 2587, 2671, 2680, 2693, 2697, 2730, 2965, 2970, 2996, 3002, 3014, 3079, 3111, 3136, 3213, 3414, 3418, 3432, 3448, 3606, 3700, 3712, 3779, 3796, 3879, 3933, 4126, 4228, 4270, 4435, 4531, 4598, 4620, 4657, 4788, 4962, 5091, 5134, 5146, 5211, 5251, 5375, 5615, 5622, 5652, 5667, 5697, 5708, 5726, 5730, 5747, 5754, 5758, 5793, 5816, 5820, 5824, 5828, 5832, 5836, 5840, 5844, 5956, 5977, 5990, 6240, 6447, 6451, 6524, 6566, 6612, 6741, 6745, 6761, 6856, 6890, 7030, 7044, 7096, 7151, 7168, 7292, 7423, 7434, 7500, 7525, 7533, 7600, 7605, 7667, 7675, 7695, 7760, 7764, 8059, 8105, 8192, 8372, 8455, 8460, 8530, 8821, 8932, 8988, 9173, 9190, 9254, 9417, 9505, 9576, 9733, 9743, 9898, 9930, 9952, 9980, 10001, 10139, 10273, 10299, 10328, 10332, 10357, 10363, 10372, 10378, 10429, 10434, 10777, 10858, 10944, 10991, 11050, 11054, 11060, 11127, 11186, 11190, 11196, 11246, 11269, 11315]","[1968, 3428, 4303, 4607, 7962, 8162, 8601, 9017, 9311, 10875]",11454,193,11261,10,183,11261,0
1.5,MMU10098,"[26, 178, 309, 392, 517, 593, 613, 695, 865, 889, 1074, 1098, 1106, 1130, 1152, 1155, 1165, 1173, 1249, 1383, 1425, 1436, 1575, 1624, 1628, 1632, 1908, 1920, 1956, 1967, 2113, 2117, 2123, 2158, 2398, 2406, 2584, 2692, 2755, 2907, 2911, 2957, 2985, 3145, 3266, 3270, 3312, 3325, 3329, 3447, 3509, 3513, 3562, 3583, 3596, 3821, 3862, 3879, 4222, 4226, 4442, 4469, 4490, 4558, 4659, 4661, 4663, 4665, 4667, 4669, 4671, 4673, 4675, 4677, 4679, 4681, 4683, 4685, 4687, 4689, 4691, 4693, 4695, 4699, 4814, 4929, 5053, 5141, 5222, 5244, 5292, 5313, 5352, 5360, 5397, 5442, 5469, 5528, 5530, 5535, 5565, 5593, 5609, 5695, 5728, 5812, 5816, 5852, 5995, 5997, 6017]","[1173, 3509]","[26, 178, 309, 392, 517, 593, 613, 695, 865, 889, 1074, 1098, 1106, 1130, 1152, 1155, 1165, 1249, 1383, 1425, 1436, 1575, 1624, 1628, 1632, 1908, 1920, 1956, 1967, 2113, 2117, 2123, 2158, 2398, 2406, 2584, 2692, 2755, 2907, 2911, 2957, 2985, 3145, 3266, 3270, 3312, 3325, 3329, 3447, 3513, 3562, 3583, 3596, 3821, 3862, 3879, 4222, 4226, 4442, 4469, 4490, 4558, 4659, 4661, 4663, 4665, 4667, 4669, 4671, 4673, 4675, 4677, 4679, 4681, 4683, 4685, 4687, 4689, 4691, 4693, 4695, 4699, 4814, 4929, 5053, 5141, 5222, 5244, 5292, 5313, 5352, 5360, 5397, 5442, 5469, 5528, 5530, 5535, 5565, 5593, 5609, 5695, 5728, 5812, 5816, 5852, 5995, 5997, 6017]","[1173, 3509]",6117,111,6006,2,109,6006,0
1.5,MMU11054,"[23, 185, 204, 383, 410, 457, 632, 689, 713, 729, 785, 951, 959, 1157, 1293, 1297, 1303, 1402, 1559, 1614, 1668, 1833, 1839, 1877, 1884, 1898, 1929, 1996, 2028, 2037, 2250, 2330, 2420, 2515, 2526]","[457, 1996]","[23, 185, 204, 383, 410, 632, 689, 713, 729, 785, 951, 959, 1157, 1293, 1297, 1303, 1402, 1559, 1614, 1668, 1833, 1839, 1877, 1884, 1898, 1929, 2028, 2037, 2250, 2330, 2420, 2515, 2526]","[457, 1418, 1996]",2564,35,2529,2,33,2528,1
1.5,MMU11713,"[199, 240, 250, 288, 397, 499, 520, 587, 599, 634, 694, 702, 802, 808, 822, 996, 1023, 1203, 1270, 1288, 1341, 1365, 1387, 1479, 1485, 1530, 1586, 1624, 1695]","[288, 634]","[199, 240, 250, 397, 499, 520, 587, 599, 694, 702, 802, 808, 822, 996, 1023, 1203, 1270, 1288, 1341, 1365, 1387, 1479, 1485, 1530, 1586, 1624, 1695]","[288, 634]",1759,29,1730,2,27,1730,0
1.5,MMU12029,"[9, 17, 21, 51, 281, 297, 342, 346, 360, 381, 448, 507, 558, 582, 695, 749, 879, 948, 1264, 1275, 1309, 1347, 1385, 1410, 1450, 1614, 1736, 1741, 1807, 1897, 1912, 1922, 2030, 2036, 2041, 2082, 2099, 2165, 2194]","[582, 1264]","[9, 17, 21, 51, 281, 297, 342, 346, 360, 381, 448, 507, 558, 695, 749, 879, 948, 1275, 1309, 1347, 1385, 1410, 1450, 1614, 1736, 1741, 1807, 1897, 1912, 1922, 2030, 2036, 2041, 2082, 2099, 2165, 2194]","[582, 1264]",2255,39,2216,2,37,2216,0
1.5,MMU12273,"[33, 38, 66, 135, 165, 175, 247, 283, 306, 327, 358, 384, 389, 496, 576, 591, 675, 680, 685, 688, 769, 857, 915, 970, 1077, 1085, 1089, 1178, 1210, 1338, 1434, 1546, 1550, 1651, 1657, 1689, 1740, 1871, 1904, 1940, 2064, 2141, 2234, 2430, 2442]","[680, 1085, 1740]","[33, 38, 66, 135, 165, 175, 247, 283, 306, 327, 358, 384, 389, 496, 576, 591, 675, 685, 688, 769, 857, 915, 970, 1077, 1089, 1178, 1210, 1338, 1434, 1546, 1550, 1651, 1657, 1689, 1871, 1904, 1940, 2064, 2141, 2234, 2430, 2442]","[680, 1085, 1740]",2575,45,2530,3,42,2530,0
1.5,MMU12559,"[62, 247, 264, 322, 327, 433, 588, 658, 822, 896]",[247],"[62, 264, 322, 327, 433, 588, 658, 822, 896]",[247],918,10,908,1,9,908,0
1.5,MMU12560,"[62, 247, 257, 322, 327, 396, 435, 542, 590, 638, 660, 695]",[247],"[62, 257, 322, 327, 396, 435, 542, 590, 638, 660, 695]",[247],920,12,908,1,11,908,0
1.5,MMU12561,"[62, 247, 251, 322, 327, 378, 384, 420, 540, 588, 658, 820]",[247],"[62, 251, 322, 327, 378, 384, 420, 540, 588, 658, 820]",[247],916,12,904,1,11,904,0
1.5,MMU12562,"[9, 62, 247, 251, 257, 322, 327, 379, 396, 435, 542, 590, 660]",[247],"[9, 62, 251, 257, 322, 327, 379, 396, 435, 542, 590, 660]",[247],918,13,905,1,12,905,0
1.5,MMU12565,"[62, 247, 257, 264, 321, 390, 396, 579, 588, 612, 630, 667, 676, 795, 848, 866]",[247],"[62, 257, 264, 321, 390, 396, 579, 588, 612, 630, 667, 676, 795, 848, 866]",[247],1043,16,1027,1,15,1027,0
1.5,MMU13921,"[10, 162, 289, 329, 337, 521, 560, 585, 600, 668, 680, 692, 716, 725, 737, 820, 856, 952, 1034, 1256, 1357, 1402, 1484, 1527, 1607, 1689, 1741, 1745, 1862, 1867, 2003, 2080, 2137, 2145, 2197, 2258, 2354, 2555, 2567, 2635, 2693, 2722, 2725, 2930, 2953, 3036, 3132, 3241, 3345, 3364, 3390, 3401, 3525, 3572, 3630, 3794, 3806, 3882, 3990, 4034, 4050, 4089, 4226, 4436, 4459, 4514]","[952, 2003, 2354, 2693, 2930, 3241, 3990]","[10, 162, 289, 329, 337, 521, 560, 585, 600, 668, 680, 692, 716, 725, 737, 820, 856, 1034, 1256, 1357, 1402, 1484, 1527, 1607, 1689, 1741, 1745, 1862, 1867, 2080, 2137, 2145, 2197, 2258, 2555, 2567, 2635, 2722, 2725, 2953, 3036, 3132, 3345, 3364, 3390, 3401, 3525, 3572, 3630, 3794, 3806, 3882, 4034, 4050, 4089, 4226, 4436, 4459, 4514]","[952, 2003, 2354, 2693, 2930, 3241, 3990]",4670,66,4604,7,59,4604,0
1.5,MMU14421,"[163, 250, 255, 282, 399, 473, 480, 486, 511, 638, 690, 694, 781, 814, 819, 876, 946, 950, 1078, 1089, 1183, 1247, 1322, 1867, 1887, 1900, 1952, 2041, 2454, 2462, 2815, 2919, 3590, 3681, 3685, 3752, 3765, 3788, 3799, 3848, 3861, 3867, 3897, 3916, 3920, 3950, 3987, 4129, 4195, 4237, 4383, 4413, 4429, 4470, 4502, 4506, 4528, 4560, 4566, 4613, 4622, 4669, 4756, 4941, 5034, 5062, 5121, 5209, 5275, 5282, 5537, 5572, 5599, 5656, 5695, 5864, 5941, 5982, 6026]","[4237, 4502]","[163, 250, 255, 282, 399, 473, 480, 486, 511, 638, 690, 694, 781, 814, 819, 876, 946, 950, 1078, 1089, 1183, 1247, 1322, 1867, 1887, 1900, 1952, 2041, 2454, 2462, 2815, 2919, 3590, 3681, 3685, 3752, 3765, 3788, 3799, 3848, 3861, 3867, 3897, 3916, 3920, 3950, 3987, 4129, 4195, 4383, 4413, 4429, 4470, 4506, 4528, 4560, 4566, 4613, 4622, 4669, 4756, 4941, 5034, 5062, 5121, 5209, 5275, 5282, 5537, 5572, 5599, 5656, 5695, 5864, 5941, 5982, 6026]","[3668, 4237, 4502, 4814]",6254,79,6175,2,77,6173,2
1.5,MMVITRO,"[8, 14, 119, 131, 339, 365, 434, 520, 524, 607, 689, 721, 725, 738, 788, 961, 1025, 1117, 1263, 1297, 1425, 1462, 1523, 1596, 1845, 1861, 1865, 1883, 1892, 1909, 1982, 1988, 2054, 2071, 2075, 2131, 2219, 2249, 2474, 2490, 2495, 2501, 2557, 2585, 2596, 2693, 2718, 2725, 2749, 2783, 2826, 2868, 3017, 3026, 3045, 3088, 3133, 3142, 3279, 3362, 3703, 3733, 3755, 3804, 3812, 3816, 3820, 3824, 3855, 3859, 3863, 3867, 4046, 4259, 4355, 4422, 4445, 4612, 4674, 4740, 4780, 4814, 4867, 4941, 4985, 4996]","[1845, 2054, 2474, 2693, 3017, 3279, 4355]","[8, 14, 119, 131, 339, 365, 434, 520, 524, 607, 689, 721, 725, 738, 788, 961, 1025, 1117, 1263, 1297, 1425, 1462, 1523, 1596, 1861, 1865, 1883, 1892, 1909, 1982, 1988, 2071, 2075, 2131, 2219, 2249, 2490, 2495, 2501, 2557, 2585, 2596, 2718, 2725, 2749, 2783, 2826, 2868, 3026, 3045, 3088, 3133, 3142, 3362, 3703, 3733, 3755, 3804, 3812, 3816, 3820, 3824, 3855, 3859, 3863, 3867, 4046, 4259, 4422, 4445, 4612, 4674, 4740, 4780, 4814, 4867, 4941, 4985, 4996]","[1845, 2054, 2474, 2693, 3017, 3279, 4355]",4996,86,4910,7,79,4910,0
1.5,MMVPREB2,"[104, 172, 214, 231, 279, 302, 314, 323, 344, 379, 439, 486, 541, 587, 713, 768, 908, 930]",[379],"[104, 172, 214, 231, 279, 302, 314, 323, 344, 439, 486, 541, 587, 713, 768, 908, 930]",[379],1045,18,1027,1,17,1027,0
1.5,MMVPREB3,"[12, 104, 172, 214, 231, 279, 302, 314, 323, 344, 379, 439, 486, 541, 587, 713, 768, 809, 908, 930]",[379],"[12, 104, 172, 214, 231, 279, 302, 314, 323, 344, 439, 486, 541, 587, 713, 768, 809, 908, 930]",[379],1045,20,1025,1,19,1025,0
1.5,MNKEGLOBIM,"[55, 148, 189, 221, 237, 271, 448, 469, 536, 548, 583, 599, 604, 688, 761, 1054, 1060, 1166, 1184, 1190, 1196, 1214, 1264, 1409, 1414, 1420, 1465, 1521, 1558, 1630]","[237, 583]","[55, 148, 189, 221, 271, 448, 469, 536, 548, 599, 604, 688, 761, 1054, 1060, 1166, 1184, 1190, 1196, 1214, 1264, 1409, 1414, 1420, 1465, 1521, 1558, 1630]","[237, 583]",1693,30,1663,2,28,1663,0
1.5,MNKEGLOBIN,"[55, 148, 189, 221, 237, 271, 448, 469, 536, 548, 583, 599, 604, 688, 1052, 1058, 1164, 1182, 1188, 1194, 1212, 1262, 1407, 1412, 1418, 1463, 1519, 1556, 1628]","[237, 583]","[55, 148, 189, 221, 271, 448, 469, 536, 548, 599, 604, 688, 1052, 1058, 1164, 1182, 1188, 1194, 1212, 1262, 1407, 1412, 1418, 1463, 1519, 1556, 1628]","[237, 583]",1691,29,1662,2,27,1662,0
1.5,MNKHGBGGAG,"[68, 75, 92, 239, 249, 287, 297, 513, 519, 586, 598, 633, 702, 811, 879, 974, 1064, 1117, 1119, 1123, 1127, 1146, 1148, 1199, 1240, 1282, 1338, 1342, 1440, 1485, 1640, 1649]","[287, 633]","[68, 75, 92, 239, 249, 297, 513, 519, 586, 598, 702, 811, 879, 974, 1064, 1117, 1119, 1123, 1127, 1146, 1148, 1199, 1240, 1282, 1338, 1342, 1440, 1485, 1640, 1649]","[287, 633]",1697,32,1665,2,30,1665,0
1.5,MNPROP2,"[49, 64, 278, 338, 405, 620]",[278],"[49, 64, 338, 405, 620]",[278],696,6,690,1,5,690,0
1.5,MUS8HS20,"[135, 188, 231, 257, 271, 280, 305, 329, 503, 512, 545, 617, 638, 682, 773, 777, 849, 866, 940, 962, 1002, 1015, 1048, 1067, 1131, 1310, 1360, 1366, 1384, 1388, 1408, 1462, 1625, 1656, 1791, 2133, 2189, 2300, 2311, 2502, 2513, 2530, 2562, 2600]",[940],"[135, 188, 231, 257, 271, 280, 305, 329, 503, 512, 545, 617, 638, 682, 773, 777, 849, 866, 962, 1002, 1015, 1048, 1067, 1131, 1310, 1360, 1366, 1384, 1388, 1408, 1462, 1625, 1656, 1791, 2133, 2189, 2300, 2311, 2502, 2513, 2530, 2562, 2600]",[940],2622,44,2578,1,43,2578,0
1.5,MUSAP,"[34, 58, 110, 237, 443, 499, 563, 579, 615, 633, 657, 661, 677, 788, 810, 814, 822, 881, 931, 945, 1012, 1076, 1202, 1344, 1367, 1423, 1480, 1714, 1779, 1815, 1980, 1982, 2097, 2276, 2291, 2501, 2507, 2551, 2617, 2656, 2686, 2766, 2774, 2845, 2850, 2864, 2868, 2875, 2969, 3019, 3039, 3186, 3190, 3225, 3236, 3245, 3264, 3343, 3359, 3381, 3398, 3438, 3478, 3560, 3574, 3815, 3844, 3848, 3850, 3852, 3854, 3856, 3950, 3962, 4034, 4039, 4064, 4081, 4160, 4256, 4345, 4411, 4480, 4509, 4515, 4528, 4539, 4546, 4614, 4653, 4740, 4780, 4927, 4946, 4971, 5080, 5092, 5211, 5230, 5290, 5342, 5369, 5441, 5449, 5520, 5529, 5534, 5547, 5619, 5631, 5670, 5709, 5716, 5785, 5796, 5952, 5986, 6013, 6067, 6071, 6076, 6082, 6122, 6142, 6234, 6346, 6406, 6458, 6494, 6525, 6538, 6554, 6610, 6709, 6737, 6832, 6929, 6986, 7072, 7128, 7174, 7194, 7201, 7213, 7215, 7217, 7221, 7227, 7229, 7233, 7471, 7526, 7890, 7894, 8019]","[3574, 3815, 4034, 4509, 4740, 4971, 5290, 5619, 5952, 6406, 6709]","[34, 58, 110, 237, 443, 499, 563, 579, 615, 633, 657, 661, 677, 788, 810, 814, 822, 881, 931, 945, 1012, 1076, 1202, 1344, 1367, 1423, 1480, 1714, 1779, 1815, 1980, 1982, 2097, 2276, 2291, 2501, 2507, 2551, 2617, 2656, 2686, 2766, 2774, 2845, 2850, 2864, 2868, 2875, 2969, 3019, 3039, 3186, 3190, 3225, 3236, 3245, 3264, 3343, 3359, 3381, 3398, 3438, 3478, 3560, 3844, 3848, 3850, 3852, 3854, 3856, 3950, 3962, 4039, 4064, 4081, 4160, 4256, 4345, 4411, 4480, 4515, 4528, 4539, 4546, 4614, 4653, 4780, 4927, 4946, 5080, 5092, 5211, 5230, 5342, 5369, 5441, 5449, 5520, 5529, 5534, 5547, 5631, 5670, 5709, 5716, 5785, 5796, 5986, 6013, 6067, 6071, 6076, 6082, 6122, 6142, 6234, 6346, 6458, 6494, 6525, 6538, 6554, 6610, 6737, 6832, 6929, 6986, 7072, 7128, 7174, 7194, 7201, 7213, 7215, 7217, 7221, 7227, 7229, 7233, 7471, 7526, 7890, 7894, 8019]","[3574, 3815, 4034, 4509, 4740, 4971, 5290, 5619, 5952, 6406, 6709]",8086,155,7931,11,144,7931,0
1.5,MUSAP5A,"[7, 41, 179, 259, 285, 288, 354, 419, 438, 519, 551, 651, 657, 687, 697, 779, 786, 827, 853, 920, 924, 932, 958, 996, 1196, 1315, 1402, 1554, 1696, 1768, 1788, 1801, 1853, 1889, 1893, 1895, 1897, 1899, 1901, 1903, 1905, 1907, 1909, 1911, 1913, 1915, 1917, 1919, 2036, 2064, 2176, 2222, 2257, 2428, 2447, 2454, 2463, 2526, 2571, 2681, 2759, 2789, 2824, 2830, 2838, 2842, 2852, 2854, 2856, 2858, 2860, 2868, 2870, 2872, 2874, 2876, 2878, 2908, 3031, 3058, 3250, 3258, 3332, 3355, 3402, 3438, 3527, 3740, 3744, 3752, 3852, 3865, 3872, 3913, 3919, 3970, 4029, 4132, 4312, 4350, 4614, 4657, 4709, 4816, 4840, 4971, 4989, 5018, 5224, 5226, 5253, 5257, 5266, 5301, 5353, 5400, 5487, 5518, 5575, 5581, 5825, 6054, 6195, 6212, 6254, 6283, 6289, 6293, 6321, 6535, 6668, 6685, 6816]","[2428, 2759, 4614]","[7, 41, 179, 259, 285, 288, 354, 419, 438, 519, 551, 651, 657, 687, 697, 779, 786, 827, 853, 920, 924, 932, 958, 996, 1196, 1315, 1402, 1554, 1696, 1768, 1788, 1801, 1853, 1889, 1893, 1895, 1897, 1899, 1901, 1903, 1905, 1907, 1909, 1911, 1913, 1915, 1917, 1919, 2036, 2064, 2176, 2222, 2257, 2447, 2454, 2463, 2526, 2571, 2681, 2789, 2824, 2830, 2838, 2842, 2852, 2854, 2856, 2858, 2860, 2868, 2870, 2872, 2874, 2876, 2878, 2908, 3031, 3058, 3250, 3258, 3332, 3355, 3402, 3438, 3527, 3740, 3744, 3752, 3852, 3865, 3872, 3913, 3919, 3970, 4029, 4132, 4312, 4350, 4657, 4709, 4816, 4840, 4971, 4989, 5018, 5224, 5226, 5253, 5257, 5266, 5301, 5353, 5400, 5487, 5518, 5575, 5581, 5825, 6054, 6195, 6212, 6254, 6283, 6289, 6293, 6321, 6535, 6668, 6685, 6816]","[2428, 2759, 4614]",6821,133,6688,3,130,6688,0
1.5,MUSAPEX,"[22, 99, 171, 241, 266, 300, 372, 412, 460, 512, 604, 768, 772, 848, 863, 937, 1037, 1042, 1070, 1139, 1169, 1179, 1251, 1287, 1311, 1332, 1363, 1389, 1394, 1500, 1580, 1595, 1679, 1684, 1689, 1692, 1773, 1861, 1919, 1974, 2081, 2089, 2093, 2182, 2212, 2340, 2436, 2548, 2552, 2653, 2659, 2691, 2742, 2873, 2906, 2942, 3066, 3143, 3236, 3432, 3444, 3602, 3663, 3702, 3730, 3798, 3839, 3857, 3882, 3915, 4006]","[1684, 2089, 2742]","[22, 99, 171, 241, 266, 300, 372, 412, 460, 512, 604, 768, 772, 848, 863, 937, 1037, 1042, 1070, 1139, 1169, 1179, 1251, 1287, 1311, 1332, 1363, 1389, 1394, 1500, 1580, 1595, 1679, 1689, 1692, 1773, 1861, 1919, 1974, 2081, 2093, 2182, 2212, 2340, 2436, 2548, 2552, 2653, 2659, 2691, 2873, 2906, 2942, 3066, 3143, 3236, 3432, 3444, 3602, 3663, 3702, 3730, 3798, 3839, 3857, 3882, 3915, 4006]","[1684, 2089, 2742]",4034,71,3963,3,68,3963,0
1.5,MUSAPOAII,"[75, 82, 112, 279, 389, 395, 404, 474, 495, 499, 559, 575, 723, 760, 940, 949, 954, 956, 1018, 1155, 1314, 1404, 1414, 1543, 1562, 1618, 1772, 1837, 1879, 1887, 1891, 1942, 2016, 2052, 2168, 2309, 2327, 2361, 2433, 2459, 2492, 2573, 2611, 2621, 2907]","[723, 1155]","[75, 82, 112, 279, 389, 395, 404, 474, 495, 499, 559, 575, 760, 940, 949, 954, 956, 1018, 1314, 1404, 1414, 1543, 1562, 1618, 1772, 1837, 1879, 1887, 1891, 1942, 2016, 2052, 2168, 2309, 2327, 2361, 2433, 2459, 2492, 2573, 2611, 2621, 2907]","[723, 1155]",2952,45,2907,2,43,2907,0
1.5,MUSAPOIVA,"[27, 63, 260, 358, 470, 529, 560, 588, 889, 975, 1029, 1103, 1159, 1170, 1226, 1235, 1256, 1260, 1332, 1385, 1415, 1578, 1603, 1613, 1643, 1676, 1680, 1708, 1730, 1759, 1825, 2149, 2299, 2365, 2422, 2473, 2518, 2629, 2767, 2774, 2834, 2859, 2898, 2905, 2914, 2929, 2933, 2940, 2944]","[588, 975]","[27, 63, 260, 358, 470, 529, 560, 889, 1029, 1103, 1159, 1170, 1226, 1235, 1256, 1260, 1332, 1385, 1415, 1578, 1603, 1613, 1643, 1676, 1680, 1708, 1730, 1759, 1825, 2149, 2299, 2365, 2422, 2473, 2518, 2629, 2767, 2774, 2834, 2859, 2898, 2905, 2914, 2929, 2933, 2940, 2944]","[588, 975]",3012,49,2963,2,47,2963,0
1.5,MUSBMP4,"[137, 212, 221, 262, 274, 336, 441, 510, 574, 582, 587, 592, 660, 664, 688, 736, 768, 781, 795, 801, 881, 884, 944, 1064, 1068, 1080, 1116, 1372, 1764, 1847, 2001, 2008, 2082, 2095, 2149, 2196, 2282, 2413, 2424, 2434, 2473, 2683, 2728, 2766, 2820, 2888, 2950, 2960, 2989, 3027, 3208, 3212, 3281, 3307, 3312, 3350, 3377, 3546, 3634, 3641, 3660, 3697, 3791, 3806, 3923, 3967, 4062, 4135, 4160, 4198, 4310, 4343, 4377, 4418, 4437, 4471, 4495, 4517, 4546, 4594, 4639, 4793, 4806, 4836, 4917, 4954, 5020, 5026, 5028, 5038, 5040, 5042, 5044, 5046, 5048, 5050, 5052, 5054, 5056, 5058, 5060, 5062, 5066, 5132, 5143, 5196, 5261, 5289, 5427, 5462, 5497, 5501, 5525, 5664, 5721, 5725, 5890, 5988, 6167, 6363, 6380, 6402, 6409, 6578, 6626, 6630, 6632, 6634, 6638, 6643, 6645, 6697, 6816, 7123, 7157, 7179, 7205, 7212, 7217, 7237, 7244, 7382, 7409, 7632, 7748, 7809, 7914, 7951, 8016, 8211, 8267, 8306, 8438, 8446, 8462, 8525, 8567, 8763, 8768, 8974, 8984, 9014, 9022, 9429, 9444, 9451, 9476, 9492, 9588, 9626, 9732]",[7179],"[137, 212, 221, 262, 274, 336, 441, 510, 574, 582, 587, 592, 660, 664, 688, 736, 768, 781, 795, 801, 881, 884, 944, 1064, 1068, 1080, 1116, 1372, 1764, 1847, 2001, 2008, 2082, 2095, 2149, 2196, 2282, 2413, 2424, 2434, 2473, 2683, 2728, 2766, 2820, 2888, 2950, 2960, 2989, 3027, 3208, 3212, 3281, 3307, 3312, 3350, 3377, 3546, 3634, 3641, 3660, 3697, 3791, 3806, 3923, 3967, 4062, 4135, 4160, 4198, 4310, 4343, 4377, 4418, 4437, 4471, 4495, 4517, 4546, 4594, 4639, 4793, 4806, 4836, 4917, 4954, 5020, 5026, 5028, 5038, 5040, 5042, 5044, 5046, 5048, 5050, 5052, 5054, 5056, 5058, 5060, 5062, 5066, 5132, 5143, 5196, 5261, 5289, 5427, 5462, 5497, 5501, 5525, 5664, 5721, 5725, 5890, 5988, 6167, 6363, 6380, 6402, 6409, 6578, 6626, 6630, 6632, 6634, 6638, 6643, 6645, 6697, 6816, 7123, 7157, 7205, 7212, 7217, 7237, 7244, 7382, 7409, 7632, 7748, 7809, 7914, 7951, 8016, 8211, 8267, 8306, 8438, 8446, 8462, 8525, 8567, 8763, 8768, 8974, 8984, 9014, 9022, 9429, 9444, 9451, 9476, 9492, 9588, 9626, 9732]",[7179],9660,171,9489,1,170,9489,0
1.5,MUSBNP,"[71, 79, 225, 336, 412, 488, 492, 680, 731, 747, 753, 903, 1057, 1116, 1127, 1449]","[336, 753]","[71, 79, 225, 412, 488, 492, 680, 731, 747, 903, 1057, 1116, 1127, 1449]","[336, 753]",1460,16,1444,2,14,1444,0
1.5,MUSCD14A,"[14, 103, 176, 277, 306, 434, 472, 543, 639, 777, 825, 946, 1002, 1122, 1212, 1454, 1485, 1489, 1852]",[176],"[14, 103, 277, 306, 434, 472, 543, 639, 777, 825, 946, 1002, 1122, 1212, 1454, 1485, 1489, 1852]",[176],1865,19,1846,1,18,1846,0
1.5,MUSCRKNB,"[96, 177, 339, 358, 460, 532, 534, 536, 538, 617, 647, 664, 668, 815, 830, 917, 971, 1100, 1102, 1106, 1115, 1158, 1219, 1440, 1463, 1488, 1493, 1807, 1824, 1904, 1923, 1989, 2058, 2097, 2110, 2114, 2204, 2245, 2323, 2364, 2455, 2466, 2658, 2796, 2829, 2879, 2951, 3056, 3192, 3248, 3323, 3406, 3505, 3549, 3599, 3755, 3805, 3842, 3862, 3876, 3882, 3925, 3945, 3949, 3996, 4005, 4066, 4100, 4235, 4338, 4340, 4342, 4344, 4346, 4348, 4350, 4352, 4356, 4364, 4492]","[1904, 2245, 2455, 2796, 3505, 3842]","[96, 177, 339, 358, 460, 532, 534, 536, 538, 617, 647, 664, 668, 815, 830, 917, 971, 1100, 1102, 1106, 1115, 1158, 1219, 1440, 1463, 1488, 1493, 1807, 1824, 1923, 1989, 2058, 2097, 2110, 2114, 2204, 2323, 2364, 2466, 2658, 2829, 2879, 2951, 3056, 3192, 3248, 3323, 3406, 3549, 3599, 3755, 3805, 3862, 3876, 3882, 3925, 3945, 3949, 3996, 4005, 4066, 4100, 4235, 4338, 4340, 4342, 4344, 4346, 4348, 4350, 4352, 4356, 4364, 4492]","[1904, 2245, 2455, 2796, 3505, 3842]",4513,80,4433,6,74,4433,0
1.5,MUSCYTCOVB,"[48, 126, 182, 381, 412, 479, 512, 699, 724, 753, 774, 778, 798, 873, 928, 935, 1034, 1064, 1081, 1121, 1319, 1413, 1585, 1667, 1679, 1695, 1717, 1743, 1808, 1925, 1946, 1981, 2035, 2066, 2105, 2157, 2168, 2234, 2249, 2323, 2371, 2520]","[724, 1319, 1585]","[48, 126, 182, 381, 412, 479, 512, 699, 753, 774, 778, 798, 873, 928, 935, 1034, 1064, 1081, 1121, 1413, 1667, 1679, 1695, 1717, 1743, 1808, 1925, 1946, 1981, 2035, 2066, 2105, 2157, 2168, 2234, 2249, 2323, 2371, 2520]","[724, 1319, 1585]",2532,42,2490,3,39,2490,0
1.5,MUSENDOBA,"[59, 135, 219, 277, 299, 333, 382, 391, 472, 486, 737, 807, 848, 923, 931, 1066, 1218, 1276, 1297, 1330, 1341, 1500, 1507, 1701, 1974, 1990, 2117, 2130, 2214, 2276, 2404, 2462, 2518, 2614, 2743, 2827, 2929, 3027, 3077, 3115, 3148, 3170, 3222, 3282, 3350, 3488, 3618, 3675, 3707, 3803, 3816, 3841, 3892, 3953, 4049, 4342, 4346, 4371, 4397, 4405, 4430, 4618, 4698, 4795, 4837, 4853, 4898, 4909, 4920, 4936, 4974, 5090, 5527, 5589, 5596, 5616, 5660, 5672, 5696, 5700, 5721, 5817, 5969, 6185, 6230, 6258, 6301, 6319, 6358, 6443, 6506, 6894, 6917, 6929, 6962, 6980, 6992, 7007, 7151, 7292, 7386, 7454, 7517, 7548, 7568, 7578, 7585, 7624, 7794, 7822, 7841]","[2743, 3618, 4049, 4853, 5090, 5589]","[59, 135, 219, 277, 299, 333, 382, 391, 472, 486, 737, 807, 848, 923, 931, 1066, 1218, 1276, 1297, 1330, 1341, 1500, 1507, 1701, 1974, 1990, 2117, 2130, 2214, 2276, 2404, 2462, 2518, 2614, 2827, 2929, 3027, 3077, 3115, 3148, 3170, 3222, 3282, 3350, 3488, 3675, 3707, 3803, 3816, 3841, 3892, 3953, 4342, 4346, 4371, 4397, 4405, 4430, 4618, 4698, 4795, 4837, 4898, 4909, 4920, 4936, 4974, 5527, 5596, 5616, 5660, 5672, 5696, 5700, 5721, 5817, 5969, 6185, 6230, 6258, 6301, 6319, 6358, 6443, 6506, 6894, 6917, 6929, 6962, 6980, 6992, 7007, 7151, 7292, 7386, 7454, 7517, 7548, 7568, 7578, 7585, 7624, 7794, 7822, 7841]","[2743, 3618, 4049, 4853, 5090, 5589]",7871,111,7760,6,105,7760,0
1.5,MUSFAUA,"[140, 146, 506, 544, 753, 760, 783, 790, 824, 846, 854, 898, 925, 961, 988, 1004, 1105, 1216, 1249, 1253, 1496, 1526, 1530, 1535, 1544, 1645, 1656, 1675, 1738, 1799, 1818, 2068, 2103, 2110, 2124, 2169, 2190, 2220, 2275, 2467, 2541, 2547, 2650, 2750, 2773, 2824]","[1249, 1496, 2124]","[140, 146, 506, 544, 753, 760, 783, 790, 824, 846, 854, 898, 925, 961, 988, 1004, 1105, 1216, 1253, 1526, 1530, 1535, 1544, 1645, 1656, 1675, 1738, 1799, 1818, 2068, 2103, 2110, 2169, 2190, 2220, 2275, 2467, 2541, 2547, 2650, 2750, 2773, 2824]","[1249, 1496, 2124]",2842,46,2796,3,43,2796,0
1.5,MUSFERHC,"[85, 263, 393, 455, 483, 487, 526, 530, 713, 839, 848, 910, 1103, 1107, 1163, 1184, 1417, 1558, 1597, 1634, 1661, 1798, 1827, 1860, 1885, 1944, 2000, 2069, 2185, 2200, 2251, 2319, 2341, 2349, 2371, 2428, 2462, 2496, 2586, 2721, 2732]","[483, 1827, 2185]","[85, 263, 393, 455, 487, 526, 530, 713, 839, 848, 910, 1103, 1107, 1163, 1184, 1417, 1558, 1597, 1634, 1661, 1798, 1860, 1885, 1944, 2000, 2069, 2200, 2251, 2319, 2341, 2349, 2371, 2428, 2462, 2496, 2586, 2721, 2732]","[483, 1827, 2185]",2782,41,2741,3,38,2741,0
1.5,MUSFKBP13X,"[14, 27, 130, 252, 262, 321, 406, 550, 736, 752, 764, 787, 806, 862, 881, 885, 904, 928, 1070, 1078, 1100, 1247, 1282, 1358, 1381, 1449, 1556]","[321, 736, 904, 1282]","[14, 27, 130, 252, 262, 406, 550, 752, 764, 787, 806, 862, 881, 885, 928, 1070, 1078, 1100, 1247, 1358, 1381, 1449, 1556]","[321, 736, 904, 1282]",1573,27,1546,4,23,1546,0
1.5,MUSGAD45,"[39, 85, 335, 543, 559, 679, 807, 840, 935, 956, 1034, 1091, 1099, 1126, 1187, 1236, 1309, 1347, 1360, 1452, 1458, 1542, 1563, 1595, 1755, 1817, 1898, 1982, 1990, 2018, 2139, 2170, 2234, 2336, 2442, 2446, 2452, 2472, 2647, 2796, 2813, 2865, 2970, 3023, 3051, 3056]","[935, 1126, 1458]","[39, 85, 335, 543, 559, 679, 807, 840, 956, 1034, 1091, 1099, 1187, 1236, 1309, 1347, 1360, 1452, 1542, 1563, 1595, 1755, 1817, 1898, 1982, 1990, 2018, 2139, 2170, 2234, 2336, 2442, 2446, 2452, 2472, 2647, 2796, 2813, 2865, 2970, 3023, 3051, 3056]","[935, 1126, 1458]",3092,46,3046,3,43,3046,0
1.5,MUSGFJE,"[378, 624, 704, 709, 890, 910, 914, 1009, 1085, 1090, 1098, 1111, 1194, 1323, 1431, 1468, 1489, 1704, 1839, 1968, 1981, 2037, 2058, 2080, 2127, 2167, 2191, 2217, 2249, 2275]","[624, 1489]","[378, 704, 709, 890, 910, 914, 1009, 1085, 1090, 1098, 1111, 1194, 1323, 1431, 1468, 1704, 1839, 1968, 1981, 2037, 2058, 2080, 2127, 2167, 2191, 2217, 2249, 2275]","[624, 1489]",2403,30,2373,2,28,2373,0
1.5,MUSGPOAD,"[51, 236, 299, 301, 303, 305, 307, 309, 311, 313, 315, 317, 319, 321, 349, 353, 357, 416, 430, 437, 461, 780, 788, 792, 851, 868, 890, 1044, 1048, 1169, 1324, 1328, 1715, 1737, 2092, 2106, 2170, 2238, 2285, 2298, 2306, 2324, 2511, 2538, 2695, 2843, 2898, 3004, 3046, 3079, 3314, 3337, 3408, 3422, 3442, 3815, 4023, 4046, 4067, 4168, 4250, 4403, 4494, 4505, 4588, 4816, 4874, 4881, 4916, 4996, 5083, 5245, 5250, 5328, 5342, 5386, 5400, 5513, 5647, 5719, 5804, 5826, 5859, 5906, 5944, 5974, 6149, 6226, 6505, 6515, 6573, 6779, 6803, 6834, 6859, 7048, 7066, 7092, 7258, 7403, 7433, 7567, 7583, 7632, 7850, 7902, 7918, 7929, 7980, 7998]","[1044, 2306, 4403, 4916]","[51, 236, 299, 301, 303, 305, 307, 309, 311, 313, 315, 317, 319, 321, 349, 353, 357, 416, 430, 437, 461, 780, 788, 792, 851, 868, 890, 1048, 1169, 1324, 1328, 1715, 1737, 2092, 2106, 2170, 2238, 2285, 2298, 2324, 2511, 2538, 2695, 2843, 2898, 3004, 3046, 3079, 3314, 3337, 3408, 3422, 3442, 3815, 4023, 4046, 4067, 4168, 4250, 4494, 4505, 4588, 4816, 4874, 4881, 4996, 5083, 5245, 5250, 5328, 5342, 5386, 5400, 5513, 5647, 5719, 5804, 5826, 5859, 5906, 5944, 5974, 6149, 6226, 6505, 6515, 6573, 6779, 6803, 6834, 6859, 7048, 7066, 7092, 7258, 7403, 7433, 7567, 7583, 7632, 7850, 7902, 7918, 7929, 7980, 7998]","[1044, 2306, 4403, 4916]",8068,110,7958,4,106,7958,0
1.5,MUSHBBH0,"[163, 184, 365, 370, 651, 768, 879, 914, 1012, 1016, 1020, 1060, 1112, 1265, 1487, 1566, 1576, 1702, 1772, 1783, 1848, 1884, 2081]","[365, 914]","[163, 184, 370, 651, 768, 879, 1012, 1016, 1020, 1060, 1112, 1265, 1487, 1566, 1576, 1702, 1772, 1783, 1848, 1884, 2081]","[365, 914]",2127,23,2104,2,21,2104,0
1.5,MUSHBBH1,"[9, 26, 97, 249, 270, 451, 733, 745, 780, 847, 898, 963, 975, 1062, 1417, 1458, 1493, 1500, 1602, 1606, 1651, 1675, 1707, 1902]","[451, 780]","[9, 26, 97, 249, 270, 733, 745, 847, 898, 963, 975, 1062, 1417, 1458, 1493, 1500, 1602, 1606, 1651, 1675, 1707, 1902]","[451, 780]",1918,24,1894,2,22,1894,0
1.5,MUSHES1,"[76, 115, 156, 218, 345, 355, 385, 487, 556, 564, 585, 635, 652, 784, 788, 936, 1068, 1108, 1121, 1159, 1189, 1242, 1323, 1351, 1367, 1400, 1406, 1450, 1488, 1493, 1626, 1671, 1698, 1797, 1817, 1819, 1839, 1949, 2106, 2197, 2208, 2308, 2641, 2699]","[556, 784, 1108]","[76, 115, 156, 218, 345, 355, 385, 487, 564, 585, 635, 652, 788, 936, 1068, 1121, 1159, 1189, 1242, 1323, 1351, 1367, 1400, 1406, 1450, 1488, 1493, 1626, 1671, 1698, 1797, 1817, 1819, 1839, 1949, 2106, 2197, 2208, 2308, 2641, 2699]","[556, 784, 1108]",2817,44,2773,3,41,2773,0
1.5,MUSHOX35A,"[48, 52, 227, 232, 236, 240, 272, 281, 395, 588, 597, 602, 612, 747, 773, 779, 1024, 1062, 1298, 1308, 1425, 1462, 1535, 1715, 1721, 1782, 1966, 2007, 2012, 2273, 2372, 2512, 2520, 2531, 2577, 2661, 2665, 2850, 2854, 2951, 2963, 2987, 3045, 3119, 3150, 3209, 3231, 3243, 3248, 3398, 3440, 3464, 3519, 3524, 3545, 3647, 3785]",[1308],"[48, 52, 227, 232, 236, 240, 272, 281, 395, 588, 597, 602, 612, 747, 773, 779, 1024, 1062, 1298, 1425, 1462, 1535, 1715, 1721, 1782, 1966, 2007, 2012, 2273, 2372, 2512, 2520, 2531, 2577, 2661, 2665, 2850, 2854, 2951, 2963, 2987, 3045, 3119, 3150, 3209, 3231, 3243, 3248, 3398, 3440, 3464, 3519, 3524, 3545, 3647, 3785]",[1308],3847,57,3790,1,56,3790,0
1.5,MUSIL1RN,"[168, 232, 309, 512, 626, 628, 632, 652, 656, 660, 691, 693, 709, 713, 743, 745, 747, 749, 751, 753, 755, 757, 759, 761, 886, 1093, 1120, 1154, 1312, 1388, 1416, 1434, 1445, 1586, 1600, 1676, 1736, 1785, 1922, 1978, 2060, 2186, 2224, 2251, 2289, 2293, 2319, 2328, 2357, 2451, 2483, 2552, 2789, 2802, 2836, 2940, 3076, 3100, 3116, 3147, 3196, 3215, 3450, 3549, 3608, 3731, 3808, 3854, 3883, 3905, 3938, 4053, 4482, 4744, 4785, 4939, 5166, 5269, 5498, 5629, 5631, 5633, 5635, 5637, 5639, 5641, 5643, 5645, 5647, 5649, 5651, 5653, 5655, 5657, 5659, 5661, 5663, 5665, 5669, 5798, 5875, 5968, 6034, 6078, 6198, 6210, 6262, 6303]","[512, 2483, 3549]","[168, 232, 309, 626, 628, 632, 652, 656, 660, 691, 693, 709, 713, 743, 745, 747, 749, 751, 753, 755, 757, 759, 761, 886, 1093, 1120, 1154, 1312, 1388, 1416, 1434, 1445, 1586, 1600, 1676, 1736, 1785, 1922, 1978, 2060, 2186, 2224, 2251, 2289, 2293, 2319, 2328, 2357, 2451, 2552, 2789, 2802, 2836, 2940, 3076, 3100, 3116, 3147, 3196, 3215, 3450, 3608, 3731, 3808, 3854, 3883, 3905, 3938, 4053, 4482, 4744, 4785, 4939, 5166, 5269, 5498, 5629, 5631, 5633, 5635, 5637, 5639, 5641, 5643, 5645, 5647, 5649, 5651, 5653, 5655, 5657, 5659, 5661, 5663, 5665, 5669, 5798, 5875, 5968, 6034, 6078, 6198, 6210, 6262, 6303]","[512, 2483, 3549]",6342,108,6234,3,105,6234,0
1.5,MUSKE3A,"[21, 167, 239, 340, 349, 365, 406, 411, 484, 544, 655, 657, 752, 772, 788, 794, 840, 888, 953, 957, 976, 981, 1002, 1009, 1032, 1062, 1088, 1093, 1098, 1134, 1215, 1222, 1227, 1282, 1328, 1377, 1402, 1410, 1545, 1562, 1569, 1573, 1604, 1620, 1645, 1881, 1915, 1948, 2052, 2058, 2150, 2170, 2194, 2224, 2308, 2447, 2525, 2553, 2659, 2665, 2682, 2794, 2909, 2937, 2960, 3032, 3116, 3125, 3194, 3208, 3218, 3262, 3339, 3400, 3405, 3409, 3515, 3553]","[21, 544, 3218, 3400]","[167, 239, 340, 349, 365, 406, 411, 484, 655, 657, 752, 772, 788, 794, 840, 888, 953, 957, 976, 981, 1002, 1009, 1032, 1062, 1088, 1093, 1098, 1134, 1215, 1222, 1227, 1282, 1328, 1377, 1402, 1410, 1545, 1562, 1569, 1573, 1604, 1620, 1645, 1881, 1915, 1948, 2052, 2058, 2150, 2170, 2194, 2224, 2308, 2447, 2525, 2553, 2659, 2665, 2682, 2794, 2909, 2937, 2960, 3032, 3116, 3125, 3194, 3208, 3262, 3339, 3405, 3409, 3515, 3553]","[21, 544, 3218, 3400]",3612,78,3534,4,74,3534,0
1.5,MUSLMP7A,"[45, 276, 287, 400, 429, 438, 487, 535, 577, 580, 649, 903, 1082, 1107, 1188, 1193, 1218, 1318, 1327, 1354, 1364, 1407, 1570, 1574, 1645, 1708, 1756, 1855, 1876, 1978, 2033, 2153, 2157, 2172, 2269, 2275, 2293, 2297, 2307, 2362, 2421, 2454, 2513, 2533, 2610, 2689, 2838, 2893, 2974, 3029, 3046, 3069, 3130, 3178, 3342, 3559, 3674, 3744, 3795, 3831, 3833, 3835, 3959, 3964, 3985, 4005, 4023, 4236, 4244]","[1318, 2153, 2454, 3029, 3674]","[45, 276, 287, 400, 429, 438, 487, 535, 577, 580, 649, 903, 1082, 1107, 1188, 1193, 1218, 1327, 1354, 1364, 1407, 1570, 1574, 1645, 1708, 1756, 1855, 1876, 1978, 2033, 2157, 2172, 2269, 2275, 2293, 2297, 2307, 2362, 2421, 2513, 2533, 2610, 2689, 2838, 2893, 2974, 3046, 3069, 3130, 3178, 3342, 3559, 3744, 3795, 3831, 3833, 3835, 3959, 3964, 3985, 4005, 4023, 4236, 4244]","[1318, 2153, 2454, 3029, 3674]",4259,69,4190,5,64,4190,0
1.5,MUSLTA,"[20, 177, 220, 249, 272, 297, 382, 530, 650, 830, 844, 1207, 1245, 1363, 1632, 1637, 1807, 1830, 1990, 2050, 2114, 2132, 2217, 2347, 2459, 2496, 2500, 2511, 2537, 2843, 2853, 3073, 3077, 3164]","[1807, 1990]","[20, 177, 220, 249, 272, 297, 382, 530, 650, 830, 844, 1207, 1245, 1363, 1632, 1637, 1830, 2050, 2114, 2132, 2217, 2347, 2459, 2496, 2500, 2511, 2537, 2843, 2853, 3073, 3077, 3164]","[1807, 1990]",3286,34,3252,2,32,3252,0
1.5,MUSMC26,"[129, 155, 180, 303, 316, 339, 344, 539, 591, 634, 646, 687, 706, 752, 816, 843, 969, 1581, 1589, 1884, 1906, 2006, 2021, 2028, 2071, 2419, 2475, 2540, 2691, 2727, 2784, 3046, 3075, 3190, 3240, 3260, 3331, 3415, 3442, 3548, 3649, 3666, 3682, 3716, 3870, 3964, 3982, 4044, 4144, 4179, 4182, 4322, 4341, 4429, 4456, 4477, 4541, 4613, 4663, 4669, 4675, 5069, 5181, 5306]","[2419, 3190, 4144]","[129, 155, 180, 303, 316, 339, 344, 539, 591, 634, 646, 687, 706, 752, 816, 843, 969, 1581, 1589, 1884, 1906, 2006, 2021, 2028, 2071, 2475, 2540, 2691, 2727, 2784, 3046, 3075, 3240, 3260, 3331, 3415, 3442, 3548, 3649, 3666, 3682, 3716, 3870, 3964, 3982, 4044, 4179, 4182, 4322, 4341, 4429, 4456, 4477, 4541, 4613, 4663, 4669, 4675, 5069, 5181, 5306]","[2419, 3190, 4144]",5386,64,5322,3,61,5322,0
1.5,MUSOGC,"[113, 142, 290, 414, 460, 489, 522, 573, 579, 631, 662, 742, 779, 814, 920]","[113, 290, 489]","[142, 414, 460, 522, 573, 579, 631, 662, 742, 779, 814, 920]","[113, 290, 489]",941,15,926,3,12,926,0
1.5,MUSOGCA,"[27, 87, 152, 214, 285, 356, 367, 464, 479, 513, 725, 749, 866, 895, 1043, 1167, 1213, 1242, 1275, 1326, 1332, 1386, 1415, 1495, 1532, 1567, 1673]","[866, 1043, 1242]","[27, 87, 152, 214, 285, 356, 367, 464, 479, 513, 725, 749, 895, 1167, 1213, 1275, 1326, 1332, 1386, 1415, 1495, 1532, 1567, 1673]","[866, 1043, 1242]",1694,27,1667,3,24,1667,0
1.5,MUSOGCB,"[113, 142, 290, 415, 461, 490, 523, 580, 632, 663, 743, 780, 815, 921]","[113, 290, 490]","[142, 415, 461, 523, 580, 632, 663, 743, 780, 815, 921]","[113, 290, 490]",942,14,928,3,11,928,0
1.5,MUSPNMT,"[74, 85, 104, 148, 171, 276, 405, 547, 553, 568, 582, 602, 636, 694, 920, 940, 947, 955, 964, 986, 1076, 1106, 1123, 1195, 1221, 1268, 1357, 1437, 1523, 1665, 1713, 1881, 1920, 1974, 1998, 2009, 2135, 2140, 2252, 2303, 2343, 2372, 2445, 2450, 2491, 2599, 2703, 2734, 2755, 2884, 2890, 2892, 2914, 2964, 3040, 3115, 3124]","[1665, 2343]","[74, 85, 104, 148, 171, 276, 405, 547, 553, 568, 582, 602, 636, 694, 920, 940, 947, 955, 964, 986, 1076, 1106, 1123, 1195, 1221, 1268, 1357, 1437, 1523, 1713, 1881, 1920, 1974, 1998, 2009, 2135, 2140, 2252, 2303, 2372, 2445, 2450, 2491, 2599, 2703, 2734, 2755, 2884, 2890, 2892, 2914, 2964, 3040, 3115, 3124]","[1665, 2343]",3136,57,3079,2,55,3079,0
1.5,MUSPROTA,"[124, 157, 218, 337, 411, 421, 433, 447, 479, 581, 585, 660, 697, 736, 821, 945, 1027, 1173, 1190, 1213, 1250, 1664, 1872, 1945, 2011, 2033, 2069, 2140, 2188, 2254, 2268, 2278, 2328, 2530, 2585, 2604, 2661, 2737, 2791, 2820, 2883, 2969, 3119, 3181, 3224, 3341, 3438, 3444, 3555, 3586, 3621, 3627, 3663, 3720, 3743, 4006, 4024, 4105, 4377, 4397, 4410, 4549, 4559, 4593, 4600]","[1945, 2585, 3224, 3663]","[124, 157, 218, 337, 411, 421, 433, 447, 479, 581, 585, 660, 697, 736, 821, 945, 1027, 1173, 1190, 1213, 1250, 1664, 1872, 2011, 2033, 2069, 2140, 2188, 2254, 2268, 2278, 2328, 2530, 2604, 2661, 2737, 2791, 2820, 2883, 2969, 3119, 3181, 3341, 3438, 3444, 3555, 3586, 3621, 3627, 3720, 3743, 4006, 4024, 4105, 4377, 4397, 4410, 4549, 4559, 4593, 4600]","[1945, 2585, 3224, 3663]",4636,65,4571,4,61,4571,0
1.5,MUSPROTEB,"[79, 104, 200, 321, 337, 398, 496, 539, 561, 594, 618, 634, 642, 647, 688, 749, 755, 765, 772, 803, 884, 962, 975, 993, 1015, 1024, 1159, 1221, 1306, 1313, 1482, 1553, 1645, 1682, 1726, 1823, 1856, 1920, 1988, 2081, 2090, 2120, 2130, 2276]","[337, 594, 993, 1988]","[79, 104, 200, 321, 398, 496, 539, 561, 618, 634, 642, 647, 688, 749, 755, 765, 772, 803, 884, 962, 975, 1015, 1024, 1159, 1221, 1306, 1313, 1482, 1553, 1645, 1682, 1726, 1823, 1856, 1920, 2081, 2090, 2120, 2130, 2276]","[337, 594, 993, 1988]",2389,44,2345,4,40,2345,0
1.5,MUSPRPC2,"[67, 165, 215, 250, 349, 381, 443, 575, 652, 795, 801, 817, 821, 858, 1063, 1279, 1784, 1891, 1938, 1996, 2057, 2200, 2421, 2455, 2470, 2542, 2591, 2687, 2740, 2917, 2919, 2924, 2990, 3008, 3019, 3141, 3189, 3521, 3531, 3535, 3596, 3640, 3650, 3778, 3833, 3885, 4083, 4087, 4186, 4200, 4267, 4330, 5314, 5486, 5493, 5516, 5761, 6159, 6607, 6619, 6720, 6793, 6797, 6869, 6877, 6919, 6929, 6936, 7058, 7067, 7077, 7189, 7232]",[801],"[67, 165, 215, 250, 349, 381, 443, 575, 652, 795, 817, 821, 858, 1063, 1279, 1784, 1891, 1938, 1996, 2057, 2200, 2421, 2455, 2470, 2542, 2591, 2687, 2740, 2917, 2919, 2924, 2990, 3008, 3019, 3141, 3189, 3521, 3531, 3535, 3596, 3640, 3650, 3778, 3833, 3885, 4083, 4087, 4186, 4200, 4267, 4330, 5314, 5486, 5493, 5516, 5761, 6159, 6607, 6619, 6720, 6793, 6797, 6869, 6877, 6919, 6929, 6936, 7058, 7067, 7077, 7189, 7232]",[801],7298,73,7225,1,72,7225,0
1.5,MUSPRPMPB,"[69, 120, 216, 444, 490, 574, 651, 795, 801, 817, 821, 1065, 1157, 1230, 1480, 1532, 1839, 1855, 1920, 1981, 2952, 2974, 2997, 3043, 3238, 3430]",[801],"[69, 120, 216, 444, 490, 574, 651, 795, 817, 821, 1065, 1157, 1230, 1480, 1532, 1839, 1855, 1920, 1981, 2952, 2974, 2997, 3043, 3238, 3430]",[801],3566,26,3540,1,25,3540,0
1.5,MUSREGI,"[325, 349, 632, 775, 800, 809, 892, 1000, 1012, 1159, 1258, 1316, 1448, 1458, 1471, 1558, 1562, 1799, 1807, 1965, 2230, 2234, 2304, 2310, 2388, 2417, 2450, 2497, 2587, 2611, 2646, 2748, 2903, 2993, 3050, 3139, 3158, 3193, 3368, 3550, 3667, 3707]","[1159, 1799, 2230, 2993]","[325, 349, 632, 775, 800, 809, 892, 1000, 1012, 1258, 1316, 1448, 1458, 1471, 1558, 1562, 1807, 1965, 2234, 2304, 2310, 2388, 2417, 2450, 2497, 2587, 2611, 2646, 2748, 2903, 3050, 3139, 3158, 3193, 3368, 3550, 3667, 3707]","[1159, 1799, 2230, 2993]",3748,42,3706,4,38,3706,0
1.5,MUSREGII,"[237, 385, 530, 612, 927, 1012, 1087, 1141, 1162, 1239, 1298, 1491, 1558, 1626, 1637, 1657, 1875, 1941, 1988, 2023, 2034, 2056, 2142, 2368, 2455, 2522, 2526, 2543, 2554, 2633, 2837, 2879, 2927, 3091, 3142, 3233, 3308, 3463, 3634, 3680, 3757, 3896]","[927, 1626, 1988, 3091]","[237, 385, 530, 612, 1012, 1087, 1141, 1162, 1239, 1298, 1491, 1558, 1637, 1657, 1875, 1941, 2023, 2034, 2056, 2142, 2368, 2455, 2522, 2526, 2543, 2554, 2633, 2837, 2879, 2927, 3142, 3233, 3308, 3463, 3634, 3680, 3757, 3896]","[927, 1626, 1988, 3091]",3924,42,3882,4,38,3882,0
1.5,MUSROM1X,"[39, 45, 110, 115, 219, 339, 380, 532, 540, 661, 673, 692, 742, 746, 781, 865, 967, 983, 1030, 1096, 1146, 1194, 1198, 1223, 1242, 1307, 1326, 1386, 1510, 1766, 1848, 1961, 2038, 2169, 2175, 2302, 2341, 2369, 2529, 2539, 2555, 2616, 2640, 2649]","[1242, 1848]","[39, 45, 110, 115, 219, 339, 380, 532, 540, 661, 673, 692, 742, 746, 781, 865, 967, 983, 1030, 1096, 1146, 1194, 1198, 1223, 1307, 1326, 1386, 1510, 1766, 1961, 2038, 2169, 2175, 2302, 2341, 2369, 2529, 2539, 2555, 2616, 2640, 2649]","[1242, 1848]",2779,44,2735,2,42,2735,0
1.5,MUSRPL30,"[18, 60, 84, 99, 144, 240, 500, 504, 518, 598, 660, 664, 708, 778, 953, 960, 1014, 1050, 1162, 1179, 1209, 1262, 1331, 1337, 1430, 1505, 1622, 1679, 1777, 1816, 1948, 1953, 1962, 2119, 2155, 2232, 2275, 2279, 2283, 2291, 2412, 2431, 2459, 2578, 2654, 2709, 2829, 2891, 2941, 2985, 3019, 3085, 3124, 3131, 3243, 3377, 3441]","[660, 1050, 2459]","[18, 60, 84, 99, 144, 240, 500, 504, 518, 598, 664, 708, 778, 953, 960, 1014, 1162, 1179, 1209, 1262, 1331, 1337, 1430, 1505, 1622, 1679, 1777, 1816, 1948, 1953, 1962, 2119, 2155, 2232, 2275, 2279, 2283, 2291, 2412, 2431, 2578, 2654, 2709, 2829, 2891, 2941, 2985, 3019, 3085, 3124, 3131, 3243, 3377, 3441]","[660, 1050, 2459]",3468,57,3411,3,54,3411,0
1.5,MUSRPS16,"[17, 261, 268, 373, 450, 475, 481, 512, 636, 687, 714, 758, 787, 829, 944, 1030, 1105, 1204, 1210, 1252, 1302, 1311, 1331, 1352, 1390, 1399, 1448, 1491, 1667, 1673, 1728, 1814, 1828, 1834, 1868, 1894, 1896, 1986, 2005, 2009, 2038, 2050, 2199, 2355, 2581, 2583]","[450, 687, 1868, 2005]","[17, 261, 268, 373, 475, 481, 512, 636, 714, 758, 787, 829, 944, 1030, 1105, 1204, 1210, 1252, 1302, 1311, 1331, 1352, 1390, 1399, 1448, 1491, 1667, 1673, 1728, 1814, 1828, 1834, 1894, 1896, 1986, 2009, 2038, 2050, 2199, 2355, 2581, 2583]","[450, 687, 1868, 2005]",2641,46,2595,4,42,2595,0
1.5,MUSS100B,"[46, 133, 191, 213, 289, 342, 375, 430, 579, 693, 741, 880, 951, 1034, 1090, 1097, 1160, 1407, 1423, 1514, 1534, 1710, 1721, 1778, 1785, 2041, 2162, 2287, 2341, 2640, 2692, 2757, 2892, 2946, 3025, 3077, 3151, 3160, 3250, 3281, 3508, 3660, 3709, 3753, 3997, 4270, 4309, 4357, 4359, 4361, 4363, 4365, 4367, 4369, 4373, 4377, 4387, 4611, 4641, 4672, 4740, 4757, 4849, 4920, 5032, 5082, 5104, 5119, 5169, 5219, 5309, 5321, 5323, 5329, 5333, 5341, 5444, 5555, 5689, 5786, 5988, 6011, 6115, 6158, 6291, 6295, 6395, 6425, 6438, 6523, 6653, 6686, 6694, 6775, 6880, 6965, 7045, 7055, 7074, 7183, 7438, 7447, 7588, 7694, 7766, 7801, 8033, 8057, 8061, 8146, 8172, 8180, 8200, 8612, 8671, 8711, 8736, 8758]",[4920],"[46, 133, 191, 213, 289, 342, 375, 430, 579, 693, 741, 880, 951, 1034, 1090, 1097, 1160, 1407, 1423, 1514, 1534, 1710, 1721, 1778, 1785, 2041, 2162, 2287, 2341, 2640, 2692, 2757, 2892, 2946, 3025, 3077, 3151, 3160, 3250, 3281, 3508, 3660, 3709, 3753, 3997, 4270, 4309, 4357, 4359, 4361, 4363, 4365, 4367, 4369, 4373, 4377, 4387, 4611, 4641, 4672, 4740, 4757, 4849, 5032, 5082, 5104, 5119, 5169, 5219, 5309, 5321, 5323, 5329, 5333, 5341, 5444, 5555, 5689, 5786, 5988, 6011, 6115, 6158, 6291, 6295, 6395, 6425, 6438, 6523, 6653, 6686, 6694, 6775, 6880, 6965, 7045, 7055, 7074, 7183, 7438, 7447, 7588, 7694, 7766, 7801, 8033, 8057, 8061, 8146, 8172, 8180, 8200, 8612, 8671, 8711, 8736, 8758]",[4920],8865,118,8747,1,117,8747,0
1.5,MUSSERPROA,"[217, 422, 471, 514, 767, 971, 1034, 1173, 1449, 1572, 1691, 1780, 1831, 1836, 1882, 1906, 2019, 2032, 2037, 2082, 2092, 2114, 2232, 2253, 2332, 2341, 2403, 2532, 2602, 2702, 2739, 2959, 3101, 3136, 3178, 3233, 3345, 3371, 3387, 3575, 3721, 3818, 3822, 3842, 3997, 4039, 4206, 4272, 4356]","[1449, 2092, 2739, 3178]","[217, 422, 471, 514, 767, 971, 1034, 1173, 1572, 1691, 1780, 1831, 1836, 1882, 1906, 2019, 2032, 2037, 2082, 2114, 2232, 2253, 2332, 2341, 2403, 2532, 2602, 2702, 2959, 3101, 3136, 3233, 3345, 3371, 3387, 3575, 3721, 3818, 3822, 3842, 3997, 4039, 4206, 4272, 4356]","[1449, 2092, 2739, 3178]",4449,49,4400,4,45,4400,0
1.5,MUSSSATGN,"[29, 122, 431, 491, 520, 613, 645, 660, 729, 742, 840, 844, 976, 1162, 1199, 1346, 1423, 1557, 1592, 1774, 1825, 1857, 2081, 2102, 2106, 2165, 2190, 2194, 2249, 2258, 2298, 2353, 2436, 2487, 2516, 2530, 2569, 2594, 2828, 2905, 2929, 3004, 3039, 3115, 3150, 3185, 3199, 3205, 3233, 3241, 3294, 3354, 3372, 3436, 3449, 3590, 3612, 3662, 3706, 3730, 3740, 3892, 3898]","[840, 1162, 1346, 2905, 3039]","[29, 122, 431, 491, 520, 613, 645, 660, 729, 742, 844, 976, 1199, 1423, 1557, 1592, 1774, 1825, 1857, 2081, 2102, 2106, 2165, 2190, 2194, 2249, 2258, 2298, 2353, 2436, 2487, 2516, 2530, 2569, 2594, 2828, 2929, 3004, 3115, 3150, 3185, 3199, 3205, 3233, 3241, 3294, 3354, 3372, 3436, 3449, 3590, 3612, 3662, 3706, 3730, 3740, 3892, 3898]","[840, 1162, 1346, 2905, 3039]",4058,63,3995,5,58,3995,0
1.5,MUSTCP,"[6, 224, 364, 453, 470, 518, 545, 624, 654, 677, 768, 908, 926, 933, 1005, 1132, 1218, 1274, 1329, 1486, 1686, 1705, 1745, 1779, 1802, 1867, 1886, 1912, 1940, 1993, 2068, 2146, 2164, 2206, 2271, 2320, 2427, 2463, 2496, 2596, 2781, 2789, 2795, 3172, 3270, 3400, 3474, 3576, 3599, 3642, 3746, 3830, 3916, 3934, 3949, 4000, 4019, 4101, 4278, 4363, 4643, 4687, 4735, 4874, 4927, 4954, 5021, 5174, 5303, 5370, 5681, 5813, 5832, 5851, 5969, 6035, 6098, 6151, 6296, 6313, 6337, 6406, 6431, 6478, 6552, 6567, 6636, 6743, 7022, 7091, 7134, 7171, 7177, 7230, 7255, 7274, 7300, 7417, 7483, 7496, 7512, 7562, 7780, 7817, 7901, 8154, 8327, 8362, 8459, 8566, 8578, 8754, 8895, 8977, 9004, 9077, 9161]","[453, 1705, 1993, 3270, 3746, 4278, 4687, 6098, 6552, 7230, 7512]","[6, 224, 364, 470, 518, 545, 624, 654, 677, 768, 908, 926, 933, 1005, 1132, 1218, 1274, 1329, 1486, 1686, 1745, 1779, 1802, 1867, 1886, 1912, 1940, 2068, 2146, 2164, 2206, 2271, 2320, 2427, 2463, 2496, 2596, 2781, 2789, 2795, 3172, 3400, 3474, 3576, 3599, 3642, 3830, 3916, 3934, 3949, 4000, 4019, 4101, 4363, 4643, 4735, 4874, 4927, 4954, 5021, 5174, 5303, 5370, 5681, 5813, 5832, 5851, 5969, 6035, 6151, 6296, 6313, 6337, 6406, 6431, 6478, 6567, 6636, 6743, 7022, 7091, 7134, 7171, 7177, 7255, 7274, 7300, 7417, 7483, 7496, 7562, 7780, 7817, 7901, 8154, 8327, 8362, 8459, 8566, 8578, 8754, 8895, 8977, 9004, 9077, 9161]","[453, 1705, 1993, 3270, 3746, 4278, 4687, 6098, 6552, 7230, 7512]",9253,117,9136,11,106,9136,0
1.5,MUSTHY1,"[80, 93, 172, 183, 191, 295, 335, 343, 616, 629, 678, 696, 720, 854, 946, 991, 997, 1009, 1043, 1156, 1160, 1235, 1243, 1255, 1281, 1408, 1511, 1586, 1828, 1833, 1837, 1936, 1943, 1958, 2056, 2134, 2174, 2181, 2246, 2331, 2477, 2639]","[80, 1009]","[93, 172, 183, 191, 295, 335, 343, 616, 629, 678, 696, 720, 854, 946, 991, 997, 1043, 1156, 1160, 1235, 1243, 1255, 1281, 1408, 1511, 1586, 1828, 1833, 1837, 1936, 1943, 1958, 2056, 2134, 2174, 2181, 2246, 2331, 2477, 2639]","[80, 1009]",2682,42,2640,2,40,2640,0
1.5,MUSTLAG,"[42, 99, 153, 251, 261, 269, 497, 547, 644, 705, 856, 901, 946, 956, 983, 1057, 1155, 1231, 1265, 1314, 1319, 1327, 1332, 1463, 1492, 1573, 1611, 1733, 1790, 1896, 2044, 2118, 2128, 2250, 2571, 2985, 3145, 3235, 3260, 3276, 3399, 3415, 3494, 3503, 3505, 3509, 3522, 3560, 3641, 3740, 3822, 3869, 3911, 4032, 4237, 4428, 4711, 4788, 5009, 5069, 5106, 5110, 5192, 5201, 5248, 5310]","[705, 1155, 1573, 3494, 3740]","[42, 99, 153, 251, 261, 269, 497, 547, 644, 856, 901, 946, 956, 983, 1057, 1231, 1265, 1314, 1319, 1327, 1332, 1463, 1492, 1611, 1733, 1790, 1896, 2044, 2118, 2128, 2250, 2571, 2985, 3145, 3235, 3260, 3276, 3399, 3415, 3503, 3505, 3509, 3522, 3560, 3641, 3822, 3869, 3911, 4032, 4237, 4428, 4711, 4788, 5009, 5069, 5106, 5110, 5192, 5201, 5248, 5310]","[705, 1155, 1573, 3494, 3740]",5412,66,5346,5,61,5346,0
1.5,MUSTSHBA2,"[50, 69, 128, 186, 219, 267, 388, 448, 453, 464, 493, 539, 599, 623, 629, 773, 777, 830, 988, 1045, 1056, 1082, 1255]",[464],"[50, 69, 128, 186, 219, 267, 388, 448, 453, 493, 539, 599, 623, 629, 773, 777, 830, 988, 1045, 1056, 1082, 1255]",[464],1283,23,1260,1,22,1260,0
1.5,MUSY1GLOB,"[137, 180, 195, 288, 334, 339, 354, 361, 377, 395, 576, 655, 690, 808, 813, 819, 829, 973, 1024, 1066, 1133, 1224, 1249, 1341, 1445, 1456, 1557, 1595, 1681]","[377, 690]","[137, 180, 195, 288, 334, 339, 354, 361, 395, 576, 655, 808, 813, 819, 829, 973, 1024, 1066, 1133, 1224, 1249, 1341, 1445, 1456, 1557, 1595, 1681]","[377, 690]",1745,29,1716,2,27,1716,0
1.5,OABBGLOB,"[33, 192, 525, 666, 686, 692, 920, 935, 939, 958, 962, 993, 1174, 1195, 1262, 1309, 1413, 1421, 1743, 1868, 1914, 1987, 2005, 2219, 2267, 2291, 2701, 3032, 3124, 3128, 3211, 3229, 3238]","[958, 1309]","[33, 192, 525, 666, 686, 692, 920, 935, 939, 962, 993, 1174, 1195, 1262, 1413, 1421, 1743, 1868, 1914, 1987, 2005, 2219, 2267, 2291, 2701, 3032, 3124, 3128, 3211, 3229, 3238]","[958, 1309]",3241,33,3208,2,31,3208,0
1.5,OABCGLOB,"[33, 193, 433, 673, 677, 699, 919, 934, 938, 957, 992, 1011, 1177, 1198, 1265, 1312, 1352, 1413, 1421, 1603, 1708, 1848, 1879, 1921, 1998, 2092, 2239, 2249, 2648, 2984, 3075, 3079, 3162, 3180, 3189]","[957, 1312]","[33, 193, 433, 673, 677, 699, 919, 934, 938, 992, 1011, 1177, 1198, 1265, 1352, 1413, 1421, 1603, 1708, 1848, 1879, 1921, 1998, 2092, 2239, 2249, 2648, 2984, 3075, 3079, 3162, 3180, 3189]","[957, 1312]",3192,35,3157,2,33,3157,0
1.5,OAINIGFII1,"[60, 150, 243, 266, 295, 323, 428, 492, 574, 642, 658, 669, 676, 724, 740, 866, 1022, 1050, 1098, 1165, 1210, 1247, 1334, 1412, 1520, 1551, 1588, 1671, 1679, 1690, 1698, 1752, 1839, 1975, 2057, 2065, 2106, 2110, 2114, 2155, 2199, 2242, 2309, 2319, 2335, 2382]",[740],"[60, 150, 243, 266, 295, 323, 428, 492, 574, 642, 658, 669, 676, 724, 866, 1022, 1050, 1098, 1165, 1210, 1247, 1334, 1412, 1520, 1551, 1588, 1671, 1679, 1690, 1698, 1752, 1839, 1975, 2057, 2065, 2106, 2110, 2114, 2155, 2199, 2242, 2309, 2319, 2335, 2382]",[740],2385,46,2339,1,45,2339,0
1.5,OAINTL3,"[115, 120, 134, 188, 243, 335, 373, 674, 721, 813, 850, 918, 940, 943, 948, 1122, 1310, 1598, 1602, 1607, 1624, 1747, 1764, 1880, 1909, 1973, 2072, 2099, 2565, 2595, 2602, 2670, 2704]","[674, 813, 1909, 2072]","[115, 120, 134, 188, 243, 335, 373, 721, 850, 918, 940, 943, 948, 1122, 1310, 1598, 1602, 1607, 1624, 1747, 1764, 1880, 1973, 2099, 2565, 2595, 2602, 2670, 2704]","[674, 813, 1909, 2072]",2793,33,2760,4,29,2760,0
1.5,OAKRT213,"[50, 94, 144, 210, 232, 523, 554, 560, 932, 975, 1042, 1088, 1123, 1179, 1206, 1215, 1228, 1253, 1260, 1290, 1294, 1309, 1328, 1332, 1334, 1336, 1338, 1444, 1593, 1635, 1640, 1714, 1988, 1992, 2176, 2263, 2294, 2373, 2551, 2641, 2665, 2852, 2938, 3029, 3071, 3132, 3198, 3241, 3255, 3333, 3357, 3413, 3740, 3829, 3831, 3841, 3915, 3938, 4071, 4115, 4124, 4147, 4213, 4322, 4467, 4598, 4642, 4678, 4685, 4690, 4752, 4813, 4817, 4821, 4871, 5046, 5174, 5210, 5249, 5258, 5278, 5288, 5371, 5377, 5403, 5405, 5407, 5409, 5411, 5413, 5415, 5417, 5419, 5421, 5423, 5425, 5427, 5429, 5431, 5433, 5435, 5437, 5439, 5443, 5449, 5456, 5487, 5496, 5584, 5671, 5684, 5789, 5798, 5815, 5842, 5950, 5972, 6077, 6116, 6118, 6221, 6234, 6248, 6464, 6474, 6548, 6552, 6818, 6858, 6886, 6914, 6924, 7052, 7061, 7065, 7076, 7124, 7211, 7268, 7283, 7287, 7295, 7366, 7383, 7389, 7393, 7427, 7435, 7455, 7525, 7660, 7752, 7896, 7911, 7913, 7937, 7944, 7962, 7988, 8393, 8453, 8457, 8482, 8487, 8502, 8589, 8709, 8931, 9063, 9083, 9162, 9244, 9294, 9316, 9417, 9454]","[3198, 4147, 4813, 5288, 5684, 6077, 6548, 7393]","[50, 94, 144, 210, 232, 523, 554, 560, 932, 975, 1042, 1088, 1123, 1179, 1206, 1215, 1228, 1253, 1260, 1290, 1294, 1309, 1328, 1332, 1334, 1336, 1338, 1444, 1593, 1635, 1640, 1714, 1988, 1992, 2176, 2263, 2294, 2373, 2551, 2641, 2665, 2852, 2938, 3029, 3071, 3132, 3241, 3255, 3333, 3357, 3413, 3740, 3829, 3831, 3841, 3915, 3938, 4071, 4115, 4124, 4213, 4322, 4467, 4598, 4642, 4678, 4685, 4690, 4752, 4817, 4821, 4871, 5046, 5174, 5210, 5249, 5258, 5278, 5371, 5377, 5403, 5405, 5407, 5409, 5411, 5413, 5415, 5417, 5419, 5421, 5423, 5425, 5427, 5429, 5431, 5433, 5435, 5437, 5439, 5443, 5449, 5456, 5487, 5496, 5584, 5671, 5789, 5798, 5815, 5842, 5950, 5972, 6116, 6118, 6221, 6234, 6248, 6464, 6474, 6552, 6818, 6858, 6886, 6914, 6924, 7052, 7061, 7065, 7076, 7124, 7211, 7268, 7283, 7287, 7295, 7366, 7383, 7389, 7427, 7435, 7455, 7525, 7660, 7752, 7896, 7911, 7913, 7937, 7944, 7962, 7988, 8393, 8453, 8457, 8482, 8487, 8502, 8589, 8709, 8931, 9063, 9083, 9162, 9244, 9294, 9316, 9417, 9454]","[3198, 4147, 4813, 5288, 5684, 6077, 6548, 7393]",9521,176,9345,8,168,9345,0
1.5,OALGB,"[46, 76, 109, 123, 130, 140, 159, 207, 212, 288, 374, 378, 433, 702, 938, 946, 955, 959, 1011, 1124, 1216, 1324, 1422, 1459, 1486, 1528, 1547, 1602, 1682, 1742, 1801, 1806, 1859, 2043, 2059, 2186, 2268, 2274, 2295, 2432, 2438, 2442, 2598, 2660, 2762, 2831, 2873, 2908, 2939, 2959, 2994, 3220, 3267, 3330, 3336, 3500, 3523, 3557, 3623, 3664, 3667, 3700, 3818, 3883, 3887, 3943, 3950, 3980, 4039, 4047, 4092, 4107, 4114, 4204, 4250, 4387, 4409, 4477, 4565, 4656, 4724, 4761, 4766, 4778, 4822, 4886, 4900, 4911, 4954, 4967, 5008, 5064, 5075, 5079, 5143, 5156, 5244, 5514, 5825, 5895, 6010, 6094, 6149, 6242, 6254, 6422, 6426, 6494, 6617, 6630, 6672, 6699, 6766, 6784, 6883, 7102, 7176, 7246, 7320]","[938, 1742, 2660, 3883, 4656]","[46, 76, 109, 123, 130, 140, 159, 207, 212, 288, 374, 378, 433, 702, 946, 955, 959, 1011, 1124, 1216, 1324, 1422, 1459, 1486, 1528, 1547, 1602, 1682, 1801, 1806, 1859, 2043, 2059, 2186, 2268, 2274, 2295, 2432, 2438, 2442, 2598, 2762, 2831, 2873, 2908, 2939, 2959, 2994, 3220, 3267, 3330, 3336, 3500, 3523, 3557, 3623, 3664, 3667, 3700, 3818, 3887, 3943, 3950, 3980, 4039, 4047, 4092, 4107, 4114, 4204, 4250, 4387, 4409, 4477, 4565, 4724, 4761, 4766, 4778, 4822, 4886, 4900, 4911, 4954, 4967, 5008, 5064, 5075, 5079, 5143, 5156, 5244, 5514, 5825, 5895, 6010, 6094, 6149, 6242, 6254, 6422, 6426, 6494, 6617, 6630, 6672, 6699, 6766, 6784, 6883, 7102, 7176, 7246, 7320]","[938, 1742, 2660, 3883, 4656]",7371,119,7252,5,114,7252,0
1.5,OAMETIAG,"[9, 91, 100, 142, 205, 246, 310, 416, 438, 510, 528, 569, 573, 701, 746, 920, 953, 969, 1028, 1067, 1136, 1479, 1483, 1674, 1682, 1801, 2118, 2207, 2221, 2260, 2354, 2383, 2480, 2654, 2697, 2726, 2731, 2745]","[701, 1479]","[9, 91, 100, 142, 205, 246, 310, 416, 438, 510, 528, 569, 573, 746, 920, 953, 969, 1028, 1067, 1136, 1483, 1674, 1682, 1801, 2118, 2207, 2221, 2260, 2354, 2383, 2480, 2654, 2697, 2726, 2731, 2745]","[701, 1479]",2792,38,2754,2,36,2754,0
1.5,OAMTIB,"[72, 198, 258, 262, 338, 368, 374, 444, 484, 516, 601, 731, 758, 789, 903, 965, 993, 1027, 1209, 1276, 1317, 1397, 1721, 1725, 1827, 1922, 2033, 2041, 2078, 2110, 2170, 2185, 2301, 2554, 2618, 2670, 2684, 2723, 2764, 2970, 2983, 3016, 3039, 3092, 3175, 3179, 3192, 3205]","[965, 1721]","[72, 198, 258, 262, 338, 368, 374, 444, 484, 516, 601, 731, 758, 789, 903, 993, 1027, 1209, 1276, 1317, 1397, 1725, 1827, 1922, 2033, 2041, 2078, 2110, 2170, 2185, 2301, 2554, 2618, 2670, 2684, 2723, 2764, 2970, 2983, 3016, 3039, 3092, 3175, 3179, 3192, 3205]","[965, 1721]",3211,48,3163,2,46,3163,0
1.5,OAMTIC,"[65, 146, 162, 214, 249, 381, 492, 545, 621, 707, 813, 869, 913, 954, 1010, 1024, 1059, 1084, 1295, 1299, 1332, 1336, 1376, 1387, 1607, 1676, 1690, 1729, 1749, 1754, 1771, 1787, 1859, 2055]","[621, 1295]","[65, 146, 162, 214, 249, 381, 492, 545, 707, 813, 869, 913, 954, 1010, 1024, 1059, 1084, 1299, 1332, 1336, 1376, 1387, 1607, 1676, 1690, 1729, 1749, 1754, 1771, 1787, 1859, 2055]","[621, 1295]",2375,34,2341,2,32,2341,0
1.5,OAMTII,"[38, 303, 326, 435, 483, 496, 572, 630, 799, 817, 836, 1023, 1133, 1312, 1325, 1358, 1378, 1588, 1592, 1612, 1717, 1731, 1770, 1830, 1976]","[1023, 1378]","[38, 303, 326, 435, 483, 496, 572, 630, 799, 817, 836, 1133, 1312, 1325, 1358, 1588, 1592, 1612, 1717, 1731, 1770, 1830, 1976]","[1023, 1378]",2047,25,2022,2,23,2022,0
1.5,OAPROTP1,"[7, 212, 253, 293]",[212],"[7, 253, 293]",[212],524,4,520,1,3,520,0
1.5,OATRICH,"[146, 152, 253, 398, 555, 775, 790, 938, 966, 1009, 1053, 1174, 1179, 1183, 1197, 1215, 1425, 1458, 1465, 1471, 1560, 1568, 1798, 2017, 2201, 2219, 2328, 2655, 2661, 2665, 2726, 2892, 3157, 3240, 3309, 3604, 3654, 3679, 3681, 3683, 3704, 3798, 3907, 3909, 4055, 4062, 4096, 4101, 4134, 4171, 4211, 4464, 4492, 4527, 4631, 4702, 4744, 4772, 4849, 4947, 4978, 5498, 5545, 5721, 5825, 5936, 6075, 6254, 6351, 6612, 6681, 6750, 7050, 7119, 7209, 7368, 7437, 7506, 7575, 7692, 7764, 7936, 8126, 8195, 8218, 8242, 8317, 8462, 8473, 8558, 8599, 9059, 9111, 9321]",[3157],"[146, 152, 253, 398, 555, 775, 790, 938, 966, 1009, 1053, 1174, 1179, 1183, 1197, 1215, 1425, 1458, 1465, 1471, 1560, 1568, 1798, 2017, 2201, 2219, 2328, 2655, 2661, 2665, 2726, 2892, 3240, 3309, 3604, 3654, 3679, 3681, 3683, 3704, 3798, 3907, 3909, 4055, 4062, 4096, 4101, 4134, 4171, 4211, 4464, 4492, 4527, 4631, 4702, 4744, 4772, 4849, 4947, 4978, 5498, 5545, 5721, 5825, 5936, 6075, 6254, 6351, 6612, 6681, 6750, 7050, 7119, 7209, 7368, 7437, 7506, 7575, 7692, 7764, 7936, 8126, 8195, 8218, 8242, 8317, 8462, 8473, 8558, 8599, 9059, 9111, 9321]",[3157],9336,94,9242,1,93,9242,0
1.5,OCAPOAIG,"[7, 60, 242, 361, 491, 522, 553, 557, 570, 777, 855, 1060, 1139, 1152, 1159, 1167, 1216, 1225, 1239, 1248, 1275, 1359, 1389, 1467, 1524, 1760, 1798, 1916, 1921]","[553, 855]","[7, 60, 242, 361, 491, 522, 557, 570, 777, 1060, 1139, 1152, 1159, 1167, 1216, 1225, 1239, 1248, 1275, 1359, 1389, 1467, 1524, 1760, 1798, 1916, 1921]","[553, 855]",1986,29,1957,2,27,1957,0
1.5,OCTNFBETA,"[68, 202, 217, 245, 390, 577, 609, 766, 834, 1058, 1094, 1247, 1258, 1637, 1859, 1959]","[577, 766]","[68, 202, 217, 245, 390, 609, 834, 1058, 1094, 1247, 1258, 1637, 1859, 1959]","[577, 766]",1963,16,1947,2,14,1947,0
1.5,OCUTGLOB,"[42, 247, 315, 332, 407, 480, 549, 733, 852, 874, 917, 927, 932, 953, 963, 970, 974, 1180, 1279, 1336, 1566, 1576, 1589, 1642, 1708, 1736, 1765, 1819, 1821, 2016, 2050, 2057, 2091, 2144, 2158, 2162, 2173, 2281, 2297, 2346, 2469, 2501, 2566, 2572, 2588, 2680, 2700, 2788, 2914, 2984, 3077, 3155, 3172, 3357, 3424, 3496, 3634, 3653, 3816, 4176, 4265, 4295, 4315, 4330, 4333, 4404, 4529, 4642, 4651, 4872, 4882, 4900, 4912, 4936, 4961, 5000, 5062, 5072, 5138, 5142, 5207, 5230, 5317, 5496, 5831, 6129, 6183, 6396, 6557]","[3357, 5831]","[42, 247, 315, 332, 407, 480, 549, 733, 852, 874, 917, 927, 932, 953, 963, 970, 974, 1180, 1279, 1336, 1566, 1576, 1589, 1642, 1708, 1736, 1765, 1819, 1821, 2016, 2050, 2057, 2091, 2144, 2158, 2162, 2173, 2281, 2297, 2346, 2469, 2501, 2566, 2572, 2588, 2680, 2700, 2788, 2914, 2984, 3077, 3155, 3172, 3424, 3496, 3634, 3653, 3816, 4176, 4265, 4295, 4315, 4330, 4333, 4404, 4529, 4642, 4651, 4872, 4882, 4900, 4912, 4936, 4961, 5000, 5062, 5072, 5138, 5142, 5207, 5230, 5317, 5496, 6129, 6183, 6396, 6557]","[3357, 5831]",6560,89,6471,2,87,6471,0
1.5,OOGH,"[13, 36, 57, 127, 185, 200, 231, 333, 375, 436, 446, 635, 638, 740, 768, 786, 836, 849, 860, 881, 890, 914, 946, 950, 1084, 1183, 1219, 1475, 1552, 1826, 1853, 1896, 2002, 2065, 2089, 2094, 2140, 2145]","[333, 740, 1084, 1475]","[13, 36, 57, 127, 185, 200, 231, 375, 436, 446, 635, 638, 768, 786, 836, 849, 860, 881, 890, 914, 946, 950, 1183, 1219, 1552, 1826, 1853, 1896, 2002, 2065, 2089, 2094, 2140, 2145]","[333, 740, 1084, 1475]",2154,38,2116,4,34,2116,0
1.5,OPOP1,"[33, 72, 156, 249, 307, 377, 406, 546]",[249],"[33, 72, 156, 307, 377, 406, 546]",[249],616,8,608,1,7,608,0
1.5,ORAPROTP1A,"[7, 59, 163, 183, 261, 276]",[163],"[7, 59, 183, 261, 276]",[163],409,6,403,1,5,403,0
1.5,PAA1GL,"[112, 155, 160, 180, 185, 204, 399, 423, 492, 513, 588, 598, 677, 719, 752, 797, 856]","[204, 513]","[112, 155, 160, 180, 185, 399, 423, 492, 588, 598, 677, 719, 752, 797, 856]","[204, 513]",872,17,855,2,15,855,0
1.5,PAAFPG,"[214, 259, 328, 484, 632, 638, 649, 922, 932, 1067]",[214],"[259, 328, 484, 632, 638, 649, 922, 932, 1067]",[214],1087,10,1077,1,9,1077,0
1.5,PAU03674,"[93, 111, 201, 233, 287, 291, 361, 461, 595, 600, 1071, 1097, 1110, 1142, 1150, 1194, 1248, 1270, 1285, 1332, 1399, 1404, 1495, 1526, 1566, 1604, 1621, 1633, 1704, 1710, 1768, 1853, 1933, 1997, 2100, 2123, 2414, 2451, 2493, 2761, 2806, 2851, 2896, 2941, 3117, 3171, 3267, 3309, 3388, 3500, 3574, 3685, 3726, 3773, 3777, 3866, 3870, 3895, 3972, 3977, 3989, 4013, 4019, 4023, 4145, 4154, 4171, 4181, 4238, 4294, 4367, 4385, 4464, 4507, 4523, 4611, 4705, 4723, 4741, 4765, 4785, 4825, 4901, 4910, 5156, 5237, 5258, 5266]","[3171, 3574, 3773, 4013, 4294, 4611]","[93, 111, 201, 233, 287, 291, 361, 461, 595, 600, 1071, 1097, 1110, 1142, 1150, 1194, 1248, 1270, 1285, 1332, 1399, 1404, 1495, 1526, 1566, 1604, 1621, 1633, 1704, 1710, 1768, 1853, 1933, 1997, 2100, 2123, 2414, 2451, 2493, 2761, 2806, 2851, 2896, 2941, 3117, 3267, 3309, 3388, 3500, 3685, 3726, 3777, 3866, 3870, 3895, 3972, 3977, 3989, 4019, 4023, 4145, 4154, 4171, 4181, 4238, 4367, 4385, 4464, 4507, 4523, 4705, 4723, 4741, 4765, 4785, 4825, 4901, 4910, 5156, 5237, 5258, 5266]","[3171, 3574, 3773, 4013, 4294, 4611]",5437,88,5349,6,82,5349,0
1.5,PIGAPAI,"[16, 35, 62, 85, 101, 107, 191, 449, 538, 562, 731, 763, 794, 798, 1031, 1051, 1129, 1156, 1163, 1169, 1195, 1320, 1353, 1443, 1531, 1549, 1553, 1555, 1557, 1559, 1561, 1563, 1565, 1567, 1569, 1571, 1573, 1575, 1579, 1689, 1711, 1720, 1819, 1823, 1840, 1918, 1930, 1983, 2041, 2211, 2317, 2367, 2539, 2661, 2693, 2701, 2806, 2871, 2893, 2897, 2917, 3022, 3060, 3160, 3317]","[794, 1129]","[16, 35, 62, 85, 101, 107, 191, 449, 538, 562, 731, 763, 798, 1031, 1051, 1156, 1163, 1169, 1195, 1320, 1353, 1443, 1531, 1549, 1553, 1555, 1557, 1559, 1561, 1563, 1565, 1567, 1569, 1571, 1573, 1575, 1579, 1689, 1711, 1720, 1819, 1823, 1840, 1918, 1930, 1983, 2041, 2211, 2317, 2367, 2539, 2661, 2693, 2701, 2806, 2871, 2893, 2897, 2917, 3022, 3060, 3160, 3317]","[794, 1129]",3325,65,3260,2,63,3260,0
1.5,PIGAPCIII,"[27, 45, 148, 190, 353, 375, 390, 620, 682, 736, 752, 774, 867, 908, 917, 944, 948, 1079, 1091, 1141, 1318, 1321, 1413, 1432, 1443, 1448, 1502, 1679, 1694, 1711, 2020, 2025, 2027, 2031, 2035, 2039, 2083, 2295, 2303, 2423, 2513, 2597, 2639, 2654, 2740, 3036, 3044, 3098, 3142, 3196, 3226]","[1432, 1711]","[27, 45, 148, 190, 353, 375, 390, 620, 682, 736, 752, 774, 867, 908, 917, 944, 948, 1079, 1091, 1141, 1318, 1321, 1413, 1443, 1448, 1502, 1679, 1694, 2020, 2025, 2027, 2031, 2035, 2039, 2083, 2295, 2303, 2423, 2513, 2597, 2639, 2654, 2740, 3036, 3044, 3098, 3142, 3196, 3226]","[1432, 1711]",3268,51,3217,2,49,3217,0
1.5,PIGCNP,"[14, 25, 75, 126, 400, 404, 429, 466, 520, 528, 596, 672, 702, 799, 866, 894, 927, 1000, 1062, 1125, 1150, 1154, 1235, 1416, 1430, 1615, 1622, 1652, 1662, 1677, 1695, 1747, 1781, 1834, 1846, 1878]",[400],"[14, 25, 75, 126, 404, 429, 466, 520, 528, 596, 672, 702, 799, 866, 894, 927, 1000, 1062, 1125, 1150, 1154, 1235, 1416, 1430, 1615, 1622, 1652, 1662, 1677, 1695, 1747, 1781, 1834, 1846, 1878]",[400],1886,36,1850,1,35,1850,0
1.5,PIGFSB,"[22, 226, 269, 290, 300, 317, 413, 467, 495, 509, 515, 548, 589, 772, 782, 794, 856, 895, 940, 1042, 1046, 1175, 1502, 1511, 1515, 1517, 1519, 1521, 1598, 1677, 1705, 1755, 1801, 1828, 1849, 1885, 1899, 1985]","[515, 1042]","[22, 226, 269, 290, 300, 317, 413, 467, 495, 509, 548, 589, 772, 782, 794, 856, 895, 940, 1046, 1175, 1502, 1511, 1515, 1517, 1519, 1521, 1598, 1677, 1705, 1755, 1801, 1828, 1849, 1885, 1899, 1985]","[515, 1042]",2043,38,2005,2,36,2005,0
1.5,PIKEGLOBIN,"[55, 148, 189, 221, 237, 271, 453, 474, 541, 553, 588, 604, 767, 941, 1011, 1063, 1069, 1175, 1193, 1199, 1222, 1272, 1319, 1323, 1417, 1422, 1428, 1473, 1529, 1566]","[237, 588]","[55, 148, 189, 221, 271, 453, 474, 541, 553, 604, 767, 941, 1011, 1063, 1069, 1175, 1193, 1199, 1222, 1272, 1319, 1323, 1417, 1422, 1428, 1473, 1529, 1566]","[237, 588]",1701,30,1671,2,28,1671,0
1.5,PPGLTG,"[60, 111, 227, 308, 341, 373, 527, 548, 628, 662, 715, 737, 747, 792, 867, 890, 903, 907, 950]","[373, 662]","[60, 111, 227, 308, 341, 527, 548, 628, 715, 737, 747, 792, 867, 890, 903, 907, 950]","[373, 662]",1064,19,1045,2,17,1045,0
1.5,PPPROP2,"[63, 319, 446, 576, 661]",[319],"[63, 446, 576, 661]",[319],739,5,734,1,4,734,0
1.5,PPYPROP2,"[16, 48, 121, 245, 272, 530, 615]",[272],"[16, 48, 121, 245, 530, 615]",[272],688,7,681,1,6,681,0
1.5,PTAZGLO,"[79, 83, 175, 302, 360, 392, 438, 441, 516, 610, 665, 772, 804, 840, 878, 943, 965, 974, 993, 1062, 1081, 1086, 1157, 1270, 1549, 1603, 1636, 1648, 1652, 1656, 1665, 1679, 1693, 1707, 1721, 1735, 1749, 1753, 1791, 1805, 1833, 1860, 1889, 1917, 1947, 1976, 1991, 2022, 2036, 2064, 2106, 2120, 2148, 2162, 2176, 2190, 2204, 2244, 2253, 2331, 2381, 2499, 2574, 2766, 2788, 2813, 2963, 2975, 2987, 3065, 3077, 3091, 3111, 3124, 3169, 3214, 3383, 3544]","[1603, 3077]","[79, 83, 175, 302, 360, 392, 438, 441, 516, 610, 665, 772, 804, 840, 878, 943, 965, 974, 993, 1062, 1081, 1086, 1157, 1270, 1549, 1636, 1648, 1652, 1656, 1665, 1679, 1693, 1707, 1721, 1735, 1749, 1753, 1791, 1805, 1833, 1860, 1889, 1917, 1947, 1976, 1991, 2022, 2036, 2064, 2106, 2120, 2148, 2162, 2176, 2190, 2204, 2244, 2253, 2331, 2381, 2499, 2574, 2766, 2788, 2813, 2963, 2975, 2987, 3065, 3091, 3111, 3124, 3169, 3214, 3383, 3544]","[1603, 3077]",3609,78,3531,2,76,3531,0
1.5,PTGGGLOG,"[152, 162, 200, 210, 262, 410, 431, 510, 545, 641, 671, 712, 821, 891, 942, 1064, 1076, 1119, 1126, 1128, 1130, 1132, 1134, 1136, 1138, 1140, 1142, 1144, 1146, 1148, 1150, 1152, 1154, 1156, 1158, 1160, 1162, 1164, 1174, 1255, 1358, 1456, 1501, 1525, 1726, 1730, 1803]","[200, 545]","[152, 162, 210, 262, 410, 431, 510, 641, 671, 712, 821, 891, 942, 1064, 1076, 1119, 1126, 1128, 1130, 1132, 1134, 1136, 1138, 1140, 1142, 1144, 1146, 1148, 1150, 1152, 1154, 1156, 1158, 1160, 1162, 1164, 1174, 1255, 1358, 1456, 1501, 1525, 1726, 1730, 1803]","[200, 545]",1814,47,1767,2,45,1767,0
1.5,PTPPINS,"[206, 255, 627, 688, 728, 742, 799, 933, 1028, 1049, 1054, 1134, 1140, 1256, 1312, 1348, 1410, 1519, 1524, 1572, 1617, 1652, 1762, 1778, 1843, 1927, 1957, 1985, 1994, 2010, 2027, 2031, 2073, 2095, 2192, 2201, 2223, 2274, 2292, 2379, 2425, 2459, 2469]",[1410],"[206, 255, 627, 688, 728, 742, 799, 933, 1028, 1049, 1054, 1134, 1140, 1256, 1312, 1348, 1519, 1524, 1572, 1617, 1652, 1762, 1778, 1843, 1927, 1957, 1985, 1994, 2010, 2027, 2031, 2073, 2095, 2192, 2201, 2223, 2274, 2292, 2379, 2425, 2459, 2469]",[1410],2475,43,2432,1,42,2432,0
1.5,PTPROP2,"[74, 330, 588, 673]",[330],"[74, 588, 673]",[330],750,4,746,1,3,746,0
1.5,PVU11715,"[199, 238, 240, 250, 288, 396, 498, 519, 586, 633, 767, 808, 1021, 1091, 1202, 1258, 1272, 1340, 1344, 1368, 1504, 1549, 1605, 1643, 1716]","[288, 633]","[199, 238, 240, 250, 396, 498, 519, 586, 767, 808, 1021, 1091, 1202, 1258, 1272, 1340, 1344, 1368, 1504, 1549, 1605, 1643, 1716]","[288, 633]",1781,25,1756,2,23,1756,0
1.5,QULNFLW,"[5, 15, 97, 113, 145, 260, 396, 474, 648, 762, 766, 809, 828, 867, 961, 1199, 1205, 1222, 1338, 1413, 1491, 1504, 1548, 1630, 1667, 1797, 1804, 1975, 2088, 2169, 2227, 2301, 2364, 2405, 2417, 2425, 2435, 2461, 2517, 2544, 2703, 2752, 2897, 2972, 3068, 3116, 3290, 3329, 3422, 3475, 3479, 3525, 3541, 3561, 3662, 3720, 3794, 3900, 4139, 4170, 4360, 4443, 4448, 4457, 4587, 4618, 4656, 4817, 4973, 4978, 5097, 5192, 5240, 5368, 5399, 5413, 5467, 5500, 5612, 5691, 5751, 5849, 5873, 5894, 5921, 5972, 6211, 6264, 6351, 6504, 6672, 6685, 6689, 6802, 6808, 6856, 6890, 7045, 7198, 7255, 7285, 7385, 7389, 7413, 7466, 7540, 7664, 7905]","[3794, 4656, 5921]","[5, 15, 97, 113, 145, 260, 396, 474, 648, 762, 766, 809, 828, 867, 961, 1199, 1205, 1222, 1338, 1413, 1491, 1504, 1548, 1630, 1667, 1797, 1804, 1975, 2088, 2169, 2227, 2301, 2364, 2405, 2417, 2425, 2435, 2461, 2517, 2544, 2703, 2752, 2897, 2972, 3068, 3116, 3290, 3329, 3422, 3475, 3479, 3525, 3541, 3561, 3662, 3720, 3900, 4139, 4170, 4360, 4443, 4448, 4457, 4587, 4618, 4817, 4973, 4978, 5097, 5192, 5240, 5368, 5399, 5413, 5467, 5500, 5612, 5691, 5751, 5849, 5873, 5894, 5972, 6211, 6264, 6351, 6504, 6672, 6685, 6689, 6802, 6808, 6856, 6890, 7045, 7198, 7255, 7285, 7385, 7389, 7413, 7466, 7540, 7664, 7905]","[3794, 4656, 5921]",7925,108,7817,3,105,7817,0
1.5,QULTROPIA,"[19, 63, 67, 240, 306, 310, 410, 469, 542, 591, 678, 689, 694, 717, 748, 929, 1006, 1142, 1306, 1449, 1491, 1505, 1571, 1675, 1778, 1858, 1894, 1985, 1998, 2156, 2186, 2210, 2352, 2360, 2443, 2466, 2582, 2585, 2666, 2692, 2707, 2821, 2858, 2885, 2899, 3004, 3033, 3149, 3158, 3176, 3236, 3437, 3632, 3638, 3699, 3863, 4007, 4020, 4047, 4052, 4225, 4229, 4336, 4419, 4506, 4544, 4565, 4588, 4613, 4672, 4677, 4681, 4823, 4891, 4981, 4993, 5005]","[2186, 2360, 3004, 3437, 4047, 4336]","[19, 63, 67, 240, 306, 310, 410, 469, 542, 591, 678, 689, 694, 717, 748, 929, 1006, 1142, 1306, 1449, 1491, 1505, 1571, 1675, 1778, 1858, 1894, 1985, 1998, 2156, 2210, 2352, 2443, 2466, 2582, 2585, 2666, 2692, 2707, 2821, 2858, 2885, 2899, 3033, 3149, 3158, 3176, 3236, 3632, 3638, 3699, 3863, 4007, 4020, 4052, 4225, 4229, 4419, 4506, 4544, 4565, 4588, 4613, 4672, 4677, 4681, 4823, 4891, 4981, 4993, 5005]","[2186, 2360, 3004, 3437, 4047, 4336]",4956,77,4879,6,71,4879,0
1.5,RABCRP,"[40, 64, 309, 366, 397, 402, 416, 509, 513, 515, 517, 519, 521, 523, 525, 527, 529, 531, 533, 535, 537, 551, 579, 781, 785, 870, 972, 990, 1098, 1116, 1124, 1171, 1221, 1228, 1239, 1286]",[397],"[40, 64, 309, 366, 402, 416, 509, 513, 515, 517, 519, 521, 523, 525, 527, 529, 531, 533, 535, 537, 551, 579, 781, 785, 870, 972, 990, 1098, 1116, 1124, 1171, 1221, 1228, 1239, 1286]",[397],1430,36,1394,1,35,1394,0
1.5,RABDNP3AA,"[40, 142, 288, 370, 596, 654, 659, 684, 742, 816, 906, 924, 970, 995, 1030, 1061, 1286, 1304, 1766, 1865, 1974, 2056, 2094, 2156, 2182, 2234, 2270, 2285, 2320, 2435, 2483, 2499, 2503, 2515, 2531, 2540, 2581, 2696, 2793, 2821]",[2156],"[40, 142, 288, 370, 596, 654, 659, 684, 742, 816, 906, 924, 970, 995, 1030, 1061, 1286, 1304, 1766, 1865, 1974, 2056, 2094, 2182, 2234, 2270, 2285, 2320, 2435, 2483, 2499, 2503, 2515, 2531, 2540, 2581, 2696, 2793, 2821]",[2156],3082,40,3042,1,39,3042,0
1.5,RABSURFA,"[378, 398, 471, 503, 530, 591, 636, 679, 780, 795, 810, 877, 928, 1038, 1060, 1175, 1255, 1336, 1346, 1431, 1539, 1601, 1612, 1642, 1823, 2072, 2209, 2213, 2320, 2336, 2356, 2383, 2385, 2409, 2418, 2556, 2569, 2926, 2947, 3100, 3132, 3199, 3239, 3281, 3290, 3423, 3433, 3443, 3447, 3451, 3455, 3505, 3550, 3555, 3577, 3704, 3801, 3805, 3917, 4033, 4080, 4166, 4177, 4188, 4283, 4307, 4361, 4370, 4391, 4531, 4577, 4584, 4636, 4661, 4769, 4834, 4857, 4959, 4987, 5088, 5215, 5394, 5440, 5562, 5594, 5622, 5638, 5694, 5704, 5778, 5795, 5815, 5882, 5899, 5994, 6219, 6243, 6292, 6359, 6482, 6529, 6534, 6659, 6793, 6939, 7031, 7041, 7066, 7144, 7172, 7194, 7268, 7293, 7307, 7344, 7419, 7445, 7450, 7760, 7804, 7977]","[4033, 4361, 5088]","[378, 398, 471, 503, 530, 591, 636, 679, 780, 795, 810, 877, 928, 1038, 1060, 1175, 1255, 1336, 1346, 1431, 1539, 1601, 1612, 1642, 1823, 2072, 2209, 2213, 2320, 2336, 2356, 2383, 2385, 2409, 2418, 2556, 2569, 2926, 2947, 3100, 3132, 3199, 3239, 3281, 3290, 3423, 3433, 3443, 3447, 3451, 3455, 3505, 3550, 3555, 3577, 3704, 3801, 3805, 3917, 4080, 4166, 4177, 4188, 4283, 4307, 4370, 4391, 4531, 4577, 4584, 4636, 4661, 4769, 4834, 4857, 4959, 4987, 5215, 5394, 5440, 5562, 5594, 5622, 5638, 5694, 5704, 5778, 5795, 5815, 5882, 5899, 5994, 6219, 6243, 6292, 6359, 6482, 6529, 6534, 6659, 6793, 6939, 7031, 7041, 7066, 7144, 7172, 7194, 7268, 7293, 7307, 7344, 7419, 7445, 7450, 7760, 7804, 7977]","[4033, 4361, 5088]",8089,121,7968,3,118,7968,0
1.5,RABTNF,"[166, 218, 252, 261, 349, 418, 503, 600, 678, 827, 851, 855, 957, 1025, 1077, 1095, 1261, 1355, 1481, 1559, 1563, 1652, 1682, 1728, 1761, 1778, 1792, 1798, 1895, 1948, 1965, 1997, 2068, 2139, 2183, 2217, 2268, 2434, 2548, 2559, 2565, 2719, 2803, 2812, 2844, 2964, 3019, 3034]","[851, 1355, 1563]","[166, 218, 252, 261, 349, 418, 503, 600, 678, 827, 855, 957, 1025, 1077, 1095, 1261, 1481, 1559, 1652, 1682, 1728, 1761, 1778, 1792, 1798, 1895, 1948, 1965, 1997, 2068, 2139, 2183, 2217, 2268, 2434, 2548, 2559, 2565, 2719, 2803, 2812, 2844, 2964, 3019, 3034]","[851, 1355, 1563]",3192,48,3144,3,45,3144,0
1.5,RATCYC,"[28, 70, 116, 250, 270, 362, 452, 456, 572, 631, 636, 780, 833, 921, 1056, 1063, 1067, 1103, 1115, 1122, 1168, 1205, 1267, 1333, 1400, 1434, 1438, 1490, 1755, 1903, 1976, 1978, 2223, 2298, 2350, 2422]",[1333],"[28, 70, 116, 250, 270, 362, 452, 456, 572, 631, 636, 780, 833, 921, 1056, 1063, 1067, 1103, 1115, 1122, 1168, 1205, 1267, 1400, 1434, 1438, 1490, 1755, 1903, 1976, 1978, 2223, 2298, 2350, 2422]",[1333],2520,36,2484,1,35,2484,0
1.5,RATCYSS,"[81, 119, 133, 356, 366, 370, 445, 518, 628, 641, 671, 956, 985, 1006, 1119, 1174, 1205, 1217, 1221, 1268, 1427, 1630, 1652, 1668, 1686, 1927, 1950, 1964, 2500, 2530, 2667, 2849, 3397, 3684, 3804, 3851, 3865, 3889, 3942, 3979, 4026, 4063, 4083, 4108, 4152, 4154, 4156, 4158, 4160, 4162, 4164, 4166, 4168, 4176, 4178, 4180, 4182, 4184, 4186, 4188, 4200, 4214, 4277, 4283, 4287, 4385, 4587, 4597, 4690, 4714, 4759, 4794, 4811, 4869, 5112, 5353, 5453, 5458, 5488, 5509, 5524]","[1006, 4026]","[81, 119, 133, 356, 366, 370, 445, 518, 628, 641, 671, 956, 985, 1119, 1174, 1205, 1217, 1221, 1268, 1427, 1630, 1652, 1668, 1686, 1927, 1950, 1964, 2500, 2530, 2667, 2849, 3397, 3684, 3804, 3851, 3865, 3889, 3942, 3979, 4063, 4083, 4108, 4152, 4154, 4156, 4158, 4160, 4162, 4164, 4166, 4168, 4176, 4178, 4180, 4182, 4184, 4186, 4188, 4200, 4214, 4277, 4283, 4287, 4385, 4587, 4597, 4690, 4714, 4759, 4794, 4811, 4869, 5112, 5353, 5453, 5458, 5488, 5509, 5524]","[1006, 4026]",5555,81,5474,2,79,5474,0
1.5,RATDCCOVB,"[13, 98, 211, 406, 549, 788, 880, 936, 1125, 1251, 1396, 1493, 1545, 1559, 1599, 1683, 1713, 1730, 1734, 1943, 1951, 2188, 2267, 2271, 2283, 2292, 2317, 2321, 2341, 2416, 2471, 2478, 2625, 2649, 2740, 2864, 3126, 3242, 3294, 3409, 3453, 3455, 3489, 3498, 3533, 3558, 3699, 3716, 3739, 3782, 3867, 3871, 3923, 4075, 4313, 4349, 4487, 4603, 4650, 4701, 4709, 4730, 4757, 4815, 5096, 5129, 5175, 5283]","[2267, 2864, 3126]","[13, 98, 211, 406, 549, 788, 880, 936, 1125, 1251, 1396, 1493, 1545, 1559, 1599, 1683, 1713, 1730, 1734, 1943, 1951, 2188, 2271, 2283, 2292, 2317, 2321, 2341, 2416, 2471, 2478, 2625, 2649, 2740, 3242, 3294, 3409, 3453, 3455, 3489, 3498, 3533, 3558, 3699, 3716, 3739, 3782, 3867, 3871, 3923, 4075, 4313, 4349, 4487, 4603, 4650, 4701, 4709, 4730, 4757, 4815, 5096, 5129, 5175, 5283]","[2267, 2864, 3126]",5323,68,5255,3,65,5255,0
1.5,RATGRG,"[68, 83, 122, 142, 204, 286, 331, 441, 446, 538, 658, 719, 804, 812, 824, 848, 911, 969, 1188, 1211, 1268, 1280, 1291, 1302, 1397, 1415, 1494, 1508, 1536, 1554, 1622, 1634, 1696, 1732, 1763, 1918, 1934, 1942, 1974, 2030, 2065, 2099, 2106, 2116, 2187, 2191, 2230, 2319, 2323, 2338, 2367, 2392, 2435, 2471, 2525, 2546, 2590, 2616, 2740, 2852, 2994, 3038, 3290, 3294, 3390, 3447, 3454, 3475, 3552, 3556, 3560, 3591, 3706, 3715, 3751, 3763]","[83, 286, 1291, 1494, 1696, 1942, 2187, 2319, 2616, 2994, 3290]","[68, 122, 142, 204, 331, 441, 446, 538, 658, 719, 804, 812, 824, 848, 911, 969, 1188, 1211, 1268, 1280, 1302, 1397, 1415, 1508, 1536, 1554, 1622, 1634, 1732, 1763, 1918, 1934, 1974, 2030, 2065, 2099, 2106, 2116, 2191, 2230, 2323, 2338, 2367, 2392, 2435, 2471, 2525, 2546, 2590, 2740, 2852, 3038, 3294, 3390, 3447, 3454, 3475, 3552, 3556, 3560, 3591, 3706, 3715, 3751, 3763]","[83, 286, 1291, 1494, 1696, 1942, 2187, 2319, 2616, 2994, 3290]",3880,76,3804,11,65,3804,0
1.5,RATGROS,"[79, 107, 236, 298, 397, 401, 406, 496, 519, 589, 621, 631, 746, 774, 800, 1178, 1196, 1219, 1250, 1293, 1349, 1390, 1431, 1482, 1587, 1777, 1820, 1912, 2001, 2072, 2131, 2143, 2159, 2381]","[1178, 1390, 1587]","[79, 107, 236, 298, 397, 401, 406, 496, 519, 589, 621, 631, 746, 774, 800, 1196, 1219, 1250, 1293, 1349, 1431, 1482, 1777, 1820, 1912, 2001, 2072, 2131, 2143, 2159, 2381]","[1178, 1390, 1587]",2488,34,2454,3,31,2454,0
1.5,RATGSTY,"[102, 469, 493, 525, 543, 654, 659, 663, 718, 722, 724, 728, 734, 736, 738, 740, 742, 744, 746, 748, 750, 752, 754, 756, 758, 762, 814, 853, 884, 996, 1137, 1142, 1310, 1326, 1495, 1499, 1515, 1558, 1616, 1626, 1647, 1862, 1883, 1918, 1933, 1937, 1959, 2027, 2060, 2086, 2134, 2230, 2340, 2416, 2494, 2499, 2606, 2622, 2830, 2890, 2896, 3003, 3022, 3101, 3180, 3194, 3201, 3225, 3327, 3376, 3432, 3534, 3541, 3576, 3804, 3819, 3854, 3958, 3979, 4000, 4115, 4123, 4127, 4168, 4269, 4327, 4342, 4360, 4371, 4468, 4600, 4646, 4691, 4756, 4772, 4777, 4804, 4914, 5009, 5028, 5032, 5060, 5205, 5214, 5376, 5505, 5770, 5796, 5813, 5926, 5995, 6002, 6195, 6227, 6279]","[659, 996, 1495, 1862, 2060, 3180, 3376]","[102, 469, 493, 525, 543, 654, 663, 718, 722, 724, 728, 734, 736, 738, 740, 742, 744, 746, 748, 750, 752, 754, 756, 758, 762, 814, 853, 884, 1137, 1142, 1310, 1326, 1499, 1515, 1558, 1616, 1626, 1647, 1883, 1918, 1933, 1937, 1959, 2027, 2086, 2134, 2230, 2340, 2416, 2494, 2499, 2606, 2622, 2830, 2890, 2896, 3003, 3022, 3101, 3194, 3201, 3225, 3327, 3432, 3534, 3541, 3576, 3804, 3819, 3854, 3958, 3979, 4000, 4115, 4123, 4127, 4168, 4269, 4327, 4342, 4360, 4371, 4468, 4600, 4646, 4691, 4756, 4772, 4777, 4804, 4914, 5009, 5028, 5032, 5060, 5205, 5214, 5376, 5505, 5770, 5796, 5813, 5926, 5995, 6002, 6195, 6227, 6279]","[659, 996, 1495, 1862, 2060, 3180, 3376]",6286,115,6171,7,108,6171,0
1.5,RATIGFBA,"[53, 210, 361, 373, 412, 526, 571, 586, 704, 823, 850, 854, 859, 883, 964, 1002, 1035, 1097, 1152, 1238, 1242, 1381, 1400, 1448, 1450, 1455, 1528, 1703, 1731, 1782, 1788, 1833, 1948, 2034, 2082, 2186, 2203, 2240, 2319, 2385, 2396, 2617, 2645, 3002, 3105, 3214, 3262, 3303, 3312, 3331, 3379, 3450, 3465, 3469, 3496, 3515, 3613, 3619, 3674, 3819, 3828, 3873, 3924, 4000, 4088, 4127, 4362, 4366, 4459, 4512, 4535, 4546, 4560, 4578, 4620, 4658, 4824, 4858]","[526, 2034, 3002]","[53, 210, 361, 373, 412, 571, 586, 704, 823, 850, 854, 859, 883, 964, 1002, 1035, 1097, 1152, 1238, 1242, 1381, 1400, 1448, 1450, 1455, 1528, 1703, 1731, 1782, 1788, 1833, 1948, 2082, 2186, 2203, 2240, 2319, 2385, 2396, 2617, 2645, 3105, 3214, 3262, 3303, 3312, 3331, 3379, 3450, 3465, 3469, 3496, 3515, 3613, 3619, 3674, 3819, 3828, 3873, 3924, 4000, 4088, 4127, 4362, 4366, 4459, 4512, 4535, 4546, 4560, 4578, 4620, 4658, 4824, 4858]","[526, 2034, 3002]",4992,78,4914,3,75,4914,0
1.5,RATJE,"[190, 236, 248, 256, 387, 417, 485, 536, 682, 1175, 1191, 1299, 1456, 1550, 1557, 1612, 1619, 1816, 1968, 1989, 2220, 2281, 2389, 2417, 2483, 2558, 2565, 2595, 2708, 2734, 2751, 2777, 2986]","[1191, 1989]","[190, 236, 248, 256, 387, 417, 485, 536, 682, 1175, 1299, 1456, 1550, 1557, 1612, 1619, 1816, 1968, 2220, 2281, 2389, 2417, 2483, 2558, 2565, 2595, 2708, 2734, 2751, 2777, 2986]","[1191, 1989]",3097,33,3064,2,31,3064,0
1.5,RATKALA,"[20, 137, 210, 225, 247, 275, 435, 476, 618, 772, 825, 847, 945, 992, 1001, 1027, 1062, 1134, 1275, 1296, 1553, 1797, 1866, 2147, 2404, 2559, 2657, 3167, 3253, 3282, 3286, 3343, 3391, 3650, 3667, 3672, 3674, 3753, 3770, 3775, 3783, 3806, 3850, 3977, 3999, 4001, 4003, 4005, 4007, 4009, 4019, 4021, 4023, 4027, 4031, 4043, 4047, 4051, 4061, 4067, 4199, 4256, 4388, 4424, 4458, 4476, 4504, 4506, 4594, 4652, 4709, 4729, 4734, 4821, 4826, 4856, 4915, 5070, 5094, 5100, 5334, 5376, 5381, 5433, 5689, 5693, 5807, 5818, 5842, 5928, 6007, 6026, 6082, 6132, 6206]","[1275, 3282, 4476, 4709]","[20, 137, 210, 225, 247, 275, 435, 476, 618, 772, 825, 847, 945, 992, 1001, 1027, 1062, 1134, 1296, 1553, 1797, 1866, 2147, 2404, 2559, 2657, 3167, 3253, 3286, 3343, 3391, 3650, 3667, 3672, 3674, 3753, 3770, 3775, 3783, 3806, 3850, 3977, 3999, 4001, 4003, 4005, 4007, 4009, 4019, 4021, 4023, 4027, 4031, 4043, 4047, 4051, 4061, 4067, 4199, 4256, 4388, 4424, 4458, 4504, 4506, 4594, 4652, 4729, 4734, 4821, 4826, 4856, 4915, 5070, 5094, 5100, 5334, 5376, 5381, 5433, 5689, 5693, 5807, 5818, 5842, 5928, 6007, 6026, 6082, 6132, 6206]","[1275, 3282, 4476, 4709]",6249,95,6154,4,91,6154,0
1.5,RATLHB,"[81, 158, 179, 215, 217, 225, 503, 591, 621, 763, 775, 784, 793, 817, 825, 837, 934, 959, 1028, 1093, 1098, 1230, 1247, 1293, 1343, 1359, 1390, 1455, 1461, 1510, 1600, 1630, 1660, 1737]","[817, 1230]","[81, 158, 179, 215, 217, 225, 503, 591, 621, 763, 775, 784, 793, 825, 837, 934, 959, 1028, 1093, 1098, 1247, 1293, 1343, 1359, 1390, 1455, 1461, 1510, 1600, 1630, 1660, 1737]","[817, 1230]",1790,34,1756,2,32,1756,0
1.5,RATLITHOST,"[80, 109, 162, 171, 199, 280, 360, 397, 645, 736, 992, 1009, 1023, 1063, 1071, 1136, 1205, 1250, 1317, 1319, 1321, 1348, 1357, 1369, 1371, 1373, 1375, 1377, 1379, 1381, 1383, 1385, 1387, 1389, 1391, 1393, 1395, 1397, 1399, 1401, 1403, 1405, 1482, 1946, 1971, 2013, 2082, 2315, 2464, 2496, 2525, 2847, 2945, 3117, 3142, 3247, 3260, 3471, 3475, 3479, 3489, 3596, 3855, 3902, 3906, 3942, 3959, 4022, 4038, 4095, 4150, 4229, 4251, 4302, 4341, 4373, 4424, 4455, 4562, 4599, 4652, 4715, 4738, 4832, 4962, 5038, 5058, 5147, 5216, 5281, 5317, 5343, 5397]","[2847, 3471, 3902, 4652]","[80, 109, 162, 171, 199, 280, 360, 397, 645, 736, 992, 1009, 1023, 1063, 1071, 1136, 1205, 1250, 1317, 1319, 1321, 1348, 1357, 1369, 1371, 1373, 1375, 1377, 1379, 1381, 1383, 1385, 1387, 1389, 1391, 1393, 1395, 1397, 1399, 1401, 1403, 1405, 1482, 1946, 1971, 2013, 2082, 2315, 2464, 2496, 2525, 2945, 3117, 3142, 3247, 3260, 3475, 3479, 3489, 3596, 3855, 3906, 3942, 3959, 4022, 4038, 4095, 4150, 4229, 4251, 4302, 4341, 4373, 4424, 4455, 4562, 4599, 4715, 4738, 4832, 4962, 5038, 5058, 5147, 5216, 5281, 5317, 5343, 5397]","[2847, 3471, 3902, 4652]",5399,93,5306,4,89,5306,0
1.5,RATLYSOZYM,"[38, 49, 60, 316, 342, 357, 363, 926, 936, 960, 1162, 1322, 1495, 1561, 1622, 1675, 1736, 1788, 1914, 1941, 2210, 2216, 2220, 2303, 2550, 2574, 2582, 2743, 2750, 2752, 2765, 3030, 3092, 3237, 3255, 3556, 3588, 3620, 3639, 3743, 3750, 3999, 4018, 4049, 4059, 4136, 4186, 4310, 4355, 4367, 4434, 4446, 4450, 4497, 4558, 4588, 4643, 4784, 4873, 4897, 4907, 5131, 5145, 5174, 5200, 5245, 5339, 5370, 5443, 5469, 5551, 5572, 5576, 5691, 5742, 5760, 5851, 5931, 5953, 6021, 6042, 6164, 6174, 6270, 6402, 6404, 6474, 6482, 6518, 6523, 6539, 6720]","[1561, 3255, 5174]","[38, 49, 60, 316, 342, 357, 363, 926, 936, 960, 1162, 1322, 1495, 1622, 1675, 1736, 1788, 1914, 1941, 2210, 2216, 2220, 2303, 2550, 2574, 2582, 2743, 2750, 2752, 2765, 3030, 3092, 3237, 3556, 3588, 3620, 3639, 3743, 3750, 3999, 4018, 4049, 4059, 4136, 4186, 4310, 4355, 4367, 4434, 4446, 4450, 4497, 4558, 4588, 4643, 4784, 4873, 4897, 4907, 5131, 5145, 5200, 5245, 5339, 5370, 5443, 5469, 5551, 5572, 5576, 5691, 5742, 5760, 5851, 5931, 5953, 6021, 6042, 6164, 6174, 6270, 6402, 6404, 6474, 6482, 6518, 6523, 6539, 6720]","[1561, 3255, 5174]",6732,92,6640,3,89,6640,0
1.5,RATLYSZYM,"[6, 77, 113, 195, 197, 278, 306, 319, 323, 508, 574, 635, 688, 749, 801, 927, 1007, 1044, 1082, 1099, 1108, 1135, 1256, 1310, 1346, 1378, 1392, 1400, 1488, 1667, 1671, 1683, 1685, 1687, 1689, 1691, 1693, 1695, 1697, 1699, 1701, 1703, 1705, 1707, 1709, 1711, 1713, 1715, 1761, 1825, 2073, 2090, 2101, 2395, 2558, 2606, 2660, 2676, 2718, 2912, 2937, 3256, 3260, 3437, 3451, 3484, 3505, 3689, 3746, 3822, 3830, 3840, 3924, 4061, 4086, 4131, 4149, 4272, 4290, 4592, 4624, 4656, 4675, 4780, 4787, 5036, 5055, 5074, 5105, 5115, 5192, 5242, 5366, 5411, 5423, 5490, 5502, 5506, 5553, 5614, 5644, 5699, 5840, 5929, 5953, 5963, 6187, 6201, 6230, 6256, 6301, 6395, 6426, 6499, 6525, 6607, 6628, 6632, 6746, 6797, 6815, 6906, 7008, 7076, 7097, 7219, 7229, 7325, 7459, 7461, 7531, 7539, 7575, 7580, 7596, 7777, 7905, 7913, 7917, 7926]","[574, 4290, 6230]","[6, 77, 113, 195, 197, 278, 306, 319, 323, 508, 635, 688, 749, 801, 927, 1007, 1044, 1082, 1099, 1108, 1135, 1256, 1310, 1346, 1378, 1392, 1400, 1488, 1667, 1671, 1683, 1685, 1687, 1689, 1691, 1693, 1695, 1697, 1699, 1701, 1703, 1705, 1707, 1709, 1711, 1713, 1715, 1761, 1825, 2073, 2090, 2101, 2395, 2558, 2606, 2660, 2676, 2718, 2912, 2937, 3256, 3260, 3437, 3451, 3484, 3505, 3689, 3746, 3822, 3830, 3840, 3924, 4061, 4086, 4131, 4149, 4272, 4592, 4624, 4656, 4675, 4780, 4787, 5036, 5055, 5074, 5105, 5115, 5192, 5242, 5366, 5411, 5423, 5490, 5502, 5506, 5553, 5614, 5644, 5699, 5840, 5929, 5953, 5963, 6187, 6201, 6256, 6301, 6395, 6426, 6499, 6525, 6607, 6628, 6632, 6746, 6797, 6815, 6906, 7008, 7076, 7097, 7219, 7229, 7325, 7459, 7461, 7531, 7539, 7575, 7580, 7596, 7777, 7905, 7913, 7917, 7926]","[574, 4290, 6230]",7943,140,7803,3,137,7803,0
1.5,RATOSCAL,"[54, 79, 126, 139, 146, 177, 261, 319, 641, 763, 846, 852, 876, 888, 1072, 1108, 1192, 1239, 1340, 1373, 1540, 1545, 1548, 1586, 1590, 1633, 1710, 1719, 1721, 1736, 1828, 1832, 2008, 2054, 2065, 2085]","[1192, 1373, 1586]","[54, 79, 126, 139, 146, 177, 261, 319, 641, 763, 846, 852, 876, 888, 1072, 1108, 1239, 1340, 1540, 1545, 1548, 1590, 1633, 1710, 1719, 1721, 1736, 1828, 1832, 2008, 2054, 2065, 2085]","[1192, 1373, 1586]",2119,36,2083,3,33,2083,0
1.5,RATPAP,"[15, 42, 267, 389, 419, 482, 624, 628, 633, 662, 863, 921, 1015, 1048, 1076, 1308, 1342, 1456, 1531, 1641, 1648, 1737, 1795, 1806, 1810, 1856, 1960, 2295, 2427, 2604, 2803, 2832, 3023, 3048, 3090, 3103, 3179, 3197, 3305, 3372, 3423, 3432, 3486, 3570, 3715, 3725, 3863, 3993, 4006, 4077, 4105, 4150, 4152, 4240, 4245, 4544, 4629, 4685, 4704, 4844]","[1308, 1648, 2295, 2604, 3305]","[15, 42, 267, 389, 419, 482, 624, 628, 633, 662, 863, 921, 1015, 1048, 1076, 1342, 1456, 1531, 1641, 1737, 1795, 1806, 1810, 1856, 1960, 2427, 2803, 2832, 3023, 3048, 3090, 3103, 3179, 3197, 3372, 3423, 3432, 3486, 3570, 3715, 3725, 3863, 3993, 4006, 4077, 4105, 4150, 4152, 4240, 4245, 4544, 4629, 4685, 4704, 4844]","[1308, 1648, 2295, 2604, 3305]",4863,60,4803,5,55,4803,0
1.5,RATPAPIIB,"[27, 115, 333, 394, 462, 474, 538, 557, 572, 620, 660, 912, 1088, 1110, 1129, 1386, 1412, 1459, 1597, 1624, 1785, 1873, 1916, 2043, 2291, 2298, 2332, 2383, 2463, 2486, 2532, 2542, 2550, 2693, 2701, 2705, 2745, 2751, 2898, 3021, 3140, 3154, 3189, 3231, 3236, 3261, 3387, 3413, 3425, 3473, 3573, 3577, 3587, 3729, 3813, 3817, 3834, 3930, 3999, 4025, 4077, 4107, 4206, 4297, 4306, 4327, 4356, 4373, 4443, 4449, 4476, 4567, 4688]","[2298, 3140, 3473, 4107]","[27, 115, 333, 394, 462, 474, 538, 557, 572, 620, 660, 912, 1088, 1110, 1129, 1386, 1412, 1459, 1597, 1624, 1785, 1873, 1916, 2043, 2291, 2332, 2383, 2463, 2486, 2532, 2542, 2550, 2693, 2701, 2705, 2745, 2751, 2898, 3021, 3154, 3189, 3231, 3236, 3261, 3387, 3413, 3425, 3573, 3577, 3587, 3729, 3813, 3817, 3834, 3930, 3999, 4025, 4077, 4206, 4297, 4306, 4327, 4356, 4373, 4443, 4449, 4476, 4567, 4688]","[2298, 3140, 3473, 4107]",4717,73,4644,4,69,4644,0
1.5,RATPPP,"[118, 130, 132, 306, 378, 487, 575, 661, 740, 863, 903, 1084, 1198, 1249, 1327, 1406, 1441, 1497, 1538, 1542, 1586, 1893, 1983, 2002, 2146, 2174, 2261, 2271, 2275, 2277, 2279, 2281, 2283, 2285, 2287, 2289, 2291, 2293, 2295, 2297, 2299, 2301, 2303, 2305, 2307, 2309, 2311, 2313, 2315, 2317, 2321, 2411, 2451, 2521, 2563, 2710, 2718, 2794, 2796, 2798, 2800, 2802, 2804, 2806, 2808, 2810, 2812, 2814, 2816, 2853, 2857, 2877, 2879, 2881, 2883, 2885, 2887, 2889, 2891, 2893, 2895, 2897, 2899, 2927, 2950, 2986, 2990, 3065, 3069, 3157, 3270, 3347, 3393, 3480, 3500, 3566, 3568, 3570, 3572, 3574, 3576, 3578, 3580, 3582, 3584, 3586, 3588, 3590, 3592, 3594, 3596, 3598, 3600, 3602, 3728, 3732, 3737, 3741, 3765, 3771, 3872, 3893, 3982, 3991, 4133, 4145, 4149, 4318, 4400, 4464, 4498, 4519]",[2261],"[118, 130, 132, 306, 378, 487, 575, 661, 740, 863, 903, 1084, 1198, 1249, 1327, 1406, 1441, 1497, 1538, 1542, 1586, 1893, 1983, 2002, 2146, 2174, 2271, 2275, 2277, 2279, 2281, 2283, 2285, 2287, 2289, 2291, 2293, 2295, 2297, 2299, 2301, 2303, 2305, 2307, 2309, 2311, 2313, 2315, 2317, 2321, 2411, 2451, 2521, 2563, 2710, 2718, 2794, 2796, 2798, 2800, 2802, 2804, 2806, 2808, 2810, 2812, 2814, 2816, 2853, 2857, 2877, 2879, 2881, 2883, 2885, 2887, 2889, 2891, 2893, 2895, 2897, 2899, 2927, 2950, 2986, 2990, 3065, 3069, 3157, 3270, 3347, 3393, 3480, 3500, 3566, 3568, 3570, 3572, 3574, 3576, 3578, 3580, 3582, 3584, 3586, 3588, 3590, 3592, 3594, 3596, 3598, 3600, 3602, 3728, 3732, 3737, 3741, 3765, 3771, 3872, 3893, 3982, 3991, 4133, 4145, 4149, 4318, 4400, 4464, 4498, 4519]",[2261],4534,132,4402,1,131,4402,0
1.5,RATPTBZR02,"[118, 120, 122, 188, 224, 326, 340, 380, 388, 390, 392, 394, 396, 398, 412, 414, 416, 418, 420, 422, 424, 426, 428, 430, 432, 434, 436, 438, 440, 442, 444, 446, 448, 450, 452, 454, 456, 458, 537, 559, 610, 644, 663, 669, 673, 677, 727, 775, 871, 892, 898, 909, 1028, 1038, 1051, 1139, 1148, 1163, 1199, 1206, 1222, 1306, 1319, 1323, 1434, 1463, 1535, 1602, 1828, 1877, 1927, 2004, 2046, 2066, 2070, 2078, 2123, 2145, 2159, 2162, 2200, 2209, 2214, 2251, 2295, 2301, 2365, 2371, 2375, 2432, 2509, 2598, 2719, 2946, 2950, 2988, 3063, 3082, 3110, 3232, 3242, 3245]","[1306, 2066]","[118, 120, 122, 188, 224, 326, 340, 380, 388, 390, 392, 394, 396, 398, 412, 414, 416, 418, 420, 422, 424, 426, 428, 430, 432, 434, 436, 438, 440, 442, 444, 446, 448, 450, 452, 454, 456, 458, 537, 559, 610, 644, 663, 669, 673, 677, 727, 775, 871, 892, 898, 909, 1028, 1038, 1051, 1139, 1148, 1163, 1199, 1206, 1222, 1319, 1323, 1434, 1463, 1535, 1602, 1828, 1877, 1927, 2004, 2046, 2070, 2078, 2123, 2145, 2159, 2162, 2200, 2209, 2214, 2251, 2295, 2301, 2365, 2371, 2375, 2432, 2509, 2598, 2719, 2946, 2950, 2988, 3063, 3082, 3110, 3232, 3242, 3245]","[1306, 2066]",3426,102,3324,2,100,3324,0
1.5,RATRGPI,"[25, 34, 62, 143, 223, 261, 510, 601, 857, 874, 888, 928, 936, 1001, 1070, 1115, 1182, 1184, 1186, 1213, 1222, 1234, 1236, 1238, 1240, 1242, 1244, 1246, 1248, 1250, 1252, 1254, 1256, 1258, 1260, 1262, 1264, 1266, 1268, 1270, 1347, 1812, 1837, 1879, 1948, 2181, 2329, 2361, 2390, 2712, 2811, 2984, 3010, 3115, 3128, 3339, 3343, 3347, 3357, 3464, 3723, 3770, 3774, 3810, 3827, 3890, 3906, 3963, 4018, 4097, 4119, 4170, 4209, 4242, 4293, 4324, 4431, 4468, 4521, 4584, 4607, 4696, 4830, 4906, 4926, 5015, 5084, 5149, 5185, 5211]","[2712, 3339, 3770, 4521]","[25, 34, 62, 143, 223, 261, 510, 601, 857, 874, 888, 928, 936, 1001, 1070, 1115, 1182, 1184, 1186, 1213, 1222, 1234, 1236, 1238, 1240, 1242, 1244, 1246, 1248, 1250, 1252, 1254, 1256, 1258, 1260, 1262, 1264, 1266, 1268, 1270, 1347, 1812, 1837, 1879, 1948, 2181, 2329, 2361, 2390, 2811, 2984, 3010, 3115, 3128, 3343, 3347, 3357, 3464, 3723, 3774, 3810, 3827, 3890, 3906, 3963, 4018, 4097, 4119, 4170, 4209, 4242, 4293, 4324, 4431, 4468, 4584, 4607, 4696, 4830, 4906, 4926, 5015, 5084, 5149, 5185, 5211]","[2712, 3339, 3770, 4521]",5237,90,5147,4,86,5147,0
1.5,RATRPIII,"[221, 397, 419, 438, 695, 721, 768, 906, 933, 1094, 1183, 1226, 1320, 1353, 1601, 1608, 1642, 1693, 1773, 1796, 1839, 1843, 1853, 1861, 2009, 2017, 2021, 2061, 2067, 2337, 2456, 2460, 2470, 2505, 2547, 2552, 2577, 2704, 2730, 2742, 2790, 2890, 2894, 2905, 3047, 3131, 3135, 3152, 3156, 3249, 3318, 3344, 3396, 3426, 3526, 3617, 3627, 3648, 3677, 3694, 3764, 3770, 3797, 3888, 4044, 4132]","[1608, 2456, 2790, 3426]","[221, 397, 419, 438, 695, 721, 768, 906, 933, 1094, 1183, 1226, 1320, 1353, 1601, 1642, 1693, 1773, 1796, 1839, 1843, 1853, 1861, 2009, 2017, 2021, 2061, 2067, 2337, 2460, 2470, 2505, 2547, 2552, 2577, 2704, 2730, 2742, 2890, 2894, 2905, 3047, 3131, 3135, 3152, 3156, 3249, 3318, 3344, 3396, 3526, 3617, 3627, 3648, 3677, 3694, 3764, 3770, 3797, 3888, 4044, 4132]","[1608, 2456, 2790, 3426]",4133,66,4067,4,62,4067,0
1.5,RATSVSIV1,"[42, 67, 72, 244, 248, 300, 380, 418, 659, 721, 768, 814, 874, 892, 902, 926, 939]",[244],"[42, 67, 72, 248, 300, 380, 418, 659, 721, 768, 814, 874, 892, 902, 926, 939]",[244],972,17,955,1,16,955,0
1.5,RATTSHB,"[49, 114, 208, 260, 265, 291, 435, 514, 622, 645, 661, 672, 825, 854, 867, 880, 929, 1190, 1198, 1224, 1288, 1330, 1382, 1397, 1482, 1568, 1585, 1651, 1661, 1728, 1732, 1758, 1762, 1802, 1858, 1904, 1924, 1931, 1948, 2124, 2142, 2177, 2183, 2290, 2483, 2711, 2766, 2874, 2899, 2921, 2997, 3157, 3202, 3373, 3462, 3676, 3710, 3977, 3999, 4018, 4046, 4050, 4058, 4093, 4299, 4359, 4364, 4375, 4404, 4451, 4533, 4583, 4636, 4640, 4781, 4833, 4901, 5009]",[4375],"[49, 114, 208, 260, 265, 291, 435, 514, 622, 645, 661, 672, 825, 854, 867, 880, 929, 1190, 1198, 1224, 1288, 1330, 1382, 1397, 1482, 1568, 1585, 1651, 1661, 1728, 1732, 1758, 1762, 1802, 1858, 1904, 1924, 1931, 1948, 2124, 2142, 2177, 2183, 2290, 2483, 2711, 2766, 2874, 2899, 2921, 2997, 3157, 3202, 3373, 3462, 3676, 3710, 3977, 3999, 4018, 4046, 4050, 4058, 4093, 4299, 4359, 4364, 4404, 4451, 4533, 4583, 4636, 4640, 4781, 4833, 4901, 5009]",[4375],5159,78,5081,1,77,5081,0
1.5,RN0B2GLOB,"[9, 31, 62, 80, 84, 136, 265, 306, 316, 374, 474, 500, 547, 558, 579, 658, 693, 796, 800, 1134, 1318, 1450, 1485, 1552, 1702, 1758, 1766]",[693],"[9, 31, 62, 80, 84, 136, 265, 306, 316, 374, 474, 500, 547, 558, 579, 658, 796, 800, 1134, 1318, 1450, 1485, 1552, 1702, 1758, 1766]","[354, 693]",1789,27,1762,1,26,1761,1
1.5,RN2BGLOB,"[24, 205, 264, 343, 384, 394, 409, 432, 436, 483, 537, 571, 618, 629, 650, 729, 764, 982, 1217, 1401, 1533, 1568, 1634, 1710, 1760, 1769, 1832]","[432, 764]","[24, 205, 264, 343, 384, 394, 409, 436, 483, 537, 571, 618, 629, 650, 729, 982, 1217, 1401, 1533, 1568, 1634, 1710, 1760, 1769, 1832]","[432, 764]",1876,27,1849,2,25,1849,0
1.5,RN3B2GLOB,"[33, 63, 74, 84, 122, 126, 142, 180, 267, 314, 325, 346, 425, 460, 679, 712, 760, 835, 867, 1183, 1218, 1284, 1360, 1421]","[122, 460]","[33, 63, 74, 84, 126, 142, 180, 267, 314, 325, 346, 425, 679, 712, 760, 835, 867, 1183, 1218, 1284, 1360, 1421]","[122, 460]",1436,24,1412,2,22,1412,0
1.5,RN3B3GLOB,"[54, 75, 107, 125, 129, 314, 344, 355, 365, 403, 407, 423, 461, 546, 593, 604, 625, 704, 739, 960, 994, 1039, 1146, 1462, 1497, 1569, 1642, 1680, 1726]","[403, 739]","[54, 75, 107, 125, 129, 314, 344, 355, 365, 407, 423, 461, 546, 593, 604, 625, 704, 960, 994, 1039, 1146, 1462, 1497, 1569, 1642, 1680, 1726]","[403, 739]",1738,29,1709,2,27,1709,0
1.5,RN3BGLOB,"[199, 229, 240, 250, 288, 292, 308, 346, 433, 480, 491, 512, 591, 626, 840, 873, 996, 1028, 1344, 1379, 1446, 1522]","[288, 626]","[199, 229, 240, 250, 292, 308, 346, 433, 480, 491, 512, 591, 840, 873, 996, 1028, 1344, 1379, 1446, 1522]","[288, 626]",1526,22,1504,2,20,1504,0
1.5,RNAC01,"[95, 127, 131, 261, 309, 374, 417, 497, 509, 513, 528, 561, 582, 638, 734, 758, 788, 844, 878, 953, 998, 1049, 1085, 1168, 1207, 1346, 1367, 1455, 1463, 1467, 1473, 1534, 1677, 1694, 1707, 1904, 1910, 1914, 1932, 1953, 1971, 1992, 2190, 2220, 2419, 2423, 2528, 2533, 2597, 2631, 2655, 2685, 2736, 2751, 2797, 2867, 2898, 2903, 3014, 3089, 3335, 3448, 3556, 3650, 3697, 3733, 3767, 3806, 3832, 3850, 3868, 3889, 3984, 4000]","[1367, 1694, 2597, 2867]","[95, 127, 131, 261, 309, 374, 417, 497, 509, 513, 528, 561, 582, 638, 734, 758, 788, 844, 878, 953, 998, 1049, 1085, 1168, 1207, 1346, 1455, 1463, 1467, 1473, 1534, 1677, 1707, 1904, 1910, 1914, 1932, 1953, 1971, 1992, 2190, 2220, 2419, 2423, 2528, 2533, 2631, 2655, 2685, 2736, 2751, 2797, 2898, 2903, 3014, 3089, 3335, 3448, 3556, 3650, 3697, 3733, 3767, 3806, 3832, 3850, 3868, 3889, 3984, 4000]","[1367, 1694, 2597, 2867]",4083,74,4009,4,70,4009,0
1.5,RNAC02,"[33, 141, 200, 251, 256, 262, 271, 388, 480, 524, 636, 817, 907, 969, 976, 1135, 1152, 1241, 1269, 1293, 1347, 1351, 1368, 1439, 1471, 1475, 1481, 1526, 1542, 1723, 1734, 1753, 1787, 1820, 2000, 2014, 2138, 2165, 2180, 2243, 2251, 2365, 2429, 2487, 2508, 2561, 2610, 2637, 2655, 2673, 2681, 2743, 2759, 2842, 2917, 2972, 2978]","[1368, 1787, 2138, 2429, 2743]","[33, 141, 200, 251, 256, 262, 271, 388, 480, 524, 636, 817, 907, 969, 976, 1135, 1152, 1241, 1269, 1293, 1347, 1351, 1439, 1471, 1475, 1481, 1526, 1542, 1723, 1734, 1753, 1820, 2000, 2014, 2165, 2180, 2243, 2251, 2365, 2487, 2508, 2561, 2610, 2637, 2655, 2673, 2681, 2759, 2842, 2917, 2972, 2978]","[1368, 1787, 2138, 2429, 2743]",3192,57,3135,5,52,3135,0
1.5,RNANTANT,"[62, 72, 88, 236, 476, 681, 787, 791, 936, 1017, 1295, 1339, 1344, 1358, 1393, 1456, 1524, 1678, 1706, 1731, 1808, 1960, 2110, 2181, 2578, 2839, 2882, 2896, 2904, 2946, 2969, 3008, 3023, 3097, 3119, 3137, 3263, 3301, 3403, 3420, 3449, 3550, 3574, 3609, 3646, 3658, 3777, 3850, 3883, 3902, 3993, 4075, 4083, 4117, 4213, 4324, 4395, 4532, 4565, 4710, 4724, 4757, 4762, 5043]","[1524, 3263, 3883]","[62, 72, 88, 236, 476, 681, 787, 791, 936, 1017, 1295, 1339, 1344, 1358, 1393, 1456, 1678, 1706, 1731, 1808, 1960, 2110, 2181, 2578, 2839, 2882, 2896, 2904, 2946, 2969, 3008, 3023, 3097, 3119, 3137, 3301, 3403, 3420, 3449, 3550, 3574, 3609, 3646, 3658, 3777, 3850, 3902, 3993, 4075, 4083, 4117, 4213, 4324, 4395, 4532, 4565, 4710, 4724, 4757, 4762, 5043]","[1524, 3263, 3883]",5117,64,5053,3,61,5053,0
1.5,RNAPOEG,"[295, 398, 459, 499, 506, 591, 615, 620, 639, 684, 688, 716, 872, 948, 960, 1050, 1077, 1152, 1261, 1293, 1327, 1440, 1446, 1538, 1571, 1604, 1669, 1746, 1812, 1890, 1955, 2056, 2069, 2258, 2356, 2383, 2461, 2523, 2536, 2690, 2692, 2705, 2725, 2830, 2863, 2867, 2884, 2994, 3203]","[1293, 1955]","[295, 398, 459, 499, 506, 591, 615, 620, 639, 684, 688, 716, 872, 948, 960, 1050, 1077, 1152, 1261, 1327, 1440, 1446, 1538, 1571, 1604, 1669, 1746, 1812, 1890, 2056, 2069, 2258, 2356, 2383, 2461, 2523, 2536, 2690, 2692, 2705, 2725, 2830, 2863, 2867, 2884, 2994, 3203]","[1293, 1955]",3229,49,3180,2,47,3180,0
1.5,RNCALBD9,"[19, 24, 115, 141, 154, 161, 373, 387, 469, 507, 533, 553, 596, 600, 698, 984, 1041, 1293, 1330, 1338, 1355, 1399, 1471, 1532, 1550, 1615, 1621, 1729, 1739, 1779, 1781, 1793, 1797, 1831, 1897, 1918, 1976, 1985, 2187, 2195, 2285, 2291, 2317, 2499, 2563, 2736, 2779, 2931, 3177, 3192, 3254, 3508, 3650, 3841, 4057, 4062, 4136, 4196, 4233, 4310, 4353, 4358, 4412, 4548, 4587, 4711, 4761, 4766, 4869]",[2736],"[19, 24, 115, 141, 154, 161, 373, 387, 469, 507, 533, 553, 596, 600, 698, 984, 1041, 1293, 1330, 1338, 1355, 1399, 1471, 1532, 1550, 1615, 1621, 1729, 1739, 1779, 1781, 1793, 1797, 1831, 1897, 1918, 1976, 1985, 2187, 2195, 2285, 2291, 2317, 2499, 2563, 2779, 2931, 3177, 3192, 3254, 3508, 3650, 3841, 4057, 4062, 4136, 4196, 4233, 4310, 4353, 4358, 4412, 4548, 4587, 4711, 4761, 4766, 4869]",[2736],4883,69,4814,1,68,4814,0
1.5,RNGAMT,"[54, 110, 294, 395, 465, 486, 497, 618, 799, 808, 866, 907, 919, 1028, 1182, 1424, 1478, 1503, 1531, 1552, 1564, 1959, 1975, 2112, 2173, 2214, 2453, 2462, 2468, 2543, 2604, 2653, 2660, 2752, 2756, 2924, 2926, 3012, 3045, 3141, 3159, 3205, 3213, 3276, 3319, 3361, 3462, 3573, 3628, 3760, 3797, 3802, 3811, 3923, 3975, 4003, 4022, 4062, 4141, 4149, 4357, 4364, 4390, 4433, 4441, 4453, 4581, 4635, 4704, 4715, 4782, 4824, 4870, 4876]","[2173, 3141, 3319, 3760, 4003]","[54, 110, 294, 395, 465, 486, 497, 618, 799, 808, 866, 907, 919, 1028, 1182, 1424, 1478, 1503, 1531, 1552, 1564, 1959, 1975, 2112, 2214, 2453, 2462, 2468, 2543, 2604, 2653, 2660, 2752, 2756, 2924, 2926, 3012, 3045, 3159, 3205, 3213, 3276, 3361, 3462, 3573, 3628, 3797, 3802, 3811, 3923, 3975, 4022, 4062, 4141, 4149, 4357, 4364, 4390, 4433, 4441, 4453, 4581, 4635, 4704, 4715, 4782, 4824, 4870, 4876]","[2173, 3141, 3319, 3760, 4003]",4956,74,4882,5,69,4882,0
1.5,RNGMTG,"[12, 92, 203, 250, 414, 440, 455, 505, 595, 620, 727, 741, 778, 806, 971, 1011, 1016, 1062, 1072, 1226, 1267, 1406, 1434, 1438, 1470, 1490, 1495, 1538, 1561, 1597, 1646, 1656, 1682, 1818, 1874, 2031, 2049, 2067, 2117, 2335, 2433, 2443, 2528, 2987, 3165, 3244, 3249, 3328, 3357, 3403, 3415, 3428, 3481, 3555, 3755, 3918, 4048, 4063, 4069, 4120, 4158, 4254, 4270, 4342, 4380, 4401, 4425, 4432, 4463, 4487, 4493, 4548, 4624, 4644, 4776, 4851, 5067, 5094, 5101, 5122, 5252, 5306, 5347, 5368]","[1682, 3249, 3918, 4254, 4463]","[12, 92, 203, 250, 414, 440, 455, 505, 595, 620, 727, 741, 778, 806, 971, 1011, 1016, 1062, 1072, 1226, 1267, 1406, 1434, 1438, 1470, 1490, 1495, 1538, 1561, 1597, 1646, 1656, 1818, 1874, 2031, 2049, 2067, 2117, 2335, 2433, 2443, 2528, 2987, 3165, 3244, 3328, 3357, 3403, 3415, 3428, 3481, 3555, 3755, 4048, 4063, 4069, 4120, 4158, 4270, 4342, 4380, 4401, 4425, 4432, 4487, 4493, 4548, 4624, 4644, 4776, 4851, 5067, 5094, 5101, 5122, 5252, 5306, 5347, 5368]","[1682, 3249, 3918, 4254, 4463]",5391,84,5307,5,79,5307,0
1.5,RNGROW3,"[75, 89, 173, 208, 216, 230, 247, 299, 325, 365, 370, 471, 495, 543, 719, 817, 836, 959, 1070, 1096, 1218, 1265, 1384, 1484, 1652, 1656, 1675, 1751, 1908, 1973, 2066]","[471, 817, 1652, 1973]","[75, 89, 173, 208, 216, 230, 247, 299, 325, 365, 370, 495, 543, 719, 836, 959, 1070, 1096, 1218, 1265, 1384, 1484, 1656, 1675, 1751, 1908, 2066]","[471, 817, 1652, 1973]",2549,31,2518,4,27,2518,0
1.5,RNHSC73,"[86, 93, 208, 233, 390, 402, 498, 522, 533, 538, 546, 570, 794, 810, 829, 954, 975, 1090, 1114, 1139, 1244, 1280, 1313, 1470, 1528, 1584, 1713, 1727, 1779, 1922, 1982, 2007, 2062, 2102, 2258, 2297, 2506, 2612, 2618, 2664, 2676, 2930, 3020, 3034, 3089, 3130, 3249, 3251, 3259, 3331, 3448, 3452, 3542, 3766, 3795, 3871, 3935, 3942, 4070, 4096, 4146, 4221, 4253]","[1244, 1713, 1982, 2618, 3034, 3448, 3766]","[86, 93, 208, 233, 390, 402, 498, 522, 533, 538, 546, 570, 794, 810, 829, 954, 975, 1090, 1114, 1139, 1280, 1313, 1470, 1528, 1584, 1727, 1779, 1922, 2007, 2062, 2102, 2258, 2297, 2506, 2612, 2664, 2676, 2930, 3020, 3089, 3130, 3249, 3251, 3259, 3331, 3452, 3542, 3795, 3871, 3935, 3942, 4070, 4096, 4146, 4221, 4253]","[1244, 1713, 1982, 2618, 3034, 3448, 3766]",4312,63,4249,7,56,4249,0
1.5,RNLALB01,"[39, 255, 293, 317, 347, 351, 420, 460, 816, 821, 877, 891, 971, 1081, 1101, 1237, 1242, 1264, 1354, 1359, 1414, 1825, 1882, 1908, 1914, 1918, 1991, 2014, 2021, 2096, 2131, 2160, 2273, 2375, 2419, 2645, 2744, 2748, 2803, 2809, 2897, 2901, 2903, 2905, 2907, 2909, 2911, 2913, 2915, 2917, 2919, 2921, 2923, 2925, 2927, 2929, 2931, 2933, 2935, 2937, 2939, 2941, 2974, 3122, 3167, 3263, 3265, 3267, 3269, 3271, 3273, 3275, 3277, 3279, 3281, 3283, 3285, 3287, 3297, 3301, 3337, 3482, 3573, 3800]","[1414, 1914, 2419]","[39, 255, 293, 317, 347, 351, 420, 460, 816, 821, 877, 891, 971, 1081, 1101, 1237, 1242, 1264, 1354, 1359, 1825, 1882, 1908, 1918, 1991, 2014, 2021, 2096, 2131, 2160, 2273, 2375, 2645, 2744, 2748, 2803, 2809, 2897, 2901, 2903, 2905, 2907, 2909, 2911, 2913, 2915, 2917, 2919, 2921, 2923, 2925, 2927, 2929, 2931, 2933, 2935, 2937, 2939, 2941, 2974, 3122, 3167, 3263, 3265, 3267, 3269, 3271, 3273, 3275, 3277, 3279, 3281, 3283, 3285, 3287, 3297, 3301, 3337, 3482, 3573, 3800]","[1414, 1914, 2419]",3812,84,3728,3,81,3728,0
1.5,RNLPKG,"[33, 102, 146, 326, 608, 617, 622, 624, 664, 711, 760, 996, 1022, 1137, 1174, 1270, 1447, 1599, 1601, 1603, 1605, 1607, 1609, 1611, 1613, 1615, 1617, 1619, 1621, 1623, 1625, 1627, 1629, 1631, 1633, 1635, 1637, 1639, 1641, 1686, 1729, 1771, 1911, 1926, 1934, 2034, 2062, 2073, 2161, 2169, 2183, 2281, 2333, 2376, 2521, 2617, 2640, 2691, 2749, 2847, 2891, 2926, 3195, 3219, 3234, 3300, 3352, 3374, 3407, 3460, 3587, 3592, 3634, 3729, 3787, 3793, 3949, 4000, 4052, 4069, 4076, 4080, 4253, 4309, 4321, 4360, 4376, 4429, 4486, 4493, 4655, 4959, 5073, 5184, 5601, 5605, 5672, 5701, 5780, 5806, 5836, 6009, 6032, 6284, 6433, 6442, 6457, 6463, 6469, 6494, 6510, 6547, 6592, 6605, 6796, 6805, 6809, 6935, 6957, 6978, 7001, 7052, 7101, 7184, 7192, 7302, 7321, 7349, 7453, 7481, 7510, 7556, 7582, 7598, 7627, 7800, 7818, 7822, 7987, 8036, 8078, 8213, 8244, 8286, 8314, 8356, 8374, 8412, 8465, 8510, 8548, 8560, 8608, 8789, 8812, 8846, 8860, 8899, 9010, 9016, 9096, 9107, 9121, 9142, 9210, 9224, 9414, 9480, 9723, 9775, 9838, 9857, 9919, 9996, 10092, 10103, 10186, 10190, 10198, 10207, 10214, 10252, 10261, 10383, 10493, 10546, 10647, 10711, 10935, 10973, 11035, 11491, 11520, 11594, 11648, 11663, 11707, 11734, 11774, 11816, 11834, 11898, 11993, 12009, 12036, 12153, 12163, 12180, 12257, 12384, 12539, 12649, 12724, 12796, 12937, 12943]","[3219, 3949, 6009, 6284, 6605, 7192, 7453, 7818, 8078, 9480]","[33, 102, 146, 326, 608, 617, 622, 624, 664, 711, 760, 996, 1022, 1137, 1174, 1270, 1447, 1599, 1601, 1603, 1605, 1607, 1609, 1611, 1613, 1615, 1617, 1619, 1621, 1623, 1625, 1627, 1629, 1631, 1633, 1635, 1637, 1639, 1641, 1686, 1729, 1771, 1911, 1926, 1934, 2034, 2062, 2073, 2161, 2169, 2183, 2281, 2333, 2376, 2521, 2617, 2640, 2691, 2749, 2847, 2891, 2926, 3195, 3234, 3300, 3352, 3374, 3407, 3460, 3587, 3592, 3634, 3729, 3787, 3793, 4000, 4052, 4069, 4076, 4080, 4253, 4309, 4321, 4360, 4376, 4429, 4486, 4493, 4655, 4959, 5073, 5184, 5601, 5605, 5672, 5701, 5780, 5806, 5836, 6032, 6433, 6442, 6457, 6463, 6469, 6494, 6510, 6547, 6592, 6796, 6805, 6809, 6935, 6957, 6978, 7001, 7052, 7101, 7184, 7302, 7321, 7349, 7481, 7510, 7556, 7582, 7598, 7627, 7800, 7822, 7987, 8036, 8213, 8244, 8286, 8314, 8356, 8374, 8412, 8465, 8510, 8548, 8560, 8608, 8789, 8812, 8846, 8860, 8899, 9010, 9016, 9096, 9107, 9121, 9142, 9210, 9224, 9414, 9723, 9775, 9838, 9857, 9919, 9996, 10092, 10103, 10186, 10190, 10198, 10207, 10214, 10252, 10261, 10383, 10493, 10546, 10647, 10711, 10935, 10973, 11035, 11491, 11520, 11594, 11648, 11663, 11707, 11734, 11774, 11816, 11834, 11898, 11993, 12009, 12036, 12153, 12163, 12180, 12257, 12384, 12539, 12649, 12724, 12796, 12937, 12943]","[3219, 3949, 6009, 6284, 6605, 7192, 7453, 7818, 8078, 9480]",13003,216,12787,10,206,12787,0
1.5,RNODC,"[115, 126, 152, 161, 187, 279, 338, 467, 497, 570, 762, 800, 872, 877, 883, 1025, 1097, 1218, 1279, 1339, 1344, 1366, 1430, 1554, 1568, 1633, 1819, 2109, 2245, 2322, 2435, 2454, 2544, 2655, 2666, 2706, 2719, 2850, 2887, 2946, 2958, 3127, 3144, 3157, 3174, 3262, 3305, 3525, 3529, 3618, 3630, 3634, 3696, 3803, 3850, 3870, 3918, 4020, 4024, 4073, 4095, 4106, 4136, 4182, 4259, 4282, 4336, 4382, 4444, 4517, 4623, 4630, 4698, 4875, 4889, 4953, 4982, 5321, 5347, 5500, 5522, 5579, 5631, 5650, 5659, 5686, 5695, 5764, 5804, 5825, 5851, 5855, 5974, 5997, 6128, 6178, 6182, 6291, 6295, 6334, 6350, 6412, 6533, 6582, 6636, 6679, 6692, 6697, 6917, 7019, 7025, 7030, 7045, 7238, 7276, 7313, 7326, 7376, 7416, 7425, 7586, 7755, 7759]","[3525, 3918, 4182, 4517, 4698, 4953, 5631, 5825, 6291]","[115, 126, 152, 161, 187, 279, 338, 467, 497, 570, 762, 800, 872, 877, 883, 1025, 1097, 1218, 1279, 1339, 1344, 1366, 1430, 1554, 1568, 1633, 1819, 2109, 2245, 2322, 2435, 2454, 2544, 2655, 2666, 2706, 2719, 2850, 2887, 2946, 2958, 3127, 3144, 3157, 3174, 3262, 3305, 3529, 3618, 3630, 3634, 3696, 3803, 3850, 3870, 4020, 4024, 4073, 4095, 4106, 4136, 4259, 4282, 4336, 4382, 4444, 4623, 4630, 4875, 4889, 4982, 5321, 5347, 5500, 5522, 5579, 5650, 5659, 5686, 5695, 5764, 5804, 5851, 5855, 5974, 5997, 6128, 6178, 6182, 6295, 6334, 6350, 6412, 6533, 6582, 6636, 6679, 6692, 6697, 6917, 7019, 7025, 7030, 7045, 7238, 7276, 7313, 7326, 7376, 7416, 7425, 7586, 7755, 7759]","[3525, 3918, 4182, 4517, 4698, 4953, 5631, 5825, 6291]",7768,123,7645,9,114,7645,0
1.5,RNP9KA,"[22, 30, 34, 36, 38, 40, 42, 44, 46, 48, 50, 52, 54, 56, 58, 60, 62, 64, 66, 68, 70, 72, 74, 157, 172, 207, 232, 248, 262, 324, 332, 338, 372, 400, 424, 483, 632, 690, 723, 727, 736, 823, 875, 879, 905, 910, 937, 987, 1025, 1029, 1031, 1156, 1227, 1468, 1612, 1643, 1760, 1836, 1870, 1883, 2063, 2094, 2118, 2216, 2220, 2224, 2228, 2300, 2311]",[1227],"[22, 30, 34, 36, 38, 40, 42, 44, 46, 48, 50, 52, 54, 56, 58, 60, 62, 64, 66, 68, 70, 72, 74, 157, 172, 207, 232, 248, 262, 324, 332, 338, 372, 400, 424, 483, 632, 690, 723, 727, 736, 823, 875, 879, 905, 910, 937, 987, 1025, 1029, 1031, 1156, 1468, 1612, 1643, 1760, 1836, 1870, 1883, 2063, 2094, 2118, 2216, 2220, 2224, 2228, 2300, 2311]",[1227],2332,69,2263,1,68,2263,0
1.5,RNPBPG,"[8, 21, 125, 136, 231, 235, 501, 956, 980, 1117, 1155, 1177, 1180, 1206, 1407, 1456, 1808, 2066, 2100, 2136, 2385, 2522, 2592, 2638, 2709, 2773, 2794, 2890, 2916, 2950, 2999, 3049, 3056, 3190, 3293, 3297, 3363, 3553, 3661, 3756, 3775, 3780, 3786, 3855, 3972, 3978, 4009, 4056, 4073, 4446, 4457, 4558, 4580, 4639, 4772, 4815, 4927, 4978, 5013, 5117, 5155, 5313, 5340, 5404, 5428, 5498, 5515, 5521, 5718, 5743, 5880]","[1117, 2950]","[8, 21, 125, 136, 231, 235, 501, 956, 980, 1155, 1177, 1180, 1206, 1407, 1456, 1808, 2066, 2100, 2136, 2385, 2522, 2592, 2638, 2709, 2773, 2794, 2890, 2916, 2999, 3049, 3056, 3190, 3293, 3297, 3363, 3553, 3661, 3756, 3775, 3780, 3786, 3855, 3972, 3978, 4009, 4056, 4073, 4446, 4457, 4558, 4580, 4639, 4772, 4815, 4927, 4978, 5013, 5117, 5155, 5313, 5340, 5404, 5428, 5498, 5515, 5521, 5718, 5743, 5880]","[1117, 2950]",6021,71,5950,2,69,5950,0
1.5,RNPGMUT,"[6, 17, 32, 63, 165, 167, 174, 178, 180, 182, 184, 186, 188, 190, 192, 194, 196, 198, 200, 202, 204, 206, 231, 277, 370, 383, 386, 460, 466, 483, 491, 687, 886, 945, 1063, 1216, 1273, 1352, 1356, 1412, 1416, 1425, 1515, 1596, 1605, 1616, 1618, 1623, 1637, 1653, 1734, 1872, 1874, 1895, 1912, 1934, 2023, 2032, 2242, 2248, 2252, 2287, 2291, 2301, 2334, 2366]","[1596, 1872]","[6, 17, 32, 63, 165, 167, 174, 178, 180, 182, 184, 186, 188, 190, 192, 194, 196, 198, 200, 202, 204, 206, 231, 277, 370, 383, 386, 460, 466, 483, 491, 687, 886, 945, 1063, 1216, 1273, 1352, 1356, 1412, 1416, 1425, 1515, 1605, 1616, 1618, 1623, 1637, 1653, 1734, 1874, 1895, 1912, 1934, 2023, 2032, 2242, 2248, 2252, 2287, 2291, 2301, 2334, 2366]","[1596, 1872]",2420,66,2354,2,64,2354,0
1.5,RNPROST22,"[45, 237, 438, 444, 494, 499, 528, 721, 733, 876, 920, 1074, 1179, 1262, 1307, 1334, 1412, 1414, 1416, 1418, 1420, 1422, 1424, 1426, 1428, 1430, 1432, 1434, 1436, 1438, 1440, 1442, 1444, 1446, 1448, 1450, 1452, 1454, 1456, 1492, 1575, 1738, 1870, 2025, 2163, 2200, 2228, 2298, 2321, 2356, 2406, 2551, 2556, 2569, 2618, 2702, 2746, 2857, 2863, 2923, 3020, 3060, 3110, 3121, 3159, 3246, 3324, 3421, 3423, 3484, 3502, 3558, 3647, 3658, 3777, 3835, 3841, 3916, 4048, 4236, 4241, 4279, 4351, 4379, 4432, 4457, 4526, 4565, 4601, 4727, 4820, 4928, 4952, 4960, 5100, 5161, 5185, 5333, 5361, 5680, 5765, 5911, 5952, 6009, 6029, 6129, 6366, 6520, 6680, 6790, 6890, 6930, 6974, 6978, 7004, 7023, 7034, 7069, 7376, 7412]","[876, 3647, 4526]","[45, 237, 438, 444, 494, 499, 528, 721, 733, 920, 1074, 1179, 1262, 1307, 1334, 1412, 1414, 1416, 1418, 1420, 1422, 1424, 1426, 1428, 1430, 1432, 1434, 1436, 1438, 1440, 1442, 1444, 1446, 1448, 1450, 1452, 1454, 1456, 1492, 1575, 1738, 1870, 2025, 2163, 2200, 2228, 2298, 2321, 2356, 2406, 2551, 2556, 2569, 2618, 2702, 2746, 2857, 2863, 2923, 3020, 3060, 3110, 3121, 3159, 3246, 3324, 3421, 3423, 3484, 3502, 3558, 3658, 3777, 3835, 3841, 3916, 4048, 4236, 4241, 4279, 4351, 4379, 4432, 4457, 4565, 4601, 4727, 4820, 4928, 4952, 4960, 5100, 5161, 5185, 5333, 5361, 5680, 5765, 5911, 5952, 6009, 6029, 6129, 6366, 6520, 6680, 6790, 6890, 6930, 6974, 6978, 7004, 7023, 7034, 7069, 7376, 7412]","[876, 3647, 4526]",7667,120,7547,3,117,7547,0
1.5,RNREVSV2A,"[5, 12, 67, 71, 121, 193, 210, 290, 741, 754, 762, 848, 935, 940, 953, 1102, 1177, 1201, 1216, 1269, 1278, 1304, 1308, 1310, 1332, 1341, 1510, 1728]","[67, 1304]","[5, 12, 71, 121, 193, 210, 290, 741, 754, 762, 848, 935, 940, 953, 1102, 1177, 1201, 1216, 1269, 1278, 1308, 1310, 1332, 1341, 1510, 1728]","[67, 1304]",1730,28,1702,2,26,1702,0
1.5,RNSDHG,"[17, 116, 160, 177, 199, 203, 285, 290, 299, 313, 379, 405, 435, 568, 656, 743, 836, 881, 1007, 1028, 1089, 1091, 1093, 1095, 1097, 1099, 1101, 1103, 1105, 1107, 1109, 1111, 1113, 1115, 1117, 1119, 1121, 1171, 1211, 1224, 1239, 1286, 1376, 1420, 1444, 1536, 1625, 1775, 1777, 1800, 1993, 2024, 2205, 2256, 2305, 2483, 2523, 2533, 2697, 2857, 3035, 3104, 3170, 3480, 3554, 3585, 3841, 3975, 4046, 4077, 4100, 4102, 4104, 4106, 4108, 4110, 4112, 4114, 4116, 4118, 4120, 4122, 4124, 4126, 4128, 4130, 4132, 4134, 4136, 4138, 4140, 4142, 4144, 4179, 4189, 4413, 4511, 4640, 4705, 4747, 4754, 4761, 5025, 5079, 5093, 5291, 5343, 5565, 5590, 5667, 5691, 5733, 5866, 6043, 6052, 6089, 6095, 6213, 6253, 6285, 6406, 6412, 6479, 6512, 6567, 6571, 6576, 6584, 6592, 6634, 6641, 6689, 6775, 6829, 6836, 6849, 6877, 6984, 7017, 7081, 7402, 7480, 7563, 7600, 7711, 7736, 7962, 8014, 8177, 8307, 8314, 8355, 8361, 8383, 8420, 8563, 8574, 8667, 8671, 8680, 8750, 8757, 8853, 8888, 9063, 9117, 9128, 9160, 9165, 9225, 9302, 9353, 9362, 9541]","[4640, 5691, 6052, 6253, 6984, 8671]","[17, 116, 160, 177, 199, 203, 285, 290, 299, 313, 379, 405, 435, 568, 656, 743, 836, 881, 1007, 1028, 1089, 1091, 1093, 1095, 1097, 1099, 1101, 1103, 1105, 1107, 1109, 1111, 1113, 1115, 1117, 1119, 1121, 1171, 1211, 1224, 1239, 1286, 1376, 1420, 1444, 1536, 1625, 1775, 1777, 1800, 1993, 2024, 2205, 2256, 2305, 2483, 2523, 2533, 2697, 2857, 3035, 3104, 3170, 3480, 3554, 3585, 3841, 3975, 4046, 4077, 4100, 4102, 4104, 4106, 4108, 4110, 4112, 4114, 4116, 4118, 4120, 4122, 4124, 4126, 4128, 4130, 4132, 4134, 4136, 4138, 4140, 4142, 4144, 4179, 4189, 4413, 4511, 4705, 4747, 4754, 4761, 5025, 5079, 5093, 5291, 5343, 5565, 5590, 5667, 5733, 5866, 6043, 6089, 6095, 6213, 6285, 6406, 6412, 6479, 6512, 6567, 6571, 6576, 6584, 6592, 6634, 6641, 6689, 6775, 6829, 6836, 6849, 6877, 7017, 7081, 7402, 7480, 7563, 7600, 7711, 7736, 7962, 8014, 8177, 8307, 8314, 8355, 8361, 8383, 8420, 8563, 8574, 8667, 8680, 8750, 8757, 8853, 8888, 9063, 9117, 9128, 9160, 9165, 9225, 9302, 9353, 9362, 9541]","[4640, 5691, 6052, 6253, 6984, 8671]",9570,174,9396,6,168,9396,0
1.5,RNSVFG,"[21, 67, 213, 349, 454, 469, 500, 636, 670, 709, 1018, 1077, 1182, 1250, 1267, 1309, 1326, 1347, 1774, 1919, 2066, 2079]",[500],"[21, 67, 213, 349, 454, 469, 636, 670, 709, 1018, 1077, 1182, 1250, 1267, 1309, 1326, 1347, 1774, 1919, 2066, 2079]",[500],1841,22,1819,1,21,1819,0
1.5,RNTHYCSG,"[68, 81, 160, 318, 322, 326, 355, 600, 679, 761, 785, 881, 1006, 1061, 1071, 1105, 1135, 1173, 1229, 1237, 1242, 1279, 1316, 1366, 1450, 1454, 1486, 1589, 1621, 1866, 1878, 1906, 1983, 2005, 2015, 2107, 2196, 2203, 2271, 2277, 2511, 2763]","[68, 1071]","[81, 160, 318, 322, 326, 355, 600, 679, 761, 785, 881, 1006, 1061, 1105, 1135, 1173, 1229, 1237, 1242, 1279, 1316, 1366, 1450, 1454, 1486, 1589, 1621, 1866, 1878, 1906, 1983, 2005, 2015, 2107, 2196, 2203, 2271, 2277, 2511, 2763]","[68, 1071]",2855,42,2813,2,40,2813,0
1.5,RNU03551,"[46, 64, 85, 219, 578, 584, 602, 620, 661, 715, 766, 799, 832, 842, 1407, 1471, 1513, 1545, 1575, 1617, 1622, 1634, 1758, 1788, 1913, 1969, 2006, 2013, 2052, 2115, 2183, 2240, 2263, 2312, 2397, 2418, 2422, 2461, 2511, 2521, 2552, 2602, 2619, 2839, 3083, 3169, 3176, 3217, 3226, 3246, 3360, 3498, 3526]","[832, 2418, 3083]","[46, 64, 85, 219, 578, 584, 602, 620, 661, 715, 766, 799, 842, 1407, 1471, 1513, 1545, 1575, 1617, 1622, 1634, 1758, 1788, 1913, 1969, 2006, 2013, 2052, 2115, 2183, 2240, 2263, 2312, 2397, 2422, 2461, 2511, 2521, 2552, 2602, 2619, 2839, 3169, 3176, 3217, 3226, 3246, 3360, 3498, 3526]","[832, 2418, 3083]",3590,53,3537,3,50,3537,0
1.5,RNU09193,"[196, 276, 402, 438, 469, 503, 771, 863, 1010, 1048, 1052, 1141, 1276, 1294, 1305, 1325, 1336, 1363, 1449, 1457, 1463, 1534, 1626, 1727, 1772, 1910, 2077, 2084, 2101, 2133, 2163, 2255, 2295, 2449, 2630, 2663, 2687, 2749, 2759, 2763, 2788, 2794, 3037, 3054, 3084, 3232, 3264, 3296, 3302, 3326, 3402, 3505, 3584, 3600, 3612, 3682, 3708, 3763, 3787, 3899, 3910, 3976, 4035]","[2084, 2749, 3084, 3787]","[196, 276, 402, 438, 469, 503, 771, 863, 1010, 1048, 1052, 1141, 1276, 1294, 1305, 1325, 1336, 1363, 1449, 1457, 1463, 1534, 1626, 1727, 1772, 1910, 2077, 2101, 2133, 2163, 2255, 2295, 2449, 2630, 2663, 2687, 2759, 2763, 2788, 2794, 3037, 3054, 3232, 3264, 3296, 3302, 3326, 3402, 3505, 3584, 3600, 3612, 3682, 3708, 3763, 3899, 3910, 3976, 4035]","[2084, 2749, 3084, 3787]",4187,63,4124,4,59,4124,0
1.5,RNU12250,"[227, 252, 293, 325, 424, 464, 473, 641, 826, 868, 888, 952, 1026, 1043, 1094, 1160, 1181, 1304, 1314, 1512, 1531, 1697, 1704, 1708, 1769]","[293, 473]","[227, 252, 325, 424, 464, 641, 826, 868, 888, 952, 1026, 1043, 1094, 1160, 1181, 1304, 1314, 1512, 1531, 1697, 1704, 1708, 1769]","[293, 473]",1863,25,1838,2,23,1838,0
1.5,RNUCPG,"[18, 82, 112, 255, 380, 458, 536, 582, 798, 848, 952, 1135, 1139, 1151, 1217, 1325, 1396, 1424, 1431, 1481, 1515, 1519, 1663, 1730, 1766, 1796, 1834, 1881, 1897, 1908, 2015, 2382, 2428, 2457, 2614, 2761, 2812, 2816, 2818, 2820, 2822, 2824, 2826, 2828, 2830, 2832, 2834, 2836, 2838, 2840, 2842, 2844, 2846, 2848, 2850, 2852, 3117, 3201, 3281, 3427, 3539, 3558, 3598, 3734, 3749, 3756, 3801, 3844, 3887, 3989, 4110, 4187, 4310, 4358, 4477, 4491, 4569, 4642, 4805, 4818, 4822, 4896, 4965, 4993, 5001, 5053, 5061, 5157, 5189, 5248, 5429, 5467, 5476, 5480, 5623, 5659, 5677, 5727, 5744, 5923, 5950, 6007, 6018, 6042, 6066, 6121, 6187, 6192, 6279, 6334, 6338, 6406, 6417, 6426, 6470, 6498, 6507, 6585, 6612, 6660, 6671, 6711, 6781, 6983, 6999, 7007, 7031, 7245, 7278, 7282, 7298, 7351, 7357, 7370, 7395, 7480, 7667, 7704, 7808, 7819, 7843, 7846, 7852, 7964, 7992, 7996, 8094, 8105, 8157, 8180, 8277, 8279, 8281, 8283, 8285, 8287, 8289, 8291, 8293, 8295, 8297, 8299, 8301, 8303, 8305, 8307, 8309, 8311, 8313, 8315, 8317, 8404, 8654, 8679, 8760, 9023, 9049, 9077, 9161, 9172, 9188, 9288, 9297, 9332, 9365, 9401, 9441, 9447, 9578, 9800, 9925, 9995, 10198, 10292, 10300, 10351, 10419, 10529, 10603, 10732, 10759, 10871, 10935, 11054, 11061, 11092, 11184, 11389, 11442, 11464, 11481, 11496, 11538, 11722, 11771, 11778, 11835, 12170, 12346, 12398, 12460, 12485]","[4310, 5157, 7964, 8157, 9401]","[18, 82, 112, 255, 380, 458, 536, 582, 798, 848, 952, 1135, 1139, 1151, 1217, 1325, 1396, 1424, 1431, 1481, 1515, 1519, 1663, 1730, 1766, 1796, 1834, 1881, 1897, 1908, 2015, 2382, 2428, 2457, 2614, 2761, 2812, 2816, 2818, 2820, 2822, 2824, 2826, 2828, 2830, 2832, 2834, 2836, 2838, 2840, 2842, 2844, 2846, 2848, 2850, 2852, 3117, 3201, 3281, 3427, 3539, 3558, 3598, 3734, 3749, 3756, 3801, 3844, 3887, 3989, 4110, 4187, 4358, 4477, 4491, 4569, 4642, 4805, 4818, 4822, 4896, 4965, 4993, 5001, 5053, 5061, 5189, 5248, 5429, 5467, 5476, 5480, 5623, 5659, 5677, 5727, 5744, 5923, 5950, 6007, 6018, 6042, 6066, 6121, 6187, 6192, 6279, 6334, 6338, 6406, 6417, 6426, 6470, 6498, 6507, 6585, 6612, 6660, 6671, 6711, 6781, 6983, 6999, 7007, 7031, 7245, 7278, 7282, 7298, 7351, 7357, 7370, 7395, 7480, 7667, 7704, 7808, 7819, 7843, 7846, 7852, 7992, 7996, 8094, 8105, 8180, 8277, 8279, 8281, 8283, 8285, 8287, 8289, 8291, 8293, 8295, 8297, 8299, 8301, 8303, 8305, 8307, 8309, 8311, 8313, 8315, 8317, 8404, 8654, 8679, 8760, 9023, 9049, 9077, 9161, 9172, 9188, 9288, 9297, 9332, 9365, 9441, 9447, 9578, 9800, 9925, 9995, 10198, 10292, 10300, 10351, 10419, 10529, 10603, 10732, 10759, 10871, 10935, 11054, 11061, 11092, 11184, 11389, 11442, 11464, 11481, 11496, 11538, 11722, 11771, 11778, 11835, 12170, 12346, 12398, 12460, 12485]","[4310, 5157, 7964, 8157, 9401]",12496,222,12274,5,217,12274,0
1.5,RNVEGP1,"[305, 313, 317, 362, 400, 486, 506, 571, 909, 926, 1021, 1043, 1138, 1156, 1262, 1286, 1524, 1542, 1623, 1629, 1635, 1697, 1711, 1817, 1834, 1838, 1935, 1963, 1973, 1994, 2076, 2108, 2145, 2165, 2248, 2273, 2581, 2628, 2777, 2801, 2821, 2839, 2915, 3032, 3047, 3141, 3204, 3403, 3413, 3454, 3653, 3708, 3745, 3769, 3809, 3845, 3852, 3940, 4033, 4037, 4052, 4096, 4126, 4140, 4151, 4452, 4559, 4611, 4710, 4844, 4855, 4873, 4962, 4996, 5130, 5195, 5315, 5360, 5441, 5630, 5641, 5757, 5926, 5948]","[1262, 1834, 3032, 4037, 4611]","[305, 313, 317, 362, 400, 486, 506, 571, 909, 926, 1021, 1043, 1138, 1156, 1286, 1524, 1542, 1623, 1629, 1635, 1697, 1711, 1817, 1838, 1935, 1963, 1973, 1994, 2076, 2108, 2145, 2165, 2248, 2273, 2581, 2628, 2777, 2801, 2821, 2839, 2915, 3047, 3141, 3204, 3403, 3413, 3454, 3653, 3708, 3745, 3769, 3809, 3845, 3852, 3940, 4033, 4052, 4096, 4126, 4140, 4151, 4452, 4559, 4710, 4844, 4855, 4873, 4962, 4996, 5130, 5195, 5315, 5360, 5441, 5630, 5641, 5757, 5926, 5948]","[1262, 1834, 3032, 4037, 4611]",5948,84,5864,5,79,5864,0
1.5,RNVEGP2C,"[84, 188, 205, 256, 417, 430, 493, 536, 630, 1024, 1041, 1136, 1159, 1254, 1272, 1378, 1402, 1658, 1739, 1745, 1751, 1813, 1827, 1933, 1950, 1954, 2048, 2076, 2086, 2105, 2182, 2213, 2250, 2270, 2354, 2379, 2688, 2694, 2700, 2730, 2761, 2807, 2875, 2885, 2899, 2919, 2937, 3013, 3069, 3128, 3136, 3143, 3514, 3524, 3705, 3762, 3817, 3854, 3878, 3918, 3961, 4049, 4142, 4146, 4161, 4234, 4305, 4432, 4446, 4671, 4723, 4727, 4822, 4960, 4971, 5078, 5222, 5529, 5566, 5613]","[1378, 1950, 3128, 4146, 4723]","[84, 188, 205, 256, 417, 430, 493, 536, 630, 1024, 1041, 1136, 1159, 1254, 1272, 1402, 1658, 1739, 1745, 1751, 1813, 1827, 1933, 1954, 2048, 2076, 2086, 2105, 2182, 2213, 2250, 2270, 2354, 2379, 2688, 2694, 2700, 2730, 2761, 2807, 2875, 2885, 2899, 2919, 2937, 3013, 3069, 3136, 3143, 3514, 3524, 3705, 3762, 3817, 3854, 3878, 3918, 3961, 4049, 4142, 4161, 4234, 4305, 4432, 4446, 4671, 4727, 4822, 4960, 4971, 5078, 5222, 5529, 5566, 5613]","[1378, 1950, 3128, 4146, 4723]",5742,80,5662,5,75,5662,0
1.5,RRU04320,"[209, 240, 315, 323, 386, 573, 693, 700, 706, 838, 1037, 1077, 1092, 1105, 1126, 1132, 1189, 1219, 1235, 1347, 1406, 1439, 1538, 1559, 1589, 1742, 2004, 2008, 2012, 2022, 2052, 2107, 2111, 2118, 2500, 2592, 2606, 2689, 3019, 3078, 3080, 3099, 3139, 3219, 3301, 3332, 3343, 3412, 3439, 3524, 3559, 3607, 3616, 3643, 3811, 3879, 3884, 4014, 4023, 4181, 4216, 4257, 4275, 4401, 4512, 4695, 4729, 4841, 5129, 5232, 5366, 5370, 5456, 5574, 5662, 5732, 5787, 6042, 6072, 6136, 6165, 6171, 6213, 6313, 6361, 6372, 6379, 6549, 6794]","[2500, 3643]","[209, 240, 315, 323, 386, 573, 693, 700, 706, 838, 1037, 1077, 1092, 1105, 1126, 1132, 1189, 1219, 1235, 1347, 1406, 1439, 1538, 1559, 1589, 1742, 2004, 2008, 2012, 2022, 2052, 2107, 2111, 2118, 2592, 2606, 2689, 3019, 3078, 3080, 3099, 3139, 3219, 3301, 3332, 3343, 3412, 3439, 3524, 3559, 3607, 3616, 3811, 3879, 3884, 4014, 4023, 4181, 4216, 4257, 4275, 4401, 4512, 4695, 4729, 4841, 5129, 5232, 5366, 5370, 5456, 5574, 5662, 5732, 5787, 6042, 6072, 6136, 6165, 6171, 6213, 6313, 6361, 6372, 6379, 6549, 6794]","[2500, 3643]",6798,89,6709,2,87,6709,0
1.5,S46763,"[177, 186, 191, 252, 265, 278, 336, 340, 380, 479, 507, 535, 695, 699, 720, 762, 777, 788, 1006, 1146, 1235, 1252, 1300, 1327, 1406, 1436, 1459, 1550, 1690, 1708, 1715, 1787, 1914, 2000, 2056, 2111, 2268, 2468, 2487, 2527, 2561, 2584, 2649, 2668, 2694, 2722, 2775, 2850, 2928, 2946, 2988, 3053, 3102, 3209, 3245, 3278, 3378, 3563, 3571, 3577, 3954, 4052, 4182, 4256, 4358, 4381, 4424, 4528, 4612, 4698, 4716, 4731, 4782, 4801, 4883, 5060, 5145, 5425, 5469, 5517, 5656, 5709, 5736, 5803, 5956, 6085, 6152, 6463, 6595, 6614, 6633, 6751, 6817, 6880, 6933, 7078, 7095, 7119, 7188, 7213, 7260, 7334, 7349, 7418, 7525, 7804, 7873, 7916, 7953, 7959, 8012, 8037, 8056, 8082, 8199, 8265, 8278, 8294, 8344, 8562, 8599, 8683, 8936, 9109, 9144, 9241, 9348, 9360, 9536, 9677, 9759, 9786, 9859, 9943]","[1235, 2487, 2775, 4052, 4528, 5060, 5469, 6880, 7334, 8012, 8294]","[177, 186, 191, 252, 265, 278, 336, 340, 380, 479, 507, 535, 695, 699, 720, 762, 777, 788, 1006, 1146, 1252, 1300, 1327, 1406, 1436, 1459, 1550, 1690, 1708, 1715, 1787, 1914, 2000, 2056, 2111, 2268, 2468, 2527, 2561, 2584, 2649, 2668, 2694, 2722, 2850, 2928, 2946, 2988, 3053, 3102, 3209, 3245, 3278, 3378, 3563, 3571, 3577, 3954, 4182, 4256, 4358, 4381, 4424, 4612, 4698, 4716, 4731, 4782, 4801, 4883, 5145, 5425, 5517, 5656, 5709, 5736, 5803, 5956, 6085, 6152, 6463, 6595, 6614, 6633, 6751, 6817, 6933, 7078, 7095, 7119, 7188, 7213, 7260, 7349, 7418, 7525, 7804, 7873, 7916, 7953, 7959, 8037, 8056, 8082, 8199, 8265, 8278, 8344, 8562, 8599, 8683, 8936, 9109, 9144, 9241, 9348, 9360, 9536, 9677, 9759, 9786, 9859, 9943]","[1235, 2487, 2775, 4052, 4528, 5060, 5469, 6880, 7334, 8012, 8294]",10035,134,9901,11,123,9901,0
1.5,S49651,"[67, 111, 185, 229, 246, 259, 322, 471, 718, 720, 722, 724, 726, 728, 730, 732, 734, 736, 738, 740, 823, 966, 985, 1117, 1185, 1189, 1198, 1229, 1390, 1652, 1765, 1935, 2037, 2378, 2476, 2533, 2786, 2790, 2804, 2806, 2819, 2918, 2955, 3026, 3174, 3251, 3255, 3554, 3566, 3571, 3623, 3702, 3712, 3781, 3856, 3931, 3998, 4132, 4137, 4141, 4212, 4449, 4470, 4518, 4577, 4620, 4624, 4681, 4864, 4957, 4968, 4992, 5004, 5230, 5264, 5275, 5384]","[1652, 2786, 3255, 4137]","[67, 111, 185, 229, 246, 259, 322, 471, 718, 720, 722, 724, 726, 728, 730, 732, 734, 736, 738, 740, 823, 966, 985, 1117, 1185, 1189, 1198, 1229, 1390, 1765, 1935, 2037, 2378, 2476, 2533, 2790, 2804, 2806, 2819, 2918, 2955, 3026, 3174, 3251, 3554, 3566, 3571, 3623, 3702, 3712, 3781, 3856, 3931, 3998, 4132, 4141, 4212, 4449, 4470, 4518, 4577, 4620, 4624, 4681, 4864, 4957, 4968, 4992, 5004, 5230, 5264, 5275, 5384]","[1652, 2786, 3255, 4137]",5440,77,5363,4,73,5363,0
1.5,S57980,"[44, 236, 437, 443, 493, 498, 527, 720, 732, 875, 919, 1073, 1178, 1261, 1306, 1333, 1411, 1413, 1415, 1417, 1419, 1421, 1423, 1425, 1427, 1429, 1431, 1433, 1435, 1437, 1439, 1441, 1443, 1445, 1447, 1449, 1451, 1453, 1455, 1491, 1574, 1737, 1869, 2024, 2161, 2198, 2226, 2296, 2319, 2354, 2404, 2549, 2554, 2567, 2616, 2700, 2744, 2855, 2861, 2921, 3018, 3058, 3108, 3119, 3157, 3244, 3322, 3419, 3421, 3482, 3500, 3556, 3645, 3656, 3775, 3833, 3839, 3914, 4046, 4234, 4239, 4277, 4349, 4377, 4430, 4455, 4524, 4563, 4599, 4725, 4818, 4926, 4950, 4958, 5098, 5159, 5183, 5331, 5359, 5678, 5763, 5909, 5950, 6007, 6027, 6127, 6364, 6518, 6678, 6788, 6888, 6928, 6972, 6976, 7002, 7021, 7032, 7067, 7374, 7410]","[875, 3645, 4524]","[44, 236, 437, 443, 493, 498, 527, 720, 732, 919, 1073, 1178, 1261, 1306, 1333, 1411, 1413, 1415, 1417, 1419, 1421, 1423, 1425, 1427, 1429, 1431, 1433, 1435, 1437, 1439, 1441, 1443, 1445, 1447, 1449, 1451, 1453, 1455, 1491, 1574, 1737, 1869, 2024, 2161, 2198, 2226, 2296, 2319, 2354, 2404, 2549, 2554, 2567, 2616, 2700, 2744, 2855, 2861, 2921, 3018, 3058, 3108, 3119, 3157, 3244, 3322, 3419, 3421, 3482, 3500, 3556, 3656, 3775, 3833, 3839, 3914, 4046, 4234, 4239, 4277, 4349, 4377, 4430, 4455, 4563, 4599, 4725, 4818, 4926, 4950, 4958, 5098, 5159, 5183, 5331, 5359, 5678, 5763, 5909, 5950, 6007, 6027, 6127, 6364, 6518, 6678, 6788, 6888, 6928, 6972, 6976, 7002, 7021, 7032, 7067, 7374, 7410]","[875, 3645, 4524]",7665,120,7545,3,117,7545,0
1.5,S62287,"[6, 10, 185, 190, 194, 198, 230, 239, 353, 546, 555, 560, 570, 705, 731, 737, 982, 1020, 1256, 1266, 1383, 1420, 1493, 1673, 1679, 1740, 1924, 1965, 1970, 2231, 2330, 2470, 2478, 2489, 2535, 2619, 2623, 2808, 2812, 2909, 2921, 2945, 3003, 3077, 3108, 3167, 3189, 3201, 3206, 3356, 3398, 3422]",[1266],"[6, 10, 185, 190, 194, 198, 230, 239, 353, 546, 555, 560, 570, 705, 731, 737, 982, 1020, 1256, 1383, 1420, 1493, 1673, 1679, 1740, 1924, 1965, 1970, 2231, 2330, 2470, 2478, 2489, 2535, 2619, 2623, 2808, 2812, 2909, 2921, 2945, 3003, 3077, 3108, 3167, 3189, 3201, 3206, 3356, 3398, 3422]",[1266],3425,52,3373,1,51,3373,0
1.5,S63697,"[9, 92, 142, 159, 280, 292, 349, 435, 504, 534, 664, 829, 894, 959, 1109, 1155, 1240, 1251]","[280, 829]","[9, 92, 142, 159, 292, 349, 435, 504, 534, 664, 894, 959, 1109, 1155, 1240, 1251]","[280, 829]",1331,18,1313,2,16,1313,0
1.5,S66606,"[7, 27, 152, 238, 248, 315, 321, 325, 336, 340, 357, 379, 385, 418, 420, 424, 426, 428, 441, 494, 679, 686, 759, 865, 869, 902, 958, 1076, 1085, 1397, 1562, 1615, 1678, 1766, 1846, 1859, 1875, 1913, 2048, 2113, 2249, 2485, 2506, 2518, 2520, 2533, 2537, 2706, 2760, 2815, 2853, 3054, 3147, 3365, 3479, 3557, 3613, 3621, 3625, 3627, 3631, 3643, 3656, 3675, 3723, 3818, 3893, 3899, 3903, 3982, 4067, 4156, 4182, 4200, 4214, 4335, 4518, 4530, 4598, 4622, 4624, 4626, 4628, 4640, 4658, 4664, 4706, 4811, 5219, 5430, 5517, 5586, 5644, 5694, 5780, 5868, 5911, 5936, 5958, 6086, 6095, 6159, 6167, 6171, 6181, 6222, 6235, 6255, 6296, 6301, 6356]","[2506, 2706, 3899, 4598]","[7, 27, 152, 238, 248, 315, 321, 325, 336, 340, 357, 379, 385, 418, 420, 424, 426, 428, 441, 494, 679, 686, 759, 865, 869, 902, 958, 1076, 1085, 1397, 1562, 1615, 1678, 1766, 1846, 1859, 1875, 1913, 2048, 2113, 2249, 2485, 2518, 2520, 2533, 2537, 2760, 2815, 2853, 3054, 3147, 3365, 3479, 3557, 3613, 3621, 3625, 3627, 3631, 3643, 3656, 3675, 3723, 3818, 3893, 3903, 3982, 4067, 4156, 4182, 4200, 4214, 4335, 4518, 4530, 4622, 4624, 4626, 4628, 4640, 4658, 4664, 4706, 4811, 5219, 5430, 5517, 5586, 5644, 5694, 5780, 5868, 5911, 5936, 5958, 6086, 6095, 6159, 6167, 6171, 6181, 6222, 6235, 6255, 6296, 6301, 6356]","[2506, 2706, 3899, 4598]",6359,111,6248,4,107,6248,0
1.5,S67057,"[11, 49, 66, 83, 98, 154, 278, 318, 322, 361, 408, 730, 803, 840, 953, 981, 1163, 1179, 1205, 1274, 1297, 1304, 1408, 1533, 1595, 1600]",[840],"[11, 49, 66, 83, 98, 154, 278, 318, 322, 361, 408, 730, 803, 953, 981, 1163, 1179, 1205, 1274, 1297, 1304, 1408, 1533, 1595, 1600]",[840],1746,26,1720,1,25,1720,0
1.5,S69277,"[142, 151, 194, 207, 267, 317, 432, 466, 734, 857, 928, 1007, 1177, 1216, 1256, 1299, 1679, 1706, 1731, 1783, 1914, 1967, 1971, 1977, 2058, 2069, 2074, 2082, 2094, 2101, 2103, 2118, 2321, 2353, 2435, 2538, 2660, 2776, 2783, 2810, 2852, 2924, 2934, 2951, 2954, 3068, 3072, 3098, 3199, 3229, 3267, 3316, 3377, 3385, 3521, 3723, 3839, 3873, 3995, 4089, 4103, 4107, 4215, 4233, 4348, 4385, 4488, 4556, 4726, 4790, 4852, 4903, 5063, 5097, 5155, 5172, 5286, 5329, 5378, 5421, 5493]","[3098, 3316, 3521, 3839, 4103]","[142, 151, 194, 207, 267, 317, 432, 466, 734, 857, 928, 1007, 1177, 1216, 1256, 1299, 1679, 1706, 1731, 1783, 1914, 1967, 1971, 1977, 2058, 2069, 2074, 2082, 2094, 2101, 2103, 2118, 2321, 2353, 2435, 2538, 2660, 2776, 2783, 2810, 2852, 2924, 2934, 2951, 2954, 3068, 3072, 3199, 3229, 3267, 3377, 3385, 3723, 3873, 3995, 4089, 4107, 4215, 4233, 4348, 4385, 4488, 4556, 4726, 4790, 4852, 4903, 5063, 5097, 5155, 5172, 5286, 5329, 5378, 5421, 5493]","[3098, 3316, 3521, 3839, 4103]",5516,81,5435,5,76,5435,0
1.5,S69278,"[19, 33, 84, 158, 279, 323, 523, 547, 693, 760, 846, 861, 1184, 1196, 1219, 1351, 1402, 1406, 1412, 1421, 1484, 1495, 1500, 1505, 1520, 1529, 1544, 1549, 1561, 1567, 1597, 1601, 1697, 2152, 2275, 2302, 2344, 2416, 2426, 2443, 2446, 2560, 2564, 2590, 2709, 2739, 2820, 2826, 2846, 2887, 2895, 3031, 3231, 3347, 3381, 3453, 3547, 3561, 3565, 3662, 3680, 3832, 4004, 4111, 4174, 4236, 4349, 4551, 4643, 4766, 4880, 4923, 4995]","[2590, 2826, 3031, 3347, 3561]","[19, 33, 84, 158, 279, 323, 523, 547, 693, 760, 846, 861, 1184, 1196, 1219, 1351, 1402, 1406, 1412, 1421, 1484, 1495, 1500, 1505, 1520, 1529, 1544, 1549, 1561, 1567, 1597, 1601, 1697, 2152, 2275, 2302, 2344, 2416, 2426, 2443, 2446, 2560, 2564, 2709, 2739, 2820, 2846, 2887, 2895, 3231, 3381, 3453, 3547, 3565, 3662, 3680, 3832, 4004, 4111, 4174, 4236, 4349, 4551, 4643, 4766, 4880, 4923, 4995]","[2590, 2826, 3031, 3347, 3561]",5015,73,4942,5,68,4942,0
1.5,S69350,"[6, 50, 174, 235, 298, 566, 593, 676, 844, 945, 1040, 1081, 1124, 1179, 1308, 1562, 1589, 1592, 1694, 1709, 1745, 1777, 1866, 2039, 2045, 2110, 2112, 2124, 2149]",[235],"[6, 50, 174, 298, 566, 593, 676, 844, 945, 1040, 1081, 1124, 1179, 1308, 1562, 1589, 1592, 1694, 1709, 1745, 1777, 1866, 2039, 2045, 2110, 2112, 2124, 2149]",[235],2152,29,2123,1,28,2123,0
1.5,SAIEGLOBIM,"[55, 221, 237, 271, 346, 453, 474, 541, 553, 588, 604, 609, 766, 983, 987, 1001, 1033, 1175, 1188, 1194, 1299, 1317, 1323, 1329, 1347, 1397, 1425, 1444, 1448, 1542, 1547, 1553, 1598, 1654, 1691, 1763]","[237, 588]","[55, 221, 271, 346, 453, 474, 541, 553, 604, 609, 766, 983, 987, 1001, 1033, 1175, 1188, 1194, 1299, 1317, 1323, 1329, 1347, 1397, 1425, 1444, 1448, 1542, 1547, 1553, 1598, 1654, 1691, 1763]","[237, 588]",1826,36,1790,2,34,1790,0
1.5,SMIGCU,"[132, 170, 322, 340, 347, 395, 431, 520, 549, 571, 677, 696, 746, 799, 887, 911, 1032, 1233, 1262, 1273, 1331, 1531, 1631, 1779, 1805, 1946, 2014, 2049, 2139, 2173, 2465, 2514, 2589, 2612, 2624, 2788, 2797, 2810]","[799, 1233, 1631]","[132, 170, 322, 340, 347, 395, 431, 520, 549, 571, 677, 696, 746, 887, 911, 1032, 1262, 1273, 1331, 1531, 1779, 1805, 1946, 2014, 2049, 2139, 2173, 2465, 2514, 2589, 2612, 2624, 2788, 2797, 2810]","[799, 1233, 1631]",2833,38,2795,3,35,2795,0
1.5,SMNPRP1A,"[26, 104, 215, 236, 310, 320, 439, 601]",[215],"[26, 104, 236, 310, 320, 439, 601]",[215],623,8,615,1,7,615,0
1.5,SOEEGLOBIN,"[17, 54, 147, 188, 220, 236, 270, 344, 451, 472, 539, 586, 602, 607, 765, 935, 1054, 1060, 1165, 1183, 1189, 1195, 1213, 1263, 1291, 1310, 1314, 1404, 1411, 1415, 1460, 1516, 1553, 1625]","[236, 586]","[17, 54, 147, 188, 220, 270, 344, 451, 472, 539, 602, 607, 765, 935, 1054, 1060, 1165, 1183, 1189, 1195, 1213, 1263, 1291, 1310, 1314, 1404, 1411, 1415, 1460, 1516, 1553, 1625]","[236, 586]",1688,34,1654,2,32,1654,0
1.5,SSBAT1G,"[15, 54, 142, 260, 274, 285, 366, 380, 482, 518, 534, 599, 743, 889, 920, 999, 1159, 1316, 1344, 1405, 1446, 1464, 1471, 1486, 1492, 1603, 1662, 1676, 1681, 1843, 1872, 1961, 2021, 2145, 2215, 2323, 2350, 2425, 2459, 2495, 2501, 2545, 2582, 2592, 2610, 2616, 2716, 2736, 2791, 2814, 2840, 2842, 2844, 2846, 2848, 2850, 2852, 2990, 2994, 3118, 3142, 3248, 3403, 3550, 3618, 3684, 3772, 3810, 3837, 3980, 4001, 4013, 4324, 4342, 4354, 4373, 4399, 4514, 4538, 4709, 4799, 4875, 5056, 5204, 5258, 5372, 5449, 5527, 5550, 5646, 5705, 5738, 5771, 5890, 5930, 6021, 6031, 6104, 6271, 6290, 6318, 6390, 6408, 6456, 6500, 6533, 6575, 6616, 6678, 6693, 6710, 6735, 6786, 6908, 6978, 6999, 7034, 7096, 7101, 7483, 7729, 7799, 7947, 7959, 8238, 8331, 8353, 8366, 8411, 8485, 8489, 8708, 8713, 8767, 8772, 8803, 9034, 9037, 9088, 9122, 9144, 9165, 9252, 9331, 9388, 9638, 9674, 9965, 10370, 10466, 10537]","[1316, 2215, 2582, 4538, 5771, 8238, 9144, 9388, 9674]","[15, 54, 142, 260, 274, 285, 366, 380, 482, 518, 534, 599, 743, 889, 920, 999, 1159, 1344, 1405, 1446, 1464, 1471, 1486, 1492, 1603, 1662, 1676, 1681, 1843, 1872, 1961, 2021, 2145, 2323, 2350, 2425, 2459, 2495, 2501, 2545, 2592, 2610, 2616, 2716, 2736, 2791, 2814, 2840, 2842, 2844, 2846, 2848, 2850, 2852, 2990, 2994, 3118, 3142, 3248, 3403, 3550, 3618, 3684, 3772, 3810, 3837, 3980, 4001, 4013, 4324, 4342, 4354, 4373, 4399, 4514, 4709, 4799, 4875, 5056, 5204, 5258, 5372, 5449, 5527, 5550, 5646, 5705, 5738, 5890, 5930, 6021, 6031, 6104, 6271, 6290, 6318, 6390, 6408, 6456, 6500, 6533, 6575, 6616, 6678, 6693, 6710, 6735, 6786, 6908, 6978, 6999, 7034, 7096, 7101, 7483, 7729, 7799, 7947, 7959, 8331, 8353, 8366, 8411, 8485, 8489, 8708, 8713, 8767, 8772, 8803, 9034, 9037, 9088, 9122, 9165, 9252, 9331, 9638, 9965, 10370, 10466, 10537]","[1316, 2215, 2582, 4538, 5771, 8238, 9144, 9388, 9674]",10666,151,10515,9,142,10515,0
1.5,SSIKBAGE,"[38, 60, 400, 470, 622, 699, 788, 956, 1010, 1132, 1180, 1247, 1316, 1575, 1613, 1641, 1729, 1795, 1864, 1884, 1930, 2364, 2377, 2469, 2488, 2501, 2528, 2590, 2604, 2793, 2829, 2881, 3103, 3151, 3334, 3368, 3454, 3520, 3620, 3713, 3746, 3766, 3786, 3823, 3850, 3938, 3954, 4071, 4091, 4095, 4245, 4331, 4470, 4496, 4600, 4623, 4712, 4980, 5128, 5207, 5225, 5251, 5267, 5271, 5276, 5304, 5321, 5330, 5350, 5362, 5436, 5478, 5484, 5601, 5605, 5628, 5668]","[2469, 3151, 3713, 4091, 4470]","[38, 60, 400, 470, 622, 699, 788, 956, 1010, 1132, 1180, 1247, 1316, 1575, 1613, 1641, 1729, 1795, 1864, 1884, 1930, 2364, 2377, 2488, 2501, 2528, 2590, 2604, 2793, 2829, 2881, 3103, 3334, 3368, 3454, 3520, 3620, 3746, 3766, 3786, 3823, 3850, 3938, 3954, 4071, 4095, 4245, 4331, 4496, 4600, 4623, 4712, 4980, 5128, 5207, 5225, 5251, 5267, 5271, 5276, 5304, 5321, 5330, 5350, 5362, 5436, 5478, 5484, 5601, 5605, 5628, 5668]","[2469, 3151, 3713, 4091, 4470]",5756,77,5679,5,72,5679,0
1.5,SSPINT1B,"[88, 126, 159, 179, 185, 206, 358, 467, 735, 737, 739, 743, 1081, 1416, 1420, 1461, 1513, 1518, 1522, 1536, 1550, 1615, 1716, 1845, 1860, 1933, 1954, 1971, 1987, 1993, 2084, 2127, 2252, 2320, 2421, 2498, 2551, 2648, 2673, 2734, 2759, 2775, 2929, 2935, 2993, 3132, 3399, 3407, 3428, 3463, 3523, 3560, 3858, 3903, 4159, 4293, 4360, 4411, 4582, 4628, 4768, 4793, 4822, 5029, 5119, 5181, 5245, 5288, 5367, 5492, 5499, 5551, 5555, 5762, 5803, 5813, 6144, 6247, 6527, 6556, 6605, 6609, 6613, 6677, 6730, 6774, 6790, 6922, 7102, 7266, 7326, 7331, 7482, 7494, 7666, 7670, 7761, 7953, 7957, 8049, 8139, 8233, 8246, 8448, 8541, 8611, 8635, 8673, 8731]","[1971, 2551, 3903, 5245, 6605]","[88, 126, 159, 179, 185, 206, 358, 467, 735, 737, 739, 743, 1081, 1416, 1420, 1461, 1513, 1518, 1522, 1536, 1550, 1615, 1716, 1845, 1860, 1933, 1954, 1987, 1993, 2084, 2127, 2252, 2320, 2421, 2498, 2648, 2673, 2734, 2759, 2775, 2929, 2935, 2993, 3132, 3399, 3407, 3428, 3463, 3523, 3560, 3858, 4159, 4293, 4360, 4411, 4582, 4628, 4768, 4793, 4822, 5029, 5119, 5181, 5288, 5367, 5492, 5499, 5551, 5555, 5762, 5803, 5813, 6144, 6247, 6527, 6556, 6609, 6613, 6677, 6730, 6774, 6790, 6922, 7102, 7266, 7326, 7331, 7482, 7494, 7666, 7670, 7761, 7953, 7957, 8049, 8139, 8233, 8246, 8448, 8541, 8611, 8635, 8673, 8731]","[1971, 2551, 3903, 5245, 6605]",8743,109,8634,5,104,8634,0
1.5,TAPROTP1,"[7, 114, 230, 331]",[230],"[7, 114, 331]",[230],547,4,543,1,3,543,0
1.5,TARHBE,"[30, 71, 76, 103, 119, 153, 330, 351, 400, 418, 430, 465, 469, 548, 570, 602, 644, 818, 881, 948, 1076, 1093, 1106, 1124, 1202, 1221, 1225, 1291, 1298, 1347, 1403, 1645]","[119, 465]","[30, 71, 76, 103, 153, 330, 351, 400, 418, 430, 469, 548, 570, 602, 644, 818, 881, 948, 1076, 1093, 1106, 1124, 1202, 1221, 1225, 1291, 1298, 1347, 1403, 1645]","[119, 465]",1682,32,1650,2,30,1650,0
1.5,TARHBG,"[58, 77, 217, 227, 265, 276, 462, 473, 494, 573, 608, 704, 773, 970, 1025, 1032, 1217, 1263, 1289, 1308, 1372, 1472, 1488, 1521, 1544, 1620, 1676, 1772, 1822, 2054, 2059, 2072, 2088, 2128]",[265],"[58, 77, 217, 227, 276, 462, 473, 494, 573, 608, 704, 773, 970, 1025, 1032, 1217, 1263, 1289, 1308, 1372, 1472, 1488, 1521, 1544, 1620, 1676, 1772, 1822, 2054, 2059, 2072, 2088, 2128]","[265, 612]",2139,34,2105,1,33,2104,1
1.5,TFLPA2P1,"[68, 121, 199, 266, 272, 326, 374, 524, 540, 589, 596, 600, 613, 650, 670, 883, 896, 972, 980, 1001, 1124, 1293, 1311, 1535, 1682, 1711, 1749, 1848, 2031, 2035, 2039, 2108, 2240, 2495, 2667, 2690]","[596, 972, 1749]","[68, 121, 199, 266, 272, 326, 374, 524, 540, 589, 600, 613, 650, 670, 883, 896, 980, 1001, 1124, 1293, 1311, 1535, 1682, 1711, 1848, 2031, 2035, 2039, 2108, 2240, 2495, 2667, 2690]","[596, 972, 1749]",2708,36,2672,3,33,2672,0
1.5,TFLPA2P2,"[68, 199, 266, 368, 518, 534, 583, 590, 594, 607, 644, 664, 874, 890, 900, 935, 959, 966, 974, 995, 1017, 1118, 1286, 1304, 1565, 1716, 1783, 1882, 2068, 2072, 2076, 2253, 2274]","[590, 966, 1783]","[68, 199, 266, 368, 518, 534, 583, 594, 607, 644, 664, 874, 890, 900, 935, 959, 974, 995, 1017, 1118, 1286, 1304, 1565, 1716, 1882, 2068, 2072, 2076, 2253, 2274]","[590, 966, 1783]",2431,33,2398,3,30,2398,0
1.5,TFLPA2P3,"[68, 121, 199, 266, 272, 326, 374, 524, 540, 589, 596, 600, 613, 650, 670, 883, 896, 972, 980, 1001, 1124, 1293, 1311, 1535, 1682, 1711, 1749, 1848, 2031, 2035, 2039, 2108, 2240, 2495, 2667, 2690]","[596, 972, 1749]","[68, 121, 199, 266, 272, 326, 374, 524, 540, 589, 600, 613, 650, 670, 883, 896, 980, 1001, 1124, 1293, 1311, 1535, 1682, 1711, 1848, 2031, 2035, 2039, 2108, 2240, 2495, 2667, 2690]","[596, 972, 1749]",2708,36,2672,3,33,2672,0
1.5,TFLPA2P4,"[68, 199, 266, 368, 518, 534, 583, 590, 594, 607, 644, 664, 874, 890, 900, 935, 959, 966, 974, 995, 1017, 1118, 1286, 1304, 1565, 1716, 1783, 1882, 2068, 2072, 2076, 2253, 2274]","[590, 966, 1783]","[68, 199, 266, 368, 518, 534, 583, 594, 607, 644, 664, 874, 890, 900, 935, 959, 974, 995, 1017, 1118, 1286, 1304, 1565, 1716, 1882, 2068, 2072, 2076, 2253, 2274]","[590, 966, 1783]",2431,33,2398,3,30,2398,0
1.5,TGLHBB,"[78, 144, 155, 159, 265, 430, 471, 481, 500, 519, 590, 598, 712, 735, 753, 766, 774, 888, 892, 997, 999, 1089, 1106, 1112, 1116, 1122, 1142, 1209, 1214, 1249, 1256, 1270, 1272, 1360, 1365, 1472, 1498, 1530, 1619, 1699, 1704, 1733, 1742, 1764, 1770, 1906, 2002, 2034, 2119, 2197, 2233, 2288]","[519, 888]","[78, 144, 155, 159, 265, 430, 471, 481, 500, 590, 598, 712, 735, 753, 766, 774, 892, 997, 999, 1089, 1106, 1112, 1116, 1122, 1142, 1209, 1214, 1249, 1256, 1270, 1272, 1360, 1365, 1472, 1498, 1530, 1619, 1699, 1704, 1733, 1742, 1764, 1770, 1906, 2002, 2034, 2119, 2197, 2233, 2288]","[519, 888]",2300,52,2248,2,50,2248,0
1.5,TIOPRP1A,"[26, 101, 212, 233, 315, 374, 536]",[212],"[26, 101, 233, 315, 374, 536]",[212],556,7,549,1,6,549,0
1.5,U00432,"[83, 167, 237, 290, 389, 793, 936, 975, 1070, 1101, 1105, 1203, 1287, 1312, 1459]","[83, 237, 793, 1101, 1312]","[167, 290, 389, 936, 975, 1070, 1105, 1203, 1287, 1459]","[83, 237, 793, 1101, 1312]",1575,15,1560,5,10,1560,0
1.5,U00433,"[83, 199, 267, 305, 326, 752, 897, 936, 1031, 1245, 1270, 1424]","[83, 267, 752, 1270]","[199, 305, 326, 897, 936, 1031, 1245, 1424]","[83, 267, 752, 1062, 1270]",1545,12,1533,4,8,1532,1
1.5,U00454,"[38, 82, 131, 148, 168, 259, 333, 337, 413, 520, 546, 676, 687, 772, 849, 941, 951, 1011, 1031, 1036, 1062, 1066, 1090, 1098, 1111, 1167, 1181, 1263, 1330, 1551, 1598, 1605, 1631, 1705, 1749, 1763, 1804, 1897, 1967, 2041, 2045, 2071, 2117, 2252, 2315, 2319, 2382, 2406, 2437, 2631, 2649, 2673, 2760, 2763, 2781, 2823, 2886, 2907, 2925, 2969, 3043, 3118, 3201, 3319, 3350, 3392, 3447, 3464, 3483, 3622, 3808, 3905, 4095, 4103, 4179, 4263, 4269, 4276, 4328, 4362, 4509, 4529, 4573, 4644, 4653, 4715, 4745, 4824, 4862, 4916, 5011, 5094, 5303, 5361, 5366, 5625, 5640, 5653, 5667, 5705, 5820, 6076, 6090, 6111, 6197, 6258, 6444, 6565, 6580, 6606, 6743, 6782, 6800, 6810, 6814, 6876, 6887, 7041, 7052, 7057]","[1598, 4862]","[38, 82, 131, 148, 168, 259, 333, 337, 413, 520, 546, 676, 687, 772, 849, 941, 951, 1011, 1031, 1036, 1062, 1066, 1090, 1098, 1111, 1167, 1181, 1263, 1330, 1551, 1605, 1631, 1705, 1749, 1763, 1804, 1897, 1967, 2041, 2045, 2071, 2117, 2252, 2315, 2319, 2382, 2406, 2437, 2631, 2649, 2673, 2760, 2763, 2781, 2823, 2886, 2907, 2925, 2969, 3043, 3118, 3201, 3319, 3350, 3392, 3447, 3464, 3483, 3622, 3808, 3905, 4095, 4103, 4179, 4263, 4269, 4276, 4328, 4362, 4509, 4529, 4573, 4644, 4653, 4715, 4745, 4824, 4916, 5011, 5094, 5303, 5361, 5366, 5625, 5640, 5653, 5667, 5705, 5820, 6076, 6090, 6111, 6197, 6258, 6444, 6565, 6580, 6606, 6743, 6782, 6800, 6810, 6814, 6876, 6887, 7041, 7052, 7057]","[1598, 4862]",7192,120,7072,2,118,7072,0
1.5,U00938,"[34, 60, 71, 102, 109, 143, 151, 247, 414, 492, 507, 556, 640, 692, 698, 777, 832, 882, 893, 912, 982, 987, 1133, 1169, 1173, 1248, 1253, 1398, 1454, 1465, 1516, 1711, 1853, 2080, 2179, 2207, 2312, 2384, 2458, 2611, 2661, 2715, 2719, 2742, 2773, 2789, 2801, 2805, 2824, 2974, 3013, 3017, 3079, 3117, 3210, 3231, 3311, 3377, 3397, 3587, 3601, 3617, 3659, 3687, 3702, 3763, 3908, 3924, 4035, 4070, 4186, 4207, 4272, 4416, 4791, 4796, 5023, 5071, 5092, 5134, 5138, 5145, 5155, 5195, 5202, 5236, 5261, 5436, 5452, 5570, 5574, 5640, 5733, 5745, 5809, 5894, 5910, 5914, 5962, 5966, 5970, 6009, 6198, 6285, 6467, 6482, 6711, 6726, 6731, 6763]","[1169, 4070, 5155]","[34, 60, 71, 102, 109, 143, 151, 247, 414, 492, 507, 556, 640, 692, 698, 777, 832, 882, 893, 912, 982, 987, 1133, 1173, 1248, 1253, 1398, 1454, 1465, 1516, 1711, 1853, 2080, 2179, 2207, 2312, 2384, 2458, 2611, 2661, 2715, 2719, 2742, 2773, 2789, 2801, 2805, 2824, 2974, 3013, 3017, 3079, 3117, 3210, 3231, 3311, 3377, 3397, 3587, 3601, 3617, 3659, 3687, 3702, 3763, 3908, 3924, 4035, 4186, 4207, 4272, 4416, 4791, 4796, 5023, 5071, 5092, 5134, 5138, 5145, 5195, 5202, 5236, 5261, 5436, 5452, 5570, 5574, 5640, 5733, 5745, 5809, 5894, 5910, 5914, 5962, 5966, 5970, 6009, 6198, 6285, 6467, 6482, 6711, 6726, 6731, 6763]","[1169, 4070, 5155]",6780,110,6670,3,107,6670,0
1.5,U01026,"[9, 44, 52, 203, 262, 428, 433, 492, 545, 580, 725, 848, 901, 978, 1045, 1105, 1153, 1308, 1357, 1364, 1368, 1381, 1419, 1670, 1746, 1754, 1775, 1902, 1927, 2071, 2154, 2316, 2537, 2636, 2760, 2809, 2826, 2830, 2865, 3028]","[1364, 1746, 2537]","[9, 44, 52, 203, 262, 428, 433, 492, 545, 580, 725, 848, 901, 978, 1045, 1105, 1153, 1308, 1357, 1368, 1381, 1419, 1670, 1754, 1775, 1902, 1927, 2071, 2154, 2316, 2636, 2760, 2809, 2826, 2830, 2865, 3028]","[1364, 1746, 2537]",3216,40,3176,3,37,3176,0
1.5,U01027,"[50, 103, 248, 309, 357, 515, 564, 571, 575, 588, 625, 947, 955, 976, 1103, 1128, 1272, 1290, 1355, 1506, 1692, 1696, 1710, 1799, 1809, 1933, 1982, 1999, 2003, 2048, 2054, 2192, 2625, 2740]","[571, 947, 1710]","[50, 103, 248, 309, 357, 515, 564, 575, 588, 625, 955, 976, 1103, 1128, 1272, 1290, 1355, 1506, 1692, 1696, 1799, 1809, 1933, 1982, 1999, 2003, 2048, 2054, 2192, 2625, 2740]","[571, 947, 1710]",2761,34,2727,3,31,2727,0
1.5,U01844,"[64, 94, 304, 476, 515, 596, 613, 623, 663, 679, 684, 874, 1082, 1180, 1243, 1307, 1330, 1450, 1472, 1559, 1589, 1602, 1618, 1650, 1703, 1770, 1919, 1986, 1990, 2003, 2090, 2141, 2219, 2250, 2309, 2395, 2474, 2531, 2585, 2653, 2935, 3097, 3113, 3134, 3175, 3211, 3256, 3403, 3498, 3520, 3608, 3720, 3781, 3804, 3843, 4080, 4108, 4130, 4143]","[1986, 2141, 2474, 2653, 3211]","[64, 94, 304, 476, 515, 596, 613, 623, 663, 679, 684, 874, 1082, 1180, 1243, 1307, 1330, 1450, 1472, 1559, 1589, 1602, 1618, 1650, 1703, 1770, 1919, 1990, 2003, 2090, 2219, 2250, 2309, 2395, 2531, 2585, 2935, 3097, 3113, 3134, 3175, 3256, 3403, 3498, 3520, 3608, 3720, 3781, 3804, 3843, 4080, 4108, 4130, 4143]","[1986, 2141, 2474, 2653, 3211]",4219,59,4160,5,54,4160,0
1.5,XELCRPGA,"[274, 285, 508, 721, 726, 818, 837, 842, 892, 1021, 1096, 1188, 1230, 1328, 1419, 1422, 1680, 1686, 1871, 1883, 1888, 2002, 2006, 2143, 2377, 2504, 2699, 2779, 2788, 2838, 2961, 2983, 3199, 3338, 3364, 3368, 3390, 3497, 3551, 3580, 3611, 3770, 3794, 3849, 3852, 3886]",[1096],"[274, 285, 508, 721, 726, 818, 837, 842, 892, 1021, 1188, 1230, 1328, 1419, 1422, 1680, 1686, 1871, 1883, 1888, 2002, 2006, 2143, 2377, 2504, 2699, 2779, 2788, 2838, 2961, 2983, 3199, 3338, 3364, 3368, 3390, 3497, 3551, 3580, 3611, 3770, 3794, 3849, 3852, 3886]",[1096],3891,46,3845,1,45,3845,0
1.5,XELCRYB,"[125, 155, 162, 170, 179, 196, 200, 575, 582, 592, 605, 609, 706, 832, 885, 911, 945, 990, 1185, 1208, 1326, 1361, 1417, 1500, 1514, 1699, 1768, 1905]","[706, 1326]","[125, 155, 162, 170, 179, 196, 200, 575, 582, 592, 605, 609, 832, 885, 911, 945, 990, 1185, 1208, 1361, 1417, 1500, 1514, 1699, 1768, 1905]","[706, 1326]",2049,28,2021,2,26,2021,0
1.5,XELHBBC,"[11, 32, 37, 263, 388, 404, 414, 556, 564, 567, 678, 715, 851, 1057, 1062, 1233, 1242, 1290, 1352, 1418, 1432, 1526, 1832, 1844]","[263, 678]","[11, 32, 37, 388, 404, 414, 556, 564, 567, 715, 851, 1057, 1062, 1233, 1242, 1290, 1352, 1418, 1432, 1526, 1832, 1844]","[263, 678]",1981,24,1957,2,22,1957,0
1.5,XLACTA,"[108, 165, 309, 404, 442, 483, 497, 553, 623, 635, 941, 957, 1098, 1201, 1260, 1349, 1382, 1466, 1596, 1758, 1807, 1941, 2094, 2129, 2186, 2299, 2357, 2366, 2381, 2464, 2492, 2591, 2648, 2962, 3135, 3148, 3197, 3294, 3351, 3422, 3552, 3556, 3623, 3640, 3766, 3815, 3859, 3868, 3913, 3976, 3994, 4000, 4075, 4138, 4242, 4272, 4296, 4335, 4346, 4370, 4409, 4420, 4444, 4453, 4483, 4494, 4518, 4557, 4568, 4592, 4667, 4781, 4845, 4905, 4946, 4961, 4995, 5012, 5022, 5048, 5058, 5066, 5078, 5128, 5338, 5353, 5406, 5441, 5509, 5550, 5561, 5733, 5795, 5898]","[2591, 3868, 4138, 4845, 5128]","[108, 165, 309, 404, 442, 483, 497, 553, 623, 635, 941, 957, 1098, 1201, 1260, 1349, 1382, 1466, 1596, 1758, 1807, 1941, 2094, 2129, 2186, 2299, 2357, 2366, 2381, 2464, 2492, 2648, 2962, 3135, 3148, 3197, 3294, 3351, 3422, 3552, 3556, 3623, 3640, 3766, 3815, 3859, 3913, 3976, 3994, 4000, 4075, 4242, 4272, 4296, 4335, 4346, 4370, 4409, 4420, 4444, 4453, 4483, 4494, 4518, 4557, 4568, 4592, 4667, 4781, 4905, 4946, 4961, 4995, 5012, 5022, 5048, 5058, 5066, 5078, 5338, 5353, 5406, 5441, 5509, 5550, 5561, 5733, 5795, 5898]","[2591, 3868, 4138, 4845, 5128]",5946,94,5852,5,89,5852,0
1.5,XLACTCAG,"[114, 279, 357, 422, 831, 842, 855, 1089, 1201, 1263, 1273, 1338, 1388, 1406, 1600, 1605, 1613, 1638, 1670, 1819, 1827, 2094, 2107, 2200, 2208, 2374, 2398, 2432, 2473, 2675, 2867, 2906, 3023, 3128, 3298, 3302, 3325, 3329, 3353, 3369, 3386, 3512, 3561, 3591, 3614, 3732, 3779, 3839, 4013, 4019, 4176, 4202, 4237, 4252, 4256, 4289, 4306, 4354, 4364, 4412, 4444, 4521, 4769, 4787, 4865, 4931, 5055, 5226, 5388, 5493, 5498, 5562, 5636, 5683, 6036, 6137, 6171, 6279, 6294, 6355, 6381, 6391, 6399, 6461, 6628, 6756, 6835, 6918, 6939, 7078, 7118, 7303, 7325, 7333, 7341, 7347, 7402, 7511, 7516, 7853, 7857, 7971, 8098, 8347, 8396, 8410, 8752, 8892]","[2473, 3614, 4931, 5562, 6461]","[114, 279, 357, 422, 831, 842, 855, 1089, 1201, 1263, 1273, 1338, 1388, 1406, 1600, 1605, 1613, 1638, 1670, 1819, 1827, 2094, 2107, 2200, 2208, 2374, 2398, 2432, 2675, 2867, 2906, 3023, 3128, 3298, 3302, 3325, 3329, 3353, 3369, 3386, 3512, 3561, 3591, 3732, 3779, 3839, 4013, 4019, 4176, 4202, 4237, 4252, 4256, 4289, 4306, 4354, 4364, 4412, 4444, 4521, 4769, 4787, 4865, 5055, 5226, 5388, 5493, 5498, 5636, 5683, 6036, 6137, 6171, 6279, 6294, 6355, 6381, 6391, 6399, 6628, 6756, 6835, 6918, 6939, 7078, 7118, 7303, 7325, 7333, 7341, 7347, 7402, 7511, 7516, 7853, 7857, 7971, 8098, 8347, 8396, 8410, 8752, 8892]","[2473, 3614, 4931, 5562, 6461]",8900,108,8792,5,103,8792,0
1.5,XLBGL3,"[22, 143, 189, 299, 338, 350, 388, 558, 564, 614, 692, 772, 982, 1040, 1121, 1175, 1272, 1438, 1519, 1551, 1607, 1707, 1728, 1749, 1851, 1878, 1901, 1981, 2126, 2161, 2443, 2487, 2544, 2550, 2638, 2819, 2911]","[388, 1175]","[22, 143, 189, 299, 338, 350, 558, 564, 614, 692, 772, 982, 1040, 1121, 1272, 1438, 1519, 1551, 1607, 1707, 1728, 1749, 1851, 1878, 1901, 1981, 2126, 2161, 2443, 2487, 2544, 2550, 2638, 2819, 2911]","[388, 1175]",2964,37,2927,2,35,2927,0
1.5,XLGLAA1,"[137, 266, 502, 533, 540, 546, 559, 590, 594, 633, 650, 659, 680, 935, 1185]","[137, 502]","[266, 533, 540, 546, 559, 590, 594, 633, 650, 659, 680, 935, 1185]","[137, 502]",1192,15,1177,2,13,1177,0
1.5,XLGLAA2,"[138, 248, 519, 566, 586, 601, 655, 768, 772, 950, 1163]","[138, 519]","[248, 566, 586, 601, 655, 768, 772, 950, 1163]","[138, 519]",1192,11,1181,2,9,1181,0
1.5,XLK81A1G,"[85, 418, 424, 610, 615, 672, 721, 865, 904, 935, 1053, 1068, 1227, 1412, 1487, 1489, 1517, 1618, 1664, 1671, 1700, 1759, 1882, 1911, 2013, 2018, 2033, 2108, 2241, 2294, 2327, 2369, 2454, 2468, 2498, 2577, 2615, 2734, 2818, 2834, 2900, 2928, 3026, 3075, 3104, 3145, 3149, 3240, 3388, 3409, 3432, 3447, 3531, 3647, 3741, 3849, 3860, 4023, 4127, 4170, 4176, 4330, 4339, 4425, 4429, 4503, 4573, 4579, 4626, 4769, 4790, 4825, 5028, 5044, 5146, 5170, 5223, 5318, 5361, 5471, 5672, 5749, 5772]","[1759, 2294, 2734, 3026, 3531, 3849, 4170]","[85, 418, 424, 610, 615, 672, 721, 865, 904, 935, 1053, 1068, 1227, 1412, 1487, 1489, 1517, 1618, 1664, 1671, 1700, 1882, 1911, 2013, 2018, 2033, 2108, 2241, 2327, 2369, 2454, 2468, 2498, 2577, 2615, 2818, 2834, 2900, 2928, 3075, 3104, 3145, 3149, 3240, 3388, 3409, 3432, 3447, 3647, 3741, 3860, 4023, 4127, 4176, 4330, 4339, 4425, 4429, 4503, 4573, 4579, 4626, 4769, 4790, 4825, 5028, 5044, 5146, 5170, 5223, 5318, 5361, 5471, 5672, 5749, 5772]","[1759, 2294, 2734, 3026, 3531, 3849, 4170]",5892,83,5809,7,76,5809,0
1.5,XLRPL14,"[102, 204, 309, 334, 377, 709, 831, 912, 967, 1003, 1014, 1141, 1292, 1499, 1601, 1605, 1837, 1891, 1960, 2037, 2087, 2118, 2125, 2140, 2145, 2327, 2418, 2432, 2482, 2560, 2565, 2624, 2634, 2713, 2743, 2785, 2862, 2874, 2896, 3051, 3055, 3085, 3651, 3664, 3695, 3722, 3759, 3772, 3874, 3897, 3928, 4013, 4037, 4039, 4184, 4263, 4347, 4430, 4831, 4904, 4978, 4995, 5116, 5232, 5287, 5356, 5559, 5788, 5856, 5860, 5976, 6051, 6146, 6168, 6242, 6324, 6438, 6481, 6485, 6622, 6731, 6804, 7052, 7150, 7158, 7239, 7354, 7464, 7618, 7672, 7840, 7849, 7882, 7904, 8206, 8254, 8261, 8291, 8548, 8567, 8610, 8659, 8758, 8766, 9072, 9108]","[912, 1891, 2087, 4978, 5356, 7904]","[102, 204, 309, 334, 377, 709, 831, 967, 1003, 1014, 1141, 1292, 1499, 1601, 1605, 1837, 1960, 2037, 2118, 2125, 2140, 2145, 2327, 2418, 2432, 2482, 2560, 2565, 2624, 2634, 2713, 2743, 2785, 2862, 2874, 2896, 3051, 3055, 3085, 3651, 3664, 3695, 3722, 3759, 3772, 3874, 3897, 3928, 4013, 4037, 4039, 4184, 4263, 4347, 4430, 4831, 4904, 4995, 5116, 5232, 5287, 5559, 5788, 5856, 5860, 5976, 6051, 6146, 6168, 6242, 6324, 6438, 6481, 6485, 6622, 6731, 6804, 7052, 7150, 7158, 7239, 7354, 7464, 7618, 7672, 7840, 7849, 7882, 8206, 8254, 8261, 8291, 8548, 8567, 8610, 8659, 8758, 8766, 9072, 9108]","[912, 1891, 2087, 4978, 5356, 7904]",9116,106,9010,6,100,9010,0
1.5,XLRPL1AG,"[308, 339, 417, 423, 503, 512, 543, 634, 643, 693, 774, 776, 804, 908, 1078, 1085, 1144, 1149, 1153, 1166, 1482, 1531, 1597, 1663, 1685, 1789, 1817, 2105, 2121, 2207, 2331, 2343, 2353, 2390, 2418, 2424, 2438, 2541, 2638, 2695, 2818, 2889, 2964, 3012, 3137, 3315, 3498, 3507, 3536, 3594, 3717, 3735, 3831, 3844, 3851, 3880, 3953, 3968, 4013, 4111, 4136, 4169, 4221, 4433, 4533, 4573, 4733, 4850, 4887, 4893, 4936, 4994, 5179, 5232, 5303, 5480, 5583, 5594, 5643, 5757, 5816, 5825, 5916, 5925, 5962, 6114, 6152, 6174, 6206, 6221, 6451, 6557, 6738, 6763]","[512, 2121, 2438, 2818, 3137, 3831, 4573, 5179, 5757]","[308, 339, 417, 423, 503, 543, 634, 643, 693, 774, 776, 804, 908, 1078, 1085, 1144, 1149, 1153, 1166, 1482, 1531, 1597, 1663, 1685, 1789, 1817, 2105, 2207, 2331, 2343, 2353, 2390, 2418, 2424, 2541, 2638, 2695, 2889, 2964, 3012, 3315, 3498, 3507, 3536, 3594, 3717, 3735, 3844, 3851, 3880, 3953, 3968, 4013, 4111, 4136, 4169, 4221, 4433, 4533, 4733, 4850, 4887, 4893, 4936, 4994, 5232, 5303, 5480, 5583, 5594, 5643, 5816, 5825, 5916, 5925, 5962, 6114, 6152, 6174, 6206, 6221, 6451, 6557, 6738, 6763]","[512, 2121, 2438, 2818, 3137, 3831, 4573, 5179, 5757]",6949,94,6855,9,85,6855,0
1.5,XLS8,"[26, 51, 83, 87, 98, 126, 164, 255, 464, 482, 493, 692, 696, 769, 799, 804, 870, 921, 951, 961, 1006, 1253, 1367, 1512, 1530, 1540, 1600, 1867, 1874, 1894, 2021, 2032, 2205, 2280, 2326, 2395, 2616, 2626, 2749, 2865, 2893, 2996, 3004, 3134, 3154, 3450, 3467, 3472, 3505, 3539, 3567, 3572, 3722, 3762, 3938, 3957, 3963, 4181, 4262, 4468, 4473, 4498, 4503, 4563, 4856, 4899, 4914, 4918, 4931, 5021, 5120, 5175, 5367, 5403, 5432, 5594, 5618, 5637, 5708, 5749, 5777, 5787, 5849, 5912, 5946, 6007, 6113, 6119, 6325, 6350, 6357, 6381, 6468, 6727, 6776, 6913, 6931, 6941, 7000, 7135, 7144, 7181, 7224, 7381, 7470, 7668, 7767, 7833, 7843, 7933, 8001, 8024, 8060, 8071, 8274, 8292, 8411, 8508, 8542, 8583, 9014, 9159, 9241, 9259, 9269, 9325, 9329, 9475, 9584, 9727, 9789, 9832, 9886, 9909, 10044, 10214, 10366, 10413, 10549, 10559, 10568, 10634, 10698, 10791, 10822, 10967, 10977, 10988, 11108, 11229, 11330, 11411, 11639, 11694, 11730, 11757, 11874, 11936, 11957, 11993, 12079, 12105, 12177, 12265, 12342, 12388, 12504, 12509, 12527, 12537, 12596, 12764, 12797, 12978, 13006, 13016, 13023, 13052, 13074, 13088, 13107, 13234, 13308]","[2032, 3938, 5912, 7381, 12177]","[26, 51, 83, 87, 98, 126, 164, 255, 464, 482, 493, 692, 696, 769, 799, 804, 870, 921, 951, 961, 1006, 1253, 1367, 1512, 1530, 1540, 1600, 1867, 1874, 1894, 2021, 2205, 2280, 2326, 2395, 2616, 2626, 2749, 2865, 2893, 2996, 3004, 3134, 3154, 3450, 3467, 3472, 3505, 3539, 3567, 3572, 3722, 3762, 3957, 3963, 4181, 4262, 4468, 4473, 4498, 4503, 4563, 4856, 4899, 4914, 4918, 4931, 5021, 5120, 5175, 5367, 5403, 5432, 5594, 5618, 5637, 5708, 5749, 5777, 5787, 5849, 5946, 6007, 6113, 6119, 6325, 6350, 6357, 6381, 6468, 6727, 6776, 6913, 6931, 6941, 7000, 7135, 7144, 7181, 7224, 7470, 7668, 7767, 7833, 7843, 7933, 8001, 8024, 8060, 8071, 8274, 8292, 8411, 8508, 8542, 8583, 9014, 9159, 9241, 9259, 9269, 9325, 9329, 9475, 9584, 9727, 9789, 9832, 9886, 9909, 10044, 10214, 10366, 10413, 10549, 10559, 10568, 10634, 10698, 10791, 10822, 10967, 10977, 10988, 11108, 11229, 11330, 11411, 11639, 11694, 11730, 11757, 11874, 11936, 11957, 11993, 12079, 12105, 12265, 12342, 12388, 12504, 12509, 12527, 12537, 12596, 12764, 12797, 12978, 13006, 13016, 13023, 13052, 13074, 13088, 13107, 13234, 13308]","[2032, 3938, 5912, 7381, 12177]",13512,183,13329,5,178,13329,0
1.5,XLTUBAG,"[8, 21, 272, 298, 383, 400, 457, 482, 591, 595, 612, 678, 682, 721, 725, 739, 749, 902, 984, 1017, 1023, 1030, 1280, 1323, 1454, 1499, 1507, 1541, 1555, 1607, 1613, 1637, 1680, 1732, 1760, 1877, 1885, 1978, 1998, 2006, 2020, 2048, 2079, 2381, 2440, 2451, 2516, 2610, 2788, 2842, 2870, 2938, 2983, 3080, 3094, 3108, 3268, 3435, 3610, 3626, 3684, 3691, 3727, 3744, 3950, 3998, 4020, 4024, 4179, 4199, 4203, 4212, 4224, 4287, 4401, 4495, 4564, 4585, 4775, 4802, 4898, 4907, 4933, 5039, 5048, 5074, 5214, 5313, 5431, 5551, 5575, 5674, 5708, 5993, 6161, 6290, 6297, 6312, 6345, 6353, 6365, 6421, 6494, 6506, 6510, 6577, 6604, 6608, 6612, 6618, 6630, 6686, 6690]","[678, 4401, 5575]","[8, 21, 272, 298, 383, 400, 457, 482, 591, 595, 612, 682, 721, 725, 739, 749, 902, 984, 1017, 1023, 1030, 1280, 1323, 1454, 1499, 1507, 1541, 1555, 1607, 1613, 1637, 1680, 1732, 1760, 1877, 1885, 1978, 1998, 2006, 2020, 2048, 2079, 2381, 2440, 2451, 2516, 2610, 2788, 2842, 2870, 2938, 2983, 3080, 3094, 3108, 3268, 3435, 3610, 3626, 3684, 3691, 3727, 3744, 3950, 3998, 4020, 4024, 4179, 4199, 4203, 4212, 4224, 4287, 4495, 4564, 4585, 4775, 4802, 4898, 4907, 4933, 5039, 5048, 5074, 5214, 5313, 5431, 5551, 5674, 5708, 5993, 6161, 6290, 6297, 6312, 6345, 6353, 6365, 6421, 6494, 6506, 6510, 6577, 6604, 6608, 6612, 6618, 6630, 6686, 6690]","[678, 4401, 5575]",6888,113,6775,3,110,6775,0
1.5,XLXANF1A,"[255, 317, 446, 472, 521, 596, 611, 1007, 1112, 1460, 1656, 1789, 1917, 1960, 2026, 2204, 2318, 2431, 2445, 2578, 2631, 2647, 2706, 3255, 3259, 3412, 4227, 4351, 4373, 4472, 4478, 4512, 4516, 4595, 4631, 4688, 4698, 4722, 4751, 4760, 4857]","[1460, 1960, 2706]","[255, 317, 446, 472, 521, 596, 611, 1007, 1112, 1656, 1789, 1917, 2026, 2204, 2318, 2431, 2445, 2578, 2631, 2647, 3255, 3259, 3412, 4227, 4351, 4373, 4472, 4478, 4512, 4516, 4595, 4631, 4688, 4698, 4722, 4751, 4760, 4857]","[1460, 1960, 2706]",4878,41,4837,3,38,4837,0
1.5,XTGLA,"[158, 235, 269, 286, 298, 380, 419, 458, 538, 652, 731, 1136, 1277, 1323, 1544, 1752, 1850, 2034, 2045, 2162, 2227, 2283, 2288, 2316, 2338, 2343, 2539, 2838, 2848, 2853, 2861, 3148, 3340, 3465, 3488, 3493, 3561, 3599, 3604, 3784, 3878, 4013, 4229, 4248, 4344, 4437, 4443, 4468, 4482, 4720, 4804]","[731, 2838]","[158, 235, 269, 286, 298, 380, 419, 458, 538, 652, 1136, 1277, 1323, 1544, 1752, 1850, 2034, 2045, 2162, 2227, 2283, 2288, 2316, 2338, 2343, 2539, 2848, 2853, 2861, 3148, 3340, 3465, 3488, 3493, 3561, 3599, 3604, 3784, 3878, 4013, 4229, 4248, 4344, 4437, 4443, 4468, 4482, 4720, 4804]","[731, 2838]",4838,51,4787,2,49,4787,0
1.5,XTGLAA,"[377, 416, 541, 643, 656, 719, 785, 830, 836, 840, 908, 1005, 1036, 1156, 1215, 1411, 1493, 1844]","[1036, 1411]","[377, 416, 541, 643, 656, 719, 785, 830, 836, 840, 908, 1005, 1156, 1215, 1493, 1844]","[1036, 1411]",1992,18,1974,2,16,1974,0
1.5,XTGLB,"[21, 92, 169, 212, 389, 393, 510, 644, 690, 760, 770, 822, 885, 972, 1398, 1456, 1726, 1823, 1905, 2097, 2175, 2241, 2384, 2643, 2764, 2836, 3061, 3149, 3273, 3406, 3539, 3599, 3634, 3685, 3769, 3995, 4022, 4034]","[2384, 2836]","[21, 92, 169, 212, 389, 393, 510, 644, 690, 760, 770, 822, 885, 972, 1398, 1456, 1726, 1823, 1905, 2097, 2175, 2241, 2643, 2764, 3061, 3149, 3273, 3406, 3539, 3599, 3634, 3685, 3769, 3995, 4022, 4034]","[2384, 2836]",4043,38,4005,2,36,4005,0
1.5,ZEFB2MICB,"[9, 79, 134, 288, 300, 304, 383, 432, 474, 532, 542, 567, 684, 686, 724, 954, 985, 1039, 1187, 1309, 1323, 1345, 1409, 1439, 1679, 1779, 1846, 1878]","[304, 1187]","[9, 79, 134, 288, 300, 383, 432, 474, 532, 542, 567, 684, 686, 724, 954, 985, 1039, 1309, 1323, 1345, 1409, 1439, 1679, 1779, 1846, 1878]","[304, 1187]",2193,28,2165,2,26,2165,0
