Threshold,Locus,Predict Sites,Positive Sites,Negative Sites,Actual Donor Sites,Predict Num,Predict Positive Num,Predict Negative Num,TP,FP,TN,FN
-4.0,ACU08131,"[14, 71, 117, 137, 139, 159, 266, 288, 297, 323, 327, 342, 356, 365, 388, 464, 503, 506, 534, 552, 558, 611, 643, 674, 699, 711, 729, 751, 764, 766, 784, 788, 791, 814, 825, 827, 846, 850, 856, 862, 864, 870, 881, 883, 889, 895, 904, 926, 965, 984, 995, 1001, 1003, 1005, 1007, 1010, 1025, 1079, 1108, 1126, 1141, 1144, 1169, 1174, 1180, 1231, 1256, 1264, 1274, 1283, 1285, 1329, 1331, 1333, 1351, 1361, 1364, 1382, 1395, 1421, 1438, 1442, 1477, 1480, 1513, 1524, 1553, 1587, 1604, 1655, 1665, 1695, 1703, 1709, 1725, 1736, 1787, 1789, 1812, 1826, 1842, 1861, 1877, 1887, 1908, 1911, 1914, 1935, 1940, 1959, 1971, 1983, 1985, 1988, 1995, 2013, 2026, 2030, 2034, 2036, 2041, 2080, 2105, 2116, 2135, 2155, 2180, 2184, 2201, 2213, 2237, 2246, 2253, 2261, 2263, 2267, 2270, 2309, 2351, 2381, 2389, 2423, 2439, 2458, 2476, 2499, 2504, 2538, 2542, 2545, 2548, 2572, 2592, 2595, 2599, 2609, 2638, 2670, 2678, 2685, 2691, 2703, 2705, 2710, 2739, 2759, 2783, 2785, 2788, 2799, 2804, 2808, 2819, 2824, 2841, 2846, 2879, 2902, 2967, 2980, 2982, 2987, 2991, 3012, 3024, 3033, 3037, 3043, 3102, 3110, 3210, 3222, 3225, 3230, 3243, 3281, 3285, 3298, 3300, 3303, 3337, 3341, 3406, 3428, 3515, 3520, 3559, 3579, 3610, 3612, 3622, 3625, 3628, 3670, 3680, 3781, 3799, 3809, 3811, 3819, 3826, 3834, 3847, 3872, 3898, 3900, 3908, 3915, 3940, 3943, 3961, 3983, 3985, 4039, 4045, 4054, 4056, 4072, 4131, 4136, 4168, 4210, 4219, 4234, 4307, 4433, 4441, 4453, 4473, 4505, 4513, 4564, 4566, 4569, 4591, 4596, 4610, 4618, 4661, 4688, 4697, 4711, 4720, 4809, 4857, 4867, 4877, 4907, 4911, 4921, 4923, 4927, 4940, 4965, 4972, 4993, 5027, 5044, 5081, 5088, 5090, 5107, 5110, 5112, 5171, 5177, 5208, 5216, 5221, 5287, 5289, 5314, 5325, 5334, 5346, 5353, 5362, 5377]",[],"[14, 71, 117, 137, 139, 159, 266, 288, 297, 323, 327, 342, 356, 365, 388, 464, 503, 506, 534, 552, 558, 611, 643, 674, 699, 711, 729, 751, 764, 766, 784, 788, 791, 814, 825, 827, 846, 850, 856, 862, 864, 870, 881, 883, 889, 895, 904, 926, 965, 984, 995, 1001, 1003, 1005, 1007, 1010, 1025, 1079, 1108, 1126, 1141, 1144, 1169, 1174, 1180, 1231, 1256, 1264, 1274, 1283, 1285, 1329, 1331, 1333, 1351, 1361, 1364, 1382, 1395, 1421, 1438, 1442, 1477, 1480, 1513, 1524, 1553, 1587, 1604, 1655, 1665, 1695, 1703, 1709, 1725, 1736, 1787, 1789, 1812, 1826, 1842, 1861, 1877, 1887, 1908, 1911, 1914, 1935, 1940, 1959, 1971, 1983, 1985, 1988, 1995, 2013, 2026, 2030, 2034, 2036, 2041, 2080, 2105, 2116, 2135, 2155, 2180, 2184, 2201, 2213, 2237, 2246, 2253, 2261, 2263, 2267, 2270, 2309, 2351, 2381, 2389, 2423, 2439, 2458, 2476, 2499, 2504, 2538, 2542, 2545, 2548, 2572, 2592, 2595, 2599, 2609, 2638, 2670, 2678, 2685, 2691, 2703, 2705, 2710, 2739, 2759, 2783, 2785, 2788, 2799, 2804, 2808, 2819, 2824, 2841, 2846, 2879, 2902, 2967, 2980, 2982, 2987, 2991, 3012, 3024, 3033, 3037, 3043, 3102, 3110, 3210, 3222, 3225, 3230, 3243, 3281, 3285, 3298, 3300, 3303, 3337, 3341, 3406, 3428, 3515, 3520, 3559, 3579, 3610, 3612, 3622, 3625, 3628, 3670, 3680, 3781, 3799, 3809, 3811, 3819, 3826, 3834, 3847, 3872, 3898, 3900, 3908, 3915, 3940, 3943, 3961, 3983, 3985, 4039, 4045, 4054, 4056, 4072, 4131, 4136, 4168, 4210, 4219, 4234, 4307, 4433, 4441, 4453, 4473, 4505, 4513, 4564, 4566, 4569, 4591, 4596, 4610, 4618, 4661, 4688, 4697, 4711, 4720, 4809, 4857, 4867, 4877, 4907, 4911, 4921, 4923, 4927, 4940, 4965, 4972, 4993, 5027, 5044, 5081, 5088, 5090, 5107, 5110, 5112, 5171, 5177, 5208, 5216, 5221, 5287, 5289, 5314, 5325, 5334, 5346, 5353, 5362, 5377]","[642, 1363, 2029, 2803, 3798]",5385,298,5087,0,298,5082,5
-4.0,AGGGLINE,"[12, 23, 33, 39, 71, 81, 127, 150, 180, 201, 204, 206, 224, 248, 263, 301, 321, 344, 346, 356, 433, 443, 445, 447, 452, 474, 487, 490, 503, 545, 555, 565, 579, 591, 597, 599, 617, 631, 670, 690, 778, 806, 813, 817, 870, 885, 888, 902, 904, 909, 916, 936, 971, 973, 978, 994, 1005, 1023, 1030, 1032, 1038, 1083, 1254, 1268, 1290, 1299, 1316, 1369, 1379, 1391, 1439, 1453, 1467, 1520, 1534, 1572, 1578, 1606, 1612, 1614, 1814, 1827, 1907, 1923, 1940, 1955, 1967, 1978, 1981, 1987, 1989, 1991, 2002, 2021, 2032, 2035, 2050, 2052, 2086, 2128, 2217, 2230, 2251, 2253, 2326, 2336, 2348, 2359, 2406, 2423, 2432, 2491, 2540, 2606, 2622, 2659, 2680, 2686, 2698, 2777, 2790, 2796, 2832, 2854, 2879, 2940, 2947, 2964, 2968, 3008, 3031, 3056, 3071, 3111, 3121, 3127, 3159, 3169, 3215, 3238, 3268, 3289, 3292, 3294, 3312, 3336, 3370, 3385, 3391, 3458, 3470, 3484, 3505, 3509, 3531, 3541, 3572, 3601, 3626, 3633, 3671, 3674, 3679, 3696, 3741, 3744, 3778, 3783, 3851, 3901, 3914, 3946, 4024, 4026, 4036, 4058, 4066, 4078, 4082, 4089, 4091, 4093, 4095, 4099, 4103, 4105, 4107, 4116, 4118, 4120, 4122, 4124, 4134, 4136, 4148, 4171, 4175, 4178, 4212, 4254, 4281, 4303, 4310, 4314, 4316, 4318, 4321, 4350, 4361, 4371, 4374, 4406, 4412, 4418, 4457, 4481, 4490, 4497, 4555, 4612, 4618, 4621, 4625, 4652, 4666, 4672, 4686, 4690, 4692, 4694, 4710, 4712, 4714, 4718, 4721, 4723, 4725, 4757, 4761, 4791, 4803, 4813, 4821, 4834, 4836, 4850, 4896, 4917, 4922, 4934, 4952, 4964, 4982, 4984, 5001, 5007, 5025, 5048, 5074, 5080, 5120, 5122, 5132, 5176, 5188, 5219, 5229, 5233, 5238, 5260, 5276, 5289, 5308, 5328, 5333, 5340, 5344, 5350, 5358, 5364, 5371, 5374, 5379, 5393, 5399, 5450, 5558, 5586, 5593, 5597, 5600, 5649, 5664, 5667, 5681, 5688, 5695, 5715, 5752, 5754, 5759, 5775, 5786, 5804, 5811, 5813, 5865, 5907, 5930, 5935, 5948, 5955, 6007, 6103, 6154, 6164, 6177, 6233, 6236, 6249, 6263, 6267, 6278, 6330, 6388, 6392, 6394, 6413, 6422, 6428, 6430, 6438, 6449, 6452, 6471, 6477, 6484, 6508, 6549, 6556, 6572, 6584, 6586, 6619, 6646, 6653, 6676, 6722, 6731, 6751, 6781, 6799, 6888, 6907, 6926, 6936, 6981, 6985, 6993, 7049, 7055, 7061, 7084, 7124, 7130, 7163, 7187, 7195, 7204, 7218, 7295, 7301, 7305, 7319, 7340, 7347, 7353]",[],"[12, 23, 33, 39, 71, 81, 127, 150, 180, 201, 204, 206, 224, 248, 263, 301, 321, 344, 346, 356, 433, 443, 445, 447, 452, 474, 487, 490, 503, 545, 555, 565, 579, 591, 597, 599, 617, 631, 670, 690, 778, 806, 813, 817, 870, 885, 888, 902, 904, 909, 916, 936, 971, 973, 978, 994, 1005, 1023, 1030, 1032, 1038, 1083, 1254, 1268, 1290, 1299, 1316, 1369, 1379, 1391, 1439, 1453, 1467, 1520, 1534, 1572, 1578, 1606, 1612, 1614, 1814, 1827, 1907, 1923, 1940, 1955, 1967, 1978, 1981, 1987, 1989, 1991, 2002, 2021, 2032, 2035, 2050, 2052, 2086, 2128, 2217, 2230, 2251, 2253, 2326, 2336, 2348, 2359, 2406, 2423, 2432, 2491, 2540, 2606, 2622, 2659, 2680, 2686, 2698, 2777, 2790, 2796, 2832, 2854, 2879, 2940, 2947, 2964, 2968, 3008, 3031, 3056, 3071, 3111, 3121, 3127, 3159, 3169, 3215, 3238, 3268, 3289, 3292, 3294, 3312, 3336, 3370, 3385, 3391, 3458, 3470, 3484, 3505, 3509, 3531, 3541, 3572, 3601, 3626, 3633, 3671, 3674, 3679, 3696, 3741, 3744, 3778, 3783, 3851, 3901, 3914, 3946, 4024, 4026, 4036, 4058, 4066, 4078, 4082, 4089, 4091, 4093, 4095, 4099, 4103, 4105, 4107, 4116, 4118, 4120, 4122, 4124, 4134, 4136, 4148, 4171, 4175, 4178, 4212, 4254, 4281, 4303, 4310, 4314, 4316, 4318, 4321, 4350, 4361, 4371, 4374, 4406, 4412, 4418, 4457, 4481, 4490, 4497, 4555, 4612, 4618, 4621, 4625, 4652, 4666, 4672, 4686, 4690, 4692, 4694, 4710, 4712, 4714, 4718, 4721, 4723, 4725, 4757, 4761, 4791, 4803, 4813, 4821, 4834, 4836, 4850, 4896, 4917, 4922, 4934, 4952, 4964, 4982, 4984, 5001, 5007, 5025, 5048, 5074, 5080, 5120, 5122, 5132, 5176, 5188, 5219, 5229, 5233, 5238, 5260, 5276, 5289, 5308, 5328, 5333, 5340, 5344, 5350, 5358, 5364, 5371, 5374, 5379, 5393, 5399, 5450, 5558, 5586, 5593, 5597, 5600, 5649, 5664, 5667, 5681, 5688, 5695, 5715, 5752, 5754, 5759, 5775, 5786, 5804, 5811, 5813, 5865, 5907, 5930, 5935, 5948, 5955, 6007, 6103, 6154, 6164, 6177, 6233, 6236, 6249, 6263, 6267, 6278, 6330, 6388, 6392, 6394, 6413, 6422, 6428, 6430, 6438, 6449, 6452, 6471, 6477, 6484, 6508, 6549, 6556, 6572, 6584, 6586, 6619, 6646, 6653, 6676, 6722, 6731, 6751, 6781, 6799, 6888, 6907, 6926, 6936, 6981, 6985, 6993, 7049, 7055, 7061, 7084, 7124, 7130, 7163, 7187, 7195, 7204, 7218, 7295, 7301, 7305, 7319, 7340, 7347, 7353]","[3158, 3504]",7222,377,6845,0,377,6843,2
-4.0,AGU04852,"[28, 36, 41, 64, 87, 93, 131, 175, 184, 188, 249, 276, 285, 301, 319, 349, 383, 402, 433, 474, 492, 494, 510, 522, 537, 541, 562, 568, 620, 622, 632, 638, 654, 665, 676, 691, 723, 735, 745, 758, 768, 792, 798, 826, 839, 859, 869, 886, 911, 916, 955, 970, 975, 988, 1017, 1024, 1058, 1105, 1117, 1143, 1156, 1185, 1197, 1207, 1233, 1330, 1348, 1382, 1465, 1518, 1577, 1612, 1620, 1653, 1672, 1753, 1770, 1773, 1793, 1864, 1868, 1889, 1894, 1899, 1965, 1985, 2019, 2030, 2040, 2053, 2074, 2101, 2118, 2135, 2187, 2200, 2238, 2240, 2303, 2324, 2330, 2358, 2420, 2425, 2428, 2447, 2471, 2479, 2483, 2503, 2506, 2561, 2598, 2607, 2610, 2619, 2625, 2630, 2656, 2666, 2721, 2730, 2751, 2766, 2785, 2787, 2789, 2821, 2827, 2852, 2873, 2883, 2918, 2927, 2953, 2965, 2967, 2973, 2977, 3000, 3011, 3013, 3020, 3023, 3027, 3030, 3036, 3039, 3059, 3076, 3080, 3106, 3117, 3128, 3134, 3144, 3154, 3169, 3174, 3177, 3212, 3244, 3261, 3263, 3274, 3318, 3340, 3353, 3403, 3405, 3431, 3491, 3501, 3510, 3577, 3646, 3658, 3665, 3694, 3698, 3702, 3710, 3719, 3730, 3733, 3758, 3760, 3789, 3794, 3798, 3801, 3817, 3837, 3842, 3878, 3886, 3957, 3961, 3991, 4012, 4020, 4070, 4087, 4091, 4124, 4129, 4145, 4162, 4164, 4184, 4190, 4196, 4205, 4218, 4221, 4233, 4278, 4292, 4304, 4324, 4343, 4405, 4452, 4462, 4476, 4484, 4486, 4495, 4525, 4536, 4551, 4567, 4569, 4571, 4594, 4596, 4605, 4616, 4626, 4639, 4658, 4685, 4702, 4738, 4745, 4748, 4756, 4765, 4769, 4773, 4781, 4789, 4801, 4810, 4814, 4833, 4852, 4864, 4885, 4907, 4914, 4943, 4966, 4993, 5019, 5021, 5035, 5056, 5067, 5118, 5229, 5251, 5253, 5257, 5281, 5297, 5324, 5333, 5335, 5337, 5349, 5351, 5355, 5357, 5361, 5363, 5365, 5367, 5381, 5386, 5420, 5434, 5448, 5484, 5502, 5518, 5522, 5530, 5534, 5542, 5578, 5705, 5721, 5728, 5733, 5757, 5781, 5797, 5852, 5864, 5875, 5877, 5913, 5936, 5956, 5977, 5980, 5988, 6003, 6009, 6011, 6054, 6067, 6091, 6102, 6114, 6154, 6181, 6204, 6211, 6225, 6229, 6255, 6358, 6360, 6384, 6396, 6423, 6436, 6454, 6458, 6479, 6618, 6637, 6659, 6668, 6670, 6694, 6710, 6732, 6741, 6745, 6776, 6839, 6850, 6879, 6884, 6900, 6910, 6918, 6923, 6959, 6989, 7021, 7053, 7092, 7106, 7129, 7145, 7204, 7247, 7290, 7340, 7352, 7368, 7396, 7414, 7423, 7442, 7510, 7535, 7540, 7552, 7567, 7617, 7619, 7637, 7641, 7670, 7686, 7733, 7868, 7886, 7901, 7904, 7928, 7961, 7967, 7979, 8018, 8025, 8027, 8031, 8036, 8038, 8086, 8090, 8102, 8123, 8147, 8177, 8214, 8224, 8230, 8253, 8265, 8276, 8299, 8302, 8337, 8342, 8350, 8355, 8357, 8359, 8363, 8390, 8434, 8477, 8487, 8506, 8521, 8539, 8543, 8575, 8580, 8582, 8587, 8618, 8625, 8636, 8643, 8654, 8695, 8707, 8712, 8740, 8746, 8758, 8775, 8784, 8818, 8822, 8836, 8855, 8878, 8882, 8901, 8920, 8935, 8953, 8962, 9026, 9036, 9040, 9084, 9112, 9146, 9177, 9216, 9247, 9254, 9262, 9267, 9279, 9340, 9366, 9381, 9397, 9423, 9521, 9539, 9558, 9572, 9609, 9623, 9633, 9670, 9706, 9741, 9763, 9783, 9790, 9811, 9822, 9830, 9836, 9846, 9857, 9874, 9876, 9909, 9911, 9948, 10030, 10075, 10113, 10167, 10275, 10282, 10310, 10324, 10326, 10362, 10400, 10416, 10423, 10432, 10467, 10484, 10527, 10554, 10564, 10587, 10590, 10611, 10614, 10616, 10737, 10754, 10775, 10781, 10813, 10821, 10859, 10899, 10903, 10923, 10935, 10938, 10952, 10955, 10962]",[],"[28, 36, 41, 64, 87, 93, 131, 175, 184, 188, 249, 276, 285, 301, 319, 349, 383, 402, 433, 474, 492, 494, 510, 522, 537, 541, 562, 568, 620, 622, 632, 638, 654, 665, 676, 691, 723, 735, 745, 758, 768, 792, 798, 826, 839, 859, 869, 886, 911, 916, 955, 970, 975, 988, 1017, 1024, 1058, 1105, 1117, 1143, 1156, 1185, 1197, 1207, 1233, 1330, 1348, 1382, 1465, 1518, 1577, 1612, 1620, 1653, 1672, 1753, 1770, 1773, 1793, 1864, 1868, 1889, 1894, 1899, 1965, 1985, 2019, 2030, 2040, 2053, 2074, 2101, 2118, 2135, 2187, 2200, 2238, 2240, 2303, 2324, 2330, 2358, 2420, 2425, 2428, 2447, 2471, 2479, 2483, 2503, 2506, 2561, 2598, 2607, 2610, 2619, 2625, 2630, 2656, 2666, 2721, 2730, 2751, 2766, 2785, 2787, 2789, 2821, 2827, 2852, 2873, 2883, 2918, 2927, 2953, 2965, 2967, 2973, 2977, 3000, 3011, 3013, 3020, 3023, 3027, 3030, 3036, 3039, 3059, 3076, 3080, 3106, 3117, 3128, 3134, 3144, 3154, 3169, 3174, 3177, 3212, 3244, 3261, 3263, 3274, 3318, 3340, 3353, 3403, 3405, 3431, 3491, 3501, 3510, 3577, 3646, 3658, 3665, 3694, 3698, 3702, 3710, 3719, 3730, 3733, 3758, 3760, 3789, 3794, 3798, 3801, 3817, 3837, 3842, 3878, 3886, 3957, 3961, 3991, 4012, 4020, 4070, 4087, 4091, 4124, 4129, 4145, 4162, 4164, 4184, 4190, 4196, 4205, 4218, 4221, 4233, 4278, 4292, 4304, 4324, 4343, 4405, 4452, 4462, 4476, 4484, 4486, 4495, 4525, 4536, 4551, 4567, 4569, 4571, 4594, 4596, 4605, 4616, 4626, 4639, 4658, 4685, 4702, 4738, 4745, 4748, 4756, 4765, 4769, 4773, 4781, 4789, 4801, 4810, 4814, 4833, 4852, 4864, 4885, 4907, 4914, 4943, 4966, 4993, 5019, 5021, 5035, 5056, 5067, 5118, 5229, 5251, 5253, 5257, 5281, 5297, 5324, 5333, 5335, 5337, 5349, 5351, 5355, 5357, 5361, 5363, 5365, 5367, 5381, 5386, 5420, 5434, 5448, 5484, 5502, 5518, 5522, 5530, 5534, 5542, 5578, 5705, 5721, 5728, 5733, 5757, 5781, 5797, 5852, 5864, 5875, 5877, 5913, 5936, 5956, 5977, 5980, 5988, 6003, 6009, 6011, 6054, 6067, 6091, 6102, 6114, 6154, 6181, 6204, 6211, 6225, 6229, 6255, 6358, 6360, 6384, 6396, 6423, 6436, 6454, 6458, 6479, 6618, 6637, 6659, 6668, 6670, 6694, 6710, 6732, 6741, 6745, 6776, 6839, 6850, 6879, 6884, 6900, 6910, 6918, 6923, 6959, 6989, 7021, 7053, 7092, 7106, 7129, 7145, 7204, 7247, 7290, 7340, 7352, 7368, 7396, 7414, 7423, 7442, 7510, 7535, 7540, 7552, 7567, 7617, 7619, 7637, 7641, 7670, 7686, 7733, 7868, 7886, 7901, 7904, 7928, 7961, 7967, 7979, 8018, 8025, 8027, 8031, 8036, 8038, 8086, 8090, 8102, 8123, 8147, 8177, 8214, 8224, 8230, 8253, 8265, 8276, 8299, 8302, 8337, 8342, 8350, 8355, 8357, 8359, 8363, 8390, 8434, 8477, 8487, 8506, 8521, 8539, 8543, 8575, 8580, 8582, 8587, 8618, 8625, 8636, 8643, 8654, 8695, 8707, 8712, 8740, 8746, 8758, 8775, 8784, 8818, 8822, 8836, 8855, 8878, 8882, 8901, 8920, 8935, 8953, 8962, 9026, 9036, 9040, 9084, 9112, 9146, 9177, 9216, 9247, 9254, 9262, 9267, 9279, 9340, 9366, 9381, 9397, 9423, 9521, 9539, 9558, 9572, 9609, 9623, 9633, 9670, 9706, 9741, 9763, 9783, 9790, 9811, 9822, 9830, 9836, 9846, 9857, 9874, 9876, 9909, 9911, 9948, 10030, 10075, 10113, 10167, 10275, 10282, 10310, 10324, 10326, 10362, 10400, 10416, 10423, 10432, 10467, 10484, 10527, 10554, 10564, 10587, 10590, 10611, 10614, 10616, 10737, 10754, 10775, 10781, 10813, 10821, 10859, 10899, 10903, 10923, 10935, 10938, 10952, 10955, 10962]","[3956, 5517, 5912, 6740]",10977,543,10434,0,543,10430,4
-4.0,ALOEGLOBIM,"[22, 56, 149, 190, 206, 222, 238, 245, 248, 272, 291, 304, 317, 332, 335, 347, 368, 371, 415, 449, 470, 537, 549, 556, 563, 584, 588, 600, 605, 611, 642, 689, 721, 723, 756, 762, 812, 814, 831, 844, 852, 894, 926, 941, 955, 1031, 1036, 1044, 1050, 1054, 1060, 1066, 1116, 1138, 1155, 1171, 1177, 1183, 1194, 1201, 1251, 1272, 1279, 1285, 1288, 1298, 1302, 1336, 1352, 1367, 1369, 1377, 1400, 1405, 1411, 1443, 1456, 1480, 1482, 1489, 1505, 1512, 1522, 1533, 1541, 1543, 1549, 1605, 1611, 1621, 1635, 1670, 1678]",[],"[22, 56, 149, 190, 206, 222, 238, 245, 248, 272, 291, 304, 317, 332, 335, 347, 368, 371, 415, 449, 470, 537, 549, 556, 563, 584, 588, 600, 605, 611, 642, 689, 721, 723, 756, 762, 812, 814, 831, 844, 852, 894, 926, 941, 955, 1031, 1036, 1044, 1050, 1054, 1060, 1066, 1116, 1138, 1155, 1171, 1177, 1183, 1194, 1201, 1251, 1272, 1279, 1285, 1288, 1298, 1302, 1336, 1352, 1367, 1369, 1377, 1400, 1405, 1411, 1443, 1456, 1480, 1482, 1489, 1505, 1512, 1522, 1533, 1541, 1543, 1549, 1605, 1611, 1621, 1635, 1670, 1678]","[237, 583]",1684,93,1591,0,93,1589,2
-4.0,ALOEGLOBIN,"[22, 48, 56, 149, 190, 206, 222, 238, 248, 272, 304, 332, 335, 347, 368, 371, 415, 449, 470, 537, 549, 556, 563, 584, 588, 600, 605, 642, 689, 721, 723, 756, 762, 812, 814, 831, 844, 852, 894, 926, 941, 955, 1031, 1036, 1044, 1050, 1054, 1060, 1066, 1116, 1138, 1155, 1171, 1177, 1183, 1187, 1194, 1201, 1251, 1272, 1279, 1285, 1288, 1298, 1302, 1336, 1352, 1367, 1369, 1377, 1400, 1405, 1411, 1443, 1456, 1480, 1482, 1489, 1505, 1512, 1522, 1533, 1541, 1543, 1549, 1605, 1611, 1621, 1635, 1670, 1678, 1680]",[],"[22, 48, 56, 149, 190, 206, 222, 238, 248, 272, 304, 332, 335, 347, 368, 371, 415, 449, 470, 537, 549, 556, 563, 584, 588, 600, 605, 642, 689, 721, 723, 756, 762, 812, 814, 831, 844, 852, 894, 926, 941, 955, 1031, 1036, 1044, 1050, 1054, 1060, 1066, 1116, 1138, 1155, 1171, 1177, 1183, 1187, 1194, 1201, 1251, 1272, 1279, 1285, 1288, 1298, 1302, 1336, 1352, 1367, 1369, 1377, 1400, 1405, 1411, 1443, 1456, 1480, 1482, 1489, 1505, 1512, 1522, 1533, 1541, 1543, 1549, 1605, 1611, 1621, 1635, 1670, 1678, 1680]","[237, 583]",1684,92,1592,0,92,1590,2
-4.0,ALOPROTP1A,"[8, 11, 27, 60, 122, 167, 171, 187, 197, 268, 274, 282, 322]",[],"[8, 11, 27, 60, 122, 167, 171, 187, 197, 268, 274, 282, 322]",[166],411,13,398,0,13,397,1
-4.0,AMU12024,"[86, 120, 141, 179, 181, 220, 230, 258, 283, 324, 327, 350, 412, 421, 445, 448, 460, 473, 478, 484, 498, 535, 568, 587, 589, 633, 637, 648, 655, 657, 661, 665, 668, 672, 674, 676, 681, 730, 744, 769, 822, 848, 873, 881, 895, 921, 923, 930, 956, 966, 1068, 1085, 1099, 1109, 1111, 1121, 1126, 1134, 1144, 1160, 1173, 1233, 1247, 1262, 1282, 1296, 1301, 1403, 1412, 1445, 1459, 1468, 1538, 1574, 1584, 1588, 1595, 1605, 1608, 1620, 1634, 1651, 1660, 1696, 1709, 1712, 1743, 1746, 1749, 1751, 1770, 1798, 1818, 1835, 1865, 1903, 1961, 1975, 1990, 2001, 2003, 2008, 2014, 2028, 2065, 2078, 2106, 2113, 2127, 2164, 2167, 2184, 2195, 2243, 2269, 2294, 2296, 2306, 2309, 2312, 2333, 2335, 2375, 2385, 2436, 2465, 2483, 2522, 2540, 2553, 2566, 2576, 2588, 2596, 2606, 2624, 2648, 2650, 2686, 2707, 2733, 2756, 2802, 2828, 2837, 2882, 2887, 2893, 2907, 2918, 2920, 2953, 2986, 3005, 3019, 3026, 3039, 3054, 3059, 3068, 3080, 3088, 3112, 3139, 3166, 3168, 3179, 3184, 3209, 3238, 3249, 3268, 3296, 3307, 3320, 3333, 3351, 3372, 3386, 3392, 3396, 3440, 3459, 3478, 3519, 3541, 3569, 3574, 3576, 3578, 3598, 3607, 3609, 3611]",[],"[86, 120, 141, 179, 181, 220, 230, 258, 283, 324, 327, 350, 412, 421, 445, 448, 460, 473, 478, 484, 498, 535, 568, 587, 589, 633, 637, 648, 655, 657, 661, 665, 668, 672, 674, 676, 681, 730, 744, 769, 822, 848, 873, 881, 895, 921, 923, 930, 956, 966, 1068, 1085, 1099, 1109, 1111, 1121, 1126, 1134, 1144, 1160, 1173, 1233, 1247, 1262, 1282, 1296, 1301, 1403, 1412, 1445, 1459, 1468, 1538, 1574, 1584, 1588, 1595, 1605, 1608, 1620, 1634, 1651, 1660, 1696, 1709, 1712, 1743, 1746, 1749, 1751, 1770, 1798, 1818, 1835, 1865, 1903, 1961, 1975, 1990, 2001, 2003, 2008, 2014, 2028, 2065, 2078, 2106, 2113, 2127, 2164, 2167, 2184, 2195, 2243, 2269, 2294, 2296, 2306, 2309, 2312, 2333, 2335, 2375, 2385, 2436, 2465, 2483, 2522, 2540, 2553, 2566, 2576, 2588, 2596, 2606, 2624, 2648, 2650, 2686, 2707, 2733, 2756, 2802, 2828, 2837, 2882, 2887, 2893, 2907, 2918, 2920, 2953, 2986, 3005, 3019, 3026, 3039, 3054, 3059, 3068, 3080, 3088, 3112, 3139, 3166, 3168, 3179, 3184, 3209, 3238, 3249, 3268, 3296, 3307, 3320, 3333, 3351, 3372, 3386, 3392, 3396, 3440, 3459, 3478, 3519, 3541, 3569, 3574, 3576, 3578, 3598, 3607, 3609, 3611]","[257, 667, 1864, 2126, 2482]",3645,194,3451,0,194,3446,5
-4.0,AMU12025,"[38, 50, 53, 79, 92, 101, 113, 121, 179, 191, 206, 242, 270, 272, 279, 290, 293, 296, 302, 313, 322, 328, 386, 429, 454, 460, 502, 511, 528, 530, 548, 566, 572, 577, 589, 600, 611, 617, 620, 622, 636, 641, 730, 794, 796, 801, 807, 831, 835, 844, 846, 855, 860, 887, 889, 891, 930, 1005, 1019, 1033, 1035, 1050, 1057, 1081, 1085, 1128, 1136, 1144, 1222, 1243, 1248, 1265, 1290, 1334, 1336, 1375, 1381, 1385, 1413, 1417, 1429, 1486, 1500, 1518, 1575, 1608, 1611, 1636, 1641, 1647, 1661, 1698, 1731, 1750, 1752, 1754, 1764, 1796, 1818, 1820, 1824, 1828, 1831, 1835, 1887, 1892, 1906, 1917, 1936, 1940, 1942, 1945, 1975, 1977, 1998, 2008, 2011, 2015, 2021, 2029, 2037, 2073, 2116, 2140, 2163, 2182, 2199, 2213, 2251, 2261, 2275, 2302, 2304, 2315, 2360, 2373, 2383, 2453, 2461, 2486, 2499, 2502, 2533, 2536, 2539, 2541, 2555, 2560, 2625, 2655, 2659, 2678, 2690, 2692, 2706, 2710, 2737, 2751, 2766, 2777, 2779, 2790, 2804, 2819, 2841, 2858, 2882, 2903, 2917, 2931, 2936, 2982, 2990, 3012, 3039, 3065, 3090, 3092, 3102, 3105, 3108, 3131, 3181, 3232, 3261, 3279, 3304, 3314, 3316, 3318, 3337, 3344, 3346, 3348, 3379, 3381, 3425, 3434, 3442, 3444, 3466, 3522, 3530, 3554, 3564, 3613, 3624, 3637, 3650, 3668, 3689, 3691, 3767, 3786, 3805, 3872, 3898, 3900, 3936, 3939, 3946, 4101, 4103, 4121, 4135, 4142, 4158, 4163, 4212, 4215, 4264, 4299, 4316, 4331, 4346, 4353, 4357, 4426, 4437, 4465, 4482, 4486, 4518, 4526, 4542, 4565, 4567, 4595, 4611, 4634, 4639, 4644, 4660, 4731, 4737, 4768, 4775, 4786, 4788, 4839, 4855, 4861, 4888, 4932, 5003, 5013, 5016, 5033, 5039, 5074, 5101, 5122, 5129, 5136, 5173, 5237, 5253, 5268, 5275, 5282, 5314, 5335, 5346, 5368, 5370, 5375, 5378]",[],"[38, 50, 53, 79, 92, 101, 113, 121, 179, 191, 206, 242, 270, 272, 279, 290, 293, 296, 302, 313, 322, 328, 386, 429, 454, 460, 502, 511, 528, 530, 548, 566, 572, 577, 589, 600, 611, 617, 620, 622, 636, 641, 730, 794, 796, 801, 807, 831, 835, 844, 846, 855, 860, 887, 889, 891, 930, 1005, 1019, 1033, 1035, 1050, 1057, 1081, 1085, 1128, 1136, 1144, 1222, 1243, 1248, 1265, 1290, 1334, 1336, 1375, 1381, 1385, 1413, 1417, 1429, 1486, 1500, 1518, 1575, 1608, 1611, 1636, 1641, 1647, 1661, 1698, 1731, 1750, 1752, 1754, 1764, 1796, 1818, 1820, 1824, 1828, 1831, 1835, 1887, 1892, 1906, 1917, 1936, 1940, 1942, 1945, 1975, 1977, 1998, 2008, 2011, 2015, 2021, 2029, 2037, 2073, 2116, 2140, 2163, 2182, 2199, 2213, 2251, 2261, 2275, 2302, 2304, 2315, 2360, 2373, 2383, 2453, 2461, 2486, 2499, 2502, 2533, 2536, 2539, 2541, 2555, 2560, 2625, 2655, 2659, 2678, 2690, 2692, 2706, 2710, 2737, 2751, 2766, 2777, 2779, 2790, 2804, 2819, 2841, 2858, 2882, 2903, 2917, 2931, 2936, 2982, 2990, 3012, 3039, 3065, 3090, 3092, 3102, 3105, 3108, 3131, 3181, 3232, 3261, 3279, 3304, 3314, 3316, 3318, 3337, 3344, 3346, 3348, 3379, 3381, 3425, 3434, 3442, 3444, 3466, 3522, 3530, 3554, 3564, 3613, 3624, 3637, 3650, 3668, 3689, 3691, 3767, 3786, 3805, 3872, 3898, 3900, 3936, 3939, 3946, 4101, 4103, 4121, 4135, 4142, 4158, 4163, 4212, 4215, 4264, 4299, 4316, 4331, 4346, 4353, 4357, 4426, 4437, 4465, 4482, 4486, 4518, 4526, 4542, 4565, 4567, 4595, 4611, 4634, 4639, 4644, 4660, 4731, 4737, 4768, 4775, 4786, 4788, 4839, 4855, 4861, 4888, 4932, 5003, 5013, 5016, 5033, 5039, 5074, 5101, 5122, 5129, 5136, 5173, 5237, 5253, 5268, 5275, 5282, 5314, 5335, 5346, 5368, 5370, 5375, 5378]","[1412, 1830, 2654, 2902, 3278]",5376,287,5089,0,287,5084,5
-4.0,AOIRHODOPS,"[16, 45, 47, 76, 82, 114, 123, 131, 142, 146, 155, 175, 207, 229, 236, 256, 297, 307, 312, 315, 328, 372, 377, 379, 385, 396, 398, 404, 411, 435, 441, 448, 463, 471, 486, 500, 519, 543, 545, 576, 621, 628, 658, 665, 672, 692, 696, 706, 742, 750, 766, 769, 797, 831, 855, 857, 875, 881, 895, 922, 931, 980, 1004, 1028, 1066, 1073, 1081, 1105, 1116, 1130, 1166, 1173, 1279, 1315, 1322, 1336, 1372, 1380, 1394, 1396, 1399, 1416, 1425, 1449, 1473, 1522, 1582, 1600, 1626, 1663, 1703, 1707, 1709, 1750, 1759, 1761, 1768, 1777, 1779, 1821, 1826, 1834, 1858, 1908, 1914, 1926, 1954, 1958, 1970, 1974, 1983, 1990, 1997, 2026, 2033, 2041, 2052, 2063, 2073, 2103, 2120, 2134, 2181, 2241, 2265, 2298, 2300, 2306, 2382, 2471, 2480, 2493, 2529, 2570, 2578, 2585, 2614, 2623, 2626, 2679, 2684, 2703, 2708, 2710, 2734, 2755, 2759, 2787, 2808, 2813, 2817, 2837, 2839, 2856, 2862, 2865, 2871, 2878, 2901, 2921, 2934, 2937, 2943, 2950, 2969, 3013, 3090, 3096, 3112, 3114, 3120, 3140, 3159, 3186, 3203, 3205, 3207, 3252, 3256, 3292, 3333, 3354, 3398, 3419, 3440, 3443, 3466, 3477, 3489, 3514, 3552, 3567, 3576, 3626, 3691, 3693, 3749, 3801, 3812, 3830, 3915, 3922, 3925, 3927, 3934, 3946, 3949, 3977, 4006, 4010, 4037, 4043, 4062, 4068, 4072, 4092, 4107, 4110, 4186, 4248, 4257, 4264, 4272, 4279, 4290, 4293, 4295, 4308, 4315, 4317, 4337, 4379, 4386, 4392, 4431, 4459, 4465, 4473, 4480, 4507, 4510, 4545, 4579, 4599, 4611, 4616, 4625, 4659, 4668, 4712, 4745, 4813, 4830, 4841, 4845, 4850, 4863, 4865, 4879, 4882, 4891, 4901, 4927, 4934, 4954, 4964, 4968, 5015, 5060, 5090, 5117, 5121, 5131, 5135, 5155, 5157, 5208, 5237, 5242, 5269, 5280, 5287, 5298, 5305, 5314, 5356, 5360, 5365, 5374, 5378, 5397, 5417, 5427, 5453, 5479, 5484, 5490, 5495, 5524, 5573, 5581, 5583, 5586, 5588, 5602, 5604, 5606, 5612, 5621, 5631, 5637, 5643, 5669, 5678, 5689, 5712, 5717, 5719, 5721, 5726, 5745, 5750, 5768, 5773, 5797, 5809, 5818, 5857, 5863, 5869, 5883, 5893, 5927, 5936, 5943, 5959, 5964, 5988, 6024, 6055, 6067, 6070, 6079, 6094, 6103, 6118, 6123, 6163, 6217, 6244, 6257, 6299, 6319, 6328, 6361, 6373, 6377, 6401, 6407, 6409, 6411, 6497, 6540, 6570, 6573, 6576, 6579, 6582, 6609, 6616, 6626, 6649, 6658, 6691, 6760, 6807, 6926, 6932, 6951, 6953, 6963, 6978, 6980, 7024, 7040, 7057, 7062, 7064, 7083, 7096, 7105, 7175, 7180, 7215, 7232, 7282, 7315, 7317, 7343, 7358, 7368, 7371, 7380, 7441, 7471, 7473, 7482, 7495, 7510, 7581, 7585, 7601, 7615, 7623, 7631, 7639, 7649, 7674, 7681, 7688, 7715, 7725, 7754, 7765, 7784, 7793, 7801, 7839, 7897, 7945, 8004, 8071, 8094, 8096, 8124, 8131, 8157, 8170, 8175, 8198, 8202, 8230, 8258, 8278, 8290, 8301, 8309, 8315, 8355, 8413, 8435, 8465, 8484, 8549, 8615, 8622, 8633, 8665, 8670, 8813, 8821, 8838, 8846, 8858, 8864, 8881, 8884, 8897, 8902, 8910, 8972, 8987, 9031, 9040, 9058, 9076, 9082, 9110, 9112, 9126, 9134, 9138, 9152, 9170, 9179, 9243, 9248, 9262, 9293, 9305, 9309, 9324, 9326, 9343, 9347, 9361, 9366, 9372, 9390, 9393, 9411, 9424, 9448, 9455, 9465, 9470, 9593, 9599, 9613, 9621, 9662, 9667, 9756, 9774, 9792, 9823, 9828, 9859, 9870, 9879, 9881, 9903, 9905]",[],"[16, 45, 47, 76, 82, 114, 123, 131, 142, 146, 155, 175, 207, 229, 236, 256, 297, 307, 312, 315, 328, 372, 377, 379, 385, 396, 398, 404, 411, 435, 441, 448, 463, 471, 486, 500, 519, 543, 545, 576, 621, 628, 658, 665, 672, 692, 696, 706, 742, 750, 766, 769, 797, 831, 855, 857, 875, 881, 895, 922, 931, 980, 1004, 1028, 1066, 1073, 1081, 1105, 1116, 1130, 1166, 1173, 1279, 1315, 1322, 1336, 1372, 1380, 1394, 1396, 1399, 1416, 1425, 1449, 1473, 1522, 1582, 1600, 1626, 1663, 1703, 1707, 1709, 1750, 1759, 1761, 1768, 1777, 1779, 1821, 1826, 1834, 1858, 1908, 1914, 1926, 1954, 1958, 1970, 1974, 1983, 1990, 1997, 2026, 2033, 2041, 2052, 2063, 2073, 2103, 2120, 2134, 2181, 2241, 2265, 2298, 2300, 2306, 2382, 2471, 2480, 2493, 2529, 2570, 2578, 2585, 2614, 2623, 2626, 2679, 2684, 2703, 2708, 2710, 2734, 2755, 2759, 2787, 2808, 2813, 2817, 2837, 2839, 2856, 2862, 2865, 2871, 2878, 2901, 2921, 2934, 2937, 2943, 2950, 2969, 3013, 3090, 3096, 3112, 3114, 3120, 3140, 3159, 3186, 3203, 3205, 3207, 3252, 3256, 3292, 3333, 3354, 3398, 3419, 3440, 3443, 3466, 3477, 3489, 3514, 3552, 3567, 3576, 3626, 3691, 3693, 3749, 3801, 3812, 3830, 3915, 3922, 3925, 3927, 3934, 3946, 3949, 3977, 4006, 4010, 4037, 4043, 4062, 4068, 4072, 4092, 4107, 4110, 4186, 4248, 4257, 4264, 4272, 4279, 4290, 4293, 4295, 4308, 4315, 4317, 4337, 4379, 4386, 4392, 4431, 4459, 4465, 4473, 4480, 4507, 4510, 4545, 4579, 4599, 4611, 4616, 4625, 4659, 4668, 4712, 4745, 4813, 4830, 4841, 4845, 4850, 4863, 4865, 4879, 4882, 4891, 4901, 4927, 4934, 4954, 4964, 4968, 5015, 5060, 5090, 5117, 5121, 5131, 5135, 5155, 5157, 5208, 5237, 5242, 5269, 5280, 5287, 5298, 5305, 5314, 5356, 5360, 5365, 5374, 5378, 5397, 5417, 5427, 5453, 5479, 5484, 5490, 5495, 5524, 5573, 5581, 5583, 5586, 5588, 5602, 5604, 5606, 5612, 5621, 5631, 5637, 5643, 5669, 5678, 5689, 5712, 5717, 5719, 5721, 5726, 5745, 5750, 5768, 5773, 5797, 5809, 5818, 5857, 5863, 5869, 5883, 5893, 5927, 5936, 5943, 5959, 5964, 5988, 6024, 6055, 6067, 6070, 6079, 6094, 6103, 6118, 6123, 6163, 6217, 6244, 6257, 6299, 6319, 6328, 6361, 6373, 6377, 6401, 6407, 6409, 6411, 6497, 6540, 6570, 6573, 6576, 6579, 6582, 6609, 6616, 6626, 6649, 6658, 6691, 6760, 6807, 6926, 6932, 6951, 6953, 6963, 6978, 6980, 7024, 7040, 7057, 7062, 7064, 7083, 7096, 7105, 7175, 7180, 7215, 7232, 7282, 7315, 7317, 7343, 7358, 7368, 7371, 7380, 7441, 7471, 7473, 7482, 7495, 7510, 7581, 7585, 7601, 7615, 7623, 7631, 7639, 7649, 7674, 7681, 7688, 7715, 7725, 7754, 7765, 7784, 7793, 7801, 7839, 7897, 7945, 8004, 8071, 8094, 8096, 8124, 8131, 8157, 8170, 8175, 8198, 8202, 8230, 8258, 8278, 8290, 8301, 8309, 8315, 8355, 8413, 8435, 8465, 8484, 8549, 8615, 8622, 8633, 8665, 8670, 8813, 8821, 8838, 8846, 8858, 8864, 8881, 8884, 8897, 8902, 8910, 8972, 8987, 9031, 9040, 9058, 9076, 9082, 9110, 9112, 9126, 9134, 9138, 9152, 9170, 9179, 9243, 9248, 9262, 9293, 9305, 9309, 9324, 9326, 9343, 9347, 9361, 9366, 9372, 9390, 9393, 9411, 9424, 9448, 9455, 9465, 9470, 9593, 9599, 9613, 9621, 9662, 9667, 9756, 9774, 9792, 9823, 9828, 9859, 9870, 9879, 9881, 9903, 9905]","[1702, 4067, 5373, 6243]",9916,523,9393,0,523,9389,4
-4.0,ASPROP2,"[64, 76, 108, 121, 143, 181, 252, 259, 326, 432, 445, 453, 556, 567, 590, 663]",[],"[64, 76, 108, 121, 143, 181, 252, 259, 326, 432, 445, 453, 556, 567, 590, 663]",[325],665,16,649,0,16,648,1
-4.0,ASYRVISP,"[32, 54, 85, 92, 100, 116, 127, 181, 225, 228, 261, 265, 279, 295, 299, 322, 331, 360, 364, 368, 468, 474, 534, 547, 626, 635, 651, 657, 680, 683, 685, 703, 787, 789, 813, 820, 823, 826, 838, 853, 859, 887, 910, 933, 964, 975, 1008, 1010, 1012, 1030, 1040, 1043, 1047, 1054, 1117, 1141, 1158, 1167, 1180, 1183, 1193, 1214, 1217, 1220, 1222, 1241, 1246, 1277, 1289, 1294, 1301, 1306, 1336, 1353, 1378, 1386, 1405, 1420, 1434, 1449, 1460, 1462, 1467, 1487, 1492, 1505, 1565, 1567, 1570, 1586, 1590, 1618, 1660, 1677, 1728, 1730, 1740, 1743, 1746, 1777, 1890, 1899, 1917, 1921, 1934, 1943, 1969, 1979, 1987, 2008, 2015, 2022, 2052, 2070, 2072, 2091, 2100, 2123, 2147]",[],"[32, 54, 85, 92, 100, 116, 127, 181, 225, 228, 261, 265, 279, 295, 299, 322, 331, 360, 364, 368, 468, 474, 534, 547, 626, 635, 651, 657, 680, 683, 685, 703, 787, 789, 813, 820, 823, 826, 838, 853, 859, 887, 910, 933, 964, 975, 1008, 1010, 1012, 1030, 1040, 1043, 1047, 1054, 1117, 1141, 1158, 1167, 1180, 1183, 1193, 1214, 1217, 1220, 1222, 1241, 1246, 1277, 1289, 1294, 1301, 1306, 1336, 1353, 1378, 1386, 1405, 1420, 1434, 1449, 1460, 1462, 1467, 1487, 1492, 1505, 1565, 1567, 1570, 1586, 1590, 1618, 1660, 1677, 1728, 1730, 1740, 1743, 1746, 1777, 1890, 1899, 1917, 1921, 1934, 1943, 1969, 1979, 1987, 2008, 2015, 2022, 2052, 2070, 2072, 2091, 2100, 2123, 2147]","[625, 1042, 1335, 1585, 1916]",2222,119,2103,0,119,2098,5
-4.0,ATREGLOBIN,"[22, 56, 149, 190, 206, 222, 238, 248, 272, 291, 304, 317, 335, 347, 352, 354, 373, 376, 420, 454, 475, 542, 554, 568, 589, 593, 605, 610, 637, 694, 726, 761, 767, 829, 831, 861, 869, 892, 906, 936, 940, 955, 969, 1046, 1051, 1059, 1065, 1075, 1081, 1131, 1153, 1170, 1188, 1194, 1200, 1211, 1218, 1268, 1289, 1296, 1302, 1305, 1315, 1319, 1344, 1375, 1377, 1385, 1408, 1413, 1419, 1451, 1464, 1488, 1490, 1497, 1520, 1530, 1541, 1549, 1551, 1557, 1629, 1643, 1678, 1686, 1688]",[],"[22, 56, 149, 190, 206, 222, 238, 248, 272, 291, 304, 317, 335, 347, 352, 354, 373, 376, 420, 454, 475, 542, 554, 568, 589, 593, 605, 610, 637, 694, 726, 761, 767, 829, 831, 861, 869, 892, 906, 936, 940, 955, 969, 1046, 1051, 1059, 1065, 1075, 1081, 1131, 1153, 1170, 1188, 1194, 1200, 1211, 1218, 1268, 1289, 1296, 1302, 1305, 1315, 1319, 1344, 1375, 1377, 1385, 1408, 1413, 1419, 1451, 1464, 1488, 1490, 1497, 1520, 1530, 1541, 1549, 1551, 1557, 1629, 1643, 1678, 1686, 1688]","[237, 588]",1692,87,1605,0,87,1603,2
-4.0,BABAPOE,"[12, 34, 43, 61, 73, 114, 147, 150, 171, 199, 268, 273, 286, 323, 326, 332, 355, 357, 364, 366, 409, 419, 482, 487, 502, 551, 568, 570, 658, 674, 689, 695, 699, 715, 755, 765, 771, 792, 805, 816, 861, 866, 875, 882, 898, 919, 1004, 1008, 1030, 1081, 1091, 1123, 1133, 1148, 1153, 1192, 1224, 1270, 1279, 1290, 1298, 1313, 1332, 1358, 1375, 1415, 1422, 1428, 1432, 1436, 1441, 1446, 1452, 1457, 1470, 1478, 1493, 1498, 1515, 1520, 1559, 1591, 1639, 1648, 1659, 1669, 1682, 1703, 1730, 1747, 1771, 1779, 1821, 1899, 1911, 1942, 1945, 1954, 1986, 1996, 2030, 2033, 2046, 2085, 2110, 2145, 2165, 2223, 2236, 2263, 2288, 2313, 2356, 2369, 2372, 2422, 2428, 2434, 2443, 2458, 2469, 2487, 2491, 2513, 2568, 2582, 2584, 2594, 2614, 2644, 2669, 2681, 2705, 2722, 2757, 2783, 2794, 2804, 2831, 2848, 2852, 2854, 2882, 2904, 2910, 2934, 2949, 2959, 3021, 3026, 3056, 3065, 3076, 3082, 3122, 3130, 3132, 3145, 3192, 3245, 3266, 3270, 3276, 3293, 3298, 3313, 3328, 3338, 3374, 3436, 3495, 3538, 3564, 3599, 3616, 3631, 3636, 3649, 3671, 3766, 3768, 3805, 3838, 3853, 3868, 3917, 3979, 3991, 4000, 4077, 4090, 4110, 4123, 4132, 4144, 4165, 4224, 4263, 4278, 4289, 4319, 4345, 4347, 4373, 4405, 4426, 4430, 4432, 4440, 4444, 4483, 4493, 4508, 4513, 4518, 4552, 4620, 4629, 4651, 4664, 4683, 4735]",[],"[12, 34, 43, 61, 73, 114, 147, 150, 171, 199, 268, 273, 286, 323, 326, 332, 355, 357, 364, 366, 409, 419, 482, 487, 502, 551, 568, 570, 658, 674, 689, 695, 699, 715, 755, 765, 771, 792, 805, 816, 861, 866, 875, 882, 898, 919, 1004, 1008, 1030, 1081, 1091, 1123, 1133, 1148, 1153, 1192, 1224, 1270, 1279, 1290, 1298, 1313, 1332, 1358, 1375, 1415, 1422, 1428, 1432, 1436, 1441, 1446, 1452, 1457, 1470, 1478, 1493, 1498, 1515, 1520, 1559, 1591, 1639, 1648, 1659, 1669, 1682, 1703, 1730, 1747, 1771, 1779, 1821, 1899, 1911, 1942, 1945, 1954, 1986, 1996, 2030, 2033, 2046, 2085, 2110, 2145, 2165, 2223, 2236, 2263, 2288, 2313, 2356, 2369, 2372, 2422, 2428, 2434, 2443, 2458, 2469, 2487, 2491, 2513, 2568, 2582, 2584, 2594, 2614, 2644, 2669, 2681, 2705, 2722, 2757, 2783, 2794, 2804, 2831, 2848, 2852, 2854, 2882, 2904, 2910, 2934, 2949, 2959, 3021, 3026, 3056, 3065, 3076, 3082, 3122, 3130, 3132, 3145, 3192, 3245, 3266, 3270, 3276, 3293, 3298, 3313, 3328, 3338, 3374, 3436, 3495, 3538, 3564, 3599, 3616, 3631, 3636, 3649, 3671, 3766, 3768, 3805, 3838, 3853, 3868, 3917, 3979, 3991, 4000, 4077, 4090, 4110, 4123, 4132, 4144, 4165, 4224, 4263, 4278, 4289, 4319, 4345, 4347, 4373, 4405, 4426, 4430, 4432, 4440, 4444, 4483, 4493, 4508, 4513, 4518, 4552, 4620, 4629, 4651, 4664, 4683, 4735]","[897, 2847]",4755,222,4533,0,222,4531,2
-4.0,BATROX,"[14, 39, 42, 66, 68, 97, 112, 126, 136, 171, 189, 201, 214, 223, 231, 238, 281, 293, 305, 332, 342, 385, 387, 397, 410, 431, 444, 450, 467, 474, 492, 496, 519, 524, 533, 574, 601, 615, 617, 692, 703, 710, 712, 718, 721, 735, 737, 770, 783, 786, 809, 833, 846, 856, 876, 878, 880, 903, 917, 923, 928, 941, 1034, 1054, 1091, 1145, 1153, 1160, 1173, 1181, 1191, 1212, 1214, 1248, 1268, 1304, 1444, 1528, 1555, 1600, 1609, 1655, 1687, 1726, 1759, 1782, 1810, 1817, 1827, 1829, 1840, 1844, 1852, 1870, 1880, 1904, 1910, 1919, 1921, 1926, 1937, 1945, 1949, 1966, 2001, 2016, 2033, 2040, 2059, 2079, 2085, 2088, 2116, 2122, 2129, 2255, 2259, 2266, 2287, 2289, 2298, 2308, 2316, 2318, 2328, 2330, 2333, 2339, 2344, 2359, 2371, 2373, 2408, 2411, 2429, 2433, 2435, 2447, 2451, 2472, 2503, 2506, 2511, 2537, 2579, 2597, 2633, 2638, 2671, 2734, 2745, 2755, 2762, 2779, 2781, 2816, 2868, 2881, 2891, 2900, 2934, 2949, 2957, 2960, 2986, 3005, 3012, 3030, 3037, 3049, 3051, 3078, 3095, 3121, 3129, 3171, 3184, 3209, 3291, 3308, 3342, 3389, 3392, 3411, 3433, 3486, 3534, 3548, 3557, 3594, 3624, 3629, 3632, 3639, 3660, 3669, 3677, 3680, 3684, 3707, 3709, 3745, 3747, 3784, 3814, 3825, 3830, 3832, 3842, 3850, 3879, 3884, 3905, 3920, 3925, 3929, 3947, 3962, 3968, 3976, 3980, 4002, 4045, 4052, 4111, 4115, 4137, 4144, 4155, 4166, 4190, 4192, 4206, 4228, 4262, 4271, 4277, 4321, 4348, 4360, 4365, 4377, 4392, 4410, 4438, 4496, 4519, 4568, 4596, 4609, 4619, 4648, 4653, 4669, 4682, 4706, 4723, 4733, 4738, 4743, 4746, 4749, 4752, 4760, 4763, 4772, 4799, 4814, 4816, 4834, 4837, 4857, 4865, 4885, 4908, 4930, 4940, 4982, 4984, 4993, 5000, 5036, 5048, 5086, 5093, 5103, 5124, 5128, 5167, 5183, 5205, 5215, 5223, 5271, 5303, 5335, 5337, 5366, 5382, 5391, 5469, 5476, 5482, 5488, 5490, 5507, 5510, 5515, 5518, 5529, 5584, 5612, 5636, 5650, 5659, 5675, 5680, 5688, 5694, 5706, 5722, 5751, 5772, 5791, 5804, 5817, 5832, 5834, 5851, 5865, 5891, 5957, 5967, 5994, 6056, 6085, 6112, 6116, 6148, 6159, 6179, 6188, 6208, 6233, 6262, 6304, 6330, 6355, 6361, 6386, 6392, 6400, 6408, 6416, 6430, 6437, 6450, 6462, 6467, 6519, 6525, 6553, 6577, 6594, 6602, 6619, 6640, 6653, 6707, 6716, 6736, 6773, 6776, 6783, 6790, 6836, 6846, 6862, 6875, 6877, 6879, 6882, 6898, 6916, 6918, 6924, 6926, 6951, 6956, 6994, 7043, 7058, 7080, 7091, 7093, 7121, 7148, 7166, 7189, 7234, 7263, 7266, 7271, 7278, 7298, 7322, 7358, 7367, 7379, 7402, 7464, 7482, 7496, 7498, 7510, 7568, 7625, 7628, 7648, 7656, 7661, 7715, 7731, 7733, 7736, 7758, 7763, 7772, 7790, 7802, 7824, 7828, 7833, 7857, 7868, 7890, 7898, 7906, 7973, 7981, 7993, 8013, 8022, 8029, 8045, 8066]",[],"[14, 39, 42, 66, 68, 97, 112, 126, 136, 171, 189, 201, 214, 223, 231, 238, 281, 293, 305, 332, 342, 385, 387, 397, 410, 431, 444, 450, 467, 474, 492, 496, 519, 524, 533, 574, 601, 615, 617, 692, 703, 710, 712, 718, 721, 735, 737, 770, 783, 786, 809, 833, 846, 856, 876, 878, 880, 903, 917, 923, 928, 941, 1034, 1054, 1091, 1145, 1153, 1160, 1173, 1181, 1191, 1212, 1214, 1248, 1268, 1304, 1444, 1528, 1555, 1600, 1609, 1655, 1687, 1726, 1759, 1782, 1810, 1817, 1827, 1829, 1840, 1844, 1852, 1870, 1880, 1904, 1910, 1919, 1921, 1926, 1937, 1945, 1949, 1966, 2001, 2016, 2033, 2040, 2059, 2079, 2085, 2088, 2116, 2122, 2129, 2255, 2259, 2266, 2287, 2289, 2298, 2308, 2316, 2318, 2328, 2330, 2333, 2339, 2344, 2359, 2371, 2373, 2408, 2411, 2429, 2433, 2435, 2447, 2451, 2472, 2503, 2506, 2511, 2537, 2579, 2597, 2633, 2638, 2671, 2734, 2745, 2755, 2762, 2779, 2781, 2816, 2868, 2881, 2891, 2900, 2934, 2949, 2957, 2960, 2986, 3005, 3012, 3030, 3037, 3049, 3051, 3078, 3095, 3121, 3129, 3171, 3184, 3209, 3291, 3308, 3342, 3389, 3392, 3411, 3433, 3486, 3534, 3548, 3557, 3594, 3624, 3629, 3632, 3639, 3660, 3669, 3677, 3680, 3684, 3707, 3709, 3745, 3747, 3784, 3814, 3825, 3830, 3832, 3842, 3850, 3879, 3884, 3905, 3920, 3925, 3929, 3947, 3962, 3968, 3976, 3980, 4002, 4045, 4052, 4111, 4115, 4137, 4144, 4155, 4166, 4190, 4192, 4206, 4228, 4262, 4271, 4277, 4321, 4348, 4360, 4365, 4377, 4392, 4410, 4438, 4496, 4519, 4568, 4596, 4609, 4619, 4648, 4653, 4669, 4682, 4706, 4723, 4733, 4738, 4743, 4746, 4749, 4752, 4760, 4763, 4772, 4799, 4814, 4816, 4834, 4837, 4857, 4865, 4885, 4908, 4930, 4940, 4982, 4984, 4993, 5000, 5036, 5048, 5086, 5093, 5103, 5124, 5128, 5167, 5183, 5205, 5215, 5223, 5271, 5303, 5335, 5337, 5366, 5382, 5391, 5469, 5476, 5482, 5488, 5490, 5507, 5510, 5515, 5518, 5529, 5584, 5612, 5636, 5650, 5659, 5675, 5680, 5688, 5694, 5706, 5722, 5751, 5772, 5791, 5804, 5817, 5832, 5834, 5851, 5865, 5891, 5957, 5967, 5994, 6056, 6085, 6112, 6116, 6148, 6159, 6179, 6188, 6208, 6233, 6262, 6304, 6330, 6355, 6361, 6386, 6392, 6400, 6408, 6416, 6430, 6437, 6450, 6462, 6467, 6519, 6525, 6553, 6577, 6594, 6602, 6619, 6640, 6653, 6707, 6716, 6736, 6773, 6776, 6783, 6790, 6836, 6846, 6862, 6875, 6877, 6879, 6882, 6898, 6916, 6918, 6924, 6926, 6951, 6956, 6994, 7043, 7058, 7080, 7091, 7093, 7121, 7148, 7166, 7189, 7234, 7263, 7266, 7271, 7278, 7298, 7322, 7358, 7367, 7379, 7402, 7464, 7482, 7496, 7498, 7510, 7568, 7625, 7628, 7648, 7656, 7661, 7715, 7731, 7733, 7736, 7758, 7763, 7772, 7790, 7802, 7824, 7828, 7833, 7857, 7868, 7890, 7898, 7906, 7973, 7981, 7993, 8013, 8022, 8029, 8045, 8066]","[341, 3011, 5035, 6955]",8093,446,7647,0,446,7643,4
-4.0,BCHEGLOBIN,"[22, 56, 149, 190, 206, 222, 238, 248, 255, 272, 291, 304, 317, 335, 347, 349, 368, 371, 415, 449, 470, 537, 549, 556, 563, 584, 588, 600, 605, 689, 721, 756, 824, 826, 843, 856, 906, 938, 953, 967, 1042, 1047, 1055, 1061, 1065, 1071, 1077, 1116, 1128, 1150, 1167, 1185, 1191, 1197, 1201, 1208, 1215, 1265, 1286, 1293, 1299, 1302, 1312, 1316, 1349, 1365, 1380, 1382, 1390, 1413, 1418, 1424, 1456, 1469, 1493, 1495, 1502, 1518, 1525, 1535, 1546, 1554, 1556, 1562, 1624, 1634, 1649, 1684, 1692, 1694]",[],"[22, 56, 149, 190, 206, 222, 238, 248, 255, 272, 291, 304, 317, 335, 347, 349, 368, 371, 415, 449, 470, 537, 549, 556, 563, 584, 588, 600, 605, 689, 721, 756, 824, 826, 843, 856, 906, 938, 953, 967, 1042, 1047, 1055, 1061, 1065, 1071, 1077, 1116, 1128, 1150, 1167, 1185, 1191, 1197, 1201, 1208, 1215, 1265, 1286, 1293, 1299, 1302, 1312, 1316, 1349, 1365, 1380, 1382, 1390, 1413, 1418, 1424, 1456, 1469, 1493, 1495, 1502, 1518, 1525, 1535, 1546, 1554, 1556, 1562, 1624, 1634, 1649, 1684, 1692, 1694]","[237, 583]",1698,90,1608,0,90,1606,2
-4.0,BOVANPA,"[14, 23, 26, 53, 130, 147, 152, 335, 392, 394, 404, 434, 456, 472, 475, 483, 515, 526, 545, 580, 592, 599, 667, 694, 789, 833, 859, 904, 918, 929, 959, 1024, 1026, 1035, 1066, 1128, 1149, 1164, 1167, 1171, 1173, 1232, 1250, 1258, 1268, 1276, 1290, 1300, 1316, 1339, 1344, 1349, 1366, 1380, 1383, 1432, 1454, 1471, 1481, 1492, 1500, 1529, 1558, 1567, 1578, 1605, 1607, 1612, 1625, 1638, 1678, 1688, 1692, 1694, 1720, 1739, 1754]",[],"[14, 23, 26, 53, 130, 147, 152, 335, 392, 394, 404, 434, 456, 472, 475, 483, 515, 526, 545, 580, 592, 599, 667, 694, 789, 833, 859, 904, 918, 929, 959, 1024, 1026, 1035, 1066, 1128, 1149, 1164, 1167, 1171, 1173, 1232, 1250, 1258, 1268, 1276, 1290, 1300, 1316, 1339, 1344, 1349, 1366, 1380, 1383, 1432, 1454, 1471, 1481, 1492, 1500, 1529, 1558, 1567, 1578, 1605, 1607, 1612, 1625, 1638, 1678, 1688, 1692, 1694, 1720, 1739, 1754]","[433, 858]",1762,77,1685,0,77,1683,2
-4.0,BOVCOX7AL,"[17, 26, 34, 80, 98, 114, 133, 151, 173, 192, 255, 264, 269, 296, 300, 323, 331, 337, 350, 364, 380, 416, 426, 458, 470, 493, 532, 548, 611, 615, 623, 638, 641, 648, 654, 680, 684, 690, 695, 700, 724, 735, 750, 784, 802, 833, 842, 873, 895, 903, 919, 937, 957, 1003, 1009, 1020, 1049, 1055, 1057, 1066, 1079, 1084, 1106, 1116, 1131, 1194, 1208, 1234, 1243, 1246, 1250, 1252, 1377, 1417, 1445, 1448, 1454, 1462, 1469, 1475, 1482, 1485, 1489, 1492, 1498, 1502, 1506, 1509, 1541, 1566, 1571, 1584, 1597, 1605, 1653, 1662, 1666, 1668, 1698, 1721, 1734, 1769, 1772, 1776, 1799, 1812, 1821, 1827, 1834, 1884, 1890, 1896, 1899, 1902, 1915, 1917, 1925, 1928, 1948, 1955, 1986, 1989, 1991, 2008, 2018, 2020, 2036, 2038, 2059, 2068, 2076, 2109, 2115, 2118, 2121, 2131, 2142, 2187, 2197, 2200, 2220, 2229, 2236, 2254, 2274, 2314, 2337, 2352, 2357, 2384, 2386, 2394, 2403, 2427, 2433, 2437, 2453, 2460, 2465, 2471, 2477, 2523, 2530, 2547, 2584, 2590, 2592, 2602, 2622, 2631, 2635, 2648, 2651, 2670, 2677, 2694, 2730, 2754, 2773, 2786, 2806, 2813, 2821, 2832, 2834, 2841, 2861, 2868, 2875, 2883, 2887, 2902, 2904, 3004, 3010, 3034, 3042, 3044, 3048, 3060, 3063, 3071, 3074, 3099, 3133, 3140, 3142, 3155, 3171, 3213, 3218, 3262, 3318, 3329, 3333, 3337, 3346, 3355, 3361, 3367, 3370, 3390, 3392, 3399, 3417, 3438, 3465, 3487, 3508, 3513, 3533, 3538, 3541, 3555, 3574, 3593, 3628, 3654, 3681, 3708, 3722, 3735, 3750, 3769, 3772, 3775, 3781, 3799, 3801, 3809, 3898, 3931, 3943, 3970, 3974, 3976, 3987, 4033, 4154, 4166, 4187, 4190, 4207, 4210, 4223, 4230, 4240, 4242, 4274, 4285, 4289, 4291, 4340, 4350, 4357, 4396, 4411, 4414, 4419, 4433, 4441, 4451, 4477, 4492, 4497, 4531, 4556, 4580, 4590, 4649, 4654, 4713, 4774, 4792, 4795, 4801, 4827, 4860, 4867, 4869, 4919, 4939, 4983, 4996, 5018, 5043, 5047, 5050, 5054, 5058, 5072, 5082, 5088, 5106, 5127, 5129, 5144, 5148, 5164, 5214, 5230, 5232, 5253, 5258, 5274, 5283, 5297, 5306, 5312, 5331, 5354, 5361, 5370, 5378, 5389, 5419, 5428, 5436, 5461, 5471, 5489, 5513, 5522, 5526, 5538, 5558, 5564, 5586, 5602, 5652, 5661, 5663, 5675, 5700, 5716, 5723, 5727, 5732, 5754, 5759, 5768, 5771, 5776, 5784, 5789, 5838, 5858, 5861, 5881, 5890, 5895, 5920, 5929, 5935, 5939, 5986, 5989, 6001, 6006, 6036, 6070, 6082, 6090, 6108, 6114, 6117, 6125, 6127, 6146, 6168, 6173, 6224, 6238, 6331, 6374, 6397, 6399, 6419, 6445, 6447, 6449, 6453, 6501, 6505, 6517, 6567, 6572, 6603, 6614, 6649, 6662, 6697, 6717, 6722, 6743, 6751, 6763, 6771, 6800, 6824, 6839, 6863]",[],"[17, 26, 34, 80, 98, 114, 133, 151, 173, 192, 255, 264, 269, 296, 300, 323, 331, 337, 350, 364, 380, 416, 426, 458, 470, 493, 532, 548, 611, 615, 623, 638, 641, 648, 654, 680, 684, 690, 695, 700, 724, 735, 750, 784, 802, 833, 842, 873, 895, 903, 919, 937, 957, 1003, 1009, 1020, 1049, 1055, 1057, 1066, 1079, 1084, 1106, 1116, 1131, 1194, 1208, 1234, 1243, 1246, 1250, 1252, 1377, 1417, 1445, 1448, 1454, 1462, 1469, 1475, 1482, 1485, 1489, 1492, 1498, 1502, 1506, 1509, 1541, 1566, 1571, 1584, 1597, 1605, 1653, 1662, 1666, 1668, 1698, 1721, 1734, 1769, 1772, 1776, 1799, 1812, 1821, 1827, 1834, 1884, 1890, 1896, 1899, 1902, 1915, 1917, 1925, 1928, 1948, 1955, 1986, 1989, 1991, 2008, 2018, 2020, 2036, 2038, 2059, 2068, 2076, 2109, 2115, 2118, 2121, 2131, 2142, 2187, 2197, 2200, 2220, 2229, 2236, 2254, 2274, 2314, 2337, 2352, 2357, 2384, 2386, 2394, 2403, 2427, 2433, 2437, 2453, 2460, 2465, 2471, 2477, 2523, 2530, 2547, 2584, 2590, 2592, 2602, 2622, 2631, 2635, 2648, 2651, 2670, 2677, 2694, 2730, 2754, 2773, 2786, 2806, 2813, 2821, 2832, 2834, 2841, 2861, 2868, 2875, 2883, 2887, 2902, 2904, 3004, 3010, 3034, 3042, 3044, 3048, 3060, 3063, 3071, 3074, 3099, 3133, 3140, 3142, 3155, 3171, 3213, 3218, 3262, 3318, 3329, 3333, 3337, 3346, 3355, 3361, 3367, 3370, 3390, 3392, 3399, 3417, 3438, 3465, 3487, 3508, 3513, 3533, 3538, 3541, 3555, 3574, 3593, 3628, 3654, 3681, 3708, 3722, 3735, 3750, 3769, 3772, 3775, 3781, 3799, 3801, 3809, 3898, 3931, 3943, 3970, 3974, 3976, 3987, 4033, 4154, 4166, 4187, 4190, 4207, 4210, 4223, 4230, 4240, 4242, 4274, 4285, 4289, 4291, 4340, 4350, 4357, 4396, 4411, 4414, 4419, 4433, 4441, 4451, 4477, 4492, 4497, 4531, 4556, 4580, 4590, 4649, 4654, 4713, 4774, 4792, 4795, 4801, 4827, 4860, 4867, 4869, 4919, 4939, 4983, 4996, 5018, 5043, 5047, 5050, 5054, 5058, 5072, 5082, 5088, 5106, 5127, 5129, 5144, 5148, 5164, 5214, 5230, 5232, 5253, 5258, 5274, 5283, 5297, 5306, 5312, 5331, 5354, 5361, 5370, 5378, 5389, 5419, 5428, 5436, 5461, 5471, 5489, 5513, 5522, 5526, 5538, 5558, 5564, 5586, 5602, 5652, 5661, 5663, 5675, 5700, 5716, 5723, 5727, 5732, 5754, 5759, 5768, 5771, 5776, 5784, 5789, 5838, 5858, 5861, 5881, 5890, 5895, 5920, 5929, 5935, 5939, 5986, 5989, 6001, 6006, 6036, 6070, 6082, 6090, 6108, 6114, 6117, 6125, 6127, 6146, 6168, 6173, 6224, 6238, 6331, 6374, 6397, 6399, 6419, 6445, 6447, 6449, 6453, 6501, 6505, 6517, 6567, 6572, 6603, 6614, 6649, 6662, 6697, 6717, 6722, 6743, 6751, 6763, 6771, 6800, 6824, 6839, 6863]","[1540, 2812, 5049]",6850,422,6428,0,422,6425,3
-4.0,BOVGAS,"[12, 55, 57, 66, 137, 142, 174, 176, 193, 198, 204, 226, 255, 324, 345, 407, 425, 455, 471, 488, 517, 552, 554, 562, 574, 640, 745, 752, 796, 807, 833, 848, 850, 901, 923, 997]",[],"[12, 55, 57, 66, 137, 142, 174, 176, 193, 198, 204, 226, 255, 324, 345, 407, 425, 455, 471, 488, 517, 552, 554, 562, 574, 640, 745, 752, 796, 807, 833, 848, 850, 901, 923, 997]",[751],1059,36,1023,0,36,1022,1
-4.0,BOVIAP,"[34, 47, 94, 99, 101, 114, 123, 135, 162, 175, 195, 208, 221, 263, 297, 321, 330, 384, 396, 403, 410, 415, 422, 438, 442, 458, 462, 464, 527, 534, 565, 597, 603, 607, 609, 611, 613, 620, 674, 687, 712, 720, 791, 826, 836, 879, 896, 917, 922, 927, 967, 977, 1020, 1022, 1060, 1081, 1099, 1117, 1144, 1161, 1307, 1319, 1331, 1333, 1387, 1427, 1434, 1436, 1470, 1517, 1562, 1569, 1647, 1701, 1743, 1765, 1769, 1793, 1817, 1836, 1867, 1869, 1887, 1896, 1970, 1980, 1988, 1995, 2005, 2016, 2019, 2034, 2038, 2040, 2058, 2108, 2130, 2142, 2144, 2160, 2173, 2189, 2201, 2236, 2238, 2243, 2268, 2270, 2274, 2296, 2310, 2321, 2326, 2330, 2355, 2367, 2404, 2414, 2438, 2442, 2448, 2451, 2466, 2505, 2519, 2586, 2607, 2616, 2644, 2647, 2668, 2671, 2675, 2692, 2694, 2702, 2712, 2716, 2718, 2720, 2722, 2724, 2726, 2730, 2732, 2735, 2740, 2750, 2757, 2785, 2794, 2803, 2805, 2814, 2865, 2875, 2894, 2901, 2938, 2940, 2949, 2973, 3000, 3019, 3025, 3030, 3047, 3049, 3070, 3093, 3097, 3099, 3140, 3142, 3158, 3182, 3199, 3217, 3232, 3283, 3290, 3338, 3350, 3353, 3386, 3393, 3397, 3411, 3421, 3423, 3441, 3445, 3450, 3461, 3494, 3536, 3540, 3601, 3622, 3635, 3650, 3668, 3683, 3690, 3693, 3704, 3721, 3731, 3743, 3748, 3753, 3756, 3783, 3792, 3845, 3849, 3851, 3862, 3880, 3911, 3978, 3997, 4001, 4003, 4006, 4010, 4025, 4047, 4073, 4112, 4131, 4167, 4173, 4175, 4203, 4212, 4230, 4260, 4397, 4413, 4420, 4489, 4503, 4554, 4570, 4657, 4666, 4694, 4709, 4711, 4732, 4800, 4809, 4861, 4870, 4885, 4888, 4901, 4913, 4933, 4935, 5008, 5031, 5054, 5061, 5075, 5090, 5116, 5137, 5193, 5200, 5213, 5222, 5224, 5242, 5255, 5257, 5263, 5272, 5278, 5291, 5302, 5319, 5353, 5356, 5368, 5370, 5373, 5389]",[],"[34, 47, 94, 99, 101, 114, 123, 135, 162, 175, 195, 208, 221, 263, 297, 321, 330, 384, 396, 403, 410, 415, 422, 438, 442, 458, 462, 464, 527, 534, 565, 597, 603, 607, 609, 611, 613, 620, 674, 687, 712, 720, 791, 826, 836, 879, 896, 917, 922, 927, 967, 977, 1020, 1022, 1060, 1081, 1099, 1117, 1144, 1161, 1307, 1319, 1331, 1333, 1387, 1427, 1434, 1436, 1470, 1517, 1562, 1569, 1647, 1701, 1743, 1765, 1769, 1793, 1817, 1836, 1867, 1869, 1887, 1896, 1970, 1980, 1988, 1995, 2005, 2016, 2019, 2034, 2038, 2040, 2058, 2108, 2130, 2142, 2144, 2160, 2173, 2189, 2201, 2236, 2238, 2243, 2268, 2270, 2274, 2296, 2310, 2321, 2326, 2330, 2355, 2367, 2404, 2414, 2438, 2442, 2448, 2451, 2466, 2505, 2519, 2586, 2607, 2616, 2644, 2647, 2668, 2671, 2675, 2692, 2694, 2702, 2712, 2716, 2718, 2720, 2722, 2724, 2726, 2730, 2732, 2735, 2740, 2750, 2757, 2785, 2794, 2803, 2805, 2814, 2865, 2875, 2894, 2901, 2938, 2940, 2949, 2973, 3000, 3019, 3025, 3030, 3047, 3049, 3070, 3093, 3097, 3099, 3140, 3142, 3158, 3182, 3199, 3217, 3232, 3283, 3290, 3338, 3350, 3353, 3386, 3393, 3397, 3411, 3421, 3423, 3441, 3445, 3450, 3461, 3494, 3536, 3540, 3601, 3622, 3635, 3650, 3668, 3683, 3690, 3693, 3704, 3721, 3731, 3743, 3748, 3753, 3756, 3783, 3792, 3845, 3849, 3851, 3862, 3880, 3911, 3978, 3997, 4001, 4003, 4006, 4010, 4025, 4047, 4073, 4112, 4131, 4167, 4173, 4175, 4203, 4212, 4230, 4260, 4397, 4413, 4420, 4489, 4503, 4554, 4570, 4657, 4666, 4694, 4709, 4711, 4732, 4800, 4809, 4861, 4870, 4885, 4888, 4901, 4913, 4933, 4935, 5008, 5031, 5054, 5061, 5075, 5090, 5116, 5137, 5193, 5200, 5213, 5222, 5224, 5242, 5255, 5257, 5263, 5272, 5278, 5291, 5302, 5319, 5353, 5356, 5368, 5370, 5373, 5389]","[1568, 1764, 1994, 2354, 2606, 2999, 3157, 3392, 3667, 3996]",5392,289,5103,0,289,5093,10
-4.0,BOVIRBP,"[12, 59, 65, 79, 81, 96, 130, 179, 208, 226, 299, 312, 343, 345, 358, 388, 439, 514, 529, 553, 580, 589, 604, 612, 622, 655, 657, 673, 703, 712, 721, 786, 791, 805, 808, 811, 838, 886, 889, 904, 937, 945, 964, 970, 972, 995, 1011, 1022, 1027, 1037, 1039, 1081, 1111, 1143, 1156, 1163, 1165, 1203, 1210, 1213, 1231, 1261, 1263, 1285, 1291, 1294, 1354, 1363, 1381, 1396, 1405, 1407, 1414, 1420, 1435, 1457, 1474, 1483, 1510, 1512, 1575, 1585, 1630, 1724, 1729, 1731, 1791, 1813, 1855, 1897, 1903, 1932, 1949, 1951, 1954, 1969, 2005, 2013, 2034, 2038, 2086, 2089, 2102, 2149, 2160, 2199, 2213, 2221, 2223, 2245, 2275, 2278, 2298, 2319, 2332, 2360, 2389, 2398, 2413, 2422, 2424, 2437, 2455, 2458, 2497, 2554, 2571, 2578, 2587, 2605, 2644, 2650, 2666, 2755, 2770, 2819, 2854, 2872, 2884, 2911, 2921, 2929, 2938, 2962, 2995, 3017, 3020, 3043, 3091, 3096, 3163, 3175, 3179, 3192, 3196, 3206, 3219, 3230, 3250, 3257, 3282, 3290, 3296, 3305, 3332, 3346, 3357, 3384, 3402, 3416, 3438, 3444, 3457, 3476, 3480, 3482, 3495, 3503, 3513, 3523, 3540, 3545, 3549, 3551, 3561, 3568, 3589, 3595, 3632, 3650, 3693, 3699, 3724, 3774, 3779, 3790, 3792, 3802, 3806, 3808, 3849, 3857, 3862, 3877, 3896, 3915, 3927, 3964, 3993, 4095, 4101, 4137, 4146, 4150, 4152, 4161, 4177, 4190, 4213, 4217, 4233, 4236, 4247, 4267, 4269, 4276, 4291, 4313, 4316, 4328, 4339, 4366, 4396, 4412, 4432, 4439, 4488, 4541, 4563, 4572, 4583, 4598, 4606, 4616, 4632, 4640, 4652, 4693, 4709, 4717, 4753, 4755, 4794, 4807, 4826, 4866, 4888, 4909, 4915, 4953, 4961, 4971, 4984, 5049, 5094, 5109, 5132, 5177, 5189, 5199, 5256, 5279, 5282, 5295, 5307, 5328, 5350, 5420, 5440, 5459, 5474, 5488, 5497, 5508, 5525, 5540, 5549, 5564, 5585, 5596, 5600, 5619, 5626, 5637, 5644, 5698, 5725, 5731, 5733, 5762, 5766, 5790, 5820, 5825, 5828, 5838, 5845, 5858, 5877, 5896, 5903, 5955, 5962, 5986, 6007, 6077, 6106, 6120, 6209, 6215, 6235, 6263, 6272, 6293, 6295, 6297, 6300, 6346, 6433, 6452, 6455, 6468, 6476, 6495, 6499, 6535, 6541, 6545, 6555, 6560, 6638, 6644, 6647, 6652, 6660, 6663, 6711, 6730, 6780, 6782, 6813, 6821, 6835, 6912, 6937, 6969, 6977, 7020, 7025, 7082, 7090, 7109, 7118, 7127, 7150, 7152, 7163, 7187, 7200, 7207, 7236, 7283, 7322, 7326, 7331, 7364, 7371, 7386, 7417, 7466, 7515, 7519, 7532, 7557, 7568, 7596, 7666, 7670, 7700, 7704, 7762, 7768, 7774, 7780, 7786, 7808, 7827, 7829, 7894, 7901, 7913, 7920, 7938, 7958, 7962, 8006, 8021, 8064, 8071, 8074, 8099, 8129, 8153, 8193, 8223, 8230, 8259, 8335, 8338, 8446, 8504, 8547, 8586, 8588, 8593, 8595, 8600, 8639, 8663, 8703, 8707, 8731, 8766, 8776, 8803, 8824, 8848, 8857, 8860, 8895, 8902, 8911, 8916, 8921, 8938, 8946, 8969, 9059, 9064, 9114, 9123, 9138, 9147, 9175, 9180, 9191, 9215, 9220, 9298, 9310, 9317, 9349, 9366, 9394, 9427, 9433, 9436, 9445, 9451, 9601, 9604, 9616, 9635, 9660, 9662, 9665, 9671, 9708, 9737, 9776, 9780, 9795, 9800, 9844, 9855, 9873, 9915, 9927, 9946, 9960, 9980, 10004, 10007, 10018, 10020, 10069, 10083, 10087, 10101, 10121, 10130, 10168, 10170, 10178, 10192, 10221, 10232, 10292, 10296, 10312, 10333, 10347, 10389, 10400, 10432, 10434, 10444, 10472, 10478, 10486, 10527, 10538, 10555, 10635, 10637, 10643, 10656, 10672, 10693, 10699, 10708, 10714, 10750, 10757, 10829, 10842, 10862, 10894, 10909, 10912, 10915, 10998, 11003, 11021, 11025, 11034, 11037, 11046, 11087, 11109, 11143, 11263, 11266, 11280, 11327, 11475, 11489, 11492, 11501, 11563, 11585, 11632, 11644, 11657, 11660, 11675, 11740, 11747, 11749, 11754, 11758, 11760, 11763, 11768, 11789]",[],"[12, 59, 65, 79, 81, 96, 130, 179, 208, 226, 299, 312, 343, 345, 358, 388, 439, 514, 529, 553, 580, 589, 604, 612, 622, 655, 657, 673, 703, 712, 721, 786, 791, 805, 808, 811, 838, 886, 889, 904, 937, 945, 964, 970, 972, 995, 1011, 1022, 1027, 1037, 1039, 1081, 1111, 1143, 1156, 1163, 1165, 1203, 1210, 1213, 1231, 1261, 1263, 1285, 1291, 1294, 1354, 1363, 1381, 1396, 1405, 1407, 1414, 1420, 1435, 1457, 1474, 1483, 1510, 1512, 1575, 1585, 1630, 1724, 1729, 1731, 1791, 1813, 1855, 1897, 1903, 1932, 1949, 1951, 1954, 1969, 2005, 2013, 2034, 2038, 2086, 2089, 2102, 2149, 2160, 2199, 2213, 2221, 2223, 2245, 2275, 2278, 2298, 2319, 2332, 2360, 2389, 2398, 2413, 2422, 2424, 2437, 2455, 2458, 2497, 2554, 2571, 2578, 2587, 2605, 2644, 2650, 2666, 2755, 2770, 2819, 2854, 2872, 2884, 2911, 2921, 2929, 2938, 2962, 2995, 3017, 3020, 3043, 3091, 3096, 3163, 3175, 3179, 3192, 3196, 3206, 3219, 3230, 3250, 3257, 3282, 3290, 3296, 3305, 3332, 3346, 3357, 3384, 3402, 3416, 3438, 3444, 3457, 3476, 3480, 3482, 3495, 3503, 3513, 3523, 3540, 3545, 3549, 3551, 3561, 3568, 3589, 3595, 3632, 3650, 3693, 3699, 3724, 3774, 3779, 3790, 3792, 3802, 3806, 3808, 3849, 3857, 3862, 3877, 3896, 3915, 3927, 3964, 3993, 4095, 4101, 4137, 4146, 4150, 4152, 4161, 4177, 4190, 4213, 4217, 4233, 4236, 4247, 4267, 4269, 4276, 4291, 4313, 4316, 4328, 4339, 4366, 4396, 4412, 4432, 4439, 4488, 4541, 4563, 4572, 4583, 4598, 4606, 4616, 4632, 4640, 4652, 4693, 4709, 4717, 4753, 4755, 4794, 4807, 4826, 4866, 4888, 4909, 4915, 4953, 4961, 4971, 4984, 5049, 5094, 5109, 5132, 5177, 5189, 5199, 5256, 5279, 5282, 5295, 5307, 5328, 5350, 5420, 5440, 5459, 5474, 5488, 5497, 5508, 5525, 5540, 5549, 5564, 5585, 5596, 5600, 5619, 5626, 5637, 5644, 5698, 5725, 5731, 5733, 5762, 5766, 5790, 5820, 5825, 5828, 5838, 5845, 5858, 5877, 5896, 5903, 5955, 5962, 5986, 6007, 6077, 6106, 6120, 6209, 6215, 6235, 6263, 6272, 6293, 6295, 6297, 6300, 6346, 6433, 6452, 6455, 6468, 6476, 6495, 6499, 6535, 6541, 6545, 6555, 6560, 6638, 6644, 6647, 6652, 6660, 6663, 6711, 6730, 6780, 6782, 6813, 6821, 6835, 6912, 6937, 6969, 6977, 7020, 7025, 7082, 7090, 7109, 7118, 7127, 7150, 7152, 7163, 7187, 7200, 7207, 7236, 7283, 7322, 7326, 7331, 7364, 7371, 7386, 7417, 7466, 7515, 7519, 7532, 7557, 7568, 7596, 7666, 7670, 7700, 7704, 7762, 7768, 7774, 7780, 7786, 7808, 7827, 7829, 7894, 7901, 7913, 7920, 7938, 7958, 7962, 8006, 8021, 8064, 8071, 8074, 8099, 8129, 8153, 8193, 8223, 8230, 8259, 8335, 8338, 8446, 8504, 8547, 8586, 8588, 8593, 8595, 8600, 8639, 8663, 8703, 8707, 8731, 8766, 8776, 8803, 8824, 8848, 8857, 8860, 8895, 8902, 8911, 8916, 8921, 8938, 8946, 8969, 9059, 9064, 9114, 9123, 9138, 9147, 9175, 9180, 9191, 9215, 9220, 9298, 9310, 9317, 9349, 9366, 9394, 9427, 9433, 9436, 9445, 9451, 9601, 9604, 9616, 9635, 9660, 9662, 9665, 9671, 9708, 9737, 9776, 9780, 9795, 9800, 9844, 9855, 9873, 9915, 9927, 9946, 9960, 9980, 10004, 10007, 10018, 10020, 10069, 10083, 10087, 10101, 10121, 10130, 10168, 10170, 10178, 10192, 10221, 10232, 10292, 10296, 10312, 10333, 10347, 10389, 10400, 10432, 10434, 10444, 10472, 10478, 10486, 10527, 10538, 10555, 10635, 10637, 10643, 10656, 10672, 10693, 10699, 10708, 10714, 10750, 10757, 10829, 10842, 10862, 10894, 10909, 10912, 10915, 10998, 11003, 11021, 11025, 11034, 11037, 11046, 11087, 11109, 11143, 11263, 11266, 11280, 11327, 11475, 11489, 11492, 11501, 11563, 11585, 11632, 11644, 11657, 11660, 11675, 11740, 11747, 11749, 11754, 11758, 11760, 11763, 11768, 11789]","[3174, 5595, 7699]",11786,575,11211,0,575,11208,3
-4.0,BOVLHB,"[34, 80, 104, 168, 200, 205, 234, 236, 245, 284, 344, 375, 408, 420, 439, 454, 464, 555, 560, 576, 578, 593, 613, 616, 629, 664, 691, 693, 699, 750, 762, 797, 804, 808, 812, 855, 863, 876, 901, 903, 915, 927, 945, 957, 965, 967, 974, 1006, 1026, 1036, 1038, 1058, 1063, 1116, 1132, 1141, 1143, 1173, 1222, 1226, 1273, 1295, 1350, 1362, 1370, 1402, 1423, 1440, 1451, 1456, 1461, 1527, 1536, 1563, 1565, 1596, 1623, 1635, 1647, 1660, 1666, 1702, 1726]",[],"[34, 80, 104, 168, 200, 205, 234, 236, 245, 284, 344, 375, 408, 420, 439, 454, 464, 555, 560, 576, 578, 593, 613, 616, 629, 664, 691, 693, 699, 750, 762, 797, 804, 808, 812, 855, 863, 876, 901, 903, 915, 927, 945, 957, 965, 967, 974, 1006, 1026, 1036, 1038, 1058, 1063, 1116, 1132, 1141, 1143, 1173, 1222, 1226, 1273, 1295, 1350, 1362, 1370, 1402, 1423, 1440, 1451, 1456, 1461, 1527, 1536, 1563, 1565, 1596, 1623, 1635, 1647, 1660, 1666, 1702, 1726]","[803, 1272]",1857,83,1774,0,83,1772,2
-4.0,BOVLYSOZMA,"[11, 29, 59, 71, 78, 91, 133, 191, 194, 201, 240, 242, 256, 279, 292, 316, 323, 351, 398, 415, 445, 459, 514, 531, 538, 548, 603, 605, 641, 644, 712, 743, 781, 783, 801, 811, 840, 857, 899, 903, 910, 942, 945, 964, 971, 997, 1015, 1017, 1024, 1033, 1057, 1073, 1075, 1095, 1113, 1162, 1173, 1190, 1213, 1256, 1293, 1296, 1310, 1357, 1364, 1372, 1376, 1381, 1399, 1415, 1417, 1424, 1427, 1431, 1456, 1495, 1543, 1551, 1559, 1571, 1582, 1586, 1590, 1594, 1599, 1607, 1610, 1612, 1659, 1679, 1695, 1708, 1736, 1739, 1793, 1811, 1820, 1828, 1892, 1908, 1946, 1967, 1986, 2049, 2058, 2063, 2090, 2094, 2116, 2120, 2122, 2139, 2142, 2144, 2162, 2200, 2207, 2220, 2248, 2256, 2264, 2269, 2279, 2290, 2299, 2302, 2327, 2375, 2379, 2391, 2403, 2436, 2438, 2440, 2445, 2452, 2459, 2461, 2480, 2517, 2527, 2554, 2559, 2566, 2576, 2594, 2622, 2652, 2668, 2681, 2703, 2759, 2761, 2763, 2782, 2803, 2820, 2836, 2846, 2858, 2873, 2877, 2898, 2927, 2943, 2949, 2961, 2974, 3024, 3028, 3040, 3044, 3070, 3079, 3081, 3122, 3141, 3153, 3167, 3202, 3209, 3232, 3256, 3425, 3673, 3689, 3711, 3738, 3740, 3764, 3768, 3784, 3805, 3807, 3906, 3908, 3915, 3917, 3932, 3967, 3998, 4001, 4019, 4056, 4067, 4096, 4101, 4128, 4164, 4178, 4207, 4217, 4219, 4224, 4230, 4246, 4279, 4291, 4302, 4309, 4315, 4347, 4373, 4398, 4418, 4426, 4470, 4475, 4545, 4592, 4610, 4645, 4647, 4667, 4680, 4695, 4702, 4736, 4743, 4803, 4824, 4888, 4926, 4935, 4949, 4967, 4973, 4982, 5015, 5071, 5081, 5094, 5097, 5134, 5139, 5144, 5149, 5154, 5162, 5165, 5167, 5214, 5228, 5244, 5257, 5285, 5329, 5343, 5361, 5370, 5378, 5456, 5458, 5508, 5515, 5546, 5555, 5566, 5571, 5574, 5577, 5611, 5613, 5634, 5670, 5713, 5716, 5718, 5744, 5754, 5759, 5772, 5787, 5792, 5814, 5840, 5854, 5864, 5937, 5956, 5968, 5975, 5992, 5998, 6031, 6042, 6075, 6101, 6104, 6109, 6162, 6186, 6228, 6241, 6272, 6281, 6292, 6326, 6347, 6353, 6361, 6366, 6398, 6434, 6483, 6575, 6592, 6605, 6621, 6632, 6652, 6684, 6723, 6763, 6781, 6788, 6812, 6829, 6832, 6838, 6840, 6865, 6887, 6896, 6933, 6956, 6974, 6983, 6985, 7005, 7041, 7114, 7144, 7160, 7197, 7213, 7249, 7257, 7261, 7284, 7294, 7302, 7328, 7354, 7416, 7447, 7449, 7492, 7513, 7521, 7553, 7555, 7581, 7646, 7657, 7700, 7721, 7742, 7747, 7813, 7885, 7891, 7921, 7929, 7962, 7968, 7994, 7999, 8004, 8012, 8015, 8029, 8064, 8084, 8100, 8109, 8113, 8141, 8144, 8182, 8196, 8212, 8221, 8229, 8247, 8293, 8309, 8328, 8346, 8387, 8426, 8481, 8547, 8550, 8608, 8613, 8615, 8629, 8633, 8655, 8659, 8662, 8668, 8672, 8674, 8676, 8678, 8680, 8682, 8686, 8688, 8690, 8692, 8694, 8696, 8710, 8723, 8742, 8812, 8870, 8872, 8882, 8899, 8951, 8960, 8964, 8967, 8989, 8995, 9005, 9057, 9067, 9072, 9077, 9085, 9110, 9157, 9173, 9182, 9186, 9214, 9217, 9248, 9252, 9267, 9271, 9275, 9305, 9309, 9315, 9328, 9332, 9334, 9370, 9373, 9391, 9411, 9438, 9454, 9476, 9502, 9563, 9568, 9571, 9597, 9604, 9612, 9663, 9713, 9716, 9793, 9827, 9856, 9862, 9879, 9882, 9884, 9887, 9912, 9914, 9926, 9934, 9944, 9952, 9957, 9964, 9979, 10016, 10025, 10043, 10063, 10067, 10087, 10108, 10128, 10141, 10147, 10161, 10168, 10173, 10180, 10190, 10196, 10201, 10224, 10237, 10246, 10252, 10275, 10295, 10319, 10338, 10349, 10351, 10387, 10395, 10410, 10420, 10452, 10461, 10534, 10585, 10611, 10683, 10689, 10693, 10708, 10710, 10730, 10766, 10778, 10783, 10785, 10800, 10811, 10824, 10866, 10905, 10915, 10924, 10934, 11051, 11103, 11150, 11198, 11246, 11255, 11274, 11292, 11296, 11326, 11374, 11383, 11443, 11451, 11514, 11516, 11526, 11569, 11587, 11620, 11635, 11655, 11657, 11678, 11750, 11840, 11858, 11868, 11875, 11912, 11938, 12022, 12037, 12043, 12069, 12084, 12105, 12115, 12121, 12123, 12143, 12145, 12218]",[],"[11, 29, 59, 71, 78, 91, 133, 191, 194, 201, 240, 242, 256, 279, 292, 316, 323, 351, 398, 415, 445, 459, 514, 531, 538, 548, 603, 605, 641, 644, 712, 743, 781, 783, 801, 811, 840, 857, 899, 903, 910, 942, 945, 964, 971, 997, 1015, 1017, 1024, 1033, 1057, 1073, 1075, 1095, 1113, 1162, 1173, 1190, 1213, 1256, 1293, 1296, 1310, 1357, 1364, 1372, 1376, 1381, 1399, 1415, 1417, 1424, 1427, 1431, 1456, 1495, 1543, 1551, 1559, 1571, 1582, 1586, 1590, 1594, 1599, 1607, 1610, 1612, 1659, 1679, 1695, 1708, 1736, 1739, 1793, 1811, 1820, 1828, 1892, 1908, 1946, 1967, 1986, 2049, 2058, 2063, 2090, 2094, 2116, 2120, 2122, 2139, 2142, 2144, 2162, 2200, 2207, 2220, 2248, 2256, 2264, 2269, 2279, 2290, 2299, 2302, 2327, 2375, 2379, 2391, 2403, 2436, 2438, 2440, 2445, 2452, 2459, 2461, 2480, 2517, 2527, 2554, 2559, 2566, 2576, 2594, 2622, 2652, 2668, 2681, 2703, 2759, 2761, 2763, 2782, 2803, 2820, 2836, 2846, 2858, 2873, 2877, 2898, 2927, 2943, 2949, 2961, 2974, 3024, 3028, 3040, 3044, 3070, 3079, 3081, 3122, 3141, 3153, 3167, 3202, 3209, 3232, 3256, 3425, 3673, 3689, 3711, 3738, 3740, 3764, 3768, 3784, 3805, 3807, 3906, 3908, 3915, 3917, 3932, 3967, 3998, 4001, 4019, 4056, 4067, 4096, 4101, 4128, 4164, 4178, 4207, 4217, 4219, 4224, 4230, 4246, 4279, 4291, 4302, 4309, 4315, 4347, 4373, 4398, 4418, 4426, 4470, 4475, 4545, 4592, 4610, 4645, 4647, 4667, 4680, 4695, 4702, 4736, 4743, 4803, 4824, 4888, 4926, 4935, 4949, 4967, 4973, 4982, 5015, 5071, 5081, 5094, 5097, 5134, 5139, 5144, 5149, 5154, 5162, 5165, 5167, 5214, 5228, 5244, 5257, 5285, 5329, 5343, 5361, 5370, 5378, 5456, 5458, 5508, 5515, 5546, 5555, 5566, 5571, 5574, 5577, 5611, 5613, 5634, 5670, 5713, 5716, 5718, 5744, 5754, 5759, 5772, 5787, 5792, 5814, 5840, 5854, 5864, 5937, 5956, 5968, 5975, 5992, 5998, 6031, 6042, 6075, 6101, 6104, 6109, 6162, 6186, 6228, 6241, 6272, 6281, 6292, 6326, 6347, 6353, 6361, 6366, 6398, 6434, 6483, 6575, 6592, 6605, 6621, 6632, 6652, 6684, 6723, 6763, 6781, 6788, 6812, 6829, 6832, 6838, 6840, 6865, 6887, 6896, 6933, 6956, 6974, 6983, 6985, 7005, 7041, 7114, 7144, 7160, 7197, 7213, 7249, 7257, 7261, 7284, 7294, 7302, 7328, 7354, 7416, 7447, 7449, 7492, 7513, 7521, 7553, 7555, 7581, 7646, 7657, 7700, 7721, 7742, 7747, 7813, 7885, 7891, 7921, 7929, 7962, 7968, 7994, 7999, 8004, 8012, 8015, 8029, 8064, 8084, 8100, 8109, 8113, 8141, 8144, 8182, 8196, 8212, 8221, 8229, 8247, 8293, 8309, 8328, 8346, 8387, 8426, 8481, 8547, 8550, 8608, 8613, 8615, 8629, 8633, 8655, 8659, 8662, 8668, 8672, 8674, 8676, 8678, 8680, 8682, 8686, 8688, 8690, 8692, 8694, 8696, 8710, 8723, 8742, 8812, 8870, 8872, 8882, 8899, 8951, 8960, 8964, 8967, 8989, 8995, 9005, 9057, 9067, 9072, 9077, 9085, 9110, 9157, 9173, 9182, 9186, 9214, 9217, 9248, 9252, 9267, 9271, 9275, 9305, 9309, 9315, 9328, 9332, 9334, 9370, 9373, 9391, 9411, 9438, 9454, 9476, 9502, 9563, 9568, 9571, 9597, 9604, 9612, 9663, 9713, 9716, 9793, 9827, 9856, 9862, 9879, 9882, 9884, 9887, 9912, 9914, 9926, 9934, 9944, 9952, 9957, 9964, 9979, 10016, 10025, 10043, 10063, 10067, 10087, 10108, 10128, 10141, 10147, 10161, 10168, 10173, 10180, 10190, 10196, 10201, 10224, 10237, 10246, 10252, 10275, 10295, 10319, 10338, 10349, 10351, 10387, 10395, 10410, 10420, 10452, 10461, 10534, 10585, 10611, 10683, 10689, 10693, 10708, 10710, 10730, 10766, 10778, 10783, 10785, 10800, 10811, 10824, 10866, 10905, 10915, 10924, 10934, 11051, 11103, 11150, 11198, 11246, 11255, 11274, 11292, 11296, 11326, 11374, 11383, 11443, 11451, 11514, 11516, 11526, 11569, 11587, 11620, 11635, 11655, 11657, 11678, 11750, 11840, 11858, 11868, 11875, 11912, 11938, 12022, 12037, 12043, 12069, 12084, 12105, 12115, 12121, 12123, 12143, 12145, 12218]","[3039, 5771, 8654]",12215,604,11611,0,604,11608,3
-4.0,BOVLYSOZMB,"[36, 53, 89, 91, 97, 127, 141, 145, 204, 212, 216, 249, 262, 270, 326, 335, 368, 381, 423, 462, 472, 481, 491, 535, 537, 550, 610, 618, 647, 661, 694, 697, 711, 740, 749, 801, 803, 812, 828, 835, 839, 843, 845, 848, 911, 930, 942, 955, 995, 1074, 1076, 1095, 1140, 1142, 1175, 1191, 1230, 1254, 1258, 1261, 1287, 1305, 1307, 1323, 1347, 1363, 1365, 1378, 1402, 1414, 1423, 1425, 1433, 1452, 1464, 1508, 1516, 1545, 1562, 1609, 1616, 1628, 1646, 1651, 1663, 1667, 1676, 1682, 1706, 1745, 1781, 1816, 1819, 1844, 1868, 1870, 1886, 1891, 1901, 1911, 1920, 1923, 1933, 1994, 1998, 2024, 2029, 2042, 2055, 2060, 2062, 2067, 2074, 2081, 2083, 2096, 2124, 2144, 2154, 2194, 2204, 2270, 2282, 2299, 2307, 2347, 2385, 2391, 2395, 2416, 2425, 2427, 2435, 2437, 2454, 2470, 2480, 2492, 2507, 2511, 2532, 2550, 2561, 2577, 2583, 2595, 2608, 2658, 2674, 2678, 2705, 2714, 2716, 2776, 2788, 2802, 2837, 2844, 2854, 2903, 2908, 2921, 2942, 2946, 2958, 2960, 2981, 2989, 2994, 3008, 3048, 3068, 3101, 3180, 3192, 3244, 3252, 3260, 3270, 3276, 3285, 3334, 3372, 3386, 3398, 3415, 3436, 3500, 3502, 3504, 3544, 3548, 3568, 3584, 3586, 3620, 3632, 3641, 3699, 3701, 3718, 3722, 3733, 3744, 3748, 3751, 3755, 3760, 3773, 3777, 3797, 3807, 3810, 3842, 3845, 3847, 3868, 3904, 3947, 3950, 3952, 3978, 3988, 3993, 4006, 4021, 4026, 4048, 4057, 4074, 4088, 4106, 4118, 4136, 4151, 4193, 4199, 4202, 4212, 4255, 4262, 4280, 4294, 4304, 4318, 4322, 4329, 4358, 4394, 4410, 4448, 4458, 4467, 4477, 4524, 4527, 4529, 4531, 4533, 4535, 4537, 4583, 4607, 4610, 4663, 4676, 4712, 4726, 4746, 4757, 4767, 4769, 4771, 4773, 4775, 4777, 4779, 4788, 4791, 4798, 4802, 4817, 4847, 4865, 4871, 4878, 4894, 4953, 4958, 4972, 4995, 5034, 5052, 5059, 5101, 5104, 5149, 5153, 5159, 5202, 5224, 5242, 5302, 5332, 5427, 5429, 5439, 5463, 5479, 5481, 5483, 5519, 5565, 5568, 5573, 5583, 5595, 5626, 5639, 5647, 5681, 5709, 5733, 5742, 5754, 5757, 5776, 5825, 5834, 5877, 5935, 5992, 6039, 6105, 6108, 6166, 6171, 6173, 6187, 6191, 6213, 6217, 6220, 6262, 6281, 6288, 6295, 6297, 6302, 6310, 6345, 6349, 6354, 6369, 6377, 6411, 6413, 6415, 6417, 6427, 6476, 6486, 6558, 6567, 6581, 6597, 6615, 6619, 6622, 6631, 6645, 6684, 6692, 6715, 6719, 6723, 6727, 6731, 6733, 6740, 6761, 6763, 6786, 6792, 6808, 6828, 6831, 6836, 6850, 6852, 6868, 6896, 6898, 6918, 6929, 6935, 6943, 7026, 7052, 7059, 7068, 7119, 7169, 7248, 7275, 7304, 7310, 7327, 7330, 7332, 7335, 7360, 7362, 7374, 7382, 7392, 7400, 7405, 7412, 7427, 7453, 7473, 7491, 7512, 7516, 7536, 7557, 7577, 7590, 7596, 7610, 7617, 7622, 7629, 7639, 7645, 7650, 7695, 7701, 7712, 7727, 7765, 7768, 7791, 7802, 7804, 7811, 7840, 7863, 7873, 7898, 7905, 7914, 7941, 7987, 8092, 8139, 8143, 8149, 8164, 8166, 8186, 8190, 8218, 8239, 8315, 8336, 8342, 8355, 8408, 8421, 8423, 8426, 8473, 8476, 8487, 8498, 8528, 8535, 8556, 8599, 8611, 8638, 8674, 8676, 8729, 8756, 8769, 8813, 8829, 8831, 8845, 8864, 8885, 8943, 8958, 9023, 9095, 9109, 9115, 9132, 9169, 9195, 9269, 9295, 9300, 9319, 9340, 9400, 9456, 9475, 9487, 9511, 9581, 9609, 9638, 9647, 9663, 9680, 9682, 9691, 9699, 9730, 9753, 9789, 9803, 9823, 9832, 9863, 9872, 9884, 9887, 9898, 9900, 9908, 9935, 9959, 9964, 9972, 9989, 10003, 10008, 10038, 10051, 10105, 10107, 10117, 10131, 10138, 10179, 10181, 10199]",[],"[36, 53, 89, 91, 97, 127, 141, 145, 204, 212, 216, 249, 262, 270, 326, 335, 368, 381, 423, 462, 472, 481, 491, 535, 537, 550, 610, 618, 647, 661, 694, 697, 711, 740, 749, 801, 803, 812, 828, 835, 839, 843, 845, 848, 911, 930, 942, 955, 995, 1074, 1076, 1095, 1140, 1142, 1175, 1191, 1230, 1254, 1258, 1261, 1287, 1305, 1307, 1323, 1347, 1363, 1365, 1378, 1402, 1414, 1423, 1425, 1433, 1452, 1464, 1508, 1516, 1545, 1562, 1609, 1616, 1628, 1646, 1651, 1663, 1667, 1676, 1682, 1706, 1745, 1781, 1816, 1819, 1844, 1868, 1870, 1886, 1891, 1901, 1911, 1920, 1923, 1933, 1994, 1998, 2024, 2029, 2042, 2055, 2060, 2062, 2067, 2074, 2081, 2083, 2096, 2124, 2144, 2154, 2194, 2204, 2270, 2282, 2299, 2307, 2347, 2385, 2391, 2395, 2416, 2425, 2427, 2435, 2437, 2454, 2470, 2480, 2492, 2507, 2511, 2532, 2550, 2561, 2577, 2583, 2595, 2608, 2658, 2674, 2678, 2705, 2714, 2716, 2776, 2788, 2802, 2837, 2844, 2854, 2903, 2908, 2921, 2942, 2946, 2958, 2960, 2981, 2989, 2994, 3008, 3048, 3068, 3101, 3180, 3192, 3244, 3252, 3260, 3270, 3276, 3285, 3334, 3372, 3386, 3398, 3415, 3436, 3500, 3502, 3504, 3544, 3548, 3568, 3584, 3586, 3620, 3632, 3641, 3699, 3701, 3718, 3722, 3733, 3744, 3748, 3751, 3755, 3760, 3773, 3777, 3797, 3807, 3810, 3842, 3845, 3847, 3868, 3904, 3947, 3950, 3952, 3978, 3988, 3993, 4006, 4021, 4026, 4048, 4057, 4074, 4088, 4106, 4118, 4136, 4151, 4193, 4199, 4202, 4212, 4255, 4262, 4280, 4294, 4304, 4318, 4322, 4329, 4358, 4394, 4410, 4448, 4458, 4467, 4477, 4524, 4527, 4529, 4531, 4533, 4535, 4537, 4583, 4607, 4610, 4663, 4676, 4712, 4726, 4746, 4757, 4767, 4769, 4771, 4773, 4775, 4777, 4779, 4788, 4791, 4798, 4802, 4817, 4847, 4865, 4871, 4878, 4894, 4953, 4958, 4972, 4995, 5034, 5052, 5059, 5101, 5104, 5149, 5153, 5159, 5202, 5224, 5242, 5302, 5332, 5427, 5429, 5439, 5463, 5479, 5481, 5483, 5519, 5565, 5568, 5573, 5583, 5595, 5626, 5639, 5647, 5681, 5709, 5733, 5742, 5754, 5757, 5776, 5825, 5834, 5877, 5935, 5992, 6039, 6105, 6108, 6166, 6171, 6173, 6187, 6191, 6213, 6217, 6220, 6262, 6281, 6288, 6295, 6297, 6302, 6310, 6345, 6349, 6354, 6369, 6377, 6411, 6413, 6415, 6417, 6427, 6476, 6486, 6558, 6567, 6581, 6597, 6615, 6619, 6622, 6631, 6645, 6684, 6692, 6715, 6719, 6723, 6727, 6731, 6733, 6740, 6761, 6763, 6786, 6792, 6808, 6828, 6831, 6836, 6850, 6852, 6868, 6896, 6898, 6918, 6929, 6935, 6943, 7026, 7052, 7059, 7068, 7119, 7169, 7248, 7275, 7304, 7310, 7327, 7330, 7332, 7335, 7360, 7362, 7374, 7382, 7392, 7400, 7405, 7412, 7427, 7453, 7473, 7491, 7512, 7516, 7536, 7557, 7577, 7590, 7596, 7610, 7617, 7622, 7629, 7639, 7645, 7650, 7695, 7701, 7712, 7727, 7765, 7768, 7791, 7802, 7804, 7811, 7840, 7863, 7873, 7898, 7905, 7914, 7941, 7987, 8092, 8139, 8143, 8149, 8164, 8166, 8186, 8190, 8218, 8239, 8315, 8336, 8342, 8355, 8408, 8421, 8423, 8426, 8473, 8476, 8487, 8498, 8528, 8535, 8556, 8599, 8611, 8638, 8674, 8676, 8729, 8756, 8769, 8813, 8829, 8831, 8845, 8864, 8885, 8943, 8958, 9023, 9095, 9109, 9115, 9132, 9169, 9195, 9269, 9295, 9300, 9319, 9340, 9400, 9456, 9475, 9487, 9511, 9581, 9609, 9638, 9647, 9663, 9680, 9682, 9691, 9699, 9730, 9753, 9789, 9803, 9823, 9832, 9863, 9872, 9884, 9887, 9898, 9900, 9908, 9935, 9959, 9964, 9972, 9989, 10003, 10008, 10038, 10051, 10105, 10107, 10117, 10131, 10138, 10179, 10181, 10199]","[2673, 4005, 6212]",10205,552,9653,0,552,9650,3
-4.0,BOVLYSOZMC,"[39, 93, 101, 104, 109, 114, 122, 127, 143, 145, 152, 155, 184, 223, 234, 282, 294, 305, 309, 322, 375, 385, 413, 418, 425, 435, 484, 503, 530, 543, 565, 617, 623, 648, 659, 669, 686, 702, 712, 724, 726, 739, 743, 764, 793, 809, 815, 827, 840, 890, 906, 910, 934, 943, 945, 992, 1019, 1023, 1037, 1087, 1101, 1127, 1132, 1134, 1140, 1146, 1170, 1173, 1210, 1226, 1228, 1247, 1260, 1275, 1280, 1283, 1314, 1316, 1321, 1374, 1499, 1516, 1522, 1524, 1542, 1548, 1557, 1646, 1672, 1697, 1709, 1778, 1836, 1892, 1924, 1938, 1941, 1946, 1955, 2013, 2015, 2032, 2058, 2061, 2079, 2106, 2108, 2112, 2117, 2122, 2128, 2160, 2163, 2165, 2186, 2222, 2265, 2268, 2270, 2296, 2306, 2311, 2324, 2339, 2344, 2350, 2392, 2406, 2416, 2485, 2504, 2516, 2522, 2555, 2558, 2560, 2578, 2589, 2638, 2651, 2654, 2723, 2725, 2728, 2745, 2768, 2818, 2827, 2832, 2838, 2852, 2872, 2897, 2910, 2920, 2934, 2991, 2996, 3010, 3013, 3026, 3042, 3053, 3074, 3106, 3115, 3140, 3181, 3199, 3206, 3237, 3247, 3255, 3264, 3293, 3371, 3389, 3398, 3400, 3420, 3558, 3610, 3647, 3653, 3658, 3666, 3669, 3671, 3698, 3742, 3750, 3754, 3808, 3818, 3822, 3828, 3833, 3847, 3854, 3880, 3887, 3902, 3911, 3967, 4018, 4021, 4087, 4090, 4148, 4155, 4169, 4173, 4195, 4199, 4206, 4227, 4240, 4259, 4265, 4305, 4316, 4326, 4331, 4346, 4370, 4379, 4382, 4384, 4394, 4463, 4467, 4503, 4509, 4514, 4522, 4527, 4574, 4598, 4610, 4633, 4672, 4674, 4676, 4678, 4688, 4735, 4737, 4744, 4774, 4798, 4802, 4901, 4909, 4913, 4915, 4922, 4942, 4946, 4965, 4969, 4971, 5015, 5029, 5045, 5114, 5120, 5123, 5191, 5196, 5224, 5237, 5309, 5313, 5315, 5317, 5322, 5326, 5330, 5347, 5362, 5381, 5401, 5417, 5426, 5430, 5446, 5501, 5515, 5542, 5568, 5614, 5630, 5641, 5648, 5706, 5714, 5723, 5769, 5772, 5778, 5783, 5790, 5840, 5842, 5862, 5875, 5905, 5944, 5987, 6038, 6064, 6067, 6087, 6090, 6111, 6125, 6171, 6203, 6236, 6240, 6246, 6250, 6259, 6262, 6282, 6303, 6311, 6341, 6348, 6363, 6371, 6397, 6412, 6418, 6461, 6480, 6508, 6520, 6527, 6533, 6590, 6597, 6604, 6621, 6638, 6650, 6689, 6694, 6708, 6734, 6779, 6795, 6826, 6837, 6861, 6893, 6922, 6928, 6945, 6948, 6950, 6953, 6978, 6980, 6992, 7000, 7019, 7024, 7031, 7046, 7057, 7072, 7079, 7092, 7110, 7133, 7143, 7153, 7159, 7174, 7194, 7207, 7213, 7227, 7234, 7239, 7246, 7256, 7262, 7267, 7290, 7312, 7315, 7318, 7323, 7329, 7385, 7408, 7421, 7428, 7432, 7457, 7459, 7476, 7480, 7522, 7531, 7565, 7604, 7670, 7717, 7753, 7764, 7768, 7774, 7789, 7791, 7810, 7910, 7964, 7975, 8011, 8024]",[],"[39, 93, 101, 104, 109, 114, 122, 127, 143, 145, 152, 155, 184, 223, 234, 282, 294, 305, 309, 322, 375, 385, 413, 418, 425, 435, 484, 503, 530, 543, 565, 617, 623, 648, 659, 669, 686, 702, 712, 724, 726, 739, 743, 764, 793, 809, 815, 827, 840, 890, 906, 910, 934, 943, 945, 992, 1019, 1023, 1037, 1087, 1101, 1127, 1132, 1134, 1140, 1146, 1170, 1173, 1210, 1226, 1228, 1247, 1260, 1275, 1280, 1283, 1314, 1316, 1321, 1374, 1499, 1516, 1522, 1524, 1542, 1548, 1557, 1646, 1672, 1697, 1709, 1778, 1836, 1892, 1924, 1938, 1941, 1946, 1955, 2013, 2015, 2032, 2058, 2061, 2079, 2106, 2108, 2112, 2117, 2122, 2128, 2160, 2163, 2165, 2186, 2222, 2265, 2268, 2270, 2296, 2306, 2311, 2324, 2339, 2344, 2350, 2392, 2406, 2416, 2485, 2504, 2516, 2522, 2555, 2558, 2560, 2578, 2589, 2638, 2651, 2654, 2723, 2725, 2728, 2745, 2768, 2818, 2827, 2832, 2838, 2852, 2872, 2897, 2910, 2920, 2934, 2991, 2996, 3010, 3013, 3026, 3042, 3053, 3074, 3106, 3115, 3140, 3181, 3199, 3206, 3237, 3247, 3255, 3264, 3293, 3371, 3389, 3398, 3400, 3420, 3558, 3610, 3647, 3653, 3658, 3666, 3669, 3671, 3698, 3742, 3750, 3754, 3808, 3818, 3822, 3828, 3833, 3847, 3854, 3880, 3887, 3902, 3911, 3967, 4018, 4021, 4087, 4090, 4148, 4155, 4169, 4173, 4195, 4199, 4206, 4227, 4240, 4259, 4265, 4305, 4316, 4326, 4331, 4346, 4370, 4379, 4382, 4384, 4394, 4463, 4467, 4503, 4509, 4514, 4522, 4527, 4574, 4598, 4610, 4633, 4672, 4674, 4676, 4678, 4688, 4735, 4737, 4744, 4774, 4798, 4802, 4901, 4909, 4913, 4915, 4922, 4942, 4946, 4965, 4969, 4971, 5015, 5029, 5045, 5114, 5120, 5123, 5191, 5196, 5224, 5237, 5309, 5313, 5315, 5317, 5322, 5326, 5330, 5347, 5362, 5381, 5401, 5417, 5426, 5430, 5446, 5501, 5515, 5542, 5568, 5614, 5630, 5641, 5648, 5706, 5714, 5723, 5769, 5772, 5778, 5783, 5790, 5840, 5842, 5862, 5875, 5905, 5944, 5987, 6038, 6064, 6067, 6087, 6090, 6111, 6125, 6171, 6203, 6236, 6240, 6246, 6250, 6259, 6262, 6282, 6303, 6311, 6341, 6348, 6363, 6371, 6397, 6412, 6418, 6461, 6480, 6508, 6520, 6527, 6533, 6590, 6597, 6604, 6621, 6638, 6650, 6689, 6694, 6708, 6734, 6779, 6795, 6826, 6837, 6861, 6893, 6922, 6928, 6945, 6948, 6950, 6953, 6978, 6980, 6992, 7000, 7019, 7024, 7031, 7046, 7057, 7072, 7079, 7092, 7110, 7133, 7143, 7153, 7159, 7174, 7194, 7207, 7213, 7227, 7234, 7239, 7246, 7256, 7262, 7267, 7290, 7312, 7315, 7318, 7323, 7329, 7385, 7408, 7421, 7428, 7432, 7457, 7459, 7476, 7480, 7522, 7531, 7565, 7604, 7670, 7717, 7753, 7764, 7768, 7774, 7789, 7791, 7810, 7910, 7964, 7975, 8011, 8024]","[905, 2323, 4194]",8044,423,7621,0,423,7618,3
-4.0,BOVMYF5A,"[59, 69, 140, 166, 221, 236, 274, 278, 290, 303, 360, 404, 431, 492, 521, 558, 595, 621, 682, 699, 714, 771, 773, 791, 794, 801, 808, 828, 897, 912, 936, 955, 958, 978, 989, 996, 1012, 1023, 1025, 1036, 1072, 1088, 1096, 1100, 1173, 1197, 1217, 1225, 1227, 1244, 1246, 1263, 1265, 1298, 1307, 1309, 1384, 1399, 1434, 1444, 1447, 1451, 1464, 1534, 1536, 1557, 1573, 1590, 1601, 1608, 1616, 1626, 1650, 1662, 1690, 1695, 1699, 1712, 1734, 1746, 1825, 1853, 1900, 1925, 1944, 1953, 1956, 1966, 2009, 2020, 2022, 2029, 2083, 2149, 2192, 2212, 2238, 2274, 2303, 2324, 2327, 2335, 2342, 2366, 2368, 2379, 2443, 2473, 2484, 2487, 2491, 2551, 2556, 2589, 2597, 2607, 2626, 2661, 2663, 2668, 2694, 2749, 2756, 2810, 2816, 2832, 2844, 2873, 2885, 2887, 2896, 2908, 2919, 2923, 2961, 2967, 2972, 2976, 2978, 3024, 3026, 3059, 3062, 3079, 3082, 3084, 3086, 3090, 3101, 3108, 3146, 3176, 3194, 3200, 3241, 3254, 3273, 3280, 3283, 3302, 3329, 3334, 3339, 3412, 3414, 3417, 3419, 3421, 3436, 3446, 3499, 3511, 3514, 3591, 3595, 3598, 3628, 3645, 3662, 3669, 3674, 3676, 3711, 3719, 3722, 3727, 3739, 3776, 3781, 3790, 3841, 3855, 3864, 3872, 3921, 3948, 3961, 4014, 4020, 4033, 4041, 4043, 4071, 4075, 4078, 4085, 4128, 4156, 4172, 4189, 4205, 4238, 4251, 4267, 4289, 4304, 4318, 4327, 4336, 4392, 4403, 4413, 4424, 4457, 4490, 4494, 4500, 4538, 4562, 4568, 4584, 4622, 4630, 4670, 4691, 4734, 4737, 4753, 4770, 4811, 4830, 4847, 4852, 4857, 4874, 4894, 4909, 4911, 4953, 5001, 5021, 5024, 5050, 5059, 5076, 5102, 5105, 5120, 5128, 5140, 5173, 5211]",[],"[59, 69, 140, 166, 221, 236, 274, 278, 290, 303, 360, 404, 431, 492, 521, 558, 595, 621, 682, 699, 714, 771, 773, 791, 794, 801, 808, 828, 897, 912, 936, 955, 958, 978, 989, 996, 1012, 1023, 1025, 1036, 1072, 1088, 1096, 1100, 1173, 1197, 1217, 1225, 1227, 1244, 1246, 1263, 1265, 1298, 1307, 1309, 1384, 1399, 1434, 1444, 1447, 1451, 1464, 1534, 1536, 1557, 1573, 1590, 1601, 1608, 1616, 1626, 1650, 1662, 1690, 1695, 1699, 1712, 1734, 1746, 1825, 1853, 1900, 1925, 1944, 1953, 1956, 1966, 2009, 2020, 2022, 2029, 2083, 2149, 2192, 2212, 2238, 2274, 2303, 2324, 2327, 2335, 2342, 2366, 2368, 2379, 2443, 2473, 2484, 2487, 2491, 2551, 2556, 2589, 2597, 2607, 2626, 2661, 2663, 2668, 2694, 2749, 2756, 2810, 2816, 2832, 2844, 2873, 2885, 2887, 2896, 2908, 2919, 2923, 2961, 2967, 2972, 2976, 2978, 3024, 3026, 3059, 3062, 3079, 3082, 3084, 3086, 3090, 3101, 3108, 3146, 3176, 3194, 3200, 3241, 3254, 3273, 3280, 3283, 3302, 3329, 3334, 3339, 3412, 3414, 3417, 3419, 3421, 3436, 3446, 3499, 3511, 3514, 3591, 3595, 3598, 3628, 3645, 3662, 3669, 3674, 3676, 3711, 3719, 3722, 3727, 3739, 3776, 3781, 3790, 3841, 3855, 3864, 3872, 3921, 3948, 3961, 4014, 4020, 4033, 4041, 4043, 4071, 4075, 4078, 4085, 4128, 4156, 4172, 4189, 4205, 4238, 4251, 4267, 4289, 4304, 4318, 4327, 4336, 4392, 4403, 4413, 4424, 4457, 4490, 4494, 4500, 4538, 4562, 4568, 4584, 4622, 4630, 4670, 4691, 4734, 4737, 4753, 4770, 4811, 4830, 4847, 4852, 4857, 4874, 4894, 4909, 4911, 4953, 5001, 5021, 5024, 5050, 5059, 5076, 5102, 5105, 5120, 5128, 5140, 5173, 5211]","[698, 1625]",5212,262,4950,0,262,4948,2
-4.0,BRHOX22,"[43, 63, 94, 96, 102, 117, 149, 167, 185, 190, 193, 239, 258, 266, 285, 297, 334, 365, 368, 400, 402, 452, 463, 465, 531, 543, 575, 579, 601, 624, 641, 643, 649, 663, 679, 686, 691, 757, 769, 792, 810, 825, 829, 836, 844, 849, 859, 991, 1006, 1035, 1058, 1079, 1123, 1138, 1144, 1160, 1219, 1298, 1302, 1309, 1385, 1395, 1426, 1432, 1436, 1442, 1472, 1479, 1483, 1492, 1515, 1538, 1565, 1591, 1596, 1601, 1615, 1620, 1626, 1642, 1654, 1734, 1757, 1763, 1777, 1783, 1787, 1789, 1797, 1816, 1820, 1823, 1826, 1867, 1879, 1900, 1905, 1945, 1952, 1957, 1959, 1993, 2008, 2014, 2020, 2026, 2048, 2060, 2069, 2071, 2077, 2090, 2118, 2137, 2150, 2215, 2225, 2235, 2237, 2290, 2292, 2294, 2302, 2318, 2325, 2333, 2335, 2373, 2380, 2388, 2402, 2427, 2445, 2447, 2453, 2494, 2503, 2512, 2522, 2540, 2558, 2573, 2615, 2645, 2695, 2707, 2830, 2840, 2852, 2862, 2874, 2895, 2898, 2907, 2910, 2915, 2959, 2965, 2989, 2991, 3000, 3002, 3017, 3019, 3040, 3051, 3109, 3123, 3125, 3131, 3138, 3152, 3162, 3165, 3175, 3198, 3205, 3228, 3291, 3305, 3313, 3325, 3337, 3339, 3348, 3368, 3396, 3415, 3438]",[],"[43, 63, 94, 96, 102, 117, 149, 167, 185, 190, 193, 239, 258, 266, 285, 297, 334, 365, 368, 400, 402, 452, 463, 465, 531, 543, 575, 579, 601, 624, 641, 643, 649, 663, 679, 686, 691, 757, 769, 792, 810, 825, 829, 836, 844, 849, 859, 991, 1006, 1035, 1058, 1079, 1123, 1138, 1144, 1160, 1219, 1298, 1302, 1309, 1385, 1395, 1426, 1432, 1436, 1442, 1472, 1479, 1483, 1492, 1515, 1538, 1565, 1591, 1596, 1601, 1615, 1620, 1626, 1642, 1654, 1734, 1757, 1763, 1777, 1783, 1787, 1789, 1797, 1816, 1820, 1823, 1826, 1867, 1879, 1900, 1905, 1945, 1952, 1957, 1959, 1993, 2008, 2014, 2020, 2026, 2048, 2060, 2069, 2071, 2077, 2090, 2118, 2137, 2150, 2215, 2225, 2235, 2237, 2290, 2292, 2294, 2302, 2318, 2325, 2333, 2335, 2373, 2380, 2388, 2402, 2427, 2445, 2447, 2453, 2494, 2503, 2512, 2522, 2540, 2558, 2573, 2615, 2645, 2695, 2707, 2830, 2840, 2852, 2862, 2874, 2895, 2898, 2907, 2910, 2915, 2959, 2965, 2989, 2991, 3000, 3002, 3017, 3019, 3040, 3051, 3109, 3123, 3125, 3131, 3138, 3152, 3162, 3165, 3175, 3198, 3205, 3228, 3291, 3305, 3313, 3325, 3337, 3339, 3348, 3368, 3396, 3415, 3438]",[1431],3435,189,3246,0,189,3245,1
-4.0,BRHOX34A,"[5, 16, 26, 45, 55, 59, 61, 65, 73, 82, 87, 113, 121, 171, 183, 191, 247, 285, 288, 357, 413, 435, 444, 452, 454, 461, 465, 476, 484, 510, 518, 553, 589, 593, 602, 614, 646, 700, 712, 720, 734, 739, 757, 765, 779, 793, 803, 834, 922, 932, 953, 982, 987, 992, 999, 1003, 1041, 1063, 1068, 1092, 1133, 1164, 1172, 1177, 1183, 1191, 1201, 1224, 1249, 1257, 1280, 1288, 1297, 1353, 1360, 1364, 1388, 1398, 1416, 1420, 1425, 1439, 1450, 1463, 1469, 1485, 1494, 1514, 1525, 1534, 1544, 1552, 1603, 1610, 1640, 1663, 1665, 1670, 1704, 1730, 1738, 1752, 1760, 1792, 1799, 1810, 1820, 1835, 1847, 1873, 1882, 1934, 1945, 1955, 1973, 1980, 2003, 2005, 2047, 2091, 2104, 2110, 2121, 2135, 2138, 2143, 2151, 2178, 2185, 2192, 2218, 2259, 2297, 2302, 2314, 2318, 2328, 2331, 2358, 2383, 2399, 2442, 2478, 2492, 2495, 2497, 2504, 2507, 2511, 2515, 2528, 2551, 2553, 2568, 2598, 2620, 2630, 2653, 2676, 2692, 2745, 2760, 2793, 2796, 2810, 2850, 2883, 2892, 2897, 2904, 2908, 2922, 2935, 2946, 2964, 2983, 2989, 2999, 3013, 3049, 3070, 3122, 3137, 3148, 3161, 3193, 3207, 3293, 3320, 3340, 3345, 3351, 3380, 3401, 3405, 3437, 3472, 3482, 3492]",[],"[5, 16, 26, 45, 55, 59, 61, 65, 73, 82, 87, 113, 121, 171, 183, 191, 247, 285, 288, 357, 413, 435, 444, 452, 454, 461, 465, 476, 484, 510, 518, 553, 589, 593, 602, 614, 646, 700, 712, 720, 734, 739, 757, 765, 779, 793, 803, 834, 922, 932, 953, 982, 987, 992, 999, 1003, 1041, 1063, 1068, 1092, 1133, 1164, 1172, 1177, 1183, 1191, 1201, 1224, 1249, 1257, 1280, 1288, 1297, 1353, 1360, 1364, 1388, 1398, 1416, 1420, 1425, 1439, 1450, 1463, 1469, 1485, 1494, 1514, 1525, 1534, 1544, 1552, 1603, 1610, 1640, 1663, 1665, 1670, 1704, 1730, 1738, 1752, 1760, 1792, 1799, 1810, 1820, 1835, 1847, 1873, 1882, 1934, 1945, 1955, 1973, 1980, 2003, 2005, 2047, 2091, 2104, 2110, 2121, 2135, 2138, 2143, 2151, 2178, 2185, 2192, 2218, 2259, 2297, 2302, 2314, 2318, 2328, 2331, 2358, 2383, 2399, 2442, 2478, 2492, 2495, 2497, 2504, 2507, 2511, 2515, 2528, 2551, 2553, 2568, 2598, 2620, 2630, 2653, 2676, 2692, 2745, 2760, 2793, 2796, 2810, 2850, 2883, 2892, 2897, 2904, 2908, 2922, 2935, 2946, 2964, 2983, 2989, 2999, 3013, 3049, 3070, 3122, 3137, 3148, 3161, 3193, 3207, 3293, 3320, 3340, 3345, 3351, 3380, 3401, 3405, 3437, 3472, 3482, 3492]",[981],3491,199,3292,0,199,3291,1
-4.0,BRU12895,"[34, 93, 121, 124, 243, 287, 335, 374, 379, 381, 394, 439, 464, 482, 519, 543, 593, 652, 662, 668, 675, 728, 736, 754, 794, 800, 828, 855, 858, 869, 1017, 1087, 1116, 1136, 1204, 1232, 1241, 1243, 1255, 1268, 1290, 1300, 1305, 1319, 1321, 1343, 1348, 1381, 1392, 1398, 1462, 1472, 1496, 1504, 1512, 1527, 1544, 1562, 1569, 1590, 1613, 1615, 1617, 1621, 1623, 1625, 1627, 1629, 1631, 1635, 1637, 1640, 1645, 1652, 1686, 1696, 1709, 1745, 1772, 1780, 1791, 1813, 1815, 1819, 1869, 1922, 1952, 1958, 1977, 1987, 1991, 1999, 2031, 2073, 2091, 2097, 2131, 2141, 2183, 2208, 2233, 2250, 2273, 2285, 2302, 2325, 2342, 2356, 2393, 2450, 2470, 2478, 2498, 2511, 2566, 2576, 2649, 2681, 2744, 2754, 2828, 2842, 2854, 2887, 2889, 2929, 2943, 2950, 2974, 2997, 3046, 3070, 3077, 3089, 3097, 3123, 3216]",[],"[34, 93, 121, 124, 243, 287, 335, 374, 379, 381, 394, 439, 464, 482, 519, 543, 593, 652, 662, 668, 675, 728, 736, 754, 794, 800, 828, 855, 858, 869, 1017, 1087, 1116, 1136, 1204, 1232, 1241, 1243, 1255, 1268, 1290, 1300, 1305, 1319, 1321, 1343, 1348, 1381, 1392, 1398, 1462, 1472, 1496, 1504, 1512, 1527, 1544, 1562, 1569, 1590, 1613, 1615, 1617, 1621, 1623, 1625, 1627, 1629, 1631, 1635, 1637, 1640, 1645, 1652, 1686, 1696, 1709, 1745, 1772, 1780, 1791, 1813, 1815, 1819, 1869, 1922, 1952, 1958, 1977, 1987, 1991, 1999, 2031, 2073, 2091, 2097, 2131, 2141, 2183, 2208, 2233, 2250, 2273, 2285, 2302, 2325, 2342, 2356, 2393, 2450, 2470, 2478, 2498, 2511, 2566, 2576, 2649, 2681, 2744, 2754, 2828, 2842, 2854, 2887, 2889, 2929, 2943, 2950, 2974, 2997, 3046, 3070, 3077, 3089, 3097, 3123, 3216]",[1135],3233,137,3096,0,137,3095,1
-4.0,BTATPAAA,"[44, 56, 62, 75, 91, 103, 113, 115, 143, 192, 218, 229, 250, 266, 297, 311, 353, 372, 393, 412, 420, 427, 451, 460, 464, 471, 506, 542, 550, 566, 576, 581, 623, 629, 633, 686, 690, 696, 708, 741, 770, 775, 786, 818, 827, 837, 844, 909, 919, 926, 943, 952, 955, 957, 987, 993, 1026, 1044, 1079, 1112, 1123, 1126, 1136, 1147, 1161, 1167, 1201, 1205, 1224, 1230, 1265, 1275, 1286, 1297, 1303, 1321, 1364, 1385, 1389, 1392, 1404, 1431, 1435, 1451, 1468, 1488, 1520, 1542, 1547, 1553, 1569, 1571, 1586, 1595, 1688, 1701, 1715, 1756, 1759, 1770, 1791, 1801, 1818, 1840, 1859, 1921, 1968, 1974, 1988, 2013, 2017, 2020, 2051, 2053, 2062, 2064, 2118, 2121, 2131, 2165, 2210, 2236, 2300, 2315, 2319, 2331, 2333, 2356, 2373, 2378, 2382, 2425, 2447, 2453, 2502, 2506, 2517, 2533, 2561, 2572, 2592, 2602, 2608, 2613, 2616, 2671, 2682, 2684, 2703, 2720, 2737, 2762, 2778, 2782, 2803, 2825, 2830, 2839, 2858, 2861, 2913, 2917, 2919, 2930, 2956, 2958, 2982, 2988, 2993, 2998, 3031, 3044, 3052, 3057, 3066, 3072, 3084, 3091, 3094, 3151, 3161, 3187, 3235, 3246, 3328, 3334, 3338, 3343, 3359, 3372, 3381, 3384, 3388, 3411, 3454, 3462, 3465, 3478, 3505, 3512, 3549, 3551, 3571, 3594, 3616, 3618, 3625, 3631, 3637, 3648, 3666, 3684, 3689, 3700, 3708, 3715, 3745, 3747, 3756, 3768, 3771, 3782, 3784, 3829, 3837, 3839, 3843, 3859, 3868, 3880, 3919, 3922, 3952, 3971, 3984, 3988, 3992, 3998, 4031, 4054, 4061, 4073, 4082, 4088, 4096, 4099, 4107, 4115, 4117, 4148, 4150, 4173, 4176, 4184, 4189, 4196, 4202, 4205, 4211, 4218, 4237, 4250, 4264, 4274, 4276, 4281, 4298, 4302, 4304, 4330, 4339, 4379, 4382, 4384, 4386, 4399, 4448, 4484, 4492, 4512, 4524, 4538, 4582, 4586, 4597, 4627, 4629, 4651, 4672, 4708, 4762, 4771, 4774, 4776, 4786, 4823, 4855, 4859, 4888, 4895, 4901, 4906, 4914, 4917, 4919, 4965, 4989, 4997, 5002, 5022, 5081, 5086, 5089, 5099, 5111, 5146, 5152, 5182, 5190, 5202, 5211, 5213, 5215, 5224, 5252, 5271, 5274, 5289, 5307, 5343, 5346, 5351, 5357, 5404, 5406, 5420, 5425, 5428, 5439, 5457, 5461, 5488, 5491, 5493, 5497, 5511, 5533, 5543, 5550, 5552, 5557, 5561, 5586, 5590, 5592, 5595, 5598, 5600, 5637, 5658, 5664, 5670, 5689, 5692, 5694, 5697, 5710, 5730, 5734, 5755, 5758, 5788, 5796, 5809, 5819, 5828, 5848, 5887, 5920, 5932, 5942, 5945, 5948, 5954, 5969, 5985, 6003, 6010, 6039, 6060, 6092, 6099, 6110, 6117, 6120, 6131, 6149, 6156, 6161, 6167, 6171, 6195, 6264, 6269, 6277, 6287, 6304, 6312, 6316, 6338, 6354, 6365, 6413, 6461, 6473, 6480, 6496, 6499, 6512, 6523, 6528, 6532, 6543, 6562, 6574, 6583, 6586, 6591, 6610, 6633, 6647, 6659, 6686, 6696, 6699, 6734, 6757, 6828, 6840, 6842, 6854, 6862, 6866, 6870, 6873, 6876, 6886, 6895, 6904, 6923, 6930, 6940, 6947, 6973, 6976, 6991, 6996, 7054, 7057, 7080, 7099, 7104, 7106, 7128, 7152, 7186, 7200, 7213, 7216, 7231, 7252, 7271, 7283, 7317, 7326, 7331, 7364, 7372, 7374, 7376, 7429, 7437, 7446, 7470, 7511, 7514, 7565, 7579, 7591, 7602, 7643, 7659, 7683, 7694, 7714, 7718, 7722, 7726, 7728, 7733, 7735, 7771, 7778, 7788, 7796, 7811, 7817, 7822, 7825, 7829, 7831, 7840, 7848, 7853, 7859, 7872, 7879, 7886, 7902, 7911, 7916, 7921, 7938, 7943, 7979, 7982, 7985, 7987, 7991, 8019, 8024, 8028, 8031, 8040, 8045, 8056, 8058, 8097, 8100, 8104, 8128, 8142, 8155, 8171, 8201, 8237, 8248, 8277, 8279, 8305, 8312, 8318, 8326, 8361, 8370, 8386, 8395, 8399, 8453, 8541, 8557, 8561, 8581, 8586, 8589, 8647, 8661, 8664, 8698, 8705, 8720, 8739, 8749, 8759, 8774, 8781, 8784, 8818, 8832, 8842, 8866, 8893, 8904, 8917, 8951, 9002, 9008, 9021, 9023, 9031, 9085, 9092, 9115, 9130, 9147, 9159, 9178, 9183, 9204, 9212, 9216, 9236, 9256, 9292, 9317, 9356, 9377, 9382, 9387, 9393, 9403, 9434, 9439, 9459, 9466, 9474, 9477, 9528, 9536, 9564, 9595, 9615, 9617, 9667, 9683, 9734, 9739, 9746, 9781, 9810, 9845, 9849, 9866, 9869, 9877]",[],"[44, 56, 62, 75, 91, 103, 113, 115, 143, 192, 218, 229, 250, 266, 297, 311, 353, 372, 393, 412, 420, 427, 451, 460, 464, 471, 506, 542, 550, 566, 576, 581, 623, 629, 633, 686, 690, 696, 708, 741, 770, 775, 786, 818, 827, 837, 844, 909, 919, 926, 943, 952, 955, 957, 987, 993, 1026, 1044, 1079, 1112, 1123, 1126, 1136, 1147, 1161, 1167, 1201, 1205, 1224, 1230, 1265, 1275, 1286, 1297, 1303, 1321, 1364, 1385, 1389, 1392, 1404, 1431, 1435, 1451, 1468, 1488, 1520, 1542, 1547, 1553, 1569, 1571, 1586, 1595, 1688, 1701, 1715, 1756, 1759, 1770, 1791, 1801, 1818, 1840, 1859, 1921, 1968, 1974, 1988, 2013, 2017, 2020, 2051, 2053, 2062, 2064, 2118, 2121, 2131, 2165, 2210, 2236, 2300, 2315, 2319, 2331, 2333, 2356, 2373, 2378, 2382, 2425, 2447, 2453, 2502, 2506, 2517, 2533, 2561, 2572, 2592, 2602, 2608, 2613, 2616, 2671, 2682, 2684, 2703, 2720, 2737, 2762, 2778, 2782, 2803, 2825, 2830, 2839, 2858, 2861, 2913, 2917, 2919, 2930, 2956, 2958, 2982, 2988, 2993, 2998, 3031, 3044, 3052, 3057, 3066, 3072, 3084, 3091, 3094, 3151, 3161, 3187, 3235, 3246, 3328, 3334, 3338, 3343, 3359, 3372, 3381, 3384, 3388, 3411, 3454, 3462, 3465, 3478, 3505, 3512, 3549, 3551, 3571, 3594, 3616, 3618, 3625, 3631, 3637, 3648, 3666, 3684, 3689, 3700, 3708, 3715, 3745, 3747, 3756, 3768, 3771, 3782, 3784, 3829, 3837, 3839, 3843, 3859, 3868, 3880, 3919, 3922, 3952, 3971, 3984, 3988, 3992, 3998, 4031, 4054, 4061, 4073, 4082, 4088, 4096, 4099, 4107, 4115, 4117, 4148, 4150, 4173, 4176, 4184, 4189, 4196, 4202, 4205, 4211, 4218, 4237, 4250, 4264, 4274, 4276, 4281, 4298, 4302, 4304, 4330, 4339, 4379, 4382, 4384, 4386, 4399, 4448, 4484, 4492, 4512, 4524, 4538, 4582, 4586, 4597, 4627, 4629, 4651, 4672, 4708, 4762, 4771, 4774, 4776, 4786, 4823, 4855, 4859, 4888, 4895, 4901, 4906, 4914, 4917, 4919, 4965, 4989, 4997, 5002, 5022, 5081, 5086, 5089, 5099, 5111, 5146, 5152, 5182, 5190, 5202, 5211, 5213, 5215, 5224, 5252, 5271, 5274, 5289, 5307, 5343, 5346, 5351, 5357, 5404, 5406, 5420, 5425, 5428, 5439, 5457, 5461, 5488, 5491, 5493, 5497, 5511, 5533, 5543, 5550, 5552, 5557, 5561, 5586, 5590, 5592, 5595, 5598, 5600, 5637, 5658, 5664, 5670, 5689, 5692, 5694, 5697, 5710, 5730, 5734, 5755, 5758, 5788, 5796, 5809, 5819, 5828, 5848, 5887, 5920, 5932, 5942, 5945, 5948, 5954, 5969, 5985, 6003, 6010, 6039, 6060, 6092, 6099, 6110, 6117, 6120, 6131, 6149, 6156, 6161, 6167, 6171, 6195, 6264, 6269, 6277, 6287, 6304, 6312, 6316, 6338, 6354, 6365, 6413, 6461, 6473, 6480, 6496, 6499, 6512, 6523, 6528, 6532, 6543, 6562, 6574, 6583, 6586, 6591, 6610, 6633, 6647, 6659, 6686, 6696, 6699, 6734, 6757, 6828, 6840, 6842, 6854, 6862, 6866, 6870, 6873, 6876, 6886, 6895, 6904, 6923, 6930, 6940, 6947, 6973, 6976, 6991, 6996, 7054, 7057, 7080, 7099, 7104, 7106, 7128, 7152, 7186, 7200, 7213, 7216, 7231, 7252, 7271, 7283, 7317, 7326, 7331, 7364, 7372, 7374, 7376, 7429, 7437, 7446, 7470, 7511, 7514, 7565, 7579, 7591, 7602, 7643, 7659, 7683, 7694, 7714, 7718, 7722, 7726, 7728, 7733, 7735, 7771, 7778, 7788, 7796, 7811, 7817, 7822, 7825, 7829, 7831, 7840, 7848, 7853, 7859, 7872, 7879, 7886, 7902, 7911, 7916, 7921, 7938, 7943, 7979, 7982, 7985, 7987, 7991, 8019, 8024, 8028, 8031, 8040, 8045, 8056, 8058, 8097, 8100, 8104, 8128, 8142, 8155, 8171, 8201, 8237, 8248, 8277, 8279, 8305, 8312, 8318, 8326, 8361, 8370, 8386, 8395, 8399, 8453, 8541, 8557, 8561, 8581, 8586, 8589, 8647, 8661, 8664, 8698, 8705, 8720, 8739, 8749, 8759, 8774, 8781, 8784, 8818, 8832, 8842, 8866, 8893, 8904, 8917, 8951, 9002, 9008, 9021, 9023, 9031, 9085, 9092, 9115, 9130, 9147, 9159, 9178, 9183, 9204, 9212, 9216, 9236, 9256, 9292, 9317, 9356, 9377, 9382, 9387, 9393, 9403, 9434, 9439, 9459, 9466, 9474, 9477, 9528, 9536, 9564, 9595, 9615, 9617, 9667, 9683, 9734, 9739, 9746, 9781, 9810, 9845, 9849, 9866, 9869, 9877]","[740, 2314, 3707, 5729, 5984, 6337, 6827, 7151, 7770, 8023, 9129]",9908,635,9273,0,635,9262,11
-4.0,BTEBGL2,"[5, 28, 57, 70, 94, 157, 202, 222, 246, 252, 259, 263, 273, 279, 285, 288, 295, 311, 328, 340, 355, 357, 377, 382, 410, 415, 446, 466, 477, 483, 499, 524, 530, 545, 612, 624, 631, 638, 659, 663, 677, 684, 698, 704, 709, 712, 736, 767, 800, 803, 812, 829, 847, 853, 860, 891, 894, 921, 925, 1029, 1080, 1115, 1121, 1130, 1144, 1155, 1172, 1176, 1207, 1221, 1255, 1277, 1284, 1318, 1324, 1337, 1377, 1397, 1430, 1478, 1526, 1598, 1621, 1647, 1670, 1672, 1681, 1755, 1761, 1765, 1780, 1793, 1810]",[],"[5, 28, 57, 70, 94, 157, 202, 222, 246, 252, 259, 263, 273, 279, 285, 288, 295, 311, 328, 340, 355, 357, 377, 382, 410, 415, 446, 466, 477, 483, 499, 524, 530, 545, 612, 624, 631, 638, 659, 663, 677, 684, 698, 704, 709, 712, 736, 767, 800, 803, 812, 829, 847, 853, 860, 891, 894, 921, 925, 1029, 1080, 1115, 1121, 1130, 1144, 1155, 1172, 1176, 1207, 1221, 1255, 1277, 1284, 1318, 1324, 1337, 1377, 1397, 1430, 1478, 1526, 1598, 1621, 1647, 1670, 1672, 1681, 1755, 1761, 1765, 1780, 1793, 1810]","[310, 658]",1834,93,1741,0,93,1739,2
-4.0,BTEBGL4,"[5, 28, 57, 70, 94, 157, 202, 222, 252, 259, 263, 273, 279, 285, 288, 295, 311, 328, 340, 355, 357, 377, 382, 410, 415, 417, 446, 466, 477, 483, 499, 524, 545, 612, 624, 631, 638, 659, 663, 676, 683, 697, 703, 708, 711, 735, 764, 797, 800, 809, 816, 826, 844, 850, 857, 887, 889, 923, 1028, 1079, 1094, 1114, 1120, 1129, 1154, 1170, 1225, 1274, 1281, 1315, 1321, 1334, 1349, 1354, 1374, 1427, 1430, 1475, 1523, 1595, 1618, 1644, 1647, 1666, 1677, 1681, 1720, 1751, 1757, 1770, 1776, 1789, 1806]",[],"[5, 28, 57, 70, 94, 157, 202, 222, 252, 259, 263, 273, 279, 285, 288, 295, 311, 328, 340, 355, 357, 377, 382, 410, 415, 417, 446, 466, 477, 483, 499, 524, 545, 612, 624, 631, 638, 659, 663, 676, 683, 697, 703, 708, 711, 735, 764, 797, 800, 809, 816, 826, 844, 850, 857, 887, 889, 923, 1028, 1079, 1094, 1114, 1120, 1129, 1154, 1170, 1225, 1274, 1281, 1315, 1321, 1334, 1349, 1354, 1374, 1427, 1430, 1475, 1523, 1595, 1618, 1644, 1647, 1666, 1677, 1681, 1720, 1751, 1757, 1770, 1776, 1789, 1806]","[310, 658]",1829,93,1736,0,93,1734,2
-4.0,BTGL01,"[6, 12, 16, 66, 73, 77, 99, 107, 129, 177, 249, 251, 307, 328, 334, 343, 347, 350, 366, 370, 390, 411, 420, 423, 425, 435, 472, 504, 508, 537, 544, 550, 555, 563, 568, 618, 642, 650, 655, 682, 693, 710, 712, 726, 766, 771, 793, 796, 816, 825, 874, 895, 911, 944, 962, 974, 988, 1009, 1013, 1017, 1045, 1054, 1056, 1085, 1088, 1106, 1114, 1120, 1198, 1205, 1208, 1217, 1245, 1247, 1313, 1334, 1337, 1352, 1381, 1440, 1457, 1474, 1483, 1523, 1573, 1600, 1606, 1609, 1612, 1634, 1672, 1675, 1682, 1684, 1743, 1793, 1798, 1845, 1847, 1866, 1931, 1956, 1979, 1982, 1985, 1998]",[],"[6, 12, 16, 66, 73, 77, 99, 107, 129, 177, 249, 251, 307, 328, 334, 343, 347, 350, 366, 370, 390, 411, 420, 423, 425, 435, 472, 504, 508, 537, 544, 550, 555, 563, 568, 618, 642, 650, 655, 682, 693, 710, 712, 726, 766, 771, 793, 796, 816, 825, 874, 895, 911, 944, 962, 974, 988, 1009, 1013, 1017, 1045, 1054, 1056, 1085, 1088, 1106, 1114, 1120, 1198, 1205, 1208, 1217, 1245, 1247, 1313, 1334, 1337, 1352, 1381, 1440, 1457, 1474, 1483, 1523, 1573, 1600, 1606, 1609, 1612, 1634, 1672, 1675, 1682, 1684, 1743, 1793, 1798, 1845, 1847, 1866, 1931, 1956, 1979, 1982, 1985, 1998]","[365, 1008]",2041,106,1935,0,106,1933,2
-4.0,BTHOR02,"[9, 17, 37, 41, 55, 91, 151, 164, 170, 174, 251, 262, 323, 347, 357, 463, 485, 547, 568, 571, 596, 645, 664, 686, 717, 726, 774, 823, 857, 933, 940, 958, 966, 976, 1005, 1014, 1061, 1079, 1086, 1093, 1124, 1178, 1187, 1231, 1235, 1257, 1263, 1269, 1358, 1376, 1379, 1398, 1457, 1490, 1492, 1505, 1662, 1718, 1720, 1797, 1844, 1856, 1921, 1937, 2004, 2014, 2020, 2031, 2048, 2085, 2106, 2120, 2131, 2133, 2151, 2207, 2220, 2268, 2326, 2344, 2346, 2350, 2366, 2401]",[],"[9, 17, 37, 41, 55, 91, 151, 164, 170, 174, 251, 262, 323, 347, 357, 463, 485, 547, 568, 571, 596, 645, 664, 686, 717, 726, 774, 823, 857, 933, 940, 958, 966, 976, 1005, 1014, 1061, 1079, 1086, 1093, 1124, 1178, 1187, 1231, 1235, 1257, 1263, 1269, 1358, 1376, 1379, 1398, 1457, 1490, 1492, 1505, 1662, 1718, 1720, 1797, 1844, 1856, 1921, 1937, 2004, 2014, 2020, 2031, 2048, 2085, 2106, 2120, 2131, 2133, 2151, 2207, 2220, 2268, 2326, 2344, 2346, 2350, 2366, 2401]","[484, 1920]",2420,84,2336,0,84,2334,2
-4.0,BTKER6B,"[27, 29, 31, 38, 85, 140, 152, 171, 189, 199, 251, 273, 284, 304, 307, 375, 392, 470, 525, 528, 538, 552, 555, 584, 603, 613, 625, 661, 680, 719, 758, 773, 805, 815, 827, 835, 900, 939, 1009, 1030, 1048, 1062, 1068, 1075, 1111, 1115, 1155, 1161, 1215, 1237, 1242, 1245, 1260, 1299, 1323, 1332, 1347, 1356, 1398, 1440, 1443, 1449, 1452, 1467, 1541, 1577, 1591, 1594, 1603, 1632, 1679, 1719, 1725, 1761, 1768, 1770, 1809, 1821, 1831, 1837, 1842, 1866, 1868, 1870, 1873, 1875, 1914, 1924, 1926, 1930, 1939, 1959, 2045, 2079, 2115, 2117, 2122, 2156, 2172, 2182, 2189, 2218, 2220, 2224, 2264, 2268, 2301, 2339, 2347, 2360, 2393, 2414, 2417, 2442, 2444, 2448, 2463, 2519, 2560, 2575, 2578, 2588, 2607, 2619, 2681, 2704, 2711, 2746, 2757, 2789, 2799, 2810, 2826, 2831, 2842, 2853, 2884, 2894, 2900, 2907, 2914, 2927, 2945, 2975, 3071, 3081, 3114, 3125, 3141, 3175, 3185, 3190, 3196, 3218, 3220, 3303, 3316, 3319, 3333, 3341, 3348, 3351, 3356, 3363, 3389, 3433, 3447, 3476, 3515, 3531, 3535, 3575, 3620, 3627, 3635, 3659, 3674, 3738, 3742, 3785, 3793, 3805, 3808, 3813, 3876, 3885, 3887, 3907, 3961, 3976, 4057, 4073, 4082, 4088, 4102, 4104, 4141, 4159, 4179, 4193, 4212, 4252, 4266, 4281, 4298, 4317, 4328, 4336, 4373, 4390, 4395, 4408, 4453, 4525, 4540, 4543, 4576, 4582, 4634, 4638, 4646, 4667, 4687, 4718, 4726, 4732, 4740, 4743, 4745, 4754, 4759, 4833, 4836, 4846, 4868, 4880, 4889, 4891, 4901, 4907, 4915, 4936, 4938, 4989, 4992, 5002, 5022, 5030, 5048, 5051, 5065, 5074, 5106, 5129, 5143, 5148, 5163, 5215, 5279, 5302, 5322, 5324, 5333, 5335, 5340, 5343, 5349, 5377, 5470, 5479, 5519, 5524, 5586, 5609, 5613, 5624, 5648, 5656, 5663, 5687, 5691, 5705]",[],"[27, 29, 31, 38, 85, 140, 152, 171, 189, 199, 251, 273, 284, 304, 307, 375, 392, 470, 525, 528, 538, 552, 555, 584, 603, 613, 625, 661, 680, 719, 758, 773, 805, 815, 827, 835, 900, 939, 1009, 1030, 1048, 1062, 1068, 1075, 1111, 1115, 1155, 1161, 1215, 1237, 1242, 1245, 1260, 1299, 1323, 1332, 1347, 1356, 1398, 1440, 1443, 1449, 1452, 1467, 1541, 1577, 1591, 1594, 1603, 1632, 1679, 1719, 1725, 1761, 1768, 1770, 1809, 1821, 1831, 1837, 1842, 1866, 1868, 1870, 1873, 1875, 1914, 1924, 1926, 1930, 1939, 1959, 2045, 2079, 2115, 2117, 2122, 2156, 2172, 2182, 2189, 2218, 2220, 2224, 2264, 2268, 2301, 2339, 2347, 2360, 2393, 2414, 2417, 2442, 2444, 2448, 2463, 2519, 2560, 2575, 2578, 2588, 2607, 2619, 2681, 2704, 2711, 2746, 2757, 2789, 2799, 2810, 2826, 2831, 2842, 2853, 2884, 2894, 2900, 2907, 2914, 2927, 2945, 2975, 3071, 3081, 3114, 3125, 3141, 3175, 3185, 3190, 3196, 3218, 3220, 3303, 3316, 3319, 3333, 3341, 3348, 3351, 3356, 3363, 3389, 3433, 3447, 3476, 3515, 3531, 3535, 3575, 3620, 3627, 3635, 3659, 3674, 3738, 3742, 3785, 3793, 3805, 3808, 3813, 3876, 3885, 3887, 3907, 3961, 3976, 4057, 4073, 4082, 4088, 4102, 4104, 4141, 4159, 4179, 4193, 4212, 4252, 4266, 4281, 4298, 4317, 4328, 4336, 4373, 4390, 4395, 4408, 4453, 4525, 4540, 4543, 4576, 4582, 4634, 4638, 4646, 4667, 4687, 4718, 4726, 4732, 4740, 4743, 4745, 4754, 4759, 4833, 4836, 4846, 4868, 4880, 4889, 4891, 4901, 4907, 4915, 4936, 4938, 4989, 4992, 5002, 5022, 5030, 5048, 5051, 5065, 5074, 5106, 5129, 5143, 5148, 5163, 5215, 5279, 5302, 5322, 5324, 5333, 5335, 5340, 5343, 5349, 5377, 5470, 5479, 5519, 5524, 5586, 5609, 5613, 5624, 5648, 5656, 5663, 5687, 5691, 5705]","[1678, 2559, 3070, 3315, 3530, 4056, 4666]",5719,282,5437,0,282,5430,7
-4.0,BTSPDNA,"[20, 29, 46, 53, 56, 63, 80, 85, 96, 104, 146, 150, 176, 178, 182, 184, 194, 196, 202, 287, 292, 294, 304, 311, 334, 347, 371, 396, 401, 412, 477, 559, 569, 578, 581, 604, 644, 649, 660, 678, 686, 695, 701, 703, 732, 745, 750, 756, 758, 777, 891, 897, 955, 961, 965, 986, 991, 1010, 1014, 1037, 1052, 1055, 1066, 1078, 1088, 1111, 1129, 1156, 1165, 1222, 1227, 1266, 1291, 1339, 1342, 1361, 1395, 1414, 1432, 1450, 1505, 1542, 1547, 1555, 1564, 1578, 1593, 1683, 1703, 1708, 1714, 1720, 1732, 1738, 1788, 1801, 1874, 1877, 1935, 1981, 1990, 1992, 1994, 2019, 2026, 2036, 2050, 2074, 2076, 2107, 2113, 2124, 2130, 2133, 2136, 2138]",[],"[20, 29, 46, 53, 56, 63, 80, 85, 96, 104, 146, 150, 176, 178, 182, 184, 194, 196, 202, 287, 292, 294, 304, 311, 334, 347, 371, 396, 401, 412, 477, 559, 569, 578, 581, 604, 644, 649, 660, 678, 686, 695, 701, 703, 732, 745, 750, 756, 758, 777, 891, 897, 955, 961, 965, 986, 991, 1010, 1014, 1037, 1052, 1055, 1066, 1078, 1088, 1111, 1129, 1156, 1165, 1222, 1227, 1266, 1291, 1339, 1342, 1361, 1395, 1414, 1432, 1450, 1505, 1542, 1547, 1555, 1564, 1578, 1593, 1683, 1703, 1708, 1714, 1720, 1732, 1738, 1788, 1801, 1874, 1877, 1935, 1981, 1990, 1992, 1994, 2019, 2026, 2036, 2050, 2074, 2076, 2107, 2113, 2124, 2130, 2133, 2136, 2138]",[1541],2149,116,2033,0,116,2032,1
-4.0,BTSVSP109,"[43, 53, 57, 75, 92, 110, 132, 156, 172, 191, 209, 250, 313, 322, 327, 354, 358, 380, 385, 395, 418, 425, 468, 484, 511, 550, 555, 579, 587, 595, 619, 633, 662, 694, 800, 804, 810, 823, 827, 849, 866, 876, 891, 944, 955, 964, 967, 984, 988, 993, 995, 999, 1020, 1022, 1066, 1116, 1123, 1148, 1174, 1239, 1284, 1301, 1318, 1325, 1352, 1358, 1402, 1453, 1467, 1486, 1490, 1497, 1525, 1575, 1605, 1609, 1614, 1616, 1689, 1742, 1745, 1747, 1749, 1780, 1788, 1790, 1804, 1807, 1812, 1814, 1833, 1847, 1914, 1949, 1970, 1976, 2029, 2055, 2115, 2120, 2123, 2190, 2210, 2220, 2226, 2233, 2259, 2263, 2295, 2323, 2325, 2329, 2331, 2350, 2360, 2388, 2411, 2421, 2423, 2429, 2447, 2450, 2461, 2477, 2507, 2539, 2556, 2560, 2568, 2621, 2649, 2653, 2670, 2684, 2710, 2723, 2742, 2747, 2766, 2768, 2771, 2783, 2788, 2795, 2808, 2810, 2814, 2821, 2835, 2839, 2854, 2864, 2868, 2883, 2900, 2908, 2916, 2923, 2959, 2977, 3000, 3003, 3016, 3027, 3030, 3033, 3044, 3053, 3059, 3095, 3102, 3106, 3112, 3122, 3129, 3140, 3168, 3170, 3172, 3174, 3176, 3178, 3180, 3182, 3187, 3195, 3200, 3212, 3227, 3247, 3284, 3335, 3393, 3395, 3397, 3399, 3455, 3458, 3502, 3515, 3557, 3574, 3591, 3606, 3625, 3675, 3687, 3741, 3753, 3774, 3777, 3815, 3818, 3820, 3828, 3850, 3876, 3897, 3937, 3939, 3964, 3985, 3988, 3990, 4049, 4054, 4069, 4071, 4073, 4087, 4140, 4182, 4193, 4200, 4242, 4244, 4249, 4257, 4283, 4319, 4327, 4349, 4352, 4378, 4387, 4392, 4402, 4438, 4470, 4474, 4493, 4503, 4510, 4516, 4521, 4529, 4532, 4534, 4605, 4613, 4618, 4676, 4689, 4731, 4774, 4780, 4789, 4799, 4826, 4832, 4850, 4856, 4896, 4935, 4952, 4961, 4968, 4986, 5046, 5057, 5098, 5110, 5125, 5172, 5184, 5217, 5224, 5237, 5240, 5242, 5262, 5281, 5293, 5297, 5299, 5308, 5316, 5352, 5389, 5408, 5412, 5436, 5442, 5451, 5461, 5476, 5508, 5511, 5518, 5520, 5540, 5542, 5553, 5608, 5614, 5627, 5638, 5644, 5648, 5653, 5668, 5670, 5672, 5677, 5689, 5701, 5715, 5725, 5737, 5740, 5748, 5750, 5759, 5762, 5768, 5816, 5828, 5837, 5921, 5939, 5960, 5962, 6017, 6021, 6027, 6033, 6075, 6097, 6103, 6116, 6132, 6165, 6170, 6201, 6241, 6253, 6358, 6382, 6440, 6452, 6562, 6592, 6615, 6620, 6626, 6631, 6678, 6731, 6760, 6773, 6808, 6811, 6828, 6854, 6862, 6870, 6892, 6904, 6914, 6920]",[],"[43, 53, 57, 75, 92, 110, 132, 156, 172, 191, 209, 250, 313, 322, 327, 354, 358, 380, 385, 395, 418, 425, 468, 484, 511, 550, 555, 579, 587, 595, 619, 633, 662, 694, 800, 804, 810, 823, 827, 849, 866, 876, 891, 944, 955, 964, 967, 984, 988, 993, 995, 999, 1020, 1022, 1066, 1116, 1123, 1148, 1174, 1239, 1284, 1301, 1318, 1325, 1352, 1358, 1402, 1453, 1467, 1486, 1490, 1497, 1525, 1575, 1605, 1609, 1614, 1616, 1689, 1742, 1745, 1747, 1749, 1780, 1788, 1790, 1804, 1807, 1812, 1814, 1833, 1847, 1914, 1949, 1970, 1976, 2029, 2055, 2115, 2120, 2123, 2190, 2210, 2220, 2226, 2233, 2259, 2263, 2295, 2323, 2325, 2329, 2331, 2350, 2360, 2388, 2411, 2421, 2423, 2429, 2447, 2450, 2461, 2477, 2507, 2539, 2556, 2560, 2568, 2621, 2649, 2653, 2670, 2684, 2710, 2723, 2742, 2747, 2766, 2768, 2771, 2783, 2788, 2795, 2808, 2810, 2814, 2821, 2835, 2839, 2854, 2864, 2868, 2883, 2900, 2908, 2916, 2923, 2959, 2977, 3000, 3003, 3016, 3027, 3030, 3033, 3044, 3053, 3059, 3095, 3102, 3106, 3112, 3122, 3129, 3140, 3168, 3170, 3172, 3174, 3176, 3178, 3180, 3182, 3187, 3195, 3200, 3212, 3227, 3247, 3284, 3335, 3393, 3395, 3397, 3399, 3455, 3458, 3502, 3515, 3557, 3574, 3591, 3606, 3625, 3675, 3687, 3741, 3753, 3774, 3777, 3815, 3818, 3820, 3828, 3850, 3876, 3897, 3937, 3939, 3964, 3985, 3988, 3990, 4049, 4054, 4069, 4071, 4073, 4087, 4140, 4182, 4193, 4200, 4242, 4244, 4249, 4257, 4283, 4319, 4327, 4349, 4352, 4378, 4387, 4392, 4402, 4438, 4470, 4474, 4493, 4503, 4510, 4516, 4521, 4529, 4532, 4534, 4605, 4613, 4618, 4676, 4689, 4731, 4774, 4780, 4789, 4799, 4826, 4832, 4850, 4856, 4896, 4935, 4952, 4961, 4968, 4986, 5046, 5057, 5098, 5110, 5125, 5172, 5184, 5217, 5224, 5237, 5240, 5242, 5262, 5281, 5293, 5297, 5299, 5308, 5316, 5352, 5389, 5408, 5412, 5436, 5442, 5451, 5461, 5476, 5508, 5511, 5518, 5520, 5540, 5542, 5553, 5608, 5614, 5627, 5638, 5644, 5648, 5653, 5668, 5670, 5672, 5677, 5689, 5701, 5715, 5725, 5737, 5740, 5748, 5750, 5759, 5762, 5768, 5816, 5828, 5837, 5921, 5939, 5960, 5962, 6017, 6021, 6027, 6033, 6075, 6097, 6103, 6116, 6132, 6165, 6170, 6201, 6241, 6253, 6358, 6382, 6440, 6452, 6562, 6592, 6615, 6620, 6626, 6631, 6678, 6731, 6760, 6773, 6808, 6811, 6828, 6854, 6862, 6870, 6892, 6904, 6914, 6920]","[2359, 3984, 5292]",6949,380,6569,0,380,6566,3
-4.0,BTTNP2G,"[25, 29, 31, 43, 126, 128, 203, 205, 229, 235, 249, 264, 271, 322, 332, 645, 647, 660, 711, 729, 747, 749, 775, 781, 790, 839, 848, 853, 873, 903, 930, 933, 977, 1014, 1030, 1044, 1067, 1091, 1099, 1108, 1116, 1151, 1173, 1211, 1223, 1244, 1254, 1307, 1318, 1321, 1327, 1331, 1343, 1347, 1435, 1444, 1455, 1457, 1467, 1470, 1489, 1499, 1512, 1539, 1560, 1562, 1566, 1624, 1629, 1649, 1693, 1717, 1721, 1727, 1729, 1733, 1763, 1784, 1803, 1812, 1842]",[],"[25, 29, 31, 43, 126, 128, 203, 205, 229, 235, 249, 264, 271, 322, 332, 645, 647, 660, 711, 729, 747, 749, 775, 781, 790, 839, 848, 853, 873, 903, 930, 933, 977, 1014, 1030, 1044, 1067, 1091, 1099, 1108, 1116, 1151, 1173, 1211, 1223, 1244, 1254, 1307, 1318, 1321, 1327, 1331, 1343, 1347, 1435, 1444, 1455, 1457, 1467, 1470, 1489, 1499, 1512, 1539, 1560, 1562, 1566, 1624, 1629, 1649, 1693, 1717, 1721, 1727, 1729, 1733, 1763, 1784, 1803, 1812, 1842]",[774],1842,81,1761,0,81,1760,1
-4.0,BTU02285,"[22, 31, 69, 84, 130, 171, 188, 193, 197, 228, 243, 249, 301, 317, 378, 380, 404, 411, 421, 435, 439, 462, 464, 466, 517, 519, 521, 523, 571, 587, 622, 630, 638, 645, 700, 709, 725, 736, 738, 746, 772, 774, 782, 785, 790, 795, 840, 882, 886, 899, 915, 922, 925, 927, 958, 997, 1007, 1016, 1026, 1101, 1103, 1140, 1150, 1159, 1169, 1211, 1214, 1216, 1234, 1239, 1243, 1277, 1283, 1291, 1304, 1344, 1347, 1394, 1402, 1419, 1429, 1446, 1455, 1477, 1532, 1576, 1585, 1614, 1621, 1634, 1690, 1694, 1718, 1773, 1789, 1805, 1855, 1859, 1883, 1888, 1925, 1929, 1974, 1997, 1999, 2010, 2043, 2082, 2119, 2132, 2138, 2151, 2153, 2181, 2198, 2209, 2254, 2269, 2277, 2299, 2309, 2314, 2328, 2335, 2342, 2348, 2368, 2375, 2439, 2482, 2528, 2577, 2579, 2614, 2656, 2675, 2807, 2826, 2856, 2858, 2874, 2889, 2905, 2907, 2937, 2976, 2981, 3005, 3010, 3012, 3040, 3101, 3105, 3113, 3124, 3150, 3177, 3210, 3232, 3239, 3250, 3268, 3270, 3276, 3281, 3303, 3322, 3339, 3389, 3419, 3423, 3425, 3427, 3434, 3459, 3462, 3473, 3494, 3559, 3561, 3569, 3625, 3642, 3666, 3668, 3694, 3696, 3718, 3757, 3759, 3765, 3772, 3785, 3793, 3805, 3828, 3867, 3881, 3901, 3907, 3934, 3962, 3978, 4060, 4143, 4159, 4170, 4174, 4189, 4194, 4214, 4223, 4326, 4331, 4352, 4364, 4407, 4464, 4478, 4488, 4532, 4539, 4603, 4626, 4633, 4701, 4712, 4717, 4773, 4781, 4810, 4821, 4847, 4864, 4924, 4951, 4964, 4969, 4987, 5057, 5061, 5088, 5125, 5134, 5166, 5173, 5175, 5183, 5198, 5205, 5223, 5241, 5266, 5392, 5419, 5428, 5430, 5441, 5455, 5477, 5516, 5521, 5531, 5536, 5539, 5546, 5548, 5572, 5586, 5600, 5610, 5636, 5655, 5659, 5664, 5728, 5750, 5752, 5759, 5799, 5833, 5836, 5849, 5890, 5909, 5942, 5944, 5948, 5968, 5978, 5983, 6019, 6025, 6047, 6076, 6101, 6194, 6207, 6249, 6276, 6280, 6317, 6320, 6327, 6361]",[],"[22, 31, 69, 84, 130, 171, 188, 193, 197, 228, 243, 249, 301, 317, 378, 380, 404, 411, 421, 435, 439, 462, 464, 466, 517, 519, 521, 523, 571, 587, 622, 630, 638, 645, 700, 709, 725, 736, 738, 746, 772, 774, 782, 785, 790, 795, 840, 882, 886, 899, 915, 922, 925, 927, 958, 997, 1007, 1016, 1026, 1101, 1103, 1140, 1150, 1159, 1169, 1211, 1214, 1216, 1234, 1239, 1243, 1277, 1283, 1291, 1304, 1344, 1347, 1394, 1402, 1419, 1429, 1446, 1455, 1477, 1532, 1576, 1585, 1614, 1621, 1634, 1690, 1694, 1718, 1773, 1789, 1805, 1855, 1859, 1883, 1888, 1925, 1929, 1974, 1997, 1999, 2010, 2043, 2082, 2119, 2132, 2138, 2151, 2153, 2181, 2198, 2209, 2254, 2269, 2277, 2299, 2309, 2314, 2328, 2335, 2342, 2348, 2368, 2375, 2439, 2482, 2528, 2577, 2579, 2614, 2656, 2675, 2807, 2826, 2856, 2858, 2874, 2889, 2905, 2907, 2937, 2976, 2981, 3005, 3010, 3012, 3040, 3101, 3105, 3113, 3124, 3150, 3177, 3210, 3232, 3239, 3250, 3268, 3270, 3276, 3281, 3303, 3322, 3339, 3389, 3419, 3423, 3425, 3427, 3434, 3459, 3462, 3473, 3494, 3559, 3561, 3569, 3625, 3642, 3666, 3668, 3694, 3696, 3718, 3757, 3759, 3765, 3772, 3785, 3793, 3805, 3828, 3867, 3881, 3901, 3907, 3934, 3962, 3978, 4060, 4143, 4159, 4170, 4174, 4189, 4194, 4214, 4223, 4326, 4331, 4352, 4364, 4407, 4464, 4478, 4488, 4532, 4539, 4603, 4626, 4633, 4701, 4712, 4717, 4773, 4781, 4810, 4821, 4847, 4864, 4924, 4951, 4964, 4969, 4987, 5057, 5061, 5088, 5125, 5134, 5166, 5173, 5175, 5183, 5198, 5205, 5223, 5241, 5266, 5392, 5419, 5428, 5430, 5441, 5455, 5477, 5516, 5521, 5531, 5536, 5539, 5546, 5548, 5572, 5586, 5600, 5610, 5636, 5655, 5659, 5664, 5728, 5750, 5752, 5759, 5799, 5833, 5836, 5849, 5890, 5909, 5942, 5944, 5948, 5968, 5978, 5983, 6019, 6025, 6047, 6076, 6101, 6194, 6207, 6249, 6276, 6280, 6317, 6320, 6327, 6361]","[3792, 4222, 4487, 4780, 5056]",6389,305,6084,0,305,6079,5
-4.0,CALEGLOBIM,"[22, 55, 148, 189, 205, 221, 237, 247, 271, 290, 303, 316, 334, 346, 351, 353, 372, 375, 419, 453, 474, 541, 553, 567, 588, 592, 604, 609, 693, 725, 760, 766, 828, 830, 860, 868, 891, 905, 935, 939, 954, 968, 1044, 1049, 1063, 1067, 1073, 1130, 1152, 1168, 1186, 1192, 1198, 1202, 1209, 1216, 1259, 1266, 1287, 1294, 1300, 1313, 1317, 1344, 1374, 1376, 1384, 1407, 1412, 1414, 1418, 1450, 1463, 1487, 1489, 1496, 1519, 1529, 1540, 1548, 1550, 1556, 1618, 1628, 1642, 1655, 1685, 1687]",[],"[22, 55, 148, 189, 205, 221, 237, 247, 271, 290, 303, 316, 334, 346, 351, 353, 372, 375, 419, 453, 474, 541, 553, 567, 588, 592, 604, 609, 693, 725, 760, 766, 828, 830, 860, 868, 891, 905, 935, 939, 954, 968, 1044, 1049, 1063, 1067, 1073, 1130, 1152, 1168, 1186, 1192, 1198, 1202, 1209, 1216, 1259, 1266, 1287, 1294, 1300, 1313, 1317, 1344, 1374, 1376, 1384, 1407, 1412, 1414, 1418, 1450, 1463, 1487, 1489, 1496, 1519, 1529, 1540, 1548, 1550, 1556, 1618, 1628, 1642, 1655, 1685, 1687]","[236, 587]",1691,88,1603,0,88,1601,2
-4.0,CBUEGLOBIM,"[22, 55, 148, 189, 205, 221, 237, 247, 271, 290, 303, 316, 334, 346, 351, 353, 372, 375, 419, 453, 474, 541, 553, 567, 588, 592, 604, 609, 693, 725, 760, 766, 828, 830, 860, 868, 875, 891, 905, 935, 939, 954, 968, 1044, 1049, 1063, 1067, 1073, 1130, 1152, 1168, 1186, 1192, 1198, 1202, 1209, 1216, 1259, 1266, 1287, 1294, 1300, 1313, 1317, 1344, 1374, 1376, 1384, 1407, 1412, 1414, 1418, 1450, 1463, 1487, 1489, 1496, 1519, 1529, 1540, 1548, 1550, 1556, 1618, 1628, 1638, 1642, 1655, 1677, 1685, 1687]",[],"[22, 55, 148, 189, 205, 221, 237, 247, 271, 290, 303, 316, 334, 346, 351, 353, 372, 375, 419, 453, 474, 541, 553, 567, 588, 592, 604, 609, 693, 725, 760, 766, 828, 830, 860, 868, 875, 891, 905, 935, 939, 954, 968, 1044, 1049, 1063, 1067, 1073, 1130, 1152, 1168, 1186, 1192, 1198, 1202, 1209, 1216, 1259, 1266, 1287, 1294, 1300, 1313, 1317, 1344, 1374, 1376, 1384, 1407, 1412, 1414, 1418, 1450, 1463, 1487, 1489, 1496, 1519, 1529, 1540, 1548, 1550, 1556, 1618, 1628, 1638, 1642, 1655, 1677, 1685, 1687]","[236, 587]",1691,91,1600,0,91,1598,2
-4.0,CCALAC,"[28, 31, 42, 48, 65, 70, 79, 98, 108, 118, 134, 147, 161, 183, 190, 192, 195, 204, 208, 230, 285, 287, 300, 320, 322, 324, 330, 333, 339, 353, 370, 374, 386, 396, 408, 419, 431, 437, 441, 458, 464, 481, 493, 503, 580, 618, 720, 733, 746, 768, 798, 802, 864, 887, 900, 914, 933, 946, 998, 1015, 1048, 1079, 1085, 1108, 1129, 1139, 1145, 1147, 1158, 1166, 1179, 1194, 1207, 1231, 1246, 1253, 1264, 1274, 1299, 1306, 1315, 1359, 1363, 1384, 1395, 1399, 1410, 1483, 1505, 1526, 1528, 1548, 1568, 1579, 1623, 1633, 1659, 1700, 1718, 1721, 1741, 1751, 1764, 1799, 1816, 1835, 1853, 1857, 1872, 1904, 1926, 1928, 1943, 1950, 1966, 1970, 1972, 1982, 1995, 2052, 2057, 2060, 2085, 2087, 2093, 2116, 2122, 2131, 2149, 2169, 2226, 2277, 2287, 2329, 2368, 2370, 2372, 2410, 2414, 2432, 2473, 2508, 2523, 2534, 2541, 2555, 2604, 2610, 2617, 2647, 2651, 2698, 2744, 2810, 2847, 2874, 2917, 2935, 2956, 2959, 2974, 2987, 3047, 3078, 3098, 3101, 3109, 3127, 3130, 3149, 3172, 3206, 3232, 3234, 3242, 3276, 3280, 3284, 3296, 3314, 3334, 3365, 3398, 3402, 3429, 3441, 3500, 3510, 3519, 3542, 3608]",[],"[28, 31, 42, 48, 65, 70, 79, 98, 108, 118, 134, 147, 161, 183, 190, 192, 195, 204, 208, 230, 285, 287, 300, 320, 322, 324, 330, 333, 339, 353, 370, 374, 386, 396, 408, 419, 431, 437, 441, 458, 464, 481, 493, 503, 580, 618, 720, 733, 746, 768, 798, 802, 864, 887, 900, 914, 933, 946, 998, 1015, 1048, 1079, 1085, 1108, 1129, 1139, 1145, 1147, 1158, 1166, 1179, 1194, 1207, 1231, 1246, 1253, 1264, 1274, 1299, 1306, 1315, 1359, 1363, 1384, 1395, 1399, 1410, 1483, 1505, 1526, 1528, 1548, 1568, 1579, 1623, 1633, 1659, 1700, 1718, 1721, 1741, 1751, 1764, 1799, 1816, 1835, 1853, 1857, 1872, 1904, 1926, 1928, 1943, 1950, 1966, 1970, 1972, 1982, 1995, 2052, 2057, 2060, 2085, 2087, 2093, 2116, 2122, 2131, 2149, 2169, 2226, 2277, 2287, 2329, 2368, 2370, 2372, 2410, 2414, 2432, 2473, 2508, 2523, 2534, 2541, 2555, 2604, 2610, 2617, 2647, 2651, 2698, 2744, 2810, 2847, 2874, 2917, 2935, 2956, 2959, 2974, 2987, 3047, 3078, 3098, 3101, 3109, 3127, 3130, 3149, 3172, 3206, 3232, 3234, 3242, 3276, 3280, 3284, 3296, 3314, 3334, 3365, 3398, 3402, 3429, 3441, 3500, 3510, 3519, 3542, 3608]","[1358, 1852, 2409]",3620,191,3429,0,191,3426,3
-4.0,CCBEGLOBIM,"[22, 56, 149, 190, 206, 222, 238, 248, 271, 277, 290, 303, 316, 331, 334, 353, 372, 375, 419, 453, 474, 482, 541, 553, 567, 588, 592, 604, 609, 693, 725, 760, 766, 828, 830, 847, 860, 868, 896, 906, 910, 940, 944, 959, 973, 1049, 1054, 1062, 1068, 1072, 1078, 1084, 1090, 1135, 1157, 1174, 1192, 1198, 1204, 1208, 1215, 1222, 1272, 1293, 1299, 1306, 1309, 1319, 1323, 1351, 1367, 1382, 1384, 1392, 1415, 1420, 1426, 1458, 1471, 1495, 1497, 1504, 1527, 1537, 1548, 1556, 1558, 1564, 1623, 1647, 1682, 1690, 1692]",[],"[22, 56, 149, 190, 206, 222, 238, 248, 271, 277, 290, 303, 316, 331, 334, 353, 372, 375, 419, 453, 474, 482, 541, 553, 567, 588, 592, 604, 609, 693, 725, 760, 766, 828, 830, 847, 860, 868, 896, 906, 910, 940, 944, 959, 973, 1049, 1054, 1062, 1068, 1072, 1078, 1084, 1090, 1135, 1157, 1174, 1192, 1198, 1204, 1208, 1215, 1222, 1272, 1293, 1299, 1306, 1309, 1319, 1323, 1351, 1367, 1382, 1384, 1392, 1415, 1420, 1426, 1458, 1471, 1495, 1497, 1504, 1527, 1537, 1548, 1556, 1558, 1564, 1623, 1647, 1682, 1690, 1692]","[237, 587]",1696,93,1603,0,93,1601,2
-4.0,CCBEGLOBIN,"[22, 57, 150, 191, 207, 223, 239, 249, 273, 279, 292, 305, 318, 331, 333, 336, 352, 355, 374, 377, 421, 455, 476, 543, 555, 569, 590, 594, 606, 611, 716, 727, 762, 768, 831, 848, 861, 869, 897, 911, 941, 945, 960, 974, 1052, 1057, 1065, 1071, 1075, 1081, 1087, 1093, 1138, 1160, 1177, 1195, 1201, 1207, 1211, 1218, 1225, 1275, 1296, 1302, 1309, 1312, 1322, 1326, 1354, 1370, 1385, 1387, 1395, 1418, 1423, 1429, 1461, 1474, 1498, 1500, 1507, 1530, 1540, 1551, 1559, 1561, 1567, 1626, 1650, 1685, 1693, 1695]",[],"[22, 57, 150, 191, 207, 223, 239, 249, 273, 279, 292, 305, 318, 331, 333, 336, 352, 355, 374, 377, 421, 455, 476, 543, 555, 569, 590, 594, 606, 611, 716, 727, 762, 768, 831, 848, 861, 869, 897, 911, 941, 945, 960, 974, 1052, 1057, 1065, 1071, 1075, 1081, 1087, 1093, 1138, 1160, 1177, 1195, 1201, 1207, 1211, 1218, 1225, 1275, 1296, 1302, 1309, 1312, 1322, 1326, 1354, 1370, 1385, 1387, 1395, 1418, 1423, 1429, 1461, 1474, 1498, 1500, 1507, 1530, 1540, 1551, 1559, 1561, 1567, 1626, 1650, 1685, 1693, 1695]","[238, 589]",1699,92,1607,0,92,1605,2
-4.0,CCGHG,"[11, 30, 76, 80, 85, 87, 142, 178, 201, 254, 258, 284, 288, 292, 304, 311, 318, 368, 377, 386, 402, 409, 415, 490, 498, 529, 566, 572, 580, 584, 587, 593, 597, 601, 605, 653, 660, 662, 707, 739, 753, 776, 791, 799, 806, 823, 855, 864, 868, 875, 926, 946, 972, 988, 1052, 1056, 1090, 1095, 1104, 1116, 1143, 1151, 1153, 1157, 1165, 1180, 1182, 1251, 1280, 1282, 1286, 1313, 1349, 1390, 1477, 1516, 1577, 1605, 1655, 1664, 1676, 1692, 1710, 1765, 1767, 1779, 1796, 1798, 1803, 1806, 1809, 1819, 1821, 1858, 1873, 1889, 1898, 1991, 2026, 2044, 2085, 2098, 2100, 2105, 2109, 2119, 2130, 2155, 2167, 2176, 2187, 2206, 2210, 2212, 2251, 2274, 2293, 2306, 2334, 2337, 2369, 2387, 2393, 2406, 2429, 2431, 2436, 2445, 2461, 2463, 2475, 2477, 2485, 2495, 2529, 2547, 2549, 2565, 2590, 2595, 2597, 2600, 2635, 2663, 2666, 2669, 2686, 2693, 2731, 2737, 2804, 2834]",[],"[11, 30, 76, 80, 85, 87, 142, 178, 201, 254, 258, 284, 288, 292, 304, 311, 318, 368, 377, 386, 402, 409, 415, 490, 498, 529, 566, 572, 580, 584, 587, 593, 597, 601, 605, 653, 660, 662, 707, 739, 753, 776, 791, 799, 806, 823, 855, 864, 868, 875, 926, 946, 972, 988, 1052, 1056, 1090, 1095, 1104, 1116, 1143, 1151, 1153, 1157, 1165, 1180, 1182, 1251, 1280, 1282, 1286, 1313, 1349, 1390, 1477, 1516, 1577, 1605, 1655, 1664, 1676, 1692, 1710, 1765, 1767, 1779, 1796, 1798, 1803, 1806, 1809, 1819, 1821, 1858, 1873, 1889, 1898, 1991, 2026, 2044, 2085, 2098, 2100, 2105, 2109, 2119, 2130, 2155, 2167, 2176, 2187, 2206, 2210, 2212, 2251, 2274, 2293, 2306, 2334, 2337, 2369, 2387, 2393, 2406, 2429, 2431, 2436, 2445, 2461, 2463, 2475, 2477, 2485, 2495, 2529, 2547, 2549, 2565, 2590, 2595, 2597, 2600, 2635, 2663, 2666, 2669, 2686, 2693, 2731, 2737, 2804, 2834]","[283, 706, 1051, 1778]",2831,152,2679,0,152,2675,4
-4.0,CCGONBS1,"[7, 39, 44, 50, 57, 63, 100, 108, 111, 120, 140, 156, 167, 187, 198, 202, 204, 218, 226, 229, 238, 249, 257, 272, 281, 284, 295, 307, 318, 325, 350, 416, 421, 432, 444, 447, 453, 490, 552, 593, 597, 601, 604, 632, 677, 681, 705, 707, 746, 748, 763, 785, 806, 812, 845, 864, 876, 883, 887, 899, 908, 916, 929, 967, 973, 995, 1041, 1050, 1053, 1056, 1059, 1112, 1123, 1226, 1239, 1262, 1298, 1324, 1344, 1354, 1356, 1362, 1401, 1414, 1416, 1443, 1449, 1451, 1472, 1482, 1518, 1531, 1551, 1553, 1564, 1592, 1595, 1600, 1634, 1636, 1650, 1669, 1673, 1707, 1709, 1715, 1763, 1768, 1772, 1793, 1801, 1808, 1840, 1858, 1902, 1905, 1929, 1947, 1975, 1983, 1995, 2001, 2017, 2026, 2031, 2033, 2056, 2073, 2087, 2091, 2093, 2104, 2108, 2119, 2193, 2196, 2205, 2207, 2233, 2257, 2269, 2271, 2287, 2291, 2302, 2329, 2353, 2379, 2394, 2402, 2436, 2458, 2476, 2495, 2497, 2517, 2519, 2559, 2562, 2564, 2570, 2585, 2639, 2644, 2655, 2661, 2689, 2693, 2743, 2760, 2783, 2786, 2793, 2809, 2838, 2875, 2955, 2961, 3034, 3045, 3054, 3085, 3137, 3177, 3217, 3233, 3242, 3244, 3271, 3281, 3302, 3311, 3327, 3330, 3341, 3359, 3363, 3370, 3377, 3386, 3417, 3428, 3461]",[],"[7, 39, 44, 50, 57, 63, 100, 108, 111, 120, 140, 156, 167, 187, 198, 202, 204, 218, 226, 229, 238, 249, 257, 272, 281, 284, 295, 307, 318, 325, 350, 416, 421, 432, 444, 447, 453, 490, 552, 593, 597, 601, 604, 632, 677, 681, 705, 707, 746, 748, 763, 785, 806, 812, 845, 864, 876, 883, 887, 899, 908, 916, 929, 967, 973, 995, 1041, 1050, 1053, 1056, 1059, 1112, 1123, 1226, 1239, 1262, 1298, 1324, 1344, 1354, 1356, 1362, 1401, 1414, 1416, 1443, 1449, 1451, 1472, 1482, 1518, 1531, 1551, 1553, 1564, 1592, 1595, 1600, 1634, 1636, 1650, 1669, 1673, 1707, 1709, 1715, 1763, 1768, 1772, 1793, 1801, 1808, 1840, 1858, 1902, 1905, 1929, 1947, 1975, 1983, 1995, 2001, 2017, 2026, 2031, 2033, 2056, 2073, 2087, 2091, 2093, 2104, 2108, 2119, 2193, 2196, 2205, 2207, 2233, 2257, 2269, 2271, 2287, 2291, 2302, 2329, 2353, 2379, 2394, 2402, 2436, 2458, 2476, 2495, 2497, 2517, 2519, 2559, 2562, 2564, 2570, 2585, 2639, 2644, 2655, 2661, 2689, 2693, 2743, 2760, 2783, 2786, 2793, 2809, 2838, 2875, 2955, 2961, 3034, 3045, 3054, 3085, 3137, 3177, 3217, 3233, 3242, 3244, 3271, 3281, 3302, 3311, 3327, 3330, 3341, 3359, 3363, 3370, 3377, 3386, 3417, 3428, 3461]","[1767, 2072]",3464,203,3261,0,203,3259,2
-4.0,CCGONBS2,"[7, 39, 44, 50, 57, 63, 100, 108, 111, 120, 135, 151, 162, 182, 193, 197, 199, 213, 221, 224, 233, 244, 251, 277, 280, 291, 303, 314, 321, 346, 418, 423, 434, 446, 449, 455, 492, 554, 595, 599, 603, 606, 633, 678, 682, 706, 708, 738, 780, 786, 802, 808, 828, 841, 860, 872, 879, 883, 893, 895, 904, 912, 958, 964, 1068, 1071, 1074, 1077, 1080, 1127, 1138, 1244, 1257, 1280, 1316, 1342, 1362, 1372, 1374, 1382, 1419, 1432, 1434, 1461, 1467, 1469, 1490, 1500, 1536, 1549, 1569, 1571, 1582, 1610, 1613, 1618, 1652, 1654, 1668, 1687, 1691, 1725, 1727, 1733, 1781, 1786, 1790, 1811, 1819, 1827, 1859, 1877, 1921, 1924, 1948, 1966, 1994, 2002, 2014, 2020, 2036, 2045, 2050, 2052, 2075, 2092, 2106, 2110, 2112, 2122, 2126, 2137, 2211, 2214, 2223, 2225, 2251, 2275, 2287, 2289, 2305, 2320, 2345, 2347, 2371, 2397, 2412, 2420, 2454, 2476, 2494, 2513, 2515, 2535, 2537, 2577, 2580, 2582, 2588, 2603, 2657, 2663, 2674, 2680, 2708, 2712, 2762, 2779, 2802, 2805, 2812, 2828, 2857, 2894, 2974, 2980, 3053, 3064, 3073, 3104, 3156, 3196, 3236, 3252, 3261, 3263, 3290, 3300, 3321, 3330, 3349, 3360, 3378, 3389, 3396, 3405, 3436, 3443, 3447, 3480]",[],"[7, 39, 44, 50, 57, 63, 100, 108, 111, 120, 135, 151, 162, 182, 193, 197, 199, 213, 221, 224, 233, 244, 251, 277, 280, 291, 303, 314, 321, 346, 418, 423, 434, 446, 449, 455, 492, 554, 595, 599, 603, 606, 633, 678, 682, 706, 708, 738, 780, 786, 802, 808, 828, 841, 860, 872, 879, 883, 893, 895, 904, 912, 958, 964, 1068, 1071, 1074, 1077, 1080, 1127, 1138, 1244, 1257, 1280, 1316, 1342, 1362, 1372, 1374, 1382, 1419, 1432, 1434, 1461, 1467, 1469, 1490, 1500, 1536, 1549, 1569, 1571, 1582, 1610, 1613, 1618, 1652, 1654, 1668, 1687, 1691, 1725, 1727, 1733, 1781, 1786, 1790, 1811, 1819, 1827, 1859, 1877, 1921, 1924, 1948, 1966, 1994, 2002, 2014, 2020, 2036, 2045, 2050, 2052, 2075, 2092, 2106, 2110, 2112, 2122, 2126, 2137, 2211, 2214, 2223, 2225, 2251, 2275, 2287, 2289, 2305, 2320, 2345, 2347, 2371, 2397, 2412, 2420, 2454, 2476, 2494, 2513, 2515, 2535, 2537, 2577, 2580, 2582, 2588, 2603, 2657, 2663, 2674, 2680, 2708, 2712, 2762, 2779, 2802, 2805, 2812, 2828, 2857, 2894, 2974, 2980, 3053, 3064, 3073, 3104, 3156, 3196, 3236, 3252, 3261, 3263, 3290, 3300, 3321, 3330, 3349, 3360, 3378, 3389, 3396, 3405, 3436, 3443, 3447, 3480]","[1785, 2091]",3483,200,3283,0,200,3281,2
-4.0,CCGTHA1,"[14, 27, 77, 85, 95, 107, 111, 113, 115, 117, 130, 147, 152, 155, 157, 167, 171, 176, 211, 237, 247, 264, 277, 303, 307, 384, 391, 398, 444, 452, 454, 466, 497, 516, 550, 552, 564, 573, 580, 602, 612, 622, 630, 645, 649, 667, 677, 681, 687, 696, 705, 749, 777, 797, 799, 814, 833, 854, 859, 866, 908, 919, 921, 949, 991, 1041, 1045, 1072, 1091, 1105, 1113]",[],"[14, 27, 77, 85, 95, 107, 111, 113, 115, 117, 130, 147, 152, 155, 157, 167, 171, 176, 211, 237, 247, 264, 277, 303, 307, 384, 391, 398, 444, 452, 454, 466, 497, 516, 550, 552, 564, 573, 580, 602, 612, 622, 630, 645, 649, 667, 677, 681, 687, 696, 705, 749, 777, 797, 799, 814, 833, 854, 859, 866, 908, 919, 921, 949, 991, 1041, 1045, 1072, 1091, 1105, 1113]","[302, 572]",1145,71,1074,0,71,1072,2
-4.0,CCT64CLU,"[6, 31, 39, 91, 113, 130, 133, 172, 180, 184, 265, 275, 281, 286, 293, 315, 331, 339, 361, 397, 451, 517, 530, 544, 564, 852, 863, 873, 877, 889, 907, 922, 924, 970, 973, 997, 1037, 1046, 1061, 1067, 1075, 1117, 1177, 1193, 1233, 1279, 1306, 1358, 1360, 1394, 1404, 1423, 1448, 1460, 1468, 1493, 1535, 1599, 1623, 1645, 1649, 1665, 1669, 1689, 1706, 1722, 1741, 1755, 1776, 1782, 1787, 1795, 1808, 1823, 1833, 1858, 1862, 1874, 2342, 2445, 2647, 2668, 2758, 2762, 2767, 2780, 2814, 2817, 2819, 2824, 2841, 2889, 2909, 2915, 2924, 2958, 2972, 2994, 3006, 3013, 3015, 3022, 3087, 3121, 3220, 3293, 3296, 3302, 3313, 3322, 3329, 3340, 3357, 3497, 3519, 3532, 3538, 3583, 3597, 3604, 3631, 3639, 3642, 3655, 3671, 3691, 3695, 3697, 3702, 3726, 3734, 3737, 3751, 3754, 3763, 3769, 3834, 3848, 3853, 3869, 3886, 3894, 3899, 3919, 3948, 3963, 3989, 4024, 4040, 4059, 4077, 4085, 4092, 4110, 4124, 4155, 4174, 4188, 4205, 4212, 4241, 4255, 4277, 4298, 4331, 4340, 4360, 4366, 4368, 4385, 4387, 4402, 4407, 4430, 4432, 4437, 4483, 4492, 4511, 4515, 4519, 4551, 4560, 4566, 4568, 4573, 4578, 4586, 4594, 4596, 4601, 4614, 4624, 4644, 4658, 4681, 4694, 4703, 4708, 4722, 4724, 4733, 4755, 4809, 4837, 4892, 4931, 4942, 4984, 5016, 5021, 5031, 5066, 5089, 5206, 5211, 5216, 5254, 5264, 5273, 5277, 5286, 5324, 5338, 5342, 5362, 5365, 5367, 5370, 5392, 5402, 5430, 5432, 5457, 5475, 5477, 5507, 5529, 5535, 5561, 5571, 5616, 5660, 5664, 5670, 5676, 5686, 5711, 5713, 5799, 5802, 5839, 5845, 5875, 5879, 5889, 5940, 5945, 5958, 5963, 5978, 5993, 6016, 6020, 6033, 6050, 6053, 6058, 6060, 6108, 6114, 6122, 6129, 6159, 6170, 6234, 6278, 6285, 6297]",[],"[6, 31, 39, 91, 113, 130, 133, 172, 180, 184, 265, 275, 281, 286, 293, 315, 331, 339, 361, 397, 451, 517, 530, 544, 564, 852, 863, 873, 877, 889, 907, 922, 924, 970, 973, 997, 1037, 1046, 1061, 1067, 1075, 1117, 1177, 1193, 1233, 1279, 1306, 1358, 1360, 1394, 1404, 1423, 1448, 1460, 1468, 1493, 1535, 1599, 1623, 1645, 1649, 1665, 1669, 1689, 1706, 1722, 1741, 1755, 1776, 1782, 1787, 1795, 1808, 1823, 1833, 1858, 1862, 1874, 2342, 2445, 2647, 2668, 2758, 2762, 2767, 2780, 2814, 2817, 2819, 2824, 2841, 2889, 2909, 2915, 2924, 2958, 2972, 2994, 3006, 3013, 3015, 3022, 3087, 3121, 3220, 3293, 3296, 3302, 3313, 3322, 3329, 3340, 3357, 3497, 3519, 3532, 3538, 3583, 3597, 3604, 3631, 3639, 3642, 3655, 3671, 3691, 3695, 3697, 3702, 3726, 3734, 3737, 3751, 3754, 3763, 3769, 3834, 3848, 3853, 3869, 3886, 3894, 3899, 3919, 3948, 3963, 3989, 4024, 4040, 4059, 4077, 4085, 4092, 4110, 4124, 4155, 4174, 4188, 4205, 4212, 4241, 4255, 4277, 4298, 4331, 4340, 4360, 4366, 4368, 4385, 4387, 4402, 4407, 4430, 4432, 4437, 4483, 4492, 4511, 4515, 4519, 4551, 4560, 4566, 4568, 4573, 4578, 4586, 4594, 4596, 4601, 4614, 4624, 4644, 4658, 4681, 4694, 4703, 4708, 4722, 4724, 4733, 4755, 4809, 4837, 4892, 4931, 4942, 4984, 5016, 5021, 5031, 5066, 5089, 5206, 5211, 5216, 5254, 5264, 5273, 5277, 5286, 5324, 5338, 5342, 5362, 5365, 5367, 5370, 5392, 5402, 5430, 5432, 5457, 5475, 5477, 5507, 5529, 5535, 5561, 5571, 5616, 5660, 5664, 5670, 5676, 5686, 5711, 5713, 5799, 5802, 5839, 5845, 5875, 5879, 5889, 5940, 5945, 5958, 5963, 5978, 5993, 6016, 6020, 6033, 6050, 6053, 6058, 6060, 6108, 6114, 6122, 6129, 6159, 6170, 6234, 6278, 6285, 6297]","[1644, 2757, 3005, 3496, 4514, 5272, 5659]",6278,279,5999,0,279,5992,7
-4.0,CEPPINS,"[48, 63, 74, 77, 114, 116, 121, 128, 209, 246, 365, 406, 465, 469, 486, 491, 517, 525, 584, 592, 646, 655, 661, 680, 735, 747, 761, 777, 795, 797, 859, 929, 968, 975, 999, 1008, 1022, 1036, 1044, 1067, 1069, 1087, 1107, 1115, 1136, 1159, 1194, 1196, 1201, 1206, 1212, 1219, 1229, 1236, 1258, 1273, 1297, 1300, 1400, 1409, 1425, 1429, 1440, 1442, 1446, 1488, 1494, 1510, 1514, 1518, 1527, 1541, 1543, 1551, 1553, 1591, 1607, 1616, 1672, 1694, 1702, 1707, 1761, 1833, 1876, 1879]",[],"[48, 63, 74, 77, 114, 116, 121, 128, 209, 246, 365, 406, 465, 469, 486, 491, 517, 525, 584, 592, 646, 655, 661, 680, 735, 747, 761, 777, 795, 797, 859, 929, 968, 975, 999, 1008, 1022, 1036, 1044, 1067, 1069, 1087, 1107, 1115, 1136, 1159, 1194, 1196, 1201, 1206, 1212, 1219, 1229, 1236, 1258, 1273, 1297, 1300, 1400, 1409, 1425, 1429, 1440, 1442, 1446, 1488, 1494, 1510, 1514, 1518, 1527, 1541, 1543, 1551, 1553, 1591, 1607, 1616, 1672, 1694, 1702, 1707, 1761, 1833, 1876, 1879]",[858],1902,86,1816,0,86,1815,1
-4.0,CHBLG,"[22, 35, 52, 82, 111, 118, 124, 159, 167, 171, 214, 254, 271, 306, 321, 327, 329, 370, 379, 398, 404, 485, 510, 522, 527, 539, 541, 562, 573, 579, 605, 619, 649, 686, 693, 699, 703, 742, 768, 786, 817, 833, 901, 919, 929, 933, 953, 963, 1009, 1079, 1110, 1165, 1198, 1205, 1208, 1213, 1225, 1285, 1299, 1320, 1351, 1396, 1414, 1426, 1428, 1438, 1440, 1459, 1466, 1473, 1480, 1490, 1507, 1509, 1528, 1541, 1557, 1562, 1573, 1582, 1594, 1597, 1639, 1668, 1697, 1699, 1730, 1763, 1771, 1785, 1821, 1828, 1850, 1872, 1874, 1906, 1922, 1939, 1953, 2016, 2053, 2072, 2116, 2137, 2195, 2230, 2250, 2286, 2294, 2302, 2306, 2309, 2313, 2360, 2365, 2370, 2380, 2431, 2473, 2475, 2524, 2535, 2565, 2622, 2640, 2642, 2651, 2656, 2658, 2664, 2673, 2677, 2687, 2704, 2742, 2761, 2769, 2771, 2789, 2808, 2812, 2835, 2842, 2852, 2877, 2896, 2927, 2939, 2951, 2965, 3015, 3029, 3031, 3035, 3091, 3097, 3134, 3150, 3155, 3200, 3208, 3321, 3354, 3391, 3407, 3411, 3426, 3465, 3479, 3499, 3516, 3518, 3532, 3534, 3564, 3582, 3600, 3618, 3624, 3641, 3645, 3647, 3694, 3700, 3702, 3704, 3707, 3770, 3777, 3789, 3795, 3799, 3814, 3876, 3890, 3909, 3919, 3937, 3958, 3960, 4004, 4006, 4020, 4024, 4031, 4070, 4078, 4093, 4120, 4123, 4192, 4206, 4236, 4267, 4271, 4299, 4303, 4309, 4323, 4336, 4358, 4414, 4436, 4440, 4475, 4481, 4584, 4598, 4625, 4631, 4637, 4695, 4701, 4784, 4786, 4831, 4859, 4862, 4866, 4868, 4876, 4888, 4895, 4913, 4920, 4940, 4952, 4986, 5016, 5027, 5030, 5053, 5056, 5063, 5098, 5119, 5153, 5159, 5182, 5208, 5239, 5247, 5251, 5283, 5285, 5288, 5307, 5313, 5350, 5357, 5365, 5384, 5402, 5409, 5417, 5421, 5462, 5477, 5484, 5486, 5510, 5529, 5532, 5543, 5574, 5600, 5620, 5632, 5637, 5643, 5655, 5670, 5683, 5697, 5715, 5757, 5779, 5847, 5906, 5920, 5935, 6026, 6095, 6132, 6137, 6149, 6193, 6195, 6200, 6243, 6250, 6256, 6270, 6278, 6281, 6304, 6324, 6331, 6337, 6369, 6377, 6399, 6433, 6445, 6450, 6457, 6459, 6521, 6536, 6540, 6556, 6564, 6586, 6630, 6659, 6706, 6755, 6795, 6846, 6862, 6887, 6908, 6915, 6918, 6958, 6970, 6975, 7004, 7059, 7070, 7072, 7077, 7108, 7121, 7129, 7158, 7205, 7209, 7223, 7249, 7303, 7309, 7324, 7355, 7375, 7382, 7384, 7403, 7439, 7523, 7555, 7561, 7574, 7578, 7600, 7608, 7617, 7665, 7677, 7720, 7722, 7724, 7742, 7757, 7765, 7768, 7780, 7806, 7815, 7847, 7851, 7919, 7936, 7954, 7956, 7962, 7968, 8036, 8039, 8045, 8052]",[],"[22, 35, 52, 82, 111, 118, 124, 159, 167, 171, 214, 254, 271, 306, 321, 327, 329, 370, 379, 398, 404, 485, 510, 522, 527, 539, 541, 562, 573, 579, 605, 619, 649, 686, 693, 699, 703, 742, 768, 786, 817, 833, 901, 919, 929, 933, 953, 963, 1009, 1079, 1110, 1165, 1198, 1205, 1208, 1213, 1225, 1285, 1299, 1320, 1351, 1396, 1414, 1426, 1428, 1438, 1440, 1459, 1466, 1473, 1480, 1490, 1507, 1509, 1528, 1541, 1557, 1562, 1573, 1582, 1594, 1597, 1639, 1668, 1697, 1699, 1730, 1763, 1771, 1785, 1821, 1828, 1850, 1872, 1874, 1906, 1922, 1939, 1953, 2016, 2053, 2072, 2116, 2137, 2195, 2230, 2250, 2286, 2294, 2302, 2306, 2309, 2313, 2360, 2365, 2370, 2380, 2431, 2473, 2475, 2524, 2535, 2565, 2622, 2640, 2642, 2651, 2656, 2658, 2664, 2673, 2677, 2687, 2704, 2742, 2761, 2769, 2771, 2789, 2808, 2812, 2835, 2842, 2852, 2877, 2896, 2927, 2939, 2951, 2965, 3015, 3029, 3031, 3035, 3091, 3097, 3134, 3150, 3155, 3200, 3208, 3321, 3354, 3391, 3407, 3411, 3426, 3465, 3479, 3499, 3516, 3518, 3532, 3534, 3564, 3582, 3600, 3618, 3624, 3641, 3645, 3647, 3694, 3700, 3702, 3704, 3707, 3770, 3777, 3789, 3795, 3799, 3814, 3876, 3890, 3909, 3919, 3937, 3958, 3960, 4004, 4006, 4020, 4024, 4031, 4070, 4078, 4093, 4120, 4123, 4192, 4206, 4236, 4267, 4271, 4299, 4303, 4309, 4323, 4336, 4358, 4414, 4436, 4440, 4475, 4481, 4584, 4598, 4625, 4631, 4637, 4695, 4701, 4784, 4786, 4831, 4859, 4862, 4866, 4868, 4876, 4888, 4895, 4913, 4920, 4940, 4952, 4986, 5016, 5027, 5030, 5053, 5056, 5063, 5098, 5119, 5153, 5159, 5182, 5208, 5239, 5247, 5251, 5283, 5285, 5288, 5307, 5313, 5350, 5357, 5365, 5384, 5402, 5409, 5417, 5421, 5462, 5477, 5484, 5486, 5510, 5529, 5532, 5543, 5574, 5600, 5620, 5632, 5637, 5643, 5655, 5670, 5683, 5697, 5715, 5757, 5779, 5847, 5906, 5920, 5935, 6026, 6095, 6132, 6137, 6149, 6193, 6195, 6200, 6243, 6250, 6256, 6270, 6278, 6281, 6304, 6324, 6331, 6337, 6369, 6377, 6399, 6433, 6445, 6450, 6457, 6459, 6521, 6536, 6540, 6556, 6564, 6586, 6630, 6659, 6706, 6755, 6795, 6846, 6862, 6887, 6908, 6915, 6918, 6958, 6970, 6975, 7004, 7059, 7070, 7072, 7077, 7108, 7121, 7129, 7158, 7205, 7209, 7223, 7249, 7303, 7309, 7324, 7355, 7375, 7382, 7384, 7403, 7439, 7523, 7555, 7561, 7574, 7578, 7600, 7608, 7617, 7665, 7677, 7720, 7722, 7724, 7742, 7757, 7765, 7768, 7780, 7806, 7815, 7847, 7851, 7919, 7936, 7954, 7956, 7962, 7968, 8036, 8039, 8045, 8052]","[2285, 3090, 4019, 5246, 6025]",8081,401,7680,0,401,7675,5
-4.0,CHEBGLI,"[13, 19, 25, 61, 83, 150, 178, 195, 207, 242, 259, 381, 389, 447, 457, 482, 523, 533, 539, 571, 578, 600, 649, 672, 694, 697, 717, 741, 775, 796, 845, 863, 875, 882, 889, 910, 914, 923, 925, 933, 970, 975, 977, 1026, 1028, 1048, 1081, 1111, 1127, 1137, 1139, 1151, 1165, 1176, 1184, 1214, 1218, 1220, 1269, 1301, 1337, 1349, 1365, 1378, 1415, 1453, 1458, 1503, 1592, 1600, 1613, 1630, 1715, 1758, 1809, 1816, 1822, 1839, 1848, 1860, 1863, 1869, 1886, 1933, 1961, 1967, 2012, 2036, 2038, 2043, 2045, 2068, 2102, 2104, 2111, 2140, 2150, 2165, 2189, 2208]",[],"[13, 19, 25, 61, 83, 150, 178, 195, 207, 242, 259, 381, 389, 447, 457, 482, 523, 533, 539, 571, 578, 600, 649, 672, 694, 697, 717, 741, 775, 796, 845, 863, 875, 882, 889, 910, 914, 923, 925, 933, 970, 975, 977, 1026, 1028, 1048, 1081, 1111, 1127, 1137, 1139, 1151, 1165, 1176, 1184, 1214, 1218, 1220, 1269, 1301, 1337, 1349, 1365, 1378, 1415, 1453, 1458, 1503, 1592, 1600, 1613, 1630, 1715, 1758, 1809, 1816, 1822, 1839, 1848, 1860, 1863, 1869, 1886, 1933, 1961, 1967, 2012, 2036, 2038, 2043, 2045, 2068, 2102, 2104, 2111, 2140, 2150, 2165, 2189, 2208]","[570, 909]",2206,100,2106,0,100,2104,2
-4.0,CHEBGLII,"[18, 35, 77, 79, 84, 112, 121, 135, 153, 165, 180, 211, 218, 238, 279, 308, 323, 347, 409, 455, 475, 505, 512, 516, 526, 532, 538, 541, 548, 564, 571, 581, 592, 594, 609, 611, 631, 636, 664, 669, 700, 720, 731, 737, 753, 778, 799, 878, 885, 892, 913, 917, 924, 932, 939, 953, 959, 964, 967, 992, 1002, 1008, 1021, 1050, 1054, 1057, 1066, 1073, 1083, 1102, 1108, 1115, 1146, 1175, 1177, 1283, 1332, 1334, 1369, 1375, 1384, 1399, 1410, 1427, 1431, 1481, 1494, 1537, 1563, 1571, 1577, 1590, 1610, 1620, 1630, 1682, 1685, 1731, 1736, 1777, 1848, 1871, 1880, 1901, 1920, 1922, 1931, 2005, 2011, 2030, 2043, 2049, 2076, 2085, 2089, 2092, 2112, 2134, 2160, 2194, 2201, 2214, 2225, 2234, 2241, 2249]",[],"[18, 35, 77, 79, 84, 112, 121, 135, 153, 165, 180, 211, 218, 238, 279, 308, 323, 347, 409, 455, 475, 505, 512, 516, 526, 532, 538, 541, 548, 564, 571, 581, 592, 594, 609, 611, 631, 636, 664, 669, 700, 720, 731, 737, 753, 778, 799, 878, 885, 892, 913, 917, 924, 932, 939, 953, 959, 964, 967, 992, 1002, 1008, 1021, 1050, 1054, 1057, 1066, 1073, 1083, 1102, 1108, 1115, 1146, 1175, 1177, 1283, 1332, 1334, 1369, 1375, 1384, 1399, 1410, 1427, 1431, 1481, 1494, 1537, 1563, 1571, 1577, 1590, 1610, 1620, 1630, 1682, 1685, 1731, 1736, 1777, 1848, 1871, 1880, 1901, 1920, 1922, 1931, 2005, 2011, 2030, 2043, 2049, 2076, 2085, 2089, 2092, 2112, 2134, 2160, 2194, 2201, 2214, 2225, 2234, 2241, 2249]","[563, 912]",2260,126,2134,0,126,2132,2
-4.0,CHKALDB,"[16, 23, 110, 154, 181, 188, 196, 274, 284, 290, 300, 311, 313, 319, 332, 334, 368, 392, 400, 416, 423, 438, 448, 455, 477, 503, 536, 540, 553, 565, 567, 607, 611, 615, 617, 647, 658, 715, 757, 759, 779, 782, 797, 809, 845, 855, 875, 889, 914, 920, 933, 940, 965, 980, 984, 989, 991, 1045, 1063, 1088, 1106, 1127, 1146, 1152, 1165, 1197, 1226, 1241, 1244, 1250, 1323, 1325, 1369, 1386, 1390, 1441, 1453, 1457, 1459, 1469, 1480, 1486, 1489, 1507, 1511, 1519, 1544, 1549, 1554, 1559, 1619, 1630, 1632, 1666, 1669, 1682, 1697, 1708, 1766, 1772, 1780, 1783, 1797, 1802, 1854, 1866, 1868, 1878, 1887, 1894, 1913, 1923, 1928, 1949, 2001, 2016, 2044, 2069, 2087, 2127, 2181, 2209, 2271, 2310, 2312, 2319, 2337, 2366, 2383, 2398, 2405, 2440, 2461, 2484, 2486, 2520, 2575, 2630, 2639, 2657, 2662, 2670, 2693, 2705, 2756, 2781, 2808, 2825, 2838, 2846, 2849, 2875, 2879, 2883, 2893, 2924, 2934, 2953, 2992, 3033, 3039, 3049, 3052, 3065, 3078, 3090, 3095, 3116, 3136, 3159, 3167, 3200, 3208, 3210, 3215, 3228, 3254, 3324, 3343, 3345, 3355, 3372, 3387, 3390, 3401, 3410, 3418, 3432, 3434, 3441, 3444, 3458, 3465, 3474, 3500, 3509, 3517, 3524, 3546, 3561, 3601, 3603, 3614, 3623, 3628, 3647, 3659, 3686, 3690, 3735, 3796, 3808, 3818, 3832, 3834, 3842, 3909, 4005, 4009, 4012, 4017, 4037, 4047, 4102, 4111, 4127, 4149, 4178, 4180, 4184, 4229, 4282, 4319, 4354, 4389, 4397, 4400, 4412, 4417, 4430, 4434, 4463, 4467, 4470, 4490, 4544, 4556, 4573, 4616, 4622, 4631, 4636, 4647, 4681, 4777, 4803, 4854, 4866, 4885, 4904, 5006, 5011, 5026, 5044, 5050, 5060, 5104, 5131, 5139, 5165, 5200, 5235, 5237, 5246, 5252, 5307, 5324, 5347, 5382, 5411, 5424, 5427, 5438, 5457, 5469, 5482, 5485, 5492, 5517, 5523, 5531, 5534, 5573, 5649, 5680, 5683, 5718, 5723, 5732, 5749, 5779, 5795, 5809, 5838, 5848, 5867, 5919, 5931, 5979, 5986, 5988, 5995, 6002, 6006, 6011, 6055, 6072, 6084, 6130, 6169, 6173, 6177, 6190, 6200, 6226, 6244, 6273, 6318, 6330, 6338, 6340, 6342, 6374, 6393, 6405, 6448, 6453, 6485, 6507, 6510, 6569, 6609, 6650, 6653, 6665, 6669, 6752, 6793, 6796, 6800, 6830, 6838, 6853, 6862, 6891, 6956, 6961, 6981, 6984, 6988, 7008, 7010, 7040, 7042, 7063, 7079, 7089, 7129, 7136, 7150, 7166, 7171, 7176, 7178, 7189, 7243, 7266, 7300, 7317, 7324, 7361, 7395, 7437, 7442, 7463, 7465, 7488, 7505, 7509, 7511, 7519, 7524, 7528, 7538, 7552, 7586, 7601, 7621, 7624, 7680, 7699, 7706, 7710, 7713, 7729, 7741, 7805, 7849, 7860, 7868, 7898, 7919, 7925, 7941, 7986, 7995, 8087, 8098, 8112, 8121, 8133, 8146, 8167, 8171, 8175, 8187, 8229, 8245, 8278, 8310, 8341, 8440, 8448, 8479, 8482, 8490, 8502, 8521, 8534, 8554, 8561, 8594, 8597, 8612, 8618, 8640, 8668, 8680, 8707, 8743, 8772, 8788, 8794, 8803, 8824, 8836, 8843, 8877, 8920, 8926, 8930, 8936, 8963, 8977, 8999, 9007, 9013, 9053, 9186, 9207, 9215, 9227, 9241, 9258, 9283, 9302, 9305, 9314, 9318, 9320, 9352, 9355, 9381, 9386, 9391, 9410, 9412, 9416, 9450, 9486, 9498, 9507, 9529, 9533, 9568, 9578, 9608, 9627, 9631, 9666, 9717, 9722, 9737, 9887, 9965, 9968, 9971, 9974, 10019, 10047, 10059, 10061, 10142, 10145, 10178, 10180, 10186, 10214, 10220, 10233, 10245, 10296, 10298, 10356, 10379, 10381, 10386, 10416, 10422, 10425, 10436, 10455, 10461, 10466, 10546, 10552, 10566, 10575, 10578, 10582, 10585, 10590, 10600, 10605, 10639, 10659, 10673, 10706, 10722, 10734, 10763, 10798, 10836, 10845, 10850, 10869, 10896, 10905, 10909, 10956, 10967, 10969, 11004, 11015, 11040, 11042, 11070, 11097, 11131, 11179, 11200, 11202, 11223, 11246, 11271, 11276, 11302, 11349, 11372, 11428, 11433, 11459, 11486, 11488, 11566, 11582, 11585, 11622, 11631, 11633]",[],"[16, 23, 110, 154, 181, 188, 196, 274, 284, 290, 300, 311, 313, 319, 332, 334, 368, 392, 400, 416, 423, 438, 448, 455, 477, 503, 536, 540, 553, 565, 567, 607, 611, 615, 617, 647, 658, 715, 757, 759, 779, 782, 797, 809, 845, 855, 875, 889, 914, 920, 933, 940, 965, 980, 984, 989, 991, 1045, 1063, 1088, 1106, 1127, 1146, 1152, 1165, 1197, 1226, 1241, 1244, 1250, 1323, 1325, 1369, 1386, 1390, 1441, 1453, 1457, 1459, 1469, 1480, 1486, 1489, 1507, 1511, 1519, 1544, 1549, 1554, 1559, 1619, 1630, 1632, 1666, 1669, 1682, 1697, 1708, 1766, 1772, 1780, 1783, 1797, 1802, 1854, 1866, 1868, 1878, 1887, 1894, 1913, 1923, 1928, 1949, 2001, 2016, 2044, 2069, 2087, 2127, 2181, 2209, 2271, 2310, 2312, 2319, 2337, 2366, 2383, 2398, 2405, 2440, 2461, 2484, 2486, 2520, 2575, 2630, 2639, 2657, 2662, 2670, 2693, 2705, 2756, 2781, 2808, 2825, 2838, 2846, 2849, 2875, 2879, 2883, 2893, 2924, 2934, 2953, 2992, 3033, 3039, 3049, 3052, 3065, 3078, 3090, 3095, 3116, 3136, 3159, 3167, 3200, 3208, 3210, 3215, 3228, 3254, 3324, 3343, 3345, 3355, 3372, 3387, 3390, 3401, 3410, 3418, 3432, 3434, 3441, 3444, 3458, 3465, 3474, 3500, 3509, 3517, 3524, 3546, 3561, 3601, 3603, 3614, 3623, 3628, 3647, 3659, 3686, 3690, 3735, 3796, 3808, 3818, 3832, 3834, 3842, 3909, 4005, 4009, 4012, 4017, 4037, 4047, 4102, 4111, 4127, 4149, 4178, 4180, 4184, 4229, 4282, 4319, 4354, 4389, 4397, 4400, 4412, 4417, 4430, 4434, 4463, 4467, 4470, 4490, 4544, 4556, 4573, 4616, 4622, 4631, 4636, 4647, 4681, 4777, 4803, 4854, 4866, 4885, 4904, 5006, 5011, 5026, 5044, 5050, 5060, 5104, 5131, 5139, 5165, 5200, 5235, 5237, 5246, 5252, 5307, 5324, 5347, 5382, 5411, 5424, 5427, 5438, 5457, 5469, 5482, 5485, 5492, 5517, 5523, 5531, 5534, 5573, 5649, 5680, 5683, 5718, 5723, 5732, 5749, 5779, 5795, 5809, 5838, 5848, 5867, 5919, 5931, 5979, 5986, 5988, 5995, 6002, 6006, 6011, 6055, 6072, 6084, 6130, 6169, 6173, 6177, 6190, 6200, 6226, 6244, 6273, 6318, 6330, 6338, 6340, 6342, 6374, 6393, 6405, 6448, 6453, 6485, 6507, 6510, 6569, 6609, 6650, 6653, 6665, 6669, 6752, 6793, 6796, 6800, 6830, 6838, 6853, 6862, 6891, 6956, 6961, 6981, 6984, 6988, 7008, 7010, 7040, 7042, 7063, 7079, 7089, 7129, 7136, 7150, 7166, 7171, 7176, 7178, 7189, 7243, 7266, 7300, 7317, 7324, 7361, 7395, 7437, 7442, 7463, 7465, 7488, 7505, 7509, 7511, 7519, 7524, 7528, 7538, 7552, 7586, 7601, 7621, 7624, 7680, 7699, 7706, 7710, 7713, 7729, 7741, 7805, 7849, 7860, 7868, 7898, 7919, 7925, 7941, 7986, 7995, 8087, 8098, 8112, 8121, 8133, 8146, 8167, 8171, 8175, 8187, 8229, 8245, 8278, 8310, 8341, 8440, 8448, 8479, 8482, 8490, 8502, 8521, 8534, 8554, 8561, 8594, 8597, 8612, 8618, 8640, 8668, 8680, 8707, 8743, 8772, 8788, 8794, 8803, 8824, 8836, 8843, 8877, 8920, 8926, 8930, 8936, 8963, 8977, 8999, 9007, 9013, 9053, 9186, 9207, 9215, 9227, 9241, 9258, 9283, 9302, 9305, 9314, 9318, 9320, 9352, 9355, 9381, 9386, 9391, 9410, 9412, 9416, 9450, 9486, 9498, 9507, 9529, 9533, 9568, 9578, 9608, 9627, 9631, 9666, 9717, 9722, 9737, 9887, 9965, 9968, 9971, 9974, 10019, 10047, 10059, 10061, 10142, 10145, 10178, 10180, 10186, 10214, 10220, 10233, 10245, 10296, 10298, 10356, 10379, 10381, 10386, 10416, 10422, 10425, 10436, 10455, 10461, 10466, 10546, 10552, 10566, 10575, 10578, 10582, 10585, 10590, 10600, 10605, 10639, 10659, 10673, 10706, 10722, 10734, 10763, 10798, 10836, 10845, 10850, 10869, 10896, 10905, 10909, 10956, 10967, 10969, 11004, 11015, 11040, 11042, 11070, 11097, 11131, 11179, 11200, 11202, 11223, 11246, 11271, 11276, 11302, 11349, 11372, 11428, 11433, 11459, 11486, 11488, 11566, 11582, 11585, 11622, 11631, 11633]","[6172, 6664, 6955, 7265, 8186, 8842, 9185]",11644,590,11054,0,590,11047,7
-4.0,CHKAPOII,"[6, 13, 28, 38, 65, 70, 137, 159, 185, 225, 259, 283, 308, 324, 329, 336, 342, 353, 365, 378, 386, 391, 400, 406, 446, 449, 455, 457, 459, 488, 490, 503, 522, 538, 546, 557, 573, 612, 621, 642, 689, 730, 739, 742, 778, 780, 788, 800, 805, 836, 851, 853, 877, 894, 902, 906, 918, 922, 930, 934, 953, 970, 975, 990, 994, 1001, 1043, 1074, 1082, 1089, 1091, 1105, 1209, 1221, 1227, 1233, 1247, 1262, 1286, 1329, 1335, 1340, 1344, 1358, 1360, 1368, 1372, 1384, 1398, 1405, 1441, 1447, 1450, 1484, 1500, 1508, 1517, 1523, 1533, 1537, 1564, 1577, 1589, 1612, 1619, 1627, 1664, 1671, 1767, 1784, 1786, 1840, 1865, 1892, 1896, 1902, 1979, 1985, 1995, 2033, 2045, 2060, 2068, 2120, 2132, 2178, 2224, 2227, 2248, 2263, 2274, 2277, 2280, 2290, 2297, 2321, 2367, 2384, 2386, 2424, 2435, 2438, 2458, 2461, 2478, 2509, 2520, 2524, 2532, 2537, 2551, 2568, 2610, 2621, 2626, 2654, 2665, 2671, 2688, 2690, 2717, 2744, 2758, 2760, 2782, 2799, 2817, 2876, 2878, 2887, 2903, 2905, 2912, 2924, 3005, 3015, 3039, 3049, 3099, 3108, 3113, 3116, 3142, 3158, 3163, 3200, 3205, 3218, 3226, 3228, 3244, 3260, 3278, 3287, 3311, 3318, 3322, 3344, 3364, 3382, 3398, 3406, 3420, 3427, 3439, 3445, 3456, 3478, 3496, 3501, 3510, 3524, 3542, 3547, 3594, 3601, 3616, 3635, 3663, 3674, 3694, 3697, 3708, 3747, 3756, 3758, 3772, 3776, 3789, 3804, 3807, 3821, 3838, 3846, 3862, 3882, 3907, 3913, 3947, 3953, 3958, 3965, 3976, 3981, 4018, 4027, 4034, 4039, 4048, 4108, 4132, 4173, 4260, 4270, 4272, 4325, 4341, 4348, 4351, 4434, 4436, 4447, 4461, 4473, 4477, 4479, 4489, 4493, 4497, 4510, 4512, 4550, 4582, 4643, 4708, 4712, 4715, 4730, 4750, 4794, 4800, 4814, 4817, 4831, 4846, 4872, 4879, 4911, 4934]",[],"[6, 13, 28, 38, 65, 70, 137, 159, 185, 225, 259, 283, 308, 324, 329, 336, 342, 353, 365, 378, 386, 391, 400, 406, 446, 449, 455, 457, 459, 488, 490, 503, 522, 538, 546, 557, 573, 612, 621, 642, 689, 730, 739, 742, 778, 780, 788, 800, 805, 836, 851, 853, 877, 894, 902, 906, 918, 922, 930, 934, 953, 970, 975, 990, 994, 1001, 1043, 1074, 1082, 1089, 1091, 1105, 1209, 1221, 1227, 1233, 1247, 1262, 1286, 1329, 1335, 1340, 1344, 1358, 1360, 1368, 1372, 1384, 1398, 1405, 1441, 1447, 1450, 1484, 1500, 1508, 1517, 1523, 1533, 1537, 1564, 1577, 1589, 1612, 1619, 1627, 1664, 1671, 1767, 1784, 1786, 1840, 1865, 1892, 1896, 1902, 1979, 1985, 1995, 2033, 2045, 2060, 2068, 2120, 2132, 2178, 2224, 2227, 2248, 2263, 2274, 2277, 2280, 2290, 2297, 2321, 2367, 2384, 2386, 2424, 2435, 2438, 2458, 2461, 2478, 2509, 2520, 2524, 2532, 2537, 2551, 2568, 2610, 2621, 2626, 2654, 2665, 2671, 2688, 2690, 2717, 2744, 2758, 2760, 2782, 2799, 2817, 2876, 2878, 2887, 2903, 2905, 2912, 2924, 3005, 3015, 3039, 3049, 3099, 3108, 3113, 3116, 3142, 3158, 3163, 3200, 3205, 3218, 3226, 3228, 3244, 3260, 3278, 3287, 3311, 3318, 3322, 3344, 3364, 3382, 3398, 3406, 3420, 3427, 3439, 3445, 3456, 3478, 3496, 3501, 3510, 3524, 3542, 3547, 3594, 3601, 3616, 3635, 3663, 3674, 3694, 3697, 3708, 3747, 3756, 3758, 3772, 3776, 3789, 3804, 3807, 3821, 3838, 3846, 3862, 3882, 3907, 3913, 3947, 3953, 3958, 3965, 3976, 3981, 4018, 4027, 4034, 4039, 4048, 4108, 4132, 4173, 4260, 4270, 4272, 4325, 4341, 4348, 4351, 4434, 4436, 4447, 4461, 4473, 4477, 4479, 4489, 4493, 4497, 4510, 4512, 4550, 4582, 4643, 4708, 4712, 4715, 4730, 4750, 4794, 4800, 4814, 4817, 4831, 4846, 4872, 4879, 4911, 4934]","[3317, 3820]",4954,289,4665,0,289,4663,2
-4.0,CHKDPCP,"[7, 15, 29, 37, 93, 110, 144, 146, 172, 185, 217, 277, 307, 318, 320, 333, 348, 365, 370, 375, 388, 402, 416, 418, 516, 573, 611, 621, 624, 638, 811, 860, 870, 985, 992, 1002, 1012, 1053, 1105, 1187, 1198, 1206, 1212, 1240, 1294, 1311, 1328, 1464, 1557, 1566, 1609, 1618, 1625, 1637, 1650, 1655, 1672, 1682, 1710, 1723, 1734, 1827, 1845, 1868, 1879, 1883, 1885, 1891, 1893, 1895, 1897, 1899]",[],"[7, 15, 29, 37, 93, 110, 144, 146, 172, 185, 217, 277, 307, 318, 320, 333, 348, 365, 370, 375, 388, 402, 416, 418, 516, 573, 611, 621, 624, 638, 811, 860, 870, 985, 992, 1002, 1012, 1053, 1105, 1187, 1198, 1206, 1212, 1240, 1294, 1311, 1328, 1464, 1557, 1566, 1609, 1618, 1625, 1637, 1650, 1655, 1672, 1682, 1710, 1723, 1734, 1827, 1845, 1868, 1879, 1883, 1885, 1891, 1893, 1895, 1897, 1899]",[637],1903,72,1831,0,72,1830,1
-4.0,CHKMAX,"[12, 28, 36, 63, 77, 99, 122, 252, 261, 282, 305, 308, 313, 346, 368, 370, 471, 475, 518, 554, 606, 633, 637, 640, 648, 657, 666, 676, 684, 687, 709, 711, 719, 728, 737, 740, 756, 762, 764, 772, 775, 781, 786, 790, 799, 802, 818, 826, 837, 849, 881, 889, 916, 925, 928, 944, 963, 975, 979, 991, 1002, 1007, 1013, 1015, 1026, 1038, 1053, 1117, 1134, 1182, 1207, 1209, 1215, 1218, 1237, 1266, 1300, 1308, 1315, 1347, 1382, 1420, 1529, 1751, 1787, 1817, 1918, 1937, 1946, 2050, 2053, 2056, 2116, 2128, 2132, 2176, 2191, 2201, 2205, 2285, 2292, 2296, 2311, 2314, 2337, 2342, 2347, 2357, 2373, 2380, 2382, 2393, 2421, 2423, 2428, 2436, 2452, 2467, 2489, 2500, 2504, 2506, 2519, 2528, 2533, 2553, 2565, 2578, 2580, 2583, 2600, 2605, 2608, 2624, 2634, 2637, 2640, 2656, 2674, 2679, 2682, 2684, 2702, 2704, 2713, 2717, 2722, 2729, 2734, 2739, 2757, 2762, 2764, 2766, 2768, 2806, 2815, 2830, 2833, 2862, 2867, 2872, 2883, 2887, 2890, 2909, 2914, 2931, 2938, 2940, 2942, 2957, 2959, 2969, 2985, 2991, 2993, 3000, 3002, 3019, 3021, 3031, 3047, 3053, 3059, 3065, 3088, 3091, 3124, 3127, 3144, 3154, 3162, 3173, 3178, 3181, 3183, 3190, 3194, 3206, 3220, 3227, 3241, 3255, 3260, 3265, 3274, 3290, 3298, 3300, 3309, 3328, 3340, 3350, 3358, 3361, 3374, 3377, 3393, 3396, 3401, 3421, 3454, 3456, 3459, 3484, 3486, 3498, 3511, 3547, 3576, 3584, 3595, 3610, 3615, 3617, 3631, 3652, 3724, 3744, 3765, 3769, 3773, 3775, 3777, 3779, 3781, 3783, 3785, 3787, 3789, 3791, 3793, 3795, 3799, 3805, 3897, 3905, 3929, 3934, 3937, 3989, 4012, 4028, 4037, 4051, 4056, 4060, 4064, 4068, 4080, 4097, 4132, 4147, 4207, 4216, 4296, 4348, 4370, 4391, 4663, 4869, 4915, 4932, 4951, 4972, 4974, 5027, 5030, 5036, 5038, 5042, 5054, 5099, 5103, 5131, 5135, 5154, 5174, 5178, 5181, 5197, 5200, 5209, 5290, 5296, 5298, 5308, 5344, 5370, 5408, 5450, 5507, 5543, 5546, 5559, 5575, 5614, 5620, 5660, 5687, 5690]",[],"[12, 28, 36, 63, 77, 99, 122, 252, 261, 282, 305, 308, 313, 346, 368, 370, 471, 475, 518, 554, 606, 633, 637, 640, 648, 657, 666, 676, 684, 687, 709, 711, 719, 728, 737, 740, 756, 762, 764, 772, 775, 781, 786, 790, 799, 802, 818, 826, 837, 849, 881, 889, 916, 925, 928, 944, 963, 975, 979, 991, 1002, 1007, 1013, 1015, 1026, 1038, 1053, 1117, 1134, 1182, 1207, 1209, 1215, 1218, 1237, 1266, 1300, 1308, 1315, 1347, 1382, 1420, 1529, 1751, 1787, 1817, 1918, 1937, 1946, 2050, 2053, 2056, 2116, 2128, 2132, 2176, 2191, 2201, 2205, 2285, 2292, 2296, 2311, 2314, 2337, 2342, 2347, 2357, 2373, 2380, 2382, 2393, 2421, 2423, 2428, 2436, 2452, 2467, 2489, 2500, 2504, 2506, 2519, 2528, 2533, 2553, 2565, 2578, 2580, 2583, 2600, 2605, 2608, 2624, 2634, 2637, 2640, 2656, 2674, 2679, 2682, 2684, 2702, 2704, 2713, 2717, 2722, 2729, 2734, 2739, 2757, 2762, 2764, 2766, 2768, 2806, 2815, 2830, 2833, 2862, 2867, 2872, 2883, 2887, 2890, 2909, 2914, 2931, 2938, 2940, 2942, 2957, 2959, 2969, 2985, 2991, 2993, 3000, 3002, 3019, 3021, 3031, 3047, 3053, 3059, 3065, 3088, 3091, 3124, 3127, 3144, 3154, 3162, 3173, 3178, 3181, 3183, 3190, 3194, 3206, 3220, 3227, 3241, 3255, 3260, 3265, 3274, 3290, 3298, 3300, 3309, 3328, 3340, 3350, 3358, 3361, 3374, 3377, 3393, 3396, 3401, 3421, 3454, 3456, 3459, 3484, 3486, 3498, 3511, 3547, 3576, 3584, 3595, 3610, 3615, 3617, 3631, 3652, 3724, 3744, 3765, 3769, 3773, 3775, 3777, 3779, 3781, 3783, 3785, 3787, 3789, 3791, 3793, 3795, 3799, 3805, 3897, 3905, 3929, 3934, 3937, 3989, 4012, 4028, 4037, 4051, 4056, 4060, 4064, 4068, 4080, 4097, 4132, 4147, 4207, 4216, 4296, 4348, 4370, 4391, 4663, 4869, 4915, 4932, 4951, 4972, 4974, 5027, 5030, 5036, 5038, 5042, 5054, 5099, 5103, 5131, 5135, 5154, 5174, 5178, 5181, 5197, 5200, 5209, 5290, 5296, 5298, 5308, 5344, 5370, 5408, 5450, 5507, 5543, 5546, 5559, 5575, 5614, 5620, 5660, 5687, 5690]","[2127, 2291, 3928, 4295]",5691,322,5369,0,322,5365,4
-4.0,CHKMYOD,"[7, 50, 80, 91, 101, 132, 149, 180, 201, 225, 232, 244, 309, 317, 330, 349, 380, 397, 405, 407, 425, 429, 431, 465, 482, 487, 513, 522, 542, 552, 568, 582, 614, 618, 647, 724, 778, 800, 823, 839, 853, 869, 891, 894, 917, 985, 1013, 1020, 1030, 1058, 1074, 1151, 1167, 1178, 1184, 1193, 1221, 1227, 1249, 1255, 1264, 1269, 1278, 1280, 1286, 1297, 1304, 1310, 1314, 1317, 1319, 1356, 1423, 1425, 1434, 1441, 1463, 1494, 1497, 1510, 1516, 1538, 1571, 1631, 1670, 1672, 1703, 1706, 1709, 1726, 1739, 1757, 1765, 1838, 1855, 1922, 1928, 1994, 2015, 2076, 2107, 2150, 2158, 2167, 2173, 2185, 2222, 2245, 2283, 2293, 2314, 2347, 2353, 2355, 2362, 2366, 2409, 2442, 2447, 2455, 2469, 2500, 2505, 2511, 2528, 2533, 2560, 2566, 2571, 2573, 2628, 2630, 2661, 2668, 2683, 2688, 2704, 2711, 2755, 2768, 2812, 2886, 2914, 2923, 2945, 2950, 3012, 3031, 3050, 3067, 3078, 3104, 3127, 3135, 3143, 3176, 3274, 3310, 3315, 3320, 3322, 3351, 3354, 3380, 3396, 3423, 3441, 3450, 3460, 3469, 3548, 3574, 3651, 3672, 3698, 3709, 3737, 3747, 3770, 3823, 3832, 3945, 3973, 3991, 3997, 4011, 4039, 4122, 4230, 4237, 4240, 4262, 4282, 4300, 4335, 4368, 4375, 4464, 4476, 4516, 4522, 4597, 4610, 4641, 4729, 4795, 4850, 4876, 4899, 4942, 4946, 4967, 4980, 5006, 5021, 5044, 5046, 5066, 5074, 5080, 5082, 5128, 5146, 5155, 5165, 5167, 5207, 5214, 5218, 5220, 5225, 5258, 5267, 5270, 5367, 5372, 5392, 5451, 5459, 5479, 5484, 5496, 5504, 5518, 5522, 5533, 5563, 5585, 5593, 5602, 5610, 5631, 5661, 5666, 5669, 5692, 5702, 5712, 5738, 5765, 5773, 5833, 5876, 5878, 5916, 5971, 6011, 6024, 6036, 6077, 6094, 6151, 6155, 6179, 6181, 6207, 6236, 6243, 6276, 6285, 6322, 6328, 6351, 6391, 6421, 6446, 6457, 6528, 6563, 6575, 6587, 6673, 6694, 6727, 6734, 6755, 6761, 6787, 6792, 6795, 6825, 6856, 6882, 6895, 6901, 6928, 6934, 7020, 7035, 7069, 7122, 7128, 7173, 7195, 7206, 7220, 7232, 7248, 7269, 7341, 7344, 7346, 7374]",[],"[7, 50, 80, 91, 101, 132, 149, 180, 201, 225, 232, 244, 309, 317, 330, 349, 380, 397, 405, 407, 425, 429, 431, 465, 482, 487, 513, 522, 542, 552, 568, 582, 614, 618, 647, 724, 778, 800, 823, 839, 853, 869, 891, 894, 917, 985, 1013, 1020, 1030, 1058, 1074, 1151, 1167, 1178, 1184, 1193, 1221, 1227, 1249, 1255, 1264, 1269, 1278, 1280, 1286, 1297, 1304, 1310, 1314, 1317, 1319, 1356, 1423, 1425, 1434, 1441, 1463, 1494, 1497, 1510, 1516, 1538, 1571, 1631, 1670, 1672, 1703, 1706, 1709, 1726, 1739, 1757, 1765, 1838, 1855, 1922, 1928, 1994, 2015, 2076, 2107, 2150, 2158, 2167, 2173, 2185, 2222, 2245, 2283, 2293, 2314, 2347, 2353, 2355, 2362, 2366, 2409, 2442, 2447, 2455, 2469, 2500, 2505, 2511, 2528, 2533, 2560, 2566, 2571, 2573, 2628, 2630, 2661, 2668, 2683, 2688, 2704, 2711, 2755, 2768, 2812, 2886, 2914, 2923, 2945, 2950, 3012, 3031, 3050, 3067, 3078, 3104, 3127, 3135, 3143, 3176, 3274, 3310, 3315, 3320, 3322, 3351, 3354, 3380, 3396, 3423, 3441, 3450, 3460, 3469, 3548, 3574, 3651, 3672, 3698, 3709, 3737, 3747, 3770, 3823, 3832, 3945, 3973, 3991, 3997, 4011, 4039, 4122, 4230, 4237, 4240, 4262, 4282, 4300, 4335, 4368, 4375, 4464, 4476, 4516, 4522, 4597, 4610, 4641, 4729, 4795, 4850, 4876, 4899, 4942, 4946, 4967, 4980, 5006, 5021, 5044, 5046, 5066, 5074, 5080, 5082, 5128, 5146, 5155, 5165, 5167, 5207, 5214, 5218, 5220, 5225, 5258, 5267, 5270, 5367, 5372, 5392, 5451, 5459, 5479, 5484, 5496, 5504, 5518, 5522, 5533, 5563, 5585, 5593, 5602, 5610, 5631, 5661, 5666, 5669, 5692, 5702, 5712, 5738, 5765, 5773, 5833, 5876, 5878, 5916, 5971, 6011, 6024, 6036, 6077, 6094, 6151, 6155, 6179, 6181, 6207, 6236, 6243, 6276, 6285, 6322, 6328, 6351, 6391, 6421, 6446, 6457, 6528, 6563, 6575, 6587, 6673, 6694, 6727, 6734, 6755, 6761, 6787, 6792, 6795, 6825, 6856, 6882, 6895, 6901, 6928, 6934, 7020, 7035, 7069, 7122, 7128, 7173, 7195, 7206, 7220, 7232, 7248, 7269, 7341, 7344, 7346, 7374]","[4941, 6150]",7382,323,7059,0,323,7057,2
-4.0,CHKOVAL,"[27, 97, 121, 154, 164, 167, 169, 210, 217, 241, 254, 262, 320, 323, 333, 358, 369, 373, 388, 391, 422, 435, 444, 455, 459, 519, 532, 580, 600, 634, 663, 668, 678, 690, 698, 715, 719, 780, 784, 801, 807, 849, 865, 870, 875, 887, 914, 917, 953, 957, 972, 1006, 1022, 1038, 1063, 1066, 1104, 1124, 1161, 1261, 1268, 1290, 1294, 1298, 1336, 1338, 1342, 1362, 1377, 1391, 1469, 1476, 1478, 1481, 1493, 1498, 1506, 1535, 1537, 1563, 1565, 1576, 1578, 1582, 1604, 1617, 1644, 1647, 1671, 1701, 1723, 1725, 1730, 1744, 1755, 1772, 1788, 1821, 1828, 1838, 1864, 1899, 1901, 1903, 1905, 1907, 1921, 1924, 1928, 1945, 1985, 2082, 2117, 2122, 2156, 2173, 2179, 2201, 2209, 2217, 2239, 2256, 2264, 2293, 2305, 2347, 2377, 2379, 2450, 2483, 2486, 2488, 2549, 2579, 2592, 2622, 2643, 2645, 2658, 2668, 2705, 2730, 2785, 2807, 2856, 2885, 2895, 2898, 2913, 2925, 2932, 2961, 2969, 2990, 3010, 3031, 3039, 3057, 3104, 3120, 3130, 3165, 3176, 3226, 3236, 3283, 3294, 3296, 3318, 3320, 3375, 3416, 3419, 3453, 3467, 3497, 3547, 3575, 3592, 3606, 3634, 3685, 3687, 3703, 3713, 3754, 3759, 3813, 3823, 3838, 3875, 3901, 3903, 3906, 3916, 3940, 3945, 3955, 3975, 3988, 4002, 4040, 4047, 4049, 4060, 4066, 4117, 4125, 4139, 4177, 4181, 4203, 4205, 4233, 4247, 4253, 4262, 4291, 4352, 4385, 4447, 4450, 4458, 4460, 4498, 4508, 4533, 4545, 4588, 4590, 4592, 4603, 4676, 4683, 4695, 4700, 4714, 4721, 4727, 4731, 4772, 4781, 4800, 4803, 4811, 4828, 4880, 4891, 4916, 4954, 4957, 5036, 5082, 5084, 5089, 5099, 5121, 5132, 5145, 5154, 5156, 5158, 5171, 5187, 5220, 5238, 5248, 5261, 5298, 5309, 5320, 5328, 5333, 5339, 5372, 5375, 5397, 5402, 5415, 5448, 5451, 5548, 5601, 5622, 5667, 5685, 5706, 5712, 5724, 5738, 5787, 5796, 5819, 5842, 5850, 5853, 5875, 5889, 5911, 5913, 5938, 5947, 6043, 6078, 6118, 6142, 6153, 6164, 6175, 6227, 6243, 6247, 6252, 6265, 6283, 6297, 6336, 6339, 6359, 6407, 6413, 6424, 6426, 6434, 6444, 6497, 6504, 6544, 6550, 6553, 6571, 6576, 6590, 6614, 6625, 6655, 6667, 6674, 6680, 6713, 6716, 6741, 6750, 6791, 6806, 6809, 6833, 6858, 6862, 6929, 6956, 6976, 6980, 6992, 7010, 7023, 7045, 7047, 7049, 7065, 7077, 7080, 7103, 7105, 7133, 7135, 7149, 7153, 7179, 7195, 7235, 7243, 7266, 7269, 7276, 7285, 7342, 7356, 7361, 7363, 7433, 7440, 7445, 7464, 7470, 7505, 7514, 7545, 7604, 7686, 7692, 7760, 7769, 7771, 7793, 7800, 7822, 7827, 7872, 7908, 7916, 7940, 7942, 7988, 8015, 8017, 8038, 8081, 8123, 8126, 8131, 8147, 8162, 8202, 8228, 8247, 8249, 8284, 8311, 8314, 8323, 8335, 8339, 8411, 8421, 8448, 8457, 8501, 8508, 8549, 8593, 8618, 8652, 8689, 8696, 8698, 8792, 8796, 8809, 8828, 8837, 8847, 8854, 8859, 8865, 8875, 8900, 8923, 8926, 8935, 8945, 8948, 8950, 8983, 9010, 9019, 9025, 9029, 9036, 9047, 9079, 9082, 9106, 9122, 9165, 9167, 9202]",[],"[27, 97, 121, 154, 164, 167, 169, 210, 217, 241, 254, 262, 320, 323, 333, 358, 369, 373, 388, 391, 422, 435, 444, 455, 459, 519, 532, 580, 600, 634, 663, 668, 678, 690, 698, 715, 719, 780, 784, 801, 807, 849, 865, 870, 875, 887, 914, 917, 953, 957, 972, 1006, 1022, 1038, 1063, 1066, 1104, 1124, 1161, 1261, 1268, 1290, 1294, 1298, 1336, 1338, 1342, 1362, 1377, 1391, 1469, 1476, 1478, 1481, 1493, 1498, 1506, 1535, 1537, 1563, 1565, 1576, 1578, 1582, 1604, 1617, 1644, 1647, 1671, 1701, 1723, 1725, 1730, 1744, 1755, 1772, 1788, 1821, 1828, 1838, 1864, 1899, 1901, 1903, 1905, 1907, 1921, 1924, 1928, 1945, 1985, 2082, 2117, 2122, 2156, 2173, 2179, 2201, 2209, 2217, 2239, 2256, 2264, 2293, 2305, 2347, 2377, 2379, 2450, 2483, 2486, 2488, 2549, 2579, 2592, 2622, 2643, 2645, 2658, 2668, 2705, 2730, 2785, 2807, 2856, 2885, 2895, 2898, 2913, 2925, 2932, 2961, 2969, 2990, 3010, 3031, 3039, 3057, 3104, 3120, 3130, 3165, 3176, 3226, 3236, 3283, 3294, 3296, 3318, 3320, 3375, 3416, 3419, 3453, 3467, 3497, 3547, 3575, 3592, 3606, 3634, 3685, 3687, 3703, 3713, 3754, 3759, 3813, 3823, 3838, 3875, 3901, 3903, 3906, 3916, 3940, 3945, 3955, 3975, 3988, 4002, 4040, 4047, 4049, 4060, 4066, 4117, 4125, 4139, 4177, 4181, 4203, 4205, 4233, 4247, 4253, 4262, 4291, 4352, 4385, 4447, 4450, 4458, 4460, 4498, 4508, 4533, 4545, 4588, 4590, 4592, 4603, 4676, 4683, 4695, 4700, 4714, 4721, 4727, 4731, 4772, 4781, 4800, 4803, 4811, 4828, 4880, 4891, 4916, 4954, 4957, 5036, 5082, 5084, 5089, 5099, 5121, 5132, 5145, 5154, 5156, 5158, 5171, 5187, 5220, 5238, 5248, 5261, 5298, 5309, 5320, 5328, 5333, 5339, 5372, 5375, 5397, 5402, 5415, 5448, 5451, 5548, 5601, 5622, 5667, 5685, 5706, 5712, 5724, 5738, 5787, 5796, 5819, 5842, 5850, 5853, 5875, 5889, 5911, 5913, 5938, 5947, 6043, 6078, 6118, 6142, 6153, 6164, 6175, 6227, 6243, 6247, 6252, 6265, 6283, 6297, 6336, 6339, 6359, 6407, 6413, 6424, 6426, 6434, 6444, 6497, 6504, 6544, 6550, 6553, 6571, 6576, 6590, 6614, 6625, 6655, 6667, 6674, 6680, 6713, 6716, 6741, 6750, 6791, 6806, 6809, 6833, 6858, 6862, 6929, 6956, 6976, 6980, 6992, 7010, 7023, 7045, 7047, 7049, 7065, 7077, 7080, 7103, 7105, 7133, 7135, 7149, 7153, 7179, 7195, 7235, 7243, 7266, 7269, 7276, 7285, 7342, 7356, 7361, 7363, 7433, 7440, 7445, 7464, 7470, 7505, 7514, 7545, 7604, 7686, 7692, 7760, 7769, 7771, 7793, 7800, 7822, 7827, 7872, 7908, 7916, 7940, 7942, 7988, 8015, 8017, 8038, 8081, 8123, 8126, 8131, 8147, 8162, 8202, 8228, 8247, 8249, 8284, 8311, 8314, 8323, 8335, 8339, 8411, 8421, 8448, 8457, 8501, 8508, 8549, 8593, 8618, 8652, 8689, 8696, 8698, 8792, 8796, 8809, 8828, 8837, 8847, 8854, 8859, 8865, 8875, 8900, 8923, 8926, 8935, 8945, 8948, 8950, 8983, 9010, 9019, 9025, 9029, 9036, 9047, 9079, 9082, 9106, 9122, 9165, 9167, 9202]","[3164, 3466, 4176, 4694, 5795, 6282]",9199,467,8732,0,467,8726,6
-4.0,CHKRPL30,"[68, 89, 104, 115, 117, 119, 124, 163, 235, 269, 316, 335, 369, 378, 385, 528, 532, 546, 572, 582, 595, 613, 658, 665, 667, 672, 676, 710, 715, 741, 750, 784, 802, 806, 821, 823, 833, 841, 876, 879, 917, 990, 1014, 1017, 1044, 1059, 1066, 1076, 1100, 1138, 1140, 1149, 1152, 1168, 1179, 1181, 1213, 1220, 1226, 1244, 1246, 1250, 1267, 1286, 1303, 1306, 1313, 1327, 1334, 1336, 1342, 1358, 1374, 1383, 1398, 1401, 1427, 1432, 1447, 1459, 1467, 1472, 1476, 1488, 1498, 1505, 1526, 1531, 1542, 1553, 1575, 1581, 1611, 1639, 1642, 1663, 1678, 1685, 1695, 1697, 1732, 1741, 1766, 1779, 1787, 1837, 1841, 1860, 1873, 1883, 1895, 1901, 1919, 1926, 1941, 1948, 1958, 1968, 1975, 1981, 1991, 1996, 2014, 2017, 2022, 2024, 2039, 2047, 2049, 2055, 2068, 2093, 2114, 2131, 2143, 2159, 2163, 2186, 2210, 2216, 2219, 2246, 2251, 2273, 2286, 2308, 2331, 2347, 2354, 2363, 2376, 2394, 2404, 2411, 2508, 2531, 2542, 2544, 2554, 2569, 2572, 2577, 2589, 2593, 2608, 2664, 2666, 2679, 2709, 2726, 2728, 2754, 2758, 2760, 2788, 2798, 2801, 2817, 2821, 2827, 2838, 2843, 2851, 2856, 2866, 2884, 2892, 2916, 2932, 2964, 2974, 2991, 3019, 3025, 3053, 3068, 3076, 3095, 3112, 3114, 3116, 3125, 3133, 3145, 3158, 3176, 3189, 3250, 3276, 3294, 3313, 3322, 3331, 3371, 3375, 3386, 3402, 3404, 3417, 3438, 3440, 3443, 3479, 3524, 3526, 3553, 3574, 3605, 3634, 3644, 3680, 3713, 3758, 3767, 3775, 3783, 3785, 3791, 3800, 3839, 3846, 3855, 3861, 3864, 3884]",[],"[68, 89, 104, 115, 117, 119, 124, 163, 235, 269, 316, 335, 369, 378, 385, 528, 532, 546, 572, 582, 595, 613, 658, 665, 667, 672, 676, 710, 715, 741, 750, 784, 802, 806, 821, 823, 833, 841, 876, 879, 917, 990, 1014, 1017, 1044, 1059, 1066, 1076, 1100, 1138, 1140, 1149, 1152, 1168, 1179, 1181, 1213, 1220, 1226, 1244, 1246, 1250, 1267, 1286, 1303, 1306, 1313, 1327, 1334, 1336, 1342, 1358, 1374, 1383, 1398, 1401, 1427, 1432, 1447, 1459, 1467, 1472, 1476, 1488, 1498, 1505, 1526, 1531, 1542, 1553, 1575, 1581, 1611, 1639, 1642, 1663, 1678, 1685, 1695, 1697, 1732, 1741, 1766, 1779, 1787, 1837, 1841, 1860, 1873, 1883, 1895, 1901, 1919, 1926, 1941, 1948, 1958, 1968, 1975, 1981, 1991, 1996, 2014, 2017, 2022, 2024, 2039, 2047, 2049, 2055, 2068, 2093, 2114, 2131, 2143, 2159, 2163, 2186, 2210, 2216, 2219, 2246, 2251, 2273, 2286, 2308, 2331, 2347, 2354, 2363, 2376, 2394, 2404, 2411, 2508, 2531, 2542, 2544, 2554, 2569, 2572, 2577, 2589, 2593, 2608, 2664, 2666, 2679, 2709, 2726, 2728, 2754, 2758, 2760, 2788, 2798, 2801, 2817, 2821, 2827, 2838, 2843, 2851, 2856, 2866, 2884, 2892, 2916, 2932, 2964, 2974, 2991, 3019, 3025, 3053, 3068, 3076, 3095, 3112, 3114, 3116, 3125, 3133, 3145, 3158, 3176, 3189, 3250, 3276, 3294, 3313, 3322, 3331, 3371, 3375, 3386, 3402, 3404, 3417, 3438, 3440, 3443, 3479, 3524, 3526, 3553, 3574, 3605, 3634, 3644, 3680, 3713, 3758, 3767, 3775, 3783, 3785, 3791, 3800, 3839, 3846, 3855, 3861, 3864, 3884]","[801, 1872, 2753]",3885,245,3640,0,245,3637,3
-4.0,CHKRPL37A,"[7, 17, 32, 37, 39, 58, 79, 82, 89, 93, 104, 162, 178, 184, 197, 202, 206, 254, 256, 267, 298, 325, 329, 367, 369, 371, 417, 441, 453, 477, 487, 517, 520, 523, 543, 548, 555, 557, 565, 579, 590, 692, 696, 706, 799, 861, 916, 947, 949, 963, 980, 983, 997, 1022, 1036, 1040, 1068, 1072, 1076, 1086, 1095, 1098, 1117, 1124, 1126, 1142, 1145, 1158, 1178, 1180, 1200, 1202, 1216, 1231, 1236, 1266, 1275, 1279, 1294, 1320, 1352, 1377, 1389, 1402, 1420, 1424, 1427, 1429, 1436, 1441, 1445, 1457, 1495, 1498, 1506, 1509, 1515, 1521, 1528, 1541, 1546, 1559, 1567, 1569, 1601, 1606, 1608, 1619, 1623, 1626, 1632, 1664, 1670, 1679, 1748, 1775, 1792, 1796, 1798, 1803, 1805, 1885, 1917, 1947, 1951, 1983, 1985, 1988, 1992, 1996, 2026, 2039, 2060, 2063, 2080, 2093, 2100, 2126, 2140, 2150, 2167, 2183, 2190, 2203, 2227, 2229, 2232, 2234, 2237, 2239, 2256, 2262, 2265, 2285, 2325, 2329, 2341, 2345, 2361, 2368, 2371, 2387, 2400, 2410, 2412, 2487, 2490, 2499, 2507, 2513, 2541, 2564, 2576, 2607, 2622, 2628, 2640, 2642, 2658, 2686, 2715, 2729, 2732, 2740, 2764, 2782, 2794, 2822, 2828, 2839, 2855, 2859, 2861, 2866, 2906, 2912, 2948, 2981, 3008, 3053, 3060, 3066, 3071, 3076, 3084, 3099, 3118, 3130, 3147, 3170, 3180, 3186, 3189, 3205, 3232, 3246, 3252, 3293, 3327, 3348, 3358, 3377, 3382, 3387, 3392, 3397, 3404, 3406, 3415, 3420, 3463, 3466]",[],"[7, 17, 32, 37, 39, 58, 79, 82, 89, 93, 104, 162, 178, 184, 197, 202, 206, 254, 256, 267, 298, 325, 329, 367, 369, 371, 417, 441, 453, 477, 487, 517, 520, 523, 543, 548, 555, 557, 565, 579, 590, 692, 696, 706, 799, 861, 916, 947, 949, 963, 980, 983, 997, 1022, 1036, 1040, 1068, 1072, 1076, 1086, 1095, 1098, 1117, 1124, 1126, 1142, 1145, 1158, 1178, 1180, 1200, 1202, 1216, 1231, 1236, 1266, 1275, 1279, 1294, 1320, 1352, 1377, 1389, 1402, 1420, 1424, 1427, 1429, 1436, 1441, 1445, 1457, 1495, 1498, 1506, 1509, 1515, 1521, 1528, 1541, 1546, 1559, 1567, 1569, 1601, 1606, 1608, 1619, 1623, 1626, 1632, 1664, 1670, 1679, 1748, 1775, 1792, 1796, 1798, 1803, 1805, 1885, 1917, 1947, 1951, 1983, 1985, 1988, 1992, 1996, 2026, 2039, 2060, 2063, 2080, 2093, 2100, 2126, 2140, 2150, 2167, 2183, 2190, 2203, 2227, 2229, 2232, 2234, 2237, 2239, 2256, 2262, 2265, 2285, 2325, 2329, 2341, 2345, 2361, 2368, 2371, 2387, 2400, 2410, 2412, 2487, 2490, 2499, 2507, 2513, 2541, 2564, 2576, 2607, 2622, 2628, 2640, 2642, 2658, 2686, 2715, 2729, 2732, 2740, 2764, 2782, 2794, 2822, 2828, 2839, 2855, 2859, 2861, 2866, 2906, 2912, 2948, 2981, 3008, 3053, 3060, 3066, 3071, 3076, 3084, 3099, 3118, 3130, 3147, 3170, 3180, 3186, 3189, 3205, 3232, 3246, 3252, 3293, 3327, 3348, 3358, 3377, 3382, 3387, 3392, 3397, 3404, 3406, 3415, 3420, 3463, 3466]","[798, 1376, 2386]",3466,232,3234,0,232,3231,3
-4.0,CHKRPL5G,"[14, 31, 40, 85, 97, 100, 111, 129, 154, 207, 222, 283, 301, 310, 341, 356, 406, 432, 435, 441, 444, 447, 484, 499, 503, 513, 551, 612, 633, 659, 706, 716, 725, 748, 786, 815, 831, 876, 936, 949, 972, 981, 996, 1014, 1016, 1023, 1031, 1037, 1068, 1082, 1085, 1091, 1095, 1107, 1153, 1168, 1174, 1212, 1226, 1228, 1240, 1265, 1274, 1289, 1310, 1313, 1320, 1324, 1352, 1356, 1362, 1365, 1398, 1420, 1437, 1452, 1470, 1487, 1499, 1505, 1508, 1541, 1547, 1552, 1572, 1587, 1600, 1604, 1606, 1633, 1638, 1642, 1645, 1647, 1662, 1709, 1713, 1716, 1733, 1767, 1776, 1791, 1804, 1831, 1850, 1853, 1856, 1866, 1892, 1899, 1929, 1938, 1964, 1982, 1984, 1991, 2005, 2018, 2045, 2055, 2062, 2064, 2106, 2122, 2136, 2139, 2146, 2149, 2153, 2171, 2181, 2184, 2197, 2212, 2252, 2260, 2263, 2275, 2292, 2302, 2309, 2314, 2389, 2391, 2398, 2403, 2415, 2429, 2452, 2474, 2476, 2482, 2496, 2504, 2513, 2543, 2561, 2569, 2579, 2581, 2619, 2623, 2626, 2628, 2633, 2635, 2684, 2702, 2711, 2718, 2726, 2733, 2748, 2758, 2761, 2902, 2925, 2935, 2941, 2950, 2953, 2975, 2990, 2993, 2998, 3000, 3015, 3018, 3056, 3060, 3093, 3095, 3101, 3127, 3132, 3138, 3145, 3158, 3162, 3168, 3176, 3184, 3187, 3228, 3235, 3238, 3244, 3247, 3265, 3273, 3275, 3289, 3301, 3328, 3346, 3361, 3388, 3402, 3407, 3420, 3434, 3443, 3468, 3501, 3509, 3516, 3524, 3526, 3553, 3564, 3574, 3577, 3587, 3589, 3599, 3608, 3610, 3619, 3638, 3651, 3662, 3664, 3675, 3716, 3727, 3769, 3795, 3801, 3822, 3829, 3831, 3847, 3859, 3874, 3903, 3910, 3922, 3927, 3934, 3937, 3941, 3956, 3959, 4003, 4005, 4007, 4013, 4024, 4063, 4069, 4078, 4084, 4096, 4102, 4107, 4128, 4160, 4167, 4179, 4234, 4240, 4260, 4270, 4306, 4308, 4310, 4314, 4316, 4328, 4330, 4332, 4340, 4342, 4350, 4375, 4377, 4390, 4399, 4406, 4415, 4441, 4447, 4453, 4462, 4476, 4509, 4513, 4536, 4560, 4563, 4573, 4588, 4596, 4599, 4601, 4609, 4613, 4615, 4621, 4625, 4630, 4639, 4643, 4649, 4659, 4663, 4684, 4704, 4720, 4733, 4736, 4740, 4747, 4749, 4751, 4767, 4770, 4815, 4866, 4881, 4907, 4918, 4941, 4943, 4956, 4958, 4987, 4996, 5005, 5040, 5070, 5086, 5126, 5135, 5166, 5177, 5188, 5192, 5196, 5213, 5220, 5230, 5252, 5260, 5265, 5280, 5301, 5320, 5335, 5339, 5375, 5453, 5459, 5477, 5500, 5503, 5524, 5533, 5545, 5563, 5567, 5598, 5603, 5637, 5639, 5646, 5653, 5657, 5677, 5705, 5719, 5744, 5751, 5756, 5769, 5797, 5810, 5813, 5825, 5838, 5853, 5863, 5874, 5902, 5904, 5912, 5922, 5959, 5971, 5979, 5981, 6002, 6010, 6061, 6065, 6069, 6075, 6089, 6108, 6110, 6115, 6125, 6133, 6136, 6150, 6178, 6180, 6187, 6195, 6234, 6239, 6249, 6254, 6263, 6266, 6289, 6295, 6309, 6327, 6357, 6400, 6419, 6421, 6479, 6489, 6508, 6511, 6515, 6518, 6542, 6570, 6575, 6583, 6621, 6640, 6644, 6653, 6691, 6698, 6703, 6722, 6748, 6786, 6820, 6857, 6884, 6898, 6910, 6912, 6927, 6953, 6976, 6978, 6988, 7001, 7023, 7031, 7050, 7082, 7113, 7122, 7153, 7155, 7157, 7222, 7224, 7228, 7245, 7293, 7300, 7337, 7340, 7370, 7383, 7386, 7393, 7413, 7419, 7427, 7472, 7495, 7501, 7509, 7516, 7526, 7549, 7551, 7591, 7603, 7645, 7674, 7676, 7747, 7785, 7788, 7855, 7857, 7865, 7874, 7923, 7965, 7987, 7993, 8004, 8006, 8059, 8063, 8073, 8076, 8081, 8084, 8094, 8099, 8115, 8130, 8190, 8195, 8208, 8218, 8233, 8255, 8258, 8279, 8287, 8293]",[],"[14, 31, 40, 85, 97, 100, 111, 129, 154, 207, 222, 283, 301, 310, 341, 356, 406, 432, 435, 441, 444, 447, 484, 499, 503, 513, 551, 612, 633, 659, 706, 716, 725, 748, 786, 815, 831, 876, 936, 949, 972, 981, 996, 1014, 1016, 1023, 1031, 1037, 1068, 1082, 1085, 1091, 1095, 1107, 1153, 1168, 1174, 1212, 1226, 1228, 1240, 1265, 1274, 1289, 1310, 1313, 1320, 1324, 1352, 1356, 1362, 1365, 1398, 1420, 1437, 1452, 1470, 1487, 1499, 1505, 1508, 1541, 1547, 1552, 1572, 1587, 1600, 1604, 1606, 1633, 1638, 1642, 1645, 1647, 1662, 1709, 1713, 1716, 1733, 1767, 1776, 1791, 1804, 1831, 1850, 1853, 1856, 1866, 1892, 1899, 1929, 1938, 1964, 1982, 1984, 1991, 2005, 2018, 2045, 2055, 2062, 2064, 2106, 2122, 2136, 2139, 2146, 2149, 2153, 2171, 2181, 2184, 2197, 2212, 2252, 2260, 2263, 2275, 2292, 2302, 2309, 2314, 2389, 2391, 2398, 2403, 2415, 2429, 2452, 2474, 2476, 2482, 2496, 2504, 2513, 2543, 2561, 2569, 2579, 2581, 2619, 2623, 2626, 2628, 2633, 2635, 2684, 2702, 2711, 2718, 2726, 2733, 2748, 2758, 2761, 2902, 2925, 2935, 2941, 2950, 2953, 2975, 2990, 2993, 2998, 3000, 3015, 3018, 3056, 3060, 3093, 3095, 3101, 3127, 3132, 3138, 3145, 3158, 3162, 3168, 3176, 3184, 3187, 3228, 3235, 3238, 3244, 3247, 3265, 3273, 3275, 3289, 3301, 3328, 3346, 3361, 3388, 3402, 3407, 3420, 3434, 3443, 3468, 3501, 3509, 3516, 3524, 3526, 3553, 3564, 3574, 3577, 3587, 3589, 3599, 3608, 3610, 3619, 3638, 3651, 3662, 3664, 3675, 3716, 3727, 3769, 3795, 3801, 3822, 3829, 3831, 3847, 3859, 3874, 3903, 3910, 3922, 3927, 3934, 3937, 3941, 3956, 3959, 4003, 4005, 4007, 4013, 4024, 4063, 4069, 4078, 4084, 4096, 4102, 4107, 4128, 4160, 4167, 4179, 4234, 4240, 4260, 4270, 4306, 4308, 4310, 4314, 4316, 4328, 4330, 4332, 4340, 4342, 4350, 4375, 4377, 4390, 4399, 4406, 4415, 4441, 4447, 4453, 4462, 4476, 4509, 4513, 4536, 4560, 4563, 4573, 4588, 4596, 4599, 4601, 4609, 4613, 4615, 4621, 4625, 4630, 4639, 4643, 4649, 4659, 4663, 4684, 4704, 4720, 4733, 4736, 4740, 4747, 4749, 4751, 4767, 4770, 4815, 4866, 4881, 4907, 4918, 4941, 4943, 4956, 4958, 4987, 4996, 5005, 5040, 5070, 5086, 5126, 5135, 5166, 5177, 5188, 5192, 5196, 5213, 5220, 5230, 5252, 5260, 5265, 5280, 5301, 5320, 5335, 5339, 5375, 5453, 5459, 5477, 5500, 5503, 5524, 5533, 5545, 5563, 5567, 5598, 5603, 5637, 5639, 5646, 5653, 5657, 5677, 5705, 5719, 5744, 5751, 5756, 5769, 5797, 5810, 5813, 5825, 5838, 5853, 5863, 5874, 5902, 5904, 5912, 5922, 5959, 5971, 5979, 5981, 6002, 6010, 6061, 6065, 6069, 6075, 6089, 6108, 6110, 6115, 6125, 6133, 6136, 6150, 6178, 6180, 6187, 6195, 6234, 6239, 6249, 6254, 6263, 6266, 6289, 6295, 6309, 6327, 6357, 6400, 6419, 6421, 6479, 6489, 6508, 6511, 6515, 6518, 6542, 6570, 6575, 6583, 6621, 6640, 6644, 6653, 6691, 6698, 6703, 6722, 6748, 6786, 6820, 6857, 6884, 6898, 6910, 6912, 6927, 6953, 6976, 6978, 6988, 7001, 7023, 7031, 7050, 7082, 7113, 7122, 7153, 7155, 7157, 7222, 7224, 7228, 7245, 7293, 7300, 7337, 7340, 7370, 7383, 7386, 7393, 7413, 7419, 7427, 7472, 7495, 7501, 7509, 7516, 7526, 7549, 7551, 7591, 7603, 7645, 7674, 7676, 7747, 7785, 7788, 7855, 7857, 7865, 7874, 7923, 7965, 7987, 7993, 8004, 8006, 8059, 8063, 8073, 8076, 8081, 8084, 8094, 8099, 8115, 8130, 8190, 8195, 8208, 8218, 8233, 8255, 8258, 8279, 8287, 8293]","[498, 1419, 1632, 3157, 3955, 5165, 6897]",8314,545,7769,0,545,7762,7
-4.0,CHKTUB4B,"[17, 19, 32, 34, 38, 40, 66, 71, 76, 105, 115, 189, 202, 224, 244, 249, 265, 324, 341, 368, 393, 438, 505, 545, 562, 583, 679, 682, 700, 707, 709, 749, 754, 763, 780, 812, 840, 850, 892, 926, 928, 950, 954, 1006, 1008, 1035, 1055, 1071, 1074, 1083, 1124, 1127, 1151, 1155, 1169, 1172, 1178, 1180, 1189, 1200, 1206, 1208, 1212, 1269, 1272, 1281, 1295, 1301, 1332, 1354, 1377, 1383, 1385, 1401, 1406, 1416, 1421, 1424, 1430, 1470, 1474, 1492, 1522, 1532, 1574, 1578, 1635, 1638, 1669, 1694, 1696, 1698, 1711, 1770, 1779, 1788, 1791, 1802, 1804, 1852, 1896, 1907, 1938, 1941, 1946, 1956, 1958, 1968, 1971, 2010, 2054, 2081, 2118, 2134, 2137, 2139, 2196, 2205, 2218, 2260, 2273, 2289, 2312, 2370, 2379, 2396, 2409, 2423, 2457, 2462, 2478, 2484, 2490, 2492, 2522, 2585, 2597, 2624, 2654, 2688, 2690, 2696, 2705, 2741, 2762, 2780, 2830, 2832, 2853, 2872, 2908, 2919, 2923, 2925, 2964, 2969, 2985, 2999, 3021, 3024, 3111, 3115, 3125, 3137]",[],"[17, 19, 32, 34, 38, 40, 66, 71, 76, 105, 115, 189, 202, 224, 244, 249, 265, 324, 341, 368, 393, 438, 505, 545, 562, 583, 679, 682, 700, 707, 709, 749, 754, 763, 780, 812, 840, 850, 892, 926, 928, 950, 954, 1006, 1008, 1035, 1055, 1071, 1074, 1083, 1124, 1127, 1151, 1155, 1169, 1172, 1178, 1180, 1189, 1200, 1206, 1208, 1212, 1269, 1272, 1281, 1295, 1301, 1332, 1354, 1377, 1383, 1385, 1401, 1406, 1416, 1421, 1424, 1430, 1470, 1474, 1492, 1522, 1532, 1574, 1578, 1635, 1638, 1669, 1694, 1696, 1698, 1711, 1770, 1779, 1788, 1791, 1802, 1804, 1852, 1896, 1907, 1938, 1941, 1946, 1956, 1958, 1968, 1971, 2010, 2054, 2081, 2118, 2134, 2137, 2139, 2196, 2205, 2218, 2260, 2273, 2289, 2312, 2370, 2379, 2396, 2409, 2423, 2457, 2462, 2478, 2484, 2490, 2492, 2522, 2585, 2597, 2624, 2654, 2688, 2690, 2696, 2705, 2741, 2762, 2780, 2830, 2832, 2853, 2872, 2908, 2919, 2923, 2925, 2964, 2969, 2985, 2999, 3021, 3024, 3111, 3115, 3125, 3137]","[437, 949, 1573]",3146,164,2982,0,164,2979,3
-4.0,CHKY,"[10, 26, 42, 47, 73, 79, 82, 86, 90, 144, 157, 175, 187, 197, 204, 215, 223, 234, 266, 271, 278, 314, 320, 324, 341, 357, 397, 428, 443, 448, 515, 523, 559, 572, 579, 642, 646, 683, 692, 696, 732, 742, 774, 789, 795, 799, 806, 827, 836, 852, 864, 888, 892, 950, 952, 987, 1000, 1008, 1020, 1038, 1040, 1046, 1052, 1074, 1089, 1113, 1221, 1415, 1468, 1490, 1496, 1498, 1500, 1514, 1531, 1561, 1563, 1565, 1597, 1610, 1617, 1633, 1651, 1665, 1681, 1693, 1750, 1753, 1757, 1770, 1832, 1845, 1850, 1874, 1880, 1882, 1886, 1893, 1903, 1916, 1938, 1972, 1979, 2015, 2039, 2047, 2074, 2092, 2097, 2127, 2129, 2198, 2202, 2254, 2260, 2263, 2278, 2302, 2337, 2339, 2388, 2428, 2478, 2481, 2492, 2495, 2512, 2531, 2548, 2550, 2581, 2606, 2623, 2628, 2675, 2693, 2726, 2731, 2741, 2759, 2779, 2795, 2800, 2826, 2859, 2870, 2889, 2892, 2896, 2927, 2932, 2955, 2957, 2985, 2995, 2998, 3022, 3030, 3039, 3044, 3057, 3069, 3076, 3083, 3110, 3112, 3114, 3146, 3170, 3193, 3201, 3219, 3234, 3256, 3348, 3355, 3357, 3365, 3371, 3449, 3451, 3470, 3478, 3496, 3505, 3522, 3559, 3578, 3604, 3608, 3621, 3623, 3628, 3635, 3654, 3668, 3741, 3780, 3812, 3865, 3884, 3930, 3954, 3964, 4000, 4020, 4023, 4027, 4038, 4044, 4078, 4080, 4107, 4116, 4118, 4149, 4200, 4208, 4225, 4254, 4280, 4290, 4297, 4300, 4329, 4346, 4348, 4350, 4363, 4395, 4403, 4407, 4432, 4436, 4440, 4463, 4467, 4479, 4489, 4519, 4534, 4542, 4554, 4556, 4573, 4584, 4593, 4657, 4675, 4684, 4688, 4694, 4696, 4710, 4751, 4771, 4789, 4803, 4836, 4882, 4911, 4958, 4966, 5033, 5050, 5057, 5083, 5112, 5158, 5164, 5187, 5200, 5214, 5238, 5243, 5247, 5259, 5275, 5283, 5339, 5356, 5361, 5369, 5387, 5404, 5413, 5419, 5421, 5433, 5495, 5505, 5541, 5544, 5554, 5570, 5579, 5630, 5649, 5656, 5690, 5705, 5724, 5833, 5835, 5890, 5912, 5923, 6013, 6054, 6072, 6085, 6109, 6120, 6122, 6142, 6210, 6214, 6219, 6232, 6250, 6278, 6285, 6290, 6324, 6343, 6348, 6375, 6384, 6394, 6408, 6439, 6454, 6456, 6474, 6494, 6514, 6518, 6528, 6542, 6612, 6617, 6628, 6636, 6654, 6664, 6685, 6722, 6764, 6816, 6897, 6922, 6954, 6964, 7010, 7019, 7055, 7058, 7069, 7073, 7109, 7161, 7169, 7201, 7203, 7278, 7286, 7315, 7342, 7351, 7353, 7363, 7391, 7431, 7440, 7508, 7518, 7586, 7589, 7594, 7626, 7670, 7735, 7737, 7752, 7781, 7790, 7802, 7805, 7808, 7811, 7827, 7832, 7836, 7847, 7851, 7854, 7879, 7881, 7883, 7885, 7901, 7916, 7930, 7967, 7993, 8056, 8064, 8085, 8092, 8097, 8123, 8160, 8197, 8204, 8216, 8222, 8233, 8275, 8292, 8298, 8327, 8331, 8350, 8362, 8366]",[],"[10, 26, 42, 47, 73, 79, 82, 86, 90, 144, 157, 175, 187, 197, 204, 215, 223, 234, 266, 271, 278, 314, 320, 324, 341, 357, 397, 428, 443, 448, 515, 523, 559, 572, 579, 642, 646, 683, 692, 696, 732, 742, 774, 789, 795, 799, 806, 827, 836, 852, 864, 888, 892, 950, 952, 987, 1000, 1008, 1020, 1038, 1040, 1046, 1052, 1074, 1089, 1113, 1221, 1415, 1468, 1490, 1496, 1498, 1500, 1514, 1531, 1561, 1563, 1565, 1597, 1610, 1617, 1633, 1651, 1665, 1681, 1693, 1750, 1753, 1757, 1770, 1832, 1845, 1850, 1874, 1880, 1882, 1886, 1893, 1903, 1916, 1938, 1972, 1979, 2015, 2039, 2047, 2074, 2092, 2097, 2127, 2129, 2198, 2202, 2254, 2260, 2263, 2278, 2302, 2337, 2339, 2388, 2428, 2478, 2481, 2492, 2495, 2512, 2531, 2548, 2550, 2581, 2606, 2623, 2628, 2675, 2693, 2726, 2731, 2741, 2759, 2779, 2795, 2800, 2826, 2859, 2870, 2889, 2892, 2896, 2927, 2932, 2955, 2957, 2985, 2995, 2998, 3022, 3030, 3039, 3044, 3057, 3069, 3076, 3083, 3110, 3112, 3114, 3146, 3170, 3193, 3201, 3219, 3234, 3256, 3348, 3355, 3357, 3365, 3371, 3449, 3451, 3470, 3478, 3496, 3505, 3522, 3559, 3578, 3604, 3608, 3621, 3623, 3628, 3635, 3654, 3668, 3741, 3780, 3812, 3865, 3884, 3930, 3954, 3964, 4000, 4020, 4023, 4027, 4038, 4044, 4078, 4080, 4107, 4116, 4118, 4149, 4200, 4208, 4225, 4254, 4280, 4290, 4297, 4300, 4329, 4346, 4348, 4350, 4363, 4395, 4403, 4407, 4432, 4436, 4440, 4463, 4467, 4479, 4489, 4519, 4534, 4542, 4554, 4556, 4573, 4584, 4593, 4657, 4675, 4684, 4688, 4694, 4696, 4710, 4751, 4771, 4789, 4803, 4836, 4882, 4911, 4958, 4966, 5033, 5050, 5057, 5083, 5112, 5158, 5164, 5187, 5200, 5214, 5238, 5243, 5247, 5259, 5275, 5283, 5339, 5356, 5361, 5369, 5387, 5404, 5413, 5419, 5421, 5433, 5495, 5505, 5541, 5544, 5554, 5570, 5579, 5630, 5649, 5656, 5690, 5705, 5724, 5833, 5835, 5890, 5912, 5923, 6013, 6054, 6072, 6085, 6109, 6120, 6122, 6142, 6210, 6214, 6219, 6232, 6250, 6278, 6285, 6290, 6324, 6343, 6348, 6375, 6384, 6394, 6408, 6439, 6454, 6456, 6474, 6494, 6514, 6518, 6528, 6542, 6612, 6617, 6628, 6636, 6654, 6664, 6685, 6722, 6764, 6816, 6897, 6922, 6954, 6964, 7010, 7019, 7055, 7058, 7069, 7073, 7109, 7161, 7169, 7201, 7203, 7278, 7286, 7315, 7342, 7351, 7353, 7363, 7391, 7431, 7440, 7508, 7518, 7586, 7589, 7594, 7626, 7670, 7735, 7737, 7752, 7781, 7790, 7802, 7805, 7808, 7811, 7827, 7832, 7836, 7847, 7851, 7854, 7879, 7881, 7883, 7885, 7901, 7916, 7930, 7967, 7993, 8056, 8064, 8085, 8092, 8097, 8123, 8160, 8197, 8204, 8216, 8222, 8233, 8275, 8292, 8298, 8327, 8331, 8350, 8362, 8366]","[3603, 4199, 4683, 5648, 6012, 6249]",8365,425,7940,0,425,7934,6
-4.0,CHPPHYGEN,"[23, 27, 38, 49, 59, 84, 119, 121, 128, 144, 151, 189, 192, 197, 214, 262, 301, 333, 340, 371, 376, 416, 422, 435, 469, 482, 544, 548, 556, 586, 599, 606, 608, 610, 612, 614, 616, 618, 620, 622, 624, 626, 628, 630, 632, 638, 640, 642, 654, 677, 684, 719, 726, 789, 811, 822, 824, 826, 829, 869, 882, 914, 920, 926, 965, 989, 998, 1005, 1012, 1122, 1125, 1132, 1145, 1173, 1180, 1190, 1192, 1194, 1198, 1200, 1218, 1220, 1222, 1226, 1228, 1233, 1251, 1257, 1264, 1268, 1310, 1320, 1329, 1335, 1342, 1358, 1404, 1425, 1430, 1499, 1501, 1518, 1524, 1600, 1618, 1624, 1626, 1650, 1665, 1679, 1715, 1717, 1737, 1761, 1763, 1773, 1803, 1819, 1831, 1862, 1874, 1876, 1881, 1903, 1919, 1921, 1932, 1966, 1984, 1994, 2008, 2020, 2026, 2028, 2046, 2048, 2099, 2119, 2127, 2215, 2226, 2233, 2285, 2300, 2303, 2309, 2317, 2331, 2351, 2388, 2390, 2395, 2411, 2422, 2447, 2449, 2486, 2500, 2518, 2549, 2562, 2567, 2569, 2580, 2587, 2592, 2639, 2648, 2685, 2792, 2801, 2849, 2868, 2884, 2898, 2914, 2965, 3021, 3027, 3036, 3046, 3055, 3061, 3063, 3355, 3362, 3371, 3386, 3388, 3403, 3410, 3426, 3435, 3437, 3439, 3450, 3480, 3483, 3502, 3509, 3517, 3534, 3576, 3642, 3670, 3673, 3691, 3693, 3744, 3765, 3775, 3787, 3798, 3810, 3840, 3843, 3858, 3900, 3910, 3926, 3976, 3978, 3983, 4045, 4097, 4120, 4126, 4237, 4285, 4295, 4320, 4381, 4388, 4448, 4472, 4479, 4512, 4552, 4562, 4568, 4600, 4610, 4643, 4656, 4662, 4679, 4695, 4709, 4730, 4733, 4753, 4777, 4811, 4832, 4899, 4911, 4925, 4946, 4950, 4961, 4972, 4982, 5007, 5042, 5044, 5067, 5074, 5112, 5115, 5120, 5137, 5182, 5221, 5253, 5256, 5287, 5292, 5332, 5338, 5351, 5385, 5460, 5464, 5472, 5502, 5515, 5522, 5526, 5530, 5532, 5534, 5536, 5538, 5540, 5542, 5544, 5546, 5548, 5552, 5558, 5560, 5562, 5574, 5597, 5604, 5639, 5646, 5709, 5731, 5742, 5744, 5746, 5749, 5789, 5802, 5834, 5840, 5846, 5885, 5909, 5918, 5925, 5932, 6096, 6112, 6114, 6116, 6120, 6122, 6138, 6142, 6144, 6148, 6151, 6153, 6155, 6187, 6214, 6226, 6236, 6245, 6251, 6258, 6260, 6274, 6319, 6341, 6346, 6380, 6392, 6410, 6412, 6435, 6440, 6445, 6447, 6511, 6527, 6551, 6553, 6563, 6593, 6610, 6622, 6624, 6653, 6667, 6670, 6672, 6694, 6707, 6710, 6723, 6762, 6767, 6774, 6778, 6792, 6798, 6811, 6813, 6827, 6831, 6833, 6884, 6904, 6912, 7001, 7012, 7019, 7057, 7073, 7088, 7091, 7105, 7112, 7119, 7139, 7173, 7180, 7196, 7207, 7225, 7234, 7240, 7282, 7309, 7355, 7360, 7373, 7380, 7385, 7493, 7504, 7521, 7530, 7560, 7567, 7578, 7601, 7656, 7659, 7671, 7689, 7698, 7739, 7767, 7792, 7810, 7816, 7831, 7835, 7844, 7850, 7852, 7860, 7871, 7885, 7890, 7893, 7899, 7906, 7930, 7967, 7974, 7990, 7993, 8005, 8007, 8040, 8074, 8092, 8116, 8149, 8156, 8169, 8187, 8203, 8216, 8221, 8249, 8302, 8307, 8326, 8329, 8345, 8355, 8400, 8404, 8412, 8431, 8458, 8462, 8467, 8473, 8547, 8553, 8586, 8610, 8627, 8641, 8718, 8728, 8743, 8747, 8758, 8764, 8771, 8789, 8816, 8824, 8833, 8842, 8846, 8863, 8897, 8928, 8944, 8966, 8968, 8982, 8988, 9042, 9057, 9061, 9090, 9123, 9138, 9140, 9176, 9198, 9221, 9245, 9264, 9296, 9307, 9334, 9350, 9356, 9358, 9365, 9385, 9396, 9403, 9421, 9433, 9443, 9447, 9456, 9484, 9517, 9616, 9632, 9640, 9662, 9690, 9700, 9733, 9746, 9766, 9770, 9811, 9813, 9833, 9852, 9855, 9868, 9895, 9911, 9943, 9989, 9996, 10002, 10042, 10067, 10088, 10104, 10163, 10174, 10176, 10185, 10188, 10219, 10263, 10266, 10274, 10314, 10333, 10336, 10353, 10365, 10387, 10417, 10423, 10426, 10428, 10451, 10456, 10482, 10525, 10567, 10622, 10677, 10727, 10759, 10762, 10803, 10813, 10819, 10834, 10850, 10854, 10874, 10891, 10893, 10916, 10919, 10929, 10950, 10970, 10978, 10981, 11001, 11012, 11036, 11059, 11080, 11104, 11147, 11159, 11173, 11194, 11198, 11205, 11251, 11264, 11266, 11273, 11301, 11315, 11320, 11326, 11349, 11443, 11445, 11467, 11499, 11528, 11553, 11578, 11581, 11591, 11606, 11627, 11637, 11646, 11660, 11667, 11669, 11682, 11686, 11690, 11694, 11698, 11730, 11740, 11771, 11803, 11809, 11812, 11816, 11829, 11872, 11904, 11910, 11925, 11937, 11941, 11943, 11963, 11991, 12039, 12051, 12077, 12107, 12123, 12126, 12135, 12155, 12162, 12171, 12175, 12184, 12193, 12205, 12238, 12254, 12274, 12328, 12341, 12402, 12416, 12474, 12483, 12488, 12491, 12514, 12533, 12551, 12561, 12576, 12587, 12591, 12594, 12596, 12598, 12604, 12608, 12632, 12648, 12675, 12684, 12720, 12778, 12788, 12817, 12828, 12834, 12844, 12864, 12898, 12944, 12969, 12974, 13012, 13024, 13038, 13044, 13052, 13059, 13062, 13065, 13104, 13178, 13229, 13234, 13239, 13319, 13337, 13359, 13376, 13398, 13417, 13448, 13459, 13464, 13480, 13494, 13514, 13532, 13549, 13562, 13568, 13594, 13606, 13635, 13690]",[],"[23, 27, 38, 49, 59, 84, 119, 121, 128, 144, 151, 189, 192, 197, 214, 262, 301, 333, 340, 371, 376, 416, 422, 435, 469, 482, 544, 548, 556, 586, 599, 606, 608, 610, 612, 614, 616, 618, 620, 622, 624, 626, 628, 630, 632, 638, 640, 642, 654, 677, 684, 719, 726, 789, 811, 822, 824, 826, 829, 869, 882, 914, 920, 926, 965, 989, 998, 1005, 1012, 1122, 1125, 1132, 1145, 1173, 1180, 1190, 1192, 1194, 1198, 1200, 1218, 1220, 1222, 1226, 1228, 1233, 1251, 1257, 1264, 1268, 1310, 1320, 1329, 1335, 1342, 1358, 1404, 1425, 1430, 1499, 1501, 1518, 1524, 1600, 1618, 1624, 1626, 1650, 1665, 1679, 1715, 1717, 1737, 1761, 1763, 1773, 1803, 1819, 1831, 1862, 1874, 1876, 1881, 1903, 1919, 1921, 1932, 1966, 1984, 1994, 2008, 2020, 2026, 2028, 2046, 2048, 2099, 2119, 2127, 2215, 2226, 2233, 2285, 2300, 2303, 2309, 2317, 2331, 2351, 2388, 2390, 2395, 2411, 2422, 2447, 2449, 2486, 2500, 2518, 2549, 2562, 2567, 2569, 2580, 2587, 2592, 2639, 2648, 2685, 2792, 2801, 2849, 2868, 2884, 2898, 2914, 2965, 3021, 3027, 3036, 3046, 3055, 3061, 3063, 3355, 3362, 3371, 3386, 3388, 3403, 3410, 3426, 3435, 3437, 3439, 3450, 3480, 3483, 3502, 3509, 3517, 3534, 3576, 3642, 3670, 3673, 3691, 3693, 3744, 3765, 3775, 3787, 3798, 3810, 3840, 3843, 3858, 3900, 3910, 3926, 3976, 3978, 3983, 4045, 4097, 4120, 4126, 4237, 4285, 4295, 4320, 4381, 4388, 4448, 4472, 4479, 4512, 4552, 4562, 4568, 4600, 4610, 4643, 4656, 4662, 4679, 4695, 4709, 4730, 4733, 4753, 4777, 4811, 4832, 4899, 4911, 4925, 4946, 4950, 4961, 4972, 4982, 5007, 5042, 5044, 5067, 5074, 5112, 5115, 5120, 5137, 5182, 5221, 5253, 5256, 5287, 5292, 5332, 5338, 5351, 5385, 5460, 5464, 5472, 5502, 5515, 5522, 5526, 5530, 5532, 5534, 5536, 5538, 5540, 5542, 5544, 5546, 5548, 5552, 5558, 5560, 5562, 5574, 5597, 5604, 5639, 5646, 5709, 5731, 5742, 5744, 5746, 5749, 5789, 5802, 5834, 5840, 5846, 5885, 5909, 5918, 5925, 5932, 6096, 6112, 6114, 6116, 6120, 6122, 6138, 6142, 6144, 6148, 6151, 6153, 6155, 6187, 6214, 6226, 6236, 6245, 6251, 6258, 6260, 6274, 6319, 6341, 6346, 6380, 6392, 6410, 6412, 6435, 6440, 6445, 6447, 6511, 6527, 6551, 6553, 6563, 6593, 6610, 6622, 6624, 6653, 6667, 6670, 6672, 6694, 6707, 6710, 6723, 6762, 6767, 6774, 6778, 6792, 6798, 6811, 6813, 6827, 6831, 6833, 6884, 6904, 6912, 7001, 7012, 7019, 7057, 7073, 7088, 7091, 7105, 7112, 7119, 7139, 7173, 7180, 7196, 7207, 7225, 7234, 7240, 7282, 7309, 7355, 7360, 7373, 7380, 7385, 7493, 7504, 7521, 7530, 7560, 7567, 7578, 7601, 7656, 7659, 7671, 7689, 7698, 7739, 7767, 7792, 7810, 7816, 7831, 7835, 7844, 7850, 7852, 7860, 7871, 7885, 7890, 7893, 7899, 7906, 7930, 7967, 7974, 7990, 7993, 8005, 8007, 8040, 8074, 8092, 8116, 8149, 8156, 8169, 8187, 8203, 8216, 8221, 8249, 8302, 8307, 8326, 8329, 8345, 8355, 8400, 8404, 8412, 8431, 8458, 8462, 8467, 8473, 8547, 8553, 8586, 8610, 8627, 8641, 8718, 8728, 8743, 8747, 8758, 8764, 8771, 8789, 8816, 8824, 8833, 8842, 8846, 8863, 8897, 8928, 8944, 8966, 8968, 8982, 8988, 9042, 9057, 9061, 9090, 9123, 9138, 9140, 9176, 9198, 9221, 9245, 9264, 9296, 9307, 9334, 9350, 9356, 9358, 9365, 9385, 9396, 9403, 9421, 9433, 9443, 9447, 9456, 9484, 9517, 9616, 9632, 9640, 9662, 9690, 9700, 9733, 9746, 9766, 9770, 9811, 9813, 9833, 9852, 9855, 9868, 9895, 9911, 9943, 9989, 9996, 10002, 10042, 10067, 10088, 10104, 10163, 10174, 10176, 10185, 10188, 10219, 10263, 10266, 10274, 10314, 10333, 10336, 10353, 10365, 10387, 10417, 10423, 10426, 10428, 10451, 10456, 10482, 10525, 10567, 10622, 10677, 10727, 10759, 10762, 10803, 10813, 10819, 10834, 10850, 10854, 10874, 10891, 10893, 10916, 10919, 10929, 10950, 10970, 10978, 10981, 11001, 11012, 11036, 11059, 11080, 11104, 11147, 11159, 11173, 11194, 11198, 11205, 11251, 11264, 11266, 11273, 11301, 11315, 11320, 11326, 11349, 11443, 11445, 11467, 11499, 11528, 11553, 11578, 11581, 11591, 11606, 11627, 11637, 11646, 11660, 11667, 11669, 11682, 11686, 11690, 11694, 11698, 11730, 11740, 11771, 11803, 11809, 11812, 11816, 11829, 11872, 11904, 11910, 11925, 11937, 11941, 11943, 11963, 11991, 12039, 12051, 12077, 12107, 12123, 12126, 12135, 12155, 12162, 12171, 12175, 12184, 12193, 12205, 12238, 12254, 12274, 12328, 12341, 12402, 12416, 12474, 12483, 12488, 12491, 12514, 12533, 12551, 12561, 12576, 12587, 12591, 12594, 12596, 12598, 12604, 12608, 12632, 12648, 12675, 12684, 12720, 12778, 12788, 12817, 12828, 12834, 12844, 12864, 12898, 12944, 12969, 12974, 13012, 13024, 13038, 13044, 13052, 13059, 13062, 13065, 13104, 13178, 13229, 13234, 13239, 13319, 13337, 13359, 13376, 13398, 13417, 13448, 13459, 13464, 13480, 13494, 13514, 13532, 13549, 13562, 13568, 13594, 13606, 13635, 13690]","[4599, 4945]",13690,747,12943,0,747,12941,2
-4.0,CHPPROTP1A,"[7, 10, 59, 70, 94, 112, 160, 164, 180, 241, 252, 267, 281, 334]",[],"[7, 10, 59, 70, 94, 112, 160, 164, 180, 241, 252, 267, 281, 334]",[159],398,14,384,0,14,383,1
-4.0,CHPPROTP1B,"[5, 8, 57, 68, 92, 113, 161, 165, 181, 242, 253, 268, 282, 335]",[],"[5, 8, 57, 68, 92, 113, 161, 165, 181, 242, 253, 268, 282, 335]",[160],397,14,383,0,14,382,1
-4.0,CHWEGLOBIM,"[22, 56, 149, 190, 206, 222, 238, 248, 272, 291, 304, 317, 335, 373, 376, 420, 454, 475, 542, 554, 568, 589, 593, 605, 695, 727, 762, 768, 830, 832, 849, 862, 870, 898, 912, 942, 946, 961, 975, 1051, 1056, 1064, 1070, 1074, 1080, 1086, 1122, 1137, 1159, 1176, 1194, 1200, 1210, 1217, 1223, 1272, 1294, 1300, 1307, 1310, 1320, 1324, 1354, 1370, 1385, 1387, 1395, 1418, 1423, 1429, 1461, 1474, 1498, 1500, 1507, 1530, 1540, 1551, 1559, 1561, 1567, 1629, 1653, 1688, 1696, 1698]",[],"[22, 56, 149, 190, 206, 222, 238, 248, 272, 291, 304, 317, 335, 373, 376, 420, 454, 475, 542, 554, 568, 589, 593, 605, 695, 727, 762, 768, 830, 832, 849, 862, 870, 898, 912, 942, 946, 961, 975, 1051, 1056, 1064, 1070, 1074, 1080, 1086, 1122, 1137, 1159, 1176, 1194, 1200, 1210, 1217, 1223, 1272, 1294, 1300, 1307, 1310, 1320, 1324, 1354, 1370, 1385, 1387, 1395, 1418, 1423, 1429, 1461, 1474, 1498, 1500, 1507, 1530, 1540, 1551, 1559, 1561, 1567, 1629, 1653, 1688, 1696, 1698]","[237, 588]",1702,86,1616,0,86,1614,2
-4.0,CIGH,"[18, 80, 120, 123, 134, 186, 195, 286, 291, 316, 318, 332, 337, 340, 347, 357, 382, 407, 429, 453, 458, 468, 475, 507, 566, 599, 606, 643, 645, 677, 682, 712, 714, 733, 772, 784, 818, 863, 874, 877, 881, 961, 963, 1047, 1100, 1106, 1118, 1151, 1178, 1201, 1226, 1250, 1282, 1302, 1309, 1316, 1350, 1358, 1366, 1383, 1396, 1402, 1409, 1439, 1459, 1491, 1511, 1514, 1521, 1557, 1562, 1565, 1569, 1572, 1578, 1582, 1586, 1590, 1638, 1645, 1647, 1692, 1738, 1776, 1787, 1811, 1836, 1853, 1901, 1912, 1919, 1938, 1975, 1982, 2012, 2030, 2034, 2050, 2063, 2083, 2085, 2122, 2131, 2135, 2155, 2175, 2201, 2217, 2281, 2294, 2297, 2324, 2330, 2361, 2364, 2369, 2386, 2399, 2402, 2434, 2453, 2495, 2515, 2518, 2537, 2541, 2547, 2594, 2610, 2635, 2637, 2640, 2706, 2730, 2766, 2775, 2803, 2813, 2821, 2866, 2878, 2890, 2923, 2938, 2940, 2945, 2948, 2961, 2963, 3026, 3042, 3051, 3144, 3179, 3197, 3238, 3253, 3272, 3308, 3341, 3361, 3380, 3384, 3392, 3423, 3446, 3452, 3491, 3494, 3528, 3551, 3587, 3596, 3613, 3629, 3631, 3639, 3649, 3653, 3667, 3689, 3703, 3705, 3707, 3742, 3744, 3751, 3760, 3762, 3765, 3783, 3798, 3838, 3850, 3865, 3945]",[],"[18, 80, 120, 123, 134, 186, 195, 286, 291, 316, 318, 332, 337, 340, 347, 357, 382, 407, 429, 453, 458, 468, 475, 507, 566, 599, 606, 643, 645, 677, 682, 712, 714, 733, 772, 784, 818, 863, 874, 877, 881, 961, 963, 1047, 1100, 1106, 1118, 1151, 1178, 1201, 1226, 1250, 1282, 1302, 1309, 1316, 1350, 1358, 1366, 1383, 1396, 1402, 1409, 1439, 1459, 1491, 1511, 1514, 1521, 1557, 1562, 1565, 1569, 1572, 1578, 1582, 1586, 1590, 1638, 1645, 1647, 1692, 1738, 1776, 1787, 1811, 1836, 1853, 1901, 1912, 1919, 1938, 1975, 1982, 2012, 2030, 2034, 2050, 2063, 2083, 2085, 2122, 2131, 2135, 2155, 2175, 2201, 2217, 2281, 2294, 2297, 2324, 2330, 2361, 2364, 2369, 2386, 2399, 2402, 2434, 2453, 2495, 2515, 2518, 2537, 2541, 2547, 2594, 2610, 2635, 2637, 2640, 2706, 2730, 2766, 2775, 2803, 2813, 2821, 2866, 2878, 2890, 2923, 2938, 2940, 2945, 2948, 2961, 2963, 3026, 3042, 3051, 3144, 3179, 3197, 3238, 3253, 3272, 3308, 3341, 3361, 3380, 3384, 3392, 3423, 3446, 3452, 3491, 3494, 3528, 3551, 3587, 3596, 3613, 3629, 3631, 3639, 3649, 3653, 3667, 3689, 3703, 3705, 3707, 3742, 3744, 3751, 3760, 3762, 3765, 3783, 3798, 3838, 3850, 3865, 3945]","[1281, 1691, 2280, 2889]",3968,196,3772,0,196,3768,4
-4.0,CITEGLOBIM,"[22, 55, 148, 189, 205, 221, 237, 247, 271, 290, 303, 316, 334, 346, 351, 353, 372, 375, 419, 453, 474, 541, 553, 560, 567, 588, 592, 604, 609, 693, 760, 766, 828, 830, 860, 868, 891, 895, 905, 935, 939, 954, 968, 1044, 1049, 1057, 1063, 1067, 1073, 1079, 1130, 1152, 1169, 1187, 1193, 1199, 1203, 1210, 1217, 1260, 1267, 1288, 1295, 1301, 1314, 1318, 1345, 1375, 1377, 1385, 1408, 1413, 1419, 1451, 1464, 1488, 1490, 1497, 1520, 1530, 1541, 1549, 1551, 1557, 1619, 1629, 1643, 1678, 1686, 1688]",[],"[22, 55, 148, 189, 205, 221, 237, 247, 271, 290, 303, 316, 334, 346, 351, 353, 372, 375, 419, 453, 474, 541, 553, 560, 567, 588, 592, 604, 609, 693, 760, 766, 828, 830, 860, 868, 891, 895, 905, 935, 939, 954, 968, 1044, 1049, 1057, 1063, 1067, 1073, 1079, 1130, 1152, 1169, 1187, 1193, 1199, 1203, 1210, 1217, 1260, 1267, 1288, 1295, 1301, 1314, 1318, 1345, 1375, 1377, 1385, 1408, 1413, 1419, 1451, 1464, 1488, 1490, 1497, 1520, 1530, 1541, 1549, 1551, 1557, 1619, 1629, 1643, 1678, 1686, 1688]","[236, 587]",1692,90,1602,0,90,1600,2
-4.0,CJAEGLOBIN,"[22, 56, 149, 190, 206, 222, 238, 244, 248, 272, 291, 295, 304, 317, 335, 354, 373, 376, 420, 454, 475, 542, 554, 568, 589, 593, 605, 695, 727, 762, 768, 830, 832, 849, 862, 870, 898, 912, 942, 946, 949, 961, 975, 1051, 1056, 1064, 1070, 1074, 1080, 1086, 1137, 1159, 1176, 1194, 1200, 1210, 1217, 1223, 1273, 1294, 1300, 1307, 1310, 1320, 1324, 1355, 1371, 1386, 1388, 1396, 1419, 1424, 1430, 1462, 1475, 1499, 1501, 1508, 1531, 1541, 1552, 1560, 1562, 1568, 1630, 1654, 1689, 1697, 1699]",[],"[22, 56, 149, 190, 206, 222, 238, 244, 248, 272, 291, 295, 304, 317, 335, 354, 373, 376, 420, 454, 475, 542, 554, 568, 589, 593, 605, 695, 727, 762, 768, 830, 832, 849, 862, 870, 898, 912, 942, 946, 949, 961, 975, 1051, 1056, 1064, 1070, 1074, 1080, 1086, 1137, 1159, 1176, 1194, 1200, 1210, 1217, 1223, 1273, 1294, 1300, 1307, 1310, 1320, 1324, 1355, 1371, 1386, 1388, 1396, 1419, 1424, 1430, 1462, 1475, 1499, 1501, 1508, 1531, 1541, 1552, 1560, 1562, 1568, 1630, 1654, 1689, 1697, 1699]","[237, 588]",1703,89,1614,0,89,1612,2
-4.0,CJINTERFG,"[80, 85, 118, 133, 159, 192, 200, 207, 234, 236, 246, 256, 282, 308, 332, 423, 436, 468, 471, 487, 498, 513, 529, 531, 533, 586, 621, 623, 633, 667, 672, 685, 770, 776, 786, 852, 863, 936, 956, 1046, 1053, 1117, 1133, 1144, 1295, 1323, 1331, 1333, 1362, 1488, 1501, 1511, 1527, 1547, 1572, 1576, 1583, 1589, 1602, 1606, 1620, 1634, 1647, 1652, 1667, 1699, 1725, 1741, 1771, 1778, 1786, 1796, 1813, 1861, 1865, 1880, 1912, 1933, 1956, 1976, 2060, 2062, 2069, 2090, 2115, 2117, 2120, 2151, 2169, 2201, 2238, 2244, 2277, 2304, 2311, 2322, 2344, 2372, 2383, 2385, 2390, 2396, 2420, 2429, 2442, 2446, 2454, 2471, 2518, 2551, 2574, 2576, 2586, 2611, 2636, 2641, 2695, 2781, 2807, 2810, 2817, 2829, 2849, 2882, 2886, 2902, 2912, 2915, 2943, 2958, 2960, 2968, 2975, 2996, 3004, 3024, 3127, 3144, 3156, 3159, 3174, 3177, 3184, 3192, 3223, 3247, 3269, 3276, 3281, 3294, 3304, 3309, 3347, 3364, 3388, 3401, 3421, 3439, 3467, 3486, 3495, 3519, 3585, 3591, 3603, 3608, 3730, 3736, 3765, 3775, 3780, 3791, 3797, 3803, 3864, 3880, 3893, 3912, 3980, 3993, 4012, 4039, 4073, 4086, 4094, 4126, 4137, 4188, 4222, 4229, 4265, 4267, 4287, 4374, 4403, 4408, 4466, 4491, 4499, 4520, 4534, 4555, 4612, 4614, 4637, 4639, 4654, 4656, 4658, 4663, 4682, 4703, 4720, 4731, 4735, 4751, 4778, 4799, 4850, 4868, 4885, 4888, 4892, 4923, 4935, 4953, 4977, 4982, 4995, 5079, 5106, 5129, 5155, 5161, 5165, 5169, 5188, 5215, 5242, 5293, 5405, 5411, 5446, 5460, 5464, 5479, 5503, 5525, 5575, 5597, 5609, 5611, 5631, 5642, 5650, 5658, 5680, 5689, 5711, 5732, 5754, 5762, 5766, 5770, 5823, 5879, 5911, 5937, 5940, 5945, 5954, 5956, 5977, 6000, 6031, 6037, 6051, 6081, 6092, 6095, 6122, 6128, 6150, 6152, 6213, 6218, 6240, 6242, 6252, 6269, 6272, 6290, 6315, 6349, 6369, 6398, 6419, 6422, 6451, 6458, 6463, 6470, 6489, 6501, 6532, 6542, 6547, 6620, 6658, 6674, 6679, 6709, 6715, 6742, 6755, 6761, 6769, 6775, 6809, 6902, 6917, 6950, 6964, 6999, 7009, 7017, 7027, 7039, 7042, 7141, 7164, 7191, 7193, 7211, 7218, 7224, 7241, 7268, 7325, 7329, 7332, 7334, 7336, 7372, 7390, 7396, 7400, 7444, 7462, 7464, 7469, 7528, 7538, 7544, 7558, 7569, 7604, 7606, 7611, 7630, 7632, 7648, 7660, 7687, 7699, 7708, 7725, 7735, 7747, 7750, 7752, 7792, 7808, 7838, 7850, 7872, 7889, 7904, 7946, 7962, 7976, 7994, 7996, 8001, 8004, 8008, 8046, 8061, 8064, 8066, 8085, 8090, 8102, 8110, 8114, 8131, 8133, 8150, 8153, 8182, 8192, 8203, 8210, 8215, 8325, 8329, 8353, 8360, 8362, 8375, 8414, 8416, 8419, 8424, 8439, 8449, 8459, 8487, 8497, 8504, 8513, 8516]",[],"[80, 85, 118, 133, 159, 192, 200, 207, 234, 236, 246, 256, 282, 308, 332, 423, 436, 468, 471, 487, 498, 513, 529, 531, 533, 586, 621, 623, 633, 667, 672, 685, 770, 776, 786, 852, 863, 936, 956, 1046, 1053, 1117, 1133, 1144, 1295, 1323, 1331, 1333, 1362, 1488, 1501, 1511, 1527, 1547, 1572, 1576, 1583, 1589, 1602, 1606, 1620, 1634, 1647, 1652, 1667, 1699, 1725, 1741, 1771, 1778, 1786, 1796, 1813, 1861, 1865, 1880, 1912, 1933, 1956, 1976, 2060, 2062, 2069, 2090, 2115, 2117, 2120, 2151, 2169, 2201, 2238, 2244, 2277, 2304, 2311, 2322, 2344, 2372, 2383, 2385, 2390, 2396, 2420, 2429, 2442, 2446, 2454, 2471, 2518, 2551, 2574, 2576, 2586, 2611, 2636, 2641, 2695, 2781, 2807, 2810, 2817, 2829, 2849, 2882, 2886, 2902, 2912, 2915, 2943, 2958, 2960, 2968, 2975, 2996, 3004, 3024, 3127, 3144, 3156, 3159, 3174, 3177, 3184, 3192, 3223, 3247, 3269, 3276, 3281, 3294, 3304, 3309, 3347, 3364, 3388, 3401, 3421, 3439, 3467, 3486, 3495, 3519, 3585, 3591, 3603, 3608, 3730, 3736, 3765, 3775, 3780, 3791, 3797, 3803, 3864, 3880, 3893, 3912, 3980, 3993, 4012, 4039, 4073, 4086, 4094, 4126, 4137, 4188, 4222, 4229, 4265, 4267, 4287, 4374, 4403, 4408, 4466, 4491, 4499, 4520, 4534, 4555, 4612, 4614, 4637, 4639, 4654, 4656, 4658, 4663, 4682, 4703, 4720, 4731, 4735, 4751, 4778, 4799, 4850, 4868, 4885, 4888, 4892, 4923, 4935, 4953, 4977, 4982, 4995, 5079, 5106, 5129, 5155, 5161, 5165, 5169, 5188, 5215, 5242, 5293, 5405, 5411, 5446, 5460, 5464, 5479, 5503, 5525, 5575, 5597, 5609, 5611, 5631, 5642, 5650, 5658, 5680, 5689, 5711, 5732, 5754, 5762, 5766, 5770, 5823, 5879, 5911, 5937, 5940, 5945, 5954, 5956, 5977, 6000, 6031, 6037, 6051, 6081, 6092, 6095, 6122, 6128, 6150, 6152, 6213, 6218, 6240, 6242, 6252, 6269, 6272, 6290, 6315, 6349, 6369, 6398, 6419, 6422, 6451, 6458, 6463, 6470, 6489, 6501, 6532, 6542, 6547, 6620, 6658, 6674, 6679, 6709, 6715, 6742, 6755, 6761, 6769, 6775, 6809, 6902, 6917, 6950, 6964, 6999, 7009, 7017, 7027, 7039, 7042, 7141, 7164, 7191, 7193, 7211, 7218, 7224, 7241, 7268, 7325, 7329, 7332, 7334, 7336, 7372, 7390, 7396, 7400, 7444, 7462, 7464, 7469, 7528, 7538, 7544, 7558, 7569, 7604, 7606, 7611, 7630, 7632, 7648, 7660, 7687, 7699, 7708, 7725, 7735, 7747, 7750, 7752, 7792, 7808, 7838, 7850, 7872, 7889, 7904, 7946, 7962, 7976, 7994, 7996, 8001, 8004, 8008, 8046, 8061, 8064, 8066, 8085, 8090, 8102, 8110, 8114, 8131, 8133, 8150, 8153, 8182, 8192, 8203, 8210, 8215, 8325, 8329, 8353, 8360, 8362, 8375, 8414, 8416, 8419, 8424, 8439, 8449, 8459, 8487, 8497, 8504, 8513, 8516]","[2881, 4187, 4465]",8520,422,8098,0,422,8095,3
-4.0,CL54K,"[23, 25, 33, 61, 69, 95, 113, 120, 133, 142, 158, 184, 190, 204, 218, 220, 263, 280, 303, 314, 323, 336, 353, 358, 398, 409, 413, 430, 494, 513, 517, 533, 536, 544, 583, 599, 602, 604, 610, 612, 616, 638, 650, 654, 658, 678, 707, 712, 727, 752, 772, 778, 785, 799, 817, 907, 919, 932, 934, 949, 960, 964, 966, 979, 994, 998, 1039, 1057, 1085, 1103, 1127, 1178, 1187, 1191, 1198, 1206, 1224, 1239, 1249, 1264, 1266, 1289, 1295, 1299, 1371, 1403, 1432, 1451, 1457, 1511, 1539, 1550, 1560, 1570, 1609, 1652, 1654, 1669, 1671, 1681, 1688, 1741, 1809, 1832, 1846, 1912, 1927, 1942, 1957, 1959, 1981, 1992, 1994, 2067, 2110, 2122, 2153, 2186, 2197, 2224, 2227, 2235, 2264, 2281, 2322, 2339, 2342, 2354, 2369, 2379, 2404, 2410, 2427, 2460, 2490, 2499, 2523, 2531, 2538, 2542, 2548, 2556, 2564, 2582, 2586, 2600, 2624, 2640, 2642, 2662, 2697, 2716, 2720, 2727, 2754, 2761, 2763, 2779, 2798, 2802, 2809, 2813, 2823, 2854, 2872, 2875, 2883, 2916, 2955, 2959, 2966, 3035, 3049, 3051, 3066, 3074, 3125, 3144, 3146, 3160, 3219, 3223, 3325, 3345, 3351, 3361, 3370, 3377, 3407, 3414, 3424]",[],"[23, 25, 33, 61, 69, 95, 113, 120, 133, 142, 158, 184, 190, 204, 218, 220, 263, 280, 303, 314, 323, 336, 353, 358, 398, 409, 413, 430, 494, 513, 517, 533, 536, 544, 583, 599, 602, 604, 610, 612, 616, 638, 650, 654, 658, 678, 707, 712, 727, 752, 772, 778, 785, 799, 817, 907, 919, 932, 934, 949, 960, 964, 966, 979, 994, 998, 1039, 1057, 1085, 1103, 1127, 1178, 1187, 1191, 1198, 1206, 1224, 1239, 1249, 1264, 1266, 1289, 1295, 1299, 1371, 1403, 1432, 1451, 1457, 1511, 1539, 1550, 1560, 1570, 1609, 1652, 1654, 1669, 1671, 1681, 1688, 1741, 1809, 1832, 1846, 1912, 1927, 1942, 1957, 1959, 1981, 1992, 1994, 2067, 2110, 2122, 2153, 2186, 2197, 2224, 2227, 2235, 2264, 2281, 2322, 2339, 2342, 2354, 2369, 2379, 2404, 2410, 2427, 2460, 2490, 2499, 2523, 2531, 2538, 2542, 2548, 2556, 2564, 2582, 2586, 2600, 2624, 2640, 2642, 2662, 2697, 2716, 2720, 2727, 2754, 2761, 2763, 2779, 2798, 2802, 2809, 2813, 2823, 2854, 2872, 2875, 2883, 2916, 2955, 2959, 2966, 3035, 3049, 3051, 3066, 3074, 3125, 3144, 3146, 3160, 3219, 3223, 3325, 3345, 3351, 3361, 3370, 3377, 3407, 3414, 3424]",[512],3409,191,3218,0,191,3217,1
-4.0,CMBGA2B2,"[42, 45, 63, 106, 151, 191, 196, 218, 256, 295, 346, 352, 362, 384, 388, 440, 464, 466, 468, 470, 506, 526, 550, 584, 588, 605, 629, 670, 698, 719, 763, 770, 780, 782, 795, 802, 811, 824, 836, 857, 860, 957, 990, 998, 1007, 1028, 1033, 1042, 1045, 1061, 1093, 1105, 1127, 1144, 1172, 1195, 1200, 1224, 1231, 1236, 1254, 1287, 1304, 1312, 1323, 1423, 1438, 1456, 1488, 1491, 1511, 1537, 1546, 1548, 1550, 1552, 1561, 1591, 1598, 1602, 1620, 1640, 1654, 1669, 1673, 1679, 1681, 1700, 1714, 1725, 1733, 1750, 1767, 1830, 1836, 1839, 1862, 1912, 1923, 1950, 1975, 1988, 1992, 1994, 1996, 2052, 2062, 2084, 2087, 2096, 2099, 2102, 2104, 2109, 2143, 2150, 2177, 2190, 2207, 2211, 2221, 2235, 2269, 2381, 2391, 2422, 2433, 2474, 2476, 2480, 2493, 2509, 2512, 2519, 2522, 2542, 2546, 2567, 2571, 2581, 2587, 2589, 2597, 2619, 2628, 2649, 2653]",[],"[42, 45, 63, 106, 151, 191, 196, 218, 256, 295, 346, 352, 362, 384, 388, 440, 464, 466, 468, 470, 506, 526, 550, 584, 588, 605, 629, 670, 698, 719, 763, 770, 780, 782, 795, 802, 811, 824, 836, 857, 860, 957, 990, 998, 1007, 1028, 1033, 1042, 1045, 1061, 1093, 1105, 1127, 1144, 1172, 1195, 1200, 1224, 1231, 1236, 1254, 1287, 1304, 1312, 1323, 1423, 1438, 1456, 1488, 1491, 1511, 1537, 1546, 1548, 1550, 1552, 1561, 1591, 1598, 1602, 1620, 1640, 1654, 1669, 1673, 1679, 1681, 1700, 1714, 1725, 1733, 1750, 1767, 1830, 1836, 1839, 1862, 1912, 1923, 1950, 1975, 1988, 1992, 1994, 1996, 2052, 2062, 2084, 2087, 2096, 2099, 2102, 2104, 2109, 2143, 2150, 2177, 2190, 2207, 2211, 2221, 2235, 2269, 2381, 2391, 2422, 2433, 2474, 2476, 2480, 2493, 2509, 2512, 2519, 2522, 2542, 2546, 2567, 2571, 2581, 2587, 2589, 2597, 2619, 2628, 2649, 2653]","[383, 718]",2685,147,2538,0,147,2536,2
-4.0,CMEGA2E2,"[63, 109, 122, 150, 186, 271, 273, 287, 289, 312, 328, 336, 379, 385, 395, 417, 421, 440, 467, 487, 493, 495, 497, 499, 501, 503, 511, 513, 518, 541, 561, 585, 619, 664, 702, 705, 719, 733, 754, 761, 763, 791, 799, 806, 838, 843, 854, 866, 874, 897, 899, 919, 923, 955, 957, 961, 996, 1051, 1062, 1065, 1076, 1096, 1098, 1115, 1174, 1197, 1229, 1259, 1295, 1302, 1345, 1419, 1500, 1507, 1521, 1567, 1585, 1589, 1598, 1640, 1685, 1729, 1748, 1754, 1757, 1780, 1839, 1882, 1887, 1890, 1894, 1932, 1934, 1964, 1982, 1992, 1994, 1996, 2006]",[],"[63, 109, 122, 150, 186, 271, 273, 287, 289, 312, 328, 336, 379, 385, 395, 417, 421, 440, 467, 487, 493, 495, 497, 499, 501, 503, 511, 513, 518, 541, 561, 585, 619, 664, 702, 705, 719, 733, 754, 761, 763, 791, 799, 806, 838, 843, 854, 866, 874, 897, 899, 919, 923, 955, 957, 961, 996, 1051, 1062, 1065, 1076, 1096, 1098, 1115, 1174, 1197, 1229, 1259, 1295, 1302, 1345, 1419, 1500, 1507, 1521, 1567, 1585, 1589, 1598, 1640, 1685, 1729, 1748, 1754, 1757, 1780, 1839, 1882, 1887, 1890, 1894, 1932, 1934, 1964, 1982, 1992, 1994, 1996, 2006]","[416, 753]",2047,99,1948,0,99,1946,2
-4.0,CMU11711,"[11, 16, 62, 71, 73, 79, 101, 107, 143, 154, 205, 215, 235, 333, 338, 413, 425, 439, 447, 540, 550, 574, 590, 605, 666, 728, 754, 770, 782, 791, 798, 827, 849, 869, 889, 891, 907, 911, 919, 928, 953, 974, 1006, 1011, 1019, 1030, 1059, 1064, 1102, 1104, 1144, 1150, 1180, 1251, 1260, 1269, 1281, 1297, 1329, 1358, 1388, 1390, 1497, 1504, 1537, 1562, 1597, 1620, 1638, 1648, 1654, 1686, 1695, 1704, 1753, 1795, 1816, 1819, 1863, 1897, 1918, 1942, 1967, 1985, 1997, 2011, 2032, 2053, 2143, 2145, 2165, 2200, 2206, 2258, 2265, 2340, 2349, 2354, 2385, 2389, 2404, 2421, 2478, 2490, 2494, 2499, 2517, 2525, 2529, 2580, 2602, 2628, 2670, 2681, 2688, 2717, 2742, 2759, 2766, 2772, 2775, 2784, 2786, 2863, 2891, 2897, 2942, 2966, 2968, 2973, 2975, 2998, 3020, 3028, 3030, 3036, 3038, 3040, 3078, 3099, 3109, 3168]",[],"[11, 16, 62, 71, 73, 79, 101, 107, 143, 154, 205, 215, 235, 333, 338, 413, 425, 439, 447, 540, 550, 574, 590, 605, 666, 728, 754, 770, 782, 791, 798, 827, 849, 869, 889, 891, 907, 911, 919, 928, 953, 974, 1006, 1011, 1019, 1030, 1059, 1064, 1102, 1104, 1144, 1150, 1180, 1251, 1260, 1269, 1281, 1297, 1329, 1358, 1388, 1390, 1497, 1504, 1537, 1562, 1597, 1620, 1638, 1648, 1654, 1686, 1695, 1704, 1753, 1795, 1816, 1819, 1863, 1897, 1918, 1942, 1967, 1985, 1997, 2011, 2032, 2053, 2143, 2145, 2165, 2200, 2206, 2258, 2265, 2340, 2349, 2354, 2385, 2389, 2404, 2421, 2478, 2490, 2494, 2499, 2517, 2525, 2529, 2580, 2602, 2628, 2670, 2681, 2688, 2717, 2742, 2759, 2766, 2772, 2775, 2784, 2786, 2863, 2891, 2897, 2942, 2966, 2968, 2973, 2975, 2998, 3020, 3028, 3030, 3036, 3038, 3040, 3078, 3099, 3109, 3168]","[1685, 2031]",3165,142,3023,0,142,3021,2
-4.0,CPPROT1GN,"[13, 16, 25, 37, 48, 57, 103, 145, 165, 190, 200, 212, 232, 241, 256, 268, 298, 341]",[],"[13, 16, 25, 37, 48, 57, 103, 145, 165, 190, 200, 212, 232, 241, 256, 268, 298, 341]",[164],391,18,373,0,18,372,1
-4.0,CRASEQB,"[10, 25, 80, 152, 155, 159, 249, 265, 308, 325, 379, 387, 409, 431, 450, 457, 466, 469, 481, 506, 513, 560, 577, 621, 623, 656, 670, 692, 694, 719, 731, 736, 770, 775, 784, 796, 859, 871, 882, 886, 896, 903, 934, 975, 993, 1039, 1045, 1055, 1069, 1195, 1261, 1263, 1269, 1308, 1447, 1451, 1472, 1510, 1515, 1536, 1575, 1585, 1593, 1606, 1702, 1713, 1719, 1763, 1768, 1805, 1809, 1815, 1830, 1836, 1840, 1857, 1921, 1956, 1994, 2008, 2010, 2019, 2036, 2038, 2040, 2043, 2047, 2068, 2076, 2098, 2124, 2134, 2151, 2154, 2159, 2162, 2192, 2229, 2234, 2246, 2248, 2284, 2329, 2334, 2341, 2344, 2355, 2367, 2385, 2407, 2424, 2439, 2441, 2481, 2484, 2505, 2513, 2529, 2549, 2615, 2625, 2685, 2687, 2692, 2735, 2765, 2788, 2826, 2854, 2859, 2861, 2881, 2885, 2920, 2925, 2950, 3001, 3019, 3090, 3092, 3117, 3175, 3177, 3238, 3242, 3260, 3287, 3298, 3302, 3329, 3343, 3359, 3382, 3385, 3435, 3450, 3453, 3465, 3483, 3518, 3521, 3542, 3594, 3618, 3636, 3642, 3648, 3786, 3813, 3834, 3872, 3947, 3953, 4062, 4114, 4148, 4186, 4217, 4256, 4259, 4274, 4299, 4304, 4313, 4325, 4331, 4352, 4376, 4379, 4391, 4406, 4532, 4608, 4620, 4630, 4644, 4647, 4711, 4722, 4752, 4763, 4794, 4802, 4826, 4867, 4872, 4875, 4877, 4889, 4932, 4960, 4976, 4990, 5038, 5041, 5045, 5050, 5063, 5105]",[],"[10, 25, 80, 152, 155, 159, 249, 265, 308, 325, 379, 387, 409, 431, 450, 457, 466, 469, 481, 506, 513, 560, 577, 621, 623, 656, 670, 692, 694, 719, 731, 736, 770, 775, 784, 796, 859, 871, 882, 886, 896, 903, 934, 975, 993, 1039, 1045, 1055, 1069, 1195, 1261, 1263, 1269, 1308, 1447, 1451, 1472, 1510, 1515, 1536, 1575, 1585, 1593, 1606, 1702, 1713, 1719, 1763, 1768, 1805, 1809, 1815, 1830, 1836, 1840, 1857, 1921, 1956, 1994, 2008, 2010, 2019, 2036, 2038, 2040, 2043, 2047, 2068, 2076, 2098, 2124, 2134, 2151, 2154, 2159, 2162, 2192, 2229, 2234, 2246, 2248, 2284, 2329, 2334, 2341, 2344, 2355, 2367, 2385, 2407, 2424, 2439, 2441, 2481, 2484, 2505, 2513, 2529, 2549, 2615, 2625, 2685, 2687, 2692, 2735, 2765, 2788, 2826, 2854, 2859, 2861, 2881, 2885, 2920, 2925, 2950, 3001, 3019, 3090, 3092, 3117, 3175, 3177, 3238, 3242, 3260, 3287, 3298, 3302, 3329, 3343, 3359, 3382, 3385, 3435, 3450, 3453, 3465, 3483, 3518, 3521, 3542, 3594, 3618, 3636, 3642, 3648, 3786, 3813, 3834, 3872, 3947, 3953, 4062, 4114, 4148, 4186, 4217, 4256, 4259, 4274, 4299, 4304, 4313, 4325, 4331, 4352, 4376, 4379, 4391, 4406, 4532, 4608, 4620, 4630, 4644, 4647, 4711, 4722, 4752, 4763, 4794, 4802, 4826, 4867, 4872, 4875, 4877, 4889, 4932, 4960, 4976, 4990, 5038, 5041, 5045, 5050, 5063, 5105]","[1920, 2825]",5121,219,4902,0,219,4900,2
-4.0,CRUCH7AHYD,"[38, 42, 68, 90, 135, 162, 165, 167, 205, 214, 222, 272, 289, 307, 317, 345, 399, 419, 441, 465, 514, 546, 659, 683, 712, 732, 749, 769, 771, 779, 782, 789, 804, 816, 845, 857, 869, 871, 877, 884, 890, 902, 917, 939, 972, 1014, 1037, 1066, 1089, 1094, 1097, 1129, 1159, 1162, 1206, 1250, 1256, 1274, 1287, 1302, 1304, 1340, 1350, 1358, 1366, 1371, 1406, 1425, 1510, 1514, 1517, 1527, 1536, 1542, 1556, 1563, 1565, 1574, 1579, 1634, 1688, 1691, 1693, 1698, 1701, 1709, 1732, 1736, 1755, 1757, 1774, 1791, 1799, 1852, 1857, 1888, 1902, 1928, 1940, 1944, 1946, 1956, 1961, 1981, 1996, 2001, 2033, 2054, 2061, 2111, 2118, 2120, 2127, 2159, 2182, 2189, 2198, 2235, 2264, 2312, 2350, 2388, 2445, 2466, 2473, 2475, 2496, 2543, 2548, 2563, 2568, 2588, 2590, 2597, 2659, 2691, 2708, 2717, 2727, 2735, 2795, 2806, 2815, 2828, 2836, 2839, 2873, 2891, 2894, 2897, 2900, 2920, 2937, 2942, 2946, 2951, 2958, 2963, 2965, 2972, 2979, 3005, 3010, 3017, 3031, 3062, 3074, 3082, 3095, 3131, 3144, 3152, 3156, 3165, 3179, 3187, 3191, 3199, 3207, 3211, 3220, 3244, 3263, 3269, 3277, 3282, 3297, 3310, 3313, 3318, 3321, 3334, 3344, 3361, 3378, 3402, 3419, 3441, 3461, 3492, 3521, 3526, 3556, 3579, 3592, 3594, 3599, 3652, 3678, 3690, 3702, 3711, 3714, 3722, 3733, 3762, 3770, 3787, 3793, 3799, 3807, 3842, 3846, 3955, 3959, 3967, 3974, 3997, 4066, 4072, 4079, 4089, 4100, 4122, 4202, 4206, 4213, 4230, 4241, 4265, 4311, 4484, 4518, 4529, 4543, 4562, 4567, 4591, 4628, 4673, 4684, 4688, 4711, 4775, 4787, 4803, 4813, 4939, 4955, 4957, 4971, 5031, 5035, 5044, 5054, 5060, 5062, 5086, 5096, 5107, 5125, 5162, 5172, 5185, 5205, 5207, 5217, 5219, 5224, 5242, 5275, 5281, 5284, 5288, 5310, 5324, 5355, 5403, 5418, 5422, 5441, 5507, 5524, 5557, 5560, 5575, 5614, 5620, 5624, 5634, 5670, 5694, 5778, 5790, 5796, 5819, 5885, 5932, 5948, 5980, 5999, 6005, 6070, 6077, 6079, 6081, 6108, 6115, 6141, 6177, 6191, 6236, 6244, 6277, 6287, 6331, 6353, 6374, 6408, 6414, 6431, 6434, 6441, 6449, 6468, 6470, 6475, 6480, 6515, 6520, 6560, 6599, 6614, 6624, 6639, 6740, 6742, 6769, 6781, 6820, 6824, 6841, 6873, 6894, 6899, 6901, 6906, 6933, 6942, 6951, 6964, 6978, 6994, 7007, 7010, 7028, 7031, 7033, 7046, 7091, 7116, 7118, 7129, 7136, 7145, 7153, 7179, 7182, 7193, 7228, 7257, 7282, 7285, 7292, 7315, 7333, 7349, 7354, 7373, 7400, 7416, 7435, 7458, 7483, 7500, 7675, 7724, 7827, 7867, 7871, 7889, 7894, 7902, 7908, 7921, 7927, 7956, 7973, 8001, 8017, 8029, 8063, 8079, 8086, 8124, 8155, 8181, 8184, 8187, 8211, 8228, 8236, 8248, 8265, 8294, 8304, 8309, 8316, 8318, 8330, 8349, 8377, 8423, 8431, 8515, 8573, 8630, 8637, 8642, 8647, 8649, 8665, 8710, 8734, 8741, 8744, 8770, 8788, 8845, 8864, 8885, 8900, 8908, 8910, 8925, 8931, 8954, 8961, 9070, 9076, 9084, 9100, 9105, 9114, 9116, 9203, 9218, 9226, 9228, 9260, 9274, 9314, 9328, 9331, 9335, 9368, 9373, 9376, 9402, 9404, 9439, 9470, 9479, 9530, 9566, 9575, 9596, 9627, 9631, 9660, 9695, 9717, 9728, 9751, 9802, 9834, 9839, 9848, 9850, 9854, 9860, 9867, 9880, 9887, 9902, 9907, 9927, 9929, 9942, 9951, 9962, 9985, 9987, 10021, 10061, 10079, 10126, 10150, 10170, 10193, 10220, 10238, 10244, 10249, 10278, 10280, 10291, 10297, 10317, 10325, 10328, 10376, 10389, 10401, 10436, 10459, 10498, 10554, 10565, 10572, 10585, 10600]",[],"[38, 42, 68, 90, 135, 162, 165, 167, 205, 214, 222, 272, 289, 307, 317, 345, 399, 419, 441, 465, 514, 546, 659, 683, 712, 732, 749, 769, 771, 779, 782, 789, 804, 816, 845, 857, 869, 871, 877, 884, 890, 902, 917, 939, 972, 1014, 1037, 1066, 1089, 1094, 1097, 1129, 1159, 1162, 1206, 1250, 1256, 1274, 1287, 1302, 1304, 1340, 1350, 1358, 1366, 1371, 1406, 1425, 1510, 1514, 1517, 1527, 1536, 1542, 1556, 1563, 1565, 1574, 1579, 1634, 1688, 1691, 1693, 1698, 1701, 1709, 1732, 1736, 1755, 1757, 1774, 1791, 1799, 1852, 1857, 1888, 1902, 1928, 1940, 1944, 1946, 1956, 1961, 1981, 1996, 2001, 2033, 2054, 2061, 2111, 2118, 2120, 2127, 2159, 2182, 2189, 2198, 2235, 2264, 2312, 2350, 2388, 2445, 2466, 2473, 2475, 2496, 2543, 2548, 2563, 2568, 2588, 2590, 2597, 2659, 2691, 2708, 2717, 2727, 2735, 2795, 2806, 2815, 2828, 2836, 2839, 2873, 2891, 2894, 2897, 2900, 2920, 2937, 2942, 2946, 2951, 2958, 2963, 2965, 2972, 2979, 3005, 3010, 3017, 3031, 3062, 3074, 3082, 3095, 3131, 3144, 3152, 3156, 3165, 3179, 3187, 3191, 3199, 3207, 3211, 3220, 3244, 3263, 3269, 3277, 3282, 3297, 3310, 3313, 3318, 3321, 3334, 3344, 3361, 3378, 3402, 3419, 3441, 3461, 3492, 3521, 3526, 3556, 3579, 3592, 3594, 3599, 3652, 3678, 3690, 3702, 3711, 3714, 3722, 3733, 3762, 3770, 3787, 3793, 3799, 3807, 3842, 3846, 3955, 3959, 3967, 3974, 3997, 4066, 4072, 4079, 4089, 4100, 4122, 4202, 4206, 4213, 4230, 4241, 4265, 4311, 4484, 4518, 4529, 4543, 4562, 4567, 4591, 4628, 4673, 4684, 4688, 4711, 4775, 4787, 4803, 4813, 4939, 4955, 4957, 4971, 5031, 5035, 5044, 5054, 5060, 5062, 5086, 5096, 5107, 5125, 5162, 5172, 5185, 5205, 5207, 5217, 5219, 5224, 5242, 5275, 5281, 5284, 5288, 5310, 5324, 5355, 5403, 5418, 5422, 5441, 5507, 5524, 5557, 5560, 5575, 5614, 5620, 5624, 5634, 5670, 5694, 5778, 5790, 5796, 5819, 5885, 5932, 5948, 5980, 5999, 6005, 6070, 6077, 6079, 6081, 6108, 6115, 6141, 6177, 6191, 6236, 6244, 6277, 6287, 6331, 6353, 6374, 6408, 6414, 6431, 6434, 6441, 6449, 6468, 6470, 6475, 6480, 6515, 6520, 6560, 6599, 6614, 6624, 6639, 6740, 6742, 6769, 6781, 6820, 6824, 6841, 6873, 6894, 6899, 6901, 6906, 6933, 6942, 6951, 6964, 6978, 6994, 7007, 7010, 7028, 7031, 7033, 7046, 7091, 7116, 7118, 7129, 7136, 7145, 7153, 7179, 7182, 7193, 7228, 7257, 7282, 7285, 7292, 7315, 7333, 7349, 7354, 7373, 7400, 7416, 7435, 7458, 7483, 7500, 7675, 7724, 7827, 7867, 7871, 7889, 7894, 7902, 7908, 7921, 7927, 7956, 7973, 8001, 8017, 8029, 8063, 8079, 8086, 8124, 8155, 8181, 8184, 8187, 8211, 8228, 8236, 8248, 8265, 8294, 8304, 8309, 8316, 8318, 8330, 8349, 8377, 8423, 8431, 8515, 8573, 8630, 8637, 8642, 8647, 8649, 8665, 8710, 8734, 8741, 8744, 8770, 8788, 8845, 8864, 8885, 8900, 8908, 8910, 8925, 8931, 8954, 8961, 9070, 9076, 9084, 9100, 9105, 9114, 9116, 9203, 9218, 9226, 9228, 9260, 9274, 9314, 9328, 9331, 9335, 9368, 9373, 9376, 9402, 9404, 9439, 9470, 9479, 9530, 9566, 9575, 9596, 9627, 9631, 9660, 9695, 9717, 9728, 9751, 9802, 9834, 9839, 9848, 9850, 9854, 9860, 9867, 9880, 9887, 9902, 9907, 9927, 9929, 9942, 9951, 9962, 9985, 9987, 10021, 10061, 10079, 10126, 10150, 10170, 10193, 10220, 10238, 10244, 10249, 10278, 10280, 10291, 10297, 10317, 10325, 10328, 10376, 10389, 10401, 10436, 10459, 10498, 10554, 10565, 10572, 10585, 10600]","[1731, 3651, 4938, 6076, 7866]",10607,542,10065,0,542,10060,5
-4.0,CRUGAD45A,"[13, 46, 63, 159, 190, 203, 209, 216, 234, 255, 281, 311, 425, 467, 487, 519, 528, 549, 590, 597, 603, 619, 628, 630, 646, 655, 674, 692, 718, 726, 751, 761, 776, 783, 786, 788, 805, 851, 860, 864, 876, 903, 930, 952, 988, 998, 1014, 1034, 1039, 1058, 1060, 1067, 1149, 1203, 1210, 1266, 1290, 1369, 1376, 1470, 1510, 1546, 1551, 1557, 1563, 1565, 1571, 1597, 1679, 1696, 1701, 1745, 1812, 1878, 1882, 1884, 1899, 1920, 1972, 1993, 2012, 2029, 2035, 2037, 2052, 2062, 2064, 2068, 2071, 2148, 2150, 2172, 2193, 2196, 2201, 2238, 2273, 2307, 2377, 2406, 2412, 2418, 2449, 2468, 2492, 2501, 2510, 2512, 2522, 2526, 2554, 2558, 2605, 2674, 2721, 2760, 2762, 2764, 2771, 2796, 2802, 2866, 2876, 2892, 2897, 2903, 2910, 2918, 2945, 2947, 2955, 2982, 2989, 3017, 3053, 3055, 3065, 3100, 3115, 3149, 3173, 3181, 3183, 3194, 3196, 3235, 3253, 3256, 3265, 3294, 3311, 3336, 3356, 3374, 3383, 3399, 3403, 3409, 3429, 3473, 3489, 3492, 3504, 3543, 3556, 3560, 3606, 3627, 3629, 3647, 3676, 3693, 3712, 3741, 3756, 3758, 3767, 3771, 3782, 3788, 3796, 3804, 3808, 3812, 3836, 3847, 3863, 3880, 3886, 3901, 3938, 3958, 3973, 4004, 4031, 4033, 4036, 4040, 4042, 4045, 4109, 4143, 4165, 4184, 4217, 4260, 4296, 4324, 4344, 4357, 4361, 4369, 4371, 4425, 4427]",[],"[13, 46, 63, 159, 190, 203, 209, 216, 234, 255, 281, 311, 425, 467, 487, 519, 528, 549, 590, 597, 603, 619, 628, 630, 646, 655, 674, 692, 718, 726, 751, 761, 776, 783, 786, 788, 805, 851, 860, 864, 876, 903, 930, 952, 988, 998, 1014, 1034, 1039, 1058, 1060, 1067, 1149, 1203, 1210, 1266, 1290, 1369, 1376, 1470, 1510, 1546, 1551, 1557, 1563, 1565, 1571, 1597, 1679, 1696, 1701, 1745, 1812, 1878, 1882, 1884, 1899, 1920, 1972, 1993, 2012, 2029, 2035, 2037, 2052, 2062, 2064, 2068, 2071, 2148, 2150, 2172, 2193, 2196, 2201, 2238, 2273, 2307, 2377, 2406, 2412, 2418, 2449, 2468, 2492, 2501, 2510, 2512, 2522, 2526, 2554, 2558, 2605, 2674, 2721, 2760, 2762, 2764, 2771, 2796, 2802, 2866, 2876, 2892, 2897, 2903, 2910, 2918, 2945, 2947, 2955, 2982, 2989, 3017, 3053, 3055, 3065, 3100, 3115, 3149, 3173, 3181, 3183, 3194, 3196, 3235, 3253, 3256, 3265, 3294, 3311, 3336, 3356, 3374, 3383, 3399, 3403, 3409, 3429, 3473, 3489, 3492, 3504, 3543, 3556, 3560, 3606, 3627, 3629, 3647, 3676, 3693, 3712, 3741, 3756, 3758, 3767, 3771, 3782, 3788, 3796, 3804, 3808, 3812, 3836, 3847, 3863, 3880, 3886, 3901, 3938, 3958, 3973, 4004, 4031, 4033, 4036, 4040, 4042, 4045, 4109, 4143, 4165, 4184, 4217, 4260, 4296, 4324, 4344, 4357, 4361, 4369, 4371, 4425, 4427]","[1877, 2063, 2417]",4428,215,4213,0,215,4210,3
-4.0,DMPROTP1,"[27, 34, 55, 58, 73, 157, 193, 196, 250, 259, 283, 300, 308, 327, 378, 401, 404, 407, 547, 595]",[],"[27, 34, 55, 58, 73, 157, 193, 196, 250, 259, 283, 300, 308, 327, 378, 401, 404, 407, 547, 595]",[249],617,20,597,0,20,596,1
-4.0,DMU11712,"[4, 12, 17, 65, 76, 121, 146, 183, 192, 219, 239, 336, 341, 418, 430, 444, 452, 508, 577, 593, 608, 611, 637, 705, 722, 730, 738, 756, 784, 793, 851, 869, 896, 916, 924, 933, 958, 992, 1011, 1016, 1026, 1034, 1039, 1045, 1079, 1123, 1125, 1157, 1163, 1169, 1199, 1281, 1345, 1348, 1373, 1404, 1406, 1410, 1506, 1521, 1582, 1617, 1658, 1668, 1674, 1706, 1715, 1765, 1807, 1809, 1828, 1831, 1875, 1909, 1930, 1938, 1954, 1997, 2009, 2023, 2044, 2048, 2059, 2065, 2151, 2161, 2163, 2183, 2218, 2224, 2275, 2289, 2358, 2372, 2403, 2407, 2421, 2438, 2495, 2506, 2510, 2512, 2546, 2553, 2598, 2620, 2656, 2686, 2697, 2704, 2758, 2775, 2782, 2788, 2791, 2801, 2864, 2871, 2876, 2904, 2910, 2955, 2979, 2981, 2986, 2988, 3011]",[],"[4, 12, 17, 65, 76, 121, 146, 183, 192, 219, 239, 336, 341, 418, 430, 444, 452, 508, 577, 593, 608, 611, 637, 705, 722, 730, 738, 756, 784, 793, 851, 869, 896, 916, 924, 933, 958, 992, 1011, 1016, 1026, 1034, 1039, 1045, 1079, 1123, 1125, 1157, 1163, 1169, 1199, 1281, 1345, 1348, 1373, 1404, 1406, 1410, 1506, 1521, 1582, 1617, 1658, 1668, 1674, 1706, 1715, 1765, 1807, 1809, 1828, 1831, 1875, 1909, 1930, 1938, 1954, 1997, 2009, 2023, 2044, 2048, 2059, 2065, 2151, 2161, 2163, 2183, 2218, 2224, 2275, 2289, 2358, 2372, 2403, 2407, 2421, 2438, 2495, 2506, 2510, 2512, 2546, 2553, 2598, 2620, 2656, 2686, 2697, 2704, 2758, 2775, 2782, 2788, 2791, 2801, 2864, 2871, 2876, 2904, 2910, 2955, 2979, 2981, 2986, 2988, 3011]","[1705, 2043]",3020,127,2893,0,127,2891,2
-4.0,DOGCOLIP,"[7, 15, 42, 62, 85, 114, 142, 167, 189, 203, 213, 225, 250, 254, 325, 366, 395, 409, 411, 417, 421, 469, 520, 531, 601, 630, 632, 656, 722, 738, 745, 768, 790, 794, 818, 885, 890, 900, 905, 920, 927, 970, 1012, 1022, 1040, 1052, 1064, 1067, 1076, 1109, 1132, 1149, 1262, 1279, 1344, 1380, 1412, 1434, 1462, 1519, 1540, 1577, 1582, 1585, 1603, 1625, 1641, 1661, 1706, 1717, 1735, 1748, 1767, 1776, 1815, 1835, 1842, 1906, 1929, 1954, 1976, 1989, 1996, 2003, 2044, 2067, 2076, 2084, 2089, 2094, 2115, 2127, 2155, 2160, 2200, 2206, 2272, 2283, 2288, 2300, 2366, 2379, 2383, 2395, 2400, 2432, 2444, 2504, 2509, 2513, 2529, 2551, 2579, 2583, 2603, 2624, 2652, 2658, 2672, 2695, 2730, 2762, 2773, 2779, 2781, 2803, 2814, 2816, 2822, 2840, 2846, 2853, 2860, 2888, 2890, 2919, 3052, 3060, 3064, 3066, 3078, 3099, 3109, 3111, 3120, 3140]",[],"[7, 15, 42, 62, 85, 114, 142, 167, 189, 203, 213, 225, 250, 254, 325, 366, 395, 409, 411, 417, 421, 469, 520, 531, 601, 630, 632, 656, 722, 738, 745, 768, 790, 794, 818, 885, 890, 900, 905, 920, 927, 970, 1012, 1022, 1040, 1052, 1064, 1067, 1076, 1109, 1132, 1149, 1262, 1279, 1344, 1380, 1412, 1434, 1462, 1519, 1540, 1577, 1582, 1585, 1603, 1625, 1641, 1661, 1706, 1717, 1735, 1748, 1767, 1776, 1815, 1835, 1842, 1906, 1929, 1954, 1976, 1989, 1996, 2003, 2044, 2067, 2076, 2084, 2089, 2094, 2115, 2127, 2155, 2160, 2200, 2206, 2272, 2283, 2288, 2300, 2366, 2379, 2383, 2395, 2400, 2432, 2444, 2504, 2509, 2513, 2529, 2551, 2579, 2583, 2603, 2624, 2652, 2658, 2672, 2695, 2730, 2762, 2773, 2779, 2781, 2803, 2814, 2816, 2822, 2840, 2846, 2853, 2860, 2888, 2890, 2919, 3052, 3060, 3064, 3066, 3078, 3099, 3109, 3111, 3120, 3140]","[1108, 2378]",3157,146,3011,0,146,3009,2
-4.0,DOGIL8T,"[4, 47, 49, 73, 113, 119, 136, 145, 153, 155, 163, 224, 245, 271, 303, 310, 332, 345, 359, 394, 396, 435, 454, 476, 515, 517, 529, 578, 580, 611, 672, 687, 692, 728, 733, 759, 798, 807, 821, 884, 929, 944, 966, 969, 996, 1008, 1021, 1032, 1046, 1056, 1059, 1150, 1155, 1171, 1207, 1211, 1223, 1228, 1232, 1276, 1281, 1288, 1292, 1311, 1313, 1366, 1376, 1388, 1407, 1411, 1458, 1483, 1485, 1499, 1528, 1550, 1569, 1578, 1599, 1638, 1665, 1685, 1687, 1711, 1713, 1738, 1747, 1750, 1770, 1774, 1822, 1830, 1862, 1910, 1919, 1923, 1927, 1930, 1957, 1961, 1965, 1970, 1975, 1991, 1998, 2004, 2012, 2032, 2034, 2040, 2084, 2126, 2183, 2223]",[],"[4, 47, 49, 73, 113, 119, 136, 145, 153, 155, 163, 224, 245, 271, 303, 310, 332, 345, 359, 394, 396, 435, 454, 476, 515, 517, 529, 578, 580, 611, 672, 687, 692, 728, 733, 759, 798, 807, 821, 884, 929, 944, 966, 969, 996, 1008, 1021, 1032, 1046, 1056, 1059, 1150, 1155, 1171, 1207, 1211, 1223, 1228, 1232, 1276, 1281, 1288, 1292, 1311, 1313, 1366, 1376, 1388, 1407, 1411, 1458, 1483, 1485, 1499, 1528, 1550, 1569, 1578, 1599, 1638, 1665, 1685, 1687, 1711, 1713, 1738, 1747, 1750, 1770, 1774, 1822, 1830, 1862, 1910, 1919, 1923, 1927, 1930, 1957, 1961, 1965, 1970, 1975, 1991, 1998, 2004, 2012, 2032, 2034, 2040, 2084, 2126, 2183, 2223]","[118, 1406, 1769]",2230,114,2116,0,114,2113,3
-4.0,ECGLOAP1,"[11, 25, 59, 99, 106, 116, 118, 141, 202, 299, 310, 324, 332, 338, 364, 440, 456, 523, 544, 568, 600, 622, 637, 658, 726, 771, 828, 833, 846, 871, 890, 894, 926, 934, 940, 945, 963, 969, 975, 977, 996, 1002, 1027, 1052, 1058, 1078, 1081, 1094, 1100, 1129]",[],"[11, 25, 59, 99, 106, 116, 118, 141, 202, 299, 310, 324, 332, 338, 364, 440, 456, 523, 544, 568, 600, 622, 637, 658, 726, 771, 828, 833, 846, 871, 890, 894, 926, 934, 940, 945, 963, 969, 975, 977, 996, 1002, 1027, 1052, 1058, 1078, 1081, 1094, 1100, 1129]","[363, 657]",1134,50,1084,0,50,1082,2
-4.0,ECPZA2GL,"[7, 20, 47, 52, 60, 78, 87, 153, 167, 178, 185, 194, 202, 222, 231, 254, 260, 270, 272, 326, 341, 384, 424, 433, 444, 491, 502, 511, 518, 523, 528, 571, 575, 580, 605, 620, 682, 768, 772, 790, 795, 804, 811, 819, 827, 829, 840, 843, 955, 990, 1020, 1036, 1056, 1068, 1073, 1097, 1105, 1120, 1127, 1181, 1202, 1256, 1264, 1268, 1301, 1387, 1389, 1430, 1452, 1468, 1496, 1499, 1501, 1538, 1561, 1565, 1586, 1592, 1594, 1601, 1610, 1612, 1616, 1624, 1628, 1633, 1649, 1672, 1676, 1690, 1703, 1712, 1719, 1729, 1744, 1785, 1831, 1833, 1867, 1886, 1888, 1899, 1958, 2013, 2105, 2107, 2143, 2154, 2164, 2167, 2177, 2181, 2200, 2220, 2243, 2250, 2257, 2261, 2266, 2308, 2362, 2376, 2399, 2420, 2517, 2558, 2583, 2614, 2639, 2673, 2677, 2733, 2743, 2771, 2893, 2916, 2942, 2951, 2954, 2980, 2993, 3051, 3077, 3080, 3093, 3119, 3124, 3139, 3203, 3209, 3213, 3219, 3235, 3270, 3308, 3397, 3434, 3443, 3453, 3476, 3485, 3490, 3512, 3528, 3533, 3553, 3577, 3651, 3655, 3670, 3689, 3695, 3858, 3925, 3946, 3970, 4002, 4039, 4048, 4060, 4141, 4145, 4154, 4216, 4229, 4242, 4272, 4292, 4303, 4305, 4314, 4333, 4389, 4418, 4443, 4451, 4458, 4460, 4470, 4479, 4485, 4488, 4492, 4543, 4555, 4593, 4601, 4611, 4628, 4648, 4655, 4658, 4674, 4681, 4698, 4748, 4789, 4806, 4878, 4904, 4927, 4935, 4945, 4960, 5021, 5032, 5047, 5061, 5072, 5078]",[],"[7, 20, 47, 52, 60, 78, 87, 153, 167, 178, 185, 194, 202, 222, 231, 254, 260, 270, 272, 326, 341, 384, 424, 433, 444, 491, 502, 511, 518, 523, 528, 571, 575, 580, 605, 620, 682, 768, 772, 790, 795, 804, 811, 819, 827, 829, 840, 843, 955, 990, 1020, 1036, 1056, 1068, 1073, 1097, 1105, 1120, 1127, 1181, 1202, 1256, 1264, 1268, 1301, 1387, 1389, 1430, 1452, 1468, 1496, 1499, 1501, 1538, 1561, 1565, 1586, 1592, 1594, 1601, 1610, 1612, 1616, 1624, 1628, 1633, 1649, 1672, 1676, 1690, 1703, 1712, 1719, 1729, 1744, 1785, 1831, 1833, 1867, 1886, 1888, 1899, 1958, 2013, 2105, 2107, 2143, 2154, 2164, 2167, 2177, 2181, 2200, 2220, 2243, 2250, 2257, 2261, 2266, 2308, 2362, 2376, 2399, 2420, 2517, 2558, 2583, 2614, 2639, 2673, 2677, 2733, 2743, 2771, 2893, 2916, 2942, 2951, 2954, 2980, 2993, 3051, 3077, 3080, 3093, 3119, 3124, 3139, 3203, 3209, 3213, 3219, 3235, 3270, 3308, 3397, 3434, 3443, 3453, 3476, 3485, 3490, 3512, 3528, 3533, 3553, 3577, 3651, 3655, 3670, 3689, 3695, 3858, 3925, 3946, 3970, 4002, 4039, 4048, 4060, 4141, 4145, 4154, 4216, 4229, 4242, 4272, 4292, 4303, 4305, 4314, 4333, 4389, 4418, 4443, 4451, 4458, 4460, 4470, 4479, 4485, 4488, 4492, 4543, 4555, 4593, 4601, 4611, 4628, 4648, 4655, 4658, 4674, 4681, 4698, 4748, 4789, 4806, 4878, 4904, 4927, 4935, 4945, 4960, 5021, 5032, 5047, 5061, 5072, 5078]","[3576, 4059]",5082,230,4852,0,230,4850,2
-4.0,ECZGL1,"[9, 22, 45, 60, 67, 112, 136, 174, 177, 191, 197, 214, 216, 218, 220, 230, 263, 275, 280, 302, 346, 354, 386, 395, 415, 441, 527, 529, 570, 592, 608, 636, 639, 641, 678, 701, 705, 726, 732, 734, 741, 750, 752, 756, 764, 768, 773, 789, 817, 819, 827, 833, 836, 846, 857, 875, 879, 885, 887, 889, 900, 973, 989, 1034, 1042, 1086, 1094, 1097, 1113, 1123, 1130, 1136, 1153, 1168, 1176, 1196, 1215, 1253, 1421, 1433, 1445, 1463, 1514, 1523, 1535, 1552, 1567, 1572, 1581, 1589, 1603, 1615, 1682, 1688, 1696, 1704, 1766, 1772, 1779, 1781, 1788, 1802, 1814, 1856, 1863, 1888, 1913, 1928, 1931, 1949, 1966, 1984]",[],"[9, 22, 45, 60, 67, 112, 136, 174, 177, 191, 197, 214, 216, 218, 220, 230, 263, 275, 280, 302, 346, 354, 386, 395, 415, 441, 527, 529, 570, 592, 608, 636, 639, 641, 678, 701, 705, 726, 732, 734, 741, 750, 752, 756, 764, 768, 773, 789, 817, 819, 827, 833, 836, 846, 857, 875, 879, 885, 887, 889, 900, 973, 989, 1034, 1042, 1086, 1094, 1097, 1113, 1123, 1130, 1136, 1153, 1168, 1176, 1196, 1215, 1253, 1421, 1433, 1445, 1463, 1514, 1523, 1535, 1552, 1567, 1572, 1581, 1589, 1603, 1615, 1682, 1688, 1696, 1704, 1766, 1772, 1779, 1781, 1788, 1802, 1814, 1856, 1863, 1888, 1913, 1928, 1931, 1949, 1966, 1984]","[700, 1534]",1995,112,1883,0,112,1881,2
-4.0,ECZGL2,"[82, 84, 125, 147, 163, 191, 194, 196, 233, 256, 260, 281, 287, 289, 296, 305, 307, 311, 319, 323, 328, 344, 372, 374, 382, 388, 391, 401, 412, 430, 434, 440, 442, 444, 455, 528, 544, 589, 597, 649, 652, 668, 678, 685, 691, 708, 723, 731, 751, 770, 808, 971, 983, 995, 1013, 1064, 1073, 1085, 1102, 1117, 1122, 1131, 1139, 1153, 1165, 1232, 1238, 1246, 1254, 1316, 1322, 1329, 1331, 1338, 1352, 1364, 1406, 1413, 1438, 1463, 1478, 1481, 1499, 1516, 1534]",[],"[82, 84, 125, 147, 163, 191, 194, 196, 233, 256, 260, 281, 287, 289, 296, 305, 307, 311, 319, 323, 328, 344, 372, 374, 382, 388, 391, 401, 412, 430, 434, 440, 442, 444, 455, 528, 544, 589, 597, 649, 652, 668, 678, 685, 691, 708, 723, 731, 751, 770, 808, 971, 983, 995, 1013, 1064, 1073, 1085, 1102, 1117, 1122, 1131, 1139, 1153, 1165, 1232, 1238, 1246, 1254, 1316, 1322, 1329, 1331, 1338, 1352, 1364, 1406, 1413, 1438, 1463, 1478, 1481, 1499, 1516, 1534]","[255, 1084]",1556,85,1471,0,85,1469,2
-4.0,ELMETL,"[10, 19, 24, 26, 30, 64, 93, 106, 109, 113, 115, 148, 159, 220, 241, 251, 308, 338, 349, 363, 380, 384, 386, 400, 411, 445, 447, 468, 494, 496, 510, 527, 533, 563, 570, 576, 603, 616, 618, 624, 630, 638, 652, 676, 679, 728, 739, 765, 773, 775, 789, 795, 829, 843, 871, 873, 909, 923, 929, 957, 971, 1010, 1019, 1038, 1058, 1083, 1098, 1102, 1114, 1121, 1133, 1138, 1148, 1157, 1192, 1213, 1222, 1241, 1244, 1257, 1280, 1283, 1292, 1296, 1319, 1338, 1347, 1363, 1367, 1375, 1393, 1431, 1446, 1455, 1465, 1467, 1500, 1515, 1519, 1529, 1560, 1576, 1579, 1583, 1588, 1593, 1595, 1602, 1609, 1616, 1633, 1658, 1665, 1672, 1677, 1684, 1687, 1703, 1709, 1713, 1722, 1734, 1738, 1746, 1769, 1779, 1813, 1841, 1843, 1859, 1862, 1864]",[],"[10, 19, 24, 26, 30, 64, 93, 106, 109, 113, 115, 148, 159, 220, 241, 251, 308, 338, 349, 363, 380, 384, 386, 400, 411, 445, 447, 468, 494, 496, 510, 527, 533, 563, 570, 576, 603, 616, 618, 624, 630, 638, 652, 676, 679, 728, 739, 765, 773, 775, 789, 795, 829, 843, 871, 873, 909, 923, 929, 957, 971, 1010, 1019, 1038, 1058, 1083, 1098, 1102, 1114, 1121, 1133, 1138, 1148, 1157, 1192, 1213, 1222, 1241, 1244, 1257, 1280, 1283, 1292, 1296, 1319, 1338, 1347, 1363, 1367, 1375, 1393, 1431, 1446, 1455, 1465, 1467, 1500, 1515, 1519, 1529, 1560, 1576, 1579, 1583, 1588, 1593, 1595, 1602, 1609, 1616, 1633, 1658, 1665, 1672, 1677, 1684, 1687, 1703, 1709, 1713, 1722, 1734, 1738, 1746, 1769, 1779, 1813, 1841, 1843, 1859, 1862, 1864]","[1097, 1291]",1866,132,1734,0,132,1732,2
-4.0,FDFELDI2,"[33, 65, 84, 91, 132, 134, 136, 152, 158, 161, 184, 234, 249, 267, 277, 350, 365, 379, 404, 412, 433, 440, 443, 460, 476, 483, 486, 505, 509, 516, 519, 522, 572, 579, 608, 624, 629, 633, 642, 649, 658, 666, 679, 683, 704, 708, 719, 760, 766, 768, 775, 779, 781, 815, 827, 850, 859, 872, 926, 950, 965, 971, 1008, 1015, 1027, 1053, 1071, 1149, 1164, 1179, 1181, 1188, 1190, 1211, 1236, 1238, 1252, 1254, 1262, 1283, 1290, 1292, 1307, 1339, 1363, 1374, 1378, 1384, 1463, 1476, 1491, 1521, 1528, 1543, 1556, 1563, 1579, 1583, 1589, 1622, 1644, 1648, 1650, 1659, 1676, 1688, 1696, 1701, 1711, 1715, 1719, 1739, 1744, 1755, 1771, 1779, 1824, 1859, 1876, 1883, 1988, 1991, 2012, 2016, 2020, 2044, 2056, 2090, 2094, 2105, 2150, 2188, 2195, 2205, 2247, 2255, 2267, 2342, 2347, 2381]",[],"[33, 65, 84, 91, 132, 134, 136, 152, 158, 161, 184, 234, 249, 267, 277, 350, 365, 379, 404, 412, 433, 440, 443, 460, 476, 483, 486, 505, 509, 516, 519, 522, 572, 579, 608, 624, 629, 633, 642, 649, 658, 666, 679, 683, 704, 708, 719, 760, 766, 768, 775, 779, 781, 815, 827, 850, 859, 872, 926, 950, 965, 971, 1008, 1015, 1027, 1053, 1071, 1149, 1164, 1179, 1181, 1188, 1190, 1211, 1236, 1238, 1252, 1254, 1262, 1283, 1290, 1292, 1307, 1339, 1363, 1374, 1378, 1384, 1463, 1476, 1491, 1521, 1528, 1543, 1556, 1563, 1579, 1583, 1589, 1622, 1644, 1648, 1650, 1659, 1676, 1688, 1696, 1701, 1711, 1715, 1719, 1739, 1744, 1755, 1771, 1779, 1824, 1859, 1876, 1883, 1988, 1991, 2012, 2016, 2020, 2044, 2056, 2090, 2094, 2105, 2150, 2188, 2195, 2205, 2247, 2255, 2267, 2342, 2347, 2381]","[276, 970]",2418,140,2278,0,140,2276,2
-4.0,FDTNFA,"[29, 88, 94, 122, 164, 188, 192, 261, 274, 276, 292, 306, 335, 377, 458, 460, 470, 475, 477, 481, 518, 548, 580, 584, 599, 605, 610, 662, 688, 696, 703, 710, 791, 795, 797, 830, 836, 859, 865, 886, 892, 946, 957, 966, 969, 973, 990, 1012, 1112, 1170, 1204, 1238, 1245, 1259, 1344, 1370, 1397, 1414, 1433, 1455, 1469, 1502, 1520, 1591, 1616, 1635, 1687, 1697]",[],"[29, 88, 94, 122, 164, 188, 192, 261, 274, 276, 292, 306, 335, 377, 458, 460, 470, 475, 477, 481, 518, 548, 580, 584, 599, 605, 610, 662, 688, 696, 703, 710, 791, 795, 797, 830, 836, 859, 865, 886, 892, 946, 957, 966, 969, 973, 990, 1012, 1112, 1170, 1204, 1238, 1245, 1259, 1344, 1370, 1397, 1414, 1433, 1455, 1469, 1502, 1520, 1591, 1616, 1635, 1687, 1697]","[187, 790, 972]",1715,68,1647,0,68,1644,3
-4.0,GDMYF5G,"[12, 18, 53, 60, 90, 139, 156, 195, 198, 213, 301, 314, 345, 433, 462, 499, 525, 562, 634, 640, 656, 699, 717, 730, 746, 754, 760, 790, 844, 861, 865, 952, 979, 1037, 1084, 1105, 1122, 1147, 1157, 1185, 1228, 1342, 1370, 1426, 1432, 1480, 1482, 1515, 1541, 1565]",[],"[12, 18, 53, 60, 90, 139, 156, 195, 198, 213, 301, 314, 345, 433, 462, 499, 525, 562, 634, 640, 656, 699, 717, 730, 746, 754, 760, 790, 844, 861, 865, 952, 979, 1037, 1084, 1105, 1122, 1147, 1157, 1185, 1228, 1342, 1370, 1426, 1432, 1480, 1482, 1515, 1541, 1565]","[639, 1036]",1602,50,1552,0,50,1550,2
-4.0,GGAC01,"[7, 9, 23, 27, 41, 43, 57, 117, 151, 204, 242, 274, 285, 333, 359, 444, 481, 548, 556, 570, 622, 635, 669, 683, 698, 709, 717, 751, 775, 779, 783, 785, 787, 789, 791, 795, 809, 834, 864, 875, 877, 905, 915, 948, 955, 957, 959, 963, 971, 982, 984, 996, 1004, 1033, 1058, 1070, 1079, 1096, 1110, 1120, 1126, 1204, 1241, 1247, 1274, 1344, 1385, 1389, 1403, 1478, 1492, 1494, 1506, 1526, 1568, 1571, 1587, 1591, 1602, 1626, 1631, 1633, 1646, 1650, 1667, 1684, 1712, 1717, 1723, 1726, 1773, 1785, 1791, 1801, 1808, 1813, 1838, 1840, 1849, 1857, 1874, 1883, 1890, 1894, 1904, 1906, 1933, 1937, 1943, 1955, 1978, 1981, 1988, 1990, 1996, 2000, 2023, 2027, 2051, 2067, 2084, 2089, 2149, 2170, 2227, 2229, 2231, 2262, 2293, 2344, 2364, 2390, 2395, 2438, 2449, 2486, 2497, 2500, 2514, 2519, 2529, 2531, 2536, 2548, 2551, 2557, 2559, 2586, 2588, 2592, 2603, 2612, 2665, 2688, 2692, 2694, 2699, 2711, 2730, 2756, 2783, 2787, 2802, 2807, 2813, 2824, 2827, 2836, 2841, 2854, 2860, 2862, 2874, 2917, 2935, 3012, 3016, 3035, 3042, 3121, 3126, 3149, 3155, 3190, 3194, 3277, 3281, 3297, 3314, 3331, 3339, 3343, 3364, 3379, 3383, 3385, 3388, 3403, 3405, 3418, 3432, 3436, 3443, 3452, 3496, 3503, 3508, 3511, 3545, 3547, 3552, 3562, 3572, 3585, 3590, 3595, 3598, 3608, 3678, 3724, 3728, 3774, 3780, 3783, 3813, 3832, 3836, 3849, 3858, 3862, 3868, 3882, 3887, 3889, 3891, 3899, 3926, 3958, 3981, 3983, 3987, 3990, 3992, 4016, 4019, 4056, 4063, 4095, 4113, 4131, 4185, 4206, 4266, 4310, 4316, 4318, 4328, 4345, 4366, 4395, 4403, 4418, 4433, 4446, 4456, 4469, 4500, 4513, 4515, 4533, 4537, 4546, 4558, 4560, 4568, 4610, 4614, 4630, 4632, 4640, 4649, 4667, 4677, 4685, 4690, 4696, 4700, 4722, 4741, 4753, 4777, 4779, 4783, 4795, 4813, 4817, 4823, 4847, 4849, 4853, 4875, 4881, 4886, 4891, 4899, 4911, 4929, 4935, 4967, 4969, 4971, 4986, 4997, 5006, 5029]",[],"[7, 9, 23, 27, 41, 43, 57, 117, 151, 204, 242, 274, 285, 333, 359, 444, 481, 548, 556, 570, 622, 635, 669, 683, 698, 709, 717, 751, 775, 779, 783, 785, 787, 789, 791, 795, 809, 834, 864, 875, 877, 905, 915, 948, 955, 957, 959, 963, 971, 982, 984, 996, 1004, 1033, 1058, 1070, 1079, 1096, 1110, 1120, 1126, 1204, 1241, 1247, 1274, 1344, 1385, 1389, 1403, 1478, 1492, 1494, 1506, 1526, 1568, 1571, 1587, 1591, 1602, 1626, 1631, 1633, 1646, 1650, 1667, 1684, 1712, 1717, 1723, 1726, 1773, 1785, 1791, 1801, 1808, 1813, 1838, 1840, 1849, 1857, 1874, 1883, 1890, 1894, 1904, 1906, 1933, 1937, 1943, 1955, 1978, 1981, 1988, 1990, 1996, 2000, 2023, 2027, 2051, 2067, 2084, 2089, 2149, 2170, 2227, 2229, 2231, 2262, 2293, 2344, 2364, 2390, 2395, 2438, 2449, 2486, 2497, 2500, 2514, 2519, 2529, 2531, 2536, 2548, 2551, 2557, 2559, 2586, 2588, 2592, 2603, 2612, 2665, 2688, 2692, 2694, 2699, 2711, 2730, 2756, 2783, 2787, 2802, 2807, 2813, 2824, 2827, 2836, 2841, 2854, 2860, 2862, 2874, 2917, 2935, 3012, 3016, 3035, 3042, 3121, 3126, 3149, 3155, 3190, 3194, 3277, 3281, 3297, 3314, 3331, 3339, 3343, 3364, 3379, 3383, 3385, 3388, 3403, 3405, 3418, 3432, 3436, 3443, 3452, 3496, 3503, 3508, 3511, 3545, 3547, 3552, 3562, 3572, 3585, 3590, 3595, 3598, 3608, 3678, 3724, 3728, 3774, 3780, 3783, 3813, 3832, 3836, 3849, 3858, 3862, 3868, 3882, 3887, 3889, 3891, 3899, 3926, 3958, 3981, 3983, 3987, 3990, 3992, 4016, 4019, 4056, 4063, 4095, 4113, 4131, 4185, 4206, 4266, 4310, 4316, 4318, 4328, 4345, 4366, 4395, 4403, 4418, 4433, 4446, 4456, 4469, 4500, 4513, 4515, 4533, 4537, 4546, 4558, 4560, 4568, 4610, 4614, 4630, 4632, 4640, 4649, 4667, 4677, 4685, 4690, 4696, 4700, 4722, 4741, 4753, 4777, 4779, 4783, 4795, 4813, 4817, 4823, 4847, 4849, 4853, 4875, 4881, 4886, 4891, 4899, 4911, 4929, 4935, 4967, 4969, 4971, 4986, 4997, 5006, 5029]","[1666, 2226, 3189, 3677]",5039,315,4724,0,315,4720,4
-4.0,GGACTAC,"[34, 91, 119, 230, 312, 325, 329, 340, 344, 347, 352, 431, 436, 438, 447, 534, 550, 604, 615, 624, 636, 642, 663, 683, 696, 760, 770, 780, 792, 796, 813, 822, 826, 844, 846, 872, 874, 896, 935, 937, 950, 971, 1019, 1041, 1076, 1098, 1101, 1105, 1154, 1160, 1170, 1176, 1195, 1220, 1267, 1283, 1285, 1289, 1318, 1333, 1373, 1377, 1418, 1438, 1451, 1455, 1473, 1499, 1527, 1543, 1555, 1590, 1599, 1643, 1648, 1653, 1689, 1701, 1705, 1728, 1738, 1754, 1757, 1762, 1780, 1786, 1793, 1804, 1806, 1812, 1816, 1822, 1839, 1843, 1867, 1963, 1965, 2026, 2048, 2064, 2075, 2079, 2094, 2099, 2105, 2119, 2128, 2213, 2219, 2244, 2278, 2301, 2305, 2327, 2337, 2380, 2411, 2421, 2432, 2438, 2457, 2470, 2481, 2510, 2512, 2521, 2549, 2553, 2579, 2607, 2628, 2677, 2688, 2691, 2699, 2701, 2704, 2709, 2718, 2731, 2753, 2758, 2771, 2779, 2791, 2807, 2834, 2891, 2905, 2915, 2919, 2954, 3015, 3017, 3033, 3041, 3045, 3064, 3071, 3112, 3150, 3155, 3168, 3177, 3219, 3223, 3248, 3255, 3272, 3282, 3284, 3301, 3341, 3360, 3367, 3376, 3415, 3441, 3464, 3477, 3479, 3510, 3515, 3521, 3562, 3569, 3571, 3588, 3599, 3601, 3634, 3650, 3658, 3660, 3662, 3720, 3723, 3727, 3737, 3739, 3745, 3754, 3756, 3760, 3779, 3824, 3866, 3872, 3877, 3885, 3917, 3928, 3930, 3949, 3953, 3958, 3960, 4035, 4042, 4045, 4054, 4072, 4082, 4092, 4128, 4141, 4158, 4160, 4182, 4217, 4232, 4266, 4268, 4283, 4293, 4306, 4316, 4319, 4329, 4337, 4399, 4435, 4447, 4503, 4568, 4591, 4600, 4636, 4676, 4681, 4683, 4685, 4694, 4698, 4702, 4705, 4721, 4727, 4741, 4781, 4788, 4798, 4838, 4856, 4870, 4892, 4943, 4957, 4987, 4993, 4998, 5002, 5014, 5027, 5082, 5106, 5114, 5125, 5129, 5164, 5171, 5173, 5183, 5188, 5196, 5201, 5230, 5267, 5279, 5293, 5357, 5373]",[],"[34, 91, 119, 230, 312, 325, 329, 340, 344, 347, 352, 431, 436, 438, 447, 534, 550, 604, 615, 624, 636, 642, 663, 683, 696, 760, 770, 780, 792, 796, 813, 822, 826, 844, 846, 872, 874, 896, 935, 937, 950, 971, 1019, 1041, 1076, 1098, 1101, 1105, 1154, 1160, 1170, 1176, 1195, 1220, 1267, 1283, 1285, 1289, 1318, 1333, 1373, 1377, 1418, 1438, 1451, 1455, 1473, 1499, 1527, 1543, 1555, 1590, 1599, 1643, 1648, 1653, 1689, 1701, 1705, 1728, 1738, 1754, 1757, 1762, 1780, 1786, 1793, 1804, 1806, 1812, 1816, 1822, 1839, 1843, 1867, 1963, 1965, 2026, 2048, 2064, 2075, 2079, 2094, 2099, 2105, 2119, 2128, 2213, 2219, 2244, 2278, 2301, 2305, 2327, 2337, 2380, 2411, 2421, 2432, 2438, 2457, 2470, 2481, 2510, 2512, 2521, 2549, 2553, 2579, 2607, 2628, 2677, 2688, 2691, 2699, 2701, 2704, 2709, 2718, 2731, 2753, 2758, 2771, 2779, 2791, 2807, 2834, 2891, 2905, 2915, 2919, 2954, 3015, 3017, 3033, 3041, 3045, 3064, 3071, 3112, 3150, 3155, 3168, 3177, 3219, 3223, 3248, 3255, 3272, 3282, 3284, 3301, 3341, 3360, 3367, 3376, 3415, 3441, 3464, 3477, 3479, 3510, 3515, 3521, 3562, 3569, 3571, 3588, 3599, 3601, 3634, 3650, 3658, 3660, 3662, 3720, 3723, 3727, 3737, 3739, 3745, 3754, 3756, 3760, 3779, 3824, 3866, 3872, 3877, 3885, 3917, 3928, 3930, 3949, 3953, 3958, 3960, 4035, 4042, 4045, 4054, 4072, 4082, 4092, 4128, 4141, 4158, 4160, 4182, 4217, 4232, 4266, 4268, 4283, 4293, 4306, 4316, 4319, 4329, 4337, 4399, 4435, 4447, 4503, 4568, 4591, 4600, 4636, 4676, 4681, 4683, 4685, 4694, 4698, 4702, 4705, 4721, 4727, 4741, 4781, 4788, 4798, 4838, 4856, 4870, 4892, 4943, 4957, 4987, 4993, 4998, 5002, 5014, 5027, 5082, 5106, 5114, 5125, 5129, 5164, 5171, 5173, 5183, 5188, 5196, 5201, 5230, 5267, 5279, 5293, 5357, 5373]","[970, 2127, 2914, 3218, 4398]",5456,292,5164,0,292,5159,5
-4.0,GGACTI,"[27, 38, 53, 61, 119, 144, 154, 158, 169, 177, 182, 208, 211, 220, 231, 253, 278, 280, 306, 308, 330, 369, 371, 384, 405, 412, 425, 432, 436, 449, 451, 453, 478, 486, 500, 518, 520, 526, 530, 536, 553, 581, 597, 677, 679, 740, 762, 778, 789, 793, 808, 813, 819, 833, 842, 846, 893, 903, 924, 930, 934, 938, 966, 968, 976, 981, 1000, 1002, 1014, 1031, 1114, 1128, 1138, 1148, 1165, 1218, 1233, 1236, 1245, 1260, 1267, 1270, 1289, 1291, 1299, 1306, 1308, 1315, 1369, 1377, 1381, 1400, 1407, 1491, 1513, 1555, 1559, 1576, 1660, 1667, 1736, 1749, 1754, 1762, 1772, 1780, 1842, 1853, 1855, 1866, 1874, 1897, 1905, 1924, 1926, 1928, 1935, 1944, 1947, 1957, 1959, 1970, 2014, 2021, 2031, 2053, 2071, 2089, 2121, 2139, 2183, 2187, 2234, 2247, 2253, 2270, 2278, 2280, 2284, 2289, 2291, 2317, 2322, 2326, 2346, 2387, 2395, 2412, 2415, 2421]",[],"[27, 38, 53, 61, 119, 144, 154, 158, 169, 177, 182, 208, 211, 220, 231, 253, 278, 280, 306, 308, 330, 369, 371, 384, 405, 412, 425, 432, 436, 449, 451, 453, 478, 486, 500, 518, 520, 526, 530, 536, 553, 581, 597, 677, 679, 740, 762, 778, 789, 793, 808, 813, 819, 833, 842, 846, 893, 903, 924, 930, 934, 938, 966, 968, 976, 981, 1000, 1002, 1014, 1031, 1114, 1128, 1138, 1148, 1165, 1218, 1233, 1236, 1245, 1260, 1267, 1270, 1289, 1291, 1299, 1306, 1308, 1315, 1369, 1377, 1381, 1400, 1407, 1491, 1513, 1555, 1559, 1576, 1660, 1667, 1736, 1749, 1754, 1762, 1772, 1780, 1842, 1853, 1855, 1866, 1874, 1897, 1905, 1924, 1926, 1928, 1935, 1944, 1947, 1957, 1959, 1970, 2014, 2021, 2031, 2053, 2071, 2089, 2121, 2139, 2183, 2187, 2234, 2247, 2253, 2270, 2278, 2280, 2284, 2289, 2291, 2317, 2322, 2326, 2346, 2387, 2395, 2412, 2415, 2421]","[404, 841, 1137, 1554, 1841]",2419,150,2269,0,150,2264,5
-4.0,GGCALB,"[17, 91, 98, 104, 114, 195, 200, 289, 293, 365, 370, 387, 391, 399, 409, 417, 422, 475, 486, 488, 521, 527, 543, 545, 590, 597, 614, 616, 660, 719, 734, 741, 754, 777, 782, 791, 795, 797, 812, 814, 818, 856, 858, 867, 890, 894, 917, 929, 945, 947, 1017, 1032, 1043, 1078, 1085, 1106, 1112, 1116, 1129, 1131, 1142, 1151, 1188, 1202, 1216, 1218, 1220, 1226, 1239, 1247, 1273, 1278, 1288, 1290, 1293, 1297, 1324, 1333, 1359, 1400, 1419, 1421, 1429, 1443, 1480, 1487, 1505, 1515, 1543, 1556, 1564, 1578, 1603, 1618, 1649, 1665, 1673, 1681, 1702, 1704, 1706, 1725, 1729, 1740, 1820, 1822, 1836, 1864, 1868, 1936, 1949, 1988, 1990, 2017, 2025, 2061, 2063, 2071, 2087, 2090, 2107, 2172, 2215, 2222, 2271, 2290, 2294, 2305, 2313, 2321, 2324, 2326, 2362, 2377, 2388, 2397, 2427, 2429, 2445, 2462, 2541, 2550, 2558, 2562, 2594, 2636, 2638, 2643, 2651, 2655, 2657, 2720, 2736, 2747, 2765, 2772, 2792, 2865, 2871, 2873, 2875, 2882, 2891, 2931, 2994, 3003, 3027, 3042, 3048, 3063, 3067, 3072, 3124, 3143, 3148, 3150, 3190, 3225, 3249, 3299, 3305, 3308, 3332, 3379, 3433, 3458, 3468, 3493, 3504, 3507, 3510, 3527, 3529, 3532, 3549, 3591, 3606, 3609, 3612, 3618, 3622, 3630, 3639, 3641, 3660, 3668, 3687, 3694, 3716, 3721, 3725, 3749, 3751, 3794, 3798, 3806, 3819, 3837, 3839, 3842, 3873, 3883, 3888, 3892, 3920, 3934, 3958, 3960, 3968, 3976, 3983, 3993, 4017, 4057, 4067, 4129, 4133, 4137, 4140, 4144, 4179, 4182, 4205, 4214, 4229, 4236, 4244, 4254, 4269, 4298, 4304, 4313, 4325, 4347, 4351, 4369, 4371, 4393, 4406, 4415, 4482, 4488, 4492, 4499, 4535, 4539, 4549, 4553, 4574, 4597, 4599, 4608, 4661, 4667, 4669, 4671, 4673, 4679, 4681, 4689, 4704, 4707, 4750, 4762, 4787, 4806, 4820, 4835, 4838, 4859, 4895, 4947, 4975, 4985, 5011, 5020, 5031, 5044, 5085, 5133, 5174, 5182, 5206, 5226, 5233, 5247, 5256, 5263, 5273, 5275, 5279, 5334, 5369, 5405, 5447, 5456, 5463, 5500, 5517, 5525, 5540, 5544, 5569, 5583, 5593, 5615, 5618, 5635, 5657, 5670, 5676, 5687, 5728, 5731, 5755, 5819, 5821, 5826, 5849, 5851, 5863, 5865, 5868, 5883, 5888, 5895, 5898, 5934, 5964, 5982, 6011, 6013, 6024, 6034, 6046, 6080, 6124, 6126, 6137, 6139, 6150, 6182, 6191, 6250, 6253, 6265, 6294, 6317, 6322, 6324, 6349, 6389, 6433, 6455, 6464, 6478, 6488, 6500, 6523, 6527, 6566, 6582, 6617, 6634, 6636, 6658, 6660, 6674, 6678, 6684, 6695, 6709, 6725, 6730, 6743, 6745, 6749, 6757, 6763, 6785, 6789, 6862, 6890, 6934, 6948, 6962, 6971, 7036, 7083, 7097, 7102, 7109, 7128, 7141, 7146, 7158, 7160, 7165, 7167, 7173, 7186, 7189, 7219, 7245, 7263, 7289, 7311, 7392, 7434, 7442, 7458, 7484, 7489, 7495, 7527, 7580, 7619, 7632, 7653, 7683, 7689, 7710, 7742, 7755, 7776, 7825, 7829, 7834, 7837, 7849, 7866, 7876, 7878, 7914, 7939, 7955, 7959, 7984, 7994, 7998, 8106, 8128, 8142, 8147, 8167, 8225, 8250, 8254, 8261, 8281, 8309, 8325, 8375, 8395, 8397, 8401, 8447, 8489, 8492, 8502, 8507, 8509, 8528, 8538, 8547, 8595, 8605, 8635, 8668, 8672, 8719, 8723, 8729, 8740, 8743, 8777, 8787, 8792, 8801, 8812, 8830, 8872, 8878, 8918, 8933, 8940, 8960, 8977, 8988, 8990, 8995, 9005, 9010, 9034, 9053, 9057, 9060, 9083, 9100, 9115, 9163, 9201, 9229, 9233, 9248, 9257, 9269, 9297, 9324, 9353, 9374, 9385, 9395, 9399, 9432, 9438, 9442, 9444, 9450, 9550, 9556, 9581, 9614, 9629, 9632, 9635, 9663, 9686, 9690, 9702, 9713, 9724, 9735, 9737, 9739, 9757, 9779, 9790, 9863, 9867, 9881, 9902, 9917, 9942, 9994, 10014, 10021, 10031, 10044, 10053, 10059, 10080, 10098, 10104, 10111, 10137, 10162, 10196, 10220, 10224, 10234, 10251, 10258, 10267, 10333, 10368, 10430, 10448, 10450, 10455, 10459, 10461, 10470, 10472, 10479, 10482, 10488, 10509, 10517, 10526, 10531, 10535, 10540, 10552, 10556, 10568, 10581, 10597, 10627, 10648, 10708, 10732, 10776, 10788, 10841, 10851, 10862, 10865, 10906, 10951, 11009, 11013, 11023]",[],"[17, 91, 98, 104, 114, 195, 200, 289, 293, 365, 370, 387, 391, 399, 409, 417, 422, 475, 486, 488, 521, 527, 543, 545, 590, 597, 614, 616, 660, 719, 734, 741, 754, 777, 782, 791, 795, 797, 812, 814, 818, 856, 858, 867, 890, 894, 917, 929, 945, 947, 1017, 1032, 1043, 1078, 1085, 1106, 1112, 1116, 1129, 1131, 1142, 1151, 1188, 1202, 1216, 1218, 1220, 1226, 1239, 1247, 1273, 1278, 1288, 1290, 1293, 1297, 1324, 1333, 1359, 1400, 1419, 1421, 1429, 1443, 1480, 1487, 1505, 1515, 1543, 1556, 1564, 1578, 1603, 1618, 1649, 1665, 1673, 1681, 1702, 1704, 1706, 1725, 1729, 1740, 1820, 1822, 1836, 1864, 1868, 1936, 1949, 1988, 1990, 2017, 2025, 2061, 2063, 2071, 2087, 2090, 2107, 2172, 2215, 2222, 2271, 2290, 2294, 2305, 2313, 2321, 2324, 2326, 2362, 2377, 2388, 2397, 2427, 2429, 2445, 2462, 2541, 2550, 2558, 2562, 2594, 2636, 2638, 2643, 2651, 2655, 2657, 2720, 2736, 2747, 2765, 2772, 2792, 2865, 2871, 2873, 2875, 2882, 2891, 2931, 2994, 3003, 3027, 3042, 3048, 3063, 3067, 3072, 3124, 3143, 3148, 3150, 3190, 3225, 3249, 3299, 3305, 3308, 3332, 3379, 3433, 3458, 3468, 3493, 3504, 3507, 3510, 3527, 3529, 3532, 3549, 3591, 3606, 3609, 3612, 3618, 3622, 3630, 3639, 3641, 3660, 3668, 3687, 3694, 3716, 3721, 3725, 3749, 3751, 3794, 3798, 3806, 3819, 3837, 3839, 3842, 3873, 3883, 3888, 3892, 3920, 3934, 3958, 3960, 3968, 3976, 3983, 3993, 4017, 4057, 4067, 4129, 4133, 4137, 4140, 4144, 4179, 4182, 4205, 4214, 4229, 4236, 4244, 4254, 4269, 4298, 4304, 4313, 4325, 4347, 4351, 4369, 4371, 4393, 4406, 4415, 4482, 4488, 4492, 4499, 4535, 4539, 4549, 4553, 4574, 4597, 4599, 4608, 4661, 4667, 4669, 4671, 4673, 4679, 4681, 4689, 4704, 4707, 4750, 4762, 4787, 4806, 4820, 4835, 4838, 4859, 4895, 4947, 4975, 4985, 5011, 5020, 5031, 5044, 5085, 5133, 5174, 5182, 5206, 5226, 5233, 5247, 5256, 5263, 5273, 5275, 5279, 5334, 5369, 5405, 5447, 5456, 5463, 5500, 5517, 5525, 5540, 5544, 5569, 5583, 5593, 5615, 5618, 5635, 5657, 5670, 5676, 5687, 5728, 5731, 5755, 5819, 5821, 5826, 5849, 5851, 5863, 5865, 5868, 5883, 5888, 5895, 5898, 5934, 5964, 5982, 6011, 6013, 6024, 6034, 6046, 6080, 6124, 6126, 6137, 6139, 6150, 6182, 6191, 6250, 6253, 6265, 6294, 6317, 6322, 6324, 6349, 6389, 6433, 6455, 6464, 6478, 6488, 6500, 6523, 6527, 6566, 6582, 6617, 6634, 6636, 6658, 6660, 6674, 6678, 6684, 6695, 6709, 6725, 6730, 6743, 6745, 6749, 6757, 6763, 6785, 6789, 6862, 6890, 6934, 6948, 6962, 6971, 7036, 7083, 7097, 7102, 7109, 7128, 7141, 7146, 7158, 7160, 7165, 7167, 7173, 7186, 7189, 7219, 7245, 7263, 7289, 7311, 7392, 7434, 7442, 7458, 7484, 7489, 7495, 7527, 7580, 7619, 7632, 7653, 7683, 7689, 7710, 7742, 7755, 7776, 7825, 7829, 7834, 7837, 7849, 7866, 7876, 7878, 7914, 7939, 7955, 7959, 7984, 7994, 7998, 8106, 8128, 8142, 8147, 8167, 8225, 8250, 8254, 8261, 8281, 8309, 8325, 8375, 8395, 8397, 8401, 8447, 8489, 8492, 8502, 8507, 8509, 8528, 8538, 8547, 8595, 8605, 8635, 8668, 8672, 8719, 8723, 8729, 8740, 8743, 8777, 8787, 8792, 8801, 8812, 8830, 8872, 8878, 8918, 8933, 8940, 8960, 8977, 8988, 8990, 8995, 9005, 9010, 9034, 9053, 9057, 9060, 9083, 9100, 9115, 9163, 9201, 9229, 9233, 9248, 9257, 9269, 9297, 9324, 9353, 9374, 9385, 9395, 9399, 9432, 9438, 9442, 9444, 9450, 9550, 9556, 9581, 9614, 9629, 9632, 9635, 9663, 9686, 9690, 9702, 9713, 9724, 9735, 9737, 9739, 9757, 9779, 9790, 9863, 9867, 9881, 9902, 9917, 9942, 9994, 10014, 10021, 10031, 10044, 10053, 10059, 10080, 10098, 10104, 10111, 10137, 10162, 10196, 10220, 10224, 10234, 10251, 10258, 10267, 10333, 10368, 10430, 10448, 10450, 10455, 10459, 10461, 10470, 10472, 10479, 10482, 10488, 10509, 10517, 10526, 10531, 10535, 10540, 10552, 10556, 10568, 10581, 10597, 10627, 10648, 10708, 10732, 10776, 10788, 10841, 10851, 10862, 10865, 10906, 10951, 11009, 11013, 11023]","[386, 1863, 2289, 3467, 3793, 4235, 4894, 5205, 5933, 6784, 7035, 7824, 8718, 9052, 9685, 10195]",11061,623,10438,0,623,10422,16
-4.0,GGCRYD1,"[96, 172, 204, 218, 268, 280, 303, 311, 370, 379, 381, 389, 420, 423, 442, 470, 481, 516, 521, 525, 531, 541, 571, 601, 674, 709, 753, 797, 817, 843, 862, 871, 911, 920, 933, 952, 954, 980, 1021, 1042, 1044, 1062, 1074, 1076, 1086, 1088, 1115, 1158, 1160, 1169, 1181, 1185, 1192, 1200, 1221, 1227, 1248, 1271, 1284, 1389, 1410, 1412, 1452, 1465, 1567, 1636, 1721, 1735, 1757, 1771, 1788, 1821, 1824, 1863, 1897, 1905, 1974, 2047, 2052, 2054, 2078, 2082, 2086, 2091, 2093, 2149, 2155, 2202, 2204, 2218, 2222, 2244, 2252, 2262, 2297, 2300, 2328, 2339, 2343, 2408, 2419, 2477, 2483, 2485, 2540, 2575, 2579, 2623, 2637, 2639, 2683, 2689, 2702, 2743, 2749, 2785, 2808, 2816, 2828, 2873, 2887, 2906, 2908, 2922, 3016, 3030, 3040, 3060, 3075, 3151, 3182, 3243, 3356, 3373, 3375, 3390, 3401, 3413, 3419, 3422, 3450, 3461, 3500, 3517, 3521, 3533, 3540, 3611, 3627, 3633, 3643, 3645, 3714, 3716, 3752, 3810, 3812, 3818, 3831, 3843, 3933, 3945, 3998, 4022, 4037, 4099, 4104, 4114, 4151, 4212, 4243, 4262, 4275, 4298, 4316, 4333, 4349, 4351, 4359, 4361, 4381, 4429, 4447, 4475, 4478, 4523, 4529, 4535, 4547, 4568, 4597, 4625, 4640, 4642, 4657, 4686, 4695, 4698, 4729, 4731, 4733, 4760, 4767, 4780, 4801, 4829, 4890, 4904, 4908, 4922, 4942, 4971, 4977, 5040, 5052, 5066, 5119, 5134, 5212, 5235, 5239, 5246, 5256, 5278, 5325, 5362, 5435, 5459, 5499, 5513, 5535, 5569, 5593, 5596, 5599, 5651, 5655, 5691, 5693, 5698, 5739, 5748, 5776, 5788, 5830, 5883, 5886, 5888, 5890, 5900, 5908, 5970, 6004, 6011, 6032, 6034, 6046, 6065, 6078, 6097, 6139, 6166, 6184, 6187, 6205, 6232, 6237, 6241, 6243, 6274, 6327, 6336, 6339, 6357, 6366, 6378, 6396, 6401, 6424, 6427, 6446, 6448, 6451, 6471, 6476, 6511, 6562, 6576, 6599, 6601, 6654, 6692, 6698, 6723, 6727, 6735, 6739, 6792, 6817, 6822, 6830, 6836, 6840, 6842, 6846, 6884, 6893, 6896, 6912, 6924, 6935, 6947, 6998, 7073, 7084, 7146, 7214, 7218, 7252, 7254, 7326, 7369, 7374, 7389, 7425, 7436, 7476, 7484, 7521, 7523, 7530, 7534, 7544, 7561, 7642, 7660, 7712, 7725, 7734, 7743, 7746, 7753, 7755, 7763, 7773, 7780, 7797, 7858, 7860, 7875, 7886, 7889, 7911, 7924, 7927, 7929, 7934, 7953, 7955, 7960, 7986, 8015, 8022, 8057, 8093, 8114]",[],"[96, 172, 204, 218, 268, 280, 303, 311, 370, 379, 381, 389, 420, 423, 442, 470, 481, 516, 521, 525, 531, 541, 571, 601, 674, 709, 753, 797, 817, 843, 862, 871, 911, 920, 933, 952, 954, 980, 1021, 1042, 1044, 1062, 1074, 1076, 1086, 1088, 1115, 1158, 1160, 1169, 1181, 1185, 1192, 1200, 1221, 1227, 1248, 1271, 1284, 1389, 1410, 1412, 1452, 1465, 1567, 1636, 1721, 1735, 1757, 1771, 1788, 1821, 1824, 1863, 1897, 1905, 1974, 2047, 2052, 2054, 2078, 2082, 2086, 2091, 2093, 2149, 2155, 2202, 2204, 2218, 2222, 2244, 2252, 2262, 2297, 2300, 2328, 2339, 2343, 2408, 2419, 2477, 2483, 2485, 2540, 2575, 2579, 2623, 2637, 2639, 2683, 2689, 2702, 2743, 2749, 2785, 2808, 2816, 2828, 2873, 2887, 2906, 2908, 2922, 3016, 3030, 3040, 3060, 3075, 3151, 3182, 3243, 3356, 3373, 3375, 3390, 3401, 3413, 3419, 3422, 3450, 3461, 3500, 3517, 3521, 3533, 3540, 3611, 3627, 3633, 3643, 3645, 3714, 3716, 3752, 3810, 3812, 3818, 3831, 3843, 3933, 3945, 3998, 4022, 4037, 4099, 4104, 4114, 4151, 4212, 4243, 4262, 4275, 4298, 4316, 4333, 4349, 4351, 4359, 4361, 4381, 4429, 4447, 4475, 4478, 4523, 4529, 4535, 4547, 4568, 4597, 4625, 4640, 4642, 4657, 4686, 4695, 4698, 4729, 4731, 4733, 4760, 4767, 4780, 4801, 4829, 4890, 4904, 4908, 4922, 4942, 4971, 4977, 5040, 5052, 5066, 5119, 5134, 5212, 5235, 5239, 5246, 5256, 5278, 5325, 5362, 5435, 5459, 5499, 5513, 5535, 5569, 5593, 5596, 5599, 5651, 5655, 5691, 5693, 5698, 5739, 5748, 5776, 5788, 5830, 5883, 5886, 5888, 5890, 5900, 5908, 5970, 6004, 6011, 6032, 6034, 6046, 6065, 6078, 6097, 6139, 6166, 6184, 6187, 6205, 6232, 6237, 6241, 6243, 6274, 6327, 6336, 6339, 6357, 6366, 6378, 6396, 6401, 6424, 6427, 6446, 6448, 6451, 6471, 6476, 6511, 6562, 6576, 6599, 6601, 6654, 6692, 6698, 6723, 6727, 6735, 6739, 6792, 6817, 6822, 6830, 6836, 6840, 6842, 6846, 6884, 6893, 6896, 6912, 6924, 6935, 6947, 6998, 7073, 7084, 7146, 7214, 7218, 7252, 7254, 7326, 7369, 7374, 7389, 7425, 7436, 7476, 7484, 7521, 7523, 7530, 7534, 7544, 7561, 7642, 7660, 7712, 7725, 7734, 7743, 7746, 7753, 7755, 7763, 7773, 7780, 7797, 7858, 7860, 7875, 7886, 7889, 7911, 7924, 7927, 7929, 7934, 7953, 7955, 7960, 7986, 8015, 8022, 8057, 8093, 8114]","[441, 1734, 2742, 3150, 3516, 3944, 4332, 4528, 4907, 5234, 5899, 6138, 6395, 6734, 7213]",8153,366,7787,0,366,7772,15
-4.0,GGGL03,"[45, 155, 161, 184, 189, 193, 224, 252, 259, 306, 330, 341, 346, 368, 409, 433, 437, 439, 484, 500, 524, 553, 567, 615, 655, 658, 748, 757, 769, 773, 775, 814, 899, 902, 905, 941, 961, 967, 974, 983, 997, 1002, 1016, 1088, 1097, 1111, 1113, 1131, 1161, 1165, 1167, 1188, 1191, 1194, 1196, 1202, 1205, 1207]",[],"[45, 155, 161, 184, 189, 193, 224, 252, 259, 306, 330, 341, 346, 368, 409, 433, 437, 439, 484, 500, 524, 553, 567, 615, 655, 658, 748, 757, 769, 773, 775, 814, 899, 902, 905, 941, 961, 967, 974, 983, 997, 1002, 1016, 1088, 1097, 1111, 1113, 1131, 1161, 1165, 1167, 1188, 1191, 1194, 1196, 1202, 1205, 1207]","[432, 768]",1201,58,1143,0,58,1141,2
-4.0,GGGNRHIA,"[13, 52, 93, 124, 129, 135, 200, 221, 250, 252, 288, 308, 313, 339, 364, 380, 402, 434, 449, 451, 457, 491, 519, 530, 539, 582, 606, 608, 670, 674, 699, 720, 728, 761, 764, 894, 908, 922, 929, 970, 1002, 1016, 1044, 1101, 1104, 1127, 1166, 1179, 1185, 1205, 1219, 1260, 1274, 1287, 1310, 1330, 1370, 1435, 1442, 1446, 1457, 1464, 1470, 1476, 1493, 1496, 1522, 1580, 1583, 1596, 1662, 1685, 1689, 1700, 1771, 1780, 1823, 1852, 1916, 1948, 1951, 1955, 1994, 2058, 2082, 2127, 2138, 2155, 2172, 2245, 2254, 2280, 2282, 2316, 2320, 2326, 2381, 2418, 2438, 2457, 2545, 2547, 2551, 2563, 2567, 2578, 2582, 2593, 2749, 2757, 2788, 2823, 2853, 2901, 2905, 2910, 2920, 2935, 2942, 2947, 2949, 2952, 2956, 3014, 3049, 3054, 3092, 3127, 3182, 3186, 3287, 3296, 3309, 3341, 3361, 3372, 3381, 3394, 3423, 3434, 3442, 3471, 3495, 3511, 3515, 3517, 3525, 3538, 3564, 3610, 3628, 3632, 3642, 3656, 3679, 3710, 3727, 3745, 3747, 3749, 3768, 3779, 3784, 3805, 3810, 3816, 3821, 3827, 3851, 3859, 3882, 3918, 3936, 3943, 3973, 3981, 4003, 4019, 4021, 4080, 4085, 4136, 4145, 4164, 4178, 4185, 4196, 4208, 4213, 4263, 4278, 4280, 4316, 4373, 4393, 4397, 4402, 4405, 4422, 4441, 4463, 4471, 4473, 4477, 4480, 4515, 4545, 4549, 4588, 4628, 4656, 4726, 4740, 4758, 4785, 4847, 4890, 4918, 4929, 4986, 5033, 5050, 5112, 5116, 5143, 5177, 5179, 5217, 5239, 5246, 5249, 5322, 5409, 5425, 5448, 5475, 5485, 5521, 5523, 5542, 5564, 5574, 5576, 5580, 5597, 5599, 5641, 5659, 5668, 5702, 5704, 5708, 5743, 5759, 5764, 5775, 5818, 5856, 5879, 5886, 5888, 5890, 5987, 5997, 6028, 6041, 6043, 6050, 6060, 6072, 6075, 6092, 6096, 6110, 6121, 6142, 6187, 6205, 6218, 6232]",[],"[13, 52, 93, 124, 129, 135, 200, 221, 250, 252, 288, 308, 313, 339, 364, 380, 402, 434, 449, 451, 457, 491, 519, 530, 539, 582, 606, 608, 670, 674, 699, 720, 728, 761, 764, 894, 908, 922, 929, 970, 1002, 1016, 1044, 1101, 1104, 1127, 1166, 1179, 1185, 1205, 1219, 1260, 1274, 1287, 1310, 1330, 1370, 1435, 1442, 1446, 1457, 1464, 1470, 1476, 1493, 1496, 1522, 1580, 1583, 1596, 1662, 1685, 1689, 1700, 1771, 1780, 1823, 1852, 1916, 1948, 1951, 1955, 1994, 2058, 2082, 2127, 2138, 2155, 2172, 2245, 2254, 2280, 2282, 2316, 2320, 2326, 2381, 2418, 2438, 2457, 2545, 2547, 2551, 2563, 2567, 2578, 2582, 2593, 2749, 2757, 2788, 2823, 2853, 2901, 2905, 2910, 2920, 2935, 2942, 2947, 2949, 2952, 2956, 3014, 3049, 3054, 3092, 3127, 3182, 3186, 3287, 3296, 3309, 3341, 3361, 3372, 3381, 3394, 3423, 3434, 3442, 3471, 3495, 3511, 3515, 3517, 3525, 3538, 3564, 3610, 3628, 3632, 3642, 3656, 3679, 3710, 3727, 3745, 3747, 3749, 3768, 3779, 3784, 3805, 3810, 3816, 3821, 3827, 3851, 3859, 3882, 3918, 3936, 3943, 3973, 3981, 4003, 4019, 4021, 4080, 4085, 4136, 4145, 4164, 4178, 4185, 4196, 4208, 4213, 4263, 4278, 4280, 4316, 4373, 4393, 4397, 4402, 4405, 4422, 4441, 4463, 4471, 4473, 4477, 4480, 4515, 4545, 4549, 4588, 4628, 4656, 4726, 4740, 4758, 4785, 4847, 4890, 4918, 4929, 4986, 5033, 5050, 5112, 5116, 5143, 5177, 5179, 5217, 5239, 5246, 5249, 5322, 5409, 5425, 5448, 5475, 5485, 5521, 5523, 5542, 5564, 5574, 5576, 5580, 5597, 5599, 5641, 5659, 5668, 5702, 5704, 5708, 5743, 5759, 5764, 5775, 5818, 5856, 5879, 5886, 5888, 5890, 5987, 5997, 6028, 6041, 6043, 6050, 6060, 6072, 6075, 6092, 6096, 6110, 6121, 6142, 6187, 6205, 6218, 6232]","[3627, 4392]",6275,280,5995,0,280,5993,2
-4.0,GGNFM1D,"[30, 35, 43, 146, 168, 181, 185, 197, 233, 259, 272, 276, 362, 366, 369, 611, 617, 657, 772, 790, 802, 804, 818, 842, 860, 875, 933, 945, 965, 967, 1057, 1103, 1113, 1136, 1154, 1160, 1181, 1184, 1187, 1209, 1211, 1217, 1269, 1296, 1304, 1384, 1394, 1407, 1542, 1722, 1727, 1743, 1776, 1805, 1818, 1886, 1892, 1922, 1925, 1931, 2009, 2027, 2048, 2052, 2069, 2104, 2133, 2145, 2150, 2188, 2195, 2200, 2225, 2229, 2249, 2275, 2286, 2290, 2296, 2305, 2309, 2314, 2368, 2382, 2395, 2414, 2452, 2465, 2468, 2476, 2535, 2541, 2615, 2617, 2651, 2665, 2667, 2674, 2684, 2696, 2702, 2710, 2718, 2735, 2761, 2767, 2805, 2823, 2850, 2874, 2889, 2921, 2923, 2953, 3003, 3046, 3076, 3090, 3145, 3185, 3190, 3215, 3220, 3233, 3245, 3247, 3258, 3274, 3284, 3294, 3304, 3355, 3390, 3449, 3463, 3469, 3527, 3536, 3541, 3596, 3614, 3667, 3724, 3739, 3766, 3780, 3877, 3892, 4085, 4093, 4102, 4122, 4153, 4174, 4195, 4285, 4357, 4361, 4393, 4396, 4523, 4567, 4570, 4588, 4597, 4606, 4618, 4624, 4626, 4657, 4664, 4669, 4726, 4729, 4747, 4756, 4769, 4777, 4780, 4783, 4811, 4826, 4836, 4848, 4852, 4858, 4870, 4906, 4921, 4930, 4945, 4948, 4965, 5015, 5019, 5028, 5058, 5062, 5085, 5113, 5128, 5172, 5243, 5251, 5259, 5290, 5301, 5324, 5366, 5438, 5446, 5459, 5470, 5497, 5510, 5524, 5527, 5534, 5542, 5551, 5568, 5589, 5591, 5594, 5612, 5614]",[],"[30, 35, 43, 146, 168, 181, 185, 197, 233, 259, 272, 276, 362, 366, 369, 611, 617, 657, 772, 790, 802, 804, 818, 842, 860, 875, 933, 945, 965, 967, 1057, 1103, 1113, 1136, 1154, 1160, 1181, 1184, 1187, 1209, 1211, 1217, 1269, 1296, 1304, 1384, 1394, 1407, 1542, 1722, 1727, 1743, 1776, 1805, 1818, 1886, 1892, 1922, 1925, 1931, 2009, 2027, 2048, 2052, 2069, 2104, 2133, 2145, 2150, 2188, 2195, 2200, 2225, 2229, 2249, 2275, 2286, 2290, 2296, 2305, 2309, 2314, 2368, 2382, 2395, 2414, 2452, 2465, 2468, 2476, 2535, 2541, 2615, 2617, 2651, 2665, 2667, 2674, 2684, 2696, 2702, 2710, 2718, 2735, 2761, 2767, 2805, 2823, 2850, 2874, 2889, 2921, 2923, 2953, 3003, 3046, 3076, 3090, 3145, 3185, 3190, 3215, 3220, 3233, 3245, 3247, 3258, 3274, 3284, 3294, 3304, 3355, 3390, 3449, 3463, 3469, 3527, 3536, 3541, 3596, 3614, 3667, 3724, 3739, 3766, 3780, 3877, 3892, 4085, 4093, 4102, 4122, 4153, 4174, 4195, 4285, 4357, 4361, 4393, 4396, 4523, 4567, 4570, 4588, 4597, 4606, 4618, 4624, 4626, 4657, 4664, 4669, 4726, 4729, 4747, 4756, 4769, 4777, 4780, 4783, 4811, 4826, 4836, 4848, 4852, 4858, 4870, 4906, 4921, 4930, 4945, 4948, 4965, 5015, 5019, 5028, 5058, 5062, 5085, 5113, 5128, 5172, 5243, 5251, 5259, 5290, 5301, 5324, 5366, 5438, 5446, 5459, 5470, 5497, 5510, 5524, 5527, 5534, 5542, 5551, 5568, 5589, 5591, 5594, 5612, 5614]","[2132, 2451]",5631,226,5405,0,226,5403,2
-4.0,GGPROP2,"[40, 52, 82, 84, 96, 157, 163, 308, 336, 338, 414, 427, 435, 548, 565, 609, 638]",[],"[40, 52, 82, 84, 96, 157, 163, 308, 336, 338, 414, 427, 435, 548, 565, 609, 638]",[307],641,17,624,0,17,623,1
-4.0,GGRIHBGEN,"[20, 27, 29, 77, 99, 107, 121, 124, 138, 149, 164, 193, 203, 207, 220, 222, 224, 235, 241, 255, 260, 283, 290, 292, 310, 316, 323, 406, 420, 435, 470, 482, 535, 548, 563, 570, 609, 613, 617, 622, 628, 634, 637, 652, 677, 686, 692, 713, 715, 717, 737, 741, 744, 767, 779, 784, 786, 799, 802, 810, 818, 826, 830, 873, 894, 902, 905, 908, 918, 941, 962, 982, 991, 1039, 1068, 1166, 1182, 1184, 1193, 1195, 1199, 1236, 1238, 1276, 1333, 1374, 1391, 1495, 1526, 1536, 1539, 1542, 1545, 1552, 1556, 1593, 1595, 1602, 1797, 1807, 1885, 1898, 1974, 1978, 2018, 2047, 2051, 2074, 2079, 2089, 2140, 2150, 2183, 2208, 2289, 2317, 2350, 2361, 2382, 2386, 2451, 2460, 2470, 2508, 2519, 2564, 2570, 2575, 2586, 2590, 2604, 2614, 2645, 2667, 2676, 2693, 2726, 2730, 2734, 2774, 2789, 2792, 2864, 2871, 2983, 2993, 2999, 3013, 3019, 3021, 3076, 3083, 3182, 3212, 3220, 3228, 3234, 3253, 3266, 3303, 3309, 3318, 3326, 3344, 3346, 3381, 3395, 3403, 3406, 3412, 3455, 3459, 3513, 3545, 3553, 3622, 3649, 3722, 3734, 3739, 3758, 3785, 3788, 3819, 3822, 3832, 3856, 3862]",[],"[20, 27, 29, 77, 99, 107, 121, 124, 138, 149, 164, 193, 203, 207, 220, 222, 224, 235, 241, 255, 260, 283, 290, 292, 310, 316, 323, 406, 420, 435, 470, 482, 535, 548, 563, 570, 609, 613, 617, 622, 628, 634, 637, 652, 677, 686, 692, 713, 715, 717, 737, 741, 744, 767, 779, 784, 786, 799, 802, 810, 818, 826, 830, 873, 894, 902, 905, 908, 918, 941, 962, 982, 991, 1039, 1068, 1166, 1182, 1184, 1193, 1195, 1199, 1236, 1238, 1276, 1333, 1374, 1391, 1495, 1526, 1536, 1539, 1542, 1545, 1552, 1556, 1593, 1595, 1602, 1797, 1807, 1885, 1898, 1974, 1978, 2018, 2047, 2051, 2074, 2079, 2089, 2140, 2150, 2183, 2208, 2289, 2317, 2350, 2361, 2382, 2386, 2451, 2460, 2470, 2508, 2519, 2564, 2570, 2575, 2586, 2590, 2604, 2614, 2645, 2667, 2676, 2693, 2726, 2730, 2734, 2774, 2789, 2792, 2864, 2871, 2983, 2993, 2999, 3013, 3019, 3021, 3076, 3083, 3182, 3212, 3220, 3228, 3234, 3253, 3266, 3303, 3309, 3318, 3326, 3344, 3346, 3381, 3395, 3403, 3406, 3412, 3455, 3459, 3513, 3545, 3553, 3622, 3649, 3722, 3734, 3739, 3758, 3785, 3788, 3819, 3822, 3832, 3856, 3862]","[2982, 3219, 3454]",3879,188,3691,0,188,3688,3
-4.0,GGVITIIG,"[39, 51, 55, 72, 104, 123, 145, 148, 166, 180, 191, 195, 218, 226, 267, 277, 315, 322, 336, 343, 366, 381, 383, 411, 443, 454, 459, 491, 508, 510, 523, 525, 563, 568, 572, 585, 599, 615, 641, 650, 659, 663, 691, 696, 702, 704, 722, 732, 807, 812, 831, 835, 861, 890, 892, 914, 946, 960, 974, 990, 1007, 1017, 1029, 1032, 1049, 1051, 1056, 1068, 1097, 1111, 1115, 1139, 1141, 1147, 1151, 1181, 1183, 1220, 1227, 1232, 1292, 1310, 1314, 1319, 1350, 1388, 1479, 1492, 1499, 1518, 1530, 1532, 1581, 1597, 1636, 1669, 1680, 1688, 1706, 1719, 1727, 1741, 1745, 1770, 1785, 1793, 1803, 1848, 1859, 1861, 1894, 1940, 1942, 1944, 1953, 1973, 2004, 2022, 2026, 2028, 2071, 2077, 2097, 2134, 2144, 2147, 2173, 2181, 2222, 2235, 2302, 2315, 2319, 2323, 2327, 2335, 2340, 2352, 2363, 2388, 2407, 2424, 2430, 2432, 2466, 2501, 2546, 2552, 2562, 2566, 2602, 2614, 2641, 2683, 2689, 2695, 2699, 2706, 2734, 2747, 2777, 2788, 2850, 2878, 2883, 2893, 2895, 2929, 2935, 2949, 2953, 2958, 2978, 2994, 3000, 3003, 3052, 3057, 3065, 3069, 3105, 3133, 3139, 3146, 3158, 3169, 3214, 3268, 3283, 3297, 3315, 3359, 3375, 3377, 3380, 3389, 3443, 3464, 3467, 3505, 3521, 3537, 3544, 3554, 3566, 3616, 3645, 3655, 3735, 3792, 3796, 3806, 3824, 3838, 3867, 3877, 3881, 3894, 3978, 3981, 3984, 4023, 4026, 4037, 4054, 4115, 4122, 4149, 4189, 4197, 4201, 4209, 4217, 4226, 4238, 4240, 4284, 4296, 4300, 4327, 4358, 4369, 4388, 4410, 4412, 4461, 4473, 4485, 4496, 4503, 4512, 4523, 4544, 4552, 4594, 4632, 4647, 4658, 4729, 4741, 4765, 4768, 4799, 4819, 4823, 4829, 4837, 4843, 4856, 4877, 4887, 4913, 4980, 5037, 5041, 5045, 5082, 5111, 5117, 5126, 5130, 5177, 5188, 5197, 5205, 5212, 5263, 5291, 5299, 5339, 5362, 5379, 5442, 5446, 5455, 5495, 5508, 5534, 5537, 5547, 5595, 5597, 5605, 5624, 5629, 5648, 5659, 5668, 5690, 5697, 5711, 5733, 5758, 5786, 5844, 5849, 5853, 5860, 5870, 5883, 5899, 5916, 5928, 5930, 5944, 5946, 5966, 5974, 5981, 5996, 5998, 6012, 6063, 6079, 6084, 6135, 6162, 6169, 6174, 6191, 6197, 6221, 6230, 6234, 6251, 6253, 6307, 6340, 6357, 6379, 6396, 6409, 6419, 6444, 6448, 6487, 6495, 6517, 6521, 6527, 6529, 6532, 6538, 6548, 6591, 6612, 6623, 6628, 6674, 6707, 6765, 6778, 6786, 6815, 6823, 6833, 6837, 6863, 6877, 6885, 6897, 6932, 6936, 6956, 6959, 6979, 7023, 7028, 7040, 7046, 7066, 7113, 7124, 7128, 7132, 7157, 7163, 7167, 7179, 7197, 7269, 7273, 7275, 7292, 7294, 7298, 7318, 7336, 7359, 7373, 7377, 7383, 7394, 7420, 7425, 7429, 7445, 7515, 7521, 7553, 7569, 7580, 7583, 7591, 7616, 7624, 7644, 7682, 7688, 7691, 7712, 7731, 7741, 7745, 7768, 7810, 7814, 7818, 7822, 7831, 7857, 7862, 7864, 7886, 7898, 7946, 7979, 8018, 8027, 8070, 8101, 8116, 8119, 8190, 8203, 8205, 8227, 8230, 8240, 8259, 8265, 8296, 8303, 8307, 8315, 8322, 8329, 8339, 8375, 8408, 8415, 8417, 8442, 8448, 8482, 8488, 8491, 8497, 8507, 8561, 8563, 8573, 8589, 8598, 8602, 8604, 8664, 8672, 8679, 8692, 8700, 8703, 8737, 8816, 8823, 8830, 8859, 8891, 8898, 8907, 8954, 8964, 8984, 9021, 9038, 9040, 9045, 9055, 9105, 9132, 9150, 9159, 9174, 9187, 9191, 9195, 9199, 9203, 9207, 9211, 9234, 9281, 9289, 9298, 9311, 9313, 9340, 9358, 9381, 9400, 9440, 9457, 9460, 9468, 9473, 9498, 9517, 9524, 9534, 9545, 9562, 9616, 9685, 9732, 9777, 9782, 9803, 9828, 9840, 9848, 9867, 9901, 9920, 9976, 10001, 10003, 10048, 10105, 10131, 10149, 10167, 10196, 10255, 10284, 10341, 10366, 10380, 10396, 10436, 10449, 10454, 10461, 10482, 10486, 10490, 10505, 10522, 10531, 10533, 10538, 10619, 10630, 10704, 10708, 10715, 10754, 10784, 10820, 10829, 10831, 10835, 10837, 10840, 10844, 10878, 10897, 10921, 10931, 10952, 10972, 10983, 11010, 11028, 11042, 11059, 11068, 11122, 11133, 11231, 11266, 11321, 11354, 11384, 11390, 11396, 11420, 11429, 11432, 11438, 11456, 11477, 11516, 11531, 11555, 11561, 11564, 11573, 11589, 11597, 11664, 11668, 11672, 11720, 11740, 11758, 11771, 11775, 11807, 11812, 11819, 11826, 11887, 11902, 11908, 11925, 11935, 11951, 11954, 11970, 11993, 12006, 12010, 12027, 12030, 12086, 12102, 12120, 12146, 12153, 12226, 12242, 12273, 12277, 12291, 12300, 12311, 12318, 12323, 12337, 12348, 12393, 12399, 12420, 12432, 12462, 12467, 12477, 12479, 12509, 12511, 12525, 12548, 12616, 12620, 12625, 12658, 12664, 12681, 12719, 12724, 12737, 12751, 12755, 12776, 12781, 12792, 12796, 12798, 12801, 12803, 12811, 12846, 12862, 12918, 12928, 12933, 12955, 12958, 12963, 13014, 13019, 13022, 13038, 13060, 13068, 13085, 13087, 13113, 13145, 13148, 13169, 13181, 13187, 13193, 13219, 13244, 13265, 13268, 13298, 13304, 13310, 13320, 13327, 13359, 13369, 13402, 13417, 13428, 13453, 13464, 13474, 13486, 13495, 13498, 13506, 13511, 13524, 13542, 13553, 13564, 13579, 13607, 13623, 13629, 13641, 13655, 13675, 13677, 13682, 13692, 13698, 13722, 13749, 13761, 13764, 13775, 13799, 13820, 13833, 13843, 13863, 13890, 13899, 13903, 13928, 13975, 13978, 14003, 14008, 14011, 14014, 14029, 14045, 14061, 14078, 14086, 14090, 14092, 14095, 14135, 14140, 14156, 14158, 14184, 14191, 14225, 14228, 14233, 14237, 14248, 14253, 14257, 14285, 14288, 14300, 14302, 14329, 14369, 14387, 14407, 14414, 14418, 14430, 14432, 14449, 14486, 14498, 14510, 14514, 14517, 14528, 14547, 14590, 14614, 14618, 14662, 14686, 14705, 14711, 14721, 14736, 14743, 14801, 14808, 14824, 14844, 14865, 14874, 14919, 14922, 14939, 14950, 14965, 14967, 14993, 15000, 15007, 15102, 15173, 15178, 15206, 15211, 15251, 15277, 15284, 15297, 15345, 15349, 15353, 15389, 15403, 15441, 15508, 15513, 15516, 15533, 15552, 15557, 15564, 15572, 15580, 15583, 15590, 15601, 15621, 15631, 15633, 15679, 15699, 15711, 15723, 15772, 15776, 15795, 15808, 15810, 15821, 15835, 15847, 15850, 15870, 15874, 15876, 15881, 15885, 15901, 15903, 15908, 15911, 15933, 15945, 15951, 15987, 16000, 16016, 16031, 16062, 16064, 16070, 16076, 16126, 16135, 16142, 16146, 16157, 16171, 16244, 16255, 16278, 16288, 16336, 16342, 16345, 16379, 16393, 16419, 16426, 16439, 16450, 16466, 16471, 16477, 16493, 16498, 16500, 16503, 16509, 16514, 16536, 16553, 16605, 16613, 16628, 16662, 16664, 16674, 16690, 16707, 16786, 16792, 16803, 16805, 16849, 16858, 16868, 16892, 16918, 16931, 16956, 16961, 16995, 17014, 17018, 17020, 17024, 17034, 17039, 17042, 17047, 17056, 17093, 17103, 17115, 17174, 17176, 17178, 17194, 17207, 17220, 17222, 17243, 17256, 17262, 17274, 17300, 17312, 17375, 17378, 17392, 17448, 17467, 17482, 17493, 17497, 17527, 17531, 17535, 17538, 17566, 17634, 17644, 17647, 17652, 17660, 17676, 17689, 17711, 17739, 17748, 17779, 17816, 17826, 17856, 17865, 17914, 17924, 17933, 17949, 17969, 18015, 18051, 18059, 18077, 18079, 18105, 18133, 18154, 18180, 18193, 18202, 18204, 18223, 18236, 18238, 18244, 18282, 18287, 18297, 18327, 18342, 18360, 18397, 18424, 18431, 18456, 18475, 18499, 18506, 18518, 18521, 18527, 18529, 18546, 18576, 18600, 18603, 18627, 18643, 18655, 18657, 18667, 18677, 18704, 18721, 18761, 18765, 18773, 18801, 18830, 18840, 18852, 18856, 18883, 18905, 18913, 18923, 18935, 18943, 18961, 18974, 18976, 18987, 19006, 19016, 19051, 19057, 19082, 19086, 19129, 19133, 19136, 19175, 19227, 19242, 19255, 19263, 19290, 19338, 19349, 19366, 19368, 19379, 19389, 19391, 19409, 19427, 19441, 19445, 19479, 19502, 19514, 19516, 19531, 19539, 19541, 19544, 19546, 19563, 19570, 19620, 19624, 19626, 19628, 19630, 19639, 19641, 19643, 19690, 19800, 19815, 19828, 19840, 19873, 19881, 19911, 19927, 19934, 19943, 19992, 20038, 20050, 20072, 20089, 20091, 20097, 20115, 20127, 20131, 20172, 20174, 20177, 20179, 20212, 20251, 20261, 20328]",[],"[39, 51, 55, 72, 104, 123, 145, 148, 166, 180, 191, 195, 218, 226, 267, 277, 315, 322, 336, 343, 366, 381, 383, 411, 443, 454, 459, 491, 508, 510, 523, 525, 563, 568, 572, 585, 599, 615, 641, 650, 659, 663, 691, 696, 702, 704, 722, 732, 807, 812, 831, 835, 861, 890, 892, 914, 946, 960, 974, 990, 1007, 1017, 1029, 1032, 1049, 1051, 1056, 1068, 1097, 1111, 1115, 1139, 1141, 1147, 1151, 1181, 1183, 1220, 1227, 1232, 1292, 1310, 1314, 1319, 1350, 1388, 1479, 1492, 1499, 1518, 1530, 1532, 1581, 1597, 1636, 1669, 1680, 1688, 1706, 1719, 1727, 1741, 1745, 1770, 1785, 1793, 1803, 1848, 1859, 1861, 1894, 1940, 1942, 1944, 1953, 1973, 2004, 2022, 2026, 2028, 2071, 2077, 2097, 2134, 2144, 2147, 2173, 2181, 2222, 2235, 2302, 2315, 2319, 2323, 2327, 2335, 2340, 2352, 2363, 2388, 2407, 2424, 2430, 2432, 2466, 2501, 2546, 2552, 2562, 2566, 2602, 2614, 2641, 2683, 2689, 2695, 2699, 2706, 2734, 2747, 2777, 2788, 2850, 2878, 2883, 2893, 2895, 2929, 2935, 2949, 2953, 2958, 2978, 2994, 3000, 3003, 3052, 3057, 3065, 3069, 3105, 3133, 3139, 3146, 3158, 3169, 3214, 3268, 3283, 3297, 3315, 3359, 3375, 3377, 3380, 3389, 3443, 3464, 3467, 3505, 3521, 3537, 3544, 3554, 3566, 3616, 3645, 3655, 3735, 3792, 3796, 3806, 3824, 3838, 3867, 3877, 3881, 3894, 3978, 3981, 3984, 4023, 4026, 4037, 4054, 4115, 4122, 4149, 4189, 4197, 4201, 4209, 4217, 4226, 4238, 4240, 4284, 4296, 4300, 4327, 4358, 4369, 4388, 4410, 4412, 4461, 4473, 4485, 4496, 4503, 4512, 4523, 4544, 4552, 4594, 4632, 4647, 4658, 4729, 4741, 4765, 4768, 4799, 4819, 4823, 4829, 4837, 4843, 4856, 4877, 4887, 4913, 4980, 5037, 5041, 5045, 5082, 5111, 5117, 5126, 5130, 5177, 5188, 5197, 5205, 5212, 5263, 5291, 5299, 5339, 5362, 5379, 5442, 5446, 5455, 5495, 5508, 5534, 5537, 5547, 5595, 5597, 5605, 5624, 5629, 5648, 5659, 5668, 5690, 5697, 5711, 5733, 5758, 5786, 5844, 5849, 5853, 5860, 5870, 5883, 5899, 5916, 5928, 5930, 5944, 5946, 5966, 5974, 5981, 5996, 5998, 6012, 6063, 6079, 6084, 6135, 6162, 6169, 6174, 6191, 6197, 6221, 6230, 6234, 6251, 6253, 6307, 6340, 6357, 6379, 6396, 6409, 6419, 6444, 6448, 6487, 6495, 6517, 6521, 6527, 6529, 6532, 6538, 6548, 6591, 6612, 6623, 6628, 6674, 6707, 6765, 6778, 6786, 6815, 6823, 6833, 6837, 6863, 6877, 6885, 6897, 6932, 6936, 6956, 6959, 6979, 7023, 7028, 7040, 7046, 7066, 7113, 7124, 7128, 7132, 7157, 7163, 7167, 7179, 7197, 7269, 7273, 7275, 7292, 7294, 7298, 7318, 7336, 7359, 7373, 7377, 7383, 7394, 7420, 7425, 7429, 7445, 7515, 7521, 7553, 7569, 7580, 7583, 7591, 7616, 7624, 7644, 7682, 7688, 7691, 7712, 7731, 7741, 7745, 7768, 7810, 7814, 7818, 7822, 7831, 7857, 7862, 7864, 7886, 7898, 7946, 7979, 8018, 8027, 8070, 8101, 8116, 8119, 8190, 8203, 8205, 8227, 8230, 8240, 8259, 8265, 8296, 8303, 8307, 8315, 8322, 8329, 8339, 8375, 8408, 8415, 8417, 8442, 8448, 8482, 8488, 8491, 8497, 8507, 8561, 8563, 8573, 8589, 8598, 8602, 8604, 8664, 8672, 8679, 8692, 8700, 8703, 8737, 8816, 8823, 8830, 8859, 8891, 8898, 8907, 8954, 8964, 8984, 9021, 9038, 9040, 9045, 9055, 9105, 9132, 9150, 9159, 9174, 9187, 9191, 9195, 9199, 9203, 9207, 9211, 9234, 9281, 9289, 9298, 9311, 9313, 9340, 9358, 9381, 9400, 9440, 9457, 9460, 9468, 9473, 9498, 9517, 9524, 9534, 9545, 9562, 9616, 9685, 9732, 9777, 9782, 9803, 9828, 9840, 9848, 9867, 9901, 9920, 9976, 10001, 10003, 10048, 10105, 10131, 10149, 10167, 10196, 10255, 10284, 10341, 10366, 10380, 10396, 10436, 10449, 10454, 10461, 10482, 10486, 10490, 10505, 10522, 10531, 10533, 10538, 10619, 10630, 10704, 10708, 10715, 10754, 10784, 10820, 10829, 10831, 10835, 10837, 10840, 10844, 10878, 10897, 10921, 10931, 10952, 10972, 10983, 11010, 11028, 11042, 11059, 11068, 11122, 11133, 11231, 11266, 11321, 11354, 11384, 11390, 11396, 11420, 11429, 11432, 11438, 11456, 11477, 11516, 11531, 11555, 11561, 11564, 11573, 11589, 11597, 11664, 11668, 11672, 11720, 11740, 11758, 11771, 11775, 11807, 11812, 11819, 11826, 11887, 11902, 11908, 11925, 11935, 11951, 11954, 11970, 11993, 12006, 12010, 12027, 12030, 12086, 12102, 12120, 12146, 12153, 12226, 12242, 12273, 12277, 12291, 12300, 12311, 12318, 12323, 12337, 12348, 12393, 12399, 12420, 12432, 12462, 12467, 12477, 12479, 12509, 12511, 12525, 12548, 12616, 12620, 12625, 12658, 12664, 12681, 12719, 12724, 12737, 12751, 12755, 12776, 12781, 12792, 12796, 12798, 12801, 12803, 12811, 12846, 12862, 12918, 12928, 12933, 12955, 12958, 12963, 13014, 13019, 13022, 13038, 13060, 13068, 13085, 13087, 13113, 13145, 13148, 13169, 13181, 13187, 13193, 13219, 13244, 13265, 13268, 13298, 13304, 13310, 13320, 13327, 13359, 13369, 13402, 13417, 13428, 13453, 13464, 13474, 13486, 13495, 13498, 13506, 13511, 13524, 13542, 13553, 13564, 13579, 13607, 13623, 13629, 13641, 13655, 13675, 13677, 13682, 13692, 13698, 13722, 13749, 13761, 13764, 13775, 13799, 13820, 13833, 13843, 13863, 13890, 13899, 13903, 13928, 13975, 13978, 14003, 14008, 14011, 14014, 14029, 14045, 14061, 14078, 14086, 14090, 14092, 14095, 14135, 14140, 14156, 14158, 14184, 14191, 14225, 14228, 14233, 14237, 14248, 14253, 14257, 14285, 14288, 14300, 14302, 14329, 14369, 14387, 14407, 14414, 14418, 14430, 14432, 14449, 14486, 14498, 14510, 14514, 14517, 14528, 14547, 14590, 14614, 14618, 14662, 14686, 14705, 14711, 14721, 14736, 14743, 14801, 14808, 14824, 14844, 14865, 14874, 14919, 14922, 14939, 14950, 14965, 14967, 14993, 15000, 15007, 15102, 15173, 15178, 15206, 15211, 15251, 15277, 15284, 15297, 15345, 15349, 15353, 15389, 15403, 15441, 15508, 15513, 15516, 15533, 15552, 15557, 15564, 15572, 15580, 15583, 15590, 15601, 15621, 15631, 15633, 15679, 15699, 15711, 15723, 15772, 15776, 15795, 15808, 15810, 15821, 15835, 15847, 15850, 15870, 15874, 15876, 15881, 15885, 15901, 15903, 15908, 15911, 15933, 15945, 15951, 15987, 16000, 16016, 16031, 16062, 16064, 16070, 16076, 16126, 16135, 16142, 16146, 16157, 16171, 16244, 16255, 16278, 16288, 16336, 16342, 16345, 16379, 16393, 16419, 16426, 16439, 16450, 16466, 16471, 16477, 16493, 16498, 16500, 16503, 16509, 16514, 16536, 16553, 16605, 16613, 16628, 16662, 16664, 16674, 16690, 16707, 16786, 16792, 16803, 16805, 16849, 16858, 16868, 16892, 16918, 16931, 16956, 16961, 16995, 17014, 17018, 17020, 17024, 17034, 17039, 17042, 17047, 17056, 17093, 17103, 17115, 17174, 17176, 17178, 17194, 17207, 17220, 17222, 17243, 17256, 17262, 17274, 17300, 17312, 17375, 17378, 17392, 17448, 17467, 17482, 17493, 17497, 17527, 17531, 17535, 17538, 17566, 17634, 17644, 17647, 17652, 17660, 17676, 17689, 17711, 17739, 17748, 17779, 17816, 17826, 17856, 17865, 17914, 17924, 17933, 17949, 17969, 18015, 18051, 18059, 18077, 18079, 18105, 18133, 18154, 18180, 18193, 18202, 18204, 18223, 18236, 18238, 18244, 18282, 18287, 18297, 18327, 18342, 18360, 18397, 18424, 18431, 18456, 18475, 18499, 18506, 18518, 18521, 18527, 18529, 18546, 18576, 18600, 18603, 18627, 18643, 18655, 18657, 18667, 18677, 18704, 18721, 18761, 18765, 18773, 18801, 18830, 18840, 18852, 18856, 18883, 18905, 18913, 18923, 18935, 18943, 18961, 18974, 18976, 18987, 19006, 19016, 19051, 19057, 19082, 19086, 19129, 19133, 19136, 19175, 19227, 19242, 19255, 19263, 19290, 19338, 19349, 19366, 19368, 19379, 19389, 19391, 19409, 19427, 19441, 19445, 19479, 19502, 19514, 19516, 19531, 19539, 19541, 19544, 19546, 19563, 19570, 19620, 19624, 19626, 19628, 19630, 19639, 19641, 19643, 19690, 19800, 19815, 19828, 19840, 19873, 19881, 19911, 19927, 19934, 19943, 19992, 20038, 20050, 20072, 20089, 20091, 20097, 20115, 20127, 20131, 20172, 20174, 20177, 20179, 20212, 20251, 20261, 20328]","[54, 190, 442, 2021, 2694, 2948, 3267, 3543, 3791, 4818, 5441, 6229, 6443, 7045, 7268, 8026, 8302, 9149, 9467, 10104, 10448, 10714, 11757, 12272, 12615, 13267, 13505, 14028, 14704, 15348, 15771, 16955, 17864, 19081]",20336,1156,19180,0,1156,19146,34
-4.0,GIBPROTP1A,"[5, 8, 57, 68, 92, 113, 161, 165, 180, 198, 235, 246, 261, 275, 381]",[],"[5, 8, 57, 68, 92, 113, 161, 165, 180, 198, 235, 246, 261, 275, 381]",[160],394,15,379,0,15,378,1
-4.0,GORAFPA,"[12, 21, 32, 34, 56, 76, 104, 125, 133, 168, 170, 197, 211, 220, 229, 265, 289, 296, 298, 380, 400, 403, 411, 417, 438, 448, 458, 463, 465, 509, 538, 540, 606, 626, 629, 646, 669, 677, 700, 704, 706, 741, 758, 790, 812, 819, 843, 920, 924, 1000, 1012, 1014, 1023, 1073, 1157, 1172, 1181, 1190, 1192, 1202, 1206, 1210, 1217, 1244, 1289, 1299, 1316, 1321, 1323, 1369, 1389, 1410, 1424, 1442, 1467, 1470, 1480, 1544, 1596, 1616, 1633, 1678, 1690, 1710, 1715, 1743, 1764, 1770, 1781, 1791, 1833, 1848, 1861, 1865, 1882, 1893, 1895, 1910, 1932, 1940, 1986, 2013, 2022, 2030, 2040, 2080, 2115, 2117, 2126, 2164, 2175, 2188, 2200, 2233, 2255, 2262, 2269, 2273, 2277, 2288, 2333, 2336, 2338, 2340, 2346, 2388, 2396, 2405, 2408, 2415, 2449, 2456, 2460, 2496, 2531, 2541, 2552, 2614, 2652, 2705, 2747, 2785, 2789, 2808, 2816, 2844, 2848, 2872, 2884, 2931, 2940, 2942, 2956, 2960, 2970, 2983, 3034, 3067, 3127, 3130, 3174, 3230, 3277, 3307, 3334, 3363, 3365, 3427, 3430, 3435, 3439, 3576, 3648, 3654, 3679, 3685, 3704, 3710, 3718, 3750, 3791, 3809, 3919, 3925, 3930, 3939, 3955, 4003, 4007, 4045, 4064, 4069, 4091, 4093, 4145, 4152, 4157, 4181, 4193, 4197, 4233, 4263, 4289, 4314, 4334, 4350, 4359, 4364, 4370, 4374, 4397, 4422, 4428, 4441, 4443, 4508, 4518, 4523, 4536, 4553, 4562, 4565, 4569, 4573, 4575, 4577, 4579, 4581, 4583, 4585, 4597, 4601, 4625, 4643, 4685, 4716, 4722, 4724, 4730, 4745, 4749, 4758, 4766, 4774, 4777, 4798, 4807, 4821, 4882, 4884, 4886, 4891, 4903, 4905, 4919, 4937, 5043, 5057, 5124, 5150, 5175, 5182, 5184, 5207, 5214, 5296, 5325, 5346, 5396, 5408, 5415, 5418, 5458, 5469, 5477, 5521, 5534, 5542, 5551, 5558, 5565, 5574, 5576, 5579, 5581, 5591, 5603, 5625, 5627, 5635, 5655, 5658, 5687, 5759, 5775, 5814, 5816, 5821, 5823, 5849, 5867, 5877, 5902, 5922, 5925, 5935, 6029, 6047, 6086, 6102, 6109, 6122, 6126, 6154, 6221, 6258, 6270, 6286, 6319, 6357, 6365, 6397, 6406, 6435, 6457, 6494, 6505, 6519, 6522, 6525, 6528, 6555, 6557, 6562, 6572, 6591, 6593, 6664, 6740, 6761, 6778, 6790, 6795, 6798, 6825, 6840, 6850, 6857, 6862, 6882, 6890, 6906, 6928, 6950, 6977, 6981, 6991, 7028, 7047, 7051, 7126, 7155, 7157, 7161, 7193, 7218, 7228, 7266, 7305, 7307, 7315, 7326, 7349, 7376, 7387, 7395, 7400, 7403, 7421, 7429, 7432, 7438, 7446, 7455, 7463, 7506, 7528, 7549, 7590, 7593, 7615, 7626, 7630, 7652, 7678, 7707, 7724, 7729, 7767, 7771, 7796, 7830, 7834, 7846, 7852, 7876, 7948, 7952, 8006, 8012, 8023, 8041, 8047, 8108, 8123, 8125, 8170, 8172, 8256, 8258, 8300, 8335, 8368, 8371, 8375, 8390, 8405, 8410, 8422, 8435, 8460, 8467, 8504, 8511, 8595, 8618, 8652, 8663, 8666, 8708, 8735, 8837, 8850, 8872, 8922, 8937, 8947, 8982, 8997, 9004, 9034, 9109, 9125, 9178, 9213, 9216, 9238, 9241, 9320, 9333, 9340, 9350, 9386, 9395, 9408, 9422, 9432, 9446, 9453, 9501, 9523, 9526, 9541, 9549, 9553, 9562, 9590, 9593, 9614, 9651, 9721, 9748, 9756, 9846, 9882, 9904, 9918, 9934, 9941, 9983, 9989, 9993, 10026, 10032, 10042, 10071, 10080, 10083, 10126, 10135, 10137, 10145, 10149, 10152, 10164, 10166, 10223, 10243, 10249, 10311, 10347, 10365, 10409, 10423, 10434, 10460, 10466, 10489, 10517, 10531, 10546, 10575, 10582, 10599, 10629, 10636, 10639, 10653, 10701, 10719, 10728, 10732, 10758, 10767, 10773, 10782, 10796, 10808, 10816, 10845, 10885, 10891, 10895, 10904, 10908, 10944, 10959, 10972, 10984, 10991, 10993, 10996, 11001, 11079, 11085, 11106, 11146, 11150, 11176, 11206, 11214, 11308, 11408, 11426, 11437, 11456, 11500, 11503, 11509, 11545, 11567, 11630, 11642, 11652, 11662, 11676, 11696, 11709, 11721, 11729, 11738, 11759, 11782, 11814, 11816, 11824, 11831, 11841, 11913, 11921, 11980, 12025, 12109, 12111, 12124, 12129, 12154, 12171, 12176, 12179, 12183, 12202, 12207, 12247, 12255, 12268, 12273, 12277, 12308, 12310, 12347, 12365, 12378, 12381, 12432, 12468, 12492, 12507, 12529, 12543, 12576, 12580, 12585, 12603, 12635, 12649, 12657, 12666, 12676, 12747, 12794, 12798, 12816, 12896, 12904, 12922, 12924, 12942, 12965, 12997, 13018, 13038, 13042, 13053, 13116, 13120, 13129, 13170, 13227, 13242, 13250, 13288, 13293, 13329, 13335, 13347, 13367, 13379, 13381, 13422, 13426, 13448, 13475, 13487, 13491, 13509, 13517, 13520, 13528, 13541, 13557, 13571, 13582, 13606, 13640, 13642, 13656, 13667, 13689, 13692, 13712, 13738, 13752, 13775, 13796, 13808, 13810, 13842, 13896, 13907, 13938, 13963, 13969, 14088, 14092, 14098, 14105, 14114, 14139, 14184, 14189, 14198, 14201, 14214, 14226, 14241, 14258, 14264, 14268, 14274, 14296, 14319, 14332, 14350, 14365, 14387, 14396, 14399, 14402, 14408, 14425, 14429, 14442, 14470, 14493, 14497, 14548, 14569, 14576, 14611, 14661, 14673, 14694, 14708, 14712, 14714, 14723, 14749, 14792, 14804, 14827, 14836, 14842, 14851, 14853, 14882, 14908, 14915, 14921, 14930, 14935, 14988, 15048, 15068, 15105, 15143, 15146, 15181, 15196, 15203, 15219, 15226, 15236, 15252, 15256, 15284, 15291, 15340, 15361, 15403, 15413, 15425, 15428, 15447, 15454, 15465, 15471, 15481, 15493, 15497, 15538, 15540, 15546, 15554, 15556, 15560, 15613, 15621, 15638, 15652, 15706, 15745, 15759, 15791, 15802, 15824, 15833, 15856, 15878, 15918, 15920, 15928, 15930, 15936, 15940, 15953, 15957, 15961, 15983, 16008, 16064, 16066, 16068, 16072, 16086, 16182, 16208, 16238, 16283, 16309, 16383, 16406, 16416, 16418, 16426, 16475, 16478, 16493, 16519, 16540, 16554, 16556, 16582, 16592, 16631, 16685, 16721, 16726, 16732, 16734, 16743, 16761, 16781, 16795, 16799, 16814, 16817, 16823, 16829, 16836, 16846, 16857, 16884, 16886, 16907, 17005, 17011, 17013, 17028, 17038, 17045, 17059, 17065, 17071, 17080, 17095, 17130, 17135, 17189, 17196, 17200, 17208, 17221, 17256, 17262, 17292, 17305, 17314, 17329, 17331, 17367, 17375, 17377, 17391, 17458, 17463, 17468, 17478, 17480, 17512, 17528, 17541, 17556, 17568, 17570, 17572, 17574, 17577, 17581, 17586, 17593, 17602, 17608, 17642, 17676, 17683, 17688, 17702, 17718, 17760, 17783, 17817, 17835, 17853, 17883, 17886, 18056, 18077, 18094, 18100, 18116, 18128, 18202, 18219, 18228, 18258, 18271, 18274, 18284, 18287, 18301, 18420, 18427, 18435, 18440, 18454, 18461, 18512, 18516, 18579, 18585, 18608, 18639, 18644, 18679, 18681, 18683, 18695, 18701, 18703, 18705, 18707, 18714, 18724, 18729, 18762, 18778, 18817, 18869, 18875, 18912, 18919, 18941, 18968, 18984, 18990, 19003, 19031, 19034, 19049, 19051, 19071, 19105, 19110, 19112, 19119, 19128, 19158, 19202, 19216, 19232, 19265, 19268, 19312, 19394, 19403, 19431, 19476, 19513, 19542, 19592, 19604, 19606, 19647, 19677, 19716, 19730, 19749, 19768, 19773, 19783, 19799, 19815, 19821, 19877, 19891, 19899, 19932, 19956, 20049, 20054, 20095, 20149, 20169, 20188, 20193, 20199, 20207, 20216, 20267, 20281, 20298, 20302, 20311, 20327, 20338, 20349, 20377, 20383, 20398, 20421, 20428, 20435, 20445, 20468, 20475, 20479, 20488, 20496, 20503, 20515, 20566, 20585, 20601, 20618, 20620, 20693, 20708, 20719, 20742, 20753, 20847, 20856, 20880, 20895, 20907, 20954, 21041, 21064, 21075, 21077, 21089, 21124, 21187, 21195, 21208, 21212, 21227, 21280, 21288, 21346, 21354, 21356, 21359, 21370, 21375, 21378, 21414, 21446, 21491, 21493, 21500, 21511, 21521, 21564, 21580, 21582, 21660, 21689, 21702, 21705, 21745, 21756, 21773, 21782, 21837, 21839, 21868, 21891, 21893, 21920, 21926, 21928, 21939, 21975, 21997, 22010, 22057, 22092, 22130, 22145, 22156, 22169, 22177, 22181, 22191, 22264, 22284, 22317, 22323, 22347, 22371, 22383, 22418, 22455, 22477, 22489, 22491, 22534, 22551, 22559, 22579, 22592, 22604, 22639, 22648, 22650, 22691, 22711, 22755, 22801, 22812, 22827, 22829, 22847, 22856, 22865, 22897, 22938, 22942, 22984, 22987, 23001, 23004, 23097, 23105, 23107, 23109, 23111, 23113, 23115, 23117, 23119, 23121, 23123, 23125, 23127, 23129, 23131, 23139, 23141, 23145, 23147, 23149, 23151, 23159, 23161, 23163, 23165, 23167, 23169, 23174, 23176, 23195, 23198, 23230, 23234, 23238, 23261, 23269, 23318, 23339, 23356, 23411, 23425, 23441, 23453, 23490, 23512, 23526, 23534, 23540, 23563, 23614, 23618, 23625, 23668, 23699, 23747, 23753, 23760, 23764, 23777, 23826, 23849, 23878, 23889, 23909, 23938, 23954, 23977, 23988, 24061, 24063, 24065, 24082, 24094, 24137, 24139, 24225, 24317, 24372, 24388, 24394, 24403, 24427, 24430, 24443, 24518, 24521, 24527, 24530, 24539, 24556, 24559]",[],"[12, 21, 32, 34, 56, 76, 104, 125, 133, 168, 170, 197, 211, 220, 229, 265, 289, 296, 298, 380, 400, 403, 411, 417, 438, 448, 458, 463, 465, 509, 538, 540, 606, 626, 629, 646, 669, 677, 700, 704, 706, 741, 758, 790, 812, 819, 843, 920, 924, 1000, 1012, 1014, 1023, 1073, 1157, 1172, 1181, 1190, 1192, 1202, 1206, 1210, 1217, 1244, 1289, 1299, 1316, 1321, 1323, 1369, 1389, 1410, 1424, 1442, 1467, 1470, 1480, 1544, 1596, 1616, 1633, 1678, 1690, 1710, 1715, 1743, 1764, 1770, 1781, 1791, 1833, 1848, 1861, 1865, 1882, 1893, 1895, 1910, 1932, 1940, 1986, 2013, 2022, 2030, 2040, 2080, 2115, 2117, 2126, 2164, 2175, 2188, 2200, 2233, 2255, 2262, 2269, 2273, 2277, 2288, 2333, 2336, 2338, 2340, 2346, 2388, 2396, 2405, 2408, 2415, 2449, 2456, 2460, 2496, 2531, 2541, 2552, 2614, 2652, 2705, 2747, 2785, 2789, 2808, 2816, 2844, 2848, 2872, 2884, 2931, 2940, 2942, 2956, 2960, 2970, 2983, 3034, 3067, 3127, 3130, 3174, 3230, 3277, 3307, 3334, 3363, 3365, 3427, 3430, 3435, 3439, 3576, 3648, 3654, 3679, 3685, 3704, 3710, 3718, 3750, 3791, 3809, 3919, 3925, 3930, 3939, 3955, 4003, 4007, 4045, 4064, 4069, 4091, 4093, 4145, 4152, 4157, 4181, 4193, 4197, 4233, 4263, 4289, 4314, 4334, 4350, 4359, 4364, 4370, 4374, 4397, 4422, 4428, 4441, 4443, 4508, 4518, 4523, 4536, 4553, 4562, 4565, 4569, 4573, 4575, 4577, 4579, 4581, 4583, 4585, 4597, 4601, 4625, 4643, 4685, 4716, 4722, 4724, 4730, 4745, 4749, 4758, 4766, 4774, 4777, 4798, 4807, 4821, 4882, 4884, 4886, 4891, 4903, 4905, 4919, 4937, 5043, 5057, 5124, 5150, 5175, 5182, 5184, 5207, 5214, 5296, 5325, 5346, 5396, 5408, 5415, 5418, 5458, 5469, 5477, 5521, 5534, 5542, 5551, 5558, 5565, 5574, 5576, 5579, 5581, 5591, 5603, 5625, 5627, 5635, 5655, 5658, 5687, 5759, 5775, 5814, 5816, 5821, 5823, 5849, 5867, 5877, 5902, 5922, 5925, 5935, 6029, 6047, 6086, 6102, 6109, 6122, 6126, 6154, 6221, 6258, 6270, 6286, 6319, 6357, 6365, 6397, 6406, 6435, 6457, 6494, 6505, 6519, 6522, 6525, 6528, 6555, 6557, 6562, 6572, 6591, 6593, 6664, 6740, 6761, 6778, 6790, 6795, 6798, 6825, 6840, 6850, 6857, 6862, 6882, 6890, 6906, 6928, 6950, 6977, 6981, 6991, 7028, 7047, 7051, 7126, 7155, 7157, 7161, 7193, 7218, 7228, 7266, 7305, 7307, 7315, 7326, 7349, 7376, 7387, 7395, 7400, 7403, 7421, 7429, 7432, 7438, 7446, 7455, 7463, 7506, 7528, 7549, 7590, 7593, 7615, 7626, 7630, 7652, 7678, 7707, 7724, 7729, 7767, 7771, 7796, 7830, 7834, 7846, 7852, 7876, 7948, 7952, 8006, 8012, 8023, 8041, 8047, 8108, 8123, 8125, 8170, 8172, 8256, 8258, 8300, 8335, 8368, 8371, 8375, 8390, 8405, 8410, 8422, 8435, 8460, 8467, 8504, 8511, 8595, 8618, 8652, 8663, 8666, 8708, 8735, 8837, 8850, 8872, 8922, 8937, 8947, 8982, 8997, 9004, 9034, 9109, 9125, 9178, 9213, 9216, 9238, 9241, 9320, 9333, 9340, 9350, 9386, 9395, 9408, 9422, 9432, 9446, 9453, 9501, 9523, 9526, 9541, 9549, 9553, 9562, 9590, 9593, 9614, 9651, 9721, 9748, 9756, 9846, 9882, 9904, 9918, 9934, 9941, 9983, 9989, 9993, 10026, 10032, 10042, 10071, 10080, 10083, 10126, 10135, 10137, 10145, 10149, 10152, 10164, 10166, 10223, 10243, 10249, 10311, 10347, 10365, 10409, 10423, 10434, 10460, 10466, 10489, 10517, 10531, 10546, 10575, 10582, 10599, 10629, 10636, 10639, 10653, 10701, 10719, 10728, 10732, 10758, 10767, 10773, 10782, 10796, 10808, 10816, 10845, 10885, 10891, 10895, 10904, 10908, 10944, 10959, 10972, 10984, 10991, 10993, 10996, 11001, 11079, 11085, 11106, 11146, 11150, 11176, 11206, 11214, 11308, 11408, 11426, 11437, 11456, 11500, 11503, 11509, 11545, 11567, 11630, 11642, 11652, 11662, 11676, 11696, 11709, 11721, 11729, 11738, 11759, 11782, 11814, 11816, 11824, 11831, 11841, 11913, 11921, 11980, 12025, 12109, 12111, 12124, 12129, 12154, 12171, 12176, 12179, 12183, 12202, 12207, 12247, 12255, 12268, 12273, 12277, 12308, 12310, 12347, 12365, 12378, 12381, 12432, 12468, 12492, 12507, 12529, 12543, 12576, 12580, 12585, 12603, 12635, 12649, 12657, 12666, 12676, 12747, 12794, 12798, 12816, 12896, 12904, 12922, 12924, 12942, 12965, 12997, 13018, 13038, 13042, 13053, 13116, 13120, 13129, 13170, 13227, 13242, 13250, 13288, 13293, 13329, 13335, 13347, 13367, 13379, 13381, 13422, 13426, 13448, 13475, 13487, 13491, 13509, 13517, 13520, 13528, 13541, 13557, 13571, 13582, 13606, 13640, 13642, 13656, 13667, 13689, 13692, 13712, 13738, 13752, 13775, 13796, 13808, 13810, 13842, 13896, 13907, 13938, 13963, 13969, 14088, 14092, 14098, 14105, 14114, 14139, 14184, 14189, 14198, 14201, 14214, 14226, 14241, 14258, 14264, 14268, 14274, 14296, 14319, 14332, 14350, 14365, 14387, 14396, 14399, 14402, 14408, 14425, 14429, 14442, 14470, 14493, 14497, 14548, 14569, 14576, 14611, 14661, 14673, 14694, 14708, 14712, 14714, 14723, 14749, 14792, 14804, 14827, 14836, 14842, 14851, 14853, 14882, 14908, 14915, 14921, 14930, 14935, 14988, 15048, 15068, 15105, 15143, 15146, 15181, 15196, 15203, 15219, 15226, 15236, 15252, 15256, 15284, 15291, 15340, 15361, 15403, 15413, 15425, 15428, 15447, 15454, 15465, 15471, 15481, 15493, 15497, 15538, 15540, 15546, 15554, 15556, 15560, 15613, 15621, 15638, 15652, 15706, 15745, 15759, 15791, 15802, 15824, 15833, 15856, 15878, 15918, 15920, 15928, 15930, 15936, 15940, 15953, 15957, 15961, 15983, 16008, 16064, 16066, 16068, 16072, 16086, 16182, 16208, 16238, 16283, 16309, 16383, 16406, 16416, 16418, 16426, 16475, 16478, 16493, 16519, 16540, 16554, 16556, 16582, 16592, 16631, 16685, 16721, 16726, 16732, 16734, 16743, 16761, 16781, 16795, 16799, 16814, 16817, 16823, 16829, 16836, 16846, 16857, 16884, 16886, 16907, 17005, 17011, 17013, 17028, 17038, 17045, 17059, 17065, 17071, 17080, 17095, 17130, 17135, 17189, 17196, 17200, 17208, 17221, 17256, 17262, 17292, 17305, 17314, 17329, 17331, 17367, 17375, 17377, 17391, 17458, 17463, 17468, 17478, 17480, 17512, 17528, 17541, 17556, 17568, 17570, 17572, 17574, 17577, 17581, 17586, 17593, 17602, 17608, 17642, 17676, 17683, 17688, 17702, 17718, 17760, 17783, 17817, 17835, 17853, 17883, 17886, 18056, 18077, 18094, 18100, 18116, 18128, 18202, 18219, 18228, 18258, 18271, 18274, 18284, 18287, 18301, 18420, 18427, 18435, 18440, 18454, 18461, 18512, 18516, 18579, 18585, 18608, 18639, 18644, 18679, 18681, 18683, 18695, 18701, 18703, 18705, 18707, 18714, 18724, 18729, 18762, 18778, 18817, 18869, 18875, 18912, 18919, 18941, 18968, 18984, 18990, 19003, 19031, 19034, 19049, 19051, 19071, 19105, 19110, 19112, 19119, 19128, 19158, 19202, 19216, 19232, 19265, 19268, 19312, 19394, 19403, 19431, 19476, 19513, 19542, 19592, 19604, 19606, 19647, 19677, 19716, 19730, 19749, 19768, 19773, 19783, 19799, 19815, 19821, 19877, 19891, 19899, 19932, 19956, 20049, 20054, 20095, 20149, 20169, 20188, 20193, 20199, 20207, 20216, 20267, 20281, 20298, 20302, 20311, 20327, 20338, 20349, 20377, 20383, 20398, 20421, 20428, 20435, 20445, 20468, 20475, 20479, 20488, 20496, 20503, 20515, 20566, 20585, 20601, 20618, 20620, 20693, 20708, 20719, 20742, 20753, 20847, 20856, 20880, 20895, 20907, 20954, 21041, 21064, 21075, 21077, 21089, 21124, 21187, 21195, 21208, 21212, 21227, 21280, 21288, 21346, 21354, 21356, 21359, 21370, 21375, 21378, 21414, 21446, 21491, 21493, 21500, 21511, 21521, 21564, 21580, 21582, 21660, 21689, 21702, 21705, 21745, 21756, 21773, 21782, 21837, 21839, 21868, 21891, 21893, 21920, 21926, 21928, 21939, 21975, 21997, 22010, 22057, 22092, 22130, 22145, 22156, 22169, 22177, 22181, 22191, 22264, 22284, 22317, 22323, 22347, 22371, 22383, 22418, 22455, 22477, 22489, 22491, 22534, 22551, 22559, 22579, 22592, 22604, 22639, 22648, 22650, 22691, 22711, 22755, 22801, 22812, 22827, 22829, 22847, 22856, 22865, 22897, 22938, 22942, 22984, 22987, 23001, 23004, 23097, 23105, 23107, 23109, 23111, 23113, 23115, 23117, 23119, 23121, 23123, 23125, 23127, 23129, 23131, 23139, 23141, 23145, 23147, 23149, 23151, 23159, 23161, 23163, 23165, 23167, 23169, 23174, 23176, 23195, 23198, 23230, 23234, 23238, 23261, 23269, 23318, 23339, 23356, 23411, 23425, 23441, 23453, 23490, 23512, 23526, 23534, 23540, 23563, 23614, 23618, 23625, 23668, 23699, 23747, 23753, 23760, 23764, 23777, 23826, 23849, 23878, 23889, 23909, 23938, 23954, 23977, 23988, 24061, 24063, 24065, 24082, 24094, 24137, 24139, 24225, 24317, 24372, 24388, 24394, 24403, 24427, 24430, 24443, 24518, 24521, 24527, 24530, 24539, 24556, 24559]","[999, 1860, 2955, 5457, 6760, 7766, 9445, 11629, 13421, 14087, 14707, 16581, 17834]",24600,1245,23355,0,1245,23342,13
-4.0,GORPROTP1A,"[9, 12, 61, 72, 96, 117, 165, 169, 185, 246, 257, 262, 286, 341]",[],"[9, 12, 61, 72, 96, 117, 165, 169, 185, 246, 257, 262, 286, 341]",[164],405,14,391,0,14,390,1
-4.0,GPIINS,"[82, 98, 106, 137, 162, 179, 189, 192, 204, 208, 210, 217, 252, 284, 293, 302, 310, 323, 348, 367, 415, 429, 445, 456, 463, 465, 467, 503, 527, 553, 559, 565, 588, 615, 623, 627, 652, 660, 665, 668, 671, 697, 704, 726, 797, 808, 839, 841, 856, 944, 951, 953, 957, 971, 973, 994, 1024, 1032, 1035, 1038, 1040, 1049, 1089, 1116, 1139, 1176, 1218, 1226, 1234, 1239, 1359, 1363, 1365, 1367, 1425, 1455]",[],"[82, 98, 106, 137, 162, 179, 189, 192, 204, 208, 210, 217, 252, 284, 293, 302, 310, 323, 348, 367, 415, 429, 445, 456, 463, 465, 467, 503, 527, 553, 559, 565, 588, 615, 623, 627, 652, 660, 665, 668, 671, 697, 704, 726, 797, 808, 839, 841, 856, 944, 951, 953, 957, 971, 973, 994, 1024, 1032, 1035, 1038, 1040, 1049, 1089, 1116, 1139, 1176, 1218, 1226, 1234, 1239, 1359, 1363, 1365, 1367, 1425, 1455]",[526],1465,76,1389,0,76,1388,1
-4.0,HAMAMYLP,"[10, 22, 49, 60, 111, 130, 176, 179, 204, 206, 224, 249, 258, 272, 281, 301, 338, 361, 363, 368, 370, 386, 395, 424, 432, 447, 509, 512, 540, 544, 546, 560, 580, 619, 623, 633, 664, 671, 685, 689, 697, 700, 736, 740, 801, 807, 833, 848, 850, 861, 892, 902, 913, 918, 935, 986, 1030, 1051, 1058, 1080, 1098, 1120, 1139, 1156, 1189, 1194, 1215, 1228, 1230, 1236, 1284, 1343, 1357, 1360, 1368, 1380, 1395, 1415, 1474, 1516, 1537, 1540, 1550, 1558, 1581, 1609, 1647, 1660, 1675, 1690, 1745, 1771, 1782, 1795, 1810, 1841, 1860, 1889, 1918, 1928, 1968, 1977, 1999, 2001, 2168, 2171, 2189, 2202, 2214, 2250, 2263, 2265, 2309, 2328, 2341, 2358, 2387, 2420, 2426, 2428, 2440, 2456, 2501, 2503, 2505, 2520, 2541, 2563, 2617, 2642, 2651, 2672, 2682, 2688, 2695, 2723, 2741, 2751, 2764, 2771, 2787, 2827, 2842, 2849, 2875, 2885, 2912, 2922, 2924, 2987, 3003, 3005, 3054, 3063, 3079, 3117, 3128, 3169, 3230, 3233, 3246, 3317, 3330, 3348, 3364, 3416, 3426, 3500, 3505, 3528, 3544, 3570, 3585, 3827, 3869, 3895, 3906, 3935, 3939, 3941, 3957, 3969, 4006, 4025, 4043, 4071, 4097, 4103, 4106, 4116, 4118, 4122, 4128, 4144, 4153, 4162, 4182, 4184, 4200, 4206, 4255, 4258, 4264, 4305, 4329, 4335, 4347, 4356, 4384, 4387, 4431, 4492, 4506, 4537, 4545, 4562, 4566, 4573, 4578, 4590, 4675, 4722, 4762, 4788, 4795, 4826, 4852, 4856, 4859, 4865, 4927, 4997, 5006, 5035, 5046, 5050, 5054, 5056, 5059, 5064, 5094, 5136, 5149, 5175, 5189, 5194, 5214, 5258, 5284, 5293, 5296, 5298, 5346, 5359, 5380, 5408, 5420, 5425, 5430, 5454, 5468, 5480, 5497, 5542, 5582, 5600, 5616, 5619, 5623, 5633, 5681, 5691, 5695, 5703, 5705, 5708, 5772, 5774, 5786, 5846, 5850, 5856, 5905, 5908, 5920, 5931]",[],"[10, 22, 49, 60, 111, 130, 176, 179, 204, 206, 224, 249, 258, 272, 281, 301, 338, 361, 363, 368, 370, 386, 395, 424, 432, 447, 509, 512, 540, 544, 546, 560, 580, 619, 623, 633, 664, 671, 685, 689, 697, 700, 736, 740, 801, 807, 833, 848, 850, 861, 892, 902, 913, 918, 935, 986, 1030, 1051, 1058, 1080, 1098, 1120, 1139, 1156, 1189, 1194, 1215, 1228, 1230, 1236, 1284, 1343, 1357, 1360, 1368, 1380, 1395, 1415, 1474, 1516, 1537, 1540, 1550, 1558, 1581, 1609, 1647, 1660, 1675, 1690, 1745, 1771, 1782, 1795, 1810, 1841, 1860, 1889, 1918, 1928, 1968, 1977, 1999, 2001, 2168, 2171, 2189, 2202, 2214, 2250, 2263, 2265, 2309, 2328, 2341, 2358, 2387, 2420, 2426, 2428, 2440, 2456, 2501, 2503, 2505, 2520, 2541, 2563, 2617, 2642, 2651, 2672, 2682, 2688, 2695, 2723, 2741, 2751, 2764, 2771, 2787, 2827, 2842, 2849, 2875, 2885, 2912, 2922, 2924, 2987, 3003, 3005, 3054, 3063, 3079, 3117, 3128, 3169, 3230, 3233, 3246, 3317, 3330, 3348, 3364, 3416, 3426, 3500, 3505, 3528, 3544, 3570, 3585, 3827, 3869, 3895, 3906, 3935, 3939, 3941, 3957, 3969, 4006, 4025, 4043, 4071, 4097, 4103, 4106, 4116, 4118, 4122, 4128, 4144, 4153, 4162, 4182, 4184, 4200, 4206, 4255, 4258, 4264, 4305, 4329, 4335, 4347, 4356, 4384, 4387, 4431, 4492, 4506, 4537, 4545, 4562, 4566, 4573, 4578, 4590, 4675, 4722, 4762, 4788, 4795, 4826, 4852, 4856, 4859, 4865, 4927, 4997, 5006, 5035, 5046, 5050, 5054, 5056, 5059, 5064, 5094, 5136, 5149, 5175, 5189, 5194, 5214, 5258, 5284, 5293, 5296, 5298, 5346, 5359, 5380, 5408, 5420, 5425, 5430, 5454, 5468, 5480, 5497, 5542, 5582, 5600, 5616, 5619, 5623, 5633, 5681, 5691, 5695, 5703, 5705, 5708, 5772, 5774, 5786, 5846, 5850, 5856, 5905, 5908, 5920, 5931]",[2308],5948,286,5662,0,286,5661,1
-4.0,HAMHG5,"[11, 13, 15, 17, 19, 21, 23, 25, 27, 29, 31, 33, 35, 37, 41, 45, 49, 53, 57, 61, 63, 69, 71, 79, 93, 153, 171, 173, 179, 185, 213, 250, 252, 264, 281, 332, 347, 349, 367, 385, 400, 408, 413, 425, 429, 464, 479, 511, 528, 531, 546, 549, 551, 553, 555, 571, 589, 610, 616, 641, 645, 665, 725, 731, 737, 775, 782, 838, 847, 853, 894, 901, 905, 922, 934, 954, 956, 966, 978, 1033, 1046, 1063, 1076, 1116, 1133, 1190, 1226, 1237, 1254, 1319, 1328, 1334, 1336, 1338, 1358, 1374, 1378, 1386, 1390, 1409, 1446, 1454, 1485, 1503, 1534, 1554, 1624, 1641, 1691, 1703, 1708, 1720, 1725, 1733, 1776, 1802, 1818, 1858, 1871, 1882, 1887, 1895, 1901, 1906, 1910, 1914, 1920, 1924, 1977, 1983, 2000, 2006, 2029, 2102, 2147, 2154, 2156, 2158, 2160, 2162, 2164, 2166, 2168, 2170, 2172, 2174, 2176, 2178, 2180, 2182, 2184, 2186, 2188, 2190, 2192, 2199, 2213, 2215, 2262, 2290, 2302, 2339, 2358, 2363, 2367, 2370, 2374, 2389, 2428, 2444, 2454, 2465, 2469, 2474, 2507, 2519, 2522, 2617, 2624, 2629, 2680, 2700, 2712, 2721, 2735, 2737, 2768, 2818, 2822, 2826, 2828, 2830, 2898, 2914, 2921, 2926, 2933, 2954, 2964, 2966, 2968, 2970, 2972, 2974, 2976, 2978, 2980, 2982, 2984, 2986, 2988, 2990, 2992, 2994, 2998, 3002, 3006, 3010, 3014, 3018, 3022, 3098, 3102, 3125, 3140, 3143, 3153, 3160, 3165, 3177, 3195, 3202, 3208, 3211, 3214, 3218, 3224, 3230, 3238, 3240, 3252, 3256, 3273, 3311, 3327, 3335, 3341, 3346, 3374, 3389, 3416, 3426, 3434, 3462, 3502, 3548, 3592, 3601, 3610, 3612, 3614, 3621, 3643, 3645, 3679, 3690, 3701, 3715, 3723, 3745, 3790, 3808, 3823, 3847, 3894, 3934, 3951, 4023, 4037, 4043, 4068, 4090, 4095, 4104, 4128, 4185, 4214, 4238, 4248, 4278, 4281, 4284, 4291, 4320, 4363, 4411, 4419, 4421, 4462, 4518, 4542, 4550, 4572, 4590, 4599, 4602, 4611, 4620, 4634, 4663, 4683, 4690, 4693, 4704, 4713, 4731, 4781, 4806, 4811, 4827, 4857, 4874, 4877, 4932, 4983, 4985, 5008, 5018, 5061, 5079, 5081, 5099, 5102, 5105, 5153, 5155, 5197, 5213, 5242, 5259, 5285, 5304, 5312, 5374, 5388, 5390, 5396, 5404, 5422, 5440, 5461, 5487, 5496, 5518, 5576, 5599, 5604, 5624, 5638, 5640, 5653, 5685, 5717, 5725, 5765, 5774, 5780, 5784, 5793, 5811, 5815, 5825, 5830, 5842, 5853, 5906, 5908, 5921, 5936, 5948, 5954, 5990, 5996, 6008, 6026, 6028, 6035, 6044, 6110, 6146, 6161, 6189, 6193, 6195, 6213, 6237, 6244, 6287, 6289, 6295, 6306, 6311, 6329, 6340, 6343, 6349, 6363, 6399, 6408, 6463, 6479, 6575, 6598, 6614, 6625, 6636, 6695, 6715, 6725, 6742, 6751, 6770, 6781, 6802, 6815, 6828, 6917, 6933, 6935, 6963, 6966, 6979, 7004, 7009, 7012, 7018, 7061, 7129, 7157, 7161, 7163, 7214, 7230, 7241, 7259, 7262, 7265, 7283, 7288, 7312, 7405, 7421, 7428, 7442, 7446, 7491, 7494, 7498, 7536, 7558, 7568, 7577, 7582, 7584, 7602, 7609, 7611, 7669, 7673, 7680, 7691, 7709, 7737, 7796, 7830, 7839, 7849, 7875, 7932, 7939, 7957, 7983, 8029, 8044, 8075, 8109, 8123, 8137, 8158, 8210, 8216, 8225, 8259, 8263, 8271, 8282, 8287, 8296, 8300, 8369, 8388, 8397, 8407, 8428, 8430, 8435, 8453, 8480, 8510, 8570, 8611, 8626, 8636, 8651, 8668, 8697, 8720, 8760, 8794, 8796, 8804, 8808, 8813, 8841, 8863, 8882, 8896, 8933, 8958, 9009, 9014, 9032, 9036, 9041, 9060, 9107, 9122, 9131, 9150, 9166, 9168, 9173, 9183, 9205, 9224, 9232, 9261, 9285, 9292, 9330, 9337, 9355, 9417, 9425, 9476, 9485, 9526, 9573, 9577, 9632, 9659]",[],"[11, 13, 15, 17, 19, 21, 23, 25, 27, 29, 31, 33, 35, 37, 41, 45, 49, 53, 57, 61, 63, 69, 71, 79, 93, 153, 171, 173, 179, 185, 213, 250, 252, 264, 281, 332, 347, 349, 367, 385, 400, 408, 413, 425, 429, 464, 479, 511, 528, 531, 546, 549, 551, 553, 555, 571, 589, 610, 616, 641, 645, 665, 725, 731, 737, 775, 782, 838, 847, 853, 894, 901, 905, 922, 934, 954, 956, 966, 978, 1033, 1046, 1063, 1076, 1116, 1133, 1190, 1226, 1237, 1254, 1319, 1328, 1334, 1336, 1338, 1358, 1374, 1378, 1386, 1390, 1409, 1446, 1454, 1485, 1503, 1534, 1554, 1624, 1641, 1691, 1703, 1708, 1720, 1725, 1733, 1776, 1802, 1818, 1858, 1871, 1882, 1887, 1895, 1901, 1906, 1910, 1914, 1920, 1924, 1977, 1983, 2000, 2006, 2029, 2102, 2147, 2154, 2156, 2158, 2160, 2162, 2164, 2166, 2168, 2170, 2172, 2174, 2176, 2178, 2180, 2182, 2184, 2186, 2188, 2190, 2192, 2199, 2213, 2215, 2262, 2290, 2302, 2339, 2358, 2363, 2367, 2370, 2374, 2389, 2428, 2444, 2454, 2465, 2469, 2474, 2507, 2519, 2522, 2617, 2624, 2629, 2680, 2700, 2712, 2721, 2735, 2737, 2768, 2818, 2822, 2826, 2828, 2830, 2898, 2914, 2921, 2926, 2933, 2954, 2964, 2966, 2968, 2970, 2972, 2974, 2976, 2978, 2980, 2982, 2984, 2986, 2988, 2990, 2992, 2994, 2998, 3002, 3006, 3010, 3014, 3018, 3022, 3098, 3102, 3125, 3140, 3143, 3153, 3160, 3165, 3177, 3195, 3202, 3208, 3211, 3214, 3218, 3224, 3230, 3238, 3240, 3252, 3256, 3273, 3311, 3327, 3335, 3341, 3346, 3374, 3389, 3416, 3426, 3434, 3462, 3502, 3548, 3592, 3601, 3610, 3612, 3614, 3621, 3643, 3645, 3679, 3690, 3701, 3715, 3723, 3745, 3790, 3808, 3823, 3847, 3894, 3934, 3951, 4023, 4037, 4043, 4068, 4090, 4095, 4104, 4128, 4185, 4214, 4238, 4248, 4278, 4281, 4284, 4291, 4320, 4363, 4411, 4419, 4421, 4462, 4518, 4542, 4550, 4572, 4590, 4599, 4602, 4611, 4620, 4634, 4663, 4683, 4690, 4693, 4704, 4713, 4731, 4781, 4806, 4811, 4827, 4857, 4874, 4877, 4932, 4983, 4985, 5008, 5018, 5061, 5079, 5081, 5099, 5102, 5105, 5153, 5155, 5197, 5213, 5242, 5259, 5285, 5304, 5312, 5374, 5388, 5390, 5396, 5404, 5422, 5440, 5461, 5487, 5496, 5518, 5576, 5599, 5604, 5624, 5638, 5640, 5653, 5685, 5717, 5725, 5765, 5774, 5780, 5784, 5793, 5811, 5815, 5825, 5830, 5842, 5853, 5906, 5908, 5921, 5936, 5948, 5954, 5990, 5996, 6008, 6026, 6028, 6035, 6044, 6110, 6146, 6161, 6189, 6193, 6195, 6213, 6237, 6244, 6287, 6289, 6295, 6306, 6311, 6329, 6340, 6343, 6349, 6363, 6399, 6408, 6463, 6479, 6575, 6598, 6614, 6625, 6636, 6695, 6715, 6725, 6742, 6751, 6770, 6781, 6802, 6815, 6828, 6917, 6933, 6935, 6963, 6966, 6979, 7004, 7009, 7012, 7018, 7061, 7129, 7157, 7161, 7163, 7214, 7230, 7241, 7259, 7262, 7265, 7283, 7288, 7312, 7405, 7421, 7428, 7442, 7446, 7491, 7494, 7498, 7536, 7558, 7568, 7577, 7582, 7584, 7602, 7609, 7611, 7669, 7673, 7680, 7691, 7709, 7737, 7796, 7830, 7839, 7849, 7875, 7932, 7939, 7957, 7983, 8029, 8044, 8075, 8109, 8123, 8137, 8158, 8210, 8216, 8225, 8259, 8263, 8271, 8282, 8287, 8296, 8300, 8369, 8388, 8397, 8407, 8428, 8430, 8435, 8453, 8480, 8510, 8570, 8611, 8626, 8636, 8651, 8668, 8697, 8720, 8760, 8794, 8796, 8804, 8808, 8813, 8841, 8863, 8882, 8896, 8933, 8958, 9009, 9014, 9032, 9036, 9041, 9060, 9107, 9122, 9131, 9150, 9166, 9168, 9173, 9183, 9205, 9224, 9232, 9261, 9285, 9292, 9330, 9337, 9355, 9417, 9425, 9476, 9485, 9526, 9573, 9577, 9632, 9659]","[4856, 5517, 6188, 6597, 7441]",9712,561,9151,0,561,9146,5
-4.0,HROAMD1,"[55, 75, 88, 103, 111, 135, 138, 150, 158, 172, 207, 212, 238, 260, 271, 287, 290, 294, 320, 336, 338, 356, 369, 376, 403, 442, 452, 458, 462, 525, 541, 547, 559, 582, 586, 600, 702, 705, 718, 728, 779, 799, 810, 825, 840, 861, 897, 939, 960, 985, 1018, 1044, 1073, 1105, 1117, 1176, 1187, 1214, 1242, 1244, 1250, 1288, 1291, 1352, 1354, 1370, 1374, 1379, 1391, 1438, 1462, 1487, 1540, 1546, 1567, 1586, 1591, 1630, 1648, 1656, 1665, 1687, 1695, 1777, 1797, 1854, 1872, 1911, 1956, 1978, 2018, 2051, 2054, 2113, 2161, 2163, 2174, 2220, 2240, 2287, 2323, 2332, 2342, 2377, 2427, 2487, 2516, 2544, 2552, 2580, 2627, 2634, 2641, 2643, 2649, 2675, 2688, 2696, 2714, 2716, 2727, 2732, 2755, 2769, 2816, 2836, 2855, 2866, 2894, 2899, 2904, 2912, 2915, 2921, 2956, 3064, 3095, 3101, 3130, 3240, 3261, 3267, 3283, 3291, 3321, 3328, 3331, 3338, 3344, 3349, 3358, 3378, 3390, 3402, 3463, 3465, 3487, 3495, 3504, 3574, 3592, 3595, 3608, 3613, 3629, 3645, 3647, 3650, 3660, 3664, 3666, 3719, 3780, 3829, 3831, 3835, 3855, 3866, 3904, 3907, 3929, 3964, 3966, 3973, 3987, 3998, 4014, 4044, 4082, 4110, 4182, 4218, 4255, 4262, 4268, 4299, 4309, 4314, 4342, 4348, 4353, 4400, 4415, 4423, 4462, 4468, 4498, 4507, 4537, 4584, 4601, 4675, 4694, 4701, 4705, 4724, 4740, 4745, 4755, 4762, 4773, 4789, 4796, 4808, 4817, 4824, 4830, 4840, 4859, 4865, 4873, 4886, 4952, 4964, 4980, 5015, 5023, 5041, 5055, 5058, 5098, 5107, 5135, 5139, 5141, 5146, 5162, 5181, 5205, 5208, 5217, 5224, 5261, 5281, 5292, 5312, 5317, 5319, 5337, 5342, 5359, 5374, 5381, 5384, 5390, 5403, 5414, 5421, 5424, 5472, 5484, 5495, 5506, 5529, 5544, 5576, 5595, 5633, 5635, 5652, 5654, 5694, 5711, 5714, 5724, 5728, 5735, 5739, 5748, 5758, 5787, 5796, 5804, 5837, 5867, 5870, 5916, 5920, 5959, 5963, 6036, 6046, 6064, 6069, 6074, 6079, 6110, 6113, 6120, 6127, 6143, 6147, 6187, 6208, 6213, 6217, 6243, 6250, 6262, 6265, 6288, 6335, 6381, 6409, 6416, 6450, 6481, 6532, 6537, 6550, 6558, 6588, 6617, 6632, 6670, 6672, 6678, 6709, 6720, 6729, 6749, 6776, 6800, 6812, 6825, 6864, 6894, 6970, 6979, 6984, 7002, 7020, 7033, 7042, 7045, 7073]",[],"[55, 75, 88, 103, 111, 135, 138, 150, 158, 172, 207, 212, 238, 260, 271, 287, 290, 294, 320, 336, 338, 356, 369, 376, 403, 442, 452, 458, 462, 525, 541, 547, 559, 582, 586, 600, 702, 705, 718, 728, 779, 799, 810, 825, 840, 861, 897, 939, 960, 985, 1018, 1044, 1073, 1105, 1117, 1176, 1187, 1214, 1242, 1244, 1250, 1288, 1291, 1352, 1354, 1370, 1374, 1379, 1391, 1438, 1462, 1487, 1540, 1546, 1567, 1586, 1591, 1630, 1648, 1656, 1665, 1687, 1695, 1777, 1797, 1854, 1872, 1911, 1956, 1978, 2018, 2051, 2054, 2113, 2161, 2163, 2174, 2220, 2240, 2287, 2323, 2332, 2342, 2377, 2427, 2487, 2516, 2544, 2552, 2580, 2627, 2634, 2641, 2643, 2649, 2675, 2688, 2696, 2714, 2716, 2727, 2732, 2755, 2769, 2816, 2836, 2855, 2866, 2894, 2899, 2904, 2912, 2915, 2921, 2956, 3064, 3095, 3101, 3130, 3240, 3261, 3267, 3283, 3291, 3321, 3328, 3331, 3338, 3344, 3349, 3358, 3378, 3390, 3402, 3463, 3465, 3487, 3495, 3504, 3574, 3592, 3595, 3608, 3613, 3629, 3645, 3647, 3650, 3660, 3664, 3666, 3719, 3780, 3829, 3831, 3835, 3855, 3866, 3904, 3907, 3929, 3964, 3966, 3973, 3987, 3998, 4014, 4044, 4082, 4110, 4182, 4218, 4255, 4262, 4268, 4299, 4309, 4314, 4342, 4348, 4353, 4400, 4415, 4423, 4462, 4468, 4498, 4507, 4537, 4584, 4601, 4675, 4694, 4701, 4705, 4724, 4740, 4745, 4755, 4762, 4773, 4789, 4796, 4808, 4817, 4824, 4830, 4840, 4859, 4865, 4873, 4886, 4952, 4964, 4980, 5015, 5023, 5041, 5055, 5058, 5098, 5107, 5135, 5139, 5141, 5146, 5162, 5181, 5205, 5208, 5217, 5224, 5261, 5281, 5292, 5312, 5317, 5319, 5337, 5342, 5359, 5374, 5381, 5384, 5390, 5403, 5414, 5421, 5424, 5472, 5484, 5495, 5506, 5529, 5544, 5576, 5595, 5633, 5635, 5652, 5654, 5694, 5711, 5714, 5724, 5728, 5735, 5739, 5748, 5758, 5787, 5796, 5804, 5837, 5867, 5870, 5916, 5920, 5959, 5963, 6036, 6046, 6064, 6069, 6074, 6079, 6110, 6113, 6120, 6127, 6143, 6147, 6187, 6208, 6213, 6217, 6243, 6250, 6262, 6265, 6288, 6335, 6381, 6409, 6416, 6450, 6481, 6532, 6537, 6550, 6558, 6588, 6617, 6632, 6670, 6672, 6678, 6709, 6720, 6729, 6749, 6776, 6800, 6812, 6825, 6864, 6894, 6970, 6979, 6984, 7002, 7020, 7033, 7042, 7045, 7073]","[2687, 3486, 4700]",7092,356,6736,0,356,6733,3
-4.0,HROMA2,"[19, 21, 34, 42, 51, 84, 99, 114, 128, 140, 158, 166, 176, 194, 218, 220, 225, 251, 260, 285, 293, 316, 340, 345, 350, 359, 379, 394, 398, 401, 416, 418, 424, 428, 451, 512, 575, 577, 618, 660, 676, 687, 691, 706, 740, 744, 758, 763, 770, 774, 778, 782, 809, 821, 826, 839, 845, 847, 859, 903, 917, 920, 973, 989, 997, 1001, 1017, 1027, 1068, 1111, 1139, 1164, 1175, 1179, 1198, 1247, 1274, 1281, 1286, 1301, 1317, 1352, 1375, 1385, 1398, 1406, 1418, 1451, 1487, 1498, 1548, 1591, 1602, 1604, 1641, 1682, 1710, 1739]",[],"[19, 21, 34, 42, 51, 84, 99, 114, 128, 140, 158, 166, 176, 194, 218, 220, 225, 251, 260, 285, 293, 316, 340, 345, 350, 359, 379, 394, 398, 401, 416, 418, 424, 428, 451, 512, 575, 577, 618, 660, 676, 687, 691, 706, 740, 744, 758, 763, 770, 774, 778, 782, 809, 821, 826, 839, 845, 847, 859, 903, 917, 920, 973, 989, 997, 1001, 1017, 1027, 1068, 1111, 1139, 1164, 1175, 1179, 1198, 1247, 1274, 1281, 1286, 1301, 1317, 1352, 1375, 1385, 1398, 1406, 1418, 1451, 1487, 1498, 1548, 1591, 1602, 1604, 1641, 1682, 1710, 1739]","[739, 1174]",1780,98,1682,0,98,1680,2
-4.0,HROMA4A,"[46, 70, 134, 136, 144, 151, 162, 166, 185, 218, 220, 235, 266, 322, 362, 389, 391, 404, 412, 421, 454, 469, 498, 510, 535, 545, 563, 589, 594, 620, 629, 654, 662, 685, 709, 714, 719, 728, 748, 756, 763, 767, 770, 785, 787, 793, 820, 881, 944, 946, 987, 1029, 1045, 1056, 1060, 1075, 1109, 1113, 1115, 1127, 1132, 1135, 1139, 1143, 1162, 1172, 1186, 1198, 1201, 1205, 1207, 1226, 1269, 1305, 1317, 1322, 1335, 1341, 1343, 1355, 1399, 1413, 1416, 1469, 1485, 1493, 1497, 1513, 1523, 1564, 1607, 1635, 1671, 1675, 1694, 1763, 1770, 1775, 1790, 1806, 1841, 1864, 1874, 1887, 1895, 1907, 1940, 1976, 1987, 2037, 2080, 2091, 2093, 2130, 2167, 2171, 2179, 2199, 2288, 2292]",[],"[46, 70, 134, 136, 144, 151, 162, 166, 185, 218, 220, 235, 266, 322, 362, 389, 391, 404, 412, 421, 454, 469, 498, 510, 535, 545, 563, 589, 594, 620, 629, 654, 662, 685, 709, 714, 719, 728, 748, 756, 763, 767, 770, 785, 787, 793, 820, 881, 944, 946, 987, 1029, 1045, 1056, 1060, 1075, 1109, 1113, 1115, 1127, 1132, 1135, 1139, 1143, 1162, 1172, 1186, 1198, 1201, 1205, 1207, 1226, 1269, 1305, 1317, 1322, 1335, 1341, 1343, 1355, 1399, 1413, 1416, 1469, 1485, 1493, 1497, 1513, 1523, 1564, 1607, 1635, 1671, 1675, 1694, 1763, 1770, 1775, 1790, 1806, 1841, 1864, 1874, 1887, 1895, 1907, 1940, 1976, 1987, 2037, 2080, 2091, 2093, 2130, 2167, 2171, 2179, 2199, 2288, 2292]","[1108, 1670]",2332,120,2212,0,120,2210,2
-4.0,HRSPRMI,"[30, 50, 95, 134, 136, 139, 151, 153, 161, 164, 177, 192, 214, 238, 248, 252, 265, 269, 298, 318, 326, 341, 417, 436, 445, 488, 535, 552, 571, 574, 663, 684, 707, 723, 732, 751, 800, 802, 821, 829, 831, 847, 863, 936, 975, 985, 1009, 1065, 1108, 1114, 1117, 1132, 1158, 1197, 1212, 1229, 1238, 1246, 1250, 1267, 1285, 1350, 1374, 1390, 1417, 1432, 1449, 1493, 1557, 1606, 1645, 1674, 1686, 1711, 1798, 1827, 1835, 1881, 1905, 1907, 1942, 2018, 2030, 2040, 2048, 2065, 2135, 2139, 2145, 2151, 2156, 2158, 2167, 2185, 2189, 2198]",[],"[30, 50, 95, 134, 136, 139, 151, 153, 161, 164, 177, 192, 214, 238, 248, 252, 265, 269, 298, 318, 326, 341, 417, 436, 445, 488, 535, 552, 571, 574, 663, 684, 707, 723, 732, 751, 800, 802, 821, 829, 831, 847, 863, 936, 975, 985, 1009, 1065, 1108, 1114, 1117, 1132, 1158, 1197, 1212, 1229, 1238, 1246, 1250, 1267, 1285, 1350, 1374, 1390, 1417, 1432, 1449, 1493, 1557, 1606, 1645, 1674, 1686, 1711, 1798, 1827, 1835, 1881, 1905, 1907, 1942, 2018, 2030, 2040, 2048, 2065, 2135, 2139, 2145, 2151, 2156, 2158, 2167, 2185, 2189, 2198]",[722],2199,96,2103,0,96,2102,1
-4.0,HS1D3HLH,"[20, 36, 38, 98, 110, 150, 174, 178, 186, 235, 272, 292, 319, 332, 334, 381, 410, 417, 424, 468, 508, 517, 540, 560, 618, 642, 660, 668, 675, 681, 698, 758, 779, 781, 790, 801, 902, 911, 938, 956, 983, 1040, 1052, 1118, 1171, 1214, 1216, 1232, 1236, 1260, 1273, 1281, 1291, 1316, 1347, 1361, 1383, 1387, 1395, 1400, 1439, 1448, 1457, 1466, 1482, 1490, 1497, 1500, 1511, 1536, 1538, 1549, 1558, 1568, 1576, 1579, 1597, 1608, 1620, 1635, 1646, 1668, 1721, 1751, 1763, 1877, 1897, 1905, 1950, 1977, 1985, 1998, 2004, 2006, 2015, 2056, 2064, 2080, 2085, 2115, 2123, 2128, 2147, 2157, 2170, 2192, 2229, 2231, 2247, 2258, 2309, 2352, 2368, 2382, 2395, 2402, 2418, 2430, 2474]",[],"[20, 36, 38, 98, 110, 150, 174, 178, 186, 235, 272, 292, 319, 332, 334, 381, 410, 417, 424, 468, 508, 517, 540, 560, 618, 642, 660, 668, 675, 681, 698, 758, 779, 781, 790, 801, 902, 911, 938, 956, 983, 1040, 1052, 1118, 1171, 1214, 1216, 1232, 1236, 1260, 1273, 1281, 1291, 1316, 1347, 1361, 1383, 1387, 1395, 1400, 1439, 1448, 1457, 1466, 1482, 1490, 1497, 1500, 1511, 1536, 1538, 1549, 1558, 1568, 1576, 1579, 1597, 1608, 1620, 1635, 1646, 1668, 1721, 1751, 1763, 1877, 1897, 1905, 1950, 1977, 1985, 1998, 2004, 2006, 2015, 2056, 2064, 2080, 2085, 2115, 2123, 2128, 2147, 2157, 2170, 2192, 2229, 2231, 2247, 2258, 2309, 2352, 2368, 2382, 2395, 2402, 2418, 2430, 2474]",[1039],2474,119,2355,0,119,2354,1
-4.0,HS2OXOC,"[16, 38, 71, 84, 88, 93, 99, 117, 180, 192, 196, 202, 209, 222, 240, 249, 305, 308, 335, 376, 415, 450, 452, 462, 474, 488, 553, 563, 565, 637, 661, 671, 707, 732, 738, 756, 773, 803, 832, 872, 895, 902, 906, 959, 976, 1017, 1022, 1048, 1077, 1096, 1105, 1113, 1131, 1163, 1167, 1174, 1227, 1253, 1255, 1263, 1289, 1351, 1365, 1367, 1402, 1404, 1415, 1422, 1426, 1452, 1457, 1462, 1471, 1531, 1534, 1537, 1578, 1617, 1628, 1646, 1651, 1675, 1695, 1699, 1701, 1720, 1724, 1732, 1743, 1760, 1826, 1858, 1860, 1879, 1881, 1895, 1917, 1940, 1944, 1946, 1955, 1960, 1967, 1970, 1996, 2014, 2042, 2088, 2100, 2209, 2211, 2213, 2228, 2240, 2244, 2287, 2298, 2359, 2365, 2401, 2405, 2461, 2485]",[],"[16, 38, 71, 84, 88, 93, 99, 117, 180, 192, 196, 202, 209, 222, 240, 249, 305, 308, 335, 376, 415, 450, 452, 462, 474, 488, 553, 563, 565, 637, 661, 671, 707, 732, 738, 756, 773, 803, 832, 872, 895, 902, 906, 959, 976, 1017, 1022, 1048, 1077, 1096, 1105, 1113, 1131, 1163, 1167, 1174, 1227, 1253, 1255, 1263, 1289, 1351, 1365, 1367, 1402, 1404, 1415, 1422, 1426, 1452, 1457, 1462, 1471, 1531, 1534, 1537, 1578, 1617, 1628, 1646, 1651, 1675, 1695, 1699, 1701, 1720, 1724, 1732, 1743, 1760, 1826, 1858, 1860, 1879, 1881, 1895, 1917, 1940, 1944, 1946, 1955, 1960, 1967, 1970, 1996, 2014, 2042, 2088, 2100, 2209, 2211, 2213, 2228, 2240, 2244, 2287, 2298, 2359, 2365, 2401, 2405, 2461, 2485]","[116, 871, 1162, 1421, 1694, 1825]",2511,123,2388,0,123,2382,6
-4.0,HSABLGR1,"[8, 15, 37, 56, 89, 139, 170, 172, 186, 202, 211, 222, 227, 232, 251, 278, 286, 306, 320, 324, 347, 372, 381, 442, 511, 521, 536, 541, 580, 620, 626, 675, 686, 709, 733, 750, 819, 846, 861, 865, 869, 886, 896, 903, 907, 923, 953, 967, 969, 993, 995, 1025, 1038, 1081, 1113, 1156, 1159, 1166, 1172, 1225, 1237, 1280, 1290, 1339, 1347, 1371, 1400, 1413, 1424, 1429, 1491, 1517, 1522, 1561, 1593, 1637, 1639, 1646, 1657, 1667, 1671, 1680, 1701, 1728, 1789, 1839, 1861, 1896, 1898, 1904, 1919, 1928, 1939, 1942, 1945, 1982, 2007, 2074, 2077, 2143, 2149, 2155, 2176, 2194, 2219, 2228, 2266, 2275, 2279, 2301, 2316, 2331, 2339, 2361, 2377, 2385, 2408, 2415, 2452, 2469, 2473, 2546, 2549, 2568, 2594, 2633, 2636, 2639, 2642, 2645, 2648, 2652, 2656, 2660, 2671, 2681, 2696, 2740, 2757, 2772, 2817, 2826, 2835, 2837, 2847, 2860, 2881, 2924, 2951, 2960, 2978, 3000, 3021, 3055, 3059, 3083, 3108, 3111, 3131, 3141, 3160, 3164, 3179, 3183, 3191, 3216, 3221, 3223, 3248, 3266, 3288, 3290, 3294, 3298, 3300, 3316, 3345, 3349, 3373, 3383, 3392, 3411, 3436, 3464, 3477, 3508, 3520, 3527, 3552, 3562, 3594, 3597, 3604, 3637, 3641, 3678, 3684, 3737, 3830, 3846, 3852, 3858, 3874, 3909, 3916, 3927, 3961, 3963, 4013, 4019, 4035, 4041, 4109, 4122, 4136, 4149, 4167, 4199, 4209, 4241, 4244, 4251, 4257, 4316, 4322, 4357, 4370, 4416, 4426, 4465, 4480, 4492, 4507, 4512, 4529, 4594, 4609, 4624, 4629, 4653, 4674, 4752, 4758, 4805, 4807, 4827, 4857, 4866, 4870, 4878, 4896, 4906, 4961, 4966, 4968, 5052, 5086, 5109, 5120, 5125, 5142, 5153, 5158, 5160, 5168, 5191, 5210, 5215, 5219, 5223, 5262, 5269, 5285, 5289, 5297, 5301, 5313, 5318, 5335, 5343, 5360, 5372, 5397, 5428, 5454, 5466, 5478, 5496, 5518, 5520, 5529, 5570, 5615, 5667, 5671, 5708, 5720, 5813, 5858, 5868, 5883, 5891, 5920, 5927, 5959, 6020, 6029, 6040, 6048, 6050, 6060, 6063, 6082, 6109, 6126, 6156, 6200, 6203, 6244, 6261, 6274, 6313, 6316, 6335, 6361, 6393, 6409, 6462, 6472, 6480, 6490, 6498, 6501, 6509, 6513, 6515, 6528, 6541, 6568, 6585, 6593, 6605, 6618, 6628, 6666, 6673, 6679, 6706, 6709, 6744, 6757, 6759, 6765, 6779, 6793, 6821, 6825, 6827, 6870, 6876, 6879, 6898, 6905, 6909, 6923, 6933, 6978, 6997, 7003, 7050, 7057, 7071, 7080, 7085, 7122, 7169, 7189, 7198, 7213, 7224, 7253, 7255, 7389, 7421, 7466, 7500, 7502, 7505, 7508, 7523, 7537, 7598, 7647, 7656, 7662, 7673, 7690, 7697, 7725, 7728, 7755, 7803, 7807, 7819, 7863, 7865, 7896, 7898, 7900, 7940, 7949, 7973, 7994, 8006, 8016, 8040, 8047, 8061, 8068, 8083, 8114, 8140, 8142, 8164, 8173, 8175, 8182, 8266, 8270, 8294, 8317, 8327, 8333, 8340, 8357, 8379, 8396, 8429, 8441, 8451, 8471, 8475, 8498, 8536, 8539, 8544, 8623, 8677, 8680, 8721, 8725, 8741, 8779, 8782, 8793, 8801, 8803, 8805, 8807, 8836, 8871, 8894, 8896, 8898, 8904, 8914, 8951, 8957, 8968, 8982, 9005, 9031, 9036, 9053, 9076, 9082, 9104, 9115, 9121, 9141, 9149, 9190, 9192, 9195, 9200, 9202, 9207, 9210, 9231, 9239, 9245, 9251, 9295, 9299, 9311, 9319, 9331, 9341, 9368, 9380, 9416, 9418, 9451, 9457, 9497, 9508, 9512, 9551, 9555, 9566, 9569, 9605, 9611, 9637, 9653, 9683, 9699, 9710, 9718, 9720, 9733, 9754, 9756, 9783, 9872, 9877, 9882, 9896, 9909, 9915, 9920, 9960, 9972, 10000, 10010, 10017, 10021, 10033, 10044, 10051, 10053, 10068, 10074, 10092, 10113, 10122, 10127, 10133, 10139, 10208, 10226, 10229, 10247, 10257, 10266, 10279, 10311, 10342, 10354, 10363, 10371, 10379, 10381, 10401, 10414, 10416, 10418, 10442, 10445, 10502, 10510, 10514, 10521, 10536, 10540, 10545, 10548, 10558, 10573, 10583, 10588, 10607, 10624, 10628, 10694, 10704, 10719, 10724, 10729, 10763, 10795, 10851, 10862, 10872, 10885, 10934, 10951, 10961, 10992, 11000, 11006, 11011, 11053, 11075, 11080, 11091, 11095, 11119, 11136, 11146, 11159, 11168, 11191, 11193, 11217, 11304, 11334, 11340, 11355, 11364, 11371, 11379, 11412, 11414, 11438, 11443, 11448, 11467, 11481, 11488, 11502, 11549, 11558, 11571, 11588, 11598, 11633, 11663, 11669, 11705, 11745, 11750, 11775, 11779, 11796, 11801, 11811, 11816, 11838, 11846, 11859, 11862, 11864, 11873, 11885, 11896, 11904, 11930, 11934, 11952, 11989, 11993, 11997, 12008, 12020, 12022, 12025, 12031, 12067, 12084, 12100, 12104, 12106, 12116, 12119, 12121, 12139, 12169, 12176, 12187, 12206, 12216, 12223, 12230, 12240, 12244, 12258, 12278, 12287, 12305, 12326, 12328, 12330, 12333, 12338, 12346, 12373, 12375, 12380, 12397, 12402, 12414, 12417, 12435, 12440, 12455, 12457, 12466, 12500, 12512, 12515, 12548, 12551, 12553, 12565, 12573, 12580, 12599, 12605, 12627, 12637, 12652, 12657, 12696, 12728, 12773, 12782, 12793, 12807, 12816, 12837, 12864, 12881, 12907, 12941, 12943, 12949, 12951, 12969, 12983, 12990, 13017, 13031, 13059, 13095, 13112, 13124, 13155, 13173, 13177, 13184, 13189, 13204, 13206, 13210, 13226, 13232, 13252, 13263, 13286, 13304, 13331, 13334, 13341, 13372, 13380, 13392, 13395, 13408, 13414, 13443, 13445, 13452, 13455, 13480, 13501, 13514, 13531, 13538, 13540, 13561, 13573, 13580, 13597, 13641, 13660, 13663, 13684, 13697, 13718, 13755, 13783, 13811, 13815, 13820, 13843, 13867, 13876, 13891, 13899, 13936, 13944, 13961, 13964, 13988, 13997, 14023, 14036, 14039, 14065, 14076, 14108, 14113, 14124, 14126, 14172, 14199, 14201, 14241, 14268, 14272, 14292, 14313, 14325, 14327, 14353, 14386, 14404, 14417, 14422, 14432, 14439, 14459, 14466, 14468, 14488, 14497, 14499, 14502, 14508, 14532, 14534, 14537, 14550, 14602, 14674, 14677, 14690, 14725, 14755, 14790, 14808, 14821, 14858, 14868, 14883, 14888, 14914, 14974, 14978, 14998, 15007, 15017, 15040, 15061, 15088, 15128, 15191, 15202, 15217, 15225, 15261, 15293, 15337, 15346, 15357, 15367, 15371, 15380, 15401, 15428, 15443, 15445, 15469, 15473, 15515, 15520, 15526, 15531, 15540, 15550, 15590, 15592, 15597, 15628, 15630, 15632, 15647, 15651, 15679, 15688, 15690, 15706, 15742, 15746, 15760, 15766, 15839, 15881, 15883, 15894, 15908, 15914, 15923, 15930, 15934, 15942, 15953, 16008, 16020, 16028, 16077, 16101, 16106, 16128, 16137, 16142, 16148, 16172, 16211, 16218, 16286, 16305, 16311, 16326, 16355, 16373, 16379, 16388, 16408, 16432, 16459, 16472, 16558, 16560, 16567, 16573, 16585, 16601, 16661, 16674, 16687, 16724, 16733, 16751, 16768, 16778, 16793, 16795, 16802, 16804, 16812, 16866, 16875, 16878, 16910, 16923, 16944, 16952, 16958, 16964, 16979, 17016, 17019, 17027, 17037, 17117, 17130, 17143, 17162, 17171, 17173, 17179, 17186, 17191, 17195, 17198, 17210, 17217, 17219, 17228, 17250, 17254, 17299, 17306, 17311, 17313, 17317, 17321, 17327, 17335, 17343, 17361, 17383, 17391, 17395, 17399, 17403, 17408, 17413, 17418, 17431, 17441, 17456, 17461, 17464, 17500, 17506, 17532, 17548, 17550, 17586, 17597, 17607, 17611, 17620, 17639, 17666, 17734, 17739, 17750, 17758, 17766, 17772, 17790, 17800, 17807, 17812, 17820, 17825, 17829, 17849, 17851, 17866, 17887, 17923, 17943, 17961, 17992, 18029, 18041, 18044, 18048, 18093, 18097, 18127, 18129, 18134, 18176, 18178, 18182, 18205, 18207, 18212, 18221, 18287, 18304, 18310, 18371, 18381, 18410, 18416, 18434, 18449, 18452, 18456, 18463, 18467, 18543, 18589, 18610, 18625, 18634, 18639, 18641, 18644, 18654, 18688, 18706, 18741, 18760, 18774, 18786, 18798, 18804, 18817, 18834, 18841, 18843, 18849, 18891, 18905, 18922, 18975, 18979, 19027, 19032, 19046, 19069, 19127, 19134, 19159, 19200, 19202, 19205, 19208, 19210, 19218, 19245, 19277, 19283, 19298, 19317, 19333, 19335, 19373, 19391, 19396, 19398, 19405, 19417, 19425, 19449, 19463, 19470, 19500, 19506, 19513, 19519, 19579, 19599, 19602, 19604, 19619, 19633, 19657, 19673, 19685, 19692, 19719, 19729, 19733, 19761, 19768, 19774, 19799, 19817, 19824, 19849, 19859, 19889, 19891, 19894, 19907, 19911, 19914, 19967, 19973, 20008, 20016, 20024, 20063, 20066, 20079, 20106, 20110, 20122, 20151, 20161, 20205, 20218, 20221, 20258, 20271, 20283, 20296, 20318, 20326, 20334, 20377, 20389, 20400, 20404, 20408, 20422, 20424, 20430, 20432, 20446, 20451, 20490, 20519, 20564, 20566, 20573, 20582, 20592, 20605, 20624, 20651, 20653, 20666, 20710, 20725, 20741, 20751, 20759, 20765, 20770, 20809, 20841, 20861, 20886, 20895, 20901, 20916, 20929, 20948, 20975, 20992, 21018, 21032, 21039, 21047, 21054, 21133, 21147, 21156, 21159, 21220, 21283, 21293, 21308, 21313, 21359, 21382, 21390, 21402, 21407, 21454, 21464, 21484, 21497, 21511, 21521, 21543, 21559, 21586, 21592, 21599, 21618, 21628, 21641, 21706, 21708, 21771, 21774, 21816, 21829, 21831, 21833, 21862, 21878, 21881, 21890, 21900, 21930, 21932, 21957, 21962, 21971, 21983, 22015, 22021, 22027, 22032, 22037, 22042, 22060, 22066, 22081, 22149, 22157, 22162, 22181, 22207, 22209, 22234, 22243, 22257, 22272, 22313, 22330, 22353, 22358, 22360, 22369, 22373, 22375, 22380, 22382, 22422, 22450, 22562, 22587, 22592, 22602, 22631, 22637, 22710, 22714, 22718, 22722, 22726, 22742, 22750, 22765, 22770, 22775, 22809, 22841, 22861, 22885, 22887, 22891, 22896, 22907, 22915, 22917, 22930, 22949, 22976, 23030, 23041, 23051, 23055, 23085, 23112, 23114, 23127, 23129, 23170, 23217, 23235, 23257, 23265, 23278, 23291, 23313, 23318, 23331, 23336, 23349, 23363, 23394, 23401, 23467, 23470, 23473, 23477, 23483, 23508, 23530, 23536, 23555, 23577, 23585, 23595, 23627, 23653, 23700, 23731, 23749, 23780, 23802, 23822, 23852, 23856, 23858, 23861, 23868, 23874, 23927, 23939, 23952, 23958, 23982, 23992, 24038, 24043, 24067, 24118, 24128, 24149, 24151, 24162, 24194, 24240, 24249, 24278, 24282, 24299, 24303, 24321, 24323, 24341, 24358, 24378, 24385, 24407, 24413, 24433, 24504, 24549, 24558, 24561, 24568, 24578, 24591, 24603, 24613, 24640, 24655, 24657, 24684, 24700, 24702, 24711, 24759, 24766, 24779, 24806, 24810, 24822, 24854, 24864, 24897, 24902, 24915, 24955, 24980, 25033, 25074, 25147, 25160, 25178, 25222, 25229, 25254, 25293, 25295, 25297, 25304, 25310, 25354, 25357, 25363, 25382, 25384, 25436, 25454, 25483, 25518, 25535, 25583, 25610, 25622, 25633, 25656, 25669, 25671, 25726, 25740, 25748, 25763, 25773, 25784, 25787, 25802, 25819, 25824, 25837, 25850, 25854, 25869, 25877, 25893, 25903, 25907, 25911, 25922, 25934, 25949, 25974, 25998, 26009, 26011, 26018, 26025, 26027, 26032, 26041, 26048, 26088, 26101, 26128, 26132, 26146, 26153, 26178, 26188, 26218, 26220, 26226, 26228, 26236, 26289, 26295, 26301, 26316, 26504, 26509, 26529, 26555, 26565, 26586, 26591, 26593, 26612, 26619, 26677, 26685, 26693, 26703, 26710, 26719, 26726, 26730, 26783, 26790, 26817, 26826, 26837, 26844, 26855, 26859, 26905, 26916, 26931, 26939, 26975, 26985, 27000, 27007, 27027, 27051, 27060, 27071, 27081, 27085, 27094, 27115, 27126, 27142, 27159, 27210, 27241, 27286, 27350, 27378, 27413, 27443, 27462, 27468, 27488, 27539, 27642, 27690, 27693, 27718, 27745, 27747, 27778, 27802, 27808, 27839, 27842, 27854, 27878, 27883, 27885, 27889, 27918, 27926, 27953, 27985, 28009, 28026, 28029, 28032, 28034, 28040, 28060, 28062, 28137, 28152, 28159, 28197, 28200, 28204, 28228, 28240, 28250, 28261, 28272, 28375, 28383, 28401, 28441, 28460, 28497, 28507, 28540, 28564, 28570, 28597, 28604, 28606, 28650, 28666, 28695, 28699, 28717, 28728, 28747, 28758, 28760, 28807, 28819, 28825, 28848, 28860, 28887, 28947, 28949, 28964, 28976, 28988, 28996, 29020, 29037, 29049, 29081, 29116, 29154, 29239, 29253, 29259, 29269, 29273, 29298, 29346, 29358, 29386, 29392, 29395, 29406, 29420, 29432, 29440, 29471, 29509, 29535, 29549, 29572, 29575, 29585, 29592, 29617, 29620, 29658, 29689, 29692, 29696, 29698, 29710, 29730, 29761, 29765, 29797, 29811, 29831, 29855, 29874, 29888, 29908, 29919, 29947, 29954, 29995, 30006, 30009, 30015, 30020, 30028, 30035, 30048, 30064, 30075, 30085, 30091, 30095, 30100, 30125, 30127, 30148, 30176, 30183, 30185, 30191, 30235, 30244, 30260, 30289, 30337, 30385, 30406, 30411, 30413, 30416, 30425, 30449, 30472, 30495, 30553, 30557, 30571, 30593, 30605, 30607, 30610, 30617, 30619, 30621, 30642, 30667, 30676, 30684, 30689, 30701, 30703, 30709, 30716, 30722, 30730, 30739, 30741, 30759, 30762, 30781, 30784, 30804, 30815, 30884, 30913, 30919, 30925, 30927, 30929, 30944, 30952, 30957, 30959, 30978, 30996, 31028, 31032, 31050, 31074, 31084, 31095, 31105, 31118, 31139, 31166, 31183, 31269, 31271, 31275, 31291, 31295, 31308, 31327, 31332, 31337, 31369, 31372, 31377, 31444, 31461, 31463, 31494, 31503, 31532, 31577, 31582, 31593, 31608, 31613, 31616, 31652, 31684, 31700, 31702, 31746, 31761, 31764, 31807, 31835, 31857, 31861, 31875, 31883, 31885, 31888, 31900, 31902, 31905, 31944, 31959, 31976, 32008, 32021, 32030, 32041, 32051, 32064, 32127, 32129, 32139, 32198, 32216, 32234, 32239, 32246, 32252, 32283, 32297, 32304, 32318, 32328, 32388, 32400, 32451, 32453, 32464, 32485, 32493, 32498, 32549, 32562, 32589, 32607, 32614, 32649, 32662, 32680, 32683, 32754, 32815, 32848, 32850, 32853, 32866, 32911, 32915, 32918, 32940, 32953, 32957, 32985, 32988, 33001, 33060, 33066, 33101, 33119, 33162, 33170, 33195, 33207, 33211, 33230, 33241, 33256, 33276, 33290, 33305, 33308, 33359, 33373, 33375, 33399, 33416, 33429, 33460, 33481, 33516, 33551, 33553, 33565, 33567, 33583, 33592, 33600, 33630, 33665, 33696, 33707, 33720, 33745, 33758, 33776, 33780, 33782, 33785, 33788, 33792, 33827, 33843, 33860, 33868, 33870, 33874, 33889, 33942, 33971, 33975, 33977, 33982, 33989, 33991, 34012, 34064, 34098, 34108, 34122, 34129, 34154, 34164, 34196, 34199, 34206, 34212, 34247, 34265, 34271, 34315, 34323, 34389, 34431, 34434, 34436, 34469, 34495, 34503, 34505, 34515, 34548, 34552, 34564, 34568, 34597, 34602, 34604, 34640, 34644, 34646, 34649, 34652, 34659, 34673, 34710, 34722, 34753, 34779, 34796, 34829, 34833, 34855, 34858, 34874, 34876, 34929, 34932, 34934, 34937, 34940, 34958, 34999, 35029, 35048, 35052, 35059, 35103, 35110, 35112, 35121, 35127, 35201, 35211, 35269, 35332, 35344, 35371, 35419, 35465, 35469, 35475, 35563, 35569, 35589, 35592, 35602, 35609, 35643, 35656, 35658, 35672, 35674, 35685, 35715, 35737, 35749, 35752, 35759, 35805, 35836, 35851, 35899, 35913, 35926]",[],"[8, 15, 37, 56, 89, 139, 170, 172, 186, 202, 211, 222, 227, 232, 251, 278, 286, 306, 320, 324, 347, 372, 381, 442, 511, 521, 536, 541, 580, 620, 626, 675, 686, 709, 733, 750, 819, 846, 861, 865, 869, 886, 896, 903, 907, 923, 953, 967, 969, 993, 995, 1025, 1038, 1081, 1113, 1156, 1159, 1166, 1172, 1225, 1237, 1280, 1290, 1339, 1347, 1371, 1400, 1413, 1424, 1429, 1491, 1517, 1522, 1561, 1593, 1637, 1639, 1646, 1657, 1667, 1671, 1680, 1701, 1728, 1789, 1839, 1861, 1896, 1898, 1904, 1919, 1928, 1939, 1942, 1945, 1982, 2007, 2074, 2077, 2143, 2149, 2155, 2176, 2194, 2219, 2228, 2266, 2275, 2279, 2301, 2316, 2331, 2339, 2361, 2377, 2385, 2408, 2415, 2452, 2469, 2473, 2546, 2549, 2568, 2594, 2633, 2636, 2639, 2642, 2645, 2648, 2652, 2656, 2660, 2671, 2681, 2696, 2740, 2757, 2772, 2817, 2826, 2835, 2837, 2847, 2860, 2881, 2924, 2951, 2960, 2978, 3000, 3021, 3055, 3059, 3083, 3108, 3111, 3131, 3141, 3160, 3164, 3179, 3183, 3191, 3216, 3221, 3223, 3248, 3266, 3288, 3290, 3294, 3298, 3300, 3316, 3345, 3349, 3373, 3383, 3392, 3411, 3436, 3464, 3477, 3508, 3520, 3527, 3552, 3562, 3594, 3597, 3604, 3637, 3641, 3678, 3684, 3737, 3830, 3846, 3852, 3858, 3874, 3909, 3916, 3927, 3961, 3963, 4013, 4019, 4035, 4041, 4109, 4122, 4136, 4149, 4167, 4199, 4209, 4241, 4244, 4251, 4257, 4316, 4322, 4357, 4370, 4416, 4426, 4465, 4480, 4492, 4507, 4512, 4529, 4594, 4609, 4624, 4629, 4653, 4674, 4752, 4758, 4805, 4807, 4827, 4857, 4866, 4870, 4878, 4896, 4906, 4961, 4966, 4968, 5052, 5086, 5109, 5120, 5125, 5142, 5153, 5158, 5160, 5168, 5191, 5210, 5215, 5219, 5223, 5262, 5269, 5285, 5289, 5297, 5301, 5313, 5318, 5335, 5343, 5360, 5372, 5397, 5428, 5454, 5466, 5478, 5496, 5518, 5520, 5529, 5570, 5615, 5667, 5671, 5708, 5720, 5813, 5858, 5868, 5883, 5891, 5920, 5927, 5959, 6020, 6029, 6040, 6048, 6050, 6060, 6063, 6082, 6109, 6126, 6156, 6200, 6203, 6244, 6261, 6274, 6313, 6316, 6335, 6361, 6393, 6409, 6462, 6472, 6480, 6490, 6498, 6501, 6509, 6513, 6515, 6528, 6541, 6568, 6585, 6593, 6605, 6618, 6628, 6666, 6673, 6679, 6706, 6709, 6744, 6757, 6759, 6765, 6779, 6793, 6821, 6825, 6827, 6870, 6876, 6879, 6898, 6905, 6909, 6923, 6933, 6978, 6997, 7003, 7050, 7057, 7071, 7080, 7085, 7122, 7169, 7189, 7198, 7213, 7224, 7253, 7255, 7389, 7421, 7466, 7500, 7502, 7505, 7508, 7523, 7537, 7598, 7647, 7656, 7662, 7673, 7690, 7697, 7725, 7728, 7755, 7803, 7807, 7819, 7863, 7865, 7896, 7898, 7900, 7940, 7949, 7973, 7994, 8006, 8016, 8040, 8047, 8061, 8068, 8083, 8114, 8140, 8142, 8164, 8173, 8175, 8182, 8266, 8270, 8294, 8317, 8327, 8333, 8340, 8357, 8379, 8396, 8429, 8441, 8451, 8471, 8475, 8498, 8536, 8539, 8544, 8623, 8677, 8680, 8721, 8725, 8741, 8779, 8782, 8793, 8801, 8803, 8805, 8807, 8836, 8871, 8894, 8896, 8898, 8904, 8914, 8951, 8957, 8968, 8982, 9005, 9031, 9036, 9053, 9076, 9082, 9104, 9115, 9121, 9141, 9149, 9190, 9192, 9195, 9200, 9202, 9207, 9210, 9231, 9239, 9245, 9251, 9295, 9299, 9311, 9319, 9331, 9341, 9368, 9380, 9416, 9418, 9451, 9457, 9497, 9508, 9512, 9551, 9555, 9566, 9569, 9605, 9611, 9637, 9653, 9683, 9699, 9710, 9718, 9720, 9733, 9754, 9756, 9783, 9872, 9877, 9882, 9896, 9909, 9915, 9920, 9960, 9972, 10000, 10010, 10017, 10021, 10033, 10044, 10051, 10053, 10068, 10074, 10092, 10113, 10122, 10127, 10133, 10139, 10208, 10226, 10229, 10247, 10257, 10266, 10279, 10311, 10342, 10354, 10363, 10371, 10379, 10381, 10401, 10414, 10416, 10418, 10442, 10445, 10502, 10510, 10514, 10521, 10536, 10540, 10545, 10548, 10558, 10573, 10583, 10588, 10607, 10624, 10628, 10694, 10704, 10719, 10724, 10729, 10763, 10795, 10851, 10862, 10872, 10885, 10934, 10951, 10961, 10992, 11000, 11006, 11011, 11053, 11075, 11080, 11091, 11095, 11119, 11136, 11146, 11159, 11168, 11191, 11193, 11217, 11304, 11334, 11340, 11355, 11364, 11371, 11379, 11412, 11414, 11438, 11443, 11448, 11467, 11481, 11488, 11502, 11549, 11558, 11571, 11588, 11598, 11633, 11663, 11669, 11705, 11745, 11750, 11775, 11779, 11796, 11801, 11811, 11816, 11838, 11846, 11859, 11862, 11864, 11873, 11885, 11896, 11904, 11930, 11934, 11952, 11989, 11993, 11997, 12008, 12020, 12022, 12025, 12031, 12067, 12084, 12100, 12104, 12106, 12116, 12119, 12121, 12139, 12169, 12176, 12187, 12206, 12216, 12223, 12230, 12240, 12244, 12258, 12278, 12287, 12305, 12326, 12328, 12330, 12333, 12338, 12346, 12373, 12375, 12380, 12397, 12402, 12414, 12417, 12435, 12440, 12455, 12457, 12466, 12500, 12512, 12515, 12548, 12551, 12553, 12565, 12573, 12580, 12599, 12605, 12627, 12637, 12652, 12657, 12696, 12728, 12773, 12782, 12793, 12807, 12816, 12837, 12864, 12881, 12907, 12941, 12943, 12949, 12951, 12969, 12983, 12990, 13017, 13031, 13059, 13095, 13112, 13124, 13155, 13173, 13177, 13184, 13189, 13204, 13206, 13210, 13226, 13232, 13252, 13263, 13286, 13304, 13331, 13334, 13341, 13372, 13380, 13392, 13395, 13408, 13414, 13443, 13445, 13452, 13455, 13480, 13501, 13514, 13531, 13538, 13540, 13561, 13573, 13580, 13597, 13641, 13660, 13663, 13684, 13697, 13718, 13755, 13783, 13811, 13815, 13820, 13843, 13867, 13876, 13891, 13899, 13936, 13944, 13961, 13964, 13988, 13997, 14023, 14036, 14039, 14065, 14076, 14108, 14113, 14124, 14126, 14172, 14199, 14201, 14241, 14268, 14272, 14292, 14313, 14325, 14327, 14353, 14386, 14404, 14417, 14422, 14432, 14439, 14459, 14466, 14468, 14488, 14497, 14499, 14502, 14508, 14532, 14534, 14537, 14550, 14602, 14674, 14677, 14690, 14725, 14755, 14790, 14808, 14821, 14858, 14868, 14883, 14888, 14914, 14974, 14978, 14998, 15007, 15017, 15040, 15061, 15088, 15128, 15191, 15202, 15217, 15225, 15261, 15293, 15337, 15346, 15357, 15367, 15371, 15380, 15401, 15428, 15443, 15445, 15469, 15473, 15515, 15520, 15526, 15531, 15540, 15550, 15590, 15592, 15597, 15628, 15630, 15632, 15647, 15651, 15679, 15688, 15690, 15706, 15742, 15746, 15760, 15766, 15839, 15881, 15883, 15894, 15908, 15914, 15923, 15930, 15934, 15942, 15953, 16008, 16020, 16028, 16077, 16101, 16106, 16128, 16137, 16142, 16148, 16172, 16211, 16218, 16286, 16305, 16311, 16326, 16355, 16373, 16379, 16388, 16408, 16432, 16459, 16472, 16558, 16560, 16567, 16573, 16585, 16601, 16661, 16674, 16687, 16724, 16733, 16751, 16768, 16778, 16793, 16795, 16802, 16804, 16812, 16866, 16875, 16878, 16910, 16923, 16944, 16952, 16958, 16964, 16979, 17016, 17019, 17027, 17037, 17117, 17130, 17143, 17162, 17171, 17173, 17179, 17186, 17191, 17195, 17198, 17210, 17217, 17219, 17228, 17250, 17254, 17299, 17306, 17311, 17313, 17317, 17321, 17327, 17335, 17343, 17361, 17383, 17391, 17395, 17399, 17403, 17408, 17413, 17418, 17431, 17441, 17456, 17461, 17464, 17500, 17506, 17532, 17548, 17550, 17586, 17597, 17607, 17611, 17620, 17639, 17666, 17734, 17739, 17750, 17758, 17766, 17772, 17790, 17800, 17807, 17812, 17820, 17825, 17829, 17849, 17851, 17866, 17887, 17923, 17943, 17961, 17992, 18029, 18041, 18044, 18048, 18093, 18097, 18127, 18129, 18134, 18176, 18178, 18182, 18205, 18207, 18212, 18221, 18287, 18304, 18310, 18371, 18381, 18410, 18416, 18434, 18449, 18452, 18456, 18463, 18467, 18543, 18589, 18610, 18625, 18634, 18639, 18641, 18644, 18654, 18688, 18706, 18741, 18760, 18774, 18786, 18798, 18804, 18817, 18834, 18841, 18843, 18849, 18891, 18905, 18922, 18975, 18979, 19027, 19032, 19046, 19069, 19127, 19134, 19159, 19200, 19202, 19205, 19208, 19210, 19218, 19245, 19277, 19283, 19298, 19317, 19333, 19335, 19373, 19391, 19396, 19398, 19405, 19417, 19425, 19449, 19463, 19470, 19500, 19506, 19513, 19519, 19579, 19599, 19602, 19604, 19619, 19633, 19657, 19673, 19685, 19692, 19719, 19729, 19733, 19761, 19768, 19774, 19799, 19817, 19824, 19849, 19859, 19889, 19891, 19894, 19907, 19911, 19914, 19967, 19973, 20008, 20016, 20024, 20063, 20066, 20079, 20106, 20110, 20122, 20151, 20161, 20205, 20218, 20221, 20258, 20271, 20283, 20296, 20318, 20326, 20334, 20377, 20389, 20400, 20404, 20408, 20422, 20424, 20430, 20432, 20446, 20451, 20490, 20519, 20564, 20566, 20573, 20582, 20592, 20605, 20624, 20651, 20653, 20666, 20710, 20725, 20741, 20751, 20759, 20765, 20770, 20809, 20841, 20861, 20886, 20895, 20901, 20916, 20929, 20948, 20975, 20992, 21018, 21032, 21039, 21047, 21054, 21133, 21147, 21156, 21159, 21220, 21283, 21293, 21308, 21313, 21359, 21382, 21390, 21402, 21407, 21454, 21464, 21484, 21497, 21511, 21521, 21543, 21559, 21586, 21592, 21599, 21618, 21628, 21641, 21706, 21708, 21771, 21774, 21816, 21829, 21831, 21833, 21862, 21878, 21881, 21890, 21900, 21930, 21932, 21957, 21962, 21971, 21983, 22015, 22021, 22027, 22032, 22037, 22042, 22060, 22066, 22081, 22149, 22157, 22162, 22181, 22207, 22209, 22234, 22243, 22257, 22272, 22313, 22330, 22353, 22358, 22360, 22369, 22373, 22375, 22380, 22382, 22422, 22450, 22562, 22587, 22592, 22602, 22631, 22637, 22710, 22714, 22718, 22722, 22726, 22742, 22750, 22765, 22770, 22775, 22809, 22841, 22861, 22885, 22887, 22891, 22896, 22907, 22915, 22917, 22930, 22949, 22976, 23030, 23041, 23051, 23055, 23085, 23112, 23114, 23127, 23129, 23170, 23217, 23235, 23257, 23265, 23278, 23291, 23313, 23318, 23331, 23336, 23349, 23363, 23394, 23401, 23467, 23470, 23473, 23477, 23483, 23508, 23530, 23536, 23555, 23577, 23585, 23595, 23627, 23653, 23700, 23731, 23749, 23780, 23802, 23822, 23852, 23856, 23858, 23861, 23868, 23874, 23927, 23939, 23952, 23958, 23982, 23992, 24038, 24043, 24067, 24118, 24128, 24149, 24151, 24162, 24194, 24240, 24249, 24278, 24282, 24299, 24303, 24321, 24323, 24341, 24358, 24378, 24385, 24407, 24413, 24433, 24504, 24549, 24558, 24561, 24568, 24578, 24591, 24603, 24613, 24640, 24655, 24657, 24684, 24700, 24702, 24711, 24759, 24766, 24779, 24806, 24810, 24822, 24854, 24864, 24897, 24902, 24915, 24955, 24980, 25033, 25074, 25147, 25160, 25178, 25222, 25229, 25254, 25293, 25295, 25297, 25304, 25310, 25354, 25357, 25363, 25382, 25384, 25436, 25454, 25483, 25518, 25535, 25583, 25610, 25622, 25633, 25656, 25669, 25671, 25726, 25740, 25748, 25763, 25773, 25784, 25787, 25802, 25819, 25824, 25837, 25850, 25854, 25869, 25877, 25893, 25903, 25907, 25911, 25922, 25934, 25949, 25974, 25998, 26009, 26011, 26018, 26025, 26027, 26032, 26041, 26048, 26088, 26101, 26128, 26132, 26146, 26153, 26178, 26188, 26218, 26220, 26226, 26228, 26236, 26289, 26295, 26301, 26316, 26504, 26509, 26529, 26555, 26565, 26586, 26591, 26593, 26612, 26619, 26677, 26685, 26693, 26703, 26710, 26719, 26726, 26730, 26783, 26790, 26817, 26826, 26837, 26844, 26855, 26859, 26905, 26916, 26931, 26939, 26975, 26985, 27000, 27007, 27027, 27051, 27060, 27071, 27081, 27085, 27094, 27115, 27126, 27142, 27159, 27210, 27241, 27286, 27350, 27378, 27413, 27443, 27462, 27468, 27488, 27539, 27642, 27690, 27693, 27718, 27745, 27747, 27778, 27802, 27808, 27839, 27842, 27854, 27878, 27883, 27885, 27889, 27918, 27926, 27953, 27985, 28009, 28026, 28029, 28032, 28034, 28040, 28060, 28062, 28137, 28152, 28159, 28197, 28200, 28204, 28228, 28240, 28250, 28261, 28272, 28375, 28383, 28401, 28441, 28460, 28497, 28507, 28540, 28564, 28570, 28597, 28604, 28606, 28650, 28666, 28695, 28699, 28717, 28728, 28747, 28758, 28760, 28807, 28819, 28825, 28848, 28860, 28887, 28947, 28949, 28964, 28976, 28988, 28996, 29020, 29037, 29049, 29081, 29116, 29154, 29239, 29253, 29259, 29269, 29273, 29298, 29346, 29358, 29386, 29392, 29395, 29406, 29420, 29432, 29440, 29471, 29509, 29535, 29549, 29572, 29575, 29585, 29592, 29617, 29620, 29658, 29689, 29692, 29696, 29698, 29710, 29730, 29761, 29765, 29797, 29811, 29831, 29855, 29874, 29888, 29908, 29919, 29947, 29954, 29995, 30006, 30009, 30015, 30020, 30028, 30035, 30048, 30064, 30075, 30085, 30091, 30095, 30100, 30125, 30127, 30148, 30176, 30183, 30185, 30191, 30235, 30244, 30260, 30289, 30337, 30385, 30406, 30411, 30413, 30416, 30425, 30449, 30472, 30495, 30553, 30557, 30571, 30593, 30605, 30607, 30610, 30617, 30619, 30621, 30642, 30667, 30676, 30684, 30689, 30701, 30703, 30709, 30716, 30722, 30730, 30739, 30741, 30759, 30762, 30781, 30784, 30804, 30815, 30884, 30913, 30919, 30925, 30927, 30929, 30944, 30952, 30957, 30959, 30978, 30996, 31028, 31032, 31050, 31074, 31084, 31095, 31105, 31118, 31139, 31166, 31183, 31269, 31271, 31275, 31291, 31295, 31308, 31327, 31332, 31337, 31369, 31372, 31377, 31444, 31461, 31463, 31494, 31503, 31532, 31577, 31582, 31593, 31608, 31613, 31616, 31652, 31684, 31700, 31702, 31746, 31761, 31764, 31807, 31835, 31857, 31861, 31875, 31883, 31885, 31888, 31900, 31902, 31905, 31944, 31959, 31976, 32008, 32021, 32030, 32041, 32051, 32064, 32127, 32129, 32139, 32198, 32216, 32234, 32239, 32246, 32252, 32283, 32297, 32304, 32318, 32328, 32388, 32400, 32451, 32453, 32464, 32485, 32493, 32498, 32549, 32562, 32589, 32607, 32614, 32649, 32662, 32680, 32683, 32754, 32815, 32848, 32850, 32853, 32866, 32911, 32915, 32918, 32940, 32953, 32957, 32985, 32988, 33001, 33060, 33066, 33101, 33119, 33162, 33170, 33195, 33207, 33211, 33230, 33241, 33256, 33276, 33290, 33305, 33308, 33359, 33373, 33375, 33399, 33416, 33429, 33460, 33481, 33516, 33551, 33553, 33565, 33567, 33583, 33592, 33600, 33630, 33665, 33696, 33707, 33720, 33745, 33758, 33776, 33780, 33782, 33785, 33788, 33792, 33827, 33843, 33860, 33868, 33870, 33874, 33889, 33942, 33971, 33975, 33977, 33982, 33989, 33991, 34012, 34064, 34098, 34108, 34122, 34129, 34154, 34164, 34196, 34199, 34206, 34212, 34247, 34265, 34271, 34315, 34323, 34389, 34431, 34434, 34436, 34469, 34495, 34503, 34505, 34515, 34548, 34552, 34564, 34568, 34597, 34602, 34604, 34640, 34644, 34646, 34649, 34652, 34659, 34673, 34710, 34722, 34753, 34779, 34796, 34829, 34833, 34855, 34858, 34874, 34876, 34929, 34932, 34934, 34937, 34940, 34958, 34999, 35029, 35048, 35052, 35059, 35103, 35110, 35112, 35121, 35127, 35201, 35211, 35269, 35332, 35344, 35371, 35419, 35465, 35469, 35475, 35563, 35569, 35589, 35592, 35602, 35609, 35643, 35656, 35658, 35672, 35674, 35685, 35715, 35737, 35749, 35752, 35759, 35805, 35836, 35851, 35899, 35913, 35926]","[8720, 10400, 12434, 14200, 15741, 17116, 17991]",35955,2052,33903,0,2052,33896,7
-4.0,HSALDCG,"[49, 71, 89, 106, 127, 149, 170, 181, 223, 226, 228, 232, 266, 286, 290, 293, 306, 347, 350, 510, 512, 556, 579, 599, 684, 715, 721, 729, 781, 802, 823, 888, 891, 897, 903, 949, 960, 963, 974, 994, 1015, 1026, 1085, 1088, 1106, 1120, 1122, 1125, 1159, 1164, 1224, 1247, 1253, 1284, 1355, 1380, 1422, 1453, 1518, 1536, 1540, 1596, 1608, 1633, 1639, 1656, 1686, 1727, 1742, 1747, 1749, 1756, 1801, 1828, 1830, 1915, 1922, 1953, 1959, 1985, 1992, 1998, 2020, 2059, 2069, 2099, 2103, 2120, 2125, 2188, 2193, 2204, 2245, 2332, 2362, 2376, 2419, 2482, 2487, 2505, 2524, 2541, 2574, 2577, 2599, 2634, 2638, 2642, 2646, 2656, 2664, 2669, 2675, 2697, 2716, 2760, 2789, 2799, 2804, 2809, 2821, 2823, 2831, 2844, 2887, 2889, 2898, 2925, 2928, 2940, 2975, 2977, 2991, 2993, 3002, 3041, 3056, 3066, 3068, 3071, 3111, 3122, 3143, 3145, 3153, 3163, 3179, 3187, 3196, 3230, 3251, 3267, 3275, 3277, 3290, 3296, 3334, 3344, 3353, 3367, 3369, 3371, 3373, 3375, 3384, 3387, 3396, 3403, 3412, 3423, 3493, 3502, 3545, 3548, 3552, 3556, 3568, 3572, 3619, 3621, 3625, 3701, 3715, 3729, 3733, 3768, 3775, 3794, 3820, 3832, 3834, 3848, 3859, 3895, 3914, 3924, 3955, 3968, 3976, 3988, 3995, 4044, 4053, 4066, 4091, 4098, 4102, 4106, 4129, 4140, 4148, 4238, 4258, 4308, 4327, 4341, 4344, 4347, 4351, 4396, 4435, 4461, 4472, 4484, 4500, 4531, 4585, 4588, 4647, 4754, 4773, 4818, 4854, 4872, 4875, 4902, 4927, 4951, 4955, 4983, 5030, 5039, 5050, 5067, 5089, 5125, 5131, 5138, 5162, 5185]",[],"[49, 71, 89, 106, 127, 149, 170, 181, 223, 226, 228, 232, 266, 286, 290, 293, 306, 347, 350, 510, 512, 556, 579, 599, 684, 715, 721, 729, 781, 802, 823, 888, 891, 897, 903, 949, 960, 963, 974, 994, 1015, 1026, 1085, 1088, 1106, 1120, 1122, 1125, 1159, 1164, 1224, 1247, 1253, 1284, 1355, 1380, 1422, 1453, 1518, 1536, 1540, 1596, 1608, 1633, 1639, 1656, 1686, 1727, 1742, 1747, 1749, 1756, 1801, 1828, 1830, 1915, 1922, 1953, 1959, 1985, 1992, 1998, 2020, 2059, 2069, 2099, 2103, 2120, 2125, 2188, 2193, 2204, 2245, 2332, 2362, 2376, 2419, 2482, 2487, 2505, 2524, 2541, 2574, 2577, 2599, 2634, 2638, 2642, 2646, 2656, 2664, 2669, 2675, 2697, 2716, 2760, 2789, 2799, 2804, 2809, 2821, 2823, 2831, 2844, 2887, 2889, 2898, 2925, 2928, 2940, 2975, 2977, 2991, 2993, 3002, 3041, 3056, 3066, 3068, 3071, 3111, 3122, 3143, 3145, 3153, 3163, 3179, 3187, 3196, 3230, 3251, 3267, 3275, 3277, 3290, 3296, 3334, 3344, 3353, 3367, 3369, 3371, 3373, 3375, 3384, 3387, 3396, 3403, 3412, 3423, 3493, 3502, 3545, 3548, 3552, 3556, 3568, 3572, 3619, 3621, 3625, 3701, 3715, 3729, 3733, 3768, 3775, 3794, 3820, 3832, 3834, 3848, 3859, 3895, 3914, 3924, 3955, 3968, 3976, 3988, 3995, 4044, 4053, 4066, 4091, 4098, 4102, 4106, 4129, 4140, 4148, 4238, 4258, 4308, 4327, 4341, 4344, 4347, 4351, 4396, 4435, 4461, 4472, 4484, 4500, 4531, 4585, 4588, 4647, 4754, 4773, 4818, 4854, 4872, 4875, 4902, 4927, 4951, 4955, 4983, 5030, 5039, 5050, 5067, 5089, 5125, 5131, 5138, 5162, 5185]","[2641, 2939, 3110, 3366, 3567, 3994, 4326]",5191,250,4941,0,250,4934,7
-4.0,HSAPC3A,"[18, 27, 103, 111, 134, 141, 173, 191, 200, 227, 358, 406, 408, 434, 446, 456, 462, 514, 581, 605, 617, 627, 632, 637, 641, 697, 716, 763, 801, 824, 860, 877, 886, 889, 920, 931, 953, 976, 985, 988, 1011, 1147, 1155, 1162, 1179, 1247, 1272, 1295, 1331, 1359, 1381, 1403, 1419, 1645, 1655, 1670, 1675, 1678, 1705, 1714, 1746, 1791, 1811, 1821, 1830, 1834, 1882, 1938, 1952, 1955, 1984, 1989, 1992, 2024, 2040, 2104, 2109, 2121, 2141, 2179, 2208, 2213, 2233, 2245, 2266, 2287, 2326, 2330, 2343, 2362, 2364, 2374, 2376, 2378, 2411, 2476, 2478, 2516, 2520, 2522, 2571, 2641, 2666, 2669, 2681, 2684, 2689, 2739, 2747, 2779, 2798, 2807, 2815, 2844, 2853, 2873, 2884, 2887, 2892, 2897, 2906, 2909, 2911, 2914, 2924, 2926, 2929, 2934, 2946, 2948, 2952, 2960, 2975, 2993, 3023, 3039, 3065, 3076, 3085, 3107, 3125, 3153, 3187, 3213, 3217, 3234, 3243, 3325, 3332, 3339, 3341, 3350, 3352, 3379, 3384, 3388, 3410, 3450, 3462, 3476, 3493, 3509, 3534, 3543, 3560, 3583, 3588, 3609, 3611, 3613, 3647, 3649, 3658, 3667, 3669, 3671, 3673, 3687, 3735, 3764, 3770, 3822, 3833, 3838, 3850, 3864, 3868, 3875, 3896, 3905, 3925, 3944, 3947, 3959, 3993, 3996, 4006, 4008, 4034, 4060, 4062, 4082, 4087, 4119, 4149, 4197, 4223, 4232, 4234, 4246, 4250, 4262, 4267, 4278, 4283, 4285, 4310, 4319, 4401, 4414, 4445, 4448, 4461, 4495, 4586, 4609, 4619, 4623, 4648, 4663, 4675, 4680, 4712, 4722, 4770, 4780, 4795, 4800, 4821, 4839, 4871, 4887, 4920, 4929, 4940, 4963, 4985, 5012, 5084, 5091, 5122, 5140, 5147, 5159, 5161, 5180, 5204, 5223, 5262, 5275, 5278, 5281, 5332, 5357, 5380, 5401, 5420, 5423, 5445, 5462, 5464, 5468, 5477, 5489, 5553, 5582, 5678, 5713, 5748, 5752, 5772, 5824, 5838, 5847, 5857, 5877, 5882, 5895, 5898, 5916, 5960, 6018]",[],"[18, 27, 103, 111, 134, 141, 173, 191, 200, 227, 358, 406, 408, 434, 446, 456, 462, 514, 581, 605, 617, 627, 632, 637, 641, 697, 716, 763, 801, 824, 860, 877, 886, 889, 920, 931, 953, 976, 985, 988, 1011, 1147, 1155, 1162, 1179, 1247, 1272, 1295, 1331, 1359, 1381, 1403, 1419, 1645, 1655, 1670, 1675, 1678, 1705, 1714, 1746, 1791, 1811, 1821, 1830, 1834, 1882, 1938, 1952, 1955, 1984, 1989, 1992, 2024, 2040, 2104, 2109, 2121, 2141, 2179, 2208, 2213, 2233, 2245, 2266, 2287, 2326, 2330, 2343, 2362, 2364, 2374, 2376, 2378, 2411, 2476, 2478, 2516, 2520, 2522, 2571, 2641, 2666, 2669, 2681, 2684, 2689, 2739, 2747, 2779, 2798, 2807, 2815, 2844, 2853, 2873, 2884, 2887, 2892, 2897, 2906, 2909, 2911, 2914, 2924, 2926, 2929, 2934, 2946, 2948, 2952, 2960, 2975, 2993, 3023, 3039, 3065, 3076, 3085, 3107, 3125, 3153, 3187, 3213, 3217, 3234, 3243, 3325, 3332, 3339, 3341, 3350, 3352, 3379, 3384, 3388, 3410, 3450, 3462, 3476, 3493, 3509, 3534, 3543, 3560, 3583, 3588, 3609, 3611, 3613, 3647, 3649, 3658, 3667, 3669, 3671, 3673, 3687, 3735, 3764, 3770, 3822, 3833, 3838, 3850, 3864, 3868, 3875, 3896, 3905, 3925, 3944, 3947, 3959, 3993, 3996, 4006, 4008, 4034, 4060, 4062, 4082, 4087, 4119, 4149, 4197, 4223, 4232, 4234, 4246, 4250, 4262, 4267, 4278, 4283, 4285, 4310, 4319, 4401, 4414, 4445, 4448, 4461, 4495, 4586, 4609, 4619, 4623, 4648, 4663, 4675, 4680, 4712, 4722, 4770, 4780, 4795, 4800, 4821, 4839, 4871, 4887, 4920, 4929, 4940, 4963, 4985, 5012, 5084, 5091, 5122, 5140, 5147, 5159, 5161, 5180, 5204, 5223, 5262, 5275, 5278, 5281, 5332, 5357, 5380, 5401, 5420, 5423, 5445, 5462, 5464, 5468, 5477, 5489, 5553, 5582, 5678, 5713, 5748, 5752, 5772, 5824, 5838, 5847, 5857, 5877, 5882, 5895, 5898, 5916, 5960, 6018]","[919, 1178]",6042,292,5750,0,292,5748,2
-4.0,HSAPOA2B,"[18, 49, 57, 91, 138, 153, 157, 169, 233, 246, 266, 268, 299, 302, 322, 339, 382, 384, 430, 460, 491, 495, 497, 528, 534, 537, 558, 574, 683, 687, 699, 727, 746, 748, 750, 752, 754, 756, 758, 760, 762, 764, 766, 768, 770, 772, 774, 776, 792, 817, 819, 831, 839, 852, 885, 917, 921, 936, 947, 955, 982, 993, 1007, 1048, 1075, 1121, 1130, 1134, 1153, 1208, 1222, 1226, 1265, 1274, 1312, 1327, 1376, 1397, 1426, 1431, 1433, 1445, 1486, 1500, 1555, 1559, 1578, 1586, 1640, 1646, 1648, 1656, 1703, 1727]",[],"[18, 49, 57, 91, 138, 153, 157, 169, 233, 246, 266, 268, 299, 302, 322, 339, 382, 384, 430, 460, 491, 495, 497, 528, 534, 537, 558, 574, 683, 687, 699, 727, 746, 748, 750, 752, 754, 756, 758, 760, 762, 764, 766, 768, 770, 772, 774, 776, 792, 817, 819, 831, 839, 852, 885, 917, 921, 936, 947, 955, 982, 993, 1007, 1048, 1075, 1121, 1130, 1134, 1153, 1208, 1222, 1226, 1265, 1274, 1312, 1327, 1376, 1397, 1426, 1431, 1433, 1445, 1486, 1500, 1555, 1559, 1578, 1586, 1640, 1646, 1648, 1656, 1703, 1727]","[490, 916]",1748,94,1654,0,94,1652,2
-4.0,HSAPOAIA,"[58, 62, 80, 104, 135, 144, 159, 188, 255, 287, 302, 318, 322, 324, 375, 405, 485, 564, 582, 584, 588, 594, 621, 623, 629, 662, 680, 710, 720, 740, 779, 816, 828, 864, 883, 893, 895, 950, 957, 997, 1027, 1041, 1052, 1074, 1082, 1121, 1123, 1127, 1134, 1136, 1174, 1176, 1236, 1278, 1320, 1331, 1398, 1410, 1442, 1476, 1587, 1694, 1782, 1800, 1826, 1850, 1880, 1895, 1904, 1943, 2021, 2036, 2056, 2091, 2099, 2104, 2125, 2136, 2178]",[],"[58, 62, 80, 104, 135, 144, 159, 188, 255, 287, 302, 318, 322, 324, 375, 405, 485, 564, 582, 584, 588, 594, 621, 623, 629, 662, 680, 710, 720, 740, 779, 816, 828, 864, 883, 893, 895, 950, 957, 997, 1027, 1041, 1052, 1074, 1082, 1121, 1123, 1127, 1134, 1136, 1174, 1176, 1236, 1278, 1320, 1331, 1398, 1410, 1442, 1476, 1587, 1694, 1782, 1800, 1826, 1850, 1880, 1895, 1904, 1943, 2021, 2036, 2056, 2091, 2099, 2104, 2125, 2136, 2178]","[317, 661]",2186,79,2107,0,79,2105,2
-4.0,HSAPOAIT,"[45, 101, 121, 232, 236, 254, 278, 309, 318, 333, 362, 429, 461, 476, 492, 496, 498, 549, 579, 659, 738, 756, 758, 762, 768, 795, 797, 803, 836, 854, 867, 884, 894, 914, 953, 991, 1003, 1039, 1058, 1068, 1070, 1125, 1132, 1172, 1202, 1227, 1249, 1257, 1296, 1298, 1302, 1309, 1311, 1349, 1351, 1411, 1453, 1495, 1506, 1573, 1585, 1617, 1651, 1762, 1869, 1957, 1975, 2001, 2025, 2055, 2070, 2079, 2118, 2144, 2196, 2211, 2231, 2266, 2274, 2279, 2300, 2311, 2354]",[],"[45, 101, 121, 232, 236, 254, 278, 309, 318, 333, 362, 429, 461, 476, 492, 496, 498, 549, 579, 659, 738, 756, 758, 762, 768, 795, 797, 803, 836, 854, 867, 884, 894, 914, 953, 991, 1003, 1039, 1058, 1068, 1070, 1125, 1132, 1172, 1202, 1227, 1249, 1257, 1296, 1298, 1302, 1309, 1311, 1349, 1351, 1411, 1453, 1495, 1506, 1573, 1585, 1617, 1651, 1762, 1869, 1957, 1975, 2001, 2025, 2055, 2070, 2079, 2118, 2144, 2196, 2211, 2231, 2266, 2274, 2279, 2300, 2311, 2354]","[491, 835]",2378,83,2295,0,83,2293,2
-4.0,HSAPOC2G,"[14, 34, 40, 47, 62, 69, 74, 89, 104, 126, 131, 166, 169, 175, 186, 190, 215, 221, 232, 251, 256, 274, 292, 356, 358, 373, 375, 377, 379, 381, 383, 385, 387, 389, 391, 393, 395, 397, 399, 401, 403, 405, 407, 409, 411, 413, 415, 441, 451, 511, 527, 566, 592, 598, 607, 633, 646, 653, 667, 669, 681, 728, 746, 777, 791, 798, 823, 864, 866, 869, 882, 941, 947, 960, 968, 982, 1000, 1050, 1061, 1064, 1077, 1122, 1129, 1154, 1164, 1199, 1202, 1212, 1221, 1271, 1277, 1330, 1353, 1368, 1370, 1409, 1428, 1430, 1445, 1452, 1458, 1465, 1475, 1495, 1506, 1529, 1554, 1573, 1577, 1587, 1589, 1646, 1648, 1670, 1676, 1707, 1720, 1773, 1802, 1846, 1859, 1904, 1911, 1936, 1972, 1982, 1995, 2022, 2038, 2045, 2070, 2115, 2122, 2128, 2149, 2186, 2192, 2227, 2278, 2281, 2288, 2294, 2347, 2353, 2359, 2402, 2444, 2457, 2472, 2480, 2501, 2509, 2564, 2579, 2586, 2611, 2640, 2647, 2686, 2702, 2715, 2719, 2721, 2884, 2944, 2963, 2973, 3000, 3025, 3042, 3068, 3106, 3142, 3178, 3195, 3215, 3252, 3258, 3289, 3325, 3346, 3401, 3410, 3427, 3449, 3464, 3489, 3514, 3577, 3642, 3675, 3696, 3714, 3721, 3737, 3769, 3811, 3821]",[],"[14, 34, 40, 47, 62, 69, 74, 89, 104, 126, 131, 166, 169, 175, 186, 190, 215, 221, 232, 251, 256, 274, 292, 356, 358, 373, 375, 377, 379, 381, 383, 385, 387, 389, 391, 393, 395, 397, 399, 401, 403, 405, 407, 409, 411, 413, 415, 441, 451, 511, 527, 566, 592, 598, 607, 633, 646, 653, 667, 669, 681, 728, 746, 777, 791, 798, 823, 864, 866, 869, 882, 941, 947, 960, 968, 982, 1000, 1050, 1061, 1064, 1077, 1122, 1129, 1154, 1164, 1199, 1202, 1212, 1221, 1271, 1277, 1330, 1353, 1368, 1370, 1409, 1428, 1430, 1445, 1452, 1458, 1465, 1475, 1495, 1506, 1529, 1554, 1573, 1577, 1587, 1589, 1646, 1648, 1670, 1676, 1707, 1720, 1773, 1802, 1846, 1859, 1904, 1911, 1936, 1972, 1982, 1995, 2022, 2038, 2045, 2070, 2115, 2122, 2128, 2149, 2186, 2192, 2227, 2278, 2281, 2288, 2294, 2347, 2353, 2359, 2402, 2444, 2457, 2472, 2480, 2501, 2509, 2564, 2579, 2586, 2611, 2640, 2647, 2686, 2702, 2715, 2719, 2721, 2884, 2944, 2963, 2973, 3000, 3025, 3042, 3068, 3106, 3142, 3178, 3195, 3215, 3252, 3258, 3289, 3325, 3346, 3401, 3410, 3427, 3449, 3464, 3489, 3514, 3577, 3642, 3675, 3696, 3714, 3721, 3737, 3769, 3811, 3821]","[2714, 3041]",3833,198,3635,0,198,3633,2
-4.0,HSAQUPN2,"[15, 74, 108, 110, 119, 141, 192, 212, 223, 237, 282, 288, 300, 312, 318, 339, 363, 423, 432, 436, 460, 498, 504, 531, 609, 633, 637, 717, 720, 747, 774, 795, 831, 836, 857, 873, 918, 932, 936, 970]",[],"[15, 74, 108, 110, 119, 141, 192, 212, 223, 237, 282, 288, 300, 312, 318, 339, 363, 423, 432, 436, 460, 498, 504, 531, 609, 633, 637, 717, 720, 747, 774, 795, 831, 836, 857, 873, 918, 932, 936, 970]","[431, 632, 746]",988,40,948,0,40,945,3
-4.0,HSARYLA,"[124, 230, 237, 276, 330, 341, 414, 422, 433, 438, 452, 460, 501, 507, 515, 523, 530, 554, 561, 588, 620, 627, 645, 679, 686, 700, 804, 820, 826, 828, 834, 849, 930, 934, 964, 968, 982, 989, 1026, 1040, 1050, 1056, 1092, 1098, 1107, 1148, 1161, 1223, 1239, 1282, 1301, 1402, 1408, 1422, 1436, 1448, 1452, 1556, 1572, 1576, 1605, 1620, 1632, 1663, 1668, 1689, 1739, 1793, 1816, 1837, 1850, 1879, 1903, 1907, 1915, 1936, 1952, 1954, 1957, 1971, 1986, 1992, 2005, 2042, 2053, 2055, 2067, 2077, 2091, 2119, 2121, 2142, 2146, 2166, 2176, 2178, 2205, 2207, 2238, 2253, 2257, 2317, 2345, 2420, 2471, 2480, 2510, 2529, 2533, 2535, 2541, 2550, 2554, 2562, 2578, 2589, 2606, 2614, 2628, 2634, 2667, 2671, 2676, 2698, 2732, 2750, 2766, 2770, 2775, 2784, 2798, 2824, 2837, 2913, 2951, 3027, 3041, 3065, 3067, 3088, 3129, 3142, 3163, 3200, 3283, 3303, 3306, 3321, 3323, 3334, 3338, 3350, 3362, 3378, 3401, 3409, 3411, 3417, 3423, 3430, 3433, 3453, 3463, 3474, 3500, 3523, 3525, 3528, 3559, 3568, 3572, 3576, 3592, 3622, 3630]",[],"[124, 230, 237, 276, 330, 341, 414, 422, 433, 438, 452, 460, 501, 507, 515, 523, 530, 554, 561, 588, 620, 627, 645, 679, 686, 700, 804, 820, 826, 828, 834, 849, 930, 934, 964, 968, 982, 989, 1026, 1040, 1050, 1056, 1092, 1098, 1107, 1148, 1161, 1223, 1239, 1282, 1301, 1402, 1408, 1422, 1436, 1448, 1452, 1556, 1572, 1576, 1605, 1620, 1632, 1663, 1668, 1689, 1739, 1793, 1816, 1837, 1850, 1879, 1903, 1907, 1915, 1936, 1952, 1954, 1957, 1971, 1986, 1992, 2005, 2042, 2053, 2055, 2067, 2077, 2091, 2119, 2121, 2142, 2146, 2166, 2176, 2178, 2205, 2207, 2238, 2253, 2257, 2317, 2345, 2420, 2471, 2480, 2510, 2529, 2533, 2535, 2541, 2550, 2554, 2562, 2578, 2589, 2606, 2614, 2628, 2634, 2667, 2671, 2676, 2698, 2732, 2750, 2766, 2770, 2775, 2784, 2798, 2824, 2837, 2913, 2951, 3027, 3041, 3065, 3067, 3088, 3129, 3142, 3163, 3200, 3283, 3303, 3306, 3321, 3323, 3334, 3338, 3350, 3362, 3378, 3401, 3409, 3411, 3417, 3423, 3430, 3433, 3453, 3463, 3474, 3500, 3523, 3525, 3528, 3559, 3568, 3572, 3576, 3592, 3622, 3630]","[848, 1238, 1571, 1815, 2252, 2470, 2823]",3630,175,3455,0,175,3448,7
-4.0,HSAT3,"[8, 10, 18, 20, 29, 33, 67, 77, 161, 175, 211, 242, 253, 258, 273, 281, 328, 336, 338, 351, 446, 466, 500, 539, 589, 608, 618, 630, 647, 656, 686, 691, 756, 759, 765, 776, 787, 797, 826, 854, 881, 891, 893, 904, 913, 1072, 1121, 1124, 1165, 1168, 1190, 1193, 1204, 1210, 1220, 1240, 1271, 1274, 1288, 1307, 1333, 1385, 1417, 1465, 1520, 1524, 1539, 1545, 1579, 1601, 1603, 1652, 1707, 1709, 1736, 1771, 1829, 1842, 1850, 1879, 1899, 1937, 1948, 1954, 1992, 2013, 2018, 2023, 2028, 2045, 2051, 2058, 2066, 2078, 2082, 2094, 2102, 2123, 2155, 2161, 2165, 2169, 2173, 2177, 2180, 2186, 2200, 2210, 2219, 2226, 2230, 2269, 2275, 2301, 2317, 2319, 2346, 2355, 2366, 2376, 2379, 2410, 2436, 2452, 2511, 2513, 2546, 2561, 2567, 2640, 2679, 2743, 2760, 2775, 2791, 2804, 2811, 2847, 2883, 2886, 2893, 2905, 2933, 2949, 2991, 2998, 3012, 3059, 3139, 3141, 3152, 3233, 3244, 3277, 3283, 3312, 3324, 3344, 3377, 3453, 3455, 3529, 3567, 3591, 3610, 3662, 3674, 3676, 3679, 3685, 3697, 3708, 3724, 3748, 3769, 3818, 3823, 3826, 3831, 3862, 3894, 3948, 3959, 3969, 3981, 4016, 4026, 4046, 4084, 4115, 4170, 4181, 4191, 4204, 4223, 4250, 4255, 4267, 4331, 4375, 4423, 4429, 4431, 4448, 4468, 4476, 4506, 4517, 4539, 4560, 4583, 4614, 4637, 4649, 4673, 4695, 4709, 4716, 4743, 4747, 4751, 4762, 4777, 4780, 4824, 4828, 4838, 4861, 4913, 4922, 4932, 4938, 4946, 4965, 4971, 4979, 4993, 5046, 5055, 5080, 5082, 5096, 5175, 5239, 5306, 5312, 5357, 5393, 5444, 5477, 5492, 5494, 5498, 5515, 5532, 5576, 5580, 5582, 5584, 5598, 5613, 5624, 5695, 5711, 5718, 5723, 5735, 5748, 5758, 5777, 5792, 5844, 5852, 5948, 5952, 6016, 6020, 6024, 6060, 6064, 6073, 6091, 6121, 6186, 6204, 6236, 6253, 6256, 6329, 6331, 6346, 6377, 6386, 6396, 6400, 6413, 6460, 6490, 6521, 6646, 6650, 6656, 6666, 6750, 6812, 6831, 6859, 6880, 6935, 6939, 6943, 6954, 7004, 7037, 7070, 7076, 7082, 7103, 7226, 7232, 7245, 7284, 7294, 7309, 7314, 7319, 7353, 7385, 7432, 7443, 7454, 7462, 7464, 7477, 7496, 7523, 7579, 7595, 7603, 7605, 7611, 7619, 7659, 7667, 7675, 7679, 7719, 7727, 7774, 7786, 7801, 7830, 7851, 7855, 7857, 7881, 7885, 7887, 7898, 7918, 7924, 7930, 7960, 7981, 7984, 7986, 8002, 8017, 8022, 8033, 8051, 8059, 8073, 8090, 8129, 8153, 8164, 8195, 8198, 8235, 8267, 8275, 8290, 8304, 8308, 8320, 8345, 8348, 8360, 8368, 8397, 8423, 8440, 8470, 8482, 8493, 8497, 8530, 8537, 8541, 8545, 8552, 8571, 8638, 8641, 8701, 8711, 8726, 8734, 8770, 8802, 8824, 8837, 8846, 8855, 8865, 8875, 8888, 8907, 8934, 8951, 8992, 9006, 9019, 9046, 9057, 9071, 9096, 9104, 9140, 9153, 9197, 9206, 9215, 9218, 9220, 9225, 9261, 9266, 9311, 9316, 9371, 9382, 9397, 9402, 9405, 9447, 9527, 9538, 9548, 9561, 9609, 9626, 9636, 9649, 9661, 9679, 9702, 9718, 9722, 9731, 9742, 9750, 9817, 9880, 9891, 9906, 9911, 9916, 9950, 9972, 9981, 10025, 10047, 10061, 10067, 10069, 10090, 10097, 10117, 10132, 10134, 10160, 10190, 10196, 10206, 10231, 10280, 10324, 10337, 10342, 10369, 10402, 10406, 10430, 10464, 10477, 10484, 10486, 10548, 10550, 10556, 10585, 10592, 10622, 10690, 10697, 10746, 10754, 10769, 10777, 10808, 10840, 10860, 10885, 10894, 10905, 10915, 10919, 10928, 10949, 10976, 11027, 11052, 11078, 11081, 11091, 11143, 11169, 11179, 11215, 11259, 11261, 11279, 11304, 11321, 11325, 11327, 11335, 11337, 11345, 11347, 11391, 11394, 11431, 11451, 11460, 11468, 11480, 11497, 11499, 11516, 11530, 11532, 11538, 11546, 11548, 11557, 11569, 11577, 11605, 11608, 11661, 11665, 11719, 11749, 11774, 11782, 11816, 11819, 11822, 11835, 11848, 11855, 11890, 11917, 11938, 11978, 11983, 11986, 12001, 12008, 12024, 12034, 12058, 12085, 12087, 12096, 12133, 12163, 12166, 12177, 12202, 12234, 12250, 12280, 12289, 12300, 12310, 12323, 12344, 12371, 12397, 12445, 12451, 12468, 12483, 12485, 12514, 12542, 12548, 12556, 12580, 12585, 12594, 12603, 12684, 12693, 12720, 12732, 12739, 12742, 12765, 12771, 12794, 12824, 12835, 12851, 12868, 12919, 12973, 12990, 13014, 13037, 13057, 13093, 13147, 13156, 13182, 13188, 13200, 13224, 13226, 13253, 13267, 13273, 13301, 13339, 13346, 13359, 13365, 13391, 13399, 13417, 13452, 13470, 13488, 13503, 13513, 13515, 13533, 13590, 13620, 13626, 13661, 13701, 13703, 13707, 13740, 13765, 13776, 13792, 13807, 13815, 13818, 13831, 13851, 13881, 13896, 13929, 13942, 13944, 13949, 13956, 13988, 13992, 14002, 14100, 14118, 14121, 14133, 14181]",[],"[8, 10, 18, 20, 29, 33, 67, 77, 161, 175, 211, 242, 253, 258, 273, 281, 328, 336, 338, 351, 446, 466, 500, 539, 589, 608, 618, 630, 647, 656, 686, 691, 756, 759, 765, 776, 787, 797, 826, 854, 881, 891, 893, 904, 913, 1072, 1121, 1124, 1165, 1168, 1190, 1193, 1204, 1210, 1220, 1240, 1271, 1274, 1288, 1307, 1333, 1385, 1417, 1465, 1520, 1524, 1539, 1545, 1579, 1601, 1603, 1652, 1707, 1709, 1736, 1771, 1829, 1842, 1850, 1879, 1899, 1937, 1948, 1954, 1992, 2013, 2018, 2023, 2028, 2045, 2051, 2058, 2066, 2078, 2082, 2094, 2102, 2123, 2155, 2161, 2165, 2169, 2173, 2177, 2180, 2186, 2200, 2210, 2219, 2226, 2230, 2269, 2275, 2301, 2317, 2319, 2346, 2355, 2366, 2376, 2379, 2410, 2436, 2452, 2511, 2513, 2546, 2561, 2567, 2640, 2679, 2743, 2760, 2775, 2791, 2804, 2811, 2847, 2883, 2886, 2893, 2905, 2933, 2949, 2991, 2998, 3012, 3059, 3139, 3141, 3152, 3233, 3244, 3277, 3283, 3312, 3324, 3344, 3377, 3453, 3455, 3529, 3567, 3591, 3610, 3662, 3674, 3676, 3679, 3685, 3697, 3708, 3724, 3748, 3769, 3818, 3823, 3826, 3831, 3862, 3894, 3948, 3959, 3969, 3981, 4016, 4026, 4046, 4084, 4115, 4170, 4181, 4191, 4204, 4223, 4250, 4255, 4267, 4331, 4375, 4423, 4429, 4431, 4448, 4468, 4476, 4506, 4517, 4539, 4560, 4583, 4614, 4637, 4649, 4673, 4695, 4709, 4716, 4743, 4747, 4751, 4762, 4777, 4780, 4824, 4828, 4838, 4861, 4913, 4922, 4932, 4938, 4946, 4965, 4971, 4979, 4993, 5046, 5055, 5080, 5082, 5096, 5175, 5239, 5306, 5312, 5357, 5393, 5444, 5477, 5492, 5494, 5498, 5515, 5532, 5576, 5580, 5582, 5584, 5598, 5613, 5624, 5695, 5711, 5718, 5723, 5735, 5748, 5758, 5777, 5792, 5844, 5852, 5948, 5952, 6016, 6020, 6024, 6060, 6064, 6073, 6091, 6121, 6186, 6204, 6236, 6253, 6256, 6329, 6331, 6346, 6377, 6386, 6396, 6400, 6413, 6460, 6490, 6521, 6646, 6650, 6656, 6666, 6750, 6812, 6831, 6859, 6880, 6935, 6939, 6943, 6954, 7004, 7037, 7070, 7076, 7082, 7103, 7226, 7232, 7245, 7284, 7294, 7309, 7314, 7319, 7353, 7385, 7432, 7443, 7454, 7462, 7464, 7477, 7496, 7523, 7579, 7595, 7603, 7605, 7611, 7619, 7659, 7667, 7675, 7679, 7719, 7727, 7774, 7786, 7801, 7830, 7851, 7855, 7857, 7881, 7885, 7887, 7898, 7918, 7924, 7930, 7960, 7981, 7984, 7986, 8002, 8017, 8022, 8033, 8051, 8059, 8073, 8090, 8129, 8153, 8164, 8195, 8198, 8235, 8267, 8275, 8290, 8304, 8308, 8320, 8345, 8348, 8360, 8368, 8397, 8423, 8440, 8470, 8482, 8493, 8497, 8530, 8537, 8541, 8545, 8552, 8571, 8638, 8641, 8701, 8711, 8726, 8734, 8770, 8802, 8824, 8837, 8846, 8855, 8865, 8875, 8888, 8907, 8934, 8951, 8992, 9006, 9019, 9046, 9057, 9071, 9096, 9104, 9140, 9153, 9197, 9206, 9215, 9218, 9220, 9225, 9261, 9266, 9311, 9316, 9371, 9382, 9397, 9402, 9405, 9447, 9527, 9538, 9548, 9561, 9609, 9626, 9636, 9649, 9661, 9679, 9702, 9718, 9722, 9731, 9742, 9750, 9817, 9880, 9891, 9906, 9911, 9916, 9950, 9972, 9981, 10025, 10047, 10061, 10067, 10069, 10090, 10097, 10117, 10132, 10134, 10160, 10190, 10196, 10206, 10231, 10280, 10324, 10337, 10342, 10369, 10402, 10406, 10430, 10464, 10477, 10484, 10486, 10548, 10550, 10556, 10585, 10592, 10622, 10690, 10697, 10746, 10754, 10769, 10777, 10808, 10840, 10860, 10885, 10894, 10905, 10915, 10919, 10928, 10949, 10976, 11027, 11052, 11078, 11081, 11091, 11143, 11169, 11179, 11215, 11259, 11261, 11279, 11304, 11321, 11325, 11327, 11335, 11337, 11345, 11347, 11391, 11394, 11431, 11451, 11460, 11468, 11480, 11497, 11499, 11516, 11530, 11532, 11538, 11546, 11548, 11557, 11569, 11577, 11605, 11608, 11661, 11665, 11719, 11749, 11774, 11782, 11816, 11819, 11822, 11835, 11848, 11855, 11890, 11917, 11938, 11978, 11983, 11986, 12001, 12008, 12024, 12034, 12058, 12085, 12087, 12096, 12133, 12163, 12166, 12177, 12202, 12234, 12250, 12280, 12289, 12300, 12310, 12323, 12344, 12371, 12397, 12445, 12451, 12468, 12483, 12485, 12514, 12542, 12548, 12556, 12580, 12585, 12594, 12603, 12684, 12693, 12720, 12732, 12739, 12742, 12765, 12771, 12794, 12824, 12835, 12851, 12868, 12919, 12973, 12990, 13014, 13037, 13057, 13093, 13147, 13156, 13182, 13188, 13200, 13224, 13226, 13253, 13267, 13273, 13301, 13339, 13346, 13359, 13365, 13391, 13399, 13417, 13452, 13470, 13488, 13503, 13513, 13515, 13533, 13590, 13620, 13626, 13661, 13701, 13703, 13707, 13740, 13765, 13776, 13792, 13807, 13815, 13818, 13831, 13851, 13881, 13896, 13929, 13942, 13944, 13949, 13956, 13988, 13992, 14002, 14100, 14118, 14121, 14133, 14181]","[646, 3311, 6059, 7102, 8303, 10401]",14199,692,13507,0,692,13501,6
-4.0,HSATPCP1,"[27, 81, 94, 134, 147, 159, 212, 287, 290, 293, 297, 303, 356, 362, 402, 420, 454, 457, 470, 497, 529, 535, 613, 618, 631, 674, 706, 716, 751, 754, 767, 770, 807, 832, 885, 952, 971, 977, 990, 1058, 1063, 1065, 1068, 1077, 1080, 1108, 1111, 1114, 1117, 1120, 1123, 1126, 1129, 1143, 1153, 1166, 1171, 1174, 1185, 1216, 1242, 1258, 1306, 1317, 1327, 1340, 1445, 1461, 1474, 1505, 1519, 1526, 1551, 1561, 1599, 1602, 1619, 1675, 1681, 1710, 1724, 1734, 1771, 1783, 1786, 1796, 1839, 1846, 1871, 1918, 1921, 1931, 1989, 1995, 2010, 2030, 2114, 2128, 2134, 2147, 2174, 2198, 2237, 2259, 2272, 2305, 2348, 2358, 2394, 2406, 2416, 2432, 2434, 2450, 2464, 2580, 2634, 2692, 2724, 2769, 2772, 2782, 2841, 2847, 2876, 2878, 2880, 2890, 2900, 2971, 3014, 3046, 3056, 3089, 3092, 3145, 3170, 3222, 3253, 3278, 3311, 3315, 3330, 3413, 3433, 3459, 3478, 3546, 3585, 3587, 3617, 3627, 3641, 3681, 3719, 3736, 3769, 3771, 3774, 3800, 3804, 3834, 3849, 3854, 3893, 3925, 3973, 3982, 3993, 4007, 4037, 4064, 4081, 4109, 4161, 4225, 4246, 4307, 4361, 4397, 4402, 4404, 4414, 4421, 4426, 4455, 4465, 4476, 4485, 4501, 4518, 4525, 4545, 4559, 4613, 4651, 4667, 4716, 4727, 4731, 4774, 4778, 4782, 4806, 4821, 4832, 4838, 4844, 4877, 4880, 4892, 4894, 4902, 4915, 4962, 4976, 5009, 5022, 5024, 5059, 5072, 5178, 5217, 5231, 5234, 5255, 5274, 5277, 5300, 5306, 5390, 5395, 5408, 5415, 5418, 5425, 5427, 5432, 5434, 5447, 5449, 5479, 5490, 5504, 5510, 5517, 5526, 5535, 5549, 5577, 5580, 5588, 5612, 5616, 5647, 5650, 5660, 5670, 5753, 5770, 5803, 5813, 5855, 5888, 5892, 5925, 5927, 5929, 5935, 5939, 5941, 5981, 5990, 6005, 6017, 6023, 6025, 6029, 6035, 6063, 6075, 6085, 6090, 6100, 6106, 6144, 6212, 6225, 6228, 6278, 6285, 6312, 6315, 6324, 6338, 6340, 6365, 6383, 6411, 6430, 6443, 6492, 6495, 6520, 6562, 6564, 6567, 6574, 6580, 6589, 6618, 6631, 6643, 6671, 6733, 6747, 6761, 6778, 6789, 6801, 6821, 6831, 6840, 6844, 6861, 6866, 6868, 6898, 6905, 6954, 6975, 6986, 7000, 7004, 7009, 7018, 7023, 7034, 7116, 7130, 7141, 7143, 7146, 7175, 7183, 7200, 7204, 7206, 7213, 7236, 7238, 7268, 7272, 7278, 7281, 7300, 7314, 7360, 7381, 7431, 7471, 7496, 7502, 7525, 7527, 7577, 7594, 7642, 7665, 7673, 7699, 7716, 7727, 7756, 7764, 7766, 7768, 7793, 7809, 7813, 7821, 7847, 7855, 7884, 7928, 7941, 7949, 7970, 7974, 7980, 8019, 8030, 8040, 8051, 8067, 8094, 8101, 8104, 8106, 8110, 8121, 8141, 8164, 8195, 8203, 8208, 8212, 8233, 8247, 8255, 8302, 8305, 8317, 8356, 8377, 8422, 8443, 8466, 8489, 8516, 8530, 8534, 8585, 8619, 8640, 8657, 8690, 8693, 8702, 8709, 8715, 8733, 8735, 8749, 8753, 8787, 8797, 8815, 8828, 8852, 8890, 8903, 8948, 8955, 8990, 9010, 9024, 9037, 9096, 9099, 9102, 9156, 9192, 9194, 9225, 9243, 9252, 9266, 9287, 9305, 9319, 9334, 9350, 9403, 9406, 9410, 9437, 9440, 9445, 9450]",[],"[27, 81, 94, 134, 147, 159, 212, 287, 290, 293, 297, 303, 356, 362, 402, 420, 454, 457, 470, 497, 529, 535, 613, 618, 631, 674, 706, 716, 751, 754, 767, 770, 807, 832, 885, 952, 971, 977, 990, 1058, 1063, 1065, 1068, 1077, 1080, 1108, 1111, 1114, 1117, 1120, 1123, 1126, 1129, 1143, 1153, 1166, 1171, 1174, 1185, 1216, 1242, 1258, 1306, 1317, 1327, 1340, 1445, 1461, 1474, 1505, 1519, 1526, 1551, 1561, 1599, 1602, 1619, 1675, 1681, 1710, 1724, 1734, 1771, 1783, 1786, 1796, 1839, 1846, 1871, 1918, 1921, 1931, 1989, 1995, 2010, 2030, 2114, 2128, 2134, 2147, 2174, 2198, 2237, 2259, 2272, 2305, 2348, 2358, 2394, 2406, 2416, 2432, 2434, 2450, 2464, 2580, 2634, 2692, 2724, 2769, 2772, 2782, 2841, 2847, 2876, 2878, 2880, 2890, 2900, 2971, 3014, 3046, 3056, 3089, 3092, 3145, 3170, 3222, 3253, 3278, 3311, 3315, 3330, 3413, 3433, 3459, 3478, 3546, 3585, 3587, 3617, 3627, 3641, 3681, 3719, 3736, 3769, 3771, 3774, 3800, 3804, 3834, 3849, 3854, 3893, 3925, 3973, 3982, 3993, 4007, 4037, 4064, 4081, 4109, 4161, 4225, 4246, 4307, 4361, 4397, 4402, 4404, 4414, 4421, 4426, 4455, 4465, 4476, 4485, 4501, 4518, 4525, 4545, 4559, 4613, 4651, 4667, 4716, 4727, 4731, 4774, 4778, 4782, 4806, 4821, 4832, 4838, 4844, 4877, 4880, 4892, 4894, 4902, 4915, 4962, 4976, 5009, 5022, 5024, 5059, 5072, 5178, 5217, 5231, 5234, 5255, 5274, 5277, 5300, 5306, 5390, 5395, 5408, 5415, 5418, 5425, 5427, 5432, 5434, 5447, 5449, 5479, 5490, 5504, 5510, 5517, 5526, 5535, 5549, 5577, 5580, 5588, 5612, 5616, 5647, 5650, 5660, 5670, 5753, 5770, 5803, 5813, 5855, 5888, 5892, 5925, 5927, 5929, 5935, 5939, 5941, 5981, 5990, 6005, 6017, 6023, 6025, 6029, 6035, 6063, 6075, 6085, 6090, 6100, 6106, 6144, 6212, 6225, 6228, 6278, 6285, 6312, 6315, 6324, 6338, 6340, 6365, 6383, 6411, 6430, 6443, 6492, 6495, 6520, 6562, 6564, 6567, 6574, 6580, 6589, 6618, 6631, 6643, 6671, 6733, 6747, 6761, 6778, 6789, 6801, 6821, 6831, 6840, 6844, 6861, 6866, 6868, 6898, 6905, 6954, 6975, 6986, 7000, 7004, 7009, 7018, 7023, 7034, 7116, 7130, 7141, 7143, 7146, 7175, 7183, 7200, 7204, 7206, 7213, 7236, 7238, 7268, 7272, 7278, 7281, 7300, 7314, 7360, 7381, 7431, 7471, 7496, 7502, 7525, 7527, 7577, 7594, 7642, 7665, 7673, 7699, 7716, 7727, 7756, 7764, 7766, 7768, 7793, 7809, 7813, 7821, 7847, 7855, 7884, 7928, 7941, 7949, 7970, 7974, 7980, 8019, 8030, 8040, 8051, 8067, 8094, 8101, 8104, 8106, 8110, 8121, 8141, 8164, 8195, 8203, 8208, 8212, 8233, 8247, 8255, 8302, 8305, 8317, 8356, 8377, 8422, 8443, 8466, 8489, 8516, 8530, 8534, 8585, 8619, 8640, 8657, 8690, 8693, 8702, 8709, 8715, 8733, 8735, 8749, 8753, 8787, 8797, 8815, 8828, 8852, 8890, 8903, 8948, 8955, 8990, 9010, 9024, 9037, 9096, 9099, 9102, 9156, 9192, 9194, 9225, 9243, 9252, 9266, 9287, 9305, 9319, 9334, 9350, 9403, 9406, 9410, 9437, 9440, 9445, 9450]","[5389, 6382, 7267]",9450,470,8980,0,470,8977,3
-4.0,HSATPCP2,"[7, 20, 22, 42, 60, 108, 113, 132, 139, 196, 223, 240, 248, 258, 266, 274, 303, 318, 322, 392, 399, 408, 415, 439, 445, 475, 559, 571, 587, 612, 634, 663, 689, 779, 787, 828, 846, 855, 871, 888, 917, 965, 974, 1036, 1050, 1054, 1069, 1072, 1114, 1144, 1164, 1188, 1198, 1206, 1211, 1244, 1249, 1279, 1290, 1295, 1325, 1375, 1461, 1464, 1515, 1527, 1532, 1547, 1555, 1564, 1566, 1569, 1574, 1617, 1627, 1633, 1645, 1672, 1684, 1693, 1696, 1702, 1705, 1708, 1711, 1714, 1717, 1720, 1723, 1769, 1776, 1799, 1819, 1821, 1828, 1877, 1925, 1964, 1966, 1983, 2052, 2067, 2069, 2078, 2099, 2107, 2110, 2126, 2151, 2178, 2184, 2198, 2224, 2226, 2240, 2266, 2283, 2300, 2324, 2338, 2403, 2451, 2551, 2553, 2674, 2682, 2692, 2710, 2727, 2746, 2748, 2754, 2782, 2796, 2932, 2992, 2997, 3010, 3019, 3026, 3054, 3075, 3083, 3102, 3107, 3207, 3259, 3262, 3297, 3320, 3327, 3333, 3347, 3424, 3458, 3525, 3537, 3548, 3625, 3629, 3647, 3653, 3658, 3667, 3669, 3703, 3722, 3739, 3745, 3770, 3788, 3801, 3804, 3825, 3871, 3891, 3895, 3913, 3928, 3938, 3992, 4004, 4014, 4041, 4104, 4118, 4161, 4175, 4181, 4219, 4255, 4268, 4284, 4294, 4338, 4394, 4443, 4464, 4471, 4478, 4494, 4517, 4533, 4539, 4569, 4574, 4577, 4613, 4631, 4642, 4669, 4674, 4677, 4683, 4693, 4710, 4716, 4739, 4744, 4758, 4795, 4828, 4845, 4862, 4867, 4879, 4908, 4922, 4938, 4952, 4955, 4974, 4983, 4998, 5024, 5027, 5031, 5067, 5071, 5079, 5135, 5221, 5239, 5245, 5268, 5286, 5311, 5325, 5327, 5330, 5343, 5368, 5393, 5439, 5452, 5454, 5476, 5481, 5495, 5498, 5526, 5538, 5557, 5575, 5581, 5604, 5617, 5624, 5637, 5642, 5670, 5716, 5720, 5733, 5740, 5743, 5766, 5800, 5809, 5832, 5848, 5879, 5884, 5895, 5903, 5917, 5938, 5963, 5965, 6024, 6030, 6061, 6083, 6128, 6146, 6153, 6157, 6188, 6190, 6253, 6264, 6279, 6355, 6399, 6408, 6419, 6429, 6433, 6442, 6461, 6488, 6505, 6556, 6600, 6644, 6659, 6661, 6719, 6723, 6727, 6731, 6735, 6739, 6743, 6756, 6766, 6781, 6786, 6791, 6794, 6799, 6825, 6857, 6877, 6902, 6911, 6917, 6922, 6932, 6936, 6945, 6964, 6991, 7006, 7008, 7017, 7046, 7060, 7072, 7131, 7165, 7172, 7189, 7191, 7199, 7215, 7246, 7248, 7253, 7266, 7280, 7311, 7315, 7321, 7334, 7375, 7380, 7393, 7411, 7454, 7469, 7473, 7491, 7495, 7515, 7536, 7560, 7590, 7621, 7681, 7691, 7704, 7757, 7763, 7769, 7806, 7822, 7844, 7852, 7896, 7909, 7956, 7991, 8002, 8050, 8059, 8082, 8091, 8127, 8136, 8147, 8157, 8170, 8189, 8198, 8209, 8219, 8223, 8232, 8253, 8263, 8307, 8317, 8324, 8385, 8410, 8413, 8415, 8433, 8436, 8446, 8469, 8478, 8482, 8492, 8499, 8517, 8579, 8600, 8623, 8639, 8643, 8665, 8690, 8709, 8721, 8804, 8810, 8902, 8904, 8908, 8914, 8916, 8930, 8934, 8958, 8962, 8981, 9002, 9004, 9015, 9033, 9152, 9155, 9168, 9195, 9199, 9213, 9245, 9255, 9287, 9290, 9303, 9356, 9362, 9365, 9368, 9425, 9503, 9505, 9508, 9520, 9553, 9574, 9585, 9595, 9597, 9602, 9604, 9612, 9628, 9638, 9646, 9648, 9683, 9685, 9690, 9694, 9701, 9711, 9721, 9753, 9757, 9771, 9786, 9791, 9827, 9858, 9887, 9912, 9933, 9935, 9938, 9988, 9994, 10031, 10041, 10049, 10057, 10076, 10100, 10104, 10118, 10146, 10160, 10163, 10196, 10206, 10211, 10220, 10223, 10232, 10239, 10248, 10269, 10286, 10333, 10360, 10370, 10406, 10424, 10439, 10453, 10517, 10561, 10574, 10582, 10607, 10622, 10660, 10670, 10678, 10743, 10750, 10767, 10826, 10851, 10857, 10864, 10887, 10889, 10909, 10919, 10928, 10944, 10967, 10985, 11010, 11027, 11030, 11034, 11038, 11042, 11046, 11057, 11067, 11082, 11087, 11108, 11125, 11140, 11157, 11202, 11205, 11211, 11222, 11232, 11245, 11266, 11363, 11369, 11376, 11384, 11405, 11412, 11422, 11463, 11478, 11517, 11531, 11538, 11603, 11614, 11675, 11681, 11687, 11694, 11715, 11729, 11737, 11790, 11793, 11803, 11823, 11833, 11847, 11854, 11870, 11879, 11889, 11921, 11924, 11927, 11937, 11996, 12002, 12015, 12031, 12045, 12114, 12116, 12118, 12120, 12124, 12128, 12132, 12142, 12154, 12156, 12169, 12187, 12198, 12200, 12244, 12249, 12282, 12284, 12287, 12343, 12350, 12375, 12420, 12433, 12492, 12498, 12502, 12541, 12569, 12598, 12653, 12672, 12685, 12699, 12708, 12752, 12790, 12809, 12814, 12838, 12872, 12883, 12900, 12917, 12931, 12959, 12966, 12970, 12972, 13005, 13013, 13055, 13101, 13135, 13143, 13158, 13163, 13202, 13234, 13250, 13319, 13329, 13344, 13352, 13354, 13388, 13420, 13436, 13465, 13501, 13511, 13526, 13531, 13540, 13571, 13580, 13603, 13649, 13658, 13669, 13671, 13677, 13692, 13711, 13738, 13781, 13790, 13801, 13811, 13824, 13872, 13889, 13917, 13926, 13937, 13947, 13960, 13981, 14008, 14023, 14025, 14050, 14053, 14105, 14120, 14136, 14138, 14164, 14181, 14210, 14233, 14244, 14259, 14274, 14286, 14343, 14345, 14359, 14369, 14372, 14384, 14395, 14401, 14423, 14461, 14467, 14509, 14511, 14536, 14599, 14601, 14617, 14719, 14727, 14753, 14764, 14790, 14795, 14804, 14806, 14808, 14846, 14849, 14860, 14889, 14902, 14911, 14918, 14920, 14938, 14947, 14955, 14961, 14977, 14980, 14986]",[],"[7, 20, 22, 42, 60, 108, 113, 132, 139, 196, 223, 240, 248, 258, 266, 274, 303, 318, 322, 392, 399, 408, 415, 439, 445, 475, 559, 571, 587, 612, 634, 663, 689, 779, 787, 828, 846, 855, 871, 888, 917, 965, 974, 1036, 1050, 1054, 1069, 1072, 1114, 1144, 1164, 1188, 1198, 1206, 1211, 1244, 1249, 1279, 1290, 1295, 1325, 1375, 1461, 1464, 1515, 1527, 1532, 1547, 1555, 1564, 1566, 1569, 1574, 1617, 1627, 1633, 1645, 1672, 1684, 1693, 1696, 1702, 1705, 1708, 1711, 1714, 1717, 1720, 1723, 1769, 1776, 1799, 1819, 1821, 1828, 1877, 1925, 1964, 1966, 1983, 2052, 2067, 2069, 2078, 2099, 2107, 2110, 2126, 2151, 2178, 2184, 2198, 2224, 2226, 2240, 2266, 2283, 2300, 2324, 2338, 2403, 2451, 2551, 2553, 2674, 2682, 2692, 2710, 2727, 2746, 2748, 2754, 2782, 2796, 2932, 2992, 2997, 3010, 3019, 3026, 3054, 3075, 3083, 3102, 3107, 3207, 3259, 3262, 3297, 3320, 3327, 3333, 3347, 3424, 3458, 3525, 3537, 3548, 3625, 3629, 3647, 3653, 3658, 3667, 3669, 3703, 3722, 3739, 3745, 3770, 3788, 3801, 3804, 3825, 3871, 3891, 3895, 3913, 3928, 3938, 3992, 4004, 4014, 4041, 4104, 4118, 4161, 4175, 4181, 4219, 4255, 4268, 4284, 4294, 4338, 4394, 4443, 4464, 4471, 4478, 4494, 4517, 4533, 4539, 4569, 4574, 4577, 4613, 4631, 4642, 4669, 4674, 4677, 4683, 4693, 4710, 4716, 4739, 4744, 4758, 4795, 4828, 4845, 4862, 4867, 4879, 4908, 4922, 4938, 4952, 4955, 4974, 4983, 4998, 5024, 5027, 5031, 5067, 5071, 5079, 5135, 5221, 5239, 5245, 5268, 5286, 5311, 5325, 5327, 5330, 5343, 5368, 5393, 5439, 5452, 5454, 5476, 5481, 5495, 5498, 5526, 5538, 5557, 5575, 5581, 5604, 5617, 5624, 5637, 5642, 5670, 5716, 5720, 5733, 5740, 5743, 5766, 5800, 5809, 5832, 5848, 5879, 5884, 5895, 5903, 5917, 5938, 5963, 5965, 6024, 6030, 6061, 6083, 6128, 6146, 6153, 6157, 6188, 6190, 6253, 6264, 6279, 6355, 6399, 6408, 6419, 6429, 6433, 6442, 6461, 6488, 6505, 6556, 6600, 6644, 6659, 6661, 6719, 6723, 6727, 6731, 6735, 6739, 6743, 6756, 6766, 6781, 6786, 6791, 6794, 6799, 6825, 6857, 6877, 6902, 6911, 6917, 6922, 6932, 6936, 6945, 6964, 6991, 7006, 7008, 7017, 7046, 7060, 7072, 7131, 7165, 7172, 7189, 7191, 7199, 7215, 7246, 7248, 7253, 7266, 7280, 7311, 7315, 7321, 7334, 7375, 7380, 7393, 7411, 7454, 7469, 7473, 7491, 7495, 7515, 7536, 7560, 7590, 7621, 7681, 7691, 7704, 7757, 7763, 7769, 7806, 7822, 7844, 7852, 7896, 7909, 7956, 7991, 8002, 8050, 8059, 8082, 8091, 8127, 8136, 8147, 8157, 8170, 8189, 8198, 8209, 8219, 8223, 8232, 8253, 8263, 8307, 8317, 8324, 8385, 8410, 8413, 8415, 8433, 8436, 8446, 8469, 8478, 8482, 8492, 8499, 8517, 8579, 8600, 8623, 8639, 8643, 8665, 8690, 8709, 8721, 8804, 8810, 8902, 8904, 8908, 8914, 8916, 8930, 8934, 8958, 8962, 8981, 9002, 9004, 9015, 9033, 9152, 9155, 9168, 9195, 9199, 9213, 9245, 9255, 9287, 9290, 9303, 9356, 9362, 9365, 9368, 9425, 9503, 9505, 9508, 9520, 9553, 9574, 9585, 9595, 9597, 9602, 9604, 9612, 9628, 9638, 9646, 9648, 9683, 9685, 9690, 9694, 9701, 9711, 9721, 9753, 9757, 9771, 9786, 9791, 9827, 9858, 9887, 9912, 9933, 9935, 9938, 9988, 9994, 10031, 10041, 10049, 10057, 10076, 10100, 10104, 10118, 10146, 10160, 10163, 10196, 10206, 10211, 10220, 10223, 10232, 10239, 10248, 10269, 10286, 10333, 10360, 10370, 10406, 10424, 10439, 10453, 10517, 10561, 10574, 10582, 10607, 10622, 10660, 10670, 10678, 10743, 10750, 10767, 10826, 10851, 10857, 10864, 10887, 10889, 10909, 10919, 10928, 10944, 10967, 10985, 11010, 11027, 11030, 11034, 11038, 11042, 11046, 11057, 11067, 11082, 11087, 11108, 11125, 11140, 11157, 11202, 11205, 11211, 11222, 11232, 11245, 11266, 11363, 11369, 11376, 11384, 11405, 11412, 11422, 11463, 11478, 11517, 11531, 11538, 11603, 11614, 11675, 11681, 11687, 11694, 11715, 11729, 11737, 11790, 11793, 11803, 11823, 11833, 11847, 11854, 11870, 11879, 11889, 11921, 11924, 11927, 11937, 11996, 12002, 12015, 12031, 12045, 12114, 12116, 12118, 12120, 12124, 12128, 12132, 12142, 12154, 12156, 12169, 12187, 12198, 12200, 12244, 12249, 12282, 12284, 12287, 12343, 12350, 12375, 12420, 12433, 12492, 12498, 12502, 12541, 12569, 12598, 12653, 12672, 12685, 12699, 12708, 12752, 12790, 12809, 12814, 12838, 12872, 12883, 12900, 12917, 12931, 12959, 12966, 12970, 12972, 13005, 13013, 13055, 13101, 13135, 13143, 13158, 13163, 13202, 13234, 13250, 13319, 13329, 13344, 13352, 13354, 13388, 13420, 13436, 13465, 13501, 13511, 13526, 13531, 13540, 13571, 13580, 13603, 13649, 13658, 13669, 13671, 13677, 13692, 13711, 13738, 13781, 13790, 13801, 13811, 13824, 13872, 13889, 13917, 13926, 13937, 13947, 13960, 13981, 14008, 14023, 14025, 14050, 14053, 14105, 14120, 14136, 14138, 14164, 14181, 14210, 14233, 14244, 14259, 14274, 14286, 14343, 14345, 14359, 14369, 14372, 14384, 14395, 14401, 14423, 14461, 14467, 14509, 14511, 14536, 14599, 14601, 14617, 14719, 14727, 14753, 14764, 14790, 14795, 14804, 14806, 14808, 14846, 14849, 14860, 14889, 14902, 14911, 14918, 14920, 14938, 14947, 14955, 14961, 14977, 14980, 14986]","[7490, 10195, 10918]",15009,775,14234,0,775,14231,3
-4.0,HSB3A,"[20, 89, 106, 132, 159, 202, 224, 245, 256, 268, 293, 304, 321, 323, 354, 439, 463, 477, 483, 543, 562, 581, 647, 721, 735, 740, 780, 792, 810, 816, 858, 860, 864, 891, 906, 909, 950, 974, 984, 990, 995, 997, 999, 1022, 1035, 1053, 1069, 1083, 1110, 1113, 1119, 1121, 1125, 1128, 1130, 1140, 1142, 1145, 1166, 1169, 1176, 1225, 1251, 1259, 1269, 1293, 1305, 1317, 1323, 1326, 1385, 1400, 1425, 1433, 1452, 1511, 1522, 1553, 1575, 1605, 1642, 1711, 1718, 1732, 1788, 1844, 1848, 1879, 1896, 1898, 1902, 1906, 1919, 1921, 1926, 1941, 1979, 2004, 2025, 2034, 2061, 2064, 2086, 2109, 2111, 2136, 2177, 2182, 2188, 2208, 2211, 2232, 2286, 2340, 2351, 2361, 2374, 2395, 2456, 2466, 2472, 2485, 2552, 2588, 2595, 2607, 2618, 2624, 2641, 2648, 2653, 2656, 2660, 2671, 2675, 2683, 2685, 2709, 2715, 2726, 2733, 2735, 2737, 2745, 2748, 2758, 2764, 2766, 2780, 2788, 2801, 2814, 2822, 2842, 2882, 2918, 2932, 2952, 2963, 2984, 3022, 3048, 3052, 3076, 3087, 3126, 3129, 3132, 3134, 3140, 3145, 3167, 3195, 3200, 3204, 3208, 3235, 3275, 3277, 3291, 3315, 3337, 3349, 3374, 3424, 3426, 3446, 3463, 3475, 3541, 3567, 3571, 3632, 3669]",[],"[20, 89, 106, 132, 159, 202, 224, 245, 256, 268, 293, 304, 321, 323, 354, 439, 463, 477, 483, 543, 562, 581, 647, 721, 735, 740, 780, 792, 810, 816, 858, 860, 864, 891, 906, 909, 950, 974, 984, 990, 995, 997, 999, 1022, 1035, 1053, 1069, 1083, 1110, 1113, 1119, 1121, 1125, 1128, 1130, 1140, 1142, 1145, 1166, 1169, 1176, 1225, 1251, 1259, 1269, 1293, 1305, 1317, 1323, 1326, 1385, 1400, 1425, 1433, 1452, 1511, 1522, 1553, 1575, 1605, 1642, 1711, 1718, 1732, 1788, 1844, 1848, 1879, 1896, 1898, 1902, 1906, 1919, 1921, 1926, 1941, 1979, 2004, 2025, 2034, 2061, 2064, 2086, 2109, 2111, 2136, 2177, 2182, 2188, 2208, 2211, 2232, 2286, 2340, 2351, 2361, 2374, 2395, 2456, 2466, 2472, 2485, 2552, 2588, 2595, 2607, 2618, 2624, 2641, 2648, 2653, 2656, 2660, 2671, 2675, 2683, 2685, 2709, 2715, 2726, 2733, 2735, 2737, 2745, 2748, 2758, 2764, 2766, 2780, 2788, 2801, 2814, 2822, 2842, 2882, 2918, 2932, 2952, 2963, 2984, 3022, 3048, 3052, 3076, 3087, 3126, 3129, 3132, 3134, 3140, 3145, 3167, 3195, 3200, 3204, 3208, 3235, 3275, 3277, 3291, 3315, 3337, 3349, 3374, 3424, 3426, 3446, 3463, 3475, 3541, 3567, 3571, 3632, 3669]",[1843],3676,194,3482,0,194,3481,1
-4.0,HSBGPG,"[14, 30, 71, 117, 138, 152, 156, 170, 180, 206, 208, 223, 231, 304, 379, 420, 429, 460, 561, 565, 596, 654, 665, 678, 791, 818, 833, 840, 851, 857, 878, 905, 913, 942, 1032, 1056, 1059, 1082, 1097, 1144, 1148, 1169, 1182, 1185, 1188, 1194, 1213, 1234, 1236, 1284, 1289, 1291, 1305, 1341, 1343, 1345, 1363, 1370, 1422, 1429, 1431, 1461, 1533, 1538, 1586, 1594, 1598, 1602, 1607, 1616, 1618, 1629, 1631, 1646, 1654, 1669]",[],"[14, 30, 71, 117, 138, 152, 156, 170, 180, 206, 208, 223, 231, 304, 379, 420, 429, 460, 561, 565, 596, 654, 665, 678, 791, 818, 833, 840, 851, 857, 878, 905, 913, 942, 1032, 1056, 1059, 1082, 1097, 1144, 1148, 1169, 1182, 1185, 1188, 1194, 1213, 1234, 1236, 1284, 1289, 1291, 1305, 1341, 1343, 1345, 1363, 1370, 1422, 1429, 1431, 1461, 1533, 1538, 1586, 1594, 1598, 1602, 1607, 1616, 1618, 1629, 1631, 1646, 1654, 1669]","[560, 850, 1096]",1668,76,1592,0,76,1589,3
-4.0,HSBSF2,"[77, 112, 120, 124, 211, 239, 243, 246, 275, 285, 319, 333, 336, 349, 355, 403, 424, 464, 478, 502, 515, 545, 566, 577, 632, 635, 678, 693, 709, 752, 761, 824, 834, 859, 875, 882, 907, 918, 921, 976, 979, 981, 1001, 1025, 1087, 1104, 1118, 1151, 1243, 1247, 1282, 1292, 1294, 1305, 1307, 1309, 1356, 1361, 1365, 1406, 1411, 1438, 1440, 1465, 1492, 1551, 1588, 1609, 1622, 1631, 1646, 1648, 1673, 1684, 1697, 1731, 1748, 1750, 1758, 1789, 1826, 1870, 1874, 1889, 1918, 1936, 1954, 1960, 1970, 1975, 1987, 2042, 2060, 2090, 2098, 2103, 2108, 2161, 2180, 2190, 2221, 2233, 2242, 2305, 2317, 2325, 2334, 2336, 2361, 2363, 2394, 2430, 2444, 2451, 2473, 2475, 2518, 2521, 2554, 2557, 2581, 2584, 2586, 2590, 2606, 2621, 2639, 2648, 2655, 2657, 2749, 2759, 2812, 2817, 2848, 2852, 2858, 2867, 2872, 2894, 2915, 2931, 2946, 2954, 2957, 2974, 2981, 2998, 3007, 3023, 3065, 3071, 3107, 3124, 3150, 3179, 3242, 3283, 3288, 3301, 3306, 3313, 3337, 3346, 3374, 3382, 3467, 3483, 3493, 3500, 3511, 3534, 3537, 3557, 3567, 3575, 3586, 3602, 3606, 3608, 3610, 3630, 3632, 3656, 3658, 3709, 3721, 3733, 3743, 3749, 3764, 3768, 3773, 3777, 3810, 3836, 3862, 3907, 3927, 3978, 3989, 4006, 4009, 4012, 4045, 4049, 4062, 4077, 4087, 4109, 4135, 4155, 4203, 4241, 4252, 4287, 4290, 4292, 4297, 4318, 4322, 4330, 4359, 4393, 4411, 4428, 4432, 4444, 4446, 4454, 4477, 4480, 4506, 4528, 4575, 4612, 4657, 4666, 4676, 4689, 4716, 4747, 4822, 4825, 4845, 4848, 4886, 4890, 4896, 4910, 4944, 4948, 4968, 4984, 4993, 5026, 5040, 5053, 5111, 5117, 5141, 5181, 5185, 5199, 5223, 5423, 5471, 5480, 5507, 5528, 5531, 5534, 5557, 5568, 5590, 5593, 5614, 5622, 5669, 5679, 5689, 5693, 5714, 5735, 5741, 5762, 5773, 5788, 5816, 5818, 5877, 5890, 5899, 5945, 5947, 5949, 5954]",[],"[77, 112, 120, 124, 211, 239, 243, 246, 275, 285, 319, 333, 336, 349, 355, 403, 424, 464, 478, 502, 515, 545, 566, 577, 632, 635, 678, 693, 709, 752, 761, 824, 834, 859, 875, 882, 907, 918, 921, 976, 979, 981, 1001, 1025, 1087, 1104, 1118, 1151, 1243, 1247, 1282, 1292, 1294, 1305, 1307, 1309, 1356, 1361, 1365, 1406, 1411, 1438, 1440, 1465, 1492, 1551, 1588, 1609, 1622, 1631, 1646, 1648, 1673, 1684, 1697, 1731, 1748, 1750, 1758, 1789, 1826, 1870, 1874, 1889, 1918, 1936, 1954, 1960, 1970, 1975, 1987, 2042, 2060, 2090, 2098, 2103, 2108, 2161, 2180, 2190, 2221, 2233, 2242, 2305, 2317, 2325, 2334, 2336, 2361, 2363, 2394, 2430, 2444, 2451, 2473, 2475, 2518, 2521, 2554, 2557, 2581, 2584, 2586, 2590, 2606, 2621, 2639, 2648, 2655, 2657, 2749, 2759, 2812, 2817, 2848, 2852, 2858, 2867, 2872, 2894, 2915, 2931, 2946, 2954, 2957, 2974, 2981, 2998, 3007, 3023, 3065, 3071, 3107, 3124, 3150, 3179, 3242, 3283, 3288, 3301, 3306, 3313, 3337, 3346, 3374, 3382, 3467, 3483, 3493, 3500, 3511, 3534, 3537, 3557, 3567, 3575, 3586, 3602, 3606, 3608, 3610, 3630, 3632, 3656, 3658, 3709, 3721, 3733, 3743, 3749, 3764, 3768, 3773, 3777, 3810, 3836, 3862, 3907, 3927, 3978, 3989, 4006, 4009, 4012, 4045, 4049, 4062, 4077, 4087, 4109, 4135, 4155, 4203, 4241, 4252, 4287, 4290, 4292, 4297, 4318, 4322, 4330, 4359, 4393, 4411, 4428, 4432, 4444, 4446, 4454, 4477, 4480, 4506, 4528, 4575, 4612, 4657, 4666, 4676, 4689, 4716, 4747, 4822, 4825, 4845, 4848, 4886, 4890, 4896, 4910, 4944, 4948, 4968, 4984, 4993, 5026, 5040, 5053, 5111, 5117, 5141, 5181, 5185, 5199, 5223, 5423, 5471, 5480, 5507, 5528, 5531, 5534, 5557, 5568, 5590, 5593, 5614, 5622, 5669, 5679, 5689, 5693, 5714, 5735, 5741, 5762, 5773, 5788, 5816, 5818, 5877, 5890, 5899, 5945, 5947, 5949, 5954]","[1242, 1587, 2748, 3601]",5954,297,5657,0,297,5653,4
-4.0,HSCBMYHC,"[46, 52, 54, 63, 91, 104, 129, 135, 140, 173, 194, 224, 265, 279, 298, 302, 337, 346, 361, 370, 374, 402, 412, 468, 470, 506, 534, 537, 570, 586, 620, 626, 650, 665, 694, 723, 732, 756, 779, 783, 789, 843, 847, 861, 865, 898, 925, 927, 930, 949, 953, 956, 998, 1009, 1017, 1025, 1101, 1190, 1226, 1231, 1234, 1254, 1267, 1272, 1295, 1298, 1300, 1305, 1347, 1353, 1387, 1392, 1421, 1454, 1472, 1481, 1499, 1505, 1528, 1532, 1554, 1560, 1578, 1582, 1621, 1737, 1772, 1794, 1815, 1841, 1859, 1882, 1896, 1910, 1932, 1938, 1962, 1980, 2018, 2064, 2105, 2163, 2165, 2179, 2211, 2214, 2220, 2223, 2226, 2229, 2233, 2252, 2259, 2332, 2366, 2404, 2441, 2478, 2483, 2490, 2496, 2533, 2551, 2561, 2563, 2584, 2688, 2695, 2700, 2716, 2722, 2736, 2740, 2751, 2806, 2808, 2810, 2812, 2814, 2816, 2818, 2820, 2822, 2824, 2826, 2828, 2830, 2832, 2834, 2851, 2859, 2869, 2873, 2903, 2912, 2916, 2918, 2928, 2932, 2944, 2972, 2992, 2994, 2996, 3009, 3017, 3031, 3062, 3064, 3071, 3078, 3084, 3086, 3106, 3119, 3138, 3151, 3176, 3182, 3194, 3211, 3219, 3249, 3251, 3268, 3275, 3277, 3287, 3294, 3296, 3298, 3302, 3320, 3322, 3339, 3350, 3383, 3394, 3432, 3435, 3484, 3494, 3505, 3515, 3525, 3543, 3556, 3569, 3593, 3608, 3621, 3640, 3662, 3667, 3684, 3694, 3718, 3771, 3785, 3820, 3829, 3834, 3878, 3910, 3924, 3933, 3954, 3956, 3968, 4015, 4026, 4066, 4093, 4109, 4182, 4186, 4189, 4208, 4229, 4264, 4290, 4297, 4416, 4448, 4503, 4509, 4529, 4533, 4548, 4550, 4561, 4569, 4586, 4596, 4600, 4602, 4613, 4619, 4635, 4645, 4658, 4696, 4768, 4777, 4788, 4817, 4882, 4901, 4907, 4922, 4945, 4997, 5042, 5046, 5065, 5077, 5094, 5114, 5116, 5123, 5127, 5129, 5140, 5155, 5170, 5212, 5224, 5303, 5348, 5350, 5356, 5370, 5380, 5382, 5395, 5398, 5472, 5486, 5503, 5577, 5630, 5645, 5649, 5662, 5709, 5711, 5757, 5840, 5886, 6001, 6045, 6055, 6070, 6088, 6103, 6106, 6117, 6119, 6161, 6195, 6199, 6206, 6209, 6214, 6236, 6271, 6286, 6294, 6304, 6355, 6375, 6380, 6503, 6530, 6534, 6537, 6568, 6579, 6669, 6695, 6699, 6753, 6788, 6805, 6811, 6815, 6819, 6821, 6827, 6835, 6847, 6887, 6903, 6905, 6953, 6958, 6970, 6972, 6974, 6987, 6989, 6991, 6998, 7000, 7017, 7027, 7031, 7053, 7063, 7066, 7095, 7139, 7168, 7221, 7247, 7251, 7289, 7320, 7346, 7352, 7371, 7376, 7394, 7399, 7432, 7434, 7450, 7526, 7568, 7572, 7574, 7576, 7595, 7610, 7627, 7659, 7662, 7669, 7672, 7698, 7706, 7715, 7717, 7736, 7754, 7761, 7763, 7890, 7895, 7913, 7938, 7940, 7959, 7963, 7979, 8013, 8044, 8052, 8071, 8076, 8096, 8104, 8134, 8189, 8228, 8263, 8305, 8355, 8384, 8389, 8404, 8416, 8456, 8472, 8492, 8531, 8537, 8564, 8609, 8618, 8629, 8639, 8648, 8652, 8673, 8700, 8740, 8790, 8838, 8851, 8857, 8868, 8872, 8890, 8899, 8903, 8925, 8934, 8951, 8962, 8970, 9025, 9058, 9060, 9072, 9085, 9129, 9142, 9175, 9179, 9195, 9253, 9275, 9284, 9286, 9289, 9301, 9313, 9385, 9455, 9509, 9527, 9531, 9548, 9569, 9627, 9753, 9766, 9769, 9789, 9825, 9872, 9886, 9908, 9910, 9916, 9919, 9921, 9937, 9975, 9978, 9983, 9986, 9988, 9990, 10032, 10040, 10071, 10077, 10081, 10091, 10146, 10173, 10180, 10182, 10196, 10235, 10253, 10259, 10298, 10398, 10455, 10458, 10466, 10475, 10502, 10531, 10536, 10555, 10583, 10595, 10623, 10628, 10631, 10640, 10653, 10668, 10731, 10744, 10790, 10847, 10860, 10862, 10878, 10882, 10954, 10974, 10981, 10989, 11013, 11026, 11087, 11113, 11140, 11303, 11311, 11332, 11340, 11431, 11434, 11484, 11517, 11519, 11521, 11530, 11535, 11537, 11568, 11595, 11677, 11723, 11740, 11756, 11770, 11822, 11848, 11875, 11889, 11898, 11963, 11996, 12001, 12040, 12058, 12083, 12085, 12156, 12160, 12168, 12230, 12278, 12304, 12343, 12406, 12412, 12428, 12498, 12501, 12529, 12546, 12621, 12636, 12658, 12669, 12693, 12695, 12766, 12779, 12787, 12789, 12806, 12826, 12830, 12850, 12878, 12889, 12891, 12962, 12970, 12989, 13023, 13038, 13100, 13108, 13133, 13188, 13228, 13258, 13295, 13297, 13334, 13343, 13362, 13431, 13436, 13441, 13446, 13490, 13559, 13590, 13654, 13682, 13740, 13759, 13787, 13789, 13797, 13850, 13866, 13883, 13888, 13952, 14002, 14043, 14115, 14126, 14178, 14211, 14243, 14353, 14387, 14395, 14521, 14545, 14563, 14572, 14576, 14587, 14590, 14610, 14618, 14632, 14634, 14636, 14638, 14640, 14642, 14644, 14646, 14648, 14650, 14652, 14654, 14656, 14658, 14660, 14662, 14664, 14666, 14668, 14670, 14672, 14674, 14676, 14680, 14682, 14689, 14701, 14706, 14716, 14762, 14769, 14772, 14791, 14807, 14829, 14848, 14891, 14930, 14944, 14990, 15010, 15014, 15034, 15096, 15121, 15125, 15127, 15166, 15179, 15210, 15222, 15254, 15296, 15299, 15304, 15312, 15371, 15376, 15417, 15534, 15547, 15609, 15644, 15653, 15676, 15684, 15708, 15785, 15901, 15906, 15908, 15949, 16008, 16014, 16077, 16081, 16089, 16106, 16113, 16124, 16137, 16149, 16205, 16252, 16260, 16315, 16322, 16340, 16353, 16356, 16369, 16371, 16385, 16404, 16411, 16444, 16452, 16454, 16513, 16517, 16519, 16558, 16560, 16619, 16655, 16666, 16675, 16691, 16740, 16743, 16795, 16800, 16824, 16853, 16876, 16878, 16916, 16946, 16970, 16995, 17121, 17126, 17152, 17164, 17169, 17192, 17194, 17199, 17226, 17228, 17258, 17260, 17285, 17289, 17312, 17347, 17364, 17369, 17401, 17419, 17430, 17440, 17491, 17493, 17498, 17508, 17513, 17549, 17595, 17621, 17652, 17659, 17752, 17796, 17804, 17812, 17816, 17827, 17829, 17896, 17919, 17973, 17976, 18012, 18100, 18139, 18171, 18193, 18229, 18283, 18289, 18292, 18294, 18309, 18340, 18392, 18481, 18540, 18545, 18574, 18591, 18616, 18628, 18695, 18735, 18751, 18767, 18778, 18785, 18891, 18897, 18989, 19000, 19048, 19095, 19131, 19171, 19195, 19203, 19215, 19263, 19267, 19363, 19365, 19439, 19461, 19470, 19474, 19487, 19495, 19512, 19528, 19563, 19589, 19597, 19605, 19638, 19658, 19689, 19701, 19713, 19719, 19722, 19827, 19836, 19847, 19905, 19911, 19971, 19982, 20024, 20029, 20058, 20085, 20133, 20165, 20177, 20186, 20192, 20204, 20270, 20320, 20322, 20362, 20364, 20375, 20400, 20416, 20418, 20459, 20465, 20467, 20505, 20510, 20545, 20583, 20605, 20607, 20609, 20611, 20613, 20615, 20629, 20656, 20662, 20680, 20683, 20688, 20695, 20732, 20743, 20753, 20758, 20773, 20848, 20870, 20903, 20942, 20965, 21067, 21075, 21088, 21112, 21123, 21205, 21290, 21293, 21353, 21440, 21460, 21467, 21496, 21506, 21513, 21516, 21518, 21554, 21577, 21586, 21666, 21670, 21705, 21743, 21748, 21753, 21756, 21773, 21811, 21819, 21840, 22007, 22026, 22038, 22046, 22089, 22093, 22124, 22126, 22134, 22150, 22152, 22154, 22175, 22370, 22420, 22424, 22475, 22487, 22522, 22549, 22595, 22629, 22644, 22648, 22743, 22768, 22777, 22852, 22854, 22874, 22876, 22909, 22930, 22972, 22976, 22978, 23030, 23044, 23052, 23080, 23133, 23148, 23157, 23177, 23210, 23235, 23237, 23242, 23256, 23266, 23321, 23401, 23422, 23455, 23459, 23504, 23519, 23590, 23596, 23606, 23653, 23660, 23685, 23702, 23706, 23728, 23831, 23839, 23900, 23902, 23927, 23932, 23971, 23994, 24014, 24024, 24047, 24058, 24069, 24082, 24101, 24129, 24144, 24155, 24174, 24213, 24242, 24279, 24307, 24309, 24446, 24456, 24472, 24509, 24596, 24645, 24654, 24664, 24676, 24691, 24694, 24696, 24703, 24717, 24722, 24744, 24752, 24756, 24770, 24779, 24795, 24803, 24831, 24837, 24855, 24860, 24878, 24892, 24902, 24927, 24967, 24972, 24978]",[],"[46, 52, 54, 63, 91, 104, 129, 135, 140, 173, 194, 224, 265, 279, 298, 302, 337, 346, 361, 370, 374, 402, 412, 468, 470, 506, 534, 537, 570, 586, 620, 626, 650, 665, 694, 723, 732, 756, 779, 783, 789, 843, 847, 861, 865, 898, 925, 927, 930, 949, 953, 956, 998, 1009, 1017, 1025, 1101, 1190, 1226, 1231, 1234, 1254, 1267, 1272, 1295, 1298, 1300, 1305, 1347, 1353, 1387, 1392, 1421, 1454, 1472, 1481, 1499, 1505, 1528, 1532, 1554, 1560, 1578, 1582, 1621, 1737, 1772, 1794, 1815, 1841, 1859, 1882, 1896, 1910, 1932, 1938, 1962, 1980, 2018, 2064, 2105, 2163, 2165, 2179, 2211, 2214, 2220, 2223, 2226, 2229, 2233, 2252, 2259, 2332, 2366, 2404, 2441, 2478, 2483, 2490, 2496, 2533, 2551, 2561, 2563, 2584, 2688, 2695, 2700, 2716, 2722, 2736, 2740, 2751, 2806, 2808, 2810, 2812, 2814, 2816, 2818, 2820, 2822, 2824, 2826, 2828, 2830, 2832, 2834, 2851, 2859, 2869, 2873, 2903, 2912, 2916, 2918, 2928, 2932, 2944, 2972, 2992, 2994, 2996, 3009, 3017, 3031, 3062, 3064, 3071, 3078, 3084, 3086, 3106, 3119, 3138, 3151, 3176, 3182, 3194, 3211, 3219, 3249, 3251, 3268, 3275, 3277, 3287, 3294, 3296, 3298, 3302, 3320, 3322, 3339, 3350, 3383, 3394, 3432, 3435, 3484, 3494, 3505, 3515, 3525, 3543, 3556, 3569, 3593, 3608, 3621, 3640, 3662, 3667, 3684, 3694, 3718, 3771, 3785, 3820, 3829, 3834, 3878, 3910, 3924, 3933, 3954, 3956, 3968, 4015, 4026, 4066, 4093, 4109, 4182, 4186, 4189, 4208, 4229, 4264, 4290, 4297, 4416, 4448, 4503, 4509, 4529, 4533, 4548, 4550, 4561, 4569, 4586, 4596, 4600, 4602, 4613, 4619, 4635, 4645, 4658, 4696, 4768, 4777, 4788, 4817, 4882, 4901, 4907, 4922, 4945, 4997, 5042, 5046, 5065, 5077, 5094, 5114, 5116, 5123, 5127, 5129, 5140, 5155, 5170, 5212, 5224, 5303, 5348, 5350, 5356, 5370, 5380, 5382, 5395, 5398, 5472, 5486, 5503, 5577, 5630, 5645, 5649, 5662, 5709, 5711, 5757, 5840, 5886, 6001, 6045, 6055, 6070, 6088, 6103, 6106, 6117, 6119, 6161, 6195, 6199, 6206, 6209, 6214, 6236, 6271, 6286, 6294, 6304, 6355, 6375, 6380, 6503, 6530, 6534, 6537, 6568, 6579, 6669, 6695, 6699, 6753, 6788, 6805, 6811, 6815, 6819, 6821, 6827, 6835, 6847, 6887, 6903, 6905, 6953, 6958, 6970, 6972, 6974, 6987, 6989, 6991, 6998, 7000, 7017, 7027, 7031, 7053, 7063, 7066, 7095, 7139, 7168, 7221, 7247, 7251, 7289, 7320, 7346, 7352, 7371, 7376, 7394, 7399, 7432, 7434, 7450, 7526, 7568, 7572, 7574, 7576, 7595, 7610, 7627, 7659, 7662, 7669, 7672, 7698, 7706, 7715, 7717, 7736, 7754, 7761, 7763, 7890, 7895, 7913, 7938, 7940, 7959, 7963, 7979, 8013, 8044, 8052, 8071, 8076, 8096, 8104, 8134, 8189, 8228, 8263, 8305, 8355, 8384, 8389, 8404, 8416, 8456, 8472, 8492, 8531, 8537, 8564, 8609, 8618, 8629, 8639, 8648, 8652, 8673, 8700, 8740, 8790, 8838, 8851, 8857, 8868, 8872, 8890, 8899, 8903, 8925, 8934, 8951, 8962, 8970, 9025, 9058, 9060, 9072, 9085, 9129, 9142, 9175, 9179, 9195, 9253, 9275, 9284, 9286, 9289, 9301, 9313, 9385, 9455, 9509, 9527, 9531, 9548, 9569, 9627, 9753, 9766, 9769, 9789, 9825, 9872, 9886, 9908, 9910, 9916, 9919, 9921, 9937, 9975, 9978, 9983, 9986, 9988, 9990, 10032, 10040, 10071, 10077, 10081, 10091, 10146, 10173, 10180, 10182, 10196, 10235, 10253, 10259, 10298, 10398, 10455, 10458, 10466, 10475, 10502, 10531, 10536, 10555, 10583, 10595, 10623, 10628, 10631, 10640, 10653, 10668, 10731, 10744, 10790, 10847, 10860, 10862, 10878, 10882, 10954, 10974, 10981, 10989, 11013, 11026, 11087, 11113, 11140, 11303, 11311, 11332, 11340, 11431, 11434, 11484, 11517, 11519, 11521, 11530, 11535, 11537, 11568, 11595, 11677, 11723, 11740, 11756, 11770, 11822, 11848, 11875, 11889, 11898, 11963, 11996, 12001, 12040, 12058, 12083, 12085, 12156, 12160, 12168, 12230, 12278, 12304, 12343, 12406, 12412, 12428, 12498, 12501, 12529, 12546, 12621, 12636, 12658, 12669, 12693, 12695, 12766, 12779, 12787, 12789, 12806, 12826, 12830, 12850, 12878, 12889, 12891, 12962, 12970, 12989, 13023, 13038, 13100, 13108, 13133, 13188, 13228, 13258, 13295, 13297, 13334, 13343, 13362, 13431, 13436, 13441, 13446, 13490, 13559, 13590, 13654, 13682, 13740, 13759, 13787, 13789, 13797, 13850, 13866, 13883, 13888, 13952, 14002, 14043, 14115, 14126, 14178, 14211, 14243, 14353, 14387, 14395, 14521, 14545, 14563, 14572, 14576, 14587, 14590, 14610, 14618, 14632, 14634, 14636, 14638, 14640, 14642, 14644, 14646, 14648, 14650, 14652, 14654, 14656, 14658, 14660, 14662, 14664, 14666, 14668, 14670, 14672, 14674, 14676, 14680, 14682, 14689, 14701, 14706, 14716, 14762, 14769, 14772, 14791, 14807, 14829, 14848, 14891, 14930, 14944, 14990, 15010, 15014, 15034, 15096, 15121, 15125, 15127, 15166, 15179, 15210, 15222, 15254, 15296, 15299, 15304, 15312, 15371, 15376, 15417, 15534, 15547, 15609, 15644, 15653, 15676, 15684, 15708, 15785, 15901, 15906, 15908, 15949, 16008, 16014, 16077, 16081, 16089, 16106, 16113, 16124, 16137, 16149, 16205, 16252, 16260, 16315, 16322, 16340, 16353, 16356, 16369, 16371, 16385, 16404, 16411, 16444, 16452, 16454, 16513, 16517, 16519, 16558, 16560, 16619, 16655, 16666, 16675, 16691, 16740, 16743, 16795, 16800, 16824, 16853, 16876, 16878, 16916, 16946, 16970, 16995, 17121, 17126, 17152, 17164, 17169, 17192, 17194, 17199, 17226, 17228, 17258, 17260, 17285, 17289, 17312, 17347, 17364, 17369, 17401, 17419, 17430, 17440, 17491, 17493, 17498, 17508, 17513, 17549, 17595, 17621, 17652, 17659, 17752, 17796, 17804, 17812, 17816, 17827, 17829, 17896, 17919, 17973, 17976, 18012, 18100, 18139, 18171, 18193, 18229, 18283, 18289, 18292, 18294, 18309, 18340, 18392, 18481, 18540, 18545, 18574, 18591, 18616, 18628, 18695, 18735, 18751, 18767, 18778, 18785, 18891, 18897, 18989, 19000, 19048, 19095, 19131, 19171, 19195, 19203, 19215, 19263, 19267, 19363, 19365, 19439, 19461, 19470, 19474, 19487, 19495, 19512, 19528, 19563, 19589, 19597, 19605, 19638, 19658, 19689, 19701, 19713, 19719, 19722, 19827, 19836, 19847, 19905, 19911, 19971, 19982, 20024, 20029, 20058, 20085, 20133, 20165, 20177, 20186, 20192, 20204, 20270, 20320, 20322, 20362, 20364, 20375, 20400, 20416, 20418, 20459, 20465, 20467, 20505, 20510, 20545, 20583, 20605, 20607, 20609, 20611, 20613, 20615, 20629, 20656, 20662, 20680, 20683, 20688, 20695, 20732, 20743, 20753, 20758, 20773, 20848, 20870, 20903, 20942, 20965, 21067, 21075, 21088, 21112, 21123, 21205, 21290, 21293, 21353, 21440, 21460, 21467, 21496, 21506, 21513, 21516, 21518, 21554, 21577, 21586, 21666, 21670, 21705, 21743, 21748, 21753, 21756, 21773, 21811, 21819, 21840, 22007, 22026, 22038, 22046, 22089, 22093, 22124, 22126, 22134, 22150, 22152, 22154, 22175, 22370, 22420, 22424, 22475, 22487, 22522, 22549, 22595, 22629, 22644, 22648, 22743, 22768, 22777, 22852, 22854, 22874, 22876, 22909, 22930, 22972, 22976, 22978, 23030, 23044, 23052, 23080, 23133, 23148, 23157, 23177, 23210, 23235, 23237, 23242, 23256, 23266, 23321, 23401, 23422, 23455, 23459, 23504, 23519, 23590, 23596, 23606, 23653, 23660, 23685, 23702, 23706, 23728, 23831, 23839, 23900, 23902, 23927, 23932, 23971, 23994, 24014, 24024, 24047, 24058, 24069, 24082, 24101, 24129, 24144, 24155, 24174, 24213, 24242, 24279, 24307, 24309, 24446, 24456, 24472, 24509, 24596, 24645, 24654, 24664, 24676, 24691, 24694, 24696, 24703, 24717, 24722, 24744, 24752, 24756, 24770, 24779, 24795, 24803, 24831, 24837, 24855, 24860, 24878, 24892, 24902, 24927, 24967, 24972, 24978]","[4595, 5041, 5485, 5644, 6354, 6529, 6694, 7246, 7567, 8354, 8898, 9174, 9626, 10530, 10877, 11339, 12155, 12427, 12829, 13342, 14210, 14571, 15900, 17120, 18228, 18590, 18896, 19262, 19970, 20319, 20604, 21466, 21839, 22088, 22474, 23454, 23701]",24993,1104,23889,0,1104,23852,37
-4.0,HSCD14G,"[31, 49, 57, 59, 80, 88, 90, 122, 137, 160, 164, 166, 171, 179, 188, 210, 256, 265, 287, 293, 318, 347, 379, 394, 396, 398, 400, 407, 413, 432, 448, 461, 487, 500, 515, 530, 545, 563, 576, 578, 586, 698, 700, 703, 717, 742, 764, 812, 847, 894, 904, 962, 964, 987, 989, 1037, 1063, 1066, 1093, 1096, 1115, 1145, 1205, 1241, 1286, 1289, 1299, 1305, 1315, 1319, 1325, 1327, 1340, 1423, 1428, 1436, 1497, 1502, 1504, 1533, 1542, 1554]",[],"[31, 49, 57, 59, 80, 88, 90, 122, 137, 160, 164, 166, 171, 179, 188, 210, 256, 265, 287, 293, 318, 347, 379, 394, 396, 398, 400, 407, 413, 432, 448, 461, 487, 500, 515, 530, 545, 563, 576, 578, 586, 698, 700, 703, 717, 742, 764, 812, 847, 894, 904, 962, 964, 987, 989, 1037, 1063, 1066, 1093, 1096, 1115, 1145, 1205, 1241, 1286, 1289, 1299, 1305, 1315, 1319, 1325, 1327, 1340, 1423, 1428, 1436, 1497, 1502, 1504, 1533, 1542, 1554]",[159],1563,82,1481,0,82,1480,1
-4.0,HSCKBG,"[7, 38, 48, 71, 94, 99, 107, 130, 136, 186, 192, 195, 237, 252, 348, 382, 396, 501, 509, 532, 555, 588, 602, 635, 658, 671, 673, 771, 774, 812, 822, 877, 881, 902, 943, 975, 1033, 1073, 1076, 1102, 1108, 1125, 1205, 1245, 1262, 1314, 1329, 1342, 1365, 1399, 1427, 1432, 1438, 1444, 1472, 1485, 1494, 1511, 1521, 1523, 1620, 1658, 1678, 1719, 1734, 1756, 1818, 1825, 1862, 1879, 1895, 1901, 1924, 1951, 1956, 2028, 2041, 2057, 2069, 2100, 2115, 2125, 2146, 2187, 2213, 2319, 2321, 2374, 2381, 2385, 2387, 2410, 2459, 2519, 2525, 2530, 2553, 2571, 2575, 2598, 2639, 2644, 2701, 2747, 2790, 2801, 2809, 2818, 2867, 2878, 2885, 2891, 2908, 2910, 2918, 2923, 2984, 2993, 3023, 3076, 3078, 3082, 3106, 3142, 3144, 3175, 3221, 3225, 3239, 3269, 3281, 3287, 3324, 3349, 3364, 3370, 3435, 3437, 3475, 3485, 3522, 3535, 3550, 3569, 3591, 3604, 3606, 3621, 3630, 3639, 3672, 3681, 3690, 3693, 3702, 3835, 3857, 3864, 3888, 3900, 3910, 3915, 3964, 3980, 3986, 3989, 4042, 4049, 4063, 4079, 4103, 4114, 4153, 4155, 4167]",[],"[7, 38, 48, 71, 94, 99, 107, 130, 136, 186, 192, 195, 237, 252, 348, 382, 396, 501, 509, 532, 555, 588, 602, 635, 658, 671, 673, 771, 774, 812, 822, 877, 881, 902, 943, 975, 1033, 1073, 1076, 1102, 1108, 1125, 1205, 1245, 1262, 1314, 1329, 1342, 1365, 1399, 1427, 1432, 1438, 1444, 1472, 1485, 1494, 1511, 1521, 1523, 1620, 1658, 1678, 1719, 1734, 1756, 1818, 1825, 1862, 1879, 1895, 1901, 1924, 1951, 1956, 2028, 2041, 2057, 2069, 2100, 2115, 2125, 2146, 2187, 2213, 2319, 2321, 2374, 2381, 2385, 2387, 2410, 2459, 2519, 2525, 2530, 2553, 2571, 2575, 2598, 2639, 2644, 2701, 2747, 2790, 2801, 2809, 2818, 2867, 2878, 2885, 2891, 2908, 2910, 2918, 2923, 2984, 2993, 3023, 3076, 3078, 3082, 3106, 3142, 3144, 3175, 3221, 3225, 3239, 3269, 3281, 3287, 3324, 3349, 3364, 3370, 3435, 3437, 3475, 3485, 3522, 3535, 3550, 3569, 3591, 3604, 3606, 3621, 3630, 3639, 3672, 3681, 3690, 3693, 3702, 3835, 3857, 3864, 3888, 3900, 3910, 3915, 3964, 3980, 3986, 3989, 4042, 4049, 4063, 4079, 4103, 4114, 4153, 4155, 4167]","[1341, 1619, 1824, 2380, 3174, 3521]",4193,175,4018,0,175,4012,6
-4.0,HSCOMT2,"[11, 32, 48, 65, 104, 107, 141, 160, 162, 198, 221, 231, 247, 256, 285, 310, 330, 334, 344, 368, 379, 410, 449, 468, 488, 529, 540, 550, 560, 584, 590, 594, 601, 616, 637, 676, 679, 692, 695, 704, 710, 735, 737, 764, 785, 793, 821, 912, 926, 937, 943, 949, 1065, 1076, 1080, 1103, 1111, 1140, 1194, 1262, 1284, 1286, 1290, 1365, 1375, 1377, 1390, 1399, 1402, 1440, 1461, 1496, 1528, 1564, 1602, 1615, 1631, 1637, 1652, 1697, 1713, 1731, 1748, 1774, 1783, 1807, 1832, 1846, 1866, 1910, 1933, 1948, 1960, 1962, 1977, 1980, 2005, 2046, 2048, 2059, 2086, 2123, 2129, 2131, 2133, 2149, 2153, 2155, 2161, 2180, 2183, 2189, 2191, 2193, 2209, 2213, 2221, 2240, 2247, 2256, 2259, 2267, 2300, 2307, 2325, 2351, 2379, 2404, 2432, 2468, 2478, 2480, 2514, 2522, 2524, 2545, 2548, 2552, 2562, 2590, 2597, 2620, 2626, 2643, 2652, 2663, 2668, 2673, 2689, 2706, 2740, 2743, 2748, 2756, 2775, 2786, 2828, 2832, 2844, 2867, 2885, 2898, 2921, 2944, 2962, 2981, 2984, 3083, 3092, 3101, 3133, 3211, 3285, 3343, 3452, 3459, 3493, 3496, 3504, 3537, 3581, 3629]",[],"[11, 32, 48, 65, 104, 107, 141, 160, 162, 198, 221, 231, 247, 256, 285, 310, 330, 334, 344, 368, 379, 410, 449, 468, 488, 529, 540, 550, 560, 584, 590, 594, 601, 616, 637, 676, 679, 692, 695, 704, 710, 735, 737, 764, 785, 793, 821, 912, 926, 937, 943, 949, 1065, 1076, 1080, 1103, 1111, 1140, 1194, 1262, 1284, 1286, 1290, 1365, 1375, 1377, 1390, 1399, 1402, 1440, 1461, 1496, 1528, 1564, 1602, 1615, 1631, 1637, 1652, 1697, 1713, 1731, 1748, 1774, 1783, 1807, 1832, 1846, 1866, 1910, 1933, 1948, 1960, 1962, 1977, 1980, 2005, 2046, 2048, 2059, 2086, 2123, 2129, 2131, 2133, 2149, 2153, 2155, 2161, 2180, 2183, 2189, 2191, 2193, 2209, 2213, 2221, 2240, 2247, 2256, 2259, 2267, 2300, 2307, 2325, 2351, 2379, 2404, 2432, 2468, 2478, 2480, 2514, 2522, 2524, 2545, 2548, 2552, 2562, 2590, 2597, 2620, 2626, 2643, 2652, 2663, 2668, 2673, 2689, 2706, 2740, 2743, 2748, 2756, 2775, 2786, 2828, 2832, 2844, 2867, 2885, 2898, 2921, 2944, 2962, 2981, 2984, 3083, 3092, 3101, 3133, 3211, 3285, 3343, 3452, 3459, 3493, 3496, 3504, 3537, 3581, 3629]","[1630, 1959, 2378]",3644,182,3462,0,182,3459,3
-4.0,HSCPH70,"[12, 17, 37, 46, 68, 88, 95, 110, 115, 154, 190, 206, 234, 243, 254, 264, 267, 277, 298, 325, 342, 378, 388, 391, 408, 478, 528, 539, 562, 569, 571, 634, 661, 677, 688, 719, 774, 830, 845, 866, 888, 925, 927, 945, 997, 1007, 1058, 1070, 1073, 1075, 1114, 1154, 1159, 1178, 1214, 1224, 1236, 1294, 1303, 1329, 1350, 1359, 1364, 1384, 1439, 1462, 1464, 1467, 1489, 1509, 1523, 1563, 1582, 1585, 1612, 1617, 1647, 1649, 1664, 1676, 1678, 1694, 1718, 1730, 1747, 1769, 1779, 1785, 1789, 1792, 1889, 1897, 1954, 1973, 1992, 2005, 2010, 2021, 2042, 2057, 2060, 2063, 2146, 2164, 2191, 2203, 2227, 2229, 2237, 2248, 2253, 2272, 2297, 2304, 2337, 2355, 2366, 2374, 2376, 2399, 2424, 2450, 2494, 2515, 2553, 2564, 2579, 2590, 2599, 2613, 2616, 2630, 2647, 2649, 2658, 2670, 2680, 2686, 2710, 2725, 2729, 2732, 2776, 2815, 2821, 2843, 2855, 2862, 2894, 2922, 2924, 2927, 2937, 2941, 2956, 2979, 2991, 3032, 3052, 3086, 3116, 3148, 3173, 3201, 3205, 3230, 3261, 3303, 3306, 3319, 3383, 3396, 3417, 3434, 3451, 3470, 3486, 3489, 3498, 3507, 3544, 3562, 3568, 3575, 3603, 3623, 3676, 3698, 3727, 3742, 3745, 3763, 3781, 3795, 3803, 3812, 3832, 3836, 3848, 3856, 3859, 3896, 3900, 3902, 3907, 3916, 3936, 3950, 3960, 3978, 3986, 3993, 4029, 4039, 4055, 4070, 4078, 4121, 4146, 4157, 4176, 4189, 4205, 4209, 4222, 4235, 4244, 4250, 4254, 4256, 4258, 4260, 4262, 4264, 4266, 4284, 4288, 4296, 4298, 4328, 4358, 4367, 4395, 4401, 4403, 4408, 4440, 4497, 4514, 4537, 4549, 4556, 4588, 4593, 4596, 4603, 4621, 4630, 4633, 4660, 4667, 4720, 4765, 4772, 4799, 4802, 4808, 4846, 4961, 4973, 5009, 5012, 5022, 5043, 5053, 5061, 5067, 5072, 5111, 5143, 5161, 5163, 5189, 5197, 5208, 5218, 5231, 5242, 5252, 5279, 5322, 5377, 5383, 5388, 5391, 5424, 5456, 5499, 5501, 5510, 5529, 5532, 5542, 5563, 5591, 5618, 5634, 5647, 5667, 5671, 5676, 5683, 5694, 5700, 5705, 5710, 5714, 5749, 5751, 5772, 5782, 5797, 5802, 5841, 5873, 5919, 5928, 5939, 5947, 5949, 5962, 5981, 6008, 6025, 6050, 6052, 6066, 6082, 6097, 6112, 6144, 6150, 6174, 6178, 6181, 6188, 6200, 6216, 6232, 6235, 6237, 6247, 6268, 6291, 6335, 6352, 6361, 6363, 6394, 6433, 6449, 6463, 6474, 6481, 6490, 6520, 6525, 6566, 6572, 6577, 6579, 6585, 6604, 6611, 6632, 6651, 6676, 6686, 6688, 6694, 6698, 6703]",[],"[12, 17, 37, 46, 68, 88, 95, 110, 115, 154, 190, 206, 234, 243, 254, 264, 267, 277, 298, 325, 342, 378, 388, 391, 408, 478, 528, 539, 562, 569, 571, 634, 661, 677, 688, 719, 774, 830, 845, 866, 888, 925, 927, 945, 997, 1007, 1058, 1070, 1073, 1075, 1114, 1154, 1159, 1178, 1214, 1224, 1236, 1294, 1303, 1329, 1350, 1359, 1364, 1384, 1439, 1462, 1464, 1467, 1489, 1509, 1523, 1563, 1582, 1585, 1612, 1617, 1647, 1649, 1664, 1676, 1678, 1694, 1718, 1730, 1747, 1769, 1779, 1785, 1789, 1792, 1889, 1897, 1954, 1973, 1992, 2005, 2010, 2021, 2042, 2057, 2060, 2063, 2146, 2164, 2191, 2203, 2227, 2229, 2237, 2248, 2253, 2272, 2297, 2304, 2337, 2355, 2366, 2374, 2376, 2399, 2424, 2450, 2494, 2515, 2553, 2564, 2579, 2590, 2599, 2613, 2616, 2630, 2647, 2649, 2658, 2670, 2680, 2686, 2710, 2725, 2729, 2732, 2776, 2815, 2821, 2843, 2855, 2862, 2894, 2922, 2924, 2927, 2937, 2941, 2956, 2979, 2991, 3032, 3052, 3086, 3116, 3148, 3173, 3201, 3205, 3230, 3261, 3303, 3306, 3319, 3383, 3396, 3417, 3434, 3451, 3470, 3486, 3489, 3498, 3507, 3544, 3562, 3568, 3575, 3603, 3623, 3676, 3698, 3727, 3742, 3745, 3763, 3781, 3795, 3803, 3812, 3832, 3836, 3848, 3856, 3859, 3896, 3900, 3902, 3907, 3916, 3936, 3950, 3960, 3978, 3986, 3993, 4029, 4039, 4055, 4070, 4078, 4121, 4146, 4157, 4176, 4189, 4205, 4209, 4222, 4235, 4244, 4250, 4254, 4256, 4258, 4260, 4262, 4264, 4266, 4284, 4288, 4296, 4298, 4328, 4358, 4367, 4395, 4401, 4403, 4408, 4440, 4497, 4514, 4537, 4549, 4556, 4588, 4593, 4596, 4603, 4621, 4630, 4633, 4660, 4667, 4720, 4765, 4772, 4799, 4802, 4808, 4846, 4961, 4973, 5009, 5012, 5022, 5043, 5053, 5061, 5067, 5072, 5111, 5143, 5161, 5163, 5189, 5197, 5208, 5218, 5231, 5242, 5252, 5279, 5322, 5377, 5383, 5388, 5391, 5424, 5456, 5499, 5501, 5510, 5529, 5532, 5542, 5563, 5591, 5618, 5634, 5647, 5667, 5671, 5676, 5683, 5694, 5700, 5705, 5710, 5714, 5749, 5751, 5772, 5782, 5797, 5802, 5841, 5873, 5919, 5928, 5939, 5947, 5949, 5962, 5981, 6008, 6025, 6050, 6052, 6066, 6082, 6097, 6112, 6144, 6150, 6174, 6178, 6181, 6188, 6200, 6216, 6232, 6235, 6237, 6247, 6268, 6291, 6335, 6352, 6361, 6363, 6394, 6433, 6449, 6463, 6474, 6481, 6490, 6520, 6525, 6566, 6572, 6577, 6579, 6585, 6604, 6611, 6632, 6651, 6676, 6686, 6688, 6694, 6698, 6703]","[1729, 4204, 4407, 4801]",6704,382,6322,0,382,6318,4
-4.0,HSCSF1PO,"[11, 24, 41, 49, 80, 87, 116, 149, 176, 239, 271, 315, 320, 342, 360, 385, 410, 422, 455, 470, 497, 514, 523, 529, 535, 570, 588, 631, 649, 679, 761, 780, 784, 848, 854, 912, 932, 949, 957, 972, 978, 985, 994, 1000, 1005, 1054, 1078, 1090, 1123, 1170, 1199, 1244, 1278, 1291, 1334, 1344, 1413, 1416, 1434, 1453, 1527, 1543, 1563, 1673, 1685, 1720, 1723, 1799, 1816, 1818, 1820, 1825, 1827, 1848, 1863, 1929, 1947, 1966, 1984, 1996, 2002, 2004, 2022, 2035, 2053, 2055, 2066, 2072, 2099, 2103, 2120, 2123, 2128, 2142, 2144, 2147, 2156, 2165, 2170, 2178, 2203, 2205, 2207, 2242, 2266, 2268, 2286, 2307, 2326, 2336, 2352, 2375, 2379, 2386, 2403, 2429, 2449, 2466, 2516, 2565, 2568, 2571, 2583, 2590, 2592, 2599, 2620, 2662, 2671, 2705, 2711, 2750, 2760, 2771, 2777, 2817, 2830, 2841, 2962, 2974, 3042, 3050, 3078, 3088, 3102, 3107, 3146, 3152, 3154, 3163, 3220, 3229, 3250, 3263, 3284, 3311, 3313, 3326, 3328, 3332, 3368, 3382, 3395, 3403, 3413, 3433, 3435, 3463, 3472, 3518, 3537, 3550, 3586, 3591, 3604, 3617, 3648, 3667, 3692, 3733, 3735, 3738, 3741, 3745, 3751, 3754, 3778, 3810, 3816, 4018, 4028, 4043, 4088, 4113, 4119, 4129, 4167, 4178, 4201, 4241, 4249, 4276, 4301, 4316, 4349, 4365, 4368, 4372, 4418, 4442, 4445, 4448, 4459, 4480, 4491, 4504, 4509, 4535, 4556, 4579, 4629, 4659, 4669, 4676, 4704, 4706, 4708, 4727, 4737, 4742, 4782, 4809, 4826, 4844, 4919, 4921, 4932, 4934, 4939, 4941, 4943, 4945, 4947, 4949, 4951, 4953, 4955, 4957, 4959, 4961, 4963, 4965, 4967, 4969, 4971, 4973, 4975, 4977, 4979, 4981, 4983, 4985, 4987, 4989, 5003, 5028, 5054, 5064, 5072, 5074, 5098, 5146, 5152, 5233, 5246, 5253, 5271, 5351, 5394, 5399, 5401, 5410, 5412, 5447, 5469, 5495, 5511, 5526, 5564, 5573, 5627, 5648, 5677, 5681, 5683, 5703, 5751, 5773, 5811, 5827, 5858, 5873, 5896, 5910, 5957, 6018, 6049, 6098, 6105, 6111, 6152, 6166, 6174, 6178, 6184, 6215, 6249, 6275, 6289, 6343, 6345, 6494, 6501, 6552, 6564, 6566, 6572, 6580, 6592, 6594, 6603, 6615, 6645, 6652, 6657, 6665, 6703, 6707, 6718, 6724, 6733, 6770, 6786, 6794, 6904, 6923, 6936, 6939, 6958, 6967, 6976, 6991, 7062, 7130, 7134, 7146, 7153, 7190, 7197, 7200, 7250, 7290, 7297, 7315, 7329, 7342, 7344, 7356, 7359, 7377, 7390, 7392, 7407, 7445, 7566, 7573, 7580, 7648, 7675, 7713, 7721, 7742, 7747, 7772, 7782, 7792, 7810, 7832, 7877, 7885, 7888, 7890, 7929, 7938, 7944, 7959, 7973, 7976, 7984, 8023, 8038, 8041, 8044, 8046, 8075, 8092, 8107, 8116, 8120, 8122, 8126, 8199, 8228, 8240, 8251, 8256, 8278, 8288, 8292, 8326, 8355, 8358, 8373, 8375, 8388, 8395, 8426, 8460, 8462, 8487, 8503, 8512, 8522, 8559, 8574, 8576, 8578, 8646, 8652, 8681, 8685, 8692, 8695, 8700, 8719, 8726, 8793, 8804, 8806, 8844, 8848, 8852, 8854, 8869, 8877, 8883, 8889, 8894, 8928, 8944, 8996, 9002, 9017, 9023, 9079, 9096, 9098, 9173, 9186, 9218, 9222, 9232, 9310, 9347, 9372, 9392, 9404, 9431, 9446, 9475, 9544, 9546, 9576, 9580, 9593, 9596, 9607, 9622, 9627, 9638, 9643, 9655, 9666, 9674, 9703, 9722, 9744, 9759, 9766, 9775, 9788, 9790, 9817, 9833, 9841, 9848, 9858, 9877, 9883, 9895, 9909, 9932, 9983, 10002, 10004, 10006, 10062, 10064, 10072, 10084, 10090, 10120, 10135, 10165, 10167, 10183, 10189, 10201, 10228, 10232, 10250, 10255, 10281, 10291, 10296, 10324, 10361, 10390, 10394, 10424, 10439, 10445, 10449, 10459, 10462, 10469, 10518, 10544, 10642, 10687, 10689, 10745, 10764, 10784, 10816, 10874, 10941, 10952, 10976, 11009, 11021, 11047, 11057, 11060, 11064, 11076, 11079, 11082, 11089, 11093, 11110, 11112, 11124, 11129, 11144, 11182, 11186, 11275, 11292, 11302, 11314, 11332, 11337, 11361, 11415, 11437, 11439, 11458, 11484, 11516, 11520, 11537, 11652, 11657, 11660, 11662, 11669, 11692, 11708, 11714, 11716, 11724, 11760, 11766, 11778, 11786, 11794, 11812, 11815, 11818, 11842, 11844, 11856, 11875, 11890, 11892, 11898, 11910, 11930, 12017, 12031, 12050, 12056, 12058, 12073, 12090, 12102, 12106, 12111, 12151, 12154, 12156, 12158, 12166, 12216, 12229, 12237, 12246, 12252, 12295, 12297, 12321, 12329, 12338, 12340, 12347, 12363, 12405, 12409, 12437, 12449, 12483, 12518, 12536, 12548, 12561, 12578, 12584, 12611, 12639, 12672, 12674, 12676, 12691, 12711, 12760, 12762, 12876, 12887, 12900, 12908, 12910, 12927, 12939, 12942, 12954, 12968, 12976, 13000, 13003, 13022, 13026, 13036, 13039, 13045, 13061, 13064, 13068, 13070, 13122, 13224, 13232, 13235, 13246, 13248, 13250, 13253, 13272, 13277, 13282, 13289, 13295, 13297, 13312, 13332, 13390, 13422, 13437, 13439, 13441, 13451, 13469, 13476, 13481, 13483, 13485, 13487, 13489, 13491, 13510, 13527, 13605, 13619, 13621, 13629, 13658, 13699, 13715, 13730, 13765, 13775, 13819, 13831, 13840, 13857, 13861, 13871, 13874, 13887, 13890, 13946, 13952, 13965, 14005, 14033, 14055, 14152, 14154, 14222, 14245, 14248, 14269, 14297, 14322, 14324, 14346, 14382, 14394, 14404, 14486, 14494, 14496, 14498, 14500, 14504, 14506, 14508, 14510, 14512, 14514, 14629, 14646, 14655, 14681, 14684, 14696, 14698, 14710, 14717, 14720, 14731, 14737, 14769, 14826, 14828, 14830, 14847, 14891, 14897, 14921, 14927, 14952, 15037, 15056, 15083, 15118, 15130, 15132, 15148, 15203, 15210, 15212, 15265, 15303, 15305, 15319, 15423, 15498, 15513, 15557, 15582, 15618, 15640, 15642, 15675, 15683, 15690, 15692, 15701, 15721, 15734, 15738, 15758, 15784, 15793, 15805, 15816, 15857, 15868, 15877, 15921, 15927, 15953, 15998, 16007, 16018, 16028, 16041, 16062, 16089, 16104, 16106, 16116, 16166, 16190, 16193, 16195, 16222, 16236, 16246, 16248, 16265, 16281, 16291, 16305, 16324, 16328, 16337, 16339, 16379, 16427, 16434, 16452, 16481, 16492, 16507, 16513, 16537, 16553, 16555, 16577, 16589, 16598, 16652, 16655, 16715, 16721, 16728, 16731, 16741, 16764, 16779, 16788, 16792, 16805, 16825, 16838, 16880, 16885, 16888, 16959, 16985, 17010, 17028, 17096, 17123, 17133, 17148, 17171, 17173, 17191, 17216, 17257, 17273, 17278, 17284, 17333, 17383, 17395, 17410, 17429, 17466, 17472, 17475, 17481, 17492, 17588, 17591, 17601, 17617, 17623, 17644, 17693, 17863, 17883, 17887, 17944, 17969, 17973, 17991, 18003, 18005, 18047, 18053, 18091, 18093, 18106, 18122, 18136, 18141, 18157, 18161, 18209, 18213, 18275, 18277, 18291, 18300, 18324, 18351, 18357, 18375, 18407, 18426, 18433, 18466, 18564, 18595, 18603, 18621, 18645, 18658, 18668, 18671, 18723, 18757, 18761, 18779, 18781, 18792, 18812, 18868, 18935, 18950, 18956, 18993, 19045, 19050, 19110, 19112, 19144, 19147, 19156, 19193, 19243, 19246, 19272, 19300, 19302, 19314, 19379, 19395, 19404, 19427, 19448, 19459, 19484, 19487, 19553, 19571, 19606, 19612, 19614, 19653, 19655, 19658, 19705, 19725, 19774, 19789, 19824, 19849, 19851, 19878, 19897, 19925, 19927, 19937, 19939, 20033, 20049, 20052, 20055, 20066, 20108, 20114, 20124, 20139, 20152, 20160, 20178, 20218, 20222, 20245, 20249, 20258, 20284, 20312, 20319, 20324, 20337, 20374, 20395, 20426, 20443, 20485, 20511, 20567, 20581, 20583, 20626, 20629, 20631, 20673, 20678, 20694, 20722, 20728, 20754, 20760, 20765, 20770, 20772, 20781, 20783, 20792, 20802, 20831, 20871, 20888, 20902, 20905, 20915, 20925, 20934, 20943, 20954, 20966, 20971, 21007, 21021, 21073, 21081, 21085, 21120, 21155, 21181, 21231, 21238, 21273, 21279, 21287, 21308, 21312, 21335, 21349, 21406, 21429, 21431, 21439, 21445, 21462, 21474, 21483, 21498, 21502, 21516, 21520, 21534, 21537, 21539, 21566, 21568, 21612, 21630, 21639, 21650, 21736, 21756, 21772, 21782, 21802, 21819, 21840, 21846, 21848, 21893, 21896, 21928, 21938, 21974, 21985, 21989, 21991, 21993, 21999, 22014, 22038, 22041, 22053, 22084, 22099, 22105, 22127, 22140, 22144, 22158, 22181, 22197, 22204, 22240, 22243, 22301, 22325, 22334, 22369, 22392, 22469, 22472, 22485, 22519, 22537, 22643, 22676, 22685, 22692, 22731, 22801, 22808, 22812, 22819, 22821, 22825, 22857, 22867, 22885, 22909, 22973, 23042, 23067, 23087, 23146, 23164, 23191, 23199, 23239, 23244, 23320, 23375, 23402, 23438, 23450, 23479, 23507, 23595, 23666, 23669, 23682, 23713, 23750, 23756, 23828, 23833, 23874, 23885, 23913, 23917, 23940, 23968, 23981, 24003, 24021, 24054, 24060, 24064, 24073, 24077, 24082, 24179, 24189, 24191, 24195, 24199, 24248, 24261, 24265, 24269, 24276, 24282, 24284, 24322, 24401, 24418, 24431, 24472, 24501, 24526, 24528, 24573, 24612, 24701, 24704, 24738, 24750, 24756, 24775, 24784, 24807, 24812, 24823, 24893, 24904, 24917, 24939, 24957, 24973, 24992, 24994, 25008, 25033, 25046, 25098, 25131, 25152, 25154, 25157, 25170, 25173, 25197, 25223, 25232, 25235, 25265, 25285, 25351, 25432, 25459, 25485, 25493, 25572, 25582, 25638, 25643, 25662, 25681, 25691, 25695, 25745, 25784, 25816, 25818, 25822, 25832, 25837, 25849, 25878, 25908, 25936, 25968, 25978, 25985, 26025, 26034, 26045, 26049, 26091, 26096, 26100, 26112, 26152, 26214, 26217, 26229, 26247, 26272, 26290, 26312, 26319, 26412, 26424, 26457, 26487, 26494, 26531, 26574, 26580, 26601, 26606, 26651, 26657, 26697, 26720, 26722, 26726, 26733, 26765, 26768, 26787, 26807, 26816, 26822, 26836, 26838, 26842, 26873, 26876, 26889, 26903, 26905, 26936, 26964, 26976, 26984, 27023, 27029, 27040, 27043, 27073, 27081, 27118, 27130, 27150, 27189, 27191, 27193, 27228, 27238, 27269, 27282, 27290, 27296, 27298, 27301, 27310, 27326, 27338, 27341, 27389, 27435, 27454, 27466, 27480, 27495, 27538, 27543, 27575, 27577, 27592, 27634, 27660, 27713, 27757, 27764, 27838, 27865, 27906, 27963, 27966, 27987, 28019, 28034, 28039, 28042, 28078, 28110, 28113, 28157, 28165, 28176, 28186, 28199, 28218, 28245, 28272, 28292, 28346, 28367, 28373, 28378, 28396, 28409, 28470, 28476, 28487, 28492, 28584, 28620, 28628, 28661, 28681, 28685, 28705, 28725, 28753, 28755, 28765, 28778, 28796, 28846, 28848, 28857, 28859, 28891, 28923, 28925, 28927, 28929, 28950, 28965, 28982, 28990, 28995, 29008, 29060, 29085, 29095, 29126, 29129, 29201, 29207, 29261, 29288, 29291, 29296, 29302, 29373, 29387, 29398, 29404, 29411, 29449, 29457, 29477, 29486, 29492, 29505, 29510, 29536, 29538, 29565, 29683, 29735, 29772, 29783, 29787, 29810, 29823, 29841, 29856, 29877, 29886, 29921, 29927, 29986, 29996, 29999, 30007, 30014, 30017, 30042, 30044, 30072, 30079, 30146, 30165, 30173, 30196, 30215, 30222, 30248, 30258, 30263, 30272, 30281, 30287, 30317, 30328, 30340, 30342, 30352, 30401, 30409, 30438, 30451, 30483, 30503, 30547, 30550, 30604, 30606, 30617, 30637, 30643, 30655, 30658, 30662, 30665, 30685, 30690, 30731, 30740, 30758, 30760, 30772, 30787, 30824, 30832, 30891, 30898, 30905, 30907, 31005, 31041, 31045, 31078, 31082, 31104, 31134, 31142, 31159, 31169, 31197, 31210, 31244, 31246, 31255, 31271, 31291, 31305, 31307, 31322, 31325, 31344, 31347, 31352, 31402, 31409, 31430, 31479, 31483, 31486, 31494, 31515, 31542, 31550, 31583, 31599, 31606, 31608, 31615, 31658, 31664, 31669, 31725, 31740, 31765, 31774, 31830, 31837, 31849, 31853, 31856, 31872, 31875, 31904, 31943, 31972, 31985, 32001, 32011, 32016, 32021, 32032, 32037, 32097, 32109, 32113, 32130, 32147, 32154, 32180, 32202, 32207, 32236, 32238, 32247, 32259, 32264, 32302, 32350, 32362, 32374, 32379, 32399, 32403, 32409, 32446, 32511, 32515, 32526, 32532, 32539, 32552, 32558, 32571, 32622, 32665, 32672, 32715, 32749, 32766, 32776, 32781, 32783, 32863, 32869, 32878, 32887, 32890, 32895, 32914, 32923, 32925, 32927, 32931, 32933, 33018, 33029, 33042, 33092, 33159, 33161, 33180, 33189, 33197, 33219, 33243, 33261, 33279, 33293, 33353, 33373, 33378, 33380, 33464, 33466, 33505, 33526, 33529, 33539, 33587, 33589, 33620, 33646, 33655, 33687, 33699, 33708, 33724, 33730, 33744, 33771, 33798, 33817, 33821, 33833, 33835, 33837, 33839, 33884, 34007, 34011, 34016, 34028, 34032, 34039, 34048, 34080, 34087, 34138, 34159, 34183, 34250, 34263, 34277, 34356, 34400, 34418, 34459, 34503, 34512, 34514, 34523, 34525, 34542, 34604, 34669, 34774, 34832, 34840, 34852, 34865, 34872, 34874, 34884, 34889, 34924, 34985, 34993, 35000, 35006, 35035, 35046, 35053, 35064, 35086]",[],"[11, 24, 41, 49, 80, 87, 116, 149, 176, 239, 271, 315, 320, 342, 360, 385, 410, 422, 455, 470, 497, 514, 523, 529, 535, 570, 588, 631, 649, 679, 761, 780, 784, 848, 854, 912, 932, 949, 957, 972, 978, 985, 994, 1000, 1005, 1054, 1078, 1090, 1123, 1170, 1199, 1244, 1278, 1291, 1334, 1344, 1413, 1416, 1434, 1453, 1527, 1543, 1563, 1673, 1685, 1720, 1723, 1799, 1816, 1818, 1820, 1825, 1827, 1848, 1863, 1929, 1947, 1966, 1984, 1996, 2002, 2004, 2022, 2035, 2053, 2055, 2066, 2072, 2099, 2103, 2120, 2123, 2128, 2142, 2144, 2147, 2156, 2165, 2170, 2178, 2203, 2205, 2207, 2242, 2266, 2268, 2286, 2307, 2326, 2336, 2352, 2375, 2379, 2386, 2403, 2429, 2449, 2466, 2516, 2565, 2568, 2571, 2583, 2590, 2592, 2599, 2620, 2662, 2671, 2705, 2711, 2750, 2760, 2771, 2777, 2817, 2830, 2841, 2962, 2974, 3042, 3050, 3078, 3088, 3102, 3107, 3146, 3152, 3154, 3163, 3220, 3229, 3250, 3263, 3284, 3311, 3313, 3326, 3328, 3332, 3368, 3382, 3395, 3403, 3413, 3433, 3435, 3463, 3472, 3518, 3537, 3550, 3586, 3591, 3604, 3617, 3648, 3667, 3692, 3733, 3735, 3738, 3741, 3745, 3751, 3754, 3778, 3810, 3816, 4018, 4028, 4043, 4088, 4113, 4119, 4129, 4167, 4178, 4201, 4241, 4249, 4276, 4301, 4316, 4349, 4365, 4368, 4372, 4418, 4442, 4445, 4448, 4459, 4480, 4491, 4504, 4509, 4535, 4556, 4579, 4629, 4659, 4669, 4676, 4704, 4706, 4708, 4727, 4737, 4742, 4782, 4809, 4826, 4844, 4919, 4921, 4932, 4934, 4939, 4941, 4943, 4945, 4947, 4949, 4951, 4953, 4955, 4957, 4959, 4961, 4963, 4965, 4967, 4969, 4971, 4973, 4975, 4977, 4979, 4981, 4983, 4985, 4987, 4989, 5003, 5028, 5054, 5064, 5072, 5074, 5098, 5146, 5152, 5233, 5246, 5253, 5271, 5351, 5394, 5399, 5401, 5410, 5412, 5447, 5469, 5495, 5511, 5526, 5564, 5573, 5627, 5648, 5677, 5681, 5683, 5703, 5751, 5773, 5811, 5827, 5858, 5873, 5896, 5910, 5957, 6018, 6049, 6098, 6105, 6111, 6152, 6166, 6174, 6178, 6184, 6215, 6249, 6275, 6289, 6343, 6345, 6494, 6501, 6552, 6564, 6566, 6572, 6580, 6592, 6594, 6603, 6615, 6645, 6652, 6657, 6665, 6703, 6707, 6718, 6724, 6733, 6770, 6786, 6794, 6904, 6923, 6936, 6939, 6958, 6967, 6976, 6991, 7062, 7130, 7134, 7146, 7153, 7190, 7197, 7200, 7250, 7290, 7297, 7315, 7329, 7342, 7344, 7356, 7359, 7377, 7390, 7392, 7407, 7445, 7566, 7573, 7580, 7648, 7675, 7713, 7721, 7742, 7747, 7772, 7782, 7792, 7810, 7832, 7877, 7885, 7888, 7890, 7929, 7938, 7944, 7959, 7973, 7976, 7984, 8023, 8038, 8041, 8044, 8046, 8075, 8092, 8107, 8116, 8120, 8122, 8126, 8199, 8228, 8240, 8251, 8256, 8278, 8288, 8292, 8326, 8355, 8358, 8373, 8375, 8388, 8395, 8426, 8460, 8462, 8487, 8503, 8512, 8522, 8559, 8574, 8576, 8578, 8646, 8652, 8681, 8685, 8692, 8695, 8700, 8719, 8726, 8793, 8804, 8806, 8844, 8848, 8852, 8854, 8869, 8877, 8883, 8889, 8894, 8928, 8944, 8996, 9002, 9017, 9023, 9079, 9096, 9098, 9173, 9186, 9218, 9222, 9232, 9310, 9347, 9372, 9392, 9404, 9431, 9446, 9475, 9544, 9546, 9576, 9580, 9593, 9596, 9607, 9622, 9627, 9638, 9643, 9655, 9666, 9674, 9703, 9722, 9744, 9759, 9766, 9775, 9788, 9790, 9817, 9833, 9841, 9848, 9858, 9877, 9883, 9895, 9909, 9932, 9983, 10002, 10004, 10006, 10062, 10064, 10072, 10084, 10090, 10120, 10135, 10165, 10167, 10183, 10189, 10201, 10228, 10232, 10250, 10255, 10281, 10291, 10296, 10324, 10361, 10390, 10394, 10424, 10439, 10445, 10449, 10459, 10462, 10469, 10518, 10544, 10642, 10687, 10689, 10745, 10764, 10784, 10816, 10874, 10941, 10952, 10976, 11009, 11021, 11047, 11057, 11060, 11064, 11076, 11079, 11082, 11089, 11093, 11110, 11112, 11124, 11129, 11144, 11182, 11186, 11275, 11292, 11302, 11314, 11332, 11337, 11361, 11415, 11437, 11439, 11458, 11484, 11516, 11520, 11537, 11652, 11657, 11660, 11662, 11669, 11692, 11708, 11714, 11716, 11724, 11760, 11766, 11778, 11786, 11794, 11812, 11815, 11818, 11842, 11844, 11856, 11875, 11890, 11892, 11898, 11910, 11930, 12017, 12031, 12050, 12056, 12058, 12073, 12090, 12102, 12106, 12111, 12151, 12154, 12156, 12158, 12166, 12216, 12229, 12237, 12246, 12252, 12295, 12297, 12321, 12329, 12338, 12340, 12347, 12363, 12405, 12409, 12437, 12449, 12483, 12518, 12536, 12548, 12561, 12578, 12584, 12611, 12639, 12672, 12674, 12676, 12691, 12711, 12760, 12762, 12876, 12887, 12900, 12908, 12910, 12927, 12939, 12942, 12954, 12968, 12976, 13000, 13003, 13022, 13026, 13036, 13039, 13045, 13061, 13064, 13068, 13070, 13122, 13224, 13232, 13235, 13246, 13248, 13250, 13253, 13272, 13277, 13282, 13289, 13295, 13297, 13312, 13332, 13390, 13422, 13437, 13439, 13441, 13451, 13469, 13476, 13481, 13483, 13485, 13487, 13489, 13491, 13510, 13527, 13605, 13619, 13621, 13629, 13658, 13699, 13715, 13730, 13765, 13775, 13819, 13831, 13840, 13857, 13861, 13871, 13874, 13887, 13890, 13946, 13952, 13965, 14005, 14033, 14055, 14152, 14154, 14222, 14245, 14248, 14269, 14297, 14322, 14324, 14346, 14382, 14394, 14404, 14486, 14494, 14496, 14498, 14500, 14504, 14506, 14508, 14510, 14512, 14514, 14629, 14646, 14655, 14681, 14684, 14696, 14698, 14710, 14717, 14720, 14731, 14737, 14769, 14826, 14828, 14830, 14847, 14891, 14897, 14921, 14927, 14952, 15037, 15056, 15083, 15118, 15130, 15132, 15148, 15203, 15210, 15212, 15265, 15303, 15305, 15319, 15423, 15498, 15513, 15557, 15582, 15618, 15640, 15642, 15675, 15683, 15690, 15692, 15701, 15721, 15734, 15738, 15758, 15784, 15793, 15805, 15816, 15857, 15868, 15877, 15921, 15927, 15953, 15998, 16007, 16018, 16028, 16041, 16062, 16089, 16104, 16106, 16116, 16166, 16190, 16193, 16195, 16222, 16236, 16246, 16248, 16265, 16281, 16291, 16305, 16324, 16328, 16337, 16339, 16379, 16427, 16434, 16452, 16481, 16492, 16507, 16513, 16537, 16553, 16555, 16577, 16589, 16598, 16652, 16655, 16715, 16721, 16728, 16731, 16741, 16764, 16779, 16788, 16792, 16805, 16825, 16838, 16880, 16885, 16888, 16959, 16985, 17010, 17028, 17096, 17123, 17133, 17148, 17171, 17173, 17191, 17216, 17257, 17273, 17278, 17284, 17333, 17383, 17395, 17410, 17429, 17466, 17472, 17475, 17481, 17492, 17588, 17591, 17601, 17617, 17623, 17644, 17693, 17863, 17883, 17887, 17944, 17969, 17973, 17991, 18003, 18005, 18047, 18053, 18091, 18093, 18106, 18122, 18136, 18141, 18157, 18161, 18209, 18213, 18275, 18277, 18291, 18300, 18324, 18351, 18357, 18375, 18407, 18426, 18433, 18466, 18564, 18595, 18603, 18621, 18645, 18658, 18668, 18671, 18723, 18757, 18761, 18779, 18781, 18792, 18812, 18868, 18935, 18950, 18956, 18993, 19045, 19050, 19110, 19112, 19144, 19147, 19156, 19193, 19243, 19246, 19272, 19300, 19302, 19314, 19379, 19395, 19404, 19427, 19448, 19459, 19484, 19487, 19553, 19571, 19606, 19612, 19614, 19653, 19655, 19658, 19705, 19725, 19774, 19789, 19824, 19849, 19851, 19878, 19897, 19925, 19927, 19937, 19939, 20033, 20049, 20052, 20055, 20066, 20108, 20114, 20124, 20139, 20152, 20160, 20178, 20218, 20222, 20245, 20249, 20258, 20284, 20312, 20319, 20324, 20337, 20374, 20395, 20426, 20443, 20485, 20511, 20567, 20581, 20583, 20626, 20629, 20631, 20673, 20678, 20694, 20722, 20728, 20754, 20760, 20765, 20770, 20772, 20781, 20783, 20792, 20802, 20831, 20871, 20888, 20902, 20905, 20915, 20925, 20934, 20943, 20954, 20966, 20971, 21007, 21021, 21073, 21081, 21085, 21120, 21155, 21181, 21231, 21238, 21273, 21279, 21287, 21308, 21312, 21335, 21349, 21406, 21429, 21431, 21439, 21445, 21462, 21474, 21483, 21498, 21502, 21516, 21520, 21534, 21537, 21539, 21566, 21568, 21612, 21630, 21639, 21650, 21736, 21756, 21772, 21782, 21802, 21819, 21840, 21846, 21848, 21893, 21896, 21928, 21938, 21974, 21985, 21989, 21991, 21993, 21999, 22014, 22038, 22041, 22053, 22084, 22099, 22105, 22127, 22140, 22144, 22158, 22181, 22197, 22204, 22240, 22243, 22301, 22325, 22334, 22369, 22392, 22469, 22472, 22485, 22519, 22537, 22643, 22676, 22685, 22692, 22731, 22801, 22808, 22812, 22819, 22821, 22825, 22857, 22867, 22885, 22909, 22973, 23042, 23067, 23087, 23146, 23164, 23191, 23199, 23239, 23244, 23320, 23375, 23402, 23438, 23450, 23479, 23507, 23595, 23666, 23669, 23682, 23713, 23750, 23756, 23828, 23833, 23874, 23885, 23913, 23917, 23940, 23968, 23981, 24003, 24021, 24054, 24060, 24064, 24073, 24077, 24082, 24179, 24189, 24191, 24195, 24199, 24248, 24261, 24265, 24269, 24276, 24282, 24284, 24322, 24401, 24418, 24431, 24472, 24501, 24526, 24528, 24573, 24612, 24701, 24704, 24738, 24750, 24756, 24775, 24784, 24807, 24812, 24823, 24893, 24904, 24917, 24939, 24957, 24973, 24992, 24994, 25008, 25033, 25046, 25098, 25131, 25152, 25154, 25157, 25170, 25173, 25197, 25223, 25232, 25235, 25265, 25285, 25351, 25432, 25459, 25485, 25493, 25572, 25582, 25638, 25643, 25662, 25681, 25691, 25695, 25745, 25784, 25816, 25818, 25822, 25832, 25837, 25849, 25878, 25908, 25936, 25968, 25978, 25985, 26025, 26034, 26045, 26049, 26091, 26096, 26100, 26112, 26152, 26214, 26217, 26229, 26247, 26272, 26290, 26312, 26319, 26412, 26424, 26457, 26487, 26494, 26531, 26574, 26580, 26601, 26606, 26651, 26657, 26697, 26720, 26722, 26726, 26733, 26765, 26768, 26787, 26807, 26816, 26822, 26836, 26838, 26842, 26873, 26876, 26889, 26903, 26905, 26936, 26964, 26976, 26984, 27023, 27029, 27040, 27043, 27073, 27081, 27118, 27130, 27150, 27189, 27191, 27193, 27228, 27238, 27269, 27282, 27290, 27296, 27298, 27301, 27310, 27326, 27338, 27341, 27389, 27435, 27454, 27466, 27480, 27495, 27538, 27543, 27575, 27577, 27592, 27634, 27660, 27713, 27757, 27764, 27838, 27865, 27906, 27963, 27966, 27987, 28019, 28034, 28039, 28042, 28078, 28110, 28113, 28157, 28165, 28176, 28186, 28199, 28218, 28245, 28272, 28292, 28346, 28367, 28373, 28378, 28396, 28409, 28470, 28476, 28487, 28492, 28584, 28620, 28628, 28661, 28681, 28685, 28705, 28725, 28753, 28755, 28765, 28778, 28796, 28846, 28848, 28857, 28859, 28891, 28923, 28925, 28927, 28929, 28950, 28965, 28982, 28990, 28995, 29008, 29060, 29085, 29095, 29126, 29129, 29201, 29207, 29261, 29288, 29291, 29296, 29302, 29373, 29387, 29398, 29404, 29411, 29449, 29457, 29477, 29486, 29492, 29505, 29510, 29536, 29538, 29565, 29683, 29735, 29772, 29783, 29787, 29810, 29823, 29841, 29856, 29877, 29886, 29921, 29927, 29986, 29996, 29999, 30007, 30014, 30017, 30042, 30044, 30072, 30079, 30146, 30165, 30173, 30196, 30215, 30222, 30248, 30258, 30263, 30272, 30281, 30287, 30317, 30328, 30340, 30342, 30352, 30401, 30409, 30438, 30451, 30483, 30503, 30547, 30550, 30604, 30606, 30617, 30637, 30643, 30655, 30658, 30662, 30665, 30685, 30690, 30731, 30740, 30758, 30760, 30772, 30787, 30824, 30832, 30891, 30898, 30905, 30907, 31005, 31041, 31045, 31078, 31082, 31104, 31134, 31142, 31159, 31169, 31197, 31210, 31244, 31246, 31255, 31271, 31291, 31305, 31307, 31322, 31325, 31344, 31347, 31352, 31402, 31409, 31430, 31479, 31483, 31486, 31494, 31515, 31542, 31550, 31583, 31599, 31606, 31608, 31615, 31658, 31664, 31669, 31725, 31740, 31765, 31774, 31830, 31837, 31849, 31853, 31856, 31872, 31875, 31904, 31943, 31972, 31985, 32001, 32011, 32016, 32021, 32032, 32037, 32097, 32109, 32113, 32130, 32147, 32154, 32180, 32202, 32207, 32236, 32238, 32247, 32259, 32264, 32302, 32350, 32362, 32374, 32379, 32399, 32403, 32409, 32446, 32511, 32515, 32526, 32532, 32539, 32552, 32558, 32571, 32622, 32665, 32672, 32715, 32749, 32766, 32776, 32781, 32783, 32863, 32869, 32878, 32887, 32890, 32895, 32914, 32923, 32925, 32927, 32931, 32933, 33018, 33029, 33042, 33092, 33159, 33161, 33180, 33189, 33197, 33219, 33243, 33261, 33279, 33293, 33353, 33373, 33378, 33380, 33464, 33466, 33505, 33526, 33529, 33539, 33587, 33589, 33620, 33646, 33655, 33687, 33699, 33708, 33724, 33730, 33744, 33771, 33798, 33817, 33821, 33833, 33835, 33837, 33839, 33884, 34007, 34011, 34016, 34028, 34032, 34039, 34048, 34080, 34087, 34138, 34159, 34183, 34250, 34263, 34277, 34356, 34400, 34418, 34459, 34503, 34512, 34514, 34523, 34525, 34542, 34604, 34669, 34774, 34832, 34840, 34852, 34865, 34872, 34874, 34884, 34889, 34924, 34985, 34993, 35000, 35006, 35035, 35046, 35053, 35064, 35086]","[1965, 7572, 8287, 10227, 11063, 15036, 17882, 18156, 18465, 20123, 26605, 26837, 27465, 28627, 30823, 31040, 32108, 32301, 33091, 34006]",35093,1756,33337,0,1756,33317,20
-4.0,HSCST3G,"[103, 106, 154, 181, 209, 214, 218, 235, 237, 246, 267, 272, 331, 395, 406, 424, 456, 458, 466, 506, 529, 537, 546, 603, 889, 905, 920, 932, 937, 972, 1007, 1019, 1066, 1073, 1134, 1146, 1168, 1191, 1215, 1228, 1230, 1237, 1254, 1262, 1286, 1308, 1311, 1329, 1333, 1350, 1371, 1405, 1447, 1454, 1463, 1487, 1489, 1506, 1536, 1541, 1617, 1632, 1662, 1721, 1753, 1778, 1826, 1854, 1866, 1882, 1886, 1911, 1921, 1923, 1925, 1927, 1933, 1938, 1970, 1982, 1984, 1986, 2092, 2096, 2109, 2136, 2144, 2154, 2159, 2196, 2200, 2211, 2226, 2235, 2237, 2263, 2343, 2359, 2388, 2406, 2473, 2485, 2525, 2564, 2571, 2593, 2645, 2694, 2709, 2724, 2766, 2768, 2773, 2807, 2824, 2831, 2896, 2913, 2915, 2917, 2920, 2935, 2948, 2956, 2981, 2991, 2996, 3012, 3030, 3043, 3065, 3067, 3069, 3121, 3133, 3156, 3160, 3179, 3206, 3232, 3257, 3306, 3308, 3323, 3330, 3343, 3374, 3424, 3431, 3433, 3444, 3452, 3469, 3496, 3504, 3510, 3515, 3521, 3523, 3525, 3527, 3545, 3550, 3575, 3577, 3584, 3593, 3611, 3631, 3633, 3695, 3699, 3712, 3723, 3741, 3743, 3745, 3747, 3749, 3751, 3753, 3755, 3757, 3759, 3761, 3763, 3774, 3784, 3788, 3790, 3796, 3804, 3806, 3808, 3810, 3816, 3830, 3832, 3840, 3846, 3850, 3852, 3860, 3866, 3870, 3872, 3874, 3880, 3884, 3886, 3888, 3894, 3896, 3905, 3907, 3913, 3929, 3931, 3935, 3937, 3939, 3943, 3949, 3951, 3953, 3963, 3965, 3971, 3973, 3977, 4003, 4009, 4024, 4048, 4050, 4052, 4054, 4056, 4058, 4064, 4068, 4078, 4088, 4092, 4112, 4118, 4124, 4130, 4134, 4140, 4152, 4154, 4156, 4162, 4171, 4174, 4176, 4186, 4230, 4251, 4261, 4263, 4301, 4326, 4385, 4388, 4398, 4469, 4474, 4506, 4527, 4549, 4558, 4581, 4602, 4621, 4643, 4692, 4721, 4732, 4742, 4747, 4775, 4786, 4794, 4814, 4818, 4826, 4841, 4843, 4878, 4883, 4910, 4926, 4935, 4979, 5005, 5019, 5035, 5039, 5054, 5090, 5110, 5131, 5141, 5186, 5242, 5244, 5249, 5281, 5301, 5311, 5321, 5336, 5345, 5366, 5375, 5377, 5392, 5449, 5456, 5498, 5519, 5527, 5574, 5582, 5595, 5621, 5623, 5648, 5662, 5678, 5689, 5745, 5756, 5787, 5798, 5811, 5815, 5817, 5873, 5885, 5905, 5907, 5918, 5971, 5974, 5991, 6002, 6031, 6080, 6102, 6112, 6134, 6161, 6190, 6208, 6232, 6294, 6322, 6351, 6362, 6389, 6398, 6440, 6449, 6458, 6460, 6499, 6522, 6526, 6529, 6535, 6543, 6550, 6557, 6571, 6574, 6577, 6580, 6583, 6587, 6590, 6597, 6611, 6620, 6633, 6675, 6705, 6738, 6744, 6758, 6783, 6785, 6787, 6815, 6849, 6853, 6890, 6922, 6950, 6956, 7011, 7035, 7045, 7063, 7113, 7117, 7143, 7154, 7170, 7192, 7194, 7201, 7213, 7233, 7260]",[],"[103, 106, 154, 181, 209, 214, 218, 235, 237, 246, 267, 272, 331, 395, 406, 424, 456, 458, 466, 506, 529, 537, 546, 603, 889, 905, 920, 932, 937, 972, 1007, 1019, 1066, 1073, 1134, 1146, 1168, 1191, 1215, 1228, 1230, 1237, 1254, 1262, 1286, 1308, 1311, 1329, 1333, 1350, 1371, 1405, 1447, 1454, 1463, 1487, 1489, 1506, 1536, 1541, 1617, 1632, 1662, 1721, 1753, 1778, 1826, 1854, 1866, 1882, 1886, 1911, 1921, 1923, 1925, 1927, 1933, 1938, 1970, 1982, 1984, 1986, 2092, 2096, 2109, 2136, 2144, 2154, 2159, 2196, 2200, 2211, 2226, 2235, 2237, 2263, 2343, 2359, 2388, 2406, 2473, 2485, 2525, 2564, 2571, 2593, 2645, 2694, 2709, 2724, 2766, 2768, 2773, 2807, 2824, 2831, 2896, 2913, 2915, 2917, 2920, 2935, 2948, 2956, 2981, 2991, 2996, 3012, 3030, 3043, 3065, 3067, 3069, 3121, 3133, 3156, 3160, 3179, 3206, 3232, 3257, 3306, 3308, 3323, 3330, 3343, 3374, 3424, 3431, 3433, 3444, 3452, 3469, 3496, 3504, 3510, 3515, 3521, 3523, 3525, 3527, 3545, 3550, 3575, 3577, 3584, 3593, 3611, 3631, 3633, 3695, 3699, 3712, 3723, 3741, 3743, 3745, 3747, 3749, 3751, 3753, 3755, 3757, 3759, 3761, 3763, 3774, 3784, 3788, 3790, 3796, 3804, 3806, 3808, 3810, 3816, 3830, 3832, 3840, 3846, 3850, 3852, 3860, 3866, 3870, 3872, 3874, 3880, 3884, 3886, 3888, 3894, 3896, 3905, 3907, 3913, 3929, 3931, 3935, 3937, 3939, 3943, 3949, 3951, 3953, 3963, 3965, 3971, 3973, 3977, 4003, 4009, 4024, 4048, 4050, 4052, 4054, 4056, 4058, 4064, 4068, 4078, 4088, 4092, 4112, 4118, 4124, 4130, 4134, 4140, 4152, 4154, 4156, 4162, 4171, 4174, 4176, 4186, 4230, 4251, 4261, 4263, 4301, 4326, 4385, 4388, 4398, 4469, 4474, 4506, 4527, 4549, 4558, 4581, 4602, 4621, 4643, 4692, 4721, 4732, 4742, 4747, 4775, 4786, 4794, 4814, 4818, 4826, 4841, 4843, 4878, 4883, 4910, 4926, 4935, 4979, 5005, 5019, 5035, 5039, 5054, 5090, 5110, 5131, 5141, 5186, 5242, 5244, 5249, 5281, 5301, 5311, 5321, 5336, 5345, 5366, 5375, 5377, 5392, 5449, 5456, 5498, 5519, 5527, 5574, 5582, 5595, 5621, 5623, 5648, 5662, 5678, 5689, 5745, 5756, 5787, 5798, 5811, 5815, 5817, 5873, 5885, 5905, 5907, 5918, 5971, 5974, 5991, 6002, 6031, 6080, 6102, 6112, 6134, 6161, 6190, 6208, 6232, 6294, 6322, 6351, 6362, 6389, 6398, 6440, 6449, 6458, 6460, 6499, 6522, 6526, 6529, 6535, 6543, 6550, 6557, 6571, 6574, 6577, 6580, 6583, 6587, 6590, 6597, 6611, 6620, 6633, 6675, 6705, 6738, 6744, 6758, 6783, 6785, 6787, 6815, 6849, 6853, 6890, 6922, 6950, 6956, 7011, 7035, 7045, 7063, 7113, 7117, 7143, 7154, 7170, 7192, 7194, 7201, 7213, 7233, 7260]","[1328, 3694]",7285,417,6868,0,417,6866,2
-4.0,HSCYCLA,"[9, 45, 56, 61, 70, 86, 94, 103, 146, 157, 163, 165, 172, 176, 217, 232, 265, 275, 338, 362, 379, 393, 398, 408, 417, 419, 465, 468, 523, 552, 572, 607, 616, 626, 650, 679, 706, 746, 766, 770, 799, 809, 835, 850, 875, 888, 953, 977, 1015, 1018, 1030, 1050, 1099, 1103, 1109, 1112, 1126, 1161, 1178, 1183, 1301, 1334, 1342, 1359, 1394, 1423, 1427, 1437, 1467, 1482, 1509, 1516, 1521, 1525, 1531, 1533, 1535, 1538, 1548, 1554, 1590, 1592, 1594, 1605, 1633, 1645, 1665, 1667, 1723, 1782, 1784, 1837, 1859, 1862, 1884, 1899, 1904, 1914, 1931, 1944, 1964, 1966, 1986, 1998, 2047, 2057, 2074, 2129, 2144, 2163, 2187, 2202, 2208, 2230, 2243, 2256, 2314, 2373, 2398, 2401, 2407, 2411, 2427, 2429, 2440, 2485, 2492, 2495, 2510, 2514, 2519, 2526, 2547, 2596, 2598, 2605, 2624, 2654, 2672, 2684, 2697, 2707, 2720, 2735, 2762, 2783, 2793, 2804, 2820, 2828, 2837, 2854, 2858, 2887, 2932, 2941, 2955, 2968, 2989, 2991, 2993, 3019, 3032, 3044, 3113, 3115, 3160, 3202, 3215, 3235, 3286, 3288, 3293, 3329, 3332, 3377, 3396, 3435, 3442, 3464, 3485, 3505, 3519, 3526, 3552, 3612, 3620, 3641, 3648, 3669, 3673, 3675, 3684, 3732, 3738, 3752, 3756, 3763, 3769, 3776, 3803, 3842, 3847, 3858, 3868, 3878, 3897, 3945, 3952, 3963, 3967, 4000, 4017, 4025, 4029, 4035, 4080, 4097, 4103, 4112, 4116, 4140, 4160, 4169, 4173, 4183, 4187, 4195, 4211, 4240, 4267, 4271, 4294, 4312, 4330, 4384, 4393, 4446, 4448, 4465, 4476, 4481, 4494, 4521, 4539, 4546, 4581, 4615, 4628, 4681, 4687, 4747, 4810, 4825, 4851, 4866, 4882, 4936, 4980, 5004, 5006, 5019, 5023, 5025, 5127, 5134, 5159, 5167, 5171, 5173, 5207, 5228, 5237, 5267, 5275, 5321, 5328, 5339, 5343, 5358, 5366, 5377, 5390, 5408, 5421, 5429, 5437, 5440, 5453, 5479, 5502, 5543, 5569, 5572, 5581, 5584, 5595, 5655, 5671, 5690, 5704, 5729, 5743, 5771, 5782, 5797, 5814, 5842, 5855, 5894, 5912, 5916, 5924, 5943, 5958, 5996, 6007, 6039, 6060, 6069, 6071, 6075, 6109, 6125, 6161, 6182, 6194, 6209, 6230, 6255, 6266, 6273, 6281, 6283, 6287, 6292, 6295, 6307, 6324, 6351, 6367, 6370, 6414, 6417, 6426, 6437, 6477, 6479, 6484, 6486, 6488, 6511, 6530, 6574, 6586, 6638, 6653, 6668, 6712, 6774, 6787, 6792, 6794, 6805, 6808, 6811, 6831, 6867, 6869, 6871, 6888, 6890, 6907, 6911, 6935, 6950, 6983, 6987, 6989, 7025, 7033, 7035, 7070, 7092, 7104, 7118, 7125, 7127, 7132, 7145, 7178, 7181, 7189, 7201, 7222, 7232, 7243, 7249, 7255, 7280, 7283, 7288, 7294, 7312, 7347, 7378, 7386, 7395, 7414, 7440, 7444, 7545, 7564, 7594, 7603, 7607, 7613, 7623, 7638, 7645, 7655, 7702, 7773, 7793, 7826, 7849, 7906, 7918, 7929, 7932, 7936, 7938, 7943, 7957, 7974, 7978, 7983, 8024, 8038, 8040, 8051, 8071, 8090, 8114, 8158, 8166, 8173, 8178, 8192, 8219, 8221, 8226, 8232, 8260, 8285, 8290, 8329, 8348]",[],"[9, 45, 56, 61, 70, 86, 94, 103, 146, 157, 163, 165, 172, 176, 217, 232, 265, 275, 338, 362, 379, 393, 398, 408, 417, 419, 465, 468, 523, 552, 572, 607, 616, 626, 650, 679, 706, 746, 766, 770, 799, 809, 835, 850, 875, 888, 953, 977, 1015, 1018, 1030, 1050, 1099, 1103, 1109, 1112, 1126, 1161, 1178, 1183, 1301, 1334, 1342, 1359, 1394, 1423, 1427, 1437, 1467, 1482, 1509, 1516, 1521, 1525, 1531, 1533, 1535, 1538, 1548, 1554, 1590, 1592, 1594, 1605, 1633, 1645, 1665, 1667, 1723, 1782, 1784, 1837, 1859, 1862, 1884, 1899, 1904, 1914, 1931, 1944, 1964, 1966, 1986, 1998, 2047, 2057, 2074, 2129, 2144, 2163, 2187, 2202, 2208, 2230, 2243, 2256, 2314, 2373, 2398, 2401, 2407, 2411, 2427, 2429, 2440, 2485, 2492, 2495, 2510, 2514, 2519, 2526, 2547, 2596, 2598, 2605, 2624, 2654, 2672, 2684, 2697, 2707, 2720, 2735, 2762, 2783, 2793, 2804, 2820, 2828, 2837, 2854, 2858, 2887, 2932, 2941, 2955, 2968, 2989, 2991, 2993, 3019, 3032, 3044, 3113, 3115, 3160, 3202, 3215, 3235, 3286, 3288, 3293, 3329, 3332, 3377, 3396, 3435, 3442, 3464, 3485, 3505, 3519, 3526, 3552, 3612, 3620, 3641, 3648, 3669, 3673, 3675, 3684, 3732, 3738, 3752, 3756, 3763, 3769, 3776, 3803, 3842, 3847, 3858, 3868, 3878, 3897, 3945, 3952, 3963, 3967, 4000, 4017, 4025, 4029, 4035, 4080, 4097, 4103, 4112, 4116, 4140, 4160, 4169, 4173, 4183, 4187, 4195, 4211, 4240, 4267, 4271, 4294, 4312, 4330, 4384, 4393, 4446, 4448, 4465, 4476, 4481, 4494, 4521, 4539, 4546, 4581, 4615, 4628, 4681, 4687, 4747, 4810, 4825, 4851, 4866, 4882, 4936, 4980, 5004, 5006, 5019, 5023, 5025, 5127, 5134, 5159, 5167, 5171, 5173, 5207, 5228, 5237, 5267, 5275, 5321, 5328, 5339, 5343, 5358, 5366, 5377, 5390, 5408, 5421, 5429, 5437, 5440, 5453, 5479, 5502, 5543, 5569, 5572, 5581, 5584, 5595, 5655, 5671, 5690, 5704, 5729, 5743, 5771, 5782, 5797, 5814, 5842, 5855, 5894, 5912, 5916, 5924, 5943, 5958, 5996, 6007, 6039, 6060, 6069, 6071, 6075, 6109, 6125, 6161, 6182, 6194, 6209, 6230, 6255, 6266, 6273, 6281, 6283, 6287, 6292, 6295, 6307, 6324, 6351, 6367, 6370, 6414, 6417, 6426, 6437, 6477, 6479, 6484, 6486, 6488, 6511, 6530, 6574, 6586, 6638, 6653, 6668, 6712, 6774, 6787, 6792, 6794, 6805, 6808, 6811, 6831, 6867, 6869, 6871, 6888, 6890, 6907, 6911, 6935, 6950, 6983, 6987, 6989, 7025, 7033, 7035, 7070, 7092, 7104, 7118, 7125, 7127, 7132, 7145, 7178, 7181, 7189, 7201, 7222, 7232, 7243, 7249, 7255, 7280, 7283, 7288, 7294, 7312, 7347, 7378, 7386, 7395, 7414, 7440, 7444, 7545, 7564, 7594, 7603, 7607, 7613, 7623, 7638, 7645, 7655, 7702, 7773, 7793, 7826, 7849, 7906, 7918, 7929, 7932, 7936, 7938, 7943, 7957, 7974, 7978, 7983, 8024, 8038, 8040, 8051, 8071, 8090, 8114, 8158, 8166, 8173, 8178, 8192, 8219, 8221, 8226, 8232, 8260, 8285, 8290, 8329, 8348]","[1393, 2406, 3731, 4168, 5338, 5911, 6667]",8356,458,7898,0,458,7891,7
-4.0,HSCYP216,"[21, 46, 110, 119, 256, 303, 315, 344, 355, 358, 361, 397, 405, 443, 497, 521, 535, 566, 568, 599, 630, 647, 666, 691, 733, 735, 756, 830, 847, 850, 870, 875, 880, 909, 928, 975, 1014, 1060, 1089, 1141, 1155, 1208, 1219, 1221, 1242, 1255, 1261, 1279, 1308, 1311, 1328, 1379, 1396, 1440, 1467, 1476, 1480, 1509, 1544, 1562, 1573, 1584, 1645, 1656, 1690, 1741, 1756, 1772, 1810, 1813, 1837, 1841, 1889, 1918, 1932, 1964, 1997, 2083, 2100, 2154, 2172, 2175, 2216, 2229, 2240, 2265, 2330, 2372, 2392, 2403, 2407, 2427, 2435, 2438, 2448, 2483, 2550, 2558, 2560, 2597, 2600, 2635, 2682, 2684, 2711, 2761]",[],"[21, 46, 110, 119, 256, 303, 315, 344, 355, 358, 361, 397, 405, 443, 497, 521, 535, 566, 568, 599, 630, 647, 666, 691, 733, 735, 756, 830, 847, 850, 870, 875, 880, 909, 928, 975, 1014, 1060, 1089, 1141, 1155, 1208, 1219, 1221, 1242, 1255, 1261, 1279, 1308, 1311, 1328, 1379, 1396, 1440, 1467, 1476, 1480, 1509, 1544, 1562, 1573, 1584, 1645, 1656, 1690, 1741, 1756, 1772, 1810, 1813, 1837, 1841, 1889, 1918, 1932, 1964, 1997, 2083, 2100, 2154, 2172, 2175, 2216, 2229, 2240, 2265, 2330, 2372, 2392, 2403, 2407, 2427, 2435, 2438, 2448, 2483, 2550, 2558, 2560, 2597, 2600, 2635, 2682, 2684, 2711, 2761]","[255, 442, 879, 1088, 1278, 1466, 1836, 2215, 2402]",2764,106,2658,0,106,2649,9
-4.0,HSCYP45C,"[25, 43, 64, 69, 76, 78, 90, 128, 131, 139, 186, 225, 228, 238, 250, 264, 272, 287, 333, 344, 364, 409, 411, 414, 425, 545, 627, 662, 671, 690, 732, 776, 806, 811, 829, 840, 843, 857, 865, 889, 948, 952, 974, 1021, 1093, 1116, 1151, 1168, 1200, 1217, 1251, 1257, 1264, 1295, 1301, 1305, 1326, 1354, 1372, 1410, 1453, 1455, 1478, 1494, 1496, 1504, 1508, 1582, 1630, 1640, 1660, 1666, 1689, 1695, 1721, 1740, 1764, 1773, 1777, 1831, 1851, 1861, 1891, 1893, 1900, 1911, 1924, 1966, 1978, 2049, 2053, 2055, 2094, 2111, 2158, 2167, 2180, 2189, 2202, 2255, 2262, 2266, 2276, 2309, 2317, 2377, 2415, 2433, 2476, 2494, 2534, 2541, 2558, 2560, 2610, 2613, 2634, 2639, 2644, 2652, 2668, 2676, 2681, 2701, 2729, 2751, 2770, 2792, 2799, 2804, 2828, 2833, 2855, 2879, 2889, 2892, 2919, 2937, 2948, 2959, 2991, 2998, 3014, 3046, 3066, 3075, 3149, 3170, 3178, 3210, 3213, 3222, 3233, 3252, 3256, 3264, 3269, 3313, 3359, 3365, 3393, 3395, 3406, 3412, 3423, 3452, 3474, 3534, 3536, 3539, 3543, 3555, 3573, 3575, 3587, 3589, 3610, 3629, 3643, 3647, 3658, 3675, 3680, 3690, 3696, 3703, 3732, 3736, 3746, 3754, 3767, 3796, 3820, 3822, 3836, 3882, 3909, 3928, 3931, 3976, 3983, 3989, 3997, 4138, 4150, 4166, 4176, 4181, 4190, 4214, 4306, 4324, 4334, 4364, 4367, 4370, 4406, 4464, 4470, 4480, 4505, 4507, 4548, 4604, 4622, 4636, 4681, 4685, 4688, 4691, 4697, 4706, 4713, 4769, 4796, 4799, 4888, 4913, 4943, 4948, 4964, 4968, 4971, 5002, 5009, 5037, 5074, 5077, 5166, 5192, 5214, 5222, 5279, 5291, 5293, 5295, 5302, 5311, 5334, 5337, 5410, 5422, 5448, 5458, 5478, 5538, 5570, 5578, 5603, 5625, 5630, 5641, 5643, 5652, 5660, 5696, 5706, 5713, 5723, 5752, 5759, 5774, 5802, 5806, 5809, 5827, 5831, 5840, 5850, 5876, 5882, 5884, 5898, 5909, 5994, 6017, 6041, 6045, 6082, 6086, 6125, 6179, 6209, 6212, 6214, 6220, 6228, 6249, 6253, 6279, 6335, 6354, 6423, 6434, 6451, 6465, 6480, 6497, 6511, 6513, 6518, 6526, 6555, 6557, 6563, 6586, 6619, 6631, 6643, 6649, 6695, 6727, 6756, 6765, 6770, 6801, 6804, 6848, 6865, 6936, 6976, 6979, 7005, 7013, 7066, 7082, 7088, 7108, 7134, 7166, 7203, 7206, 7247, 7259, 7328, 7345, 7367, 7369, 7396, 7430, 7441, 7463, 7484, 7494, 7507, 7511]",[],"[25, 43, 64, 69, 76, 78, 90, 128, 131, 139, 186, 225, 228, 238, 250, 264, 272, 287, 333, 344, 364, 409, 411, 414, 425, 545, 627, 662, 671, 690, 732, 776, 806, 811, 829, 840, 843, 857, 865, 889, 948, 952, 974, 1021, 1093, 1116, 1151, 1168, 1200, 1217, 1251, 1257, 1264, 1295, 1301, 1305, 1326, 1354, 1372, 1410, 1453, 1455, 1478, 1494, 1496, 1504, 1508, 1582, 1630, 1640, 1660, 1666, 1689, 1695, 1721, 1740, 1764, 1773, 1777, 1831, 1851, 1861, 1891, 1893, 1900, 1911, 1924, 1966, 1978, 2049, 2053, 2055, 2094, 2111, 2158, 2167, 2180, 2189, 2202, 2255, 2262, 2266, 2276, 2309, 2317, 2377, 2415, 2433, 2476, 2494, 2534, 2541, 2558, 2560, 2610, 2613, 2634, 2639, 2644, 2652, 2668, 2676, 2681, 2701, 2729, 2751, 2770, 2792, 2799, 2804, 2828, 2833, 2855, 2879, 2889, 2892, 2919, 2937, 2948, 2959, 2991, 2998, 3014, 3046, 3066, 3075, 3149, 3170, 3178, 3210, 3213, 3222, 3233, 3252, 3256, 3264, 3269, 3313, 3359, 3365, 3393, 3395, 3406, 3412, 3423, 3452, 3474, 3534, 3536, 3539, 3543, 3555, 3573, 3575, 3587, 3589, 3610, 3629, 3643, 3647, 3658, 3675, 3680, 3690, 3696, 3703, 3732, 3736, 3746, 3754, 3767, 3796, 3820, 3822, 3836, 3882, 3909, 3928, 3931, 3976, 3983, 3989, 3997, 4138, 4150, 4166, 4176, 4181, 4190, 4214, 4306, 4324, 4334, 4364, 4367, 4370, 4406, 4464, 4470, 4480, 4505, 4507, 4548, 4604, 4622, 4636, 4681, 4685, 4688, 4691, 4697, 4706, 4713, 4769, 4796, 4799, 4888, 4913, 4943, 4948, 4964, 4968, 4971, 5002, 5009, 5037, 5074, 5077, 5166, 5192, 5214, 5222, 5279, 5291, 5293, 5295, 5302, 5311, 5334, 5337, 5410, 5422, 5448, 5458, 5478, 5538, 5570, 5578, 5603, 5625, 5630, 5641, 5643, 5652, 5660, 5696, 5706, 5713, 5723, 5752, 5759, 5774, 5802, 5806, 5809, 5827, 5831, 5840, 5850, 5876, 5882, 5884, 5898, 5909, 5994, 6017, 6041, 6045, 6082, 6086, 6125, 6179, 6209, 6212, 6214, 6220, 6228, 6249, 6253, 6279, 6335, 6354, 6423, 6434, 6451, 6465, 6480, 6497, 6511, 6513, 6518, 6526, 6555, 6557, 6563, 6586, 6619, 6631, 6643, 6649, 6695, 6727, 6756, 6765, 6770, 6801, 6804, 6848, 6865, 6936, 6976, 6979, 7005, 7013, 7066, 7082, 7088, 7108, 7134, 7166, 7203, 7206, 7247, 7259, 7328, 7345, 7367, 7369, 7396, 7430, 7441, 7463, 7484, 7494, 7507, 7511]","[4942, 5624, 5801, 6016, 6248]",7547,366,7181,0,366,7176,5
-4.0,HSCYTOK17,"[23, 26, 46, 123, 125, 170, 221, 242, 256, 310, 346, 349, 373, 375, 397, 453, 457, 489, 499, 506, 535, 548, 582, 595, 604, 660, 673, 690, 693, 701, 737, 739, 777, 797, 818, 829, 852, 855, 895, 909, 911, 914, 916, 938, 952, 959, 964, 969, 975, 977, 983, 1041, 1043, 1061, 1105, 1163, 1180, 1246, 1270, 1283, 1304, 1359, 1383, 1418, 1423, 1428, 1435, 1478, 1573, 1575, 1642, 1682, 1710, 1714, 1723, 1765, 1793, 1800, 1823, 1831, 1865, 1878, 1887, 1952, 1964, 1970, 1985, 1991, 1999, 2017, 2059, 2080, 2107, 2128, 2148, 2177, 2179, 2209, 2305, 2310, 2326, 2343, 2347, 2383, 2402, 2416, 2437, 2461, 2466, 2468, 2489, 2507, 2572, 2583, 2596, 2699, 2706, 2725, 2733, 2775, 2807, 2813, 2820, 2825, 2833, 2851, 2858, 2868, 2929, 2933, 2936, 2947, 2971, 3002, 3009, 3054, 3067, 3074, 3132, 3150, 3159, 3172, 3193, 3246, 3250, 3258, 3289, 3304, 3312, 3326, 3358, 3368, 3376, 3383, 3387, 3420, 3440, 3458, 3469, 3493, 3548, 3553, 3555, 3560, 3589, 3602, 3610, 3617, 3626, 3678, 3694, 3703, 3708, 3760, 3828, 3836, 3864, 3936, 4001, 4005, 4020, 4033, 4047, 4082, 4110, 4124, 4128, 4136, 4154, 4159, 4187, 4201, 4220, 4230, 4248, 4305, 4310, 4321, 4337, 4358, 4376, 4394, 4421, 4466, 4471, 4480, 4484, 4510, 4564, 4571, 4596, 4602, 4617, 4634, 4647, 4687, 4796, 4799, 4819, 4821, 4823, 4828, 4830, 4835, 4841, 4847, 4898, 4973, 4983, 4988, 4992, 5000, 5009, 5024, 5045, 5129, 5164, 5205, 5224, 5226, 5232, 5247]",[],"[23, 26, 46, 123, 125, 170, 221, 242, 256, 310, 346, 349, 373, 375, 397, 453, 457, 489, 499, 506, 535, 548, 582, 595, 604, 660, 673, 690, 693, 701, 737, 739, 777, 797, 818, 829, 852, 855, 895, 909, 911, 914, 916, 938, 952, 959, 964, 969, 975, 977, 983, 1041, 1043, 1061, 1105, 1163, 1180, 1246, 1270, 1283, 1304, 1359, 1383, 1418, 1423, 1428, 1435, 1478, 1573, 1575, 1642, 1682, 1710, 1714, 1723, 1765, 1793, 1800, 1823, 1831, 1865, 1878, 1887, 1952, 1964, 1970, 1985, 1991, 1999, 2017, 2059, 2080, 2107, 2128, 2148, 2177, 2179, 2209, 2305, 2310, 2326, 2343, 2347, 2383, 2402, 2416, 2437, 2461, 2466, 2468, 2489, 2507, 2572, 2583, 2596, 2699, 2706, 2725, 2733, 2775, 2807, 2813, 2820, 2825, 2833, 2851, 2858, 2868, 2929, 2933, 2936, 2947, 2971, 3002, 3009, 3054, 3067, 3074, 3132, 3150, 3159, 3172, 3193, 3246, 3250, 3258, 3289, 3304, 3312, 3326, 3358, 3368, 3376, 3383, 3387, 3420, 3440, 3458, 3469, 3493, 3548, 3553, 3555, 3560, 3589, 3602, 3610, 3617, 3626, 3678, 3694, 3703, 3708, 3760, 3828, 3836, 3864, 3936, 4001, 4005, 4020, 4033, 4047, 4082, 4110, 4124, 4128, 4136, 4154, 4159, 4187, 4201, 4220, 4230, 4248, 4305, 4310, 4321, 4337, 4358, 4376, 4394, 4421, 4466, 4471, 4480, 4484, 4510, 4564, 4571, 4596, 4602, 4617, 4634, 4647, 4687, 4796, 4799, 4819, 4821, 4823, 4828, 4830, 4835, 4841, 4847, 4898, 4973, 4983, 4988, 4992, 5000, 5009, 5024, 5045, 5129, 5164, 5205, 5224, 5226, 5232, 5247]","[581, 1709, 2304, 3066, 3693, 4000, 4123]",5253,242,5011,0,242,5004,7
-4.0,HSCYTOK20,"[35, 61, 75, 117, 123, 125, 127, 129, 132, 144, 146, 152, 154, 183, 196, 204, 208, 215, 228, 297, 340, 359, 382, 473, 487, 503, 514, 553, 561, 583, 625, 627, 634, 648, 652, 659, 678, 682, 704, 715, 730, 732, 734, 737, 775, 798, 839, 846, 862, 864, 941, 985, 1008, 1033, 1064, 1068, 1086, 1105, 1109, 1227, 1261, 1278, 1282, 1305, 1380, 1412, 1419, 1430, 1447, 1453, 1478, 1499, 1502, 1562, 1567, 1569, 1578, 1586, 1610, 1625, 1644, 1670, 1690, 1692, 1704, 1724, 1758, 1781, 1784, 1815, 1827, 1872, 1887, 1915, 1954, 2035, 2074, 2079, 2092, 2135, 2164, 2167, 2210, 2213, 2223, 2261, 2263, 2282, 2288, 2322, 2340, 2397, 2419, 2424, 2449, 2455, 2474, 2484, 2516, 2527, 2529, 2531, 2537, 2590, 2602, 2609, 2615, 2617, 2637, 2645, 2655, 2721, 2742, 2771, 2790, 2851, 2853, 2899, 2901, 2913, 2993, 3007, 3013, 3015, 3026, 3044, 3052, 3070, 3090, 3099, 3114, 3119, 3126, 3129, 3133, 3140, 3244, 3275, 3288, 3295, 3341, 3344, 3346, 3348, 3371, 3386, 3418, 3538, 3563, 3570, 3604, 3636, 3660, 3683, 3685, 3704, 3724, 3743, 3784, 3786, 3794, 3838, 3840, 3850, 3893, 3979, 3983, 4008, 4012, 4020, 4024, 4026, 4076, 4088, 4090, 4104, 4106, 4112, 4132, 4135, 4164, 4267, 4275, 4287, 4302, 4307, 4309, 4313, 4348, 4401, 4454, 4464, 4469, 4515, 4528, 4530, 4532, 4536, 4594, 4611, 4632, 4668, 4671, 4727, 4733, 4743, 4750, 4753, 4765, 4772, 4787, 4798, 4870, 4902, 4949, 4952, 4956, 4961, 4994, 5004, 5048, 5086, 5090, 5130, 5153, 5170, 5189, 5203, 5206, 5232, 5244, 5277, 5282, 5298, 5300, 5312, 5314, 5339, 5348, 5353, 5357, 5372, 5394, 5428, 5436, 5446, 5483, 5543, 5571, 5576, 5614, 5654, 5668, 5700, 5706, 5731, 5754, 5764, 5773, 5775, 5790, 5815, 5822, 5852, 5872, 5882, 5903, 5936, 5951, 5961, 5972, 6052, 6073, 6075, 6082, 6089, 6091, 6139, 6143, 6154, 6157, 6198, 6229, 6268, 6298, 6313, 6318, 6320, 6333, 6338, 6369, 6387, 6423, 6441, 6447, 6463, 6500, 6517, 6556, 6593, 6680, 6685, 6700, 6722, 6725, 6756, 6786, 6793, 6825, 6827, 6839, 6844, 6860, 6876, 6902, 6920, 6925, 6938, 6965, 7004, 7010, 7035, 7050, 7059, 7078, 7091, 7136, 7178, 7213, 7226, 7285, 7291, 7304, 7320, 7344, 7404, 7419, 7459, 7461, 7463, 7513, 7517, 7529, 7538, 7561, 7596, 7614, 7621, 7647, 7661, 7717, 7734, 7753, 7763, 7782, 7790, 7818, 7829, 7856, 7866, 7880, 7885, 7887, 7898, 7910, 7922, 7932, 7942, 7944, 7955, 7964, 7992, 7994, 8007, 8054, 8062, 8066, 8070, 8129, 8135, 8148, 8188, 8234, 8243, 8245, 8258, 8261, 8276, 8288, 8335, 8365, 8368, 8377, 8444, 8450, 8481, 8483, 8494, 8496, 8509, 8548, 8557, 8601, 8609, 8631, 8683, 8697, 8699, 8723, 8749, 8761, 8782, 8796, 8804, 8814, 8857, 8859, 8861, 8865, 8873, 8885, 8893, 8916, 8922, 8931, 8953, 8966, 9066, 9068, 9100, 9152, 9160, 9175, 9177, 9197, 9285, 9294, 9314, 9337, 9345, 9375, 9471, 9489, 9492, 9512, 9567, 9571, 9574, 9580, 9637, 9640, 9643, 9647, 9694, 9736, 9753, 9782, 9826, 9859, 9865, 9871, 9901, 9927, 9934, 9972, 9985, 10006, 10016, 10018, 10065, 10088, 10142, 10152, 10167, 10173, 10203, 10256, 10272, 10305, 10309, 10311, 10321, 10328, 10452, 10477, 10504, 10528, 10539, 10547, 10553, 10568, 10571, 10580, 10582, 10595, 10598, 10604, 10621, 10643, 10687, 10700, 10715, 10719, 10823, 10826, 10829, 10853, 10883, 10917, 10941, 10943, 10969, 10973, 11053, 11061, 11084, 11129, 11132, 11134, 11136, 11142, 11163, 11201, 11207, 11214, 11260, 11295, 11299, 11329, 11347, 11349, 11409, 11422, 11429, 11447, 11459, 11500, 11504, 11564, 11572, 11582, 11619, 11679, 11694, 11710, 11725, 11760, 11773, 11788, 11794, 11832, 11936, 11941, 11967, 11969, 11979, 11999, 12005, 12126, 12144, 12147, 12157, 12305, 12319, 12334, 12336, 12351, 12410, 12418, 12459, 12463, 12476, 12487, 12495, 12508, 12526, 12592, 12631, 12683, 12706, 12710, 12779, 12784, 12792, 12798, 12802, 12815, 12857, 12873, 12890, 12903, 12916, 12933, 12935, 12953, 12959, 12969, 12971, 13054, 13132, 13149, 13244, 13301, 13317, 13422, 13433, 13507, 13539, 13561, 13584, 13589, 13610, 13656, 13659, 13668, 13671, 13683, 13686, 13688, 13698, 13707, 13753, 13835, 13848, 13853, 13881, 13897, 13942, 14009, 14031, 14035, 14040, 14086, 14100, 14136, 14147, 14165, 14172, 14196, 14223, 14315, 14350, 14355, 14421, 14423, 14458, 14478, 14502, 14573, 14583, 14586, 14593, 14606, 14667, 14677, 14680, 14733, 14775, 14786, 14788, 14806, 14853, 14855, 14916, 14935, 14981, 15021, 15046, 15069, 15088, 15090, 15103, 15111, 15144, 15155, 15165, 15249, 15251, 15298, 15303, 15317, 15359, 15378, 15385, 15408, 15469, 15553, 15568, 15638, 15646, 15654, 15657, 15683, 15749, 15775, 15783, 15786, 15797, 15830, 15839, 15854, 15879, 15890, 15900, 15936, 15977, 15990, 15994, 16009, 16026, 16049, 16065, 16096, 16130, 16134, 16157, 16179, 16181, 16191, 16199, 16219, 16237, 16247, 16255, 16306, 16310, 16317, 16344, 16348, 16365, 16377, 16382, 16394, 16406, 16412, 16414, 16420, 16437, 16499, 16519, 16550, 16575, 16579, 16587, 16621, 16626, 16680, 16714, 16739, 16759, 16792, 16812, 16837, 16840, 16877, 16921, 16942, 17005, 17029, 17035, 17071, 17094, 17116, 17126, 17135, 17158, 17175, 17179, 17200, 17255, 17287, 17368, 17440, 17447, 17480, 17486, 17528, 17609, 17648, 17662, 17677, 17760, 17765, 17773, 17821, 17824, 17844, 17858, 17865, 17948, 17956, 17958, 17986, 18015, 18022, 18030, 18044, 18050]",[],"[35, 61, 75, 117, 123, 125, 127, 129, 132, 144, 146, 152, 154, 183, 196, 204, 208, 215, 228, 297, 340, 359, 382, 473, 487, 503, 514, 553, 561, 583, 625, 627, 634, 648, 652, 659, 678, 682, 704, 715, 730, 732, 734, 737, 775, 798, 839, 846, 862, 864, 941, 985, 1008, 1033, 1064, 1068, 1086, 1105, 1109, 1227, 1261, 1278, 1282, 1305, 1380, 1412, 1419, 1430, 1447, 1453, 1478, 1499, 1502, 1562, 1567, 1569, 1578, 1586, 1610, 1625, 1644, 1670, 1690, 1692, 1704, 1724, 1758, 1781, 1784, 1815, 1827, 1872, 1887, 1915, 1954, 2035, 2074, 2079, 2092, 2135, 2164, 2167, 2210, 2213, 2223, 2261, 2263, 2282, 2288, 2322, 2340, 2397, 2419, 2424, 2449, 2455, 2474, 2484, 2516, 2527, 2529, 2531, 2537, 2590, 2602, 2609, 2615, 2617, 2637, 2645, 2655, 2721, 2742, 2771, 2790, 2851, 2853, 2899, 2901, 2913, 2993, 3007, 3013, 3015, 3026, 3044, 3052, 3070, 3090, 3099, 3114, 3119, 3126, 3129, 3133, 3140, 3244, 3275, 3288, 3295, 3341, 3344, 3346, 3348, 3371, 3386, 3418, 3538, 3563, 3570, 3604, 3636, 3660, 3683, 3685, 3704, 3724, 3743, 3784, 3786, 3794, 3838, 3840, 3850, 3893, 3979, 3983, 4008, 4012, 4020, 4024, 4026, 4076, 4088, 4090, 4104, 4106, 4112, 4132, 4135, 4164, 4267, 4275, 4287, 4302, 4307, 4309, 4313, 4348, 4401, 4454, 4464, 4469, 4515, 4528, 4530, 4532, 4536, 4594, 4611, 4632, 4668, 4671, 4727, 4733, 4743, 4750, 4753, 4765, 4772, 4787, 4798, 4870, 4902, 4949, 4952, 4956, 4961, 4994, 5004, 5048, 5086, 5090, 5130, 5153, 5170, 5189, 5203, 5206, 5232, 5244, 5277, 5282, 5298, 5300, 5312, 5314, 5339, 5348, 5353, 5357, 5372, 5394, 5428, 5436, 5446, 5483, 5543, 5571, 5576, 5614, 5654, 5668, 5700, 5706, 5731, 5754, 5764, 5773, 5775, 5790, 5815, 5822, 5852, 5872, 5882, 5903, 5936, 5951, 5961, 5972, 6052, 6073, 6075, 6082, 6089, 6091, 6139, 6143, 6154, 6157, 6198, 6229, 6268, 6298, 6313, 6318, 6320, 6333, 6338, 6369, 6387, 6423, 6441, 6447, 6463, 6500, 6517, 6556, 6593, 6680, 6685, 6700, 6722, 6725, 6756, 6786, 6793, 6825, 6827, 6839, 6844, 6860, 6876, 6902, 6920, 6925, 6938, 6965, 7004, 7010, 7035, 7050, 7059, 7078, 7091, 7136, 7178, 7213, 7226, 7285, 7291, 7304, 7320, 7344, 7404, 7419, 7459, 7461, 7463, 7513, 7517, 7529, 7538, 7561, 7596, 7614, 7621, 7647, 7661, 7717, 7734, 7753, 7763, 7782, 7790, 7818, 7829, 7856, 7866, 7880, 7885, 7887, 7898, 7910, 7922, 7932, 7942, 7944, 7955, 7964, 7992, 7994, 8007, 8054, 8062, 8066, 8070, 8129, 8135, 8148, 8188, 8234, 8243, 8245, 8258, 8261, 8276, 8288, 8335, 8365, 8368, 8377, 8444, 8450, 8481, 8483, 8494, 8496, 8509, 8548, 8557, 8601, 8609, 8631, 8683, 8697, 8699, 8723, 8749, 8761, 8782, 8796, 8804, 8814, 8857, 8859, 8861, 8865, 8873, 8885, 8893, 8916, 8922, 8931, 8953, 8966, 9066, 9068, 9100, 9152, 9160, 9175, 9177, 9197, 9285, 9294, 9314, 9337, 9345, 9375, 9471, 9489, 9492, 9512, 9567, 9571, 9574, 9580, 9637, 9640, 9643, 9647, 9694, 9736, 9753, 9782, 9826, 9859, 9865, 9871, 9901, 9927, 9934, 9972, 9985, 10006, 10016, 10018, 10065, 10088, 10142, 10152, 10167, 10173, 10203, 10256, 10272, 10305, 10309, 10311, 10321, 10328, 10452, 10477, 10504, 10528, 10539, 10547, 10553, 10568, 10571, 10580, 10582, 10595, 10598, 10604, 10621, 10643, 10687, 10700, 10715, 10719, 10823, 10826, 10829, 10853, 10883, 10917, 10941, 10943, 10969, 10973, 11053, 11061, 11084, 11129, 11132, 11134, 11136, 11142, 11163, 11201, 11207, 11214, 11260, 11295, 11299, 11329, 11347, 11349, 11409, 11422, 11429, 11447, 11459, 11500, 11504, 11564, 11572, 11582, 11619, 11679, 11694, 11710, 11725, 11760, 11773, 11788, 11794, 11832, 11936, 11941, 11967, 11969, 11979, 11999, 12005, 12126, 12144, 12147, 12157, 12305, 12319, 12334, 12336, 12351, 12410, 12418, 12459, 12463, 12476, 12487, 12495, 12508, 12526, 12592, 12631, 12683, 12706, 12710, 12779, 12784, 12792, 12798, 12802, 12815, 12857, 12873, 12890, 12903, 12916, 12933, 12935, 12953, 12959, 12969, 12971, 13054, 13132, 13149, 13244, 13301, 13317, 13422, 13433, 13507, 13539, 13561, 13584, 13589, 13610, 13656, 13659, 13668, 13671, 13683, 13686, 13688, 13698, 13707, 13753, 13835, 13848, 13853, 13881, 13897, 13942, 14009, 14031, 14035, 14040, 14086, 14100, 14136, 14147, 14165, 14172, 14196, 14223, 14315, 14350, 14355, 14421, 14423, 14458, 14478, 14502, 14573, 14583, 14586, 14593, 14606, 14667, 14677, 14680, 14733, 14775, 14786, 14788, 14806, 14853, 14855, 14916, 14935, 14981, 15021, 15046, 15069, 15088, 15090, 15103, 15111, 15144, 15155, 15165, 15249, 15251, 15298, 15303, 15317, 15359, 15378, 15385, 15408, 15469, 15553, 15568, 15638, 15646, 15654, 15657, 15683, 15749, 15775, 15783, 15786, 15797, 15830, 15839, 15854, 15879, 15890, 15900, 15936, 15977, 15990, 15994, 16009, 16026, 16049, 16065, 16096, 16130, 16134, 16157, 16179, 16181, 16191, 16199, 16219, 16237, 16247, 16255, 16306, 16310, 16317, 16344, 16348, 16365, 16377, 16382, 16394, 16406, 16412, 16414, 16420, 16437, 16499, 16519, 16550, 16575, 16579, 16587, 16621, 16626, 16680, 16714, 16739, 16759, 16792, 16812, 16837, 16840, 16877, 16921, 16942, 17005, 17029, 17035, 17071, 17094, 17116, 17126, 17135, 17158, 17175, 17179, 17200, 17255, 17287, 17368, 17440, 17447, 17480, 17486, 17528, 17609, 17648, 17662, 17677, 17760, 17765, 17773, 17821, 17824, 17844, 17858, 17865, 17948, 17956, 17958, 17986, 18015, 18022, 18030, 18044, 18050]","[5281, 7512, 9470, 9984, 10271, 11940, 12705]",18054,818,17236,0,818,17229,7
-4.0,HSDAO,"[11, 20, 22, 24, 50, 130, 132, 159, 237, 246, 254, 278, 284, 293, 325, 327, 348, 391, 414, 420, 432, 449, 460, 467, 487, 499, 501, 506, 518, 530, 538, 542, 570, 578, 589, 664, 681, 708, 724, 747, 749, 789, 854, 874, 896, 957, 961, 971, 983, 1018, 1036, 1081, 1112, 1120, 1127, 1150, 1155, 1178, 1204, 1218, 1264, 1268, 1286, 1330, 1334, 1343, 1346, 1382, 1438, 1459, 1500, 1512, 1527, 1553, 1566, 1568, 1582, 1592, 1598, 1602, 1636, 1640, 1648, 1655, 1666, 1672, 1677, 1683, 1700, 1711, 1713, 1726, 1739, 1741, 1743, 1752, 1756, 1773, 1856, 1860, 1911, 1933, 1947, 1963, 2022, 2047, 2107, 2119, 2140, 2153, 2184, 2198, 2230, 2274, 2277, 2287, 2346, 2352, 2403, 2425, 2514, 2552, 2561, 2583, 2587, 2595, 2748, 2776, 2810, 2835, 2837, 2855, 2870, 2878, 2882, 2886, 2915, 2922, 2942, 2954, 2970, 2975, 2990, 3042, 3054, 3057, 3059, 3072, 3085, 3090, 3092, 3143, 3148, 3157, 3161, 3183, 3202, 3219, 3237, 3304, 3317, 3341, 3345, 3363, 3374, 3450, 3485, 3487, 3491, 3516, 3591, 3598, 3610, 3618, 3634, 3679, 3685, 3728, 3752, 3758, 3801, 3812, 3878, 3886, 3954, 3965, 3975, 3988, 4052, 4064, 4090, 4110, 4112, 4123, 4157, 4180, 4203, 4244, 4247, 4291, 4302, 4323, 4329, 4338, 4361, 4411, 4424, 4431, 4434, 4436, 4445, 4448, 4456, 4466, 4468, 4506, 4530, 4573, 4575, 4585, 4624, 4752, 4816, 4845, 4878, 4950, 4952, 4986, 5003, 5035, 5061, 5063, 5093, 5100, 5108, 5122, 5136, 5149, 5154, 5167, 5187, 5195, 5202, 5240, 5255, 5261, 5297, 5348, 5415, 5428, 5430, 5452, 5475, 5517, 5553, 5562, 5564, 5567, 5579, 5612, 5628, 5634, 5637, 5640, 5745, 5763, 5805, 5862, 5871, 5904, 5910, 5922, 5930, 5966, 5976, 5997, 6008, 6084, 6129, 6166, 6201, 6207, 6228, 6276, 6309, 6396, 6408, 6420, 6427, 6452, 6514, 6517, 6524, 6552, 6575, 6577, 6579, 6593, 6606, 6615, 6633, 6635, 6644, 6661, 6685, 6697, 6706, 6712, 6732, 6734, 6737, 6742, 6759, 6761, 6798, 6870, 6912, 6981, 6984, 7029, 7042, 7049, 7056, 7059, 7080, 7093, 7099, 7119, 7220, 7223, 7249, 7300, 7385, 7432, 7462, 7466, 7479, 7481, 7483, 7485, 7487, 7491, 7493, 7497, 7501, 7503, 7507, 7509, 7518, 7525, 7531, 7549, 7553, 7555, 7563, 7565, 7567, 7595, 7601, 7620, 7633, 7635, 7657, 7677, 7713, 7728, 7732, 7737, 7739, 7741, 7751, 7753, 7767, 7788, 7816, 7829, 7872, 7904, 7951, 7964, 8004, 8029, 8058, 8141, 8147, 8163, 8175, 8191, 8222, 8230, 8238, 8269, 8277, 8303, 8330, 8348, 8355, 8390, 8411, 8420, 8422, 8428, 8438, 8497, 8503, 8538, 8627, 8629, 8632, 8640, 8650, 8661, 8663, 8669, 8702, 8706, 8720, 8734, 8763, 8811, 8870, 8881, 8894, 8902, 8911, 8920, 8966, 8969, 8980, 9014, 9024, 9041, 9098, 9124, 9131, 9143, 9153, 9155, 9166, 9174, 9228, 9264, 9274, 9277, 9281, 9312, 9329, 9338, 9344, 9407, 9473, 9479, 9481, 9509, 9584, 9586, 9600, 9612, 9675, 9677, 9708, 9710, 9712, 9733, 9751, 9787, 9803, 9840, 9857, 9867]",[],"[11, 20, 22, 24, 50, 130, 132, 159, 237, 246, 254, 278, 284, 293, 325, 327, 348, 391, 414, 420, 432, 449, 460, 467, 487, 499, 501, 506, 518, 530, 538, 542, 570, 578, 589, 664, 681, 708, 724, 747, 749, 789, 854, 874, 896, 957, 961, 971, 983, 1018, 1036, 1081, 1112, 1120, 1127, 1150, 1155, 1178, 1204, 1218, 1264, 1268, 1286, 1330, 1334, 1343, 1346, 1382, 1438, 1459, 1500, 1512, 1527, 1553, 1566, 1568, 1582, 1592, 1598, 1602, 1636, 1640, 1648, 1655, 1666, 1672, 1677, 1683, 1700, 1711, 1713, 1726, 1739, 1741, 1743, 1752, 1756, 1773, 1856, 1860, 1911, 1933, 1947, 1963, 2022, 2047, 2107, 2119, 2140, 2153, 2184, 2198, 2230, 2274, 2277, 2287, 2346, 2352, 2403, 2425, 2514, 2552, 2561, 2583, 2587, 2595, 2748, 2776, 2810, 2835, 2837, 2855, 2870, 2878, 2882, 2886, 2915, 2922, 2942, 2954, 2970, 2975, 2990, 3042, 3054, 3057, 3059, 3072, 3085, 3090, 3092, 3143, 3148, 3157, 3161, 3183, 3202, 3219, 3237, 3304, 3317, 3341, 3345, 3363, 3374, 3450, 3485, 3487, 3491, 3516, 3591, 3598, 3610, 3618, 3634, 3679, 3685, 3728, 3752, 3758, 3801, 3812, 3878, 3886, 3954, 3965, 3975, 3988, 4052, 4064, 4090, 4110, 4112, 4123, 4157, 4180, 4203, 4244, 4247, 4291, 4302, 4323, 4329, 4338, 4361, 4411, 4424, 4431, 4434, 4436, 4445, 4448, 4456, 4466, 4468, 4506, 4530, 4573, 4575, 4585, 4624, 4752, 4816, 4845, 4878, 4950, 4952, 4986, 5003, 5035, 5061, 5063, 5093, 5100, 5108, 5122, 5136, 5149, 5154, 5167, 5187, 5195, 5202, 5240, 5255, 5261, 5297, 5348, 5415, 5428, 5430, 5452, 5475, 5517, 5553, 5562, 5564, 5567, 5579, 5612, 5628, 5634, 5637, 5640, 5745, 5763, 5805, 5862, 5871, 5904, 5910, 5922, 5930, 5966, 5976, 5997, 6008, 6084, 6129, 6166, 6201, 6207, 6228, 6276, 6309, 6396, 6408, 6420, 6427, 6452, 6514, 6517, 6524, 6552, 6575, 6577, 6579, 6593, 6606, 6615, 6633, 6635, 6644, 6661, 6685, 6697, 6706, 6712, 6732, 6734, 6737, 6742, 6759, 6761, 6798, 6870, 6912, 6981, 6984, 7029, 7042, 7049, 7056, 7059, 7080, 7093, 7099, 7119, 7220, 7223, 7249, 7300, 7385, 7432, 7462, 7466, 7479, 7481, 7483, 7485, 7487, 7491, 7493, 7497, 7501, 7503, 7507, 7509, 7518, 7525, 7531, 7549, 7553, 7555, 7563, 7565, 7567, 7595, 7601, 7620, 7633, 7635, 7657, 7677, 7713, 7728, 7732, 7737, 7739, 7741, 7751, 7753, 7767, 7788, 7816, 7829, 7872, 7904, 7951, 7964, 8004, 8029, 8058, 8141, 8147, 8163, 8175, 8191, 8222, 8230, 8238, 8269, 8277, 8303, 8330, 8348, 8355, 8390, 8411, 8420, 8422, 8428, 8438, 8497, 8503, 8538, 8627, 8629, 8632, 8640, 8650, 8661, 8663, 8669, 8702, 8706, 8720, 8734, 8763, 8811, 8870, 8881, 8894, 8902, 8911, 8920, 8966, 8969, 8980, 9014, 9024, 9041, 9098, 9124, 9131, 9143, 9153, 9155, 9166, 9174, 9228, 9264, 9274, 9277, 9281, 9312, 9329, 9338, 9344, 9407, 9473, 9479, 9481, 9509, 9584, 9586, 9600, 9612, 9675, 9677, 9708, 9710, 9712, 9733, 9751, 9787, 9803, 9840, 9857, 9867]","[6426, 7431, 9013]",9896,470,9426,0,470,9423,3
-4.0,HSERPG,"[61, 94, 96, 135, 144, 213, 228, 254, 278, 385, 432, 517, 564, 566, 569, 586, 622, 629, 633, 666, 672, 712, 720, 739, 766, 782, 804, 832, 846, 854, 869, 878, 886, 892, 964, 981, 995, 1005, 1016, 1021, 1023, 1071, 1082, 1116, 1134, 1188, 1198, 1211, 1223, 1232, 1254, 1282, 1293, 1304, 1341, 1426, 1433, 1438, 1476, 1481, 1540, 1584, 1586, 1604, 1639, 1654, 1684, 1688, 1775, 1822, 1876, 1901, 1939, 1944, 1949, 1952, 1959, 1962, 2027, 2034, 2062, 2070, 2080, 2120, 2131, 2187, 2206, 2220, 2254, 2280, 2291, 2295, 2310, 2316, 2339, 2349, 2369, 2373, 2390, 2412, 2424, 2428, 2475, 2479, 2510, 2527, 2540, 2551, 2555, 2572, 2593, 2693, 2728, 2769, 2771, 2816, 2849, 2879, 2896, 2931, 2961, 3108, 3153, 3163, 3176, 3202, 3228, 3231, 3279, 3290, 3292, 3350, 3382]",[],"[61, 94, 96, 135, 144, 213, 228, 254, 278, 385, 432, 517, 564, 566, 569, 586, 622, 629, 633, 666, 672, 712, 720, 739, 766, 782, 804, 832, 846, 854, 869, 878, 886, 892, 964, 981, 995, 1005, 1016, 1021, 1023, 1071, 1082, 1116, 1134, 1188, 1198, 1211, 1223, 1232, 1254, 1282, 1293, 1304, 1341, 1426, 1433, 1438, 1476, 1481, 1540, 1584, 1586, 1604, 1639, 1654, 1684, 1688, 1775, 1822, 1876, 1901, 1939, 1944, 1949, 1952, 1959, 1962, 2027, 2034, 2062, 2070, 2080, 2120, 2131, 2187, 2206, 2220, 2254, 2280, 2291, 2295, 2310, 2316, 2339, 2349, 2369, 2373, 2390, 2412, 2424, 2428, 2475, 2479, 2510, 2527, 2540, 2551, 2555, 2572, 2593, 2693, 2728, 2769, 2771, 2816, 2849, 2879, 2896, 2931, 2961, 3108, 3153, 3163, 3176, 3202, 3228, 3231, 3279, 3290, 3292, 3350, 3382]","[628, 1340, 1683, 2474]",3391,133,3258,0,133,3254,4
-4.0,HSFAU1,"[29, 44, 81, 104, 180, 206, 224, 239, 274, 286, 291, 301, 328, 336, 344, 376, 400, 411, 416, 433, 437, 485, 500, 506, 541, 548, 560, 601, 615, 656, 680, 689, 758, 774, 795, 825, 843, 858, 871, 882, 895, 948, 958, 994, 997, 1044, 1051, 1075, 1097, 1101, 1114, 1124, 1130, 1136, 1141, 1145, 1147, 1152, 1173, 1175, 1187, 1195, 1207, 1214, 1221, 1233, 1248, 1261, 1283, 1285, 1291, 1299, 1318, 1323, 1350, 1368, 1422, 1441, 1499, 1509, 1536, 1558, 1563, 1570, 1582, 1593, 1600, 1614, 1618, 1624, 1630, 1633, 1639, 1641, 1675, 1694, 1742, 1744, 1788, 1822, 1844, 1860, 1866, 1869, 1914, 1921, 1956, 1961, 1972, 2005, 2007]",[],"[29, 44, 81, 104, 180, 206, 224, 239, 274, 286, 291, 301, 328, 336, 344, 376, 400, 411, 416, 433, 437, 485, 500, 506, 541, 548, 560, 601, 615, 656, 680, 689, 758, 774, 795, 825, 843, 858, 871, 882, 895, 948, 958, 994, 997, 1044, 1051, 1075, 1097, 1101, 1114, 1124, 1130, 1136, 1141, 1145, 1147, 1152, 1173, 1175, 1187, 1195, 1207, 1214, 1221, 1233, 1248, 1261, 1283, 1285, 1291, 1299, 1318, 1323, 1350, 1368, 1422, 1441, 1499, 1509, 1536, 1558, 1563, 1570, 1582, 1593, 1600, 1614, 1618, 1624, 1630, 1633, 1639, 1641, 1675, 1694, 1742, 1744, 1788, 1822, 1844, 1860, 1866, 1869, 1914, 1921, 1956, 1961, 1972, 2005, 2007]","[857, 1096, 1613]",2009,111,1898,0,111,1895,3
-4.0,HSFESFPS,"[9, 14, 35, 56, 70, 96, 191, 193, 281, 287, 293, 345, 354, 363, 458, 475, 479, 489, 508, 514, 544, 583, 609, 615, 664, 702, 721, 723, 729, 736, 739, 743, 772, 782, 792, 833, 857, 871, 873, 903, 910, 928, 935, 943, 956, 998, 1035, 1057, 1088, 1110, 1126, 1133, 1143, 1167, 1181, 1223, 1228, 1232, 1249, 1253, 1261, 1303, 1342, 1369, 1374, 1523, 1554, 1579, 1588, 1612, 1615, 1649, 1651, 1655, 1692, 1718, 1747, 1758, 1771, 1780, 1782, 1792, 1799, 1804, 1828, 1845, 1862, 1871, 1890, 1894, 1898, 1965, 1981, 1986, 2000, 2023, 2034, 2036, 2066, 2079, 2081, 2087, 2119, 2160, 2211, 2230, 2259, 2270, 2274, 2291, 2296, 2302, 2377, 2395, 2416, 2486, 2528, 2535, 2543, 2549, 2555, 2581, 2626, 2636, 2638, 2653, 2696, 2700, 2715, 2718, 2725, 2728, 2753, 2757, 2791, 2814, 2822, 2962, 2985, 3004, 3024, 3028, 3066, 3076, 3084, 3095, 3121, 3162, 3181, 3185, 3196, 3227, 3236, 3298, 3337, 3353, 3436, 3447, 3521, 3537, 3561, 3594, 3610, 3627, 3629, 3633, 3638, 3646, 3689, 3727, 3733, 3745, 3770, 3798, 3806, 3874, 3882, 3909, 3912, 3924, 3940, 3968, 3983, 3993, 4009, 4028, 4057, 4065, 4075, 4092, 4098, 4123, 4128, 4167, 4173, 4199, 4244, 4253, 4264, 4274, 4287, 4336, 4382, 4408, 4511, 4523, 4533, 4538, 4548, 4557, 4581, 4588, 4601, 4608, 4648, 4654, 4664, 4676, 4689, 4710, 4764, 4767, 4791, 4796, 4867, 4875, 4895, 4920, 4935, 4946, 4956, 4969, 5012, 5014, 5018, 5029, 5039, 5074, 5076, 5117, 5136, 5155, 5166, 5196, 5255, 5308, 5320, 5323, 5379, 5400, 5406, 5415, 5450, 5468, 5479, 5492, 5502, 5504, 5509, 5518, 5535, 5579, 5588, 5599, 5603, 5606, 5651, 5653, 5659, 5673, 5676, 5685, 5699, 5707, 5750, 5772, 5796, 5812, 5830, 5845, 5847, 5866, 5925, 5929, 6055, 6079, 6109, 6117, 6150, 6199, 6231, 6234, 6241, 6344, 6348, 6439, 6446, 6450, 6476, 6479, 6481, 6488, 6504, 6536, 6546, 6580, 6599, 6625, 6627, 6683, 6694, 6722, 6729, 6768, 6782, 6806, 6833, 6836, 6903, 6906, 6911, 6971, 6997, 7000, 7028, 7043, 7064, 7090, 7094, 7099, 7103, 7108, 7116, 7141, 7151, 7155, 7231, 7238, 7249, 7303, 7329, 7331, 7335, 7346, 7361, 7366, 7394, 7409, 7497, 7517, 7603, 7606, 7608, 7611, 7626, 7635, 7668, 7685, 7687, 7691, 7707, 7738, 7758, 7762, 7790, 7799, 7826, 7837, 7841, 7852, 7875, 7878, 7887, 7889, 7900, 7903, 7915, 7998, 8021, 8025, 8046, 8048, 8053, 8070, 8074, 8096, 8117, 8179, 8235, 8321, 8323, 8344, 8350, 8368, 8381, 8387, 8425, 8444, 8463, 8500, 8511, 8525, 8547, 8554, 8583, 8599, 8638, 8641, 8657, 8679, 8681, 8715, 8721, 8726, 8731, 8765, 8783, 8787, 8811, 8828, 8846, 8848, 8853, 8866, 8869, 8872, 8874, 8902, 8905, 8928, 8944, 8951, 8957, 9029, 9046, 9069, 9088, 9092, 9101, 9103, 9133, 9145, 9152, 9177, 9194, 9199, 9231, 9295, 9316, 9342, 9357, 9372, 9376, 9383, 9417, 9425, 9482, 9492, 9495, 9505, 9548, 9550, 9576, 9600, 9636, 9651, 9664, 9677, 9699, 9729, 9735, 9740, 9769, 9782, 9819, 9854, 9916, 9918, 10002, 10006, 10016, 10027, 10136, 10149, 10180, 10201, 10226, 10240, 10271, 10284, 10315, 10326, 10329, 10336, 10361, 10406, 10413, 10419, 10446, 10484, 10497, 10528, 10582, 10584, 10587, 10600, 10627, 10653, 10659, 10665, 10700, 10753, 10766, 10797, 10810, 10818, 10852, 10883, 10885, 10888, 10891, 10901, 10954, 10960, 10966, 10997, 11001, 11055, 11069, 11080, 11084, 11091, 11098, 11124, 11126, 11129, 11143, 11194, 11197, 11244, 11254, 11271, 11301, 11313, 11350, 11352, 11357, 11379, 11398, 11400, 11411, 11413, 11431, 11512, 11540, 11559, 11606, 11656, 11658, 11667, 11669, 11722, 11746, 11767, 11783, 11789, 11794, 11823, 11853, 11866, 11927, 11929, 11981, 11986, 11996, 12019, 12021, 12025, 12035, 12037, 12040, 12043, 12053, 12063, 12084, 12102, 12183, 12186, 12226, 12252]",[],"[9, 14, 35, 56, 70, 96, 191, 193, 281, 287, 293, 345, 354, 363, 458, 475, 479, 489, 508, 514, 544, 583, 609, 615, 664, 702, 721, 723, 729, 736, 739, 743, 772, 782, 792, 833, 857, 871, 873, 903, 910, 928, 935, 943, 956, 998, 1035, 1057, 1088, 1110, 1126, 1133, 1143, 1167, 1181, 1223, 1228, 1232, 1249, 1253, 1261, 1303, 1342, 1369, 1374, 1523, 1554, 1579, 1588, 1612, 1615, 1649, 1651, 1655, 1692, 1718, 1747, 1758, 1771, 1780, 1782, 1792, 1799, 1804, 1828, 1845, 1862, 1871, 1890, 1894, 1898, 1965, 1981, 1986, 2000, 2023, 2034, 2036, 2066, 2079, 2081, 2087, 2119, 2160, 2211, 2230, 2259, 2270, 2274, 2291, 2296, 2302, 2377, 2395, 2416, 2486, 2528, 2535, 2543, 2549, 2555, 2581, 2626, 2636, 2638, 2653, 2696, 2700, 2715, 2718, 2725, 2728, 2753, 2757, 2791, 2814, 2822, 2962, 2985, 3004, 3024, 3028, 3066, 3076, 3084, 3095, 3121, 3162, 3181, 3185, 3196, 3227, 3236, 3298, 3337, 3353, 3436, 3447, 3521, 3537, 3561, 3594, 3610, 3627, 3629, 3633, 3638, 3646, 3689, 3727, 3733, 3745, 3770, 3798, 3806, 3874, 3882, 3909, 3912, 3924, 3940, 3968, 3983, 3993, 4009, 4028, 4057, 4065, 4075, 4092, 4098, 4123, 4128, 4167, 4173, 4199, 4244, 4253, 4264, 4274, 4287, 4336, 4382, 4408, 4511, 4523, 4533, 4538, 4548, 4557, 4581, 4588, 4601, 4608, 4648, 4654, 4664, 4676, 4689, 4710, 4764, 4767, 4791, 4796, 4867, 4875, 4895, 4920, 4935, 4946, 4956, 4969, 5012, 5014, 5018, 5029, 5039, 5074, 5076, 5117, 5136, 5155, 5166, 5196, 5255, 5308, 5320, 5323, 5379, 5400, 5406, 5415, 5450, 5468, 5479, 5492, 5502, 5504, 5509, 5518, 5535, 5579, 5588, 5599, 5603, 5606, 5651, 5653, 5659, 5673, 5676, 5685, 5699, 5707, 5750, 5772, 5796, 5812, 5830, 5845, 5847, 5866, 5925, 5929, 6055, 6079, 6109, 6117, 6150, 6199, 6231, 6234, 6241, 6344, 6348, 6439, 6446, 6450, 6476, 6479, 6481, 6488, 6504, 6536, 6546, 6580, 6599, 6625, 6627, 6683, 6694, 6722, 6729, 6768, 6782, 6806, 6833, 6836, 6903, 6906, 6911, 6971, 6997, 7000, 7028, 7043, 7064, 7090, 7094, 7099, 7103, 7108, 7116, 7141, 7151, 7155, 7231, 7238, 7249, 7303, 7329, 7331, 7335, 7346, 7361, 7366, 7394, 7409, 7497, 7517, 7603, 7606, 7608, 7611, 7626, 7635, 7668, 7685, 7687, 7691, 7707, 7738, 7758, 7762, 7790, 7799, 7826, 7837, 7841, 7852, 7875, 7878, 7887, 7889, 7900, 7903, 7915, 7998, 8021, 8025, 8046, 8048, 8053, 8070, 8074, 8096, 8117, 8179, 8235, 8321, 8323, 8344, 8350, 8368, 8381, 8387, 8425, 8444, 8463, 8500, 8511, 8525, 8547, 8554, 8583, 8599, 8638, 8641, 8657, 8679, 8681, 8715, 8721, 8726, 8731, 8765, 8783, 8787, 8811, 8828, 8846, 8848, 8853, 8866, 8869, 8872, 8874, 8902, 8905, 8928, 8944, 8951, 8957, 9029, 9046, 9069, 9088, 9092, 9101, 9103, 9133, 9145, 9152, 9177, 9194, 9199, 9231, 9295, 9316, 9342, 9357, 9372, 9376, 9383, 9417, 9425, 9482, 9492, 9495, 9505, 9548, 9550, 9576, 9600, 9636, 9651, 9664, 9677, 9699, 9729, 9735, 9740, 9769, 9782, 9819, 9854, 9916, 9918, 10002, 10006, 10016, 10027, 10136, 10149, 10180, 10201, 10226, 10240, 10271, 10284, 10315, 10326, 10329, 10336, 10361, 10406, 10413, 10419, 10446, 10484, 10497, 10528, 10582, 10584, 10587, 10600, 10627, 10653, 10659, 10665, 10700, 10753, 10766, 10797, 10810, 10818, 10852, 10883, 10885, 10888, 10891, 10901, 10954, 10960, 10966, 10997, 11001, 11055, 11069, 11080, 11084, 11091, 11098, 11124, 11126, 11129, 11143, 11194, 11197, 11244, 11254, 11271, 11301, 11313, 11350, 11352, 11357, 11379, 11398, 11400, 11411, 11413, 11431, 11512, 11540, 11559, 11606, 11656, 11658, 11667, 11669, 11722, 11746, 11767, 11783, 11789, 11794, 11823, 11853, 11866, 11927, 11929, 11981, 11986, 11996, 12019, 12021, 12025, 12035, 12037, 12040, 12043, 12053, 12063, 12084, 12102, 12183, 12186, 12226, 12252]","[1227, 1553, 3023, 3336, 5405, 5598, 5924, 6240, 6445, 7150, 7634, 8069, 8782, 9151, 9371, 9768, 10015]",12256,590,11666,0,590,11649,17
-4.0,HSGCSFG,"[17, 39, 47, 52, 83, 105, 126, 182, 201, 235, 252, 255, 265, 291, 296, 405, 409, 411, 462, 464, 488, 517, 519, 538, 541, 555, 573, 597, 605, 619, 678, 691, 736, 740, 745, 749, 760, 775, 849, 895, 904, 932, 971, 984, 990, 1052, 1095, 1122, 1124, 1140, 1159, 1231, 1235, 1237, 1302, 1310, 1331, 1366, 1455, 1460, 1489, 1522, 1531, 1541, 1550, 1553, 1585, 1587, 1598, 1607, 1632, 1729, 1776, 1782, 1812, 1814, 1817, 1824, 1872, 1897, 1955, 1957, 1977, 1994, 2000, 2016, 2041, 2049, 2060, 2122, 2133, 2142, 2165, 2172, 2181, 2201, 2220, 2222, 2235, 2297, 2320, 2350, 2376, 2405, 2429, 2431, 2438, 2448, 2482, 2491, 2515, 2554, 2582, 2591, 2593, 2595, 2613, 2646, 2648, 2660, 2668, 2692, 2694, 2705, 2710, 2728, 2737, 2760, 2771, 2791, 2803, 2816, 2836, 2844, 2848, 2864, 2895, 2913]",[],"[17, 39, 47, 52, 83, 105, 126, 182, 201, 235, 252, 255, 265, 291, 296, 405, 409, 411, 462, 464, 488, 517, 519, 538, 541, 555, 573, 597, 605, 619, 678, 691, 736, 740, 745, 749, 760, 775, 849, 895, 904, 932, 971, 984, 990, 1052, 1095, 1122, 1124, 1140, 1159, 1231, 1235, 1237, 1302, 1310, 1331, 1366, 1455, 1460, 1489, 1522, 1531, 1541, 1550, 1553, 1585, 1587, 1598, 1607, 1632, 1729, 1776, 1782, 1812, 1814, 1817, 1824, 1872, 1897, 1955, 1957, 1977, 1994, 2000, 2016, 2041, 2049, 2060, 2122, 2133, 2142, 2165, 2172, 2181, 2201, 2220, 2222, 2235, 2297, 2320, 2350, 2376, 2405, 2429, 2431, 2438, 2448, 2482, 2491, 2515, 2554, 2582, 2591, 2593, 2595, 2613, 2646, 2648, 2660, 2668, 2692, 2694, 2705, 2710, 2728, 2737, 2760, 2771, 2791, 2803, 2816, 2836, 2844, 2848, 2864, 2895, 2913]","[404, 744, 1230, 1521]",2953,138,2815,0,138,2811,4
-4.0,HSGEBCMA,"[22, 54, 59, 86, 105, 117, 142, 150, 167, 203, 209, 218, 244, 290, 293, 309, 335, 359, 366, 413, 441, 450, 461, 472, 480, 498, 524, 528, 548, 560, 587, 593, 599, 608, 612, 640, 642, 654, 701, 705, 741, 752, 767, 849, 869, 875, 889, 971, 984, 989, 1006, 1037, 1051, 1058, 1083, 1093, 1129, 1138, 1142, 1180, 1195, 1201, 1207, 1261, 1295, 1299, 1310, 1328, 1335, 1350, 1352, 1364, 1395, 1427, 1433, 1441, 1483, 1497, 1501, 1509, 1546, 1550, 1556, 1576, 1593, 1611, 1613, 1624, 1643, 1649, 1698, 1702, 1725, 1744, 1771, 1786, 1832, 1842, 1911, 1936, 1954, 2017, 2034, 2045, 2107, 2129, 2176, 2186, 2202, 2207, 2212, 2246, 2278, 2293, 2297, 2322, 2332, 2343, 2353, 2366, 2387, 2414, 2431, 2481, 2493, 2495, 2499, 2513, 2516, 2529, 2539, 2563, 2588, 2638, 2646, 2648, 2680, 2685, 2691, 2696, 2701, 2722, 2767, 2798, 2805, 2821, 2850, 2907, 2956, 2990, 3015, 3036, 3051, 3053, 3075, 3085, 3115, 3130, 3149, 3155, 3170, 3185, 3199, 3223, 3235, 3239, 3257, 3265, 3267, 3274, 3280, 3293, 3337, 3353, 3365, 3410, 3442, 3452, 3487, 3490, 3500, 3553, 3559, 3608, 3618, 3651, 3701, 3704, 3717, 3736, 3741, 3753, 3756, 3762, 3774, 3783]",[],"[22, 54, 59, 86, 105, 117, 142, 150, 167, 203, 209, 218, 244, 290, 293, 309, 335, 359, 366, 413, 441, 450, 461, 472, 480, 498, 524, 528, 548, 560, 587, 593, 599, 608, 612, 640, 642, 654, 701, 705, 741, 752, 767, 849, 869, 875, 889, 971, 984, 989, 1006, 1037, 1051, 1058, 1083, 1093, 1129, 1138, 1142, 1180, 1195, 1201, 1207, 1261, 1295, 1299, 1310, 1328, 1335, 1350, 1352, 1364, 1395, 1427, 1433, 1441, 1483, 1497, 1501, 1509, 1546, 1550, 1556, 1576, 1593, 1611, 1613, 1624, 1643, 1649, 1698, 1702, 1725, 1744, 1771, 1786, 1832, 1842, 1911, 1936, 1954, 2017, 2034, 2045, 2107, 2129, 2176, 2186, 2202, 2207, 2212, 2246, 2278, 2293, 2297, 2322, 2332, 2343, 2353, 2366, 2387, 2414, 2431, 2481, 2493, 2495, 2499, 2513, 2516, 2529, 2539, 2563, 2588, 2638, 2646, 2648, 2680, 2685, 2691, 2696, 2701, 2722, 2767, 2798, 2805, 2821, 2850, 2907, 2956, 2990, 3015, 3036, 3051, 3053, 3075, 3085, 3115, 3130, 3149, 3155, 3170, 3185, 3199, 3223, 3235, 3239, 3257, 3265, 3267, 3274, 3280, 3293, 3337, 3353, 3365, 3410, 3442, 3452, 3487, 3490, 3500, 3553, 3559, 3608, 3618, 3651, 3701, 3704, 3717, 3736, 3741, 3753, 3756, 3762, 3774, 3783]","[607, 1496]",3720,196,3524,0,196,3522,2
-4.0,HSGGL2,"[51, 75, 115, 155, 165, 171, 203, 213, 246, 259, 265, 282, 298, 306, 312, 332, 335, 355, 379, 413, 434, 501, 513, 527, 548, 552, 563, 574, 584, 609, 631, 633, 640, 656, 663, 701, 709, 726, 774, 813, 845, 852, 883, 888, 891, 928, 934, 947, 1056, 1060, 1068, 1098, 1111, 1120, 1122, 1124, 1126, 1128, 1130, 1132, 1134, 1136, 1138, 1140, 1142, 1144, 1150, 1152, 1154, 1166, 1189, 1196, 1231, 1238, 1301, 1323, 1334, 1336, 1338, 1341, 1381, 1394, 1426, 1432, 1438, 1477, 1501, 1510, 1517, 1524]",[],"[51, 75, 115, 155, 165, 171, 203, 213, 246, 259, 265, 282, 298, 306, 312, 332, 335, 355, 379, 413, 434, 501, 513, 527, 548, 552, 563, 574, 584, 609, 631, 633, 640, 656, 663, 701, 709, 726, 774, 813, 845, 852, 883, 888, 891, 928, 934, 947, 1056, 1060, 1068, 1098, 1111, 1120, 1122, 1124, 1126, 1128, 1130, 1132, 1134, 1136, 1138, 1140, 1142, 1144, 1150, 1152, 1154, 1166, 1189, 1196, 1231, 1238, 1301, 1323, 1334, 1336, 1338, 1341, 1381, 1394, 1426, 1432, 1438, 1477, 1501, 1510, 1517, 1524]","[202, 547]",1621,90,1531,0,90,1529,2
-4.0,HSGLA,"[9, 23, 41, 76, 95, 99, 110, 112, 122, 124, 126, 150, 163, 171, 174, 182, 185, 194, 196, 221, 235, 251, 258, 261, 303, 308, 328, 351, 404, 415, 456, 462, 482, 485, 495, 510, 522, 571, 580, 715, 738, 745, 780, 822, 853, 861, 869, 881, 886, 897, 902, 938, 956, 973, 996, 1003, 1014, 1021, 1035, 1055, 1061, 1081, 1096, 1103, 1110, 1123, 1142, 1164, 1169, 1175, 1244, 1333, 1375, 1389, 1415, 1417, 1423, 1425, 1427, 1444, 1459, 1522, 1555, 1557, 1578, 1596, 1623, 1681, 1729, 1731, 1740, 1753, 1773, 1799, 1808, 1823, 1827, 1853, 1876, 1879, 1894, 1907, 1924, 1957, 1975, 2012, 2018, 2038, 2073, 2132, 2149, 2153, 2179, 2226, 2245, 2271, 2273, 2326, 2340, 2360, 2364, 2371, 2377, 2383, 2393, 2395, 2403, 2433, 2441, 2445, 2473, 2477, 2484, 2492, 2495, 2500, 2504, 2506, 2542, 2589, 2633, 2658, 2666, 2688, 2752, 2758, 2763, 2793, 2818, 2831, 2841, 2881, 2891, 2906, 2911, 2936, 2949, 2981, 3044, 3055, 3065, 3075, 3078, 3097, 3124, 3130, 3132, 3142, 3174, 3184, 3193, 3199, 3204, 3223, 3243, 3252, 3260, 3263, 3266, 3275, 3318, 3327, 3337, 3347, 3360, 3381, 3408, 3423, 3425, 3461, 3484, 3487, 3498, 3500, 3504, 3518, 3534, 3563, 3577, 3603, 3611, 3622, 3630, 3672, 3710, 3718, 3754, 3772, 3774, 3797, 3854, 3865, 3880, 3887, 3899, 3924, 3956, 3999, 4008, 4019, 4029, 4033, 4042, 4063, 4095, 4107, 4144, 4150, 4154, 4166, 4177, 4182, 4185, 4192, 4225, 4237, 4257, 4268, 4289, 4323, 4371, 4398, 4430, 4436, 4470, 4532, 4547, 4559, 4609, 4695, 4725, 4728, 4733, 4736, 4742, 4776, 4786, 4795, 4804, 4807, 4827, 4884, 4891, 4972, 4997, 5010, 5023, 5041, 5049, 5051, 5067, 5094, 5129, 5154, 5161, 5181, 5270, 5274, 5287, 5293, 5309, 5321, 5333, 5360, 5363, 5375, 5406, 5420, 5427, 5452, 5475, 5498, 5501, 5511, 5564, 5570, 5576, 5684, 5699, 5718, 5732, 5789, 5799, 5819, 5822, 5858, 5890, 5925, 5936, 5945, 5956, 5966, 5979, 5998, 6025, 6069, 6074, 6101, 6152, 6165, 6167, 6173, 6209, 6275, 6286, 6324, 6334, 6349, 6354, 6394, 6400, 6426, 6471, 6480, 6491, 6514, 6533, 6560, 6618, 6629, 6646, 6673, 6707, 6711, 6741, 6768, 6785, 6819, 6825, 6855, 6885, 6891, 6896, 6921, 6932, 6937, 6947, 6953, 6959, 6984, 7038, 7064, 7103, 7137, 7141, 7165, 7170, 7178, 7201, 7228, 7242, 7270, 7309, 7343, 7390, 7412, 7415, 7421, 7427, 7448, 7453, 7501, 7544, 7574, 7603, 7629, 7664, 7694, 7702, 7708, 7736, 7742, 7745, 7753, 7838, 7847, 7882, 7916, 7968, 7999, 8013, 8020, 8045, 8062, 8090, 8103, 8138, 8162, 8168, 8308, 8322, 8335, 8369, 8371, 8379, 8383, 8398, 8414, 8422, 8446, 8484, 8496, 8503, 8535, 8566, 8599, 8608, 8610, 8636, 8641, 8652, 8664, 8792, 8828, 8844, 8854, 8893, 8911, 8921, 9010, 9019, 9046, 9057, 9125, 9171, 9201, 9233, 9261, 9298, 9304, 9312, 9320, 9334, 9336, 9340, 9362, 9376, 9392, 9397, 9399, 9407, 9457, 9526, 9534, 9549, 9554, 9593, 9624, 9642, 9669, 9678, 9687, 9697, 9710, 9758, 9785, 9841, 9862, 9869, 9907, 9922, 9947, 9982, 10001, 10023, 10032, 10055, 10071, 10090, 10094, 10101, 10113, 10122, 10155, 10205, 10214, 10252, 10258, 10274, 10294, 10315, 10330, 10338, 10360, 10370, 10375, 10396, 10402, 10421, 10428, 10431, 10445, 10454, 10468, 10483, 10510, 10514, 10550, 10597, 10655, 10693, 10709, 10719, 10761, 10800, 10810, 10886, 10896, 10945, 10970, 10994, 10996, 11030, 11058, 11084, 11097, 11105, 11112, 11147, 11164, 11185, 11193, 11216, 11248, 11273, 11302, 11343, 11356, 11401, 11433, 11473, 11475, 11478, 11489, 11492, 11541, 11547, 11632, 11690, 11722, 11732, 11762, 11767, 11780, 11833, 11841, 11846, 11914, 11944, 11976, 12007, 12035, 12037, 12083, 12097, 12113, 12115, 12126, 12152, 12169, 12201, 12245, 12258, 12323, 12333, 12336, 12359, 12403, 12418]",[],"[9, 23, 41, 76, 95, 99, 110, 112, 122, 124, 126, 150, 163, 171, 174, 182, 185, 194, 196, 221, 235, 251, 258, 261, 303, 308, 328, 351, 404, 415, 456, 462, 482, 485, 495, 510, 522, 571, 580, 715, 738, 745, 780, 822, 853, 861, 869, 881, 886, 897, 902, 938, 956, 973, 996, 1003, 1014, 1021, 1035, 1055, 1061, 1081, 1096, 1103, 1110, 1123, 1142, 1164, 1169, 1175, 1244, 1333, 1375, 1389, 1415, 1417, 1423, 1425, 1427, 1444, 1459, 1522, 1555, 1557, 1578, 1596, 1623, 1681, 1729, 1731, 1740, 1753, 1773, 1799, 1808, 1823, 1827, 1853, 1876, 1879, 1894, 1907, 1924, 1957, 1975, 2012, 2018, 2038, 2073, 2132, 2149, 2153, 2179, 2226, 2245, 2271, 2273, 2326, 2340, 2360, 2364, 2371, 2377, 2383, 2393, 2395, 2403, 2433, 2441, 2445, 2473, 2477, 2484, 2492, 2495, 2500, 2504, 2506, 2542, 2589, 2633, 2658, 2666, 2688, 2752, 2758, 2763, 2793, 2818, 2831, 2841, 2881, 2891, 2906, 2911, 2936, 2949, 2981, 3044, 3055, 3065, 3075, 3078, 3097, 3124, 3130, 3132, 3142, 3174, 3184, 3193, 3199, 3204, 3223, 3243, 3252, 3260, 3263, 3266, 3275, 3318, 3327, 3337, 3347, 3360, 3381, 3408, 3423, 3425, 3461, 3484, 3487, 3498, 3500, 3504, 3518, 3534, 3563, 3577, 3603, 3611, 3622, 3630, 3672, 3710, 3718, 3754, 3772, 3774, 3797, 3854, 3865, 3880, 3887, 3899, 3924, 3956, 3999, 4008, 4019, 4029, 4033, 4042, 4063, 4095, 4107, 4144, 4150, 4154, 4166, 4177, 4182, 4185, 4192, 4225, 4237, 4257, 4268, 4289, 4323, 4371, 4398, 4430, 4436, 4470, 4532, 4547, 4559, 4609, 4695, 4725, 4728, 4733, 4736, 4742, 4776, 4786, 4795, 4804, 4807, 4827, 4884, 4891, 4972, 4997, 5010, 5023, 5041, 5049, 5051, 5067, 5094, 5129, 5154, 5161, 5181, 5270, 5274, 5287, 5293, 5309, 5321, 5333, 5360, 5363, 5375, 5406, 5420, 5427, 5452, 5475, 5498, 5501, 5511, 5564, 5570, 5576, 5684, 5699, 5718, 5732, 5789, 5799, 5819, 5822, 5858, 5890, 5925, 5936, 5945, 5956, 5966, 5979, 5998, 6025, 6069, 6074, 6101, 6152, 6165, 6167, 6173, 6209, 6275, 6286, 6324, 6334, 6349, 6354, 6394, 6400, 6426, 6471, 6480, 6491, 6514, 6533, 6560, 6618, 6629, 6646, 6673, 6707, 6711, 6741, 6768, 6785, 6819, 6825, 6855, 6885, 6891, 6896, 6921, 6932, 6937, 6947, 6953, 6959, 6984, 7038, 7064, 7103, 7137, 7141, 7165, 7170, 7178, 7201, 7228, 7242, 7270, 7309, 7343, 7390, 7412, 7415, 7421, 7427, 7448, 7453, 7501, 7544, 7574, 7603, 7629, 7664, 7694, 7702, 7708, 7736, 7742, 7745, 7753, 7838, 7847, 7882, 7916, 7968, 7999, 8013, 8020, 8045, 8062, 8090, 8103, 8138, 8162, 8168, 8308, 8322, 8335, 8369, 8371, 8379, 8383, 8398, 8414, 8422, 8446, 8484, 8496, 8503, 8535, 8566, 8599, 8608, 8610, 8636, 8641, 8652, 8664, 8792, 8828, 8844, 8854, 8893, 8911, 8921, 9010, 9019, 9046, 9057, 9125, 9171, 9201, 9233, 9261, 9298, 9304, 9312, 9320, 9334, 9336, 9340, 9362, 9376, 9392, 9397, 9399, 9407, 9457, 9526, 9534, 9549, 9554, 9593, 9624, 9642, 9669, 9678, 9687, 9697, 9710, 9758, 9785, 9841, 9862, 9869, 9907, 9922, 9947, 9982, 10001, 10023, 10032, 10055, 10071, 10090, 10094, 10101, 10113, 10122, 10155, 10205, 10214, 10252, 10258, 10274, 10294, 10315, 10330, 10338, 10360, 10370, 10375, 10396, 10402, 10421, 10428, 10431, 10445, 10454, 10468, 10483, 10510, 10514, 10550, 10597, 10655, 10693, 10709, 10719, 10761, 10800, 10810, 10886, 10896, 10945, 10970, 10994, 10996, 11030, 11058, 11084, 11097, 11105, 11112, 11147, 11164, 11185, 11193, 11216, 11248, 11273, 11302, 11343, 11356, 11401, 11433, 11473, 11475, 11478, 11489, 11492, 11541, 11547, 11632, 11690, 11722, 11732, 11762, 11767, 11780, 11833, 11841, 11846, 11914, 11944, 11976, 12007, 12035, 12037, 12083, 12097, 12113, 12115, 12126, 12152, 12169, 12201, 12245, 12258, 12323, 12333, 12336, 12359, 12403, 12418]","[1374, 5269, 7447, 8413, 10293, 10708]",12429,589,11840,0,589,11834,6
-4.0,HSGROW2,"[13, 35, 40, 43, 64, 86, 93, 136, 138, 176, 180, 198, 212, 224, 244, 310, 315, 346, 378, 380, 405, 434, 453, 463, 472, 498, 549, 579, 590, 612, 665, 710, 725, 759, 763, 782, 795, 808, 857, 900, 905, 917, 933, 942, 952, 959, 1001, 1036, 1046, 1092, 1096, 1134, 1137, 1170, 1223, 1226, 1239, 1244, 1255, 1257, 1275, 1277, 1299, 1350, 1356, 1368, 1404, 1406, 1438, 1486, 1559, 1659, 1741, 1762, 1767, 1777, 1790, 1809, 1820, 1834, 1855, 1867, 1898, 1911, 1921, 1923, 1943, 1953, 1956]",[],"[13, 35, 40, 43, 64, 86, 93, 136, 138, 176, 180, 198, 212, 224, 244, 310, 315, 346, 378, 380, 405, 434, 453, 463, 472, 498, 549, 579, 590, 612, 665, 710, 725, 759, 763, 782, 795, 808, 857, 900, 905, 917, 933, 942, 952, 959, 1001, 1036, 1046, 1092, 1096, 1134, 1137, 1170, 1223, 1226, 1239, 1244, 1255, 1257, 1275, 1277, 1299, 1350, 1356, 1368, 1404, 1406, 1438, 1486, 1559, 1659, 1741, 1762, 1767, 1777, 1790, 1809, 1820, 1834, 1855, 1867, 1898, 1911, 1921, 1923, 1943, 1953, 1956]","[345, 762, 1091, 1349]",1957,89,1868,0,89,1864,4
-4.0,HSGSTM4,"[19, 38, 42, 48, 60, 74, 85, 118, 154, 164, 166, 168, 170, 172, 174, 176, 178, 180, 182, 184, 186, 188, 190, 192, 194, 208, 218, 223, 229, 249, 260, 268, 375, 392, 408, 432, 453, 463, 467, 504, 523, 574, 579, 592, 594, 629, 631, 636, 680, 690, 693, 713, 722, 747, 779, 783, 832, 875, 879, 895, 908, 915, 917, 951, 953, 966, 994, 997, 1019, 1024, 1026, 1040, 1046, 1052, 1062, 1086, 1089, 1096, 1164, 1234, 1261, 1263, 1267, 1269, 1273, 1284, 1297, 1320, 1336, 1340, 1342, 1347, 1351, 1358, 1385, 1387, 1417, 1438, 1459, 1463, 1474, 1496, 1514, 1560, 1567, 1572, 1580, 1586, 1625, 1644, 1667, 1683, 1690, 1746, 1751, 1786, 1794, 1798, 1801, 1808, 1826, 1836, 1853, 1909, 1926, 1934, 1986, 1993, 2051, 2058, 2075, 2077, 2083, 2099, 2107, 2132, 2135, 2143, 2147, 2166, 2168, 2218, 2220, 2233, 2237, 2252, 2261, 2283, 2325, 2338, 2340, 2348, 2351, 2360, 2433, 2454, 2458, 2470, 2483, 2519, 2569, 2590, 2606, 2671, 2708, 2713, 2739, 2777, 2823, 2825, 2857, 2908, 2912, 2919, 2926, 2938, 2947, 2961, 2981, 2987, 3005, 3108, 3140, 3158, 3203, 3227, 3247, 3255, 3259, 3267, 3276, 3278, 3282, 3288, 3295, 3347, 3349, 3356, 3358, 3367, 3376, 3429, 3431, 3441, 3447, 3480, 3485, 3512, 3517, 3519, 3521, 3533, 3579, 3590, 3616, 3624, 3652, 3672, 3705, 3717, 3736, 3739, 3742, 3751, 3762, 3767, 3774, 3777, 3810, 3912, 3914, 3927, 3934, 3937, 3954, 3958, 3969, 3972, 3974, 3985, 3992, 4000, 4039, 4046, 4059, 4089, 4099, 4151, 4160, 4162, 4164, 4184, 4193, 4208, 4211, 4213, 4216, 4224, 4303, 4309, 4320, 4330, 4342, 4344, 4352, 4365, 4382, 4405, 4408, 4413, 4416, 4430, 4433, 4446, 4465, 4467, 4482, 4484, 4491, 4497, 4500, 4520, 4529, 4563, 4565, 4590, 4601, 4622, 4624, 4631, 4636, 4639, 4649, 4657, 4679, 4681, 4688, 4693, 4696, 4726, 4783, 4810, 4826]",[],"[19, 38, 42, 48, 60, 74, 85, 118, 154, 164, 166, 168, 170, 172, 174, 176, 178, 180, 182, 184, 186, 188, 190, 192, 194, 208, 218, 223, 229, 249, 260, 268, 375, 392, 408, 432, 453, 463, 467, 504, 523, 574, 579, 592, 594, 629, 631, 636, 680, 690, 693, 713, 722, 747, 779, 783, 832, 875, 879, 895, 908, 915, 917, 951, 953, 966, 994, 997, 1019, 1024, 1026, 1040, 1046, 1052, 1062, 1086, 1089, 1096, 1164, 1234, 1261, 1263, 1267, 1269, 1273, 1284, 1297, 1320, 1336, 1340, 1342, 1347, 1351, 1358, 1385, 1387, 1417, 1438, 1459, 1463, 1474, 1496, 1514, 1560, 1567, 1572, 1580, 1586, 1625, 1644, 1667, 1683, 1690, 1746, 1751, 1786, 1794, 1798, 1801, 1808, 1826, 1836, 1853, 1909, 1926, 1934, 1986, 1993, 2051, 2058, 2075, 2077, 2083, 2099, 2107, 2132, 2135, 2143, 2147, 2166, 2168, 2218, 2220, 2233, 2237, 2252, 2261, 2283, 2325, 2338, 2340, 2348, 2351, 2360, 2433, 2454, 2458, 2470, 2483, 2519, 2569, 2590, 2606, 2671, 2708, 2713, 2739, 2777, 2823, 2825, 2857, 2908, 2912, 2919, 2926, 2938, 2947, 2961, 2981, 2987, 3005, 3108, 3140, 3158, 3203, 3227, 3247, 3255, 3259, 3267, 3276, 3278, 3282, 3288, 3295, 3347, 3349, 3356, 3358, 3367, 3376, 3429, 3431, 3441, 3447, 3480, 3485, 3512, 3517, 3519, 3521, 3533, 3579, 3590, 3616, 3624, 3652, 3672, 3705, 3717, 3736, 3739, 3742, 3751, 3762, 3767, 3774, 3777, 3810, 3912, 3914, 3927, 3934, 3937, 3954, 3958, 3969, 3972, 3974, 3985, 3992, 4000, 4039, 4046, 4059, 4089, 4099, 4151, 4160, 4162, 4164, 4184, 4193, 4208, 4211, 4213, 4216, 4224, 4303, 4309, 4320, 4330, 4342, 4344, 4352, 4365, 4382, 4405, 4408, 4413, 4416, 4430, 4433, 4446, 4465, 4467, 4482, 4484, 4491, 4497, 4500, 4520, 4529, 4563, 4565, 4590, 4601, 4622, 4624, 4631, 4636, 4639, 4649, 4657, 4679, 4681, 4688, 4693, 4696, 4726, 4783, 4810, 4826]","[37, 391, 874, 1262, 1458, 2469, 2670]",4835,303,4532,0,303,4525,7
-4.0,HSGTRH,"[30, 83, 130, 144, 167, 181, 191, 197, 200, 202, 204, 206, 221, 226, 228, 239, 246, 260, 310, 317, 369, 388, 429, 437, 443, 447, 461, 479, 516, 520, 537, 542, 572, 600, 607, 609, 620, 653, 673, 740, 751, 754, 768, 774, 779, 835, 843, 891, 893, 909, 921, 941, 966, 968, 1001, 1054, 1084, 1130, 1136, 1194, 1206, 1224, 1252, 1256, 1294, 1296, 1302, 1314, 1319, 1329, 1390, 1392, 1492, 1516, 1518, 1523, 1542, 1554, 1591, 1598, 1608, 1616, 1621, 1654, 1685, 1711, 1740, 1782, 1811, 1826, 1837, 1848, 1858, 1869, 1876, 1906, 1908, 1916, 1922, 1924, 1928, 1932, 1966, 1970, 2002, 2010, 2026, 2045, 2055, 2112, 2116, 2142, 2206, 2210, 2238, 2286, 2302, 2305, 2323, 2344, 2350, 2368, 2430, 2432, 2444, 2456, 2458, 2497, 2503, 2507, 2543, 2554, 2605, 2630, 2693, 2704, 2745, 2748, 2810, 2815, 2829, 2839, 2857, 2865, 2867, 2887, 2931, 2951, 3023, 3033, 3046, 3094, 3110, 3137, 3142, 3163, 3277, 3318, 3359, 3411, 3425, 3435, 3461, 3509, 3542, 3550, 3566, 3568, 3577, 3654, 3724, 3733, 3737, 3785, 3817, 3821, 3827, 3863, 3911, 3937, 3947, 3950, 3958, 3960, 3977, 3981, 3984, 4009, 4017, 4021, 4025, 4037, 4056, 4079, 4143, 4214, 4231, 4274, 4282, 4342, 4361, 4430, 4445, 4463, 4494, 4515, 4530, 4538, 4610, 4669, 4681, 4687, 4700, 4733, 4748, 4760, 4773, 4792, 4849, 4860, 4912, 4924, 4931, 4970, 4980, 4983, 4998, 5017, 5027, 5041, 5046, 5085, 5117, 5161, 5170, 5181, 5191, 5204, 5223, 5248, 5339, 5348, 5387, 5400, 5459, 5470, 5479, 5510, 5522, 5549, 5553, 5574, 5599, 5609, 5641, 5646, 5712, 5718, 5759, 5767, 5772, 5777, 5822, 5897, 5905, 5922, 5927, 5931, 5945, 5965, 6046, 6088, 6095, 6123, 6145, 6150, 6152, 6155, 6164, 6175, 6218, 6245, 6247, 6249, 6257, 6276, 6286, 6288, 6292, 6295, 6369, 6399, 6444, 6450, 6489, 6505, 6524, 6553, 6600, 6620, 6623, 6636, 6665, 6667, 6684, 6689, 6714, 6727, 6747, 6755, 6763, 6815, 6826, 6868, 6871, 6875, 6915, 6934, 6939, 6946, 6959, 7007, 7044, 7052, 7058, 7112, 7140, 7194, 7200, 7215]",[],"[30, 83, 130, 144, 167, 181, 191, 197, 200, 202, 204, 206, 221, 226, 228, 239, 246, 260, 310, 317, 369, 388, 429, 437, 443, 447, 461, 479, 516, 520, 537, 542, 572, 600, 607, 609, 620, 653, 673, 740, 751, 754, 768, 774, 779, 835, 843, 891, 893, 909, 921, 941, 966, 968, 1001, 1054, 1084, 1130, 1136, 1194, 1206, 1224, 1252, 1256, 1294, 1296, 1302, 1314, 1319, 1329, 1390, 1392, 1492, 1516, 1518, 1523, 1542, 1554, 1591, 1598, 1608, 1616, 1621, 1654, 1685, 1711, 1740, 1782, 1811, 1826, 1837, 1848, 1858, 1869, 1876, 1906, 1908, 1916, 1922, 1924, 1928, 1932, 1966, 1970, 2002, 2010, 2026, 2045, 2055, 2112, 2116, 2142, 2206, 2210, 2238, 2286, 2302, 2305, 2323, 2344, 2350, 2368, 2430, 2432, 2444, 2456, 2458, 2497, 2503, 2507, 2543, 2554, 2605, 2630, 2693, 2704, 2745, 2748, 2810, 2815, 2829, 2839, 2857, 2865, 2867, 2887, 2931, 2951, 3023, 3033, 3046, 3094, 3110, 3137, 3142, 3163, 3277, 3318, 3359, 3411, 3425, 3435, 3461, 3509, 3542, 3550, 3566, 3568, 3577, 3654, 3724, 3733, 3737, 3785, 3817, 3821, 3827, 3863, 3911, 3937, 3947, 3950, 3958, 3960, 3977, 3981, 3984, 4009, 4017, 4021, 4025, 4037, 4056, 4079, 4143, 4214, 4231, 4274, 4282, 4342, 4361, 4430, 4445, 4463, 4494, 4515, 4530, 4538, 4610, 4669, 4681, 4687, 4700, 4733, 4748, 4760, 4773, 4792, 4849, 4860, 4912, 4924, 4931, 4970, 4980, 4983, 4998, 5017, 5027, 5041, 5046, 5085, 5117, 5161, 5170, 5181, 5191, 5204, 5223, 5248, 5339, 5348, 5387, 5400, 5459, 5470, 5479, 5510, 5522, 5549, 5553, 5574, 5599, 5609, 5641, 5646, 5712, 5718, 5759, 5767, 5772, 5777, 5822, 5897, 5905, 5922, 5927, 5931, 5945, 5965, 6046, 6088, 6095, 6123, 6145, 6150, 6152, 6155, 6164, 6175, 6218, 6245, 6247, 6249, 6257, 6276, 6286, 6288, 6292, 6295, 6369, 6399, 6444, 6450, 6489, 6505, 6524, 6553, 6600, 6620, 6623, 6636, 6665, 6667, 6684, 6689, 6714, 6727, 6747, 6755, 6763, 6815, 6826, 6868, 6871, 6875, 6915, 6934, 6939, 6946, 6959, 7007, 7044, 7052, 7058, 7112, 7140, 7194, 7200, 7215]","[2205, 3816]",7217,330,6887,0,330,6885,2
-4.0,HSHMG17G,"[8, 15, 26, 32, 41, 43, 99, 115, 140, 157, 198, 253, 263, 284, 311, 371, 401, 415, 418, 480, 575, 637, 652, 657, 685, 795, 801, 806, 811, 820, 832, 846, 851, 857, 893, 898, 912, 921, 926, 954, 957, 960, 981, 984, 987, 990, 1018, 1027, 1030, 1044, 1046, 1053, 1064, 1104, 1106, 1118, 1150, 1158, 1160, 1167, 1199, 1208, 1270, 1346, 1358, 1406, 1428, 1430, 1463, 1476, 1484, 1489, 1509, 1522, 1527, 1529, 1539, 1543, 1549, 1580, 1588, 1596, 1637, 1644, 1686, 1746, 1777, 1785, 1794, 1799, 1821, 1843, 1862, 1889, 1918, 1964, 2038, 2042, 2044, 2062, 2066, 2074, 2084, 2101, 2226, 2280, 2284, 2301, 2336, 2345, 2355, 2408, 2410, 2471, 2484, 2495, 2525, 2529, 2590, 2633, 2657, 2659, 2753, 2763, 2799, 2886, 2906, 2928, 2942, 2947, 2971, 2996, 3010, 3090, 3094, 3113, 3126, 3132, 3135, 3170, 3191, 3222, 3236, 3255, 3266, 3269, 3271, 3310, 3319, 3347, 3354, 3360, 3404, 3416, 3420, 3438, 3474, 3484, 3491, 3493, 3557, 3577, 3580, 3611, 3614, 3621, 3625, 3627, 3645, 3651, 3706, 3710, 3717, 3758, 3767, 3787, 3796, 3809, 3890, 3899, 3903, 3906, 3910, 3913, 3923, 3930, 3938, 4022, 4026, 4067, 4074, 4099, 4117, 4127, 4129, 4145, 4149, 4151, 4163, 4167, 4187, 4190, 4194, 4235, 4257, 4276, 4315, 4325, 4328, 4334, 4343, 4349, 4353, 4355, 4367, 4384, 4411, 4434, 4470, 4554, 4565, 4577, 4586, 4595, 4599, 4634, 4648, 4658, 4663, 4665, 4671, 4682, 4717, 4734, 4736, 4753, 4768, 4778, 4791, 4793, 4816, 4834, 4847, 4855, 4859, 4882, 4888, 4922, 4930, 4934, 4941, 4954, 4983, 4987, 5015, 5031, 5036, 5038, 5040, 5057, 5059, 5068, 5074, 5079, 5103, 5126, 5157, 5160, 5183, 5186, 5208, 5222, 5242, 5267, 5349, 5352, 5370, 5378, 5437, 5455, 5462, 5469, 5471, 5473, 5495, 5518, 5530, 5533, 5549, 5595, 5601, 5609, 5616, 5619, 5638, 5645, 5671, 5701, 5709, 5727, 5747, 5755, 5758, 5761, 5768, 5778, 5788, 5811, 5822, 5846, 5883, 5888, 5896, 5906, 5921, 5925, 5938, 5947, 5952, 5981, 6001, 6008, 6013, 6032, 6048, 6062, 6069, 6078, 6085, 6105, 6107, 6111, 6139, 6141, 6161, 6172, 6183, 6256, 6264, 6266, 6272, 6278, 6280, 6287, 6298, 6303, 6325, 6351, 6370, 6394, 6404, 6419, 6426, 6443, 6456, 6491, 6496, 6512, 6548, 6557, 6565, 6570, 6579, 6586, 6588, 6602, 6604, 6612, 6616, 6618, 6627, 6669, 6676, 6681, 6683, 6704, 6734, 6788, 6820, 6834, 6837, 6845, 6866, 6868, 6907, 6914, 6917, 6925, 6939, 6957, 6969, 6976, 6980, 6987, 7043, 7063, 7065, 7078, 7081, 7088, 7101, 7119, 7132, 7136, 7163, 7184, 7189]",[],"[8, 15, 26, 32, 41, 43, 99, 115, 140, 157, 198, 253, 263, 284, 311, 371, 401, 415, 418, 480, 575, 637, 652, 657, 685, 795, 801, 806, 811, 820, 832, 846, 851, 857, 893, 898, 912, 921, 926, 954, 957, 960, 981, 984, 987, 990, 1018, 1027, 1030, 1044, 1046, 1053, 1064, 1104, 1106, 1118, 1150, 1158, 1160, 1167, 1199, 1208, 1270, 1346, 1358, 1406, 1428, 1430, 1463, 1476, 1484, 1489, 1509, 1522, 1527, 1529, 1539, 1543, 1549, 1580, 1588, 1596, 1637, 1644, 1686, 1746, 1777, 1785, 1794, 1799, 1821, 1843, 1862, 1889, 1918, 1964, 2038, 2042, 2044, 2062, 2066, 2074, 2084, 2101, 2226, 2280, 2284, 2301, 2336, 2345, 2355, 2408, 2410, 2471, 2484, 2495, 2525, 2529, 2590, 2633, 2657, 2659, 2753, 2763, 2799, 2886, 2906, 2928, 2942, 2947, 2971, 2996, 3010, 3090, 3094, 3113, 3126, 3132, 3135, 3170, 3191, 3222, 3236, 3255, 3266, 3269, 3271, 3310, 3319, 3347, 3354, 3360, 3404, 3416, 3420, 3438, 3474, 3484, 3491, 3493, 3557, 3577, 3580, 3611, 3614, 3621, 3625, 3627, 3645, 3651, 3706, 3710, 3717, 3758, 3767, 3787, 3796, 3809, 3890, 3899, 3903, 3906, 3910, 3913, 3923, 3930, 3938, 4022, 4026, 4067, 4074, 4099, 4117, 4127, 4129, 4145, 4149, 4151, 4163, 4167, 4187, 4190, 4194, 4235, 4257, 4276, 4315, 4325, 4328, 4334, 4343, 4349, 4353, 4355, 4367, 4384, 4411, 4434, 4470, 4554, 4565, 4577, 4586, 4595, 4599, 4634, 4648, 4658, 4663, 4665, 4671, 4682, 4717, 4734, 4736, 4753, 4768, 4778, 4791, 4793, 4816, 4834, 4847, 4855, 4859, 4882, 4888, 4922, 4930, 4934, 4941, 4954, 4983, 4987, 5015, 5031, 5036, 5038, 5040, 5057, 5059, 5068, 5074, 5079, 5103, 5126, 5157, 5160, 5183, 5186, 5208, 5222, 5242, 5267, 5349, 5352, 5370, 5378, 5437, 5455, 5462, 5469, 5471, 5473, 5495, 5518, 5530, 5533, 5549, 5595, 5601, 5609, 5616, 5619, 5638, 5645, 5671, 5701, 5709, 5727, 5747, 5755, 5758, 5761, 5768, 5778, 5788, 5811, 5822, 5846, 5883, 5888, 5896, 5906, 5921, 5925, 5938, 5947, 5952, 5981, 6001, 6008, 6013, 6032, 6048, 6062, 6069, 6078, 6085, 6105, 6107, 6111, 6139, 6141, 6161, 6172, 6183, 6256, 6264, 6266, 6272, 6278, 6280, 6287, 6298, 6303, 6325, 6351, 6370, 6394, 6404, 6419, 6426, 6443, 6456, 6491, 6496, 6512, 6548, 6557, 6565, 6570, 6579, 6586, 6588, 6602, 6604, 6612, 6616, 6618, 6627, 6669, 6676, 6681, 6683, 6704, 6734, 6788, 6820, 6834, 6837, 6845, 6866, 6868, 6907, 6914, 6917, 6925, 6939, 6957, 6969, 6976, 6980, 6987, 7043, 7063, 7065, 7078, 7081, 7088, 7101, 7119, 7132, 7136, 7163, 7184, 7189]","[2524, 3415, 3620, 4021, 4553]",7188,407,6781,0,407,6776,5
-4.0,HSHNRNPA,"[12, 30, 39, 45, 50, 221, 225, 256, 258, 272, 319, 324, 334, 352, 370, 382, 384, 414, 427, 445, 459, 471, 482, 486, 503, 544, 555, 577, 590, 629, 645, 658, 688, 708, 724, 728, 750, 773, 779, 797, 802, 808, 815, 819, 869, 884, 889, 914, 923, 951, 957, 1007, 1009, 1026, 1033, 1064, 1087, 1095, 1122, 1153, 1160, 1164, 1251, 1253, 1258, 1281, 1288, 1295, 1299, 1301, 1331, 1336, 1338, 1341, 1377, 1422, 1490, 1492, 1495, 1519, 1550, 1555, 1578, 1581, 1596, 1607, 1621, 1662, 1665, 1699, 1701, 1706, 1728, 1752, 1762, 1764, 1782, 1790, 1831, 1835, 1850, 1859, 1892, 1904, 1907, 1925, 1937, 1941, 1945, 1982, 2009, 2041, 2069, 2101, 2115, 2130, 2134, 2186, 2202, 2230, 2256, 2280, 2292, 2296, 2300, 2310, 2320, 2326, 2338, 2365, 2368, 2376, 2388, 2406, 2422, 2427, 2441, 2461, 2482, 2490, 2512, 2522, 2531, 2560, 2568, 2574, 2577, 2592, 2595, 2598, 2601, 2607, 2610, 2616, 2634, 2637, 2652, 2655, 2658, 2661, 2665, 2670, 2682, 2685, 2724, 2746, 2756, 2762, 2795, 2804, 2813, 2816, 2819, 2822, 2831, 2837, 2870, 2874, 2889, 2928, 2932, 2950, 2956, 2989, 3007, 3022, 3031, 3044, 3062, 3070, 3074, 3077, 3098, 3128, 3131, 3140, 3158, 3173, 3221, 3224, 3227, 3230, 3234, 3241, 3250, 3257, 3259, 3290, 3296, 3301, 3312, 3314, 3317, 3329, 3403, 3413, 3420, 3422, 3425, 3433, 3442, 3460, 3493, 3499, 3523, 3537, 3560, 3568, 3597, 3603, 3607, 3616, 3625, 3683, 3692, 3774, 3822, 3825, 3862, 3927, 3963, 3968, 3976, 3991, 4000, 4002, 4006, 4043, 4059, 4066, 4084, 4139, 4142, 4211, 4242, 4253, 4265, 4280, 4292, 4313, 4317, 4331, 4333, 4335, 4380, 4391, 4401, 4419, 4425, 4436, 4461, 4487, 4497, 4507, 4535, 4579, 4597, 4611, 4630, 4633, 4665, 4684, 4686, 4710, 4716, 4726, 4735, 4744, 4750, 4755, 4762, 4764, 4784, 4792, 4820, 4834, 4840, 4848, 4864, 4878, 4883, 4885, 4890, 4894, 4915, 4931, 4933, 4938, 4955, 4965, 4998, 5012, 5028, 5030, 5033, 5045, 5051, 5054, 5064, 5106, 5115, 5121, 5160, 5194, 5196, 5210, 5212, 5255, 5315, 5340]",[],"[12, 30, 39, 45, 50, 221, 225, 256, 258, 272, 319, 324, 334, 352, 370, 382, 384, 414, 427, 445, 459, 471, 482, 486, 503, 544, 555, 577, 590, 629, 645, 658, 688, 708, 724, 728, 750, 773, 779, 797, 802, 808, 815, 819, 869, 884, 889, 914, 923, 951, 957, 1007, 1009, 1026, 1033, 1064, 1087, 1095, 1122, 1153, 1160, 1164, 1251, 1253, 1258, 1281, 1288, 1295, 1299, 1301, 1331, 1336, 1338, 1341, 1377, 1422, 1490, 1492, 1495, 1519, 1550, 1555, 1578, 1581, 1596, 1607, 1621, 1662, 1665, 1699, 1701, 1706, 1728, 1752, 1762, 1764, 1782, 1790, 1831, 1835, 1850, 1859, 1892, 1904, 1907, 1925, 1937, 1941, 1945, 1982, 2009, 2041, 2069, 2101, 2115, 2130, 2134, 2186, 2202, 2230, 2256, 2280, 2292, 2296, 2300, 2310, 2320, 2326, 2338, 2365, 2368, 2376, 2388, 2406, 2422, 2427, 2441, 2461, 2482, 2490, 2512, 2522, 2531, 2560, 2568, 2574, 2577, 2592, 2595, 2598, 2601, 2607, 2610, 2616, 2634, 2637, 2652, 2655, 2658, 2661, 2665, 2670, 2682, 2685, 2724, 2746, 2756, 2762, 2795, 2804, 2813, 2816, 2819, 2822, 2831, 2837, 2870, 2874, 2889, 2928, 2932, 2950, 2956, 2989, 3007, 3022, 3031, 3044, 3062, 3070, 3074, 3077, 3098, 3128, 3131, 3140, 3158, 3173, 3221, 3224, 3227, 3230, 3234, 3241, 3250, 3257, 3259, 3290, 3296, 3301, 3312, 3314, 3317, 3329, 3403, 3413, 3420, 3422, 3425, 3433, 3442, 3460, 3493, 3499, 3523, 3537, 3560, 3568, 3597, 3603, 3607, 3616, 3625, 3683, 3692, 3774, 3822, 3825, 3862, 3927, 3963, 3968, 3976, 3991, 4000, 4002, 4006, 4043, 4059, 4066, 4084, 4139, 4142, 4211, 4242, 4253, 4265, 4280, 4292, 4313, 4317, 4331, 4333, 4335, 4380, 4391, 4401, 4419, 4425, 4436, 4461, 4487, 4497, 4507, 4535, 4579, 4597, 4611, 4630, 4633, 4665, 4684, 4686, 4710, 4716, 4726, 4735, 4744, 4750, 4755, 4762, 4764, 4784, 4792, 4820, 4834, 4840, 4848, 4864, 4878, 4883, 4885, 4890, 4894, 4915, 4931, 4933, 4938, 4955, 4965, 4998, 5012, 5028, 5030, 5033, 5045, 5051, 5054, 5064, 5106, 5115, 5121, 5160, 5194, 5196, 5210, 5212, 5255, 5315, 5340]","[814, 1494, 1936, 2295, 2481, 2660, 2869, 3962]",5361,330,5031,0,330,5023,8
-4.0,HSHOX51,"[10, 20, 23, 102, 105, 118, 166, 195, 205, 211, 219, 227, 230, 269, 283, 296, 299, 304, 307, 322, 336, 338, 341, 347, 352, 382, 401, 428, 461, 473, 478, 518, 568, 579, 652, 681, 689, 699, 704, 724, 753, 761, 783, 796, 827, 842, 857, 863, 977, 992, 1033, 1044, 1082, 1173, 1200, 1235, 1246, 1248, 1262, 1279, 1283, 1301, 1314, 1352, 1399, 1426, 1430, 1438, 1447, 1476, 1511, 1537, 1548, 1597, 1623, 1630, 1634, 1641, 1652, 1656, 1667, 1676, 1685, 1792, 1849, 1879, 1960, 1964, 2013, 2016, 2037, 2043, 2053, 2064, 2069, 2080, 2096, 2106, 2121, 2127, 2131, 2139, 2141, 2202, 2213, 2231, 2247, 2261, 2299, 2333, 2345, 2348, 2394, 2398, 2402, 2404, 2406, 2416, 2420, 2426, 2432, 2434, 2520, 2549, 2571, 2576, 2580, 2585, 2593, 2612, 2628, 2656, 2691, 2708, 2733, 2735, 2739, 2763, 2784, 2823, 2829, 2863, 2931, 3002, 3023, 3028, 3033, 3068, 3145, 3190, 3243, 3263, 3301, 3308, 3321, 3329, 3342, 3355, 3362, 3371, 3390, 3413, 3416, 3432, 3461, 3485, 3498, 3508, 3518, 3546, 3556, 3559, 3602, 3642, 3686, 3738, 3767, 3769, 3784, 3797, 3804, 3838, 3887, 3913, 3956, 3958, 3973, 3975, 3984, 3986, 4000, 4005, 4016, 4024, 4079, 4089, 4101, 4118, 4151, 4185, 4191, 4199, 4213, 4231, 4234, 4267, 4275, 4278, 4305, 4312, 4357, 4363, 4376, 4399, 4429, 4432, 4446, 4455, 4510, 4522, 4545, 4551, 4554, 4576, 4593, 4601, 4609, 4620, 4622, 4644, 4656, 4686, 4688, 4703, 4710, 4736, 4749, 4790, 4798, 4823, 4842, 4865, 4876, 4884, 4905, 4922, 4935, 4941, 4958, 4994, 5086, 5096, 5130, 5138, 5170, 5209, 5255, 5258, 5283, 5289, 5303, 5371, 5427, 5455, 5463, 5505, 5530, 5550, 5556, 5589, 5605, 5615, 5644, 5660, 5679, 5681, 5715, 5722, 5726, 5749, 5751, 5755, 5757, 5761, 5763, 5787, 5789, 5795, 5818, 5823, 5825, 5883, 5899, 5903, 5916, 5920, 5957, 5978, 5996, 6003, 6006, 6014, 6048, 6050, 6069, 6074, 6101, 6106, 6138, 6180, 6189, 6191, 6197, 6207, 6245, 6260, 6277, 6298]",[],"[10, 20, 23, 102, 105, 118, 166, 195, 205, 211, 219, 227, 230, 269, 283, 296, 299, 304, 307, 322, 336, 338, 341, 347, 352, 382, 401, 428, 461, 473, 478, 518, 568, 579, 652, 681, 689, 699, 704, 724, 753, 761, 783, 796, 827, 842, 857, 863, 977, 992, 1033, 1044, 1082, 1173, 1200, 1235, 1246, 1248, 1262, 1279, 1283, 1301, 1314, 1352, 1399, 1426, 1430, 1438, 1447, 1476, 1511, 1537, 1548, 1597, 1623, 1630, 1634, 1641, 1652, 1656, 1667, 1676, 1685, 1792, 1849, 1879, 1960, 1964, 2013, 2016, 2037, 2043, 2053, 2064, 2069, 2080, 2096, 2106, 2121, 2127, 2131, 2139, 2141, 2202, 2213, 2231, 2247, 2261, 2299, 2333, 2345, 2348, 2394, 2398, 2402, 2404, 2406, 2416, 2420, 2426, 2432, 2434, 2520, 2549, 2571, 2576, 2580, 2585, 2593, 2612, 2628, 2656, 2691, 2708, 2733, 2735, 2739, 2763, 2784, 2823, 2829, 2863, 2931, 3002, 3023, 3028, 3033, 3068, 3145, 3190, 3243, 3263, 3301, 3308, 3321, 3329, 3342, 3355, 3362, 3371, 3390, 3413, 3416, 3432, 3461, 3485, 3498, 3508, 3518, 3546, 3556, 3559, 3602, 3642, 3686, 3738, 3767, 3769, 3784, 3797, 3804, 3838, 3887, 3913, 3956, 3958, 3973, 3975, 3984, 3986, 4000, 4005, 4016, 4024, 4079, 4089, 4101, 4118, 4151, 4185, 4191, 4199, 4213, 4231, 4234, 4267, 4275, 4278, 4305, 4312, 4357, 4363, 4376, 4399, 4429, 4432, 4446, 4455, 4510, 4522, 4545, 4551, 4554, 4576, 4593, 4601, 4609, 4620, 4622, 4644, 4656, 4686, 4688, 4703, 4710, 4736, 4749, 4790, 4798, 4823, 4842, 4865, 4876, 4884, 4905, 4922, 4935, 4941, 4958, 4994, 5086, 5096, 5130, 5138, 5170, 5209, 5255, 5258, 5283, 5289, 5303, 5371, 5427, 5455, 5463, 5505, 5530, 5550, 5556, 5589, 5605, 5615, 5644, 5660, 5679, 5681, 5715, 5722, 5726, 5749, 5751, 5755, 5757, 5761, 5763, 5787, 5789, 5795, 5818, 5823, 5825, 5883, 5899, 5903, 5916, 5920, 5957, 5978, 5996, 6003, 6006, 6014, 6048, 6050, 6069, 6074, 6101, 6106, 6138, 6180, 6189, 6191, 6197, 6207, 6245, 6260, 6277, 6298]",[2052],6298,318,5980,0,318,5979,1
-4.0,HSHSC70,"[12, 28, 32, 36, 42, 55, 60, 64, 88, 98, 101, 107, 115, 120, 186, 199, 213, 230, 237, 260, 267, 279, 306, 325, 330, 333, 337, 347, 368, 391, 405, 415, 417, 450, 457, 471, 478, 500, 507, 551, 564, 576, 597, 608, 623, 640, 648, 651, 664, 673, 682, 690, 702, 705, 716, 764, 771, 778, 788, 790, 810, 816, 824, 840, 845, 853, 883, 899, 914, 940, 950, 960, 965, 967, 972, 1043, 1059, 1063, 1090, 1092, 1096, 1098, 1116, 1164, 1187, 1195, 1215, 1239, 1246, 1250, 1303, 1314, 1361, 1369, 1373, 1385, 1388, 1420, 1427, 1433, 1450, 1457, 1460, 1484, 1489, 1497, 1513, 1542, 1544, 1577, 1606, 1609, 1614, 1642, 1645, 1669, 1675, 1717, 1719, 1729, 1774, 1779, 1783, 1791, 1798, 1810, 1813, 1885, 1896, 1906, 1924, 1932, 1936, 1953, 1974, 1989, 1998, 2009, 2012, 2041, 2053, 2057, 2065, 2076, 2079, 2101, 2113, 2116, 2122, 2150, 2183, 2191, 2251, 2255, 2264, 2273, 2306, 2324, 2338, 2356, 2378, 2392, 2394, 2428, 2433, 2459, 2485, 2505, 2534, 2551, 2564, 2573, 2579, 2588, 2615, 2669, 2700, 2705, 2722, 2757, 2776, 2782, 2786, 2789, 2798, 2878, 2888, 2894, 2903, 2939, 2949, 2956, 2962, 2973, 2976, 3022, 3032, 3038, 3055, 3062, 3085, 3096, 3107, 3124, 3136, 3146, 3170, 3189, 3204, 3209, 3218, 3231, 3294, 3296, 3308, 3312, 3318, 3329, 3359, 3401, 3404, 3418, 3425, 3433, 3448, 3487, 3501, 3508, 3511, 3518, 3536, 3552, 3586, 3621, 3623, 3638, 3663, 3674, 3683, 3693, 3735, 3748, 3756, 3774, 3787, 3794, 3806, 3827, 3842, 3865, 3885, 3909, 3914, 3931, 3965, 3967, 3988, 4016, 4078, 4080, 4115, 4119, 4121, 4170, 4196, 4198, 4203, 4219, 4235, 4254, 4256, 4279, 4285, 4297, 4326, 4330, 4344, 4350, 4368, 4380, 4397, 4422, 4494, 4520, 4528, 4570, 4573, 4591, 4594, 4623, 4641, 4643, 4649, 4657, 4694, 4706, 4712, 4722, 4736, 4740, 4815, 4820, 4824, 4838, 4884, 4911, 4920, 4930, 4938, 4972, 4987, 4994, 5011, 5018, 5122, 5124, 5142, 5144, 5146, 5181, 5184, 5195, 5229, 5254, 5264, 5292, 5313, 5331, 5360, 5370, 5379, 5383, 5386]",[],"[12, 28, 32, 36, 42, 55, 60, 64, 88, 98, 101, 107, 115, 120, 186, 199, 213, 230, 237, 260, 267, 279, 306, 325, 330, 333, 337, 347, 368, 391, 405, 415, 417, 450, 457, 471, 478, 500, 507, 551, 564, 576, 597, 608, 623, 640, 648, 651, 664, 673, 682, 690, 702, 705, 716, 764, 771, 778, 788, 790, 810, 816, 824, 840, 845, 853, 883, 899, 914, 940, 950, 960, 965, 967, 972, 1043, 1059, 1063, 1090, 1092, 1096, 1098, 1116, 1164, 1187, 1195, 1215, 1239, 1246, 1250, 1303, 1314, 1361, 1369, 1373, 1385, 1388, 1420, 1427, 1433, 1450, 1457, 1460, 1484, 1489, 1497, 1513, 1542, 1544, 1577, 1606, 1609, 1614, 1642, 1645, 1669, 1675, 1717, 1719, 1729, 1774, 1779, 1783, 1791, 1798, 1810, 1813, 1885, 1896, 1906, 1924, 1932, 1936, 1953, 1974, 1989, 1998, 2009, 2012, 2041, 2053, 2057, 2065, 2076, 2079, 2101, 2113, 2116, 2122, 2150, 2183, 2191, 2251, 2255, 2264, 2273, 2306, 2324, 2338, 2356, 2378, 2392, 2394, 2428, 2433, 2459, 2485, 2505, 2534, 2551, 2564, 2573, 2579, 2588, 2615, 2669, 2700, 2705, 2722, 2757, 2776, 2782, 2786, 2789, 2798, 2878, 2888, 2894, 2903, 2939, 2949, 2956, 2962, 2973, 2976, 3022, 3032, 3038, 3055, 3062, 3085, 3096, 3107, 3124, 3136, 3146, 3170, 3189, 3204, 3209, 3218, 3231, 3294, 3296, 3308, 3312, 3318, 3329, 3359, 3401, 3404, 3418, 3425, 3433, 3448, 3487, 3501, 3508, 3511, 3518, 3536, 3552, 3586, 3621, 3623, 3638, 3663, 3674, 3683, 3693, 3735, 3748, 3756, 3774, 3787, 3794, 3806, 3827, 3842, 3865, 3885, 3909, 3914, 3931, 3965, 3967, 3988, 4016, 4078, 4080, 4115, 4119, 4121, 4170, 4196, 4198, 4203, 4219, 4235, 4254, 4256, 4279, 4285, 4297, 4326, 4330, 4344, 4350, 4368, 4380, 4397, 4422, 4494, 4520, 4528, 4570, 4573, 4591, 4594, 4623, 4641, 4643, 4649, 4657, 4694, 4706, 4712, 4722, 4736, 4740, 4815, 4820, 4824, 4838, 4884, 4911, 4920, 4930, 4938, 4972, 4987, 4994, 5011, 5018, 5122, 5124, 5142, 5144, 5146, 5181, 5184, 5195, 5229, 5254, 5264, 5292, 5313, 5331, 5360, 5370, 5379, 5383, 5386]","[1245, 1773, 2250, 2893, 3307, 3734, 4114]",5401,333,5068,0,333,5061,7
-4.0,HSIFNAR,"[8, 14, 49, 93, 110, 115, 150, 183, 198, 312, 320, 330, 332, 334, 347, 353, 366, 376, 379, 395, 400, 430, 486, 527, 550, 554, 569, 584, 586, 588, 590, 592, 594, 596, 598, 600, 617, 621, 632, 655, 670, 672, 713, 725, 732, 761, 764, 788, 794, 800, 812, 814, 817, 831, 850, 870, 907, 928, 944, 1004, 1007, 1009, 1016, 1037, 1042, 1044, 1049, 1066, 1074, 1084, 1096, 1098, 1103, 1123, 1140, 1144, 1191, 1206, 1219, 1228, 1230, 1283, 1289, 1306, 1310, 1319, 1357, 1372, 1376, 1383, 1394, 1405, 1421, 1433, 1438, 1449, 1453, 1468, 1487, 1489, 1509, 1518, 1522, 1541, 1545, 1550, 1561, 1586, 1598, 1602, 1604, 1651, 1664, 1677, 1704, 1745, 1764, 1781, 1786, 1794, 1805, 1817, 1835, 1871, 1930, 1943, 1945, 1955, 1989, 2021, 2037, 2064, 2073, 2084, 2094, 2107, 2151, 2166, 2168, 2195, 2228, 2231, 2242, 2248, 2262, 2303, 2309, 2331, 2375, 2400, 2402, 2408, 2446, 2454, 2464, 2524, 2595, 2606, 2613, 2621, 2624, 2633, 2664, 2672, 2678, 2681, 2685, 2697, 2701, 2719, 2743, 2745, 2748, 2787, 2790, 2808, 2812, 2820, 2826, 2838, 2852, 2859, 2887, 2892, 2899, 2949, 2951, 2979, 2991, 3040, 3042, 3052, 3061, 3063, 3072, 3099, 3101, 3110, 3120, 3157, 3174, 3184, 3188, 3196, 3203, 3215, 3254, 3298, 3302, 3321, 3331, 3338, 3363, 3383, 3398, 3431, 3444, 3453, 3456, 3462, 3504, 3517, 3530, 3573, 3580, 3604, 3611, 3633, 3642, 3652, 3655, 3715, 3742, 3757, 3781, 3787, 3792, 3796, 3807, 3815, 3819, 3823, 3844, 3848, 3850, 3857, 3859, 3861, 3874, 3877, 3888, 3910, 3968, 3974, 3981, 3993, 3997, 3999, 4002, 4005, 4012, 4015, 4047, 4092, 4104, 4125, 4138, 4151, 4178, 4184, 4217, 4238, 4264, 4273, 4281, 4286, 4294, 4305, 4308, 4316, 4331, 4402, 4428, 4446, 4459, 4463, 4475, 4482, 4530, 4550, 4555, 4564, 4598, 4613, 4617, 4623, 4687, 4704, 4731, 4743, 4747, 4754, 4758, 4781, 4792, 4809, 4847, 4872, 4921, 4951, 4961, 4970, 5027, 5042, 5057, 5062, 5082, 5098, 5136, 5148, 5164, 5166, 5178, 5231, 5237, 5246, 5265, 5268, 5277, 5314, 5328, 5387, 5398, 5419, 5425, 5469, 5513, 5526, 5544, 5588, 5608, 5631, 5649, 5671, 5713, 5723, 5733, 5750, 5755, 5800, 5806, 5844, 5884, 5897, 5913, 5939, 5942, 5945, 5948, 5965, 6116, 6122, 6158, 6241, 6244, 6254, 6259, 6358, 6366, 6379, 6394, 6408, 6551, 6561, 6602, 6614, 6616, 6643, 6657, 6675, 6711, 6713, 6715, 6733, 6772, 6808, 6823, 6828, 6839, 6893, 6937, 6950, 6964, 6967, 7011, 7063, 7110, 7113, 7122, 7141, 7162, 7182, 7185, 7249, 7254, 7263, 7268, 7319, 7322, 7355, 7362, 7396, 7410, 7431, 7433, 7523, 7532, 7557, 7614, 7632, 7644, 7650, 7687, 7689, 7695, 7699, 7703, 7733, 7797, 7817, 7819, 7833, 7844, 7977, 8010, 8021, 8093, 8097, 8102, 8113, 8183, 8200, 8383, 8432, 8444, 8502, 8515, 8559, 8570, 8574, 8595, 8646, 8716, 8742, 8745, 8752, 8800, 8859, 8946, 9019, 9034, 9048, 9052, 9073, 9220, 9253, 9331, 9341, 9356, 9361, 9400, 9432, 9478, 9487, 9498, 9506, 9508, 9521, 9540, 9567, 9607, 9667, 9697, 9718, 9739, 9749, 9768, 9830, 9862, 9878, 9908, 9911, 9964, 9969, 9999, 10029, 10036, 10100, 10102, 10111, 10148, 10191, 10218, 10261, 10271, 10303, 10319, 10349, 10370, 10396, 10398, 10403, 10415, 10424, 10426, 10428, 10445, 10464, 10473, 10505, 10508, 10518, 10530, 10541, 10594, 10613, 10628, 10639, 10642, 10678, 10697, 10708, 10716, 10729, 10790, 10801, 10805, 10842, 10868, 10887, 10898, 10900, 10948, 11027, 11045, 11097, 11105, 11128, 11158, 11163, 11167, 11176, 11180, 11189, 11202, 11231, 11237, 11269, 11287, 11291, 11300, 11326, 11330, 11350, 11378, 11411, 11413, 11418, 11439, 11472, 11478, 11489, 11506, 11508, 11534, 11537, 11546, 11581, 11583, 11627, 11635, 11641, 11650, 11656, 11660, 11665, 11669, 11677, 11688, 11709, 11724, 11777, 11779, 11784, 11796, 11798, 11804, 11806, 11814, 11819, 11833, 11846, 11848, 11853, 11860, 11907, 11951, 11961, 11963, 11969, 11990, 12000, 12013, 12017, 12024, 12036, 12061, 12063, 12069, 12071, 12104, 12115, 12131, 12139, 12190, 12206, 12218, 12220, 12226, 12228, 12276, 12282, 12294, 12317, 12329, 12360, 12367, 12417, 12446, 12451, 12459, 12461, 12476, 12481, 12519, 12552, 12582, 12606, 12617, 12627, 12661, 12664, 12688, 12705, 12736, 12747, 12761, 12768, 12770, 12774, 12833, 12839, 12848, 12860, 12962, 12973, 12975, 12981, 12993, 13066, 13071, 13091, 13093, 13117, 13125, 13203, 13219, 13222, 13257, 13263, 13265, 13292, 13326, 13360, 13383, 13385, 13408, 13410, 13433, 13435, 13458, 13460, 13483, 13485, 13525, 13531, 13537, 13630, 13635, 13642, 13647, 13660, 13692, 13728, 13735, 13829, 13874, 13885, 13889, 13900, 13955, 13966, 13978, 13988, 14007, 14020, 14051, 14065, 14072, 14097, 14125, 14167, 14170, 14173, 14177, 14183, 14242, 14248, 14261, 14283, 14381, 14410, 14437, 14452, 14477, 14515, 14518, 14522, 14542, 14552, 14567, 14611, 14628, 14643, 14688, 14697, 14718, 14752, 14779, 14794, 14796, 14845, 14875, 14883, 14931, 14938, 14943, 14948, 14964, 14983, 14990, 15003, 15033, 15052, 15059, 15098, 15104, 15110, 15132, 15147, 15149, 15160, 15176, 15197, 15205, 15212, 15234, 15246, 15264, 15282, 15351, 15369, 15388, 15394, 15425, 15438, 15465, 15483, 15490, 15501, 15563, 15566, 15579, 15592, 15632, 15638, 15644, 15687, 15697, 15735, 15739, 15792, 15836, 15884, 15893, 15916, 15922, 15935, 15940, 15943, 15955, 15996, 16047, 16063, 16067, 16085, 16117, 16150, 16160, 16175, 16180, 16258, 16270, 16277, 16330, 16339, 16405, 16460, 16515, 16530, 16539, 16571, 16579, 16581, 16593, 16614, 16664, 16674, 16697, 16708, 16751, 16796, 16802, 16804, 16819, 16854, 16876, 16910, 16917, 16945, 16955, 16980, 16998, 17117, 17120, 17123, 17126, 17137, 17165, 17204, 17222, 17232, 17241, 17246, 17263, 17270, 17272, 17277, 17280, 17288, 17314, 17372, 17393, 17401, 17417, 17421, 17436, 17446, 17477, 17481, 17486, 17499, 17543, 17549, 17575, 17619, 17627, 17638, 17648, 17652, 17682, 17709, 17726, 17743, 17750, 17773, 17799, 17807, 17854, 17885, 17898, 17900, 17903, 17916, 17943, 17968, 17993, 18040, 18043, 18053, 18112, 18118, 18125, 18127, 18131, 18184, 18206, 18225, 18241, 18275, 18299, 18339, 18352, 18395, 18427, 18437, 18487, 18500, 18565, 18578, 18618, 18657, 18693, 18717, 18728, 18731, 18742, 18783, 18827, 18829, 18850, 18873, 18887, 18914, 18935, 18953, 18969, 18980, 18991, 19002, 19010, 19016, 19043, 19054, 19084, 19115, 19117, 19122, 19136, 19181, 19183, 19189, 19210, 19221, 19292, 19294, 19365, 19373, 19393, 19407, 19409, 19421, 19428, 19443, 19454, 19459, 19490, 19522, 19535, 19545, 19557, 19583, 19599, 19609, 19635, 19648, 19651, 19664, 19691, 19716, 19751, 19753, 19778, 19781, 19794, 19797, 19800, 19847, 19853, 19859, 19888, 19911, 19921, 19940, 19953, 19975, 20000, 20015, 20024, 20037, 20045, 20048, 20055, 20063, 20069, 20089, 20093, 20100, 20114, 20131, 20154, 20177, 20190, 20234, 20241, 20246, 20304, 20308, 20310, 20347, 20373, 20383, 20388, 20426, 20453, 20455, 20457, 20496, 20586, 20611, 20616, 20687, 20705, 20707, 20732, 20741, 20752, 20762, 20775, 20796, 20823, 20838, 20840, 20861, 20864, 20884, 20894, 20896, 20962, 20976, 20984, 20986, 21002, 21017, 21053, 21057, 21077, 21119, 21124, 21133, 21137, 21166, 21170, 21202, 21210, 21240, 21244, 21262, 21287, 21296, 21358, 21386, 21415, 21417, 21424, 21431, 21433, 21462, 21503, 21521, 21533, 21577, 21580, 21596, 21599, 21611, 21623, 21638, 21645, 21648, 21679, 21715, 21720, 21736, 21750, 21797, 21799, 21802, 21820, 21851, 21910, 21913, 21934, 21972, 21988, 22028, 22039, 22058, 22083, 22129, 22131, 22135, 22164, 22166, 22184, 22191, 22212, 22220, 22265, 22270, 22273, 22280, 22282, 22301, 22317, 22339, 22374, 22388, 22415, 22431, 22434, 22452, 22470, 22472, 22475, 22477, 22480, 22495, 22498, 22515, 22533, 22539, 22587, 22607, 22628, 22645, 22656, 22658, 22662, 22699, 22706, 22714, 22720, 22724, 22731, 22739, 22767, 22775, 22779, 22820, 22823, 22852, 22887, 22927, 22937, 22952, 22957, 22989, 22996, 23002, 23028, 23044, 23046, 23073, 23082, 23093, 23101, 23116, 23137, 23164, 23181, 23210, 23219, 23230, 23240, 23252, 23274, 23301, 23356, 23370, 23389, 23432, 23461, 23492, 23502, 23540, 23542, 23595, 23606, 23617, 23640, 23666, 23687, 23701, 23706, 23725, 23727, 23733, 23739, 23767, 23784, 23788, 23796, 23834, 23851, 23882, 23886, 23898, 23915, 23920, 23949, 23951, 23953, 23976, 23978, 23986, 24000, 24030, 24040, 24043, 24045, 24107, 24122, 24140, 24205, 24208, 24248, 24296, 24302, 24320, 24324, 24342, 24346, 24360, 24367, 24437, 24442, 24450, 24510, 24516, 24551, 24569, 24636, 24687, 24697, 24704, 24716, 24739, 24743, 24747, 24756, 24758, 24777, 24798, 24800, 24811, 24852, 24895, 24921, 24929, 24943, 24945, 24947, 24962, 24992, 25027, 25042, 25062, 25070, 25089, 25100, 25106, 25118, 25177, 25199, 25223, 25236, 25252, 25315, 25326, 25331, 25341, 25351, 25369, 25386, 25417, 25431, 25438, 25490, 25525, 25556, 25558, 25561, 25566, 25593, 25601, 25619, 25631, 25644, 25667, 25675, 25689, 25708, 25756, 25766, 25771, 25778, 25799, 25833, 25896, 25933, 25947, 25965, 25970, 25975, 26000, 26021, 26024, 26026, 26037, 26040, 26068, 26075, 26083, 26110, 26135, 26138, 26143, 26146, 26150, 26187, 26220, 26269, 26272, 26277, 26286, 26300, 26314, 26361, 26375, 26377, 26400, 26408, 26411, 26437, 26442, 26451, 26530, 26543, 26559, 26579, 26583, 26593, 26597, 26638, 26640, 26650, 26659, 26699, 26702, 26705, 26737, 26746, 26758, 26796, 26799, 26817, 26820, 26860, 26893, 26898, 26910, 26915, 26926, 26932, 26963, 26970, 26981, 27002, 27029, 27047, 27053, 27075, 27077, 27088, 27133, 27145, 27152, 27207, 27225, 27229, 27237, 27241, 27259, 27264, 27278, 27287, 27292, 27345, 27371, 27381, 27386, 27421, 27447, 27493, 27513, 27523, 27541, 27544, 27547, 27550, 27553, 27556, 27559, 27592, 27649, 27660, 27670, 27683, 27704, 27730, 27745, 27747, 27762, 27813, 27841, 27881, 27885, 27905, 27939, 27953, 27986, 27992, 28066, 28072, 28075, 28077, 28116, 28143, 28147, 28168, 28193, 28233, 28236, 28251, 28273, 28316, 28351, 28367, 28423, 28438, 28490, 28507, 28556, 28562, 28586, 28593, 28595, 28641, 28643, 28650, 28658, 28662, 28680, 28696, 28711, 28730, 28743, 28757, 28800, 28829, 28851, 28869, 28873, 28875, 28878, 28902, 28928, 28997, 29019, 29023, 29033, 29043, 29048, 29068, 29075, 29077, 29085, 29096, 29127, 29132, 29134, 29140, 29160, 29169, 29173, 29182, 29211, 29233, 29239, 29252, 29258, 29267, 29291, 29331, 29346, 29355, 29367, 29371, 29395, 29435, 29445, 29467, 29471, 29489, 29513, 29544, 29555, 29559, 29579, 29607, 29609, 29623, 29630, 29634, 29673, 29713, 29723, 29744, 29794, 29803, 29811, 29822, 29839, 29842, 29855, 29886, 29890, 29900, 29907, 29923, 29942, 29973, 29976, 29989, 30042, 30048, 30054, 30064, 30089, 30107, 30119, 30128, 30132, 30137, 30150, 30159, 30175, 30185, 30192, 30196, 30204, 30215, 30219, 30232, 30266, 30273, 30347, 30354, 30401, 30424, 30440, 30453, 30457, 30462, 30476, 30490, 30498, 30510, 30528, 30530, 30545, 30583, 30617, 30627, 30636, 30638, 30643, 30684, 30711, 30732, 30734, 30772, 30786, 30800, 30810, 30812, 30840, 30842, 30855, 30882, 30896, 30938, 30942, 30950, 30981, 30990, 30999, 31085, 31150, 31185, 31228, 31282, 31291, 31314, 31333, 31335, 31340, 31347, 31361, 31380, 31398, 31415, 31423, 31457, 31517, 31530, 31573, 31602, 31605, 31645, 31647, 31650, 31663, 31666, 31716, 31722, 31728, 31762, 31770, 31801, 31813, 31834, 31836, 31856, 31884, 31898, 31908, 31919, 31929, 31937, 31953, 31968, 31972, 31974, 31980, 32010, 32021, 32025, 32046, 32082, 32104, 32133, 32143, 32154, 32166, 32219, 32233, 32270, 32287, 32355, 32386, 32400, 32426, 32429, 32447, 32449, 32451, 32457, 32463, 32487, 32489, 32500, 32568, 32581, 32600, 32636, 32653, 32660, 32663, 32669, 32697, 32705, 32740, 32776, 32896]",[],"[8, 14, 49, 93, 110, 115, 150, 183, 198, 312, 320, 330, 332, 334, 347, 353, 366, 376, 379, 395, 400, 430, 486, 527, 550, 554, 569, 584, 586, 588, 590, 592, 594, 596, 598, 600, 617, 621, 632, 655, 670, 672, 713, 725, 732, 761, 764, 788, 794, 800, 812, 814, 817, 831, 850, 870, 907, 928, 944, 1004, 1007, 1009, 1016, 1037, 1042, 1044, 1049, 1066, 1074, 1084, 1096, 1098, 1103, 1123, 1140, 1144, 1191, 1206, 1219, 1228, 1230, 1283, 1289, 1306, 1310, 1319, 1357, 1372, 1376, 1383, 1394, 1405, 1421, 1433, 1438, 1449, 1453, 1468, 1487, 1489, 1509, 1518, 1522, 1541, 1545, 1550, 1561, 1586, 1598, 1602, 1604, 1651, 1664, 1677, 1704, 1745, 1764, 1781, 1786, 1794, 1805, 1817, 1835, 1871, 1930, 1943, 1945, 1955, 1989, 2021, 2037, 2064, 2073, 2084, 2094, 2107, 2151, 2166, 2168, 2195, 2228, 2231, 2242, 2248, 2262, 2303, 2309, 2331, 2375, 2400, 2402, 2408, 2446, 2454, 2464, 2524, 2595, 2606, 2613, 2621, 2624, 2633, 2664, 2672, 2678, 2681, 2685, 2697, 2701, 2719, 2743, 2745, 2748, 2787, 2790, 2808, 2812, 2820, 2826, 2838, 2852, 2859, 2887, 2892, 2899, 2949, 2951, 2979, 2991, 3040, 3042, 3052, 3061, 3063, 3072, 3099, 3101, 3110, 3120, 3157, 3174, 3184, 3188, 3196, 3203, 3215, 3254, 3298, 3302, 3321, 3331, 3338, 3363, 3383, 3398, 3431, 3444, 3453, 3456, 3462, 3504, 3517, 3530, 3573, 3580, 3604, 3611, 3633, 3642, 3652, 3655, 3715, 3742, 3757, 3781, 3787, 3792, 3796, 3807, 3815, 3819, 3823, 3844, 3848, 3850, 3857, 3859, 3861, 3874, 3877, 3888, 3910, 3968, 3974, 3981, 3993, 3997, 3999, 4002, 4005, 4012, 4015, 4047, 4092, 4104, 4125, 4138, 4151, 4178, 4184, 4217, 4238, 4264, 4273, 4281, 4286, 4294, 4305, 4308, 4316, 4331, 4402, 4428, 4446, 4459, 4463, 4475, 4482, 4530, 4550, 4555, 4564, 4598, 4613, 4617, 4623, 4687, 4704, 4731, 4743, 4747, 4754, 4758, 4781, 4792, 4809, 4847, 4872, 4921, 4951, 4961, 4970, 5027, 5042, 5057, 5062, 5082, 5098, 5136, 5148, 5164, 5166, 5178, 5231, 5237, 5246, 5265, 5268, 5277, 5314, 5328, 5387, 5398, 5419, 5425, 5469, 5513, 5526, 5544, 5588, 5608, 5631, 5649, 5671, 5713, 5723, 5733, 5750, 5755, 5800, 5806, 5844, 5884, 5897, 5913, 5939, 5942, 5945, 5948, 5965, 6116, 6122, 6158, 6241, 6244, 6254, 6259, 6358, 6366, 6379, 6394, 6408, 6551, 6561, 6602, 6614, 6616, 6643, 6657, 6675, 6711, 6713, 6715, 6733, 6772, 6808, 6823, 6828, 6839, 6893, 6937, 6950, 6964, 6967, 7011, 7063, 7110, 7113, 7122, 7141, 7162, 7182, 7185, 7249, 7254, 7263, 7268, 7319, 7322, 7355, 7362, 7396, 7410, 7431, 7433, 7523, 7532, 7557, 7614, 7632, 7644, 7650, 7687, 7689, 7695, 7699, 7703, 7733, 7797, 7817, 7819, 7833, 7844, 7977, 8010, 8021, 8093, 8097, 8102, 8113, 8183, 8200, 8383, 8432, 8444, 8502, 8515, 8559, 8570, 8574, 8595, 8646, 8716, 8742, 8745, 8752, 8800, 8859, 8946, 9019, 9034, 9048, 9052, 9073, 9220, 9253, 9331, 9341, 9356, 9361, 9400, 9432, 9478, 9487, 9498, 9506, 9508, 9521, 9540, 9567, 9607, 9667, 9697, 9718, 9739, 9749, 9768, 9830, 9862, 9878, 9908, 9911, 9964, 9969, 9999, 10029, 10036, 10100, 10102, 10111, 10148, 10191, 10218, 10261, 10271, 10303, 10319, 10349, 10370, 10396, 10398, 10403, 10415, 10424, 10426, 10428, 10445, 10464, 10473, 10505, 10508, 10518, 10530, 10541, 10594, 10613, 10628, 10639, 10642, 10678, 10697, 10708, 10716, 10729, 10790, 10801, 10805, 10842, 10868, 10887, 10898, 10900, 10948, 11027, 11045, 11097, 11105, 11128, 11158, 11163, 11167, 11176, 11180, 11189, 11202, 11231, 11237, 11269, 11287, 11291, 11300, 11326, 11330, 11350, 11378, 11411, 11413, 11418, 11439, 11472, 11478, 11489, 11506, 11508, 11534, 11537, 11546, 11581, 11583, 11627, 11635, 11641, 11650, 11656, 11660, 11665, 11669, 11677, 11688, 11709, 11724, 11777, 11779, 11784, 11796, 11798, 11804, 11806, 11814, 11819, 11833, 11846, 11848, 11853, 11860, 11907, 11951, 11961, 11963, 11969, 11990, 12000, 12013, 12017, 12024, 12036, 12061, 12063, 12069, 12071, 12104, 12115, 12131, 12139, 12190, 12206, 12218, 12220, 12226, 12228, 12276, 12282, 12294, 12317, 12329, 12360, 12367, 12417, 12446, 12451, 12459, 12461, 12476, 12481, 12519, 12552, 12582, 12606, 12617, 12627, 12661, 12664, 12688, 12705, 12736, 12747, 12761, 12768, 12770, 12774, 12833, 12839, 12848, 12860, 12962, 12973, 12975, 12981, 12993, 13066, 13071, 13091, 13093, 13117, 13125, 13203, 13219, 13222, 13257, 13263, 13265, 13292, 13326, 13360, 13383, 13385, 13408, 13410, 13433, 13435, 13458, 13460, 13483, 13485, 13525, 13531, 13537, 13630, 13635, 13642, 13647, 13660, 13692, 13728, 13735, 13829, 13874, 13885, 13889, 13900, 13955, 13966, 13978, 13988, 14007, 14020, 14051, 14065, 14072, 14097, 14125, 14167, 14170, 14173, 14177, 14183, 14242, 14248, 14261, 14283, 14381, 14410, 14437, 14452, 14477, 14515, 14518, 14522, 14542, 14552, 14567, 14611, 14628, 14643, 14688, 14697, 14718, 14752, 14779, 14794, 14796, 14845, 14875, 14883, 14931, 14938, 14943, 14948, 14964, 14983, 14990, 15003, 15033, 15052, 15059, 15098, 15104, 15110, 15132, 15147, 15149, 15160, 15176, 15197, 15205, 15212, 15234, 15246, 15264, 15282, 15351, 15369, 15388, 15394, 15425, 15438, 15465, 15483, 15490, 15501, 15563, 15566, 15579, 15592, 15632, 15638, 15644, 15687, 15697, 15735, 15739, 15792, 15836, 15884, 15893, 15916, 15922, 15935, 15940, 15943, 15955, 15996, 16047, 16063, 16067, 16085, 16117, 16150, 16160, 16175, 16180, 16258, 16270, 16277, 16330, 16339, 16405, 16460, 16515, 16530, 16539, 16571, 16579, 16581, 16593, 16614, 16664, 16674, 16697, 16708, 16751, 16796, 16802, 16804, 16819, 16854, 16876, 16910, 16917, 16945, 16955, 16980, 16998, 17117, 17120, 17123, 17126, 17137, 17165, 17204, 17222, 17232, 17241, 17246, 17263, 17270, 17272, 17277, 17280, 17288, 17314, 17372, 17393, 17401, 17417, 17421, 17436, 17446, 17477, 17481, 17486, 17499, 17543, 17549, 17575, 17619, 17627, 17638, 17648, 17652, 17682, 17709, 17726, 17743, 17750, 17773, 17799, 17807, 17854, 17885, 17898, 17900, 17903, 17916, 17943, 17968, 17993, 18040, 18043, 18053, 18112, 18118, 18125, 18127, 18131, 18184, 18206, 18225, 18241, 18275, 18299, 18339, 18352, 18395, 18427, 18437, 18487, 18500, 18565, 18578, 18618, 18657, 18693, 18717, 18728, 18731, 18742, 18783, 18827, 18829, 18850, 18873, 18887, 18914, 18935, 18953, 18969, 18980, 18991, 19002, 19010, 19016, 19043, 19054, 19084, 19115, 19117, 19122, 19136, 19181, 19183, 19189, 19210, 19221, 19292, 19294, 19365, 19373, 19393, 19407, 19409, 19421, 19428, 19443, 19454, 19459, 19490, 19522, 19535, 19545, 19557, 19583, 19599, 19609, 19635, 19648, 19651, 19664, 19691, 19716, 19751, 19753, 19778, 19781, 19794, 19797, 19800, 19847, 19853, 19859, 19888, 19911, 19921, 19940, 19953, 19975, 20000, 20015, 20024, 20037, 20045, 20048, 20055, 20063, 20069, 20089, 20093, 20100, 20114, 20131, 20154, 20177, 20190, 20234, 20241, 20246, 20304, 20308, 20310, 20347, 20373, 20383, 20388, 20426, 20453, 20455, 20457, 20496, 20586, 20611, 20616, 20687, 20705, 20707, 20732, 20741, 20752, 20762, 20775, 20796, 20823, 20838, 20840, 20861, 20864, 20884, 20894, 20896, 20962, 20976, 20984, 20986, 21002, 21017, 21053, 21057, 21077, 21119, 21124, 21133, 21137, 21166, 21170, 21202, 21210, 21240, 21244, 21262, 21287, 21296, 21358, 21386, 21415, 21417, 21424, 21431, 21433, 21462, 21503, 21521, 21533, 21577, 21580, 21596, 21599, 21611, 21623, 21638, 21645, 21648, 21679, 21715, 21720, 21736, 21750, 21797, 21799, 21802, 21820, 21851, 21910, 21913, 21934, 21972, 21988, 22028, 22039, 22058, 22083, 22129, 22131, 22135, 22164, 22166, 22184, 22191, 22212, 22220, 22265, 22270, 22273, 22280, 22282, 22301, 22317, 22339, 22374, 22388, 22415, 22431, 22434, 22452, 22470, 22472, 22475, 22477, 22480, 22495, 22498, 22515, 22533, 22539, 22587, 22607, 22628, 22645, 22656, 22658, 22662, 22699, 22706, 22714, 22720, 22724, 22731, 22739, 22767, 22775, 22779, 22820, 22823, 22852, 22887, 22927, 22937, 22952, 22957, 22989, 22996, 23002, 23028, 23044, 23046, 23073, 23082, 23093, 23101, 23116, 23137, 23164, 23181, 23210, 23219, 23230, 23240, 23252, 23274, 23301, 23356, 23370, 23389, 23432, 23461, 23492, 23502, 23540, 23542, 23595, 23606, 23617, 23640, 23666, 23687, 23701, 23706, 23725, 23727, 23733, 23739, 23767, 23784, 23788, 23796, 23834, 23851, 23882, 23886, 23898, 23915, 23920, 23949, 23951, 23953, 23976, 23978, 23986, 24000, 24030, 24040, 24043, 24045, 24107, 24122, 24140, 24205, 24208, 24248, 24296, 24302, 24320, 24324, 24342, 24346, 24360, 24367, 24437, 24442, 24450, 24510, 24516, 24551, 24569, 24636, 24687, 24697, 24704, 24716, 24739, 24743, 24747, 24756, 24758, 24777, 24798, 24800, 24811, 24852, 24895, 24921, 24929, 24943, 24945, 24947, 24962, 24992, 25027, 25042, 25062, 25070, 25089, 25100, 25106, 25118, 25177, 25199, 25223, 25236, 25252, 25315, 25326, 25331, 25341, 25351, 25369, 25386, 25417, 25431, 25438, 25490, 25525, 25556, 25558, 25561, 25566, 25593, 25601, 25619, 25631, 25644, 25667, 25675, 25689, 25708, 25756, 25766, 25771, 25778, 25799, 25833, 25896, 25933, 25947, 25965, 25970, 25975, 26000, 26021, 26024, 26026, 26037, 26040, 26068, 26075, 26083, 26110, 26135, 26138, 26143, 26146, 26150, 26187, 26220, 26269, 26272, 26277, 26286, 26300, 26314, 26361, 26375, 26377, 26400, 26408, 26411, 26437, 26442, 26451, 26530, 26543, 26559, 26579, 26583, 26593, 26597, 26638, 26640, 26650, 26659, 26699, 26702, 26705, 26737, 26746, 26758, 26796, 26799, 26817, 26820, 26860, 26893, 26898, 26910, 26915, 26926, 26932, 26963, 26970, 26981, 27002, 27029, 27047, 27053, 27075, 27077, 27088, 27133, 27145, 27152, 27207, 27225, 27229, 27237, 27241, 27259, 27264, 27278, 27287, 27292, 27345, 27371, 27381, 27386, 27421, 27447, 27493, 27513, 27523, 27541, 27544, 27547, 27550, 27553, 27556, 27559, 27592, 27649, 27660, 27670, 27683, 27704, 27730, 27745, 27747, 27762, 27813, 27841, 27881, 27885, 27905, 27939, 27953, 27986, 27992, 28066, 28072, 28075, 28077, 28116, 28143, 28147, 28168, 28193, 28233, 28236, 28251, 28273, 28316, 28351, 28367, 28423, 28438, 28490, 28507, 28556, 28562, 28586, 28593, 28595, 28641, 28643, 28650, 28658, 28662, 28680, 28696, 28711, 28730, 28743, 28757, 28800, 28829, 28851, 28869, 28873, 28875, 28878, 28902, 28928, 28997, 29019, 29023, 29033, 29043, 29048, 29068, 29075, 29077, 29085, 29096, 29127, 29132, 29134, 29140, 29160, 29169, 29173, 29182, 29211, 29233, 29239, 29252, 29258, 29267, 29291, 29331, 29346, 29355, 29367, 29371, 29395, 29435, 29445, 29467, 29471, 29489, 29513, 29544, 29555, 29559, 29579, 29607, 29609, 29623, 29630, 29634, 29673, 29713, 29723, 29744, 29794, 29803, 29811, 29822, 29839, 29842, 29855, 29886, 29890, 29900, 29907, 29923, 29942, 29973, 29976, 29989, 30042, 30048, 30054, 30064, 30089, 30107, 30119, 30128, 30132, 30137, 30150, 30159, 30175, 30185, 30192, 30196, 30204, 30215, 30219, 30232, 30266, 30273, 30347, 30354, 30401, 30424, 30440, 30453, 30457, 30462, 30476, 30490, 30498, 30510, 30528, 30530, 30545, 30583, 30617, 30627, 30636, 30638, 30643, 30684, 30711, 30732, 30734, 30772, 30786, 30800, 30810, 30812, 30840, 30842, 30855, 30882, 30896, 30938, 30942, 30950, 30981, 30990, 30999, 31085, 31150, 31185, 31228, 31282, 31291, 31314, 31333, 31335, 31340, 31347, 31361, 31380, 31398, 31415, 31423, 31457, 31517, 31530, 31573, 31602, 31605, 31645, 31647, 31650, 31663, 31666, 31716, 31722, 31728, 31762, 31770, 31801, 31813, 31834, 31836, 31856, 31884, 31898, 31908, 31919, 31929, 31937, 31953, 31968, 31972, 31974, 31980, 32010, 32021, 32025, 32046, 32082, 32104, 32133, 32143, 32154, 32166, 32219, 32233, 32270, 32287, 32355, 32386, 32400, 32426, 32429, 32447, 32449, 32451, 32457, 32463, 32487, 32489, 32500, 32568, 32581, 32600, 32636, 32653, 32660, 32663, 32669, 32697, 32705, 32740, 32776, 32896]","[830, 11325, 16944, 19188, 19442, 21132, 25061, 25314, 28679, 29554]",32899,1716,31183,0,1716,31173,10
-4.0,HSIFNG,"[16, 23, 34, 56, 64, 81, 92, 94, 99, 105, 137, 150, 154, 162, 179, 226, 259, 284, 294, 319, 344, 356, 398, 403, 489, 518, 525, 537, 557, 590, 594, 610, 616, 620, 623, 651, 670, 680, 687, 703, 705, 713, 733, 760, 778, 782, 836, 853, 865, 868, 883, 886, 892, 900, 925, 956, 977, 989, 1003, 1012, 1048, 1065, 1102, 1107, 1122, 1168, 1183, 1196, 1220, 1231, 1260, 1275, 1290, 1383, 1407, 1435, 1441, 1454, 1470, 1480, 1485, 1496, 1503, 1509, 1572, 1583, 1596, 1615, 1653, 1659, 1696, 1715, 1731, 1740, 1751, 1799, 1836, 1847, 1898, 1932, 1971, 1975, 1997, 2026, 2084, 2086, 2113, 2118, 2176, 2202, 2217, 2245, 2266, 2323, 2325, 2331, 2348, 2365, 2369, 2374, 2393, 2404, 2414, 2418, 2432, 2443, 2447, 2465, 2478, 2489, 2536, 2540, 2558, 2578, 2580, 2582, 2613, 2642, 2666, 2671, 2678, 2684, 2760, 2772, 2795, 2818, 2844, 2850, 2854, 2858, 2903, 2965, 2983, 2993, 3022, 3045, 3057, 3094, 3135, 3153, 3155, 3168, 3214, 3253, 3263, 3288, 3300, 3303, 3319, 3324, 3335, 3343, 3351, 3373, 3382, 3404, 3461, 3464, 3495, 3517, 3551, 3573, 3593, 3603, 3629, 3632, 3637, 3646, 3648, 3668, 3691, 3698, 3737, 3743, 3757, 3787, 3798, 3801, 3834, 3861, 3863, 3929, 3939, 3951, 3953, 3963, 3980, 3983, 3997, 4003, 4026, 4044, 4076, 4087, 4116, 4136, 4169, 4176, 4188, 4207, 4219, 4250, 4260, 4265, 4279, 4341, 4377, 4393, 4430, 4436, 4464, 4473, 4483, 4491, 4601, 4616, 4649, 4663, 4698, 4708, 4716, 4732, 4738, 4741, 4840, 4861, 4863, 4892, 4917, 4923, 4940, 4967, 5028, 5031, 5033, 5035, 5071, 5076, 5089, 5099, 5128, 5143, 5161, 5163, 5168, 5212, 5227, 5237, 5243, 5258, 5269, 5304, 5306, 5310, 5329, 5331, 5347, 5359, 5386, 5398, 5410, 5424, 5434, 5446, 5449, 5472, 5491, 5537, 5556, 5571, 5645, 5689, 5695, 5700, 5703, 5707, 5709, 5745, 5760, 5763, 5765, 5784, 5791, 5797, 5811, 5832, 5834, 5836, 5851, 5854, 5893, 5911, 5916, 5919]",[],"[16, 23, 34, 56, 64, 81, 92, 94, 99, 105, 137, 150, 154, 162, 179, 226, 259, 284, 294, 319, 344, 356, 398, 403, 489, 518, 525, 537, 557, 590, 594, 610, 616, 620, 623, 651, 670, 680, 687, 703, 705, 713, 733, 760, 778, 782, 836, 853, 865, 868, 883, 886, 892, 900, 925, 956, 977, 989, 1003, 1012, 1048, 1065, 1102, 1107, 1122, 1168, 1183, 1196, 1220, 1231, 1260, 1275, 1290, 1383, 1407, 1435, 1441, 1454, 1470, 1480, 1485, 1496, 1503, 1509, 1572, 1583, 1596, 1615, 1653, 1659, 1696, 1715, 1731, 1740, 1751, 1799, 1836, 1847, 1898, 1932, 1971, 1975, 1997, 2026, 2084, 2086, 2113, 2118, 2176, 2202, 2217, 2245, 2266, 2323, 2325, 2331, 2348, 2365, 2369, 2374, 2393, 2404, 2414, 2418, 2432, 2443, 2447, 2465, 2478, 2489, 2536, 2540, 2558, 2578, 2580, 2582, 2613, 2642, 2666, 2671, 2678, 2684, 2760, 2772, 2795, 2818, 2844, 2850, 2854, 2858, 2903, 2965, 2983, 2993, 3022, 3045, 3057, 3094, 3135, 3153, 3155, 3168, 3214, 3253, 3263, 3288, 3300, 3303, 3319, 3324, 3335, 3343, 3351, 3373, 3382, 3404, 3461, 3464, 3495, 3517, 3551, 3573, 3593, 3603, 3629, 3632, 3637, 3646, 3648, 3668, 3691, 3698, 3737, 3743, 3757, 3787, 3798, 3801, 3834, 3861, 3863, 3929, 3939, 3951, 3953, 3963, 3980, 3983, 3997, 4003, 4026, 4044, 4076, 4087, 4116, 4136, 4169, 4176, 4188, 4207, 4219, 4250, 4260, 4265, 4279, 4341, 4377, 4393, 4430, 4436, 4464, 4473, 4483, 4491, 4601, 4616, 4649, 4663, 4698, 4708, 4716, 4732, 4738, 4741, 4840, 4861, 4863, 4892, 4917, 4923, 4940, 4967, 5028, 5031, 5033, 5035, 5071, 5076, 5089, 5099, 5128, 5143, 5161, 5163, 5168, 5212, 5227, 5237, 5243, 5258, 5269, 5304, 5306, 5310, 5329, 5331, 5347, 5359, 5386, 5398, 5410, 5424, 5434, 5446, 5449, 5472, 5491, 5537, 5556, 5571, 5645, 5689, 5695, 5700, 5703, 5707, 5709, 5745, 5760, 5763, 5765, 5784, 5791, 5797, 5811, 5832, 5834, 5836, 5851, 5854, 5893, 5911, 5916, 5919]","[589, 1897, 2175]",5954,314,5640,0,314,5637,3
-4.0,HSIL1AG,"[16, 21, 49, 51, 54, 63, 72, 94, 236, 265, 299, 333, 339, 394, 466, 471, 473, 536, 567, 621, 724, 731, 749, 763, 770, 806, 808, 827, 849, 865, 899, 917, 981, 999, 1156, 1189, 1193, 1214, 1300, 1307, 1348, 1359, 1376, 1384, 1460, 1474, 1480, 1490, 1519, 1528, 1531, 1534, 1550, 1583, 1602, 1613, 1618, 1622, 1638, 1687, 1712, 1731, 1812, 1829, 1831, 1853, 1856, 1858, 1864, 1898, 1916, 1963, 1988, 2039, 2048, 2061, 2131, 2138, 2140, 2147, 2156, 2171, 2182, 2202, 2209, 2232, 2246, 2282, 2311, 2314, 2322, 2324, 2338, 2348, 2385, 2442, 2491, 2522, 2531, 2596, 2631, 2642, 2691, 2704, 2707, 2731, 2760, 2778, 2784, 2798, 2803, 2805, 2824, 2841, 2915, 2924, 2950, 2966, 2993, 3018, 3020, 3024, 3026, 3032, 3055, 3066, 3068, 3072, 3074, 3076, 3095, 3104, 3166, 3184, 3203, 3216, 3230, 3261, 3264, 3313, 3343, 3357, 3386, 3392, 3448, 3475, 3479, 3520, 3522, 3526, 3536, 3541, 3543, 3546, 3549, 3552, 3577, 3587, 3632, 3639, 3661, 3663, 3669, 3671, 3699, 3709, 3713, 3720, 3738, 3750, 3775, 3840, 3853, 3894, 3940, 3984, 4024, 4087, 4119, 4161, 4163, 4171, 4221, 4224, 4227, 4245, 4262, 4267, 4327, 4334, 4363, 4374, 4383, 4407, 4412, 4443, 4448, 4504, 4555, 4561, 4564, 4566, 4594, 4618, 4647, 4652, 4668, 4676, 4688, 4727, 4730, 4743, 4785, 4803, 4836, 4841, 4848, 4865, 4919, 4929, 4944, 4949, 4988, 5020, 5049, 5067, 5076, 5087, 5095, 5098, 5112, 5139, 5156, 5253, 5319, 5344, 5348, 5373, 5384, 5398, 5420, 5458, 5490, 5503, 5513, 5549, 5553, 5559, 5581, 5585, 5621, 5633, 5692, 5711, 5717, 5755, 5812, 5840, 5856, 5875, 5919, 5927, 5954, 5966, 5970, 6003, 6015, 6054, 6103, 6117, 6190, 6194, 6204, 6206, 6217, 6219, 6223, 6247, 6256, 6279, 6307, 6371, 6393, 6434, 6462, 6537, 6544, 6612, 6630, 6646, 6663, 6670, 6673, 6692, 6706, 6751, 6822, 6826, 6843, 6889, 6936, 6941, 6988, 6994, 7003, 7021, 7118, 7120, 7172, 7174, 7178, 7217, 7225, 7229, 7238, 7272, 7284, 7301, 7385, 7389, 7411, 7431, 7433, 7458, 7463, 7497, 7563, 7590, 7605, 7609, 7611, 7623, 7640, 7667, 7682, 7799, 7815, 7831, 7841, 7869, 7898, 7902, 7929, 7941, 7945, 7955, 7987, 7991, 8026, 8034, 8096, 8133, 8272, 8365, 8392, 8414, 8430, 8436, 8441, 8494, 8511, 8515, 8527, 8531, 8560, 8571, 8581, 8602, 8607, 8616, 8624, 8674, 8690, 8702, 8704, 8711, 8714, 8731, 8829, 8847, 8855, 8871, 8874, 8892, 8923, 8929, 8932, 8936, 8944, 8969, 8972, 8975, 8978, 8982, 8990, 9015, 9018, 9021, 9024, 9028, 9036, 9061, 9064, 9067, 9070, 9074, 9082, 9107, 9110, 9113, 9116, 9120, 9141, 9175, 9256, 9291, 9314, 9324, 9399, 9412, 9423, 9432, 9437, 9450, 9474, 9540, 9555, 9606, 9686, 9691, 9720, 9734, 9747, 9772, 9774, 9776, 9780, 9782, 9784, 9786, 9788, 9790, 9794, 9796, 9798, 9800, 9802, 9804, 9806, 9821, 9845, 9876, 9885, 9905, 9927, 9930, 9952, 9965, 9988, 10014, 10025, 10027, 10123, 10174, 10194, 10197, 10199, 10238, 10257, 10322, 10325, 10384, 10401, 10429, 10431, 10488, 10492, 10499, 10508, 10517, 10522, 10524, 10531, 10539, 10546, 10573, 10577, 10593, 10605, 10621, 10634, 10640, 10664, 10667, 10698, 10839, 10888, 10907, 10939, 10954, 11008, 11030, 11039, 11089, 11116, 11182, 11184, 11214, 11216, 11230, 11234, 11263, 11269, 11272, 11307, 11322, 11339, 11361, 11368, 11414, 11441, 11493, 11519, 11528, 11539, 11551, 11567, 11588, 11600, 11602, 11609, 11652, 11687, 11704, 11710, 11726, 11733, 11735, 11783, 11794, 11832, 11869, 11871, 11937, 11950]",[],"[16, 21, 49, 51, 54, 63, 72, 94, 236, 265, 299, 333, 339, 394, 466, 471, 473, 536, 567, 621, 724, 731, 749, 763, 770, 806, 808, 827, 849, 865, 899, 917, 981, 999, 1156, 1189, 1193, 1214, 1300, 1307, 1348, 1359, 1376, 1384, 1460, 1474, 1480, 1490, 1519, 1528, 1531, 1534, 1550, 1583, 1602, 1613, 1618, 1622, 1638, 1687, 1712, 1731, 1812, 1829, 1831, 1853, 1856, 1858, 1864, 1898, 1916, 1963, 1988, 2039, 2048, 2061, 2131, 2138, 2140, 2147, 2156, 2171, 2182, 2202, 2209, 2232, 2246, 2282, 2311, 2314, 2322, 2324, 2338, 2348, 2385, 2442, 2491, 2522, 2531, 2596, 2631, 2642, 2691, 2704, 2707, 2731, 2760, 2778, 2784, 2798, 2803, 2805, 2824, 2841, 2915, 2924, 2950, 2966, 2993, 3018, 3020, 3024, 3026, 3032, 3055, 3066, 3068, 3072, 3074, 3076, 3095, 3104, 3166, 3184, 3203, 3216, 3230, 3261, 3264, 3313, 3343, 3357, 3386, 3392, 3448, 3475, 3479, 3520, 3522, 3526, 3536, 3541, 3543, 3546, 3549, 3552, 3577, 3587, 3632, 3639, 3661, 3663, 3669, 3671, 3699, 3709, 3713, 3720, 3738, 3750, 3775, 3840, 3853, 3894, 3940, 3984, 4024, 4087, 4119, 4161, 4163, 4171, 4221, 4224, 4227, 4245, 4262, 4267, 4327, 4334, 4363, 4374, 4383, 4407, 4412, 4443, 4448, 4504, 4555, 4561, 4564, 4566, 4594, 4618, 4647, 4652, 4668, 4676, 4688, 4727, 4730, 4743, 4785, 4803, 4836, 4841, 4848, 4865, 4919, 4929, 4944, 4949, 4988, 5020, 5049, 5067, 5076, 5087, 5095, 5098, 5112, 5139, 5156, 5253, 5319, 5344, 5348, 5373, 5384, 5398, 5420, 5458, 5490, 5503, 5513, 5549, 5553, 5559, 5581, 5585, 5621, 5633, 5692, 5711, 5717, 5755, 5812, 5840, 5856, 5875, 5919, 5927, 5954, 5966, 5970, 6003, 6015, 6054, 6103, 6117, 6190, 6194, 6204, 6206, 6217, 6219, 6223, 6247, 6256, 6279, 6307, 6371, 6393, 6434, 6462, 6537, 6544, 6612, 6630, 6646, 6663, 6670, 6673, 6692, 6706, 6751, 6822, 6826, 6843, 6889, 6936, 6941, 6988, 6994, 7003, 7021, 7118, 7120, 7172, 7174, 7178, 7217, 7225, 7229, 7238, 7272, 7284, 7301, 7385, 7389, 7411, 7431, 7433, 7458, 7463, 7497, 7563, 7590, 7605, 7609, 7611, 7623, 7640, 7667, 7682, 7799, 7815, 7831, 7841, 7869, 7898, 7902, 7929, 7941, 7945, 7955, 7987, 7991, 8026, 8034, 8096, 8133, 8272, 8365, 8392, 8414, 8430, 8436, 8441, 8494, 8511, 8515, 8527, 8531, 8560, 8571, 8581, 8602, 8607, 8616, 8624, 8674, 8690, 8702, 8704, 8711, 8714, 8731, 8829, 8847, 8855, 8871, 8874, 8892, 8923, 8929, 8932, 8936, 8944, 8969, 8972, 8975, 8978, 8982, 8990, 9015, 9018, 9021, 9024, 9028, 9036, 9061, 9064, 9067, 9070, 9074, 9082, 9107, 9110, 9113, 9116, 9120, 9141, 9175, 9256, 9291, 9314, 9324, 9399, 9412, 9423, 9432, 9437, 9450, 9474, 9540, 9555, 9606, 9686, 9691, 9720, 9734, 9747, 9772, 9774, 9776, 9780, 9782, 9784, 9786, 9788, 9790, 9794, 9796, 9798, 9800, 9802, 9804, 9806, 9821, 9845, 9876, 9885, 9905, 9927, 9930, 9952, 9965, 9988, 10014, 10025, 10027, 10123, 10174, 10194, 10197, 10199, 10238, 10257, 10322, 10325, 10384, 10401, 10429, 10431, 10488, 10492, 10499, 10508, 10517, 10522, 10524, 10531, 10539, 10546, 10573, 10577, 10593, 10605, 10621, 10634, 10640, 10664, 10667, 10698, 10839, 10888, 10907, 10939, 10954, 11008, 11030, 11039, 11089, 11116, 11182, 11184, 11214, 11216, 11230, 11234, 11263, 11269, 11272, 11307, 11322, 11339, 11361, 11368, 11414, 11441, 11493, 11519, 11528, 11539, 11551, 11567, 11588, 11600, 11602, 11609, 11652, 11687, 11704, 11710, 11726, 11733, 11735, 11783, 11794, 11832, 11869, 11871, 11937, 11950]","[2208, 3215, 4326, 6433, 7940]",11963,545,11418,0,545,11413,5
-4.0,HSIL1B,"[75, 81, 102, 105, 118, 127, 145, 214, 216, 261, 284, 312, 318, 385, 411, 429, 431, 518, 568, 584, 612, 639, 650, 662, 664, 681, 694, 736, 768, 778, 811, 822, 828, 866, 868, 906, 936, 946, 966, 968, 984, 1003, 1005, 1025, 1102, 1104, 1110, 1135, 1153, 1199, 1246, 1269, 1282, 1292, 1295, 1297, 1314, 1328, 1353, 1357, 1380, 1447, 1498, 1516, 1520, 1542, 1552, 1566, 1570, 1576, 1586, 1588, 1590, 1602, 1637, 1650, 1660, 1684, 1711, 1729, 1731, 1737, 1780, 1846, 1856, 2007, 2035, 2046, 2054, 2070, 2072, 2074, 2111, 2166, 2168, 2241, 2245, 2247, 2289, 2295, 2300, 2423, 2429, 2440, 2467, 2469, 2491, 2507, 2529, 2533, 2551, 2564, 2580, 2585, 2587, 2594, 2635, 2647, 2654, 2689, 2725, 2727, 2730, 2805, 2807, 2862, 2895, 2933, 2950, 2964, 2966, 2993, 3000, 3014, 3019, 3024, 3050, 3074, 3080, 3092, 3111, 3145, 3157, 3212, 3236, 3243, 3270, 3310, 3327, 3340, 3344, 3347, 3350, 3363, 3366, 3380, 3383, 3391, 3405, 3421, 3483, 3526, 3541, 3566, 3645, 3660, 3745, 3762, 3765, 3793, 3827, 3841, 3850, 3867, 3880, 3904, 3908, 3911, 3917, 3957, 3961, 3990, 4002, 4025, 4059, 4080, 4167, 4179, 4191, 4235, 4274, 4277, 4294, 4330, 4332, 4358, 4360, 4384, 4394, 4407, 4413, 4440, 4442, 4478, 4486, 4491, 4493, 4497, 4506, 4523, 4555, 4560, 4562, 4581, 4588, 4605, 4607, 4617, 4682, 4687, 4692, 4697, 4702, 4717, 4727, 4742, 4747, 4750, 4786, 4809, 4834, 4863, 4872, 4883, 4893, 4906, 4914, 4953, 5065, 5076, 5125, 5221, 5225, 5228, 5231, 5261, 5328, 5331, 5349, 5363, 5365, 5377, 5428, 5490, 5575, 5585, 5589, 5600, 5608, 5610, 5636, 5644, 5658, 5665, 5691, 5699, 5701, 5706, 5711, 5713, 5750, 5752, 5755, 5772, 5784, 5786, 5859, 5913, 5928, 5976, 5981, 5986, 6040, 6058, 6099, 6111, 6118, 6146, 6183, 6217, 6225, 6235, 6237, 6280, 6290, 6304, 6309, 6311, 6333, 6362, 6366, 6379, 6382, 6400, 6416, 6418, 6435, 6460, 6477, 6480, 6487, 6531, 6544, 6551, 6556, 6574, 6577, 6594, 6602, 6625, 6627, 6710, 6726, 6729, 6735, 6765, 6788, 6790, 6835, 6859, 6871, 6877, 6897, 6937, 6940, 6951, 6974, 7018, 7039, 7118, 7122, 7129, 7134, 7142, 7144, 7167, 7171, 7197, 7220, 7226, 7241, 7243, 7275, 7278, 7280, 7289, 7296, 7312, 7329, 7358, 7364, 7371, 7373, 7407, 7411, 7513, 7526, 7539, 7569, 7615, 7623, 7634, 7660, 7712, 7725, 7793, 7799, 7850, 7937, 7980, 7992, 8006, 8023, 8034, 8038, 8086, 8129, 8131, 8176, 8217, 8226, 8238, 8272, 8329, 8331, 8349, 8360, 8365, 8374, 8415, 8423, 8448, 8451, 8483, 8486, 8504, 8521, 8560, 8630, 8647, 8702, 8706, 8710, 8724, 8751, 8757, 8759, 8763, 8813, 8815, 8833, 8911, 8919, 8957, 8977, 8996, 9011, 9017, 9050, 9059, 9118, 9121, 9141, 9181, 9191, 9194, 9236, 9252, 9268, 9285, 9292, 9320, 9337, 9349, 9354, 9377, 9465, 9467, 9471, 9480, 9498, 9532, 9557, 9628, 9680, 9693, 9705, 9717]",[],"[75, 81, 102, 105, 118, 127, 145, 214, 216, 261, 284, 312, 318, 385, 411, 429, 431, 518, 568, 584, 612, 639, 650, 662, 664, 681, 694, 736, 768, 778, 811, 822, 828, 866, 868, 906, 936, 946, 966, 968, 984, 1003, 1005, 1025, 1102, 1104, 1110, 1135, 1153, 1199, 1246, 1269, 1282, 1292, 1295, 1297, 1314, 1328, 1353, 1357, 1380, 1447, 1498, 1516, 1520, 1542, 1552, 1566, 1570, 1576, 1586, 1588, 1590, 1602, 1637, 1650, 1660, 1684, 1711, 1729, 1731, 1737, 1780, 1846, 1856, 2007, 2035, 2046, 2054, 2070, 2072, 2074, 2111, 2166, 2168, 2241, 2245, 2247, 2289, 2295, 2300, 2423, 2429, 2440, 2467, 2469, 2491, 2507, 2529, 2533, 2551, 2564, 2580, 2585, 2587, 2594, 2635, 2647, 2654, 2689, 2725, 2727, 2730, 2805, 2807, 2862, 2895, 2933, 2950, 2964, 2966, 2993, 3000, 3014, 3019, 3024, 3050, 3074, 3080, 3092, 3111, 3145, 3157, 3212, 3236, 3243, 3270, 3310, 3327, 3340, 3344, 3347, 3350, 3363, 3366, 3380, 3383, 3391, 3405, 3421, 3483, 3526, 3541, 3566, 3645, 3660, 3745, 3762, 3765, 3793, 3827, 3841, 3850, 3867, 3880, 3904, 3908, 3911, 3917, 3957, 3961, 3990, 4002, 4025, 4059, 4080, 4167, 4179, 4191, 4235, 4274, 4277, 4294, 4330, 4332, 4358, 4360, 4384, 4394, 4407, 4413, 4440, 4442, 4478, 4486, 4491, 4493, 4497, 4506, 4523, 4555, 4560, 4562, 4581, 4588, 4605, 4607, 4617, 4682, 4687, 4692, 4697, 4702, 4717, 4727, 4742, 4747, 4750, 4786, 4809, 4834, 4863, 4872, 4883, 4893, 4906, 4914, 4953, 5065, 5076, 5125, 5221, 5225, 5228, 5231, 5261, 5328, 5331, 5349, 5363, 5365, 5377, 5428, 5490, 5575, 5585, 5589, 5600, 5608, 5610, 5636, 5644, 5658, 5665, 5691, 5699, 5701, 5706, 5711, 5713, 5750, 5752, 5755, 5772, 5784, 5786, 5859, 5913, 5928, 5976, 5981, 5986, 6040, 6058, 6099, 6111, 6118, 6146, 6183, 6217, 6225, 6235, 6237, 6280, 6290, 6304, 6309, 6311, 6333, 6362, 6366, 6379, 6382, 6400, 6416, 6418, 6435, 6460, 6477, 6480, 6487, 6531, 6544, 6551, 6556, 6574, 6577, 6594, 6602, 6625, 6627, 6710, 6726, 6729, 6735, 6765, 6788, 6790, 6835, 6859, 6871, 6877, 6897, 6937, 6940, 6951, 6974, 7018, 7039, 7118, 7122, 7129, 7134, 7142, 7144, 7167, 7171, 7197, 7220, 7226, 7241, 7243, 7275, 7278, 7280, 7289, 7296, 7312, 7329, 7358, 7364, 7371, 7373, 7407, 7411, 7513, 7526, 7539, 7569, 7615, 7623, 7634, 7660, 7712, 7725, 7793, 7799, 7850, 7937, 7980, 7992, 8006, 8023, 8034, 8038, 8086, 8129, 8131, 8176, 8217, 8226, 8238, 8272, 8329, 8331, 8349, 8360, 8365, 8374, 8415, 8423, 8448, 8451, 8483, 8486, 8504, 8521, 8560, 8630, 8647, 8702, 8706, 8710, 8724, 8751, 8757, 8759, 8763, 8813, 8815, 8833, 8911, 8919, 8957, 8977, 8996, 9011, 9017, 9050, 9059, 9118, 9121, 9141, 9181, 9191, 9194, 9236, 9252, 9268, 9285, 9292, 9320, 9337, 9349, 9354, 9377, 9465, 9467, 9471, 9480, 9498, 9532, 9557, 9628, 9680, 9693, 9705, 9717]","[2528, 3144, 5327, 6039, 7406]",9705,458,9247,0,458,9242,5
-4.0,HSINT2,"[48, 55, 59, 61, 182, 222, 254, 258, 279, 282, 298, 319, 350, 385, 411, 440, 478, 517, 532, 534, 627, 638, 649, 699, 720, 815, 861, 1008, 1031, 1039, 1095, 1126, 1157, 1161, 1205, 1264, 1286, 1297, 1299, 1314, 1348, 1368, 1393, 1420, 1426, 1449, 1455, 1459, 1466, 1479, 1546, 1563, 1565, 1656, 1690, 1744, 1771, 1834, 1849, 1857, 1880, 1882, 1900, 1966, 1983, 1997, 2071, 2080, 2091, 2106, 2114, 2158, 2174, 2236, 2268, 2281, 2292, 2298, 2311, 2330, 2360, 2384, 2386, 2433, 2440, 2450, 2461, 2468, 2562, 2565, 2573, 2577, 2590, 2630, 2639, 2689, 2699, 2734, 2736, 2789, 2793, 2802, 2829, 2856, 2868, 2888, 2910, 2928, 2930, 2940, 2943, 3010, 3015, 3074, 3090, 3104, 3107, 3121, 3125, 3151, 3153, 3156, 3179, 3190, 3198, 3206, 3218, 3231, 3259, 3278, 3283, 3324, 3329, 3331, 3333, 3362, 3364, 3406, 3421, 3446, 3466, 3472, 3481, 3494, 3510, 3550, 3554, 3563, 3568, 3572, 3587, 3593, 3628, 3635, 3654, 3705, 3718, 3720, 3724, 3743, 3791, 3801, 3816, 3842, 3860, 3866, 3913, 3915, 3993, 4043, 4086, 4109, 4111, 4124, 4137, 4141, 4168, 4174, 4190, 4201, 4230, 4274, 4289, 4328, 4344, 4417, 4433, 4470, 4869, 4881, 4885, 4887, 4899, 4901, 4924, 4988, 4994, 4997, 5021, 5055, 5099, 5112, 5114, 5129, 5136, 5144, 5179, 5199, 5229, 5236, 5238, 5257, 5262, 5328, 5336, 5362, 5387, 5501, 5512, 5518, 5539, 5684, 5692, 5696, 5757, 5825, 5833, 5853, 5861, 5976, 6372, 6379, 6387, 6391, 6393, 6411, 6413, 6427, 6433, 6468, 6547, 6571, 6582, 6632, 6695, 6728, 6756, 6783, 6810, 6820, 6825, 6836, 6838, 6858, 6860, 6863, 6873, 6885, 6896, 6936, 6955, 6967, 6969, 7051, 7059, 7075, 7167, 7189, 7217, 7220, 7227, 7229, 7231, 7236, 7244, 7278, 7298, 7304, 7325, 7337, 7342, 7371, 7399, 7409, 7423, 7477, 7507, 7544, 7565, 7581, 7591, 7601, 7616, 7621, 7725, 7753, 7797, 7817, 7821, 7838, 7864, 7884, 7888, 7987, 7991, 7993, 8006, 8021, 8040, 8083, 8110, 8112, 8121, 8130, 8133, 8173, 8179, 8197, 8228, 8230, 8233, 8277, 8279, 8290, 8324, 8336, 8359, 8361, 8384, 8386, 8450, 8456, 8467, 8482, 8487, 8526, 8532, 8558, 8570, 8605, 8614, 8625, 8635, 8648, 8669, 8723, 8760, 8762, 8765, 8791, 8837, 8850, 8888, 8890, 8921, 8935, 8948, 8951, 8968, 8974, 8997, 9057, 9059, 9073, 9083, 9158, 9215, 9221, 9225, 9257, 9272, 9282, 9284, 9289, 9329, 9332, 9336, 9338, 9342, 9395, 9404, 9417, 9444, 9460, 9481, 9489, 9546, 9583, 9603, 9638, 9686, 9693, 9699, 9734, 9739, 9761, 9801, 9805, 9809, 9811, 9841, 9887, 9889, 9899, 9901, 9918, 9935, 9938, 9943, 9950, 9990, 10035, 10086, 10096, 10104, 10114, 10119, 10132, 10153, 10157, 10163, 10165, 10167, 10174, 10176, 10178, 10180, 10182, 10186, 10201, 10203, 10217, 10221, 10223, 10229, 10233, 10237, 10239, 10247, 10249, 10253, 10256, 10262, 10264, 10274, 10278, 10280, 10282, 10284, 10286, 10288, 10296, 10298, 10300, 10308, 10310, 10315, 10317, 10319, 10321, 10323, 10327, 10329, 10331, 10333, 10335, 10337, 10339, 10341, 10343, 10345, 10347, 10349, 10351, 10353, 10355, 10374, 10420, 10422, 10452, 10454, 10459, 10510, 10519, 10534, 10560, 10585, 10601, 10621, 10645, 10664, 10666, 10703, 10709, 10737, 10756, 10776, 10806, 10821, 10836, 10866, 10872, 10874, 10893, 10896, 10944, 10948, 10995, 10997, 11008, 11020, 11045, 11093, 11126, 11130, 11135, 11138, 11149, 11202, 11231, 11233, 11254, 11261, 11282, 11297, 11319, 11328, 11352, 11376, 11384, 11407, 11426, 11428, 11430, 11432, 11434, 11443, 11460, 11474, 11482, 11488, 11501, 11513, 11533, 11552, 11563, 11574, 11597]",[],"[48, 55, 59, 61, 182, 222, 254, 258, 279, 282, 298, 319, 350, 385, 411, 440, 478, 517, 532, 534, 627, 638, 649, 699, 720, 815, 861, 1008, 1031, 1039, 1095, 1126, 1157, 1161, 1205, 1264, 1286, 1297, 1299, 1314, 1348, 1368, 1393, 1420, 1426, 1449, 1455, 1459, 1466, 1479, 1546, 1563, 1565, 1656, 1690, 1744, 1771, 1834, 1849, 1857, 1880, 1882, 1900, 1966, 1983, 1997, 2071, 2080, 2091, 2106, 2114, 2158, 2174, 2236, 2268, 2281, 2292, 2298, 2311, 2330, 2360, 2384, 2386, 2433, 2440, 2450, 2461, 2468, 2562, 2565, 2573, 2577, 2590, 2630, 2639, 2689, 2699, 2734, 2736, 2789, 2793, 2802, 2829, 2856, 2868, 2888, 2910, 2928, 2930, 2940, 2943, 3010, 3015, 3074, 3090, 3104, 3107, 3121, 3125, 3151, 3153, 3156, 3179, 3190, 3198, 3206, 3218, 3231, 3259, 3278, 3283, 3324, 3329, 3331, 3333, 3362, 3364, 3406, 3421, 3446, 3466, 3472, 3481, 3494, 3510, 3550, 3554, 3563, 3568, 3572, 3587, 3593, 3628, 3635, 3654, 3705, 3718, 3720, 3724, 3743, 3791, 3801, 3816, 3842, 3860, 3866, 3913, 3915, 3993, 4043, 4086, 4109, 4111, 4124, 4137, 4141, 4168, 4174, 4190, 4201, 4230, 4274, 4289, 4328, 4344, 4417, 4433, 4470, 4869, 4881, 4885, 4887, 4899, 4901, 4924, 4988, 4994, 4997, 5021, 5055, 5099, 5112, 5114, 5129, 5136, 5144, 5179, 5199, 5229, 5236, 5238, 5257, 5262, 5328, 5336, 5362, 5387, 5501, 5512, 5518, 5539, 5684, 5692, 5696, 5757, 5825, 5833, 5853, 5861, 5976, 6372, 6379, 6387, 6391, 6393, 6411, 6413, 6427, 6433, 6468, 6547, 6571, 6582, 6632, 6695, 6728, 6756, 6783, 6810, 6820, 6825, 6836, 6838, 6858, 6860, 6863, 6873, 6885, 6896, 6936, 6955, 6967, 6969, 7051, 7059, 7075, 7167, 7189, 7217, 7220, 7227, 7229, 7231, 7236, 7244, 7278, 7298, 7304, 7325, 7337, 7342, 7371, 7399, 7409, 7423, 7477, 7507, 7544, 7565, 7581, 7591, 7601, 7616, 7621, 7725, 7753, 7797, 7817, 7821, 7838, 7864, 7884, 7888, 7987, 7991, 7993, 8006, 8021, 8040, 8083, 8110, 8112, 8121, 8130, 8133, 8173, 8179, 8197, 8228, 8230, 8233, 8277, 8279, 8290, 8324, 8336, 8359, 8361, 8384, 8386, 8450, 8456, 8467, 8482, 8487, 8526, 8532, 8558, 8570, 8605, 8614, 8625, 8635, 8648, 8669, 8723, 8760, 8762, 8765, 8791, 8837, 8850, 8888, 8890, 8921, 8935, 8948, 8951, 8968, 8974, 8997, 9057, 9059, 9073, 9083, 9158, 9215, 9221, 9225, 9257, 9272, 9282, 9284, 9289, 9329, 9332, 9336, 9338, 9342, 9395, 9404, 9417, 9444, 9460, 9481, 9489, 9546, 9583, 9603, 9638, 9686, 9693, 9699, 9734, 9739, 9761, 9801, 9805, 9809, 9811, 9841, 9887, 9889, 9899, 9901, 9918, 9935, 9938, 9943, 9950, 9990, 10035, 10086, 10096, 10104, 10114, 10119, 10132, 10153, 10157, 10163, 10165, 10167, 10174, 10176, 10178, 10180, 10182, 10186, 10201, 10203, 10217, 10221, 10223, 10229, 10233, 10237, 10239, 10247, 10249, 10253, 10256, 10262, 10264, 10274, 10278, 10280, 10282, 10284, 10286, 10288, 10296, 10298, 10300, 10308, 10310, 10315, 10317, 10319, 10321, 10323, 10327, 10329, 10331, 10333, 10335, 10337, 10339, 10341, 10343, 10345, 10347, 10349, 10351, 10353, 10355, 10374, 10420, 10422, 10452, 10454, 10459, 10510, 10519, 10534, 10560, 10585, 10601, 10621, 10645, 10664, 10666, 10703, 10709, 10737, 10756, 10776, 10806, 10821, 10836, 10866, 10872, 10874, 10893, 10896, 10944, 10948, 10995, 10997, 11008, 11020, 11045, 11093, 11126, 11130, 11135, 11138, 11149, 11202, 11231, 11233, 11254, 11261, 11282, 11297, 11319, 11328, 11352, 11376, 11384, 11407, 11426, 11428, 11430, 11432, 11434, 11443, 11460, 11474, 11482, 11488, 11501, 11513, 11533, 11552, 11563, 11574, 11597]","[1156, 3549]",11601,548,11053,0,548,11051,2
-4.0,HSL7A,"[10, 32, 80, 106, 108, 123, 129, 152, 200, 226, 230, 243, 256, 283, 292, 347, 379, 406, 421, 426, 447, 450, 465, 468, 538, 557, 568, 646, 697, 767, 780, 793, 808, 810, 847, 912, 1024, 1046, 1056, 1059, 1078, 1081, 1091, 1134, 1141, 1166, 1208, 1224, 1283, 1289, 1344, 1370, 1403, 1409, 1431, 1444, 1491, 1525, 1553, 1560, 1602, 1606, 1624, 1626, 1637, 1781, 1790, 1806, 1809, 1814, 1841, 1872, 1895, 1908, 1963, 1984, 1990, 2074, 2078, 2085, 2088, 2093, 2109, 2118, 2194, 2196, 2215, 2235, 2237, 2251, 2293, 2296, 2303, 2305, 2318, 2320, 2341, 2362, 2371, 2399, 2410, 2427, 2464, 2471, 2478, 2480, 2489, 2509, 2512, 2545, 2565, 2577, 2590, 2598, 2601, 2611, 2637, 2647, 2652, 2658, 2665, 2707, 2719, 2730, 2777, 2795, 2798, 2822, 2825, 2836, 2868, 2872, 2896, 2902, 2919, 2922, 2930, 2933, 2935, 2938, 2945, 2949, 2955, 2959, 2961, 2966, 2969, 2975, 2986, 2988, 3037, 3066, 3069, 3104, 3109, 3115, 3117, 3128, 3150, 3157, 3175, 3195, 3204, 3212, 3214, 3218, 3220, 3231, 3260, 3311, 3355, 3357, 3414, 3437, 3477, 3497, 3526, 3531, 3536, 3541, 3551, 3599, 3624, 3627, 3642, 3661, 3672, 3680, 3682, 3687, 3727, 3729, 3731, 3769, 3808, 3848, 3869, 3882, 3887, 3906, 3928, 3936, 3943, 3974, 3982, 4008, 4035, 4053, 4057, 4068, 4071, 4074, 4076, 4078, 4087, 4096, 4108, 4132, 4135, 4150, 4165, 4169, 4177, 4206, 4222, 4238, 4242, 4256, 4260, 4269, 4294, 4311, 4340, 4375, 4406, 4417, 4445, 4448, 4465, 4467, 4470, 4481, 4521, 4550, 4565, 4573, 4577, 4609, 4632, 4635, 4706, 4724, 4736, 4739, 4767, 4782, 4829, 4878, 4920, 4948, 4999, 5074, 5100, 5117, 5126, 5134, 5141, 5148, 5152, 5159, 5210, 5217, 5224, 5229, 5236, 5279, 5281, 5285, 5290, 5299, 5316, 5324, 5352, 5367, 5372, 5375, 5377, 5382, 5406, 5455, 5457, 5464, 5475, 5485, 5498]",[],"[10, 32, 80, 106, 108, 123, 129, 152, 200, 226, 230, 243, 256, 283, 292, 347, 379, 406, 421, 426, 447, 450, 465, 468, 538, 557, 568, 646, 697, 767, 780, 793, 808, 810, 847, 912, 1024, 1046, 1056, 1059, 1078, 1081, 1091, 1134, 1141, 1166, 1208, 1224, 1283, 1289, 1344, 1370, 1403, 1409, 1431, 1444, 1491, 1525, 1553, 1560, 1602, 1606, 1624, 1626, 1637, 1781, 1790, 1806, 1809, 1814, 1841, 1872, 1895, 1908, 1963, 1984, 1990, 2074, 2078, 2085, 2088, 2093, 2109, 2118, 2194, 2196, 2215, 2235, 2237, 2251, 2293, 2296, 2303, 2305, 2318, 2320, 2341, 2362, 2371, 2399, 2410, 2427, 2464, 2471, 2478, 2480, 2489, 2509, 2512, 2545, 2565, 2577, 2590, 2598, 2601, 2611, 2637, 2647, 2652, 2658, 2665, 2707, 2719, 2730, 2777, 2795, 2798, 2822, 2825, 2836, 2868, 2872, 2896, 2902, 2919, 2922, 2930, 2933, 2935, 2938, 2945, 2949, 2955, 2959, 2961, 2966, 2969, 2975, 2986, 2988, 3037, 3066, 3069, 3104, 3109, 3115, 3117, 3128, 3150, 3157, 3175, 3195, 3204, 3212, 3214, 3218, 3220, 3231, 3260, 3311, 3355, 3357, 3414, 3437, 3477, 3497, 3526, 3531, 3536, 3541, 3551, 3599, 3624, 3627, 3642, 3661, 3672, 3680, 3682, 3687, 3727, 3729, 3731, 3769, 3808, 3848, 3869, 3882, 3887, 3906, 3928, 3936, 3943, 3974, 3982, 4008, 4035, 4053, 4057, 4068, 4071, 4074, 4076, 4078, 4087, 4096, 4108, 4132, 4135, 4150, 4165, 4169, 4177, 4206, 4222, 4238, 4242, 4256, 4260, 4269, 4294, 4311, 4340, 4375, 4406, 4417, 4445, 4448, 4465, 4467, 4470, 4481, 4521, 4550, 4565, 4573, 4577, 4609, 4632, 4635, 4706, 4724, 4736, 4739, 4767, 4782, 4829, 4878, 4920, 4948, 4999, 5074, 5100, 5117, 5126, 5134, 5141, 5148, 5152, 5159, 5210, 5217, 5224, 5229, 5236, 5279, 5281, 5285, 5290, 5299, 5316, 5324, 5352, 5367, 5372, 5375, 5377, 5382, 5406, 5455, 5457, 5464, 5475, 5485, 5498]","[2073, 2867, 3525, 3881, 4164, 4572, 4919]",5499,295,5204,0,295,5197,7
-4.0,HSLCATG,"[15, 25, 49, 54, 58, 65, 68, 74, 79, 105, 107, 115, 125, 131, 155, 158, 165, 215, 237, 285, 290, 305, 334, 342, 362, 373, 378, 434, 442, 467, 482, 517, 599, 601, 604, 632, 698, 745, 802, 820, 864, 868, 925, 965, 982, 992, 1106, 1118, 1120, 1141, 1159, 1179, 1189, 1192, 1212, 1224, 1226, 1235, 1259, 1262, 1266, 1353, 1421, 1463, 1465, 1486, 1575, 1577, 1591, 1595, 1597, 1604, 1614, 1621, 1630, 1637, 1641, 1646, 1664, 1673, 1679, 1698, 1705, 1724, 1775, 1778, 1789, 1840, 1856, 1882, 1892, 1941, 1962, 1965, 1989, 2005, 2007, 2019, 2046, 2051, 2077, 2081, 2083, 2115, 2150, 2159, 2172, 2188, 2200, 2215, 2230, 2267, 2271, 2273, 2297, 2306, 2363, 2388, 2421, 2449, 2539, 2562, 2575, 2598, 2610, 2660, 2673, 2708, 2727, 2751, 2766, 2770, 2772, 2776, 2793, 2806, 2832, 2836, 2842, 2897, 2915, 2988, 3039, 3054, 3073, 3133, 3160, 3285, 3331, 3339, 3354, 3359, 3364, 3379, 3425, 3471, 3479, 3490, 3500, 3513, 3534, 3561, 3578, 3588, 3609, 3617, 3627, 3642, 3652, 3667, 3672, 3675, 3711, 3717, 3743, 3763, 3797, 3808, 3818, 3831, 3852, 3879, 3894, 3896, 3906, 3949, 3951, 3966, 3971, 3974, 3992, 4042, 4058, 4102, 4113, 4131, 4136, 4157, 4184, 4186, 4201, 4211, 4217, 4261, 4284, 4330, 4340, 4344, 4346, 4400, 4403, 4414, 4434, 4459, 4484, 4538, 4556, 4572, 4574, 4609, 4655, 4661, 4670, 4675, 4705, 4707, 4713, 4720, 4731, 4791, 4795, 4797, 4813, 4824, 4849, 4856, 4881, 4923, 4969, 4984, 5052, 5070, 5077, 5096, 5108, 5136, 5141, 5143, 5148, 5201, 5222, 5230, 5239, 5241, 5248, 5260, 5302, 5321, 5332, 5347, 5373, 5390, 5397, 5416, 5418, 5436, 5449, 5501, 5538, 5570, 5573, 5586, 5589, 5639, 5644, 5650, 5665, 5668, 5701, 5723, 5750, 5770, 5806, 5874, 5901, 5915, 5921, 5933, 5946, 5958, 5973, 5986, 6017, 6029, 6061, 6071, 6107, 6120, 6123, 6160, 6185, 6209, 6216, 6245, 6270, 6293, 6318, 6358, 6363, 6376, 6403, 6421, 6428, 6463, 6497, 6510, 6548, 6563, 6569, 6575, 6629, 6665, 6667, 6679, 6682, 6706, 6738, 6744, 6757, 6795, 6823, 6842, 6845, 6852, 6886]",[],"[15, 25, 49, 54, 58, 65, 68, 74, 79, 105, 107, 115, 125, 131, 155, 158, 165, 215, 237, 285, 290, 305, 334, 342, 362, 373, 378, 434, 442, 467, 482, 517, 599, 601, 604, 632, 698, 745, 802, 820, 864, 868, 925, 965, 982, 992, 1106, 1118, 1120, 1141, 1159, 1179, 1189, 1192, 1212, 1224, 1226, 1235, 1259, 1262, 1266, 1353, 1421, 1463, 1465, 1486, 1575, 1577, 1591, 1595, 1597, 1604, 1614, 1621, 1630, 1637, 1641, 1646, 1664, 1673, 1679, 1698, 1705, 1724, 1775, 1778, 1789, 1840, 1856, 1882, 1892, 1941, 1962, 1965, 1989, 2005, 2007, 2019, 2046, 2051, 2077, 2081, 2083, 2115, 2150, 2159, 2172, 2188, 2200, 2215, 2230, 2267, 2271, 2273, 2297, 2306, 2363, 2388, 2421, 2449, 2539, 2562, 2575, 2598, 2610, 2660, 2673, 2708, 2727, 2751, 2766, 2770, 2772, 2776, 2793, 2806, 2832, 2836, 2842, 2897, 2915, 2988, 3039, 3054, 3073, 3133, 3160, 3285, 3331, 3339, 3354, 3359, 3364, 3379, 3425, 3471, 3479, 3490, 3500, 3513, 3534, 3561, 3578, 3588, 3609, 3617, 3627, 3642, 3652, 3667, 3672, 3675, 3711, 3717, 3743, 3763, 3797, 3808, 3818, 3831, 3852, 3879, 3894, 3896, 3906, 3949, 3951, 3966, 3971, 3974, 3992, 4042, 4058, 4102, 4113, 4131, 4136, 4157, 4184, 4186, 4201, 4211, 4217, 4261, 4284, 4330, 4340, 4344, 4346, 4400, 4403, 4414, 4434, 4459, 4484, 4538, 4556, 4572, 4574, 4609, 4655, 4661, 4670, 4675, 4705, 4707, 4713, 4720, 4731, 4791, 4795, 4797, 4813, 4824, 4849, 4856, 4881, 4923, 4969, 4984, 5052, 5070, 5077, 5096, 5108, 5136, 5141, 5143, 5148, 5201, 5222, 5230, 5239, 5241, 5248, 5260, 5302, 5321, 5332, 5347, 5373, 5390, 5397, 5416, 5418, 5436, 5449, 5501, 5538, 5570, 5573, 5586, 5589, 5639, 5644, 5650, 5665, 5668, 5701, 5723, 5750, 5770, 5806, 5874, 5901, 5915, 5921, 5933, 5946, 5958, 5973, 5986, 6017, 6029, 6061, 6071, 6107, 6120, 6123, 6160, 6185, 6209, 6216, 6245, 6270, 6293, 6318, 6358, 6363, 6376, 6403, 6421, 6428, 6463, 6497, 6510, 6548, 6563, 6569, 6575, 6629, 6665, 6667, 6679, 6682, 6706, 6738, 6744, 6757, 6795, 6823, 6842, 6845, 6852, 6886]","[991, 1881, 2076, 2266, 2574]",6894,335,6559,0,335,6554,5
-4.0,HSMECDAG,"[26, 68, 75, 94, 116, 118, 122, 148, 158, 167, 194, 231, 261, 299, 317, 337, 352, 376, 388, 423, 454, 472, 483, 530, 548, 556, 600, 717, 772, 812, 854, 874, 876, 885, 912, 924, 957, 963, 978, 993, 995, 1000, 1011, 1013, 1043, 1049, 1084, 1113, 1130, 1154, 1175, 1191, 1199, 1224, 1269, 1284, 1334, 1353, 1355, 1360, 1373, 1394, 1398, 1408, 1431, 1454, 1457, 1501, 1547, 1570, 1596, 1598, 1637, 1642, 1657, 1670, 1764, 1806, 1870, 1874, 1950, 1968, 1974, 1989, 2000, 2038, 2057, 2068, 2070, 2078, 2096, 2109, 2114, 2150, 2170, 2209, 2211, 2235, 2240, 2244, 2253, 2255, 2287, 2289, 2292, 2333, 2338, 2353, 2357, 2359, 2374, 2381, 2418, 2425, 2428, 2440, 2444, 2446, 2461, 2470, 2504, 2518, 2522, 2545, 2569, 2585, 2589, 2594, 2598, 2602, 2617, 2621, 2623, 2638, 2656, 2685, 2701, 2716, 2728, 2732, 2738, 2762, 2764, 2777, 2815, 2828, 2851, 2861, 2871, 2876, 2882, 2967, 2971, 2976, 2992, 2995, 3028, 3030, 3033, 3046, 3073, 3091, 3098, 3120, 3123, 3133, 3163, 3165, 3168, 3171, 3175, 3181, 3203, 3240, 3246, 3278, 3296, 3302, 3354, 3360, 3403, 3409, 3414, 3457, 3470, 3494, 3500, 3507, 3545, 3559, 3561, 3588, 3618, 3627, 3662, 3667, 3674, 3714, 3720, 3727, 3737, 3752, 3773, 3775, 3808, 3814, 3817, 3847, 3853, 3887, 3894, 3926, 3940, 3954, 3956, 3958, 3960, 3967, 3980, 3987, 4019, 4039, 4051, 4069, 4076, 4085, 4096, 4101, 4107, 4112, 4139, 4147, 4158, 4202, 4208, 4212, 4220, 4252, 4259, 4281, 4283, 4293, 4307, 4309, 4335, 4337, 4341, 4353, 4362]",[],"[26, 68, 75, 94, 116, 118, 122, 148, 158, 167, 194, 231, 261, 299, 317, 337, 352, 376, 388, 423, 454, 472, 483, 530, 548, 556, 600, 717, 772, 812, 854, 874, 876, 885, 912, 924, 957, 963, 978, 993, 995, 1000, 1011, 1013, 1043, 1049, 1084, 1113, 1130, 1154, 1175, 1191, 1199, 1224, 1269, 1284, 1334, 1353, 1355, 1360, 1373, 1394, 1398, 1408, 1431, 1454, 1457, 1501, 1547, 1570, 1596, 1598, 1637, 1642, 1657, 1670, 1764, 1806, 1870, 1874, 1950, 1968, 1974, 1989, 2000, 2038, 2057, 2068, 2070, 2078, 2096, 2109, 2114, 2150, 2170, 2209, 2211, 2235, 2240, 2244, 2253, 2255, 2287, 2289, 2292, 2333, 2338, 2353, 2357, 2359, 2374, 2381, 2418, 2425, 2428, 2440, 2444, 2446, 2461, 2470, 2504, 2518, 2522, 2545, 2569, 2585, 2589, 2594, 2598, 2602, 2617, 2621, 2623, 2638, 2656, 2685, 2701, 2716, 2728, 2732, 2738, 2762, 2764, 2777, 2815, 2828, 2851, 2861, 2871, 2876, 2882, 2967, 2971, 2976, 2992, 2995, 3028, 3030, 3033, 3046, 3073, 3091, 3098, 3120, 3123, 3133, 3163, 3165, 3168, 3171, 3175, 3181, 3203, 3240, 3246, 3278, 3296, 3302, 3354, 3360, 3403, 3409, 3414, 3457, 3470, 3494, 3500, 3507, 3545, 3559, 3561, 3588, 3618, 3627, 3662, 3667, 3674, 3714, 3720, 3727, 3737, 3752, 3773, 3775, 3808, 3814, 3817, 3847, 3853, 3887, 3894, 3926, 3940, 3954, 3956, 3958, 3960, 3967, 3980, 3987, 4019, 4039, 4051, 4069, 4076, 4085, 4096, 4101, 4107, 4112, 4139, 4147, 4158, 4202, 4208, 4212, 4220, 4252, 4259, 4281, 4283, 4293, 4307, 4309, 4335, 4337, 4341, 4353, 4362]","[1393, 2517, 2776, 2966, 3544, 3852]",4363,249,4114,0,249,4108,6
-4.0,HSMED,"[4, 20, 22, 37, 47, 53, 57, 64, 123, 140, 161, 173, 188, 222, 229, 264, 278, 282, 301, 308, 325, 354, 361, 378, 407, 414, 431, 460, 467, 484, 513, 520, 570, 579, 585, 595, 620, 637, 641, 688, 711, 721, 757, 769, 790, 813, 820, 841, 855, 887, 897, 903, 962, 968, 1021, 1079, 1095, 1125, 1130, 1161, 1178, 1198, 1311, 1313, 1328, 1330, 1355, 1359, 1367, 1391, 1398, 1403, 1433, 1435, 1439, 1461, 1497, 1507, 1532, 1538, 1562, 1569, 1581, 1587, 1593, 1597, 1601, 1619, 1627, 1643, 1651, 1674, 1694, 1698, 1705, 1725, 1775, 1777, 1779, 1810, 1839, 1852, 1854, 1912, 1917, 1933, 1942, 1944, 1948, 1958, 1960, 1984, 1990, 1994, 1999, 2003, 2042, 2046, 2091, 2178, 2187, 2193, 2196, 2241, 2243, 2250, 2283, 2304, 2316, 2367, 2384, 2408, 2421, 2434, 2442, 2451, 2454, 2473, 2485, 2514, 2522, 2558, 2597, 2600, 2639, 2642, 2684, 2721, 2724, 2766, 2809, 2851, 2891, 2894, 2936, 2963, 2965, 2967, 2983, 2988, 3013, 3035, 3055, 3069, 3075, 3099, 3112, 3143, 3155, 3160, 3162, 3187, 3197, 3233, 3235, 3238, 3241, 3245, 3251, 3316, 3351, 3389, 3401, 3409, 3417, 3439, 3444, 3514, 3530, 3540, 3543, 3552, 3802, 3812, 3832, 3868, 3900, 3946, 3951, 3955, 3966, 3976, 3989, 4052, 4090, 4124, 4149, 4176, 4213, 4224, 4295, 4349, 4351, 4356, 4360, 4391, 4433, 4450, 4452, 4470, 4494, 4516, 4522, 4564, 4569, 4607, 4621, 4639, 4645, 4648, 4653, 4664, 4675, 4687, 4708, 4712, 4717, 4721, 4730, 4732, 4763, 4783, 4822, 4834, 4851, 4869, 4904, 4940, 4988, 4996, 5000, 5046, 5104, 5161, 5166, 5173, 5175, 5193, 5195, 5203, 5205, 5215, 5219, 5223, 5230, 5233, 5246, 5267]",[],"[4, 20, 22, 37, 47, 53, 57, 64, 123, 140, 161, 173, 188, 222, 229, 264, 278, 282, 301, 308, 325, 354, 361, 378, 407, 414, 431, 460, 467, 484, 513, 520, 570, 579, 585, 595, 620, 637, 641, 688, 711, 721, 757, 769, 790, 813, 820, 841, 855, 887, 897, 903, 962, 968, 1021, 1079, 1095, 1125, 1130, 1161, 1178, 1198, 1311, 1313, 1328, 1330, 1355, 1359, 1367, 1391, 1398, 1403, 1433, 1435, 1439, 1461, 1497, 1507, 1532, 1538, 1562, 1569, 1581, 1587, 1593, 1597, 1601, 1619, 1627, 1643, 1651, 1674, 1694, 1698, 1705, 1725, 1775, 1777, 1779, 1810, 1839, 1852, 1854, 1912, 1917, 1933, 1942, 1944, 1948, 1958, 1960, 1984, 1990, 1994, 1999, 2003, 2042, 2046, 2091, 2178, 2187, 2193, 2196, 2241, 2243, 2250, 2283, 2304, 2316, 2367, 2384, 2408, 2421, 2434, 2442, 2451, 2454, 2473, 2485, 2514, 2522, 2558, 2597, 2600, 2639, 2642, 2684, 2721, 2724, 2766, 2809, 2851, 2891, 2894, 2936, 2963, 2965, 2967, 2983, 2988, 3013, 3035, 3055, 3069, 3075, 3099, 3112, 3143, 3155, 3160, 3162, 3187, 3197, 3233, 3235, 3238, 3241, 3245, 3251, 3316, 3351, 3389, 3401, 3409, 3417, 3439, 3444, 3514, 3530, 3540, 3543, 3552, 3802, 3812, 3832, 3868, 3900, 3946, 3951, 3955, 3966, 3976, 3989, 4052, 4090, 4124, 4149, 4176, 4213, 4224, 4295, 4349, 4351, 4356, 4360, 4391, 4433, 4450, 4452, 4470, 4494, 4516, 4522, 4564, 4569, 4607, 4621, 4639, 4645, 4648, 4653, 4664, 4675, 4687, 4708, 4712, 4717, 4721, 4730, 4732, 4763, 4783, 4822, 4834, 4851, 4869, 4904, 4940, 4988, 4996, 5000, 5046, 5104, 5161, 5166, 5173, 5175, 5193, 5195, 5203, 5205, 5215, 5219, 5223, 5230, 5233, 5246, 5267]","[1354, 1943, 2315, 4716]",5285,268,5017,0,268,5013,4
-4.0,HSMT1H,"[21, 25, 73, 77, 117, 143, 148, 150, 157, 159, 165, 180, 197, 239, 255, 280, 326, 357, 368, 384, 386, 397, 436, 443, 475, 497, 536, 545, 547, 568, 586, 633, 637, 642, 650, 660, 708, 732, 734, 771, 817, 832, 837, 874, 876, 884, 894, 974, 987, 997, 1003, 1010, 1028, 1048, 1052, 1129, 1151, 1165, 1171, 1177, 1190, 1232, 1239, 1269, 1289, 1335, 1359, 1410, 1441, 1450, 1476, 1480, 1510, 1519, 1548, 1563, 1576, 1591, 1603, 1616, 1629, 1664, 1667, 1683, 1718, 1742, 1763, 1768, 1775, 1814, 1829, 1836, 1838, 1866, 1875, 1886, 1895, 1912, 1935, 1996, 2005, 2045, 2051, 2054, 2056, 2079, 2098, 2126, 2130]",[],"[21, 25, 73, 77, 117, 143, 148, 150, 157, 159, 165, 180, 197, 239, 255, 280, 326, 357, 368, 384, 386, 397, 436, 443, 475, 497, 536, 545, 547, 568, 586, 633, 637, 642, 650, 660, 708, 732, 734, 771, 817, 832, 837, 874, 876, 884, 894, 974, 987, 997, 1003, 1010, 1028, 1048, 1052, 1129, 1151, 1165, 1171, 1177, 1190, 1232, 1239, 1269, 1289, 1335, 1359, 1410, 1441, 1450, 1476, 1480, 1510, 1519, 1548, 1563, 1576, 1591, 1603, 1616, 1629, 1664, 1667, 1683, 1718, 1742, 1763, 1768, 1775, 1814, 1829, 1836, 1838, 1866, 1875, 1886, 1895, 1912, 1935, 1996, 2005, 2045, 2051, 2054, 2056, 2079, 2098, 2126, 2130]","[816, 1475]",2135,109,2026,0,109,2024,2
-4.0,HSNCAMX1,"[19, 27, 83, 92, 113, 126, 172, 189, 217, 237, 247, 260, 281, 308, 335, 380, 410, 455, 481, 531, 540, 551, 561, 574, 639, 697, 771, 775, 794, 818, 847, 849, 851, 920, 935, 937, 939, 981, 1107, 1144, 1148, 1175, 1188, 1257, 1267, 1353, 1357, 1366, 1374, 1382, 1425, 1503, 1509, 1519, 1537, 1540, 1551, 1555, 1557, 1610, 1614, 1653, 1694, 1738, 1760, 1765, 1788, 1795, 1804, 1806, 1888, 1976, 1978, 1997, 2000, 2022, 2034, 2036, 2042, 2047, 2080, 2088, 2112, 2130, 2163, 2165, 2167, 2170, 2178, 2184, 2208, 2210, 2217, 2220, 2229, 2246, 2250, 2256, 2264, 2266, 2272, 2277, 2280, 2301, 2303, 2307, 2311, 2313, 2315, 2321, 2335, 2345, 2351, 2374, 2380, 2382, 2386, 2394, 2414, 2420, 2428, 2458, 2463, 2465, 2469, 2471, 2475, 2487, 2491, 2503, 2505, 2512, 2514, 2520, 2526, 2528, 2538, 2542, 2548, 2556, 2558, 2569, 2577, 2584, 2586, 2598, 2600, 2623, 2653, 2682, 2684, 2699, 2713, 2725, 2729, 2738, 2781, 2792, 2809, 2869, 2899, 2918, 2959, 2975, 3005, 3026, 3031, 3045, 3070, 3122, 3139, 3162, 3169, 3192, 3202, 3242, 3268, 3286, 3295, 3331, 3333, 3378, 3461, 3473, 3520, 3526, 3656, 3676, 3719, 3744, 3749, 3753, 3803, 3830, 3880, 3882, 3884, 3893, 3922, 3965, 3967, 3977, 4044, 4078, 4082, 4143, 4147, 4158, 4164, 4166, 4191, 4233, 4269, 4284, 4286, 4300, 4305, 4323, 4330, 4342, 4365, 4379, 4386, 4400, 4406, 4408, 4420, 4439, 4453, 4474, 4483, 4489, 4512, 4530, 4543, 4547, 4555, 4609, 4665, 4672, 4687, 4701, 4717, 4720, 4749, 4751, 4760, 4774, 4779, 4783, 4795, 4807, 4832, 4894, 4911, 4945, 4958, 4970, 4975, 5016, 5036, 5066, 5068, 5074, 5076, 5082, 5139, 5190, 5219, 5251, 5259, 5263, 5265, 5273, 5290, 5298, 5301, 5306, 5322, 5324, 5372, 5379, 5384, 5401, 5407, 5425, 5462, 5489, 5516, 5525, 5553, 5571, 5656, 5678, 5688, 5690, 5707, 5782, 5797, 5806, 5812, 5814, 5831, 5835, 5904, 5917, 5940, 5947, 5969, 5996, 6002, 6016, 6025, 6034, 6036, 6052, 6057, 6088, 6100, 6102, 6168, 6170, 6178, 6182, 6193, 6203, 6219, 6228, 6234, 6248, 6252, 6255, 6280, 6316, 6320, 6341, 6346, 6352, 6354, 6364, 6366, 6381, 6441, 6480, 6573, 6583, 6587, 6653, 6729, 6795, 6797, 6802, 6826, 6838, 6934, 6958, 6966, 6984, 6988, 7023, 7062, 7077, 7131, 7164, 7185, 7187, 7229, 7252, 7284, 7297, 7304, 7310, 7317, 7336, 7343, 7355, 7373, 7384, 7445, 7512, 7536, 7563, 7570, 7592, 7599, 7601, 7620, 7641, 7677, 7728, 7742, 7765, 7775, 7786, 7796, 7846, 7849, 7853, 7857, 7888, 7892, 7922, 7943, 7945, 8034, 8048, 8053, 8059, 8077, 8089, 8108, 8172, 8178, 8182, 8199, 8205, 8210, 8216, 8247, 8249, 8341, 8350, 8372, 8375, 8382, 8392, 8405, 8455, 8465, 8491, 8513, 8520, 8522, 8527, 8530, 8534, 8536, 8541, 8547, 8550, 8553, 8557, 8559, 8562, 8564, 8570, 8612, 8665, 8779, 8803, 8810, 8839, 8857, 8882, 8960, 8968, 8979, 9026, 9035, 9062, 9069, 9078, 9084, 9099, 9115, 9134, 9249, 9266, 9274, 9319, 9326, 9340, 9343, 9350, 9367, 9370, 9374, 9378, 9386, 9475, 9487, 9492, 9523, 9529, 9531, 9539, 9572, 9590, 9603, 9634, 9671, 9688, 9715, 9725, 9744, 9798, 9802, 9864, 9869, 9880, 9915, 9925, 9943, 9985, 9997, 10000, 10016, 10020, 10026, 10067, 10088, 10101, 10154, 10173, 10188, 10194, 10225, 10227, 10264, 10270, 10303, 10311, 10318, 10324, 10368, 10370, 10374, 10411, 10425, 10429, 10457, 10459, 10508, 10533, 10538, 10545, 10550, 10593, 10611, 10614, 10625, 10635, 10653, 10662, 10695, 10723, 10727, 10753, 10784, 10804, 10806, 10855, 10898, 10906, 10963, 10973, 10980, 10985, 10997, 11067, 11077, 11092, 11097, 11105, 11136, 11213, 11220, 11231, 11241, 11250, 11254, 11277, 11292, 11302, 11304, 11317, 11319, 11342, 11353, 11391, 11442, 11466, 11475, 11477, 11479, 11510, 11534, 11541, 11544, 11600, 11605, 11611, 11616, 11626, 11641, 11668, 11674, 11699, 11711, 11727, 11773, 11785, 11798, 11801, 11807, 11809, 11830, 11850, 11857, 11865, 11871, 11876, 11893, 11934, 11937, 11940, 11959, 11961, 11971, 12006, 12047, 12073, 12077, 12145, 12150, 12160, 12180, 12192, 12198, 12250, 12265, 12284, 12288, 12314, 12363, 12367, 12376, 12402, 12468, 12509, 12520, 12546, 12551, 12598, 12647, 12703, 12715, 12717, 12720, 12729, 12746, 12758, 12770, 12787, 12793, 12813, 12816, 12844, 12903, 12925, 12929, 12958, 12997, 13012, 13031, 13050, 13109, 13117, 13162, 13187, 13189, 13240, 13246, 13269, 13303, 13308, 13339, 13341, 13358, 13396, 13409, 13413, 13436, 13488, 13506, 13515, 13610, 13647, 13664, 13667, 13685, 13692, 13724, 13735, 13744, 13753, 13775, 13801, 13811, 13813, 13820, 13844, 13888, 13894, 13910, 13914, 13971, 13981, 13991, 14003, 14017, 14039, 14056, 14065, 14067, 14075, 14290, 14345, 14400, 14441, 14464, 14475, 14544, 14576, 14582, 14587, 14601, 14605, 14617, 14622, 14693, 14707, 14712, 14731, 14790, 14813, 14839, 14937, 14942, 14972, 14975, 14991, 14997, 15010, 15024, 15057, 15062, 15079, 15145, 15147, 15163, 15251, 15354, 15376, 15385, 15425, 15494, 15503, 15506, 15543, 15554, 15566, 15570, 15578, 15599, 15601, 15603, 15613, 15619, 15627, 15630, 15710, 15746, 15754, 15761, 15794, 15808, 15866, 15894, 15900, 15908, 15915, 15946, 15948, 15964, 16028, 16042, 16044, 16050, 16058, 16113, 16151, 16156, 16158, 16186, 16214, 16230, 16238, 16246, 16258, 16278]",[],"[19, 27, 83, 92, 113, 126, 172, 189, 217, 237, 247, 260, 281, 308, 335, 380, 410, 455, 481, 531, 540, 551, 561, 574, 639, 697, 771, 775, 794, 818, 847, 849, 851, 920, 935, 937, 939, 981, 1107, 1144, 1148, 1175, 1188, 1257, 1267, 1353, 1357, 1366, 1374, 1382, 1425, 1503, 1509, 1519, 1537, 1540, 1551, 1555, 1557, 1610, 1614, 1653, 1694, 1738, 1760, 1765, 1788, 1795, 1804, 1806, 1888, 1976, 1978, 1997, 2000, 2022, 2034, 2036, 2042, 2047, 2080, 2088, 2112, 2130, 2163, 2165, 2167, 2170, 2178, 2184, 2208, 2210, 2217, 2220, 2229, 2246, 2250, 2256, 2264, 2266, 2272, 2277, 2280, 2301, 2303, 2307, 2311, 2313, 2315, 2321, 2335, 2345, 2351, 2374, 2380, 2382, 2386, 2394, 2414, 2420, 2428, 2458, 2463, 2465, 2469, 2471, 2475, 2487, 2491, 2503, 2505, 2512, 2514, 2520, 2526, 2528, 2538, 2542, 2548, 2556, 2558, 2569, 2577, 2584, 2586, 2598, 2600, 2623, 2653, 2682, 2684, 2699, 2713, 2725, 2729, 2738, 2781, 2792, 2809, 2869, 2899, 2918, 2959, 2975, 3005, 3026, 3031, 3045, 3070, 3122, 3139, 3162, 3169, 3192, 3202, 3242, 3268, 3286, 3295, 3331, 3333, 3378, 3461, 3473, 3520, 3526, 3656, 3676, 3719, 3744, 3749, 3753, 3803, 3830, 3880, 3882, 3884, 3893, 3922, 3965, 3967, 3977, 4044, 4078, 4082, 4143, 4147, 4158, 4164, 4166, 4191, 4233, 4269, 4284, 4286, 4300, 4305, 4323, 4330, 4342, 4365, 4379, 4386, 4400, 4406, 4408, 4420, 4439, 4453, 4474, 4483, 4489, 4512, 4530, 4543, 4547, 4555, 4609, 4665, 4672, 4687, 4701, 4717, 4720, 4749, 4751, 4760, 4774, 4779, 4783, 4795, 4807, 4832, 4894, 4911, 4945, 4958, 4970, 4975, 5016, 5036, 5066, 5068, 5074, 5076, 5082, 5139, 5190, 5219, 5251, 5259, 5263, 5265, 5273, 5290, 5298, 5301, 5306, 5322, 5324, 5372, 5379, 5384, 5401, 5407, 5425, 5462, 5489, 5516, 5525, 5553, 5571, 5656, 5678, 5688, 5690, 5707, 5782, 5797, 5806, 5812, 5814, 5831, 5835, 5904, 5917, 5940, 5947, 5969, 5996, 6002, 6016, 6025, 6034, 6036, 6052, 6057, 6088, 6100, 6102, 6168, 6170, 6178, 6182, 6193, 6203, 6219, 6228, 6234, 6248, 6252, 6255, 6280, 6316, 6320, 6341, 6346, 6352, 6354, 6364, 6366, 6381, 6441, 6480, 6573, 6583, 6587, 6653, 6729, 6795, 6797, 6802, 6826, 6838, 6934, 6958, 6966, 6984, 6988, 7023, 7062, 7077, 7131, 7164, 7185, 7187, 7229, 7252, 7284, 7297, 7304, 7310, 7317, 7336, 7343, 7355, 7373, 7384, 7445, 7512, 7536, 7563, 7570, 7592, 7599, 7601, 7620, 7641, 7677, 7728, 7742, 7765, 7775, 7786, 7796, 7846, 7849, 7853, 7857, 7888, 7892, 7922, 7943, 7945, 8034, 8048, 8053, 8059, 8077, 8089, 8108, 8172, 8178, 8182, 8199, 8205, 8210, 8216, 8247, 8249, 8341, 8350, 8372, 8375, 8382, 8392, 8405, 8455, 8465, 8491, 8513, 8520, 8522, 8527, 8530, 8534, 8536, 8541, 8547, 8550, 8553, 8557, 8559, 8562, 8564, 8570, 8612, 8665, 8779, 8803, 8810, 8839, 8857, 8882, 8960, 8968, 8979, 9026, 9035, 9062, 9069, 9078, 9084, 9099, 9115, 9134, 9249, 9266, 9274, 9319, 9326, 9340, 9343, 9350, 9367, 9370, 9374, 9378, 9386, 9475, 9487, 9492, 9523, 9529, 9531, 9539, 9572, 9590, 9603, 9634, 9671, 9688, 9715, 9725, 9744, 9798, 9802, 9864, 9869, 9880, 9915, 9925, 9943, 9985, 9997, 10000, 10016, 10020, 10026, 10067, 10088, 10101, 10154, 10173, 10188, 10194, 10225, 10227, 10264, 10270, 10303, 10311, 10318, 10324, 10368, 10370, 10374, 10411, 10425, 10429, 10457, 10459, 10508, 10533, 10538, 10545, 10550, 10593, 10611, 10614, 10625, 10635, 10653, 10662, 10695, 10723, 10727, 10753, 10784, 10804, 10806, 10855, 10898, 10906, 10963, 10973, 10980, 10985, 10997, 11067, 11077, 11092, 11097, 11105, 11136, 11213, 11220, 11231, 11241, 11250, 11254, 11277, 11292, 11302, 11304, 11317, 11319, 11342, 11353, 11391, 11442, 11466, 11475, 11477, 11479, 11510, 11534, 11541, 11544, 11600, 11605, 11611, 11616, 11626, 11641, 11668, 11674, 11699, 11711, 11727, 11773, 11785, 11798, 11801, 11807, 11809, 11830, 11850, 11857, 11865, 11871, 11876, 11893, 11934, 11937, 11940, 11959, 11961, 11971, 12006, 12047, 12073, 12077, 12145, 12150, 12160, 12180, 12192, 12198, 12250, 12265, 12284, 12288, 12314, 12363, 12367, 12376, 12402, 12468, 12509, 12520, 12546, 12551, 12598, 12647, 12703, 12715, 12717, 12720, 12729, 12746, 12758, 12770, 12787, 12793, 12813, 12816, 12844, 12903, 12925, 12929, 12958, 12997, 13012, 13031, 13050, 13109, 13117, 13162, 13187, 13189, 13240, 13246, 13269, 13303, 13308, 13339, 13341, 13358, 13396, 13409, 13413, 13436, 13488, 13506, 13515, 13610, 13647, 13664, 13667, 13685, 13692, 13724, 13735, 13744, 13753, 13775, 13801, 13811, 13813, 13820, 13844, 13888, 13894, 13910, 13914, 13971, 13981, 13991, 14003, 14017, 14039, 14056, 14065, 14067, 14075, 14290, 14345, 14400, 14441, 14464, 14475, 14544, 14576, 14582, 14587, 14601, 14605, 14617, 14622, 14693, 14707, 14712, 14731, 14790, 14813, 14839, 14937, 14942, 14972, 14975, 14991, 14997, 15010, 15024, 15057, 15062, 15079, 15145, 15147, 15163, 15251, 15354, 15376, 15385, 15425, 15494, 15503, 15506, 15543, 15554, 15566, 15570, 15578, 15599, 15601, 15603, 15613, 15619, 15627, 15630, 15710, 15746, 15754, 15761, 15794, 15808, 15866, 15894, 15900, 15908, 15915, 15946, 15948, 15964, 16028, 16042, 16044, 16050, 16058, 16113, 16151, 16156, 16158, 16186, 16214, 16230, 16238, 16246, 16258, 16278]","[1609, 4142, 4778, 5218, 6315, 6582, 6983, 7316, 7569, 7852, 8529, 8809, 9068, 9373, 9571, 10015, 10317, 10722, 11667, 12072, 12283, 12550, 12786, 13049, 13487, 13893, 14002]",16281,801,15480,0,801,15453,27
-4.0,HSNFM,"[22, 57, 164, 186, 243, 255, 301, 332, 363, 418, 433, 469, 523, 529, 552, 574, 607, 616, 713, 754, 775, 791, 821, 835, 840, 856, 859, 862, 884, 886, 979, 985, 1030, 1097, 1189, 1232, 1253, 1324, 1381, 1388, 1394, 1412, 1417, 1433, 1466, 1508, 1612, 1615, 1699, 1717, 1738, 1742, 1759, 1823, 1888, 1920, 1958, 1974, 2033, 2054, 2069, 2092, 2117, 2120, 2162, 2164, 2185, 2244, 2256, 2270, 2274, 2276, 2281, 2289, 2291, 2298, 2306, 2312, 2316, 2321, 2332, 2342, 2356, 2399, 2418, 2423, 2425, 2434, 2444, 2478, 2485, 2488, 2501, 2507, 2521, 2538, 2540, 2544, 2592, 2606, 2638, 2670, 2676, 2692, 2696, 2717, 2728, 2754, 2769, 2793, 2837, 2839, 2883, 2896, 2918, 2965, 2993, 2999, 3018, 3021, 3038, 3045, 3066, 3079, 3087, 3153, 3167, 3182, 3204, 3207, 3231, 3266, 3314, 3326, 3335, 3342, 3356, 3367, 3372, 3393, 3423, 3426, 3563, 3573, 3594, 3607, 3617, 3622, 3636, 3644, 3650, 3656, 3682, 3700, 3703, 3739, 3747, 3749, 3752, 3756, 3773, 3777, 3783, 3796, 3804, 3824, 3832, 3839, 3850, 3854, 3864, 3872, 3898, 3918, 3941, 3963, 3979, 3986, 4021, 4070, 4102, 4122, 4143, 4158, 4185, 4199, 4317, 4331, 4338, 4359, 4433, 4477, 4492, 4563, 4576, 4584, 4605, 4620, 4643, 4650, 4665, 4682, 4689, 4697, 4704, 4721, 4728, 4736, 4743, 4760, 4767, 4782, 4799, 4806, 4808, 4821, 4845, 4860, 4874, 4887, 4897, 4926, 4953, 4983, 5006, 5013, 5028, 5037, 5040, 5058, 5064, 5149, 5164, 5173, 5205, 5217, 5235, 5263, 5286, 5289, 5335, 5344, 5355, 5358, 5361, 5373, 5389, 5404, 5430, 5436, 5448, 5484, 5486, 5499, 5508, 5526, 5535, 5545, 5560, 5574, 5604, 5631, 5657, 5669, 5702, 5716, 5745, 5749, 5780, 5791, 5808, 5818, 5830, 5902, 5915, 5936, 5953, 5966, 5980, 5990, 5997, 6006, 6023, 6040, 6052, 6059, 6110, 6120, 6133, 6157, 6195, 6211]",[],"[22, 57, 164, 186, 243, 255, 301, 332, 363, 418, 433, 469, 523, 529, 552, 574, 607, 616, 713, 754, 775, 791, 821, 835, 840, 856, 859, 862, 884, 886, 979, 985, 1030, 1097, 1189, 1232, 1253, 1324, 1381, 1388, 1394, 1412, 1417, 1433, 1466, 1508, 1612, 1615, 1699, 1717, 1738, 1742, 1759, 1823, 1888, 1920, 1958, 1974, 2033, 2054, 2069, 2092, 2117, 2120, 2162, 2164, 2185, 2244, 2256, 2270, 2274, 2276, 2281, 2289, 2291, 2298, 2306, 2312, 2316, 2321, 2332, 2342, 2356, 2399, 2418, 2423, 2425, 2434, 2444, 2478, 2485, 2488, 2501, 2507, 2521, 2538, 2540, 2544, 2592, 2606, 2638, 2670, 2676, 2692, 2696, 2717, 2728, 2754, 2769, 2793, 2837, 2839, 2883, 2896, 2918, 2965, 2993, 2999, 3018, 3021, 3038, 3045, 3066, 3079, 3087, 3153, 3167, 3182, 3204, 3207, 3231, 3266, 3314, 3326, 3335, 3342, 3356, 3367, 3372, 3393, 3423, 3426, 3563, 3573, 3594, 3607, 3617, 3622, 3636, 3644, 3650, 3656, 3682, 3700, 3703, 3739, 3747, 3749, 3752, 3756, 3773, 3777, 3783, 3796, 3804, 3824, 3832, 3839, 3850, 3854, 3864, 3872, 3898, 3918, 3941, 3963, 3979, 3986, 4021, 4070, 4102, 4122, 4143, 4158, 4185, 4199, 4317, 4331, 4338, 4359, 4433, 4477, 4492, 4563, 4576, 4584, 4605, 4620, 4643, 4650, 4665, 4682, 4689, 4697, 4704, 4721, 4728, 4736, 4743, 4760, 4767, 4782, 4799, 4806, 4808, 4821, 4845, 4860, 4874, 4887, 4897, 4926, 4953, 4983, 5006, 5013, 5028, 5037, 5040, 5058, 5064, 5149, 5164, 5173, 5205, 5217, 5235, 5263, 5286, 5289, 5335, 5344, 5355, 5358, 5361, 5373, 5389, 5404, 5430, 5436, 5448, 5484, 5486, 5499, 5508, 5526, 5535, 5545, 5560, 5574, 5604, 5631, 5657, 5669, 5702, 5716, 5745, 5749, 5780, 5791, 5808, 5818, 5830, 5902, 5915, 5936, 5953, 5966, 5980, 5990, 5997, 6006, 6023, 6040, 6052, 6059, 6110, 6120, 6133, 6157, 6195, 6211]","[1822, 2675]",6229,292,5937,0,292,5935,2
-4.0,HSODCG,"[10, 32, 81, 99, 130, 160, 214, 246, 279, 286, 306, 321, 363, 377, 391, 411, 447, 450, 456, 468, 592, 604, 622, 662, 698, 700, 719, 726, 736, 740, 760, 769, 781, 786, 796, 800, 809, 873, 955, 1003, 1085, 1087, 1119, 1122, 1171, 1193, 1209, 1220, 1332, 1362, 1393, 1427, 1438, 1453, 1455, 1495, 1499, 1513, 1521, 1524, 1530, 1561, 1563, 1578, 1590, 1649, 1669, 1674, 1683, 1696, 1702, 1704, 1729, 1749, 1751, 1764, 1800, 1817, 1821, 1860, 1895, 1914, 1916, 1924, 1939, 1943, 1952, 1985, 1993, 2021, 2074, 2109, 2146, 2150, 2162, 2173, 2176, 2201, 2222, 2239, 2279, 2300, 2314, 2320, 2342, 2344, 2369, 2375, 2394, 2398, 2406, 2447, 2475, 2484, 2512, 2524, 2533, 2538, 2548, 2562, 2567, 2607, 2613, 2622, 2650, 2663, 2678, 2691, 2694, 2707, 2752, 2759, 2830, 2832, 2835, 2848, 2907, 2913, 2957, 2967, 3008, 3020, 3030, 3037, 3055, 3066, 3099, 3137, 3141, 3145, 3167, 3173, 3182, 3186, 3194, 3196, 3212, 3243, 3257, 3264, 3286, 3289, 3299, 3334, 3347, 3406, 3412, 3447, 3455, 3465, 3485, 3504, 3568, 3577, 3618, 3640, 3642, 3663, 3672, 3675, 3677, 3694, 3708, 3722, 3746, 3750, 3753, 3782, 3784, 3795, 3816, 3818, 3827, 3862, 3871, 3912, 3921, 3969, 3973, 3980, 3992, 3999, 4015, 4034, 4062, 4104, 4114, 4140, 4181, 4193, 4197, 4219, 4231, 4242, 4260, 4288, 4293, 4303, 4321, 4324, 4335, 4344, 4359, 4389, 4408, 4422, 4424, 4427, 4429, 4431, 4434, 4446, 4450, 4457, 4469, 4497, 4535, 4538, 4555, 4557, 4575, 4582, 4602, 4639, 4650, 4678, 4681, 4697, 4721, 4724, 4726, 4772, 4799, 4810, 4812, 4867, 4871, 4878, 4886, 4920, 4928, 4942, 4961, 4983, 4988, 4993, 5003, 5029, 5033, 5075, 5129, 5136, 5139, 5156, 5199, 5216, 5231, 5241, 5283, 5287, 5291, 5324, 5328, 5331, 5337, 5339, 5349, 5408, 5411, 5415, 5417, 5422, 5433, 5448, 5464, 5470, 5490, 5492, 5525, 5527, 5532, 5559, 5572, 5592, 5617, 5619, 5634, 5638, 5644, 5652, 5701, 5718, 5722, 5727, 5738, 5767, 5777, 5816, 5820, 5830, 5850, 5873, 5894, 5912, 5922, 5928, 5967, 5969, 5997, 5999, 6005, 6007, 6019, 6030, 6035, 6062, 6072, 6074, 6094, 6108, 6136, 6162, 6165, 6187, 6212, 6254, 6256, 6259, 6272, 6299, 6325, 6337, 6379, 6389, 6416, 6422, 6449, 6471, 6516, 6521, 6533, 6550, 6580, 6584, 6598, 6623, 6631, 6637, 6645, 6671, 6674, 6677, 6681, 6686, 6691, 6736, 6774, 6782, 6796, 6802, 6816, 6836, 6840, 6851, 6861, 6866, 6879, 6884, 6897, 6934, 6958, 6972, 6990, 7003, 7036, 7060, 7084, 7112, 7116, 7139, 7164, 7176, 7204, 7209, 7225, 7232, 7244, 7286, 7307, 7325, 7348, 7358, 7360, 7368, 7371, 7386, 7420, 7452, 7472, 7482, 7502, 7506, 7544, 7561, 7595, 7600, 7612, 7615, 7619, 7632, 7639, 7669, 7671, 7680, 7700, 7745, 7765, 7767, 7777, 7796, 7807, 7809, 7814, 7817, 7837, 7882, 7884, 7952, 7972, 7982, 8007, 8017, 8020, 8030, 8053, 8060, 8079, 8091, 8112, 8126, 8144, 8174, 8189, 8208, 8215, 8219, 8225, 8298, 8328, 8330, 8335, 8347, 8374, 8386, 8394, 8396, 8411, 8417, 8428, 8462, 8480, 8490, 8496, 8502, 8507, 8545, 8558, 8560, 8587, 8632, 8660, 8667, 8696, 8698, 8701, 8708, 8722, 8750, 8759, 8761, 8763, 8777, 8790, 8823, 8827, 8843, 8855, 8881, 8888, 8916, 8923, 8941, 8955, 8958, 8973, 8986, 8991, 9001, 9014, 9016]",[],"[10, 32, 81, 99, 130, 160, 214, 246, 279, 286, 306, 321, 363, 377, 391, 411, 447, 450, 456, 468, 592, 604, 622, 662, 698, 700, 719, 726, 736, 740, 760, 769, 781, 786, 796, 800, 809, 873, 955, 1003, 1085, 1087, 1119, 1122, 1171, 1193, 1209, 1220, 1332, 1362, 1393, 1427, 1438, 1453, 1455, 1495, 1499, 1513, 1521, 1524, 1530, 1561, 1563, 1578, 1590, 1649, 1669, 1674, 1683, 1696, 1702, 1704, 1729, 1749, 1751, 1764, 1800, 1817, 1821, 1860, 1895, 1914, 1916, 1924, 1939, 1943, 1952, 1985, 1993, 2021, 2074, 2109, 2146, 2150, 2162, 2173, 2176, 2201, 2222, 2239, 2279, 2300, 2314, 2320, 2342, 2344, 2369, 2375, 2394, 2398, 2406, 2447, 2475, 2484, 2512, 2524, 2533, 2538, 2548, 2562, 2567, 2607, 2613, 2622, 2650, 2663, 2678, 2691, 2694, 2707, 2752, 2759, 2830, 2832, 2835, 2848, 2907, 2913, 2957, 2967, 3008, 3020, 3030, 3037, 3055, 3066, 3099, 3137, 3141, 3145, 3167, 3173, 3182, 3186, 3194, 3196, 3212, 3243, 3257, 3264, 3286, 3289, 3299, 3334, 3347, 3406, 3412, 3447, 3455, 3465, 3485, 3504, 3568, 3577, 3618, 3640, 3642, 3663, 3672, 3675, 3677, 3694, 3708, 3722, 3746, 3750, 3753, 3782, 3784, 3795, 3816, 3818, 3827, 3862, 3871, 3912, 3921, 3969, 3973, 3980, 3992, 3999, 4015, 4034, 4062, 4104, 4114, 4140, 4181, 4193, 4197, 4219, 4231, 4242, 4260, 4288, 4293, 4303, 4321, 4324, 4335, 4344, 4359, 4389, 4408, 4422, 4424, 4427, 4429, 4431, 4434, 4446, 4450, 4457, 4469, 4497, 4535, 4538, 4555, 4557, 4575, 4582, 4602, 4639, 4650, 4678, 4681, 4697, 4721, 4724, 4726, 4772, 4799, 4810, 4812, 4867, 4871, 4878, 4886, 4920, 4928, 4942, 4961, 4983, 4988, 4993, 5003, 5029, 5033, 5075, 5129, 5136, 5139, 5156, 5199, 5216, 5231, 5241, 5283, 5287, 5291, 5324, 5328, 5331, 5337, 5339, 5349, 5408, 5411, 5415, 5417, 5422, 5433, 5448, 5464, 5470, 5490, 5492, 5525, 5527, 5532, 5559, 5572, 5592, 5617, 5619, 5634, 5638, 5644, 5652, 5701, 5718, 5722, 5727, 5738, 5767, 5777, 5816, 5820, 5830, 5850, 5873, 5894, 5912, 5922, 5928, 5967, 5969, 5997, 5999, 6005, 6007, 6019, 6030, 6035, 6062, 6072, 6074, 6094, 6108, 6136, 6162, 6165, 6187, 6212, 6254, 6256, 6259, 6272, 6299, 6325, 6337, 6379, 6389, 6416, 6422, 6449, 6471, 6516, 6521, 6533, 6550, 6580, 6584, 6598, 6623, 6631, 6637, 6645, 6671, 6674, 6677, 6681, 6686, 6691, 6736, 6774, 6782, 6796, 6802, 6816, 6836, 6840, 6851, 6861, 6866, 6879, 6884, 6897, 6934, 6958, 6972, 6990, 7003, 7036, 7060, 7084, 7112, 7116, 7139, 7164, 7176, 7204, 7209, 7225, 7232, 7244, 7286, 7307, 7325, 7348, 7358, 7360, 7368, 7371, 7386, 7420, 7452, 7472, 7482, 7502, 7506, 7544, 7561, 7595, 7600, 7612, 7615, 7619, 7632, 7639, 7669, 7671, 7680, 7700, 7745, 7765, 7767, 7777, 7796, 7807, 7809, 7814, 7817, 7837, 7882, 7884, 7952, 7972, 7982, 8007, 8017, 8020, 8030, 8053, 8060, 8079, 8091, 8112, 8126, 8144, 8174, 8189, 8208, 8215, 8219, 8225, 8298, 8328, 8330, 8335, 8347, 8374, 8386, 8394, 8396, 8411, 8417, 8428, 8462, 8480, 8490, 8496, 8502, 8507, 8545, 8558, 8560, 8587, 8632, 8660, 8667, 8696, 8698, 8701, 8708, 8722, 8750, 8759, 8761, 8763, 8777, 8790, 8823, 8827, 8843, 8855, 8881, 8888, 8916, 8923, 8941, 8955, 8958, 8973, 8986, 8991, 9001, 9014, 9016]","[4192, 4649, 5028, 5421, 5633, 5893, 7111, 7306, 7614]",9036,520,8516,0,520,8507,9
-4.0,HSODF2,"[5, 9, 26, 31, 40, 48, 63, 82, 84, 89, 98, 129, 132, 137, 159, 163, 172, 174, 235, 251, 270, 272, 294, 297, 309, 311, 332, 382, 388, 397, 420, 439, 448, 481, 483, 498, 505, 507, 525, 546, 601, 630, 634, 651, 671, 684, 704, 723, 787, 789, 803, 885, 891, 908, 914, 921, 938, 944, 950, 965, 969, 971, 973, 994, 1018, 1045, 1062, 1064, 1079, 1107, 1109, 1120, 1156, 1165, 1201, 1228, 1230, 1239, 1257, 1273, 1278, 1308, 1312, 1340, 1367, 1370, 1376, 1380, 1413, 1415, 1418, 1426]",[],"[5, 9, 26, 31, 40, 48, 63, 82, 84, 89, 98, 129, 132, 137, 159, 163, 172, 174, 235, 251, 270, 272, 294, 297, 309, 311, 332, 382, 388, 397, 420, 439, 448, 481, 483, 498, 505, 507, 525, 546, 601, 630, 634, 651, 671, 684, 704, 723, 787, 789, 803, 885, 891, 908, 914, 921, 938, 944, 950, 965, 969, 971, 973, 994, 1018, 1045, 1062, 1064, 1079, 1107, 1109, 1120, 1156, 1165, 1201, 1228, 1230, 1239, 1257, 1273, 1278, 1308, 1312, 1340, 1367, 1370, 1376, 1380, 1413, 1415, 1418, 1426]",[600],1423,92,1331,0,92,1330,1
-4.0,HSPAT133,"[6, 9, 52, 90, 99, 118, 124, 131, 183, 201, 240, 264, 274, 312, 314, 319, 367, 394, 398, 441, 444, 450, 468, 476, 484, 559, 591, 594, 603, 621, 630, 655, 668, 683, 685, 694, 698, 728, 763, 786, 795, 905, 932, 950, 952, 958, 972, 1008, 1020, 1058, 1069, 1127, 1174, 1178, 1209, 1213, 1329, 1354, 1359, 1373, 1448, 1467, 1571, 1579, 1633, 1638, 1661, 1667, 1669, 1671, 1678, 1680, 1686, 1694, 1708, 1735, 1751, 1753, 1761, 1774, 1779, 1783, 1792, 1802, 1816, 1890, 1962, 1982, 2026, 2033, 2058, 2074, 2110, 2130, 2182, 2208, 2221, 2227, 2255, 2303, 2319, 2348, 2367, 2371, 2406, 2414, 2443, 2474, 2532, 2583, 2598, 2617, 2628, 2696, 2718, 2723, 2738, 2861, 2868, 2871, 2873, 2944, 2996, 3035, 3037, 3086, 3184, 3192, 3206, 3221, 3231, 3287, 3299, 3353, 3362, 3373, 3382, 3403, 3421, 3452, 3459, 3524, 3541, 3549, 3551, 3575, 3580, 3592, 3607, 3610, 3613, 3623, 3648, 3660, 3685, 3712]",[],"[6, 9, 52, 90, 99, 118, 124, 131, 183, 201, 240, 264, 274, 312, 314, 319, 367, 394, 398, 441, 444, 450, 468, 476, 484, 559, 591, 594, 603, 621, 630, 655, 668, 683, 685, 694, 698, 728, 763, 786, 795, 905, 932, 950, 952, 958, 972, 1008, 1020, 1058, 1069, 1127, 1174, 1178, 1209, 1213, 1329, 1354, 1359, 1373, 1448, 1467, 1571, 1579, 1633, 1638, 1661, 1667, 1669, 1671, 1678, 1680, 1686, 1694, 1708, 1735, 1751, 1753, 1761, 1774, 1779, 1783, 1792, 1802, 1816, 1890, 1962, 1982, 2026, 2033, 2058, 2074, 2110, 2130, 2182, 2208, 2221, 2227, 2255, 2303, 2319, 2348, 2367, 2371, 2406, 2414, 2443, 2474, 2532, 2583, 2598, 2617, 2628, 2696, 2718, 2723, 2738, 2861, 2868, 2871, 2873, 2944, 2996, 3035, 3037, 3086, 3184, 3192, 3206, 3221, 3231, 3287, 3299, 3353, 3362, 3373, 3382, 3403, 3421, 3452, 3459, 3524, 3541, 3549, 3551, 3575, 3580, 3592, 3607, 3610, 3613, 3623, 3648, 3660, 3685, 3712]",[1447],3713,156,3557,0,156,3556,1
-4.0,HSPLAPL,"[4, 10, 12, 17, 25, 34, 105, 180, 182, 192, 210, 216, 219, 245, 277, 352, 404, 482, 534, 594, 600, 604, 659, 662, 720, 722, 729, 809, 813, 821, 828, 832, 850, 885, 887, 890, 942, 970, 975, 979, 982, 1003, 1005, 1011, 1025, 1027, 1039, 1049, 1074, 1081, 1112, 1134, 1159, 1168, 1193, 1198, 1208, 1210, 1215, 1226, 1272, 1277]",[],"[4, 10, 12, 17, 25, 34, 105, 180, 182, 192, 210, 216, 219, 245, 277, 352, 404, 482, 534, 594, 600, 604, 659, 662, 720, 722, 729, 809, 813, 821, 828, 832, 850, 885, 887, 890, 942, 970, 975, 979, 982, 1003, 1005, 1011, 1025, 1027, 1039, 1049, 1074, 1081, 1112, 1134, 1159, 1168, 1193, 1198, 1208, 1210, 1215, 1226, 1272, 1277]","[403, 599, 827]",1275,62,1213,0,62,1210,3
-4.0,HSPRB3L,"[8, 20, 94, 139, 146, 187, 194, 210, 230, 247, 253, 262, 280, 305, 321, 357, 376, 384, 387, 401, 403, 416, 424, 457, 473, 480, 520, 524, 567, 590, 593, 617, 626, 675, 701, 704, 744, 771, 790, 821, 826, 838, 841, 866, 874, 897, 901, 917, 935, 1011, 1013, 1051, 1076, 1086, 1095, 1098, 1104, 1112, 1133, 1154, 1168, 1217, 1228, 1230, 1250, 1297, 1307, 1315, 1317, 1320, 1375, 1408, 1410, 1413, 1420, 1433, 1444, 1467, 1487, 1504, 1528, 1538, 1563, 1598, 1606, 1608, 1756, 1760, 1782, 1814, 1816, 1889, 1923, 1925, 1931, 1942, 1964, 1970, 1994, 2003, 2005, 2007, 2070, 2125, 2133, 2145, 2188, 2196, 2208, 2251, 2259, 2271, 2314, 2322, 2334, 2377, 2385, 2440, 2448, 2460, 2503, 2511, 2523, 2566, 2574, 2586, 2629, 2637, 2649, 2700, 2763, 2914, 2923, 2935, 2946, 2962, 2972, 2974, 2980, 2996, 3030, 3061, 3084, 3097, 3130, 3157, 3167, 3169, 3184, 3187, 3194, 3205, 3219, 3266, 3300, 3305, 3321, 3347, 3349, 3377, 3381, 3431, 3446, 3490, 3526, 3528, 3585, 3594, 3597, 3635, 3662, 3665, 3672, 3703, 3705, 3738, 3755, 3758, 3786, 3802, 3804, 3839, 3901, 3903, 3922, 3958, 3993, 4006, 4015, 4041, 4046, 4067, 4072, 4076, 4086, 4104, 4143, 4146, 4201, 4204, 4206, 4218, 4220, 4224, 4230, 4235, 4237, 4353, 4400, 4419, 4425, 4430, 4501]",[],"[8, 20, 94, 139, 146, 187, 194, 210, 230, 247, 253, 262, 280, 305, 321, 357, 376, 384, 387, 401, 403, 416, 424, 457, 473, 480, 520, 524, 567, 590, 593, 617, 626, 675, 701, 704, 744, 771, 790, 821, 826, 838, 841, 866, 874, 897, 901, 917, 935, 1011, 1013, 1051, 1076, 1086, 1095, 1098, 1104, 1112, 1133, 1154, 1168, 1217, 1228, 1230, 1250, 1297, 1307, 1315, 1317, 1320, 1375, 1408, 1410, 1413, 1420, 1433, 1444, 1467, 1487, 1504, 1528, 1538, 1563, 1598, 1606, 1608, 1756, 1760, 1782, 1814, 1816, 1889, 1923, 1925, 1931, 1942, 1964, 1970, 1994, 2003, 2005, 2007, 2070, 2125, 2133, 2145, 2188, 2196, 2208, 2251, 2259, 2271, 2314, 2322, 2334, 2377, 2385, 2440, 2448, 2460, 2503, 2511, 2523, 2566, 2574, 2586, 2629, 2637, 2649, 2700, 2763, 2914, 2923, 2935, 2946, 2962, 2972, 2974, 2980, 2996, 3030, 3061, 3084, 3097, 3130, 3157, 3167, 3169, 3184, 3187, 3194, 3205, 3219, 3266, 3300, 3305, 3321, 3347, 3349, 3377, 3381, 3431, 3446, 3490, 3526, 3528, 3585, 3594, 3597, 3635, 3662, 3665, 3672, 3703, 3705, 3738, 3755, 3758, 3786, 3802, 3804, 3839, 3901, 3903, 3922, 3958, 3993, 4006, 4015, 4041, 4046, 4067, 4072, 4076, 4086, 4104, 4143, 4146, 4201, 4204, 4206, 4218, 4220, 4224, 4230, 4235, 4237, 4353, 4400, 4419, 4425, 4430, 4501]","[566, 1537]",4509,213,4296,0,213,4294,2
-4.0,HSPRB4S,"[19, 35, 50, 59, 61, 71, 73, 75, 78, 98, 140, 152, 226, 267, 272, 319, 326, 342, 362, 385, 391, 394, 412, 452, 488, 516, 519, 543, 551, 575, 583, 600, 607, 647, 651, 682, 688, 694, 720, 742, 748, 751, 799, 826, 829, 869, 895, 914, 943, 948, 960, 967, 988, 996, 1019, 1023, 1039, 1050, 1059, 1133, 1147, 1196, 1206, 1215, 1224, 1232, 1253, 1275, 1277, 1281, 1339, 1372, 1407, 1414, 1429, 1437, 1439, 1442, 1497, 1508, 1530, 1532, 1535, 1555, 1566, 1570, 1588, 1608, 1625, 1659, 1684, 1715, 1727, 1729, 1768, 1844, 1859, 1876, 1880, 1917, 1919, 2002, 2015, 2049, 2057, 2068, 2096, 2106, 2120, 2129, 2133, 2196, 2251, 2259, 2314, 2322, 2377, 2385, 2440, 2448, 2496, 2503, 2511, 2566, 2574, 2637, 2791, 2813, 2855, 2871, 2904, 2909, 2935, 2958, 2971, 2988, 3005, 3032, 3042, 3044, 3059, 3062, 3069, 3082, 3087, 3124, 3150, 3175, 3180, 3196, 3224, 3226, 3257, 3365, 3368, 3404, 3406, 3463, 3471, 3475, 3514, 3524, 3541, 3544, 3551, 3582, 3584, 3590, 3603, 3617, 3634, 3637, 3651, 3665, 3671, 3681, 3683, 3718, 3738, 3780, 3782, 3801, 3821, 3825, 3839, 3857, 3890, 3906, 3964, 3967, 3969, 3980, 3982, 3993, 4000, 4044, 4062, 4108, 4116, 4165, 4184, 4195, 4200, 4234, 4266, 4282, 4302, 4311, 4320, 4328, 4330, 4341, 4374, 4401, 4403, 4489, 4505, 4544, 4580, 4585, 4605, 4660, 4684, 4778, 4828, 4914, 4942, 4964, 4988, 5055, 5069, 5088, 5099, 5127, 5187, 5205, 5209, 5220, 5320, 5322, 5345, 5367, 5382, 5386, 5448, 5464, 5468, 5474, 5519, 5533, 5547, 5624, 5653, 5664, 5689, 5695, 5777, 5791, 5800]",[],"[19, 35, 50, 59, 61, 71, 73, 75, 78, 98, 140, 152, 226, 267, 272, 319, 326, 342, 362, 385, 391, 394, 412, 452, 488, 516, 519, 543, 551, 575, 583, 600, 607, 647, 651, 682, 688, 694, 720, 742, 748, 751, 799, 826, 829, 869, 895, 914, 943, 948, 960, 967, 988, 996, 1019, 1023, 1039, 1050, 1059, 1133, 1147, 1196, 1206, 1215, 1224, 1232, 1253, 1275, 1277, 1281, 1339, 1372, 1407, 1414, 1429, 1437, 1439, 1442, 1497, 1508, 1530, 1532, 1535, 1555, 1566, 1570, 1588, 1608, 1625, 1659, 1684, 1715, 1727, 1729, 1768, 1844, 1859, 1876, 1880, 1917, 1919, 2002, 2015, 2049, 2057, 2068, 2096, 2106, 2120, 2129, 2133, 2196, 2251, 2259, 2314, 2322, 2377, 2385, 2440, 2448, 2496, 2503, 2511, 2566, 2574, 2637, 2791, 2813, 2855, 2871, 2904, 2909, 2935, 2958, 2971, 2988, 3005, 3032, 3042, 3044, 3059, 3062, 3069, 3082, 3087, 3124, 3150, 3175, 3180, 3196, 3224, 3226, 3257, 3365, 3368, 3404, 3406, 3463, 3471, 3475, 3514, 3524, 3541, 3544, 3551, 3582, 3584, 3590, 3603, 3617, 3634, 3637, 3651, 3665, 3671, 3681, 3683, 3718, 3738, 3780, 3782, 3801, 3821, 3825, 3839, 3857, 3890, 3906, 3964, 3967, 3969, 3980, 3982, 3993, 4000, 4044, 4062, 4108, 4116, 4165, 4184, 4195, 4200, 4234, 4266, 4282, 4302, 4311, 4320, 4328, 4330, 4341, 4374, 4401, 4403, 4489, 4505, 4544, 4580, 4585, 4605, 4660, 4684, 4778, 4828, 4914, 4942, 4964, 4988, 5055, 5069, 5088, 5099, 5127, 5187, 5205, 5209, 5220, 5320, 5322, 5345, 5367, 5382, 5386, 5448, 5464, 5468, 5474, 5519, 5533, 5547, 5624, 5653, 5664, 5689, 5695, 5777, 5791, 5800]","[693, 1658]",5806,259,5547,0,259,5545,2
-4.0,HSPSAG,"[5, 20, 28, 47, 57, 76, 89, 95, 111, 126, 140, 164, 175, 183, 201, 234, 236, 246, 249, 281, 293, 315, 331, 394, 396, 404, 408, 414, 417, 431, 435, 440, 448, 463, 499, 566, 601, 621, 640, 726, 742, 744, 754, 795, 807, 816, 848, 873, 877, 1000, 1008, 1071, 1133, 1212, 1295, 1333, 1340, 1355, 1407, 1418, 1423, 1425, 1446, 1557, 1578, 1591, 1593, 1633, 1641, 1650, 1708, 1718, 1732, 1760, 1766, 1776, 1787, 1797, 1799, 1805, 1816, 1820, 1849, 1853, 1866, 1879, 1881, 1885, 1887, 1966, 1972, 1978, 1996, 2031, 2041, 2043, 2053, 2061, 2063, 2077, 2085, 2098, 2101, 2103, 2111, 2113, 2124, 2148, 2155, 2179, 2190, 2205, 2207, 2209, 2219, 2239, 2247, 2253, 2262, 2340, 2353, 2384, 2398, 2405, 2429, 2472, 2475, 2488, 2540, 2546, 2552, 2565, 2587, 2595, 2664, 2666, 2680, 2682, 2684, 2688, 2696, 2771, 2835, 2864, 2971, 2990, 3046, 3092, 3111, 3116, 3145, 3149, 3159, 3165, 3184, 3186, 3204, 3208, 3214, 3271, 3280, 3285, 3314, 3326, 3329, 3333, 3350, 3352, 3366, 3368, 3379, 3418, 3461, 3485, 3498, 3511, 3536, 3545, 3612, 3649, 3677, 3683, 3763, 3765, 3783, 3809, 3839, 3867, 3872, 3887, 3889, 3904, 3907, 3930, 3932, 3934, 3946, 3961, 3963, 3965, 3973, 3988, 3996, 4005, 4007, 4045, 4049, 4081, 4085, 4109, 4128, 4152, 4171, 4173, 4224, 4249, 4257, 4269, 4323, 4354, 4369, 4418, 4420, 4428, 4457, 4464, 4466, 4494, 4500, 4599, 4617, 4631, 4649, 4725, 4735, 4742, 4776, 4778, 4839, 4848, 4871, 4886, 4936, 4972, 4976, 5018, 5036, 5052, 5054, 5059, 5067, 5080, 5089, 5122, 5134, 5147, 5160, 5166, 5203, 5243, 5273, 5324, 5335, 5341, 5415, 5435, 5439, 5445, 5447, 5457, 5464, 5475, 5484, 5509, 5519, 5522, 5536, 5555, 5583, 5592, 5595, 5644, 5667, 5669, 5674, 5681, 5711, 5713, 5723, 5725, 5737, 5739, 5756, 5758, 5816, 5827, 5829, 5833, 5835, 5842, 5866]",[],"[5, 20, 28, 47, 57, 76, 89, 95, 111, 126, 140, 164, 175, 183, 201, 234, 236, 246, 249, 281, 293, 315, 331, 394, 396, 404, 408, 414, 417, 431, 435, 440, 448, 463, 499, 566, 601, 621, 640, 726, 742, 744, 754, 795, 807, 816, 848, 873, 877, 1000, 1008, 1071, 1133, 1212, 1295, 1333, 1340, 1355, 1407, 1418, 1423, 1425, 1446, 1557, 1578, 1591, 1593, 1633, 1641, 1650, 1708, 1718, 1732, 1760, 1766, 1776, 1787, 1797, 1799, 1805, 1816, 1820, 1849, 1853, 1866, 1879, 1881, 1885, 1887, 1966, 1972, 1978, 1996, 2031, 2041, 2043, 2053, 2061, 2063, 2077, 2085, 2098, 2101, 2103, 2111, 2113, 2124, 2148, 2155, 2179, 2190, 2205, 2207, 2209, 2219, 2239, 2247, 2253, 2262, 2340, 2353, 2384, 2398, 2405, 2429, 2472, 2475, 2488, 2540, 2546, 2552, 2565, 2587, 2595, 2664, 2666, 2680, 2682, 2684, 2688, 2696, 2771, 2835, 2864, 2971, 2990, 3046, 3092, 3111, 3116, 3145, 3149, 3159, 3165, 3184, 3186, 3204, 3208, 3214, 3271, 3280, 3285, 3314, 3326, 3329, 3333, 3350, 3352, 3366, 3368, 3379, 3418, 3461, 3485, 3498, 3511, 3536, 3545, 3612, 3649, 3677, 3683, 3763, 3765, 3783, 3809, 3839, 3867, 3872, 3887, 3889, 3904, 3907, 3930, 3932, 3934, 3946, 3961, 3963, 3965, 3973, 3988, 3996, 4005, 4007, 4045, 4049, 4081, 4085, 4109, 4128, 4152, 4171, 4173, 4224, 4249, 4257, 4269, 4323, 4354, 4369, 4418, 4420, 4428, 4457, 4464, 4466, 4494, 4500, 4599, 4617, 4631, 4649, 4725, 4735, 4742, 4776, 4778, 4839, 4848, 4871, 4886, 4936, 4972, 4976, 5018, 5036, 5052, 5054, 5059, 5067, 5080, 5089, 5122, 5134, 5147, 5160, 5166, 5203, 5243, 5273, 5324, 5335, 5341, 5415, 5435, 5439, 5445, 5447, 5457, 5464, 5475, 5484, 5509, 5519, 5522, 5536, 5555, 5583, 5592, 5595, 5644, 5667, 5669, 5674, 5681, 5711, 5713, 5723, 5725, 5737, 5739, 5756, 5758, 5816, 5827, 5829, 5833, 5835, 5842, 5866]","[447, 1848, 3764, 4044]",5866,301,5565,0,301,5561,4
-4.0,HSRPII145,"[13, 24, 77, 91, 93, 101, 117, 153, 275, 277, 334, 385, 424, 428, 450, 468, 473, 533, 546, 589, 601, 615, 623, 632, 658, 673, 696, 713, 735, 740, 743, 785, 800, 831, 834, 845, 883, 904, 909, 913, 941, 943, 961, 969, 987, 1022, 1024, 1039, 1063, 1072, 1078, 1087, 1098, 1103, 1112, 1144, 1146, 1158, 1182, 1201, 1203, 1212, 1220, 1234, 1238, 1258, 1271, 1276, 1303, 1307, 1351, 1356, 1368, 1379, 1394, 1452, 1454, 1490, 1511, 1513, 1536, 1540, 1547, 1549, 1562, 1584, 1599, 1611, 1616, 1620, 1624, 1626, 1642, 1653, 1665, 1689, 1695, 1711, 1730, 1755, 1879, 1895, 1957, 1980, 1982, 2069, 2084]",[],"[13, 24, 77, 91, 93, 101, 117, 153, 275, 277, 334, 385, 424, 428, 450, 468, 473, 533, 546, 589, 601, 615, 623, 632, 658, 673, 696, 713, 735, 740, 743, 785, 800, 831, 834, 845, 883, 904, 909, 913, 941, 943, 961, 969, 987, 1022, 1024, 1039, 1063, 1072, 1078, 1087, 1098, 1103, 1112, 1144, 1146, 1158, 1182, 1201, 1203, 1212, 1220, 1234, 1238, 1258, 1271, 1276, 1303, 1307, 1351, 1356, 1368, 1379, 1394, 1452, 1454, 1490, 1511, 1513, 1536, 1540, 1547, 1549, 1562, 1584, 1599, 1611, 1616, 1620, 1624, 1626, 1642, 1653, 1665, 1689, 1695, 1711, 1730, 1755, 1879, 1895, 1957, 1980, 1982, 2069, 2084]","[449, 588, 908, 1071, 1233]",2086,107,1979,0,107,1974,5
-4.0,HSRPS7,"[22, 56, 60, 68, 86, 101, 116, 130, 149, 151, 167, 173, 181, 200, 216, 228, 245, 254, 265, 269, 281, 285, 289, 319, 370, 375, 386, 405, 416, 423, 435, 464, 467, 478, 483, 507, 517, 521, 527, 556, 566, 572, 574, 586, 593, 602, 605, 634, 642, 697, 717, 727, 732, 791, 795, 822, 829, 849, 876, 922, 924, 930, 937, 944, 999, 1004, 1009, 1013, 1026, 1041, 1056, 1061, 1078, 1100, 1104, 1108, 1132, 1137, 1192, 1199, 1201, 1216, 1221, 1224, 1277, 1289, 1348, 1358, 1368, 1381, 1395, 1421, 1438, 1443, 1459, 1476, 1481, 1491, 1500, 1504, 1555, 1600, 1629, 1653, 1668, 1716, 1721, 1727, 1750, 1785, 1804, 1832, 1836, 1874, 1897, 1931, 1958, 2004, 2049, 2064, 2073, 2094, 2099, 2116, 2145, 2151, 2167, 2175, 2186, 2193, 2233, 2235, 2237, 2249, 2270, 2274, 2282, 2286, 2370, 2401, 2411, 2424, 2436, 2447, 2453, 2496, 2504, 2506, 2509, 2517, 2531, 2540, 2552, 2571, 2586, 2596, 2601, 2644, 2666, 2708, 2718, 2724, 2732, 2735, 2738, 2761, 2786, 2792, 2848, 2854, 2858, 2861, 2872, 2874, 2878, 2886, 2915, 2932, 2941, 2951, 2974, 2978, 2981, 2984, 3007, 3013, 3046, 3055, 3075, 3080, 3091, 3094, 3109, 3115, 3123, 3133, 3139, 3143, 3165, 3182, 3185, 3191, 3225, 3238, 3254, 3267, 3286, 3296, 3306, 3330, 3340, 3364, 3384, 3388, 3403, 3416, 3420, 3425, 3438, 3440, 3447, 3484, 3489, 3493, 3526, 3543, 3556, 3599, 3627, 3631, 3641, 3645, 3675, 3678, 3681, 3691, 3731, 3744, 3756, 3832, 3838, 3855, 3867, 3883, 3897, 3910, 3913, 3922, 3968, 3974, 3977, 3983, 4017, 4033, 4042, 4049, 4053, 4059, 4062, 4117, 4125, 4138, 4149, 4164, 4224, 4245, 4255, 4259, 4267, 4270, 4281, 4283, 4285, 4314, 4320, 4323, 4326, 4342, 4348, 4362, 4375, 4382, 4387, 4401, 4418, 4431, 4439, 4448, 4461, 4465, 4470, 4524, 4570, 4592, 4634, 4645, 4655, 4659, 4669, 4684, 4701, 4724, 4747, 4773, 4775, 4785, 4791, 4797, 4801, 4812, 4816, 4819, 4829, 4847, 4869, 4891, 4893, 4900, 4914, 4923, 4928, 4938, 4988, 4994, 4997, 5008, 5025, 5030, 5053, 5055, 5061, 5068, 5070, 5076, 5078, 5086, 5089, 5093, 5101, 5105, 5141, 5168, 5220, 5234, 5249, 5261, 5272, 5285, 5307, 5317, 5329, 5360, 5362, 5369, 5377, 5410, 5414, 5420, 5479, 5504, 5532, 5542, 5564, 5570, 5573, 5577, 5588, 5594, 5622, 5648, 5656, 5667, 5672, 5695, 5712, 5716, 5737, 5746, 5764, 5783, 5789, 5804, 5811, 5836, 5843, 5845, 5880, 5890, 5892, 5898, 5913, 5920, 5938, 5973, 5994, 6002, 6009, 6053, 6058, 6065, 6069, 6073, 6085, 6088, 6123, 6128, 6138, 6147, 6159, 6194, 6197, 6216, 6218, 6225, 6231, 6234, 6242, 6259, 6273, 6281, 6310, 6326, 6330, 6334, 6337, 6349, 6387, 6409, 6425, 6430, 6434, 6464, 6466, 6519, 6531, 6547, 6555, 6586, 6600, 6627, 6645, 6663, 6693, 6723, 6735, 6742, 6763, 6774, 6780, 6790, 6792, 6799, 6828, 6831, 6845, 6886, 6888, 6893, 6895, 6908, 6938, 6951, 6964, 6967, 6975, 6983, 6994, 6997, 7004, 7008, 7011, 7023, 7025, 7046, 7050, 7062, 7083, 7088, 7091, 7093, 7098, 7103, 7128, 7135, 7138, 7158, 7161, 7163, 7165, 7172, 7221, 7233, 7235, 7237, 7247, 7252, 7274, 7278, 7294, 7296, 7323, 7343, 7352, 7377, 7390, 7397, 7403, 7408, 7443, 7456, 7461, 7466, 7468, 7486, 7495, 7497, 7501]",[],"[22, 56, 60, 68, 86, 101, 116, 130, 149, 151, 167, 173, 181, 200, 216, 228, 245, 254, 265, 269, 281, 285, 289, 319, 370, 375, 386, 405, 416, 423, 435, 464, 467, 478, 483, 507, 517, 521, 527, 556, 566, 572, 574, 586, 593, 602, 605, 634, 642, 697, 717, 727, 732, 791, 795, 822, 829, 849, 876, 922, 924, 930, 937, 944, 999, 1004, 1009, 1013, 1026, 1041, 1056, 1061, 1078, 1100, 1104, 1108, 1132, 1137, 1192, 1199, 1201, 1216, 1221, 1224, 1277, 1289, 1348, 1358, 1368, 1381, 1395, 1421, 1438, 1443, 1459, 1476, 1481, 1491, 1500, 1504, 1555, 1600, 1629, 1653, 1668, 1716, 1721, 1727, 1750, 1785, 1804, 1832, 1836, 1874, 1897, 1931, 1958, 2004, 2049, 2064, 2073, 2094, 2099, 2116, 2145, 2151, 2167, 2175, 2186, 2193, 2233, 2235, 2237, 2249, 2270, 2274, 2282, 2286, 2370, 2401, 2411, 2424, 2436, 2447, 2453, 2496, 2504, 2506, 2509, 2517, 2531, 2540, 2552, 2571, 2586, 2596, 2601, 2644, 2666, 2708, 2718, 2724, 2732, 2735, 2738, 2761, 2786, 2792, 2848, 2854, 2858, 2861, 2872, 2874, 2878, 2886, 2915, 2932, 2941, 2951, 2974, 2978, 2981, 2984, 3007, 3013, 3046, 3055, 3075, 3080, 3091, 3094, 3109, 3115, 3123, 3133, 3139, 3143, 3165, 3182, 3185, 3191, 3225, 3238, 3254, 3267, 3286, 3296, 3306, 3330, 3340, 3364, 3384, 3388, 3403, 3416, 3420, 3425, 3438, 3440, 3447, 3484, 3489, 3493, 3526, 3543, 3556, 3599, 3627, 3631, 3641, 3645, 3675, 3678, 3681, 3691, 3731, 3744, 3756, 3832, 3838, 3855, 3867, 3883, 3897, 3910, 3913, 3922, 3968, 3974, 3977, 3983, 4017, 4033, 4042, 4049, 4053, 4059, 4062, 4117, 4125, 4138, 4149, 4164, 4224, 4245, 4255, 4259, 4267, 4270, 4281, 4283, 4285, 4314, 4320, 4323, 4326, 4342, 4348, 4362, 4375, 4382, 4387, 4401, 4418, 4431, 4439, 4448, 4461, 4465, 4470, 4524, 4570, 4592, 4634, 4645, 4655, 4659, 4669, 4684, 4701, 4724, 4747, 4773, 4775, 4785, 4791, 4797, 4801, 4812, 4816, 4819, 4829, 4847, 4869, 4891, 4893, 4900, 4914, 4923, 4928, 4938, 4988, 4994, 4997, 5008, 5025, 5030, 5053, 5055, 5061, 5068, 5070, 5076, 5078, 5086, 5089, 5093, 5101, 5105, 5141, 5168, 5220, 5234, 5249, 5261, 5272, 5285, 5307, 5317, 5329, 5360, 5362, 5369, 5377, 5410, 5414, 5420, 5479, 5504, 5532, 5542, 5564, 5570, 5573, 5577, 5588, 5594, 5622, 5648, 5656, 5667, 5672, 5695, 5712, 5716, 5737, 5746, 5764, 5783, 5789, 5804, 5811, 5836, 5843, 5845, 5880, 5890, 5892, 5898, 5913, 5920, 5938, 5973, 5994, 6002, 6009, 6053, 6058, 6065, 6069, 6073, 6085, 6088, 6123, 6128, 6138, 6147, 6159, 6194, 6197, 6216, 6218, 6225, 6231, 6234, 6242, 6259, 6273, 6281, 6310, 6326, 6330, 6334, 6337, 6349, 6387, 6409, 6425, 6430, 6434, 6464, 6466, 6519, 6531, 6547, 6555, 6586, 6600, 6627, 6645, 6663, 6693, 6723, 6735, 6742, 6763, 6774, 6780, 6790, 6792, 6799, 6828, 6831, 6845, 6886, 6888, 6893, 6895, 6908, 6938, 6951, 6964, 6967, 6975, 6983, 6994, 6997, 7004, 7008, 7011, 7023, 7025, 7046, 7050, 7062, 7083, 7088, 7091, 7093, 7098, 7103, 7128, 7135, 7138, 7158, 7161, 7163, 7165, 7172, 7221, 7233, 7235, 7237, 7247, 7252, 7274, 7278, 7294, 7296, 7323, 7343, 7352, 7377, 7390, 7397, 7403, 7408, 7443, 7456, 7461, 7466, 7468, 7486, 7495, 7497, 7501]","[2166, 2369, 3108, 4254, 6734]",7506,517,6989,0,517,6984,5
-4.0,HSSAA1B,"[14, 74, 79, 93, 103, 118, 123, 128, 162, 195, 211, 230, 251, 270, 282, 306, 350, 360, 372, 376, 436, 471, 476, 528, 599, 632, 642, 699, 709, 714, 798, 863, 882, 903, 948, 983, 985, 1010, 1019, 1029, 1032, 1065, 1106, 1108, 1119, 1124, 1129, 1152, 1160, 1190, 1196, 1201, 1204, 1227, 1234, 1252, 1273, 1301, 1307, 1320, 1358, 1377, 1389, 1404, 1410, 1415, 1474, 1489, 1496, 1498, 1521, 1544, 1559, 1648, 1655, 1657, 1663, 1689, 1698, 1705, 1712, 1745, 1748, 1765, 1767, 1772, 1805, 1807, 1832, 1851, 1868, 1908, 1911, 1923, 1954, 1964, 1967, 1971, 2017, 2021, 2028, 2058, 2067, 2092, 2106, 2118, 2150, 2160, 2185, 2204, 2208, 2213, 2262, 2304, 2320, 2346, 2368, 2423, 2431, 2445, 2459, 2468, 2485, 2514, 2521, 2585, 2606, 2608, 2624, 2633, 2645, 2656, 2677, 2704, 2722, 2729, 2754, 2764, 2787, 2797, 2800, 2813, 2872, 2878, 2897, 2899, 2913, 2954, 3012, 3030, 3058, 3073, 3084, 3086, 3116, 3122, 3127, 3140, 3183, 3190, 3215, 3226, 3258, 3274, 3328, 3334, 3390, 3393, 3405, 3412, 3414, 3437, 3446, 3506, 3554, 3571, 3610, 3614, 3648, 3650, 3653, 3659, 3667, 3678, 3720, 3821, 3838, 3846, 3866, 3877, 3904, 3927, 3935, 3980, 3987, 3989, 3995, 4001, 4008, 4014, 4018, 4043, 4048, 4065, 4087, 4090, 4097, 4099, 4172, 4268, 4316, 4404, 4442, 4453, 4475, 4483, 4494, 4496, 4506, 4509, 4522, 4527, 4555, 4561, 4572, 4576, 4638, 4643, 4698, 4713, 4717, 4721, 4745, 4749, 4769, 4817]",[],"[14, 74, 79, 93, 103, 118, 123, 128, 162, 195, 211, 230, 251, 270, 282, 306, 350, 360, 372, 376, 436, 471, 476, 528, 599, 632, 642, 699, 709, 714, 798, 863, 882, 903, 948, 983, 985, 1010, 1019, 1029, 1032, 1065, 1106, 1108, 1119, 1124, 1129, 1152, 1160, 1190, 1196, 1201, 1204, 1227, 1234, 1252, 1273, 1301, 1307, 1320, 1358, 1377, 1389, 1404, 1410, 1415, 1474, 1489, 1496, 1498, 1521, 1544, 1559, 1648, 1655, 1657, 1663, 1689, 1698, 1705, 1712, 1745, 1748, 1765, 1767, 1772, 1805, 1807, 1832, 1851, 1868, 1908, 1911, 1923, 1954, 1964, 1967, 1971, 2017, 2021, 2028, 2058, 2067, 2092, 2106, 2118, 2150, 2160, 2185, 2204, 2208, 2213, 2262, 2304, 2320, 2346, 2368, 2423, 2431, 2445, 2459, 2468, 2485, 2514, 2521, 2585, 2606, 2608, 2624, 2633, 2645, 2656, 2677, 2704, 2722, 2729, 2754, 2764, 2787, 2797, 2800, 2813, 2872, 2878, 2897, 2899, 2913, 2954, 3012, 3030, 3058, 3073, 3084, 3086, 3116, 3122, 3127, 3140, 3183, 3190, 3215, 3226, 3258, 3274, 3328, 3334, 3390, 3393, 3405, 3412, 3414, 3437, 3446, 3506, 3554, 3571, 3610, 3614, 3648, 3650, 3653, 3659, 3667, 3678, 3720, 3821, 3838, 3846, 3866, 3877, 3904, 3927, 3935, 3980, 3987, 3989, 3995, 4001, 4008, 4014, 4018, 4043, 4048, 4065, 4087, 4090, 4097, 4099, 4172, 4268, 4316, 4404, 4442, 4453, 4475, 4483, 4494, 4496, 4506, 4509, 4522, 4527, 4555, 4561, 4572, 4576, 4638, 4643, 4698, 4713, 4717, 4721, 4745, 4749, 4769, 4817]","[1543, 3845]",4816,236,4580,0,236,4578,2
-4.0,HSSHBG,"[18, 38, 109, 129, 142, 156, 184, 195, 200, 222, 229, 233, 241, 328, 331, 345, 352, 403, 412, 426, 458, 473, 507, 532, 552, 556, 567, 583, 587, 606, 626, 665, 697, 704, 725, 733, 770, 788, 818, 857, 859, 888, 912, 950, 1017, 1021, 1059, 1073, 1090, 1101, 1126, 1150, 1158, 1184, 1232, 1236, 1244, 1258, 1299, 1314, 1337, 1390, 1396, 1417, 1429, 1444, 1462, 1545, 1552, 1569, 1591, 1606, 1616, 1628, 1655, 1695, 1714, 1754, 1767, 1782, 1873, 1878, 1939, 1954, 1992, 2186, 2206, 2219, 2232, 2239, 2268, 2277, 2292, 2335, 2363, 2366, 2369, 2379, 2389, 2429, 2466, 2498, 2507, 2545, 2563, 2576, 2588, 2616, 2626, 2673, 2677, 2680, 2726, 2760, 2762, 2765, 2777, 2808, 2811, 2824, 2828, 2868, 2883, 2917, 2944, 2947, 2949, 2952, 2961, 2989, 3020, 3024, 3031, 3034, 3048, 3125, 3149, 3164, 3170, 3279, 3286, 3289, 3307, 3316, 3324, 3441, 3455, 3569, 3606, 3619, 3631, 3638, 3645, 3648, 3672, 3687, 3695, 3738, 3745, 3776, 3779, 3804]",[],"[18, 38, 109, 129, 142, 156, 184, 195, 200, 222, 229, 233, 241, 328, 331, 345, 352, 403, 412, 426, 458, 473, 507, 532, 552, 556, 567, 583, 587, 606, 626, 665, 697, 704, 725, 733, 770, 788, 818, 857, 859, 888, 912, 950, 1017, 1021, 1059, 1073, 1090, 1101, 1126, 1150, 1158, 1184, 1232, 1236, 1244, 1258, 1299, 1314, 1337, 1390, 1396, 1417, 1429, 1444, 1462, 1545, 1552, 1569, 1591, 1606, 1616, 1628, 1655, 1695, 1714, 1754, 1767, 1782, 1873, 1878, 1939, 1954, 1992, 2186, 2206, 2219, 2232, 2239, 2268, 2277, 2292, 2335, 2363, 2366, 2369, 2379, 2389, 2429, 2466, 2498, 2507, 2545, 2563, 2576, 2588, 2616, 2626, 2673, 2677, 2680, 2726, 2760, 2762, 2765, 2777, 2808, 2811, 2824, 2828, 2868, 2883, 2917, 2944, 2947, 2949, 2952, 2961, 2989, 3020, 3024, 3031, 3034, 3048, 3125, 3149, 3164, 3170, 3279, 3286, 3289, 3307, 3316, 3324, 3441, 3455, 3569, 3606, 3619, 3631, 3638, 3645, 3648, 3672, 3687, 3695, 3738, 3745, 3776, 3779, 3804]","[472, 696, 1058, 1551, 1938, 2205, 3148]",3803,162,3641,0,162,3634,7
-4.0,HSSSPN1AG,"[9, 43, 66, 145, 153, 156, 160, 169, 176, 187, 234, 270, 294, 337, 358, 360, 371, 373, 400, 410, 419, 437, 457, 536, 548, 550, 568, 590, 594, 612, 674, 744, 779, 786, 829, 855, 860, 949, 975, 978, 1032, 1091, 1111, 1126, 1128, 1136, 1149, 1158, 1164, 1227, 1233, 1246, 1290, 1321, 1344, 1374, 1379, 1385, 1393, 1403, 1408, 1417, 1425, 1435, 1452, 1546, 1570, 1617, 1636, 1647, 1668, 1673, 1679, 1741, 1773, 1782, 1810, 1847, 1849, 1854, 1861, 1864, 1866, 1873, 1875, 1902, 1938, 1940, 2000, 2012, 2018, 2023, 2031, 2036, 2050, 2052, 2067, 2071, 2077, 2082, 2098, 2110, 2117, 2120, 2128, 2141, 2147, 2160, 2166, 2172, 2178, 2180, 2207, 2221, 2227, 2244, 2259, 2261, 2281, 2309, 2331, 2336, 2363, 2397, 2401, 2431, 2465, 2475, 2484, 2486, 2524, 2530, 2538, 2567, 2570, 2576, 2579, 2596, 2600, 2641, 2653, 2657, 2663, 2668, 2677, 2736, 2752, 2767, 2770, 2785, 2809, 2813, 2847, 2849, 2860, 2870, 2882, 2897, 2906, 2908, 2910, 2912, 2917, 2933, 2948, 2959, 2974, 2976, 2998, 3005, 3012, 3015, 3029, 3033, 3041, 3043, 3062, 3074, 3090, 3140, 3146, 3160, 3162, 3164, 3219, 3241, 3270, 3274, 3284, 3305, 3317, 3323, 3342, 3349, 3361, 3371, 3375, 3385, 3396, 3403, 3434, 3492, 3496, 3508, 3519, 3523, 3560, 3581, 3589, 3591, 3593, 3595, 3615, 3626, 3628, 3654, 3700, 3713, 3718, 3727, 3737, 3755, 3782, 3789, 3797, 3858, 3862, 3865, 3908, 3913, 3916, 3923, 3935, 3939, 3946, 3964, 3973, 4014, 4017, 4019, 4054, 4058, 4069, 4071, 4078, 4088]",[],"[9, 43, 66, 145, 153, 156, 160, 169, 176, 187, 234, 270, 294, 337, 358, 360, 371, 373, 400, 410, 419, 437, 457, 536, 548, 550, 568, 590, 594, 612, 674, 744, 779, 786, 829, 855, 860, 949, 975, 978, 1032, 1091, 1111, 1126, 1128, 1136, 1149, 1158, 1164, 1227, 1233, 1246, 1290, 1321, 1344, 1374, 1379, 1385, 1393, 1403, 1408, 1417, 1425, 1435, 1452, 1546, 1570, 1617, 1636, 1647, 1668, 1673, 1679, 1741, 1773, 1782, 1810, 1847, 1849, 1854, 1861, 1864, 1866, 1873, 1875, 1902, 1938, 1940, 2000, 2012, 2018, 2023, 2031, 2036, 2050, 2052, 2067, 2071, 2077, 2082, 2098, 2110, 2117, 2120, 2128, 2141, 2147, 2160, 2166, 2172, 2178, 2180, 2207, 2221, 2227, 2244, 2259, 2261, 2281, 2309, 2331, 2336, 2363, 2397, 2401, 2431, 2465, 2475, 2484, 2486, 2524, 2530, 2538, 2567, 2570, 2576, 2579, 2596, 2600, 2641, 2653, 2657, 2663, 2668, 2677, 2736, 2752, 2767, 2770, 2785, 2809, 2813, 2847, 2849, 2860, 2870, 2882, 2897, 2906, 2908, 2910, 2912, 2917, 2933, 2948, 2959, 2974, 2976, 2998, 3005, 3012, 3015, 3029, 3033, 3041, 3043, 3062, 3074, 3090, 3140, 3146, 3160, 3162, 3164, 3219, 3241, 3270, 3274, 3284, 3305, 3317, 3323, 3342, 3349, 3361, 3371, 3375, 3385, 3396, 3403, 3434, 3492, 3496, 3508, 3519, 3523, 3560, 3581, 3589, 3591, 3593, 3595, 3615, 3626, 3628, 3654, 3700, 3713, 3718, 3727, 3737, 3755, 3782, 3789, 3797, 3858, 3862, 3865, 3908, 3913, 3916, 3923, 3935, 3939, 3946, 3964, 3973, 4014, 4017, 4019, 4054, 4058, 4069, 4071, 4078, 4088]","[1343, 1635, 1809, 3360, 3491]",4089,246,3843,0,246,3838,5
-4.0,HSSURF3,"[4, 20, 23, 28, 55, 86, 106, 119, 174, 195, 201, 285, 289, 296, 299, 304, 320, 329, 404, 406, 461, 464, 471, 473, 486, 488, 509, 530, 539, 567, 578, 595, 611, 632, 639, 646, 648, 657, 677, 680, 712, 744, 757, 765, 768, 778, 804, 814, 819, 825, 832, 874, 886, 896, 943, 961, 964, 988, 991, 1002, 1034, 1038, 1062, 1068, 1085, 1088, 1096, 1099, 1101, 1104, 1111, 1115, 1121, 1125, 1127, 1132, 1135, 1141, 1152, 1154, 1203, 1232, 1235, 1270, 1281, 1283, 1295, 1317, 1324, 1342, 1362, 1371, 1379, 1381, 1385, 1387, 1399, 1427, 1479, 1522, 1524, 1581, 1604, 1644, 1664, 1693, 1698, 1703, 1708, 1718, 1766, 1791, 1794, 1809, 1828, 1839, 1847, 1849, 1854, 1894, 1896, 1898, 1936, 1975, 2015, 2036, 2049, 2053, 2072, 2093, 2100, 2106, 2133, 2140, 2161, 2165, 2192, 2210, 2214, 2225, 2228, 2231, 2233, 2235, 2244, 2253, 2265, 2289, 2292, 2307, 2322, 2326, 2334, 2378, 2394, 2398, 2412, 2416, 2425, 2450, 2496, 2532, 2563, 2574, 2602, 2605, 2622, 2624, 2627, 2638, 2678, 2707, 2722, 2730, 2734, 2766, 2789, 2792, 2862, 2879, 2891, 2894, 2922, 2937, 2984, 3033, 3075, 3103, 3154, 3227, 3253, 3270, 3279, 3287, 3294, 3301, 3305, 3312, 3363, 3370, 3377, 3382, 3389]",[],"[4, 20, 23, 28, 55, 86, 106, 119, 174, 195, 201, 285, 289, 296, 299, 304, 320, 329, 404, 406, 461, 464, 471, 473, 486, 488, 509, 530, 539, 567, 578, 595, 611, 632, 639, 646, 648, 657, 677, 680, 712, 744, 757, 765, 768, 778, 804, 814, 819, 825, 832, 874, 886, 896, 943, 961, 964, 988, 991, 1002, 1034, 1038, 1062, 1068, 1085, 1088, 1096, 1099, 1101, 1104, 1111, 1115, 1121, 1125, 1127, 1132, 1135, 1141, 1152, 1154, 1203, 1232, 1235, 1270, 1281, 1283, 1295, 1317, 1324, 1342, 1362, 1371, 1379, 1381, 1385, 1387, 1399, 1427, 1479, 1522, 1524, 1581, 1604, 1644, 1664, 1693, 1698, 1703, 1708, 1718, 1766, 1791, 1794, 1809, 1828, 1839, 1847, 1849, 1854, 1894, 1896, 1898, 1936, 1975, 2015, 2036, 2049, 2053, 2072, 2093, 2100, 2106, 2133, 2140, 2161, 2165, 2192, 2210, 2214, 2225, 2228, 2231, 2233, 2235, 2244, 2253, 2265, 2289, 2292, 2307, 2322, 2326, 2334, 2378, 2394, 2398, 2412, 2416, 2425, 2450, 2496, 2532, 2563, 2574, 2602, 2605, 2622, 2624, 2627, 2638, 2678, 2707, 2722, 2730, 2734, 2766, 2789, 2792, 2862, 2879, 2891, 2894, 2922, 2937, 2984, 3033, 3075, 3103, 3154, 3227, 3253, 3270, 3279, 3287, 3294, 3301, 3305, 3312, 3363, 3370, 3377, 3382, 3389]","[284, 1033, 1692, 2048, 2321, 2729, 3074]",3410,203,3207,0,203,3200,7
-4.0,HSTNFB,"[22, 39, 41, 64, 66, 68, 79, 92, 97, 113, 144, 172, 190, 237, 291, 329, 355, 359, 373, 384, 387, 406, 441, 455, 465, 545, 634, 654, 657, 703, 809, 837, 872, 879, 902, 904, 928, 981, 985, 990, 996, 1008, 1026, 1030, 1038, 1044, 1058, 1070, 1080, 1091, 1101, 1123, 1142, 1154, 1173, 1181, 1186, 1203, 1207, 1219, 1238, 1268, 1293, 1310, 1312, 1314, 1355, 1376, 1407, 1450, 1472, 1474, 1508, 1568, 1596, 1729, 1732, 1737, 1863, 1881, 1910, 1920, 1934, 1946, 1949, 2012, 2032, 2045, 2072, 2074, 2110, 2125, 2196, 2201, 2224, 2309, 2312, 2348, 2363, 2433, 2437, 2485, 2489, 2507, 2692, 2733, 2863, 2871, 2873, 2875, 2877, 2879, 2881, 2889, 2903, 2955, 3000, 3016]",[],"[22, 39, 41, 64, 66, 68, 79, 92, 97, 113, 144, 172, 190, 237, 291, 329, 355, 359, 373, 384, 387, 406, 441, 455, 465, 545, 634, 654, 657, 703, 809, 837, 872, 879, 902, 904, 928, 981, 985, 990, 996, 1008, 1026, 1030, 1038, 1044, 1058, 1070, 1080, 1091, 1101, 1123, 1142, 1154, 1173, 1181, 1186, 1203, 1207, 1219, 1238, 1268, 1293, 1310, 1312, 1314, 1355, 1376, 1407, 1450, 1472, 1474, 1508, 1568, 1596, 1729, 1732, 1737, 1863, 1881, 1910, 1920, 1934, 1946, 1949, 2012, 2032, 2045, 2072, 2074, 2110, 2125, 2196, 2201, 2224, 2309, 2312, 2348, 2363, 2433, 2437, 2485, 2489, 2507, 2692, 2733, 2863, 2871, 2873, 2875, 2877, 2879, 2881, 2889, 2903, 2955, 3000, 3016]","[1375, 1567]",3030,118,2912,0,118,2910,2
-4.0,HSTPI1G,"[7, 39, 67, 69, 88, 103, 112, 124, 137, 146, 160, 193, 196, 208, 232, 256, 270, 298, 314, 326, 352, 362, 420, 440, 449, 551, 577, 584, 649, 656, 693, 731, 747, 768, 801, 828, 838, 865, 885, 916, 920, 924, 973, 981, 988, 1027, 1046, 1097, 1128, 1144, 1176, 1179, 1278, 1305, 1364, 1368, 1373, 1476, 1512, 1559, 1591, 1613, 1617, 1622, 1665, 1686, 1695, 1708, 1728, 1733, 1769, 1783, 1818, 1846, 1856, 1879, 1889, 1894, 1914, 1917, 1921, 1980, 2004, 2036, 2047, 2057, 2059, 2061, 2086, 2106, 2177, 2181, 2184, 2211, 2222, 2232, 2236, 2261, 2280, 2290, 2294, 2321, 2351, 2408, 2411, 2429, 2439, 2494, 2499, 2516, 2522, 2562, 2605, 2632, 2647, 2657, 2664, 2699, 2719, 2741, 2759, 2762, 2780, 2782, 2793, 2822, 2868, 2939, 2961, 2972, 2989, 3002, 3019, 3029, 3035, 3065, 3087, 3103, 3132, 3139, 3151, 3167, 3182, 3186, 3195, 3208, 3213, 3250, 3292, 3313, 3355, 3370, 3374, 3377, 3400, 3487, 3520, 3522, 3539, 3556, 3571, 3588, 3594, 3633, 3646, 3655, 3686, 3689, 3706, 3721, 3761, 3791, 3809, 3815, 3823, 3828, 3830, 3834, 3847, 3871, 3876, 3879, 3883, 3948, 3977, 4019, 4026, 4036, 4078, 4092, 4113, 4119, 4152, 4165, 4191, 4194, 4213, 4217, 4220, 4237, 4245, 4294, 4304, 4307, 4331, 4343, 4345, 4377, 4381, 4387, 4406, 4422, 4458, 4460, 4500, 4535, 4548, 4587, 4599, 4602, 4652, 4722, 4726, 4797, 4812, 4814, 4828, 4830, 4846, 4850, 4854, 4869, 4889, 4902, 4909, 4934, 4948, 4958, 4979]",[],"[7, 39, 67, 69, 88, 103, 112, 124, 137, 146, 160, 193, 196, 208, 232, 256, 270, 298, 314, 326, 352, 362, 420, 440, 449, 551, 577, 584, 649, 656, 693, 731, 747, 768, 801, 828, 838, 865, 885, 916, 920, 924, 973, 981, 988, 1027, 1046, 1097, 1128, 1144, 1176, 1179, 1278, 1305, 1364, 1368, 1373, 1476, 1512, 1559, 1591, 1613, 1617, 1622, 1665, 1686, 1695, 1708, 1728, 1733, 1769, 1783, 1818, 1846, 1856, 1879, 1889, 1894, 1914, 1917, 1921, 1980, 2004, 2036, 2047, 2057, 2059, 2061, 2086, 2106, 2177, 2181, 2184, 2211, 2222, 2232, 2236, 2261, 2280, 2290, 2294, 2321, 2351, 2408, 2411, 2429, 2439, 2494, 2499, 2516, 2522, 2562, 2605, 2632, 2647, 2657, 2664, 2699, 2719, 2741, 2759, 2762, 2780, 2782, 2793, 2822, 2868, 2939, 2961, 2972, 2989, 3002, 3019, 3029, 3035, 3065, 3087, 3103, 3132, 3139, 3151, 3167, 3182, 3186, 3195, 3208, 3213, 3250, 3292, 3313, 3355, 3370, 3374, 3377, 3400, 3487, 3520, 3522, 3539, 3556, 3571, 3588, 3594, 3633, 3646, 3655, 3686, 3689, 3706, 3721, 3761, 3791, 3809, 3815, 3823, 3828, 3830, 3834, 3847, 3871, 3876, 3879, 3883, 3948, 3977, 4019, 4026, 4036, 4078, 4092, 4113, 4119, 4152, 4165, 4191, 4194, 4213, 4217, 4220, 4237, 4245, 4294, 4304, 4307, 4331, 4343, 4345, 4377, 4381, 4387, 4406, 4422, 4458, 4460, 4500, 4535, 4548, 4587, 4599, 4602, 4652, 4722, 4726, 4797, 4812, 4814, 4828, 4830, 4846, 4850, 4854, 4869, 4889, 4902, 4909, 4934, 4948, 4958, 4979]","[746, 2035, 2231, 2438, 2821, 3181]",4988,239,4749,0,239,4743,6
-4.0,HSTUBAG,"[13, 18, 23, 72, 91, 94, 97, 101, 106, 111, 154, 159, 176, 228, 230, 267, 285, 293, 309, 311, 315, 324, 353, 360, 363, 411, 431, 466, 472, 490, 499, 537, 541, 567, 569, 590, 593, 597, 615, 634, 657, 709, 724, 743, 802, 807, 838, 840, 842, 844, 846, 848, 850, 852, 854, 856, 858, 860, 862, 864, 866, 868, 870, 872, 876, 903, 905, 907, 909, 911, 913, 915, 917, 919, 921, 923, 925, 929, 933, 938, 952, 979, 985, 994, 1072, 1075, 1135, 1142, 1173, 1176, 1224, 1236, 1245, 1266, 1268, 1270, 1272, 1274, 1276, 1278, 1309, 1330, 1350, 1395, 1398, 1405, 1411, 1448, 1458, 1499, 1530, 1540, 1550, 1612, 1625, 1643, 1651, 1670, 1718, 1738, 1771, 1824, 1827, 1849, 1906, 1913, 1933, 1938, 1978, 2066, 2070, 2086, 2099, 2101, 2174, 2222, 2245, 2257, 2259, 2263, 2281, 2288, 2292, 2302, 2311, 2324, 2338, 2342, 2361, 2390, 2428, 2441, 2561, 2563, 2585, 2589, 2608, 2674, 2690, 2699, 2712, 2726, 2746, 2754, 2760, 2787, 2803, 2814, 2822, 2842, 2871, 2883, 2897, 2905, 2922, 2938, 2950, 2957, 2980, 2988, 3005, 3017, 3042, 3054, 3057, 3112, 3123, 3151, 3154, 3175, 3200, 3208, 3216, 3218, 3261, 3291, 3336, 3375, 3420, 3427, 3442, 3464, 3467, 3472, 3475, 3480, 3483, 3495, 3529, 3539, 3543, 3551, 3570, 3597, 3600, 3607, 3624, 3636, 3638, 3695, 3707, 3718, 3726, 3734, 3738, 3760, 3764, 3778, 3816, 3820, 3822, 3831, 3844, 3871, 3879, 3888, 3916, 3934, 3937, 3940, 3949, 3957, 3961, 3967, 3969, 4020, 4036, 4046, 4053, 4065, 4074]",[],"[13, 18, 23, 72, 91, 94, 97, 101, 106, 111, 154, 159, 176, 228, 230, 267, 285, 293, 309, 311, 315, 324, 353, 360, 363, 411, 431, 466, 472, 490, 499, 537, 541, 567, 569, 590, 593, 597, 615, 634, 657, 709, 724, 743, 802, 807, 838, 840, 842, 844, 846, 848, 850, 852, 854, 856, 858, 860, 862, 864, 866, 868, 870, 872, 876, 903, 905, 907, 909, 911, 913, 915, 917, 919, 921, 923, 925, 929, 933, 938, 952, 979, 985, 994, 1072, 1075, 1135, 1142, 1173, 1176, 1224, 1236, 1245, 1266, 1268, 1270, 1272, 1274, 1276, 1278, 1309, 1330, 1350, 1395, 1398, 1405, 1411, 1448, 1458, 1499, 1530, 1540, 1550, 1612, 1625, 1643, 1651, 1670, 1718, 1738, 1771, 1824, 1827, 1849, 1906, 1913, 1933, 1938, 1978, 2066, 2070, 2086, 2099, 2101, 2174, 2222, 2245, 2257, 2259, 2263, 2281, 2288, 2292, 2302, 2311, 2324, 2338, 2342, 2361, 2390, 2428, 2441, 2561, 2563, 2585, 2589, 2608, 2674, 2690, 2699, 2712, 2726, 2746, 2754, 2760, 2787, 2803, 2814, 2822, 2842, 2871, 2883, 2897, 2905, 2922, 2938, 2950, 2957, 2980, 2988, 3005, 3017, 3042, 3054, 3057, 3112, 3123, 3151, 3154, 3175, 3200, 3208, 3216, 3218, 3261, 3291, 3336, 3375, 3420, 3427, 3442, 3464, 3467, 3472, 3475, 3480, 3483, 3495, 3529, 3539, 3543, 3551, 3570, 3597, 3600, 3607, 3624, 3636, 3638, 3695, 3707, 3718, 3726, 3734, 3738, 3760, 3764, 3778, 3816, 3820, 3822, 3831, 3844, 3871, 3879, 3888, 3916, 3934, 3937, 3940, 3949, 3957, 3961, 3967, 3969, 4020, 4036, 4046, 4053, 4065, 4074]","[536, 2287, 2584]",4080,251,3829,0,251,3826,3
-4.0,HSU01102,"[14, 54, 82, 84, 101, 106, 143, 148, 150, 156, 163, 180, 193, 213, 223, 263, 271, 276, 280, 297, 319, 362, 372, 374, 383, 389, 406, 451, 458, 463, 472, 504, 546, 626, 641, 669, 673, 727, 746, 798, 813, 818, 859, 878, 940, 964, 1033, 1046, 1053, 1078, 1106, 1138, 1205, 1210, 1227, 1250, 1258, 1261, 1270, 1291, 1376, 1392, 1405, 1419, 1449, 1452, 1518, 1537, 1562, 1586, 1594, 1631, 1633, 1653, 1658, 1664, 1672, 1676, 1712, 1716, 1730, 1737, 1739, 1774, 1786, 1843, 1853, 1866, 1871, 1910, 1940, 1944, 1948, 1984, 1993, 2004, 2015, 2027, 2070, 2077, 2083, 2133, 2155, 2167, 2193, 2197, 2211, 2218, 2243, 2253, 2288, 2301, 2360, 2366, 2419, 2495, 2506, 2550, 2562, 2569, 2573, 2596, 2608, 2620, 2633, 2646, 2669, 2733, 2737, 2747, 2762, 2769, 2772, 2796, 2809, 2811, 2826, 2829, 2835, 2846, 2859, 2861, 2876, 2878, 2886, 2908, 2922, 2931, 3036, 3051, 3056, 3100, 3126, 3134, 3141, 3171, 3180, 3191, 3201, 3214, 3233, 3259, 3274, 3276, 3286, 3330, 3344, 3387, 3394, 3413, 3533, 3619, 3684, 3702, 3739, 3741, 3775, 3849, 3897, 3915, 3924, 3931, 3953, 3966, 4009, 4041, 4051, 4085, 4088, 4101, 4142, 4167, 4220, 4250, 4263, 4285, 4297, 4318, 4324, 4332, 4352, 4404, 4414, 4429, 4473, 4504, 4549, 4557, 4568, 4576, 4578, 4591, 4612, 4639, 4656, 4691, 4733, 4745, 4762, 4768, 4774, 4780, 4787, 4820, 4823, 4830, 4838, 4846, 4854, 4884, 4886, 4950]",[],"[14, 54, 82, 84, 101, 106, 143, 148, 150, 156, 163, 180, 193, 213, 223, 263, 271, 276, 280, 297, 319, 362, 372, 374, 383, 389, 406, 451, 458, 463, 472, 504, 546, 626, 641, 669, 673, 727, 746, 798, 813, 818, 859, 878, 940, 964, 1033, 1046, 1053, 1078, 1106, 1138, 1205, 1210, 1227, 1250, 1258, 1261, 1270, 1291, 1376, 1392, 1405, 1419, 1449, 1452, 1518, 1537, 1562, 1586, 1594, 1631, 1633, 1653, 1658, 1664, 1672, 1676, 1712, 1716, 1730, 1737, 1739, 1774, 1786, 1843, 1853, 1866, 1871, 1910, 1940, 1944, 1948, 1984, 1993, 2004, 2015, 2027, 2070, 2077, 2083, 2133, 2155, 2167, 2193, 2197, 2211, 2218, 2243, 2253, 2288, 2301, 2360, 2366, 2419, 2495, 2506, 2550, 2562, 2569, 2573, 2596, 2608, 2620, 2633, 2646, 2669, 2733, 2737, 2747, 2762, 2769, 2772, 2796, 2809, 2811, 2826, 2829, 2835, 2846, 2859, 2861, 2876, 2878, 2886, 2908, 2922, 2931, 3036, 3051, 3056, 3100, 3126, 3134, 3141, 3171, 3180, 3191, 3201, 3214, 3233, 3259, 3274, 3276, 3286, 3330, 3344, 3387, 3394, 3413, 3533, 3619, 3684, 3702, 3739, 3741, 3775, 3849, 3897, 3915, 3924, 3931, 3953, 3966, 4009, 4041, 4051, 4085, 4088, 4101, 4142, 4167, 4220, 4250, 4263, 4285, 4297, 4318, 4324, 4332, 4352, 4404, 4414, 4429, 4473, 4504, 4549, 4557, 4568, 4576, 4578, 4591, 4612, 4639, 4656, 4691, 4733, 4745, 4762, 4768, 4774, 4780, 4787, 4820, 4823, 4830, 4838, 4846, 4854, 4884, 4886, 4950]","[668, 3896]",4988,232,4756,0,232,4754,2
-4.0,HSU04357,"[25, 84, 98, 119, 124, 133, 137, 193, 195, 197, 218, 311, 313, 315, 343, 367, 371, 373, 404, 460, 571, 577, 583, 604, 658, 675, 694, 702, 709, 749, 765, 767, 775, 780, 793, 801, 848, 860, 873, 887, 910, 916, 979, 986, 997, 1037, 1048, 1069, 1071, 1075, 1091, 1108, 1136, 1141, 1202, 1216, 1218, 1228, 1240, 1255, 1261, 1264, 1267, 1273, 1278, 1300, 1308, 1317, 1343, 1347, 1349, 1355, 1400, 1460, 1471, 1532, 1534, 1563, 1593, 1606, 1651, 1661, 1666, 1668, 1716, 1744, 1765, 1787, 1789, 1821, 1839, 1868, 1883, 1901, 1903, 1933, 1954, 1964, 1975, 2026]",[],"[25, 84, 98, 119, 124, 133, 137, 193, 195, 197, 218, 311, 313, 315, 343, 367, 371, 373, 404, 460, 571, 577, 583, 604, 658, 675, 694, 702, 709, 749, 765, 767, 775, 780, 793, 801, 848, 860, 873, 887, 910, 916, 979, 986, 997, 1037, 1048, 1069, 1071, 1075, 1091, 1108, 1136, 1141, 1202, 1216, 1218, 1228, 1240, 1255, 1261, 1264, 1267, 1273, 1278, 1300, 1308, 1317, 1343, 1347, 1349, 1355, 1400, 1460, 1471, 1532, 1534, 1563, 1593, 1606, 1651, 1661, 1666, 1668, 1716, 1744, 1765, 1787, 1789, 1821, 1839, 1868, 1883, 1901, 1903, 1933, 1954, 1964, 1975, 2026]","[97, 1342]",2075,100,1975,0,100,1973,2
-4.0,HSU04636,"[26, 43, 98, 104, 116, 127, 166, 177, 204, 221, 225, 229, 265, 268, 288, 317, 321, 329, 354, 445, 447, 466, 487, 556, 570, 609, 653, 674, 678, 742, 750, 773, 791, 798, 815, 824, 838, 853, 859, 870, 990, 997, 1019, 1023, 1052, 1072, 1093, 1103, 1136, 1166, 1181, 1225, 1288, 1291, 1325, 1332, 1358, 1367, 1370, 1385, 1389, 1422, 1441, 1450, 1457, 1483, 1491, 1493, 1519, 1524, 1573, 1592, 1602, 1609, 1621, 1648, 1658, 1679, 1690, 1731, 1736, 1747, 1762, 1804, 1831, 1843, 1855, 1857, 1861, 1867, 1869, 1883, 1889, 1897, 1936, 1940, 1952, 1967, 1982, 1991, 2001, 2003, 2015, 2044, 2106, 2145, 2148, 2185, 2190, 2200, 2204, 2210, 2212, 2223, 2263, 2324, 2374, 2383, 2399, 2422, 2427, 2431, 2435, 2441, 2449, 2457, 2487, 2498, 2562, 2566, 2606, 2651, 2658, 2664, 2680, 2689, 2708, 2710, 2713, 2716, 2745, 2762, 2796, 2874, 2960, 2988, 2990, 2997, 3001, 3023, 3103, 3121, 3132, 3144, 3150, 3168, 3184, 3190, 3197, 3265, 3272, 3275, 3296, 3299, 3326, 3355, 3366, 3427, 3459, 3485, 3518, 3551, 3609, 3619, 3633, 3637, 3658, 3731, 3777, 3782, 3844, 3850, 3855, 3862, 3876, 3895, 3899, 3911, 3916, 3933, 3961, 3966, 3971, 4018, 4025, 4085, 4090, 4122, 4135, 4156, 4160, 4169, 4212, 4341, 4363, 4384, 4425, 4453, 4494, 4496, 4518, 4561, 4574, 4613, 4630, 4637, 4649, 4656, 4661, 4668, 4678, 4712, 4721, 4749, 4759, 4762, 4791, 4840, 4842, 4853, 4858, 4865, 4879, 4882, 4920, 5011, 5026, 5045, 5063, 5090, 5105, 5118, 5176, 5187, 5278, 5323, 5327, 5360, 5396, 5400, 5453, 5456, 5460, 5472, 5508, 5517, 5530, 5535, 5542, 5545, 5564, 5594, 5639, 5641, 5655, 5682, 5684, 5712, 5720, 5724, 5752, 5765, 5771, 5785, 5812, 5833, 5861, 5868, 5871, 5879, 5891, 5900, 5944, 5956, 6009, 6019, 6035, 6042, 6046, 6050, 6054, 6060, 6063, 6070, 6099, 6114, 6119, 6158, 6190, 6212, 6235, 6244, 6255, 6263, 6265, 6278, 6297, 6324, 6341, 6386, 6405, 6437, 6449, 6454, 6465, 6468, 6476, 6508, 6517, 6534, 6548, 6556, 6572, 6603, 6614, 6620, 6654, 6659, 6666, 6699, 6707, 6711, 6742, 6761, 6771, 6789, 6791, 6818, 6834, 6872, 6888, 6901, 6907, 6943, 6989, 7006, 7015, 7019, 7027, 7042, 7051, 7065, 7088, 7094, 7099, 7111, 7122, 7146, 7154, 7195, 7203, 7247, 7258, 7264, 7296, 7305, 7320, 7329, 7340, 7358, 7364, 7402, 7412, 7468, 7480, 7490, 7505, 7517, 7539, 7556, 7589, 7606, 7611, 7629, 7644, 7646, 7652, 7693, 7696, 7710, 7712, 7736, 7756, 7769, 7776, 7799, 7845, 7857, 7892, 7908, 7929, 7938, 7948, 7966, 7983, 7986, 7991, 8004, 8024, 8092, 8109, 8113, 8147, 8191, 8207, 8221, 8244, 8294, 8302, 8380, 8397, 8440, 8467, 8484, 8491, 8495, 8508, 8513, 8570, 8624, 8641, 8646, 8681, 8700, 8710, 8712, 8742, 8747, 8757, 8773, 8793, 8816, 8828, 8874, 8881, 8904, 8926, 8943, 8969, 8983, 8994, 9002, 9033, 9035, 9045, 9049, 9089, 9192, 9201, 9208, 9223, 9235, 9247, 9254, 9281, 9321, 9324, 9326, 9336, 9342, 9357, 9359, 9372, 9383, 9397, 9401, 9411, 9442]",[],"[26, 43, 98, 104, 116, 127, 166, 177, 204, 221, 225, 229, 265, 268, 288, 317, 321, 329, 354, 445, 447, 466, 487, 556, 570, 609, 653, 674, 678, 742, 750, 773, 791, 798, 815, 824, 838, 853, 859, 870, 990, 997, 1019, 1023, 1052, 1072, 1093, 1103, 1136, 1166, 1181, 1225, 1288, 1291, 1325, 1332, 1358, 1367, 1370, 1385, 1389, 1422, 1441, 1450, 1457, 1483, 1491, 1493, 1519, 1524, 1573, 1592, 1602, 1609, 1621, 1648, 1658, 1679, 1690, 1731, 1736, 1747, 1762, 1804, 1831, 1843, 1855, 1857, 1861, 1867, 1869, 1883, 1889, 1897, 1936, 1940, 1952, 1967, 1982, 1991, 2001, 2003, 2015, 2044, 2106, 2145, 2148, 2185, 2190, 2200, 2204, 2210, 2212, 2223, 2263, 2324, 2374, 2383, 2399, 2422, 2427, 2431, 2435, 2441, 2449, 2457, 2487, 2498, 2562, 2566, 2606, 2651, 2658, 2664, 2680, 2689, 2708, 2710, 2713, 2716, 2745, 2762, 2796, 2874, 2960, 2988, 2990, 2997, 3001, 3023, 3103, 3121, 3132, 3144, 3150, 3168, 3184, 3190, 3197, 3265, 3272, 3275, 3296, 3299, 3326, 3355, 3366, 3427, 3459, 3485, 3518, 3551, 3609, 3619, 3633, 3637, 3658, 3731, 3777, 3782, 3844, 3850, 3855, 3862, 3876, 3895, 3899, 3911, 3916, 3933, 3961, 3966, 3971, 4018, 4025, 4085, 4090, 4122, 4135, 4156, 4160, 4169, 4212, 4341, 4363, 4384, 4425, 4453, 4494, 4496, 4518, 4561, 4574, 4613, 4630, 4637, 4649, 4656, 4661, 4668, 4678, 4712, 4721, 4749, 4759, 4762, 4791, 4840, 4842, 4853, 4858, 4865, 4879, 4882, 4920, 5011, 5026, 5045, 5063, 5090, 5105, 5118, 5176, 5187, 5278, 5323, 5327, 5360, 5396, 5400, 5453, 5456, 5460, 5472, 5508, 5517, 5530, 5535, 5542, 5545, 5564, 5594, 5639, 5641, 5655, 5682, 5684, 5712, 5720, 5724, 5752, 5765, 5771, 5785, 5812, 5833, 5861, 5868, 5871, 5879, 5891, 5900, 5944, 5956, 6009, 6019, 6035, 6042, 6046, 6050, 6054, 6060, 6063, 6070, 6099, 6114, 6119, 6158, 6190, 6212, 6235, 6244, 6255, 6263, 6265, 6278, 6297, 6324, 6341, 6386, 6405, 6437, 6449, 6454, 6465, 6468, 6476, 6508, 6517, 6534, 6548, 6556, 6572, 6603, 6614, 6620, 6654, 6659, 6666, 6699, 6707, 6711, 6742, 6761, 6771, 6789, 6791, 6818, 6834, 6872, 6888, 6901, 6907, 6943, 6989, 7006, 7015, 7019, 7027, 7042, 7051, 7065, 7088, 7094, 7099, 7111, 7122, 7146, 7154, 7195, 7203, 7247, 7258, 7264, 7296, 7305, 7320, 7329, 7340, 7358, 7364, 7402, 7412, 7468, 7480, 7490, 7505, 7517, 7539, 7556, 7589, 7606, 7611, 7629, 7644, 7646, 7652, 7693, 7696, 7710, 7712, 7736, 7756, 7769, 7776, 7799, 7845, 7857, 7892, 7908, 7929, 7938, 7948, 7966, 7983, 7986, 7991, 8004, 8024, 8092, 8109, 8113, 8147, 8191, 8207, 8221, 8244, 8294, 8302, 8380, 8397, 8440, 8467, 8484, 8491, 8495, 8508, 8513, 8570, 8624, 8641, 8646, 8681, 8700, 8710, 8712, 8742, 8747, 8757, 8773, 8793, 8816, 8828, 8874, 8881, 8904, 8926, 8943, 8969, 8983, 8994, 9002, 9033, 9035, 9045, 9049, 9089, 9192, 9201, 9208, 9223, 9235, 9247, 9254, 9281, 9321, 9324, 9326, 9336, 9342, 9357, 9359, 9372, 9383, 9397, 9401, 9411, 9442]","[1018, 1935, 2199, 2996, 3608, 4424, 4790, 5359, 6008]",9446,478,8968,0,478,8959,9
-4.0,HSU05259,"[4, 21, 55, 86, 110, 131, 142, 151, 154, 165, 193, 202, 229, 242, 248, 264, 270, 300, 317, 327, 345, 393, 424, 487, 500, 512, 554, 583, 628, 633, 638, 645, 656, 714, 722, 766, 773, 783, 787, 815, 827, 928, 934, 952, 988, 995, 1022, 1041, 1071, 1120, 1135, 1139, 1178, 1190, 1197, 1223, 1225, 1272, 1291, 1305, 1342, 1348, 1354, 1365, 1377, 1463, 1538, 1560, 1634, 1676, 1743, 1754, 1774, 1823, 1858, 1863, 1892, 1916, 1980, 1991, 1999, 2030, 2045, 2052, 2056, 2092, 2112, 2130, 2174, 2178, 2236, 2248, 2284, 2305, 2339, 2341, 2354, 2374, 2393, 2405, 2418, 2436, 2496, 2504, 2511, 2531, 2543, 2572, 2592, 2619, 2621, 2628, 2645, 2657, 2679, 2686, 2690, 2719, 2736, 2749, 2764, 2775, 2779, 2825, 2830, 2841, 2860, 3006, 3016, 3019, 3039, 3046, 3068, 3110, 3130, 3180, 3186, 3237, 3239, 3251, 3267, 3275, 3296, 3317, 3319, 3350, 3352, 3355, 3367, 3369, 3388, 3398, 3420, 3450, 3452, 3458, 3464, 3484, 3492, 3554, 3606, 3633, 3673, 3698, 3711, 3723, 3905, 3908, 3926, 3938, 3942, 3978, 4000, 4086, 4129, 4133, 4140, 4151, 4160, 4163, 4165, 4172, 4178, 4180, 4192, 4215, 4217, 4223, 4231, 4282, 4325, 4349, 4366, 4404, 4419, 4421, 4477, 4491, 4498, 4506, 4553, 4555, 4643, 4682, 4693, 4697, 4699, 4721, 4735, 4774, 4777, 4808, 4825, 4872, 4879, 4909, 4922, 4946, 4977, 5019, 5072, 5082, 5091, 5097, 5124, 5156, 5201, 5210, 5221, 5231, 5244, 5265, 5292, 5361, 5371, 5386, 5391, 5437, 5454, 5474, 5499, 5505, 5516, 5526, 5539, 5560, 5588, 5620, 5653]",[],"[4, 21, 55, 86, 110, 131, 142, 151, 154, 165, 193, 202, 229, 242, 248, 264, 270, 300, 317, 327, 345, 393, 424, 487, 500, 512, 554, 583, 628, 633, 638, 645, 656, 714, 722, 766, 773, 783, 787, 815, 827, 928, 934, 952, 988, 995, 1022, 1041, 1071, 1120, 1135, 1139, 1178, 1190, 1197, 1223, 1225, 1272, 1291, 1305, 1342, 1348, 1354, 1365, 1377, 1463, 1538, 1560, 1634, 1676, 1743, 1754, 1774, 1823, 1858, 1863, 1892, 1916, 1980, 1991, 1999, 2030, 2045, 2052, 2056, 2092, 2112, 2130, 2174, 2178, 2236, 2248, 2284, 2305, 2339, 2341, 2354, 2374, 2393, 2405, 2418, 2436, 2496, 2504, 2511, 2531, 2543, 2572, 2592, 2619, 2621, 2628, 2645, 2657, 2679, 2686, 2690, 2719, 2736, 2749, 2764, 2775, 2779, 2825, 2830, 2841, 2860, 3006, 3016, 3019, 3039, 3046, 3068, 3110, 3130, 3180, 3186, 3237, 3239, 3251, 3267, 3275, 3296, 3317, 3319, 3350, 3352, 3355, 3367, 3369, 3388, 3398, 3420, 3450, 3452, 3458, 3464, 3484, 3492, 3554, 3606, 3633, 3673, 3698, 3711, 3723, 3905, 3908, 3926, 3938, 3942, 3978, 4000, 4086, 4129, 4133, 4140, 4151, 4160, 4163, 4165, 4172, 4178, 4180, 4192, 4215, 4217, 4223, 4231, 4282, 4325, 4349, 4366, 4404, 4419, 4421, 4477, 4491, 4498, 4506, 4553, 4555, 4643, 4682, 4693, 4697, 4699, 4721, 4735, 4774, 4777, 4808, 4825, 4872, 4879, 4909, 4922, 4946, 4977, 5019, 5072, 5082, 5091, 5097, 5124, 5156, 5201, 5210, 5221, 5231, 5244, 5265, 5292, 5361, 5371, 5386, 5391, 5437, 5454, 5474, 5499, 5505, 5516, 5526, 5539, 5560, 5588, 5620, 5653]","[782, 2685, 3045, 4128]",5663,249,5414,0,249,5410,4
-4.0,HSU07807,"[8, 11, 37, 57, 60, 76, 100, 102, 104, 107, 121, 128, 180, 185, 189, 195, 202, 254, 269, 320, 375, 381, 404, 406, 427, 455, 460, 464, 485, 507, 581, 583, 592, 610, 615, 693, 743, 745, 753, 758, 762, 782, 823, 871, 875, 892, 907, 928, 1004, 1015, 1032, 1041, 1079, 1085, 1098, 1126, 1133, 1145, 1155, 1198, 1226, 1235, 1238, 1257, 1269, 1300, 1325, 1363, 1373, 1382, 1388, 1391, 1393, 1406, 1456, 1493, 1524, 1527, 1532, 1591, 1639, 1703, 1735, 1741, 1818, 1820, 1849, 1865, 1885, 1953, 1984, 1986, 1989, 1992, 1996, 2002, 2005, 2048, 2055, 2057, 2069, 2083, 2101, 2482, 2484, 2492, 2501, 2508, 2518, 2547, 2563, 2569, 2578, 2580, 2589, 2595, 2599, 2603, 2607, 2620, 2645, 2653, 2655, 2689, 2704, 2706, 2721, 2737, 2739, 2741, 2775, 2786, 2796, 2830, 2841, 2857, 2874, 2884, 2900, 2902, 2918, 2956, 2960, 2964, 2973, 2992, 3056, 3060, 3084, 3117, 3134, 3140, 3155, 3169, 3188, 3199, 3208, 3248, 3266, 3292, 3296, 3299, 3307, 3312, 3334, 3336, 3369, 3378, 3387, 3391, 3396, 3422, 3431, 3447, 3452, 3461, 3465, 3496, 3510, 3517, 3542, 3587, 3590, 3600, 3659, 3665, 3700, 3709, 3719, 3934, 3948, 3959, 4007, 4024, 4053, 4055, 4084, 4089, 4099, 4102, 4129, 4143, 4149, 4166, 4198, 4223, 4242, 4285, 4333, 4336, 4348, 4351, 4362, 4364, 4411, 4432, 4441, 4478, 4509, 4543, 4545, 4549, 4554, 4571, 4582, 4591, 4594, 4619, 4622, 4624, 4628, 4639, 4644, 4661, 4674, 4682, 4697, 4726, 4737, 4749, 4766, 4772, 4779, 4797]",[],"[8, 11, 37, 57, 60, 76, 100, 102, 104, 107, 121, 128, 180, 185, 189, 195, 202, 254, 269, 320, 375, 381, 404, 406, 427, 455, 460, 464, 485, 507, 581, 583, 592, 610, 615, 693, 743, 745, 753, 758, 762, 782, 823, 871, 875, 892, 907, 928, 1004, 1015, 1032, 1041, 1079, 1085, 1098, 1126, 1133, 1145, 1155, 1198, 1226, 1235, 1238, 1257, 1269, 1300, 1325, 1363, 1373, 1382, 1388, 1391, 1393, 1406, 1456, 1493, 1524, 1527, 1532, 1591, 1639, 1703, 1735, 1741, 1818, 1820, 1849, 1865, 1885, 1953, 1984, 1986, 1989, 1992, 1996, 2002, 2005, 2048, 2055, 2057, 2069, 2083, 2101, 2482, 2484, 2492, 2501, 2508, 2518, 2547, 2563, 2569, 2578, 2580, 2589, 2595, 2599, 2603, 2607, 2620, 2645, 2653, 2655, 2689, 2704, 2706, 2721, 2737, 2739, 2741, 2775, 2786, 2796, 2830, 2841, 2857, 2874, 2884, 2900, 2902, 2918, 2956, 2960, 2964, 2973, 2992, 3056, 3060, 3084, 3117, 3134, 3140, 3155, 3169, 3188, 3199, 3208, 3248, 3266, 3292, 3296, 3299, 3307, 3312, 3334, 3336, 3369, 3378, 3387, 3391, 3396, 3422, 3431, 3447, 3452, 3461, 3465, 3496, 3510, 3517, 3542, 3587, 3590, 3600, 3659, 3665, 3700, 3709, 3719, 3934, 3948, 3959, 4007, 4024, 4053, 4055, 4084, 4089, 4099, 4102, 4129, 4143, 4149, 4166, 4198, 4223, 4242, 4285, 4333, 4336, 4348, 4351, 4362, 4364, 4411, 4432, 4441, 4478, 4509, 4543, 4545, 4549, 4554, 4571, 4582, 4591, 4594, 4619, 4622, 4624, 4628, 4639, 4644, 4661, 4674, 4682, 4697, 4726, 4737, 4749, 4766, 4772, 4779, 4797]","[757, 3386]",4832,244,4588,0,244,4586,2
-4.0,HSU07983,"[27, 67, 77, 80, 91, 96, 102, 118, 122, 128, 138, 140, 146, 153, 155, 171, 212, 214, 238, 281, 284, 288, 296, 355, 370, 391, 395, 402, 407, 441, 457, 460, 487, 516, 523, 526, 532, 595, 601, 613, 622, 728, 743, 763, 817, 835, 946, 983, 1004, 1009, 1149, 1159, 1170, 1224, 1243, 1269, 1287, 1291, 1379]",[],"[27, 67, 77, 80, 91, 96, 102, 118, 122, 128, 138, 140, 146, 153, 155, 171, 212, 214, 238, 281, 284, 288, 296, 355, 370, 391, 395, 402, 407, 441, 457, 460, 487, 516, 523, 526, 532, 595, 601, 613, 622, 728, 743, 763, 817, 835, 946, 983, 1004, 1009, 1149, 1159, 1170, 1224, 1243, 1269, 1287, 1291, 1379]",[390],1419,59,1360,0,59,1359,1
-4.0,HSU08198,"[13, 16, 25, 52, 60, 73, 92, 109, 114, 140, 146, 162, 164, 181, 185, 198, 227, 242, 256, 276, 312, 319, 363, 374, 383, 396, 399, 421, 584, 590, 600, 614, 620, 623, 632, 646, 652, 655, 677, 682, 685, 692, 694, 708, 726, 736, 747, 758, 780, 786, 802, 849, 876, 880, 896, 900, 988, 1010, 1016, 1028, 1031, 1073, 1100, 1125, 1143, 1148, 1152, 1173, 1195, 1229, 1235, 1238, 1241, 1263, 1271, 1276, 1300, 1304, 1317, 1321, 1337, 1393, 1458, 1461, 1477, 1479, 1527, 1553, 1575, 1602, 1614, 1621, 1625, 1638, 1685, 1690, 1694, 1696, 1707, 1742, 1795, 1802, 1812, 1816, 1843, 1846, 1873, 1878, 1893, 1901, 1923, 1933, 1937, 1961, 1966, 1979, 1986, 2057, 2061, 2066, 2069, 2086, 2112, 2133, 2190, 2200, 2211, 2276, 2298, 2304]",[],"[13, 16, 25, 52, 60, 73, 92, 109, 114, 140, 146, 162, 164, 181, 185, 198, 227, 242, 256, 276, 312, 319, 363, 374, 383, 396, 399, 421, 584, 590, 600, 614, 620, 623, 632, 646, 652, 655, 677, 682, 685, 692, 694, 708, 726, 736, 747, 758, 780, 786, 802, 849, 876, 880, 896, 900, 988, 1010, 1016, 1028, 1031, 1073, 1100, 1125, 1143, 1148, 1152, 1173, 1195, 1229, 1235, 1238, 1241, 1263, 1271, 1276, 1300, 1304, 1317, 1321, 1337, 1393, 1458, 1461, 1477, 1479, 1527, 1553, 1575, 1602, 1614, 1621, 1625, 1638, 1685, 1690, 1694, 1696, 1707, 1742, 1795, 1802, 1812, 1816, 1843, 1846, 1873, 1878, 1893, 1901, 1923, 1933, 1937, 1961, 1966, 1979, 1986, 2057, 2061, 2066, 2069, 2086, 2112, 2133, 2190, 2200, 2211, 2276, 2298, 2304]","[583, 895, 1124, 1316, 1689, 1811]",2337,130,2207,0,130,2201,6
-4.0,HSU12421,"[7, 11, 87, 145, 183, 190, 218, 228, 252, 271, 283, 312, 316, 322, 330, 383, 416, 445, 456, 464, 510, 545, 574, 576, 578, 584, 588, 654, 670, 681, 742, 744, 773, 784, 826, 853, 859, 908, 923, 928, 939, 946, 958, 1000, 1038, 1040, 1045, 1086, 1108, 1110, 1144, 1182, 1212, 1216, 1239, 1281, 1298, 1309, 1318, 1367, 1382, 1385, 1401, 1405, 1427, 1434, 1437, 1439, 1445, 1453, 1455, 1501, 1519, 1548, 1553, 1603, 1620, 1633, 1666, 1685, 1691, 1707, 1718, 1734, 1756, 1808, 1839, 1843, 1845, 1850, 1855, 1870, 1883, 1904, 1914, 1935, 1942, 1958, 1994, 1997, 2061, 2081, 2085, 2087, 2100, 2102, 2135, 2159, 2163, 2165, 2200, 2212, 2256, 2283, 2292, 2296, 2310, 2312, 2335, 2340, 2342, 2351, 2402, 2427, 2432, 2435, 2471, 2477, 2503, 2518, 2520, 2547, 2553, 2559, 2570, 2581, 2591, 2604, 2625, 2652, 2667, 2669, 2707, 2740, 2742, 2806, 2822, 2827, 2833, 2865, 2874, 2889, 2894, 2933, 2939, 2950, 2965, 2995, 3011, 3035, 3043, 3058, 3063, 3068, 3093, 3102, 3134, 3154, 3187, 3198, 3212, 3217, 3221, 3243, 3254, 3270, 3288, 3317, 3323, 3334, 3337, 3350, 3366, 3394, 3439, 3454, 3459, 3481, 3486, 3496, 3552, 3563, 3568, 3574, 3578, 3603, 3609, 3617, 3634, 3643, 3667, 3691, 3706, 3710, 3733, 3741, 3748, 3823, 3848, 3870, 3874, 3911, 3925, 3930, 3933, 3939, 3969, 3973, 3993, 4011, 4041, 4043, 4048, 4072, 4107, 4143, 4194]",[],"[7, 11, 87, 145, 183, 190, 218, 228, 252, 271, 283, 312, 316, 322, 330, 383, 416, 445, 456, 464, 510, 545, 574, 576, 578, 584, 588, 654, 670, 681, 742, 744, 773, 784, 826, 853, 859, 908, 923, 928, 939, 946, 958, 1000, 1038, 1040, 1045, 1086, 1108, 1110, 1144, 1182, 1212, 1216, 1239, 1281, 1298, 1309, 1318, 1367, 1382, 1385, 1401, 1405, 1427, 1434, 1437, 1439, 1445, 1453, 1455, 1501, 1519, 1548, 1553, 1603, 1620, 1633, 1666, 1685, 1691, 1707, 1718, 1734, 1756, 1808, 1839, 1843, 1845, 1850, 1855, 1870, 1883, 1904, 1914, 1935, 1942, 1958, 1994, 1997, 2061, 2081, 2085, 2087, 2100, 2102, 2135, 2159, 2163, 2165, 2200, 2212, 2256, 2283, 2292, 2296, 2310, 2312, 2335, 2340, 2342, 2351, 2402, 2427, 2432, 2435, 2471, 2477, 2503, 2518, 2520, 2547, 2553, 2559, 2570, 2581, 2591, 2604, 2625, 2652, 2667, 2669, 2707, 2740, 2742, 2806, 2822, 2827, 2833, 2865, 2874, 2889, 2894, 2933, 2939, 2950, 2965, 2995, 3011, 3035, 3043, 3058, 3063, 3068, 3093, 3102, 3134, 3154, 3187, 3198, 3212, 3217, 3221, 3243, 3254, 3270, 3288, 3317, 3323, 3334, 3337, 3350, 3366, 3394, 3439, 3454, 3459, 3481, 3486, 3496, 3552, 3563, 3568, 3574, 3578, 3603, 3609, 3617, 3634, 3643, 3667, 3691, 3706, 3710, 3733, 3741, 3748, 3823, 3848, 3870, 3874, 3911, 3925, 3930, 3933, 3939, 3969, 3973, 3993, 4011, 4041, 4043, 4048, 4072, 4107, 4143, 4194]","[311, 2080]",4251,227,4024,0,227,4022,2
-4.0,HSUBR,"[60, 68, 75, 78, 111, 116, 143, 146, 157, 159, 162, 175, 220, 227, 252, 262, 297, 310, 363, 369, 375, 410, 418, 457, 460, 469, 471, 498, 504, 513, 526, 539, 565, 579, 585, 587, 598, 635, 639, 646, 649, 682, 709, 730, 777, 794, 828, 833, 837, 947, 958, 1009, 1019, 1042, 1047, 1052, 1071, 1081, 1094, 1143, 1231, 1234, 1296, 1298, 1321, 1333, 1337, 1366, 1396, 1454, 1456, 1462, 1497, 1511, 1514, 1519, 1546, 1550, 1552, 1554, 1558, 1560, 1590, 1594, 1624, 1672, 1684, 1699, 1721, 1760, 1778, 1804, 1811, 1838, 1842, 1848, 1857, 1879, 1901, 1924, 1963, 1965, 1983, 1986, 2032, 2034, 2049, 2058, 2060, 2100, 2146, 2160, 2198, 2208, 2210, 2241, 2317, 2325, 2329, 2339, 2356, 2376, 2381, 2390, 2393, 2396, 2399, 2406, 2408, 2443, 2490, 2496, 2498, 2502, 2510, 2525, 2543, 2577, 2622, 2646, 2705, 2708, 2713, 2742, 2772, 2784, 2810, 2821, 2823, 2831, 2840, 2842, 2845, 2847, 2908, 2910, 2912, 2929, 2931, 2937, 2939, 2944, 2946, 2958, 2961, 2970, 2972, 2974, 2989, 3006, 3010, 3039, 3048, 3053, 3090, 3104, 3118, 3125, 3134, 3151, 3153, 3187, 3190, 3204, 3230, 3247, 3249, 3253, 3255, 3262, 3264, 3267, 3269, 3288, 3292, 3309, 3314]",[],"[60, 68, 75, 78, 111, 116, 143, 146, 157, 159, 162, 175, 220, 227, 252, 262, 297, 310, 363, 369, 375, 410, 418, 457, 460, 469, 471, 498, 504, 513, 526, 539, 565, 579, 585, 587, 598, 635, 639, 646, 649, 682, 709, 730, 777, 794, 828, 833, 837, 947, 958, 1009, 1019, 1042, 1047, 1052, 1071, 1081, 1094, 1143, 1231, 1234, 1296, 1298, 1321, 1333, 1337, 1366, 1396, 1454, 1456, 1462, 1497, 1511, 1514, 1519, 1546, 1550, 1552, 1554, 1558, 1560, 1590, 1594, 1624, 1672, 1684, 1699, 1721, 1760, 1778, 1804, 1811, 1838, 1842, 1848, 1857, 1879, 1901, 1924, 1963, 1965, 1983, 1986, 2032, 2034, 2049, 2058, 2060, 2100, 2146, 2160, 2198, 2208, 2210, 2241, 2317, 2325, 2329, 2339, 2356, 2376, 2381, 2390, 2393, 2396, 2399, 2406, 2408, 2443, 2490, 2496, 2498, 2502, 2510, 2525, 2543, 2577, 2622, 2646, 2705, 2708, 2713, 2742, 2772, 2784, 2810, 2821, 2823, 2831, 2840, 2842, 2845, 2847, 2908, 2910, 2912, 2929, 2931, 2937, 2939, 2944, 2946, 2958, 2961, 2970, 2972, 2974, 2989, 3006, 3010, 3039, 3048, 3053, 3090, 3104, 3118, 3125, 3134, 3151, 3153, 3187, 3190, 3204, 3230, 3247, 3249, 3253, 3255, 3262, 3264, 3267, 3269, 3288, 3292, 3309, 3314]","[1589, 2324]",3290,197,3093,0,197,3091,2
-4.0,HSXBXVIII,"[33, 44, 46, 58, 78, 80, 85, 141, 143, 147, 185, 239, 271, 281, 292, 308, 313, 341, 344, 349, 371, 403, 418, 432, 443, 458, 467, 474, 478, 480, 498, 507, 515, 530, 537, 580, 590, 630, 645, 654, 658, 664, 671, 697, 702, 704, 706, 713, 789, 851, 952, 1024, 1029, 1057, 1060, 1064, 1066, 1087, 1093, 1134, 1159, 1168, 1170, 1177, 1181, 1183, 1190, 1194, 1198, 1200, 1204, 1214, 1244, 1253, 1259, 1279, 1293, 1295, 1319, 1416, 1426, 1441, 1446, 1485, 1491, 1517, 1536, 1574, 1584, 1594, 1596, 1608, 1627, 1654, 1672, 1737, 1759, 1762, 1772, 1775, 1780, 1818, 1825, 1837, 1853, 1860, 1971, 1993, 2006, 2025, 2039, 2060, 2069, 2079, 2082, 2091, 2120, 2132, 2138, 2142, 2155, 2180, 2203, 2270, 2275, 2332, 2336, 2380, 2382, 2404, 2422, 2451, 2492, 2504, 2510, 2516, 2531, 2537, 2554, 2571, 2579, 2597, 2605, 2653, 2671, 2704, 2724, 2731, 2733, 2782, 2784, 2786, 2793, 2807, 2812, 2814, 2824, 2843, 2845, 2867, 2886, 2898, 2902, 2925, 2931, 2933, 2938, 2946, 2970, 3000, 3007, 3011, 3020, 3027, 3033, 3062, 3075, 3100, 3124, 3136, 3157, 3172, 3174, 3176, 3184, 3209, 3238, 3249, 3255, 3268, 3276, 3294, 3315, 3324, 3326, 3334, 3340, 3346, 3366, 3372, 3416, 3430, 3443, 3463, 3465, 3470, 3524, 3526, 3530, 3568, 3622, 3654, 3664, 3678, 3694, 3699, 3727, 3730, 3735, 3757, 3789, 3804, 3818, 3829, 3838, 3840, 3853, 3855, 3860, 3864, 3885, 3894, 3920, 3930, 3948, 3953, 3974, 4010, 4013, 4055, 4063, 4069, 4074, 4080, 4107, 4112, 4114, 4116, 4123, 4179, 4187, 4342, 4349, 4391, 4421, 4426, 4454, 4457, 4461, 4463, 4484, 4490, 4531, 4556, 4565, 4574, 4587, 4591, 4609, 4617, 4638, 4640, 4684, 4690, 4704, 4745, 4747, 4752, 4765, 4779, 4783, 4786, 4805, 4823, 4830, 4832, 4842, 4867, 4875, 4887, 4917, 4928, 4931, 4933, 4951, 4984, 4990, 5020, 5023, 5031, 5046, 5050, 5094, 5128, 5159, 5222, 5249, 5258, 5273, 5291, 5321, 5326, 5357, 5363, 5384, 5390, 5402, 5416, 5422, 5465, 5471, 5487, 5491, 5534, 5543, 5556, 5561, 5576, 5602, 5695, 5729, 5740, 5785, 5826, 5853, 5878, 5902, 5913, 5920, 5947, 5950, 5955, 5972, 5983, 5986, 5992, 6013, 6019, 6038, 6051, 6065, 6069, 6116, 6120, 6126, 6194, 6241, 6245, 6253, 6255, 6257, 6267, 6351, 6353, 6359, 6365, 6383, 6420, 6422, 6461, 6464, 6467, 6508, 6557, 6559, 6595, 6597, 6600, 6604, 6638, 6674, 6686, 6700, 6725, 6734, 6794, 6851, 6856, 6860, 6862, 6891, 6940, 6952, 6986, 6993, 6995, 7001, 7026, 7068, 7074, 7128, 7183, 7217, 7234, 7258, 7260, 7262, 7278, 7360, 7438, 7470, 7480, 7507, 7510, 7515, 7546, 7552, 7573, 7579, 7611, 7654, 7676, 7687, 7712, 7714, 7718, 7726, 7775, 7792, 7812, 7824, 7848, 7928, 7966, 7982, 7990, 8017, 8025, 8095, 8107, 8110, 8175, 8188, 8205, 8255, 8261, 8275, 8290, 8303, 8325, 8327, 8378, 8403, 8558, 8604, 8613, 8648, 8655, 8682, 8685, 8690, 8727, 8786, 8851, 8863, 8916, 8919, 8935, 8944, 8979, 9012, 9022, 9029, 9062, 9073, 9082, 9094, 9096, 9104, 9134, 9155, 9171, 9186, 9195, 9199, 9208, 9218, 9283, 9317, 9343, 9367, 9383, 9396, 9411, 9476, 9505, 9511, 9517, 9538, 9553, 9559, 9567, 9571, 9574, 9631, 9634, 9642, 9701, 9707, 9726, 9742, 9757, 9783, 9825, 9850, 9853, 9866, 9928, 9937, 9956, 9976, 9978, 9984, 10044, 10050, 10053, 10059, 10078, 10108, 10137, 10161, 10167, 10187, 10198, 10201, 10231, 10236, 10253, 10299, 10309, 10319, 10324, 10353, 10383, 10404, 10426, 10458, 10465, 10579, 10630, 10634, 10688, 10693, 10697, 10702, 10704, 10706, 10724, 10738, 10816, 10858, 10898, 10912, 10948, 10961, 10985, 11017, 11021, 11116, 11141, 11163, 11197, 11254, 11311, 11367, 11369, 11406, 11410, 11425, 11429, 11446, 11472, 11493, 11495, 11557, 11579, 11590, 11594, 11616, 11639, 11667, 11715, 11732, 11759, 11761, 11770, 11786, 11803, 11844, 11857, 11871, 11949, 11951, 11964, 12002, 12022, 12025, 12074, 12086, 12093, 12117, 12141, 12155, 12157, 12176, 12184, 12226, 12287, 12312, 12316, 12321, 12409, 12417, 12438, 12445, 12535, 12558, 12581, 12638, 12640, 12662, 12666, 12694]",[],"[33, 44, 46, 58, 78, 80, 85, 141, 143, 147, 185, 239, 271, 281, 292, 308, 313, 341, 344, 349, 371, 403, 418, 432, 443, 458, 467, 474, 478, 480, 498, 507, 515, 530, 537, 580, 590, 630, 645, 654, 658, 664, 671, 697, 702, 704, 706, 713, 789, 851, 952, 1024, 1029, 1057, 1060, 1064, 1066, 1087, 1093, 1134, 1159, 1168, 1170, 1177, 1181, 1183, 1190, 1194, 1198, 1200, 1204, 1214, 1244, 1253, 1259, 1279, 1293, 1295, 1319, 1416, 1426, 1441, 1446, 1485, 1491, 1517, 1536, 1574, 1584, 1594, 1596, 1608, 1627, 1654, 1672, 1737, 1759, 1762, 1772, 1775, 1780, 1818, 1825, 1837, 1853, 1860, 1971, 1993, 2006, 2025, 2039, 2060, 2069, 2079, 2082, 2091, 2120, 2132, 2138, 2142, 2155, 2180, 2203, 2270, 2275, 2332, 2336, 2380, 2382, 2404, 2422, 2451, 2492, 2504, 2510, 2516, 2531, 2537, 2554, 2571, 2579, 2597, 2605, 2653, 2671, 2704, 2724, 2731, 2733, 2782, 2784, 2786, 2793, 2807, 2812, 2814, 2824, 2843, 2845, 2867, 2886, 2898, 2902, 2925, 2931, 2933, 2938, 2946, 2970, 3000, 3007, 3011, 3020, 3027, 3033, 3062, 3075, 3100, 3124, 3136, 3157, 3172, 3174, 3176, 3184, 3209, 3238, 3249, 3255, 3268, 3276, 3294, 3315, 3324, 3326, 3334, 3340, 3346, 3366, 3372, 3416, 3430, 3443, 3463, 3465, 3470, 3524, 3526, 3530, 3568, 3622, 3654, 3664, 3678, 3694, 3699, 3727, 3730, 3735, 3757, 3789, 3804, 3818, 3829, 3838, 3840, 3853, 3855, 3860, 3864, 3885, 3894, 3920, 3930, 3948, 3953, 3974, 4010, 4013, 4055, 4063, 4069, 4074, 4080, 4107, 4112, 4114, 4116, 4123, 4179, 4187, 4342, 4349, 4391, 4421, 4426, 4454, 4457, 4461, 4463, 4484, 4490, 4531, 4556, 4565, 4574, 4587, 4591, 4609, 4617, 4638, 4640, 4684, 4690, 4704, 4745, 4747, 4752, 4765, 4779, 4783, 4786, 4805, 4823, 4830, 4832, 4842, 4867, 4875, 4887, 4917, 4928, 4931, 4933, 4951, 4984, 4990, 5020, 5023, 5031, 5046, 5050, 5094, 5128, 5159, 5222, 5249, 5258, 5273, 5291, 5321, 5326, 5357, 5363, 5384, 5390, 5402, 5416, 5422, 5465, 5471, 5487, 5491, 5534, 5543, 5556, 5561, 5576, 5602, 5695, 5729, 5740, 5785, 5826, 5853, 5878, 5902, 5913, 5920, 5947, 5950, 5955, 5972, 5983, 5986, 5992, 6013, 6019, 6038, 6051, 6065, 6069, 6116, 6120, 6126, 6194, 6241, 6245, 6253, 6255, 6257, 6267, 6351, 6353, 6359, 6365, 6383, 6420, 6422, 6461, 6464, 6467, 6508, 6557, 6559, 6595, 6597, 6600, 6604, 6638, 6674, 6686, 6700, 6725, 6734, 6794, 6851, 6856, 6860, 6862, 6891, 6940, 6952, 6986, 6993, 6995, 7001, 7026, 7068, 7074, 7128, 7183, 7217, 7234, 7258, 7260, 7262, 7278, 7360, 7438, 7470, 7480, 7507, 7510, 7515, 7546, 7552, 7573, 7579, 7611, 7654, 7676, 7687, 7712, 7714, 7718, 7726, 7775, 7792, 7812, 7824, 7848, 7928, 7966, 7982, 7990, 8017, 8025, 8095, 8107, 8110, 8175, 8188, 8205, 8255, 8261, 8275, 8290, 8303, 8325, 8327, 8378, 8403, 8558, 8604, 8613, 8648, 8655, 8682, 8685, 8690, 8727, 8786, 8851, 8863, 8916, 8919, 8935, 8944, 8979, 9012, 9022, 9029, 9062, 9073, 9082, 9094, 9096, 9104, 9134, 9155, 9171, 9186, 9195, 9199, 9208, 9218, 9283, 9317, 9343, 9367, 9383, 9396, 9411, 9476, 9505, 9511, 9517, 9538, 9553, 9559, 9567, 9571, 9574, 9631, 9634, 9642, 9701, 9707, 9726, 9742, 9757, 9783, 9825, 9850, 9853, 9866, 9928, 9937, 9956, 9976, 9978, 9984, 10044, 10050, 10053, 10059, 10078, 10108, 10137, 10161, 10167, 10187, 10198, 10201, 10231, 10236, 10253, 10299, 10309, 10319, 10324, 10353, 10383, 10404, 10426, 10458, 10465, 10579, 10630, 10634, 10688, 10693, 10697, 10702, 10704, 10706, 10724, 10738, 10816, 10858, 10898, 10912, 10948, 10961, 10985, 11017, 11021, 11116, 11141, 11163, 11197, 11254, 11311, 11367, 11369, 11406, 11410, 11425, 11429, 11446, 11472, 11493, 11495, 11557, 11579, 11590, 11594, 11616, 11639, 11667, 11715, 11732, 11759, 11761, 11770, 11786, 11803, 11844, 11857, 11871, 11949, 11951, 11964, 12002, 12022, 12025, 12074, 12086, 12093, 12117, 12141, 12155, 12157, 12176, 12184, 12226, 12287, 12312, 12316, 12321, 12409, 12417, 12438, 12445, 12535, 12558, 12581, 12638, 12640, 12662, 12666, 12694]","[11405, 11589, 11843, 12085]",12637,633,12004,0,633,12000,4
-4.0,HSZNGP1,"[10, 20, 26, 37, 44, 68, 70, 73, 109, 112, 131, 216, 260, 262, 264, 302, 304, 339, 361, 409, 446, 455, 461, 469, 489, 497, 519, 523, 543, 566, 582, 638, 650, 753, 793, 800, 811, 846, 872, 921, 933, 949, 966, 998, 1002, 1015, 1034, 1057, 1085, 1089, 1102, 1138, 1141, 1143, 1147, 1174, 1184, 1186, 1193, 1197, 1221, 1235, 1259, 1285, 1288, 1308, 1312, 1333, 1379, 1399, 1442, 1449, 1496, 1502, 1508, 1530, 1620, 1639, 1655, 1674, 1678, 1685, 1689, 1691, 1706, 1717, 1738, 1766, 1791, 1795, 1797, 1826, 1845, 1885, 1895, 1910, 1915, 1954, 1977, 1986, 2033, 2042, 2052, 2062, 2075, 2094, 2111, 2121, 2136, 2138, 2167, 2178, 2180, 2227, 2232, 2247, 2252, 2257, 2287, 2292, 2316, 2318, 2345, 2365, 2375, 2388, 2409, 2436, 2476, 2497, 2505, 2508, 2521, 2525, 2558, 2566, 2586, 2589, 2657, 2673, 2675, 2677, 2702, 2711, 2722, 2732, 2745, 2766, 2793, 2795, 2833, 2854, 2862, 2865, 2898, 2959, 2982, 2998, 3003, 3059, 3108, 3110, 3117, 3152, 3177, 3192, 3234, 3245, 3251, 3271, 3304, 3310, 3315, 3327, 3329, 3366, 3381, 3386, 3425, 3457, 3512, 3523, 3533, 3546, 3565, 3592, 3609, 3634, 3642, 3659, 3669, 3684, 3689, 3707, 3728, 3734, 3805, 3826, 3836, 3849, 3870, 3897, 3941, 3958, 3984, 4002, 4054, 4066, 4069, 4110, 4115, 4172, 4180, 4199, 4207, 4212, 4225, 4227, 4246, 4249, 4265, 4294, 4313, 4324, 4327, 4329, 4334, 4372, 4379, 4410, 4458, 4461, 4492, 4502, 4511, 4519, 4552, 4569, 4582, 4610, 4694, 4699, 4713, 4719, 4723, 4743, 4750, 4776, 4778, 4782, 4858, 4887, 4936, 4948, 4959, 5027, 5052, 5062, 5074, 5090, 5114, 5117, 5126, 5135, 5142, 5149, 5165, 5211, 5215, 5230, 5234, 5248, 5254, 5258, 5296, 5326, 5361, 5386, 5403, 5410, 5416, 5434, 5484, 5497, 5509, 5520, 5526, 5540, 5590, 5595, 5606, 5608, 5624, 5628, 5630, 5650, 5667, 5722, 5733, 5738, 5747, 5753, 5774, 5776, 5778, 5806, 5861, 5903, 5933, 5946, 5991, 5998, 6023, 6033, 6067, 6076, 6080, 6083, 6139, 6145, 6180, 6189, 6196, 6199, 6240, 6269, 6322, 6348, 6371, 6376, 6385, 6403, 6409, 6436, 6466, 6489, 6496, 6532, 6534, 6551, 6565, 6568, 6587, 6633, 6643, 6657, 6666, 6757, 6767, 6769, 6772, 6775, 6867, 6892, 6903, 6918, 6923, 6962, 7020, 7022, 7035, 7066, 7076, 7091, 7126, 7135, 7167, 7187, 7212, 7221, 7232, 7242, 7255, 7276, 7332, 7356, 7367, 7390, 7411, 7438, 7453, 7455, 7472, 7514, 7524, 7544, 7547, 7549, 7589, 7615, 7669, 7672, 7675, 7703, 7751, 7789, 7852, 7866, 7870, 7873, 7885, 7899, 7952, 7962, 7976, 8008, 8016, 8021, 8030, 8039, 8046, 8060, 8065, 8068, 8163, 8201, 8217, 8223, 8255, 8314, 8338, 8393, 8398, 8407, 8417, 8479, 8482, 8547, 8549, 8589, 8598, 8604, 8612, 8616, 8669, 8703, 8706, 8723, 8725, 8732, 8761, 8763, 8807, 8810, 8825, 8830, 8843, 8846, 8923, 8969, 8975, 8987, 8992, 9017, 9043, 9060, 9068, 9108, 9114, 9140, 9158, 9160, 9193, 9196, 9199, 9240, 9277, 9301, 9315, 9328, 9357, 9364, 9367, 9370, 9376, 9412, 9442, 9445, 9475, 9487, 9504, 9526, 9552, 9581, 9583, 9602, 9633, 9640, 9692, 9701, 9763, 9773, 9781, 9801]",[],"[10, 20, 26, 37, 44, 68, 70, 73, 109, 112, 131, 216, 260, 262, 264, 302, 304, 339, 361, 409, 446, 455, 461, 469, 489, 497, 519, 523, 543, 566, 582, 638, 650, 753, 793, 800, 811, 846, 872, 921, 933, 949, 966, 998, 1002, 1015, 1034, 1057, 1085, 1089, 1102, 1138, 1141, 1143, 1147, 1174, 1184, 1186, 1193, 1197, 1221, 1235, 1259, 1285, 1288, 1308, 1312, 1333, 1379, 1399, 1442, 1449, 1496, 1502, 1508, 1530, 1620, 1639, 1655, 1674, 1678, 1685, 1689, 1691, 1706, 1717, 1738, 1766, 1791, 1795, 1797, 1826, 1845, 1885, 1895, 1910, 1915, 1954, 1977, 1986, 2033, 2042, 2052, 2062, 2075, 2094, 2111, 2121, 2136, 2138, 2167, 2178, 2180, 2227, 2232, 2247, 2252, 2257, 2287, 2292, 2316, 2318, 2345, 2365, 2375, 2388, 2409, 2436, 2476, 2497, 2505, 2508, 2521, 2525, 2558, 2566, 2586, 2589, 2657, 2673, 2675, 2677, 2702, 2711, 2722, 2732, 2745, 2766, 2793, 2795, 2833, 2854, 2862, 2865, 2898, 2959, 2982, 2998, 3003, 3059, 3108, 3110, 3117, 3152, 3177, 3192, 3234, 3245, 3251, 3271, 3304, 3310, 3315, 3327, 3329, 3366, 3381, 3386, 3425, 3457, 3512, 3523, 3533, 3546, 3565, 3592, 3609, 3634, 3642, 3659, 3669, 3684, 3689, 3707, 3728, 3734, 3805, 3826, 3836, 3849, 3870, 3897, 3941, 3958, 3984, 4002, 4054, 4066, 4069, 4110, 4115, 4172, 4180, 4199, 4207, 4212, 4225, 4227, 4246, 4249, 4265, 4294, 4313, 4324, 4327, 4329, 4334, 4372, 4379, 4410, 4458, 4461, 4492, 4502, 4511, 4519, 4552, 4569, 4582, 4610, 4694, 4699, 4713, 4719, 4723, 4743, 4750, 4776, 4778, 4782, 4858, 4887, 4936, 4948, 4959, 5027, 5052, 5062, 5074, 5090, 5114, 5117, 5126, 5135, 5142, 5149, 5165, 5211, 5215, 5230, 5234, 5248, 5254, 5258, 5296, 5326, 5361, 5386, 5403, 5410, 5416, 5434, 5484, 5497, 5509, 5520, 5526, 5540, 5590, 5595, 5606, 5608, 5624, 5628, 5630, 5650, 5667, 5722, 5733, 5738, 5747, 5753, 5774, 5776, 5778, 5806, 5861, 5903, 5933, 5946, 5991, 5998, 6023, 6033, 6067, 6076, 6080, 6083, 6139, 6145, 6180, 6189, 6196, 6199, 6240, 6269, 6322, 6348, 6371, 6376, 6385, 6403, 6409, 6436, 6466, 6489, 6496, 6532, 6534, 6551, 6565, 6568, 6587, 6633, 6643, 6657, 6666, 6757, 6767, 6769, 6772, 6775, 6867, 6892, 6903, 6918, 6923, 6962, 7020, 7022, 7035, 7066, 7076, 7091, 7126, 7135, 7167, 7187, 7212, 7221, 7232, 7242, 7255, 7276, 7332, 7356, 7367, 7390, 7411, 7438, 7453, 7455, 7472, 7514, 7524, 7544, 7547, 7549, 7589, 7615, 7669, 7672, 7675, 7703, 7751, 7789, 7852, 7866, 7870, 7873, 7885, 7899, 7952, 7962, 7976, 8008, 8016, 8021, 8030, 8039, 8046, 8060, 8065, 8068, 8163, 8201, 8217, 8223, 8255, 8314, 8338, 8393, 8398, 8407, 8417, 8479, 8482, 8547, 8549, 8589, 8598, 8604, 8612, 8616, 8669, 8703, 8706, 8723, 8725, 8732, 8761, 8763, 8807, 8810, 8825, 8830, 8843, 8846, 8923, 8969, 8975, 8987, 8992, 9017, 9043, 9060, 9068, 9108, 9114, 9140, 9158, 9160, 9193, 9196, 9199, 9240, 9277, 9301, 9315, 9328, 9357, 9364, 9367, 9370, 9376, 9412, 9442, 9445, 9475, 9487, 9504, 9526, 9552, 9581, 9583, 9602, 9633, 9640, 9692, 9701, 9763, 9773, 9781, 9801]","[518, 4718, 8313]",9816,494,9322,0,494,9319,3
-4.0,HUMADAG,"[9, 16, 25, 27, 39, 48, 74, 92, 105, 107, 177, 205, 216, 243, 250, 300, 306, 315, 332, 340, 360, 381, 400, 415, 511, 530, 566, 587, 589, 620, 641, 644, 651, 654, 665, 684, 711, 718, 723, 732, 755, 790, 810, 812, 822, 861, 881, 892, 902, 904, 922, 928, 958, 1013, 1033, 1043, 1045, 1067, 1089, 1092, 1134, 1148, 1154, 1160, 1168, 1186, 1201, 1226, 1242, 1249, 1302, 1310, 1314, 1337, 1349, 1356, 1360, 1388, 1399, 1422, 1424, 1458, 1490, 1505, 1534, 1555, 1566, 1576, 1580, 1589, 1610, 1637, 1678, 1682, 1692, 1799, 1850, 1865, 1872, 1899, 1941, 1948, 1952, 1969, 1974, 1978, 2002, 2006, 2018, 2026, 2036, 2039, 2051, 2056, 2060, 2089, 2121, 2129, 2187, 2270, 2278, 2282, 2328, 2352, 2354, 2356, 2366, 2369, 2382, 2406, 2410, 2419, 2424, 2429, 2431, 2456, 2466, 2501, 2514, 2567, 2573, 2579, 2628, 2687, 2690, 2693, 2757, 2770, 2800, 2806, 2859, 2865, 2908, 2916, 2918, 2931, 2984, 3033, 3035, 3056, 3080, 3091, 3098, 3132, 3146, 3152, 3155, 3158, 3169, 3178, 3189, 3196, 3204, 3206, 3218, 3238, 3256, 3258, 3267, 3273, 3292, 3294, 3311, 3333, 3344, 3365, 3369, 3371, 3430, 3439, 3446, 3486, 3518, 3540, 3542, 3544, 3546, 3561, 3565, 3574, 3613, 3676, 3738, 3742, 3747, 3765, 3776, 3797, 3909, 3921, 4065, 4096, 4145, 4184, 4205, 4248, 4272, 4304, 4310, 4318, 4322, 4327, 4354, 4356, 4379, 4396, 4413, 4435, 4440, 4458, 4465, 4483, 4493, 4499, 4502, 4522, 4526, 4550, 4624, 4635, 4653, 4704, 4723, 4728, 4739, 4745, 4755, 4774, 4782, 4804, 4818, 4822, 4830, 4835, 4837, 4843, 4846, 4858, 4868, 4899, 4901, 4905, 4917, 4931, 4947, 4975, 4983, 5018, 5040, 5050, 5052, 5054, 5056, 5059, 5062, 5072, 5125, 5137, 5142, 5144, 5150, 5190, 5232, 5234, 5262, 5268, 5279, 5283, 5285, 5291, 5293, 5297, 5313, 5342, 5402, 5424, 5429, 5466, 5510, 5563, 5573, 5588, 5613, 5618, 5631, 5658, 5662, 5681, 5752, 5764, 5774, 5817, 5829, 5864, 5872, 5882, 5930, 5937, 5976, 6003, 6011, 6069, 6120, 6157, 6161, 6163, 6168, 6170, 6177, 6193, 6206, 6212, 6219, 6231, 6233, 6242, 6254, 6262, 6276, 6278, 6295, 6305, 6307, 6325, 6353, 6372, 6409, 6411, 6417, 6433, 6481, 6515, 6528, 6534, 6616, 6622, 6631, 6662, 6664, 6710, 6760, 6777, 6786, 6794, 6796, 6800, 6805, 6855, 6909, 6912, 6951, 6979, 6998, 7030, 7035, 7083, 7089, 7132, 7166, 7180, 7185, 7189, 7191, 7196, 7207, 7220, 7250, 7299, 7301, 7317, 7323, 7339, 7344, 7352, 7357, 7359, 7381, 7414, 7426, 7435, 7454, 7462, 7502, 7519, 7543, 7552, 7562, 7569, 7578, 7611, 7626, 7631, 7646, 7670, 7702, 7720, 7722, 7730, 7740, 7755, 7760, 7763, 7765, 7799, 7831, 7849, 7876, 7885, 7896, 7906, 7918, 7939, 7981, 7983, 7993, 8004, 8051, 8094, 8141, 8153, 8161, 8179, 8210, 8221, 8236, 8280, 8286, 8312, 8358, 8367, 8378, 8388, 8401, 8422, 8449, 8497, 8508, 8551, 8562, 8577, 8598, 8615, 8629, 8635, 8653, 8658, 8724, 8781, 8790, 8843, 8845, 8857, 8869, 8877, 8885, 8909, 8917, 8949, 8958, 8991, 9001, 9023, 9051, 9057, 9062, 9073, 9093, 9097, 9118, 9124, 9130, 9186, 9232, 9242, 9258, 9272, 9316, 9320, 9323, 9347, 9400, 9403, 9407, 9409, 9468, 9483, 9498, 9530, 9532, 9543, 9549, 9552, 9573, 9576, 9587, 9601, 9618, 9629, 9634, 9644, 9657, 9659, 9666, 9690, 9709, 9712, 9737, 9788, 9802, 9808, 9848, 9864, 9872, 9925, 9947, 9971, 9989, 9993, 9999, 10024, 10034, 10049, 10054, 10057, 10092, 10098, 10115, 10124, 10127, 10140, 10142, 10169, 10171, 10178, 10189, 10199, 10218, 10227, 10237, 10244, 10253, 10287, 10297, 10312, 10317, 10356, 10388, 10422, 10440, 10451, 10472, 10499, 10516, 10539, 10547, 10557, 10577, 10593, 10611, 10618, 10637, 10640, 10642, 10666, 10689, 10694, 10710, 10716, 10718, 10725, 10736, 10760, 10783, 10807, 10817, 10833, 10847, 10859, 10861, 10919, 10933, 10956, 10978, 10982, 10996, 11005, 11077, 11087, 11100, 11112, 11120, 11125, 11161, 11163, 11167, 11177, 11191, 11206, 11263, 11265, 11268, 11292, 11297, 11304, 11337, 11378, 11400, 11426, 11428, 11464, 11473, 11485, 11498, 11504, 11513, 11526, 11535, 11559, 11569, 11573, 11628, 11652, 11666, 11676, 11686, 11690, 11709, 11740, 11764, 11768, 11793, 11805, 11826, 11844, 11856, 11870, 11872, 11879, 11914, 11945, 11947, 11993, 12009, 12026, 12058, 12069, 12073, 12102, 12113, 12138, 12143, 12148, 12151, 12177, 12204, 12212, 12230, 12242, 12253, 12258, 12273, 12276, 12308, 12320, 12334, 12384, 12398, 12404, 12436, 12438, 12440, 12446, 12463, 12493, 12499, 12532, 12556, 12570, 12579, 12585, 12675, 12705, 12724, 12737, 12772, 12779, 12786, 12807, 12832, 12870, 13075, 13117, 13119, 13147, 13164, 13178, 13188, 13190, 13192, 13225, 13233, 13236, 13254, 13263, 13279, 13297, 13315, 13320, 13388, 13391, 13399, 13417, 13459, 13477, 13504, 13508, 13522, 13529, 13554, 13564, 13577, 13599, 13602, 13612, 13791, 13817, 13836, 13871, 13899, 13939, 13985, 13987, 14050, 14074, 14094, 14102, 14105, 14158, 14191, 14205, 14208, 14226, 14228, 14243, 14297, 14329, 14351, 14379, 14407, 14426, 14451, 14455, 14462, 14471, 14478, 14514, 14516, 14527, 14543, 14618, 14625, 14649, 14666, 14681, 14686, 14702, 14704, 14706, 14708, 14733, 14750, 14798, 14834, 14856, 14861, 14886, 14891, 14929, 14961, 14977, 15006, 15015, 15026, 15036, 15049, 15070, 15088, 15113, 15123, 15138, 15144, 15183, 15206, 15215, 15260, 15290, 15303, 15305, 15324, 15351, 15353, 15396, 15409, 15432, 15444, 15479, 15486, 15560, 15565, 15583, 15596, 15602, 15608, 15614, 15662, 15689, 15752, 15764, 15804, 15821, 15831, 15858, 15876, 15883, 15908, 15953, 15956, 15960, 15966, 16019, 16025, 16031, 16074, 16084, 16109, 16111, 16118, 16120, 16195, 16210, 16217, 16261, 16263, 16293, 16322, 16334, 16355, 16425, 16427, 16455, 16478, 16481, 16503, 16557, 16589, 16639, 16641, 16644, 16648, 16686, 16701, 16716, 16720, 16730, 16741, 16743, 16747, 16761, 16764, 16770, 16774, 16780, 16794, 16831, 16865, 16908, 16950, 16961, 16976, 16981, 16986, 17020, 17026, 17037, 17052, 17068, 17070, 17107, 17118, 17128, 17141, 17162, 17189, 17206, 17240, 17266, 17295, 17371, 17376, 17390, 17402, 17406, 17452, 17454, 17493, 17499, 17528, 17534, 17548, 17560, 17567, 17589, 17633, 17643, 17663, 17684, 17701, 17703, 17717, 17764, 17785, 17787, 17793, 17821, 17826, 17851, 17855, 17893, 17962, 17973, 18043, 18075, 18097, 18126, 18146, 18212, 18220, 18245, 18250, 18252, 18257, 18264, 18284, 18332, 18350, 18386, 18416, 18420, 18426, 18439, 18466, 18470, 18483, 18490, 18515, 18525, 18555, 18557, 18560, 18626, 18632, 18638, 18653, 18695, 18744, 18758, 18773, 18786, 18792, 18795, 18804, 18830, 18865, 18919, 18950, 18952, 18990, 18992, 19002, 19060, 19065, 19072, 19082, 19091, 19106, 19114, 19124, 19139, 19160, 19167, 19179, 19185, 19231, 19243, 19293, 19297, 19333, 19338, 19377, 19383, 19393, 19401, 19430, 19438, 19509, 19523, 19525, 19530, 19572, 19582, 19585, 19603, 19630, 19640, 19655, 19660, 19699, 19705, 19731, 19776, 19796, 19805, 19818, 19839, 19866, 19893, 19906, 19941, 19946, 19965, 20092, 20102, 20129, 20144, 20177, 20194, 20205, 20246, 20297, 20305, 20322, 20408, 20444, 20457, 20552, 20554, 20565, 20585, 20614, 20620, 20680, 20726, 20777, 20781, 20880, 20892, 20894, 20913, 20917, 20926, 20931, 20955, 20977, 21004, 21007, 21011, 21016, 21021, 21028, 21045, 21060, 21072, 21098, 21102, 21109, 21115, 21119, 21128, 21140, 21164, 21177, 21223, 21228, 21268, 21304, 21307, 21312, 21355, 21400, 21445, 21453, 21491, 21500, 21524, 21547, 21551, 21568, 21570, 21574, 21651, 21696, 21722, 21770, 21775, 21787, 21846, 21872, 21877, 21892, 21935, 21940, 21943, 21968, 22009, 22021, 22041, 22105, 22139, 22145, 22159, 22175, 22217, 22243, 22260, 22286, 22343, 22346, 22356, 22420, 22431, 22437, 22439, 22471, 22490, 22505, 22529, 22536, 22548, 22579, 22593, 22600, 22613, 22634, 22636, 22670, 22673, 22736, 22742, 22748, 22752, 22758, 22761, 22802, 22837, 22862, 22864, 22868, 22888, 22957, 22979, 22981, 23002, 23009, 23018, 23025, 23077, 23113, 23153, 23164, 23185, 23221, 23305, 23360, 23395, 23406, 23408, 23416, 23430, 23433, 23493, 23511, 23534, 23541, 23543, 23555, 23570, 23582, 23600, 23622, 23650, 23666, 23670, 23676, 23694, 23719, 23722, 23725, 23727, 23729, 23752, 23795, 23809, 23811, 23813, 23825, 23862, 23867, 23922, 23935, 23946, 23974, 23976, 24002, 24011, 24026, 24028, 24040, 24063, 24081, 24087, 24112, 24127, 24136, 24166, 24190, 24225, 24235, 24261, 24284, 24287, 24368, 24392, 24450, 24461, 24511, 24521, 24536, 24541, 24544, 24562, 24585, 24588, 24611, 24627, 24646, 24656, 24667, 24675, 24677, 24690, 24711, 24738, 24743, 24753, 24798, 24851, 24876, 24884, 24894, 24923, 24939, 24945, 24964, 24982, 24990, 24999, 25044, 25053, 25059, 25067, 25077, 25084, 25089, 25100, 25108, 25117, 25120, 25125, 25134, 25170, 25180, 25190, 25204, 25209, 25248, 25254, 25280, 25325, 25334, 25345, 25355, 25368, 25418, 25435, 25472, 25477, 25479, 25490, 25493, 25533, 25541, 25583, 25585, 25629, 25690, 25720, 25733, 25735, 25744, 25765, 25825, 25852, 25870, 25875, 25905, 25916, 26017, 26031, 26053, 26055, 26057, 26063, 26065, 26105, 26133, 26144, 26151, 26168, 26174, 26181, 26193, 26198, 26228, 26238, 26241, 26268, 26287, 26314, 26318, 26332, 26337, 26394, 26441, 26468, 26472, 26490, 26531, 26543, 26558, 26578, 26593, 26595, 26604, 26608, 26617, 26633, 26650, 26654, 26656, 26679, 26722, 26732, 26766, 26778, 26780, 26783, 26811, 26827, 26864, 26871, 26892, 26913, 26923, 26996, 27006, 27021, 27026, 27029, 27064, 27096, 27138, 27143, 27152, 27163, 27173, 27186, 27207, 27251, 27304, 27323, 27382, 27384, 27406, 27433, 27456, 27463, 27468, 27480, 27501, 27528, 27545, 27558, 27586, 27591, 27600, 27613, 27639, 27641, 27649, 27663, 27679, 27681, 27699, 27709, 27718, 27720, 27751, 27759, 27761, 27828, 27840, 27855, 27880, 27908, 27953, 27958, 27961, 28001, 28012, 28028, 28039, 28044, 28057, 28084, 28100, 28142, 28175, 28178, 28191, 28256, 28309, 28336, 28339, 28363, 28408, 28410, 28418, 28439, 28441, 28451, 28480, 28518, 28535, 28543, 28553, 28587, 28634, 28679, 28691, 28713, 28723, 28730, 28738, 28761, 28763, 28779, 28798, 28811, 28815, 28831, 28840, 28878, 28881, 28945, 28949, 28973, 28976, 28978, 28982, 28988, 28993, 28998, 29024, 29053, 29057, 29087, 29089, 29159, 29172, 29177, 29199, 29209, 29221, 29224, 29244, 29249, 29268, 29270, 29278, 29280, 29305, 29315, 29349, 29358, 29395, 29420, 29424, 29471, 29474, 29531, 29566, 29578, 29592, 29684, 29701, 29705, 29709, 29722, 29752, 29758, 29846, 29849, 29858, 29897, 29908, 29917, 29940, 29944, 29974, 30007, 30015, 30031, 30049, 30051, 30134, 30198, 30262, 30281, 30297, 30322, 30331, 30358, 30362, 30372, 30387, 30389, 30403, 30420, 30441, 30444, 30451, 30500, 30605, 30610, 30615, 30649, 30666, 30678, 30680, 30722, 30729, 30765, 30767, 30771, 30788, 30790, 30798, 30805, 30842, 30844, 30847, 30861, 30872, 30876, 30878, 30901, 30908, 30943, 30951, 30968, 31011, 31026, 31029, 31043, 31069, 31074, 31094, 31100, 31116, 31128, 31139, 31145, 31159, 31181, 31191, 31194, 31202, 31204, 31211, 31227, 31230, 31290, 31305, 31309, 31314, 31343, 31351, 31365, 31397, 31399, 31408, 31416, 31418, 31420, 31426, 31431, 31469, 31472, 31475, 31485, 31536, 31561, 31592, 31595, 31605, 31608, 31618, 31645, 31662, 31671, 31683, 31690, 31718, 31736, 31880, 31882, 31889, 31894, 31915, 31925, 31927, 31945, 31947, 31964, 31987, 32008, 32020, 32041, 32048, 32058, 32066, 32080, 32106, 32120, 32131, 32160, 32179, 32190, 32193, 32209, 32217, 32244, 32259, 32292, 32304, 32317, 32344, 32363, 32432, 32451, 32456, 32471, 32486, 32489, 32498, 32522, 32577, 32676, 32692, 32715, 32728, 32754, 32772, 32863, 32880, 32909, 32917, 32926, 32940, 32950, 33008, 33057, 33094, 33099, 33250, 33267, 33344, 33348, 33377, 33388, 33405, 33410, 33430, 33487, 33496, 33557, 33574, 33598, 33607, 33613, 33627, 33631, 33661, 33679, 33697, 33710, 33713, 33755, 33783, 33794, 33801, 33803, 33806, 33808, 33830, 33843, 33850, 33852, 33871, 33881, 33919, 33922, 33932, 33953, 33957, 33963, 33977, 33999, 34004, 34028, 34047, 34099, 34107, 34140, 34173, 34192, 34201, 34250, 34263, 34280, 34286, 34292, 34294, 34309, 34315, 34412, 34472, 34485, 34489, 34493, 34495, 34520, 34528, 34533, 34543, 34548, 34579, 34583, 34596, 34644, 34646, 34652, 34670, 34690, 34695, 34713, 34722, 34743, 34745, 34747, 34763, 34783, 34786, 34810, 34824, 34826, 34835, 34837, 34863, 34874, 34909, 34939, 34963, 34965, 34971, 34997, 35009, 35014, 35060, 35068, 35075, 35078, 35123, 35204, 35208, 35214, 35231, 35238, 35250, 35252, 35262, 35310, 35312, 35326, 35352, 35366, 35370, 35383, 35397, 35425, 35434, 35443, 35499, 35520, 35523, 35560, 35571, 35577, 35579, 35605, 35614, 35694, 35699, 35713, 35770, 35774, 35798, 35800, 35818, 35838, 35855, 35895, 35918, 35928, 35942, 35968, 35982, 35989, 35997, 36000, 36017, 36046, 36081, 36087, 36116, 36130, 36141, 36173, 36176, 36220, 36230, 36247, 36263, 36269, 36319, 36358, 36362, 36382, 36394, 36425, 36436, 36461, 36492, 36499, 36501, 36514, 36529, 36532, 36540, 36576, 36616, 36641, 36652, 36682, 36700, 36708, 36710, 36734]",[],"[9, 16, 25, 27, 39, 48, 74, 92, 105, 107, 177, 205, 216, 243, 250, 300, 306, 315, 332, 340, 360, 381, 400, 415, 511, 530, 566, 587, 589, 620, 641, 644, 651, 654, 665, 684, 711, 718, 723, 732, 755, 790, 810, 812, 822, 861, 881, 892, 902, 904, 922, 928, 958, 1013, 1033, 1043, 1045, 1067, 1089, 1092, 1134, 1148, 1154, 1160, 1168, 1186, 1201, 1226, 1242, 1249, 1302, 1310, 1314, 1337, 1349, 1356, 1360, 1388, 1399, 1422, 1424, 1458, 1490, 1505, 1534, 1555, 1566, 1576, 1580, 1589, 1610, 1637, 1678, 1682, 1692, 1799, 1850, 1865, 1872, 1899, 1941, 1948, 1952, 1969, 1974, 1978, 2002, 2006, 2018, 2026, 2036, 2039, 2051, 2056, 2060, 2089, 2121, 2129, 2187, 2270, 2278, 2282, 2328, 2352, 2354, 2356, 2366, 2369, 2382, 2406, 2410, 2419, 2424, 2429, 2431, 2456, 2466, 2501, 2514, 2567, 2573, 2579, 2628, 2687, 2690, 2693, 2757, 2770, 2800, 2806, 2859, 2865, 2908, 2916, 2918, 2931, 2984, 3033, 3035, 3056, 3080, 3091, 3098, 3132, 3146, 3152, 3155, 3158, 3169, 3178, 3189, 3196, 3204, 3206, 3218, 3238, 3256, 3258, 3267, 3273, 3292, 3294, 3311, 3333, 3344, 3365, 3369, 3371, 3430, 3439, 3446, 3486, 3518, 3540, 3542, 3544, 3546, 3561, 3565, 3574, 3613, 3676, 3738, 3742, 3747, 3765, 3776, 3797, 3909, 3921, 4065, 4096, 4145, 4184, 4205, 4248, 4272, 4304, 4310, 4318, 4322, 4327, 4354, 4356, 4379, 4396, 4413, 4435, 4440, 4458, 4465, 4483, 4493, 4499, 4502, 4522, 4526, 4550, 4624, 4635, 4653, 4704, 4723, 4728, 4739, 4745, 4755, 4774, 4782, 4804, 4818, 4822, 4830, 4835, 4837, 4843, 4846, 4858, 4868, 4899, 4901, 4905, 4917, 4931, 4947, 4975, 4983, 5018, 5040, 5050, 5052, 5054, 5056, 5059, 5062, 5072, 5125, 5137, 5142, 5144, 5150, 5190, 5232, 5234, 5262, 5268, 5279, 5283, 5285, 5291, 5293, 5297, 5313, 5342, 5402, 5424, 5429, 5466, 5510, 5563, 5573, 5588, 5613, 5618, 5631, 5658, 5662, 5681, 5752, 5764, 5774, 5817, 5829, 5864, 5872, 5882, 5930, 5937, 5976, 6003, 6011, 6069, 6120, 6157, 6161, 6163, 6168, 6170, 6177, 6193, 6206, 6212, 6219, 6231, 6233, 6242, 6254, 6262, 6276, 6278, 6295, 6305, 6307, 6325, 6353, 6372, 6409, 6411, 6417, 6433, 6481, 6515, 6528, 6534, 6616, 6622, 6631, 6662, 6664, 6710, 6760, 6777, 6786, 6794, 6796, 6800, 6805, 6855, 6909, 6912, 6951, 6979, 6998, 7030, 7035, 7083, 7089, 7132, 7166, 7180, 7185, 7189, 7191, 7196, 7207, 7220, 7250, 7299, 7301, 7317, 7323, 7339, 7344, 7352, 7357, 7359, 7381, 7414, 7426, 7435, 7454, 7462, 7502, 7519, 7543, 7552, 7562, 7569, 7578, 7611, 7626, 7631, 7646, 7670, 7702, 7720, 7722, 7730, 7740, 7755, 7760, 7763, 7765, 7799, 7831, 7849, 7876, 7885, 7896, 7906, 7918, 7939, 7981, 7983, 7993, 8004, 8051, 8094, 8141, 8153, 8161, 8179, 8210, 8221, 8236, 8280, 8286, 8312, 8358, 8367, 8378, 8388, 8401, 8422, 8449, 8497, 8508, 8551, 8562, 8577, 8598, 8615, 8629, 8635, 8653, 8658, 8724, 8781, 8790, 8843, 8845, 8857, 8869, 8877, 8885, 8909, 8917, 8949, 8958, 8991, 9001, 9023, 9051, 9057, 9062, 9073, 9093, 9097, 9118, 9124, 9130, 9186, 9232, 9242, 9258, 9272, 9316, 9320, 9323, 9347, 9400, 9403, 9407, 9409, 9468, 9483, 9498, 9530, 9532, 9543, 9549, 9552, 9573, 9576, 9587, 9601, 9618, 9629, 9634, 9644, 9657, 9659, 9666, 9690, 9709, 9712, 9737, 9788, 9802, 9808, 9848, 9864, 9872, 9925, 9947, 9971, 9989, 9993, 9999, 10024, 10034, 10049, 10054, 10057, 10092, 10098, 10115, 10124, 10127, 10140, 10142, 10169, 10171, 10178, 10189, 10199, 10218, 10227, 10237, 10244, 10253, 10287, 10297, 10312, 10317, 10356, 10388, 10422, 10440, 10451, 10472, 10499, 10516, 10539, 10547, 10557, 10577, 10593, 10611, 10618, 10637, 10640, 10642, 10666, 10689, 10694, 10710, 10716, 10718, 10725, 10736, 10760, 10783, 10807, 10817, 10833, 10847, 10859, 10861, 10919, 10933, 10956, 10978, 10982, 10996, 11005, 11077, 11087, 11100, 11112, 11120, 11125, 11161, 11163, 11167, 11177, 11191, 11206, 11263, 11265, 11268, 11292, 11297, 11304, 11337, 11378, 11400, 11426, 11428, 11464, 11473, 11485, 11498, 11504, 11513, 11526, 11535, 11559, 11569, 11573, 11628, 11652, 11666, 11676, 11686, 11690, 11709, 11740, 11764, 11768, 11793, 11805, 11826, 11844, 11856, 11870, 11872, 11879, 11914, 11945, 11947, 11993, 12009, 12026, 12058, 12069, 12073, 12102, 12113, 12138, 12143, 12148, 12151, 12177, 12204, 12212, 12230, 12242, 12253, 12258, 12273, 12276, 12308, 12320, 12334, 12384, 12398, 12404, 12436, 12438, 12440, 12446, 12463, 12493, 12499, 12532, 12556, 12570, 12579, 12585, 12675, 12705, 12724, 12737, 12772, 12779, 12786, 12807, 12832, 12870, 13075, 13117, 13119, 13147, 13164, 13178, 13188, 13190, 13192, 13225, 13233, 13236, 13254, 13263, 13279, 13297, 13315, 13320, 13388, 13391, 13399, 13417, 13459, 13477, 13504, 13508, 13522, 13529, 13554, 13564, 13577, 13599, 13602, 13612, 13791, 13817, 13836, 13871, 13899, 13939, 13985, 13987, 14050, 14074, 14094, 14102, 14105, 14158, 14191, 14205, 14208, 14226, 14228, 14243, 14297, 14329, 14351, 14379, 14407, 14426, 14451, 14455, 14462, 14471, 14478, 14514, 14516, 14527, 14543, 14618, 14625, 14649, 14666, 14681, 14686, 14702, 14704, 14706, 14708, 14733, 14750, 14798, 14834, 14856, 14861, 14886, 14891, 14929, 14961, 14977, 15006, 15015, 15026, 15036, 15049, 15070, 15088, 15113, 15123, 15138, 15144, 15183, 15206, 15215, 15260, 15290, 15303, 15305, 15324, 15351, 15353, 15396, 15409, 15432, 15444, 15479, 15486, 15560, 15565, 15583, 15596, 15602, 15608, 15614, 15662, 15689, 15752, 15764, 15804, 15821, 15831, 15858, 15876, 15883, 15908, 15953, 15956, 15960, 15966, 16019, 16025, 16031, 16074, 16084, 16109, 16111, 16118, 16120, 16195, 16210, 16217, 16261, 16263, 16293, 16322, 16334, 16355, 16425, 16427, 16455, 16478, 16481, 16503, 16557, 16589, 16639, 16641, 16644, 16648, 16686, 16701, 16716, 16720, 16730, 16741, 16743, 16747, 16761, 16764, 16770, 16774, 16780, 16794, 16831, 16865, 16908, 16950, 16961, 16976, 16981, 16986, 17020, 17026, 17037, 17052, 17068, 17070, 17107, 17118, 17128, 17141, 17162, 17189, 17206, 17240, 17266, 17295, 17371, 17376, 17390, 17402, 17406, 17452, 17454, 17493, 17499, 17528, 17534, 17548, 17560, 17567, 17589, 17633, 17643, 17663, 17684, 17701, 17703, 17717, 17764, 17785, 17787, 17793, 17821, 17826, 17851, 17855, 17893, 17962, 17973, 18043, 18075, 18097, 18126, 18146, 18212, 18220, 18245, 18250, 18252, 18257, 18264, 18284, 18332, 18350, 18386, 18416, 18420, 18426, 18439, 18466, 18470, 18483, 18490, 18515, 18525, 18555, 18557, 18560, 18626, 18632, 18638, 18653, 18695, 18744, 18758, 18773, 18786, 18792, 18795, 18804, 18830, 18865, 18919, 18950, 18952, 18990, 18992, 19002, 19060, 19065, 19072, 19082, 19091, 19106, 19114, 19124, 19139, 19160, 19167, 19179, 19185, 19231, 19243, 19293, 19297, 19333, 19338, 19377, 19383, 19393, 19401, 19430, 19438, 19509, 19523, 19525, 19530, 19572, 19582, 19585, 19603, 19630, 19640, 19655, 19660, 19699, 19705, 19731, 19776, 19796, 19805, 19818, 19839, 19866, 19893, 19906, 19941, 19946, 19965, 20092, 20102, 20129, 20144, 20177, 20194, 20205, 20246, 20297, 20305, 20322, 20408, 20444, 20457, 20552, 20554, 20565, 20585, 20614, 20620, 20680, 20726, 20777, 20781, 20880, 20892, 20894, 20913, 20917, 20926, 20931, 20955, 20977, 21004, 21007, 21011, 21016, 21021, 21028, 21045, 21060, 21072, 21098, 21102, 21109, 21115, 21119, 21128, 21140, 21164, 21177, 21223, 21228, 21268, 21304, 21307, 21312, 21355, 21400, 21445, 21453, 21491, 21500, 21524, 21547, 21551, 21568, 21570, 21574, 21651, 21696, 21722, 21770, 21775, 21787, 21846, 21872, 21877, 21892, 21935, 21940, 21943, 21968, 22009, 22021, 22041, 22105, 22139, 22145, 22159, 22175, 22217, 22243, 22260, 22286, 22343, 22346, 22356, 22420, 22431, 22437, 22439, 22471, 22490, 22505, 22529, 22536, 22548, 22579, 22593, 22600, 22613, 22634, 22636, 22670, 22673, 22736, 22742, 22748, 22752, 22758, 22761, 22802, 22837, 22862, 22864, 22868, 22888, 22957, 22979, 22981, 23002, 23009, 23018, 23025, 23077, 23113, 23153, 23164, 23185, 23221, 23305, 23360, 23395, 23406, 23408, 23416, 23430, 23433, 23493, 23511, 23534, 23541, 23543, 23555, 23570, 23582, 23600, 23622, 23650, 23666, 23670, 23676, 23694, 23719, 23722, 23725, 23727, 23729, 23752, 23795, 23809, 23811, 23813, 23825, 23862, 23867, 23922, 23935, 23946, 23974, 23976, 24002, 24011, 24026, 24028, 24040, 24063, 24081, 24087, 24112, 24127, 24136, 24166, 24190, 24225, 24235, 24261, 24284, 24287, 24368, 24392, 24450, 24461, 24511, 24521, 24536, 24541, 24544, 24562, 24585, 24588, 24611, 24627, 24646, 24656, 24667, 24675, 24677, 24690, 24711, 24738, 24743, 24753, 24798, 24851, 24876, 24884, 24894, 24923, 24939, 24945, 24964, 24982, 24990, 24999, 25044, 25053, 25059, 25067, 25077, 25084, 25089, 25100, 25108, 25117, 25120, 25125, 25134, 25170, 25180, 25190, 25204, 25209, 25248, 25254, 25280, 25325, 25334, 25345, 25355, 25368, 25418, 25435, 25472, 25477, 25479, 25490, 25493, 25533, 25541, 25583, 25585, 25629, 25690, 25720, 25733, 25735, 25744, 25765, 25825, 25852, 25870, 25875, 25905, 25916, 26017, 26031, 26053, 26055, 26057, 26063, 26065, 26105, 26133, 26144, 26151, 26168, 26174, 26181, 26193, 26198, 26228, 26238, 26241, 26268, 26287, 26314, 26318, 26332, 26337, 26394, 26441, 26468, 26472, 26490, 26531, 26543, 26558, 26578, 26593, 26595, 26604, 26608, 26617, 26633, 26650, 26654, 26656, 26679, 26722, 26732, 26766, 26778, 26780, 26783, 26811, 26827, 26864, 26871, 26892, 26913, 26923, 26996, 27006, 27021, 27026, 27029, 27064, 27096, 27138, 27143, 27152, 27163, 27173, 27186, 27207, 27251, 27304, 27323, 27382, 27384, 27406, 27433, 27456, 27463, 27468, 27480, 27501, 27528, 27545, 27558, 27586, 27591, 27600, 27613, 27639, 27641, 27649, 27663, 27679, 27681, 27699, 27709, 27718, 27720, 27751, 27759, 27761, 27828, 27840, 27855, 27880, 27908, 27953, 27958, 27961, 28001, 28012, 28028, 28039, 28044, 28057, 28084, 28100, 28142, 28175, 28178, 28191, 28256, 28309, 28336, 28339, 28363, 28408, 28410, 28418, 28439, 28441, 28451, 28480, 28518, 28535, 28543, 28553, 28587, 28634, 28679, 28691, 28713, 28723, 28730, 28738, 28761, 28763, 28779, 28798, 28811, 28815, 28831, 28840, 28878, 28881, 28945, 28949, 28973, 28976, 28978, 28982, 28988, 28993, 28998, 29024, 29053, 29057, 29087, 29089, 29159, 29172, 29177, 29199, 29209, 29221, 29224, 29244, 29249, 29268, 29270, 29278, 29280, 29305, 29315, 29349, 29358, 29395, 29420, 29424, 29471, 29474, 29531, 29566, 29578, 29592, 29684, 29701, 29705, 29709, 29722, 29752, 29758, 29846, 29849, 29858, 29897, 29908, 29917, 29940, 29944, 29974, 30007, 30015, 30031, 30049, 30051, 30134, 30198, 30262, 30281, 30297, 30322, 30331, 30358, 30362, 30372, 30387, 30389, 30403, 30420, 30441, 30444, 30451, 30500, 30605, 30610, 30615, 30649, 30666, 30678, 30680, 30722, 30729, 30765, 30767, 30771, 30788, 30790, 30798, 30805, 30842, 30844, 30847, 30861, 30872, 30876, 30878, 30901, 30908, 30943, 30951, 30968, 31011, 31026, 31029, 31043, 31069, 31074, 31094, 31100, 31116, 31128, 31139, 31145, 31159, 31181, 31191, 31194, 31202, 31204, 31211, 31227, 31230, 31290, 31305, 31309, 31314, 31343, 31351, 31365, 31397, 31399, 31408, 31416, 31418, 31420, 31426, 31431, 31469, 31472, 31475, 31485, 31536, 31561, 31592, 31595, 31605, 31608, 31618, 31645, 31662, 31671, 31683, 31690, 31718, 31736, 31880, 31882, 31889, 31894, 31915, 31925, 31927, 31945, 31947, 31964, 31987, 32008, 32020, 32041, 32048, 32058, 32066, 32080, 32106, 32120, 32131, 32160, 32179, 32190, 32193, 32209, 32217, 32244, 32259, 32292, 32304, 32317, 32344, 32363, 32432, 32451, 32456, 32471, 32486, 32489, 32498, 32522, 32577, 32676, 32692, 32715, 32728, 32754, 32772, 32863, 32880, 32909, 32917, 32926, 32940, 32950, 33008, 33057, 33094, 33099, 33250, 33267, 33344, 33348, 33377, 33388, 33405, 33410, 33430, 33487, 33496, 33557, 33574, 33598, 33607, 33613, 33627, 33631, 33661, 33679, 33697, 33710, 33713, 33755, 33783, 33794, 33801, 33803, 33806, 33808, 33830, 33843, 33850, 33852, 33871, 33881, 33919, 33922, 33932, 33953, 33957, 33963, 33977, 33999, 34004, 34028, 34047, 34099, 34107, 34140, 34173, 34192, 34201, 34250, 34263, 34280, 34286, 34292, 34294, 34309, 34315, 34412, 34472, 34485, 34489, 34493, 34495, 34520, 34528, 34533, 34543, 34548, 34579, 34583, 34596, 34644, 34646, 34652, 34670, 34690, 34695, 34713, 34722, 34743, 34745, 34747, 34763, 34783, 34786, 34810, 34824, 34826, 34835, 34837, 34863, 34874, 34909, 34939, 34963, 34965, 34971, 34997, 35009, 35014, 35060, 35068, 35075, 35078, 35123, 35204, 35208, 35214, 35231, 35238, 35250, 35252, 35262, 35310, 35312, 35326, 35352, 35366, 35370, 35383, 35397, 35425, 35434, 35443, 35499, 35520, 35523, 35560, 35571, 35577, 35579, 35605, 35614, 35694, 35699, 35713, 35770, 35774, 35798, 35800, 35818, 35838, 35855, 35895, 35918, 35928, 35942, 35968, 35982, 35989, 35997, 36000, 36017, 36046, 36081, 36087, 36116, 36130, 36141, 36173, 36176, 36220, 36230, 36247, 36263, 36269, 36319, 36358, 36362, 36382, 36394, 36425, 36436, 36461, 36492, 36499, 36501, 36514, 36529, 36532, 36540, 36576, 36616, 36641, 36652, 36682, 36700, 36708, 36710, 36734]","[4064, 19292, 26467, 29052, 29939, 31304, 32497, 32675, 32916, 34484, 35203]",36734,1908,34826,0,1908,34815,11
-4.0,HUMADPRF02,"[17, 21, 71, 91, 113, 125, 186, 206, 278, 338, 360, 379, 426, 458, 476, 493, 495, 498, 515, 529, 606, 610, 621, 623, 626, 639, 654, 682, 695, 708, 714, 728, 748, 757, 764, 773, 870, 879, 897, 905, 929, 937, 946, 956, 971, 1016, 1044, 1059, 1081, 1089, 1093, 1095, 1136, 1139, 1142, 1144, 1157, 1159, 1170, 1183, 1199, 1206, 1215, 1220, 1242, 1244, 1251, 1255, 1309, 1326, 1330, 1334, 1339, 1352, 1354, 1360, 1366, 1374, 1384, 1446, 1448, 1457, 1459, 1462, 1470, 1484, 1491, 1500, 1527, 1537, 1540, 1564, 1624, 1633, 1651, 1698, 1707, 1731, 1744, 1757, 1766, 1806, 1840, 1853, 1880, 1916, 1938, 1942, 1953, 1977, 1983, 1997, 2002, 2012, 2027, 2034, 2049, 2068, 2075, 2103, 2109, 2124, 2132, 2134, 2174, 2176, 2185, 2255, 2261, 2268, 2285, 2307, 2352, 2406, 2420, 2445, 2447, 2463, 2470, 2522, 2552, 2565, 2597, 2600, 2606, 2616, 2644, 2654, 2659, 2664, 2675, 2683, 2686, 2692, 2709, 2720, 2745, 2774, 2804, 2806, 2812, 2818, 2820, 2828, 2838, 2856, 2883, 2888, 2932, 2948, 2950, 2954, 2973, 2987, 3006, 3017, 3036, 3040, 3091, 3148, 3183, 3226, 3228, 3262, 3286, 3299, 3306, 3308, 3310, 3312, 3356, 3379, 3393, 3427, 3455, 3464, 3471, 3478, 3498, 3530, 3553, 3558, 3576, 3604, 3647, 3675, 3734, 3740, 3762, 3765, 3768, 3772, 3778, 3788, 3791, 3819, 3822, 3825, 3836, 3847, 3855, 3872, 3881, 3893, 3905, 3908, 3914, 3922, 3928, 3933, 3943, 3945, 3947, 3995, 4042, 4050, 4077, 4094, 4119, 4142, 4153, 4162, 4174, 4180, 4188, 4193, 4195, 4214, 4216, 4218, 4224, 4244, 4246, 4248, 4250, 4252, 4254, 4258, 4260, 4262, 4264, 4266, 4274, 4276, 4280, 4282, 4284, 4288, 4290, 4292, 4295, 4298, 4301, 4310, 4312, 4319, 4339, 4393, 4412, 4476, 4499, 4536, 4539, 4589, 4596, 4600, 4611, 4644, 4685, 4693, 4702, 4718, 4733, 4737, 4746, 4749, 4779, 4782, 4827, 4829, 4871, 4875, 4944, 4948, 4952, 4955, 4957, 4963, 4966, 4975, 4991, 4998, 5004, 5040, 5059, 5068, 5084, 5121, 5132, 5140, 5143, 5151, 5160]",[],"[17, 21, 71, 91, 113, 125, 186, 206, 278, 338, 360, 379, 426, 458, 476, 493, 495, 498, 515, 529, 606, 610, 621, 623, 626, 639, 654, 682, 695, 708, 714, 728, 748, 757, 764, 773, 870, 879, 897, 905, 929, 937, 946, 956, 971, 1016, 1044, 1059, 1081, 1089, 1093, 1095, 1136, 1139, 1142, 1144, 1157, 1159, 1170, 1183, 1199, 1206, 1215, 1220, 1242, 1244, 1251, 1255, 1309, 1326, 1330, 1334, 1339, 1352, 1354, 1360, 1366, 1374, 1384, 1446, 1448, 1457, 1459, 1462, 1470, 1484, 1491, 1500, 1527, 1537, 1540, 1564, 1624, 1633, 1651, 1698, 1707, 1731, 1744, 1757, 1766, 1806, 1840, 1853, 1880, 1916, 1938, 1942, 1953, 1977, 1983, 1997, 2002, 2012, 2027, 2034, 2049, 2068, 2075, 2103, 2109, 2124, 2132, 2134, 2174, 2176, 2185, 2255, 2261, 2268, 2285, 2307, 2352, 2406, 2420, 2445, 2447, 2463, 2470, 2522, 2552, 2565, 2597, 2600, 2606, 2616, 2644, 2654, 2659, 2664, 2675, 2683, 2686, 2692, 2709, 2720, 2745, 2774, 2804, 2806, 2812, 2818, 2820, 2828, 2838, 2856, 2883, 2888, 2932, 2948, 2950, 2954, 2973, 2987, 3006, 3017, 3036, 3040, 3091, 3148, 3183, 3226, 3228, 3262, 3286, 3299, 3306, 3308, 3310, 3312, 3356, 3379, 3393, 3427, 3455, 3464, 3471, 3478, 3498, 3530, 3553, 3558, 3576, 3604, 3647, 3675, 3734, 3740, 3762, 3765, 3768, 3772, 3778, 3788, 3791, 3819, 3822, 3825, 3836, 3847, 3855, 3872, 3881, 3893, 3905, 3908, 3914, 3922, 3928, 3933, 3943, 3945, 3947, 3995, 4042, 4050, 4077, 4094, 4119, 4142, 4153, 4162, 4174, 4180, 4188, 4193, 4195, 4214, 4216, 4218, 4224, 4244, 4246, 4248, 4250, 4252, 4254, 4258, 4260, 4262, 4264, 4266, 4274, 4276, 4280, 4282, 4284, 4288, 4290, 4292, 4295, 4298, 4301, 4310, 4312, 4319, 4339, 4393, 4412, 4476, 4499, 4536, 4539, 4589, 4596, 4600, 4611, 4644, 4685, 4693, 4702, 4718, 4733, 4737, 4746, 4749, 4779, 4782, 4827, 4829, 4871, 4875, 4944, 4948, 4952, 4955, 4957, 4963, 4966, 4975, 4991, 4998, 5004, 5040, 5059, 5068, 5084, 5121, 5132, 5140, 5143, 5151, 5160]","[359, 1308, 1650]",5160,323,4837,0,323,4834,3
-4.0,HUMAPEXN,"[18, 36, 48, 51, 71, 87, 131, 138, 161, 167, 173, 185, 197, 202, 211, 257, 285, 295, 314, 333, 345, 350, 354, 365, 487, 497, 503, 513, 634, 669, 682, 688, 707, 710, 732, 754, 767, 771, 773, 783, 788, 824, 837, 875, 881, 886, 889, 891, 947, 955, 968, 981, 995, 1003, 1033, 1046, 1082, 1101, 1152, 1157, 1182, 1187, 1191, 1247, 1250, 1269, 1292, 1314, 1332, 1336, 1348, 1365, 1369, 1377, 1395, 1399, 1418, 1435, 1466, 1511, 1513, 1517, 1531, 1536, 1540, 1566, 1570, 1578, 1590, 1600, 1605, 1612, 1629, 1650, 1654, 1694, 1749, 1784, 1822, 1864, 1868, 1898, 1908, 1916, 1921, 1937, 1953, 1973, 1983, 1997, 2006, 2009, 2022, 2026, 2059, 2061, 2082, 2149, 2234, 2261, 2286, 2297, 2333, 2342, 2346, 2382, 2403, 2429, 2433, 2459, 2479, 2540, 2564, 2569, 2574, 2594, 2607, 2623, 2738, 2782, 2788, 2805, 2809, 2815, 2827, 2846, 2851, 2862, 2895, 2929, 2934, 2936, 2950, 3052, 3145, 3149, 3171, 3174, 3186, 3198, 3200, 3215, 3233, 3242, 3267, 3369, 3402, 3410, 3442, 3449, 3490, 3524, 3538, 3544, 3546, 3559, 3601, 3609, 3618, 3623, 3657, 3700, 3722]",[],"[18, 36, 48, 51, 71, 87, 131, 138, 161, 167, 173, 185, 197, 202, 211, 257, 285, 295, 314, 333, 345, 350, 354, 365, 487, 497, 503, 513, 634, 669, 682, 688, 707, 710, 732, 754, 767, 771, 773, 783, 788, 824, 837, 875, 881, 886, 889, 891, 947, 955, 968, 981, 995, 1003, 1033, 1046, 1082, 1101, 1152, 1157, 1182, 1187, 1191, 1247, 1250, 1269, 1292, 1314, 1332, 1336, 1348, 1365, 1369, 1377, 1395, 1399, 1418, 1435, 1466, 1511, 1513, 1517, 1531, 1536, 1540, 1566, 1570, 1578, 1590, 1600, 1605, 1612, 1629, 1650, 1654, 1694, 1749, 1784, 1822, 1864, 1868, 1898, 1908, 1916, 1921, 1937, 1953, 1973, 1983, 1997, 2006, 2009, 2022, 2026, 2059, 2061, 2082, 2149, 2234, 2261, 2286, 2297, 2333, 2342, 2346, 2382, 2403, 2429, 2433, 2459, 2479, 2540, 2564, 2569, 2574, 2594, 2607, 2623, 2738, 2782, 2788, 2805, 2809, 2815, 2827, 2846, 2851, 2862, 2895, 2929, 2934, 2936, 2950, 3052, 3145, 3149, 3171, 3174, 3186, 3198, 3200, 3215, 3233, 3242, 3267, 3369, 3402, 3410, 3442, 3449, 3490, 3524, 3538, 3544, 3546, 3559, 3601, 3609, 3618, 3623, 3657, 3700, 3722]","[1465, 1863, 2622]",3723,183,3540,0,183,3537,3
-4.0,HUMAPOCII,"[15, 17, 62, 71, 95, 103, 113, 136, 168, 170, 174, 185, 199, 203, 208, 216, 252, 281, 330, 350, 356, 363, 378, 385, 390, 405, 420, 442, 447, 482, 485, 491, 502, 506, 531, 537, 548, 567, 572, 590, 608, 662, 669, 671, 686, 688, 690, 692, 694, 696, 698, 700, 738, 765, 796, 812, 851, 877, 883, 892, 918, 931, 938, 952, 954, 966, 1013, 1031, 1062, 1076, 1083, 1108, 1148, 1150, 1153, 1166, 1225, 1231, 1243, 1251, 1264, 1282, 1332, 1346, 1359, 1400, 1410, 1435, 1445, 1452, 1480, 1483, 1493, 1502, 1552, 1558, 1611, 1636, 1651, 1653, 1693, 1712, 1714, 1729, 1736, 1742, 1749, 1759, 1779, 1790, 1813, 1838, 1857, 1861, 1871, 1873, 1930, 1932, 1953, 1959, 1981, 1986, 1990, 2003, 2057, 2086, 2130, 2143, 2188, 2195, 2220, 2256, 2266, 2279, 2306, 2322, 2329, 2354, 2399, 2406, 2412, 2468, 2472, 2513, 2562, 2565, 2572, 2578, 2631, 2637, 2643, 2723, 2734, 2737, 2753, 2761, 2782, 2790, 2845, 2867, 2892, 2921, 2928, 2967, 2983, 2996, 3000, 3002, 3164, 3224, 3243, 3253, 3280, 3305, 3322, 3348, 3388, 3424, 3460, 3500, 3537, 3574, 3611, 3632, 3687, 3696, 3713, 3735, 3750, 3775, 3800, 3863, 3928, 3961, 3982, 4000, 4007, 4023, 4092, 4102, 4122, 4125, 4161, 4175, 4177, 4194, 4214, 4221, 4233, 4237, 4246, 4251, 4260, 4264, 4272, 4295, 4334]",[],"[15, 17, 62, 71, 95, 103, 113, 136, 168, 170, 174, 185, 199, 203, 208, 216, 252, 281, 330, 350, 356, 363, 378, 385, 390, 405, 420, 442, 447, 482, 485, 491, 502, 506, 531, 537, 548, 567, 572, 590, 608, 662, 669, 671, 686, 688, 690, 692, 694, 696, 698, 700, 738, 765, 796, 812, 851, 877, 883, 892, 918, 931, 938, 952, 954, 966, 1013, 1031, 1062, 1076, 1083, 1108, 1148, 1150, 1153, 1166, 1225, 1231, 1243, 1251, 1264, 1282, 1332, 1346, 1359, 1400, 1410, 1435, 1445, 1452, 1480, 1483, 1493, 1502, 1552, 1558, 1611, 1636, 1651, 1653, 1693, 1712, 1714, 1729, 1736, 1742, 1749, 1759, 1779, 1790, 1813, 1838, 1857, 1861, 1871, 1873, 1930, 1932, 1953, 1959, 1981, 1986, 1990, 2003, 2057, 2086, 2130, 2143, 2188, 2195, 2220, 2256, 2266, 2279, 2306, 2322, 2329, 2354, 2399, 2406, 2412, 2468, 2472, 2513, 2562, 2565, 2572, 2578, 2631, 2637, 2643, 2723, 2734, 2737, 2753, 2761, 2782, 2790, 2845, 2867, 2892, 2921, 2928, 2967, 2983, 2996, 3000, 3002, 3164, 3224, 3243, 3253, 3280, 3305, 3322, 3348, 3388, 3424, 3460, 3500, 3537, 3574, 3611, 3632, 3687, 3696, 3713, 3735, 3750, 3775, 3800, 3863, 3928, 3961, 3982, 4000, 4007, 4023, 4092, 4102, 4122, 4125, 4161, 4175, 4177, 4194, 4214, 4221, 4233, 4237, 4246, 4251, 4260, 4264, 4272, 4295, 4334]","[2995, 3321]",4333,217,4116,0,217,4114,2
-4.0,HUMAPOE4,"[27, 41, 150, 167, 189, 206, 215, 236, 251, 282, 294, 320, 366, 389, 394, 415, 433, 465, 510, 519, 530, 540, 553, 574, 588, 601, 618, 655, 695, 753, 825, 827, 831, 846, 848, 868, 875, 878, 924, 956, 1028, 1043, 1065, 1074, 1092, 1104, 1174, 1177, 1198, 1226, 1295, 1300, 1325, 1349, 1352, 1380, 1382, 1389, 1391, 1434, 1444, 1507, 1512, 1527, 1576, 1587, 1681, 1697, 1712, 1718, 1734, 1774, 1784, 1800, 1809, 1822, 1833, 1878, 1883, 1892, 1899, 1915, 1937, 2024, 2072, 2096, 2103, 2106, 2111, 2114, 2117, 2120, 2124, 2127, 2130, 2133, 2138, 2154, 2164, 2179, 2184, 2223, 2255, 2302, 2311, 2322, 2332, 2345, 2366, 2377, 2393, 2410, 2434, 2441, 2466, 2490, 2572, 2585, 2612, 2637, 2662, 2672, 2707, 2720, 2773, 2779, 2785, 2794, 2820, 2838, 2864, 2919, 2933, 2935, 2945, 2966, 2997, 3022, 3034, 3075, 3110, 3136, 3147, 3157, 3184, 3201, 3205, 3207, 3235, 3257, 3263, 3279, 3287, 3303, 3313, 3380, 3406, 3419, 3430, 3436, 3476, 3484, 3486, 3499, 3547, 3599, 3637, 3643, 3668, 3688, 3751, 3809, 3852, 3878, 3930, 3945, 3950, 3963, 4002, 4033, 4080, 4082, 4152, 4167, 4182, 4293, 4305, 4314, 4391, 4404, 4424, 4437, 4446, 4458, 4479, 4538, 4577, 4592, 4603, 4633, 4660, 4686, 4742, 4744, 4748, 4750, 4752, 4790, 4800, 4815, 4820, 4859, 4882, 4927, 4936, 4957, 4970, 4989, 5014, 5086, 5096, 5143, 5150, 5176, 5223, 5226, 5228, 5230, 5232, 5243, 5253, 5268, 5313, 5365, 5376, 5386, 5399, 5446, 5499, 5508]",[],"[27, 41, 150, 167, 189, 206, 215, 236, 251, 282, 294, 320, 366, 389, 394, 415, 433, 465, 510, 519, 530, 540, 553, 574, 588, 601, 618, 655, 695, 753, 825, 827, 831, 846, 848, 868, 875, 878, 924, 956, 1028, 1043, 1065, 1074, 1092, 1104, 1174, 1177, 1198, 1226, 1295, 1300, 1325, 1349, 1352, 1380, 1382, 1389, 1391, 1434, 1444, 1507, 1512, 1527, 1576, 1587, 1681, 1697, 1712, 1718, 1734, 1774, 1784, 1800, 1809, 1822, 1833, 1878, 1883, 1892, 1899, 1915, 1937, 2024, 2072, 2096, 2103, 2106, 2111, 2114, 2117, 2120, 2124, 2127, 2130, 2133, 2138, 2154, 2164, 2179, 2184, 2223, 2255, 2302, 2311, 2322, 2332, 2345, 2366, 2377, 2393, 2410, 2434, 2441, 2466, 2490, 2572, 2585, 2612, 2637, 2662, 2672, 2707, 2720, 2773, 2779, 2785, 2794, 2820, 2838, 2864, 2919, 2933, 2935, 2945, 2966, 2997, 3022, 3034, 3075, 3110, 3136, 3147, 3157, 3184, 3201, 3205, 3207, 3235, 3257, 3263, 3279, 3287, 3303, 3313, 3380, 3406, 3419, 3430, 3436, 3476, 3484, 3486, 3499, 3547, 3599, 3637, 3643, 3668, 3688, 3751, 3809, 3852, 3878, 3930, 3945, 3950, 3963, 4002, 4033, 4080, 4082, 4152, 4167, 4182, 4293, 4305, 4314, 4391, 4404, 4424, 4437, 4446, 4458, 4479, 4538, 4577, 4592, 4603, 4633, 4660, 4686, 4742, 4744, 4748, 4750, 4752, 4790, 4800, 4815, 4820, 4859, 4882, 4927, 4936, 4957, 4970, 4989, 5014, 5086, 5096, 5143, 5150, 5176, 5223, 5226, 5228, 5230, 5232, 5243, 5253, 5268, 5313, 5365, 5376, 5386, 5399, 5446, 5499, 5508]","[1914, 3200]",5508,240,5268,0,240,5266,2
-4.0,HUMATPGG,"[31, 57, 79, 131, 142, 157, 173, 183, 188, 192, 204, 208, 214, 224, 253, 269, 286, 291, 298, 314, 316, 318, 321, 332, 337, 343, 355, 358, 384, 397, 419, 436, 454, 500, 525, 553, 560, 566, 571, 595, 597, 600, 619, 632, 663, 677, 684, 709, 719, 732, 749, 751, 754, 761, 767, 826, 832, 867, 869, 875, 915, 917, 939, 952, 997, 1013, 1023, 1066, 1078, 1085, 1090, 1103, 1114, 1123, 1140, 1176, 1189, 1201, 1231, 1291, 1307, 1324, 1334, 1337, 1345, 1374, 1388, 1405, 1410, 1446, 1450, 1463, 1470, 1475, 1487, 1493, 1504, 1524, 1557, 1567, 1621, 1630, 1728, 1763, 1782, 1857, 1861, 1892, 1903, 1924, 2171, 2196, 2328, 2419, 2421, 2427, 2467, 2554, 2558, 2563, 2593, 2602, 2606, 2649, 2678, 2687, 2690, 2796, 2810, 2820, 2881, 2892, 2906, 2921, 2931, 2938, 2965, 2967, 2981, 3026, 3033, 3103, 3116, 3125, 3169, 3175, 3181, 3295, 3447, 3514, 3539, 3603, 3631, 3658, 3665, 3692, 3734, 3763, 3819, 3866, 3884, 3900, 3996, 3998, 4044, 4061, 4065, 4115, 4119, 4172, 4182, 4207, 4210, 4213, 4216, 4285, 4294, 4298, 4348, 4372, 4383, 4406, 4464, 4480, 4506, 4551, 4554, 4566, 4579, 4590, 4632, 4658, 4685, 4739, 4750, 4754, 4778, 4842, 4872, 4907, 4917, 4935, 4954, 4964, 4984, 5016, 5056, 5059, 5106, 5113, 5158, 5192, 5209, 5217, 5248, 5266, 5269, 5278, 5302, 5308, 5312, 5361, 5399, 5407, 5462, 5489, 5494, 5531, 5554, 5559, 5576, 5594, 5616, 5628, 5639, 5660, 5662, 5718, 5742, 5793, 5795, 5809, 5834, 5848, 5883, 5887, 5901, 5920, 5928, 5954, 5965, 5968, 5986, 6010, 6058, 6060, 6072, 6114, 6119, 6121, 6159, 6166, 6192, 6206, 6234, 6258, 6272, 6288, 6298, 6303, 6324, 6370, 6376, 6392, 6417, 6432, 6441, 6453, 6465, 6472, 6483, 6504, 6520, 6526, 6535, 6574, 6576, 6601, 6621, 6656, 6711, 6743, 6750, 6902, 6966, 7027, 7040, 7198, 7206, 7223, 7231, 7266, 7312, 7336, 7395, 7450, 7457, 7489, 7544, 7572, 7578, 7606, 7612, 7624, 7628, 7653, 7675, 7706, 7753, 7756, 7782, 7784, 7803, 7822, 7834, 7859, 7862, 7865, 7871, 7886, 7890, 7898, 7909, 7924, 7926, 7931, 7945, 7981, 7983, 8011, 8018, 8079, 8127, 8157, 8169, 8177, 8179, 8199, 8209, 8223, 8228, 8258, 8313, 8352, 8375, 8377, 8403, 8417, 8530, 8544, 8559, 8582, 8621, 8671, 8673, 8686, 8689, 8711, 8754, 8756, 8770, 8785, 8802, 8806, 8823, 8838, 8844, 8846, 8858, 8870, 8880, 8909, 8949, 8975, 9017, 9033, 9039, 9062, 9096, 9111, 9149, 9158, 9180, 9187, 9190, 9200, 9205, 9217, 9219, 9231, 9272, 9276, 9287, 9300, 9309, 9316, 9352, 9354, 9384, 9409, 9411, 9417, 9426, 9437, 9462, 9490, 9501, 9530, 9536, 9538, 9583, 9613, 9615, 9646, 9652, 9673, 9692, 9721, 9779, 9787, 9793, 9806, 9808, 9847, 9928, 9937, 9947, 9977, 9979, 10002, 10016, 10036, 10064, 10128, 10134, 10151, 10191, 10195, 10209, 10224, 10294, 10310, 10312, 10314, 10329, 10344, 10355, 10407, 10479, 10508, 10588, 10615, 10617, 10625, 10636, 10650, 10692, 10718, 10723, 10736, 10771, 10776, 10783, 10790, 10805, 10816, 10834, 10841, 10853, 10856, 10859, 10862, 10866, 10948, 10978, 11019, 11073, 11117, 11131, 11141, 11143, 11149, 11154, 11164, 11183, 11188, 11202, 11223, 11255, 11261, 11281, 11291, 11293, 11319, 11337, 11355, 11366, 11406, 11410, 11416, 11436, 11495, 11508, 11510, 11521, 11528, 11534, 11544, 11546, 11556, 11560, 11566, 11575, 11583, 11585, 11623, 11631, 11634, 11647, 11657, 11666, 11668, 11682, 11694, 11702, 11726, 11728, 11734, 11740, 11746, 11748, 11760, 11762, 11764, 11776, 11778, 11784, 11786, 11792, 11804, 11806, 11812, 11816, 11818, 11820, 11833, 11835, 11841, 11843, 11849, 11859, 11873, 11875, 11881, 11887, 11889, 11899, 11907, 11909, 11917, 11929, 11939, 11990, 12002, 12006, 12023, 12071, 12075, 12136, 12138, 12151, 12161, 12163, 12171, 12210, 12285, 12287, 12321, 12373, 12385, 12388, 12404, 12416, 12441, 12443, 12456, 12461, 12506, 12512, 12545, 12550, 12569, 12571, 12585, 12601, 12607, 12624, 12641, 12651, 12654, 12661, 12703, 12710, 12770, 12776, 12805, 12836, 12859, 12863, 12875, 12883, 12892, 12895, 12897, 12910, 12923, 12982, 12988, 13023, 13056, 13062, 13064, 13085, 13137, 13179, 13244, 13272, 13288, 13303, 13328, 13343, 13351, 13432, 13459, 13505, 13511, 13547, 13556, 13572, 13574, 13593, 13595, 13611, 13633, 13664, 13666, 13703, 13729, 13732, 13760, 13766, 13776, 13849, 13852, 13877, 13879, 13884, 13886, 13888, 13937, 13956, 13977, 14012, 14024, 14026, 14033, 14053, 14101, 14111, 14138, 14175, 14185, 14191, 14194, 14201, 14231, 14258, 14265, 14277, 14281, 14283, 14319, 14422, 14441, 14471, 14538, 14553, 14597, 14612, 14624, 14683, 14716, 14747, 14750, 14756, 14774, 14797, 14799, 14805, 14820, 14852, 14867, 14869, 14882, 14907, 14912, 14919, 14931, 14940, 14951, 14957, 14970, 14975, 14988, 15011, 15018, 15037, 15041, 15091]",[],"[31, 57, 79, 131, 142, 157, 173, 183, 188, 192, 204, 208, 214, 224, 253, 269, 286, 291, 298, 314, 316, 318, 321, 332, 337, 343, 355, 358, 384, 397, 419, 436, 454, 500, 525, 553, 560, 566, 571, 595, 597, 600, 619, 632, 663, 677, 684, 709, 719, 732, 749, 751, 754, 761, 767, 826, 832, 867, 869, 875, 915, 917, 939, 952, 997, 1013, 1023, 1066, 1078, 1085, 1090, 1103, 1114, 1123, 1140, 1176, 1189, 1201, 1231, 1291, 1307, 1324, 1334, 1337, 1345, 1374, 1388, 1405, 1410, 1446, 1450, 1463, 1470, 1475, 1487, 1493, 1504, 1524, 1557, 1567, 1621, 1630, 1728, 1763, 1782, 1857, 1861, 1892, 1903, 1924, 2171, 2196, 2328, 2419, 2421, 2427, 2467, 2554, 2558, 2563, 2593, 2602, 2606, 2649, 2678, 2687, 2690, 2796, 2810, 2820, 2881, 2892, 2906, 2921, 2931, 2938, 2965, 2967, 2981, 3026, 3033, 3103, 3116, 3125, 3169, 3175, 3181, 3295, 3447, 3514, 3539, 3603, 3631, 3658, 3665, 3692, 3734, 3763, 3819, 3866, 3884, 3900, 3996, 3998, 4044, 4061, 4065, 4115, 4119, 4172, 4182, 4207, 4210, 4213, 4216, 4285, 4294, 4298, 4348, 4372, 4383, 4406, 4464, 4480, 4506, 4551, 4554, 4566, 4579, 4590, 4632, 4658, 4685, 4739, 4750, 4754, 4778, 4842, 4872, 4907, 4917, 4935, 4954, 4964, 4984, 5016, 5056, 5059, 5106, 5113, 5158, 5192, 5209, 5217, 5248, 5266, 5269, 5278, 5302, 5308, 5312, 5361, 5399, 5407, 5462, 5489, 5494, 5531, 5554, 5559, 5576, 5594, 5616, 5628, 5639, 5660, 5662, 5718, 5742, 5793, 5795, 5809, 5834, 5848, 5883, 5887, 5901, 5920, 5928, 5954, 5965, 5968, 5986, 6010, 6058, 6060, 6072, 6114, 6119, 6121, 6159, 6166, 6192, 6206, 6234, 6258, 6272, 6288, 6298, 6303, 6324, 6370, 6376, 6392, 6417, 6432, 6441, 6453, 6465, 6472, 6483, 6504, 6520, 6526, 6535, 6574, 6576, 6601, 6621, 6656, 6711, 6743, 6750, 6902, 6966, 7027, 7040, 7198, 7206, 7223, 7231, 7266, 7312, 7336, 7395, 7450, 7457, 7489, 7544, 7572, 7578, 7606, 7612, 7624, 7628, 7653, 7675, 7706, 7753, 7756, 7782, 7784, 7803, 7822, 7834, 7859, 7862, 7865, 7871, 7886, 7890, 7898, 7909, 7924, 7926, 7931, 7945, 7981, 7983, 8011, 8018, 8079, 8127, 8157, 8169, 8177, 8179, 8199, 8209, 8223, 8228, 8258, 8313, 8352, 8375, 8377, 8403, 8417, 8530, 8544, 8559, 8582, 8621, 8671, 8673, 8686, 8689, 8711, 8754, 8756, 8770, 8785, 8802, 8806, 8823, 8838, 8844, 8846, 8858, 8870, 8880, 8909, 8949, 8975, 9017, 9033, 9039, 9062, 9096, 9111, 9149, 9158, 9180, 9187, 9190, 9200, 9205, 9217, 9219, 9231, 9272, 9276, 9287, 9300, 9309, 9316, 9352, 9354, 9384, 9409, 9411, 9417, 9426, 9437, 9462, 9490, 9501, 9530, 9536, 9538, 9583, 9613, 9615, 9646, 9652, 9673, 9692, 9721, 9779, 9787, 9793, 9806, 9808, 9847, 9928, 9937, 9947, 9977, 9979, 10002, 10016, 10036, 10064, 10128, 10134, 10151, 10191, 10195, 10209, 10224, 10294, 10310, 10312, 10314, 10329, 10344, 10355, 10407, 10479, 10508, 10588, 10615, 10617, 10625, 10636, 10650, 10692, 10718, 10723, 10736, 10771, 10776, 10783, 10790, 10805, 10816, 10834, 10841, 10853, 10856, 10859, 10862, 10866, 10948, 10978, 11019, 11073, 11117, 11131, 11141, 11143, 11149, 11154, 11164, 11183, 11188, 11202, 11223, 11255, 11261, 11281, 11291, 11293, 11319, 11337, 11355, 11366, 11406, 11410, 11416, 11436, 11495, 11508, 11510, 11521, 11528, 11534, 11544, 11546, 11556, 11560, 11566, 11575, 11583, 11585, 11623, 11631, 11634, 11647, 11657, 11666, 11668, 11682, 11694, 11702, 11726, 11728, 11734, 11740, 11746, 11748, 11760, 11762, 11764, 11776, 11778, 11784, 11786, 11792, 11804, 11806, 11812, 11816, 11818, 11820, 11833, 11835, 11841, 11843, 11849, 11859, 11873, 11875, 11881, 11887, 11889, 11899, 11907, 11909, 11917, 11929, 11939, 11990, 12002, 12006, 12023, 12071, 12075, 12136, 12138, 12151, 12161, 12163, 12171, 12210, 12285, 12287, 12321, 12373, 12385, 12388, 12404, 12416, 12441, 12443, 12456, 12461, 12506, 12512, 12545, 12550, 12569, 12571, 12585, 12601, 12607, 12624, 12641, 12651, 12654, 12661, 12703, 12710, 12770, 12776, 12805, 12836, 12859, 12863, 12875, 12883, 12892, 12895, 12897, 12910, 12923, 12982, 12988, 13023, 13056, 13062, 13064, 13085, 13137, 13179, 13244, 13272, 13288, 13303, 13328, 13343, 13351, 13432, 13459, 13505, 13511, 13547, 13556, 13572, 13574, 13593, 13595, 13611, 13633, 13664, 13666, 13703, 13729, 13732, 13760, 13766, 13776, 13849, 13852, 13877, 13879, 13884, 13886, 13888, 13937, 13956, 13977, 14012, 14024, 14026, 14033, 14053, 14101, 14111, 14138, 14175, 14185, 14191, 14194, 14201, 14231, 14258, 14265, 14277, 14281, 14283, 14319, 14422, 14441, 14471, 14538, 14553, 14597, 14612, 14624, 14683, 14716, 14747, 14750, 14756, 14774, 14797, 14799, 14805, 14820, 14852, 14867, 14869, 14882, 14907, 14912, 14919, 14931, 14940, 14951, 14957, 14970, 14975, 14988, 15011, 15018, 15037, 15041, 15091]","[1445, 1727, 1902, 2677, 4293, 4749, 5307, 6118, 6534, 6749, 7456, 8198, 9436, 9672, 9946, 10190, 11405, 12074, 13663, 14100, 14276]",15108,729,14379,0,729,14358,21
-4.0,HUMBETGLOA,"[38, 50, 53, 57, 75, 97, 118, 137, 165, 247, 253, 257, 259, 261, 312, 352, 357, 372, 377, 381, 444, 468, 487, 489, 535, 552, 576, 583, 593, 602, 642, 649, 666, 688, 696, 718, 736, 792, 838, 840, 870, 893, 900, 911, 921, 927, 936, 940, 943, 959, 963, 971, 983, 1012, 1035, 1069, 1096, 1099, 1119, 1128, 1143, 1159, 1177, 1198, 1205, 1214, 1265, 1277, 1291, 1312, 1316, 1334, 1359, 1364, 1370, 1388, 1396, 1401, 1435, 1437, 1443, 1454, 1460, 1476, 1489, 1499, 1567, 1569, 1604, 1629, 1638, 1661, 1663, 1745, 1751, 1753, 1758, 1768, 1770, 1793, 1807, 1848, 1908, 1944, 1958, 2008, 2017, 2024, 2080, 2106, 2134, 2174, 2180, 2184, 2186, 2225, 2246, 2249, 2256, 2258, 2281, 2306, 2324, 2332, 2341, 2429, 2469, 2476, 2480, 2560, 2639, 2658, 2664, 2677, 2696, 2705, 2717, 2771, 2806, 2808, 2819, 2835, 2867, 2873, 2876, 2887, 2913, 2919, 2927, 2932, 2965, 2982, 2988]",[],"[38, 50, 53, 57, 75, 97, 118, 137, 165, 247, 253, 257, 259, 261, 312, 352, 357, 372, 377, 381, 444, 468, 487, 489, 535, 552, 576, 583, 593, 602, 642, 649, 666, 688, 696, 718, 736, 792, 838, 840, 870, 893, 900, 911, 921, 927, 936, 940, 943, 959, 963, 971, 983, 1012, 1035, 1069, 1096, 1099, 1119, 1128, 1143, 1159, 1177, 1198, 1205, 1214, 1265, 1277, 1291, 1312, 1316, 1334, 1359, 1364, 1370, 1388, 1396, 1401, 1435, 1437, 1443, 1454, 1460, 1476, 1489, 1499, 1567, 1569, 1604, 1629, 1638, 1661, 1663, 1745, 1751, 1753, 1758, 1768, 1770, 1793, 1807, 1848, 1908, 1944, 1958, 2008, 2017, 2024, 2080, 2106, 2134, 2174, 2180, 2184, 2186, 2225, 2246, 2249, 2256, 2258, 2281, 2306, 2324, 2332, 2341, 2429, 2469, 2476, 2480, 2560, 2639, 2658, 2664, 2677, 2696, 2705, 2717, 2771, 2806, 2808, 2819, 2835, 2867, 2873, 2876, 2887, 2913, 2919, 2927, 2932, 2965, 2982, 2988]","[958, 1311]",2995,153,2842,0,153,2840,2
-4.0,HUMBETGLOB,"[38, 50, 53, 57, 75, 97, 118, 137, 165, 247, 253, 257, 259, 261, 310, 350, 355, 370, 375, 379, 442, 466, 485, 487, 533, 550, 574, 581, 591, 600, 640, 647, 664, 686, 694, 716, 734, 790, 836, 838, 868, 891, 898, 909, 919, 925, 934, 938, 941, 957, 961, 969, 981, 1010, 1033, 1067, 1094, 1097, 1117, 1126, 1141, 1157, 1175, 1196, 1203, 1212, 1263, 1275, 1289, 1310, 1314, 1332, 1357, 1362, 1368, 1386, 1394, 1399, 1433, 1435, 1441, 1452, 1458, 1474, 1487, 1497, 1565, 1567, 1602, 1627, 1636, 1659, 1661, 1743, 1749, 1751, 1756, 1766, 1768, 1791, 1805, 1846, 1906, 1942, 1956, 2006, 2015, 2022, 2078, 2104, 2132, 2172, 2178, 2182, 2184, 2223, 2244, 2247, 2254, 2256, 2279, 2304, 2322, 2330, 2339, 2427, 2467, 2474, 2478, 2558, 2637, 2656, 2662, 2675, 2694, 2703, 2715, 2769, 2804, 2806, 2817, 2833, 2865, 2871, 2874, 2885, 2917, 2925, 2930, 2963, 2980, 2986]",[],"[38, 50, 53, 57, 75, 97, 118, 137, 165, 247, 253, 257, 259, 261, 310, 350, 355, 370, 375, 379, 442, 466, 485, 487, 533, 550, 574, 581, 591, 600, 640, 647, 664, 686, 694, 716, 734, 790, 836, 838, 868, 891, 898, 909, 919, 925, 934, 938, 941, 957, 961, 969, 981, 1010, 1033, 1067, 1094, 1097, 1117, 1126, 1141, 1157, 1175, 1196, 1203, 1212, 1263, 1275, 1289, 1310, 1314, 1332, 1357, 1362, 1368, 1386, 1394, 1399, 1433, 1435, 1441, 1452, 1458, 1474, 1487, 1497, 1565, 1567, 1602, 1627, 1636, 1659, 1661, 1743, 1749, 1751, 1756, 1766, 1768, 1791, 1805, 1846, 1906, 1942, 1956, 2006, 2015, 2022, 2078, 2104, 2132, 2172, 2178, 2182, 2184, 2223, 2244, 2247, 2254, 2256, 2279, 2304, 2322, 2330, 2339, 2427, 2467, 2474, 2478, 2558, 2637, 2656, 2662, 2675, 2694, 2703, 2715, 2769, 2804, 2806, 2817, 2833, 2865, 2871, 2874, 2885, 2917, 2925, 2930, 2963, 2980, 2986]","[956, 1309]",2993,152,2841,0,152,2839,2
-4.0,HUMBETGLOC,"[38, 50, 53, 57, 75, 97, 118, 137, 165, 247, 253, 257, 259, 261, 312, 352, 357, 372, 377, 381, 444, 468, 487, 489, 535, 552, 576, 583, 593, 602, 642, 649, 666, 688, 696, 718, 736, 792, 838, 840, 870, 893, 900, 911, 921, 927, 936, 940, 943, 959, 963, 971, 983, 1012, 1035, 1069, 1096, 1099, 1119, 1128, 1143, 1159, 1177, 1198, 1205, 1214, 1265, 1277, 1291, 1312, 1316, 1334, 1359, 1364, 1370, 1388, 1396, 1401, 1435, 1437, 1443, 1454, 1460, 1476, 1489, 1499, 1567, 1569, 1604, 1629, 1638, 1661, 1663, 1745, 1751, 1753, 1758, 1768, 1770, 1793, 1807, 1848, 1908, 1944, 1958, 2008, 2017, 2024, 2080, 2106, 2134, 2174, 2180, 2184, 2186, 2225, 2246, 2249, 2256, 2258, 2281, 2306, 2324, 2332, 2341, 2429, 2469, 2476, 2480, 2560, 2639, 2658, 2664, 2677, 2696, 2705, 2717, 2771, 2806, 2808, 2819, 2835, 2867, 2873, 2876, 2887, 2919, 2927, 2932, 2965, 2982, 2988]",[],"[38, 50, 53, 57, 75, 97, 118, 137, 165, 247, 253, 257, 259, 261, 312, 352, 357, 372, 377, 381, 444, 468, 487, 489, 535, 552, 576, 583, 593, 602, 642, 649, 666, 688, 696, 718, 736, 792, 838, 840, 870, 893, 900, 911, 921, 927, 936, 940, 943, 959, 963, 971, 983, 1012, 1035, 1069, 1096, 1099, 1119, 1128, 1143, 1159, 1177, 1198, 1205, 1214, 1265, 1277, 1291, 1312, 1316, 1334, 1359, 1364, 1370, 1388, 1396, 1401, 1435, 1437, 1443, 1454, 1460, 1476, 1489, 1499, 1567, 1569, 1604, 1629, 1638, 1661, 1663, 1745, 1751, 1753, 1758, 1768, 1770, 1793, 1807, 1848, 1908, 1944, 1958, 2008, 2017, 2024, 2080, 2106, 2134, 2174, 2180, 2184, 2186, 2225, 2246, 2249, 2256, 2258, 2281, 2306, 2324, 2332, 2341, 2429, 2469, 2476, 2480, 2560, 2639, 2658, 2664, 2677, 2696, 2705, 2717, 2771, 2806, 2808, 2819, 2835, 2867, 2873, 2876, 2887, 2919, 2927, 2932, 2965, 2982, 2988]","[958, 1311]",2995,152,2843,0,152,2841,2
-4.0,HUMBETGLOD,"[38, 50, 53, 57, 75, 97, 118, 137, 165, 247, 253, 257, 259, 261, 312, 352, 357, 372, 377, 381, 444, 468, 487, 489, 535, 552, 576, 583, 593, 602, 642, 649, 666, 688, 696, 718, 736, 792, 838, 840, 870, 893, 900, 911, 921, 927, 936, 940, 943, 959, 963, 971, 983, 1012, 1035, 1069, 1096, 1099, 1119, 1128, 1143, 1159, 1177, 1198, 1205, 1214, 1265, 1277, 1291, 1312, 1316, 1334, 1359, 1364, 1370, 1388, 1396, 1401, 1435, 1437, 1443, 1454, 1460, 1476, 1489, 1499, 1567, 1569, 1604, 1629, 1638, 1661, 1663, 1745, 1751, 1753, 1758, 1768, 1770, 1793, 1807, 1848, 1908, 1944, 1958, 2008, 2017, 2024, 2080, 2106, 2134, 2174, 2180, 2184, 2186, 2225, 2246, 2249, 2256, 2258, 2281, 2306, 2324, 2332, 2341, 2429, 2469, 2476, 2480, 2560, 2639, 2658, 2664, 2677, 2696, 2705, 2717, 2771, 2806, 2808, 2819, 2835, 2867, 2873, 2876, 2887, 2919, 2927, 2932, 2965, 2982, 2988]",[],"[38, 50, 53, 57, 75, 97, 118, 137, 165, 247, 253, 257, 259, 261, 312, 352, 357, 372, 377, 381, 444, 468, 487, 489, 535, 552, 576, 583, 593, 602, 642, 649, 666, 688, 696, 718, 736, 792, 838, 840, 870, 893, 900, 911, 921, 927, 936, 940, 943, 959, 963, 971, 983, 1012, 1035, 1069, 1096, 1099, 1119, 1128, 1143, 1159, 1177, 1198, 1205, 1214, 1265, 1277, 1291, 1312, 1316, 1334, 1359, 1364, 1370, 1388, 1396, 1401, 1435, 1437, 1443, 1454, 1460, 1476, 1489, 1499, 1567, 1569, 1604, 1629, 1638, 1661, 1663, 1745, 1751, 1753, 1758, 1768, 1770, 1793, 1807, 1848, 1908, 1944, 1958, 2008, 2017, 2024, 2080, 2106, 2134, 2174, 2180, 2184, 2186, 2225, 2246, 2249, 2256, 2258, 2281, 2306, 2324, 2332, 2341, 2429, 2469, 2476, 2480, 2560, 2639, 2658, 2664, 2677, 2696, 2705, 2717, 2771, 2806, 2808, 2819, 2835, 2867, 2873, 2876, 2887, 2919, 2927, 2932, 2965, 2982, 2988]","[958, 1311]",2995,152,2843,0,152,2841,2
-4.0,HUMBETGLOE,"[38, 50, 53, 57, 75, 97, 118, 137, 165, 247, 253, 257, 259, 261, 310, 350, 355, 370, 375, 379, 442, 466, 485, 487, 533, 550, 574, 581, 591, 600, 640, 647, 664, 686, 694, 716, 734, 790, 836, 838, 868, 891, 898, 909, 919, 925, 934, 938, 941, 957, 961, 969, 981, 1010, 1033, 1067, 1094, 1097, 1117, 1126, 1141, 1157, 1175, 1196, 1203, 1212, 1263, 1275, 1289, 1310, 1314, 1332, 1357, 1362, 1368, 1386, 1394, 1399, 1433, 1435, 1441, 1452, 1458, 1474, 1487, 1497, 1565, 1567, 1602, 1627, 1636, 1659, 1661, 1743, 1749, 1751, 1756, 1766, 1768, 1791, 1805, 1846, 1906, 1942, 1956, 2006, 2015, 2022, 2078, 2104, 2132, 2172, 2178, 2182, 2184, 2223, 2244, 2247, 2254, 2256, 2279, 2304, 2322, 2330, 2339, 2427, 2467, 2474, 2478, 2558, 2637, 2656, 2662, 2675, 2694, 2703, 2715, 2769, 2804, 2806, 2817, 2833, 2865, 2871, 2874, 2885, 2917, 2925, 2930, 2963, 2980, 2986]",[],"[38, 50, 53, 57, 75, 97, 118, 137, 165, 247, 253, 257, 259, 261, 310, 350, 355, 370, 375, 379, 442, 466, 485, 487, 533, 550, 574, 581, 591, 600, 640, 647, 664, 686, 694, 716, 734, 790, 836, 838, 868, 891, 898, 909, 919, 925, 934, 938, 941, 957, 961, 969, 981, 1010, 1033, 1067, 1094, 1097, 1117, 1126, 1141, 1157, 1175, 1196, 1203, 1212, 1263, 1275, 1289, 1310, 1314, 1332, 1357, 1362, 1368, 1386, 1394, 1399, 1433, 1435, 1441, 1452, 1458, 1474, 1487, 1497, 1565, 1567, 1602, 1627, 1636, 1659, 1661, 1743, 1749, 1751, 1756, 1766, 1768, 1791, 1805, 1846, 1906, 1942, 1956, 2006, 2015, 2022, 2078, 2104, 2132, 2172, 2178, 2182, 2184, 2223, 2244, 2247, 2254, 2256, 2279, 2304, 2322, 2330, 2339, 2427, 2467, 2474, 2478, 2558, 2637, 2656, 2662, 2675, 2694, 2703, 2715, 2769, 2804, 2806, 2817, 2833, 2865, 2871, 2874, 2885, 2917, 2925, 2930, 2963, 2980, 2986]","[956, 1309]",2993,152,2841,0,152,2839,2
-4.0,HUMBETGLOF,"[38, 50, 53, 57, 75, 97, 118, 137, 165, 247, 253, 257, 259, 261, 312, 352, 357, 372, 377, 381, 444, 468, 487, 489, 535, 552, 576, 583, 593, 602, 642, 649, 666, 688, 696, 718, 736, 792, 838, 840, 870, 893, 900, 911, 921, 927, 936, 940, 943, 959, 963, 971, 983, 1012, 1035, 1069, 1096, 1099, 1119, 1128, 1143, 1159, 1177, 1198, 1205, 1214, 1265, 1277, 1291, 1312, 1316, 1334, 1359, 1364, 1370, 1388, 1396, 1401, 1435, 1437, 1443, 1454, 1460, 1476, 1489, 1499, 1567, 1569, 1604, 1629, 1638, 1661, 1663, 1745, 1751, 1753, 1758, 1768, 1770, 1793, 1807, 1848, 1908, 1944, 1958, 2008, 2017, 2024, 2080, 2106, 2134, 2174, 2180, 2184, 2186, 2225, 2246, 2249, 2256, 2258, 2281, 2306, 2324, 2332, 2341, 2429, 2469, 2476, 2480, 2560, 2639, 2658, 2664, 2677, 2696, 2705, 2717, 2760, 2771, 2806, 2808, 2819, 2835, 2867, 2873, 2876, 2887, 2913, 2919, 2927, 2932, 2965, 2982, 2988]",[],"[38, 50, 53, 57, 75, 97, 118, 137, 165, 247, 253, 257, 259, 261, 312, 352, 357, 372, 377, 381, 444, 468, 487, 489, 535, 552, 576, 583, 593, 602, 642, 649, 666, 688, 696, 718, 736, 792, 838, 840, 870, 893, 900, 911, 921, 927, 936, 940, 943, 959, 963, 971, 983, 1012, 1035, 1069, 1096, 1099, 1119, 1128, 1143, 1159, 1177, 1198, 1205, 1214, 1265, 1277, 1291, 1312, 1316, 1334, 1359, 1364, 1370, 1388, 1396, 1401, 1435, 1437, 1443, 1454, 1460, 1476, 1489, 1499, 1567, 1569, 1604, 1629, 1638, 1661, 1663, 1745, 1751, 1753, 1758, 1768, 1770, 1793, 1807, 1848, 1908, 1944, 1958, 2008, 2017, 2024, 2080, 2106, 2134, 2174, 2180, 2184, 2186, 2225, 2246, 2249, 2256, 2258, 2281, 2306, 2324, 2332, 2341, 2429, 2469, 2476, 2480, 2560, 2639, 2658, 2664, 2677, 2696, 2705, 2717, 2760, 2771, 2806, 2808, 2819, 2835, 2867, 2873, 2876, 2887, 2913, 2919, 2927, 2932, 2965, 2982, 2988]","[958, 1311]",2995,154,2841,0,154,2839,2
-4.0,HUMBETGLOG,"[38, 50, 53, 57, 75, 97, 118, 137, 165, 247, 253, 257, 259, 261, 312, 352, 357, 372, 377, 381, 444, 468, 487, 489, 535, 552, 576, 583, 593, 602, 642, 649, 666, 688, 696, 718, 736, 792, 838, 840, 870, 893, 900, 911, 921, 927, 936, 940, 943, 959, 963, 971, 983, 1012, 1035, 1069, 1096, 1099, 1119, 1128, 1143, 1159, 1177, 1198, 1205, 1214, 1265, 1277, 1291, 1312, 1316, 1334, 1359, 1364, 1370, 1388, 1396, 1401, 1435, 1437, 1443, 1454, 1460, 1476, 1489, 1499, 1567, 1569, 1604, 1629, 1638, 1661, 1663, 1745, 1751, 1753, 1758, 1768, 1770, 1793, 1807, 1848, 1908, 1944, 1958, 2008, 2017, 2024, 2080, 2106, 2134, 2174, 2180, 2184, 2186, 2225, 2246, 2249, 2256, 2258, 2281, 2306, 2324, 2332, 2341, 2429, 2469, 2476, 2480, 2560, 2639, 2658, 2664, 2677, 2696, 2705, 2717, 2760, 2771, 2806, 2808, 2819, 2835, 2867, 2873, 2876, 2887, 2913, 2919, 2927, 2932, 2965, 2982, 2988]",[],"[38, 50, 53, 57, 75, 97, 118, 137, 165, 247, 253, 257, 259, 261, 312, 352, 357, 372, 377, 381, 444, 468, 487, 489, 535, 552, 576, 583, 593, 602, 642, 649, 666, 688, 696, 718, 736, 792, 838, 840, 870, 893, 900, 911, 921, 927, 936, 940, 943, 959, 963, 971, 983, 1012, 1035, 1069, 1096, 1099, 1119, 1128, 1143, 1159, 1177, 1198, 1205, 1214, 1265, 1277, 1291, 1312, 1316, 1334, 1359, 1364, 1370, 1388, 1396, 1401, 1435, 1437, 1443, 1454, 1460, 1476, 1489, 1499, 1567, 1569, 1604, 1629, 1638, 1661, 1663, 1745, 1751, 1753, 1758, 1768, 1770, 1793, 1807, 1848, 1908, 1944, 1958, 2008, 2017, 2024, 2080, 2106, 2134, 2174, 2180, 2184, 2186, 2225, 2246, 2249, 2256, 2258, 2281, 2306, 2324, 2332, 2341, 2429, 2469, 2476, 2480, 2560, 2639, 2658, 2664, 2677, 2696, 2705, 2717, 2760, 2771, 2806, 2808, 2819, 2835, 2867, 2873, 2876, 2887, 2913, 2919, 2927, 2932, 2965, 2982, 2988]","[958, 1311]",2995,154,2841,0,154,2839,2
-4.0,HUMBETGLOH,"[38, 50, 53, 57, 75, 97, 118, 137, 165, 247, 253, 257, 259, 261, 312, 352, 357, 372, 377, 381, 444, 468, 487, 489, 535, 552, 576, 583, 593, 602, 642, 649, 666, 688, 696, 718, 736, 792, 838, 840, 870, 893, 900, 911, 921, 927, 936, 940, 943, 959, 963, 971, 983, 1012, 1035, 1069, 1096, 1099, 1119, 1128, 1143, 1159, 1177, 1198, 1205, 1214, 1265, 1277, 1291, 1312, 1316, 1334, 1359, 1364, 1370, 1388, 1396, 1401, 1435, 1437, 1443, 1454, 1460, 1476, 1489, 1499, 1567, 1569, 1604, 1629, 1638, 1661, 1663, 1745, 1751, 1753, 1758, 1768, 1770, 1793, 1807, 1848, 1908, 1944, 1958, 2008, 2017, 2024, 2080, 2106, 2134, 2174, 2180, 2184, 2186, 2225, 2246, 2249, 2256, 2258, 2281, 2306, 2324, 2332, 2341, 2429, 2469, 2476, 2480, 2560, 2639, 2658, 2664, 2677, 2696, 2705, 2717, 2760, 2771, 2806, 2808, 2819, 2835, 2867, 2873, 2876, 2887, 2913, 2919, 2927, 2932, 2965, 2982, 2988]",[],"[38, 50, 53, 57, 75, 97, 118, 137, 165, 247, 253, 257, 259, 261, 312, 352, 357, 372, 377, 381, 444, 468, 487, 489, 535, 552, 576, 583, 593, 602, 642, 649, 666, 688, 696, 718, 736, 792, 838, 840, 870, 893, 900, 911, 921, 927, 936, 940, 943, 959, 963, 971, 983, 1012, 1035, 1069, 1096, 1099, 1119, 1128, 1143, 1159, 1177, 1198, 1205, 1214, 1265, 1277, 1291, 1312, 1316, 1334, 1359, 1364, 1370, 1388, 1396, 1401, 1435, 1437, 1443, 1454, 1460, 1476, 1489, 1499, 1567, 1569, 1604, 1629, 1638, 1661, 1663, 1745, 1751, 1753, 1758, 1768, 1770, 1793, 1807, 1848, 1908, 1944, 1958, 2008, 2017, 2024, 2080, 2106, 2134, 2174, 2180, 2184, 2186, 2225, 2246, 2249, 2256, 2258, 2281, 2306, 2324, 2332, 2341, 2429, 2469, 2476, 2480, 2560, 2639, 2658, 2664, 2677, 2696, 2705, 2717, 2760, 2771, 2806, 2808, 2819, 2835, 2867, 2873, 2876, 2887, 2913, 2919, 2927, 2932, 2965, 2982, 2988]","[958, 1311]",2995,154,2841,0,154,2839,2
-4.0,HUMBETGLOI,"[38, 50, 53, 57, 75, 97, 118, 137, 165, 247, 253, 257, 259, 261, 310, 350, 355, 370, 375, 379, 442, 466, 485, 487, 533, 550, 574, 581, 591, 600, 640, 647, 664, 686, 694, 716, 734, 790, 836, 838, 868, 891, 898, 909, 919, 925, 934, 938, 941, 957, 961, 969, 981, 1010, 1033, 1067, 1094, 1097, 1117, 1126, 1141, 1157, 1175, 1196, 1203, 1212, 1263, 1275, 1289, 1310, 1314, 1332, 1357, 1362, 1368, 1386, 1394, 1399, 1433, 1435, 1441, 1452, 1458, 1474, 1487, 1497, 1565, 1567, 1602, 1627, 1636, 1659, 1661, 1743, 1749, 1751, 1756, 1766, 1768, 1791, 1805, 1846, 1906, 1942, 1956, 2006, 2015, 2022, 2078, 2104, 2132, 2172, 2178, 2182, 2184, 2223, 2244, 2247, 2254, 2256, 2279, 2304, 2322, 2330, 2339, 2427, 2467, 2474, 2478, 2558, 2637, 2656, 2662, 2675, 2694, 2703, 2715, 2758, 2769, 2804, 2806, 2817, 2833, 2865, 2871, 2874, 2885, 2911, 2917, 2925, 2930, 2963, 2980, 2986]",[],"[38, 50, 53, 57, 75, 97, 118, 137, 165, 247, 253, 257, 259, 261, 310, 350, 355, 370, 375, 379, 442, 466, 485, 487, 533, 550, 574, 581, 591, 600, 640, 647, 664, 686, 694, 716, 734, 790, 836, 838, 868, 891, 898, 909, 919, 925, 934, 938, 941, 957, 961, 969, 981, 1010, 1033, 1067, 1094, 1097, 1117, 1126, 1141, 1157, 1175, 1196, 1203, 1212, 1263, 1275, 1289, 1310, 1314, 1332, 1357, 1362, 1368, 1386, 1394, 1399, 1433, 1435, 1441, 1452, 1458, 1474, 1487, 1497, 1565, 1567, 1602, 1627, 1636, 1659, 1661, 1743, 1749, 1751, 1756, 1766, 1768, 1791, 1805, 1846, 1906, 1942, 1956, 2006, 2015, 2022, 2078, 2104, 2132, 2172, 2178, 2182, 2184, 2223, 2244, 2247, 2254, 2256, 2279, 2304, 2322, 2330, 2339, 2427, 2467, 2474, 2478, 2558, 2637, 2656, 2662, 2675, 2694, 2703, 2715, 2758, 2769, 2804, 2806, 2817, 2833, 2865, 2871, 2874, 2885, 2911, 2917, 2925, 2930, 2963, 2980, 2986]","[956, 1309]",2993,154,2839,0,154,2837,2
-4.0,HUMBETGLOJ,"[38, 50, 53, 57, 75, 97, 118, 137, 165, 247, 253, 257, 259, 261, 310, 350, 355, 370, 375, 379, 442, 466, 485, 487, 533, 550, 574, 581, 591, 600, 640, 647, 664, 686, 694, 716, 734, 790, 836, 838, 868, 891, 898, 909, 919, 925, 934, 938, 941, 957, 961, 969, 981, 1010, 1033, 1067, 1094, 1097, 1117, 1126, 1141, 1157, 1175, 1196, 1203, 1212, 1263, 1275, 1289, 1310, 1314, 1332, 1357, 1362, 1368, 1386, 1394, 1399, 1433, 1435, 1441, 1452, 1458, 1474, 1487, 1497, 1565, 1567, 1602, 1627, 1636, 1659, 1661, 1743, 1749, 1751, 1756, 1766, 1768, 1791, 1805, 1846, 1906, 1942, 1956, 2006, 2015, 2022, 2078, 2104, 2132, 2172, 2178, 2182, 2184, 2223, 2244, 2247, 2254, 2256, 2279, 2304, 2322, 2330, 2339, 2427, 2467, 2474, 2478, 2558, 2637, 2656, 2662, 2675, 2694, 2703, 2715, 2758, 2769, 2804, 2806, 2817, 2833, 2865, 2871, 2874, 2885, 2911, 2917, 2925, 2930, 2963, 2980, 2986]",[],"[38, 50, 53, 57, 75, 97, 118, 137, 165, 247, 253, 257, 259, 261, 310, 350, 355, 370, 375, 379, 442, 466, 485, 487, 533, 550, 574, 581, 591, 600, 640, 647, 664, 686, 694, 716, 734, 790, 836, 838, 868, 891, 898, 909, 919, 925, 934, 938, 941, 957, 961, 969, 981, 1010, 1033, 1067, 1094, 1097, 1117, 1126, 1141, 1157, 1175, 1196, 1203, 1212, 1263, 1275, 1289, 1310, 1314, 1332, 1357, 1362, 1368, 1386, 1394, 1399, 1433, 1435, 1441, 1452, 1458, 1474, 1487, 1497, 1565, 1567, 1602, 1627, 1636, 1659, 1661, 1743, 1749, 1751, 1756, 1766, 1768, 1791, 1805, 1846, 1906, 1942, 1956, 2006, 2015, 2022, 2078, 2104, 2132, 2172, 2178, 2182, 2184, 2223, 2244, 2247, 2254, 2256, 2279, 2304, 2322, 2330, 2339, 2427, 2467, 2474, 2478, 2558, 2637, 2656, 2662, 2675, 2694, 2703, 2715, 2758, 2769, 2804, 2806, 2817, 2833, 2865, 2871, 2874, 2885, 2911, 2917, 2925, 2930, 2963, 2980, 2986]","[956, 1309]",2993,154,2839,0,154,2837,2
-4.0,HUMBETGLOK,"[38, 50, 53, 57, 75, 97, 118, 137, 165, 247, 253, 257, 259, 261, 310, 350, 355, 370, 375, 379, 442, 466, 485, 487, 533, 550, 574, 581, 591, 600, 640, 647, 664, 686, 694, 716, 734, 790, 836, 838, 868, 891, 898, 909, 919, 925, 934, 938, 941, 957, 961, 969, 981, 1010, 1033, 1067, 1094, 1097, 1117, 1126, 1141, 1157, 1175, 1196, 1203, 1212, 1263, 1275, 1289, 1310, 1314, 1332, 1357, 1362, 1368, 1386, 1394, 1399, 1433, 1435, 1441, 1452, 1458, 1474, 1487, 1497, 1565, 1567, 1602, 1627, 1636, 1659, 1661, 1743, 1749, 1751, 1756, 1766, 1768, 1791, 1805, 1846, 1906, 1942, 1956, 2006, 2015, 2022, 2078, 2104, 2132, 2172, 2178, 2182, 2184, 2223, 2244, 2247, 2254, 2256, 2279, 2304, 2322, 2330, 2339, 2427, 2467, 2474, 2478, 2558, 2637, 2656, 2662, 2675, 2694, 2703, 2715, 2758, 2769, 2804, 2806, 2817, 2833, 2865, 2871, 2874, 2885, 2911, 2917, 2925, 2930, 2963, 2980, 2986]",[],"[38, 50, 53, 57, 75, 97, 118, 137, 165, 247, 253, 257, 259, 261, 310, 350, 355, 370, 375, 379, 442, 466, 485, 487, 533, 550, 574, 581, 591, 600, 640, 647, 664, 686, 694, 716, 734, 790, 836, 838, 868, 891, 898, 909, 919, 925, 934, 938, 941, 957, 961, 969, 981, 1010, 1033, 1067, 1094, 1097, 1117, 1126, 1141, 1157, 1175, 1196, 1203, 1212, 1263, 1275, 1289, 1310, 1314, 1332, 1357, 1362, 1368, 1386, 1394, 1399, 1433, 1435, 1441, 1452, 1458, 1474, 1487, 1497, 1565, 1567, 1602, 1627, 1636, 1659, 1661, 1743, 1749, 1751, 1756, 1766, 1768, 1791, 1805, 1846, 1906, 1942, 1956, 2006, 2015, 2022, 2078, 2104, 2132, 2172, 2178, 2182, 2184, 2223, 2244, 2247, 2254, 2256, 2279, 2304, 2322, 2330, 2339, 2427, 2467, 2474, 2478, 2558, 2637, 2656, 2662, 2675, 2694, 2703, 2715, 2758, 2769, 2804, 2806, 2817, 2833, 2865, 2871, 2874, 2885, 2911, 2917, 2925, 2930, 2963, 2980, 2986]","[956, 1309]",2993,154,2839,0,154,2837,2
-4.0,HUMBETGLOL,"[38, 50, 53, 57, 75, 97, 118, 137, 165, 247, 253, 257, 259, 261, 310, 350, 355, 370, 375, 379, 442, 466, 485, 487, 533, 550, 574, 581, 591, 600, 640, 647, 664, 686, 694, 716, 734, 790, 836, 838, 868, 891, 898, 909, 919, 925, 934, 938, 941, 957, 961, 969, 981, 1010, 1033, 1067, 1094, 1097, 1117, 1126, 1141, 1157, 1175, 1196, 1203, 1212, 1263, 1275, 1289, 1310, 1314, 1332, 1357, 1362, 1368, 1386, 1394, 1399, 1433, 1435, 1441, 1452, 1458, 1474, 1487, 1497, 1565, 1567, 1602, 1627, 1636, 1659, 1661, 1743, 1749, 1751, 1756, 1766, 1768, 1791, 1805, 1846, 1906, 1942, 1956, 2006, 2015, 2022, 2078, 2104, 2132, 2172, 2178, 2182, 2184, 2223, 2244, 2247, 2254, 2256, 2279, 2304, 2322, 2330, 2339, 2427, 2467, 2474, 2478, 2558, 2637, 2656, 2662, 2675, 2694, 2703, 2715, 2769, 2804, 2806, 2817, 2833, 2865, 2871, 2874, 2885, 2911, 2917, 2925, 2930, 2963, 2980, 2986]",[],"[38, 50, 53, 57, 75, 97, 118, 137, 165, 247, 253, 257, 259, 261, 310, 350, 355, 370, 375, 379, 442, 466, 485, 487, 533, 550, 574, 581, 591, 600, 640, 647, 664, 686, 694, 716, 734, 790, 836, 838, 868, 891, 898, 909, 919, 925, 934, 938, 941, 957, 961, 969, 981, 1010, 1033, 1067, 1094, 1097, 1117, 1126, 1141, 1157, 1175, 1196, 1203, 1212, 1263, 1275, 1289, 1310, 1314, 1332, 1357, 1362, 1368, 1386, 1394, 1399, 1433, 1435, 1441, 1452, 1458, 1474, 1487, 1497, 1565, 1567, 1602, 1627, 1636, 1659, 1661, 1743, 1749, 1751, 1756, 1766, 1768, 1791, 1805, 1846, 1906, 1942, 1956, 2006, 2015, 2022, 2078, 2104, 2132, 2172, 2178, 2182, 2184, 2223, 2244, 2247, 2254, 2256, 2279, 2304, 2322, 2330, 2339, 2427, 2467, 2474, 2478, 2558, 2637, 2656, 2662, 2675, 2694, 2703, 2715, 2769, 2804, 2806, 2817, 2833, 2865, 2871, 2874, 2885, 2911, 2917, 2925, 2930, 2963, 2980, 2986]","[956, 1309]",2993,153,2840,0,153,2838,2
-4.0,HUMBETGLOM,"[38, 50, 53, 57, 75, 97, 118, 137, 165, 247, 253, 257, 259, 261, 309, 349, 354, 369, 374, 378, 441, 465, 484, 486, 532, 549, 573, 580, 590, 599, 639, 646, 663, 685, 693, 715, 733, 789, 835, 837, 867, 890, 897, 908, 918, 924, 933, 937, 940, 956, 960, 968, 980, 1009, 1032, 1066, 1093, 1096, 1116, 1125, 1140, 1156, 1174, 1195, 1202, 1211, 1262, 1274, 1288, 1309, 1313, 1331, 1356, 1361, 1367, 1385, 1393, 1398, 1432, 1434, 1440, 1451, 1457, 1473, 1486, 1496, 1564, 1566, 1601, 1626, 1635, 1658, 1660, 1742, 1748, 1750, 1755, 1765, 1767, 1790, 1804, 1845, 1905, 1941, 1955, 2005, 2014, 2021, 2077, 2103, 2131, 2171, 2177, 2181, 2183, 2222, 2243, 2246, 2253, 2255, 2278, 2303, 2321, 2329, 2338, 2426, 2466, 2473, 2477, 2557, 2636, 2655, 2661, 2674, 2693, 2702, 2714, 2768, 2803, 2805, 2816, 2832, 2864, 2870, 2873, 2884, 2910, 2916, 2924, 2929, 2962, 2979, 2985]",[],"[38, 50, 53, 57, 75, 97, 118, 137, 165, 247, 253, 257, 259, 261, 309, 349, 354, 369, 374, 378, 441, 465, 484, 486, 532, 549, 573, 580, 590, 599, 639, 646, 663, 685, 693, 715, 733, 789, 835, 837, 867, 890, 897, 908, 918, 924, 933, 937, 940, 956, 960, 968, 980, 1009, 1032, 1066, 1093, 1096, 1116, 1125, 1140, 1156, 1174, 1195, 1202, 1211, 1262, 1274, 1288, 1309, 1313, 1331, 1356, 1361, 1367, 1385, 1393, 1398, 1432, 1434, 1440, 1451, 1457, 1473, 1486, 1496, 1564, 1566, 1601, 1626, 1635, 1658, 1660, 1742, 1748, 1750, 1755, 1765, 1767, 1790, 1804, 1845, 1905, 1941, 1955, 2005, 2014, 2021, 2077, 2103, 2131, 2171, 2177, 2181, 2183, 2222, 2243, 2246, 2253, 2255, 2278, 2303, 2321, 2329, 2338, 2426, 2466, 2473, 2477, 2557, 2636, 2655, 2661, 2674, 2693, 2702, 2714, 2768, 2803, 2805, 2816, 2832, 2864, 2870, 2873, 2884, 2910, 2916, 2924, 2929, 2962, 2979, 2985]","[955, 1308]",2992,153,2839,0,153,2837,2
-4.0,HUMBETGLON,"[38, 50, 53, 57, 75, 97, 118, 137, 165, 247, 253, 257, 259, 261, 310, 350, 355, 370, 375, 379, 442, 466, 485, 487, 533, 550, 574, 581, 591, 600, 640, 647, 664, 686, 694, 716, 734, 790, 836, 838, 868, 891, 898, 909, 919, 925, 934, 938, 941, 957, 961, 969, 981, 1010, 1033, 1067, 1094, 1097, 1117, 1126, 1141, 1157, 1175, 1196, 1203, 1212, 1263, 1275, 1289, 1310, 1314, 1332, 1357, 1362, 1368, 1386, 1394, 1399, 1433, 1435, 1441, 1452, 1458, 1474, 1487, 1497, 1565, 1567, 1602, 1627, 1636, 1659, 1661, 1743, 1749, 1751, 1756, 1766, 1768, 1791, 1805, 1846, 1906, 1942, 1956, 2006, 2015, 2022, 2078, 2104, 2132, 2172, 2178, 2182, 2184, 2223, 2244, 2247, 2254, 2256, 2279, 2304, 2322, 2330, 2339, 2427, 2467, 2474, 2478, 2558, 2637, 2656, 2662, 2675, 2694, 2703, 2715, 2769, 2804, 2806, 2817, 2833, 2865, 2871, 2874, 2885, 2911, 2917, 2925, 2930, 2963, 2980, 2986]",[],"[38, 50, 53, 57, 75, 97, 118, 137, 165, 247, 253, 257, 259, 261, 310, 350, 355, 370, 375, 379, 442, 466, 485, 487, 533, 550, 574, 581, 591, 600, 640, 647, 664, 686, 694, 716, 734, 790, 836, 838, 868, 891, 898, 909, 919, 925, 934, 938, 941, 957, 961, 969, 981, 1010, 1033, 1067, 1094, 1097, 1117, 1126, 1141, 1157, 1175, 1196, 1203, 1212, 1263, 1275, 1289, 1310, 1314, 1332, 1357, 1362, 1368, 1386, 1394, 1399, 1433, 1435, 1441, 1452, 1458, 1474, 1487, 1497, 1565, 1567, 1602, 1627, 1636, 1659, 1661, 1743, 1749, 1751, 1756, 1766, 1768, 1791, 1805, 1846, 1906, 1942, 1956, 2006, 2015, 2022, 2078, 2104, 2132, 2172, 2178, 2182, 2184, 2223, 2244, 2247, 2254, 2256, 2279, 2304, 2322, 2330, 2339, 2427, 2467, 2474, 2478, 2558, 2637, 2656, 2662, 2675, 2694, 2703, 2715, 2769, 2804, 2806, 2817, 2833, 2865, 2871, 2874, 2885, 2911, 2917, 2925, 2930, 2963, 2980, 2986]","[956, 1309]",2993,153,2840,0,153,2838,2
-4.0,HUMBETGLOO,"[38, 50, 53, 57, 75, 97, 118, 137, 165, 247, 253, 257, 259, 261, 310, 350, 355, 370, 375, 379, 442, 466, 485, 487, 533, 550, 574, 581, 591, 600, 640, 647, 664, 686, 694, 716, 734, 790, 836, 838, 868, 891, 898, 909, 919, 925, 934, 938, 941, 957, 961, 969, 981, 1010, 1033, 1067, 1094, 1097, 1117, 1126, 1141, 1157, 1175, 1196, 1203, 1212, 1263, 1275, 1289, 1310, 1314, 1332, 1357, 1362, 1368, 1386, 1394, 1399, 1433, 1435, 1441, 1452, 1458, 1474, 1487, 1497, 1565, 1567, 1602, 1627, 1636, 1659, 1661, 1743, 1749, 1751, 1756, 1766, 1768, 1791, 1805, 1846, 1906, 1942, 1956, 2006, 2015, 2022, 2078, 2104, 2132, 2172, 2178, 2182, 2184, 2223, 2244, 2247, 2254, 2256, 2279, 2304, 2322, 2330, 2339, 2427, 2467, 2474, 2478, 2558, 2637, 2656, 2662, 2675, 2694, 2703, 2715, 2769, 2804, 2806, 2817, 2833, 2865, 2871, 2874, 2885, 2911, 2917, 2925, 2930, 2963, 2980, 2986]",[],"[38, 50, 53, 57, 75, 97, 118, 137, 165, 247, 253, 257, 259, 261, 310, 350, 355, 370, 375, 379, 442, 466, 485, 487, 533, 550, 574, 581, 591, 600, 640, 647, 664, 686, 694, 716, 734, 790, 836, 838, 868, 891, 898, 909, 919, 925, 934, 938, 941, 957, 961, 969, 981, 1010, 1033, 1067, 1094, 1097, 1117, 1126, 1141, 1157, 1175, 1196, 1203, 1212, 1263, 1275, 1289, 1310, 1314, 1332, 1357, 1362, 1368, 1386, 1394, 1399, 1433, 1435, 1441, 1452, 1458, 1474, 1487, 1497, 1565, 1567, 1602, 1627, 1636, 1659, 1661, 1743, 1749, 1751, 1756, 1766, 1768, 1791, 1805, 1846, 1906, 1942, 1956, 2006, 2015, 2022, 2078, 2104, 2132, 2172, 2178, 2182, 2184, 2223, 2244, 2247, 2254, 2256, 2279, 2304, 2322, 2330, 2339, 2427, 2467, 2474, 2478, 2558, 2637, 2656, 2662, 2675, 2694, 2703, 2715, 2769, 2804, 2806, 2817, 2833, 2865, 2871, 2874, 2885, 2911, 2917, 2925, 2930, 2963, 2980, 2986]","[956, 1309]",2993,153,2840,0,153,2838,2
-4.0,HUMBETGLOP,"[38, 50, 53, 57, 75, 97, 118, 137, 165, 247, 253, 257, 259, 261, 310, 350, 355, 370, 375, 379, 442, 466, 485, 487, 533, 550, 574, 581, 591, 600, 640, 647, 664, 686, 694, 716, 734, 790, 836, 838, 868, 891, 898, 909, 919, 925, 934, 938, 941, 957, 961, 969, 981, 1010, 1033, 1067, 1094, 1097, 1117, 1126, 1141, 1157, 1175, 1196, 1203, 1212, 1263, 1275, 1289, 1310, 1314, 1332, 1357, 1362, 1368, 1386, 1394, 1399, 1433, 1435, 1441, 1452, 1458, 1474, 1487, 1497, 1565, 1567, 1602, 1627, 1636, 1659, 1661, 1743, 1749, 1751, 1756, 1766, 1768, 1791, 1805, 1846, 1906, 1942, 1956, 2006, 2015, 2022, 2078, 2104, 2132, 2172, 2178, 2182, 2184, 2223, 2244, 2247, 2254, 2256, 2279, 2304, 2322, 2330, 2339, 2427, 2467, 2474, 2478, 2558, 2637, 2656, 2662, 2675, 2694, 2703, 2715, 2769, 2804, 2806, 2817, 2833, 2865, 2871, 2874, 2885, 2911, 2917, 2925, 2930, 2963, 2980, 2986]",[],"[38, 50, 53, 57, 75, 97, 118, 137, 165, 247, 253, 257, 259, 261, 310, 350, 355, 370, 375, 379, 442, 466, 485, 487, 533, 550, 574, 581, 591, 600, 640, 647, 664, 686, 694, 716, 734, 790, 836, 838, 868, 891, 898, 909, 919, 925, 934, 938, 941, 957, 961, 969, 981, 1010, 1033, 1067, 1094, 1097, 1117, 1126, 1141, 1157, 1175, 1196, 1203, 1212, 1263, 1275, 1289, 1310, 1314, 1332, 1357, 1362, 1368, 1386, 1394, 1399, 1433, 1435, 1441, 1452, 1458, 1474, 1487, 1497, 1565, 1567, 1602, 1627, 1636, 1659, 1661, 1743, 1749, 1751, 1756, 1766, 1768, 1791, 1805, 1846, 1906, 1942, 1956, 2006, 2015, 2022, 2078, 2104, 2132, 2172, 2178, 2182, 2184, 2223, 2244, 2247, 2254, 2256, 2279, 2304, 2322, 2330, 2339, 2427, 2467, 2474, 2478, 2558, 2637, 2656, 2662, 2675, 2694, 2703, 2715, 2769, 2804, 2806, 2817, 2833, 2865, 2871, 2874, 2885, 2911, 2917, 2925, 2930, 2963, 2980, 2986]","[956, 1309]",2993,153,2840,0,153,2838,2
-4.0,HUMBETGLOR,"[38, 50, 53, 57, 75, 97, 118, 137, 165, 247, 253, 257, 259, 261, 310, 350, 355, 370, 375, 379, 442, 466, 485, 487, 533, 550, 574, 581, 591, 600, 640, 647, 664, 686, 694, 716, 734, 790, 836, 838, 868, 891, 898, 909, 919, 925, 934, 938, 941, 957, 961, 969, 981, 1010, 1033, 1067, 1094, 1097, 1117, 1126, 1141, 1157, 1175, 1196, 1203, 1212, 1263, 1275, 1289, 1310, 1314, 1332, 1357, 1362, 1368, 1386, 1394, 1399, 1433, 1435, 1441, 1452, 1458, 1474, 1487, 1497, 1565, 1567, 1602, 1627, 1636, 1659, 1661, 1743, 1749, 1751, 1756, 1766, 1768, 1791, 1805, 1846, 1906, 1942, 1956, 2006, 2015, 2022, 2078, 2104, 2132, 2172, 2178, 2182, 2184, 2223, 2244, 2247, 2254, 2256, 2279, 2304, 2322, 2330, 2339, 2427, 2467, 2474, 2478, 2558, 2637, 2656, 2662, 2675, 2694, 2703, 2715, 2769, 2804, 2806, 2817, 2833, 2865, 2871, 2874, 2885, 2911, 2917, 2925, 2930, 2963, 2980, 2986]",[],"[38, 50, 53, 57, 75, 97, 118, 137, 165, 247, 253, 257, 259, 261, 310, 350, 355, 370, 375, 379, 442, 466, 485, 487, 533, 550, 574, 581, 591, 600, 640, 647, 664, 686, 694, 716, 734, 790, 836, 838, 868, 891, 898, 909, 919, 925, 934, 938, 941, 957, 961, 969, 981, 1010, 1033, 1067, 1094, 1097, 1117, 1126, 1141, 1157, 1175, 1196, 1203, 1212, 1263, 1275, 1289, 1310, 1314, 1332, 1357, 1362, 1368, 1386, 1394, 1399, 1433, 1435, 1441, 1452, 1458, 1474, 1487, 1497, 1565, 1567, 1602, 1627, 1636, 1659, 1661, 1743, 1749, 1751, 1756, 1766, 1768, 1791, 1805, 1846, 1906, 1942, 1956, 2006, 2015, 2022, 2078, 2104, 2132, 2172, 2178, 2182, 2184, 2223, 2244, 2247, 2254, 2256, 2279, 2304, 2322, 2330, 2339, 2427, 2467, 2474, 2478, 2558, 2637, 2656, 2662, 2675, 2694, 2703, 2715, 2769, 2804, 2806, 2817, 2833, 2865, 2871, 2874, 2885, 2911, 2917, 2925, 2930, 2963, 2980, 2986]","[956, 1309]",2993,153,2840,0,153,2838,2
-4.0,HUMCBRG,"[8, 23, 33, 75, 81, 91, 100, 155, 157, 168, 198, 238, 242, 255, 257, 271, 281, 284, 297, 306, 342, 353, 362, 375, 378, 396, 417, 518, 534, 540, 568, 583, 625, 634, 685, 705, 711, 734, 736, 772, 782, 866, 882, 884, 886, 915, 977, 1016, 1022, 1045, 1053, 1074, 1081, 1092, 1112, 1148, 1173, 1184, 1186, 1221, 1225, 1324, 1338, 1364, 1418, 1427, 1436, 1470, 1484, 1526, 1532, 1541, 1583, 1604, 1628, 1635, 1668, 1671, 1753, 1756, 1800, 1835, 1844, 1847, 1858, 1873, 1906, 1946, 1953, 1986, 1991, 2000, 2033, 2051, 2063, 2115, 2124, 2146, 2153, 2156, 2166, 2172, 2182, 2256, 2258, 2268, 2273, 2283, 2310, 2318, 2323, 2326, 2331, 2336, 2339, 2359, 2471, 2495, 2501, 2568, 2595, 2598, 2600, 2614, 2617, 2623, 2641, 2682, 2690, 2716, 2733, 2737, 2758, 2797, 2812, 2818, 2823, 2849, 2898, 2902, 2951, 2965, 2967, 2999, 3016, 3031, 3039, 3042, 3081, 3088, 3095, 3099, 3119, 3178, 3208, 3217, 3225, 3230, 3237, 3269, 3314]",[],"[8, 23, 33, 75, 81, 91, 100, 155, 157, 168, 198, 238, 242, 255, 257, 271, 281, 284, 297, 306, 342, 353, 362, 375, 378, 396, 417, 518, 534, 540, 568, 583, 625, 634, 685, 705, 711, 734, 736, 772, 782, 866, 882, 884, 886, 915, 977, 1016, 1022, 1045, 1053, 1074, 1081, 1092, 1112, 1148, 1173, 1184, 1186, 1221, 1225, 1324, 1338, 1364, 1418, 1427, 1436, 1470, 1484, 1526, 1532, 1541, 1583, 1604, 1628, 1635, 1668, 1671, 1753, 1756, 1800, 1835, 1844, 1847, 1858, 1873, 1906, 1946, 1953, 1986, 1991, 2000, 2033, 2051, 2063, 2115, 2124, 2146, 2153, 2156, 2166, 2172, 2182, 2256, 2258, 2268, 2273, 2283, 2310, 2318, 2323, 2326, 2331, 2336, 2339, 2359, 2471, 2495, 2501, 2568, 2595, 2598, 2600, 2614, 2617, 2623, 2641, 2682, 2690, 2716, 2733, 2737, 2758, 2797, 2812, 2818, 2823, 2849, 2898, 2902, 2951, 2965, 2967, 2999, 3016, 3031, 3039, 3042, 3081, 3088, 3095, 3099, 3119, 3178, 3208, 3217, 3225, 3230, 3237, 3269, 3314]","[567, 1220]",3319,161,3158,0,161,3156,2
-4.0,HUMCHYMASE,"[7, 51, 64, 161, 178, 182, 185, 220, 223, 270, 284, 303, 325, 502, 511, 558, 563, 617, 647, 698, 723, 726, 785, 787, 812, 826, 839, 854, 970, 974, 1027, 1031, 1146, 1163, 1170, 1175, 1186, 1196, 1198, 1205, 1217, 1222, 1271, 1278, 1327, 1380, 1413, 1427, 1434, 1459, 1481, 1498, 1516, 1526, 1535, 1537, 1560, 1570, 1603, 1661, 1702, 1710, 1715, 1717, 1738, 1806, 1809, 1827, 1853, 1873, 1920, 1925, 1953, 1988, 2006, 2068, 2074, 2089, 2100, 2140, 2175, 2203, 2215, 2247, 2312, 2316, 2320, 2362, 2372, 2379, 2400, 2422, 2433, 2448, 2524, 2572, 2587, 2595, 2621, 2627, 2664, 2668, 2683, 2693, 2726, 2728, 2765, 2787, 2827, 2932, 2952, 2957, 2959, 2967, 2988, 2993, 3020, 3039, 3056, 3136, 3166, 3177, 3182, 3188, 3201, 3253, 3270, 3276, 3297, 3305, 3352, 3375, 3396, 3407, 3427, 3452, 3457, 3464, 3484, 3521, 3556, 3562, 3564, 3566, 3608, 3611, 3672, 3681, 3684, 3730, 3732, 3740, 3757, 3766, 3770, 3789, 3831, 3844, 3875, 3917, 3960, 3969, 3983, 3987, 4009, 4039, 4041, 4043, 4052, 4057, 4065, 4071, 4088, 4093, 4099, 4105, 4107, 4109, 4117, 4120, 4123, 4150, 4242, 4356, 4374, 4380, 4386, 4404, 4407, 4476, 4481, 4489, 4493, 4532, 4543, 4546, 4570, 4576, 4624, 4632, 4634, 4637, 4648, 4653, 4658, 4693, 4708, 4729, 4755, 4812, 4827, 4832, 4875, 4908, 4917, 4924, 4951, 4964, 4987, 5029, 5044, 5055, 5061, 5064, 5098, 5197, 5217, 5221, 5229, 5251, 5274, 5279, 5306, 5328, 5357, 5359, 5441, 5460, 5475, 5497, 5538, 5554, 5603, 5607, 5630, 5645, 5651, 5660, 5717, 5724, 5780, 5845, 5857, 5859, 5873, 5880, 5952, 5965, 5980, 5983, 5986, 6009, 6028, 6038, 6051, 6087, 6129, 6136, 6141, 6184, 6188, 6190, 6199, 6214, 6249, 6254, 6262, 6271, 6277, 6338, 6394, 6430, 6455, 6500, 6517, 6519, 6528, 6537, 6551, 6556, 6575, 6578, 6587, 6589, 6593, 6618, 6646, 6669, 6674, 6687, 6695, 6752, 6787, 6797, 6854, 6870, 6913, 6923, 6980, 7038, 7062, 7089, 7108, 7139, 7175, 7192, 7199, 7221, 7223, 7225, 7256, 7324, 7326, 7328, 7364, 7380, 7401, 7436, 7444, 7447, 7451, 7456, 7464, 7485, 7493, 7496, 7526, 7549, 7555, 7564, 7574, 7610, 7616, 7637, 7649, 7657, 7685, 7757, 7759, 7767, 7782, 7796, 7818, 7932, 7934, 7936, 7951, 7963, 7996, 8007, 8032, 8050, 8053, 8057, 8059, 8061, 8063, 8095]",[],"[7, 51, 64, 161, 178, 182, 185, 220, 223, 270, 284, 303, 325, 502, 511, 558, 563, 617, 647, 698, 723, 726, 785, 787, 812, 826, 839, 854, 970, 974, 1027, 1031, 1146, 1163, 1170, 1175, 1186, 1196, 1198, 1205, 1217, 1222, 1271, 1278, 1327, 1380, 1413, 1427, 1434, 1459, 1481, 1498, 1516, 1526, 1535, 1537, 1560, 1570, 1603, 1661, 1702, 1710, 1715, 1717, 1738, 1806, 1809, 1827, 1853, 1873, 1920, 1925, 1953, 1988, 2006, 2068, 2074, 2089, 2100, 2140, 2175, 2203, 2215, 2247, 2312, 2316, 2320, 2362, 2372, 2379, 2400, 2422, 2433, 2448, 2524, 2572, 2587, 2595, 2621, 2627, 2664, 2668, 2683, 2693, 2726, 2728, 2765, 2787, 2827, 2932, 2952, 2957, 2959, 2967, 2988, 2993, 3020, 3039, 3056, 3136, 3166, 3177, 3182, 3188, 3201, 3253, 3270, 3276, 3297, 3305, 3352, 3375, 3396, 3407, 3427, 3452, 3457, 3464, 3484, 3521, 3556, 3562, 3564, 3566, 3608, 3611, 3672, 3681, 3684, 3730, 3732, 3740, 3757, 3766, 3770, 3789, 3831, 3844, 3875, 3917, 3960, 3969, 3983, 3987, 4009, 4039, 4041, 4043, 4052, 4057, 4065, 4071, 4088, 4093, 4099, 4105, 4107, 4109, 4117, 4120, 4123, 4150, 4242, 4356, 4374, 4380, 4386, 4404, 4407, 4476, 4481, 4489, 4493, 4532, 4543, 4546, 4570, 4576, 4624, 4632, 4634, 4637, 4648, 4653, 4658, 4693, 4708, 4729, 4755, 4812, 4827, 4832, 4875, 4908, 4917, 4924, 4951, 4964, 4987, 5029, 5044, 5055, 5061, 5064, 5098, 5197, 5217, 5221, 5229, 5251, 5274, 5279, 5306, 5328, 5357, 5359, 5441, 5460, 5475, 5497, 5538, 5554, 5603, 5607, 5630, 5645, 5651, 5660, 5717, 5724, 5780, 5845, 5857, 5859, 5873, 5880, 5952, 5965, 5980, 5983, 5986, 6009, 6028, 6038, 6051, 6087, 6129, 6136, 6141, 6184, 6188, 6190, 6199, 6214, 6249, 6254, 6262, 6271, 6277, 6338, 6394, 6430, 6455, 6500, 6517, 6519, 6528, 6537, 6551, 6556, 6575, 6578, 6587, 6589, 6593, 6618, 6646, 6669, 6674, 6687, 6695, 6752, 6787, 6797, 6854, 6870, 6913, 6923, 6980, 7038, 7062, 7089, 7108, 7139, 7175, 7192, 7199, 7221, 7223, 7225, 7256, 7324, 7326, 7328, 7364, 7380, 7401, 7436, 7444, 7447, 7451, 7456, 7464, 7485, 7493, 7496, 7526, 7549, 7555, 7564, 7574, 7610, 7616, 7637, 7649, 7657, 7685, 7757, 7759, 7767, 7782, 7796, 7818, 7932, 7934, 7936, 7951, 7963, 7996, 8007, 8032, 8050, 8053, 8057, 8059, 8061, 8063, 8095]","[5216, 6037, 6922, 7363]",8109,368,7741,0,368,7737,4
-4.0,HUMCP21OH,"[59, 61, 81, 88, 93, 97, 120, 122, 127, 169, 186, 190, 229, 268, 282, 322, 394, 409, 414, 436, 464, 469, 506, 512, 542, 568, 589, 591, 615, 623, 627, 635, 645, 650, 671, 713, 738, 802, 811, 948, 995, 1007, 1036, 1047, 1050, 1053, 1089, 1097, 1135, 1189, 1213, 1227, 1258, 1260, 1291, 1322, 1339, 1358, 1383, 1425, 1427, 1448, 1522, 1539, 1542, 1562, 1567, 1572, 1601, 1620, 1667, 1706, 1752, 1781, 1833, 1847, 1900, 1911, 1913, 1934, 1947, 1953, 1971, 2000, 2003, 2020, 2071, 2088, 2132, 2159, 2168, 2172, 2201, 2236, 2254, 2265, 2276, 2337, 2348, 2382, 2433, 2448, 2464, 2502, 2505, 2529, 2533, 2581, 2610, 2624, 2656, 2689, 2775, 2792, 2808, 2846, 2864, 2867, 2908, 2921, 2932, 2957, 3022, 3064, 3084, 3095, 3099, 3120, 3128, 3131, 3141, 3176, 3243, 3251, 3253, 3290, 3293, 3375, 3377, 3404, 3454, 3482, 3490, 3510, 3534, 3543, 3587, 3590, 3628, 3638, 3649, 3660, 3699, 3707, 3724, 3756, 3759, 3785, 3788, 3799, 3812, 3830, 3845, 3984, 4007, 4018, 4026]",[],"[59, 61, 81, 88, 93, 97, 120, 122, 127, 169, 186, 190, 229, 268, 282, 322, 394, 409, 414, 436, 464, 469, 506, 512, 542, 568, 589, 591, 615, 623, 627, 635, 645, 650, 671, 713, 738, 802, 811, 948, 995, 1007, 1036, 1047, 1050, 1053, 1089, 1097, 1135, 1189, 1213, 1227, 1258, 1260, 1291, 1322, 1339, 1358, 1383, 1425, 1427, 1448, 1522, 1539, 1542, 1562, 1567, 1572, 1601, 1620, 1667, 1706, 1752, 1781, 1833, 1847, 1900, 1911, 1913, 1934, 1947, 1953, 1971, 2000, 2003, 2020, 2071, 2088, 2132, 2159, 2168, 2172, 2201, 2236, 2254, 2265, 2276, 2337, 2348, 2382, 2433, 2448, 2464, 2502, 2505, 2529, 2533, 2581, 2610, 2624, 2656, 2689, 2775, 2792, 2808, 2846, 2864, 2867, 2908, 2921, 2932, 2957, 3022, 3064, 3084, 3095, 3099, 3120, 3128, 3131, 3141, 3176, 3243, 3251, 3253, 3290, 3293, 3375, 3377, 3404, 3454, 3482, 3490, 3510, 3534, 3543, 3587, 3590, 3628, 3638, 3649, 3660, 3699, 3707, 3724, 3756, 3759, 3785, 3788, 3799, 3812, 3830, 3845, 3984, 4007, 4018, 4026]","[947, 1134, 1571, 1780, 1970, 2158, 2528, 2907, 3094]",4035,167,3868,0,167,3859,9
-4.0,HUMCP21OHC,"[59, 61, 81, 88, 93, 97, 120, 122, 127, 169, 186, 190, 229, 268, 282, 322, 394, 409, 414, 436, 464, 470, 507, 513, 543, 569, 590, 592, 616, 624, 628, 636, 646, 651, 672, 714, 739, 803, 812, 949, 996, 1008, 1037, 1048, 1051, 1054, 1090, 1098, 1136, 1190, 1214, 1228, 1259, 1261, 1292, 1323, 1340, 1359, 1384, 1426, 1428, 1449, 1523, 1540, 1543, 1563, 1568, 1573, 1602, 1621, 1668, 1707, 1753, 1782, 1834, 1848, 1901, 1912, 1914, 1935, 1948, 1954, 1972, 2001, 2004, 2021, 2072, 2089, 2133, 2160, 2169, 2171, 2173, 2202, 2237, 2255, 2266, 2277, 2338, 2349, 2383, 2434, 2449, 2465, 2503, 2506, 2530, 2534, 2582, 2611, 2625, 2657, 2690, 2776, 2793, 2809, 2847, 2865, 2868, 2909, 2923, 2934, 2959, 3024, 3066, 3086, 3097, 3101, 3122, 3130, 3133, 3143, 3178, 3245, 3253, 3255, 3292, 3295, 3377, 3379, 3406, 3456, 3484, 3492, 3512, 3536, 3545, 3589, 3592, 3630, 3637, 3640, 3651, 3662, 3701, 3709, 3726, 3758, 3761, 3787, 3790, 3801, 3814, 3832, 3847, 3986, 4009, 4020, 4028]",[],"[59, 61, 81, 88, 93, 97, 120, 122, 127, 169, 186, 190, 229, 268, 282, 322, 394, 409, 414, 436, 464, 470, 507, 513, 543, 569, 590, 592, 616, 624, 628, 636, 646, 651, 672, 714, 739, 803, 812, 949, 996, 1008, 1037, 1048, 1051, 1054, 1090, 1098, 1136, 1190, 1214, 1228, 1259, 1261, 1292, 1323, 1340, 1359, 1384, 1426, 1428, 1449, 1523, 1540, 1543, 1563, 1568, 1573, 1602, 1621, 1668, 1707, 1753, 1782, 1834, 1848, 1901, 1912, 1914, 1935, 1948, 1954, 1972, 2001, 2004, 2021, 2072, 2089, 2133, 2160, 2169, 2171, 2173, 2202, 2237, 2255, 2266, 2277, 2338, 2349, 2383, 2434, 2449, 2465, 2503, 2506, 2530, 2534, 2582, 2611, 2625, 2657, 2690, 2776, 2793, 2809, 2847, 2865, 2868, 2909, 2923, 2934, 2959, 3024, 3066, 3086, 3097, 3101, 3122, 3130, 3133, 3143, 3178, 3245, 3253, 3255, 3292, 3295, 3377, 3379, 3406, 3456, 3484, 3492, 3512, 3536, 3545, 3589, 3592, 3630, 3637, 3640, 3651, 3662, 3701, 3709, 3726, 3758, 3761, 3787, 3790, 3801, 3814, 3832, 3847, 3986, 4009, 4020, 4028]","[948, 1135, 1572, 1781, 1971, 2159, 2529, 2908, 3096]",4037,169,3868,0,169,3859,9
-4.0,HUMCS1,"[19, 48, 81, 86, 90, 96, 135, 145, 149, 155, 191, 197, 255, 260, 265, 269, 283, 305, 311, 354, 356, 394, 398, 416, 430, 435, 463, 529, 534, 550, 566, 598, 600, 624, 653, 670, 674, 715, 722, 819, 841, 894, 899, 908, 988, 992, 996, 1011, 1017, 1024, 1037, 1059, 1087, 1090, 1135, 1163, 1185, 1195, 1202, 1244, 1335, 1339, 1348, 1377, 1380, 1412, 1465, 1468, 1481, 1486, 1497, 1501, 1517, 1519, 1592, 1598, 1610, 1680, 1727, 1801, 1901, 1983, 2004, 2009, 2019, 2032, 2043, 2051, 2061, 2075, 2096, 2107, 2138, 2141, 2161, 2163, 2184, 2191, 2194, 2197, 2211, 2215, 2244, 2279, 2287]",[],"[19, 48, 81, 86, 90, 96, 135, 145, 149, 155, 191, 197, 255, 260, 265, 269, 283, 305, 311, 354, 356, 394, 398, 416, 430, 435, 463, 529, 534, 550, 566, 598, 600, 624, 653, 670, 674, 715, 722, 819, 841, 894, 899, 908, 988, 992, 996, 1011, 1017, 1024, 1037, 1059, 1087, 1090, 1135, 1163, 1185, 1195, 1202, 1244, 1335, 1339, 1348, 1377, 1380, 1412, 1465, 1468, 1481, 1486, 1497, 1501, 1517, 1519, 1592, 1598, 1610, 1680, 1727, 1801, 1901, 1983, 2004, 2009, 2019, 2032, 2043, 2051, 2061, 2075, 2096, 2107, 2138, 2141, 2161, 2163, 2184, 2191, 2194, 2197, 2211, 2215, 2244, 2279, 2287]","[565, 991, 1334, 1591]",2294,105,2189,0,105,2185,4
-4.0,HUMCS3,"[19, 48, 83, 88, 92, 98, 137, 147, 151, 157, 199, 257, 262, 267, 271, 285, 307, 313, 356, 358, 396, 400, 418, 432, 437, 464, 530, 535, 567, 599, 601, 626, 655, 672, 676, 717, 724, 819, 841, 894, 899, 908, 913, 988, 992, 996, 1011, 1017, 1024, 1037, 1057, 1085, 1088, 1121, 1135, 1163, 1185, 1195, 1202, 1244, 1335, 1339, 1348, 1377, 1380, 1412, 1462, 1465, 1478, 1483, 1494, 1498, 1514, 1516, 1589, 1595, 1607, 1671, 1677, 1725, 1799, 1899, 1981, 2002, 2007, 2017, 2024, 2030, 2041, 2049, 2059, 2077, 2099, 2110, 2141, 2144, 2164, 2166, 2188, 2195, 2198, 2201, 2215, 2219, 2292, 2357, 2360, 2373, 2387, 2495, 2521, 2549, 2551, 2615, 2626, 2678, 2701, 2704, 2713, 2722, 2729]",[],"[19, 48, 83, 88, 92, 98, 137, 147, 151, 157, 199, 257, 262, 267, 271, 285, 307, 313, 356, 358, 396, 400, 418, 432, 437, 464, 530, 535, 567, 599, 601, 626, 655, 672, 676, 717, 724, 819, 841, 894, 899, 908, 913, 988, 992, 996, 1011, 1017, 1024, 1037, 1057, 1085, 1088, 1121, 1135, 1163, 1185, 1195, 1202, 1244, 1335, 1339, 1348, 1377, 1380, 1412, 1462, 1465, 1478, 1483, 1494, 1498, 1514, 1516, 1589, 1595, 1607, 1671, 1677, 1725, 1799, 1899, 1981, 2002, 2007, 2017, 2024, 2030, 2041, 2049, 2059, 2077, 2099, 2110, 2141, 2144, 2164, 2166, 2188, 2195, 2198, 2201, 2215, 2219, 2292, 2357, 2360, 2373, 2387, 2495, 2521, 2549, 2551, 2615, 2626, 2678, 2701, 2704, 2713, 2722, 2729]","[566, 991, 1334, 1588]",2733,121,2612,0,121,2608,4
-4.0,HUMCSN2A,"[27, 29, 31, 44, 55, 123, 146, 149, 167, 177, 200, 203, 218, 220, 233, 242, 245, 287, 304, 339, 395, 406, 413, 475, 504, 510, 538, 547, 560, 572, 592, 618, 631, 643, 660, 682, 694, 698, 745, 761, 764, 773, 793, 847, 857, 859, 865, 895, 905, 913, 917, 920, 931, 943, 955, 964, 970, 980, 988, 1005, 1019, 1044, 1052, 1064, 1069, 1101, 1117, 1119, 1137, 1139, 1149, 1186, 1189, 1201, 1255, 1262, 1275, 1336, 1370, 1398, 1405, 1413, 1452, 1481, 1491, 1525, 1543, 1587, 1589, 1591, 1624, 1626, 1640, 1645, 1678, 1730, 1741, 1759, 1761, 1779, 1814, 1820, 1826, 1831, 1846, 1859, 1870, 1889, 1899, 1923, 1937, 1947, 1960, 1966, 1977, 1979, 2015, 2048, 2079, 2087, 2093, 2102, 2108, 2112, 2121, 2129, 2136, 2140, 2142, 2161, 2176, 2229, 2231, 2233, 2238, 2250, 2252, 2256, 2258, 2260, 2269, 2288, 2298, 2301, 2303, 2308, 2328, 2345, 2363, 2407, 2417, 2419, 2425, 2446, 2456, 2469, 2473, 2480, 2492, 2499, 2519, 2521, 2525, 2527, 2560, 2571, 2586, 2594, 2644, 2660, 2672, 2674, 2680, 2682, 2714, 2717, 2752, 2754, 2762, 2772, 2775, 2803, 2825, 2838, 2846, 2861, 2863, 2867, 2897, 2900, 2904, 2914, 2922, 2928, 2935, 2959, 2968, 3000, 3007, 3020, 3023, 3035, 3043, 3070, 3086, 3102, 3118, 3136, 3146, 3157, 3170, 3179, 3186, 3195, 3199, 3227, 3234, 3236, 3252, 3280, 3328, 3334, 3343, 3361, 3397, 3406, 3412, 3418, 3424, 3431, 3441, 3447, 3453, 3461, 3464, 3469, 3476, 3481, 3503, 3533, 3548, 3567, 3585, 3594, 3601, 3646, 3695, 3707, 3711, 3736, 3739, 3743, 3761, 3777, 3781, 3829, 3852, 3856, 3860, 3867, 3869, 3883, 3905, 3926, 3968, 3984, 3989, 4091, 4102, 4105, 4123, 4128, 4156, 4171, 4185, 4189, 4193, 4224, 4251, 4265, 4267, 4270, 4280, 4316, 4319, 4325, 4332, 4337, 4355, 4369, 4373, 4418, 4436, 4438, 4500, 4521, 4532, 4535, 4568, 4624, 4643, 4681, 4708, 4720, 4742, 4799, 4811, 4832, 4856, 4860, 4896, 4915, 4946, 5014, 5023, 5033, 5059, 5068, 5099, 5191, 5201, 5231, 5241, 5243, 5247, 5251, 5275, 5349, 5379, 5392, 5440, 5464, 5494, 5517, 5522, 5533, 5544, 5556, 5569, 5621, 5663, 5697, 5700, 5743, 5748, 5752, 5779, 5789, 5805, 5807, 5821, 5840, 5855, 5861, 5878, 5880, 5882, 5897, 5928, 5953, 5955, 5991, 5996, 6065, 6086, 6089, 6103, 6116, 6122, 6138, 6141, 6145, 6155, 6196, 6214, 6216, 6240, 6245, 6277, 6279, 6281, 6296, 6303, 6320, 6334, 6355, 6357, 6382, 6393, 6402, 6426, 6454, 6470, 6473, 6490, 6493, 6531, 6538, 6595, 6608, 6626, 6683, 6692, 6723, 6748, 6769, 6811, 6849, 6858, 6888, 6895, 6906, 6912, 6930, 6958, 6960, 6964, 7038, 7127, 7135, 7146, 7156, 7172, 7202, 7211, 7222, 7224, 7235, 7249, 7258, 7301, 7325, 7332, 7362, 7364, 7377, 7384, 7430, 7475, 7490, 7492, 7580, 7590, 7605, 7618, 7634, 7653, 7655, 7663, 7686, 7688, 7723, 7733, 7735, 7773, 7778, 7790, 7794, 7819, 7870, 7909, 8052, 8071, 8112, 8115, 8124, 8148, 8169, 8187, 8196, 8304, 8351, 8354, 8358, 8373, 8394, 8397, 8418, 8424, 8484, 8505, 8521, 8523, 8527, 8549, 8563, 8565, 8569, 8575, 8594, 8599, 8619, 8629, 8655, 8663, 8669, 8684, 8688, 8697, 8705, 8712, 8716, 8718, 8737, 8752, 8800, 8806, 8808, 8810, 8815, 8827, 8829, 8835, 8837, 8851, 8947, 8960, 8962, 8976, 8978, 9008, 9017, 9021, 9045, 9117, 9122, 9134, 9172, 9185, 9246, 9262, 9317, 9326, 9391, 9407, 9422, 9428, 9441, 9459, 9483, 9487, 9496, 9531, 9560, 9570, 9621, 9689, 9814, 9864, 9901, 9917, 9919, 9925, 10016, 10041, 10046, 10051, 10112, 10120, 10131, 10138, 10147, 10155, 10160, 10162, 10238, 10244, 10251, 10266, 10270, 10280, 10304, 10330, 10395, 10406, 10449, 10460, 10472, 10512, 10546, 10554, 10587]",[],"[27, 29, 31, 44, 55, 123, 146, 149, 167, 177, 200, 203, 218, 220, 233, 242, 245, 287, 304, 339, 395, 406, 413, 475, 504, 510, 538, 547, 560, 572, 592, 618, 631, 643, 660, 682, 694, 698, 745, 761, 764, 773, 793, 847, 857, 859, 865, 895, 905, 913, 917, 920, 931, 943, 955, 964, 970, 980, 988, 1005, 1019, 1044, 1052, 1064, 1069, 1101, 1117, 1119, 1137, 1139, 1149, 1186, 1189, 1201, 1255, 1262, 1275, 1336, 1370, 1398, 1405, 1413, 1452, 1481, 1491, 1525, 1543, 1587, 1589, 1591, 1624, 1626, 1640, 1645, 1678, 1730, 1741, 1759, 1761, 1779, 1814, 1820, 1826, 1831, 1846, 1859, 1870, 1889, 1899, 1923, 1937, 1947, 1960, 1966, 1977, 1979, 2015, 2048, 2079, 2087, 2093, 2102, 2108, 2112, 2121, 2129, 2136, 2140, 2142, 2161, 2176, 2229, 2231, 2233, 2238, 2250, 2252, 2256, 2258, 2260, 2269, 2288, 2298, 2301, 2303, 2308, 2328, 2345, 2363, 2407, 2417, 2419, 2425, 2446, 2456, 2469, 2473, 2480, 2492, 2499, 2519, 2521, 2525, 2527, 2560, 2571, 2586, 2594, 2644, 2660, 2672, 2674, 2680, 2682, 2714, 2717, 2752, 2754, 2762, 2772, 2775, 2803, 2825, 2838, 2846, 2861, 2863, 2867, 2897, 2900, 2904, 2914, 2922, 2928, 2935, 2959, 2968, 3000, 3007, 3020, 3023, 3035, 3043, 3070, 3086, 3102, 3118, 3136, 3146, 3157, 3170, 3179, 3186, 3195, 3199, 3227, 3234, 3236, 3252, 3280, 3328, 3334, 3343, 3361, 3397, 3406, 3412, 3418, 3424, 3431, 3441, 3447, 3453, 3461, 3464, 3469, 3476, 3481, 3503, 3533, 3548, 3567, 3585, 3594, 3601, 3646, 3695, 3707, 3711, 3736, 3739, 3743, 3761, 3777, 3781, 3829, 3852, 3856, 3860, 3867, 3869, 3883, 3905, 3926, 3968, 3984, 3989, 4091, 4102, 4105, 4123, 4128, 4156, 4171, 4185, 4189, 4193, 4224, 4251, 4265, 4267, 4270, 4280, 4316, 4319, 4325, 4332, 4337, 4355, 4369, 4373, 4418, 4436, 4438, 4500, 4521, 4532, 4535, 4568, 4624, 4643, 4681, 4708, 4720, 4742, 4799, 4811, 4832, 4856, 4860, 4896, 4915, 4946, 5014, 5023, 5033, 5059, 5068, 5099, 5191, 5201, 5231, 5241, 5243, 5247, 5251, 5275, 5349, 5379, 5392, 5440, 5464, 5494, 5517, 5522, 5533, 5544, 5556, 5569, 5621, 5663, 5697, 5700, 5743, 5748, 5752, 5779, 5789, 5805, 5807, 5821, 5840, 5855, 5861, 5878, 5880, 5882, 5897, 5928, 5953, 5955, 5991, 5996, 6065, 6086, 6089, 6103, 6116, 6122, 6138, 6141, 6145, 6155, 6196, 6214, 6216, 6240, 6245, 6277, 6279, 6281, 6296, 6303, 6320, 6334, 6355, 6357, 6382, 6393, 6402, 6426, 6454, 6470, 6473, 6490, 6493, 6531, 6538, 6595, 6608, 6626, 6683, 6692, 6723, 6748, 6769, 6811, 6849, 6858, 6888, 6895, 6906, 6912, 6930, 6958, 6960, 6964, 7038, 7127, 7135, 7146, 7156, 7172, 7202, 7211, 7222, 7224, 7235, 7249, 7258, 7301, 7325, 7332, 7362, 7364, 7377, 7384, 7430, 7475, 7490, 7492, 7580, 7590, 7605, 7618, 7634, 7653, 7655, 7663, 7686, 7688, 7723, 7733, 7735, 7773, 7778, 7790, 7794, 7819, 7870, 7909, 8052, 8071, 8112, 8115, 8124, 8148, 8169, 8187, 8196, 8304, 8351, 8354, 8358, 8373, 8394, 8397, 8418, 8424, 8484, 8505, 8521, 8523, 8527, 8549, 8563, 8565, 8569, 8575, 8594, 8599, 8619, 8629, 8655, 8663, 8669, 8684, 8688, 8697, 8705, 8712, 8716, 8718, 8737, 8752, 8800, 8806, 8808, 8810, 8815, 8827, 8829, 8835, 8837, 8851, 8947, 8960, 8962, 8976, 8978, 9008, 9017, 9021, 9045, 9117, 9122, 9134, 9172, 9185, 9246, 9262, 9317, 9326, 9391, 9407, 9422, 9428, 9441, 9459, 9483, 9487, 9496, 9531, 9560, 9570, 9621, 9689, 9814, 9864, 9901, 9917, 9919, 9925, 10016, 10041, 10046, 10051, 10112, 10120, 10131, 10138, 10147, 10155, 10160, 10162, 10238, 10244, 10251, 10266, 10270, 10280, 10304, 10330, 10395, 10406, 10449, 10460, 10472, 10512, 10546, 10554, 10587]","[4855, 5747, 6747, 6887, 8522]",10601,582,10019,0,582,10014,5
-4.0,HUMCSPA,"[20, 33, 52, 63, 79, 119, 229, 237, 288, 303, 328, 344, 357, 367, 381, 390, 453, 456, 471, 484, 490, 495, 497, 499, 526, 537, 584, 606, 649, 704, 745, 752, 772, 824, 848, 865, 867, 873, 879, 886, 948, 983, 987, 1035, 1051, 1150, 1152, 1164, 1173, 1175, 1212, 1214, 1221, 1240, 1249, 1268, 1318, 1324, 1333, 1336, 1369, 1382, 1410, 1442, 1444, 1498, 1554, 1581, 1682, 1684, 1737, 1825, 1830, 1858, 1884, 1886, 1888, 1897, 1910, 1920, 1941, 1956, 1986, 2024, 2060, 2063, 2115, 2185, 2190, 2207, 2217, 2219, 2233, 2248, 2277, 2306, 2327, 2366, 2373, 2455, 2463, 2471, 2478, 2488, 2496, 2522, 2525, 2531, 2627, 2633, 2638, 2650, 2674, 2719, 2756, 2788, 2804, 2851, 2861, 2930, 2964, 2969, 2973, 3027, 3031, 3037, 3061, 3077, 3079, 3152, 3165, 3201, 3218, 3223, 3225, 3238, 3243, 3279, 3281, 3291, 3308, 3310, 3316, 3355, 3357, 3385, 3393, 3398, 3448, 3456, 3464, 3507, 3509, 3525, 3555, 3576, 3587, 3603, 3605, 3609, 3633, 3692, 3696, 3721, 3772, 3787, 3816, 3818, 3820, 3828, 3838, 3879, 3891, 4008, 4015, 4021, 4032, 4050, 4052, 4067, 4123, 4130, 4134, 4194, 4199, 4226, 4247, 4257, 4329, 4379, 4402, 4414, 4464, 4471, 4491, 4527, 4547, 4571, 4608, 4651, 4664, 4678, 4703, 4728, 4740, 4752, 4754]",[],"[20, 33, 52, 63, 79, 119, 229, 237, 288, 303, 328, 344, 357, 367, 381, 390, 453, 456, 471, 484, 490, 495, 497, 499, 526, 537, 584, 606, 649, 704, 745, 752, 772, 824, 848, 865, 867, 873, 879, 886, 948, 983, 987, 1035, 1051, 1150, 1152, 1164, 1173, 1175, 1212, 1214, 1221, 1240, 1249, 1268, 1318, 1324, 1333, 1336, 1369, 1382, 1410, 1442, 1444, 1498, 1554, 1581, 1682, 1684, 1737, 1825, 1830, 1858, 1884, 1886, 1888, 1897, 1910, 1920, 1941, 1956, 1986, 2024, 2060, 2063, 2115, 2185, 2190, 2207, 2217, 2219, 2233, 2248, 2277, 2306, 2327, 2366, 2373, 2455, 2463, 2471, 2478, 2488, 2496, 2522, 2525, 2531, 2627, 2633, 2638, 2650, 2674, 2719, 2756, 2788, 2804, 2851, 2861, 2930, 2964, 2969, 2973, 3027, 3031, 3037, 3061, 3077, 3079, 3152, 3165, 3201, 3218, 3223, 3225, 3238, 3243, 3279, 3281, 3291, 3308, 3310, 3316, 3355, 3357, 3385, 3393, 3398, 3448, 3456, 3464, 3507, 3509, 3525, 3555, 3576, 3587, 3603, 3605, 3609, 3633, 3692, 3696, 3721, 3772, 3787, 3816, 3818, 3820, 3828, 3838, 3879, 3891, 4008, 4015, 4021, 4032, 4050, 4052, 4067, 4123, 4130, 4134, 4194, 4199, 4226, 4247, 4257, 4329, 4379, 4402, 4414, 4464, 4471, 4491, 4527, 4547, 4571, 4608, 4651, 4664, 4678, 4703, 4728, 4740, 4752, 4754]","[982, 2276, 2929, 3392]",4784,207,4577,0,207,4573,4
-4.0,HUMCTLA1,"[14, 59, 84, 117, 123, 132, 157, 201, 206, 241, 264, 281, 321, 333, 338, 345, 358, 369, 371, 376, 401, 424, 441, 454, 483, 570, 591, 598, 606, 637, 656, 678, 681, 692, 702, 706, 714, 717, 753, 770, 776, 800, 836, 989, 993, 999, 1034, 1082, 1121, 1123, 1185, 1189, 1218, 1230, 1247, 1300, 1315, 1333, 1347, 1392, 1403, 1417, 1423, 1425, 1434, 1473, 1586, 1629, 1657, 1731, 1761, 1800, 1813, 1860, 1867, 1957, 1977, 2001, 2108, 2120, 2125, 2151, 2170, 2180, 2265, 2285, 2298, 2312, 2317, 2321, 2337, 2341, 2350, 2361, 2376, 2448, 2450, 2483, 2520, 2560, 2577, 2588, 2597, 2629, 2645, 2692, 2702, 2771, 2805, 2810, 2814, 2868, 2872, 2902, 2918, 2920, 2934, 2938, 3006, 3042, 3064, 3066, 3123, 3135, 3152, 3184, 3194, 3197, 3201, 3237, 3280, 3312, 3315, 3342, 3429, 3436, 3481, 3501, 3514, 3519, 3533, 3535, 3537, 3551, 3560, 3563, 3575, 3585, 3616, 3634, 3696, 3704, 3712, 3767, 3778, 3785, 3791, 3857, 3901, 3903, 3905, 3913, 3928, 3976, 3988, 4051, 4078, 4100, 4133, 4145, 4152, 4220, 4309, 4380, 4395, 4419, 4421, 4506]",[],"[14, 59, 84, 117, 123, 132, 157, 201, 206, 241, 264, 281, 321, 333, 338, 345, 358, 369, 371, 376, 401, 424, 441, 454, 483, 570, 591, 598, 606, 637, 656, 678, 681, 692, 702, 706, 714, 717, 753, 770, 776, 800, 836, 989, 993, 999, 1034, 1082, 1121, 1123, 1185, 1189, 1218, 1230, 1247, 1300, 1315, 1333, 1347, 1392, 1403, 1417, 1423, 1425, 1434, 1473, 1586, 1629, 1657, 1731, 1761, 1800, 1813, 1860, 1867, 1957, 1977, 2001, 2108, 2120, 2125, 2151, 2170, 2180, 2265, 2285, 2298, 2312, 2317, 2321, 2337, 2341, 2350, 2361, 2376, 2448, 2450, 2483, 2520, 2560, 2577, 2588, 2597, 2629, 2645, 2692, 2702, 2771, 2805, 2810, 2814, 2868, 2872, 2902, 2918, 2920, 2934, 2938, 3006, 3042, 3064, 3066, 3123, 3135, 3152, 3184, 3194, 3197, 3201, 3237, 3280, 3312, 3315, 3342, 3429, 3436, 3481, 3501, 3514, 3519, 3533, 3535, 3537, 3551, 3560, 3563, 3575, 3585, 3616, 3634, 3696, 3704, 3712, 3767, 3778, 3785, 3791, 3857, 3901, 3903, 3905, 3913, 3928, 3976, 3988, 4051, 4078, 4100, 4133, 4145, 4152, 4220, 4309, 4380, 4395, 4419, 4421, 4506]","[988, 2179, 2770, 3236]",4521,178,4343,0,178,4339,4
-4.0,HUMDEF5A,"[59, 77, 80, 96, 98, 108, 138, 148, 160, 174, 181, 202, 227, 283, 297, 327, 351, 370, 395, 408, 435, 469, 486, 494, 501, 515, 529, 531, 537, 544, 550, 559, 580, 616, 619, 626, 678, 711, 721, 741, 852, 924, 928, 974, 981, 996, 1008, 1073, 1076, 1101, 1137, 1256, 1304, 1311, 1388, 1436, 1459, 1501, 1572, 1637, 1642, 1644, 1652, 1667, 1720, 1784, 1827, 1834, 1857, 1869, 1871, 1923, 1925, 1927, 1935, 1996, 1998, 2022, 2026, 2040, 2048, 2055, 2115, 2142, 2149, 2197, 2214, 2241, 2254, 2256, 2277, 2281, 2292, 2300, 2307, 2324, 2395, 2407, 2458, 2460, 2482, 2486, 2494, 2524, 2551, 2590, 2593, 2602, 2606, 2619, 2621, 2623, 2632, 2656, 2688, 2700, 2707, 2736, 2738, 2745, 2747, 2777, 2795, 2797, 2799, 2849, 2857, 2860, 2864, 2869]",[],"[59, 77, 80, 96, 98, 108, 138, 148, 160, 174, 181, 202, 227, 283, 297, 327, 351, 370, 395, 408, 435, 469, 486, 494, 501, 515, 529, 531, 537, 544, 550, 559, 580, 616, 619, 626, 678, 711, 721, 741, 852, 924, 928, 974, 981, 996, 1008, 1073, 1076, 1101, 1137, 1256, 1304, 1311, 1388, 1436, 1459, 1501, 1572, 1637, 1642, 1644, 1652, 1667, 1720, 1784, 1827, 1834, 1857, 1869, 1871, 1923, 1925, 1927, 1935, 1996, 1998, 2022, 2026, 2040, 2048, 2055, 2115, 2142, 2149, 2197, 2214, 2241, 2254, 2256, 2277, 2281, 2292, 2300, 2307, 2324, 2395, 2407, 2458, 2460, 2482, 2486, 2494, 2524, 2551, 2590, 2593, 2602, 2606, 2619, 2621, 2623, 2632, 2656, 2688, 2700, 2707, 2736, 2738, 2745, 2747, 2777, 2795, 2797, 2799, 2849, 2857, 2860, 2864, 2869]",[1571],2873,130,2743,0,130,2742,1
-4.0,HUMDZA2G,"[7, 10, 12, 18, 20, 25, 37, 96, 115, 124, 126, 180, 183, 194, 218, 226, 235, 241, 250, 262, 285, 297, 330, 332, 334, 347, 367, 423, 428, 446, 492, 561, 563, 576, 596, 608, 632, 654, 681, 692, 718, 721, 728, 732, 769, 792, 794, 796, 819, 821, 823, 830, 832, 834, 836, 843, 850, 861, 863, 875, 897, 906, 908, 911, 956, 975, 991, 1031, 1075, 1081, 1161, 1163, 1172, 1187, 1213, 1218, 1220, 1246, 1255, 1263, 1266, 1278, 1303, 1314, 1328, 1341, 1353, 1356, 1365, 1370, 1402, 1419, 1426, 1428, 1440, 1469, 1485, 1514, 1532, 1548, 1587, 1598, 1609, 1646, 1650, 1677, 1691, 1716, 1718, 1723, 1738, 1748, 1754, 1760, 1768, 1770, 1790, 1798, 1810, 1812, 1828, 1830, 1903, 1913, 1916, 1928, 1941, 1974, 1981, 1983, 1987, 2004, 2009, 2014, 2018, 2023, 2128, 2150, 2172, 2174, 2207, 2240, 2278, 2297, 2305, 2310, 2354, 2363, 2370, 2372, 2407, 2425, 2444, 2472, 2480, 2510, 2518, 2533, 2554, 2564, 2575, 2726, 2737, 2740, 2781, 2866, 2869, 2884, 2929, 2956, 2980, 3016, 3021, 3038, 3054, 3070, 3097, 3114, 3119, 3142, 3166, 3210, 3226, 3239, 3241, 3337, 3347, 3383, 3397, 3416, 3425, 3431, 3467, 3485, 3523, 3555, 3567, 3602, 3608, 3611, 3623, 3638, 3652, 3668, 3672, 3674, 3712, 3720, 3741, 3750, 3764, 3769, 3776, 3780, 3782, 3788, 3794, 3796, 3804, 3812, 3815, 3817, 3836, 3861, 3870, 3878, 3903, 3914, 3943, 3960, 3970, 4028, 4151, 4164, 4172, 4176, 4207, 4220, 4263, 4270, 4295, 4321, 4340, 4365, 4376, 4387, 4397, 4410, 4417, 4437, 4464, 4485, 4505, 4523, 4531, 4542, 4574, 4591, 4611, 4615, 4617, 4626, 4631, 4634, 4663, 4666, 4704, 4709, 4811, 4817, 4850, 4858, 4864, 4881, 4891, 4897, 4908, 4915, 4939, 4941, 4944, 4980, 4983, 5002, 5087, 5131, 5133, 5135, 5173, 5175, 5210, 5232, 5280, 5317, 5326, 5332, 5340, 5360, 5368, 5390, 5394, 5414, 5437, 5453, 5509, 5521, 5624, 5664, 5671, 5682, 5717, 5743, 5792, 5804, 5820, 5837, 5869, 5873, 5886, 5905, 5928, 5956, 5960, 5973, 6009, 6012, 6014, 6018, 6045, 6055, 6057, 6064, 6068, 6092, 6106, 6130, 6156, 6159, 6179, 6183, 6204, 6250, 6270, 6313, 6320, 6367, 6373, 6379, 6401, 6491, 6510, 6526, 6545, 6549, 6556, 6560, 6562, 6577, 6588, 6609, 6637, 6662, 6666, 6668, 6697, 6716, 6756, 6766, 6781, 6786, 6825, 6848, 6857, 6904, 6913, 6923, 6933, 6946, 6965, 6982, 6992, 7007, 7009, 7038, 7049, 7051, 7098, 7103, 7118, 7123, 7128, 7158, 7163, 7187, 7189, 7216, 7236, 7246, 7259, 7280, 7307, 7347, 7368, 7376, 7379, 7392, 7396, 7428, 7436, 7456, 7459, 7527, 7543, 7545, 7547, 7572, 7581, 7592, 7602, 7615, 7636, 7663, 7665, 7703, 7724, 7732, 7735, 7737, 7770, 7831, 7854, 7870, 7875, 7931, 7980, 7982, 7989, 8024, 8049, 8064, 8106, 8117, 8123, 8143, 8176, 8182, 8187, 8199, 8201, 8238, 8253, 8258, 8297, 8329, 8373, 8384, 8395, 8405, 8418, 8437, 8464, 8481, 8506, 8514, 8531, 8541, 8556, 8561, 8579, 8600, 8606, 8677, 8698, 8708, 8721, 8742, 8769, 8813, 8830, 8856, 8874, 8926, 8938, 8941, 8982, 8987, 9044, 9052, 9071, 9079, 9084, 9097, 9099, 9118, 9121, 9137, 9166, 9185, 9196, 9199, 9201, 9206, 9244, 9251, 9282, 9330, 9333, 9364, 9374, 9383, 9391, 9424, 9441, 9454, 9482, 9566, 9571, 9585, 9591, 9595, 9615, 9622, 9648, 9650, 9654, 9730, 9759, 9808, 9820, 9831, 9899, 9924, 9934, 9946, 9962, 9986, 9989, 9998, 10007, 10014, 10021, 10037, 10083, 10087, 10102, 10106, 10119, 10125, 10129, 10167, 10197, 10232, 10257, 10274, 10281, 10287, 10306, 10356, 10369, 10381, 10392, 10398, 10412, 10462, 10467, 10478, 10480, 10496, 10500, 10502, 10522, 10539, 10594, 10605, 10610, 10619, 10625, 10646, 10648, 10650, 10678, 10733, 10775, 10805, 10818, 10863, 10870, 10895, 10905, 10939, 10948, 10952, 10955, 11011, 11017, 11052, 11061, 11068, 11071, 11105, 11134, 11187, 11213, 11236, 11241, 11250, 11268, 11274, 11301, 11331, 11354, 11361, 11397, 11399, 11416, 11430, 11433, 11452, 11498, 11508, 11522, 11531, 11622, 11632, 11634, 11637, 11640, 11732, 11757, 11768, 11783, 11788, 11827, 11885, 11887, 11900, 11930, 11940, 11955, 11990, 11999, 12031, 12051, 12076, 12085, 12096, 12106, 12119, 12140, 12196, 12220, 12231, 12254, 12275, 12302, 12317, 12319, 12336, 12384, 12394, 12414, 12417, 12419, 12459, 12485, 12539, 12542, 12545, 12573, 12621, 12659, 12722, 12736, 12740, 12743, 12755, 12769, 12822, 12832, 12846, 12878, 12886, 12891, 12900, 12909, 12916, 12930, 12935, 12938, 13033, 13071, 13087, 13093, 13125, 13184, 13208, 13263, 13268, 13277, 13287, 13349, 13352, 13417, 13419, 13459, 13468, 13474, 13482, 13486, 13539, 13573, 13576, 13593, 13595, 13602, 13631, 13633, 13677, 13680, 13695, 13700, 13702, 13714, 13717, 13794, 13840, 13846, 13858, 13863, 13888, 13914, 13931, 13939, 13979, 13985, 14011, 14029, 14031, 14064, 14067, 14070, 14111, 14148, 14172, 14186, 14199, 14228, 14235, 14238, 14241, 14247, 14283, 14313, 14316, 14346, 14358, 14375, 14397, 14423, 14452, 14454, 14473, 14504, 14511, 14563, 14572, 14634, 14644, 14652, 14672]",[],"[7, 10, 12, 18, 20, 25, 37, 96, 115, 124, 126, 180, 183, 194, 218, 226, 235, 241, 250, 262, 285, 297, 330, 332, 334, 347, 367, 423, 428, 446, 492, 561, 563, 576, 596, 608, 632, 654, 681, 692, 718, 721, 728, 732, 769, 792, 794, 796, 819, 821, 823, 830, 832, 834, 836, 843, 850, 861, 863, 875, 897, 906, 908, 911, 956, 975, 991, 1031, 1075, 1081, 1161, 1163, 1172, 1187, 1213, 1218, 1220, 1246, 1255, 1263, 1266, 1278, 1303, 1314, 1328, 1341, 1353, 1356, 1365, 1370, 1402, 1419, 1426, 1428, 1440, 1469, 1485, 1514, 1532, 1548, 1587, 1598, 1609, 1646, 1650, 1677, 1691, 1716, 1718, 1723, 1738, 1748, 1754, 1760, 1768, 1770, 1790, 1798, 1810, 1812, 1828, 1830, 1903, 1913, 1916, 1928, 1941, 1974, 1981, 1983, 1987, 2004, 2009, 2014, 2018, 2023, 2128, 2150, 2172, 2174, 2207, 2240, 2278, 2297, 2305, 2310, 2354, 2363, 2370, 2372, 2407, 2425, 2444, 2472, 2480, 2510, 2518, 2533, 2554, 2564, 2575, 2726, 2737, 2740, 2781, 2866, 2869, 2884, 2929, 2956, 2980, 3016, 3021, 3038, 3054, 3070, 3097, 3114, 3119, 3142, 3166, 3210, 3226, 3239, 3241, 3337, 3347, 3383, 3397, 3416, 3425, 3431, 3467, 3485, 3523, 3555, 3567, 3602, 3608, 3611, 3623, 3638, 3652, 3668, 3672, 3674, 3712, 3720, 3741, 3750, 3764, 3769, 3776, 3780, 3782, 3788, 3794, 3796, 3804, 3812, 3815, 3817, 3836, 3861, 3870, 3878, 3903, 3914, 3943, 3960, 3970, 4028, 4151, 4164, 4172, 4176, 4207, 4220, 4263, 4270, 4295, 4321, 4340, 4365, 4376, 4387, 4397, 4410, 4417, 4437, 4464, 4485, 4505, 4523, 4531, 4542, 4574, 4591, 4611, 4615, 4617, 4626, 4631, 4634, 4663, 4666, 4704, 4709, 4811, 4817, 4850, 4858, 4864, 4881, 4891, 4897, 4908, 4915, 4939, 4941, 4944, 4980, 4983, 5002, 5087, 5131, 5133, 5135, 5173, 5175, 5210, 5232, 5280, 5317, 5326, 5332, 5340, 5360, 5368, 5390, 5394, 5414, 5437, 5453, 5509, 5521, 5624, 5664, 5671, 5682, 5717, 5743, 5792, 5804, 5820, 5837, 5869, 5873, 5886, 5905, 5928, 5956, 5960, 5973, 6009, 6012, 6014, 6018, 6045, 6055, 6057, 6064, 6068, 6092, 6106, 6130, 6156, 6159, 6179, 6183, 6204, 6250, 6270, 6313, 6320, 6367, 6373, 6379, 6401, 6491, 6510, 6526, 6545, 6549, 6556, 6560, 6562, 6577, 6588, 6609, 6637, 6662, 6666, 6668, 6697, 6716, 6756, 6766, 6781, 6786, 6825, 6848, 6857, 6904, 6913, 6923, 6933, 6946, 6965, 6982, 6992, 7007, 7009, 7038, 7049, 7051, 7098, 7103, 7118, 7123, 7128, 7158, 7163, 7187, 7189, 7216, 7236, 7246, 7259, 7280, 7307, 7347, 7368, 7376, 7379, 7392, 7396, 7428, 7436, 7456, 7459, 7527, 7543, 7545, 7547, 7572, 7581, 7592, 7602, 7615, 7636, 7663, 7665, 7703, 7724, 7732, 7735, 7737, 7770, 7831, 7854, 7870, 7875, 7931, 7980, 7982, 7989, 8024, 8049, 8064, 8106, 8117, 8123, 8143, 8176, 8182, 8187, 8199, 8201, 8238, 8253, 8258, 8297, 8329, 8373, 8384, 8395, 8405, 8418, 8437, 8464, 8481, 8506, 8514, 8531, 8541, 8556, 8561, 8579, 8600, 8606, 8677, 8698, 8708, 8721, 8742, 8769, 8813, 8830, 8856, 8874, 8926, 8938, 8941, 8982, 8987, 9044, 9052, 9071, 9079, 9084, 9097, 9099, 9118, 9121, 9137, 9166, 9185, 9196, 9199, 9201, 9206, 9244, 9251, 9282, 9330, 9333, 9364, 9374, 9383, 9391, 9424, 9441, 9454, 9482, 9566, 9571, 9585, 9591, 9595, 9615, 9622, 9648, 9650, 9654, 9730, 9759, 9808, 9820, 9831, 9899, 9924, 9934, 9946, 9962, 9986, 9989, 9998, 10007, 10014, 10021, 10037, 10083, 10087, 10102, 10106, 10119, 10125, 10129, 10167, 10197, 10232, 10257, 10274, 10281, 10287, 10306, 10356, 10369, 10381, 10392, 10398, 10412, 10462, 10467, 10478, 10480, 10496, 10500, 10502, 10522, 10539, 10594, 10605, 10610, 10619, 10625, 10646, 10648, 10650, 10678, 10733, 10775, 10805, 10818, 10863, 10870, 10895, 10905, 10939, 10948, 10952, 10955, 11011, 11017, 11052, 11061, 11068, 11071, 11105, 11134, 11187, 11213, 11236, 11241, 11250, 11268, 11274, 11301, 11331, 11354, 11361, 11397, 11399, 11416, 11430, 11433, 11452, 11498, 11508, 11522, 11531, 11622, 11632, 11634, 11637, 11640, 11732, 11757, 11768, 11783, 11788, 11827, 11885, 11887, 11900, 11930, 11940, 11955, 11990, 11999, 12031, 12051, 12076, 12085, 12096, 12106, 12119, 12140, 12196, 12220, 12231, 12254, 12275, 12302, 12317, 12319, 12336, 12384, 12394, 12414, 12417, 12419, 12459, 12485, 12539, 12542, 12545, 12573, 12621, 12659, 12722, 12736, 12740, 12743, 12755, 12769, 12822, 12832, 12846, 12878, 12886, 12891, 12900, 12909, 12916, 12930, 12935, 12938, 13033, 13071, 13087, 13093, 13125, 13184, 13208, 13263, 13268, 13277, 13287, 13349, 13352, 13417, 13419, 13459, 13468, 13474, 13482, 13486, 13539, 13573, 13576, 13593, 13595, 13602, 13631, 13633, 13677, 13680, 13695, 13700, 13702, 13714, 13717, 13794, 13840, 13846, 13858, 13863, 13888, 13914, 13931, 13939, 13979, 13985, 14011, 14029, 14031, 14064, 14067, 14070, 14111, 14148, 14172, 14186, 14199, 14228, 14235, 14238, 14241, 14247, 14283, 14313, 14316, 14346, 14358, 14375, 14397, 14423, 14452, 14454, 14473, 14504, 14511, 14563, 14572, 14634, 14644, 14652, 14672]","[5389, 9590, 13183]",14687,770,13917,0,770,13914,3
-4.0,HUMELAFIN,"[4, 12, 44, 49, 54, 62, 71, 99, 116, 153, 209, 272, 275, 278, 280, 302, 317, 327, 331, 339, 356, 418, 452, 493, 504, 519, 539, 543, 549, 554, 558, 562, 580, 590, 599, 638, 640, 649, 656, 683, 690, 705, 735, 738, 777, 787, 803, 832, 840, 844, 854, 894, 896, 913, 915, 924, 953, 994, 999, 1034, 1036, 1049, 1051, 1074, 1090, 1097, 1153, 1161, 1169, 1185, 1191, 1198, 1209, 1219, 1221, 1245, 1257, 1263, 1270, 1281, 1299, 1306, 1311, 1352, 1361, 1415, 1420, 1444, 1449, 1457, 1462, 1518, 1535, 1539, 1550, 1553, 1560, 1588, 1609, 1628, 1648, 1658, 1705, 1720, 1725, 1751, 1758, 1787, 1856, 1874]",[],"[4, 12, 44, 49, 54, 62, 71, 99, 116, 153, 209, 272, 275, 278, 280, 302, 317, 327, 331, 339, 356, 418, 452, 493, 504, 519, 539, 543, 549, 554, 558, 562, 580, 590, 599, 638, 640, 649, 656, 683, 690, 705, 735, 738, 777, 787, 803, 832, 840, 844, 854, 894, 896, 913, 915, 924, 953, 994, 999, 1034, 1036, 1049, 1051, 1074, 1090, 1097, 1153, 1161, 1169, 1185, 1191, 1198, 1209, 1219, 1221, 1245, 1257, 1263, 1270, 1281, 1299, 1306, 1311, 1352, 1361, 1415, 1420, 1444, 1449, 1457, 1462, 1518, 1535, 1539, 1550, 1553, 1560, 1588, 1609, 1628, 1648, 1658, 1705, 1720, 1725, 1751, 1758, 1787, 1856, 1874]",[326],1871,110,1761,0,110,1760,1
-4.0,HUMEPOHYDD,"[12, 38, 52, 84, 89, 103, 118, 125, 128, 134, 140, 167, 211, 238, 265, 276, 297, 321, 327, 351, 357, 363, 381, 391, 398, 437, 452, 480, 497, 505, 512, 533, 562, 587, 616, 638, 641, 741, 777, 799, 819, 821, 830, 846, 850, 866, 905, 944, 946, 949, 998, 1002, 1013, 1049, 1074, 1080, 1094, 1108, 1112, 1117, 1148, 1150, 1198, 1210, 1215, 1224, 1227, 1238, 1242, 1254, 1278, 1289, 1352, 1369, 1381, 1434, 1436, 1444, 1447, 1459, 1471, 1494, 1500, 1531, 1537, 1561, 1583, 1596, 1630, 1663, 1671, 1679, 1692, 1705, 1719, 1725, 1752, 1766, 1793, 1795, 1819, 1843, 1855, 1858, 1864, 1888, 1941, 1952, 1958, 1961, 1966, 1973, 1980, 2002, 2036, 2044, 2055, 2062, 2072, 2122, 2154, 2165, 2173, 2183, 2191, 2229, 2264, 2276, 2284, 2290, 2299, 2302, 2306, 2311, 2325, 2341, 2387, 2389, 2398, 2405, 2420, 2435, 2446, 2453, 2465, 2469, 2514, 2521, 2524, 2542, 2547, 2549, 2551, 2565, 2619, 2621, 2629, 2726, 2757, 2802, 2816, 2825, 2831, 2833, 2836, 2869, 2889, 2940, 2973, 2991, 2998, 3023, 3033, 3064, 3067, 3070, 3080, 3100, 3138, 3144, 3182, 3256, 3258, 3265, 3267, 3314, 3320, 3328, 3351, 3384, 3392, 3430, 3434, 3444, 3452, 3470, 3473, 3477, 3496, 3512, 3518, 3533, 3589, 3599, 3636, 3650, 3681, 3688, 3758, 3768, 3794, 3802, 3824, 3839, 3899, 3917, 3939, 3942, 3947, 3977, 3998, 4011, 4014, 4029, 4054, 4060, 4072, 4129, 4148, 4152, 4156, 4209, 4223, 4242, 4276, 4307, 4313, 4320, 4348, 4376, 4386, 4394, 4408, 4415, 4423, 4438, 4446, 4453, 4471, 4475, 4500, 4522, 4527, 4540, 4569, 4571, 4596, 4598, 4657, 4705, 4726, 4759, 4803, 4813, 4826, 4869, 4901, 4941, 4943, 4946, 4953, 4959, 4997, 5018, 5037, 5058, 5066, 5112, 5141, 5159, 5186, 5200, 5208, 5212, 5220, 5228, 5232, 5235, 5289, 5296, 5298, 5300, 5302, 5321, 5332, 5337, 5339, 5360, 5366, 5369, 5400, 5411, 5439, 5442, 5449, 5476, 5501, 5524, 5569, 5572, 5590, 5630, 5638, 5657, 5689, 5698, 5701, 5703, 5705, 5718, 5723, 5764, 5781, 5783, 5785, 5791, 5815, 5821, 5890, 5910, 5917, 5926, 5942, 5980, 5985, 5988, 5998, 6006, 6012, 6054, 6068, 6070, 6072, 6086, 6104, 6116, 6125, 6128, 6179, 6218, 6266, 6278, 6290, 6295, 6335, 6350, 6390, 6394, 6410, 6412, 6423, 6427, 6455, 6470, 6475, 6493, 6507, 6538, 6543, 6547, 6586, 6600, 6607, 6632, 6642, 6678, 6759, 6803, 6848, 6870, 6879, 6951, 7037, 7057, 7065, 7099, 7170, 7198, 7202, 7229, 7239, 7254, 7259, 7262, 7298, 7330, 7352, 7375, 7385, 7396, 7406, 7419, 7440, 7484, 7494, 7510, 7530, 7538, 7550, 7553, 7564, 7592, 7606, 7635, 7637, 7654, 7687, 7691, 7696, 7713, 7724, 7726, 7768, 7785, 7798, 7831, 7842, 7870, 7875, 7930, 7947, 7961, 7976, 7981, 7983, 7998, 8019, 8032, 8084, 8119, 8154, 8167, 8218, 8224, 8230, 8272, 8322, 8329, 8344, 8367, 8374, 8379, 8411, 8418, 8429, 8436, 8438, 8464, 8471, 8497, 8539, 8544, 8609, 8651, 8697, 8701, 8729, 8733, 8760, 8770, 8780, 8808, 8819, 8831, 8860, 8874, 8940, 8950, 9000, 9006, 9019, 9046, 9050, 9062, 9069, 9092, 9133, 9135, 9137, 9151, 9208, 9214, 9284, 9308, 9316, 9329, 9339, 9369, 9471, 9477, 9490, 9500, 9510, 9513, 9520, 9546, 9565, 9583, 9602, 9606, 9612, 9632, 9634, 9645, 9653, 9695, 9710, 9714, 9747, 9755, 9757, 9772, 9793, 9867, 9888, 9899, 9924, 9930, 9951, 9983, 9999, 10024, 10039, 10043, 10047, 10062, 10091, 10093, 10102, 10104, 10107, 10120, 10185, 10213, 10264, 10277, 10308, 10320, 10328, 10340, 10352, 10362, 10393, 10395, 10398, 10405, 10411, 10451, 10473, 10476, 10529, 10566, 10579, 10600, 10622, 10645, 10655, 10665, 10698, 10701, 10714, 10717, 10754, 10779, 10814, 10832, 10873, 10878, 10891, 10905, 10922, 10934, 10966, 10976, 11008, 11011, 11018, 11024, 11027, 11083, 11089, 11193, 11216, 11241, 11269, 11280, 11283, 11285, 11287, 11289, 11395, 11397, 11403, 11415, 11483, 11500, 11506, 11544, 11561, 11563, 11566, 11580, 11582, 11615, 11661, 11710, 11716, 11718, 11773, 11797, 11818, 11833, 11835, 11837, 11846, 11849, 11871, 11897, 11954, 11971, 11989, 11999, 12014, 12019, 12022, 12024, 12033, 12090, 12106, 12169, 12184, 12189, 12228, 12260, 12306, 12315, 12326, 12334, 12336, 12368, 12395, 12410, 12435, 12472, 12483, 12493, 12554, 12569, 12571, 12608, 12626, 12648, 12669, 12683, 12685, 12688, 12718, 12731, 12747, 12785, 12790, 12820, 12824, 12829, 12840, 12847, 12852, 12861, 12874, 12883, 12899, 12922, 12925, 12927, 12929, 12933, 13003, 13006, 13008, 13010, 13031, 13059, 13061, 13064, 13077, 13104, 13125, 13128, 13202, 13204, 13215, 13242, 13268, 13280, 13287, 13293, 13323, 13373, 13375, 13412, 13417, 13475, 13506, 13509, 13512, 13551, 13557, 13559, 13564, 13570, 13604, 13619, 13623, 13625, 13643, 13652, 13668, 13670, 13691, 13693, 13724, 13739, 13744, 13748, 13755, 13764, 13805, 13809, 13811, 13816, 13826, 13845, 13866, 13879, 13899, 13913, 13925, 13929, 13951, 13953, 13962, 13972, 13980, 13989, 14050, 14060, 14087, 14096, 14108, 14113, 14169, 14173, 14220, 14284, 14294, 14309, 14311, 14314, 14317, 14319, 14333, 14353, 14385, 14407, 14421, 14432, 14441, 14452, 14462, 14475, 14496, 14523, 14540, 14593, 14607, 14617, 14623, 14625, 14654, 14661, 14677, 14751, 14789, 14795, 14800, 14833, 14893, 14902, 14926, 14930, 14942, 14955, 14962, 14986, 15000, 15044, 15063, 15077, 15101, 15107, 15126, 15165, 15184, 15187, 15198, 15210, 15226, 15228, 15232, 15234, 15243, 15245, 15261, 15296, 15327, 15343, 15350, 15376, 15383, 15416, 15444, 15467, 15496, 15557, 15566, 15621, 15638, 15654, 15667, 15676, 15678, 15706, 15717, 15832, 15859, 15867, 15917, 15925, 15957, 15967, 16047, 16078, 16086, 16091, 16097, 16103, 16106, 16108, 16110, 16112, 16114, 16116, 16118, 16120, 16122, 16124, 16126, 16128, 16130, 16132, 16134, 16136, 16138, 16140, 16142, 16144, 16156, 16164, 16166, 16173, 16205, 16207, 16214, 16225, 16238, 16256, 16260, 16270, 16283, 16288, 16309, 16325, 16391, 16434, 16443, 16464, 16490, 16518, 16571, 16601, 16644, 16654, 16679, 16690, 16697, 16709, 16753, 16772, 16776, 16780, 16782, 16792, 16838, 16886, 16984, 16998, 17007, 17038, 17076, 17081, 17099, 17136, 17160, 17171, 17194, 17207, 17212, 17239, 17259, 17333, 17348, 17402, 17421, 17443, 17480, 17490, 17494, 17503, 17512, 17529, 17551, 17568, 17647, 17678, 17681, 17706, 17778, 17790, 17806, 17811, 17815, 17859, 17871, 17900, 17909, 17915, 17921, 17943, 17957, 17983, 17987, 18008, 18045, 18055, 18065, 18070, 18075, 18078, 18080, 18114, 18146, 18186, 18191, 18200, 18211, 18221, 18234, 18255, 18282, 18297, 18299, 18320, 18328, 18363, 18373, 18388, 18393, 18396, 18431, 18463, 18510, 18530, 18540, 18553, 18574, 18601, 18639, 18666, 18682, 18696, 18727, 18824, 18836, 18858, 18860, 18880, 18888, 18893, 18899, 18927, 18945, 18959, 18973, 18983, 19018, 19053, 19067, 19119, 19123, 19148, 19205, 19216, 19230, 19242, 19281, 19286, 19321, 19348, 19357, 19374, 19379, 19387, 19392, 19395, 19410, 19417, 19447, 19513, 19567, 19572, 19580, 19582, 19593, 19596, 19617, 19643, 19674, 19699, 19745, 19765, 19786, 19815, 19826, 19840, 19868, 19875, 19888, 19898, 19921, 19927, 19932, 19950, 19986, 20013, 20019, 20081, 20094, 20101, 20119, 20162, 20198, 20209, 20243, 20279, 20319, 20372, 20404, 20422, 20424, 20452, 20461, 20464, 20467, 20470, 20473, 20536, 20546, 20551, 20553, 20581, 20618, 20633, 20652, 20669, 20675, 20684, 20689, 20700, 20714, 20721, 20726, 20735, 20740, 20768, 20790, 20808, 20816, 20828, 20858, 20884, 20888, 20891, 20900, 20907, 20919, 20927, 20935, 20955, 20959, 20980, 20982, 20984, 20995, 20999, 21018, 21055, 21060, 21081, 21103, 21113, 21152, 21175, 21190, 21202, 21212, 21214, 21221, 21232, 21260, 21355, 21413, 21439, 21442, 21451, 21469, 21502, 21508, 21510, 21540, 21565, 21578, 21591, 21598, 21610, 21626, 21649, 21666, 21686, 21716, 21730, 21769, 21773, 21816, 21856, 21883, 21889, 21942, 21946, 21951, 21957, 21988, 21992, 22050, 22056, 22060, 22116, 22165, 22175, 22247, 22249, 22252, 22308, 22319, 22345, 22517, 22523, 22532, 22540, 22604, 22622, 22625, 22697, 22739, 22746, 22831, 22857, 22871, 22885, 22953, 22957, 22981, 23011, 23034, 23037, 23057, 23060, 23066, 23084, 23104, 23154, 23156, 23194, 23218, 23315, 23322, 23325, 23327, 23329, 23331, 23360, 23399, 23415, 23427, 23452, 23480, 23498, 23525, 23585, 23634, 23637, 23639, 23653, 23679, 23694, 23711, 23800, 23816, 23827, 23838, 23841, 23857, 23885, 23890, 23910, 23928, 23936, 23952, 24028, 24137, 24145, 24180, 24236, 24249, 24311, 24313, 24317, 24329, 24409, 24433, 24442, 24470, 24472, 24474, 24482, 24489, 24510, 24593, 24602, 24617, 24630, 24705, 24707, 24739, 24741, 24757, 24774, 24781]",[],"[12, 38, 52, 84, 89, 103, 118, 125, 128, 134, 140, 167, 211, 238, 265, 276, 297, 321, 327, 351, 357, 363, 381, 391, 398, 437, 452, 480, 497, 505, 512, 533, 562, 587, 616, 638, 641, 741, 777, 799, 819, 821, 830, 846, 850, 866, 905, 944, 946, 949, 998, 1002, 1013, 1049, 1074, 1080, 1094, 1108, 1112, 1117, 1148, 1150, 1198, 1210, 1215, 1224, 1227, 1238, 1242, 1254, 1278, 1289, 1352, 1369, 1381, 1434, 1436, 1444, 1447, 1459, 1471, 1494, 1500, 1531, 1537, 1561, 1583, 1596, 1630, 1663, 1671, 1679, 1692, 1705, 1719, 1725, 1752, 1766, 1793, 1795, 1819, 1843, 1855, 1858, 1864, 1888, 1941, 1952, 1958, 1961, 1966, 1973, 1980, 2002, 2036, 2044, 2055, 2062, 2072, 2122, 2154, 2165, 2173, 2183, 2191, 2229, 2264, 2276, 2284, 2290, 2299, 2302, 2306, 2311, 2325, 2341, 2387, 2389, 2398, 2405, 2420, 2435, 2446, 2453, 2465, 2469, 2514, 2521, 2524, 2542, 2547, 2549, 2551, 2565, 2619, 2621, 2629, 2726, 2757, 2802, 2816, 2825, 2831, 2833, 2836, 2869, 2889, 2940, 2973, 2991, 2998, 3023, 3033, 3064, 3067, 3070, 3080, 3100, 3138, 3144, 3182, 3256, 3258, 3265, 3267, 3314, 3320, 3328, 3351, 3384, 3392, 3430, 3434, 3444, 3452, 3470, 3473, 3477, 3496, 3512, 3518, 3533, 3589, 3599, 3636, 3650, 3681, 3688, 3758, 3768, 3794, 3802, 3824, 3839, 3899, 3917, 3939, 3942, 3947, 3977, 3998, 4011, 4014, 4029, 4054, 4060, 4072, 4129, 4148, 4152, 4156, 4209, 4223, 4242, 4276, 4307, 4313, 4320, 4348, 4376, 4386, 4394, 4408, 4415, 4423, 4438, 4446, 4453, 4471, 4475, 4500, 4522, 4527, 4540, 4569, 4571, 4596, 4598, 4657, 4705, 4726, 4759, 4803, 4813, 4826, 4869, 4901, 4941, 4943, 4946, 4953, 4959, 4997, 5018, 5037, 5058, 5066, 5112, 5141, 5159, 5186, 5200, 5208, 5212, 5220, 5228, 5232, 5235, 5289, 5296, 5298, 5300, 5302, 5321, 5332, 5337, 5339, 5360, 5366, 5369, 5400, 5411, 5439, 5442, 5449, 5476, 5501, 5524, 5569, 5572, 5590, 5630, 5638, 5657, 5689, 5698, 5701, 5703, 5705, 5718, 5723, 5764, 5781, 5783, 5785, 5791, 5815, 5821, 5890, 5910, 5917, 5926, 5942, 5980, 5985, 5988, 5998, 6006, 6012, 6054, 6068, 6070, 6072, 6086, 6104, 6116, 6125, 6128, 6179, 6218, 6266, 6278, 6290, 6295, 6335, 6350, 6390, 6394, 6410, 6412, 6423, 6427, 6455, 6470, 6475, 6493, 6507, 6538, 6543, 6547, 6586, 6600, 6607, 6632, 6642, 6678, 6759, 6803, 6848, 6870, 6879, 6951, 7037, 7057, 7065, 7099, 7170, 7198, 7202, 7229, 7239, 7254, 7259, 7262, 7298, 7330, 7352, 7375, 7385, 7396, 7406, 7419, 7440, 7484, 7494, 7510, 7530, 7538, 7550, 7553, 7564, 7592, 7606, 7635, 7637, 7654, 7687, 7691, 7696, 7713, 7724, 7726, 7768, 7785, 7798, 7831, 7842, 7870, 7875, 7930, 7947, 7961, 7976, 7981, 7983, 7998, 8019, 8032, 8084, 8119, 8154, 8167, 8218, 8224, 8230, 8272, 8322, 8329, 8344, 8367, 8374, 8379, 8411, 8418, 8429, 8436, 8438, 8464, 8471, 8497, 8539, 8544, 8609, 8651, 8697, 8701, 8729, 8733, 8760, 8770, 8780, 8808, 8819, 8831, 8860, 8874, 8940, 8950, 9000, 9006, 9019, 9046, 9050, 9062, 9069, 9092, 9133, 9135, 9137, 9151, 9208, 9214, 9284, 9308, 9316, 9329, 9339, 9369, 9471, 9477, 9490, 9500, 9510, 9513, 9520, 9546, 9565, 9583, 9602, 9606, 9612, 9632, 9634, 9645, 9653, 9695, 9710, 9714, 9747, 9755, 9757, 9772, 9793, 9867, 9888, 9899, 9924, 9930, 9951, 9983, 9999, 10024, 10039, 10043, 10047, 10062, 10091, 10093, 10102, 10104, 10107, 10120, 10185, 10213, 10264, 10277, 10308, 10320, 10328, 10340, 10352, 10362, 10393, 10395, 10398, 10405, 10411, 10451, 10473, 10476, 10529, 10566, 10579, 10600, 10622, 10645, 10655, 10665, 10698, 10701, 10714, 10717, 10754, 10779, 10814, 10832, 10873, 10878, 10891, 10905, 10922, 10934, 10966, 10976, 11008, 11011, 11018, 11024, 11027, 11083, 11089, 11193, 11216, 11241, 11269, 11280, 11283, 11285, 11287, 11289, 11395, 11397, 11403, 11415, 11483, 11500, 11506, 11544, 11561, 11563, 11566, 11580, 11582, 11615, 11661, 11710, 11716, 11718, 11773, 11797, 11818, 11833, 11835, 11837, 11846, 11849, 11871, 11897, 11954, 11971, 11989, 11999, 12014, 12019, 12022, 12024, 12033, 12090, 12106, 12169, 12184, 12189, 12228, 12260, 12306, 12315, 12326, 12334, 12336, 12368, 12395, 12410, 12435, 12472, 12483, 12493, 12554, 12569, 12571, 12608, 12626, 12648, 12669, 12683, 12685, 12688, 12718, 12731, 12747, 12785, 12790, 12820, 12824, 12829, 12840, 12847, 12852, 12861, 12874, 12883, 12899, 12922, 12925, 12927, 12929, 12933, 13003, 13006, 13008, 13010, 13031, 13059, 13061, 13064, 13077, 13104, 13125, 13128, 13202, 13204, 13215, 13242, 13268, 13280, 13287, 13293, 13323, 13373, 13375, 13412, 13417, 13475, 13506, 13509, 13512, 13551, 13557, 13559, 13564, 13570, 13604, 13619, 13623, 13625, 13643, 13652, 13668, 13670, 13691, 13693, 13724, 13739, 13744, 13748, 13755, 13764, 13805, 13809, 13811, 13816, 13826, 13845, 13866, 13879, 13899, 13913, 13925, 13929, 13951, 13953, 13962, 13972, 13980, 13989, 14050, 14060, 14087, 14096, 14108, 14113, 14169, 14173, 14220, 14284, 14294, 14309, 14311, 14314, 14317, 14319, 14333, 14353, 14385, 14407, 14421, 14432, 14441, 14452, 14462, 14475, 14496, 14523, 14540, 14593, 14607, 14617, 14623, 14625, 14654, 14661, 14677, 14751, 14789, 14795, 14800, 14833, 14893, 14902, 14926, 14930, 14942, 14955, 14962, 14986, 15000, 15044, 15063, 15077, 15101, 15107, 15126, 15165, 15184, 15187, 15198, 15210, 15226, 15228, 15232, 15234, 15243, 15245, 15261, 15296, 15327, 15343, 15350, 15376, 15383, 15416, 15444, 15467, 15496, 15557, 15566, 15621, 15638, 15654, 15667, 15676, 15678, 15706, 15717, 15832, 15859, 15867, 15917, 15925, 15957, 15967, 16047, 16078, 16086, 16091, 16097, 16103, 16106, 16108, 16110, 16112, 16114, 16116, 16118, 16120, 16122, 16124, 16126, 16128, 16130, 16132, 16134, 16136, 16138, 16140, 16142, 16144, 16156, 16164, 16166, 16173, 16205, 16207, 16214, 16225, 16238, 16256, 16260, 16270, 16283, 16288, 16309, 16325, 16391, 16434, 16443, 16464, 16490, 16518, 16571, 16601, 16644, 16654, 16679, 16690, 16697, 16709, 16753, 16772, 16776, 16780, 16782, 16792, 16838, 16886, 16984, 16998, 17007, 17038, 17076, 17081, 17099, 17136, 17160, 17171, 17194, 17207, 17212, 17239, 17259, 17333, 17348, 17402, 17421, 17443, 17480, 17490, 17494, 17503, 17512, 17529, 17551, 17568, 17647, 17678, 17681, 17706, 17778, 17790, 17806, 17811, 17815, 17859, 17871, 17900, 17909, 17915, 17921, 17943, 17957, 17983, 17987, 18008, 18045, 18055, 18065, 18070, 18075, 18078, 18080, 18114, 18146, 18186, 18191, 18200, 18211, 18221, 18234, 18255, 18282, 18297, 18299, 18320, 18328, 18363, 18373, 18388, 18393, 18396, 18431, 18463, 18510, 18530, 18540, 18553, 18574, 18601, 18639, 18666, 18682, 18696, 18727, 18824, 18836, 18858, 18860, 18880, 18888, 18893, 18899, 18927, 18945, 18959, 18973, 18983, 19018, 19053, 19067, 19119, 19123, 19148, 19205, 19216, 19230, 19242, 19281, 19286, 19321, 19348, 19357, 19374, 19379, 19387, 19392, 19395, 19410, 19417, 19447, 19513, 19567, 19572, 19580, 19582, 19593, 19596, 19617, 19643, 19674, 19699, 19745, 19765, 19786, 19815, 19826, 19840, 19868, 19875, 19888, 19898, 19921, 19927, 19932, 19950, 19986, 20013, 20019, 20081, 20094, 20101, 20119, 20162, 20198, 20209, 20243, 20279, 20319, 20372, 20404, 20422, 20424, 20452, 20461, 20464, 20467, 20470, 20473, 20536, 20546, 20551, 20553, 20581, 20618, 20633, 20652, 20669, 20675, 20684, 20689, 20700, 20714, 20721, 20726, 20735, 20740, 20768, 20790, 20808, 20816, 20828, 20858, 20884, 20888, 20891, 20900, 20907, 20919, 20927, 20935, 20955, 20959, 20980, 20982, 20984, 20995, 20999, 21018, 21055, 21060, 21081, 21103, 21113, 21152, 21175, 21190, 21202, 21212, 21214, 21221, 21232, 21260, 21355, 21413, 21439, 21442, 21451, 21469, 21502, 21508, 21510, 21540, 21565, 21578, 21591, 21598, 21610, 21626, 21649, 21666, 21686, 21716, 21730, 21769, 21773, 21816, 21856, 21883, 21889, 21942, 21946, 21951, 21957, 21988, 21992, 22050, 22056, 22060, 22116, 22165, 22175, 22247, 22249, 22252, 22308, 22319, 22345, 22517, 22523, 22532, 22540, 22604, 22622, 22625, 22697, 22739, 22746, 22831, 22857, 22871, 22885, 22953, 22957, 22981, 23011, 23034, 23037, 23057, 23060, 23066, 23084, 23104, 23154, 23156, 23194, 23218, 23315, 23322, 23325, 23327, 23329, 23331, 23360, 23399, 23415, 23427, 23452, 23480, 23498, 23525, 23585, 23634, 23637, 23639, 23653, 23679, 23694, 23711, 23800, 23816, 23827, 23838, 23841, 23857, 23885, 23890, 23910, 23928, 23936, 23952, 24028, 24137, 24145, 24180, 24236, 24249, 24311, 24313, 24317, 24329, 24409, 24433, 24442, 24470, 24472, 24474, 24482, 24489, 24510, 24593, 24602, 24617, 24630, 24705, 24707, 24739, 24741, 24757, 24774, 24781]","[5656, 8696, 15620, 16085, 16775, 19204, 21354]",24783,1277,23506,0,1277,23499,7
-4.0,HUMG0S24B,"[29, 41, 47, 55, 78, 92, 96, 104, 106, 108, 110, 112, 124, 140, 148, 152, 164, 184, 188, 190, 224, 263, 283, 310, 357, 366, 389, 419, 451, 505, 514, 525, 539, 600, 632, 636, 659, 675, 681, 802, 813, 856, 874, 881, 923, 950, 953, 965, 968, 983, 998, 1006, 1025, 1034, 1044, 1088, 1102, 1111, 1114, 1134, 1138, 1180, 1183, 1201, 1213, 1241, 1262, 1265, 1269, 1294, 1318, 1332, 1377, 1393, 1400, 1416, 1450, 1466, 1472, 1498, 1558, 1565, 1601, 1617, 1625, 1678, 1743, 1761, 1786, 1792, 1857, 1864, 1955, 2041, 2098, 2159, 2163, 2198, 2214, 2222, 2237, 2242, 2309, 2324, 2345, 2387, 2395, 2403, 2414, 2446, 2458, 2461, 2484, 2502, 2510, 2566, 2574, 2576, 2587, 2599, 2611, 2613, 2623, 2644, 2702, 2719, 2724, 2753, 2770, 2776, 2778, 2786, 2818, 2844, 2856, 2930, 2947, 2950, 2963, 2983, 3016, 3035, 3059, 3069, 3071, 3101, 3103, 3130]",[],"[29, 41, 47, 55, 78, 92, 96, 104, 106, 108, 110, 112, 124, 140, 148, 152, 164, 184, 188, 190, 224, 263, 283, 310, 357, 366, 389, 419, 451, 505, 514, 525, 539, 600, 632, 636, 659, 675, 681, 802, 813, 856, 874, 881, 923, 950, 953, 965, 968, 983, 998, 1006, 1025, 1034, 1044, 1088, 1102, 1111, 1114, 1134, 1138, 1180, 1183, 1201, 1213, 1241, 1262, 1265, 1269, 1294, 1318, 1332, 1377, 1393, 1400, 1416, 1450, 1466, 1472, 1498, 1558, 1565, 1601, 1617, 1625, 1678, 1743, 1761, 1786, 1792, 1857, 1864, 1955, 2041, 2098, 2159, 2163, 2198, 2214, 2222, 2237, 2242, 2309, 2324, 2345, 2387, 2395, 2403, 2414, 2446, 2458, 2461, 2484, 2502, 2510, 2566, 2574, 2576, 2587, 2599, 2611, 2613, 2623, 2644, 2702, 2719, 2724, 2753, 2770, 2776, 2778, 2786, 2818, 2844, 2856, 2930, 2947, 2950, 2963, 2983, 3016, 3035, 3059, 3069, 3071, 3101, 3103, 3130]",[631],3128,148,2980,0,148,2979,1
-4.0,HUMG0S8PP,"[13, 79, 92, 98, 162, 164, 198, 217, 223, 249, 314, 357, 365, 373, 392, 402, 450, 452, 459, 461, 467, 469, 503, 530, 536, 546, 613, 626, 631, 661, 667, 705, 744, 746, 755, 757, 766, 785, 806, 820, 849, 882, 890, 909, 916, 933, 940, 943, 957, 959, 965, 989, 996, 1007, 1019, 1085, 1097, 1105, 1149, 1159, 1162, 1182, 1196, 1231, 1270, 1282, 1305, 1337, 1343, 1371, 1374, 1380, 1391, 1406, 1409, 1427, 1477, 1508, 1518, 1524, 1589, 1615, 1649, 1673, 1720, 1727, 1730, 1762, 1775, 1788, 1802, 1815, 1817, 1876, 1883, 1899, 1904, 1927, 1935, 1944, 1960, 1962, 1971, 2010, 2084, 2143, 2149, 2153, 2209, 2255, 2258, 2325, 2334, 2360, 2400, 2433, 2439, 2460, 2580, 2587, 2597, 2637, 2683, 2687, 2745, 2768, 2814, 2822, 2827, 2832, 2843, 2854, 2859, 2880, 2895, 2898, 2921, 2978, 2995, 3007, 3037, 3052, 3067, 3084, 3114, 3122, 3137, 3147, 3162, 3164, 3167, 3171, 3199, 3214, 3219, 3228, 3231, 3262, 3280, 3287, 3291, 3306, 3315, 3326, 3359, 3373, 3375, 3422, 3432, 3450, 3459, 3468, 3494, 3503, 3511, 3516, 3538, 3559, 3563, 3570, 3578, 3591, 3601, 3612, 3625, 3627, 3634, 3638, 3660, 3687, 3769, 3773, 3785, 3804, 3837, 3841, 3895, 3898, 3933, 3937, 3991, 4037, 4057, 4082, 4114, 4146, 4152, 4162, 4168, 4173, 4177, 4197, 4213, 4268, 4290, 4317, 4325, 4357, 4400, 4433, 4441, 4483, 4511, 4522, 4552, 4589, 4647, 4659, 4700, 4708, 4737, 4744, 4754, 4757, 4767, 4772, 4778, 4786, 4798, 4830, 4887, 4957, 4986, 5020, 5030, 5051, 5053, 5097, 5154, 5192, 5194, 5229, 5234, 5237, 5253, 5274, 5297, 5299, 5323, 5326, 5334, 5337, 5339, 5362, 5384, 5392, 5396, 5433, 5443, 5450, 5453, 5479, 5490, 5499, 5511, 5517, 5522, 5524, 5533, 5541, 5549, 5572, 5577, 5580, 5587, 5607, 5611, 5613, 5622, 5634, 5636, 5650, 5658, 5660, 5673, 5675, 5679, 5686, 5699, 5724, 5727, 5781, 5789, 5816, 5846, 5861, 5867, 5878, 5891, 5914, 5971, 6057, 6063, 6071, 6092, 6111, 6148, 6163, 6227, 6237, 6248, 6258, 6268, 6293, 6331, 6376, 6388, 6401, 6438, 6458, 6479, 6488, 6490, 6499, 6540, 6550, 6553, 6627, 6637, 6646, 6676, 6721, 6728, 6759, 6798, 6833, 6835, 6840, 6893, 6917, 6925, 6966, 7018, 7062, 7064, 7112, 7119, 7141, 7168, 7215, 7269, 7287, 7328]",[],"[13, 79, 92, 98, 162, 164, 198, 217, 223, 249, 314, 357, 365, 373, 392, 402, 450, 452, 459, 461, 467, 469, 503, 530, 536, 546, 613, 626, 631, 661, 667, 705, 744, 746, 755, 757, 766, 785, 806, 820, 849, 882, 890, 909, 916, 933, 940, 943, 957, 959, 965, 989, 996, 1007, 1019, 1085, 1097, 1105, 1149, 1159, 1162, 1182, 1196, 1231, 1270, 1282, 1305, 1337, 1343, 1371, 1374, 1380, 1391, 1406, 1409, 1427, 1477, 1508, 1518, 1524, 1589, 1615, 1649, 1673, 1720, 1727, 1730, 1762, 1775, 1788, 1802, 1815, 1817, 1876, 1883, 1899, 1904, 1927, 1935, 1944, 1960, 1962, 1971, 2010, 2084, 2143, 2149, 2153, 2209, 2255, 2258, 2325, 2334, 2360, 2400, 2433, 2439, 2460, 2580, 2587, 2597, 2637, 2683, 2687, 2745, 2768, 2814, 2822, 2827, 2832, 2843, 2854, 2859, 2880, 2895, 2898, 2921, 2978, 2995, 3007, 3037, 3052, 3067, 3084, 3114, 3122, 3137, 3147, 3162, 3164, 3167, 3171, 3199, 3214, 3219, 3228, 3231, 3262, 3280, 3287, 3291, 3306, 3315, 3326, 3359, 3373, 3375, 3422, 3432, 3450, 3459, 3468, 3494, 3503, 3511, 3516, 3538, 3559, 3563, 3570, 3578, 3591, 3601, 3612, 3625, 3627, 3634, 3638, 3660, 3687, 3769, 3773, 3785, 3804, 3837, 3841, 3895, 3898, 3933, 3937, 3991, 4037, 4057, 4082, 4114, 4146, 4152, 4162, 4168, 4173, 4177, 4197, 4213, 4268, 4290, 4317, 4325, 4357, 4400, 4433, 4441, 4483, 4511, 4522, 4552, 4589, 4647, 4659, 4700, 4708, 4737, 4744, 4754, 4757, 4767, 4772, 4778, 4786, 4798, 4830, 4887, 4957, 4986, 5020, 5030, 5051, 5053, 5097, 5154, 5192, 5194, 5229, 5234, 5237, 5253, 5274, 5297, 5299, 5323, 5326, 5334, 5337, 5339, 5362, 5384, 5392, 5396, 5433, 5443, 5450, 5453, 5479, 5490, 5499, 5511, 5517, 5522, 5524, 5533, 5541, 5549, 5572, 5577, 5580, 5587, 5607, 5611, 5613, 5622, 5634, 5636, 5650, 5658, 5660, 5673, 5675, 5679, 5686, 5699, 5724, 5727, 5781, 5789, 5816, 5846, 5861, 5867, 5878, 5891, 5914, 5971, 6057, 6063, 6071, 6092, 6111, 6148, 6163, 6227, 6237, 6248, 6258, 6268, 6293, 6331, 6376, 6388, 6401, 6438, 6458, 6479, 6488, 6490, 6499, 6540, 6550, 6553, 6627, 6637, 6646, 6676, 6721, 6728, 6759, 6798, 6833, 6835, 6840, 6893, 6917, 6925, 6966, 7018, 7062, 7064, 7112, 7119, 7141, 7168, 7215, 7269, 7287, 7328]","[2682, 3768, 3932, 4646]",7338,363,6975,0,363,6971,4
-4.0,HUMGAD45A,"[12, 30, 33, 47, 49, 64, 72, 101, 135, 149, 162, 222, 227, 234, 256, 258, 272, 279, 288, 374, 393, 398, 430, 439, 471, 482, 523, 540, 589, 591, 600, 605, 629, 650, 681, 714, 725, 765, 787, 799, 889, 896, 913, 928, 951, 964, 992, 1009, 1043, 1047, 1058, 1115, 1121, 1135, 1139, 1152, 1154, 1170, 1179, 1198, 1216, 1251, 1293, 1315, 1322, 1338, 1388, 1395, 1397, 1401, 1403, 1411, 1414, 1426, 1432, 1448, 1483, 1503, 1506, 1545, 1559, 1569, 1581, 1601, 1629, 1633, 1762, 1780, 1801, 1833, 1907, 2000, 2021, 2089, 2137, 2204, 2207, 2218, 2260, 2267, 2274, 2300, 2302, 2305, 2314, 2327, 2362, 2458, 2462, 2466, 2496, 2544, 2597, 2601, 2656, 2669, 2700, 2744, 2770, 2820, 2826, 2836, 2847, 2861, 2900, 2910, 2918, 2928, 2952, 2958, 2969, 2976, 2979, 3004, 3007, 3077, 3079, 3093, 3114, 3133, 3150, 3156, 3158, 3183, 3185, 3189, 3204, 3241, 3284, 3299, 3354, 3357, 3421, 3424, 3426, 3429, 3466, 3501, 3535, 3634, 3640, 3646, 3676, 3698, 3709, 3720, 3728, 3731, 3735, 3741, 3750, 3762, 3773, 3775, 3798, 3804, 3825, 3828, 3839, 3881, 3885, 3892, 3933, 4003, 4023, 4045, 4047, 4063, 4096, 4168, 4172, 4180, 4185, 4195, 4201, 4212, 4241, 4246, 4251, 4284, 4294, 4304, 4309, 4325, 4335, 4354, 4386, 4397, 4403, 4410, 4415, 4428, 4473, 4477, 4480, 4491, 4500, 4516, 4518, 4530, 4591, 4604, 4612, 4635, 4641, 4643, 4658, 4680, 4693, 4711, 4756, 4768, 4783, 4803, 4809, 4829, 4873, 4890, 4893, 4905, 4957, 4961, 4973, 5016, 5037, 5039, 5057, 5105, 5121, 5126, 5150, 5156, 5162, 5164, 5175, 5181, 5190, 5206, 5226, 5256, 5285, 5307, 5327]",[],"[12, 30, 33, 47, 49, 64, 72, 101, 135, 149, 162, 222, 227, 234, 256, 258, 272, 279, 288, 374, 393, 398, 430, 439, 471, 482, 523, 540, 589, 591, 600, 605, 629, 650, 681, 714, 725, 765, 787, 799, 889, 896, 913, 928, 951, 964, 992, 1009, 1043, 1047, 1058, 1115, 1121, 1135, 1139, 1152, 1154, 1170, 1179, 1198, 1216, 1251, 1293, 1315, 1322, 1338, 1388, 1395, 1397, 1401, 1403, 1411, 1414, 1426, 1432, 1448, 1483, 1503, 1506, 1545, 1559, 1569, 1581, 1601, 1629, 1633, 1762, 1780, 1801, 1833, 1907, 2000, 2021, 2089, 2137, 2204, 2207, 2218, 2260, 2267, 2274, 2300, 2302, 2305, 2314, 2327, 2362, 2458, 2462, 2466, 2496, 2544, 2597, 2601, 2656, 2669, 2700, 2744, 2770, 2820, 2826, 2836, 2847, 2861, 2900, 2910, 2918, 2928, 2952, 2958, 2969, 2976, 2979, 3004, 3007, 3077, 3079, 3093, 3114, 3133, 3150, 3156, 3158, 3183, 3185, 3189, 3204, 3241, 3284, 3299, 3354, 3357, 3421, 3424, 3426, 3429, 3466, 3501, 3535, 3634, 3640, 3646, 3676, 3698, 3709, 3720, 3728, 3731, 3735, 3741, 3750, 3762, 3773, 3775, 3798, 3804, 3825, 3828, 3839, 3881, 3885, 3892, 3933, 4003, 4023, 4045, 4047, 4063, 4096, 4168, 4172, 4180, 4185, 4195, 4201, 4212, 4241, 4246, 4251, 4284, 4294, 4304, 4309, 4325, 4335, 4354, 4386, 4397, 4403, 4410, 4415, 4428, 4473, 4477, 4480, 4491, 4500, 4516, 4518, 4530, 4591, 4604, 4612, 4635, 4641, 4643, 4658, 4680, 4693, 4711, 4756, 4768, 4783, 4803, 4809, 4829, 4873, 4890, 4893, 4905, 4957, 4961, 4973, 5016, 5037, 5039, 5057, 5105, 5121, 5126, 5150, 5156, 5162, 5164, 5175, 5181, 5190, 5206, 5226, 5256, 5285, 5307, 5327]","[2596, 3184, 3645]",5371,263,5108,0,263,5105,3
-4.0,HUMGARE,"[21, 26, 56, 72, 90, 110, 144, 153, 217, 300, 310, 323, 390, 430, 437, 499, 591, 599, 610, 624, 634, 687, 722, 757, 759, 811, 815, 853, 874, 937, 950, 965, 991, 996, 1008, 1015, 1035, 1042, 1048, 1057, 1069, 1111, 1117, 1120, 1122, 1139, 1156, 1177, 1183, 1193, 1246, 1256, 1262, 1265, 1274, 1278, 1286, 1293, 1323, 1330, 1357, 1365, 1387, 1400, 1415, 1451, 1461, 1468, 1472, 1497, 1526, 1538, 1541, 1545, 1548, 1555, 1557, 1574, 1584, 1615, 1626, 1628, 1642, 1669, 1674, 1689, 1722, 1726, 1795, 1824, 1846, 1865, 1873, 1882, 1898, 1901, 1907, 2023, 2041, 2065, 2068, 2098, 2128, 2149, 2209, 2224, 2240, 2244, 2294, 2300, 2306, 2315, 2329, 2331, 2339, 2354, 2356, 2359, 2365, 2374, 2398, 2406, 2408, 2412, 2416, 2418, 2436, 2456, 2490, 2492, 2520, 2526, 2534, 2543, 2559, 2571, 2573, 2580, 2583, 2592, 2602, 2604, 2612, 2616, 2632, 2640, 2654, 2789, 2795, 2813, 2862, 2911, 2937, 2944, 2948, 2950, 2961, 2965, 2985, 2999, 3001, 3004, 3013, 3071, 3094, 3119, 3134, 3160, 3187, 3191, 3208, 3214, 3237, 3255, 3260, 3318, 3331, 3347, 3370, 3397, 3410, 3505, 3508, 3516, 3523, 3529, 3532, 3546, 3548, 3552, 3559, 3566, 3576, 3599, 3620, 3665, 3667, 3679, 3698, 3813, 3862, 3873, 3879, 3994, 4031, 4114, 4124, 4142, 4201, 4251, 4264, 4330, 4346, 4364, 4374, 4406, 4425, 4470, 4493, 4503, 4508, 4520, 4533, 4569, 4576, 4582, 4599, 4626, 4638, 4702, 4705, 4713, 4719]",[],"[21, 26, 56, 72, 90, 110, 144, 153, 217, 300, 310, 323, 390, 430, 437, 499, 591, 599, 610, 624, 634, 687, 722, 757, 759, 811, 815, 853, 874, 937, 950, 965, 991, 996, 1008, 1015, 1035, 1042, 1048, 1057, 1069, 1111, 1117, 1120, 1122, 1139, 1156, 1177, 1183, 1193, 1246, 1256, 1262, 1265, 1274, 1278, 1286, 1293, 1323, 1330, 1357, 1365, 1387, 1400, 1415, 1451, 1461, 1468, 1472, 1497, 1526, 1538, 1541, 1545, 1548, 1555, 1557, 1574, 1584, 1615, 1626, 1628, 1642, 1669, 1674, 1689, 1722, 1726, 1795, 1824, 1846, 1865, 1873, 1882, 1898, 1901, 1907, 2023, 2041, 2065, 2068, 2098, 2128, 2149, 2209, 2224, 2240, 2244, 2294, 2300, 2306, 2315, 2329, 2331, 2339, 2354, 2356, 2359, 2365, 2374, 2398, 2406, 2408, 2412, 2416, 2418, 2436, 2456, 2490, 2492, 2520, 2526, 2534, 2543, 2559, 2571, 2573, 2580, 2583, 2592, 2602, 2604, 2612, 2616, 2632, 2640, 2654, 2789, 2795, 2813, 2862, 2911, 2937, 2944, 2948, 2950, 2961, 2965, 2985, 2999, 3001, 3004, 3013, 3071, 3094, 3119, 3134, 3160, 3187, 3191, 3208, 3214, 3237, 3255, 3260, 3318, 3331, 3347, 3370, 3397, 3410, 3505, 3508, 3516, 3523, 3529, 3532, 3546, 3548, 3552, 3559, 3566, 3576, 3599, 3620, 3665, 3667, 3679, 3698, 3813, 3862, 3873, 3879, 3994, 4031, 4114, 4124, 4142, 4201, 4251, 4264, 4330, 4346, 4364, 4374, 4406, 4425, 4470, 4493, 4503, 4508, 4520, 4533, 4569, 4576, 4582, 4599, 4626, 4638, 4702, 4705, 4713, 4719]","[810, 2239, 2653, 3118]",4747,233,4514,0,233,4510,4
-4.0,HUMGCK,"[13, 19, 28, 37, 39, 58, 67, 69, 74, 77, 80, 100, 156, 186, 220, 236, 245, 256, 263, 274, 296, 305, 313, 405, 407, 445, 469, 476, 479, 495, 498, 507, 536, 542, 574, 599, 635, 726, 738, 767, 775, 810, 857, 917, 927, 953, 980, 1113, 1138, 1189, 1219, 1221, 1233, 1250, 1254, 1300, 1312, 1370, 1386, 1393, 1450, 1499, 1515, 1519, 1521, 1526, 1543, 1583, 1630, 1639, 1641, 1664, 1670, 1678, 1685, 1749, 1781, 1832, 1874, 1954, 1990, 1996, 2007, 2053, 2139, 2157, 2263, 2278, 2286, 2337, 2346, 2351, 2445, 2455, 2463, 2473, 2488, 2494, 2598, 2600, 2648, 2681, 2720, 2776, 2865, 2880, 2896, 2947, 2960, 2965, 2972, 3005, 3014, 3017, 3022, 3035, 3052, 3079, 3081, 3097, 3109, 3111, 3124, 3143, 3192, 3198, 3218, 3249, 3313, 3315, 3336, 3361, 3371, 3399, 3485, 3502, 3524, 3582, 3615, 3636, 3651, 3685, 3689, 3691, 3718, 3730, 3758, 3775, 3784, 3790, 3800, 3813, 3820, 3840, 3883, 3955, 3964, 3975, 4031, 4080, 4088, 4090, 4096, 4098, 4127, 4169, 4180, 4213, 4289, 4313, 4322, 4385, 4401, 4431, 4439, 4460, 4495, 4504, 4535, 4554, 4559, 4590, 4601, 4606, 4623, 4678, 4768, 4771, 4807, 4821, 4902, 4931, 4934, 4943, 4955, 4993, 5000, 5012, 5016, 5064, 5066, 5089, 5093, 5119, 5124, 5140, 5154, 5157, 5165, 5229, 5247, 5310, 5319, 5342, 5346, 5357, 5393, 5405, 5418, 5443, 5453, 5498, 5542, 5581, 5585, 5608, 5624, 5638, 5648, 5651, 5656, 5718, 5773, 5785, 5791, 5803, 5809, 5826, 5833, 5849, 5858, 5873, 5948, 5950, 5957, 5965, 5967, 5982, 5986, 6007, 6030, 6048, 6196, 6321, 6342, 6344, 6365, 6387, 6423, 6438, 6444, 6456, 6458, 6476, 6501, 6506, 6534, 6544, 6565, 6579, 6608, 6617, 6631, 6640, 6652, 6685, 6722, 6731, 6745, 6754, 6766, 6818, 6831, 6872, 6886, 6906, 6915, 6922, 6934, 6947, 6956, 7014, 7027, 7063, 7120, 7128, 7156, 7229, 7264, 7273, 7307, 7326, 7355, 7357, 7433, 7502, 7504, 7557, 7564, 7592, 7774, 7776, 7780, 7797]",[],"[13, 19, 28, 37, 39, 58, 67, 69, 74, 77, 80, 100, 156, 186, 220, 236, 245, 256, 263, 274, 296, 305, 313, 405, 407, 445, 469, 476, 479, 495, 498, 507, 536, 542, 574, 599, 635, 726, 738, 767, 775, 810, 857, 917, 927, 953, 980, 1113, 1138, 1189, 1219, 1221, 1233, 1250, 1254, 1300, 1312, 1370, 1386, 1393, 1450, 1499, 1515, 1519, 1521, 1526, 1543, 1583, 1630, 1639, 1641, 1664, 1670, 1678, 1685, 1749, 1781, 1832, 1874, 1954, 1990, 1996, 2007, 2053, 2139, 2157, 2263, 2278, 2286, 2337, 2346, 2351, 2445, 2455, 2463, 2473, 2488, 2494, 2598, 2600, 2648, 2681, 2720, 2776, 2865, 2880, 2896, 2947, 2960, 2965, 2972, 3005, 3014, 3017, 3022, 3035, 3052, 3079, 3081, 3097, 3109, 3111, 3124, 3143, 3192, 3198, 3218, 3249, 3313, 3315, 3336, 3361, 3371, 3399, 3485, 3502, 3524, 3582, 3615, 3636, 3651, 3685, 3689, 3691, 3718, 3730, 3758, 3775, 3784, 3790, 3800, 3813, 3820, 3840, 3883, 3955, 3964, 3975, 4031, 4080, 4088, 4090, 4096, 4098, 4127, 4169, 4180, 4213, 4289, 4313, 4322, 4385, 4401, 4431, 4439, 4460, 4495, 4504, 4535, 4554, 4559, 4590, 4601, 4606, 4623, 4678, 4768, 4771, 4807, 4821, 4902, 4931, 4934, 4943, 4955, 4993, 5000, 5012, 5016, 5064, 5066, 5089, 5093, 5119, 5124, 5140, 5154, 5157, 5165, 5229, 5247, 5310, 5319, 5342, 5346, 5357, 5393, 5405, 5418, 5443, 5453, 5498, 5542, 5581, 5585, 5608, 5624, 5638, 5648, 5651, 5656, 5718, 5773, 5785, 5791, 5803, 5809, 5826, 5833, 5849, 5858, 5873, 5948, 5950, 5957, 5965, 5967, 5982, 5986, 6007, 6030, 6048, 6196, 6321, 6342, 6344, 6365, 6387, 6423, 6438, 6444, 6456, 6458, 6476, 6501, 6506, 6534, 6544, 6565, 6579, 6608, 6617, 6631, 6640, 6652, 6685, 6722, 6731, 6745, 6754, 6766, 6818, 6831, 6872, 6886, 6906, 6915, 6922, 6934, 6947, 6956, 7014, 7027, 7063, 7120, 7128, 7156, 7229, 7264, 7273, 7307, 7326, 7355, 7357, 7433, 7502, 7504, 7557, 7564, 7592, 7774, 7776, 7780, 7797]","[1188, 3360, 3882, 4312, 4806, 5015, 5452, 5964, 6475]",7530,314,7216,0,314,7207,9
-4.0,HUMGFP40H,"[5, 9, 12, 16, 23, 29, 51, 58, 71, 79, 81, 111, 139, 153, 162, 225, 244, 279, 290, 326, 331, 368, 388, 435, 462, 473, 502, 523, 558, 622, 627, 635, 648, 652, 656, 663, 687, 698, 704, 711, 717, 725, 727, 764, 766, 784, 791, 812, 835, 842, 856, 911, 955, 964, 998, 1040, 1051, 1059, 1063, 1141, 1148, 1151, 1157, 1174, 1178, 1183, 1198, 1218, 1222, 1230, 1240, 1262, 1272, 1288, 1299, 1308, 1322, 1383, 1413, 1466, 1474, 1518, 1566, 1569, 1579, 1612, 1676, 1679, 1683, 1698, 1704, 1708, 1732, 1746, 1749, 1753, 1804, 1815, 1841, 1847, 1871, 1876, 1944, 1966, 1995, 2035, 2045, 2050, 2056, 2094, 2112, 2114, 2177, 2226, 2237, 2251, 2267, 2273, 2333, 2350, 2356, 2362, 2400, 2419, 2487, 2497, 2547, 2552, 2564, 2570, 2587, 2589, 2594, 2598, 2602, 2612, 2619, 2625, 2629, 2640, 2647, 2661, 2685, 2695, 2705, 2739, 2753, 2782, 2797, 2856, 2858, 2892, 2930, 2947, 2950, 2973, 2977, 2986, 2991, 2996, 3010, 3020, 3035, 3040, 3043, 3079, 3085, 3111, 3127, 3131, 3156, 3176, 3186, 3195, 3220, 3247, 3262, 3264, 3296, 3320, 3326, 3416, 3421, 3427, 3440, 3449, 3502, 3516, 3546, 3562, 3616, 3621, 3656, 3717, 3722, 3782, 3834, 3836, 3838, 3840, 3842, 3844, 3846, 3848, 3850, 3852, 3854, 3856, 3858, 3860, 3862, 3864, 3866, 3868, 3870, 3872, 3899, 3915, 3963, 3965, 4026, 4063, 4071, 4096, 4107, 4161, 4269, 4291, 4309, 4315, 4318, 4328, 4338, 4342, 4368]",[],"[5, 9, 12, 16, 23, 29, 51, 58, 71, 79, 81, 111, 139, 153, 162, 225, 244, 279, 290, 326, 331, 368, 388, 435, 462, 473, 502, 523, 558, 622, 627, 635, 648, 652, 656, 663, 687, 698, 704, 711, 717, 725, 727, 764, 766, 784, 791, 812, 835, 842, 856, 911, 955, 964, 998, 1040, 1051, 1059, 1063, 1141, 1148, 1151, 1157, 1174, 1178, 1183, 1198, 1218, 1222, 1230, 1240, 1262, 1272, 1288, 1299, 1308, 1322, 1383, 1413, 1466, 1474, 1518, 1566, 1569, 1579, 1612, 1676, 1679, 1683, 1698, 1704, 1708, 1732, 1746, 1749, 1753, 1804, 1815, 1841, 1847, 1871, 1876, 1944, 1966, 1995, 2035, 2045, 2050, 2056, 2094, 2112, 2114, 2177, 2226, 2237, 2251, 2267, 2273, 2333, 2350, 2356, 2362, 2400, 2419, 2487, 2497, 2547, 2552, 2564, 2570, 2587, 2589, 2594, 2598, 2602, 2612, 2619, 2625, 2629, 2640, 2647, 2661, 2685, 2695, 2705, 2739, 2753, 2782, 2797, 2856, 2858, 2892, 2930, 2947, 2950, 2973, 2977, 2986, 2991, 2996, 3010, 3020, 3035, 3040, 3043, 3079, 3085, 3111, 3127, 3131, 3156, 3176, 3186, 3195, 3220, 3247, 3262, 3264, 3296, 3320, 3326, 3416, 3421, 3427, 3440, 3449, 3502, 3516, 3546, 3562, 3616, 3621, 3656, 3717, 3722, 3782, 3834, 3836, 3838, 3840, 3842, 3844, 3846, 3848, 3850, 3852, 3854, 3856, 3858, 3860, 3862, 3864, 3866, 3868, 3870, 3872, 3899, 3915, 3963, 3965, 4026, 4063, 4071, 4096, 4107, 4161, 4269, 4291, 4309, 4315, 4318, 4328, 4338, 4342, 4368]","[910, 1058, 1173, 2593]",4372,235,4137,0,235,4133,4
-4.0,HUMGHG,"[38, 41, 56, 69, 75, 80, 82, 84, 111, 122, 169, 191, 233, 288, 329, 336, 384, 408, 425, 427, 433, 439, 446, 522, 531, 540, 546, 580, 593, 655, 690, 694, 742, 758, 857, 859, 871, 880, 882, 919, 921, 928, 947, 956, 975, 1025, 1031, 1040, 1043, 1076, 1089, 1117, 1149, 1151, 1205, 1261, 1288, 1389, 1391, 1444, 1532, 1537, 1565, 1591, 1593, 1595, 1604, 1617, 1627, 1648, 1663, 1693, 1731, 1767, 1770, 1822, 1892, 1897, 1914, 1924, 1926, 1940, 1955, 1984, 2013, 2034, 2073, 2080, 2162, 2170, 2178, 2185, 2195, 2203, 2229, 2232, 2238, 2334, 2340, 2345, 2357, 2381, 2426, 2463, 2495, 2511, 2558, 2568, 2637, 2671, 2676, 2680, 2734, 2738, 2744, 2768, 2784, 2786, 2859, 2872, 2908, 2925, 2930, 2932, 2945, 2950, 2986, 2988, 2998, 3015, 3017, 3023, 3062, 3064, 3092, 3100, 3105, 3155, 3163, 3171, 3214, 3216, 3232, 3252, 3262, 3283, 3294, 3310, 3312, 3316, 3340, 3399, 3403, 3428, 3479, 3494, 3523, 3525, 3527, 3535, 3545, 3586, 3598, 3714, 3721, 3727, 3738, 3756, 3758, 3773, 3829, 3836, 3840, 3900, 3905, 3932, 3953, 3963, 4034, 4051, 4084, 4107, 4157, 4164, 4183, 4219, 4239, 4263, 4299, 4342, 4355, 4370, 4395, 4420, 4432, 4444, 4446]",[],"[38, 41, 56, 69, 75, 80, 82, 84, 111, 122, 169, 191, 233, 288, 329, 336, 384, 408, 425, 427, 433, 439, 446, 522, 531, 540, 546, 580, 593, 655, 690, 694, 742, 758, 857, 859, 871, 880, 882, 919, 921, 928, 947, 956, 975, 1025, 1031, 1040, 1043, 1076, 1089, 1117, 1149, 1151, 1205, 1261, 1288, 1389, 1391, 1444, 1532, 1537, 1565, 1591, 1593, 1595, 1604, 1617, 1627, 1648, 1663, 1693, 1731, 1767, 1770, 1822, 1892, 1897, 1914, 1924, 1926, 1940, 1955, 1984, 2013, 2034, 2073, 2080, 2162, 2170, 2178, 2185, 2195, 2203, 2229, 2232, 2238, 2334, 2340, 2345, 2357, 2381, 2426, 2463, 2495, 2511, 2558, 2568, 2637, 2671, 2676, 2680, 2734, 2738, 2744, 2768, 2784, 2786, 2859, 2872, 2908, 2925, 2930, 2932, 2945, 2950, 2986, 2988, 2998, 3015, 3017, 3023, 3062, 3064, 3092, 3100, 3105, 3155, 3163, 3171, 3214, 3216, 3232, 3252, 3262, 3283, 3294, 3310, 3312, 3316, 3340, 3399, 3403, 3428, 3479, 3494, 3523, 3525, 3527, 3535, 3545, 3586, 3598, 3714, 3721, 3727, 3738, 3756, 3758, 3773, 3829, 3836, 3840, 3900, 3905, 3932, 3953, 3963, 4034, 4051, 4084, 4107, 4157, 4164, 4183, 4219, 4239, 4263, 4299, 4342, 4355, 4370, 4395, 4420, 4432, 4444, 4446]","[689, 1983, 2636, 3099]",4445,197,4248,0,197,4244,4
-4.0,HUMGHN,"[19, 48, 81, 86, 90, 96, 142, 145, 149, 156, 194, 200, 236, 258, 263, 266, 286, 308, 314, 358, 360, 398, 402, 420, 435, 440, 447, 467, 533, 538, 570, 601, 603, 628, 658, 665, 674, 678, 697, 776, 778, 806, 817, 839, 892, 952, 986, 990, 1009, 1022, 1035, 1083, 1132, 1144, 1159, 1177, 1184, 1226, 1261, 1271, 1317, 1321, 1359, 1362, 1394, 1448, 1451, 1464, 1469, 1480, 1482, 1500, 1502, 1524, 1575, 1581, 1593, 1630, 1632, 1665, 1712, 1784, 1884, 1966, 1987, 1992, 2002, 2015, 2034, 2045, 2059, 2080, 2092, 2123, 2136, 2146, 2148, 2169, 2179, 2182, 2202, 2218, 2232, 2255, 2260, 2299, 2331, 2334, 2376, 2385, 2396, 2419, 2440, 2484, 2506, 2545, 2584, 2597, 2614, 2626, 2631, 2640, 2650]",[],"[19, 48, 81, 86, 90, 96, 142, 145, 149, 156, 194, 200, 236, 258, 263, 266, 286, 308, 314, 358, 360, 398, 402, 420, 435, 440, 447, 467, 533, 538, 570, 601, 603, 628, 658, 665, 674, 678, 697, 776, 778, 806, 817, 839, 892, 952, 986, 990, 1009, 1022, 1035, 1083, 1132, 1144, 1159, 1177, 1184, 1226, 1261, 1271, 1317, 1321, 1359, 1362, 1394, 1448, 1451, 1464, 1469, 1480, 1482, 1500, 1502, 1524, 1575, 1581, 1593, 1630, 1632, 1665, 1712, 1784, 1884, 1966, 1987, 1992, 2002, 2015, 2034, 2045, 2059, 2080, 2092, 2123, 2136, 2146, 2148, 2169, 2179, 2182, 2202, 2218, 2232, 2255, 2260, 2299, 2331, 2334, 2376, 2385, 2396, 2419, 2440, 2484, 2506, 2545, 2584, 2597, 2614, 2626, 2631, 2640, 2650]","[569, 989, 1316, 1574]",2650,123,2527,0,123,2523,4
-4.0,HUMGHV,"[48, 82, 87, 91, 136, 146, 150, 156, 193, 199, 235, 257, 262, 265, 285, 307, 313, 334, 357, 359, 397, 401, 433, 465, 531, 536, 567, 598, 600, 620, 625, 654, 671, 695, 716, 723, 816, 826, 848, 881, 901, 958, 965, 995, 999, 1011, 1018, 1031, 1044, 1065, 1093, 1096, 1106, 1137, 1142, 1154, 1170, 1189, 1196, 1238, 1283, 1308, 1329, 1333, 1352, 1362, 1370, 1373, 1405, 1458, 1474, 1492, 1510, 1512, 1534, 1581, 1585, 1591, 1670, 1698, 1717, 1791, 1879, 1891, 1973, 1994, 1999, 2009, 2022, 2041, 2052, 2066, 2078, 2081, 2088, 2099, 2130, 2143, 2153, 2155, 2161, 2176, 2186, 2189, 2208, 2224, 2238, 2261, 2266, 2272, 2303, 2326, 2338, 2380, 2389, 2400, 2418, 2423, 2444, 2486, 2510, 2515, 2548, 2587, 2600, 2603, 2617, 2634, 2643, 2653]",[],"[48, 82, 87, 91, 136, 146, 150, 156, 193, 199, 235, 257, 262, 265, 285, 307, 313, 334, 357, 359, 397, 401, 433, 465, 531, 536, 567, 598, 600, 620, 625, 654, 671, 695, 716, 723, 816, 826, 848, 881, 901, 958, 965, 995, 999, 1011, 1018, 1031, 1044, 1065, 1093, 1096, 1106, 1137, 1142, 1154, 1170, 1189, 1196, 1238, 1283, 1308, 1329, 1333, 1352, 1362, 1370, 1373, 1405, 1458, 1474, 1492, 1510, 1512, 1534, 1581, 1585, 1591, 1670, 1698, 1717, 1791, 1879, 1891, 1973, 1994, 1999, 2009, 2022, 2041, 2052, 2066, 2078, 2081, 2088, 2099, 2130, 2143, 2153, 2155, 2161, 2176, 2186, 2189, 2208, 2224, 2238, 2261, 2266, 2272, 2303, 2326, 2338, 2380, 2389, 2400, 2418, 2423, 2444, 2486, 2510, 2515, 2548, 2587, 2600, 2603, 2617, 2634, 2643, 2653]","[566, 998, 1328, 1584]",2653,130,2523,0,130,2519,4
-4.0,HUMGSTM4A,"[40, 75, 117, 185, 196, 198, 229, 249, 263, 302, 373, 394, 454, 457, 488, 494, 517, 540, 555, 559, 566, 589, 596, 642, 654, 667, 688, 694, 714, 744, 759, 778, 782, 788, 800, 814, 825, 858, 894, 904, 906, 908, 910, 912, 914, 916, 918, 920, 922, 924, 926, 928, 930, 932, 934, 936, 938, 940, 944, 954, 965, 970, 975, 977, 997, 1008, 1016, 1123, 1140, 1154, 1156, 1182, 1203, 1213, 1254, 1273, 1281, 1286, 1331, 1341, 1346, 1348, 1386, 1388, 1393, 1419, 1437, 1447, 1450, 1470, 1491, 1504, 1536, 1540, 1589, 1632, 1636, 1653, 1666, 1673, 1675, 1709, 1711, 1724, 1752, 1755, 1777, 1782, 1784, 1798, 1804, 1810, 1820, 1845, 1849, 1856, 1926, 1996, 2023, 2025, 2029, 2031, 2034, 2044, 2046, 2048, 2059, 2085, 2099, 2103, 2107, 2109, 2114, 2118, 2125, 2152, 2154, 2184, 2205, 2226, 2230, 2241, 2263, 2281, 2327, 2334, 2339, 2347, 2353, 2392, 2412, 2435, 2451, 2458, 2518, 2535, 2566, 2574, 2578, 2581, 2588, 2606, 2616, 2633, 2707, 2715, 2767, 2774, 2832, 2839, 2857, 2859, 2865, 2881, 2889, 2915, 2918, 2926, 2930, 2951, 2953, 3009, 3011, 3024, 3028, 3043, 3052, 3075, 3118, 3131, 3133, 3141, 3144, 3153, 3226, 3247, 3251, 3263, 3276, 3312, 3362, 3383, 3399, 3464, 3501, 3506, 3532, 3570, 3616, 3618, 3650, 3701, 3705, 3712, 3719, 3731, 3740, 3754, 3774, 3780, 3798, 3902, 3918, 3929, 3934, 3952, 3997, 4022, 4042, 4050, 4054, 4062, 4071, 4073, 4077, 4083, 4090, 4141, 4143, 4150, 4152, 4161, 4170, 4224, 4226, 4236, 4242, 4275, 4280, 4307, 4312, 4314, 4316, 4330, 4380, 4391, 4418, 4426, 4454, 4473, 4506, 4518, 4537, 4540, 4551, 4562, 4567, 4574, 4577, 4613, 4702, 4719, 4721, 4734, 4741, 4744, 4749, 4761, 4765, 4776, 4779, 4781, 4792, 4799, 4807, 4846, 4853, 4866, 4896, 4906, 4914, 4958, 4967, 4969, 4971, 4992, 5002, 5017, 5020, 5022, 5025, 5033, 5112, 5118, 5129, 5139, 5151, 5153, 5161, 5175, 5194, 5219, 5222, 5227, 5231, 5246, 5249, 5263, 5282, 5284, 5299, 5301, 5308, 5314, 5317, 5338, 5347, 5381, 5383, 5408, 5419, 5441, 5443, 5450, 5455, 5458, 5488, 5545, 5572, 5582, 5588, 5602, 5624, 5630, 5664, 5706, 5719, 5779, 5885, 5889, 5892, 5895, 5931, 5951, 5957, 5959, 5980, 6061, 6066]",[],"[40, 75, 117, 185, 196, 198, 229, 249, 263, 302, 373, 394, 454, 457, 488, 494, 517, 540, 555, 559, 566, 589, 596, 642, 654, 667, 688, 694, 714, 744, 759, 778, 782, 788, 800, 814, 825, 858, 894, 904, 906, 908, 910, 912, 914, 916, 918, 920, 922, 924, 926, 928, 930, 932, 934, 936, 938, 940, 944, 954, 965, 970, 975, 977, 997, 1008, 1016, 1123, 1140, 1154, 1156, 1182, 1203, 1213, 1254, 1273, 1281, 1286, 1331, 1341, 1346, 1348, 1386, 1388, 1393, 1419, 1437, 1447, 1450, 1470, 1491, 1504, 1536, 1540, 1589, 1632, 1636, 1653, 1666, 1673, 1675, 1709, 1711, 1724, 1752, 1755, 1777, 1782, 1784, 1798, 1804, 1810, 1820, 1845, 1849, 1856, 1926, 1996, 2023, 2025, 2029, 2031, 2034, 2044, 2046, 2048, 2059, 2085, 2099, 2103, 2107, 2109, 2114, 2118, 2125, 2152, 2154, 2184, 2205, 2226, 2230, 2241, 2263, 2281, 2327, 2334, 2339, 2347, 2353, 2392, 2412, 2435, 2451, 2458, 2518, 2535, 2566, 2574, 2578, 2581, 2588, 2606, 2616, 2633, 2707, 2715, 2767, 2774, 2832, 2839, 2857, 2859, 2865, 2881, 2889, 2915, 2918, 2926, 2930, 2951, 2953, 3009, 3011, 3024, 3028, 3043, 3052, 3075, 3118, 3131, 3133, 3141, 3144, 3153, 3226, 3247, 3251, 3263, 3276, 3312, 3362, 3383, 3399, 3464, 3501, 3506, 3532, 3570, 3616, 3618, 3650, 3701, 3705, 3712, 3719, 3731, 3740, 3754, 3774, 3780, 3798, 3902, 3918, 3929, 3934, 3952, 3997, 4022, 4042, 4050, 4054, 4062, 4071, 4073, 4077, 4083, 4090, 4141, 4143, 4150, 4152, 4161, 4170, 4224, 4226, 4236, 4242, 4275, 4280, 4307, 4312, 4314, 4316, 4330, 4380, 4391, 4418, 4426, 4454, 4473, 4506, 4518, 4537, 4540, 4551, 4562, 4567, 4574, 4577, 4613, 4702, 4719, 4721, 4734, 4741, 4744, 4749, 4761, 4765, 4776, 4779, 4781, 4792, 4799, 4807, 4846, 4853, 4866, 4896, 4906, 4914, 4958, 4967, 4969, 4971, 4992, 5002, 5017, 5020, 5022, 5025, 5033, 5112, 5118, 5129, 5139, 5151, 5153, 5161, 5175, 5194, 5219, 5222, 5227, 5231, 5246, 5249, 5263, 5282, 5284, 5299, 5301, 5308, 5314, 5317, 5338, 5347, 5381, 5383, 5408, 5419, 5441, 5443, 5450, 5455, 5458, 5488, 5545, 5572, 5582, 5588, 5602, 5624, 5630, 5664, 5706, 5719, 5779, 5885, 5889, 5892, 5895, 5931, 5951, 5957, 5959, 5980, 6061, 6066]","[777, 1139, 1631, 2024, 2225, 3262, 3463]",6075,359,5716,0,359,5709,7
-4.0,HUMHMGIY,"[24, 57, 64, 84, 110, 140, 176, 189, 191, 217, 242, 252, 311, 332, 360, 391, 406, 426, 443, 450, 460, 497, 584, 610, 627, 655, 721, 725, 741, 807, 858, 874, 927, 956, 1005, 1076, 1080, 1083, 1138, 1338, 1373, 1376, 1473, 1515, 1522, 1549, 1558, 1655, 1744, 1767, 1793, 1884, 1909, 1928, 1938, 1948, 1953, 1962, 1968, 2032, 2075, 2091, 2114, 2137, 2146, 2148, 2162, 2201, 2203, 2307, 2315, 2331, 2344, 2346, 2378, 2389, 2402, 2416, 2419, 2443, 2455, 2470, 2510, 2514, 2521, 2542, 2559, 2579, 2705, 2715, 2720, 2736, 2741, 2756, 2759, 2761, 2787, 2845, 2855, 2863, 2897, 2905, 2914, 2938, 2963, 2975, 2995, 3046, 3054, 3059, 3069, 3093, 3117, 3138, 3173, 3178, 3190, 3196, 3222, 3243, 3260, 3268, 3271, 3281, 3319, 3327, 3339, 3371, 3385, 3387, 3405, 3418, 3451, 3461, 3476, 3486, 3502, 3528, 3555, 3615, 3665, 3669, 3678, 3688, 3717, 3733, 3750, 3768, 3876, 3898, 3901, 3920, 3922, 3939, 3946, 3975, 3979, 3984, 4001, 4024, 4056, 4092, 4125, 4151, 4159, 4173, 4181, 4194, 4233, 4235, 4329, 4359, 4388, 4398, 4400, 4411, 4413, 4417, 4428, 4435, 4451, 4455, 4473, 4530, 4534, 4546, 4628, 4632, 4649, 4656, 4661, 4665, 4689, 4712, 4721, 4754, 4774, 4780, 4782, 4786, 4788, 4790, 4802, 4804, 4806, 4832, 4910, 4934, 4946, 4987, 4995, 5011, 5050, 5070, 5076, 5090, 5101, 5106, 5123, 5133, 5151, 5162, 5170, 5184, 5188, 5200, 5207, 5210, 5264, 5273, 5281, 5285, 5291, 5309, 5328, 5364, 5419, 5436, 5445, 5452, 5458, 5462, 5472, 5497, 5506, 5511, 5542, 5545, 5557, 5566, 5570, 5575, 5582, 5585, 5589, 5620, 5627, 5634, 5636, 5656, 5661, 5713, 5723, 5727, 5734, 5736, 5746, 5753, 5767, 5803, 5886, 5913, 5962, 5970, 5983, 5985, 5987, 5989, 6000, 6013, 6020, 6034, 6088, 6132, 6134, 6150, 6152, 6185, 6193, 6217, 6275, 6335, 6345, 6349, 6352, 6359, 6379, 6398, 6400, 6413, 6423, 6432, 6451, 6476, 6528, 6545, 6573, 6599, 6620, 6628, 6645, 6654, 6657, 6659, 6674, 6688, 6692, 6712, 6729, 6745, 6749, 6777, 6784, 6819, 6835, 6845, 6862, 6878, 6898, 6930, 6952, 6955, 6960, 7004, 7017, 7023, 7033, 7035, 7037, 7039, 7043, 7058, 7069, 7090, 7098, 7103, 7109, 7111, 7116, 7134, 7138, 7167, 7271, 7275, 7316, 7322, 7324, 7329, 7336, 7405, 7421, 7437, 7450, 7457, 7464, 7504, 7507, 7509, 7511, 7517, 7572, 7584, 7586, 7630, 7692, 7696, 7704, 7712, 7769, 7782, 7791, 7822, 7828, 7895, 7924, 7932, 7940, 7963, 7967, 7981, 7984, 7992, 7996, 8014, 8020, 8022, 8025, 8044, 8048, 8096, 8152, 8168, 8268, 8272, 8362, 8375, 8377, 8379, 8384, 8429, 8435, 8443, 8495, 8508, 8527, 8614, 8632, 8643, 8776, 8834, 8844, 8861, 8951, 8966, 8969, 8996, 9026, 9046, 9061, 9135, 9137, 9154, 9186, 9192, 9200, 9242, 9249, 9287, 9291, 9312, 9349, 9358, 9361, 9375, 9385, 9391, 9409, 9425, 9458, 9562, 9568, 9584, 9606, 9609, 9611, 9614, 9621, 9628, 9647, 9675, 9695, 9731, 9764, 9780, 9792, 9824, 9856, 9858, 9880, 9885, 9896, 9909, 9934, 9948, 9986, 9993, 9996, 9998, 10000, 10023, 10032, 10041, 10043, 10046, 10111]",[],"[24, 57, 64, 84, 110, 140, 176, 189, 191, 217, 242, 252, 311, 332, 360, 391, 406, 426, 443, 450, 460, 497, 584, 610, 627, 655, 721, 725, 741, 807, 858, 874, 927, 956, 1005, 1076, 1080, 1083, 1138, 1338, 1373, 1376, 1473, 1515, 1522, 1549, 1558, 1655, 1744, 1767, 1793, 1884, 1909, 1928, 1938, 1948, 1953, 1962, 1968, 2032, 2075, 2091, 2114, 2137, 2146, 2148, 2162, 2201, 2203, 2307, 2315, 2331, 2344, 2346, 2378, 2389, 2402, 2416, 2419, 2443, 2455, 2470, 2510, 2514, 2521, 2542, 2559, 2579, 2705, 2715, 2720, 2736, 2741, 2756, 2759, 2761, 2787, 2845, 2855, 2863, 2897, 2905, 2914, 2938, 2963, 2975, 2995, 3046, 3054, 3059, 3069, 3093, 3117, 3138, 3173, 3178, 3190, 3196, 3222, 3243, 3260, 3268, 3271, 3281, 3319, 3327, 3339, 3371, 3385, 3387, 3405, 3418, 3451, 3461, 3476, 3486, 3502, 3528, 3555, 3615, 3665, 3669, 3678, 3688, 3717, 3733, 3750, 3768, 3876, 3898, 3901, 3920, 3922, 3939, 3946, 3975, 3979, 3984, 4001, 4024, 4056, 4092, 4125, 4151, 4159, 4173, 4181, 4194, 4233, 4235, 4329, 4359, 4388, 4398, 4400, 4411, 4413, 4417, 4428, 4435, 4451, 4455, 4473, 4530, 4534, 4546, 4628, 4632, 4649, 4656, 4661, 4665, 4689, 4712, 4721, 4754, 4774, 4780, 4782, 4786, 4788, 4790, 4802, 4804, 4806, 4832, 4910, 4934, 4946, 4987, 4995, 5011, 5050, 5070, 5076, 5090, 5101, 5106, 5123, 5133, 5151, 5162, 5170, 5184, 5188, 5200, 5207, 5210, 5264, 5273, 5281, 5285, 5291, 5309, 5328, 5364, 5419, 5436, 5445, 5452, 5458, 5462, 5472, 5497, 5506, 5511, 5542, 5545, 5557, 5566, 5570, 5575, 5582, 5585, 5589, 5620, 5627, 5634, 5636, 5656, 5661, 5713, 5723, 5727, 5734, 5736, 5746, 5753, 5767, 5803, 5886, 5913, 5962, 5970, 5983, 5985, 5987, 5989, 6000, 6013, 6020, 6034, 6088, 6132, 6134, 6150, 6152, 6185, 6193, 6217, 6275, 6335, 6345, 6349, 6352, 6359, 6379, 6398, 6400, 6413, 6423, 6432, 6451, 6476, 6528, 6545, 6573, 6599, 6620, 6628, 6645, 6654, 6657, 6659, 6674, 6688, 6692, 6712, 6729, 6745, 6749, 6777, 6784, 6819, 6835, 6845, 6862, 6878, 6898, 6930, 6952, 6955, 6960, 7004, 7017, 7023, 7033, 7035, 7037, 7039, 7043, 7058, 7069, 7090, 7098, 7103, 7109, 7111, 7116, 7134, 7138, 7167, 7271, 7275, 7316, 7322, 7324, 7329, 7336, 7405, 7421, 7437, 7450, 7457, 7464, 7504, 7507, 7509, 7511, 7517, 7572, 7584, 7586, 7630, 7692, 7696, 7704, 7712, 7769, 7782, 7791, 7822, 7828, 7895, 7924, 7932, 7940, 7963, 7967, 7981, 7984, 7992, 7996, 8014, 8020, 8022, 8025, 8044, 8048, 8096, 8152, 8168, 8268, 8272, 8362, 8375, 8377, 8379, 8384, 8429, 8435, 8443, 8495, 8508, 8527, 8614, 8632, 8643, 8776, 8834, 8844, 8861, 8951, 8966, 8969, 8996, 9026, 9046, 9061, 9135, 9137, 9154, 9186, 9192, 9200, 9242, 9249, 9287, 9291, 9312, 9349, 9358, 9361, 9375, 9385, 9391, 9409, 9425, 9458, 9562, 9568, 9584, 9606, 9609, 9611, 9614, 9621, 9628, 9647, 9675, 9695, 9731, 9764, 9780, 9792, 9824, 9856, 9858, 9880, 9885, 9896, 9909, 9934, 9948, 9986, 9993, 9996, 9998, 10000, 10023, 10032, 10041, 10043, 10046, 10111]","[4660, 6544, 7270]",10103,485,9618,0,485,9615,3
-4.0,HUMHOX13G,"[34, 42, 56, 94, 104, 107, 122, 130, 145, 151, 157, 183, 191, 265, 281, 309, 332, 337, 381, 415, 504, 522, 565, 676, 687, 731, 806, 812, 863, 895, 905, 942, 1005, 1020, 1033, 1041, 1103, 1132, 1145, 1154, 1167, 1212, 1393, 1441, 1447, 1452, 1472, 1538, 1577, 1586, 1595, 1600, 1642, 1644, 1654, 1667, 1685, 1709, 1738, 1742, 1848, 1862, 1935, 1956, 2015, 2023, 2033, 2040, 2050, 2067, 2070, 2072, 2076, 2084, 2105, 2107, 2116, 2129, 2135, 2167, 2189, 2195, 2210, 2222, 2237, 2256, 2284, 2286, 2296, 2342, 2358, 2363, 2371, 2374, 2376, 2378, 2389, 2392, 2400, 2406, 2410, 2416, 2418, 2424, 2443, 2480, 2482, 2494, 2497, 2503, 2525, 2532, 2534, 2537, 2544, 2552, 2564, 2577, 2579, 2581, 2589, 2624, 2648, 2653, 2657, 2663, 2672, 2690, 2698, 2712, 2743, 2749, 2797, 2801, 2810, 2815, 2819, 2829, 2841, 2853, 2857, 2861, 2866, 2878, 2883, 2910, 2936, 2971, 2985, 2997, 3004, 3026, 3047, 3060]",[],"[34, 42, 56, 94, 104, 107, 122, 130, 145, 151, 157, 183, 191, 265, 281, 309, 332, 337, 381, 415, 504, 522, 565, 676, 687, 731, 806, 812, 863, 895, 905, 942, 1005, 1020, 1033, 1041, 1103, 1132, 1145, 1154, 1167, 1212, 1393, 1441, 1447, 1452, 1472, 1538, 1577, 1586, 1595, 1600, 1642, 1644, 1654, 1667, 1685, 1709, 1738, 1742, 1848, 1862, 1935, 1956, 2015, 2023, 2033, 2040, 2050, 2067, 2070, 2072, 2076, 2084, 2105, 2107, 2116, 2129, 2135, 2167, 2189, 2195, 2210, 2222, 2237, 2256, 2284, 2286, 2296, 2342, 2358, 2363, 2371, 2374, 2376, 2378, 2389, 2392, 2400, 2406, 2410, 2416, 2418, 2424, 2443, 2480, 2482, 2494, 2497, 2503, 2525, 2532, 2534, 2537, 2544, 2552, 2564, 2577, 2579, 2581, 2589, 2624, 2648, 2653, 2657, 2663, 2672, 2690, 2698, 2712, 2743, 2749, 2797, 2801, 2810, 2815, 2819, 2829, 2841, 2853, 2857, 2861, 2866, 2878, 2883, 2910, 2936, 2971, 2985, 2997, 3004, 3026, 3047, 3060]",[811],3064,154,2910,0,154,2909,1
-4.0,HUMHPARS1,"[21, 41, 59, 77, 88, 106, 139, 157, 171, 176, 183, 203, 205, 225, 236, 288, 295, 306, 312, 320, 339, 432, 437, 441, 443, 447, 469, 472, 474, 574, 589, 602, 644, 687, 689, 724, 741, 751, 780, 784, 795, 803, 817, 843, 845, 874, 879, 883, 886, 891, 907, 927, 931, 968, 976, 1047, 1051, 1082, 1095, 1114, 1164, 1181, 1183, 1185, 1221, 1229, 1262, 1264, 1279, 1301, 1305, 1318, 1321, 1342, 1378, 1399, 1432, 1512, 1556, 1566, 1580, 1585, 1624, 1630, 1656, 1674, 1701, 1710, 1731, 1763, 1790, 1817, 1819, 1851, 1854, 1865, 1875, 1879, 1887, 1908, 1912, 1931, 1950, 1962, 1983, 2006, 2038, 2040, 2090, 2106, 2117, 2131, 2163, 2165, 2176, 2200, 2214, 2261, 2328, 2349, 2351, 2353, 2363, 2365, 2382, 2425, 2434, 2436, 2438, 2440, 2442, 2450, 2452, 2454, 2456, 2458, 2460, 2462, 2464, 2466, 2476, 2478, 2480, 2482, 2496, 2501, 2535, 2549, 2563, 2599, 2617, 2633, 2637, 2644, 2649, 2655, 2657, 2682, 2762, 2813, 2829, 2864, 2960, 2972, 2983, 2985, 3021, 3028, 3038, 3086, 3089, 3097, 3112, 3116, 3157, 3162, 3169, 3201, 3212, 3219, 3224, 3259, 3271, 3295, 3324, 3338, 3342, 3350, 3403, 3420, 3427, 3466, 3471, 3497, 3509, 3537, 3550, 3568, 3570, 3572, 3591, 3593, 3668, 3733, 3774, 3783, 3809, 3825, 3847, 3856, 3860, 3896, 3910, 3932, 3973, 4011, 4016, 4033, 4043, 4048, 4085, 4115, 4147, 4179, 4255, 4271, 4333, 4335, 4356, 4395, 4438, 4474, 4500, 4516, 4537, 4553, 4588, 4684, 4696, 4707, 4709, 4745, 4752, 4762, 4810, 4813, 4821, 4836, 4840, 4881, 4886, 4893, 4925, 4936, 4943, 4948, 4983, 4995, 5019, 5048, 5062, 5066, 5074, 5127, 5144, 5151, 5190, 5195, 5221, 5233, 5261, 5274, 5292, 5294, 5296, 5396, 5419, 5455, 5496, 5505, 5507, 5531, 5547, 5569, 5578, 5582, 5611, 5625, 5647, 5688, 5726, 5731, 5748, 5758, 5763, 5800, 5830, 5862, 5894, 5970, 5986, 6048, 6050, 6071, 6110, 6153, 6189, 6215, 6231, 6259, 6277, 6286, 6305, 6310, 6371, 6374, 6414, 6480, 6482, 6500, 6504, 6533, 6549, 6596, 6621, 6731, 6749, 6764, 6767, 6791, 6824, 6826, 6830, 6842, 6881, 6888, 6890, 6894, 6899, 6949, 6953, 6965, 7010, 7040, 7046, 7077, 7087, 7093, 7128, 7139, 7165, 7200, 7205, 7213, 7218, 7220, 7222, 7226, 7232, 7253, 7339, 7349, 7359, 7375, 7378, 7393, 7414, 7450, 7452, 7455, 7457, 7462, 7469, 7493, 7500, 7503, 7511, 7518, 7529, 7570, 7615, 7633, 7643, 7650, 7659, 7693, 7697, 7701, 7711, 7753, 7757, 7776, 7794, 7808, 7836, 7875, 7877, 7892, 7902, 7949, 7977, 8011, 8020, 8035, 8042, 8081, 8105, 8119, 8127, 8132, 8144, 8205, 8231, 8246, 8262, 8340, 8379, 8384, 8386, 8402, 8421, 8435, 8486, 8496, 8533, 8542, 8569, 8603, 8625, 8645, 8673, 8689, 8697, 8704, 8708, 8718, 8729, 8809, 8836, 8859, 8866, 8921, 8981, 8989, 8995, 9039, 9086, 9121, 9128, 9144, 9175, 9190, 9196, 9231, 9267, 9280, 9333, 9339, 9342, 9345, 9366, 9389, 9399, 9446, 9448, 9482, 9489, 9494, 9523, 9530, 9534, 9571, 9579, 9650, 9654, 9685, 9698, 9717, 9768, 9785, 9787, 9789, 9825, 9833, 9866, 9868, 9883, 9888, 9894, 9900, 9905, 9909, 9922, 9925, 9982, 10003, 10036, 10055, 10117, 10150, 10160, 10170, 10184, 10188, 10227, 10259, 10277, 10279, 10304, 10313, 10321, 10324, 10333, 10365, 10376, 10392, 10394, 10407, 10409, 10456, 10467, 10473, 10477, 10489, 10510, 10512, 10514, 10533, 10552, 10564, 10585, 10608, 10644, 10646, 10659, 10669, 10690, 10705, 10720, 10756, 10758, 10773, 10792, 10836, 10852, 10900, 10927, 10940, 10949, 10954, 10974, 10985, 11003, 11032, 11039, 11047, 11085, 11126, 11128, 11132, 11158, 11174, 11212, 11252, 11258, 11264, 11276, 11296, 11327, 11356, 11364, 11372, 11386, 11395, 11404, 11412, 11423, 11426, 11440, 11450, 11461, 11468, 11479, 11481, 11486, 11494, 11503, 11507, 11514]",[],"[21, 41, 59, 77, 88, 106, 139, 157, 171, 176, 183, 203, 205, 225, 236, 288, 295, 306, 312, 320, 339, 432, 437, 441, 443, 447, 469, 472, 474, 574, 589, 602, 644, 687, 689, 724, 741, 751, 780, 784, 795, 803, 817, 843, 845, 874, 879, 883, 886, 891, 907, 927, 931, 968, 976, 1047, 1051, 1082, 1095, 1114, 1164, 1181, 1183, 1185, 1221, 1229, 1262, 1264, 1279, 1301, 1305, 1318, 1321, 1342, 1378, 1399, 1432, 1512, 1556, 1566, 1580, 1585, 1624, 1630, 1656, 1674, 1701, 1710, 1731, 1763, 1790, 1817, 1819, 1851, 1854, 1865, 1875, 1879, 1887, 1908, 1912, 1931, 1950, 1962, 1983, 2006, 2038, 2040, 2090, 2106, 2117, 2131, 2163, 2165, 2176, 2200, 2214, 2261, 2328, 2349, 2351, 2353, 2363, 2365, 2382, 2425, 2434, 2436, 2438, 2440, 2442, 2450, 2452, 2454, 2456, 2458, 2460, 2462, 2464, 2466, 2476, 2478, 2480, 2482, 2496, 2501, 2535, 2549, 2563, 2599, 2617, 2633, 2637, 2644, 2649, 2655, 2657, 2682, 2762, 2813, 2829, 2864, 2960, 2972, 2983, 2985, 3021, 3028, 3038, 3086, 3089, 3097, 3112, 3116, 3157, 3162, 3169, 3201, 3212, 3219, 3224, 3259, 3271, 3295, 3324, 3338, 3342, 3350, 3403, 3420, 3427, 3466, 3471, 3497, 3509, 3537, 3550, 3568, 3570, 3572, 3591, 3593, 3668, 3733, 3774, 3783, 3809, 3825, 3847, 3856, 3860, 3896, 3910, 3932, 3973, 4011, 4016, 4033, 4043, 4048, 4085, 4115, 4147, 4179, 4255, 4271, 4333, 4335, 4356, 4395, 4438, 4474, 4500, 4516, 4537, 4553, 4588, 4684, 4696, 4707, 4709, 4745, 4752, 4762, 4810, 4813, 4821, 4836, 4840, 4881, 4886, 4893, 4925, 4936, 4943, 4948, 4983, 4995, 5019, 5048, 5062, 5066, 5074, 5127, 5144, 5151, 5190, 5195, 5221, 5233, 5261, 5274, 5292, 5294, 5296, 5396, 5419, 5455, 5496, 5505, 5507, 5531, 5547, 5569, 5578, 5582, 5611, 5625, 5647, 5688, 5726, 5731, 5748, 5758, 5763, 5800, 5830, 5862, 5894, 5970, 5986, 6048, 6050, 6071, 6110, 6153, 6189, 6215, 6231, 6259, 6277, 6286, 6305, 6310, 6371, 6374, 6414, 6480, 6482, 6500, 6504, 6533, 6549, 6596, 6621, 6731, 6749, 6764, 6767, 6791, 6824, 6826, 6830, 6842, 6881, 6888, 6890, 6894, 6899, 6949, 6953, 6965, 7010, 7040, 7046, 7077, 7087, 7093, 7128, 7139, 7165, 7200, 7205, 7213, 7218, 7220, 7222, 7226, 7232, 7253, 7339, 7349, 7359, 7375, 7378, 7393, 7414, 7450, 7452, 7455, 7457, 7462, 7469, 7493, 7500, 7503, 7511, 7518, 7529, 7570, 7615, 7633, 7643, 7650, 7659, 7693, 7697, 7701, 7711, 7753, 7757, 7776, 7794, 7808, 7836, 7875, 7877, 7892, 7902, 7949, 7977, 8011, 8020, 8035, 8042, 8081, 8105, 8119, 8127, 8132, 8144, 8205, 8231, 8246, 8262, 8340, 8379, 8384, 8386, 8402, 8421, 8435, 8486, 8496, 8533, 8542, 8569, 8603, 8625, 8645, 8673, 8689, 8697, 8704, 8708, 8718, 8729, 8809, 8836, 8859, 8866, 8921, 8981, 8989, 8995, 9039, 9086, 9121, 9128, 9144, 9175, 9190, 9196, 9231, 9267, 9280, 9333, 9339, 9342, 9345, 9366, 9389, 9399, 9446, 9448, 9482, 9489, 9494, 9523, 9530, 9534, 9571, 9579, 9650, 9654, 9685, 9698, 9717, 9768, 9785, 9787, 9789, 9825, 9833, 9866, 9868, 9883, 9888, 9894, 9900, 9905, 9909, 9922, 9925, 9982, 10003, 10036, 10055, 10117, 10150, 10160, 10170, 10184, 10188, 10227, 10259, 10277, 10279, 10304, 10313, 10321, 10324, 10333, 10365, 10376, 10392, 10394, 10407, 10409, 10456, 10467, 10473, 10477, 10489, 10510, 10512, 10514, 10533, 10552, 10564, 10585, 10608, 10644, 10646, 10659, 10669, 10690, 10705, 10720, 10756, 10758, 10773, 10792, 10836, 10852, 10900, 10927, 10940, 10949, 10954, 10974, 10985, 11003, 11032, 11039, 11047, 11085, 11126, 11128, 11132, 11158, 11174, 11212, 11252, 11258, 11264, 11276, 11296, 11327, 11356, 11364, 11372, 11386, 11395, 11404, 11412, 11423, 11426, 11440, 11450, 11461, 11468, 11479, 11481, 11486, 11494, 11503, 11507, 11514]","[1046, 2632, 3020, 3855, 4744, 5577]",11544,589,10955,0,589,10949,6
-4.0,HUMIBP3,"[60, 66, 76, 93, 110, 115, 150, 158, 160, 183, 226, 233, 242, 247, 249, 269, 298, 311, 332, 338, 345, 359, 365, 386, 429, 437, 452, 472, 602, 671, 698, 714, 724, 740, 783, 828, 835, 839, 855, 883, 905, 952, 954, 1001, 1011, 1060, 1069, 1078, 1085, 1092, 1109, 1112, 1116, 1118, 1171, 1174, 1224, 1249, 1251, 1261, 1267, 1277, 1285, 1327, 1333, 1365, 1367, 1384, 1410, 1414, 1423, 1474, 1496, 1504, 1557, 1571, 1587, 1594, 1605, 1614, 1624, 1632, 1642, 1650, 1668, 1674, 1686, 1702, 1719, 1731, 1796, 1844, 1854, 1856, 1975, 1977, 1982, 2019, 2027, 2036, 2087, 2108, 2142, 2147, 2150, 2164, 2175, 2188, 2207, 2209, 2222, 2254, 2278, 2301, 2326, 2381, 2391, 2396, 2442, 2458, 2467, 2502, 2510, 2556, 2585, 2594, 2644, 2651, 2657, 2678, 2688, 2694, 2716, 2724, 2732, 2777, 2846, 2850, 2858, 2861, 2871, 2911, 2925, 2930, 2936, 2940, 2952, 2957, 2967, 2985, 3012, 3025, 3047, 3049, 3053, 3066, 3078, 3143, 3147, 3150, 3154, 3165, 3174, 3210, 3220, 3260, 3263, 3308, 3334, 3357, 3373, 3397, 3400, 3421, 3454, 3471, 3543, 3554, 3595, 3612, 3618, 3623, 3636, 3641, 3671, 3735, 3742, 3764, 3779, 3784, 3796, 3798, 3801, 3811, 3823, 3834, 3861, 3902, 3910, 3913, 3919, 3925, 3929, 3954, 3985, 3999, 4006, 4019, 4036, 4041, 4055, 4109, 4124, 4134, 4146, 4155, 4170, 4187, 4248, 4263, 4273, 4291, 4293, 4305, 4343, 4350, 4359, 4407, 4411, 4422, 4477, 4496, 4531, 4549, 4553, 4555, 4558, 4584, 4619, 4651, 4673, 4691, 4714, 4738, 4750, 4778, 4916, 4925, 4929, 4945, 4957, 4965, 4967, 4978, 5021, 5025, 5027, 5038, 5049, 5123, 5134, 5172, 5174, 5183, 5198, 5204, 5232, 5248, 5264, 5273, 5282, 5297, 5324, 5344, 5386, 5395, 5410, 5457, 5461, 5475, 5501, 5535, 5551, 5554, 5558, 5561, 5587, 5629, 5640, 5648, 5656, 5676, 5700, 5702, 5706, 5719, 5736, 5740, 5766, 5768, 5779, 5783, 5801, 5803, 5815, 5885, 5896, 5932, 5954, 5972, 6006, 6065, 6087, 6187, 6259, 6274, 6291, 6328, 6334, 6357, 6376, 6398, 6410, 6413, 6416, 6426, 6454, 6463, 6471, 6480, 6499, 6508, 6542, 6552, 6559, 6568, 6570, 6586, 6618, 6622, 6627, 6634, 6636, 6638, 6654, 6677, 6698, 6724, 6735, 6749, 6755, 6765, 6790, 6800, 6833, 6863, 6875, 6906, 6929, 6937, 6949, 6960, 6968, 6992, 6996, 7007, 7009, 7019, 7058, 7088, 7096, 7124, 7134, 7138, 7145, 7147, 7149, 7155, 7185, 7189, 7250, 7252, 7256, 7264, 7297, 7317, 7335, 7338, 7350, 7372, 7378, 7397, 7417, 7472, 7504, 7507, 7562, 7575, 7601, 7603, 7608, 7688, 7698, 7709, 7735, 7744, 7780, 7791, 7797, 7803, 7822, 7836, 7838, 7843, 7855, 7867, 7876, 7899, 7906, 7926, 7930, 7938, 7953, 8016, 8065, 8074, 8076, 8097, 8100, 8121, 8191, 8198, 8212, 8214, 8251, 8253, 8255, 8263, 8309, 8335, 8354, 8358, 8396, 8424, 8515, 8554, 8556, 8576, 8649, 8664, 8678, 8682, 8690, 8712, 8738, 8752, 8757, 8776, 8788, 8794, 8810, 8833, 8837, 8841, 8864, 8930, 9015, 9036, 9041, 9050, 9069, 9096, 9119, 9133, 9139, 9147, 9161, 9190, 9210, 9233, 9288, 9294, 9300, 9384, 9388, 9391, 9416, 9428, 9446, 9459, 9487, 9490, 9504, 9518, 9576, 9594, 9598, 9623, 9638, 9640, 9649, 9678, 9683, 9727, 9773, 9776, 9778, 9798, 9822, 9828, 9836, 9843, 9874, 9879, 9888, 9901, 9913, 9946, 9993, 10027, 10032, 10057, 10086, 10122, 10124, 10129, 10228, 10241, 10320, 10324, 10336, 10387, 10393, 10402, 10426, 10459, 10484, 10555, 10565, 10603, 10605, 10646, 10709, 10722, 10726, 10736, 10749, 10758, 10790, 10813, 10862]",[],"[60, 66, 76, 93, 110, 115, 150, 158, 160, 183, 226, 233, 242, 247, 249, 269, 298, 311, 332, 338, 345, 359, 365, 386, 429, 437, 452, 472, 602, 671, 698, 714, 724, 740, 783, 828, 835, 839, 855, 883, 905, 952, 954, 1001, 1011, 1060, 1069, 1078, 1085, 1092, 1109, 1112, 1116, 1118, 1171, 1174, 1224, 1249, 1251, 1261, 1267, 1277, 1285, 1327, 1333, 1365, 1367, 1384, 1410, 1414, 1423, 1474, 1496, 1504, 1557, 1571, 1587, 1594, 1605, 1614, 1624, 1632, 1642, 1650, 1668, 1674, 1686, 1702, 1719, 1731, 1796, 1844, 1854, 1856, 1975, 1977, 1982, 2019, 2027, 2036, 2087, 2108, 2142, 2147, 2150, 2164, 2175, 2188, 2207, 2209, 2222, 2254, 2278, 2301, 2326, 2381, 2391, 2396, 2442, 2458, 2467, 2502, 2510, 2556, 2585, 2594, 2644, 2651, 2657, 2678, 2688, 2694, 2716, 2724, 2732, 2777, 2846, 2850, 2858, 2861, 2871, 2911, 2925, 2930, 2936, 2940, 2952, 2957, 2967, 2985, 3012, 3025, 3047, 3049, 3053, 3066, 3078, 3143, 3147, 3150, 3154, 3165, 3174, 3210, 3220, 3260, 3263, 3308, 3334, 3357, 3373, 3397, 3400, 3421, 3454, 3471, 3543, 3554, 3595, 3612, 3618, 3623, 3636, 3641, 3671, 3735, 3742, 3764, 3779, 3784, 3796, 3798, 3801, 3811, 3823, 3834, 3861, 3902, 3910, 3913, 3919, 3925, 3929, 3954, 3985, 3999, 4006, 4019, 4036, 4041, 4055, 4109, 4124, 4134, 4146, 4155, 4170, 4187, 4248, 4263, 4273, 4291, 4293, 4305, 4343, 4350, 4359, 4407, 4411, 4422, 4477, 4496, 4531, 4549, 4553, 4555, 4558, 4584, 4619, 4651, 4673, 4691, 4714, 4738, 4750, 4778, 4916, 4925, 4929, 4945, 4957, 4965, 4967, 4978, 5021, 5025, 5027, 5038, 5049, 5123, 5134, 5172, 5174, 5183, 5198, 5204, 5232, 5248, 5264, 5273, 5282, 5297, 5324, 5344, 5386, 5395, 5410, 5457, 5461, 5475, 5501, 5535, 5551, 5554, 5558, 5561, 5587, 5629, 5640, 5648, 5656, 5676, 5700, 5702, 5706, 5719, 5736, 5740, 5766, 5768, 5779, 5783, 5801, 5803, 5815, 5885, 5896, 5932, 5954, 5972, 6006, 6065, 6087, 6187, 6259, 6274, 6291, 6328, 6334, 6357, 6376, 6398, 6410, 6413, 6416, 6426, 6454, 6463, 6471, 6480, 6499, 6508, 6542, 6552, 6559, 6568, 6570, 6586, 6618, 6622, 6627, 6634, 6636, 6638, 6654, 6677, 6698, 6724, 6735, 6749, 6755, 6765, 6790, 6800, 6833, 6863, 6875, 6906, 6929, 6937, 6949, 6960, 6968, 6992, 6996, 7007, 7009, 7019, 7058, 7088, 7096, 7124, 7134, 7138, 7145, 7147, 7149, 7155, 7185, 7189, 7250, 7252, 7256, 7264, 7297, 7317, 7335, 7338, 7350, 7372, 7378, 7397, 7417, 7472, 7504, 7507, 7562, 7575, 7601, 7603, 7608, 7688, 7698, 7709, 7735, 7744, 7780, 7791, 7797, 7803, 7822, 7836, 7838, 7843, 7855, 7867, 7876, 7899, 7906, 7926, 7930, 7938, 7953, 8016, 8065, 8074, 8076, 8097, 8100, 8121, 8191, 8198, 8212, 8214, 8251, 8253, 8255, 8263, 8309, 8335, 8354, 8358, 8396, 8424, 8515, 8554, 8556, 8576, 8649, 8664, 8678, 8682, 8690, 8712, 8738, 8752, 8757, 8776, 8788, 8794, 8810, 8833, 8837, 8841, 8864, 8930, 9015, 9036, 9041, 9050, 9069, 9096, 9119, 9133, 9139, 9147, 9161, 9190, 9210, 9233, 9288, 9294, 9300, 9384, 9388, 9391, 9416, 9428, 9446, 9459, 9487, 9490, 9504, 9518, 9576, 9594, 9598, 9623, 9638, 9640, 9649, 9678, 9683, 9727, 9773, 9776, 9778, 9798, 9822, 9828, 9836, 9843, 9874, 9879, 9888, 9901, 9913, 9946, 9993, 10027, 10032, 10057, 10086, 10122, 10124, 10129, 10228, 10241, 10320, 10324, 10336, 10387, 10393, 10402, 10426, 10459, 10484, 10555, 10565, 10603, 10605, 10646, 10709, 10722, 10726, 10736, 10749, 10758, 10790, 10813, 10862]","[2441, 5953, 6617]",10877,551,10326,0,551,10323,3
-4.0,HUMIDS,"[8, 32, 38, 58, 61, 66, 77, 91, 111, 126, 128, 135, 146, 154, 161, 166, 171, 173, 215, 277, 297, 373, 407, 444, 463, 495, 520, 597, 599, 601, 637, 673, 683, 686, 696, 722, 753, 799, 876, 936, 938, 946, 956, 971, 977, 1021, 1046, 1098, 1103, 1115, 1121, 1161, 1241, 1302, 1335, 1395, 1472, 1480, 1596, 1686, 1792, 1798, 1805, 1825, 1852, 1857, 1859, 1863, 1869, 1896, 1898, 1913, 1928, 1956, 1973, 1978, 2039, 2043, 2061, 2065, 2067, 2069, 2079, 2090, 2116, 2133, 2147, 2163, 2175, 2178, 2192, 2226, 2242, 2249, 2267, 2269, 2317, 2334, 2357, 2377, 2393, 2450, 2452, 2472, 2496, 2537, 2541, 2550, 2567, 2569, 2574, 2606, 2630, 2638, 2661, 2669, 2711, 2713, 2729, 2770, 2795, 2827, 2849, 2857, 2861, 2870, 2883, 2895, 2902, 2908, 2917, 2921, 2924, 2926, 2962, 2993, 3004, 3008, 3034, 3048, 3061, 3071, 3109, 3111, 3116, 3121, 3138, 3141, 3165, 3171, 3173, 3178, 3183, 3217, 3223, 3227, 3239, 3244, 3267, 3269, 3284, 3314, 3322, 3352, 3365, 3367, 3375, 3393, 3467, 3507, 3518, 3546, 3605, 3612, 3631, 3634, 3687, 3694, 3714, 3723, 3732, 3740, 3767, 3772, 3774, 3793, 3798, 3800, 3843, 3889, 3922, 3927, 3985, 4022, 4051, 4070, 4099, 4111, 4113, 4120, 4124, 4129, 4175, 4179, 4229, 4234, 4248, 4288, 4291, 4294, 4305, 4307, 4321, 4330, 4375, 4385, 4400, 4408, 4410, 4438, 4447, 4527, 4540, 4567, 4617, 4628, 4635, 4640, 4648, 4685, 4689, 4736, 4743, 4769, 4779, 4783, 4835, 4866, 4877, 4918, 4922, 4972, 5006, 5029, 5062, 5079, 5088, 5104, 5109, 5111, 5128, 5187, 5196, 5229, 5245, 5253, 5293, 5310, 5321, 5326, 5335, 5350, 5353, 5357, 5366, 5374, 5386, 5390, 5392, 5426, 5447, 5451, 5460, 5483, 5485, 5510, 5535, 5538, 5618, 5620, 5626, 5640, 5642, 5646, 5673, 5704, 5726, 5745, 5813, 5824, 5830, 5839, 5841, 5851, 5865, 5870, 5877, 5882, 5889, 5919, 5928, 5949, 6007, 6030, 6069, 6072, 6076, 6102, 6114, 6116, 6137, 6140, 6151, 6161, 6174, 6179, 6196, 6247, 6253, 6256, 6270, 6286, 6302, 6328, 6338, 6345, 6347, 6356, 6377, 6390, 6405, 6426, 6446, 6483, 6514, 6529, 6610, 6623, 6626, 6638, 6653, 6679, 6711, 6722, 6734, 6744, 6772, 6781, 6797, 6807, 6844, 6855, 6870, 6896, 6914, 6949, 6965, 6990, 6994, 7003, 7014, 7024, 7028, 7037, 7079, 7094, 7096, 7144, 7151, 7163, 7171, 7195, 7198, 7232, 7244, 7250, 7252, 7268, 7285, 7298, 7306, 7336, 7369, 7377, 7399, 7409, 7448, 7450, 7455, 7458, 7491, 7508, 7524, 7545, 7590, 7623, 7633, 7647, 7666, 7672, 7687, 7693, 7737, 7757, 7763, 7768, 7774, 7785, 7801, 7816, 7818, 7820, 7822, 7863, 7876, 7890, 7934, 7940, 7949, 7999, 8002, 8020, 8028, 8045, 8050, 8087, 8098, 8122, 8131, 8133, 8136, 8140, 8167, 8199, 8217, 8219, 8226, 8231, 8250, 8267, 8278, 8317, 8352, 8357, 8365, 8381, 8384, 8411, 8450, 8475, 8490, 8495, 8548, 8558, 8562, 8576, 8579, 8588, 8621, 8679, 8688, 8701, 8715, 8722, 8762, 8771, 8797, 8802, 8833, 8854, 8881, 8922, 8924, 8964, 8982, 9001, 9005, 9040, 9054, 9114, 9132, 9137, 9149, 9162, 9166, 9175, 9205, 9212, 9235, 9255, 9257, 9259, 9267, 9274, 9283, 9287, 9313, 9322, 9342, 9345, 9392, 9414, 9418, 9422, 9437, 9440, 9451, 9455, 9468, 9471, 9504, 9527, 9542, 9555, 9598, 9607, 9626, 9643, 9654, 9662, 9664, 9688, 9691, 9731, 9752, 9794, 9813, 9815, 9820, 9825, 9836, 9848, 9862, 9872, 9893, 9895, 9898, 9902, 9920, 9943, 9964, 9966, 9970, 9983, 9991, 9997, 10008, 10026, 10028, 10056, 10058, 10082, 10091, 10095, 10102, 10105, 10107, 10109, 10121, 10138, 10144, 10165, 10171, 10188, 10193, 10228, 10236, 10246, 10255, 10280, 10294, 10302, 10317, 10349, 10362, 10367, 10438, 10536, 10570, 10572, 10581, 10583, 10625, 10639, 10678, 10735, 10755, 10772, 10777, 10782, 10854, 10869, 10874, 10878, 10885, 10887, 10902, 10915, 10927, 10951, 10955, 10968, 10970, 10988, 10993, 11036, 11042, 11072, 11074, 11098, 11100, 11103, 11132, 11137, 11150, 11153, 11159, 11183, 11185, 11195, 11214, 11221, 11247, 11266, 11275, 11279, 11289, 11291, 11295, 11307, 11337, 11342, 11347, 11370, 11398, 11402, 11407, 11463, 11469, 11481, 11483, 11511, 11538, 11578, 11584, 11595, 11597, 11625, 11633, 11645, 11736, 11761, 11765, 11783, 11850, 11873, 11875, 11881, 11886, 11895, 11922, 11929, 11939, 11996, 12007, 12037, 12046, 12177, 12237, 12252, 12273, 12289, 12303, 12320, 12326, 12330, 12345, 12361, 12363, 12377, 12391, 12399, 12408, 12413, 12437, 12439, 12441, 12474, 12495, 12497, 12505, 12545, 12560, 12647, 12671, 12715, 12729, 12738, 12740, 12744, 12763, 12834, 12841, 12854, 12856, 12860, 12882, 12884, 12898, 12926, 12947, 12949, 12962, 13022, 13066, 13088, 13090, 13092, 13104, 13160, 13163, 13259, 13271, 13282, 13322, 13361, 13385, 13401, 13415, 13420, 13433, 13435, 13438, 13453, 13463, 13471, 13481, 13501, 13503, 13507, 13509, 13514, 13553, 13580, 13606, 13634, 13667, 13699, 13740, 13756, 13761, 13801, 13813, 13822, 13841, 13890, 13892, 13909, 13920, 13926, 13929, 13970, 13978, 14007, 14037, 14041, 14051, 14053, 14080, 14090, 14115, 14119, 14125, 14130, 14155, 14170, 14181, 14263, 14293, 14295, 14301, 14326, 14375, 14387, 14389, 14405, 14419, 14430, 14448, 14484, 14509, 14511, 14536, 14545, 14576, 14582, 14622, 14646, 14656, 14660, 14686, 14703, 14707, 14720, 14731, 14770, 14800, 14809, 14822, 14841, 14873, 14882, 14893, 14904, 14913, 14926, 14959, 14963, 14981, 14993, 15010, 15013, 15023, 15028, 15036, 15057, 15063, 15069, 15074, 15076, 15112, 15132, 15144, 15164, 15177, 15184, 15195, 15206, 15211, 15236, 15238, 15294, 15474, 15478, 15496, 15503, 15513, 15537, 15548, 15568, 15576, 15580, 15585, 15597, 15609, 15611, 15655, 15694, 15719, 15783, 15785, 15804, 15820, 15880, 15902, 15906, 15928, 15969, 15971, 15973, 15983, 15991, 15994, 16007, 16039, 16057, 16079, 16081, 16085, 16089, 16099, 16104, 16154, 16156, 16170, 16195, 16210, 16216, 16298, 16329, 16351, 16447, 16463, 16468, 16506, 16528, 16547, 16575, 16591, 16649, 16663, 16699, 16790, 16793, 16819, 16828, 16830, 16834, 16838, 16845, 16849, 16859, 16869, 16874, 16876, 16878, 16883, 16889, 16897, 16902, 16913, 16929, 16931, 16967, 16971, 16994, 17049, 17056, 17083, 17086, 17094, 17100, 17126, 17169, 17182, 17195, 17211, 17228, 17242, 17244, 17251, 17254, 17300, 17308, 17359, 17365, 17377, 17424, 17447, 17495, 17513, 17521, 17537, 17551, 17553, 17563, 17592, 17634, 17640, 17672, 17701, 17707, 17716, 17729, 17742, 17752, 17823, 17838, 17882, 17886, 17900, 17915, 17923, 17931, 17974, 17976, 18024, 18043, 18106, 18127, 18131, 18139, 18155, 18174, 18189, 18200, 18252, 18278, 18288, 18293, 18323, 18336, 18338, 18340, 18345, 18369, 18380, 18396, 18408, 18413, 18431, 18474, 18494, 18497, 18510, 18531, 18537, 18553, 18557, 18578, 18584, 18604, 18606, 18608, 18614, 18629, 18634, 18667, 18678, 18690, 18709, 18712, 18732, 18743, 18758, 18781, 18783, 18800, 18807, 18812, 18818, 18825, 18828, 18832, 18846, 18880, 18927, 18945, 18948, 18958, 18977, 18984, 19000, 19024, 19044, 19047, 19069, 19077, 19096, 19107, 19145, 19157, 19175, 19255, 19269, 19302, 19317, 19325, 19358, 19385, 19387, 19411, 19414, 19462, 19484, 19495, 19511, 19538, 19563, 19566, 19571, 19600, 19616, 19658, 19678, 19718, 19734, 19748, 19774, 19785, 19803, 19809, 19851, 19909, 19917, 19920, 19922, 19932, 19935, 19938, 19944, 19950, 19962, 19968, 19995, 20020, 20022, 20033, 20039, 20045, 20049, 20074, 20091, 20094, 20101, 20115, 20122, 20138, 20221, 20226, 20240, 20250, 20256, 20340, 20351, 20356, 20368, 20383, 20391, 20417, 20443, 20468, 20476, 20478, 20500, 20519, 20546, 20548, 20574, 20584, 20687, 20727, 20757, 20773, 20794, 20796, 20826, 20847, 20852, 20860, 20883, 20895, 20915, 20939, 20959, 20964, 20969, 20997, 21015, 21021, 21024, 21030, 21042, 21082, 21094, 21108, 21110, 21159, 21175, 21177, 21191, 21194, 21207, 21209, 21217, 21239, 21246, 21251, 21255, 21268, 21306, 21312, 21337, 21366, 21368, 21402, 21430, 21433, 21473, 21478, 21568, 21582, 21585, 21598, 21625, 21641, 21713, 21715, 21721, 21731, 21790, 21796, 21853, 21877, 21879, 21886, 21888, 21892, 21920, 21931, 21939, 21947, 21958, 21973, 21986, 22017, 22030, 22056, 22070, 22073, 22083, 22105, 22116, 22133, 22160, 22163, 22167, 22191, 22256, 22265, 22269, 22289, 22310, 22319, 22327, 22344, 22352, 22355, 22362, 22370, 22390, 22393, 22412, 22418, 22421, 22423, 22437, 22453, 22456, 22473, 22479, 22481, 22501, 22513, 22516, 22525, 22531, 22537, 22539, 22541, 22543, 22553, 22598, 22603, 22605, 22610, 22618, 22624, 22637, 22662, 22665, 22668, 22690, 22696, 22700, 22712, 22715, 22729, 22732, 22756, 22796, 22810, 22815, 22823, 22826, 22828, 22838, 22842, 22858, 22861, 22898, 22941, 22958, 22968, 22995, 23004, 23006, 23046, 23064, 23079, 23087, 23128, 23147, 23158, 23167, 23189, 23216, 23236, 23288, 23295, 23297, 23301, 23360, 23367, 23399, 23416, 23432, 23435, 23448, 23473, 23478, 23495, 23507, 23517, 23520, 23525, 23562, 23602, 23621, 23626, 23649, 23661, 23693, 23737, 23742, 23817, 23827, 23841, 23873, 23888, 23939, 23947, 23956, 23976, 24000, 24002, 24010, 24021, 24063, 24070, 24079, 24134, 24136, 24148, 24190, 24240, 24243, 24269, 24285, 24312, 24331, 24335, 24346, 24427, 24444, 24446, 24456, 24462, 24478, 24505, 24521, 24524, 24527, 24539, 24541, 24591, 24605, 24612, 24615, 24625, 24627, 24663, 24668, 24671, 24679, 24689, 24708, 24715, 24717, 24725, 24735, 24762, 24771, 24773, 24778, 24813, 24858, 24866, 24874, 24889, 24894, 24904, 24927, 24943, 24967, 24996, 25003, 25027, 25040, 25043, 25049, 25057, 25064, 25085, 25104, 25109, 25138, 25169, 25177, 25229, 25232, 25240, 25252, 25281, 25291, 25294, 25315, 25348, 25393, 25404, 25408, 25415, 25425, 25438, 25483, 25490, 25515, 25525, 25546, 25555, 25557, 25560, 25563, 25573, 25631, 25637, 25650, 25658, 25688, 25719, 25722, 25738, 25745, 25753, 25769, 25811, 25820, 25824, 25829, 25832, 25837, 25888, 25910, 25942, 25960, 25962, 25989, 26005, 26009, 26023, 26039, 26047, 26053, 26094, 26106, 26149, 26152, 26229, 26235, 26255, 26287, 26289, 26309, 26337, 26339, 26343, 26413, 26426, 26428, 26444, 26450, 26467, 26476, 26491, 26498, 26500, 26503, 26536, 26551, 26553, 26587, 26618, 26623, 26635, 26650, 26661, 26669, 26695, 26703, 26710, 26713, 26766, 26769, 26786, 26837, 26844, 26850, 26853, 26860, 26889, 26901, 26932, 26944, 26951, 26976, 26986, 27018, 27021, 27024, 27034, 27092, 27098, 27111, 27133, 27151, 27202, 27206, 27221, 27230, 27238, 27249, 27261, 27263, 27285, 27292, 27333, 27335, 27342, 27352, 27364, 27426, 27433, 27438, 27452, 27454, 27476, 27510, 27568, 27670, 27691, 27700, 27709, 27719, 27736, 27786, 27790, 27797, 27822, 27834, 27865, 27871, 27883, 27895, 27901, 27917, 27924, 27964, 27970, 27974, 27984, 27992, 28067, 28072, 28083, 28097, 28099, 28113, 28157, 28170, 28224, 28236, 28238, 28264, 28267, 28270, 28301, 28304, 28312, 28325, 28367, 28371, 28374, 28395, 28433, 28450, 28466, 28470, 28472, 28478, 28521, 28523, 28538, 28542, 28545, 28566, 28584, 28623, 28628, 28633, 28658, 28677, 28708, 28714, 28736, 28740, 28752, 28774, 28788, 28793, 28846, 28851, 28854, 28856, 28883, 28891, 28920, 28934, 28951, 28974, 28982, 28989, 29034, 29037, 29044, 29046, 29048, 29071, 29085, 29148, 29153, 29155, 29160, 29171, 29210, 29212, 29214, 29232, 29247, 29292, 29295, 29301, 29303, 29316, 29327, 29339, 29357, 29360, 29362, 29366, 29371, 29379, 29394, 29401, 29405, 29439, 29442, 29446, 29466, 29472, 29502, 29519, 29556, 29573, 29577, 29586, 29607, 29612, 29615, 29626, 29628, 29644, 29671, 29696, 29711, 29769, 29788, 29799, 29817, 29826, 29831, 29838, 29951, 29953, 29956, 30022, 30035, 30050, 30070, 30078, 30088, 30111, 30125, 30145, 30189, 30208, 30256, 30262, 30269, 30285, 30312, 30340, 30342, 30347, 30361, 30411, 30429, 30431, 30437, 30459, 30461, 30466, 30483, 30494, 30512, 30536, 30555, 30565, 30574, 30576, 30603, 30607, 30613, 30620, 30757, 30774, 30776, 30779, 30792, 30823, 30844, 30869, 30879, 30927, 30932, 30940, 30958, 30993, 31000, 31005, 31018, 31039, 31047, 31143, 31145, 31148, 31155, 31169, 31180, 31191, 31208, 31228, 31232, 31234, 31241, 31251, 31288, 31290, 31292, 31378, 31516, 31607, 31610, 31613, 31616, 31641, 31646, 31668, 31691, 31700, 31738, 31815, 31864, 31886, 31901, 31915, 31917, 31919, 31922, 31939, 31955, 31957, 31992, 32028, 32068, 32089, 32100, 32104, 32106, 32153, 32166, 32179, 32234, 32251, 32253, 32261, 32295, 32297, 32303, 32305, 32317, 32334, 32417, 32426, 32463, 32465, 32482, 32527, 32561, 32563, 32577, 32609, 32688, 32742, 32745, 32759, 32763, 32765, 32780, 32786, 32810, 32817, 32819, 32845, 32852, 32859, 32877, 32881, 32899, 32901, 32919, 32926, 32961, 32964, 32971, 32973, 33026, 33034, 33036, 33044, 33065, 33084, 33095, 33097, 33118, 33138, 33181, 33217, 33224, 33256, 33315, 33319, 33334, 33336, 33367, 33370, 33375, 33386, 33388, 33399, 33402, 33404, 33413, 33424, 33430, 33432, 33435, 33453, 33472, 33481, 33584, 33588, 33618, 33620, 33642, 33646, 33668, 33698, 33713, 33731, 33742, 33843, 33872, 33883, 33901, 33906, 33929, 33960, 34002, 34062, 34108, 34167, 34189, 34198, 34221, 34226, 34245, 34256, 34270, 34287, 34308, 34356, 34384, 34402, 34405, 34424, 34426, 34428, 34443, 34464, 34487, 34514, 34562, 34571, 34576, 34578, 34599, 34631, 34639, 34646, 34666, 34673, 34685, 34688, 34715, 34758, 34760, 34847, 34851, 34869, 34879, 34891, 34898, 34904, 34926, 34931, 34963, 34991, 35093, 35104, 35106, 35109, 35137, 35176, 35182, 35193, 35202, 35218, 35253, 35297, 35314, 35359, 35406, 35436, 35455, 35509, 35522, 35536, 35581, 35627, 35631, 35638, 35641, 35678, 35707, 35712, 35714, 35724, 35753, 35762, 35767, 35778, 35786, 35814, 35817, 35841, 35854, 35861, 35868, 35870, 35877, 35914, 35925, 35949, 35959, 35964, 35978, 35984, 36029, 36062, 36067, 36077, 36103, 36113, 36139, 36155, 36157, 36170, 36178, 36188, 36196, 36224, 36256, 36285, 36294, 36331, 36340, 36356, 36396, 36412, 36416, 36419, 36441, 36456, 36509, 36584, 36603, 36632, 36656, 36660, 36664, 36669, 36683, 36687, 36700, 36704, 36719, 36727, 36754, 36756, 36767, 36776, 36778, 36800, 36811, 36821, 36823, 36838]",[],"[8, 32, 38, 58, 61, 66, 77, 91, 111, 126, 128, 135, 146, 154, 161, 166, 171, 173, 215, 277, 297, 373, 407, 444, 463, 495, 520, 597, 599, 601, 637, 673, 683, 686, 696, 722, 753, 799, 876, 936, 938, 946, 956, 971, 977, 1021, 1046, 1098, 1103, 1115, 1121, 1161, 1241, 1302, 1335, 1395, 1472, 1480, 1596, 1686, 1792, 1798, 1805, 1825, 1852, 1857, 1859, 1863, 1869, 1896, 1898, 1913, 1928, 1956, 1973, 1978, 2039, 2043, 2061, 2065, 2067, 2069, 2079, 2090, 2116, 2133, 2147, 2163, 2175, 2178, 2192, 2226, 2242, 2249, 2267, 2269, 2317, 2334, 2357, 2377, 2393, 2450, 2452, 2472, 2496, 2537, 2541, 2550, 2567, 2569, 2574, 2606, 2630, 2638, 2661, 2669, 2711, 2713, 2729, 2770, 2795, 2827, 2849, 2857, 2861, 2870, 2883, 2895, 2902, 2908, 2917, 2921, 2924, 2926, 2962, 2993, 3004, 3008, 3034, 3048, 3061, 3071, 3109, 3111, 3116, 3121, 3138, 3141, 3165, 3171, 3173, 3178, 3183, 3217, 3223, 3227, 3239, 3244, 3267, 3269, 3284, 3314, 3322, 3352, 3365, 3367, 3375, 3393, 3467, 3507, 3518, 3546, 3605, 3612, 3631, 3634, 3687, 3694, 3714, 3723, 3732, 3740, 3767, 3772, 3774, 3793, 3798, 3800, 3843, 3889, 3922, 3927, 3985, 4022, 4051, 4070, 4099, 4111, 4113, 4120, 4124, 4129, 4175, 4179, 4229, 4234, 4248, 4288, 4291, 4294, 4305, 4307, 4321, 4330, 4375, 4385, 4400, 4408, 4410, 4438, 4447, 4527, 4540, 4567, 4617, 4628, 4635, 4640, 4648, 4685, 4689, 4736, 4743, 4769, 4779, 4783, 4835, 4866, 4877, 4918, 4922, 4972, 5006, 5029, 5062, 5079, 5088, 5104, 5109, 5111, 5128, 5187, 5196, 5229, 5245, 5253, 5293, 5310, 5321, 5326, 5335, 5350, 5353, 5357, 5366, 5374, 5386, 5390, 5392, 5426, 5447, 5451, 5460, 5483, 5485, 5510, 5535, 5538, 5618, 5620, 5626, 5640, 5642, 5646, 5673, 5704, 5726, 5745, 5813, 5824, 5830, 5839, 5841, 5851, 5865, 5870, 5877, 5882, 5889, 5919, 5928, 5949, 6007, 6030, 6069, 6072, 6076, 6102, 6114, 6116, 6137, 6140, 6151, 6161, 6174, 6179, 6196, 6247, 6253, 6256, 6270, 6286, 6302, 6328, 6338, 6345, 6347, 6356, 6377, 6390, 6405, 6426, 6446, 6483, 6514, 6529, 6610, 6623, 6626, 6638, 6653, 6679, 6711, 6722, 6734, 6744, 6772, 6781, 6797, 6807, 6844, 6855, 6870, 6896, 6914, 6949, 6965, 6990, 6994, 7003, 7014, 7024, 7028, 7037, 7079, 7094, 7096, 7144, 7151, 7163, 7171, 7195, 7198, 7232, 7244, 7250, 7252, 7268, 7285, 7298, 7306, 7336, 7369, 7377, 7399, 7409, 7448, 7450, 7455, 7458, 7491, 7508, 7524, 7545, 7590, 7623, 7633, 7647, 7666, 7672, 7687, 7693, 7737, 7757, 7763, 7768, 7774, 7785, 7801, 7816, 7818, 7820, 7822, 7863, 7876, 7890, 7934, 7940, 7949, 7999, 8002, 8020, 8028, 8045, 8050, 8087, 8098, 8122, 8131, 8133, 8136, 8140, 8167, 8199, 8217, 8219, 8226, 8231, 8250, 8267, 8278, 8317, 8352, 8357, 8365, 8381, 8384, 8411, 8450, 8475, 8490, 8495, 8548, 8558, 8562, 8576, 8579, 8588, 8621, 8679, 8688, 8701, 8715, 8722, 8762, 8771, 8797, 8802, 8833, 8854, 8881, 8922, 8924, 8964, 8982, 9001, 9005, 9040, 9054, 9114, 9132, 9137, 9149, 9162, 9166, 9175, 9205, 9212, 9235, 9255, 9257, 9259, 9267, 9274, 9283, 9287, 9313, 9322, 9342, 9345, 9392, 9414, 9418, 9422, 9437, 9440, 9451, 9455, 9468, 9471, 9504, 9527, 9542, 9555, 9598, 9607, 9626, 9643, 9654, 9662, 9664, 9688, 9691, 9731, 9752, 9794, 9813, 9815, 9820, 9825, 9836, 9848, 9862, 9872, 9893, 9895, 9898, 9902, 9920, 9943, 9964, 9966, 9970, 9983, 9991, 9997, 10008, 10026, 10028, 10056, 10058, 10082, 10091, 10095, 10102, 10105, 10107, 10109, 10121, 10138, 10144, 10165, 10171, 10188, 10193, 10228, 10236, 10246, 10255, 10280, 10294, 10302, 10317, 10349, 10362, 10367, 10438, 10536, 10570, 10572, 10581, 10583, 10625, 10639, 10678, 10735, 10755, 10772, 10777, 10782, 10854, 10869, 10874, 10878, 10885, 10887, 10902, 10915, 10927, 10951, 10955, 10968, 10970, 10988, 10993, 11036, 11042, 11072, 11074, 11098, 11100, 11103, 11132, 11137, 11150, 11153, 11159, 11183, 11185, 11195, 11214, 11221, 11247, 11266, 11275, 11279, 11289, 11291, 11295, 11307, 11337, 11342, 11347, 11370, 11398, 11402, 11407, 11463, 11469, 11481, 11483, 11511, 11538, 11578, 11584, 11595, 11597, 11625, 11633, 11645, 11736, 11761, 11765, 11783, 11850, 11873, 11875, 11881, 11886, 11895, 11922, 11929, 11939, 11996, 12007, 12037, 12046, 12177, 12237, 12252, 12273, 12289, 12303, 12320, 12326, 12330, 12345, 12361, 12363, 12377, 12391, 12399, 12408, 12413, 12437, 12439, 12441, 12474, 12495, 12497, 12505, 12545, 12560, 12647, 12671, 12715, 12729, 12738, 12740, 12744, 12763, 12834, 12841, 12854, 12856, 12860, 12882, 12884, 12898, 12926, 12947, 12949, 12962, 13022, 13066, 13088, 13090, 13092, 13104, 13160, 13163, 13259, 13271, 13282, 13322, 13361, 13385, 13401, 13415, 13420, 13433, 13435, 13438, 13453, 13463, 13471, 13481, 13501, 13503, 13507, 13509, 13514, 13553, 13580, 13606, 13634, 13667, 13699, 13740, 13756, 13761, 13801, 13813, 13822, 13841, 13890, 13892, 13909, 13920, 13926, 13929, 13970, 13978, 14007, 14037, 14041, 14051, 14053, 14080, 14090, 14115, 14119, 14125, 14130, 14155, 14170, 14181, 14263, 14293, 14295, 14301, 14326, 14375, 14387, 14389, 14405, 14419, 14430, 14448, 14484, 14509, 14511, 14536, 14545, 14576, 14582, 14622, 14646, 14656, 14660, 14686, 14703, 14707, 14720, 14731, 14770, 14800, 14809, 14822, 14841, 14873, 14882, 14893, 14904, 14913, 14926, 14959, 14963, 14981, 14993, 15010, 15013, 15023, 15028, 15036, 15057, 15063, 15069, 15074, 15076, 15112, 15132, 15144, 15164, 15177, 15184, 15195, 15206, 15211, 15236, 15238, 15294, 15474, 15478, 15496, 15503, 15513, 15537, 15548, 15568, 15576, 15580, 15585, 15597, 15609, 15611, 15655, 15694, 15719, 15783, 15785, 15804, 15820, 15880, 15902, 15906, 15928, 15969, 15971, 15973, 15983, 15991, 15994, 16007, 16039, 16057, 16079, 16081, 16085, 16089, 16099, 16104, 16154, 16156, 16170, 16195, 16210, 16216, 16298, 16329, 16351, 16447, 16463, 16468, 16506, 16528, 16547, 16575, 16591, 16649, 16663, 16699, 16790, 16793, 16819, 16828, 16830, 16834, 16838, 16845, 16849, 16859, 16869, 16874, 16876, 16878, 16883, 16889, 16897, 16902, 16913, 16929, 16931, 16967, 16971, 16994, 17049, 17056, 17083, 17086, 17094, 17100, 17126, 17169, 17182, 17195, 17211, 17228, 17242, 17244, 17251, 17254, 17300, 17308, 17359, 17365, 17377, 17424, 17447, 17495, 17513, 17521, 17537, 17551, 17553, 17563, 17592, 17634, 17640, 17672, 17701, 17707, 17716, 17729, 17742, 17752, 17823, 17838, 17882, 17886, 17900, 17915, 17923, 17931, 17974, 17976, 18024, 18043, 18106, 18127, 18131, 18139, 18155, 18174, 18189, 18200, 18252, 18278, 18288, 18293, 18323, 18336, 18338, 18340, 18345, 18369, 18380, 18396, 18408, 18413, 18431, 18474, 18494, 18497, 18510, 18531, 18537, 18553, 18557, 18578, 18584, 18604, 18606, 18608, 18614, 18629, 18634, 18667, 18678, 18690, 18709, 18712, 18732, 18743, 18758, 18781, 18783, 18800, 18807, 18812, 18818, 18825, 18828, 18832, 18846, 18880, 18927, 18945, 18948, 18958, 18977, 18984, 19000, 19024, 19044, 19047, 19069, 19077, 19096, 19107, 19145, 19157, 19175, 19255, 19269, 19302, 19317, 19325, 19358, 19385, 19387, 19411, 19414, 19462, 19484, 19495, 19511, 19538, 19563, 19566, 19571, 19600, 19616, 19658, 19678, 19718, 19734, 19748, 19774, 19785, 19803, 19809, 19851, 19909, 19917, 19920, 19922, 19932, 19935, 19938, 19944, 19950, 19962, 19968, 19995, 20020, 20022, 20033, 20039, 20045, 20049, 20074, 20091, 20094, 20101, 20115, 20122, 20138, 20221, 20226, 20240, 20250, 20256, 20340, 20351, 20356, 20368, 20383, 20391, 20417, 20443, 20468, 20476, 20478, 20500, 20519, 20546, 20548, 20574, 20584, 20687, 20727, 20757, 20773, 20794, 20796, 20826, 20847, 20852, 20860, 20883, 20895, 20915, 20939, 20959, 20964, 20969, 20997, 21015, 21021, 21024, 21030, 21042, 21082, 21094, 21108, 21110, 21159, 21175, 21177, 21191, 21194, 21207, 21209, 21217, 21239, 21246, 21251, 21255, 21268, 21306, 21312, 21337, 21366, 21368, 21402, 21430, 21433, 21473, 21478, 21568, 21582, 21585, 21598, 21625, 21641, 21713, 21715, 21721, 21731, 21790, 21796, 21853, 21877, 21879, 21886, 21888, 21892, 21920, 21931, 21939, 21947, 21958, 21973, 21986, 22017, 22030, 22056, 22070, 22073, 22083, 22105, 22116, 22133, 22160, 22163, 22167, 22191, 22256, 22265, 22269, 22289, 22310, 22319, 22327, 22344, 22352, 22355, 22362, 22370, 22390, 22393, 22412, 22418, 22421, 22423, 22437, 22453, 22456, 22473, 22479, 22481, 22501, 22513, 22516, 22525, 22531, 22537, 22539, 22541, 22543, 22553, 22598, 22603, 22605, 22610, 22618, 22624, 22637, 22662, 22665, 22668, 22690, 22696, 22700, 22712, 22715, 22729, 22732, 22756, 22796, 22810, 22815, 22823, 22826, 22828, 22838, 22842, 22858, 22861, 22898, 22941, 22958, 22968, 22995, 23004, 23006, 23046, 23064, 23079, 23087, 23128, 23147, 23158, 23167, 23189, 23216, 23236, 23288, 23295, 23297, 23301, 23360, 23367, 23399, 23416, 23432, 23435, 23448, 23473, 23478, 23495, 23507, 23517, 23520, 23525, 23562, 23602, 23621, 23626, 23649, 23661, 23693, 23737, 23742, 23817, 23827, 23841, 23873, 23888, 23939, 23947, 23956, 23976, 24000, 24002, 24010, 24021, 24063, 24070, 24079, 24134, 24136, 24148, 24190, 24240, 24243, 24269, 24285, 24312, 24331, 24335, 24346, 24427, 24444, 24446, 24456, 24462, 24478, 24505, 24521, 24524, 24527, 24539, 24541, 24591, 24605, 24612, 24615, 24625, 24627, 24663, 24668, 24671, 24679, 24689, 24708, 24715, 24717, 24725, 24735, 24762, 24771, 24773, 24778, 24813, 24858, 24866, 24874, 24889, 24894, 24904, 24927, 24943, 24967, 24996, 25003, 25027, 25040, 25043, 25049, 25057, 25064, 25085, 25104, 25109, 25138, 25169, 25177, 25229, 25232, 25240, 25252, 25281, 25291, 25294, 25315, 25348, 25393, 25404, 25408, 25415, 25425, 25438, 25483, 25490, 25515, 25525, 25546, 25555, 25557, 25560, 25563, 25573, 25631, 25637, 25650, 25658, 25688, 25719, 25722, 25738, 25745, 25753, 25769, 25811, 25820, 25824, 25829, 25832, 25837, 25888, 25910, 25942, 25960, 25962, 25989, 26005, 26009, 26023, 26039, 26047, 26053, 26094, 26106, 26149, 26152, 26229, 26235, 26255, 26287, 26289, 26309, 26337, 26339, 26343, 26413, 26426, 26428, 26444, 26450, 26467, 26476, 26491, 26498, 26500, 26503, 26536, 26551, 26553, 26587, 26618, 26623, 26635, 26650, 26661, 26669, 26695, 26703, 26710, 26713, 26766, 26769, 26786, 26837, 26844, 26850, 26853, 26860, 26889, 26901, 26932, 26944, 26951, 26976, 26986, 27018, 27021, 27024, 27034, 27092, 27098, 27111, 27133, 27151, 27202, 27206, 27221, 27230, 27238, 27249, 27261, 27263, 27285, 27292, 27333, 27335, 27342, 27352, 27364, 27426, 27433, 27438, 27452, 27454, 27476, 27510, 27568, 27670, 27691, 27700, 27709, 27719, 27736, 27786, 27790, 27797, 27822, 27834, 27865, 27871, 27883, 27895, 27901, 27917, 27924, 27964, 27970, 27974, 27984, 27992, 28067, 28072, 28083, 28097, 28099, 28113, 28157, 28170, 28224, 28236, 28238, 28264, 28267, 28270, 28301, 28304, 28312, 28325, 28367, 28371, 28374, 28395, 28433, 28450, 28466, 28470, 28472, 28478, 28521, 28523, 28538, 28542, 28545, 28566, 28584, 28623, 28628, 28633, 28658, 28677, 28708, 28714, 28736, 28740, 28752, 28774, 28788, 28793, 28846, 28851, 28854, 28856, 28883, 28891, 28920, 28934, 28951, 28974, 28982, 28989, 29034, 29037, 29044, 29046, 29048, 29071, 29085, 29148, 29153, 29155, 29160, 29171, 29210, 29212, 29214, 29232, 29247, 29292, 29295, 29301, 29303, 29316, 29327, 29339, 29357, 29360, 29362, 29366, 29371, 29379, 29394, 29401, 29405, 29439, 29442, 29446, 29466, 29472, 29502, 29519, 29556, 29573, 29577, 29586, 29607, 29612, 29615, 29626, 29628, 29644, 29671, 29696, 29711, 29769, 29788, 29799, 29817, 29826, 29831, 29838, 29951, 29953, 29956, 30022, 30035, 30050, 30070, 30078, 30088, 30111, 30125, 30145, 30189, 30208, 30256, 30262, 30269, 30285, 30312, 30340, 30342, 30347, 30361, 30411, 30429, 30431, 30437, 30459, 30461, 30466, 30483, 30494, 30512, 30536, 30555, 30565, 30574, 30576, 30603, 30607, 30613, 30620, 30757, 30774, 30776, 30779, 30792, 30823, 30844, 30869, 30879, 30927, 30932, 30940, 30958, 30993, 31000, 31005, 31018, 31039, 31047, 31143, 31145, 31148, 31155, 31169, 31180, 31191, 31208, 31228, 31232, 31234, 31241, 31251, 31288, 31290, 31292, 31378, 31516, 31607, 31610, 31613, 31616, 31641, 31646, 31668, 31691, 31700, 31738, 31815, 31864, 31886, 31901, 31915, 31917, 31919, 31922, 31939, 31955, 31957, 31992, 32028, 32068, 32089, 32100, 32104, 32106, 32153, 32166, 32179, 32234, 32251, 32253, 32261, 32295, 32297, 32303, 32305, 32317, 32334, 32417, 32426, 32463, 32465, 32482, 32527, 32561, 32563, 32577, 32609, 32688, 32742, 32745, 32759, 32763, 32765, 32780, 32786, 32810, 32817, 32819, 32845, 32852, 32859, 32877, 32881, 32899, 32901, 32919, 32926, 32961, 32964, 32971, 32973, 33026, 33034, 33036, 33044, 33065, 33084, 33095, 33097, 33118, 33138, 33181, 33217, 33224, 33256, 33315, 33319, 33334, 33336, 33367, 33370, 33375, 33386, 33388, 33399, 33402, 33404, 33413, 33424, 33430, 33432, 33435, 33453, 33472, 33481, 33584, 33588, 33618, 33620, 33642, 33646, 33668, 33698, 33713, 33731, 33742, 33843, 33872, 33883, 33901, 33906, 33929, 33960, 34002, 34062, 34108, 34167, 34189, 34198, 34221, 34226, 34245, 34256, 34270, 34287, 34308, 34356, 34384, 34402, 34405, 34424, 34426, 34428, 34443, 34464, 34487, 34514, 34562, 34571, 34576, 34578, 34599, 34631, 34639, 34646, 34666, 34673, 34685, 34688, 34715, 34758, 34760, 34847, 34851, 34869, 34879, 34891, 34898, 34904, 34926, 34931, 34963, 34991, 35093, 35104, 35106, 35109, 35137, 35176, 35182, 35193, 35202, 35218, 35253, 35297, 35314, 35359, 35406, 35436, 35455, 35509, 35522, 35536, 35581, 35627, 35631, 35638, 35641, 35678, 35707, 35712, 35714, 35724, 35753, 35762, 35767, 35778, 35786, 35814, 35817, 35841, 35854, 35861, 35868, 35870, 35877, 35914, 35925, 35949, 35959, 35964, 35978, 35984, 36029, 36062, 36067, 36077, 36103, 36113, 36139, 36155, 36157, 36170, 36178, 36188, 36196, 36224, 36256, 36285, 36294, 36331, 36340, 36356, 36396, 36412, 36416, 36419, 36441, 36456, 36509, 36584, 36603, 36632, 36656, 36660, 36664, 36669, 36683, 36687, 36700, 36704, 36719, 36727, 36754, 36756, 36767, 36776, 36778, 36800, 36811, 36821, 36823, 36838]","[1160, 2038, 2882, 5244, 8086, 9847, 15879, 19268]",36838,2047,34791,0,2047,34783,8
-4.0,HUMIGERA,"[11, 23, 50, 54, 69, 82, 91, 102, 107, 111, 124, 130, 142, 148, 219, 232, 264, 302, 331, 333, 359, 382, 400, 438, 444, 463, 465, 488, 502, 514, 530, 549, 568, 615, 619, 628, 651, 675, 684, 703, 716, 728, 730, 747, 758, 776, 800, 808, 819, 826, 832, 836, 854, 904, 909, 916, 923, 932, 969, 972, 987, 1017, 1023, 1059, 1061, 1067, 1073, 1085, 1090, 1094, 1098, 1117, 1178, 1221, 1262, 1275, 1320, 1322, 1324, 1335, 1343, 1347, 1404, 1419, 1423, 1426, 1445, 1477, 1480, 1508, 1552, 1583, 1602, 1611, 1665, 1669, 1689, 1754, 1788, 1790, 1798, 1802, 1809, 1815, 1824, 1826, 1836, 1870, 1906, 1945, 1983, 1998, 2004, 2016, 2020, 2035, 2131, 2142, 2145, 2174, 2178, 2193, 2198, 2225, 2236, 2251, 2257, 2282, 2315, 2347, 2359, 2380, 2423, 2428, 2481, 2490, 2507, 2509, 2533, 2570, 2575, 2579, 2597, 2605, 2613, 2634, 2636, 2641, 2653, 2655, 2662, 2714, 2741, 2755, 2771, 2775, 2794, 2823, 2850, 2868, 2913, 2926, 2949, 2953, 2966, 3004, 3015, 3037, 3052, 3066, 3076, 3084, 3086, 3096, 3103, 3106, 3110, 3142, 3178, 3190, 3204, 3254, 3267, 3298, 3310, 3341, 3391, 3394, 3397, 3407, 3417, 3445, 3447, 3460, 3466, 3472, 3525, 3601, 3624, 3684, 3695, 3698, 3719, 3738, 3740, 3762, 3774, 3816, 3819, 3828, 3846, 3860, 3867, 3870, 3898, 3953, 3971, 4001, 4012, 4043, 4055, 4071, 4099, 4125, 4129, 4140, 4154, 4254, 4263, 4282, 4295, 4300, 4318, 4343, 4345, 4366, 4381, 4408, 4444, 4466, 4477, 4517, 4528, 4581, 4645, 4647, 4654, 4673, 4687, 4759, 4793, 4797, 4814, 4836, 4879, 4893, 4902, 4940, 4943, 4972, 4980, 4997, 4999, 5006, 5025, 5038, 5044, 5081, 5091, 5106, 5117, 5119, 5137, 5159, 5169, 5173, 5177, 5238, 5248, 5265, 5310, 5316, 5334, 5352, 5360, 5366, 5407, 5410, 5419, 5432, 5439, 5467, 5490, 5497, 5540, 5548, 5623, 5627, 5634, 5636, 5642, 5644, 5682, 5690, 5710, 5756, 5761, 5783, 5808, 5820, 5837, 5855, 5864, 5871, 5892, 5899, 5905, 5920, 5932, 5949, 6002, 6032, 6039, 6050, 6056, 6069, 6084, 6091, 6114, 6120, 6144, 6189, 6194, 6251, 6282, 6304, 6326, 6337, 6363, 6373, 6378, 6395, 6411, 6447, 6474, 6511, 6513, 6523, 6525, 6534, 6580, 6623, 6641, 6657, 6659, 6677, 6684, 6711, 6715, 6718, 6726, 6733, 6769, 6921, 6952, 6956, 6993, 7002, 7007, 7014, 7020, 7024, 7041, 7084, 7095, 7127, 7145, 7162, 7166, 7170, 7174, 7202, 7218, 7239, 7276, 7281, 7330, 7352, 7381, 7386, 7401, 7407, 7442, 7447, 7530, 7570, 7576, 7599, 7611, 7634, 7642]",[],"[11, 23, 50, 54, 69, 82, 91, 102, 107, 111, 124, 130, 142, 148, 219, 232, 264, 302, 331, 333, 359, 382, 400, 438, 444, 463, 465, 488, 502, 514, 530, 549, 568, 615, 619, 628, 651, 675, 684, 703, 716, 728, 730, 747, 758, 776, 800, 808, 819, 826, 832, 836, 854, 904, 909, 916, 923, 932, 969, 972, 987, 1017, 1023, 1059, 1061, 1067, 1073, 1085, 1090, 1094, 1098, 1117, 1178, 1221, 1262, 1275, 1320, 1322, 1324, 1335, 1343, 1347, 1404, 1419, 1423, 1426, 1445, 1477, 1480, 1508, 1552, 1583, 1602, 1611, 1665, 1669, 1689, 1754, 1788, 1790, 1798, 1802, 1809, 1815, 1824, 1826, 1836, 1870, 1906, 1945, 1983, 1998, 2004, 2016, 2020, 2035, 2131, 2142, 2145, 2174, 2178, 2193, 2198, 2225, 2236, 2251, 2257, 2282, 2315, 2347, 2359, 2380, 2423, 2428, 2481, 2490, 2507, 2509, 2533, 2570, 2575, 2579, 2597, 2605, 2613, 2634, 2636, 2641, 2653, 2655, 2662, 2714, 2741, 2755, 2771, 2775, 2794, 2823, 2850, 2868, 2913, 2926, 2949, 2953, 2966, 3004, 3015, 3037, 3052, 3066, 3076, 3084, 3086, 3096, 3103, 3106, 3110, 3142, 3178, 3190, 3204, 3254, 3267, 3298, 3310, 3341, 3391, 3394, 3397, 3407, 3417, 3445, 3447, 3460, 3466, 3472, 3525, 3601, 3624, 3684, 3695, 3698, 3719, 3738, 3740, 3762, 3774, 3816, 3819, 3828, 3846, 3860, 3867, 3870, 3898, 3953, 3971, 4001, 4012, 4043, 4055, 4071, 4099, 4125, 4129, 4140, 4154, 4254, 4263, 4282, 4295, 4300, 4318, 4343, 4345, 4366, 4381, 4408, 4444, 4466, 4477, 4517, 4528, 4581, 4645, 4647, 4654, 4673, 4687, 4759, 4793, 4797, 4814, 4836, 4879, 4893, 4902, 4940, 4943, 4972, 4980, 4997, 4999, 5006, 5025, 5038, 5044, 5081, 5091, 5106, 5117, 5119, 5137, 5159, 5169, 5173, 5177, 5238, 5248, 5265, 5310, 5316, 5334, 5352, 5360, 5366, 5407, 5410, 5419, 5432, 5439, 5467, 5490, 5497, 5540, 5548, 5623, 5627, 5634, 5636, 5642, 5644, 5682, 5690, 5710, 5756, 5761, 5783, 5808, 5820, 5837, 5855, 5864, 5871, 5892, 5899, 5905, 5920, 5932, 5949, 6002, 6032, 6039, 6050, 6056, 6069, 6084, 6091, 6114, 6120, 6144, 6189, 6194, 6251, 6282, 6304, 6326, 6337, 6363, 6373, 6378, 6395, 6411, 6447, 6474, 6511, 6513, 6523, 6525, 6534, 6580, 6623, 6641, 6657, 6659, 6677, 6684, 6711, 6715, 6718, 6726, 6733, 6769, 6921, 6952, 6956, 6993, 7002, 7007, 7014, 7020, 7024, 7041, 7084, 7095, 7127, 7145, 7162, 7166, 7170, 7174, 7202, 7218, 7239, 7276, 7281, 7330, 7352, 7381, 7386, 7401, 7407, 7442, 7447, 7530, 7570, 7576, 7599, 7611, 7634, 7642]","[1342, 1797, 3105, 5168]",7652,401,7251,0,401,7247,4
-4.0,HUMIL2RGA,"[6, 8, 12, 22, 25, 29, 42, 91, 149, 204, 232, 241, 247, 260, 273, 300, 317, 322, 343, 382, 386, 390, 415, 425, 438, 459, 513, 618, 620, 644, 649, 651, 656, 658, 665, 670, 736, 773, 777, 802, 809, 818, 828, 841, 845, 852, 856, 893, 913, 944, 969, 977, 1018, 1022, 1059, 1062, 1129, 1147, 1167, 1180, 1189, 1192, 1194, 1211, 1233, 1261, 1294, 1336, 1379, 1427, 1441, 1446, 1477, 1481, 1493, 1499, 1520, 1573, 1647, 1651, 1719, 1734, 1739, 1770, 1779, 1785, 1811, 1851, 1860, 1871, 1881, 1885, 1894, 1915, 1942, 1958, 1981, 1985, 2036, 2088, 2092, 2104, 2106, 2115, 2118, 2145, 2163, 2167, 2169, 2177, 2181, 2249, 2266, 2280, 2282, 2305, 2310, 2312, 2337, 2343, 2358, 2403, 2464, 2484, 2506, 2526, 2553, 2561, 2563, 2568, 2573, 2579, 2581, 2584, 2590, 2598, 2622, 2644, 2684, 2719, 2772, 2784, 2795, 2801, 2821, 2824, 2842, 2846, 2858, 2871, 2882, 2885, 2907, 2948, 2964, 2967, 2976, 3010, 3012, 3014, 3032, 3069, 3092, 3102, 3112, 3127, 3131, 3154, 3159, 3230, 3253, 3279, 3327, 3354, 3365, 3382, 3422, 3424, 3430, 3471, 3479, 3529, 3566, 3587, 3589, 3600, 3613, 3616, 3632, 3655, 3701, 3716, 3719, 3721, 3723, 3743, 3761, 3778, 3782, 3869, 3925, 3930, 3940, 3943, 3974, 3998, 4017, 4027]",[],"[6, 8, 12, 22, 25, 29, 42, 91, 149, 204, 232, 241, 247, 260, 273, 300, 317, 322, 343, 382, 386, 390, 415, 425, 438, 459, 513, 618, 620, 644, 649, 651, 656, 658, 665, 670, 736, 773, 777, 802, 809, 818, 828, 841, 845, 852, 856, 893, 913, 944, 969, 977, 1018, 1022, 1059, 1062, 1129, 1147, 1167, 1180, 1189, 1192, 1194, 1211, 1233, 1261, 1294, 1336, 1379, 1427, 1441, 1446, 1477, 1481, 1493, 1499, 1520, 1573, 1647, 1651, 1719, 1734, 1739, 1770, 1779, 1785, 1811, 1851, 1860, 1871, 1881, 1885, 1894, 1915, 1942, 1958, 1981, 1985, 2036, 2088, 2092, 2104, 2106, 2115, 2118, 2145, 2163, 2167, 2169, 2177, 2181, 2249, 2266, 2280, 2282, 2305, 2310, 2312, 2337, 2343, 2358, 2403, 2464, 2484, 2506, 2526, 2553, 2561, 2563, 2568, 2573, 2579, 2581, 2584, 2590, 2598, 2622, 2644, 2684, 2719, 2772, 2784, 2795, 2801, 2821, 2824, 2842, 2846, 2858, 2871, 2882, 2885, 2907, 2948, 2964, 2967, 2976, 3010, 3012, 3014, 3032, 3069, 3092, 3102, 3112, 3127, 3131, 3154, 3159, 3230, 3253, 3279, 3327, 3354, 3365, 3382, 3422, 3424, 3430, 3471, 3479, 3529, 3566, 3587, 3589, 3600, 3613, 3616, 3632, 3655, 3701, 3716, 3719, 3721, 3723, 3743, 3761, 3778, 3782, 3869, 3925, 3930, 3940, 3943, 3974, 3998, 4017, 4027]","[203, 735, 1128, 1476, 2402, 3031, 3353]",4031,208,3823,0,208,3816,7
-4.0,HUMIL4A,"[29, 32, 60, 64, 68, 76, 105, 107, 113, 127, 150, 163, 190, 240, 291, 296, 329, 354, 366, 400, 408, 418, 440, 492, 547, 581, 589, 597, 605, 613, 670, 688, 706, 723, 790, 869, 871, 894, 897, 914, 931, 958, 962, 990, 1007, 1022, 1024, 1042, 1061, 1099, 1113, 1148, 1176, 1204, 1221, 1249, 1307, 1311, 1339, 1345, 1357, 1377, 1396, 1406, 1409, 1413, 1419, 1467, 1471, 1478, 1487, 1497, 1525, 1530, 1537, 1546, 1584, 1593, 1600, 1627, 1637, 1645, 1649, 1681, 1698, 1736, 1738, 1745, 1763, 1786, 1792, 1801, 1824, 1845, 1866, 1887, 1908, 1919, 1943, 2022, 2042, 2073, 2125, 2139, 2188, 2213, 2266, 2294, 2297, 2327, 2361, 2370, 2375, 2385, 2391, 2445, 2448, 2500, 2510, 2512, 2514, 2524, 2620, 2632, 2694, 2699, 2704, 2719, 2724, 2727, 2795, 2811, 2813, 2840, 2850, 2861, 2884, 2912, 2932, 2964, 2970, 2972, 2974, 2976, 2978, 2980, 2982, 2984, 2986, 2988, 2990, 2998, 3000, 3002, 3004, 3006, 3008, 3018, 3020, 3022, 3026, 3034, 3036, 3040, 3046, 3048, 3050, 3052, 3054, 3056, 3058, 3060, 3062, 3064, 3066, 3068, 3070, 3072, 3074, 3089, 3127, 3136, 3148, 3162, 3235, 3255, 3267, 3270, 3302, 3304, 3345, 3355, 3369, 3381, 3392, 3415, 3419, 3426, 3428, 3434, 3470, 3508, 3540, 3563, 3582, 3610, 3634, 3709, 3745, 3807, 3826, 3833, 3859, 3862, 3878, 3888, 3890, 3960, 3970, 3975, 3995, 4016, 4022, 4038, 4047, 4053, 4055, 4064, 4073, 4090, 4123, 4132, 4140, 4143, 4179, 4198, 4225, 4238, 4296, 4321, 4327, 4336, 4348, 4365, 4393, 4399, 4436, 4451, 4461, 4466, 4478, 4484, 4539, 4542, 4548, 4572, 4574, 4603, 4610, 4656, 4702, 4716, 4741, 4758, 4772, 4783, 4809, 4831, 4835, 4838, 4866, 4884, 4907, 4958, 4960, 4998, 5002, 5072, 5082, 5086, 5095, 5101, 5161, 5177, 5185, 5191, 5213, 5347, 5355, 5364, 5389, 5427, 5433, 5440, 5448, 5458, 5467, 5487, 5500, 5502, 5536, 5550, 5559, 5565, 5573, 5584, 5596, 5606, 5635, 5691, 5697, 5715, 5721, 5732, 5735, 5747, 5767, 5772, 5784, 5804, 5824, 5903, 5916, 5924, 5953, 5983, 5997, 6049, 6066, 6106, 6204, 6234, 6258, 6297, 6317, 6333, 6428, 6461, 6484, 6491, 6504, 6526, 6558, 6601, 6623, 6640, 6643, 6653, 6659, 6663, 6684, 6703, 6707, 6710, 6808, 6817, 6866, 6877, 6915, 6931, 7004, 7016, 7038, 7048, 7099, 7132, 7144, 7153, 7160, 7162, 7165, 7172, 7183, 7185, 7207, 7213, 7226, 7240, 7257, 7275, 7282, 7320, 7351, 7434, 7473, 7487, 7499, 7501, 7515, 7519, 7526, 7529, 7575, 7618, 7634, 7647, 7651, 7662, 7664, 7667, 7710, 7727, 7749, 7754, 7780, 7797, 7819, 7824, 7850, 7867, 7889, 7894, 7910, 7916, 7972, 7975, 7982, 8015, 8042, 8046, 8051, 8094, 8113, 8123, 8130, 8136, 8141, 8160, 8166, 8168, 8180, 8189, 8209, 8236, 8317, 8356, 8363, 8385, 8392, 8408, 8431, 8438, 8440, 8447, 8462, 8467, 8491, 8513, 8524, 8559, 8579, 8606, 8632, 8676, 8679, 8687, 8707, 8714, 8727, 8748, 8753, 8809, 8815, 8825, 8831, 8846, 8885, 8912, 8928, 8958, 9001, 9015, 9056, 9059, 9089, 9115, 9126, 9162, 9170, 9178, 9221, 9230, 9247, 9263, 9283, 9293, 9311, 9370, 9376, 9383, 9399, 9401, 9405, 9408, 9443, 9462, 9485, 9494, 9496, 9502, 9509, 9517, 9531, 9579, 9599, 9604, 9623, 9627, 9681, 9683, 9710, 9734, 9768, 9802, 9813, 9837]",[],"[29, 32, 60, 64, 68, 76, 105, 107, 113, 127, 150, 163, 190, 240, 291, 296, 329, 354, 366, 400, 408, 418, 440, 492, 547, 581, 589, 597, 605, 613, 670, 688, 706, 723, 790, 869, 871, 894, 897, 914, 931, 958, 962, 990, 1007, 1022, 1024, 1042, 1061, 1099, 1113, 1148, 1176, 1204, 1221, 1249, 1307, 1311, 1339, 1345, 1357, 1377, 1396, 1406, 1409, 1413, 1419, 1467, 1471, 1478, 1487, 1497, 1525, 1530, 1537, 1546, 1584, 1593, 1600, 1627, 1637, 1645, 1649, 1681, 1698, 1736, 1738, 1745, 1763, 1786, 1792, 1801, 1824, 1845, 1866, 1887, 1908, 1919, 1943, 2022, 2042, 2073, 2125, 2139, 2188, 2213, 2266, 2294, 2297, 2327, 2361, 2370, 2375, 2385, 2391, 2445, 2448, 2500, 2510, 2512, 2514, 2524, 2620, 2632, 2694, 2699, 2704, 2719, 2724, 2727, 2795, 2811, 2813, 2840, 2850, 2861, 2884, 2912, 2932, 2964, 2970, 2972, 2974, 2976, 2978, 2980, 2982, 2984, 2986, 2988, 2990, 2998, 3000, 3002, 3004, 3006, 3008, 3018, 3020, 3022, 3026, 3034, 3036, 3040, 3046, 3048, 3050, 3052, 3054, 3056, 3058, 3060, 3062, 3064, 3066, 3068, 3070, 3072, 3074, 3089, 3127, 3136, 3148, 3162, 3235, 3255, 3267, 3270, 3302, 3304, 3345, 3355, 3369, 3381, 3392, 3415, 3419, 3426, 3428, 3434, 3470, 3508, 3540, 3563, 3582, 3610, 3634, 3709, 3745, 3807, 3826, 3833, 3859, 3862, 3878, 3888, 3890, 3960, 3970, 3975, 3995, 4016, 4022, 4038, 4047, 4053, 4055, 4064, 4073, 4090, 4123, 4132, 4140, 4143, 4179, 4198, 4225, 4238, 4296, 4321, 4327, 4336, 4348, 4365, 4393, 4399, 4436, 4451, 4461, 4466, 4478, 4484, 4539, 4542, 4548, 4572, 4574, 4603, 4610, 4656, 4702, 4716, 4741, 4758, 4772, 4783, 4809, 4831, 4835, 4838, 4866, 4884, 4907, 4958, 4960, 4998, 5002, 5072, 5082, 5086, 5095, 5101, 5161, 5177, 5185, 5191, 5213, 5347, 5355, 5364, 5389, 5427, 5433, 5440, 5448, 5458, 5467, 5487, 5500, 5502, 5536, 5550, 5559, 5565, 5573, 5584, 5596, 5606, 5635, 5691, 5697, 5715, 5721, 5732, 5735, 5747, 5767, 5772, 5784, 5804, 5824, 5903, 5916, 5924, 5953, 5983, 5997, 6049, 6066, 6106, 6204, 6234, 6258, 6297, 6317, 6333, 6428, 6461, 6484, 6491, 6504, 6526, 6558, 6601, 6623, 6640, 6643, 6653, 6659, 6663, 6684, 6703, 6707, 6710, 6808, 6817, 6866, 6877, 6915, 6931, 7004, 7016, 7038, 7048, 7099, 7132, 7144, 7153, 7160, 7162, 7165, 7172, 7183, 7185, 7207, 7213, 7226, 7240, 7257, 7275, 7282, 7320, 7351, 7434, 7473, 7487, 7499, 7501, 7515, 7519, 7526, 7529, 7575, 7618, 7634, 7647, 7651, 7662, 7664, 7667, 7710, 7727, 7749, 7754, 7780, 7797, 7819, 7824, 7850, 7867, 7889, 7894, 7910, 7916, 7972, 7975, 7982, 8015, 8042, 8046, 8051, 8094, 8113, 8123, 8130, 8136, 8141, 8160, 8166, 8168, 8180, 8189, 8209, 8236, 8317, 8356, 8363, 8385, 8392, 8408, 8431, 8438, 8440, 8447, 8462, 8467, 8491, 8513, 8524, 8559, 8579, 8606, 8632, 8676, 8679, 8687, 8707, 8714, 8727, 8748, 8753, 8809, 8815, 8825, 8831, 8846, 8885, 8912, 8928, 8958, 9001, 9015, 9056, 9059, 9089, 9115, 9126, 9162, 9170, 9178, 9221, 9230, 9247, 9263, 9283, 9293, 9311, 9370, 9376, 9383, 9399, 9401, 9405, 9408, 9443, 9462, 9485, 9494, 9496, 9502, 9509, 9517, 9531, 9579, 9599, 9604, 9623, 9627, 9681, 9683, 9710, 9734, 9768, 9802, 9813, 9837]","[1306, 1626, 7003]",9893,516,9377,0,516,9374,3
-4.0,HUMIRBPG,"[17, 83, 98, 122, 143, 154, 158, 168, 193, 209, 227, 342, 344, 359, 389, 431, 500, 510, 515, 530, 539, 554, 574, 581, 590, 592, 623, 656, 713, 773, 787, 792, 806, 809, 812, 839, 887, 890, 946, 965, 971, 973, 979, 996, 1012, 1028, 1038, 1040, 1112, 1133, 1157, 1164, 1166, 1211, 1214, 1232, 1264, 1286, 1358, 1369, 1403, 1412, 1414, 1421, 1423, 1427, 1442, 1464, 1481, 1488, 1490, 1492, 1505, 1517, 1519, 1592, 1606, 1637, 1731, 1736, 1738, 1780, 1798, 1820, 1824, 1862, 1904, 1910, 1950, 1953, 1958, 1961, 1976, 2012, 2020, 2045, 2093, 2096, 2109, 2156, 2167, 2204, 2206, 2228, 2230, 2252, 2255, 2285, 2326, 2339, 2367, 2396, 2405, 2420, 2429, 2444, 2462, 2554, 2561, 2585, 2594, 2596, 2612, 2670, 2726, 2762, 2777, 2826, 2859, 2861, 2879, 2918, 2928, 2936, 2945, 2969, 3027, 3050, 3062, 3170, 3182, 3213, 3222, 3226, 3237, 3257, 3264, 3268, 3289, 3297, 3303, 3313, 3318, 3340, 3356, 3367, 3383, 3401, 3405, 3413, 3468, 3501, 3544, 3551, 3555, 3557, 3576, 3580, 3604, 3611, 3632, 3685, 3694, 3697, 3709, 3758, 3777, 3790, 3802, 3838, 3842, 3862, 3875, 3902, 3946, 3949, 3955, 3973, 3996, 4038, 4054, 4071, 4075, 4080, 4085, 4113, 4139, 4186, 4207, 4239, 4241, 4247, 4256, 4268, 4322, 4332, 4338, 4345, 4368, 4398, 4409, 4423, 4430, 4465, 4467, 4481, 4497, 4505, 4531, 4533, 4543, 4549, 4555, 4581, 4588, 4600, 4607, 4613, 4641, 4666, 4673, 4678, 4687, 4737, 4741, 4791, 4796, 4803, 4830, 4837, 4839, 4861, 4865, 4871, 4894, 4945, 4982, 5002, 5021, 5050, 5059, 5070, 5087, 5102, 5158, 5162, 5172, 5176, 5213, 5253, 5331, 5341, 5357, 5379, 5390, 5427, 5440, 5462, 5557, 5569, 5573, 5576, 5578, 5580, 5608, 5610, 5649, 5661, 5703, 5716, 5751, 5762, 5787, 5793, 5801, 5812, 5819, 5839, 5846, 5854, 5867, 5897, 5905, 5936, 5971, 5973, 5976, 5987, 5997, 6028, 6058, 6065, 6068, 6076, 6086, 6141, 6146, 6148, 6150, 6152, 6181, 6209, 6214, 6243, 6304, 6338, 6342, 6350, 6405, 6440, 6464, 6472, 6559, 6566, 6593, 6597, 6599, 6610, 6637, 6649, 6651, 6674, 6687, 6694, 6723, 6742, 6767, 6814, 6821, 6976, 7018, 7029, 7057, 7088, 7127, 7131, 7154, 7157, 7161, 7165, 7190, 7233, 7235, 7239, 7245, 7251, 7262, 7272, 7323, 7337, 7361, 7363, 7372, 7391, 7416, 7430, 7440, 7444, 7544, 7556, 7565, 7587, 7610, 7633, 7657, 7725, 7756, 7758, 7760, 7777, 7819, 7821, 7827, 7857, 7869, 7890, 7908, 7925, 7927, 7949, 7972, 7987, 8036, 8095, 8108, 8116, 8125, 8127, 8132, 8141, 8143, 8148, 8225, 8277, 8349, 8360, 8368, 8373, 8383, 8386, 8418, 8425, 8436, 8441, 8445, 8451, 8453, 8498, 8535, 8542, 8545, 8564, 8584, 8623, 8628, 8639, 8714, 8724, 8758, 8767, 8796, 8812, 8814, 8837, 8874, 8886, 8893, 8925, 8965, 8970, 9003, 9009, 9021, 9024, 9027, 9087, 9119, 9194, 9209, 9245, 9250, 9263, 9265, 9267, 9289, 9307, 9309, 9313, 9323, 9368, 9379, 9382, 9394, 9397, 9451, 9551, 9561, 9564, 9567, 9589, 9664, 9667, 9679, 9684, 9692, 9706]",[],"[17, 83, 98, 122, 143, 154, 158, 168, 193, 209, 227, 342, 344, 359, 389, 431, 500, 510, 515, 530, 539, 554, 574, 581, 590, 592, 623, 656, 713, 773, 787, 792, 806, 809, 812, 839, 887, 890, 946, 965, 971, 973, 979, 996, 1012, 1028, 1038, 1040, 1112, 1133, 1157, 1164, 1166, 1211, 1214, 1232, 1264, 1286, 1358, 1369, 1403, 1412, 1414, 1421, 1423, 1427, 1442, 1464, 1481, 1488, 1490, 1492, 1505, 1517, 1519, 1592, 1606, 1637, 1731, 1736, 1738, 1780, 1798, 1820, 1824, 1862, 1904, 1910, 1950, 1953, 1958, 1961, 1976, 2012, 2020, 2045, 2093, 2096, 2109, 2156, 2167, 2204, 2206, 2228, 2230, 2252, 2255, 2285, 2326, 2339, 2367, 2396, 2405, 2420, 2429, 2444, 2462, 2554, 2561, 2585, 2594, 2596, 2612, 2670, 2726, 2762, 2777, 2826, 2859, 2861, 2879, 2918, 2928, 2936, 2945, 2969, 3027, 3050, 3062, 3170, 3182, 3213, 3222, 3226, 3237, 3257, 3264, 3268, 3289, 3297, 3303, 3313, 3318, 3340, 3356, 3367, 3383, 3401, 3405, 3413, 3468, 3501, 3544, 3551, 3555, 3557, 3576, 3580, 3604, 3611, 3632, 3685, 3694, 3697, 3709, 3758, 3777, 3790, 3802, 3838, 3842, 3862, 3875, 3902, 3946, 3949, 3955, 3973, 3996, 4038, 4054, 4071, 4075, 4080, 4085, 4113, 4139, 4186, 4207, 4239, 4241, 4247, 4256, 4268, 4322, 4332, 4338, 4345, 4368, 4398, 4409, 4423, 4430, 4465, 4467, 4481, 4497, 4505, 4531, 4533, 4543, 4549, 4555, 4581, 4588, 4600, 4607, 4613, 4641, 4666, 4673, 4678, 4687, 4737, 4741, 4791, 4796, 4803, 4830, 4837, 4839, 4861, 4865, 4871, 4894, 4945, 4982, 5002, 5021, 5050, 5059, 5070, 5087, 5102, 5158, 5162, 5172, 5176, 5213, 5253, 5331, 5341, 5357, 5379, 5390, 5427, 5440, 5462, 5557, 5569, 5573, 5576, 5578, 5580, 5608, 5610, 5649, 5661, 5703, 5716, 5751, 5762, 5787, 5793, 5801, 5812, 5819, 5839, 5846, 5854, 5867, 5897, 5905, 5936, 5971, 5973, 5976, 5987, 5997, 6028, 6058, 6065, 6068, 6076, 6086, 6141, 6146, 6148, 6150, 6152, 6181, 6209, 6214, 6243, 6304, 6338, 6342, 6350, 6405, 6440, 6464, 6472, 6559, 6566, 6593, 6597, 6599, 6610, 6637, 6649, 6651, 6674, 6687, 6694, 6723, 6742, 6767, 6814, 6821, 6976, 7018, 7029, 7057, 7088, 7127, 7131, 7154, 7157, 7161, 7165, 7190, 7233, 7235, 7239, 7245, 7251, 7262, 7272, 7323, 7337, 7361, 7363, 7372, 7391, 7416, 7430, 7440, 7444, 7544, 7556, 7565, 7587, 7610, 7633, 7657, 7725, 7756, 7758, 7760, 7777, 7819, 7821, 7827, 7857, 7869, 7890, 7908, 7925, 7927, 7949, 7972, 7987, 8036, 8095, 8108, 8116, 8125, 8127, 8132, 8141, 8143, 8148, 8225, 8277, 8349, 8360, 8368, 8373, 8383, 8386, 8418, 8425, 8436, 8441, 8445, 8451, 8453, 8498, 8535, 8542, 8545, 8564, 8584, 8623, 8628, 8639, 8714, 8724, 8758, 8767, 8796, 8812, 8814, 8837, 8874, 8886, 8893, 8925, 8965, 8970, 9003, 9009, 9021, 9024, 9027, 9087, 9119, 9194, 9209, 9245, 9250, 9263, 9265, 9267, 9289, 9307, 9309, 9313, 9323, 9368, 9379, 9382, 9394, 9397, 9451, 9551, 9561, 9564, 9567, 9589, 9664, 9667, 9679, 9684, 9692, 9706]","[3181, 5157, 7160]",9704,476,9228,0,476,9225,3
-4.0,HUMLHDC,"[13, 20, 55, 79, 89, 92, 102, 135, 161, 167, 221, 249, 259, 263, 273, 305, 310, 346, 355, 366, 385, 387, 413, 420, 447, 450, 452, 459, 478, 502, 523, 537, 579, 590, 605, 610, 649, 655, 682, 698, 728, 737, 748, 758, 767, 771, 792, 819, 821, 844, 861, 875, 892, 901, 912, 926, 932, 942, 966, 978, 986, 991, 1012, 1032, 1076, 1095, 1131, 1134, 1136, 1165, 1189, 1194, 1196, 1274, 1289, 1307, 1309, 1312, 1327, 1349, 1370, 1383, 1397, 1399, 1420, 1436, 1457, 1460, 1463, 1482, 1484, 1507, 1521, 1541, 1552, 1554, 1609, 1636, 1638, 1655, 1663, 1667, 1698, 1728, 1732, 1764, 1768, 1770, 1793, 1805, 1810, 1825, 1827, 1866, 1884, 1909, 1926, 1936, 1951, 1956, 2027, 2084, 2095, 2105, 2118, 2133, 2139, 2150, 2166, 2195, 2220, 2256, 2266, 2286, 2290, 2315, 2328, 2343, 2363, 2372, 2389, 2392, 2501, 2511, 2513, 2535, 2547, 2550, 2556, 2563, 2620, 2629, 2676, 2754, 2760, 2783, 2787, 2795, 2803, 2817, 2860, 2879, 2911, 2937, 2975, 2998, 3011, 3043, 3071, 3075, 3087, 3093, 3108, 3113, 3141, 3183, 3301, 3420, 3437, 3530, 3547, 3549, 3552, 3565, 3596, 3617, 3634, 3698, 3700, 3703, 3718, 3736, 3742, 3767, 3786, 3813, 3821, 3831, 3877, 3913, 3919, 3928, 3934, 3960, 3962, 3964, 4018, 4020, 4076, 4087, 4124, 4128, 4186, 4193, 4249, 4252, 4388, 4428, 4435, 4437, 4442, 4457, 4471, 4473, 4521, 4534, 4593, 4599, 4642, 4760, 4818, 4826, 4870, 4877, 4884, 4898, 4902, 4910, 4920, 4926, 4930, 4936, 4971, 4974, 4989, 5031, 5064, 5070, 5076, 5078, 5117, 5125, 5130, 5147, 5191, 5213, 5218, 5226, 5242, 5258, 5261, 5283, 5292, 5296, 5303, 5316, 5328, 5331, 5416, 5421, 5460, 5521, 5525, 5556, 5562, 5575, 5595, 5598, 5601, 5692, 5715, 5736, 5779, 5782, 5795, 5798, 5814, 5822, 5834, 5882, 5908, 5920, 5925, 5932, 5942, 5959, 5971, 6017, 6021, 6048, 6083, 6096, 6127, 6141, 6148, 6173, 6208, 6218, 6231, 6252, 6258, 6290, 6296, 6349, 6433, 6435, 6469, 6493, 6511, 6514, 6594, 6602, 6642, 6644, 6662, 6672, 6704, 6713, 6727, 6732, 6764, 6766, 6794, 6798, 6801, 6819, 6822, 6842, 6871, 6877, 6934, 6970, 6990, 7011, 7083, 7091, 7139, 7145, 7148, 7151, 7157, 7186, 7235, 7284, 7348, 7350, 7358, 7402, 7416, 7476, 7480, 7494, 7499, 7537, 7575, 7586, 7588, 7646, 7658, 7736, 7776, 7820, 7822, 7837, 7839, 7852, 7875, 7879, 7890, 7907, 7910, 7918, 7950, 7954, 7957, 7981, 7996, 8023, 8025, 8029, 8061, 8076, 8082, 8101, 8126, 8138, 8145, 8150, 8172, 8201, 8209, 8239, 8241, 8257, 8266, 8271, 8278, 8282, 8287, 8332, 8346, 8364, 8380, 8402, 8478, 8486, 8488, 8524, 8580, 8582, 8611, 8625, 8659, 8672, 8675, 8691, 8716, 8721, 8723, 8729, 8740, 8764, 8776, 8815, 8872, 8891, 8895, 8897, 8899, 8901, 8903, 8934, 8957, 8967, 8972, 8993, 9017, 9048, 9067, 9072, 9095, 9170, 9173, 9211, 9230, 9242, 9247, 9277, 9286, 9318, 9364, 9373, 9383, 9393, 9397, 9406, 9425, 9452, 9479, 9512, 9551, 9561, 9590, 9612, 9629, 9642, 9655, 9657, 9669, 9706, 9774, 9784, 9799, 9824, 9828, 9831, 9857, 9926, 9948, 9955, 9980, 9983, 9998, 10060, 10062, 10068, 10082, 10090, 10101, 10121, 10123, 10128, 10151, 10154, 10157, 10193, 10198, 10200, 10231, 10262, 10270, 10275, 10293, 10315, 10327, 10332, 10401, 10416, 10422, 10487, 10490, 10513, 10531, 10545, 10565, 10585, 10596, 10636, 10644, 10680, 10687, 10699, 10711, 10718, 10745, 10762, 10767, 10783, 10796, 10800, 10810, 10844, 10871, 10873, 10901, 10903, 10919, 10950, 10989, 11023, 11054, 11068, 11075, 11110, 11144, 11157, 11184, 11216, 11222, 11240, 11295, 11322, 11347, 11401, 11411, 11424, 11445, 11472, 11474, 11582, 11592, 11646, 11653, 11675, 11686, 11704, 11714, 11756, 11762, 11766, 11771, 11775, 11798, 11802, 11806, 11866, 11887, 11906, 11920, 11933, 11945, 12005, 12034, 12132, 12188, 12210, 12212, 12235, 12242, 12253, 12257, 12259, 12273, 12286, 12296, 12322, 12324, 12328, 12343, 12348, 12355, 12359, 12387, 12390, 12417, 12436, 12450, 12455, 12465, 12470, 12472, 12476, 12499, 12505, 12598, 12608, 12626, 12636, 12640, 12645, 12701, 12704, 12714, 12745, 12757, 12764, 12789, 12835, 12838, 12848, 12907, 12948, 12954, 12966, 13018, 13022, 13034, 13050, 13063, 13075, 13088, 13103, 13105, 13147, 13159, 13183, 13187, 13189, 13196, 13223, 13235, 13242, 13247, 13269, 13303, 13320, 13344, 13366, 13376, 13381, 13394, 13468, 13528, 13576, 13585, 13609, 13629, 13650, 13677, 13723, 13744, 13769, 13799, 13802, 13824, 13856, 13866, 13881, 13886, 13925, 13957, 14005, 14014, 14025, 14035, 14048, 14067, 14094, 14170, 14174, 14189, 14218, 14224, 14227, 14315, 14330, 14338, 14354, 14359, 14380, 14382, 14399, 14424, 14462, 14473, 14492, 14495, 14606, 14610, 14622, 14644, 14654, 14657, 14680, 14686, 14792, 14808, 14812, 14896, 14908, 14912, 14945, 14960, 14968, 14976, 14990, 15040, 15092, 15094, 15096, 15100, 15104, 15114, 15172, 15222, 15300, 15311, 15331, 15361, 15391, 15404, 15418, 15431, 15436, 15443, 15476, 15478, 15498, 15509, 15576, 15585, 15625, 15666, 15678, 15701, 15770, 15825, 15841, 15849, 15875, 15877, 15887, 15897, 15951, 15971, 16004, 16034, 16045, 16073, 16076, 16086, 16100, 16125, 16130, 16157, 16172, 16228, 16241, 16253, 16304, 16328, 16365, 16367, 16370, 16377, 16383, 16410, 16448, 16461, 16489, 16491, 16501, 16527, 16552, 16561, 16578, 16652, 16655, 16671, 16682, 16723, 16730, 16775, 16782, 16797, 16819, 16894, 16921, 16926, 16935, 16945, 16987, 16989, 17018, 17020, 17023, 17034, 17049, 17051, 17056, 17086, 17088, 17091, 17126, 17131, 17146, 17151, 17222, 17238, 17240, 17264, 17271, 17280, 17291, 17301, 17304, 17314, 17349, 17364, 17444, 17468, 17478, 17500, 17502, 17537, 17541, 17582, 17615, 17620, 17629, 17683, 17717, 17754, 17772, 17783, 17817, 17881, 17883, 17897, 17914, 17966, 17972, 17981, 17996, 18003, 18040, 18078, 18080, 18092, 18254, 18258, 18319, 18340, 18362, 18383, 18387, 18414, 18418, 18440, 18465, 18469, 18479, 18507, 18520, 18553, 18561, 18577, 18588, 18620, 18626, 18651, 18664, 18678, 18699, 18771, 18777, 18783, 18787, 18828, 18856, 18860, 18888, 18901, 18920, 18933, 18935, 18937, 18954, 18958, 18986, 19001, 19020, 19024, 19029, 19060, 19068, 19078, 19090, 19092, 19109, 19119, 19135, 19141, 19156, 19165, 19169, 19172, 19195, 19197, 19218, 19220, 19246, 19250, 19273, 19277, 19293, 19313, 19317, 19330, 19363, 19409, 19420, 19453, 19462, 19498, 19501, 19503, 19512, 19519, 19538, 19554, 19569, 19589, 19593, 19631, 19633, 19688, 19693, 19746, 19803, 19810, 19830, 19836, 19853, 19863, 19885, 19903, 19922, 19932, 19952, 20020, 20076, 20119, 20124, 20138, 20144, 20154, 20196, 20205, 20214, 20232, 20265, 20275, 20288, 20295, 20301, 20305, 20307, 20393, 20404, 20427, 20429, 20465, 20483, 20487, 20509, 20519, 20526, 20535, 20541, 20560, 20565, 20629, 20639, 20647, 20673, 20711, 20713, 20734, 20775, 20783, 20805, 20817, 20842, 20858, 20892, 20900, 20918, 20931, 20934, 20937, 20956, 20958, 20963, 21046, 21089, 21099, 21119, 21157, 21189, 21207, 21261, 21283, 21306, 21333, 21350, 21360, 21400, 21415, 21436, 21488, 21502, 21520, 21525, 21546, 21548, 21571, 21573, 21580, 21594, 21603, 21641, 21650, 21653, 21662, 21666, 21686, 21688, 21694, 21707, 21719, 21721, 21735, 21749, 21751, 21767, 21769, 21792, 21814, 21843, 21855, 21857, 21868, 21884, 21895, 21924, 21926, 21959, 21998, 22047, 22067, 22070, 22091, 22115, 22141, 22145, 22197, 22220, 22224, 22237, 22239, 22265, 22267, 22275, 22326, 22332, 22352, 22373, 22387, 22403, 22412, 22436, 22442, 22558, 22582, 22587, 22614, 22645, 22660, 22687, 22742, 22758, 22813, 22845, 22856, 22929, 22944, 22958, 22986, 23009, 23023, 23034, 23071, 23109, 23121, 23131, 23211, 23229, 23231, 23247, 23252, 23267, 23281, 23294, 23350, 23375, 23415, 23429, 23451, 23458, 23464, 23476, 23495, 23497, 23518, 23540, 23553, 23556, 23572, 23585, 23601, 23620, 23626, 23668, 23697, 23702, 23730, 23757, 23790, 23817, 23865, 23867, 23872, 23883, 23913, 23920, 23987, 24018, 24027, 24036, 24055, 24060, 24075, 24087, 24091, 24117, 24132, 24134, 24138, 24225, 24233, 24246, 24251, 24272, 24297, 24312, 24319, 24341, 24358, 24381, 24389, 24448, 24454, 24462, 24518, 24531, 24550, 24552, 24560, 24594, 24604, 24615, 24619, 24627, 24637, 24658, 24667, 24671, 24684, 24699, 24701, 24709, 24733, 24768, 24770, 24772, 24775, 24781, 24783, 24793, 24824, 24876, 24888, 24890, 24898, 24910, 24930, 24942, 24947, 24971, 24986, 24988, 24990, 24992, 25001, 25035, 25107, 25120, 25207, 25212, 25234, 25247, 25265, 25316, 25336, 25367, 25370, 25391, 25406, 25408, 25410, 25451, 25477, 25480, 25489, 25549, 25564, 25568, 25570, 25575, 25596, 25615, 25623, 25655, 25657, 25672, 25686, 25690, 25699, 25714, 25724, 25735, 25764, 25778, 25847, 25851, 25866, 25890, 25896, 25906, 25923, 25951, 25959, 25973, 25981, 25985, 25999, 26012, 26015, 26067, 26072, 26103, 26106, 26120, 26124, 26130, 26137, 26164, 26185, 26219, 26370, 26392, 26394, 26428, 26431, 26483, 26489, 26512, 26544, 26553, 26564, 26597, 26600, 26637, 26661, 26691, 26715, 26724, 26727, 26757, 26831, 26869, 26897, 26899, 26910, 26949, 26990, 27010, 27032, 27054, 27059, 27062, 27105, 27131, 27176, 27185, 27196, 27201, 27206, 27215, 27218, 27267, 27390, 27406, 27411, 27422, 27488, 27551, 27564, 27597, 27614, 27626, 27643, 27654, 27673, 27675, 27700, 27730, 27753, 27790, 27795, 27809, 27815, 27824, 27831, 27861, 27878, 27880, 27883, 27903, 27924, 27931, 27944, 27958, 28002, 28004, 28008, 28035, 28068, 28074, 28087, 28089, 28105, 28107, 28118, 28134, 28163, 28178, 28192, 28208, 28220, 28225, 28293, 28322, 28335, 28344, 28387, 28400, 28412, 28423, 28447, 28460, 28463, 28469, 28473, 28494, 28500, 28525, 28538, 28551, 28566, 28578, 28580, 28634, 28672, 28676, 28770, 28775, 28781, 28786, 28790, 28800, 28844, 28856, 28898, 28924, 28946, 28948, 28958, 28981, 28984, 28986, 29039, 29054, 29076, 29089, 29099, 29113, 29145, 29152, 29162, 29175, 29184, 29234, 29317, 29346, 29357, 29369, 29380, 29412, 29425, 29448, 29457, 29468, 29565, 29585, 29603, 29611, 29622, 29629, 29647, 29673, 29705, 29756, 29759, 29766, 29774, 29799, 29808, 29813, 29816, 29870, 29909, 29918, 29932, 29934, 29960, 29994, 30005, 30013, 30024, 30092, 30101, 30124, 30152, 30170, 30177, 30186, 30190, 30194, 30214, 30248, 30250, 30260, 30310, 30360, 30372, 30377, 30384, 30388, 30409, 30422, 30431, 30433, 30439, 30443, 30475, 30499, 30516, 30548, 30580, 30611, 30629, 30649, 30675, 30701, 30718, 30731, 30733, 30741, 30743, 30767, 30830, 30855, 30863, 30868, 30872, 30889, 30906, 30909, 30918, 30954, 30977, 30979, 31014, 31034, 31061, 31071, 31081, 31103, 31109, 31138, 31152, 31166, 31180, 31192, 31232, 31240, 31252, 31265, 31276, 31306, 31309, 31333, 31351, 31392, 31404, 31407, 31422, 31427, 31434, 31463, 31484, 31492, 31520, 31527, 31551, 31559, 31579, 31622, 31631, 31655, 31658, 31664, 31679, 31691, 31703, 31735, 31746, 31748, 31756, 31773, 31796, 31820, 31844, 31857, 31867, 31869, 31873, 31875, 31879, 31885, 31901, 31912, 31945, 31950, 31968, 31975, 32021, 32047, 32065, 32123, 32147, 32157, 32161, 32166, 32169, 32180, 32214, 32228, 32237, 32253, 32303, 32311, 32313, 32326, 32347]",[],"[13, 20, 55, 79, 89, 92, 102, 135, 161, 167, 221, 249, 259, 263, 273, 305, 310, 346, 355, 366, 385, 387, 413, 420, 447, 450, 452, 459, 478, 502, 523, 537, 579, 590, 605, 610, 649, 655, 682, 698, 728, 737, 748, 758, 767, 771, 792, 819, 821, 844, 861, 875, 892, 901, 912, 926, 932, 942, 966, 978, 986, 991, 1012, 1032, 1076, 1095, 1131, 1134, 1136, 1165, 1189, 1194, 1196, 1274, 1289, 1307, 1309, 1312, 1327, 1349, 1370, 1383, 1397, 1399, 1420, 1436, 1457, 1460, 1463, 1482, 1484, 1507, 1521, 1541, 1552, 1554, 1609, 1636, 1638, 1655, 1663, 1667, 1698, 1728, 1732, 1764, 1768, 1770, 1793, 1805, 1810, 1825, 1827, 1866, 1884, 1909, 1926, 1936, 1951, 1956, 2027, 2084, 2095, 2105, 2118, 2133, 2139, 2150, 2166, 2195, 2220, 2256, 2266, 2286, 2290, 2315, 2328, 2343, 2363, 2372, 2389, 2392, 2501, 2511, 2513, 2535, 2547, 2550, 2556, 2563, 2620, 2629, 2676, 2754, 2760, 2783, 2787, 2795, 2803, 2817, 2860, 2879, 2911, 2937, 2975, 2998, 3011, 3043, 3071, 3075, 3087, 3093, 3108, 3113, 3141, 3183, 3301, 3420, 3437, 3530, 3547, 3549, 3552, 3565, 3596, 3617, 3634, 3698, 3700, 3703, 3718, 3736, 3742, 3767, 3786, 3813, 3821, 3831, 3877, 3913, 3919, 3928, 3934, 3960, 3962, 3964, 4018, 4020, 4076, 4087, 4124, 4128, 4186, 4193, 4249, 4252, 4388, 4428, 4435, 4437, 4442, 4457, 4471, 4473, 4521, 4534, 4593, 4599, 4642, 4760, 4818, 4826, 4870, 4877, 4884, 4898, 4902, 4910, 4920, 4926, 4930, 4936, 4971, 4974, 4989, 5031, 5064, 5070, 5076, 5078, 5117, 5125, 5130, 5147, 5191, 5213, 5218, 5226, 5242, 5258, 5261, 5283, 5292, 5296, 5303, 5316, 5328, 5331, 5416, 5421, 5460, 5521, 5525, 5556, 5562, 5575, 5595, 5598, 5601, 5692, 5715, 5736, 5779, 5782, 5795, 5798, 5814, 5822, 5834, 5882, 5908, 5920, 5925, 5932, 5942, 5959, 5971, 6017, 6021, 6048, 6083, 6096, 6127, 6141, 6148, 6173, 6208, 6218, 6231, 6252, 6258, 6290, 6296, 6349, 6433, 6435, 6469, 6493, 6511, 6514, 6594, 6602, 6642, 6644, 6662, 6672, 6704, 6713, 6727, 6732, 6764, 6766, 6794, 6798, 6801, 6819, 6822, 6842, 6871, 6877, 6934, 6970, 6990, 7011, 7083, 7091, 7139, 7145, 7148, 7151, 7157, 7186, 7235, 7284, 7348, 7350, 7358, 7402, 7416, 7476, 7480, 7494, 7499, 7537, 7575, 7586, 7588, 7646, 7658, 7736, 7776, 7820, 7822, 7837, 7839, 7852, 7875, 7879, 7890, 7907, 7910, 7918, 7950, 7954, 7957, 7981, 7996, 8023, 8025, 8029, 8061, 8076, 8082, 8101, 8126, 8138, 8145, 8150, 8172, 8201, 8209, 8239, 8241, 8257, 8266, 8271, 8278, 8282, 8287, 8332, 8346, 8364, 8380, 8402, 8478, 8486, 8488, 8524, 8580, 8582, 8611, 8625, 8659, 8672, 8675, 8691, 8716, 8721, 8723, 8729, 8740, 8764, 8776, 8815, 8872, 8891, 8895, 8897, 8899, 8901, 8903, 8934, 8957, 8967, 8972, 8993, 9017, 9048, 9067, 9072, 9095, 9170, 9173, 9211, 9230, 9242, 9247, 9277, 9286, 9318, 9364, 9373, 9383, 9393, 9397, 9406, 9425, 9452, 9479, 9512, 9551, 9561, 9590, 9612, 9629, 9642, 9655, 9657, 9669, 9706, 9774, 9784, 9799, 9824, 9828, 9831, 9857, 9926, 9948, 9955, 9980, 9983, 9998, 10060, 10062, 10068, 10082, 10090, 10101, 10121, 10123, 10128, 10151, 10154, 10157, 10193, 10198, 10200, 10231, 10262, 10270, 10275, 10293, 10315, 10327, 10332, 10401, 10416, 10422, 10487, 10490, 10513, 10531, 10545, 10565, 10585, 10596, 10636, 10644, 10680, 10687, 10699, 10711, 10718, 10745, 10762, 10767, 10783, 10796, 10800, 10810, 10844, 10871, 10873, 10901, 10903, 10919, 10950, 10989, 11023, 11054, 11068, 11075, 11110, 11144, 11157, 11184, 11216, 11222, 11240, 11295, 11322, 11347, 11401, 11411, 11424, 11445, 11472, 11474, 11582, 11592, 11646, 11653, 11675, 11686, 11704, 11714, 11756, 11762, 11766, 11771, 11775, 11798, 11802, 11806, 11866, 11887, 11906, 11920, 11933, 11945, 12005, 12034, 12132, 12188, 12210, 12212, 12235, 12242, 12253, 12257, 12259, 12273, 12286, 12296, 12322, 12324, 12328, 12343, 12348, 12355, 12359, 12387, 12390, 12417, 12436, 12450, 12455, 12465, 12470, 12472, 12476, 12499, 12505, 12598, 12608, 12626, 12636, 12640, 12645, 12701, 12704, 12714, 12745, 12757, 12764, 12789, 12835, 12838, 12848, 12907, 12948, 12954, 12966, 13018, 13022, 13034, 13050, 13063, 13075, 13088, 13103, 13105, 13147, 13159, 13183, 13187, 13189, 13196, 13223, 13235, 13242, 13247, 13269, 13303, 13320, 13344, 13366, 13376, 13381, 13394, 13468, 13528, 13576, 13585, 13609, 13629, 13650, 13677, 13723, 13744, 13769, 13799, 13802, 13824, 13856, 13866, 13881, 13886, 13925, 13957, 14005, 14014, 14025, 14035, 14048, 14067, 14094, 14170, 14174, 14189, 14218, 14224, 14227, 14315, 14330, 14338, 14354, 14359, 14380, 14382, 14399, 14424, 14462, 14473, 14492, 14495, 14606, 14610, 14622, 14644, 14654, 14657, 14680, 14686, 14792, 14808, 14812, 14896, 14908, 14912, 14945, 14960, 14968, 14976, 14990, 15040, 15092, 15094, 15096, 15100, 15104, 15114, 15172, 15222, 15300, 15311, 15331, 15361, 15391, 15404, 15418, 15431, 15436, 15443, 15476, 15478, 15498, 15509, 15576, 15585, 15625, 15666, 15678, 15701, 15770, 15825, 15841, 15849, 15875, 15877, 15887, 15897, 15951, 15971, 16004, 16034, 16045, 16073, 16076, 16086, 16100, 16125, 16130, 16157, 16172, 16228, 16241, 16253, 16304, 16328, 16365, 16367, 16370, 16377, 16383, 16410, 16448, 16461, 16489, 16491, 16501, 16527, 16552, 16561, 16578, 16652, 16655, 16671, 16682, 16723, 16730, 16775, 16782, 16797, 16819, 16894, 16921, 16926, 16935, 16945, 16987, 16989, 17018, 17020, 17023, 17034, 17049, 17051, 17056, 17086, 17088, 17091, 17126, 17131, 17146, 17151, 17222, 17238, 17240, 17264, 17271, 17280, 17291, 17301, 17304, 17314, 17349, 17364, 17444, 17468, 17478, 17500, 17502, 17537, 17541, 17582, 17615, 17620, 17629, 17683, 17717, 17754, 17772, 17783, 17817, 17881, 17883, 17897, 17914, 17966, 17972, 17981, 17996, 18003, 18040, 18078, 18080, 18092, 18254, 18258, 18319, 18340, 18362, 18383, 18387, 18414, 18418, 18440, 18465, 18469, 18479, 18507, 18520, 18553, 18561, 18577, 18588, 18620, 18626, 18651, 18664, 18678, 18699, 18771, 18777, 18783, 18787, 18828, 18856, 18860, 18888, 18901, 18920, 18933, 18935, 18937, 18954, 18958, 18986, 19001, 19020, 19024, 19029, 19060, 19068, 19078, 19090, 19092, 19109, 19119, 19135, 19141, 19156, 19165, 19169, 19172, 19195, 19197, 19218, 19220, 19246, 19250, 19273, 19277, 19293, 19313, 19317, 19330, 19363, 19409, 19420, 19453, 19462, 19498, 19501, 19503, 19512, 19519, 19538, 19554, 19569, 19589, 19593, 19631, 19633, 19688, 19693, 19746, 19803, 19810, 19830, 19836, 19853, 19863, 19885, 19903, 19922, 19932, 19952, 20020, 20076, 20119, 20124, 20138, 20144, 20154, 20196, 20205, 20214, 20232, 20265, 20275, 20288, 20295, 20301, 20305, 20307, 20393, 20404, 20427, 20429, 20465, 20483, 20487, 20509, 20519, 20526, 20535, 20541, 20560, 20565, 20629, 20639, 20647, 20673, 20711, 20713, 20734, 20775, 20783, 20805, 20817, 20842, 20858, 20892, 20900, 20918, 20931, 20934, 20937, 20956, 20958, 20963, 21046, 21089, 21099, 21119, 21157, 21189, 21207, 21261, 21283, 21306, 21333, 21350, 21360, 21400, 21415, 21436, 21488, 21502, 21520, 21525, 21546, 21548, 21571, 21573, 21580, 21594, 21603, 21641, 21650, 21653, 21662, 21666, 21686, 21688, 21694, 21707, 21719, 21721, 21735, 21749, 21751, 21767, 21769, 21792, 21814, 21843, 21855, 21857, 21868, 21884, 21895, 21924, 21926, 21959, 21998, 22047, 22067, 22070, 22091, 22115, 22141, 22145, 22197, 22220, 22224, 22237, 22239, 22265, 22267, 22275, 22326, 22332, 22352, 22373, 22387, 22403, 22412, 22436, 22442, 22558, 22582, 22587, 22614, 22645, 22660, 22687, 22742, 22758, 22813, 22845, 22856, 22929, 22944, 22958, 22986, 23009, 23023, 23034, 23071, 23109, 23121, 23131, 23211, 23229, 23231, 23247, 23252, 23267, 23281, 23294, 23350, 23375, 23415, 23429, 23451, 23458, 23464, 23476, 23495, 23497, 23518, 23540, 23553, 23556, 23572, 23585, 23601, 23620, 23626, 23668, 23697, 23702, 23730, 23757, 23790, 23817, 23865, 23867, 23872, 23883, 23913, 23920, 23987, 24018, 24027, 24036, 24055, 24060, 24075, 24087, 24091, 24117, 24132, 24134, 24138, 24225, 24233, 24246, 24251, 24272, 24297, 24312, 24319, 24341, 24358, 24381, 24389, 24448, 24454, 24462, 24518, 24531, 24550, 24552, 24560, 24594, 24604, 24615, 24619, 24627, 24637, 24658, 24667, 24671, 24684, 24699, 24701, 24709, 24733, 24768, 24770, 24772, 24775, 24781, 24783, 24793, 24824, 24876, 24888, 24890, 24898, 24910, 24930, 24942, 24947, 24971, 24986, 24988, 24990, 24992, 25001, 25035, 25107, 25120, 25207, 25212, 25234, 25247, 25265, 25316, 25336, 25367, 25370, 25391, 25406, 25408, 25410, 25451, 25477, 25480, 25489, 25549, 25564, 25568, 25570, 25575, 25596, 25615, 25623, 25655, 25657, 25672, 25686, 25690, 25699, 25714, 25724, 25735, 25764, 25778, 25847, 25851, 25866, 25890, 25896, 25906, 25923, 25951, 25959, 25973, 25981, 25985, 25999, 26012, 26015, 26067, 26072, 26103, 26106, 26120, 26124, 26130, 26137, 26164, 26185, 26219, 26370, 26392, 26394, 26428, 26431, 26483, 26489, 26512, 26544, 26553, 26564, 26597, 26600, 26637, 26661, 26691, 26715, 26724, 26727, 26757, 26831, 26869, 26897, 26899, 26910, 26949, 26990, 27010, 27032, 27054, 27059, 27062, 27105, 27131, 27176, 27185, 27196, 27201, 27206, 27215, 27218, 27267, 27390, 27406, 27411, 27422, 27488, 27551, 27564, 27597, 27614, 27626, 27643, 27654, 27673, 27675, 27700, 27730, 27753, 27790, 27795, 27809, 27815, 27824, 27831, 27861, 27878, 27880, 27883, 27903, 27924, 27931, 27944, 27958, 28002, 28004, 28008, 28035, 28068, 28074, 28087, 28089, 28105, 28107, 28118, 28134, 28163, 28178, 28192, 28208, 28220, 28225, 28293, 28322, 28335, 28344, 28387, 28400, 28412, 28423, 28447, 28460, 28463, 28469, 28473, 28494, 28500, 28525, 28538, 28551, 28566, 28578, 28580, 28634, 28672, 28676, 28770, 28775, 28781, 28786, 28790, 28800, 28844, 28856, 28898, 28924, 28946, 28948, 28958, 28981, 28984, 28986, 29039, 29054, 29076, 29089, 29099, 29113, 29145, 29152, 29162, 29175, 29184, 29234, 29317, 29346, 29357, 29369, 29380, 29412, 29425, 29448, 29457, 29468, 29565, 29585, 29603, 29611, 29622, 29629, 29647, 29673, 29705, 29756, 29759, 29766, 29774, 29799, 29808, 29813, 29816, 29870, 29909, 29918, 29932, 29934, 29960, 29994, 30005, 30013, 30024, 30092, 30101, 30124, 30152, 30170, 30177, 30186, 30190, 30194, 30214, 30248, 30250, 30260, 30310, 30360, 30372, 30377, 30384, 30388, 30409, 30422, 30431, 30433, 30439, 30443, 30475, 30499, 30516, 30548, 30580, 30611, 30629, 30649, 30675, 30701, 30718, 30731, 30733, 30741, 30743, 30767, 30830, 30855, 30863, 30868, 30872, 30889, 30906, 30909, 30918, 30954, 30977, 30979, 31014, 31034, 31061, 31071, 31081, 31103, 31109, 31138, 31152, 31166, 31180, 31192, 31232, 31240, 31252, 31265, 31276, 31306, 31309, 31333, 31351, 31392, 31404, 31407, 31422, 31427, 31434, 31463, 31484, 31492, 31520, 31527, 31551, 31559, 31579, 31622, 31631, 31655, 31658, 31664, 31679, 31691, 31703, 31735, 31746, 31748, 31756, 31773, 31796, 31820, 31844, 31857, 31867, 31869, 31873, 31875, 31879, 31885, 31901, 31912, 31945, 31950, 31968, 31975, 32021, 32047, 32065, 32123, 32147, 32157, 32161, 32166, 32169, 32180, 32214, 32228, 32237, 32253, 32303, 32311, 32313, 32326, 32347]","[7415, 9773, 14605, 15584, 18382, 18782, 19312, 20300, 20482, 24666, 29773]",32344,1627,30717,0,1627,30706,11
-4.0,HUMLUCT,"[39, 41, 43, 50, 52, 72, 75, 98, 109, 129, 180, 219, 274, 305, 315, 325, 335, 337, 365, 379, 462, 509, 524, 539, 544, 644, 650, 659, 676, 680, 729, 774, 788, 792, 809, 820, 835, 870, 873, 876, 894, 900, 1001, 1056, 1077, 1088, 1096, 1109, 1154, 1165, 1176, 1219, 1229, 1254, 1256, 1268, 1294, 1304, 1338, 1346, 1354, 1359, 1477, 1479, 1481, 1505, 1543, 1545, 1551, 1577, 1587, 1595, 1632, 1677, 1687, 1732, 1739, 1781, 1801, 1809, 1819, 1823, 1841, 1855, 1868, 1878, 1902, 1905, 1931, 1944, 1949, 1981, 2004, 2040, 2069, 2072, 2122, 2131, 2164, 2167, 2174, 2177, 2181, 2190, 2217, 2247, 2275, 2309, 2324, 2330, 2370, 2375, 2388, 2406, 2410, 2465, 2475, 2506, 2510, 2536, 2563, 2581, 2588, 2590, 2602, 2605, 2637, 2659, 2683, 2777, 2779, 2807, 2830, 2839, 2842, 2850, 2862, 2866, 2920, 2942, 2955, 2963, 2978, 3005, 3009, 3013, 3016, 3044, 3064, 3074, 3090, 3095, 3102, 3112, 3115, 3159, 3192]",[],"[39, 41, 43, 50, 52, 72, 75, 98, 109, 129, 180, 219, 274, 305, 315, 325, 335, 337, 365, 379, 462, 509, 524, 539, 544, 644, 650, 659, 676, 680, 729, 774, 788, 792, 809, 820, 835, 870, 873, 876, 894, 900, 1001, 1056, 1077, 1088, 1096, 1109, 1154, 1165, 1176, 1219, 1229, 1254, 1256, 1268, 1294, 1304, 1338, 1346, 1354, 1359, 1477, 1479, 1481, 1505, 1543, 1545, 1551, 1577, 1587, 1595, 1632, 1677, 1687, 1732, 1739, 1781, 1801, 1809, 1819, 1823, 1841, 1855, 1868, 1878, 1902, 1905, 1931, 1944, 1949, 1981, 2004, 2040, 2069, 2072, 2122, 2131, 2164, 2167, 2174, 2177, 2181, 2190, 2217, 2247, 2275, 2309, 2324, 2330, 2370, 2375, 2388, 2406, 2410, 2465, 2475, 2506, 2510, 2536, 2563, 2581, 2588, 2590, 2602, 2605, 2637, 2659, 2683, 2777, 2779, 2807, 2830, 2839, 2842, 2850, 2862, 2866, 2920, 2942, 2955, 2963, 2978, 3005, 3009, 3013, 3016, 3044, 3064, 3074, 3090, 3095, 3102, 3112, 3115, 3159, 3192]","[1550, 2505, 2861]",3289,157,3132,0,157,3129,3
-4.0,HUMLYTOXBB,"[20, 43, 83, 94, 104, 131, 165, 182, 283, 328, 333, 394, 398, 424, 434, 449, 454, 457, 459, 493, 510, 525, 541, 545, 570, 590, 600, 613, 634, 651, 661, 676, 678, 705, 710, 714, 718, 724, 738, 743, 749, 764, 808, 814, 840, 856, 894, 905, 915, 976, 982, 1016, 1023, 1034, 1039, 1069, 1081, 1098, 1111, 1127, 1135, 1148, 1154, 1196, 1236, 1240, 1248, 1270, 1318, 1325, 1358, 1362, 1384, 1396, 1425, 1431, 1449, 1473, 1475, 1477, 1485, 1498, 1503, 1512, 1516, 1535, 1558, 1609, 1663, 1673, 1688, 1696, 1732, 1738, 1762, 1764, 1784, 1810, 1819, 1830, 1840, 1853, 1874, 1901, 1903, 1916, 1918, 1984, 1987, 2001, 2007, 2044, 2057, 2087, 2110, 2116, 2125, 2133, 2146, 2158, 2185, 2189, 2193, 2196, 2200, 2203, 2276, 2285, 2297, 2339, 2351, 2408, 2448, 2450, 2510, 2537, 2554, 2572, 2599, 2642, 2658, 2673, 2675, 2684, 2695, 2697, 2703, 2718, 2726, 2735, 2762, 2767, 2801, 2822, 2839, 2860, 2868, 2878, 2890, 2899, 2911, 2935, 2939, 2958, 2965, 2968, 2996, 2999, 3005, 3008, 3042, 3049, 3057, 3062, 3087, 3093, 3098, 3101, 3107, 3109, 3128, 3130, 3151, 3159, 3173, 3190, 3208, 3210, 3212, 3214, 3224, 3230, 3259, 3275, 3281, 3313, 3331, 3377, 3390, 3440, 3492, 3504, 3517, 3538, 3561, 3632, 3659, 3661, 3676, 3682, 3698, 3720, 3727, 3753, 3760, 3778, 3787, 3789, 3792, 3809, 3833, 3847, 3865, 3867, 3972, 4007, 4015, 4017, 4079, 4100, 4156, 4161, 4215, 4235, 4299, 4308, 4334, 4349, 4359, 4364, 4377, 4401, 4403, 4407, 4417, 4431, 4467, 4473, 4478, 4492, 4496, 4499, 4505, 4509, 4548, 4559, 4569, 4619, 4641, 4653, 4666, 4670, 4678, 4684, 4698, 4709, 4737, 4739, 4766, 4774, 4823, 4831, 4898, 4936, 4949, 4958, 5006, 5086, 5101, 5144, 5218, 5221, 5241, 5278, 5280, 5292, 5330, 5346, 5350, 5354, 5356, 5360, 5375, 5381, 5383, 5436, 5457, 5470, 5499, 5531, 5554, 5567, 5588, 5600, 5631, 5636, 5641, 5656, 5661, 5682, 5706, 5798, 5808, 5821, 5832, 5842, 5845, 5869, 5871, 5913, 5954, 6015, 6033, 6037, 6063, 6104, 6113, 6132, 6165, 6168, 6180, 6194, 6202, 6207, 6214, 6231, 6287]",[],"[20, 43, 83, 94, 104, 131, 165, 182, 283, 328, 333, 394, 398, 424, 434, 449, 454, 457, 459, 493, 510, 525, 541, 545, 570, 590, 600, 613, 634, 651, 661, 676, 678, 705, 710, 714, 718, 724, 738, 743, 749, 764, 808, 814, 840, 856, 894, 905, 915, 976, 982, 1016, 1023, 1034, 1039, 1069, 1081, 1098, 1111, 1127, 1135, 1148, 1154, 1196, 1236, 1240, 1248, 1270, 1318, 1325, 1358, 1362, 1384, 1396, 1425, 1431, 1449, 1473, 1475, 1477, 1485, 1498, 1503, 1512, 1516, 1535, 1558, 1609, 1663, 1673, 1688, 1696, 1732, 1738, 1762, 1764, 1784, 1810, 1819, 1830, 1840, 1853, 1874, 1901, 1903, 1916, 1918, 1984, 1987, 2001, 2007, 2044, 2057, 2087, 2110, 2116, 2125, 2133, 2146, 2158, 2185, 2189, 2193, 2196, 2200, 2203, 2276, 2285, 2297, 2339, 2351, 2408, 2448, 2450, 2510, 2537, 2554, 2572, 2599, 2642, 2658, 2673, 2675, 2684, 2695, 2697, 2703, 2718, 2726, 2735, 2762, 2767, 2801, 2822, 2839, 2860, 2868, 2878, 2890, 2899, 2911, 2935, 2939, 2958, 2965, 2968, 2996, 2999, 3005, 3008, 3042, 3049, 3057, 3062, 3087, 3093, 3098, 3101, 3107, 3109, 3128, 3130, 3151, 3159, 3173, 3190, 3208, 3210, 3212, 3214, 3224, 3230, 3259, 3275, 3281, 3313, 3331, 3377, 3390, 3440, 3492, 3504, 3517, 3538, 3561, 3632, 3659, 3661, 3676, 3682, 3698, 3720, 3727, 3753, 3760, 3778, 3787, 3789, 3792, 3809, 3833, 3847, 3865, 3867, 3972, 4007, 4015, 4017, 4079, 4100, 4156, 4161, 4215, 4235, 4299, 4308, 4334, 4349, 4359, 4364, 4377, 4401, 4403, 4407, 4417, 4431, 4467, 4473, 4478, 4492, 4496, 4499, 4505, 4509, 4548, 4559, 4569, 4619, 4641, 4653, 4666, 4670, 4678, 4684, 4698, 4709, 4737, 4739, 4766, 4774, 4823, 4831, 4898, 4936, 4949, 4958, 5006, 5086, 5101, 5144, 5218, 5221, 5241, 5278, 5280, 5292, 5330, 5346, 5350, 5354, 5356, 5360, 5375, 5381, 5383, 5436, 5457, 5470, 5499, 5531, 5554, 5567, 5588, 5600, 5631, 5636, 5641, 5656, 5661, 5682, 5706, 5798, 5808, 5821, 5832, 5842, 5845, 5869, 5871, 5913, 5954, 6015, 6033, 6037, 6063, 6104, 6113, 6132, 6165, 6168, 6180, 6194, 6202, 6207, 6214, 6231, 6287]","[2934, 3376, 3631]",6298,337,5961,0,337,5958,3
-4.0,HUMMCHEMP,"[4, 11, 28, 92, 149, 160, 195, 223, 278, 281, 285, 321, 329, 338, 352, 358, 605, 622, 675, 709, 722, 747, 750, 759, 791, 813, 868, 928, 955, 969, 985, 989, 991, 993, 1000, 1031, 1035, 1066, 1078, 1085, 1123, 1142, 1168, 1190, 1194, 1209, 1248, 1261, 1295, 1303, 1329, 1386, 1433, 1457, 1460, 1490, 1529, 1570, 1572, 1586, 1591, 1595, 1625, 1635, 1667, 1675, 1694, 1702, 1738, 1766, 1803, 1838, 1849, 1868, 1877, 1900, 1956, 1989, 2005, 2024, 2028, 2148, 2173, 2177, 2183, 2202, 2207, 2223, 2232, 2239, 2253, 2259, 2261, 2311, 2327, 2336, 2403, 2420, 2450, 2469, 2471, 2501, 2512, 2515, 2541, 2571, 2601, 2604, 2615, 2622, 2647, 2674, 2697, 2711]",[],"[4, 11, 28, 92, 149, 160, 195, 223, 278, 281, 285, 321, 329, 338, 352, 358, 605, 622, 675, 709, 722, 747, 750, 759, 791, 813, 868, 928, 955, 969, 985, 989, 991, 993, 1000, 1031, 1035, 1066, 1078, 1085, 1123, 1142, 1168, 1190, 1194, 1209, 1248, 1261, 1295, 1303, 1329, 1386, 1433, 1457, 1460, 1490, 1529, 1570, 1572, 1586, 1591, 1595, 1625, 1635, 1667, 1675, 1694, 1702, 1738, 1766, 1803, 1838, 1849, 1868, 1877, 1900, 1956, 1989, 2005, 2024, 2028, 2148, 2173, 2177, 2183, 2202, 2207, 2223, 2232, 2239, 2253, 2259, 2261, 2311, 2327, 2336, 2403, 2420, 2450, 2469, 2471, 2501, 2512, 2515, 2541, 2571, 2601, 2604, 2615, 2622, 2647, 2674, 2697, 2711]","[674, 1590]",2758,114,2644,0,114,2642,2
-4.0,HUMMET2,"[8, 38, 40, 48, 59, 80, 113, 115, 151, 183, 198, 214, 245, 251, 265, 287, 309, 315, 353, 356, 363, 401, 433, 439, 464, 488, 506, 513, 515, 551, 566, 602, 604, 616, 630, 644, 646, 665, 684, 686, 720, 783, 799, 808, 867, 888, 890, 897, 940, 963, 980, 986, 1007, 1031, 1046, 1063, 1077, 1080, 1104, 1110, 1116, 1123, 1129, 1140, 1152, 1168, 1208, 1234, 1238, 1270, 1282, 1317, 1346, 1358, 1395, 1397, 1404, 1425, 1457, 1464, 1471, 1473, 1501, 1510, 1554, 1591, 1605, 1611, 1642, 1676, 1683]",[],"[8, 38, 40, 48, 59, 80, 113, 115, 151, 183, 198, 214, 245, 251, 265, 287, 309, 315, 353, 356, 363, 401, 433, 439, 464, 488, 506, 513, 515, 551, 566, 602, 604, 616, 630, 644, 646, 665, 684, 686, 720, 783, 799, 808, 867, 888, 890, 897, 940, 963, 980, 986, 1007, 1031, 1046, 1063, 1077, 1080, 1104, 1110, 1116, 1123, 1129, 1140, 1152, 1168, 1208, 1234, 1238, 1270, 1282, 1317, 1346, 1358, 1395, 1397, 1404, 1425, 1457, 1464, 1471, 1473, 1501, 1510, 1554, 1591, 1605, 1611, 1642, 1676, 1683]","[866, 1233]",1696,91,1605,0,91,1603,2
-4.0,HUMMGPA,"[5, 25, 41, 78, 91, 133, 148, 164, 175, 186, 194, 308, 334, 338, 354, 382, 390, 424, 450, 463, 479, 521, 534, 544, 546, 584, 591, 594, 599, 654, 690, 745, 753, 769, 793, 803, 811, 846, 874, 910, 926, 936, 974, 984, 1012, 1027, 1030, 1046, 1051, 1092, 1214, 1256, 1270, 1279, 1289, 1300, 1311, 1324, 1326, 1339, 1344, 1354, 1356, 1376, 1381, 1405, 1466, 1532, 1547, 1567, 1589, 1596, 1609, 1612, 1629, 1633, 1661, 1672, 1685, 1724, 1778, 1782, 1785, 1788, 1797, 1812, 1821, 1830, 1836, 1865, 1919, 2007, 2042, 2100, 2128, 2174, 2188, 2195, 2206, 2223, 2239, 2296, 2310, 2397, 2412, 2430, 2432, 2435, 2445, 2465, 2478, 2485, 2489, 2516, 2518, 2520, 2523, 2527, 2531, 2557, 2590, 2599, 2603, 2642, 2708, 2720, 2741, 2750, 2752, 2854, 2873, 2901, 2917, 2919, 2931, 2955, 2980, 2985, 3023, 3048, 3052, 3077, 3092, 3101, 3103, 3107, 3122, 3138, 3142, 3190, 3192, 3200, 3205, 3213, 3237, 3263, 3274, 3286, 3291, 3331, 3355, 3498, 3501, 3509, 3511, 3517, 3543, 3545, 3619, 3633, 3657, 3677, 3687, 3714, 3741, 3746, 3749, 3753, 3759, 3848, 3858, 3865, 3870, 3907, 3912, 3919, 3963, 3967, 3972, 3993, 4040, 4043, 4064, 4075, 4097, 4130, 4147, 4154, 4180, 4233, 4250, 4286, 4352, 4364, 4411, 4423, 4457, 4463, 4485, 4494, 4501, 4515, 4518, 4524, 4545, 4587, 4612, 4641, 4675, 4711, 4728, 4742, 4744, 4758, 4768, 4934, 4966, 4983, 4985, 5094, 5098, 5220, 5273, 5280, 5283, 5362, 5389, 5402, 5426, 5452, 5462, 5467, 5473, 5481, 5483, 5496, 5514, 5516, 5526, 5541, 5546, 5549, 5551, 5585, 5617, 5662, 5671, 5682, 5692, 5695, 5705, 5726, 5753, 5801, 5884, 5886, 5895, 5901, 5915, 5978, 6007, 6013, 6048, 6094, 6141, 6151, 6160, 6184, 6186, 6220, 6222, 6251, 6324, 6335, 6339, 6359, 6362, 6375, 6377, 6400, 6440, 6599, 6618, 6630, 6634, 6638, 6642, 6658, 6668, 6688, 6701, 6718, 6738, 6748, 6771, 6782, 6787, 6792, 6805, 6826, 6853, 6897, 6939, 6974, 7048, 7073, 7108, 7221, 7231, 7280, 7292, 7331, 7340, 7350, 7356, 7367, 7377, 7383, 7402, 7404, 7420, 7494, 7510, 7604, 7618, 7622, 7645, 7652, 7703]",[],"[5, 25, 41, 78, 91, 133, 148, 164, 175, 186, 194, 308, 334, 338, 354, 382, 390, 424, 450, 463, 479, 521, 534, 544, 546, 584, 591, 594, 599, 654, 690, 745, 753, 769, 793, 803, 811, 846, 874, 910, 926, 936, 974, 984, 1012, 1027, 1030, 1046, 1051, 1092, 1214, 1256, 1270, 1279, 1289, 1300, 1311, 1324, 1326, 1339, 1344, 1354, 1356, 1376, 1381, 1405, 1466, 1532, 1547, 1567, 1589, 1596, 1609, 1612, 1629, 1633, 1661, 1672, 1685, 1724, 1778, 1782, 1785, 1788, 1797, 1812, 1821, 1830, 1836, 1865, 1919, 2007, 2042, 2100, 2128, 2174, 2188, 2195, 2206, 2223, 2239, 2296, 2310, 2397, 2412, 2430, 2432, 2435, 2445, 2465, 2478, 2485, 2489, 2516, 2518, 2520, 2523, 2527, 2531, 2557, 2590, 2599, 2603, 2642, 2708, 2720, 2741, 2750, 2752, 2854, 2873, 2901, 2917, 2919, 2931, 2955, 2980, 2985, 3023, 3048, 3052, 3077, 3092, 3101, 3103, 3107, 3122, 3138, 3142, 3190, 3192, 3200, 3205, 3213, 3237, 3263, 3274, 3286, 3291, 3331, 3355, 3498, 3501, 3509, 3511, 3517, 3543, 3545, 3619, 3633, 3657, 3677, 3687, 3714, 3741, 3746, 3749, 3753, 3759, 3848, 3858, 3865, 3870, 3907, 3912, 3919, 3963, 3967, 3972, 3993, 4040, 4043, 4064, 4075, 4097, 4130, 4147, 4154, 4180, 4233, 4250, 4286, 4352, 4364, 4411, 4423, 4457, 4463, 4485, 4494, 4501, 4515, 4518, 4524, 4545, 4587, 4612, 4641, 4675, 4711, 4728, 4742, 4744, 4758, 4768, 4934, 4966, 4983, 4985, 5094, 5098, 5220, 5273, 5280, 5283, 5362, 5389, 5402, 5426, 5452, 5462, 5467, 5473, 5481, 5483, 5496, 5514, 5516, 5526, 5541, 5546, 5549, 5551, 5585, 5617, 5662, 5671, 5682, 5692, 5695, 5705, 5726, 5753, 5801, 5884, 5886, 5895, 5901, 5915, 5978, 6007, 6013, 6048, 6094, 6141, 6151, 6160, 6184, 6186, 6220, 6222, 6251, 6324, 6335, 6339, 6359, 6362, 6375, 6377, 6400, 6440, 6599, 6618, 6630, 6634, 6638, 6642, 6658, 6668, 6688, 6701, 6718, 6738, 6748, 6771, 6782, 6787, 6792, 6805, 6826, 6853, 6897, 6939, 6974, 7048, 7073, 7108, 7221, 7231, 7280, 7292, 7331, 7340, 7350, 7356, 7367, 7377, 7383, 7402, 7404, 7420, 7494, 7510, 7604, 7618, 7622, 7645, 7652, 7703]","[3516, 5093, 6334]",7727,339,7388,0,339,7385,3
-4.0,HUMMIF,"[31, 72, 83, 98, 100, 135, 202, 210, 237, 289, 295, 301, 332, 340, 351, 404, 419, 421, 443, 478, 522, 559, 569, 581, 683, 701, 714, 718, 723, 754, 773, 826, 834, 893, 904, 913, 933, 954, 964, 980, 998, 1057, 1062, 1083, 1086, 1088, 1097, 1106, 1130, 1134, 1138, 1152, 1160, 1182, 1189, 1201, 1216, 1227, 1282, 1311, 1329, 1395, 1411, 1417, 1434, 1470, 1480, 1486, 1489, 1530, 1602, 1644, 1653, 1717, 1740, 1776, 1826, 1863, 1865, 1894, 1911, 1926, 1936, 1961, 1989, 2000, 2002, 2015, 2026, 2047, 2063, 2072, 2104, 2106, 2124, 2144]",[],"[31, 72, 83, 98, 100, 135, 202, 210, 237, 289, 295, 301, 332, 340, 351, 404, 419, 421, 443, 478, 522, 559, 569, 581, 683, 701, 714, 718, 723, 754, 773, 826, 834, 893, 904, 913, 933, 954, 964, 980, 998, 1057, 1062, 1083, 1086, 1088, 1097, 1106, 1130, 1134, 1138, 1152, 1160, 1182, 1189, 1201, 1216, 1227, 1282, 1311, 1329, 1395, 1411, 1417, 1434, 1470, 1480, 1486, 1489, 1530, 1602, 1644, 1653, 1717, 1740, 1776, 1826, 1863, 1865, 1894, 1911, 1926, 1936, 1961, 1989, 2000, 2002, 2015, 2026, 2047, 2063, 2072, 2104, 2106, 2124, 2144]","[1281, 1643]",2160,96,2064,0,96,2062,2
-4.0,HUMMIS,"[87, 105, 115, 136, 140, 245, 250, 305, 315, 373, 380, 425, 428, 470, 515, 528, 602, 605, 624, 628, 658, 670, 679, 734, 737, 742, 756, 763, 767, 779, 795, 800, 838, 900, 930, 1056, 1102, 1116, 1128, 1170, 1172, 1193, 1203, 1215, 1244, 1296, 1301, 1323, 1329, 1351, 1359, 1369, 1382, 1393, 1413, 1421, 1428, 1442, 1451, 1475, 1490, 1521, 1564, 1566, 1573, 1640, 1644, 1650, 1672, 1711, 1740, 1765, 1825, 1868, 1888, 1934, 1942, 1971, 1999, 2045, 2060, 2135, 2143, 2254, 2263, 2288, 2337, 2459, 2464, 2493, 2536, 2558, 2582, 2624, 2626, 2641, 2672, 2675, 2700, 2732, 2770, 2798, 2810, 2821, 2823, 2833, 2868, 2957, 2959, 2963, 2967, 2969, 2981, 2998, 3021, 3030, 3042, 3073, 3094]",[],"[87, 105, 115, 136, 140, 245, 250, 305, 315, 373, 380, 425, 428, 470, 515, 528, 602, 605, 624, 628, 658, 670, 679, 734, 737, 742, 756, 763, 767, 779, 795, 800, 838, 900, 930, 1056, 1102, 1116, 1128, 1170, 1172, 1193, 1203, 1215, 1244, 1296, 1301, 1323, 1329, 1351, 1359, 1369, 1382, 1393, 1413, 1421, 1428, 1442, 1451, 1475, 1490, 1521, 1564, 1566, 1573, 1640, 1644, 1650, 1672, 1711, 1740, 1765, 1825, 1868, 1888, 1934, 1942, 1971, 1999, 2045, 2060, 2135, 2143, 2254, 2263, 2288, 2337, 2459, 2464, 2493, 2536, 2558, 2582, 2624, 2626, 2641, 2672, 2675, 2700, 2732, 2770, 2798, 2810, 2821, 2823, 2833, 2868, 2957, 2959, 2963, 2967, 2969, 2981, 2998, 3021, 3030, 3042, 3073, 3094]","[623, 1358, 1639, 1887]",3093,119,2974,0,119,2970,4
-4.0,HUMMKXX,"[15, 79, 90, 111, 116, 132, 177, 216, 226, 248, 283, 294, 344, 357, 390, 412, 472, 524, 538, 546, 615, 665, 680, 682, 707, 749, 815, 861, 871, 877, 900, 916, 941, 957, 1041, 1063, 1109, 1115, 1126, 1142, 1155, 1169, 1173, 1203, 1250, 1265, 1291, 1400, 1416, 1486, 1525, 1533, 1541, 1553, 1564, 1566, 1575, 1601, 1610, 1653, 1657, 1700, 1707, 1730, 1738, 1751, 1868, 1874, 1888, 1892, 1894, 1917, 1958, 1977, 2020, 2040, 2048, 2079, 2097, 2109, 2116, 2126, 2170, 2203, 2294, 2316, 2345, 2364, 2366, 2377, 2410, 2443, 2464, 2494, 2524, 2539, 2561, 2568, 2606, 2659, 2661, 2665, 2677, 2688, 2709, 2728, 2793, 2795, 2840, 2851, 2860, 2868, 2897, 2927, 2936, 2986, 2990, 3008, 3110, 3117, 3125, 3127, 3135, 3143, 3163, 3173, 3177, 3192, 3195, 3199, 3263, 3277, 3294]",[],"[15, 79, 90, 111, 116, 132, 177, 216, 226, 248, 283, 294, 344, 357, 390, 412, 472, 524, 538, 546, 615, 665, 680, 682, 707, 749, 815, 861, 871, 877, 900, 916, 941, 957, 1041, 1063, 1109, 1115, 1126, 1142, 1155, 1169, 1173, 1203, 1250, 1265, 1291, 1400, 1416, 1486, 1525, 1533, 1541, 1553, 1564, 1566, 1575, 1601, 1610, 1653, 1657, 1700, 1707, 1730, 1738, 1751, 1868, 1874, 1888, 1892, 1894, 1917, 1958, 1977, 2020, 2040, 2048, 2079, 2097, 2109, 2116, 2126, 2170, 2203, 2294, 2316, 2345, 2364, 2366, 2377, 2410, 2443, 2464, 2494, 2524, 2539, 2561, 2568, 2606, 2659, 2661, 2665, 2677, 2688, 2709, 2728, 2793, 2795, 2840, 2851, 2860, 2868, 2897, 2927, 2936, 2986, 2990, 3008, 3110, 3117, 3125, 3127, 3135, 3143, 3163, 3173, 3177, 3192, 3195, 3199, 3263, 3277, 3294]","[1415, 1737, 2019]",3301,133,3168,0,133,3165,3
-4.0,HUMNKG5PRO,"[7, 9, 14, 24, 48, 80, 83, 104, 112, 115, 130, 148, 151, 174, 179, 209, 215, 245, 248, 253, 259, 291, 293, 295, 299, 303, 325, 331, 346, 355, 363, 367, 378, 390, 433, 528, 558, 594, 606, 613, 638, 654, 667, 671, 674, 725, 733, 798, 801, 804, 817, 820, 844, 855, 870, 882, 889, 935, 957, 965, 1032, 1039, 1041, 1056, 1061, 1074, 1119, 1126, 1151, 1161, 1196, 1201, 1209, 1260, 1266, 1307, 1316, 1326, 1378, 1380, 1384, 1390, 1432, 1440, 1448, 1476, 1491, 1506, 1544, 1557, 1605, 1645, 1690, 1708, 1716, 1736, 1742, 1744, 1802, 1812, 1816, 1819, 1826, 1842, 1861, 1866, 1891, 1897, 1901, 1922, 1928, 1938, 2006, 2009, 2011, 2017, 2021, 2024, 2038, 2077, 2083, 2089, 2092, 2101, 2180, 2182, 2263, 2346, 2358, 2389, 2427, 2432, 2434, 2448, 2491, 2514, 2516, 2565, 2568, 2590, 2600, 2619, 2629, 2640, 2662, 2664, 2716, 2720, 2722, 2759, 2789, 2827, 2855, 2857, 2886, 2916, 2926, 2928, 2932, 2941, 2945, 2971, 2979, 3010, 3023, 3096, 3101, 3112, 3117, 3127, 3140, 3169, 3191, 3216, 3220, 3222, 3247, 3272, 3284, 3289, 3307, 3315, 3321, 3335, 3351, 3356, 3367, 3388, 3423, 3481, 3504, 3520, 3528, 3531, 3541, 3550, 3552, 3581, 3585, 3603, 3616, 3618, 3710, 3712, 3751, 3758, 3784, 3799, 3831, 3849, 3877, 3905, 3913, 3948, 3983, 3987, 3993, 3995, 3997, 4001, 4023, 4031, 4047, 4049, 4053, 4066, 4075, 4086, 4105, 4116, 4148, 4162, 4175, 4193, 4248, 4272, 4291, 4319, 4322, 4382, 4390, 4392, 4443, 4458, 4474, 4476, 4503, 4511, 4522, 4530, 4532, 4545, 4593, 4595, 4663, 4677, 4689, 4710, 4712, 4731, 4913, 4956, 4969, 4994, 4996, 5044, 5079, 5085, 5108, 5136, 5150, 5154, 5159, 5181, 5201, 5236, 5272, 5279, 5282, 5301, 5303, 5324, 5326, 5328, 5341, 5357, 5380, 5386, 5393, 5408, 5436, 5449, 5452, 5454, 5469, 5473, 5481, 5506, 5575, 5577, 5612, 5652, 5655, 5658, 5663, 5673, 5693, 5695, 5733, 5745, 5799, 5805, 5807, 5809, 5811, 5833, 5857, 5872, 5909, 6020, 6044, 6073, 6141, 6157, 6170, 6228, 6238, 6240, 6242, 6247, 6252, 6257, 6279, 6291, 6338, 6354, 6378, 6383, 6404, 6423, 6475, 6501, 6525, 6527, 6564, 6577, 6581, 6583, 6587, 6600, 6607, 6609, 6626, 6630, 6633, 6635, 6637, 6649, 6652, 6658, 6670, 6673, 6705, 6709, 6712]",[],"[7, 9, 14, 24, 48, 80, 83, 104, 112, 115, 130, 148, 151, 174, 179, 209, 215, 245, 248, 253, 259, 291, 293, 295, 299, 303, 325, 331, 346, 355, 363, 367, 378, 390, 433, 528, 558, 594, 606, 613, 638, 654, 667, 671, 674, 725, 733, 798, 801, 804, 817, 820, 844, 855, 870, 882, 889, 935, 957, 965, 1032, 1039, 1041, 1056, 1061, 1074, 1119, 1126, 1151, 1161, 1196, 1201, 1209, 1260, 1266, 1307, 1316, 1326, 1378, 1380, 1384, 1390, 1432, 1440, 1448, 1476, 1491, 1506, 1544, 1557, 1605, 1645, 1690, 1708, 1716, 1736, 1742, 1744, 1802, 1812, 1816, 1819, 1826, 1842, 1861, 1866, 1891, 1897, 1901, 1922, 1928, 1938, 2006, 2009, 2011, 2017, 2021, 2024, 2038, 2077, 2083, 2089, 2092, 2101, 2180, 2182, 2263, 2346, 2358, 2389, 2427, 2432, 2434, 2448, 2491, 2514, 2516, 2565, 2568, 2590, 2600, 2619, 2629, 2640, 2662, 2664, 2716, 2720, 2722, 2759, 2789, 2827, 2855, 2857, 2886, 2916, 2926, 2928, 2932, 2941, 2945, 2971, 2979, 3010, 3023, 3096, 3101, 3112, 3117, 3127, 3140, 3169, 3191, 3216, 3220, 3222, 3247, 3272, 3284, 3289, 3307, 3315, 3321, 3335, 3351, 3356, 3367, 3388, 3423, 3481, 3504, 3520, 3528, 3531, 3541, 3550, 3552, 3581, 3585, 3603, 3616, 3618, 3710, 3712, 3751, 3758, 3784, 3799, 3831, 3849, 3877, 3905, 3913, 3948, 3983, 3987, 3993, 3995, 3997, 4001, 4023, 4031, 4047, 4049, 4053, 4066, 4075, 4086, 4105, 4116, 4148, 4162, 4175, 4193, 4248, 4272, 4291, 4319, 4322, 4382, 4390, 4392, 4443, 4458, 4474, 4476, 4503, 4511, 4522, 4530, 4532, 4545, 4593, 4595, 4663, 4677, 4689, 4710, 4712, 4731, 4913, 4956, 4969, 4994, 4996, 5044, 5079, 5085, 5108, 5136, 5150, 5154, 5159, 5181, 5201, 5236, 5272, 5279, 5282, 5301, 5303, 5324, 5326, 5328, 5341, 5357, 5380, 5386, 5393, 5408, 5436, 5449, 5452, 5454, 5469, 5473, 5481, 5506, 5575, 5577, 5612, 5652, 5655, 5658, 5663, 5673, 5693, 5695, 5733, 5745, 5799, 5805, 5807, 5809, 5811, 5833, 5857, 5872, 5909, 6020, 6044, 6073, 6141, 6157, 6170, 6228, 6238, 6240, 6242, 6247, 6252, 6257, 6279, 6291, 6338, 6354, 6378, 6383, 6404, 6423, 6475, 6501, 6525, 6527, 6564, 6577, 6581, 6583, 6587, 6600, 6607, 6609, 6626, 6630, 6633, 6635, 6637, 6649, 6652, 6658, 6670, 6673, 6705, 6709, 6712]","[2262, 3215, 3848, 5468]",6739,365,6374,0,365,6370,4
-4.0,HUMNTRI,"[11, 20, 55, 95, 145, 147, 164, 242, 302, 312, 314, 320, 409, 423, 428, 460, 511, 540, 555, 576, 582, 607, 609, 640, 644, 669, 679, 690, 692, 740, 752, 796, 798, 804, 834, 836, 861, 888, 894, 897, 929, 936, 938, 962, 966, 999, 1010, 1018, 1023, 1063, 1102, 1154, 1162, 1209, 1223, 1248, 1252, 1280, 1322, 1350, 1369, 1373, 1386, 1438, 1458, 1465, 1471, 1479, 1484, 1502, 1538, 1545, 1549, 1562, 1565, 1584, 1587, 1602, 1630, 1634, 1664, 1680, 1687, 1699, 1715, 1734, 1757, 1766, 1768, 1800, 1831, 1834, 1841, 1847, 1850, 1861, 1879, 1885, 1896, 1898, 1940, 1943, 1945, 1966, 1973, 1982, 1988, 1994, 2035, 2037, 2146, 2150, 2167, 2264, 2277, 2288, 2313, 2321, 2343, 2355, 2368, 2377, 2413, 2421, 2524, 2531, 2550, 2616, 2664, 2712, 2754, 2757, 2760, 2803, 2833, 2858, 2866, 2871, 2880, 2886, 2895, 3008, 3022, 3047, 3068, 3080, 3142, 3146, 3152, 3154, 3156, 3158, 3160, 3202, 3214, 3216, 3235, 3237, 3257, 3260, 3264, 3297, 3309, 3376, 3423, 3440, 3560, 3605, 3619, 3621, 3638, 3640, 3647, 3649, 3653, 3655, 3676]",[],"[11, 20, 55, 95, 145, 147, 164, 242, 302, 312, 314, 320, 409, 423, 428, 460, 511, 540, 555, 576, 582, 607, 609, 640, 644, 669, 679, 690, 692, 740, 752, 796, 798, 804, 834, 836, 861, 888, 894, 897, 929, 936, 938, 962, 966, 999, 1010, 1018, 1023, 1063, 1102, 1154, 1162, 1209, 1223, 1248, 1252, 1280, 1322, 1350, 1369, 1373, 1386, 1438, 1458, 1465, 1471, 1479, 1484, 1502, 1538, 1545, 1549, 1562, 1565, 1584, 1587, 1602, 1630, 1634, 1664, 1680, 1687, 1699, 1715, 1734, 1757, 1766, 1768, 1800, 1831, 1834, 1841, 1847, 1850, 1861, 1879, 1885, 1896, 1898, 1940, 1943, 1945, 1966, 1973, 1982, 1988, 1994, 2035, 2037, 2146, 2150, 2167, 2264, 2277, 2288, 2313, 2321, 2343, 2355, 2368, 2377, 2413, 2421, 2524, 2531, 2550, 2616, 2664, 2712, 2754, 2757, 2760, 2803, 2833, 2858, 2866, 2871, 2880, 2886, 2895, 3008, 3022, 3047, 3068, 3080, 3142, 3146, 3152, 3154, 3156, 3158, 3160, 3202, 3214, 3216, 3235, 3237, 3257, 3260, 3264, 3297, 3309, 3376, 3423, 3440, 3560, 3605, 3619, 3621, 3638, 3640, 3647, 3649, 3653, 3655, 3676]",[2802],3703,177,3526,0,177,3525,1
-4.0,HUMNTRIII,"[11, 20, 55, 95, 145, 147, 164, 226, 242, 302, 312, 314, 320, 409, 423, 428, 460, 511, 540, 555, 576, 582, 607, 609, 640, 644, 669, 679, 690, 692, 740, 752, 796, 798, 804, 836, 843, 861, 888, 894, 897, 929, 936, 938, 962, 966, 999, 1010, 1018, 1023, 1063, 1102, 1154, 1162, 1209, 1223, 1248, 1252, 1280, 1322, 1350, 1369, 1373, 1386, 1438, 1458, 1465, 1471, 1479, 1484, 1502, 1538, 1545, 1549, 1562, 1565, 1584, 1587, 1602, 1630, 1634, 1664, 1680, 1687, 1699, 1715, 1734, 1757, 1766, 1768, 1800, 1831, 1834, 1841, 1847, 1850, 1861, 1879, 1885, 1896, 1898, 1940, 1943, 1945, 1966, 1973, 1982, 1988, 1994, 2035, 2037, 2146, 2150, 2167, 2264, 2277, 2288, 2313, 2321, 2343, 2355, 2368, 2377, 2413, 2421, 2524, 2531, 2550, 2616, 2664, 2712, 2754, 2757, 2760, 2803, 2833, 2858, 2866, 2871, 2880, 2886, 2895, 3008, 3022, 3047, 3068, 3080, 3142, 3146, 3152, 3154, 3156, 3158, 3160, 3202, 3214, 3216, 3235, 3237, 3257, 3260, 3264, 3297, 3309, 3376, 3423, 3440, 3560, 3605, 3619, 3621, 3638, 3640, 3647, 3649, 3653, 3655, 3676]",[],"[11, 20, 55, 95, 145, 147, 164, 226, 242, 302, 312, 314, 320, 409, 423, 428, 460, 511, 540, 555, 576, 582, 607, 609, 640, 644, 669, 679, 690, 692, 740, 752, 796, 798, 804, 836, 843, 861, 888, 894, 897, 929, 936, 938, 962, 966, 999, 1010, 1018, 1023, 1063, 1102, 1154, 1162, 1209, 1223, 1248, 1252, 1280, 1322, 1350, 1369, 1373, 1386, 1438, 1458, 1465, 1471, 1479, 1484, 1502, 1538, 1545, 1549, 1562, 1565, 1584, 1587, 1602, 1630, 1634, 1664, 1680, 1687, 1699, 1715, 1734, 1757, 1766, 1768, 1800, 1831, 1834, 1841, 1847, 1850, 1861, 1879, 1885, 1896, 1898, 1940, 1943, 1945, 1966, 1973, 1982, 1988, 1994, 2035, 2037, 2146, 2150, 2167, 2264, 2277, 2288, 2313, 2321, 2343, 2355, 2368, 2377, 2413, 2421, 2524, 2531, 2550, 2616, 2664, 2712, 2754, 2757, 2760, 2803, 2833, 2858, 2866, 2871, 2880, 2886, 2895, 3008, 3022, 3047, 3068, 3080, 3142, 3146, 3152, 3154, 3156, 3158, 3160, 3202, 3214, 3216, 3235, 3237, 3257, 3260, 3264, 3297, 3309, 3376, 3423, 3440, 3560, 3605, 3619, 3621, 3638, 3640, 3647, 3649, 3653, 3655, 3676]",[2802],3703,178,3525,0,178,3524,1
-4.0,HUMOSTP,"[58, 60, 66, 84, 86, 137, 146, 152, 171, 177, 215, 230, 242, 258, 260, 289, 302, 305, 337, 339, 367, 372, 379, 382, 387, 462, 473, 483, 492, 503, 506, 568, 609, 633, 635, 658, 661, 683, 765, 836, 949, 964, 966, 971, 982, 1023, 1108, 1145, 1150, 1152, 1180, 1194, 1257, 1271, 1314, 1337, 1362, 1396, 1446, 1510, 1516, 1550, 1573, 1582, 1589, 1615, 1645, 1660, 1738, 1745, 1754, 1760, 1803, 1806, 1823, 1875, 1895, 1898, 1918, 1950, 1970, 2009, 2040, 2056, 2068, 2076, 2081, 2090, 2097, 2099, 2101, 2103, 2107, 2114, 2124, 2151, 2153, 2163, 2175, 2214, 2216, 2220, 2229, 2263, 2266, 2301, 2316, 2327, 2359, 2370, 2382, 2385, 2412, 2443, 2451, 2507, 2514, 2525, 2527, 2581, 2623, 2670, 2675, 2751, 2810, 2834, 2844, 2846, 2875, 2891, 2951, 2967, 2996, 3008, 3014, 3055, 3059, 3110, 3116, 3124, 3128, 3132, 3155, 3158, 3164, 3193, 3240, 3258, 3288, 3320, 3354, 3365, 3370, 3373, 3376, 3386, 3394, 3397, 3412, 3468, 3499, 3510, 3514, 3519, 3557, 3559, 3569, 3588, 3610, 3619, 3641, 3658, 3673, 3684, 3713, 3724, 3735, 3754, 3767, 3775, 3809, 3821, 3843, 3891, 3900, 3910, 3919, 3929, 3932, 3934, 3996, 4001, 4013, 4037, 4046, 4050, 4075, 4103, 4114, 4120, 4122, 4127, 4131, 4140, 4146, 4156, 4231, 4260, 4287, 4320, 4331, 4370, 4427, 4429, 4431, 4439, 4441, 4443, 4445, 4447, 4451, 4477, 4479, 4531, 4558, 4606, 4633, 4682, 4698, 4732, 4739, 4743, 4745, 4759, 4762, 4769, 4855, 4864, 4866, 4897, 4925, 4933, 4981, 4991, 5006, 5011, 5014, 5016, 5050, 5069, 5115, 5124, 5135, 5143, 5145, 5158, 5177, 5204, 5221, 5317, 5346, 5359, 5387, 5407, 5421, 5434, 5447, 5517, 5531, 5611, 5681, 5689, 5746, 5756, 5771, 5776, 5815, 5847, 5857, 5863, 5908, 5919, 5927, 5929, 5941, 5961, 5988, 6005, 6015, 6062, 6065, 6089, 6099, 6109, 6141, 6150, 6160, 6168, 6221, 6223, 6228, 6233, 6235, 6256, 6303, 6311, 6323, 6328, 6379, 6389, 6407, 6421, 6425, 6438, 6442, 6481, 6491, 6497, 6523, 6533, 6536, 6595, 6623, 6680, 6711, 6781, 6809, 6823, 6825, 6879, 6908, 6910, 6927, 6951, 6953, 6987, 6991, 7081, 7100, 7128, 7155, 7169, 7188, 7202, 7240, 7246, 7314, 7335, 7392, 7446, 7471, 7497, 7500, 7517, 7530, 7554, 7574, 7586, 7589, 7602, 7666, 7679, 7685, 7709, 7718, 7727, 7744, 7806, 7814, 7823, 7835, 7848, 7850, 7898, 7902, 7907, 7947, 7960, 8036, 8040, 8098, 8140, 8166, 8175, 8206, 8242, 8254, 8257, 8266, 8288, 8294, 8296, 8299, 8313, 8328, 8350, 8378, 8396, 8516, 8521, 8525, 8643, 8648, 8656, 8677, 8680, 8704, 8732, 8738, 8786, 8790, 8819, 8833, 8837, 8842, 8845, 8872, 8885, 8890, 8902, 8913, 8945, 8971, 9005, 9028, 9033, 9041, 9092, 9100, 9120, 9160, 9172, 9184, 9202, 9227, 9279, 9289, 9306, 9313, 9357, 9360, 9373, 9403, 9424, 9438, 9482, 9541, 9549, 9556, 9558, 9570, 9587, 9589, 9601, 9606, 9610, 9631, 9650, 9655, 9661, 9694, 9708, 9735, 9789, 9805, 9814, 9818, 9820, 9829, 9832, 9846, 9849, 9851, 9868, 9875, 9889, 9892, 9894, 9909, 9920, 9923, 9968, 9978, 9988, 10009, 10011, 10026, 10031, 10033, 10038, 10043, 10059, 10075, 10106, 10117, 10157, 10234, 10242, 10294, 10326, 10353, 10366, 10380, 10422, 10425, 10618, 10777, 10786, 10794, 10815]",[],"[58, 60, 66, 84, 86, 137, 146, 152, 171, 177, 215, 230, 242, 258, 260, 289, 302, 305, 337, 339, 367, 372, 379, 382, 387, 462, 473, 483, 492, 503, 506, 568, 609, 633, 635, 658, 661, 683, 765, 836, 949, 964, 966, 971, 982, 1023, 1108, 1145, 1150, 1152, 1180, 1194, 1257, 1271, 1314, 1337, 1362, 1396, 1446, 1510, 1516, 1550, 1573, 1582, 1589, 1615, 1645, 1660, 1738, 1745, 1754, 1760, 1803, 1806, 1823, 1875, 1895, 1898, 1918, 1950, 1970, 2009, 2040, 2056, 2068, 2076, 2081, 2090, 2097, 2099, 2101, 2103, 2107, 2114, 2124, 2151, 2153, 2163, 2175, 2214, 2216, 2220, 2229, 2263, 2266, 2301, 2316, 2327, 2359, 2370, 2382, 2385, 2412, 2443, 2451, 2507, 2514, 2525, 2527, 2581, 2623, 2670, 2675, 2751, 2810, 2834, 2844, 2846, 2875, 2891, 2951, 2967, 2996, 3008, 3014, 3055, 3059, 3110, 3116, 3124, 3128, 3132, 3155, 3158, 3164, 3193, 3240, 3258, 3288, 3320, 3354, 3365, 3370, 3373, 3376, 3386, 3394, 3397, 3412, 3468, 3499, 3510, 3514, 3519, 3557, 3559, 3569, 3588, 3610, 3619, 3641, 3658, 3673, 3684, 3713, 3724, 3735, 3754, 3767, 3775, 3809, 3821, 3843, 3891, 3900, 3910, 3919, 3929, 3932, 3934, 3996, 4001, 4013, 4037, 4046, 4050, 4075, 4103, 4114, 4120, 4122, 4127, 4131, 4140, 4146, 4156, 4231, 4260, 4287, 4320, 4331, 4370, 4427, 4429, 4431, 4439, 4441, 4443, 4445, 4447, 4451, 4477, 4479, 4531, 4558, 4606, 4633, 4682, 4698, 4732, 4739, 4743, 4745, 4759, 4762, 4769, 4855, 4864, 4866, 4897, 4925, 4933, 4981, 4991, 5006, 5011, 5014, 5016, 5050, 5069, 5115, 5124, 5135, 5143, 5145, 5158, 5177, 5204, 5221, 5317, 5346, 5359, 5387, 5407, 5421, 5434, 5447, 5517, 5531, 5611, 5681, 5689, 5746, 5756, 5771, 5776, 5815, 5847, 5857, 5863, 5908, 5919, 5927, 5929, 5941, 5961, 5988, 6005, 6015, 6062, 6065, 6089, 6099, 6109, 6141, 6150, 6160, 6168, 6221, 6223, 6228, 6233, 6235, 6256, 6303, 6311, 6323, 6328, 6379, 6389, 6407, 6421, 6425, 6438, 6442, 6481, 6491, 6497, 6523, 6533, 6536, 6595, 6623, 6680, 6711, 6781, 6809, 6823, 6825, 6879, 6908, 6910, 6927, 6951, 6953, 6987, 6991, 7081, 7100, 7128, 7155, 7169, 7188, 7202, 7240, 7246, 7314, 7335, 7392, 7446, 7471, 7497, 7500, 7517, 7530, 7554, 7574, 7586, 7589, 7602, 7666, 7679, 7685, 7709, 7718, 7727, 7744, 7806, 7814, 7823, 7835, 7848, 7850, 7898, 7902, 7907, 7947, 7960, 8036, 8040, 8098, 8140, 8166, 8175, 8206, 8242, 8254, 8257, 8266, 8288, 8294, 8296, 8299, 8313, 8328, 8350, 8378, 8396, 8516, 8521, 8525, 8643, 8648, 8656, 8677, 8680, 8704, 8732, 8738, 8786, 8790, 8819, 8833, 8837, 8842, 8845, 8872, 8885, 8890, 8902, 8913, 8945, 8971, 9005, 9028, 9033, 9041, 9092, 9100, 9120, 9160, 9172, 9184, 9202, 9227, 9279, 9289, 9306, 9313, 9357, 9360, 9373, 9403, 9424, 9438, 9482, 9541, 9549, 9556, 9558, 9570, 9587, 9589, 9601, 9606, 9610, 9631, 9650, 9655, 9661, 9694, 9708, 9735, 9789, 9805, 9814, 9818, 9820, 9829, 9832, 9846, 9849, 9851, 9868, 9875, 9889, 9892, 9894, 9909, 9920, 9923, 9968, 9978, 9988, 10009, 10011, 10026, 10031, 10033, 10038, 10043, 10059, 10075, 10106, 10117, 10157, 10234, 10242, 10294, 10326, 10353, 10366, 10380, 10422, 10425, 10618, 10777, 10786, 10794, 10815]","[3509, 3657, 6679, 6986, 8349]",10731,510,10221,0,510,10216,5
-4.0,HUMPAP,"[22, 34, 57, 113, 124, 132, 134, 168, 195, 314, 328, 333, 372, 421, 441, 449, 458, 468, 484, 551, 562, 572, 594, 642, 660, 674, 678, 717, 748, 813, 815, 860, 876, 905, 921, 939, 1013, 1017, 1086, 1129, 1131, 1158, 1187, 1203, 1258, 1263, 1269, 1271, 1273, 1300, 1323, 1360, 1362, 1397, 1404, 1411, 1438, 1482, 1484, 1486, 1491, 1496, 1504, 1507, 1509, 1529, 1557, 1568, 1583, 1586, 1597, 1621, 1625, 1645, 1653, 1677, 1681, 1691, 1722, 1738, 1747, 1757, 1775, 1793, 1858, 1860, 1869, 1872, 1898, 1910, 1971, 2013, 2056, 2062, 2090, 2094, 2097, 2104, 2107, 2109, 2116, 2123, 2140, 2156, 2181, 2197, 2238, 2264, 2310, 2312, 2316, 2323, 2343, 2345, 2355, 2368, 2385, 2415, 2421, 2438, 2451, 2459, 2479, 2486, 2501, 2582, 2587, 2593, 2634, 2662, 2688, 2740, 2771, 2807, 2833, 2836, 2845, 2852, 2887, 2898, 2964, 2966, 3063, 3070, 3075, 3081, 3086, 3144, 3154, 3168, 3197, 3199, 3226, 3267, 3271, 3273, 3275, 3337, 3343, 3429, 3436, 3456, 3473, 3478, 3483, 3493, 3501, 3513, 3526, 3537, 3539, 3544, 3546, 3573, 3575, 3648, 3665, 3674, 3687, 3727, 3737, 3741, 3746, 3756, 3758, 3786, 3788, 3794, 3812, 3859, 3861, 3875, 3877, 3879, 3891, 3893, 3897, 3908, 3917, 3919, 3922, 3951, 3974, 3991, 3993, 4023, 4035, 4066, 4165, 4169, 4188, 4222, 4271, 4316, 4333, 4357, 4367, 4377, 4447, 4462, 4479]",[],"[22, 34, 57, 113, 124, 132, 134, 168, 195, 314, 328, 333, 372, 421, 441, 449, 458, 468, 484, 551, 562, 572, 594, 642, 660, 674, 678, 717, 748, 813, 815, 860, 876, 905, 921, 939, 1013, 1017, 1086, 1129, 1131, 1158, 1187, 1203, 1258, 1263, 1269, 1271, 1273, 1300, 1323, 1360, 1362, 1397, 1404, 1411, 1438, 1482, 1484, 1486, 1491, 1496, 1504, 1507, 1509, 1529, 1557, 1568, 1583, 1586, 1597, 1621, 1625, 1645, 1653, 1677, 1681, 1691, 1722, 1738, 1747, 1757, 1775, 1793, 1858, 1860, 1869, 1872, 1898, 1910, 1971, 2013, 2056, 2062, 2090, 2094, 2097, 2104, 2107, 2109, 2116, 2123, 2140, 2156, 2181, 2197, 2238, 2264, 2310, 2312, 2316, 2323, 2343, 2345, 2355, 2368, 2385, 2415, 2421, 2438, 2451, 2459, 2479, 2486, 2501, 2582, 2587, 2593, 2634, 2662, 2688, 2740, 2771, 2807, 2833, 2836, 2845, 2852, 2887, 2898, 2964, 2966, 3063, 3070, 3075, 3081, 3086, 3144, 3154, 3168, 3197, 3199, 3226, 3267, 3271, 3273, 3275, 3337, 3343, 3429, 3436, 3456, 3473, 3478, 3483, 3493, 3501, 3513, 3526, 3537, 3539, 3544, 3546, 3573, 3575, 3648, 3665, 3674, 3687, 3727, 3737, 3741, 3746, 3756, 3758, 3786, 3788, 3794, 3812, 3859, 3861, 3875, 3877, 3879, 3891, 3893, 3897, 3908, 3917, 3919, 3922, 3951, 3974, 3991, 3993, 4023, 4035, 4066, 4165, 4169, 4188, 4222, 4271, 4316, 4333, 4357, 4367, 4377, 4447, 4462, 4479]","[1410, 2089, 2414, 3167]",4490,221,4269,0,221,4265,4
-4.0,HUMPCI,"[122, 128, 197, 206, 230, 237, 262, 285, 292, 309, 313, 318, 334, 362, 413, 421, 444, 475, 477, 482, 512, 537, 550, 553, 556, 580, 583, 598, 616, 631, 649, 652, 664, 682, 697, 715, 718, 748, 761, 775, 778, 784, 786, 804, 808, 813, 831, 834, 837, 864, 893, 895, 909, 915, 938, 952, 954, 957, 961, 964, 976, 978, 992, 1007, 1065, 1074, 1077, 1088, 1090, 1119, 1206, 1265, 1267, 1288, 1290, 1300, 1322, 1399, 1486, 1493, 1516, 1539, 1580, 1598, 1615, 1630, 1707, 1720, 1732, 1766, 1771, 1782, 1819, 1822, 1824, 1845, 1854, 1857, 1884, 1934, 1958, 1976, 1979, 1983, 2053, 2055, 2079, 2083, 2104, 2125, 2153, 2161, 2168, 2188, 2202, 2209, 2227, 2231, 2235, 2249, 2287, 2299, 2330, 2332, 2356, 2383, 2400, 2421, 2427, 2431, 2503, 2512, 2527, 2564, 2580, 2587, 2591, 2603, 2606, 2613, 2622, 2672, 2714, 2740, 2754, 2758, 2774, 2785, 2813, 2869, 2871, 2931, 2940, 2942, 2949, 2958, 2968, 2977, 2997, 3002, 3020, 3040, 3045, 3056, 3059, 3108, 3111, 3118, 3130, 3163, 3192, 3194, 3206, 3213, 3239, 3243, 3270, 3308, 3329, 3361, 3392, 3394, 3421, 3432, 3463, 3468, 3470, 3478, 3491, 3527, 3537, 3546, 3557, 3563, 3576, 3593, 3611, 3613, 3637, 3649, 3656, 3675, 3686, 3696, 3711, 3715, 3733, 3759, 3770, 3792, 3832, 3875, 3915, 3952, 3993, 4005, 4028, 4033, 4041, 4064, 4072, 4115, 4140, 4169, 4176, 4219, 4233, 4245, 4248, 4333, 4426, 4436, 4470, 4476, 4487, 4510, 4546, 4581, 4600, 4614, 4639, 4642, 4645, 4653, 4673, 4698, 4703, 4719, 4752, 4760, 4787, 4800, 4837, 4850, 4860, 4864, 4884, 4907, 4913, 4923, 4937, 4939, 4944, 4948, 4962, 4965, 4978, 4987, 5015, 5026, 5045, 5088, 5129, 5148, 5159, 5211, 5227, 5235, 5285, 5303, 5338, 5359, 5361, 5369, 5376, 5389, 5420, 5450, 5455, 5503, 5526, 5534, 5544, 5551, 5553, 5557, 5609, 5613, 5624, 5703, 5709, 5720, 5726, 5741, 5743, 5787, 5811, 5823, 5826, 5842, 5851, 5865, 5889, 5900, 5905, 5912, 5997, 6042, 6126, 6143, 6148, 6159, 6172, 6193, 6206, 6221, 6316, 6333, 6338, 6351, 6353, 6355, 6357, 6359, 6361, 6363, 6365, 6367, 6369, 6371, 6373, 6375, 6377, 6379, 6381, 6383, 6385, 6387, 6389, 6391, 6400, 6410, 6415, 6488, 6508, 6510, 6514, 6519, 6539, 6550, 6560, 6562, 6625, 6645, 6683, 6724, 6729, 6767, 6774, 6827, 6856, 6878, 6886, 6949, 6977, 7010, 7027, 7038, 7049, 7055, 7087, 7089, 7097, 7100, 7110, 7126, 7145, 7178, 7191, 7200, 7212, 7256, 7264, 7278, 7310, 7318, 7329, 7368, 7380, 7399, 7416, 7446, 7455, 7466, 7473, 7479, 7509, 7530, 7563, 7571, 7644, 7646, 7656, 7664, 7706, 7738, 7776, 7778, 7790, 7795, 7804, 7852, 7854, 7859, 7878, 7970, 7977, 8040, 8055, 8059, 8067, 8157, 8201, 8361, 8364, 8385, 8389, 8405, 8475, 8502, 8535, 8538, 8547, 8569, 8665, 8669, 8674, 8684, 8690, 8705, 8726, 8748, 8761, 8777, 8801, 8807, 8859, 8872, 8955, 8962, 9025, 9095, 9130, 9155, 9188, 9197, 9210, 9217, 9239, 9253, 9271, 9299, 9333, 9350, 9378, 9392, 9403, 9414, 9449, 9452, 9461, 9478, 9528, 9551, 9556, 9575, 9604, 9608, 9610, 9644, 9654, 9705, 9717, 9742, 9763, 9821, 9828, 9853, 9863, 9899, 9902, 9912, 9965, 9974, 9977, 10012, 10091, 10108, 10113, 10118, 10126, 10140, 10151, 10243, 10257, 10274, 10324, 10331, 10338, 10382, 10400, 10411, 10423, 10435, 10445, 10454, 10486, 10494, 10523, 10545, 10632, 10681, 10696, 10699, 10705, 10731, 10768, 10771, 10777, 10806, 10820, 10840, 10856, 10875, 10887, 10899, 10983, 11035, 11046, 11065, 11092, 11102, 11105, 11113, 11140, 11146, 11205, 11214, 11222, 11256, 11276, 11286, 11288, 11307, 11394, 11404, 11416, 11421, 11444, 11475, 11477, 11484, 11488, 11529, 11609, 11639, 11674, 11688, 11719, 12034, 12099, 12131, 12136, 12192, 12195, 12201, 12211, 12213, 12227, 12252, 12261, 12269, 12274, 12314, 12427, 12443, 12457, 12471, 12500, 12519, 12576, 12584, 12594, 12596, 12612, 12624, 12627, 12633, 12641, 12689, 12717, 12719, 12740, 12747, 12777, 12793, 12826, 12861, 12869, 12876, 12889, 12894, 12967, 12982, 13004, 13064, 13077, 13080, 13093, 13100, 13125, 13140, 13151, 13157, 13184, 13195, 13222, 13226, 13248, 13260, 13278, 13284, 13292, 13297, 13299, 13336, 13346, 13370, 13409, 13418, 13425, 13428, 13448, 13487, 13525, 13534, 13561, 13589, 13594, 13596, 13600, 13607, 13636, 13671, 13680, 13707, 13740, 13763, 13820, 13852, 13855, 13860, 13872, 13888, 13891, 13916, 13940, 13945, 13952, 13957, 14033, 14062, 14064, 14074, 14114, 14118, 14122, 14126, 14144, 14156, 14182, 14207, 14230, 14239, 14248, 14252, 14265, 14273, 14305, 14353, 14385, 14396, 14423, 14436, 14447, 14453, 14466, 14489, 14499, 14544, 14547, 14552, 14563, 14589, 14594, 14607, 14609, 14637, 14660, 14673, 14680, 14696, 14700, 14702, 14716, 14722, 14732, 14755, 14772, 14774, 14780, 14786, 14796, 14799, 14812, 14830, 14838, 14851, 14864, 14879, 14891, 14939, 14944, 14983, 15008, 15019, 15057, 15062, 15065, 15077, 15079, 15085, 15102, 15123, 15147, 15151, 15160, 15165, 15192, 15194, 15199, 15227, 15230, 15235, 15256, 15258, 15291, 15303, 15403, 15413, 15419, 15469, 15499, 15501, 15522, 15550]",[],"[122, 128, 197, 206, 230, 237, 262, 285, 292, 309, 313, 318, 334, 362, 413, 421, 444, 475, 477, 482, 512, 537, 550, 553, 556, 580, 583, 598, 616, 631, 649, 652, 664, 682, 697, 715, 718, 748, 761, 775, 778, 784, 786, 804, 808, 813, 831, 834, 837, 864, 893, 895, 909, 915, 938, 952, 954, 957, 961, 964, 976, 978, 992, 1007, 1065, 1074, 1077, 1088, 1090, 1119, 1206, 1265, 1267, 1288, 1290, 1300, 1322, 1399, 1486, 1493, 1516, 1539, 1580, 1598, 1615, 1630, 1707, 1720, 1732, 1766, 1771, 1782, 1819, 1822, 1824, 1845, 1854, 1857, 1884, 1934, 1958, 1976, 1979, 1983, 2053, 2055, 2079, 2083, 2104, 2125, 2153, 2161, 2168, 2188, 2202, 2209, 2227, 2231, 2235, 2249, 2287, 2299, 2330, 2332, 2356, 2383, 2400, 2421, 2427, 2431, 2503, 2512, 2527, 2564, 2580, 2587, 2591, 2603, 2606, 2613, 2622, 2672, 2714, 2740, 2754, 2758, 2774, 2785, 2813, 2869, 2871, 2931, 2940, 2942, 2949, 2958, 2968, 2977, 2997, 3002, 3020, 3040, 3045, 3056, 3059, 3108, 3111, 3118, 3130, 3163, 3192, 3194, 3206, 3213, 3239, 3243, 3270, 3308, 3329, 3361, 3392, 3394, 3421, 3432, 3463, 3468, 3470, 3478, 3491, 3527, 3537, 3546, 3557, 3563, 3576, 3593, 3611, 3613, 3637, 3649, 3656, 3675, 3686, 3696, 3711, 3715, 3733, 3759, 3770, 3792, 3832, 3875, 3915, 3952, 3993, 4005, 4028, 4033, 4041, 4064, 4072, 4115, 4140, 4169, 4176, 4219, 4233, 4245, 4248, 4333, 4426, 4436, 4470, 4476, 4487, 4510, 4546, 4581, 4600, 4614, 4639, 4642, 4645, 4653, 4673, 4698, 4703, 4719, 4752, 4760, 4787, 4800, 4837, 4850, 4860, 4864, 4884, 4907, 4913, 4923, 4937, 4939, 4944, 4948, 4962, 4965, 4978, 4987, 5015, 5026, 5045, 5088, 5129, 5148, 5159, 5211, 5227, 5235, 5285, 5303, 5338, 5359, 5361, 5369, 5376, 5389, 5420, 5450, 5455, 5503, 5526, 5534, 5544, 5551, 5553, 5557, 5609, 5613, 5624, 5703, 5709, 5720, 5726, 5741, 5743, 5787, 5811, 5823, 5826, 5842, 5851, 5865, 5889, 5900, 5905, 5912, 5997, 6042, 6126, 6143, 6148, 6159, 6172, 6193, 6206, 6221, 6316, 6333, 6338, 6351, 6353, 6355, 6357, 6359, 6361, 6363, 6365, 6367, 6369, 6371, 6373, 6375, 6377, 6379, 6381, 6383, 6385, 6387, 6389, 6391, 6400, 6410, 6415, 6488, 6508, 6510, 6514, 6519, 6539, 6550, 6560, 6562, 6625, 6645, 6683, 6724, 6729, 6767, 6774, 6827, 6856, 6878, 6886, 6949, 6977, 7010, 7027, 7038, 7049, 7055, 7087, 7089, 7097, 7100, 7110, 7126, 7145, 7178, 7191, 7200, 7212, 7256, 7264, 7278, 7310, 7318, 7329, 7368, 7380, 7399, 7416, 7446, 7455, 7466, 7473, 7479, 7509, 7530, 7563, 7571, 7644, 7646, 7656, 7664, 7706, 7738, 7776, 7778, 7790, 7795, 7804, 7852, 7854, 7859, 7878, 7970, 7977, 8040, 8055, 8059, 8067, 8157, 8201, 8361, 8364, 8385, 8389, 8405, 8475, 8502, 8535, 8538, 8547, 8569, 8665, 8669, 8674, 8684, 8690, 8705, 8726, 8748, 8761, 8777, 8801, 8807, 8859, 8872, 8955, 8962, 9025, 9095, 9130, 9155, 9188, 9197, 9210, 9217, 9239, 9253, 9271, 9299, 9333, 9350, 9378, 9392, 9403, 9414, 9449, 9452, 9461, 9478, 9528, 9551, 9556, 9575, 9604, 9608, 9610, 9644, 9654, 9705, 9717, 9742, 9763, 9821, 9828, 9853, 9863, 9899, 9902, 9912, 9965, 9974, 9977, 10012, 10091, 10108, 10113, 10118, 10126, 10140, 10151, 10243, 10257, 10274, 10324, 10331, 10338, 10382, 10400, 10411, 10423, 10435, 10445, 10454, 10486, 10494, 10523, 10545, 10632, 10681, 10696, 10699, 10705, 10731, 10768, 10771, 10777, 10806, 10820, 10840, 10856, 10875, 10887, 10899, 10983, 11035, 11046, 11065, 11092, 11102, 11105, 11113, 11140, 11146, 11205, 11214, 11222, 11256, 11276, 11286, 11288, 11307, 11394, 11404, 11416, 11421, 11444, 11475, 11477, 11484, 11488, 11529, 11609, 11639, 11674, 11688, 11719, 12034, 12099, 12131, 12136, 12192, 12195, 12201, 12211, 12213, 12227, 12252, 12261, 12269, 12274, 12314, 12427, 12443, 12457, 12471, 12500, 12519, 12576, 12584, 12594, 12596, 12612, 12624, 12627, 12633, 12641, 12689, 12717, 12719, 12740, 12747, 12777, 12793, 12826, 12861, 12869, 12876, 12889, 12894, 12967, 12982, 13004, 13064, 13077, 13080, 13093, 13100, 13125, 13140, 13151, 13157, 13184, 13195, 13222, 13226, 13248, 13260, 13278, 13284, 13292, 13297, 13299, 13336, 13346, 13370, 13409, 13418, 13425, 13428, 13448, 13487, 13525, 13534, 13561, 13589, 13594, 13596, 13600, 13607, 13636, 13671, 13680, 13707, 13740, 13763, 13820, 13852, 13855, 13860, 13872, 13888, 13891, 13916, 13940, 13945, 13952, 13957, 14033, 14062, 14064, 14074, 14114, 14118, 14122, 14126, 14144, 14156, 14182, 14207, 14230, 14239, 14248, 14252, 14265, 14273, 14305, 14353, 14385, 14396, 14423, 14436, 14447, 14453, 14466, 14489, 14499, 14544, 14547, 14552, 14563, 14589, 14594, 14607, 14609, 14637, 14660, 14673, 14680, 14696, 14700, 14702, 14716, 14722, 14732, 14755, 14772, 14774, 14780, 14786, 14796, 14799, 14812, 14830, 14838, 14851, 14864, 14879, 14891, 14939, 14944, 14983, 15008, 15019, 15057, 15062, 15065, 15077, 15079, 15085, 15102, 15123, 15147, 15151, 15160, 15165, 15192, 15194, 15199, 15227, 15230, 15235, 15256, 15258, 15291, 15303, 15403, 15413, 15419, 15469, 15499, 15501, 15522, 15550]","[8568, 10898, 11483]",15564,776,14788,0,776,14785,3
-4.0,HUMPEM,"[18, 66, 100, 103, 110, 131, 147, 161, 225, 245, 249, 266, 268, 288, 297, 315, 318, 395, 418, 423, 438, 458, 485, 500, 504, 507, 545, 584, 587, 591, 624, 627, 635, 655, 673, 694, 701, 718, 723, 730, 744, 768, 780, 790, 800, 843, 894, 925, 935, 949, 956, 974, 977, 983, 986, 994, 998, 1028, 1034, 1061, 1065, 1105, 1124, 1128, 1147, 1152, 1160, 1176, 1284, 1308, 1317, 1331, 1436, 1439, 1446, 1452, 1473, 1506, 1511, 1538, 1542, 1556, 1578, 1610, 1644, 1670, 1679, 1685, 1730, 1788, 1790, 1848, 1850, 1901, 1910, 1955, 2082, 2102, 2143, 2146, 2156, 2173, 2197, 2267, 2271, 2319, 2345, 2365, 2391, 2416, 2422, 2427, 2434, 2436, 2445, 2447, 2450, 2453, 2461, 2466, 2469, 2472, 2481, 2494, 2505, 2517, 2540, 2549, 2563, 2581, 2584, 2587, 2615, 2626, 2635, 2646, 2655, 2701, 2708, 2763, 2765, 2771, 2789, 2851, 2855, 2860, 2883, 2896, 2923, 2929, 2933, 2935, 2941, 2956, 2974, 2978, 2983, 3010, 3057, 3061, 3065, 3134, 3165, 3178, 3187, 3204, 3239, 3267, 3298, 3305, 3310, 3315, 3353, 3362, 3417, 3456, 3491, 3499, 3505, 3510, 3515, 3547, 3583, 3591, 3601, 3634, 3664, 3668, 3677, 3692, 3736, 3746, 3752, 3784, 3807, 3817, 3834, 3845, 3866, 3895, 3905, 3916, 3922, 3937, 3976, 3978, 3980, 3992, 4020, 4022, 4025, 4028, 4100, 4103, 4138, 4145, 4159, 4167, 4169, 4171, 4211, 4222, 4226]",[],"[18, 66, 100, 103, 110, 131, 147, 161, 225, 245, 249, 266, 268, 288, 297, 315, 318, 395, 418, 423, 438, 458, 485, 500, 504, 507, 545, 584, 587, 591, 624, 627, 635, 655, 673, 694, 701, 718, 723, 730, 744, 768, 780, 790, 800, 843, 894, 925, 935, 949, 956, 974, 977, 983, 986, 994, 998, 1028, 1034, 1061, 1065, 1105, 1124, 1128, 1147, 1152, 1160, 1176, 1284, 1308, 1317, 1331, 1436, 1439, 1446, 1452, 1473, 1506, 1511, 1538, 1542, 1556, 1578, 1610, 1644, 1670, 1679, 1685, 1730, 1788, 1790, 1848, 1850, 1901, 1910, 1955, 2082, 2102, 2143, 2146, 2156, 2173, 2197, 2267, 2271, 2319, 2345, 2365, 2391, 2416, 2422, 2427, 2434, 2436, 2445, 2447, 2450, 2453, 2461, 2466, 2469, 2472, 2481, 2494, 2505, 2517, 2540, 2549, 2563, 2581, 2584, 2587, 2615, 2626, 2635, 2646, 2655, 2701, 2708, 2763, 2765, 2771, 2789, 2851, 2855, 2860, 2883, 2896, 2923, 2929, 2933, 2935, 2941, 2956, 2974, 2978, 2983, 3010, 3057, 3061, 3065, 3134, 3165, 3178, 3187, 3204, 3239, 3267, 3298, 3305, 3310, 3315, 3353, 3362, 3417, 3456, 3491, 3499, 3505, 3510, 3515, 3547, 3583, 3591, 3601, 3634, 3664, 3668, 3677, 3692, 3736, 3746, 3752, 3784, 3807, 3817, 3834, 3845, 3866, 3895, 3905, 3916, 3922, 3937, 3976, 3978, 3980, 3992, 4020, 4022, 4025, 4028, 4100, 4103, 4138, 4145, 4159, 4167, 4169, 4171, 4211, 4222, 4226]","[934, 2266, 2421, 2707, 2973, 3203]",4236,223,4013,0,223,4007,6
-4.0,HUMPEPYYA,"[8, 21, 26, 68, 73, 96, 122, 125, 139, 142, 170, 236, 257, 312, 317, 328, 339, 399, 423, 448, 585, 626, 648, 652, 687, 692, 715, 728, 732, 735, 767, 791, 797, 844, 855, 860, 886, 900, 905, 925, 964, 966, 971, 993, 1001, 1017, 1019, 1023, 1034, 1053, 1071, 1089, 1188, 1202, 1231, 1267, 1308, 1350, 1378, 1383, 1389, 1401, 1465, 1517, 1535, 1538, 1584, 1642, 1653, 1659, 1677, 1683, 1700, 1709, 1711, 1713, 1716, 1727, 1764, 1774, 1797, 1803, 1812, 1818, 1825, 1832, 1897, 1968, 1983, 1988, 2000, 2074, 2083, 2099, 2126, 2148, 2163, 2166, 2187, 2197, 2202, 2204, 2222, 2236, 2238, 2244, 2255, 2259, 2261, 2292, 2308, 2325, 2327]",[],"[8, 21, 26, 68, 73, 96, 122, 125, 139, 142, 170, 236, 257, 312, 317, 328, 339, 399, 423, 448, 585, 626, 648, 652, 687, 692, 715, 728, 732, 735, 767, 791, 797, 844, 855, 860, 886, 900, 905, 925, 964, 966, 971, 993, 1001, 1017, 1019, 1023, 1034, 1053, 1071, 1089, 1188, 1202, 1231, 1267, 1308, 1350, 1378, 1383, 1389, 1401, 1465, 1517, 1535, 1538, 1584, 1642, 1653, 1659, 1677, 1683, 1700, 1709, 1711, 1713, 1716, 1727, 1764, 1774, 1797, 1803, 1812, 1818, 1825, 1832, 1897, 1968, 1983, 1988, 2000, 2074, 2083, 2099, 2126, 2148, 2163, 2166, 2187, 2197, 2202, 2204, 2222, 2236, 2238, 2244, 2255, 2259, 2261, 2292, 2308, 2325, 2327]","[1201, 1388]",2371,113,2258,0,113,2256,2
-4.0,HUMPF4V1A,"[5, 12, 24, 47, 63, 68, 87, 93, 105, 107, 127, 137, 168, 176, 200, 212, 299, 335, 344, 360, 363, 366, 382, 428, 495, 502, 510, 515, 531, 563, 574, 608, 611, 620, 629, 649, 728, 734, 736, 738, 756, 760, 786, 827, 831, 848, 852, 865, 924, 929, 1003, 1035, 1055, 1057, 1076, 1094, 1098, 1137, 1140, 1143, 1148, 1255, 1275, 1280, 1282, 1289, 1307, 1317, 1326, 1356, 1384, 1456]",[],"[5, 12, 24, 47, 63, 68, 87, 93, 105, 107, 127, 137, 168, 176, 200, 212, 299, 335, 344, 360, 363, 366, 382, 428, 495, 502, 510, 515, 531, 563, 574, 608, 611, 620, 629, 649, 728, 734, 736, 738, 756, 760, 786, 827, 831, 848, 852, 865, 924, 929, 1003, 1035, 1055, 1057, 1076, 1094, 1098, 1137, 1140, 1143, 1148, 1255, 1275, 1280, 1282, 1289, 1307, 1317, 1326, 1356, 1384, 1456]","[381, 826]",1461,72,1389,0,72,1387,2
-4.0,HUMPHOSA,"[52, 55, 88, 96, 120, 122, 146, 222, 234, 256, 288, 299, 303, 313, 331, 334, 365, 391, 400, 426, 428, 430, 502, 507, 513, 527, 537, 541, 543, 545, 552, 562, 565, 571, 605, 620, 631, 634, 656, 672, 697, 721, 727, 751, 785, 795, 819, 831, 840, 851, 876, 920, 958, 966, 980, 989, 1028, 1041, 1051, 1066, 1081, 1128, 1140, 1165, 1177, 1179, 1182, 1185, 1187, 1191, 1201, 1211, 1234, 1237, 1239, 1246, 1253, 1267, 1287, 1291, 1301, 1305, 1343, 1380, 1383, 1422, 1448, 1452, 1470, 1475, 1495, 1499, 1501, 1521, 1556, 1560, 1609, 1615, 1631, 1710, 1714, 1744, 1789, 1811, 1833, 1855, 1879, 1889, 1909, 1915, 1944, 2038, 2040, 2043, 2103, 2150, 2168, 2186, 2196, 2232, 2268, 2275, 2280, 2284, 2310, 2324, 2349, 2373, 2390, 2405, 2410, 2412, 2431, 2442, 2470, 2520, 2526, 2530, 2548, 2557, 2563, 2573, 2588, 2591, 2597, 2605, 2672, 2688, 2706, 2712, 2748, 2764, 2803, 2805, 2823, 2880, 2904, 2943, 2954, 2972, 2989, 2991, 2993, 3010, 3012, 3014, 3037, 3069, 3087, 3106, 3127, 3154, 3165, 3167, 3198, 3210, 3244, 3246, 3253, 3268, 3295, 3303, 3360, 3368, 3386, 3420, 3450, 3459, 3464, 3474, 3481, 3501, 3528, 3534, 3542, 3544, 3552, 3554, 3557, 3573, 3576, 3581, 3634, 3636, 3645, 3675, 3681, 3730, 3740, 3764, 3784, 3795, 3811, 3813, 3817, 3819, 3821, 3872, 3888, 3892, 3935, 4069, 4077, 4135, 4143, 4149, 4294, 4311, 4327, 4346, 4395, 4410, 4450, 4455, 4475, 4477, 4517, 4577, 4580, 4642, 4646, 4659, 4683, 4685, 4704, 4744, 4756, 4758, 4760, 4762, 4764, 4766, 4768, 4770, 4772, 4774, 4776, 4778, 4780, 4782, 4784, 4790, 4794, 4802, 4804, 4808, 4810, 4820, 4822, 4826, 4828, 4834, 4838, 4843]",[],"[52, 55, 88, 96, 120, 122, 146, 222, 234, 256, 288, 299, 303, 313, 331, 334, 365, 391, 400, 426, 428, 430, 502, 507, 513, 527, 537, 541, 543, 545, 552, 562, 565, 571, 605, 620, 631, 634, 656, 672, 697, 721, 727, 751, 785, 795, 819, 831, 840, 851, 876, 920, 958, 966, 980, 989, 1028, 1041, 1051, 1066, 1081, 1128, 1140, 1165, 1177, 1179, 1182, 1185, 1187, 1191, 1201, 1211, 1234, 1237, 1239, 1246, 1253, 1267, 1287, 1291, 1301, 1305, 1343, 1380, 1383, 1422, 1448, 1452, 1470, 1475, 1495, 1499, 1501, 1521, 1556, 1560, 1609, 1615, 1631, 1710, 1714, 1744, 1789, 1811, 1833, 1855, 1879, 1889, 1909, 1915, 1944, 2038, 2040, 2043, 2103, 2150, 2168, 2186, 2196, 2232, 2268, 2275, 2280, 2284, 2310, 2324, 2349, 2373, 2390, 2405, 2410, 2412, 2431, 2442, 2470, 2520, 2526, 2530, 2548, 2557, 2563, 2573, 2588, 2591, 2597, 2605, 2672, 2688, 2706, 2712, 2748, 2764, 2803, 2805, 2823, 2880, 2904, 2943, 2954, 2972, 2989, 2991, 2993, 3010, 3012, 3014, 3037, 3069, 3087, 3106, 3127, 3154, 3165, 3167, 3198, 3210, 3244, 3246, 3253, 3268, 3295, 3303, 3360, 3368, 3386, 3420, 3450, 3459, 3464, 3474, 3481, 3501, 3528, 3534, 3542, 3544, 3552, 3554, 3557, 3573, 3576, 3581, 3634, 3636, 3645, 3675, 3681, 3730, 3740, 3764, 3784, 3795, 3811, 3813, 3817, 3819, 3821, 3872, 3888, 3892, 3935, 4069, 4077, 4135, 4143, 4149, 4294, 4311, 4327, 4346, 4395, 4410, 4450, 4455, 4475, 4477, 4517, 4577, 4580, 4642, 4646, 4659, 4683, 4685, 4704, 4744, 4756, 4758, 4760, 4762, 4764, 4766, 4768, 4770, 4772, 4774, 4776, 4778, 4780, 4782, 4784, 4790, 4794, 4802, 4804, 4808, 4810, 4820, 4822, 4826, 4828, 4834, 4838, 4843]","[233, 850, 1494, 1810, 2323, 2988, 3209, 3729]",4885,274,4611,0,274,4603,8
-4.0,HUMPRCA,"[17, 33, 35, 56, 72, 80, 82, 84, 86, 88, 90, 97, 110, 117, 131, 137, 147, 203, 225, 239, 251, 256, 273, 275, 290, 325, 328, 369, 395, 442, 449, 489, 499, 522, 542, 548, 556, 560, 582, 606, 609, 636, 664, 685, 689, 705, 716, 718, 754, 757, 785, 809, 854, 861, 899, 930, 981, 983, 1022, 1044, 1049, 1054, 1056, 1069, 1090, 1123, 1144, 1147, 1160, 1201, 1216, 1229, 1259, 1268, 1273, 1282, 1284, 1293, 1295, 1346, 1350, 1361, 1386, 1420, 1426, 1448, 1476, 1479, 1482, 1498, 1513, 1533, 1544, 1560, 1613, 1658, 1688, 1692, 1715, 1720, 1742, 1751, 1760, 1778, 1791, 1813, 1845, 1915, 1917, 1933, 1966, 2054, 2077, 2100, 2115, 2121, 2134, 2158, 2162, 2202, 2235, 2255, 2305, 2310, 2348, 2355, 2372, 2404, 2461, 2469, 2511, 2536, 2614, 2655, 2693, 2697, 2706, 2722, 2762, 2853, 2914, 2921, 2925, 2938, 2940, 2976, 3006, 3008, 3026, 3029, 3031, 3045, 3093, 3115, 3124, 3137, 3150, 3162, 3182, 3201, 3218, 3223, 3239, 3261, 3342, 3439, 3470, 3472, 3489, 3500, 3519, 3546, 3568, 3585, 3620, 3632, 3647, 3677, 3704, 3735, 3738, 3744, 3752, 3782, 3797, 3840, 3842, 3847, 3857, 3878, 3880, 3884, 3887, 3892, 3931, 3996, 3998, 4000, 4002, 4004, 4023, 4046, 4077, 4086, 4099, 4103, 4114, 4122, 4128, 4147, 4152, 4158, 4168, 4171, 4176, 4185, 4227, 4266, 4311, 4424, 4448, 4483, 4492, 4512, 4573, 4577, 4585, 4594, 4597, 4635, 4642, 4720, 4747, 4771, 4779, 4792, 4815, 4828, 4864, 4866, 4880, 4906, 4970, 4980, 4984, 5105, 5115, 5119, 5123, 5127, 5202, 5204, 5214, 5221, 5228, 5248, 5260, 5278, 5349, 5362, 5400, 5453, 5513, 5529, 5535, 5572, 5574, 5586, 5625, 5632, 5675, 5702, 5748, 5812, 5871, 5874, 5890, 5898, 5914, 5921, 5933, 5946, 5959, 5962, 5969, 6080, 6102, 6132, 6146, 6174, 6189, 6315, 6345, 6347, 6394, 6405, 6408, 6421, 6431, 6497, 6541, 6543, 6550, 6561, 6569, 6571, 6575, 6584, 6605, 6632, 6649, 6738, 6778, 6803, 6828, 6838, 6857, 6934, 6942, 6949, 6953, 6968, 6981, 7003, 7079, 7081, 7101, 7118, 7124, 7133, 7155, 7158, 7199, 7206, 7219, 7248, 7253, 7257, 7275, 7346, 7351, 7354, 7359, 7410, 7419, 7423, 7429, 7431, 7446, 7462, 7468, 7471, 7490, 7518, 7536, 7580, 7604, 7616, 7667, 7704, 7720, 7789, 7809, 7823, 7840, 7876, 7879, 7884, 7888, 7918, 7922, 7929, 7961, 7981, 7995, 8012, 8016, 8029, 8048, 8056, 8060, 8098, 8120, 8123, 8129, 8138, 8157, 8165, 8204, 8216, 8253, 8258, 8266, 8302, 8340, 8397, 8422, 8427, 8434, 8449, 8474, 8507, 8525, 8581, 8585, 8615, 8631, 8637, 8734, 8774, 8816, 8822, 8854, 8882, 8965, 9027, 9031, 9033, 9043, 9055, 9064, 9118, 9190, 9207, 9226, 9242, 9247, 9270, 9273, 9312, 9333, 9362, 9378, 9388, 9431, 9451, 9457, 9480, 9516, 9518, 9539, 9562, 9571, 9581, 9588, 9596, 9621, 9637, 9641, 9695, 9697, 9717, 9750, 9781, 9885, 9971, 9979, 10004, 10027, 10056, 10071, 10084, 10089, 10091, 10100, 10114, 10131, 10156, 10164, 10173, 10177, 10179, 10186, 10196, 10230, 10243, 10291, 10317, 10323, 10332, 10350, 10364, 10375, 10377, 10381, 10388, 10396, 10441, 10445, 10460, 10499, 10521, 10545, 10573, 10579, 10666, 10735, 10795, 10819, 10822, 10836, 10846, 10861, 10863, 10878, 10880, 10925, 10939, 10962, 10969, 10978, 10988, 10997, 11020, 11032, 11166, 11188, 11193, 11230, 11250, 11253, 11257, 11301, 11306, 11326, 11336, 11346, 11348, 11350, 11352, 11369, 11440, 11462, 11501, 11509, 11543, 11552, 11561, 11584, 11603, 11615, 11625, 11641, 11650, 11657, 11659, 11680, 11707, 11709, 11713]",[],"[17, 33, 35, 56, 72, 80, 82, 84, 86, 88, 90, 97, 110, 117, 131, 137, 147, 203, 225, 239, 251, 256, 273, 275, 290, 325, 328, 369, 395, 442, 449, 489, 499, 522, 542, 548, 556, 560, 582, 606, 609, 636, 664, 685, 689, 705, 716, 718, 754, 757, 785, 809, 854, 861, 899, 930, 981, 983, 1022, 1044, 1049, 1054, 1056, 1069, 1090, 1123, 1144, 1147, 1160, 1201, 1216, 1229, 1259, 1268, 1273, 1282, 1284, 1293, 1295, 1346, 1350, 1361, 1386, 1420, 1426, 1448, 1476, 1479, 1482, 1498, 1513, 1533, 1544, 1560, 1613, 1658, 1688, 1692, 1715, 1720, 1742, 1751, 1760, 1778, 1791, 1813, 1845, 1915, 1917, 1933, 1966, 2054, 2077, 2100, 2115, 2121, 2134, 2158, 2162, 2202, 2235, 2255, 2305, 2310, 2348, 2355, 2372, 2404, 2461, 2469, 2511, 2536, 2614, 2655, 2693, 2697, 2706, 2722, 2762, 2853, 2914, 2921, 2925, 2938, 2940, 2976, 3006, 3008, 3026, 3029, 3031, 3045, 3093, 3115, 3124, 3137, 3150, 3162, 3182, 3201, 3218, 3223, 3239, 3261, 3342, 3439, 3470, 3472, 3489, 3500, 3519, 3546, 3568, 3585, 3620, 3632, 3647, 3677, 3704, 3735, 3738, 3744, 3752, 3782, 3797, 3840, 3842, 3847, 3857, 3878, 3880, 3884, 3887, 3892, 3931, 3996, 3998, 4000, 4002, 4004, 4023, 4046, 4077, 4086, 4099, 4103, 4114, 4122, 4128, 4147, 4152, 4158, 4168, 4171, 4176, 4185, 4227, 4266, 4311, 4424, 4448, 4483, 4492, 4512, 4573, 4577, 4585, 4594, 4597, 4635, 4642, 4720, 4747, 4771, 4779, 4792, 4815, 4828, 4864, 4866, 4880, 4906, 4970, 4980, 4984, 5105, 5115, 5119, 5123, 5127, 5202, 5204, 5214, 5221, 5228, 5248, 5260, 5278, 5349, 5362, 5400, 5453, 5513, 5529, 5535, 5572, 5574, 5586, 5625, 5632, 5675, 5702, 5748, 5812, 5871, 5874, 5890, 5898, 5914, 5921, 5933, 5946, 5959, 5962, 5969, 6080, 6102, 6132, 6146, 6174, 6189, 6315, 6345, 6347, 6394, 6405, 6408, 6421, 6431, 6497, 6541, 6543, 6550, 6561, 6569, 6571, 6575, 6584, 6605, 6632, 6649, 6738, 6778, 6803, 6828, 6838, 6857, 6934, 6942, 6949, 6953, 6968, 6981, 7003, 7079, 7081, 7101, 7118, 7124, 7133, 7155, 7158, 7199, 7206, 7219, 7248, 7253, 7257, 7275, 7346, 7351, 7354, 7359, 7410, 7419, 7423, 7429, 7431, 7446, 7462, 7468, 7471, 7490, 7518, 7536, 7580, 7604, 7616, 7667, 7704, 7720, 7789, 7809, 7823, 7840, 7876, 7879, 7884, 7888, 7918, 7922, 7929, 7961, 7981, 7995, 8012, 8016, 8029, 8048, 8056, 8060, 8098, 8120, 8123, 8129, 8138, 8157, 8165, 8204, 8216, 8253, 8258, 8266, 8302, 8340, 8397, 8422, 8427, 8434, 8449, 8474, 8507, 8525, 8581, 8585, 8615, 8631, 8637, 8734, 8774, 8816, 8822, 8854, 8882, 8965, 9027, 9031, 9033, 9043, 9055, 9064, 9118, 9190, 9207, 9226, 9242, 9247, 9270, 9273, 9312, 9333, 9362, 9378, 9388, 9431, 9451, 9457, 9480, 9516, 9518, 9539, 9562, 9571, 9581, 9588, 9596, 9621, 9637, 9641, 9695, 9697, 9717, 9750, 9781, 9885, 9971, 9979, 10004, 10027, 10056, 10071, 10084, 10089, 10091, 10100, 10114, 10131, 10156, 10164, 10173, 10177, 10179, 10186, 10196, 10230, 10243, 10291, 10317, 10323, 10332, 10350, 10364, 10375, 10377, 10381, 10388, 10396, 10441, 10445, 10460, 10499, 10521, 10545, 10573, 10579, 10666, 10735, 10795, 10819, 10822, 10836, 10846, 10861, 10863, 10878, 10880, 10925, 10939, 10962, 10969, 10978, 10988, 10997, 11020, 11032, 11166, 11188, 11193, 11230, 11250, 11253, 11257, 11301, 11306, 11326, 11336, 11346, 11348, 11350, 11352, 11369, 11440, 11462, 11501, 11509, 11543, 11552, 11561, 11584, 11603, 11615, 11625, 11641, 11650, 11657, 11659, 11680, 11707, 11709, 11713]","[2201, 3631, 5118, 5348, 5585, 8396, 9387]",11718,550,11168,0,550,11161,7
-4.0,HUMPREELAS,"[5, 15, 52, 60, 66, 69, 82, 92, 97, 101, 133, 138, 160, 181, 202, 210, 237, 242, 254, 275, 283, 315, 320, 325, 333, 342, 370, 387, 424, 479, 542, 545, 548, 550, 572, 587, 597, 601, 609, 626, 687, 721, 762, 773, 788, 808, 812, 818, 823, 827, 831, 849, 859, 868, 907, 909, 918, 924, 951, 958, 973, 1003, 1006, 1045, 1055, 1071, 1100, 1108, 1112, 1122, 1162, 1164, 1181, 1183, 1192, 1221, 1262, 1267, 1302, 1304, 1317, 1319, 1342, 1358, 1365, 1421, 1429, 1437, 1453, 1459, 1466, 1477, 1487, 1489, 1513, 1525, 1531, 1538, 1549, 1567, 1574, 1579, 1620, 1629, 1683, 1688, 1712, 1717, 1725, 1730, 1786, 1803, 1807, 1818, 1821, 1828, 1855, 1876, 1895, 1915, 1925, 1972, 1987, 1992, 2018, 2025, 2054, 2141, 2148, 2192, 2217, 2233, 2241]",[],"[5, 15, 52, 60, 66, 69, 82, 92, 97, 101, 133, 138, 160, 181, 202, 210, 237, 242, 254, 275, 283, 315, 320, 325, 333, 342, 370, 387, 424, 479, 542, 545, 548, 550, 572, 587, 597, 601, 609, 626, 687, 721, 762, 773, 788, 808, 812, 818, 823, 827, 831, 849, 859, 868, 907, 909, 918, 924, 951, 958, 973, 1003, 1006, 1045, 1055, 1071, 1100, 1108, 1112, 1122, 1162, 1164, 1181, 1183, 1192, 1221, 1262, 1267, 1302, 1304, 1317, 1319, 1342, 1358, 1365, 1421, 1429, 1437, 1453, 1459, 1466, 1477, 1487, 1489, 1513, 1525, 1531, 1538, 1549, 1567, 1574, 1579, 1620, 1629, 1683, 1688, 1712, 1717, 1725, 1730, 1786, 1803, 1807, 1818, 1821, 1828, 1855, 1876, 1895, 1915, 1925, 1972, 1987, 1992, 2018, 2025, 2054, 2141, 2148, 2192, 2217, 2233, 2241]",[596],2293,133,2160,0,133,2159,1
-4.0,HUMPRPHX,"[16, 43, 64, 72, 76, 82, 93, 95, 137, 164, 232, 269, 288, 290, 293, 304, 318, 349, 380, 417, 445, 483, 503, 516, 522, 533, 569, 573, 617, 628, 678, 694, 737, 779, 816, 857, 866, 906, 948, 964, 983, 1068, 1144, 1230, 1272, 1286, 1294, 1300, 1347, 1374, 1385, 1396, 1452, 1454, 1476, 1478, 1480, 1513, 1540, 1542, 1552, 1561, 1565, 1571, 1584, 1614, 1618, 1671, 1713, 1718, 1725, 1749, 1773, 1778, 1824, 1839, 1843, 1861, 1893, 1903, 1912, 1932, 1971, 1982, 2035, 2052, 2082, 2103, 2128, 2132, 2141, 2153, 2162, 2165, 2170, 2173, 2192, 2233, 2256, 2264, 2267, 2312, 2335, 2358, 2389, 2393, 2401, 2417, 2430, 2439, 2456, 2481, 2503, 2507, 2509, 2524, 2533, 2539, 2551, 2595, 2637, 2640, 2646, 2653, 2692, 2695, 2697, 2704, 2726, 2743, 2755, 2815, 2835, 2842, 2849, 2870, 2874, 2917, 2973, 2994, 3090, 3109, 3174, 3180, 3209, 3280, 3286, 3323, 3327, 3343, 3427, 3437, 3489, 3553, 3562, 3598, 3634, 3643, 3701, 3720, 3724, 3762, 3790, 3803, 3826, 3838, 3855, 3873, 3884, 3887, 3895, 3915, 3928, 3942, 3958, 4022, 4041, 4043, 4052, 4055, 4105, 4137, 4146, 4162, 4222, 4226, 4236, 4242, 4270, 4289, 4297, 4303, 4309, 4311, 4313, 4315, 4320, 4345, 4347, 4358, 4365, 4383, 4415, 4428, 4449, 4489, 4518]",[],"[16, 43, 64, 72, 76, 82, 93, 95, 137, 164, 232, 269, 288, 290, 293, 304, 318, 349, 380, 417, 445, 483, 503, 516, 522, 533, 569, 573, 617, 628, 678, 694, 737, 779, 816, 857, 866, 906, 948, 964, 983, 1068, 1144, 1230, 1272, 1286, 1294, 1300, 1347, 1374, 1385, 1396, 1452, 1454, 1476, 1478, 1480, 1513, 1540, 1542, 1552, 1561, 1565, 1571, 1584, 1614, 1618, 1671, 1713, 1718, 1725, 1749, 1773, 1778, 1824, 1839, 1843, 1861, 1893, 1903, 1912, 1932, 1971, 1982, 2035, 2052, 2082, 2103, 2128, 2132, 2141, 2153, 2162, 2165, 2170, 2173, 2192, 2233, 2256, 2264, 2267, 2312, 2335, 2358, 2389, 2393, 2401, 2417, 2430, 2439, 2456, 2481, 2503, 2507, 2509, 2524, 2533, 2539, 2551, 2595, 2637, 2640, 2646, 2653, 2692, 2695, 2697, 2704, 2726, 2743, 2755, 2815, 2835, 2842, 2849, 2870, 2874, 2917, 2973, 2994, 3090, 3109, 3174, 3180, 3209, 3280, 3286, 3323, 3327, 3343, 3427, 3437, 3489, 3553, 3562, 3598, 3634, 3643, 3701, 3720, 3724, 3762, 3790, 3803, 3826, 3838, 3855, 3873, 3884, 3887, 3895, 3915, 3928, 3942, 3958, 4022, 4041, 4043, 4052, 4055, 4105, 4137, 4146, 4162, 4222, 4226, 4236, 4242, 4270, 4289, 4297, 4303, 4309, 4311, 4313, 4315, 4320, 4345, 4347, 4358, 4365, 4383, 4415, 4428, 4449, 4489, 4518]","[1346, 1838, 2127, 2652, 2869, 3173, 3322, 3633]",4525,207,4318,0,207,4310,8
-4.0,HUMRCC1,"[17, 61, 93, 109, 134, 139, 148, 159, 182, 235, 247, 259, 288, 318, 323, 337, 343, 378, 383, 400, 450, 467, 487, 491, 561, 566, 586, 619, 622, 639, 643, 645, 655, 659, 661, 684, 687, 691, 709, 738, 778, 782, 786, 806, 812, 833, 848, 885, 910, 919, 930, 940, 944, 953, 974, 1001, 1018, 1047, 1068, 1070, 1086, 1100, 1106, 1128, 1187, 1206, 1226, 1237, 1240, 1262, 1381, 1399, 1401, 1426, 1435, 1456, 1469, 1488, 1491, 1536, 1541, 1557, 1565, 1574, 1609, 1619, 1638, 1649, 1655, 1657, 1691, 1694, 1709, 1723, 1739, 1744, 1769, 1776, 1809, 1818, 1828, 1840, 1851, 1854, 1875, 1892, 1904, 1923, 1940, 1959, 1965, 1970, 2000, 2006, 2021, 2043, 2045, 2078, 2083, 2151, 2183, 2191, 2206, 2211, 2214, 2241, 2247, 2260, 2286, 2331, 2340, 2351, 2361, 2365, 2374, 2393, 2423, 2438, 2465, 2477, 2500, 2520, 2555, 2582, 2590, 2625, 2634, 2641, 2649, 2670, 2684, 2698, 2712, 2716, 2731, 2753, 2766, 2801, 2805, 2876, 2884, 2910, 2915, 2934, 2949, 2956, 2959, 2974, 2981, 3010, 3012, 3052, 3056, 3077, 3081, 3115, 3131, 3150, 3156, 3190, 3195, 3210, 3232, 3234, 3267, 3272, 3316, 3332, 3338, 3353, 3431, 3452, 3456, 3486, 3525, 3550, 3560, 3572, 3575, 3580, 3615, 3671, 3679, 3691, 3698, 3704, 3783, 3811, 3813, 3817, 3820, 3832, 3840, 3887, 3919, 3937, 3939, 3964, 3973, 3984, 4006, 4025, 4052, 4069, 4095, 4109, 4115, 4148, 4154, 4186, 4190, 4193, 4203, 4209, 4215, 4218, 4243, 4248, 4276, 4298, 4305, 4309, 4320, 4338, 4362, 4380, 4384, 4390, 4395, 4406, 4433, 4435, 4438, 4456, 4469, 4472, 4489, 4492, 4556, 4560, 4577, 4610, 4615, 4655, 4660, 4682, 4693, 4723, 4734, 4738, 4749, 4754, 4761, 4780, 4782, 4788, 4794, 4798, 4816, 4832, 4873, 4881, 4883, 4897, 4917, 4930, 4992, 5002, 5006, 5035, 5038, 5040, 5048, 5090, 5093, 5130, 5138, 5143, 5176, 5182, 5192, 5204, 5211, 5222, 5284, 5298, 5354, 5367, 5371, 5380, 5389, 5391, 5399, 5422, 5427, 5446, 5449, 5455, 5459, 5480, 5484, 5490, 5499, 5540, 5546, 5559, 5563, 5567, 5569, 5575, 5645, 5652, 5654, 5665, 5671, 5687, 5699, 5726, 5742, 5746, 5775, 5788, 5808, 5811, 5828, 5832, 5838, 5855, 5868, 5906, 5932, 5946, 5953, 5977, 5987, 6002, 6007, 6062, 6093, 6102, 6113, 6123, 6136, 6155, 6182, 6189, 6199, 6248, 6262, 6306, 6338, 6396, 6406, 6416, 6429, 6450, 6477, 6479, 6494, 6554, 6575, 6580, 6585, 6619, 6651, 6695, 6697, 6710, 6721, 6731, 6744, 6766, 6793, 6935, 6942, 6955, 6972, 7014, 7023, 7035, 7040, 7081, 7083, 7101, 7137, 7141, 7160, 7173, 7215, 7226, 7251, 7272, 7276, 7281, 7315, 7353, 7363, 7366, 7369, 7375, 7377, 7380, 7400, 7423, 7438, 7443, 7469, 7482, 7530, 7560, 7582, 7601, 7628, 7643, 7645, 7687, 7697, 7712, 7717, 7756, 7771, 7803, 7812, 7823, 7838, 7843, 7882, 7921, 7960, 7968, 7979, 7989, 8002, 8026, 8050, 8077, 8111, 8115, 8122, 8127, 8135, 8143, 8149, 8163, 8165, 8199, 8209, 8224, 8229, 8296, 8305, 8308, 8325, 8350, 8359, 8370, 8380, 8383, 8393, 8441, 8462, 8530, 8538, 8541, 8573, 8621, 8623, 8626, 8629, 8639, 8642, 8696, 8702, 8715, 8747, 8775, 8788, 8848, 8863, 8906, 8909, 8916, 8922, 8975, 8987, 9040, 9081, 9083, 9086, 9099, 9144, 9151, 9186, 9220, 9292, 9298, 9389, 9402, 9449, 9465, 9510, 9522, 9527, 9529, 9546, 9561, 9596, 9615, 9667, 9692, 9702, 9746, 9749, 9752, 9762, 9827, 9870, 9880, 9909, 9912, 9922, 9925, 9955, 9961, 10004, 10041, 10052, 10054, 10085, 10099, 10131, 10141, 10176, 10179, 10183, 10185, 10189, 10247, 10253, 10367, 10372, 10385, 10420, 10429, 10436, 10461, 10471, 10506, 10519, 10536, 10550, 10564, 10598, 10608, 10643, 10655, 10712, 10755, 10788, 10794, 10811, 10813, 10854, 10881, 10887, 10914, 10920, 10923, 10939, 11002, 11004, 11058, 11065, 11082, 11102, 11121, 11135, 11159, 11166, 11217, 11252, 11265, 11324, 11330, 11365, 11402, 11407, 11412, 11416, 11432, 11434, 11451, 11456, 11471, 11499, 11512, 11544, 11548, 11568, 11570, 11595, 11601, 11650, 11689, 11700, 11716, 11750, 11773, 11775, 11794, 11812, 11841, 11880, 11949, 11962, 12002, 12022, 12028, 12031, 12038, 12050, 12067, 12099, 12119, 12135, 12143, 12151, 12154, 12156, 12159, 12162, 12169, 12205, 12218, 12233, 12282, 12291, 12294, 12304, 12306, 12319, 12463, 12482, 12521, 12548, 12555, 12564, 12574, 12578, 12601, 12617, 12648, 12663, 12683, 12685, 12706, 12732, 12887, 12917, 12938, 12943, 12968, 13007, 13011, 13014, 13028, 13038, 13055, 13057, 13059, 13083, 13087, 13118, 13145, 13148, 13165, 13167, 13217, 13228, 13255, 13257, 13264, 13266, 13280, 13285, 13287, 13289, 13294, 13296, 13361, 13366, 13382, 13398, 13410, 13418, 13421, 13432, 13456, 13472, 13478, 13483, 13486, 13502, 13511, 13528, 13557, 13567, 13572, 13574, 13601, 13635, 13643, 13669, 13684, 13715, 13720, 13727, 13767, 13783, 13795, 13806, 13817, 13820, 13853, 13880, 13885, 13924, 13998, 14015, 14026, 14036, 14049, 14070, 14098, 14113, 14115, 14167, 14183, 14186, 14191, 14193, 14196, 14205, 14229, 14246, 14264, 14291, 14296, 14299, 14301, 14303, 14346, 14349, 14369, 14383, 14385, 14401, 14403, 14432, 14439, 14506, 14519, 14532, 14534, 14559, 14577, 14602, 14605, 14610, 14620, 14653, 14665, 14698, 14703, 14709, 14729, 14739, 14771, 14780, 14815, 14830, 14854, 14868, 14878, 14893, 14908, 14914, 14937, 14961, 14963, 14966, 14968, 14978, 15038, 15069, 15082, 15109, 15127, 15134, 15159, 15169, 15204, 15207, 15214, 15221, 15279, 15285, 15297, 15300, 15325, 15337, 15386, 15395, 15399, 15417, 15422, 15431, 15441, 15472, 15475, 15493, 15506, 15533, 15537, 15549, 15581, 15591, 15622, 15624, 15627, 15640, 15680, 15705, 15792, 15834, 15848, 15895, 15900, 15919, 15922, 15931, 15947, 15950, 15958, 16002, 16014, 16070, 16129, 16146, 16161, 16193, 16212, 16231, 16242, 16253, 16259, 16281, 16296, 16317, 16321, 16329, 16355, 16363, 16368, 16380, 16390, 16396, 16407, 16411, 16417, 16438, 16466, 16483, 16489, 16498, 16520, 16527, 16544, 16558, 16575, 16579, 16595, 16597, 16617, 16643, 16648, 16652, 16661, 16692, 16730, 16758, 16765, 16797, 16819, 16831, 16837, 16862, 16887, 16897, 16936, 16939, 16942, 16952, 16987, 17005, 17011, 17017, 17024, 17026, 17030, 17061, 17071, 17098, 17165, 17183, 17190, 17196, 17228, 17317, 17327, 17341, 17346, 17351, 17385, 17417, 17451, 17463, 17472, 17483, 17491, 17494, 17540, 17557, 17618, 17631, 17660, 17688, 17700, 17705, 17716, 17727, 17730, 17772, 17781, 17785, 17812, 17852, 17854, 17874, 17907, 17921, 17951, 17955, 17975, 18031, 18051, 18068, 18083, 18096, 18107, 18122, 18130, 18166, 18198, 18219, 18241, 18250, 18261, 18271, 18275, 18284, 18305, 18349, 18359, 18492, 18506, 18510, 18518, 18520, 18543, 18559, 18582, 18588, 18590, 18672, 18677, 18684, 18717, 18734, 18742, 18788, 18796, 18841, 18874, 18906, 18938, 18941, 18973, 18976, 18979, 18989, 19023, 19026, 19038, 19067, 19083, 19122, 19132, 19136, 19179, 19182, 19184, 19224, 19273, 19297, 19304, 19310, 19341, 19355, 19358, 19385, 19408, 19447, 19464, 19491, 19496, 19503, 19525, 19541, 19549, 19620, 19623, 19636, 19639, 19659, 19683, 19705, 19708, 19741, 19751, 19785, 19794, 19816, 19828, 19830, 19842, 19856, 19888, 19893, 19898, 19920, 19935, 19990, 20008, 20046, 20058, 20060, 20097, 20139, 20176, 20191, 20201, 20224, 20246, 20265, 20278, 20281, 20312, 20333, 20368, 20403, 20416, 20443, 20469, 20488, 20526, 20536, 20573, 20594, 20617, 20651, 20670, 20686, 20693, 20699, 20725, 20727, 20753, 20786, 20795, 20813, 20835, 20850, 20879, 20892, 20919, 20923, 20936, 20944, 20968, 21011, 21014, 21027, 21037, 21087, 21093, 21106, 21128, 21146, 21217, 21232, 21260, 21283, 21287, 21297, 21304, 21317, 21356, 21360, 21369, 21402, 21458, 21488, 21494, 21496, 21498, 21504, 21518, 21520, 21524, 21545, 21550, 21621, 21639, 21666, 21689, 21699, 21712, 21760, 21775, 21777, 21780, 21790, 21871, 21878, 21891, 21901, 21925, 21928, 21939, 21982, 22008, 22034, 22038, 22052, 22059, 22125, 22128, 22141, 22194, 22200, 22203, 22206, 22288, 22298, 22305, 22319, 22350, 22371, 22396, 22406, 22442, 22487, 22507, 22532, 22542, 22572, 22574, 22577, 22580, 22584, 22590, 22649, 22689, 22749, 22762, 22815, 22821, 22827, 22846, 22869, 22879, 22903, 22915, 22956, 22988, 22997, 23047, 23049, 23093, 23126, 23134, 23139, 23167, 23174, 23219, 23251, 23266, 23296, 23317, 23328, 23338, 23351, 23372, 23399, 23407, 23424, 23472, 23482, 23497, 23502, 23541, 23573, 23589, 23601, 23618, 23627, 23638, 23648, 23661, 23682, 23709, 23711, 23726, 23746, 23750, 23766, 23844, 23895, 23900, 23906, 23909, 23920, 23935, 23948, 23950, 23961, 23965, 23981, 24004, 24012, 24032, 24043, 24045, 24059, 24080, 24098, 24101, 24131, 24158, 24195, 24202, 24206, 24224, 24228, 24234, 24299, 24301, 24307, 24333, 24340, 24376, 24465, 24478, 24505, 24511, 24545, 24561, 24604, 24621, 24623, 24666, 24672, 24675, 24684, 24743, 24745, 24766, 24768, 24772, 24802, 24815, 24840, 24881, 24902, 24926, 24976, 25033, 25072, 25082, 25086, 25095, 25172, 25174, 25188, 25191, 25205, 25248, 25257, 25288, 25298, 25331, 25344, 25403, 25458, 25526, 25536, 25558, 25597, 25603, 25629, 25651, 25664, 25686, 25713, 25728, 25730, 25781, 25788, 25790, 25798, 25818, 25827, 25834, 25858, 25867, 25874, 25876, 25908, 25921, 25925, 25951, 25954, 25971, 25987, 25990, 26009, 26030, 26041, 26066, 26090, 26109, 26117, 26144, 26162, 26165, 26195, 26197, 26199, 26211, 26219, 26223, 26225, 26243, 26260, 26265, 26297, 26304, 26323, 26328, 26335, 26369, 26390, 26400, 26428, 26451, 26469, 26481, 26499, 26502, 26508, 26510, 26524, 26554, 26556, 26580, 26590, 26598, 26607, 26612, 26670, 26680, 26702, 26743, 26751, 26784, 26792, 26794, 26799, 26809, 26813, 26817, 26826, 26834, 26860, 26885, 26951, 26953, 26968, 26981, 26990, 27000, 27002, 27005, 27021, 27025, 27031, 27034, 27037, 27040, 27043, 27046, 27049, 27055, 27060, 27073, 27084, 27099, 27166, 27175, 27221, 27231, 27250, 27252, 27265, 27284, 27310, 27383, 27398, 27411, 27448, 27475, 27482, 27495, 27520, 27529, 27540, 27548, 27550, 27563, 27603, 27647, 27656, 27678, 27698, 27710, 27761, 27791, 27799, 27803, 27839, 27895, 27901, 27924, 27926, 27937, 27962, 27968, 27974, 27986, 27992, 27995, 28001, 28011, 28015, 28042, 28055, 28087, 28090, 28136, 28155, 28200, 28202, 28210, 28224, 28227, 28245, 28249, 28258, 28296, 28325, 28328, 28352, 28355, 28357, 28361, 28389, 28410, 28431, 28447, 28459, 28477, 28483, 28488, 28497, 28524, 28528, 28535, 28548, 28557, 28580, 28597, 28626, 28694, 28696, 28698, 28702, 28706, 28716, 28749, 28757, 28759, 28761, 28794, 28816, 28819, 28857, 28859, 28894, 28927, 28936, 28942, 28966, 28982, 28985, 29004, 29009, 29016, 29021, 29029, 29048, 29059, 29192, 29199, 29212, 29229, 29248, 29261, 29272, 29280, 29285, 29287, 29326, 29341, 29345, 29354, 29357, 29370, 29380, 29400, 29406, 29408, 29418, 29420, 29424, 29441, 29534, 29567, 29642, 29668, 29715, 29724, 29731, 29742, 29747, 29754, 29767, 29771, 29790, 29795, 29809, 29815, 29841, 29846, 29868, 29880, 29882, 29886, 29899, 29943, 29960, 29966, 30001, 30047, 30086, 30109, 30113, 30170, 30173, 30179, 30182, 30204, 30206, 30214, 30232, 30236, 30257, 30262, 30285, 30299, 30325, 30339, 30350, 30362, 30407, 30416, 30423, 30439, 30444, 30484, 30486, 30488, 30497, 30507, 30516, 30543, 30571, 30576, 30610, 30622, 30629, 30649, 30675, 30698, 30701, 30703, 30772, 30803, 30805, 30808, 30817, 30819, 30841, 30850, 30899, 30934, 30980, 30982, 30986, 31092, 31129, 31136, 31164, 31170, 31217, 31222, 31240, 31267, 31272, 31285, 31295, 31314, 31319, 31335, 31360, 31388, 31425, 31427, 31473, 31514, 31516, 31523, 31525, 31532, 31611, 31618, 31629, 31636, 31673, 31697, 31699, 31742, 31747, 31769, 31787, 31841, 31862, 31904, 31947, 31949, 31967, 31972, 31980, 31988, 32001, 32005, 32007, 32013, 32033, 32041, 32051, 32056, 32062, 32067, 32073, 32081, 32090, 32119, 32135, 32185, 32194, 32209, 32235, 32253, 32282, 32330, 32332, 32339, 32350, 32360, 32364, 32373, 32419, 32436, 32481, 32505, 32513, 32515, 32549, 32555, 32574, 32581, 32655, 32665, 32680, 32685, 32724, 32747, 32756, 32776, 32803, 32812, 32823, 32833, 32846, 32892, 32950, 32961, 32976, 32981, 32984, 32986, 33026, 33043, 33053, 33071, 33099, 33108, 33119, 33138, 33142, 33161, 33188, 33205, 33227, 33236, 33249, 33279, 33285, 33299, 33332, 33344, 33361, 33364, 33377, 33389, 33405, 33440, 33452, 33471, 33487, 33504, 33514, 33637, 33645, 33652, 33659, 33668, 33696, 33698, 33701, 33705, 33756, 33790, 33823, 33825, 33829, 33842, 33853, 33856, 33890, 33905, 33973, 33981, 33988, 34024, 34056, 34066, 34072, 34082, 34104, 34139, 34162, 34168, 34198, 34209, 34224, 34267, 34273, 34299, 34319, 34344, 34353, 34364, 34374, 34387, 34407, 34433, 34482, 34494, 34505, 34510, 34528, 34545, 34551, 34572, 34598, 34600, 34617, 34625, 34633]",[],"[17, 61, 93, 109, 134, 139, 148, 159, 182, 235, 247, 259, 288, 318, 323, 337, 343, 378, 383, 400, 450, 467, 487, 491, 561, 566, 586, 619, 622, 639, 643, 645, 655, 659, 661, 684, 687, 691, 709, 738, 778, 782, 786, 806, 812, 833, 848, 885, 910, 919, 930, 940, 944, 953, 974, 1001, 1018, 1047, 1068, 1070, 1086, 1100, 1106, 1128, 1187, 1206, 1226, 1237, 1240, 1262, 1381, 1399, 1401, 1426, 1435, 1456, 1469, 1488, 1491, 1536, 1541, 1557, 1565, 1574, 1609, 1619, 1638, 1649, 1655, 1657, 1691, 1694, 1709, 1723, 1739, 1744, 1769, 1776, 1809, 1818, 1828, 1840, 1851, 1854, 1875, 1892, 1904, 1923, 1940, 1959, 1965, 1970, 2000, 2006, 2021, 2043, 2045, 2078, 2083, 2151, 2183, 2191, 2206, 2211, 2214, 2241, 2247, 2260, 2286, 2331, 2340, 2351, 2361, 2365, 2374, 2393, 2423, 2438, 2465, 2477, 2500, 2520, 2555, 2582, 2590, 2625, 2634, 2641, 2649, 2670, 2684, 2698, 2712, 2716, 2731, 2753, 2766, 2801, 2805, 2876, 2884, 2910, 2915, 2934, 2949, 2956, 2959, 2974, 2981, 3010, 3012, 3052, 3056, 3077, 3081, 3115, 3131, 3150, 3156, 3190, 3195, 3210, 3232, 3234, 3267, 3272, 3316, 3332, 3338, 3353, 3431, 3452, 3456, 3486, 3525, 3550, 3560, 3572, 3575, 3580, 3615, 3671, 3679, 3691, 3698, 3704, 3783, 3811, 3813, 3817, 3820, 3832, 3840, 3887, 3919, 3937, 3939, 3964, 3973, 3984, 4006, 4025, 4052, 4069, 4095, 4109, 4115, 4148, 4154, 4186, 4190, 4193, 4203, 4209, 4215, 4218, 4243, 4248, 4276, 4298, 4305, 4309, 4320, 4338, 4362, 4380, 4384, 4390, 4395, 4406, 4433, 4435, 4438, 4456, 4469, 4472, 4489, 4492, 4556, 4560, 4577, 4610, 4615, 4655, 4660, 4682, 4693, 4723, 4734, 4738, 4749, 4754, 4761, 4780, 4782, 4788, 4794, 4798, 4816, 4832, 4873, 4881, 4883, 4897, 4917, 4930, 4992, 5002, 5006, 5035, 5038, 5040, 5048, 5090, 5093, 5130, 5138, 5143, 5176, 5182, 5192, 5204, 5211, 5222, 5284, 5298, 5354, 5367, 5371, 5380, 5389, 5391, 5399, 5422, 5427, 5446, 5449, 5455, 5459, 5480, 5484, 5490, 5499, 5540, 5546, 5559, 5563, 5567, 5569, 5575, 5645, 5652, 5654, 5665, 5671, 5687, 5699, 5726, 5742, 5746, 5775, 5788, 5808, 5811, 5828, 5832, 5838, 5855, 5868, 5906, 5932, 5946, 5953, 5977, 5987, 6002, 6007, 6062, 6093, 6102, 6113, 6123, 6136, 6155, 6182, 6189, 6199, 6248, 6262, 6306, 6338, 6396, 6406, 6416, 6429, 6450, 6477, 6479, 6494, 6554, 6575, 6580, 6585, 6619, 6651, 6695, 6697, 6710, 6721, 6731, 6744, 6766, 6793, 6935, 6942, 6955, 6972, 7014, 7023, 7035, 7040, 7081, 7083, 7101, 7137, 7141, 7160, 7173, 7215, 7226, 7251, 7272, 7276, 7281, 7315, 7353, 7363, 7366, 7369, 7375, 7377, 7380, 7400, 7423, 7438, 7443, 7469, 7482, 7530, 7560, 7582, 7601, 7628, 7643, 7645, 7687, 7697, 7712, 7717, 7756, 7771, 7803, 7812, 7823, 7838, 7843, 7882, 7921, 7960, 7968, 7979, 7989, 8002, 8026, 8050, 8077, 8111, 8115, 8122, 8127, 8135, 8143, 8149, 8163, 8165, 8199, 8209, 8224, 8229, 8296, 8305, 8308, 8325, 8350, 8359, 8370, 8380, 8383, 8393, 8441, 8462, 8530, 8538, 8541, 8573, 8621, 8623, 8626, 8629, 8639, 8642, 8696, 8702, 8715, 8747, 8775, 8788, 8848, 8863, 8906, 8909, 8916, 8922, 8975, 8987, 9040, 9081, 9083, 9086, 9099, 9144, 9151, 9186, 9220, 9292, 9298, 9389, 9402, 9449, 9465, 9510, 9522, 9527, 9529, 9546, 9561, 9596, 9615, 9667, 9692, 9702, 9746, 9749, 9752, 9762, 9827, 9870, 9880, 9909, 9912, 9922, 9925, 9955, 9961, 10004, 10041, 10052, 10054, 10085, 10099, 10131, 10141, 10176, 10179, 10183, 10185, 10189, 10247, 10253, 10367, 10372, 10385, 10420, 10429, 10436, 10461, 10471, 10506, 10519, 10536, 10550, 10564, 10598, 10608, 10643, 10655, 10712, 10755, 10788, 10794, 10811, 10813, 10854, 10881, 10887, 10914, 10920, 10923, 10939, 11002, 11004, 11058, 11065, 11082, 11102, 11121, 11135, 11159, 11166, 11217, 11252, 11265, 11324, 11330, 11365, 11402, 11407, 11412, 11416, 11432, 11434, 11451, 11456, 11471, 11499, 11512, 11544, 11548, 11568, 11570, 11595, 11601, 11650, 11689, 11700, 11716, 11750, 11773, 11775, 11794, 11812, 11841, 11880, 11949, 11962, 12002, 12022, 12028, 12031, 12038, 12050, 12067, 12099, 12119, 12135, 12143, 12151, 12154, 12156, 12159, 12162, 12169, 12205, 12218, 12233, 12282, 12291, 12294, 12304, 12306, 12319, 12463, 12482, 12521, 12548, 12555, 12564, 12574, 12578, 12601, 12617, 12648, 12663, 12683, 12685, 12706, 12732, 12887, 12917, 12938, 12943, 12968, 13007, 13011, 13014, 13028, 13038, 13055, 13057, 13059, 13083, 13087, 13118, 13145, 13148, 13165, 13167, 13217, 13228, 13255, 13257, 13264, 13266, 13280, 13285, 13287, 13289, 13294, 13296, 13361, 13366, 13382, 13398, 13410, 13418, 13421, 13432, 13456, 13472, 13478, 13483, 13486, 13502, 13511, 13528, 13557, 13567, 13572, 13574, 13601, 13635, 13643, 13669, 13684, 13715, 13720, 13727, 13767, 13783, 13795, 13806, 13817, 13820, 13853, 13880, 13885, 13924, 13998, 14015, 14026, 14036, 14049, 14070, 14098, 14113, 14115, 14167, 14183, 14186, 14191, 14193, 14196, 14205, 14229, 14246, 14264, 14291, 14296, 14299, 14301, 14303, 14346, 14349, 14369, 14383, 14385, 14401, 14403, 14432, 14439, 14506, 14519, 14532, 14534, 14559, 14577, 14602, 14605, 14610, 14620, 14653, 14665, 14698, 14703, 14709, 14729, 14739, 14771, 14780, 14815, 14830, 14854, 14868, 14878, 14893, 14908, 14914, 14937, 14961, 14963, 14966, 14968, 14978, 15038, 15069, 15082, 15109, 15127, 15134, 15159, 15169, 15204, 15207, 15214, 15221, 15279, 15285, 15297, 15300, 15325, 15337, 15386, 15395, 15399, 15417, 15422, 15431, 15441, 15472, 15475, 15493, 15506, 15533, 15537, 15549, 15581, 15591, 15622, 15624, 15627, 15640, 15680, 15705, 15792, 15834, 15848, 15895, 15900, 15919, 15922, 15931, 15947, 15950, 15958, 16002, 16014, 16070, 16129, 16146, 16161, 16193, 16212, 16231, 16242, 16253, 16259, 16281, 16296, 16317, 16321, 16329, 16355, 16363, 16368, 16380, 16390, 16396, 16407, 16411, 16417, 16438, 16466, 16483, 16489, 16498, 16520, 16527, 16544, 16558, 16575, 16579, 16595, 16597, 16617, 16643, 16648, 16652, 16661, 16692, 16730, 16758, 16765, 16797, 16819, 16831, 16837, 16862, 16887, 16897, 16936, 16939, 16942, 16952, 16987, 17005, 17011, 17017, 17024, 17026, 17030, 17061, 17071, 17098, 17165, 17183, 17190, 17196, 17228, 17317, 17327, 17341, 17346, 17351, 17385, 17417, 17451, 17463, 17472, 17483, 17491, 17494, 17540, 17557, 17618, 17631, 17660, 17688, 17700, 17705, 17716, 17727, 17730, 17772, 17781, 17785, 17812, 17852, 17854, 17874, 17907, 17921, 17951, 17955, 17975, 18031, 18051, 18068, 18083, 18096, 18107, 18122, 18130, 18166, 18198, 18219, 18241, 18250, 18261, 18271, 18275, 18284, 18305, 18349, 18359, 18492, 18506, 18510, 18518, 18520, 18543, 18559, 18582, 18588, 18590, 18672, 18677, 18684, 18717, 18734, 18742, 18788, 18796, 18841, 18874, 18906, 18938, 18941, 18973, 18976, 18979, 18989, 19023, 19026, 19038, 19067, 19083, 19122, 19132, 19136, 19179, 19182, 19184, 19224, 19273, 19297, 19304, 19310, 19341, 19355, 19358, 19385, 19408, 19447, 19464, 19491, 19496, 19503, 19525, 19541, 19549, 19620, 19623, 19636, 19639, 19659, 19683, 19705, 19708, 19741, 19751, 19785, 19794, 19816, 19828, 19830, 19842, 19856, 19888, 19893, 19898, 19920, 19935, 19990, 20008, 20046, 20058, 20060, 20097, 20139, 20176, 20191, 20201, 20224, 20246, 20265, 20278, 20281, 20312, 20333, 20368, 20403, 20416, 20443, 20469, 20488, 20526, 20536, 20573, 20594, 20617, 20651, 20670, 20686, 20693, 20699, 20725, 20727, 20753, 20786, 20795, 20813, 20835, 20850, 20879, 20892, 20919, 20923, 20936, 20944, 20968, 21011, 21014, 21027, 21037, 21087, 21093, 21106, 21128, 21146, 21217, 21232, 21260, 21283, 21287, 21297, 21304, 21317, 21356, 21360, 21369, 21402, 21458, 21488, 21494, 21496, 21498, 21504, 21518, 21520, 21524, 21545, 21550, 21621, 21639, 21666, 21689, 21699, 21712, 21760, 21775, 21777, 21780, 21790, 21871, 21878, 21891, 21901, 21925, 21928, 21939, 21982, 22008, 22034, 22038, 22052, 22059, 22125, 22128, 22141, 22194, 22200, 22203, 22206, 22288, 22298, 22305, 22319, 22350, 22371, 22396, 22406, 22442, 22487, 22507, 22532, 22542, 22572, 22574, 22577, 22580, 22584, 22590, 22649, 22689, 22749, 22762, 22815, 22821, 22827, 22846, 22869, 22879, 22903, 22915, 22956, 22988, 22997, 23047, 23049, 23093, 23126, 23134, 23139, 23167, 23174, 23219, 23251, 23266, 23296, 23317, 23328, 23338, 23351, 23372, 23399, 23407, 23424, 23472, 23482, 23497, 23502, 23541, 23573, 23589, 23601, 23618, 23627, 23638, 23648, 23661, 23682, 23709, 23711, 23726, 23746, 23750, 23766, 23844, 23895, 23900, 23906, 23909, 23920, 23935, 23948, 23950, 23961, 23965, 23981, 24004, 24012, 24032, 24043, 24045, 24059, 24080, 24098, 24101, 24131, 24158, 24195, 24202, 24206, 24224, 24228, 24234, 24299, 24301, 24307, 24333, 24340, 24376, 24465, 24478, 24505, 24511, 24545, 24561, 24604, 24621, 24623, 24666, 24672, 24675, 24684, 24743, 24745, 24766, 24768, 24772, 24802, 24815, 24840, 24881, 24902, 24926, 24976, 25033, 25072, 25082, 25086, 25095, 25172, 25174, 25188, 25191, 25205, 25248, 25257, 25288, 25298, 25331, 25344, 25403, 25458, 25526, 25536, 25558, 25597, 25603, 25629, 25651, 25664, 25686, 25713, 25728, 25730, 25781, 25788, 25790, 25798, 25818, 25827, 25834, 25858, 25867, 25874, 25876, 25908, 25921, 25925, 25951, 25954, 25971, 25987, 25990, 26009, 26030, 26041, 26066, 26090, 26109, 26117, 26144, 26162, 26165, 26195, 26197, 26199, 26211, 26219, 26223, 26225, 26243, 26260, 26265, 26297, 26304, 26323, 26328, 26335, 26369, 26390, 26400, 26428, 26451, 26469, 26481, 26499, 26502, 26508, 26510, 26524, 26554, 26556, 26580, 26590, 26598, 26607, 26612, 26670, 26680, 26702, 26743, 26751, 26784, 26792, 26794, 26799, 26809, 26813, 26817, 26826, 26834, 26860, 26885, 26951, 26953, 26968, 26981, 26990, 27000, 27002, 27005, 27021, 27025, 27031, 27034, 27037, 27040, 27043, 27046, 27049, 27055, 27060, 27073, 27084, 27099, 27166, 27175, 27221, 27231, 27250, 27252, 27265, 27284, 27310, 27383, 27398, 27411, 27448, 27475, 27482, 27495, 27520, 27529, 27540, 27548, 27550, 27563, 27603, 27647, 27656, 27678, 27698, 27710, 27761, 27791, 27799, 27803, 27839, 27895, 27901, 27924, 27926, 27937, 27962, 27968, 27974, 27986, 27992, 27995, 28001, 28011, 28015, 28042, 28055, 28087, 28090, 28136, 28155, 28200, 28202, 28210, 28224, 28227, 28245, 28249, 28258, 28296, 28325, 28328, 28352, 28355, 28357, 28361, 28389, 28410, 28431, 28447, 28459, 28477, 28483, 28488, 28497, 28524, 28528, 28535, 28548, 28557, 28580, 28597, 28626, 28694, 28696, 28698, 28702, 28706, 28716, 28749, 28757, 28759, 28761, 28794, 28816, 28819, 28857, 28859, 28894, 28927, 28936, 28942, 28966, 28982, 28985, 29004, 29009, 29016, 29021, 29029, 29048, 29059, 29192, 29199, 29212, 29229, 29248, 29261, 29272, 29280, 29285, 29287, 29326, 29341, 29345, 29354, 29357, 29370, 29380, 29400, 29406, 29408, 29418, 29420, 29424, 29441, 29534, 29567, 29642, 29668, 29715, 29724, 29731, 29742, 29747, 29754, 29767, 29771, 29790, 29795, 29809, 29815, 29841, 29846, 29868, 29880, 29882, 29886, 29899, 29943, 29960, 29966, 30001, 30047, 30086, 30109, 30113, 30170, 30173, 30179, 30182, 30204, 30206, 30214, 30232, 30236, 30257, 30262, 30285, 30299, 30325, 30339, 30350, 30362, 30407, 30416, 30423, 30439, 30444, 30484, 30486, 30488, 30497, 30507, 30516, 30543, 30571, 30576, 30610, 30622, 30629, 30649, 30675, 30698, 30701, 30703, 30772, 30803, 30805, 30808, 30817, 30819, 30841, 30850, 30899, 30934, 30980, 30982, 30986, 31092, 31129, 31136, 31164, 31170, 31217, 31222, 31240, 31267, 31272, 31285, 31295, 31314, 31319, 31335, 31360, 31388, 31425, 31427, 31473, 31514, 31516, 31523, 31525, 31532, 31611, 31618, 31629, 31636, 31673, 31697, 31699, 31742, 31747, 31769, 31787, 31841, 31862, 31904, 31947, 31949, 31967, 31972, 31980, 31988, 32001, 32005, 32007, 32013, 32033, 32041, 32051, 32056, 32062, 32067, 32073, 32081, 32090, 32119, 32135, 32185, 32194, 32209, 32235, 32253, 32282, 32330, 32332, 32339, 32350, 32360, 32364, 32373, 32419, 32436, 32481, 32505, 32513, 32515, 32549, 32555, 32574, 32581, 32655, 32665, 32680, 32685, 32724, 32747, 32756, 32776, 32803, 32812, 32823, 32833, 32846, 32892, 32950, 32961, 32976, 32981, 32984, 32986, 33026, 33043, 33053, 33071, 33099, 33108, 33119, 33138, 33142, 33161, 33188, 33205, 33227, 33236, 33249, 33279, 33285, 33299, 33332, 33344, 33361, 33364, 33377, 33389, 33405, 33440, 33452, 33471, 33487, 33504, 33514, 33637, 33645, 33652, 33659, 33668, 33696, 33698, 33701, 33705, 33756, 33790, 33823, 33825, 33829, 33842, 33853, 33856, 33890, 33905, 33973, 33981, 33988, 34024, 34056, 34066, 34072, 34082, 34104, 34139, 34162, 34168, 34198, 34209, 34224, 34267, 34273, 34299, 34319, 34344, 34353, 34364, 34374, 34387, 34407, 34433, 34482, 34494, 34505, 34510, 34528, 34545, 34551, 34572, 34598, 34600, 34617, 34625, 34633]","[24201, 26218, 26579, 28010, 28244, 28893, 29247, 29766]",34634,1861,32773,0,1861,32765,8
-4.0,HUMREGHOM,"[34, 46, 50, 53, 57, 63, 70, 85, 87, 128, 132, 141, 178, 189, 228, 252, 275, 303, 310, 336, 347, 372, 375, 411, 425, 458, 460, 472, 512, 528, 561, 563, 638, 665, 671, 685, 745, 752, 773, 785, 795, 798, 803, 859, 892, 901, 904, 909, 940, 951, 959, 962, 992, 994, 1037, 1108, 1118, 1171, 1187, 1196, 1206, 1276, 1308, 1408, 1420, 1424, 1460, 1483, 1485, 1487, 1492, 1538, 1600, 1603, 1607, 1633, 1638, 1649, 1666, 1672, 1703, 1760, 1762, 1766, 1785, 1793, 1815, 1835, 1865, 1869, 1910, 1921, 1928, 1962, 1966, 2003, 2009, 2012, 2017, 2022, 2024, 2028, 2031, 2093, 2095, 2121, 2148, 2152, 2164, 2172, 2192, 2195, 2222, 2240, 2242, 2252, 2257, 2319, 2337, 2375, 2392, 2398, 2507, 2518, 2546, 2554, 2556, 2571, 2591, 2606, 2647, 2650, 2654, 2661, 2672, 2698, 2716, 2740, 2766, 2826, 2854, 2873, 2880, 2887, 2922, 2939, 2975, 2985, 2995, 3003, 3035, 3046, 3065, 3087, 3099, 3124, 3144, 3156, 3162, 3206, 3208, 3213, 3250, 3253, 3259, 3271, 3306, 3330, 3334, 3351, 3354, 3362, 3406]",[],"[34, 46, 50, 53, 57, 63, 70, 85, 87, 128, 132, 141, 178, 189, 228, 252, 275, 303, 310, 336, 347, 372, 375, 411, 425, 458, 460, 472, 512, 528, 561, 563, 638, 665, 671, 685, 745, 752, 773, 785, 795, 798, 803, 859, 892, 901, 904, 909, 940, 951, 959, 962, 992, 994, 1037, 1108, 1118, 1171, 1187, 1196, 1206, 1276, 1308, 1408, 1420, 1424, 1460, 1483, 1485, 1487, 1492, 1538, 1600, 1603, 1607, 1633, 1638, 1649, 1666, 1672, 1703, 1760, 1762, 1766, 1785, 1793, 1815, 1835, 1865, 1869, 1910, 1921, 1928, 1962, 1966, 2003, 2009, 2012, 2017, 2022, 2024, 2028, 2031, 2093, 2095, 2121, 2148, 2152, 2164, 2172, 2192, 2195, 2222, 2240, 2242, 2252, 2257, 2319, 2337, 2375, 2392, 2398, 2507, 2518, 2546, 2554, 2556, 2571, 2591, 2606, 2647, 2650, 2654, 2661, 2672, 2698, 2716, 2740, 2766, 2826, 2854, 2873, 2880, 2887, 2922, 2939, 2975, 2985, 2995, 3003, 3035, 3046, 3065, 3087, 3099, 3124, 3144, 3156, 3162, 3206, 3208, 3213, 3250, 3253, 3259, 3271, 3306, 3330, 3334, 3351, 3354, 3362, 3406]","[684, 1419, 1864, 2739]",3404,173,3231,0,173,3227,4
-4.0,HUMROD1X,"[15, 72, 77, 88, 93, 187, 200, 219, 265, 322, 371, 416, 448, 455, 480, 504, 527, 537, 545, 551, 662, 664, 674, 747, 752, 765, 768, 782, 822, 826, 833, 866, 887, 891, 893, 912, 947, 965, 981, 998, 1001, 1035, 1064, 1097, 1110, 1127, 1147, 1171, 1183, 1190, 1195, 1199, 1209, 1224, 1235, 1243, 1247, 1256, 1338, 1348, 1363, 1388, 1404, 1438, 1455, 1471, 1474, 1477, 1485, 1510, 1518, 1522, 1528, 1560, 1570, 1614, 1646, 1673, 1686, 1725, 1753, 1795, 1805, 1845, 1859, 1877, 1881, 1999, 2016, 2050, 2093, 2137, 2228, 2253, 2289, 2301, 2325, 2344, 2363, 2382, 2385, 2417, 2428, 2475, 2505, 2540, 2567, 2588, 2612, 2639, 2674, 2696, 2707, 2721, 2730, 2756, 2777, 2785, 2810, 2818, 2826]",[],"[15, 72, 77, 88, 93, 187, 200, 219, 265, 322, 371, 416, 448, 455, 480, 504, 527, 537, 545, 551, 662, 664, 674, 747, 752, 765, 768, 782, 822, 826, 833, 866, 887, 891, 893, 912, 947, 965, 981, 998, 1001, 1035, 1064, 1097, 1110, 1127, 1147, 1171, 1183, 1190, 1195, 1199, 1209, 1224, 1235, 1243, 1247, 1256, 1338, 1348, 1363, 1388, 1404, 1438, 1455, 1471, 1474, 1477, 1485, 1510, 1518, 1522, 1528, 1560, 1570, 1614, 1646, 1673, 1686, 1725, 1753, 1795, 1805, 1845, 1859, 1877, 1881, 1999, 2016, 2050, 2093, 2137, 2228, 2253, 2289, 2301, 2325, 2344, 2363, 2382, 2385, 2417, 2428, 2475, 2505, 2540, 2567, 2588, 2612, 2639, 2674, 2696, 2707, 2721, 2730, 2756, 2777, 2785, 2810, 2818, 2826]","[1242, 1876]",2834,121,2713,0,121,2711,2
-4.0,HUMRPIB2,"[28, 115, 146, 202, 218, 223, 226, 228, 236, 238, 265, 285, 287, 304, 311, 328, 331, 345, 357, 361, 384, 436, 461, 473, 477, 507, 511, 515, 531, 557, 565, 572, 589, 623, 627, 637, 710, 881, 893, 897, 900, 904, 910, 917, 932, 934, 975, 979, 988, 1025, 1036, 1075, 1099, 1122, 1150, 1157, 1183, 1194, 1219, 1222, 1258, 1272, 1305, 1307, 1319, 1359, 1375, 1408, 1410, 1485, 1512, 1518, 1532, 1592, 1599, 1620, 1632, 1642, 1645, 1650, 1705, 1738, 1747, 1750, 1755, 1786, 1797, 1805, 1808, 1839, 1841, 1884, 1955, 1965, 2018, 2034, 2043, 2053, 2157, 2257, 2269, 2273, 2309, 2332, 2334, 2336, 2341, 2387, 2449, 2452, 2456, 2482, 2487, 2498, 2515, 2521, 2552, 2609, 2611, 2615, 2634, 2642, 2664, 2684, 2714, 2718, 2759, 2770, 2777, 2811, 2815, 2852, 2858, 2861, 2866, 2871, 2873, 2877, 2880, 2942, 2944, 2970, 2997, 3001, 3013, 3021, 3041, 3044, 3071, 3089, 3091, 3101, 3106, 3168, 3186, 3224, 3241, 3247, 3356, 3367, 3395, 3403, 3405, 3420, 3440, 3455, 3496, 3499, 3503, 3510, 3521, 3547, 3565, 3589, 3615, 3675, 3703, 3722, 3729, 3736, 3771, 3788, 3824, 3834, 3844, 3852, 3884, 3895, 3914, 3936, 3948, 3973, 3993, 4005, 4011, 4055, 4057, 4062, 4099, 4102, 4108, 4120, 4155, 4179, 4183, 4200, 4203, 4211, 4254, 4269, 4271, 4295, 4304, 4315]",[],"[28, 115, 146, 202, 218, 223, 226, 228, 236, 238, 265, 285, 287, 304, 311, 328, 331, 345, 357, 361, 384, 436, 461, 473, 477, 507, 511, 515, 531, 557, 565, 572, 589, 623, 627, 637, 710, 881, 893, 897, 900, 904, 910, 917, 932, 934, 975, 979, 988, 1025, 1036, 1075, 1099, 1122, 1150, 1157, 1183, 1194, 1219, 1222, 1258, 1272, 1305, 1307, 1319, 1359, 1375, 1408, 1410, 1485, 1512, 1518, 1532, 1592, 1599, 1620, 1632, 1642, 1645, 1650, 1705, 1738, 1747, 1750, 1755, 1786, 1797, 1805, 1808, 1839, 1841, 1884, 1955, 1965, 2018, 2034, 2043, 2053, 2157, 2257, 2269, 2273, 2309, 2332, 2334, 2336, 2341, 2387, 2449, 2452, 2456, 2482, 2487, 2498, 2515, 2521, 2552, 2609, 2611, 2615, 2634, 2642, 2664, 2684, 2714, 2718, 2759, 2770, 2777, 2811, 2815, 2852, 2858, 2861, 2866, 2871, 2873, 2877, 2880, 2942, 2944, 2970, 2997, 3001, 3013, 3021, 3041, 3044, 3071, 3089, 3091, 3101, 3106, 3168, 3186, 3224, 3241, 3247, 3356, 3367, 3395, 3403, 3405, 3420, 3440, 3455, 3496, 3499, 3503, 3510, 3521, 3547, 3565, 3589, 3615, 3675, 3703, 3722, 3729, 3736, 3771, 3788, 3824, 3834, 3844, 3852, 3884, 3895, 3914, 3936, 3948, 3973, 3993, 4005, 4011, 4055, 4057, 4062, 4099, 4102, 4108, 4120, 4155, 4179, 4183, 4200, 4203, 4211, 4254, 4269, 4271, 4295, 4304, 4315]","[1531, 2268, 2713, 3588]",4330,214,4116,0,214,4112,4
-4.0,HUMRPS6B,"[8, 20, 35, 75, 100, 124, 215, 248, 286, 306, 322, 338, 360, 364, 370, 377, 379, 389, 400, 409, 433, 462, 472, 479, 572, 577, 607, 609, 617, 632, 635, 672, 687, 704, 732, 742, 776, 785, 789, 794, 818, 820, 848, 862, 884, 893, 898, 973, 995, 1013, 1027, 1046, 1060, 1066, 1077, 1084, 1092, 1102, 1115, 1122, 1136, 1149, 1169, 1173, 1199, 1206, 1228, 1233, 1251, 1256, 1303, 1314, 1332, 1344, 1347, 1358, 1362, 1368, 1389, 1394, 1415, 1460, 1498, 1506, 1516, 1544, 1546, 1548, 1558, 1569, 1574, 1596, 1602, 1604, 1614, 1629, 1634, 1637, 1647, 1650, 1668, 1686, 1688, 1704, 1706, 1722, 1737, 1778, 1782, 1785, 1793, 1811, 1823, 1829, 1839, 1845, 1852, 1854, 1865, 1886, 1912, 1940, 1994, 1997, 2020, 2067, 2139, 2147, 2151, 2154, 2179, 2217, 2224, 2236, 2238, 2260, 2295, 2318, 2334, 2338, 2340, 2364, 2371, 2376, 2381, 2389, 2404, 2417, 2450, 2464, 2472, 2479, 2516, 2533, 2566, 2574, 2587, 2608, 2635, 2652, 2699, 2715, 2724, 2744, 2751, 2754, 2767, 2800, 2848, 2867, 2894, 2897, 2918, 2934, 2938, 2944, 2949, 2989, 3002, 3004, 3030, 3036, 3040, 3045, 3049, 3073, 3078, 3085, 3099, 3132, 3167, 3173, 3205, 3218, 3221, 3226, 3234, 3247, 3255, 3262, 3318, 3334, 3336, 3385, 3399, 3407, 3458, 3465, 3471, 3495, 3536, 3554, 3563, 3565, 3570, 3573, 3601, 3625, 3633, 3646, 3649, 3655, 3664, 3682, 3728, 3756, 3788, 3803, 3814, 3827, 3836, 3842, 3877, 3894, 3930, 3935, 3945, 3947, 3969, 3990, 4052, 4056, 4076, 4085, 4108, 4134, 4141, 4146, 4151, 4231, 4242, 4263, 4296, 4345, 4350, 4370, 4379, 4390, 4399, 4411, 4413, 4415, 4418, 4421, 4433, 4437, 4439, 4447, 4465, 4562, 4628, 4642, 4656, 4679, 4696, 4717, 4739, 4764, 4771, 4779, 4824, 4839, 4843, 4859, 4881, 4906, 4926, 4932, 4948, 4960, 4984]",[],"[8, 20, 35, 75, 100, 124, 215, 248, 286, 306, 322, 338, 360, 364, 370, 377, 379, 389, 400, 409, 433, 462, 472, 479, 572, 577, 607, 609, 617, 632, 635, 672, 687, 704, 732, 742, 776, 785, 789, 794, 818, 820, 848, 862, 884, 893, 898, 973, 995, 1013, 1027, 1046, 1060, 1066, 1077, 1084, 1092, 1102, 1115, 1122, 1136, 1149, 1169, 1173, 1199, 1206, 1228, 1233, 1251, 1256, 1303, 1314, 1332, 1344, 1347, 1358, 1362, 1368, 1389, 1394, 1415, 1460, 1498, 1506, 1516, 1544, 1546, 1548, 1558, 1569, 1574, 1596, 1602, 1604, 1614, 1629, 1634, 1637, 1647, 1650, 1668, 1686, 1688, 1704, 1706, 1722, 1737, 1778, 1782, 1785, 1793, 1811, 1823, 1829, 1839, 1845, 1852, 1854, 1865, 1886, 1912, 1940, 1994, 1997, 2020, 2067, 2139, 2147, 2151, 2154, 2179, 2217, 2224, 2236, 2238, 2260, 2295, 2318, 2334, 2338, 2340, 2364, 2371, 2376, 2381, 2389, 2404, 2417, 2450, 2464, 2472, 2479, 2516, 2533, 2566, 2574, 2587, 2608, 2635, 2652, 2699, 2715, 2724, 2744, 2751, 2754, 2767, 2800, 2848, 2867, 2894, 2897, 2918, 2934, 2938, 2944, 2949, 2989, 3002, 3004, 3030, 3036, 3040, 3045, 3049, 3073, 3078, 3085, 3099, 3132, 3167, 3173, 3205, 3218, 3221, 3226, 3234, 3247, 3255, 3262, 3318, 3334, 3336, 3385, 3399, 3407, 3458, 3465, 3471, 3495, 3536, 3554, 3563, 3565, 3570, 3573, 3601, 3625, 3633, 3646, 3649, 3655, 3664, 3682, 3728, 3756, 3788, 3803, 3814, 3827, 3836, 3842, 3877, 3894, 3930, 3935, 3945, 3947, 3969, 3990, 4052, 4056, 4076, 4085, 4108, 4134, 4141, 4146, 4151, 4231, 4242, 4263, 4296, 4345, 4350, 4370, 4379, 4390, 4399, 4411, 4413, 4415, 4418, 4421, 4433, 4437, 4439, 4447, 4465, 4562, 4628, 4642, 4656, 4679, 4696, 4717, 4739, 4764, 4771, 4779, 4824, 4839, 4843, 4859, 4881, 4906, 4926, 4932, 4948, 4960, 4984]","[359, 1059, 1838, 2178, 4051]",4967,291,4676,0,291,4671,5
-4.0,HUMSEMI,"[23, 33, 67, 86, 122, 126, 135, 137, 168, 183, 214, 263, 275, 277, 307, 314, 331, 406, 420, 437, 449, 460, 540, 561, 579, 587, 615, 619, 628, 682, 704, 739, 778, 794, 798, 807, 859, 868, 875, 957, 969, 976, 982, 985, 1038, 1062, 1146, 1172, 1195, 1206, 1263, 1269, 1323, 1337, 1340, 1371, 1431, 1459, 1463, 1476, 1493, 1500, 1512, 1539, 1544, 1565, 1584, 1628, 1631, 1637, 1656, 1661, 1677, 1745, 1836, 1872, 1874, 1886, 1899, 1936, 1962, 2016, 2052, 2054, 2066, 2079, 2105, 2116, 2160, 2179, 2217, 2270, 2295, 2301, 2363, 2371, 2395, 2436, 2446, 2469, 2487, 2503, 2508, 2517, 2520, 2548, 2559, 2564, 2567, 2582, 2599, 2648, 2669, 2683, 2710, 2717, 2727, 2731, 2750, 2760, 2776, 2800, 2819, 2825, 2839, 2845, 2889, 2921, 2935, 2941, 2944, 2980, 3005, 3007, 3048, 3054, 3075, 3079, 3109, 3118, 3138, 3146, 3154, 3157, 3168, 3173, 3265, 3267, 3271, 3281, 3290, 3295, 3316, 3318, 3321, 3335, 3449, 3467, 3479, 3497, 3501, 3504, 3551, 3605, 3610, 3614, 3622, 3629, 3671, 3723, 3746, 3761, 3776, 3807, 3821, 3850, 3857, 3877, 3887, 3891, 3899, 3906, 3930, 3951, 3954, 3956, 4014, 4062, 4101, 4104, 4128, 4148]",[],"[23, 33, 67, 86, 122, 126, 135, 137, 168, 183, 214, 263, 275, 277, 307, 314, 331, 406, 420, 437, 449, 460, 540, 561, 579, 587, 615, 619, 628, 682, 704, 739, 778, 794, 798, 807, 859, 868, 875, 957, 969, 976, 982, 985, 1038, 1062, 1146, 1172, 1195, 1206, 1263, 1269, 1323, 1337, 1340, 1371, 1431, 1459, 1463, 1476, 1493, 1500, 1512, 1539, 1544, 1565, 1584, 1628, 1631, 1637, 1656, 1661, 1677, 1745, 1836, 1872, 1874, 1886, 1899, 1936, 1962, 2016, 2052, 2054, 2066, 2079, 2105, 2116, 2160, 2179, 2217, 2270, 2295, 2301, 2363, 2371, 2395, 2436, 2446, 2469, 2487, 2503, 2508, 2517, 2520, 2548, 2559, 2564, 2567, 2582, 2599, 2648, 2669, 2683, 2710, 2717, 2727, 2731, 2750, 2760, 2776, 2800, 2819, 2825, 2839, 2845, 2889, 2921, 2935, 2941, 2944, 2980, 3005, 3007, 3048, 3054, 3075, 3079, 3109, 3118, 3138, 3146, 3154, 3157, 3168, 3173, 3265, 3267, 3271, 3281, 3290, 3295, 3316, 3318, 3321, 3335, 3449, 3467, 3479, 3497, 3501, 3504, 3551, 3605, 3610, 3614, 3622, 3629, 3671, 3723, 3746, 3761, 3776, 3807, 3821, 3850, 3857, 3877, 3887, 3891, 3899, 3906, 3930, 3951, 3954, 3956, 4014, 4062, 4101, 4104, 4128, 4148]",[793],4157,192,3965,0,192,3964,1
-4.0,HUMSEMIIB,"[21, 37, 57, 108, 122, 126, 134, 168, 194, 349, 383, 418, 427, 436, 438, 468, 478, 488, 494, 498, 517, 529, 552, 561, 570, 614, 698, 703, 717, 730, 766, 771, 792, 796, 807, 819, 863, 893, 911, 917, 933, 986, 1008, 1021, 1044, 1081, 1089, 1091, 1095, 1105, 1109, 1113, 1119, 1126, 1128, 1132, 1138, 1143, 1154, 1179, 1192, 1208, 1217, 1219, 1230, 1247, 1252, 1255, 1275, 1282, 1284, 1286, 1296, 1299, 1303, 1317, 1330, 1344, 1349, 1377, 1381, 1386, 1390, 1394, 1396, 1413, 1420, 1428, 1436, 1446, 1452, 1469, 1481, 1491, 1495, 1525, 1529, 1531, 1620, 1643, 1650, 1670, 1681, 1683, 1702, 1714, 1716, 1736, 1744, 1791, 1806, 1820, 1829, 1863, 1866, 1868, 1890, 1894, 1898, 1920, 1948, 1950, 1967, 1969, 1989, 1996, 1998, 2015, 2040, 2042, 2052, 2059, 2071, 2104, 2156, 2175, 2284, 2299, 2302, 2309, 2328, 2343, 2353, 2362, 2384, 2391, 2396, 2411, 2435, 2439, 2445, 2464, 2471, 2488, 2490, 2505, 2516, 2532, 2534, 2565, 2617, 2668, 2682, 2700, 2747, 2780, 2791, 2818, 2820, 2838, 2844, 2852, 2867, 2870, 2896, 2902, 2919, 2924, 2937, 2949, 2980, 3012, 3022, 3055, 3058, 3071, 3136, 3149, 3189, 3266, 3353, 3372, 3405, 3429, 3437, 3445, 3458, 3484, 3492, 3506, 3512, 3570, 3573, 3595, 3697, 3741, 3754, 3770, 3774, 3787, 3800, 3804, 3813, 3844, 3861, 3891, 3906, 3940, 3952, 3954, 3983, 3990, 4007, 4015, 4048, 4061, 4081, 4095, 4127, 4194, 4220, 4233, 4272, 4312, 4384, 4416, 4471, 4487, 4491, 4500, 4552, 4561, 4568, 4623, 4650, 4661, 4668, 4674, 4730, 4838, 4864, 4898, 4955, 4961, 5015, 5032, 5123, 5129, 5155, 5168, 5192, 5204, 5216, 5231, 5236, 5257, 5260, 5276, 5320, 5323, 5329, 5348, 5437, 5474, 5520, 5528, 5564, 5566, 5578, 5628, 5641, 5654, 5708, 5732, 5756, 5758, 5771, 5808, 5821, 5834, 5847, 5888, 5903, 5912, 5926, 5936, 5938, 5951, 5988, 6001, 6014, 6051, 6068, 6118, 6131, 6157, 6168, 6207, 6231, 6236, 6269, 6305, 6309, 6322, 6340, 6407, 6447, 6451, 6478, 6484, 6492, 6515, 6533, 6549, 6563, 6566, 6595, 6607, 6610, 6642, 6668, 6751, 6758, 6768, 6791, 6817, 6835, 6866, 6880, 6886, 6930, 6962, 6980, 6989, 7001, 7013, 7039, 7061, 7099, 7124, 7132, 7147, 7166, 7183, 7191, 7214, 7219, 7241, 7292, 7295, 7312, 7314, 7328, 7333, 7342, 7365, 7368, 7382, 7496, 7514, 7528, 7533, 7552, 7623, 7704, 7711, 7720, 7747, 7772, 7795, 7810, 7819, 7830, 7868, 7912, 7919, 7924, 7945, 7949, 7963, 7970, 8000, 8012, 8015, 8017, 8019, 8138, 8175, 8188]",[],"[21, 37, 57, 108, 122, 126, 134, 168, 194, 349, 383, 418, 427, 436, 438, 468, 478, 488, 494, 498, 517, 529, 552, 561, 570, 614, 698, 703, 717, 730, 766, 771, 792, 796, 807, 819, 863, 893, 911, 917, 933, 986, 1008, 1021, 1044, 1081, 1089, 1091, 1095, 1105, 1109, 1113, 1119, 1126, 1128, 1132, 1138, 1143, 1154, 1179, 1192, 1208, 1217, 1219, 1230, 1247, 1252, 1255, 1275, 1282, 1284, 1286, 1296, 1299, 1303, 1317, 1330, 1344, 1349, 1377, 1381, 1386, 1390, 1394, 1396, 1413, 1420, 1428, 1436, 1446, 1452, 1469, 1481, 1491, 1495, 1525, 1529, 1531, 1620, 1643, 1650, 1670, 1681, 1683, 1702, 1714, 1716, 1736, 1744, 1791, 1806, 1820, 1829, 1863, 1866, 1868, 1890, 1894, 1898, 1920, 1948, 1950, 1967, 1969, 1989, 1996, 1998, 2015, 2040, 2042, 2052, 2059, 2071, 2104, 2156, 2175, 2284, 2299, 2302, 2309, 2328, 2343, 2353, 2362, 2384, 2391, 2396, 2411, 2435, 2439, 2445, 2464, 2471, 2488, 2490, 2505, 2516, 2532, 2534, 2565, 2617, 2668, 2682, 2700, 2747, 2780, 2791, 2818, 2820, 2838, 2844, 2852, 2867, 2870, 2896, 2902, 2919, 2924, 2937, 2949, 2980, 3012, 3022, 3055, 3058, 3071, 3136, 3149, 3189, 3266, 3353, 3372, 3405, 3429, 3437, 3445, 3458, 3484, 3492, 3506, 3512, 3570, 3573, 3595, 3697, 3741, 3754, 3770, 3774, 3787, 3800, 3804, 3813, 3844, 3861, 3891, 3906, 3940, 3952, 3954, 3983, 3990, 4007, 4015, 4048, 4061, 4081, 4095, 4127, 4194, 4220, 4233, 4272, 4312, 4384, 4416, 4471, 4487, 4491, 4500, 4552, 4561, 4568, 4623, 4650, 4661, 4668, 4674, 4730, 4838, 4864, 4898, 4955, 4961, 5015, 5032, 5123, 5129, 5155, 5168, 5192, 5204, 5216, 5231, 5236, 5257, 5260, 5276, 5320, 5323, 5329, 5348, 5437, 5474, 5520, 5528, 5564, 5566, 5578, 5628, 5641, 5654, 5708, 5732, 5756, 5758, 5771, 5808, 5821, 5834, 5847, 5888, 5903, 5912, 5926, 5936, 5938, 5951, 5988, 6001, 6014, 6051, 6068, 6118, 6131, 6157, 6168, 6207, 6231, 6236, 6269, 6305, 6309, 6322, 6340, 6407, 6447, 6451, 6478, 6484, 6492, 6515, 6533, 6549, 6563, 6566, 6595, 6607, 6610, 6642, 6668, 6751, 6758, 6768, 6791, 6817, 6835, 6866, 6880, 6886, 6930, 6962, 6980, 6989, 7001, 7013, 7039, 7061, 7099, 7124, 7132, 7147, 7166, 7183, 7191, 7214, 7219, 7241, 7292, 7295, 7312, 7314, 7328, 7333, 7342, 7365, 7368, 7382, 7496, 7514, 7528, 7533, 7552, 7623, 7704, 7711, 7720, 7747, 7772, 7795, 7810, 7819, 7830, 7868, 7912, 7919, 7924, 7945, 7949, 7963, 7970, 8000, 8012, 8015, 8017, 8019, 8138, 8175, 8188]",[4486],8217,399,7818,0,399,7817,1
-4.0,HUMSTATH2,"[44, 48, 50, 55, 57, 65, 67, 69, 122, 124, 135, 143, 153, 165, 174, 189, 191, 193, 201, 213, 216, 258, 280, 308, 315, 342, 354, 358, 383, 390, 405, 420, 422, 438, 440, 464, 472, 495, 536, 562, 576, 578, 593, 616, 638, 652, 674, 699, 709, 720, 732, 738, 783, 864, 871, 887, 902, 912, 971, 991, 1036, 1084, 1100, 1115, 1117, 1141, 1171, 1177, 1181, 1191, 1196, 1198, 1202, 1248, 1304, 1382, 1408, 1410, 1436, 1450, 1461, 1471, 1511, 1523, 1554, 1558, 1583, 1590, 1610, 1656, 1674, 1676, 1680, 1682, 1698, 1700, 1716, 1718, 1770, 1772, 1775, 1778, 1787, 1789, 1796, 1821, 1827, 1836, 1841, 1860, 1873, 1893, 1927, 1951, 1968, 2026, 2030, 2057, 2082, 2132, 2136, 2146, 2152, 2156, 2169, 2175, 2183, 2210, 2266, 2273, 2275, 2292, 2304, 2313, 2323, 2340, 2374, 2380, 2404, 2416, 2427, 2430, 2462, 2479, 2481, 2491, 2512, 2523, 2531, 2566, 2568, 2600, 2621, 2628, 2632, 2680, 2717, 2719, 2721, 2728, 2734, 2753, 2824, 2849, 2858, 2863, 2884, 2890, 2899, 2942, 2948, 2964, 2981, 3013, 3019, 3030, 3041, 3043, 3051, 3066, 3070, 3094, 3135, 3143, 3154, 3156, 3177, 3193, 3240, 3244, 3247, 3281, 3289, 3291, 3301, 3362, 3380, 3389, 3453, 3475, 3479, 3508, 3578, 3588, 3623, 3669, 3704, 3711, 3744, 3785, 3787, 3802, 3818, 3846, 3896, 3904, 3913, 3915, 3957, 3975, 3996, 3998, 4008, 4030, 4047, 4173, 4184, 4210, 4241, 4249, 4251, 4256, 4261, 4321, 4388, 4418, 4425, 4443, 4447, 4461, 4473, 4529, 4549, 4587, 4593, 4597, 4616, 4630, 4634, 4649]",[],"[44, 48, 50, 55, 57, 65, 67, 69, 122, 124, 135, 143, 153, 165, 174, 189, 191, 193, 201, 213, 216, 258, 280, 308, 315, 342, 354, 358, 383, 390, 405, 420, 422, 438, 440, 464, 472, 495, 536, 562, 576, 578, 593, 616, 638, 652, 674, 699, 709, 720, 732, 738, 783, 864, 871, 887, 902, 912, 971, 991, 1036, 1084, 1100, 1115, 1117, 1141, 1171, 1177, 1181, 1191, 1196, 1198, 1202, 1248, 1304, 1382, 1408, 1410, 1436, 1450, 1461, 1471, 1511, 1523, 1554, 1558, 1583, 1590, 1610, 1656, 1674, 1676, 1680, 1682, 1698, 1700, 1716, 1718, 1770, 1772, 1775, 1778, 1787, 1789, 1796, 1821, 1827, 1836, 1841, 1860, 1873, 1893, 1927, 1951, 1968, 2026, 2030, 2057, 2082, 2132, 2136, 2146, 2152, 2156, 2169, 2175, 2183, 2210, 2266, 2273, 2275, 2292, 2304, 2313, 2323, 2340, 2374, 2380, 2404, 2416, 2427, 2430, 2462, 2479, 2481, 2491, 2512, 2523, 2531, 2566, 2568, 2600, 2621, 2628, 2632, 2680, 2717, 2719, 2721, 2728, 2734, 2753, 2824, 2849, 2858, 2863, 2884, 2890, 2899, 2942, 2948, 2964, 2981, 3013, 3019, 3030, 3041, 3043, 3051, 3066, 3070, 3094, 3135, 3143, 3154, 3156, 3177, 3193, 3240, 3244, 3247, 3281, 3289, 3291, 3301, 3362, 3380, 3389, 3453, 3475, 3479, 3508, 3578, 3588, 3623, 3669, 3704, 3711, 3744, 3785, 3787, 3802, 3818, 3846, 3896, 3904, 3913, 3915, 3957, 3975, 3996, 3998, 4008, 4030, 4047, 4173, 4184, 4210, 4241, 4249, 4251, 4256, 4261, 4321, 4388, 4418, 4425, 4443, 4447, 4461, 4473, 4529, 4549, 4587, 4593, 4597, 4616, 4630, 4634, 4649]","[353, 1553, 1675]",4716,250,4466,0,250,4463,3
-4.0,HUMTBGA,"[57, 90, 115, 148, 150, 172, 192, 196, 201, 211, 229, 251, 260, 315, 339, 363, 378, 437, 440, 452, 461, 492, 524, 526, 546, 553, 578, 580, 598, 600, 655, 672, 685, 723, 736, 784, 813, 820, 855, 899, 918, 1022, 1036, 1051, 1058, 1073, 1104, 1115, 1141, 1157, 1172, 1231, 1239, 1266, 1274, 1290, 1300, 1322, 1339, 1341, 1367, 1385, 1410, 1416, 1431, 1436, 1438, 1463, 1465, 1470, 1473, 1491, 1530, 1539, 1542, 1555, 1566, 1572, 1577, 1594, 1603, 1613, 1625, 1636, 1647, 1652, 1656, 1665, 1679, 1707, 1772, 1775, 1792, 1818, 1822, 1825, 1845, 1848, 1868, 1874, 1943, 1954, 1967, 1972, 1981, 2009, 2030, 2048, 2081, 2086, 2100, 2135, 2159, 2175, 2223, 2273, 2311, 2324, 2351, 2446, 2460, 2487, 2513, 2529, 2534, 2564, 2576, 2594, 2602, 2640, 2661, 2682, 2686, 2730, 2736, 2751, 2759, 2765, 2793, 2799, 2805, 2807, 2810, 2842, 2892, 2895, 2908, 2912, 2933, 2935, 2942, 2958, 3014, 3023, 3034, 3038, 3108, 3121, 3123, 3136, 3141, 3156, 3186, 3188, 3203, 3245, 3249, 3251, 3264, 3267, 3332, 3347, 3356, 3384, 3408, 3439, 3552, 3565, 3567, 3579, 3581, 3589, 3611, 3619, 3635, 3646, 3679, 3682, 3745, 3749, 3795, 3815, 3839, 3841, 3922, 3935, 3983, 3996, 4032, 4043, 4066, 4084, 4087, 4116, 4138, 4202, 4217, 4221, 4224, 4232, 4234, 4250, 4252, 4276, 4279, 4282, 4322, 4334, 4341, 4350, 4378, 4398, 4445, 4478, 4487, 4494, 4530, 4551, 4596, 4610, 4635, 4669, 4754, 4767, 4791, 4843, 4848, 4872, 4875, 4879, 4914, 4920, 4942, 4957, 4968, 4989, 4994, 5013, 5033, 5037, 5039, 5054, 5079, 5086, 5119, 5127, 5165, 5169, 5178, 5216, 5232, 5237, 5255, 5260, 5272, 5276, 5288, 5304, 5320, 5342, 5358, 5360, 5381, 5383, 5386, 5399, 5419, 5427, 5436, 5444, 5470, 5474, 5476, 5480, 5491, 5497, 5514, 5531, 5536, 5557, 5565, 5571, 5593, 5603, 5655, 5674, 5676, 5678, 5685, 5688, 5734, 5736, 5739, 5744, 5747, 5763, 5783, 5807, 5853, 5860, 5876, 5880, 5892, 5895, 5933, 5938, 5942, 5954, 5982, 5996, 6034, 6066, 6072, 6111, 6135, 6177, 6203, 6207, 6221, 6242, 6266, 6284, 6286, 6290, 6297, 6309, 6315, 6325, 6378, 6410, 6486, 6515, 6520, 6550, 6562, 6580, 6607, 6620, 6628, 6647, 6656, 6673, 6686, 6728, 6731, 6767, 6787, 6795, 6809, 6817, 6842, 6846, 6851, 6858, 6873, 6879, 6906, 6961, 6972, 6974, 7001, 7009, 7013, 7021, 7128, 7145, 7149, 7163, 7173, 7198, 7255, 7257, 7288, 7311, 7317, 7323, 7347, 7387, 7396, 7406, 7418, 7420, 7442, 7469, 7478, 7480, 7498, 7567, 7631, 7637, 7662, 7692, 7705, 7731, 7740, 7808, 7811, 7837, 7857, 7860, 7877, 7880, 7910, 7912, 7914, 7950, 7952, 7961, 8020, 8027, 8064, 8072, 8109, 8113, 8127, 8171, 8193, 8220, 8225, 8231, 8239, 8283, 8292, 8318, 8327, 8341, 8363, 8367, 8399, 8424, 8469, 8517, 8530, 8543, 8556, 8583, 8621, 8630, 8636, 8676, 8684, 8720]",[],"[57, 90, 115, 148, 150, 172, 192, 196, 201, 211, 229, 251, 260, 315, 339, 363, 378, 437, 440, 452, 461, 492, 524, 526, 546, 553, 578, 580, 598, 600, 655, 672, 685, 723, 736, 784, 813, 820, 855, 899, 918, 1022, 1036, 1051, 1058, 1073, 1104, 1115, 1141, 1157, 1172, 1231, 1239, 1266, 1274, 1290, 1300, 1322, 1339, 1341, 1367, 1385, 1410, 1416, 1431, 1436, 1438, 1463, 1465, 1470, 1473, 1491, 1530, 1539, 1542, 1555, 1566, 1572, 1577, 1594, 1603, 1613, 1625, 1636, 1647, 1652, 1656, 1665, 1679, 1707, 1772, 1775, 1792, 1818, 1822, 1825, 1845, 1848, 1868, 1874, 1943, 1954, 1967, 1972, 1981, 2009, 2030, 2048, 2081, 2086, 2100, 2135, 2159, 2175, 2223, 2273, 2311, 2324, 2351, 2446, 2460, 2487, 2513, 2529, 2534, 2564, 2576, 2594, 2602, 2640, 2661, 2682, 2686, 2730, 2736, 2751, 2759, 2765, 2793, 2799, 2805, 2807, 2810, 2842, 2892, 2895, 2908, 2912, 2933, 2935, 2942, 2958, 3014, 3023, 3034, 3038, 3108, 3121, 3123, 3136, 3141, 3156, 3186, 3188, 3203, 3245, 3249, 3251, 3264, 3267, 3332, 3347, 3356, 3384, 3408, 3439, 3552, 3565, 3567, 3579, 3581, 3589, 3611, 3619, 3635, 3646, 3679, 3682, 3745, 3749, 3795, 3815, 3839, 3841, 3922, 3935, 3983, 3996, 4032, 4043, 4066, 4084, 4087, 4116, 4138, 4202, 4217, 4221, 4224, 4232, 4234, 4250, 4252, 4276, 4279, 4282, 4322, 4334, 4341, 4350, 4378, 4398, 4445, 4478, 4487, 4494, 4530, 4551, 4596, 4610, 4635, 4669, 4754, 4767, 4791, 4843, 4848, 4872, 4875, 4879, 4914, 4920, 4942, 4957, 4968, 4989, 4994, 5013, 5033, 5037, 5039, 5054, 5079, 5086, 5119, 5127, 5165, 5169, 5178, 5216, 5232, 5237, 5255, 5260, 5272, 5276, 5288, 5304, 5320, 5342, 5358, 5360, 5381, 5383, 5386, 5399, 5419, 5427, 5436, 5444, 5470, 5474, 5476, 5480, 5491, 5497, 5514, 5531, 5536, 5557, 5565, 5571, 5593, 5603, 5655, 5674, 5676, 5678, 5685, 5688, 5734, 5736, 5739, 5744, 5747, 5763, 5783, 5807, 5853, 5860, 5876, 5880, 5892, 5895, 5933, 5938, 5942, 5954, 5982, 5996, 6034, 6066, 6072, 6111, 6135, 6177, 6203, 6207, 6221, 6242, 6266, 6284, 6286, 6290, 6297, 6309, 6315, 6325, 6378, 6410, 6486, 6515, 6520, 6550, 6562, 6580, 6607, 6620, 6628, 6647, 6656, 6673, 6686, 6728, 6731, 6767, 6787, 6795, 6809, 6817, 6842, 6846, 6851, 6858, 6873, 6879, 6906, 6961, 6972, 6974, 7001, 7009, 7013, 7021, 7128, 7145, 7149, 7163, 7173, 7198, 7255, 7257, 7288, 7311, 7317, 7323, 7347, 7387, 7396, 7406, 7418, 7420, 7442, 7469, 7478, 7480, 7498, 7567, 7631, 7637, 7662, 7692, 7705, 7731, 7740, 7808, 7811, 7837, 7857, 7860, 7877, 7880, 7910, 7912, 7914, 7950, 7952, 7961, 8020, 8027, 8064, 8072, 8109, 8113, 8127, 8171, 8193, 8220, 8225, 8231, 8239, 8283, 8292, 8318, 8327, 8341, 8363, 8367, 8399, 8424, 8469, 8517, 8530, 8543, 8556, 8583, 8621, 8630, 8636, 8676, 8684, 8720]","[4941, 6265, 7144]",8762,452,8310,0,452,8307,3
-4.0,HUMTCRBRA,"[21, 24, 55, 64, 66, 68, 85, 87, 96, 99, 118, 123, 129, 133, 138, 141, 143, 145, 159, 186, 200, 227, 262, 279, 283, 301, 311, 313, 315, 319, 323, 325, 327, 329, 331, 333, 335, 337, 339, 341, 343, 345, 352, 360, 374, 385, 387, 406, 414, 430, 438, 459, 470, 472, 487, 506, 536, 562, 596, 606, 624, 669, 671, 679]",[],"[21, 24, 55, 64, 66, 68, 85, 87, 96, 99, 118, 123, 129, 133, 138, 141, 143, 145, 159, 186, 200, 227, 262, 279, 283, 301, 311, 313, 315, 319, 323, 325, 327, 329, 331, 333, 335, 337, 339, 341, 343, 345, 352, 360, 374, 385, 387, 406, 414, 430, 438, 459, 470, 472, 487, 506, 536, 562, 596, 606, 624, 669, 671, 679]",[278],729,64,665,0,64,664,1
-4.0,HUMTHROMA,"[6, 19, 21, 31, 33, 50, 61, 72, 89, 127, 137, 160, 164, 176, 178, 183, 188, 194, 273, 283, 285, 324, 331, 336, 341, 369, 467, 470, 507, 517, 528, 540, 584, 607, 644, 667, 688, 695, 700, 718, 744, 746, 766, 770, 788, 801, 819, 825, 840, 854, 865, 896, 913, 931, 941, 943, 949, 969, 1008, 1011, 1017, 1028, 1033, 1067, 1091, 1099, 1209, 1240, 1242, 1244, 1257, 1278, 1282, 1298, 1315, 1395, 1421, 1429, 1465, 1482, 1497, 1544, 1551, 1562, 1572, 1576, 1585, 1606, 1633, 1697, 1721, 1732, 1761, 1778, 1797, 1804, 1847, 1880, 1986, 2103, 2112, 2125, 2132, 2138, 2228, 2231, 2263, 2286, 2297, 2304, 2316, 2327, 2345, 2378, 2385, 2461, 2532, 2543, 2636, 2646, 2667, 2682, 2718, 2752, 2757, 2764, 2874, 2897, 2906, 2981, 2986, 3023, 3052, 3106, 3118, 3148, 3169, 3221, 3256, 3290, 3293, 3303, 3356, 3362, 3365, 3368, 3403, 3422, 3450, 3452, 3464, 3469, 3582, 3615, 3624, 3628, 3635, 3651, 3663, 3682, 3774, 3776, 3818, 3870, 3893, 3910, 3920, 3961, 3966, 3984, 4013, 4038, 4043, 4099, 4105, 4114, 4130, 4157, 4159, 4165, 4168, 4179, 4189, 4223, 4250, 4267, 4295, 4319, 4336, 4363, 4372, 4395, 4429, 4431, 4462, 4491, 4502, 4523, 4534, 4539, 4544, 4555, 4603, 4605, 4620, 4683, 4704, 4773, 4777, 4818, 4822, 4829, 4841, 4850, 4866, 4939, 4966, 4979, 5021, 5023, 5135, 5139, 5153, 5161, 5174, 5201, 5263, 5317, 5349, 5371, 5430, 5566, 5606, 5609, 5704, 5716, 5721, 5749, 5754, 5756, 5837, 5880, 5951, 6005, 6040, 6068, 6087, 6151]",[],"[6, 19, 21, 31, 33, 50, 61, 72, 89, 127, 137, 160, 164, 176, 178, 183, 188, 194, 273, 283, 285, 324, 331, 336, 341, 369, 467, 470, 507, 517, 528, 540, 584, 607, 644, 667, 688, 695, 700, 718, 744, 746, 766, 770, 788, 801, 819, 825, 840, 854, 865, 896, 913, 931, 941, 943, 949, 969, 1008, 1011, 1017, 1028, 1033, 1067, 1091, 1099, 1209, 1240, 1242, 1244, 1257, 1278, 1282, 1298, 1315, 1395, 1421, 1429, 1465, 1482, 1497, 1544, 1551, 1562, 1572, 1576, 1585, 1606, 1633, 1697, 1721, 1732, 1761, 1778, 1797, 1804, 1847, 1880, 1986, 2103, 2112, 2125, 2132, 2138, 2228, 2231, 2263, 2286, 2297, 2304, 2316, 2327, 2345, 2378, 2385, 2461, 2532, 2543, 2636, 2646, 2667, 2682, 2718, 2752, 2757, 2764, 2874, 2897, 2906, 2981, 2986, 3023, 3052, 3106, 3118, 3148, 3169, 3221, 3256, 3290, 3293, 3303, 3356, 3362, 3365, 3368, 3403, 3422, 3450, 3452, 3464, 3469, 3582, 3615, 3624, 3628, 3635, 3651, 3663, 3682, 3774, 3776, 3818, 3870, 3893, 3910, 3920, 3961, 3966, 3984, 4013, 4038, 4043, 4099, 4105, 4114, 4130, 4157, 4159, 4165, 4168, 4179, 4189, 4223, 4250, 4267, 4295, 4319, 4336, 4363, 4372, 4395, 4429, 4431, 4462, 4491, 4502, 4523, 4534, 4539, 4544, 4555, 4603, 4605, 4620, 4683, 4704, 4773, 4777, 4818, 4822, 4829, 4841, 4850, 4866, 4939, 4966, 4979, 5021, 5023, 5135, 5139, 5153, 5161, 5174, 5201, 5263, 5317, 5349, 5371, 5430, 5566, 5606, 5609, 5704, 5716, 5721, 5749, 5754, 5756, 5837, 5880, 5951, 6005, 6040, 6068, 6087, 6151]","[1985, 2344, 2717, 4817]",6156,248,5908,0,248,5904,4
-4.0,HUMTNP2SS,"[31, 52, 81, 87, 94, 106, 137, 178, 197, 249, 365, 383, 473, 631, 633, 659, 674, 726, 748, 800, 815, 824, 835, 855, 917, 925, 930, 942, 946, 961, 976, 1008, 1064, 1072, 1076, 1081, 1092, 1103, 1106, 1110, 1122, 1134, 1145, 1151, 1156, 1165, 1174, 1195, 1205, 1266, 1288, 1304, 1354, 1372, 1375, 1392, 1415, 1421, 1438, 1447, 1464, 1481, 1545, 1553, 1555, 1587, 1609, 1618, 1648, 1670, 1673, 1679, 1703, 1705, 1710, 1712, 1749, 1773]",[],"[31, 52, 81, 87, 94, 106, 137, 178, 197, 249, 365, 383, 473, 631, 633, 659, 674, 726, 748, 800, 815, 824, 835, 855, 917, 925, 930, 942, 946, 961, 976, 1008, 1064, 1072, 1076, 1081, 1092, 1103, 1106, 1110, 1122, 1134, 1145, 1151, 1156, 1165, 1174, 1195, 1205, 1266, 1288, 1304, 1354, 1372, 1375, 1392, 1415, 1421, 1438, 1447, 1464, 1481, 1545, 1553, 1555, 1587, 1609, 1618, 1648, 1670, 1673, 1679, 1703, 1705, 1710, 1712, 1749, 1773]",[658],1775,78,1697,0,78,1696,1
-4.0,HUMTPALBU,"[16, 28, 51, 75, 77, 83, 108, 120, 130, 146, 148, 158, 181, 287, 307, 314, 318, 320, 322, 324, 328, 332, 338, 346, 376, 382, 389, 393, 413, 415, 417, 431, 434, 459, 468, 492, 506, 539, 620, 622, 628, 636, 638, 660, 675, 711, 723, 755, 760, 766, 789, 820, 848, 851, 873, 877, 884, 890, 916, 931, 943, 975, 986, 1026, 1095, 1189, 1197, 1229, 1249, 1288, 1291, 1305, 1327, 1342, 1349, 1351, 1360, 1364, 1380, 1387, 1403, 1408, 1413, 1455, 1491, 1493, 1502, 1505, 1524, 1535, 1560, 1611, 1622, 1626, 1628, 1660, 1698, 1709, 1768, 1779, 1828, 1838, 1851, 1883, 1888, 1893, 1914, 1916, 1933, 1943, 1952, 1973, 2052, 2054, 2067, 2099, 2112, 2126, 2128, 2157, 2167, 2173, 2181, 2205, 2302, 2312, 2393, 2411, 2413, 2428, 2456, 2522, 2530, 2567, 2608, 2662, 2676, 2683, 2693, 2702, 2742, 2746, 2791, 2806, 2819, 2889, 2933, 2935, 2942, 2946, 2974, 2986, 3011, 3014, 3034, 3082, 3093, 3102, 3117, 3126, 3137, 3143, 3169, 3182, 3209, 3251, 3271, 3278, 3295, 3303, 3329, 3346, 3353, 3378, 3404, 3413, 3422, 3426, 3430, 3542, 3557, 3593, 3621, 3667, 3675, 3684, 3692, 3726, 3728, 3743, 3749, 3754, 3756, 3782, 3792, 3809, 3824, 3841, 3857, 3868, 3873, 3879, 3910, 3929, 3931, 3959, 3990, 3998, 4001, 4006, 4056, 4064, 4107, 4137, 4154, 4163, 4206, 4211, 4219, 4244, 4362, 4393, 4401, 4442, 4449, 4477, 4480, 4489, 4508, 4528, 4542, 4588, 4592, 4626, 4639, 4642, 4662, 4692, 4708, 4712, 4721, 4756, 4766, 4779, 4781, 4838, 4847, 4849, 4861, 4893, 4928, 4949, 4970, 4979, 4985, 4994, 4996, 5035, 5054, 5067, 5069, 5100, 5130, 5166, 5183, 5186, 5244, 5248, 5250, 5252, 5287, 5319, 5325, 5358, 5393, 5405, 5423, 5425, 5427, 5459, 5493, 5526, 5560, 5595, 5622, 5629, 5631, 5734, 5824, 5931, 5954, 5961, 5974, 5978, 5983, 5993, 6000, 6011, 6023, 6036, 6077, 6087, 6091, 6106, 6128, 6130, 6132, 6154, 6162]",[],"[16, 28, 51, 75, 77, 83, 108, 120, 130, 146, 148, 158, 181, 287, 307, 314, 318, 320, 322, 324, 328, 332, 338, 346, 376, 382, 389, 393, 413, 415, 417, 431, 434, 459, 468, 492, 506, 539, 620, 622, 628, 636, 638, 660, 675, 711, 723, 755, 760, 766, 789, 820, 848, 851, 873, 877, 884, 890, 916, 931, 943, 975, 986, 1026, 1095, 1189, 1197, 1229, 1249, 1288, 1291, 1305, 1327, 1342, 1349, 1351, 1360, 1364, 1380, 1387, 1403, 1408, 1413, 1455, 1491, 1493, 1502, 1505, 1524, 1535, 1560, 1611, 1622, 1626, 1628, 1660, 1698, 1709, 1768, 1779, 1828, 1838, 1851, 1883, 1888, 1893, 1914, 1916, 1933, 1943, 1952, 1973, 2052, 2054, 2067, 2099, 2112, 2126, 2128, 2157, 2167, 2173, 2181, 2205, 2302, 2312, 2393, 2411, 2413, 2428, 2456, 2522, 2530, 2567, 2608, 2662, 2676, 2683, 2693, 2702, 2742, 2746, 2791, 2806, 2819, 2889, 2933, 2935, 2942, 2946, 2974, 2986, 3011, 3014, 3034, 3082, 3093, 3102, 3117, 3126, 3137, 3143, 3169, 3182, 3209, 3251, 3271, 3278, 3295, 3303, 3329, 3346, 3353, 3378, 3404, 3413, 3422, 3426, 3430, 3542, 3557, 3593, 3621, 3667, 3675, 3684, 3692, 3726, 3728, 3743, 3749, 3754, 3756, 3782, 3792, 3809, 3824, 3841, 3857, 3868, 3873, 3879, 3910, 3929, 3931, 3959, 3990, 3998, 4001, 4006, 4056, 4064, 4107, 4137, 4154, 4163, 4206, 4211, 4219, 4244, 4362, 4393, 4401, 4442, 4449, 4477, 4480, 4489, 4508, 4528, 4542, 4588, 4592, 4626, 4639, 4642, 4662, 4692, 4708, 4712, 4721, 4756, 4766, 4779, 4781, 4838, 4847, 4849, 4861, 4893, 4928, 4949, 4970, 4979, 4985, 4994, 4996, 5035, 5054, 5067, 5069, 5100, 5130, 5166, 5183, 5186, 5244, 5248, 5250, 5252, 5287, 5319, 5325, 5358, 5393, 5405, 5423, 5425, 5427, 5459, 5493, 5526, 5560, 5595, 5622, 5629, 5631, 5734, 5824, 5931, 5954, 5961, 5974, 5978, 5983, 5993, 6000, 6011, 6023, 6036, 6077, 6087, 6091, 6106, 6128, 6130, 6132, 6154, 6162]","[1094, 1621, 2741, 3425, 4361]",6165,309,5856,0,309,5851,5
-4.0,HUMTRHYAL,"[14, 26, 41, 70, 74, 76, 89, 138, 146, 158, 161, 163, 176, 193, 198, 202, 206, 216, 224, 227, 267, 285, 292, 302, 308, 358, 440, 442, 456, 487, 502, 518, 548, 563, 571, 579, 591, 639, 673, 710, 736, 750, 755, 818, 828, 838, 844, 857, 859, 869, 898, 947, 970, 975, 1006, 1025, 1067, 1094, 1121, 1123, 1125, 1186, 1238, 1267, 1343, 1354, 1360, 1410, 1412, 1470, 1477, 1510, 1533, 1558, 1562, 1575, 1637, 1646, 1725, 1728, 1756, 1786, 1794, 1810, 1813, 1827, 1836, 1855, 1892, 1937, 1981, 1990, 1996, 2001, 2006, 2093, 2112, 2141, 2143, 2159, 2164, 2172, 2188, 2200, 2233, 2237, 2260, 2262, 2284, 2310, 2341, 2347, 2410, 2421, 2446, 2448, 2469, 2476, 2483, 2494, 2534, 2562, 2568, 2577, 2579, 2615, 2628, 2680, 2682, 2701, 2838, 2893, 2934, 2958, 2967, 2983, 3083, 3085, 3109, 3128, 3151, 3891, 4024, 4250, 4540, 4546, 4586, 4659, 4738, 4770, 4780, 4855, 4924, 4962, 5050, 5092, 5410, 5470, 5482, 5754, 5910, 5926, 5951, 5955, 5966, 5995, 6004, 6020, 6063, 6084, 6187, 6205, 6240, 6321, 6468, 6525, 6540, 6557, 6618, 6690, 6738, 6771, 6891, 6900, 6972, 6987, 7004, 7161, 7224, 7248, 7305, 7344, 7416, 7506, 7615, 7689, 7699, 7771, 7789, 7809, 7812, 7815, 7854, 7931, 7996, 8004, 8006, 8012, 8035, 8072, 8077, 8135, 8142, 8156, 8163, 8166, 8192, 8237, 8264, 8267, 8284, 8311, 8314, 8316, 8349, 8363, 8376, 8397, 8406, 8438, 8442, 8446, 8467, 8474, 8491, 8497, 8557, 8565, 8582, 8610, 8621, 8645, 8677, 8688, 8775, 8794, 8811, 8813, 8817, 8820, 8823, 8830, 8832, 8851, 8861, 8884, 8898, 8934, 8972, 8979, 8981, 8996, 8998, 9092, 9109, 9129, 9138, 9150, 9154, 9167, 9190, 9208, 9233, 9246, 9281, 9326, 9374, 9376, 9382, 9428, 9444, 9459, 9495, 9504]",[],"[14, 26, 41, 70, 74, 76, 89, 138, 146, 158, 161, 163, 176, 193, 198, 202, 206, 216, 224, 227, 267, 285, 292, 302, 308, 358, 440, 442, 456, 487, 502, 518, 548, 563, 571, 579, 591, 639, 673, 710, 736, 750, 755, 818, 828, 838, 844, 857, 859, 869, 898, 947, 970, 975, 1006, 1025, 1067, 1094, 1121, 1123, 1125, 1186, 1238, 1267, 1343, 1354, 1360, 1410, 1412, 1470, 1477, 1510, 1533, 1558, 1562, 1575, 1637, 1646, 1725, 1728, 1756, 1786, 1794, 1810, 1813, 1827, 1836, 1855, 1892, 1937, 1981, 1990, 1996, 2001, 2006, 2093, 2112, 2141, 2143, 2159, 2164, 2172, 2188, 2200, 2233, 2237, 2260, 2262, 2284, 2310, 2341, 2347, 2410, 2421, 2446, 2448, 2469, 2476, 2483, 2494, 2534, 2562, 2568, 2577, 2579, 2615, 2628, 2680, 2682, 2701, 2838, 2893, 2934, 2958, 2967, 2983, 3083, 3085, 3109, 3128, 3151, 3891, 4024, 4250, 4540, 4546, 4586, 4659, 4738, 4770, 4780, 4855, 4924, 4962, 5050, 5092, 5410, 5470, 5482, 5754, 5910, 5926, 5951, 5955, 5966, 5995, 6004, 6020, 6063, 6084, 6187, 6205, 6240, 6321, 6468, 6525, 6540, 6557, 6618, 6690, 6738, 6771, 6891, 6900, 6972, 6987, 7004, 7161, 7224, 7248, 7305, 7344, 7416, 7506, 7615, 7689, 7699, 7771, 7789, 7809, 7812, 7815, 7854, 7931, 7996, 8004, 8006, 8012, 8035, 8072, 8077, 8135, 8142, 8156, 8163, 8166, 8192, 8237, 8264, 8267, 8284, 8311, 8314, 8316, 8349, 8363, 8376, 8397, 8406, 8438, 8442, 8446, 8467, 8474, 8491, 8497, 8557, 8565, 8582, 8610, 8621, 8645, 8677, 8688, 8775, 8794, 8811, 8813, 8817, 8820, 8823, 8830, 8832, 8851, 8861, 8884, 8898, 8934, 8972, 8979, 8981, 8996, 8998, 9092, 9109, 9129, 9138, 9150, 9154, 9167, 9190, 9208, 9233, 9246, 9281, 9326, 9374, 9376, 9382, 9428, 9444, 9459, 9495, 9504]",[1645],9544,284,9260,0,284,9259,1
-4.0,HUMTSHB2,"[46, 69, 82, 90, 103, 130, 132, 165, 177, 188, 192, 195, 201, 217, 241, 301, 324, 332, 345, 387, 392, 394, 421, 452, 463, 469, 481, 484, 489, 493, 527, 530, 536, 553, 569, 586, 596, 601, 623, 653, 674, 684, 717, 744, 768, 781, 785, 787, 794, 811, 847, 863, 873, 885, 893, 913, 920, 955, 972]",[],"[46, 69, 82, 90, 103, 130, 132, 165, 177, 188, 192, 195, 201, 217, 241, 301, 324, 332, 345, 387, 392, 394, 421, 452, 463, 469, 481, 484, 489, 493, 527, 530, 536, 553, 569, 586, 596, 601, 623, 653, 674, 684, 717, 744, 768, 781, 785, 787, 794, 811, 847, 863, 873, 885, 893, 913, 920, 955, 972]",[187],979,59,920,0,59,919,1
-4.0,HUMV2R,"[14, 19, 27, 31, 89, 142, 189, 248, 262, 283, 288, 297, 301, 358, 360, 362, 383, 476, 478, 480, 508, 532, 536, 538, 569, 625, 736, 742, 748, 769, 823, 840, 859, 867, 874, 914, 930, 932, 940, 945, 958, 966, 1013, 1025, 1038, 1052, 1075, 1081, 1144, 1151, 1162, 1202, 1213, 1234, 1236, 1240, 1256, 1273, 1301, 1306, 1367, 1381, 1383, 1393, 1405, 1420, 1426, 1429, 1432, 1438, 1443, 1465, 1473, 1482, 1508, 1512, 1514, 1520, 1565, 1625, 1636, 1697, 1699, 1728, 1758, 1771, 1816, 1826, 1831, 1833, 1881, 1909, 1930, 1952, 1954, 1986, 2004, 2033, 2048, 2066, 2068, 2098, 2119, 2129, 2140, 2191, 2267]",[],"[14, 19, 27, 31, 89, 142, 189, 248, 262, 283, 288, 297, 301, 358, 360, 362, 383, 476, 478, 480, 508, 532, 536, 538, 569, 625, 736, 742, 748, 769, 823, 840, 859, 867, 874, 914, 930, 932, 940, 945, 958, 966, 1013, 1025, 1038, 1052, 1075, 1081, 1144, 1151, 1162, 1202, 1213, 1234, 1236, 1240, 1256, 1273, 1301, 1306, 1367, 1381, 1383, 1393, 1405, 1420, 1426, 1429, 1432, 1438, 1443, 1465, 1473, 1482, 1508, 1512, 1514, 1520, 1565, 1625, 1636, 1697, 1699, 1728, 1758, 1771, 1816, 1826, 1831, 1833, 1881, 1909, 1930, 1952, 1954, 1986, 2004, 2033, 2048, 2066, 2068, 2098, 2119, 2129, 2140, 2191, 2267]","[261, 1507]",2275,107,2168,0,107,2166,2
-4.0,HYPSCGH,"[16, 42, 50, 60, 69, 112, 124, 141, 161, 170, 200, 220, 252, 272, 317, 322, 325, 329, 332, 338, 342, 346, 350, 398, 405, 407, 452, 498, 575, 596, 600, 613, 667, 678, 685, 692, 704, 732, 756, 763, 789, 807, 811, 838, 842, 844, 866, 881, 890, 894, 914, 934, 960, 976, 1040, 1044, 1053, 1083, 1089, 1100, 1123, 1153, 1183, 1190, 1211, 1231, 1234, 1253, 1257, 1292, 1320, 1358, 1377, 1422, 1441, 1465, 1501, 1510, 1538, 1556, 1601, 1613, 1625, 1658, 1672, 1674, 1676, 1682, 1685, 1701, 1759, 1775, 1784, 1877, 1912, 1930, 1971, 1986, 2005, 2035, 2041, 2074, 2094, 2113, 2117, 2161, 2184, 2190, 2230, 2233, 2267, 2290, 2328, 2337, 2354, 2370, 2372, 2380, 2390, 2394, 2403, 2408, 2430, 2444, 2446, 2448]",[],"[16, 42, 50, 60, 69, 112, 124, 141, 161, 170, 200, 220, 252, 272, 317, 322, 325, 329, 332, 338, 342, 346, 350, 398, 405, 407, 452, 498, 575, 596, 600, 613, 667, 678, 685, 692, 704, 732, 756, 763, 789, 807, 811, 838, 842, 844, 866, 881, 890, 894, 914, 934, 960, 976, 1040, 1044, 1053, 1083, 1089, 1100, 1123, 1153, 1183, 1190, 1211, 1231, 1234, 1253, 1257, 1292, 1320, 1358, 1377, 1422, 1441, 1465, 1501, 1510, 1538, 1556, 1601, 1613, 1625, 1658, 1672, 1674, 1676, 1682, 1685, 1701, 1759, 1775, 1784, 1877, 1912, 1930, 1971, 1986, 2005, 2035, 2041, 2074, 2094, 2113, 2117, 2161, 2184, 2190, 2230, 2233, 2267, 2290, 2328, 2337, 2354, 2370, 2372, 2380, 2390, 2394, 2403, 2408, 2430, 2444, 2446, 2448]","[41, 451, 1039, 1624]",2477,126,2351,0,126,2347,4
-4.0,LAYEGLOBIN,"[22, 57, 71, 87, 150, 191, 207, 223, 239, 249, 256, 273, 292, 305, 318, 336, 348, 350, 369, 372, 416, 450, 471, 538, 550, 557, 564, 585, 589, 601, 606, 690, 722, 757, 763, 825, 827, 865, 907, 937, 939, 954, 968, 1043, 1048, 1056, 1062, 1066, 1072, 1078, 1082, 1106, 1111, 1129, 1151, 1168, 1186, 1192, 1198, 1202, 1216, 1266, 1287, 1294, 1300, 1303, 1313, 1317, 1347, 1363, 1374, 1378, 1380, 1388, 1411, 1416, 1422, 1454, 1467, 1491, 1493, 1500, 1516, 1523, 1533, 1544, 1552, 1554, 1560, 1622, 1632, 1646, 1681, 1689, 1691]",[],"[22, 57, 71, 87, 150, 191, 207, 223, 239, 249, 256, 273, 292, 305, 318, 336, 348, 350, 369, 372, 416, 450, 471, 538, 550, 557, 564, 585, 589, 601, 606, 690, 722, 757, 763, 825, 827, 865, 907, 937, 939, 954, 968, 1043, 1048, 1056, 1062, 1066, 1072, 1078, 1082, 1106, 1111, 1129, 1151, 1168, 1186, 1192, 1198, 1202, 1216, 1266, 1287, 1294, 1300, 1303, 1313, 1317, 1347, 1363, 1374, 1378, 1380, 1388, 1411, 1416, 1422, 1454, 1467, 1491, 1493, 1500, 1516, 1523, 1533, 1544, 1552, 1554, 1560, 1622, 1632, 1646, 1681, 1689, 1691]","[238, 584]",1695,95,1600,0,95,1598,2
-4.0,LEBGLOB,"[20, 27, 68, 87, 95, 105, 113, 143, 150, 158, 162, 200, 204, 238, 311, 330, 346, 402, 412, 451, 470, 474, 481, 497, 519, 522, 550, 556, 566, 603, 605, 659, 663, 673, 693, 695, 711, 718, 732, 760, 793, 842, 877, 915, 917, 957, 960, 981, 995, 1001, 1097, 1116, 1163, 1202, 1204, 1211, 1221, 1230, 1265, 1269, 1309, 1314, 1353, 1374, 1388, 1454, 1456, 1489, 1497, 1502, 1512, 1519, 1530, 1540, 1546, 1555, 1559, 1562, 1578, 1582, 1630, 1641, 1644, 1664, 1688, 1711, 1714, 1734, 1743, 1758, 1774, 1792, 1813, 1829, 1835, 1841, 1880, 1892, 1906, 1927, 1931, 1949, 1968, 1971, 2010, 2012, 2015, 2035, 2043, 2045, 2072, 2093, 2106, 2134, 2191, 2199, 2207, 2211, 2248, 2260, 2273, 2289, 2308, 2359, 2447, 2457, 2466, 2505, 2511, 2517, 2522, 2556, 2577, 2580, 2587, 2589, 2718, 2720, 2722, 2735, 2737, 2753, 2792, 2799, 2807, 2848, 2863, 2929, 2953, 2955, 2995, 3037, 3046, 3137, 3163, 3172, 3178, 3192, 3194, 3203, 3209, 3235, 3254, 3257, 3294, 3306, 3327, 3338, 3358, 3360, 3369, 3385, 3399, 3430, 3447, 3472, 3479, 3481, 3483, 3518, 3531, 3546, 3566, 3593, 3601, 3638, 3640]",[],"[20, 27, 68, 87, 95, 105, 113, 143, 150, 158, 162, 200, 204, 238, 311, 330, 346, 402, 412, 451, 470, 474, 481, 497, 519, 522, 550, 556, 566, 603, 605, 659, 663, 673, 693, 695, 711, 718, 732, 760, 793, 842, 877, 915, 917, 957, 960, 981, 995, 1001, 1097, 1116, 1163, 1202, 1204, 1211, 1221, 1230, 1265, 1269, 1309, 1314, 1353, 1374, 1388, 1454, 1456, 1489, 1497, 1502, 1512, 1519, 1530, 1540, 1546, 1555, 1559, 1562, 1578, 1582, 1630, 1641, 1644, 1664, 1688, 1711, 1714, 1734, 1743, 1758, 1774, 1792, 1813, 1829, 1835, 1841, 1880, 1892, 1906, 1927, 1931, 1949, 1968, 1971, 2010, 2012, 2015, 2035, 2043, 2045, 2072, 2093, 2106, 2134, 2191, 2199, 2207, 2211, 2248, 2260, 2273, 2289, 2308, 2359, 2447, 2457, 2466, 2505, 2511, 2517, 2522, 2556, 2577, 2580, 2587, 2589, 2718, 2720, 2722, 2735, 2737, 2753, 2792, 2799, 2807, 2848, 2863, 2929, 2953, 2955, 2995, 3037, 3046, 3137, 3163, 3172, 3178, 3192, 3194, 3203, 3209, 3235, 3254, 3257, 3294, 3306, 3327, 3338, 3358, 3360, 3369, 3385, 3399, 3430, 3447, 3472, 3479, 3481, 3483, 3518, 3531, 3546, 3566, 3593, 3601, 3638, 3640]","[1577, 1926]",3639,187,3452,0,187,3450,2
-4.0,LNOEGLOBIN,"[22, 55, 148, 189, 205, 221, 237, 247, 271, 290, 303, 314, 316, 334, 346, 351, 353, 372, 375, 419, 453, 474, 541, 553, 567, 588, 592, 604, 609, 643, 693, 725, 760, 766, 773, 828, 830, 860, 868, 891, 894, 905, 935, 939, 954, 968, 1044, 1049, 1057, 1063, 1067, 1073, 1079, 1152, 1168, 1186, 1192, 1198, 1202, 1209, 1216, 1259, 1266, 1287, 1294, 1300, 1313, 1317, 1344, 1374, 1376, 1384, 1407, 1412, 1418, 1450, 1463, 1487, 1489, 1496, 1519, 1529, 1540, 1550, 1556, 1618, 1628, 1642, 1677, 1685, 1687]",[],"[22, 55, 148, 189, 205, 221, 237, 247, 271, 290, 303, 314, 316, 334, 346, 351, 353, 372, 375, 419, 453, 474, 541, 553, 567, 588, 592, 604, 609, 643, 693, 725, 760, 766, 773, 828, 830, 860, 868, 891, 894, 905, 935, 939, 954, 968, 1044, 1049, 1057, 1063, 1067, 1073, 1079, 1152, 1168, 1186, 1192, 1198, 1202, 1209, 1216, 1259, 1266, 1287, 1294, 1300, 1313, 1317, 1344, 1374, 1376, 1384, 1407, 1412, 1418, 1450, 1463, 1487, 1489, 1496, 1519, 1529, 1540, 1550, 1556, 1618, 1628, 1642, 1677, 1685, 1687]","[236, 587]",1691,91,1600,0,91,1598,2
-4.0,MACHBGA1,"[15, 21, 33, 132, 181, 191, 216, 224, 277, 284, 344, 408, 448, 458, 464, 496, 506, 539, 552, 575, 591, 605, 626, 629, 649, 673, 707, 728, 795, 807, 821, 842, 846, 854, 863, 871, 876, 901, 936, 938, 961, 968, 1009, 1014, 1031, 1080, 1119, 1151, 1158, 1168, 1189, 1194, 1234, 1240, 1253, 1266, 1359, 1361, 1363, 1371, 1401, 1421, 1423, 1425, 1427, 1429, 1431, 1433, 1435, 1437, 1439, 1441, 1443, 1445, 1447, 1461, 1463, 1465, 1477, 1500, 1504, 1507, 1525, 1542, 1549, 1611, 1633, 1644, 1646, 1648, 1651, 1690, 1700, 1703, 1735, 1741, 1747, 1786, 1810, 1819, 1826, 1833, 1996, 2012, 2014, 2020, 2022, 2030, 2040, 2042, 2044, 2048, 2051, 2053, 2087]",[],"[15, 21, 33, 132, 181, 191, 216, 224, 277, 284, 344, 408, 448, 458, 464, 496, 506, 539, 552, 575, 591, 605, 626, 629, 649, 673, 707, 728, 795, 807, 821, 842, 846, 854, 863, 871, 876, 901, 936, 938, 961, 968, 1009, 1014, 1031, 1080, 1119, 1151, 1158, 1168, 1189, 1194, 1234, 1240, 1253, 1266, 1359, 1361, 1363, 1371, 1401, 1421, 1423, 1425, 1427, 1429, 1431, 1433, 1435, 1437, 1439, 1441, 1443, 1445, 1447, 1461, 1463, 1465, 1477, 1500, 1504, 1507, 1525, 1542, 1549, 1611, 1633, 1644, 1646, 1648, 1651, 1690, 1700, 1703, 1735, 1741, 1747, 1786, 1810, 1819, 1826, 1833, 1996, 2012, 2014, 2020, 2022, 2030, 2040, 2042, 2044, 2048, 2051, 2053, 2087]","[495, 841]",2098,115,1983,0,115,1981,2
-4.0,MACHBGA2,"[15, 21, 33, 131, 179, 189, 214, 222, 275, 282, 342, 406, 446, 456, 462, 494, 504, 537, 550, 573, 589, 603, 624, 627, 647, 671, 705, 726, 793, 805, 819, 840, 844, 852, 861, 869, 874, 899, 934, 936, 959, 966, 1007, 1012, 1029, 1077, 1116, 1148, 1155, 1186, 1191, 1231, 1237, 1250, 1263, 1356, 1358, 1360, 1368, 1398, 1418, 1420, 1422, 1424, 1426, 1428, 1430, 1432, 1434, 1436, 1438, 1440, 1442, 1446, 1448, 1450, 1454, 1456, 1462, 1464, 1466, 1478, 1501, 1505, 1508, 1526, 1543, 1550, 1612, 1634, 1645, 1647, 1649, 1652, 1691, 1701, 1704, 1736, 1742, 1748, 1787, 1811, 1820, 1827, 1834, 1949, 1969, 1997, 2004, 2014, 2016, 2018, 2022, 2024, 2030, 2040, 2042, 2044, 2046, 2050, 2052, 2057, 2077, 2090, 2094]",[],"[15, 21, 33, 131, 179, 189, 214, 222, 275, 282, 342, 406, 446, 456, 462, 494, 504, 537, 550, 573, 589, 603, 624, 627, 647, 671, 705, 726, 793, 805, 819, 840, 844, 852, 861, 869, 874, 899, 934, 936, 959, 966, 1007, 1012, 1029, 1077, 1116, 1148, 1155, 1186, 1191, 1231, 1237, 1250, 1263, 1356, 1358, 1360, 1368, 1398, 1418, 1420, 1422, 1424, 1426, 1428, 1430, 1432, 1434, 1436, 1438, 1440, 1442, 1446, 1448, 1450, 1454, 1456, 1462, 1464, 1466, 1478, 1501, 1505, 1508, 1526, 1543, 1550, 1612, 1634, 1645, 1647, 1649, 1652, 1691, 1701, 1704, 1736, 1742, 1748, 1787, 1811, 1820, 1827, 1834, 1949, 1969, 1997, 2004, 2014, 2016, 2018, 2022, 2024, 2030, 2040, 2042, 2044, 2046, 2050, 2052, 2057, 2077, 2090, 2094]","[493, 839]",2101,125,1976,0,125,1974,2
-4.0,MAMGLUTRA,"[15, 35, 40, 42, 70, 72, 86, 113, 134, 145, 147, 229, 311, 330, 364, 396, 419, 425, 455, 465, 480, 485, 489, 508, 510, 531, 564, 602, 619, 627, 630, 636, 638, 647, 658, 662, 664, 668, 703, 707, 719, 726, 733, 775, 822, 830, 835, 839, 866, 882, 886, 907, 935, 943, 955, 981, 998, 1004, 1021, 1031, 1064, 1066, 1074, 1078, 1083, 1107, 1161, 1175, 1213, 1228, 1256, 1260, 1276, 1289, 1294, 1378, 1380, 1386, 1388, 1397, 1399, 1419, 1426, 1428, 1436, 1462, 1475, 1477, 1479, 1495, 1536, 1626, 1628, 1632, 1693, 1706, 1708, 1719, 1789, 1799, 1820, 1824, 1855, 1887, 1900, 1908, 1925, 1927, 1945, 1961, 1983, 1997, 2010, 2024, 2044, 2055, 2070, 2083, 2088, 2098, 2100, 2110, 2112, 2153, 2184, 2210, 2212, 2237, 2239, 2252, 2257, 2296, 2330, 2338, 2361, 2371, 2380, 2382, 2390, 2407, 2411, 2418, 2430, 2442, 2449, 2464, 2476, 2494, 2500, 2508, 2554, 2559, 2580, 2586, 2588, 2599, 2605, 2614, 2619, 2635, 2678, 2700, 2709, 2730, 2746, 2756, 2760, 2837, 2858, 2874, 2890, 2939, 2969, 3005, 3011, 3017, 3060, 3099, 3140, 3142, 3165, 3176, 3180, 3196, 3212, 3232, 3234, 3271, 3328, 3398, 3401, 3428, 3441, 3450, 3460, 3479, 3493, 3525, 3535, 3555, 3605, 3662, 3796, 3811, 3813, 3818, 3861, 3891, 3907, 3916, 3920, 3951, 3954, 3956, 3960, 3968, 3970, 4034, 4070, 4080, 4082, 4089, 4091, 4093, 4100, 4105, 4140, 4153, 4155, 4170, 4187, 4192, 4233, 4245, 4253, 4257, 4262, 4273, 4286, 4293, 4299, 4306, 4347, 4358, 4363, 4382, 4384, 4390, 4394, 4397, 4402, 4453, 4483, 4530, 4537, 4563, 4584, 4596, 4616, 4643, 4665, 4673, 4675, 4688, 4717, 4741, 4791, 4797, 4845, 4864, 4872, 4928, 4952, 4968, 4975, 4989, 4998, 5017, 5048, 5070, 5093, 5095, 5099, 5101, 5110, 5132, 5136, 5178, 5188, 5197, 5200, 5203, 5209, 5212, 5214, 5218, 5236, 5244, 5246, 5248, 5263, 5284, 5296, 5299, 5321, 5360, 5409, 5411, 5417, 5426, 5435, 5444, 5560, 5599, 5643, 5648, 5663, 5724, 5748, 5768, 5784, 5789, 5848, 5850, 5862, 5871, 5888, 5900, 5905, 5925, 5927, 5932, 5943, 5953, 5955, 5968, 5971, 5977, 5982, 6027, 6037, 6046, 6052, 6054, 6066, 6113, 6118, 6126, 6129, 6133, 6135, 6137, 6140, 6151, 6167, 6180, 6182, 6205, 6248, 6252, 6254, 6289]",[],"[15, 35, 40, 42, 70, 72, 86, 113, 134, 145, 147, 229, 311, 330, 364, 396, 419, 425, 455, 465, 480, 485, 489, 508, 510, 531, 564, 602, 619, 627, 630, 636, 638, 647, 658, 662, 664, 668, 703, 707, 719, 726, 733, 775, 822, 830, 835, 839, 866, 882, 886, 907, 935, 943, 955, 981, 998, 1004, 1021, 1031, 1064, 1066, 1074, 1078, 1083, 1107, 1161, 1175, 1213, 1228, 1256, 1260, 1276, 1289, 1294, 1378, 1380, 1386, 1388, 1397, 1399, 1419, 1426, 1428, 1436, 1462, 1475, 1477, 1479, 1495, 1536, 1626, 1628, 1632, 1693, 1706, 1708, 1719, 1789, 1799, 1820, 1824, 1855, 1887, 1900, 1908, 1925, 1927, 1945, 1961, 1983, 1997, 2010, 2024, 2044, 2055, 2070, 2083, 2088, 2098, 2100, 2110, 2112, 2153, 2184, 2210, 2212, 2237, 2239, 2252, 2257, 2296, 2330, 2338, 2361, 2371, 2380, 2382, 2390, 2407, 2411, 2418, 2430, 2442, 2449, 2464, 2476, 2494, 2500, 2508, 2554, 2559, 2580, 2586, 2588, 2599, 2605, 2614, 2619, 2635, 2678, 2700, 2709, 2730, 2746, 2756, 2760, 2837, 2858, 2874, 2890, 2939, 2969, 3005, 3011, 3017, 3060, 3099, 3140, 3142, 3165, 3176, 3180, 3196, 3212, 3232, 3234, 3271, 3328, 3398, 3401, 3428, 3441, 3450, 3460, 3479, 3493, 3525, 3535, 3555, 3605, 3662, 3796, 3811, 3813, 3818, 3861, 3891, 3907, 3916, 3920, 3951, 3954, 3956, 3960, 3968, 3970, 4034, 4070, 4080, 4082, 4089, 4091, 4093, 4100, 4105, 4140, 4153, 4155, 4170, 4187, 4192, 4233, 4245, 4253, 4257, 4262, 4273, 4286, 4293, 4299, 4306, 4347, 4358, 4363, 4382, 4384, 4390, 4394, 4397, 4402, 4453, 4483, 4530, 4537, 4563, 4584, 4596, 4616, 4643, 4665, 4673, 4675, 4688, 4717, 4741, 4791, 4797, 4845, 4864, 4872, 4928, 4952, 4968, 4975, 4989, 4998, 5017, 5048, 5070, 5093, 5095, 5099, 5101, 5110, 5132, 5136, 5178, 5188, 5197, 5200, 5203, 5209, 5212, 5214, 5218, 5236, 5244, 5246, 5248, 5263, 5284, 5296, 5299, 5321, 5360, 5409, 5411, 5417, 5426, 5435, 5444, 5560, 5599, 5643, 5648, 5663, 5724, 5748, 5768, 5784, 5789, 5848, 5850, 5862, 5871, 5888, 5900, 5905, 5925, 5927, 5932, 5943, 5953, 5955, 5968, 5971, 5977, 5982, 6027, 6037, 6046, 6052, 6054, 6066, 6113, 6118, 6126, 6129, 6133, 6135, 6137, 6140, 6151, 6167, 6180, 6182, 6205, 6248, 6252, 6254, 6289]","[484, 821, 1255, 1627, 1819, 2745, 2938]",6288,362,5926,0,362,5919,7
-4.0,MAU09941,"[12, 29, 65, 75, 106, 191, 215, 230, 240, 261, 264, 293, 300, 305, 322, 327, 336, 340, 344, 353, 362, 368, 381, 386, 391, 393, 402, 413, 466, 485, 509, 523, 535, 549, 577, 582, 614, 630, 647, 673, 706, 717, 739, 750, 764, 779, 830, 835, 861, 877, 888, 932, 951, 957, 1032, 1036, 1093, 1113, 1167, 1171, 1200, 1203, 1216, 1232, 1274, 1288, 1363, 1398, 1425, 1481, 1485, 1529, 1540, 1553, 1555, 1560, 1563, 1567, 1572, 1584, 1596, 1637, 1659, 1673, 1701, 1729, 1737, 1756, 1788, 1804, 1831, 1835, 1847, 1854, 1895, 1898, 1914, 1933, 1942, 1958, 1977, 2040, 2077, 2110, 2115, 2130, 2161, 2167, 2169, 2171, 2194, 2223, 2238, 2251, 2265, 2321, 2335, 2343, 2359, 2407, 2416, 2428, 2468, 2515, 2520, 2610, 2668, 2708, 2762, 2776, 2779, 2830, 2859, 2873, 2933, 2969, 2988, 2991, 2993, 2997, 3000, 3014, 3019, 3059, 3064, 3066, 3071, 3075, 3077, 3087, 3100, 3110, 3125, 3135, 3139, 3145, 3176, 3194, 3235, 3240, 3247, 3260, 3264, 3268, 3270, 3299, 3379, 3383, 3439, 3444, 3453, 3462, 3485, 3507, 3522, 3591, 3619, 3643, 3647, 3698, 3703, 3705, 3713, 3757, 3766, 3790]",[],"[12, 29, 65, 75, 106, 191, 215, 230, 240, 261, 264, 293, 300, 305, 322, 327, 336, 340, 344, 353, 362, 368, 381, 386, 391, 393, 402, 413, 466, 485, 509, 523, 535, 549, 577, 582, 614, 630, 647, 673, 706, 717, 739, 750, 764, 779, 830, 835, 861, 877, 888, 932, 951, 957, 1032, 1036, 1093, 1113, 1167, 1171, 1200, 1203, 1216, 1232, 1274, 1288, 1363, 1398, 1425, 1481, 1485, 1529, 1540, 1553, 1555, 1560, 1563, 1567, 1572, 1584, 1596, 1637, 1659, 1673, 1701, 1729, 1737, 1756, 1788, 1804, 1831, 1835, 1847, 1854, 1895, 1898, 1914, 1933, 1942, 1958, 1977, 2040, 2077, 2110, 2115, 2130, 2161, 2167, 2169, 2171, 2194, 2223, 2238, 2251, 2265, 2321, 2335, 2343, 2359, 2407, 2416, 2428, 2468, 2515, 2520, 2610, 2668, 2708, 2762, 2776, 2779, 2830, 2859, 2873, 2933, 2969, 2988, 2991, 2993, 2997, 3000, 3014, 3019, 3059, 3064, 3066, 3071, 3075, 3077, 3087, 3100, 3110, 3125, 3135, 3139, 3145, 3176, 3194, 3235, 3240, 3247, 3260, 3264, 3268, 3270, 3299, 3379, 3383, 3439, 3444, 3453, 3462, 3485, 3507, 3522, 3591, 3619, 3643, 3647, 3698, 3703, 3705, 3713, 3757, 3766, 3790]",[1830],3799,186,3613,0,186,3612,1
-4.0,MFAPOA2A,"[13, 33, 39, 54, 58, 70, 134, 154, 156, 187, 190, 210, 227, 270, 272, 319, 349, 380, 384, 386, 417, 423, 426, 463, 572, 576, 588, 616, 635, 637, 639, 641, 643, 645, 647, 661, 686, 688, 700, 708, 721, 754, 786, 790, 805, 816, 824, 876, 917, 924, 944, 990, 999, 1003, 1021, 1076, 1090, 1094, 1133, 1142, 1195, 1220, 1244, 1265, 1294, 1299, 1301, 1313, 1423, 1427, 1446, 1454]",[],"[13, 33, 39, 54, 58, 70, 134, 154, 156, 187, 190, 210, 227, 270, 272, 319, 349, 380, 384, 386, 417, 423, 426, 463, 572, 576, 588, 616, 635, 637, 639, 641, 643, 645, 647, 661, 686, 688, 700, 708, 721, 754, 786, 790, 805, 816, 824, 876, 917, 924, 944, 990, 999, 1003, 1021, 1076, 1090, 1094, 1133, 1142, 1195, 1220, 1244, 1265, 1294, 1299, 1301, 1313, 1423, 1427, 1446, 1454]","[379, 785]",1490,72,1418,0,72,1416,2
-4.0,MFAPOC3A,"[35, 101, 116, 130, 139, 146, 206, 233, 364, 414, 416, 442, 457, 464, 478, 522, 574, 586, 610, 623, 633, 638, 643, 647, 709, 757, 783, 795, 818, 871, 880, 894, 914, 925, 953, 970, 980, 983, 1141, 1149, 1156, 1173, 1240, 1265, 1281, 1286, 1323, 1334, 1351, 1362, 1373, 1395, 1403, 1498, 1508, 1523, 1528, 1531, 1577, 1609, 1627, 1652, 1672, 1682, 1695, 1716, 1799, 1816, 1845, 1850, 1853, 1860, 1872, 1970, 1981, 1994, 2041, 2051, 2070, 2075, 2107, 2117, 2150, 2191, 2199, 2212, 2233, 2237, 2243, 2245, 2247, 2280, 2344, 2347, 2385, 2389, 2391, 2440, 2497, 2510, 2558, 2608, 2616, 2648, 2667, 2676, 2684, 2690, 2713, 2722, 2729, 2741, 2752, 2755, 2760, 2765, 2774, 2790, 2802, 2804, 2808, 2816, 2831, 2849, 2879, 2895, 2921, 2932, 2941, 3009, 3021, 3043, 3069, 3073, 3090, 3099, 3143, 3145, 3181, 3188, 3195, 3197, 3206, 3208, 3214, 3226, 3236, 3241, 3245]",[],"[35, 101, 116, 130, 139, 146, 206, 233, 364, 414, 416, 442, 457, 464, 478, 522, 574, 586, 610, 623, 633, 638, 643, 647, 709, 757, 783, 795, 818, 871, 880, 894, 914, 925, 953, 970, 980, 983, 1141, 1149, 1156, 1173, 1240, 1265, 1281, 1286, 1323, 1334, 1351, 1362, 1373, 1395, 1403, 1498, 1508, 1523, 1528, 1531, 1577, 1609, 1627, 1652, 1672, 1682, 1695, 1716, 1799, 1816, 1845, 1850, 1853, 1860, 1872, 1970, 1981, 1994, 2041, 2051, 2070, 2075, 2107, 2117, 2150, 2191, 2199, 2212, 2233, 2237, 2243, 2245, 2247, 2280, 2344, 2347, 2385, 2389, 2391, 2440, 2497, 2510, 2558, 2608, 2616, 2648, 2667, 2676, 2684, 2690, 2713, 2722, 2729, 2741, 2752, 2755, 2760, 2765, 2774, 2790, 2802, 2804, 2808, 2816, 2831, 2849, 2879, 2895, 2921, 2932, 2941, 3009, 3021, 3043, 3069, 3073, 3090, 3099, 3143, 3145, 3181, 3188, 3195, 3197, 3206, 3208, 3214, 3226, 3236, 3241, 3245]","[913, 1172]",3255,149,3106,0,149,3104,2
-4.0,MMA2IXCOA,"[21, 34, 105, 149, 165, 182, 189, 195, 230, 240, 243, 249, 253, 258, 265, 280, 288, 290, 302, 315, 319, 371, 387, 404, 414, 417, 429, 432, 469, 474, 520, 543, 545, 578, 580, 585, 600, 604, 608, 610, 620, 626, 667, 672, 683, 685, 694, 723, 772, 783, 785, 799, 813, 853, 860, 879, 883, 897, 909, 923, 1019, 1084, 1086, 1104, 1109, 1112, 1126, 1147, 1157, 1172, 1176, 1183, 1194, 1203, 1261, 1268, 1281, 1283, 1289, 1291, 1296, 1298, 1302, 1308, 1318, 1329, 1336, 1384, 1390, 1393, 1410, 1440, 1447, 1459, 1471, 1494, 1510, 1513, 1518, 1537, 1567, 1583, 1651, 1654, 1661, 1693, 1702, 1704, 1708, 1711, 1720, 1723, 1727, 1758, 1762, 1801, 1813, 1817, 1824, 1826, 1839, 1842, 1848, 1867, 1871, 1882, 1893, 1903, 1926, 1950, 1952, 1967, 1986, 1989, 1999, 2013, 2023, 2027, 2029, 2042, 2045, 2047, 2055, 2082, 2099, 2105, 2143, 2166, 2169, 2184, 2213, 2228, 2272, 2291, 2298, 2308, 2319, 2341, 2405, 2420, 2490, 2529, 2549, 2553, 2555, 2557, 2582, 2586, 2620, 2624, 2629, 2640, 2659, 2796, 2799, 2804, 2841, 2846, 2871, 2913, 2926, 2936, 2951, 2967, 2977, 2993, 3025, 3054, 3070, 3090, 3094, 3106, 3111, 3133, 3137, 3142, 3153, 3162, 3169, 3182, 3197, 3210, 3216, 3220, 3260, 3287, 3305, 3363, 3394, 3409, 3412, 3427, 3438, 3465, 3502, 3515, 3519, 3530, 3585, 3626, 3632, 3634, 3640, 3645, 3653, 3714, 3727, 3737, 3761, 3770, 3795, 3827, 3833, 3849, 3852, 3856, 3873, 3888, 3897, 3918, 3936, 3956, 3962, 3973, 3975, 4007, 4009, 4018, 4037, 4054, 4062, 4064, 4083, 4096, 4113, 4120, 4123, 4132, 4155, 4169, 4226, 4244, 4269, 4276, 4281, 4300, 4302, 4316, 4334, 4363, 4370, 4387, 4391, 4456, 4472, 4486, 4500, 4522, 4526, 4530, 4562, 4568, 4572, 4602, 4610, 4629, 4631, 4664, 4669, 4698, 4713, 4715, 4749, 4777, 4797, 4813, 4815, 4824, 4858, 4869, 4876, 4897, 4902, 5026, 5033, 5083, 5107, 5114, 5121, 5143, 5219, 5241, 5318, 5320, 5339, 5344, 5367, 5376, 5386, 5398, 5413, 5471, 5492, 5507, 5526, 5538, 5544, 5609, 5624, 5636, 5638, 5648, 5666, 5671, 5675, 5683, 5687, 5716, 5749, 5806, 5832, 5836, 5855, 5871, 5881, 5887, 5896, 5906, 5922, 5948, 5962, 5978, 6015, 6047, 6055, 6057, 6061, 6112, 6119, 6145, 6218, 6256, 6267, 6276, 6290, 6319, 6343, 6356, 6360, 6362, 6364, 6407, 6440, 6452, 6458, 6482, 6500, 6502, 6508, 6521, 6561, 6567, 6596, 6605, 6615, 6621, 6624, 6629, 6633, 6636, 6640, 6650, 6657, 6664, 6675, 6682, 6737, 6775, 6791, 6842, 6877, 6904, 6931, 6936, 6955, 6957, 6995, 7010, 7050, 7077, 7082, 7097, 7103, 7107, 7162, 7251, 7255, 7272, 7291, 7341, 7355, 7372, 7376, 7391, 7418, 7445, 7448, 7450, 7454, 7456, 7463, 7471, 7473, 7477, 7492, 7515, 7526, 7529, 7535, 7538, 7544, 7561, 7582, 7646, 7659, 7685, 7695, 7721, 7740, 7746, 7762, 7826, 7833, 7857, 7870, 7890, 7907, 7919, 7922, 7924, 7936, 7946, 7972, 8065, 8069, 8071, 8099, 8111, 8121, 8136, 8141, 8203, 8217, 8249, 8256, 8273, 8344, 8358, 8367, 8369, 8376, 8385, 8396, 8402, 8410, 8431, 8487, 8514, 8523, 8540, 8544, 8631, 8640, 8660, 8685, 8697, 8710, 8713, 8715, 8725, 8728, 8735, 8749, 8752, 8756, 8758, 8767, 8770, 8780, 8784, 8789, 8791, 8799, 8803, 8830, 8844, 8848, 8883, 8977, 8979, 8983, 8990, 9002, 9021, 9073, 9089, 9106, 9133, 9138, 9180, 9189, 9210, 9214, 9230, 9239, 9246, 9250, 9254, 9258, 9323, 9327, 9331, 9340, 9348, 9354, 9373, 9415, 9421, 9438, 9468, 9482, 9498, 9504, 9523, 9529, 9545, 9554, 9560, 9574, 9610, 9624, 9627, 9631, 9670, 9686, 9703, 9705, 9707, 9709, 9711, 9713, 9715, 9717, 9719, 9721, 9723, 9725, 9727, 9729, 9731, 9733, 9735, 9737, 9739, 9761, 9767, 9771, 9783, 9794, 9802, 9804, 9813, 9817, 9820, 9831, 9845, 9863, 9891, 9899, 9903, 9921, 9932, 9968, 10233, 10239, 10247, 10260, 10271, 10275, 10283, 10287, 10305, 10319, 10360, 10393, 10406, 10436, 10492, 10494, 10510, 10524, 10572, 10611, 10614, 10617, 10629, 10634, 10659, 10694, 10724, 10791, 10903, 10908, 10914, 10931, 10935, 10965, 11029, 11032, 11068, 11078, 11082, 11098, 11111, 11146, 11176, 11189, 11239, 11254, 11289, 11292, 11299, 11308, 11326, 11333, 11335, 11348, 11357, 11364, 11375, 11379, 11406, 11419, 11427, 11431, 11437, 11458, 11475, 11482, 11494, 11501, 11541, 11556, 11588, 11598, 11612, 11616, 11632, 11641, 11645, 11680, 11710, 11720, 11723, 11728, 11732, 11735, 11749, 11778, 11803, 11809, 11822, 11834, 11868, 11880, 11882, 11884, 11891, 11895, 11947, 11964, 11988, 12069, 12075, 12084, 12086, 12093, 12118, 12126, 12151, 12176, 12183, 12195, 12198, 12203, 12206, 12211, 12228, 12250, 12289, 12291, 12315, 12320, 12327, 12335, 12341, 12357, 12391, 12400, 12407, 12418, 12445, 12486, 12570, 12576, 12595, 12603, 12605, 12616, 12633, 12655, 12793, 12821, 12830, 12853, 12865, 12908, 12927, 12931, 12953, 12990, 13034, 13038, 13040, 13047, 13065, 13112, 13116, 13128, 13139, 13147, 13155, 13174, 13176, 13186, 13222, 13244, 13246, 13268, 13275, 13283, 13316, 13323, 13344, 13351, 13362, 13395, 13448, 13454, 13473, 13480, 13483, 13493, 13516, 13546, 13556, 13560, 13591, 13602, 13610, 13637, 13647, 13649, 13656, 13659, 13663, 13677, 13688, 13727, 13731, 13733, 13737, 13767, 13787, 13802, 13805, 13817, 13823, 13825, 13841, 13869, 13895, 13913, 13936, 13957, 13960, 13992, 14004, 14006, 14027, 14049, 14062, 14065, 14082, 14103, 14120, 14156, 14183, 14217, 14274, 14280, 14290, 14292, 14299, 14301, 14303, 14341, 14347, 14383, 14392, 14396, 14422, 14427, 14478, 14494, 14532, 14534, 14541, 14562, 14576, 14607, 14612, 14636, 14664, 14674, 14744, 14757, 14760, 14877, 14880, 14889, 14895, 14903, 14954, 14956, 14969, 14998, 15005, 15022, 15026, 15058, 15062, 15068, 15074, 15087, 15089, 15122, 15124, 15131, 15135, 15163, 15203, 15211, 15232, 15244, 15313, 15339, 15346, 15366, 15378, 15406, 15410, 15420, 15442, 15478, 15490, 15521, 15545, 15568, 15598, 15620, 15643, 15647, 15747, 15752, 15788, 15800, 15807, 15817, 15899, 15931, 15934, 15938, 15973, 15982, 15990, 15994, 16001, 16015, 16022, 16025, 16055, 16071, 16082, 16115, 16124, 16143, 16145, 16150, 16167, 16241, 16355, 16364, 16382, 16386, 16425, 16436, 16475, 16490, 16515, 16517, 16520, 16523, 16527, 16574, 16601, 16611, 16613, 16694, 16703, 16706, 16710, 16740, 16770, 16784, 16790, 16793, 16812, 16828, 16851, 16858, 16882, 16884, 16898, 16905, 16912, 16914, 16944, 16956, 17012, 17022, 17040, 17050, 17101, 17107, 17111, 17132, 17146, 17236, 17245, 17249, 17276, 17280, 17328, 17334, 17343, 17350, 17360, 17365, 17445, 17455, 17478, 17491, 17497, 17499, 17518, 17533, 17537, 17562, 17576, 17606, 17648, 17663, 17668, 17730, 17760, 17762, 17775, 17780, 17794, 17808, 17816, 17818, 17824, 17841, 17844, 17846, 17881, 17913, 18014, 18027, 18033, 18094, 18139, 18141, 18148, 18159, 18167, 18226, 18239, 18244, 18255, 18278, 18284, 18303, 18336, 18354, 18430, 18433, 18474, 18501, 18507, 18534, 18547, 18570, 18578, 18608, 18610, 18620, 18628, 18632, 18640, 18650, 18664, 18684, 18711, 18717, 18730, 18741, 18744, 18782, 18785, 18799, 18810, 18823, 18825, 18855, 18860, 18863, 18882, 18889, 18897, 18914, 18986, 18989, 18995, 19003, 19086, 19088, 19105, 19127, 19154, 19208, 19221, 19225, 19245, 19250, 19273, 19297, 19303, 19336, 19340, 19403, 19409, 19413, 19421, 19462, 19466]",[],"[21, 34, 105, 149, 165, 182, 189, 195, 230, 240, 243, 249, 253, 258, 265, 280, 288, 290, 302, 315, 319, 371, 387, 404, 414, 417, 429, 432, 469, 474, 520, 543, 545, 578, 580, 585, 600, 604, 608, 610, 620, 626, 667, 672, 683, 685, 694, 723, 772, 783, 785, 799, 813, 853, 860, 879, 883, 897, 909, 923, 1019, 1084, 1086, 1104, 1109, 1112, 1126, 1147, 1157, 1172, 1176, 1183, 1194, 1203, 1261, 1268, 1281, 1283, 1289, 1291, 1296, 1298, 1302, 1308, 1318, 1329, 1336, 1384, 1390, 1393, 1410, 1440, 1447, 1459, 1471, 1494, 1510, 1513, 1518, 1537, 1567, 1583, 1651, 1654, 1661, 1693, 1702, 1704, 1708, 1711, 1720, 1723, 1727, 1758, 1762, 1801, 1813, 1817, 1824, 1826, 1839, 1842, 1848, 1867, 1871, 1882, 1893, 1903, 1926, 1950, 1952, 1967, 1986, 1989, 1999, 2013, 2023, 2027, 2029, 2042, 2045, 2047, 2055, 2082, 2099, 2105, 2143, 2166, 2169, 2184, 2213, 2228, 2272, 2291, 2298, 2308, 2319, 2341, 2405, 2420, 2490, 2529, 2549, 2553, 2555, 2557, 2582, 2586, 2620, 2624, 2629, 2640, 2659, 2796, 2799, 2804, 2841, 2846, 2871, 2913, 2926, 2936, 2951, 2967, 2977, 2993, 3025, 3054, 3070, 3090, 3094, 3106, 3111, 3133, 3137, 3142, 3153, 3162, 3169, 3182, 3197, 3210, 3216, 3220, 3260, 3287, 3305, 3363, 3394, 3409, 3412, 3427, 3438, 3465, 3502, 3515, 3519, 3530, 3585, 3626, 3632, 3634, 3640, 3645, 3653, 3714, 3727, 3737, 3761, 3770, 3795, 3827, 3833, 3849, 3852, 3856, 3873, 3888, 3897, 3918, 3936, 3956, 3962, 3973, 3975, 4007, 4009, 4018, 4037, 4054, 4062, 4064, 4083, 4096, 4113, 4120, 4123, 4132, 4155, 4169, 4226, 4244, 4269, 4276, 4281, 4300, 4302, 4316, 4334, 4363, 4370, 4387, 4391, 4456, 4472, 4486, 4500, 4522, 4526, 4530, 4562, 4568, 4572, 4602, 4610, 4629, 4631, 4664, 4669, 4698, 4713, 4715, 4749, 4777, 4797, 4813, 4815, 4824, 4858, 4869, 4876, 4897, 4902, 5026, 5033, 5083, 5107, 5114, 5121, 5143, 5219, 5241, 5318, 5320, 5339, 5344, 5367, 5376, 5386, 5398, 5413, 5471, 5492, 5507, 5526, 5538, 5544, 5609, 5624, 5636, 5638, 5648, 5666, 5671, 5675, 5683, 5687, 5716, 5749, 5806, 5832, 5836, 5855, 5871, 5881, 5887, 5896, 5906, 5922, 5948, 5962, 5978, 6015, 6047, 6055, 6057, 6061, 6112, 6119, 6145, 6218, 6256, 6267, 6276, 6290, 6319, 6343, 6356, 6360, 6362, 6364, 6407, 6440, 6452, 6458, 6482, 6500, 6502, 6508, 6521, 6561, 6567, 6596, 6605, 6615, 6621, 6624, 6629, 6633, 6636, 6640, 6650, 6657, 6664, 6675, 6682, 6737, 6775, 6791, 6842, 6877, 6904, 6931, 6936, 6955, 6957, 6995, 7010, 7050, 7077, 7082, 7097, 7103, 7107, 7162, 7251, 7255, 7272, 7291, 7341, 7355, 7372, 7376, 7391, 7418, 7445, 7448, 7450, 7454, 7456, 7463, 7471, 7473, 7477, 7492, 7515, 7526, 7529, 7535, 7538, 7544, 7561, 7582, 7646, 7659, 7685, 7695, 7721, 7740, 7746, 7762, 7826, 7833, 7857, 7870, 7890, 7907, 7919, 7922, 7924, 7936, 7946, 7972, 8065, 8069, 8071, 8099, 8111, 8121, 8136, 8141, 8203, 8217, 8249, 8256, 8273, 8344, 8358, 8367, 8369, 8376, 8385, 8396, 8402, 8410, 8431, 8487, 8514, 8523, 8540, 8544, 8631, 8640, 8660, 8685, 8697, 8710, 8713, 8715, 8725, 8728, 8735, 8749, 8752, 8756, 8758, 8767, 8770, 8780, 8784, 8789, 8791, 8799, 8803, 8830, 8844, 8848, 8883, 8977, 8979, 8983, 8990, 9002, 9021, 9073, 9089, 9106, 9133, 9138, 9180, 9189, 9210, 9214, 9230, 9239, 9246, 9250, 9254, 9258, 9323, 9327, 9331, 9340, 9348, 9354, 9373, 9415, 9421, 9438, 9468, 9482, 9498, 9504, 9523, 9529, 9545, 9554, 9560, 9574, 9610, 9624, 9627, 9631, 9670, 9686, 9703, 9705, 9707, 9709, 9711, 9713, 9715, 9717, 9719, 9721, 9723, 9725, 9727, 9729, 9731, 9733, 9735, 9737, 9739, 9761, 9767, 9771, 9783, 9794, 9802, 9804, 9813, 9817, 9820, 9831, 9845, 9863, 9891, 9899, 9903, 9921, 9932, 9968, 10233, 10239, 10247, 10260, 10271, 10275, 10283, 10287, 10305, 10319, 10360, 10393, 10406, 10436, 10492, 10494, 10510, 10524, 10572, 10611, 10614, 10617, 10629, 10634, 10659, 10694, 10724, 10791, 10903, 10908, 10914, 10931, 10935, 10965, 11029, 11032, 11068, 11078, 11082, 11098, 11111, 11146, 11176, 11189, 11239, 11254, 11289, 11292, 11299, 11308, 11326, 11333, 11335, 11348, 11357, 11364, 11375, 11379, 11406, 11419, 11427, 11431, 11437, 11458, 11475, 11482, 11494, 11501, 11541, 11556, 11588, 11598, 11612, 11616, 11632, 11641, 11645, 11680, 11710, 11720, 11723, 11728, 11732, 11735, 11749, 11778, 11803, 11809, 11822, 11834, 11868, 11880, 11882, 11884, 11891, 11895, 11947, 11964, 11988, 12069, 12075, 12084, 12086, 12093, 12118, 12126, 12151, 12176, 12183, 12195, 12198, 12203, 12206, 12211, 12228, 12250, 12289, 12291, 12315, 12320, 12327, 12335, 12341, 12357, 12391, 12400, 12407, 12418, 12445, 12486, 12570, 12576, 12595, 12603, 12605, 12616, 12633, 12655, 12793, 12821, 12830, 12853, 12865, 12908, 12927, 12931, 12953, 12990, 13034, 13038, 13040, 13047, 13065, 13112, 13116, 13128, 13139, 13147, 13155, 13174, 13176, 13186, 13222, 13244, 13246, 13268, 13275, 13283, 13316, 13323, 13344, 13351, 13362, 13395, 13448, 13454, 13473, 13480, 13483, 13493, 13516, 13546, 13556, 13560, 13591, 13602, 13610, 13637, 13647, 13649, 13656, 13659, 13663, 13677, 13688, 13727, 13731, 13733, 13737, 13767, 13787, 13802, 13805, 13817, 13823, 13825, 13841, 13869, 13895, 13913, 13936, 13957, 13960, 13992, 14004, 14006, 14027, 14049, 14062, 14065, 14082, 14103, 14120, 14156, 14183, 14217, 14274, 14280, 14290, 14292, 14299, 14301, 14303, 14341, 14347, 14383, 14392, 14396, 14422, 14427, 14478, 14494, 14532, 14534, 14541, 14562, 14576, 14607, 14612, 14636, 14664, 14674, 14744, 14757, 14760, 14877, 14880, 14889, 14895, 14903, 14954, 14956, 14969, 14998, 15005, 15022, 15026, 15058, 15062, 15068, 15074, 15087, 15089, 15122, 15124, 15131, 15135, 15163, 15203, 15211, 15232, 15244, 15313, 15339, 15346, 15366, 15378, 15406, 15410, 15420, 15442, 15478, 15490, 15521, 15545, 15568, 15598, 15620, 15643, 15647, 15747, 15752, 15788, 15800, 15807, 15817, 15899, 15931, 15934, 15938, 15973, 15982, 15990, 15994, 16001, 16015, 16022, 16025, 16055, 16071, 16082, 16115, 16124, 16143, 16145, 16150, 16167, 16241, 16355, 16364, 16382, 16386, 16425, 16436, 16475, 16490, 16515, 16517, 16520, 16523, 16527, 16574, 16601, 16611, 16613, 16694, 16703, 16706, 16710, 16740, 16770, 16784, 16790, 16793, 16812, 16828, 16851, 16858, 16882, 16884, 16898, 16905, 16912, 16914, 16944, 16956, 17012, 17022, 17040, 17050, 17101, 17107, 17111, 17132, 17146, 17236, 17245, 17249, 17276, 17280, 17328, 17334, 17343, 17350, 17360, 17365, 17445, 17455, 17478, 17491, 17497, 17499, 17518, 17533, 17537, 17562, 17576, 17606, 17648, 17663, 17668, 17730, 17760, 17762, 17775, 17780, 17794, 17808, 17816, 17818, 17824, 17841, 17844, 17846, 17881, 17913, 18014, 18027, 18033, 18094, 18139, 18141, 18148, 18159, 18167, 18226, 18239, 18244, 18255, 18278, 18284, 18303, 18336, 18354, 18430, 18433, 18474, 18501, 18507, 18534, 18547, 18570, 18578, 18608, 18610, 18620, 18628, 18632, 18640, 18650, 18664, 18684, 18711, 18717, 18730, 18741, 18744, 18782, 18785, 18799, 18810, 18823, 18825, 18855, 18860, 18863, 18882, 18889, 18897, 18914, 18986, 18989, 18995, 19003, 19086, 19088, 19105, 19127, 19154, 19208, 19221, 19225, 19245, 19250, 19273, 19297, 19303, 19336, 19340, 19403, 19409, 19413, 19421, 19462, 19466]","[3132, 4386, 5682, 5831, 7102, 7250, 7371, 7684, 8064, 8216, 8401, 8539, 8882, 9322, 9467, 9626, 13033, 13447, 13726, 14575, 15021, 15338, 15597, 15746, 15933, 16114, 16240, 16522, 16811, 17275, 17647]",19472,1098,18374,0,1098,18343,31
-4.0,MMACLGNA,"[36, 87, 124, 147, 149, 151, 156, 160, 162, 173, 175, 180, 203, 246, 252, 275, 288, 290, 298, 322, 331, 342, 350, 355, 389, 401, 413, 438, 450, 455, 462, 471, 475, 482, 500, 505, 526, 538, 542, 546, 554, 565, 580, 601, 625, 642, 663, 665, 669, 681, 683, 691, 698, 744, 747, 759, 762, 784, 838, 848, 880, 884, 890, 919, 938, 941, 967, 1061, 1107, 1109, 1111, 1115, 1117, 1130, 1138, 1144, 1146, 1148, 1168, 1178, 1181, 1193, 1197, 1219, 1242, 1262, 1330, 1359, 1371, 1416, 1419, 1422, 1459, 1463, 1475, 1491, 1500, 1504, 1519, 1539, 1575, 1590, 1621, 1623, 1646, 1672, 1678, 1701, 1715, 1721, 1723, 1726, 1732, 1734, 1736, 1752, 1763, 1784, 1806, 1813, 1834, 1842, 1853, 1872, 1888, 1907, 1938, 1943, 1959, 1973, 2018, 2072, 2078, 2081, 2092, 2127, 2132, 2154, 2206, 2214, 2220, 2264, 2283, 2286, 2314, 2321, 2344, 2361, 2364, 2372, 2398, 2400, 2402, 2419, 2421, 2442, 2450, 2470, 2508, 2516, 2518, 2525, 2528, 2538, 2542, 2553, 2556, 2558, 2562, 2581, 2583, 2585, 2587, 2589, 2591, 2593, 2595, 2597, 2599, 2601, 2603, 2605, 2607, 2609, 2611, 2613, 2615, 2617, 2619, 2621, 2638, 2643, 2646, 2667, 2674, 2679, 2705, 2735, 2758, 2769, 2772, 2775, 2777, 2801, 2808, 2811, 2825, 2850, 2852, 2855, 2884, 2924, 2934, 2936, 2953, 2958, 2962, 2964, 2970, 2990, 3010, 3033, 3036, 3053, 3108, 3120, 3122, 3132, 3144, 3170, 3173, 3179, 3193, 3219, 3241, 3256, 3291, 3326, 3374, 3396, 3409, 3416, 3433, 3436, 3443, 3447, 3459, 3487, 3536, 3600, 3602, 3635, 3641, 3648, 3679, 3681, 3685, 3696, 3698, 3732, 3743, 3756, 3764, 3772, 3775, 3825, 3851]",[],"[36, 87, 124, 147, 149, 151, 156, 160, 162, 173, 175, 180, 203, 246, 252, 275, 288, 290, 298, 322, 331, 342, 350, 355, 389, 401, 413, 438, 450, 455, 462, 471, 475, 482, 500, 505, 526, 538, 542, 546, 554, 565, 580, 601, 625, 642, 663, 665, 669, 681, 683, 691, 698, 744, 747, 759, 762, 784, 838, 848, 880, 884, 890, 919, 938, 941, 967, 1061, 1107, 1109, 1111, 1115, 1117, 1130, 1138, 1144, 1146, 1148, 1168, 1178, 1181, 1193, 1197, 1219, 1242, 1262, 1330, 1359, 1371, 1416, 1419, 1422, 1459, 1463, 1475, 1491, 1500, 1504, 1519, 1539, 1575, 1590, 1621, 1623, 1646, 1672, 1678, 1701, 1715, 1721, 1723, 1726, 1732, 1734, 1736, 1752, 1763, 1784, 1806, 1813, 1834, 1842, 1853, 1872, 1888, 1907, 1938, 1943, 1959, 1973, 2018, 2072, 2078, 2081, 2092, 2127, 2132, 2154, 2206, 2214, 2220, 2264, 2283, 2286, 2314, 2321, 2344, 2361, 2364, 2372, 2398, 2400, 2402, 2419, 2421, 2442, 2450, 2470, 2508, 2516, 2518, 2525, 2528, 2538, 2542, 2553, 2556, 2558, 2562, 2581, 2583, 2585, 2587, 2589, 2591, 2593, 2595, 2597, 2599, 2601, 2603, 2605, 2607, 2609, 2611, 2613, 2615, 2617, 2619, 2621, 2638, 2643, 2646, 2667, 2674, 2679, 2705, 2735, 2758, 2769, 2772, 2775, 2777, 2801, 2808, 2811, 2825, 2850, 2852, 2855, 2884, 2924, 2934, 2936, 2953, 2958, 2962, 2964, 2970, 2990, 3010, 3033, 3036, 3053, 3108, 3120, 3122, 3132, 3144, 3170, 3173, 3179, 3193, 3219, 3241, 3256, 3291, 3326, 3374, 3396, 3409, 3416, 3433, 3436, 3443, 3447, 3459, 3487, 3536, 3600, 3602, 3635, 3641, 3648, 3679, 3681, 3685, 3696, 3698, 3732, 3743, 3756, 3764, 3772, 3775, 3825, 3851]","[474, 3178]",3874,267,3607,0,267,3605,2
-4.0,MMAPOG,"[62, 69, 124, 144, 151, 177, 186, 247, 266, 270, 289, 316, 330, 337, 352, 407, 409, 411, 475, 503, 506, 515, 524, 537, 541, 557, 598, 618, 634, 670, 693, 709, 727, 729, 733, 742, 766, 768, 774, 807, 824, 840, 861, 877, 946, 952, 983, 988, 1017, 1038, 1048, 1054, 1114, 1136, 1138, 1145, 1159, 1161, 1173, 1187, 1191, 1199, 1206, 1250, 1268, 1313, 1374, 1382, 1386, 1457, 1490, 1502, 1547, 1568, 1636, 1643, 1679, 1780, 1857, 1899, 1901, 1936, 1941, 2057, 2068, 2090, 2140, 2147]",[],"[62, 69, 124, 144, 151, 177, 186, 247, 266, 270, 289, 316, 330, 337, 352, 407, 409, 411, 475, 503, 506, 515, 524, 537, 541, 557, 598, 618, 634, 670, 693, 709, 727, 729, 733, 742, 766, 768, 774, 807, 824, 840, 861, 877, 946, 952, 983, 988, 1017, 1038, 1048, 1054, 1114, 1136, 1138, 1145, 1159, 1161, 1173, 1187, 1191, 1199, 1206, 1250, 1268, 1313, 1374, 1382, 1386, 1457, 1490, 1502, 1547, 1568, 1636, 1643, 1679, 1780, 1857, 1899, 1901, 1936, 1941, 2057, 2068, 2090, 2140, 2147]","[536, 806]",2169,88,2081,0,88,2079,2
-4.0,MMASM1G,"[37, 40, 128, 144, 150, 182, 193, 236, 249, 294, 334, 357, 379, 437, 440, 449, 461, 487, 506, 517, 544, 576, 599, 637, 642, 664, 681, 689, 691, 701, 739, 762, 767, 851, 870, 906, 917, 930, 939, 981, 991, 1015, 1025, 1056, 1089, 1093, 1097, 1107, 1110, 1134, 1142, 1174, 1181, 1200, 1217, 1231, 1241, 1246, 1261, 1275, 1295, 1299, 1314, 1332, 1334, 1336, 1351, 1365, 1373, 1406, 1413, 1422, 1430, 1435, 1456, 1484, 1493, 1502, 1547, 1549, 1555, 1562, 1583, 1586, 1592, 1594, 1602, 1607, 1629, 1653, 1700, 1743, 1751, 1758, 1760, 1795, 1821, 1849, 1885, 1897, 1906, 1908, 1939, 1976, 1978, 2009, 2020, 2066, 2074, 2087, 2093, 2095, 2105, 2129, 2215, 2245, 2254, 2258, 2316, 2333, 2335, 2420, 2442, 2444, 2457, 2469, 2519, 2582, 2626, 2652, 2656, 2669, 2685, 2702, 2704, 2719, 2741, 2750, 2825, 2831, 2883, 2890, 2929, 2941, 2953, 2962, 2967, 2995, 2997, 2999, 3014, 3026, 3028, 3052, 3063, 3069, 3081, 3083, 3090, 3106, 3169, 3203, 3246, 3266, 3268, 3282, 3300, 3308, 3311, 3343, 3359, 3368, 3372, 3392, 3483, 3542, 3586, 3588, 3600, 3620, 3624, 3643, 3651, 3697, 3716, 3746, 3750, 3786, 3788, 3817, 3829, 3837, 3882, 3921, 3924, 4062, 4106, 4172, 4174, 4211, 4213, 4256, 4259, 4262, 4274, 4277, 4283, 4292, 4309, 4315, 4341, 4422, 4427, 4442, 4451, 4493, 4509, 4521, 4533, 4583, 4588, 4609, 4642, 4682, 4686, 4708, 4756, 4765]",[],"[37, 40, 128, 144, 150, 182, 193, 236, 249, 294, 334, 357, 379, 437, 440, 449, 461, 487, 506, 517, 544, 576, 599, 637, 642, 664, 681, 689, 691, 701, 739, 762, 767, 851, 870, 906, 917, 930, 939, 981, 991, 1015, 1025, 1056, 1089, 1093, 1097, 1107, 1110, 1134, 1142, 1174, 1181, 1200, 1217, 1231, 1241, 1246, 1261, 1275, 1295, 1299, 1314, 1332, 1334, 1336, 1351, 1365, 1373, 1406, 1413, 1422, 1430, 1435, 1456, 1484, 1493, 1502, 1547, 1549, 1555, 1562, 1583, 1586, 1592, 1594, 1602, 1607, 1629, 1653, 1700, 1743, 1751, 1758, 1760, 1795, 1821, 1849, 1885, 1897, 1906, 1908, 1939, 1976, 1978, 2009, 2020, 2066, 2074, 2087, 2093, 2095, 2105, 2129, 2215, 2245, 2254, 2258, 2316, 2333, 2335, 2420, 2442, 2444, 2457, 2469, 2519, 2582, 2626, 2652, 2656, 2669, 2685, 2702, 2704, 2719, 2741, 2750, 2825, 2831, 2883, 2890, 2929, 2941, 2953, 2962, 2967, 2995, 2997, 2999, 3014, 3026, 3028, 3052, 3063, 3069, 3081, 3083, 3090, 3106, 3169, 3203, 3246, 3266, 3268, 3282, 3300, 3308, 3311, 3343, 3359, 3368, 3372, 3392, 3483, 3542, 3586, 3588, 3600, 3620, 3624, 3643, 3651, 3697, 3716, 3746, 3750, 3786, 3788, 3817, 3829, 3837, 3882, 3921, 3924, 4062, 4106, 4172, 4174, 4211, 4213, 4256, 4259, 4262, 4274, 4277, 4283, 4292, 4309, 4315, 4341, 4422, 4427, 4442, 4451, 4493, 4509, 4521, 4533, 4583, 4588, 4609, 4642, 4682, 4686, 4708, 4756, 4765]","[1088, 2244, 2928, 3245, 3745]",4768,228,4540,0,228,4535,5
-4.0,MMCASEIB,"[4, 16, 20, 33, 63, 101, 112, 125, 130, 148, 186, 215, 221, 243, 253, 255, 269, 283, 292, 302, 315, 329, 334, 378, 389, 396, 410, 440, 444, 489, 509, 555, 577, 592, 594, 600, 611, 617, 622, 653, 667, 672, 724, 729, 755, 785, 823, 886, 894, 911, 919, 941, 999, 1009, 1018, 1021, 1035, 1041, 1051, 1060, 1072, 1092, 1095, 1114, 1130, 1132, 1152, 1178, 1201, 1203, 1213, 1215, 1221, 1272, 1284, 1302, 1308, 1324, 1326, 1331, 1356, 1370, 1404, 1413, 1417, 1422, 1428, 1431, 1445, 1455, 1489, 1491, 1537, 1547, 1576, 1590, 1633, 1645, 1667, 1675, 1697, 1733, 1782, 1802, 1861, 1867, 1869, 1884, 1890, 1894, 1974, 1982, 1992, 1995, 2090, 2099, 2123, 2292, 2297, 2312, 2334, 2351, 2402, 2419, 2421, 2472, 2502, 2510, 2562, 2569, 2576, 2578, 2591, 2610, 2640, 2652, 2665, 2673, 2724, 2747, 2756, 2786, 2852, 2858, 2894, 2943, 2975, 2979, 3001, 3017, 3033, 3043, 3051, 3106, 3142, 3146, 3154, 3159, 3161, 3163, 3165, 3197, 3214, 3260, 3281, 3286, 3290, 3369, 3416, 3428, 3439, 3446, 3492, 3541, 3602, 3634, 3644, 3652, 3683, 3707, 3743, 3747, 3755, 3760, 3768, 3770, 3798, 3800, 3803, 3817, 3875, 3899, 3937, 3944, 3947, 3950, 3958, 3976, 3980, 4007, 4011, 4036, 4163, 4165, 4169, 4204, 4304, 4343, 4368, 4374, 4388, 4408, 4426, 4433, 4441, 4458, 4470, 4476, 4486, 4488, 4499, 4527, 4570, 4597, 4623, 4626, 4629, 4636, 4650, 4665, 4696, 4703, 4756, 4788, 4815, 4823, 4828, 4839, 4847, 4902, 4917, 4921, 5058, 5082, 5125, 5128, 5146, 5176, 5185, 5209, 5217, 5220, 5271, 5298, 5317, 5366, 5392, 5408, 5410, 5466, 5478, 5487, 5499, 5520, 5524, 5529, 5535, 5546, 5548, 5583, 5616, 5688, 5782, 5819, 5844, 5857, 5878, 5891, 5912, 5924, 5935, 5963, 5970, 5976, 5979, 6002, 6021, 6035, 6058, 6061, 6078, 6093, 6099, 6101, 6104, 6106, 6111, 6117, 6133, 6147, 6163, 6208, 6229, 6253, 6255, 6257, 6278, 6297, 6306, 6319, 6324, 6335, 6346, 6379, 6381, 6389, 6395, 6400, 6427, 6435, 6511, 6531, 6543, 6554, 6565, 6575, 6586, 6604, 6612, 6617, 6625, 6672, 6687, 6692, 6716, 6718, 6723, 6735, 6763, 6789, 6806, 6811, 6827, 6845, 6847, 6857, 6906, 6933, 6937, 6942, 6950, 6959, 6968, 6975, 6979, 6983, 7012, 7024, 7030, 7087, 7120, 7124, 7132, 7147, 7156, 7161, 7172, 7186, 7192, 7218, 7266, 7284, 7300, 7316, 7416, 7418, 7451, 7493, 7526, 7535, 7538, 7595, 7643, 7645, 7660, 7689, 7726, 7744, 7753, 7770, 7774, 7788, 7792, 7794, 7796, 7822, 7830, 7854, 7862, 7870, 7923, 7930, 7945, 7947, 7965, 7969, 7981, 8044, 8063, 8109, 8127, 8138, 8175, 8191, 8196, 8223, 8253, 8272, 8277, 8292, 8327, 8334, 8339, 8346, 8348, 8377, 8388, 8406, 8414, 8418, 8439, 8493, 8496, 8552, 8572, 8596, 8622, 8665, 8704, 8714, 8741, 8800, 8812, 8818, 8820, 8832, 8852, 8883, 8898, 8913, 8922, 8960, 8988, 8990, 9019, 9058, 9060, 9069, 9075, 9128, 9146, 9168, 9174, 9177, 9180, 9204, 9235, 9250, 9252, 9263, 9282, 9297, 9314, 9369, 9405, 9408, 9426, 9516, 9556, 9581, 9588, 9606, 9609, 9636, 9656, 9668, 9675, 9680, 9696, 9722, 9726, 9743, 9768, 9798, 9804, 9808, 9843, 9852, 9931, 9997, 10003, 10007, 10022, 10031, 10047, 10053, 10085, 10161, 10179, 10196, 10227, 10235, 10251, 10260, 10276, 10310, 10312, 10386, 10399, 10417, 10436, 10444, 10448, 10471, 10478, 10547, 10566, 10575, 10640, 10661, 10707, 10728, 10745, 10765, 10772, 10790, 10792, 10797, 10801, 10821, 10837, 10856, 10862, 10872, 10974, 10998, 11026, 11030, 11042, 11051, 11079, 11094, 11113, 11134, 11170, 11178, 11210, 11225, 11233, 11254, 11268, 11343, 11421, 11442, 11494, 11517, 11519, 11531, 11544, 11553, 11565, 11569, 11621, 11657, 11660, 11665, 11705, 11713, 11759, 11766, 11774, 11776, 11783, 11839, 11843, 11871, 11873, 11984, 12007, 12015, 12028, 12032, 12071, 12129, 12142, 12145, 12154, 12174, 12188, 12192, 12205, 12213, 12236, 12240, 12242, 12323, 12336, 12345, 12365, 12374, 12377, 12381, 12386, 12400, 12406, 12412, 12415, 12524, 12542, 12554, 12562, 12565, 12574, 12601, 12604, 12617, 12627, 12633, 12646, 12665, 12679, 12702, 12711, 12735, 12746, 12761, 12770, 12797, 12839, 12854, 12860, 12868, 12876, 12885, 12929, 12952, 12992, 13001, 13021, 13034]",[],"[4, 16, 20, 33, 63, 101, 112, 125, 130, 148, 186, 215, 221, 243, 253, 255, 269, 283, 292, 302, 315, 329, 334, 378, 389, 396, 410, 440, 444, 489, 509, 555, 577, 592, 594, 600, 611, 617, 622, 653, 667, 672, 724, 729, 755, 785, 823, 886, 894, 911, 919, 941, 999, 1009, 1018, 1021, 1035, 1041, 1051, 1060, 1072, 1092, 1095, 1114, 1130, 1132, 1152, 1178, 1201, 1203, 1213, 1215, 1221, 1272, 1284, 1302, 1308, 1324, 1326, 1331, 1356, 1370, 1404, 1413, 1417, 1422, 1428, 1431, 1445, 1455, 1489, 1491, 1537, 1547, 1576, 1590, 1633, 1645, 1667, 1675, 1697, 1733, 1782, 1802, 1861, 1867, 1869, 1884, 1890, 1894, 1974, 1982, 1992, 1995, 2090, 2099, 2123, 2292, 2297, 2312, 2334, 2351, 2402, 2419, 2421, 2472, 2502, 2510, 2562, 2569, 2576, 2578, 2591, 2610, 2640, 2652, 2665, 2673, 2724, 2747, 2756, 2786, 2852, 2858, 2894, 2943, 2975, 2979, 3001, 3017, 3033, 3043, 3051, 3106, 3142, 3146, 3154, 3159, 3161, 3163, 3165, 3197, 3214, 3260, 3281, 3286, 3290, 3369, 3416, 3428, 3439, 3446, 3492, 3541, 3602, 3634, 3644, 3652, 3683, 3707, 3743, 3747, 3755, 3760, 3768, 3770, 3798, 3800, 3803, 3817, 3875, 3899, 3937, 3944, 3947, 3950, 3958, 3976, 3980, 4007, 4011, 4036, 4163, 4165, 4169, 4204, 4304, 4343, 4368, 4374, 4388, 4408, 4426, 4433, 4441, 4458, 4470, 4476, 4486, 4488, 4499, 4527, 4570, 4597, 4623, 4626, 4629, 4636, 4650, 4665, 4696, 4703, 4756, 4788, 4815, 4823, 4828, 4839, 4847, 4902, 4917, 4921, 5058, 5082, 5125, 5128, 5146, 5176, 5185, 5209, 5217, 5220, 5271, 5298, 5317, 5366, 5392, 5408, 5410, 5466, 5478, 5487, 5499, 5520, 5524, 5529, 5535, 5546, 5548, 5583, 5616, 5688, 5782, 5819, 5844, 5857, 5878, 5891, 5912, 5924, 5935, 5963, 5970, 5976, 5979, 6002, 6021, 6035, 6058, 6061, 6078, 6093, 6099, 6101, 6104, 6106, 6111, 6117, 6133, 6147, 6163, 6208, 6229, 6253, 6255, 6257, 6278, 6297, 6306, 6319, 6324, 6335, 6346, 6379, 6381, 6389, 6395, 6400, 6427, 6435, 6511, 6531, 6543, 6554, 6565, 6575, 6586, 6604, 6612, 6617, 6625, 6672, 6687, 6692, 6716, 6718, 6723, 6735, 6763, 6789, 6806, 6811, 6827, 6845, 6847, 6857, 6906, 6933, 6937, 6942, 6950, 6959, 6968, 6975, 6979, 6983, 7012, 7024, 7030, 7087, 7120, 7124, 7132, 7147, 7156, 7161, 7172, 7186, 7192, 7218, 7266, 7284, 7300, 7316, 7416, 7418, 7451, 7493, 7526, 7535, 7538, 7595, 7643, 7645, 7660, 7689, 7726, 7744, 7753, 7770, 7774, 7788, 7792, 7794, 7796, 7822, 7830, 7854, 7862, 7870, 7923, 7930, 7945, 7947, 7965, 7969, 7981, 8044, 8063, 8109, 8127, 8138, 8175, 8191, 8196, 8223, 8253, 8272, 8277, 8292, 8327, 8334, 8339, 8346, 8348, 8377, 8388, 8406, 8414, 8418, 8439, 8493, 8496, 8552, 8572, 8596, 8622, 8665, 8704, 8714, 8741, 8800, 8812, 8818, 8820, 8832, 8852, 8883, 8898, 8913, 8922, 8960, 8988, 8990, 9019, 9058, 9060, 9069, 9075, 9128, 9146, 9168, 9174, 9177, 9180, 9204, 9235, 9250, 9252, 9263, 9282, 9297, 9314, 9369, 9405, 9408, 9426, 9516, 9556, 9581, 9588, 9606, 9609, 9636, 9656, 9668, 9675, 9680, 9696, 9722, 9726, 9743, 9768, 9798, 9804, 9808, 9843, 9852, 9931, 9997, 10003, 10007, 10022, 10031, 10047, 10053, 10085, 10161, 10179, 10196, 10227, 10235, 10251, 10260, 10276, 10310, 10312, 10386, 10399, 10417, 10436, 10444, 10448, 10471, 10478, 10547, 10566, 10575, 10640, 10661, 10707, 10728, 10745, 10765, 10772, 10790, 10792, 10797, 10801, 10821, 10837, 10856, 10862, 10872, 10974, 10998, 11026, 11030, 11042, 11051, 11079, 11094, 11113, 11134, 11170, 11178, 11210, 11225, 11233, 11254, 11268, 11343, 11421, 11442, 11494, 11517, 11519, 11531, 11544, 11553, 11565, 11569, 11621, 11657, 11660, 11665, 11705, 11713, 11759, 11766, 11774, 11776, 11783, 11839, 11843, 11871, 11873, 11984, 12007, 12015, 12028, 12032, 12071, 12129, 12142, 12145, 12154, 12174, 12188, 12192, 12205, 12213, 12236, 12240, 12242, 12323, 12336, 12345, 12365, 12374, 12377, 12381, 12386, 12400, 12406, 12412, 12415, 12524, 12542, 12554, 12562, 12565, 12574, 12601, 12604, 12617, 12627, 12633, 12646, 12665, 12679, 12702, 12711, 12735, 12746, 12761, 12770, 12797, 12839, 12854, 12860, 12868, 12876, 12885, 12929, 12952, 12992, 13001, 13021, 13034]","[6252, 7023, 7160, 8126, 8252, 9803]",13047,650,12397,0,650,12391,6
-4.0,MMCD24A,"[10, 34, 109, 116, 172, 176, 199, 234, 251, 275, 288, 301, 308, 384, 391, 393, 421, 451, 478, 482, 497, 515, 542, 544, 571, 577, 579, 594, 631, 671, 710, 712, 715, 776, 887, 902, 905, 938, 953, 957, 990, 1021, 1023, 1032, 1044, 1071, 1094, 1101, 1112, 1115, 1127, 1158, 1163, 1170, 1194, 1208, 1244, 1252, 1261, 1274, 1278, 1287, 1311, 1323, 1356, 1359, 1367, 1379, 1395, 1420, 1451, 1455, 1481, 1506, 1523, 1528, 1552, 1564, 1590, 1602, 1612, 1632, 1641, 1646, 1661, 1671, 1786, 1805, 1809, 1822, 1873, 1878, 1929, 1960, 1962, 1970, 2017, 2019, 2021, 2024, 2028, 2030, 2043, 2048, 2050, 2056, 2069, 2101, 2159, 2173, 2196, 2215, 2221, 2260, 2277, 2289, 2295, 2301, 2310, 2391, 2433, 2453, 2487, 2497, 2522, 2534, 2536, 2538, 2540, 2542, 2544, 2556, 2570, 2595, 2611, 2613, 2633, 2636, 2638, 2681, 2721, 2734, 2757, 2767, 2793, 2796, 2815, 2828, 2861, 2950, 2953, 2967, 3010, 3017, 3045, 3063, 3069, 3143, 3159, 3163, 3177, 3203, 3224, 3241, 3288, 3309, 3325, 3340, 3347, 3367, 3404, 3413, 3417, 3465, 3477, 3479, 3483, 3506, 3519, 3544, 3554, 3561, 3563, 3641, 3651, 3667, 3683, 3694, 3716, 3741, 3753, 3755, 3795, 3806, 3810, 3829, 3831, 3871, 3882, 3900, 3912, 3920, 3950, 3954, 3956, 3976, 3983, 4002, 4044, 4073, 4091, 4098, 4113, 4141, 4147, 4157, 4183, 4189, 4197, 4202, 4206, 4225, 4254, 4268, 4303, 4344, 4370, 4402, 4416, 4446, 4458, 4501, 4511, 4520, 4546, 4548, 4582, 4584, 4587, 4599, 4610, 4622, 4663, 4673, 4714, 4720, 4723, 4726, 4729, 4775, 4790, 4792, 4908, 4911, 4929, 5005, 5026, 5071, 5084, 5092, 5128, 5165, 5196, 5213, 5251, 5283, 5298, 5314, 5320, 5369, 5380, 5412, 5415, 5436, 5448, 5451, 5479, 5542, 5556, 5583, 5585, 5593, 5596, 5603, 5614, 5616, 5630, 5632, 5675, 5677, 5688, 5706, 5713, 5729, 5778, 5786, 5794, 5827, 5848, 5864, 5875, 5914, 5937, 5984, 5991, 6009, 6027, 6086, 6093, 6132, 6171, 6186, 6200, 6237, 6244, 6261, 6283, 6314, 6319, 6324, 6356, 6362, 6382, 6401, 6403, 6406, 6411, 6431, 6442, 6447, 6454, 6457, 6471, 6490, 6508, 6518, 6528, 6545, 6556, 6569, 6591, 6625, 6633, 6649, 6652, 6687, 6695, 6715, 6742, 6755, 6761, 6785, 6787, 6789, 6794, 6816, 6856, 6876, 6913, 6931, 6968, 6986, 7001, 7025, 7032, 7037, 7056, 7064, 7068, 7135, 7144, 7165, 7170, 7173, 7188, 7252, 7254, 7256, 7258, 7295, 7311, 7318, 7320, 7324, 7326, 7347, 7359, 7391, 7423, 7427, 7472, 7476, 7480, 7490, 7493, 7516, 7526, 7529, 7539, 7541, 7544, 7578, 7585, 7621, 7625, 7637, 7639]",[],"[10, 34, 109, 116, 172, 176, 199, 234, 251, 275, 288, 301, 308, 384, 391, 393, 421, 451, 478, 482, 497, 515, 542, 544, 571, 577, 579, 594, 631, 671, 710, 712, 715, 776, 887, 902, 905, 938, 953, 957, 990, 1021, 1023, 1032, 1044, 1071, 1094, 1101, 1112, 1115, 1127, 1158, 1163, 1170, 1194, 1208, 1244, 1252, 1261, 1274, 1278, 1287, 1311, 1323, 1356, 1359, 1367, 1379, 1395, 1420, 1451, 1455, 1481, 1506, 1523, 1528, 1552, 1564, 1590, 1602, 1612, 1632, 1641, 1646, 1661, 1671, 1786, 1805, 1809, 1822, 1873, 1878, 1929, 1960, 1962, 1970, 2017, 2019, 2021, 2024, 2028, 2030, 2043, 2048, 2050, 2056, 2069, 2101, 2159, 2173, 2196, 2215, 2221, 2260, 2277, 2289, 2295, 2301, 2310, 2391, 2433, 2453, 2487, 2497, 2522, 2534, 2536, 2538, 2540, 2542, 2544, 2556, 2570, 2595, 2611, 2613, 2633, 2636, 2638, 2681, 2721, 2734, 2757, 2767, 2793, 2796, 2815, 2828, 2861, 2950, 2953, 2967, 3010, 3017, 3045, 3063, 3069, 3143, 3159, 3163, 3177, 3203, 3224, 3241, 3288, 3309, 3325, 3340, 3347, 3367, 3404, 3413, 3417, 3465, 3477, 3479, 3483, 3506, 3519, 3544, 3554, 3561, 3563, 3641, 3651, 3667, 3683, 3694, 3716, 3741, 3753, 3755, 3795, 3806, 3810, 3829, 3831, 3871, 3882, 3900, 3912, 3920, 3950, 3954, 3956, 3976, 3983, 4002, 4044, 4073, 4091, 4098, 4113, 4141, 4147, 4157, 4183, 4189, 4197, 4202, 4206, 4225, 4254, 4268, 4303, 4344, 4370, 4402, 4416, 4446, 4458, 4501, 4511, 4520, 4546, 4548, 4582, 4584, 4587, 4599, 4610, 4622, 4663, 4673, 4714, 4720, 4723, 4726, 4729, 4775, 4790, 4792, 4908, 4911, 4929, 5005, 5026, 5071, 5084, 5092, 5128, 5165, 5196, 5213, 5251, 5283, 5298, 5314, 5320, 5369, 5380, 5412, 5415, 5436, 5448, 5451, 5479, 5542, 5556, 5583, 5585, 5593, 5596, 5603, 5614, 5616, 5630, 5632, 5675, 5677, 5688, 5706, 5713, 5729, 5778, 5786, 5794, 5827, 5848, 5864, 5875, 5914, 5937, 5984, 5991, 6009, 6027, 6086, 6093, 6132, 6171, 6186, 6200, 6237, 6244, 6261, 6283, 6314, 6319, 6324, 6356, 6362, 6382, 6401, 6403, 6406, 6411, 6431, 6442, 6447, 6454, 6457, 6471, 6490, 6508, 6518, 6528, 6545, 6556, 6569, 6591, 6625, 6633, 6649, 6652, 6687, 6695, 6715, 6742, 6755, 6761, 6785, 6787, 6789, 6794, 6816, 6856, 6876, 6913, 6931, 6968, 6986, 7001, 7025, 7032, 7037, 7056, 7064, 7068, 7135, 7144, 7165, 7170, 7173, 7188, 7252, 7254, 7256, 7258, 7295, 7311, 7318, 7320, 7324, 7326, 7347, 7359, 7391, 7423, 7427, 7472, 7476, 7480, 7490, 7493, 7516, 7526, 7529, 7539, 7541, 7544, 7578, 7585, 7621, 7625, 7637, 7639]",[2486],7635,407,7228,0,407,7227,1
-4.0,MMCFOS,"[30, 57, 84, 100, 108, 161, 188, 209, 215, 243, 263, 271, 284, 290, 293, 335, 363, 377, 386, 402, 418, 423, 477, 487, 492, 499, 600, 616, 658, 660, 709, 717, 739, 756, 833, 845, 849, 859, 861, 872, 885, 891, 908, 910, 931, 966, 1000, 1010, 1020, 1026, 1036, 1058, 1069, 1102, 1129, 1143, 1156, 1232, 1245, 1247, 1249, 1257, 1277, 1309, 1321, 1357, 1388, 1460, 1483, 1546, 1548, 1587, 1592, 1616, 1620, 1627, 1647, 1679, 1686, 1701, 1710, 1760, 1791, 1800, 1802, 1842, 1851, 1874, 1966, 1992, 2006, 2032, 2080, 2138, 2163, 2169, 2174, 2184, 2195, 2209, 2235, 2239, 2321, 2364, 2368, 2403, 2430, 2446, 2448, 2507, 2513, 2561, 2627, 2631, 2656, 2681, 2745, 2763, 2798, 2821, 2844, 2853, 2861, 2866, 2928, 2948, 2950, 2958, 2961, 2968, 2993, 3003, 3040, 3119, 3126, 3158, 3176, 3200, 3214, 3220, 3244, 3248, 3265, 3306, 3327, 3368, 3370, 3372, 3375, 3382, 3399, 3402, 3406, 3415, 3419, 3430, 3434, 3436, 3483, 3488, 3510, 3520, 3527, 3554, 3556, 3571, 3573, 3629, 3657, 3662, 3675, 3681, 3688, 3693, 3710, 3716, 3719, 3727, 3742, 3757, 3766, 3768, 3838, 3850, 3857, 3886, 3897, 3910, 3928]",[],"[30, 57, 84, 100, 108, 161, 188, 209, 215, 243, 263, 271, 284, 290, 293, 335, 363, 377, 386, 402, 418, 423, 477, 487, 492, 499, 600, 616, 658, 660, 709, 717, 739, 756, 833, 845, 849, 859, 861, 872, 885, 891, 908, 910, 931, 966, 1000, 1010, 1020, 1026, 1036, 1058, 1069, 1102, 1129, 1143, 1156, 1232, 1245, 1247, 1249, 1257, 1277, 1309, 1321, 1357, 1388, 1460, 1483, 1546, 1548, 1587, 1592, 1616, 1620, 1627, 1647, 1679, 1686, 1701, 1710, 1760, 1791, 1800, 1802, 1842, 1851, 1874, 1966, 1992, 2006, 2032, 2080, 2138, 2163, 2169, 2174, 2184, 2195, 2209, 2235, 2239, 2321, 2364, 2368, 2403, 2430, 2446, 2448, 2507, 2513, 2561, 2627, 2631, 2656, 2681, 2745, 2763, 2798, 2821, 2844, 2853, 2861, 2866, 2928, 2948, 2950, 2958, 2961, 2968, 2993, 3003, 3040, 3119, 3126, 3158, 3176, 3200, 3214, 3220, 3244, 3248, 3265, 3306, 3327, 3368, 3370, 3372, 3375, 3382, 3399, 3402, 3406, 3415, 3419, 3430, 3434, 3436, 3483, 3488, 3510, 3520, 3527, 3554, 3556, 3571, 3573, 3629, 3657, 3662, 3675, 3681, 3688, 3693, 3710, 3716, 3719, 3727, 3742, 3757, 3766, 3768, 3838, 3850, 3857, 3886, 3897, 3910, 3928]","[844, 1850, 2363]",3960,189,3771,0,189,3768,3
-4.0,MMCOL10A,"[31, 39, 79, 143, 146, 204, 217, 240, 247, 286, 310, 318, 323, 332, 364, 371, 378, 380, 394, 401, 536, 545, 561, 643, 656, 677, 695, 715, 749, 830, 873, 885, 908, 975, 997, 1071, 1080, 1088, 1153, 1155, 1157, 1159, 1194, 1206, 1214, 1252, 1270, 1293, 1309, 1314, 1341, 1349, 1370, 1378, 1394, 1400, 1433, 1447, 1510, 1519, 1523, 1562, 1566, 1576, 1595, 1607, 1609, 1681, 1694, 1705, 1720, 1797, 1803, 1815, 1859, 1897, 1910, 1916, 1935, 1965, 1969, 2050, 2106, 2149, 2210, 2288, 2311, 2331, 2333, 2342, 2357, 2362, 2370, 2372, 2387, 2389, 2391, 2395, 2409, 2422, 2505, 2520, 2535, 2541, 2559, 2623, 2669, 2696, 2729, 2766, 2772, 2797, 2799, 2830, 2888, 2932, 2936, 2938, 2942, 2948, 2968, 3001, 3017, 3031, 3036, 3062, 3070, 3077, 3085, 3103, 3120, 3141, 3200, 3227, 3238, 3259, 3266, 3293, 3299, 3313, 3477, 3499, 3506, 3515, 3554, 3569, 3653, 3677, 3698, 3708, 3713, 3716, 3731, 3738, 3740, 3751, 3795, 3810, 3834, 3919, 3921, 3923, 3953, 3965, 3967, 3986, 3995, 3998, 4012, 4039, 4054, 4128, 4153, 4168, 4177, 4186, 4204, 4216, 4223, 4227, 4232, 4234, 4244, 4247, 4279, 4287, 4375, 4388, 4394, 4411, 4439, 4446, 4462, 4482, 4530, 4536, 4561, 4567, 4574, 4581, 4604, 4608, 4610, 4613, 4615, 4631, 4657, 4666, 4673, 4683, 4690, 4705, 4717, 4730, 4755, 4760, 4777, 4780, 4784, 4786, 4788, 4793, 4813, 4822, 4827, 4845, 4853, 4884, 4895, 4908, 4925, 4945, 4956, 4972, 4975, 4979, 5005, 5018, 5047, 5056, 5093, 5101, 5104, 5106, 5110, 5116, 5148, 5154, 5179, 5183, 5193, 5200, 5204, 5206, 5208, 5225, 5250, 5286, 5322, 5347, 5522, 5556, 5592, 5610, 5612, 5655, 5661, 5670, 5688, 5717, 5730, 5766, 5775, 5802, 5811, 5820, 5847, 5880, 5889, 5934, 5976, 6003, 6021, 6048, 6066, 6147, 6156, 6161, 6201, 6211, 6229, 6246, 6255, 6264, 6274, 6291, 6302, 6318, 6327, 6332, 6341, 6356, 6372, 6381, 6390, 6408, 6435, 6437, 6462, 6480, 6531, 6549, 6564, 6576, 6585, 6594, 6620, 6680, 6684, 6698, 6705, 6713, 6715, 6728, 6755, 6759, 6787, 6822, 6834, 6869, 6875, 6890, 6896, 6904, 6928, 6934, 6943, 6978, 7010, 7060, 7064, 7072, 7091, 7102, 7115, 7193, 7204, 7209, 7232, 7249, 7266, 7273, 7279, 7283, 7287, 7333, 7336, 7344, 7347, 7349, 7353, 7478, 7577, 7600, 7657, 7668, 7677, 7701, 7727, 7734, 7743, 7771, 7784, 7786, 7801, 7803, 7814, 7818, 7826, 7833, 7835, 7867, 7912, 7914, 7929, 7950, 7998, 8003, 8019, 8030, 8037, 8061, 8077, 8119, 8126, 8137, 8150, 8198, 8208, 8219, 8222, 8233, 8241, 8247, 8269, 8282, 8323, 8370, 8374, 8395, 8462, 8484, 8517, 8519, 8521, 8523, 8525, 8527, 8529, 8531, 8533, 8535, 8537, 8539, 8604, 8617, 8641, 8681, 8709, 8719, 8723, 8729, 8763, 8768, 8806, 8831, 8838, 8840, 8888, 8940, 9002, 9051, 9067, 9086, 9099, 9134, 9167, 9169, 9172, 9207, 9221, 9249, 9256, 9261, 9282, 9285, 9302, 9309, 9323]",[],"[31, 39, 79, 143, 146, 204, 217, 240, 247, 286, 310, 318, 323, 332, 364, 371, 378, 380, 394, 401, 536, 545, 561, 643, 656, 677, 695, 715, 749, 830, 873, 885, 908, 975, 997, 1071, 1080, 1088, 1153, 1155, 1157, 1159, 1194, 1206, 1214, 1252, 1270, 1293, 1309, 1314, 1341, 1349, 1370, 1378, 1394, 1400, 1433, 1447, 1510, 1519, 1523, 1562, 1566, 1576, 1595, 1607, 1609, 1681, 1694, 1705, 1720, 1797, 1803, 1815, 1859, 1897, 1910, 1916, 1935, 1965, 1969, 2050, 2106, 2149, 2210, 2288, 2311, 2331, 2333, 2342, 2357, 2362, 2370, 2372, 2387, 2389, 2391, 2395, 2409, 2422, 2505, 2520, 2535, 2541, 2559, 2623, 2669, 2696, 2729, 2766, 2772, 2797, 2799, 2830, 2888, 2932, 2936, 2938, 2942, 2948, 2968, 3001, 3017, 3031, 3036, 3062, 3070, 3077, 3085, 3103, 3120, 3141, 3200, 3227, 3238, 3259, 3266, 3293, 3299, 3313, 3477, 3499, 3506, 3515, 3554, 3569, 3653, 3677, 3698, 3708, 3713, 3716, 3731, 3738, 3740, 3751, 3795, 3810, 3834, 3919, 3921, 3923, 3953, 3965, 3967, 3986, 3995, 3998, 4012, 4039, 4054, 4128, 4153, 4168, 4177, 4186, 4204, 4216, 4223, 4227, 4232, 4234, 4244, 4247, 4279, 4287, 4375, 4388, 4394, 4411, 4439, 4446, 4462, 4482, 4530, 4536, 4561, 4567, 4574, 4581, 4604, 4608, 4610, 4613, 4615, 4631, 4657, 4666, 4673, 4683, 4690, 4705, 4717, 4730, 4755, 4760, 4777, 4780, 4784, 4786, 4788, 4793, 4813, 4822, 4827, 4845, 4853, 4884, 4895, 4908, 4925, 4945, 4956, 4972, 4975, 4979, 5005, 5018, 5047, 5056, 5093, 5101, 5104, 5106, 5110, 5116, 5148, 5154, 5179, 5183, 5193, 5200, 5204, 5206, 5208, 5225, 5250, 5286, 5322, 5347, 5522, 5556, 5592, 5610, 5612, 5655, 5661, 5670, 5688, 5717, 5730, 5766, 5775, 5802, 5811, 5820, 5847, 5880, 5889, 5934, 5976, 6003, 6021, 6048, 6066, 6147, 6156, 6161, 6201, 6211, 6229, 6246, 6255, 6264, 6274, 6291, 6302, 6318, 6327, 6332, 6341, 6356, 6372, 6381, 6390, 6408, 6435, 6437, 6462, 6480, 6531, 6549, 6564, 6576, 6585, 6594, 6620, 6680, 6684, 6698, 6705, 6713, 6715, 6728, 6755, 6759, 6787, 6822, 6834, 6869, 6875, 6890, 6896, 6904, 6928, 6934, 6943, 6978, 7010, 7060, 7064, 7072, 7091, 7102, 7115, 7193, 7204, 7209, 7232, 7249, 7266, 7273, 7279, 7283, 7287, 7333, 7336, 7344, 7347, 7349, 7353, 7478, 7577, 7600, 7657, 7668, 7677, 7701, 7727, 7734, 7743, 7771, 7784, 7786, 7801, 7803, 7814, 7818, 7826, 7833, 7835, 7867, 7912, 7914, 7929, 7950, 7998, 8003, 8019, 8030, 8037, 8061, 8077, 8119, 8126, 8137, 8150, 8198, 8208, 8219, 8222, 8233, 8241, 8247, 8269, 8282, 8323, 8370, 8374, 8395, 8462, 8484, 8517, 8519, 8521, 8523, 8525, 8527, 8529, 8531, 8533, 8535, 8537, 8539, 8604, 8617, 8641, 8681, 8709, 8719, 8723, 8729, 8763, 8768, 8806, 8831, 8838, 8840, 8888, 8940, 9002, 9051, 9067, 9086, 9099, 9134, 9167, 9169, 9172, 9207, 9221, 9249, 9256, 9261, 9282, 9285, 9302, 9309, 9323]",[1802],9324,459,8865,0,459,8864,1
-4.0,MMCRPG,"[18, 33, 44, 53, 57, 85, 123, 126, 133, 150, 152, 172, 175, 198, 235, 276, 329, 367, 376, 416, 462, 468, 470, 478, 524, 539, 573, 580, 593, 609, 623, 639, 641, 656, 684, 686, 688, 717, 730, 732, 797, 810, 814, 817, 825, 837, 871, 884, 900, 905, 930, 940, 960, 1004, 1012, 1031, 1038, 1056, 1064, 1074, 1101, 1107, 1111, 1131, 1168, 1173, 1175, 1193, 1196, 1209, 1212, 1253, 1260, 1287, 1290, 1294, 1298, 1303, 1332, 1335, 1427, 1442, 1598, 1604, 1614, 1624, 1629, 1703, 1793, 1819, 1828, 1835, 1937, 1942, 1948, 1962, 1968, 1975, 1983, 1985, 1989, 1997, 2002, 2018, 2040, 2053, 2075, 2092, 2100, 2109]",[],"[18, 33, 44, 53, 57, 85, 123, 126, 133, 150, 152, 172, 175, 198, 235, 276, 329, 367, 376, 416, 462, 468, 470, 478, 524, 539, 573, 580, 593, 609, 623, 639, 641, 656, 684, 686, 688, 717, 730, 732, 797, 810, 814, 817, 825, 837, 871, 884, 900, 905, 930, 940, 960, 1004, 1012, 1031, 1038, 1056, 1064, 1074, 1101, 1107, 1111, 1131, 1168, 1173, 1175, 1193, 1196, 1209, 1212, 1253, 1260, 1287, 1290, 1294, 1298, 1303, 1332, 1335, 1427, 1442, 1598, 1604, 1614, 1624, 1629, 1703, 1793, 1819, 1828, 1835, 1937, 1942, 1948, 1962, 1968, 1975, 1983, 1985, 1989, 1997, 2002, 2018, 2040, 2053, 2075, 2092, 2100, 2109]",[375],2133,110,2023,0,110,2022,1
-4.0,MMCYTOKNA,"[50, 107, 123, 143, 167, 172, 179, 206, 216, 230, 234, 238, 260, 263, 272, 296, 313, 325, 331, 358, 470, 482, 497, 504, 509, 511, 527, 552, 554, 593, 687, 758, 795, 797, 811, 832, 849, 890, 901, 927, 1013, 1027, 1040, 1043, 1051, 1058, 1082, 1090, 1119, 1124, 1128, 1158, 1161, 1166, 1175, 1177, 1226, 1228, 1249, 1273, 1288, 1340, 1394, 1454, 1465, 1498, 1553, 1556, 1560, 1562, 1576, 1581, 1585, 1613, 1618, 1633, 1658, 1667, 1738, 1773, 1817, 1853, 1858, 1872, 1882, 1901, 1961, 1984, 1988, 2048, 2100, 2116, 2127, 2129, 2139, 2158, 2162, 2170, 2178, 2195, 2203, 2232, 2240, 2242, 2253, 2274, 2285, 2288, 2290, 2330, 2336, 2364, 2407, 2418, 2420, 2423, 2433, 2447, 2461, 2493, 2524, 2533, 2543, 2550, 2554]",[],"[50, 107, 123, 143, 167, 172, 179, 206, 216, 230, 234, 238, 260, 263, 272, 296, 313, 325, 331, 358, 470, 482, 497, 504, 509, 511, 527, 552, 554, 593, 687, 758, 795, 797, 811, 832, 849, 890, 901, 927, 1013, 1027, 1040, 1043, 1051, 1058, 1082, 1090, 1119, 1124, 1128, 1158, 1161, 1166, 1175, 1177, 1226, 1228, 1249, 1273, 1288, 1340, 1394, 1454, 1465, 1498, 1553, 1556, 1560, 1562, 1576, 1581, 1585, 1613, 1618, 1633, 1658, 1667, 1738, 1773, 1817, 1853, 1858, 1872, 1882, 1901, 1961, 1984, 1988, 2048, 2100, 2116, 2127, 2129, 2139, 2158, 2162, 2170, 2178, 2195, 2203, 2232, 2240, 2242, 2253, 2274, 2285, 2288, 2290, 2330, 2336, 2364, 2407, 2418, 2420, 2423, 2433, 2447, 2461, 2493, 2524, 2533, 2543, 2550, 2554]","[810, 1559]",2552,125,2427,0,125,2425,2
-4.0,MMDM2RR,"[6, 31, 45, 74, 105, 146, 181, 192, 194, 212, 303, 354, 360, 413, 422, 462, 467, 497, 504, 522, 542, 560, 576, 620, 623, 666, 681, 692, 699, 711, 714, 718, 736, 743, 766, 768, 804, 855, 859, 866, 868, 879, 883, 899, 916, 936, 974, 976, 989, 1000, 1011, 1017, 1022, 1029, 1059, 1066, 1096, 1106, 1111, 1125, 1129, 1163, 1186, 1200, 1228, 1231, 1245, 1266, 1306, 1312, 1326, 1328, 1330, 1352, 1378, 1398, 1400, 1428, 1440, 1451, 1466, 1474, 1476, 1478, 1480, 1482, 1516, 1535, 1604, 1626, 1637, 1652, 1656, 1697, 1757, 1769, 1803, 1808, 1815, 1824, 1847, 1955, 1960, 1966, 1975, 1979, 2002, 2005, 2009, 2021, 2043, 2064, 2067, 2086, 2090, 2130, 2132, 2147, 2157, 2159, 2161, 2172, 2189, 2194, 2218, 2223, 2225, 2237, 2248, 2255, 2314, 2333, 2340, 2345, 2370, 2378, 2408, 2412, 2452, 2500, 2503, 2505, 2514, 2526, 2529, 2569, 2590, 2596, 2612, 2658, 2663, 2703, 2707, 2728, 2760, 2806, 2810, 2816, 2832, 2854, 2856, 2858, 2861, 2868, 2872, 2895, 2908, 2916, 2927, 2942, 2944, 2990, 3004, 3018, 3023, 3038, 3044, 3081, 3086, 3097, 3100, 3137, 3139, 3148, 3180, 3183, 3238, 3254, 3263, 3267, 3302, 3346, 3360, 3373, 3379, 3408, 3416, 3431, 3475, 3477, 3481, 3483, 3510, 3515, 3521, 3527, 3533, 3551, 3557, 3578, 3584, 3587, 3589, 3642, 3644, 3697, 3702, 3751, 3756, 3775, 3806, 3812, 3814, 3837, 3840, 3855, 3877, 3963, 3967, 3974, 4029, 4034, 4036, 4058, 4063, 4065, 4117, 4120, 4130, 4135, 4139, 4159, 4181, 4188, 4194, 4209, 4250, 4274, 4289, 4332, 4359, 4373, 4381, 4391, 4393, 4406, 4413, 4422, 4428, 4444, 4471, 4473, 4483, 4485, 4500, 4536, 4548, 4570, 4580, 4599, 4626, 4634, 4664, 4666, 4668, 4703, 4709, 4714, 4723, 4725, 4737, 4757, 4765, 4774, 4781, 4794, 4822, 4831, 4850, 4863, 4887, 4911, 4926, 4930, 4938, 4944, 4973, 4975, 4991, 5023, 5045, 5083, 5092, 5096, 5124, 5135, 5140, 5142, 5168, 5172, 5175, 5180, 5208, 5229, 5231, 5253, 5264, 5322, 5330, 5346, 5351, 5397, 5407, 5409, 5428, 5485, 5506, 5508, 5520, 5522, 5534, 5539, 5552, 5566, 5584, 5609, 5626, 5629, 5631, 5634, 5655, 5676, 5688, 5707, 5726, 5736, 5746, 5774, 5787, 5791, 5826, 5831, 5861, 5864, 5897, 5910, 5929, 5934, 5962, 5964, 5994, 6002, 6016, 6031, 6035, 6046, 6049, 6053, 6061, 6097, 6099, 6109, 6119, 6158, 6173, 6181, 6187, 6205, 6222, 6255, 6279, 6281, 6308, 6312, 6321, 6328, 6368, 6436, 6477, 6503, 6510, 6520, 6548, 6565, 6579, 6592, 6608, 6611]",[],"[6, 31, 45, 74, 105, 146, 181, 192, 194, 212, 303, 354, 360, 413, 422, 462, 467, 497, 504, 522, 542, 560, 576, 620, 623, 666, 681, 692, 699, 711, 714, 718, 736, 743, 766, 768, 804, 855, 859, 866, 868, 879, 883, 899, 916, 936, 974, 976, 989, 1000, 1011, 1017, 1022, 1029, 1059, 1066, 1096, 1106, 1111, 1125, 1129, 1163, 1186, 1200, 1228, 1231, 1245, 1266, 1306, 1312, 1326, 1328, 1330, 1352, 1378, 1398, 1400, 1428, 1440, 1451, 1466, 1474, 1476, 1478, 1480, 1482, 1516, 1535, 1604, 1626, 1637, 1652, 1656, 1697, 1757, 1769, 1803, 1808, 1815, 1824, 1847, 1955, 1960, 1966, 1975, 1979, 2002, 2005, 2009, 2021, 2043, 2064, 2067, 2086, 2090, 2130, 2132, 2147, 2157, 2159, 2161, 2172, 2189, 2194, 2218, 2223, 2225, 2237, 2248, 2255, 2314, 2333, 2340, 2345, 2370, 2378, 2408, 2412, 2452, 2500, 2503, 2505, 2514, 2526, 2529, 2569, 2590, 2596, 2612, 2658, 2663, 2703, 2707, 2728, 2760, 2806, 2810, 2816, 2832, 2854, 2856, 2858, 2861, 2868, 2872, 2895, 2908, 2916, 2927, 2942, 2944, 2990, 3004, 3018, 3023, 3038, 3044, 3081, 3086, 3097, 3100, 3137, 3139, 3148, 3180, 3183, 3238, 3254, 3263, 3267, 3302, 3346, 3360, 3373, 3379, 3408, 3416, 3431, 3475, 3477, 3481, 3483, 3510, 3515, 3521, 3527, 3533, 3551, 3557, 3578, 3584, 3587, 3589, 3642, 3644, 3697, 3702, 3751, 3756, 3775, 3806, 3812, 3814, 3837, 3840, 3855, 3877, 3963, 3967, 3974, 4029, 4034, 4036, 4058, 4063, 4065, 4117, 4120, 4130, 4135, 4139, 4159, 4181, 4188, 4194, 4209, 4250, 4274, 4289, 4332, 4359, 4373, 4381, 4391, 4393, 4406, 4413, 4422, 4428, 4444, 4471, 4473, 4483, 4485, 4500, 4536, 4548, 4570, 4580, 4599, 4626, 4634, 4664, 4666, 4668, 4703, 4709, 4714, 4723, 4725, 4737, 4757, 4765, 4774, 4781, 4794, 4822, 4831, 4850, 4863, 4887, 4911, 4926, 4930, 4938, 4944, 4973, 4975, 4991, 5023, 5045, 5083, 5092, 5096, 5124, 5135, 5140, 5142, 5168, 5172, 5175, 5180, 5208, 5229, 5231, 5253, 5264, 5322, 5330, 5346, 5351, 5397, 5407, 5409, 5428, 5485, 5506, 5508, 5520, 5522, 5534, 5539, 5552, 5566, 5584, 5609, 5626, 5629, 5631, 5634, 5655, 5676, 5688, 5707, 5726, 5736, 5746, 5774, 5787, 5791, 5826, 5831, 5861, 5864, 5897, 5910, 5929, 5934, 5962, 5964, 5994, 6002, 6016, 6031, 6035, 6046, 6049, 6053, 6061, 6097, 6099, 6109, 6119, 6158, 6173, 6181, 6187, 6205, 6222, 6255, 6279, 6281, 6308, 6312, 6321, 6328, 6368, 6436, 6477, 6503, 6510, 6520, 6548, 6565, 6579, 6592, 6608, 6611]","[665, 854, 1305, 1651, 2702, 3701, 3962, 4925, 5134]",6633,398,6235,0,398,6226,9
-4.0,MMDNAASFA,"[27, 34, 58, 113, 140, 173, 184, 189, 201, 229, 240, 267, 292, 298, 303, 330, 346, 355, 370, 375, 390, 406, 411, 438, 468, 497, 543, 630, 638, 765, 790, 801, 811, 827, 833, 835, 841, 856, 860, 907, 915, 919, 923, 950, 960, 985, 988, 992, 1029, 1043, 1053, 1066, 1094, 1110, 1151, 1164, 1242, 1302, 1314, 1321, 1359, 1365, 1378, 1407, 1413, 1427, 1457, 1498, 1502, 1504, 1552, 1561, 1577, 1581, 1617, 1628, 1640, 1671, 1676, 1706, 1747, 1768, 1781, 1801, 1824, 1848, 1877, 1895, 1899, 1906, 1924, 1935, 1941, 1958, 1968, 1982, 2000, 2002, 2004, 2010, 2017, 2029, 2061, 2085, 2090, 2108, 2121, 2136, 2140, 2157, 2159, 2195, 2204, 2222, 2230, 2232, 2307, 2320, 2322, 2358, 2367, 2395, 2407, 2422, 2432, 2445, 2459, 2470, 2492, 2509, 2515, 2521, 2571, 2604, 2608, 2647, 2656, 2696, 2758, 2777, 2819, 2843, 2858, 2923, 2933, 2944, 2997, 3068, 3094, 3120, 3149, 3160, 3182, 3189, 3191, 3193, 3199, 3222, 3224, 3226, 3229, 3233, 3240, 3245, 3272, 3293, 3296, 3307, 3311, 3324, 3362, 3376, 3434, 3445, 3456, 3465, 3467, 3469, 3500, 3518, 3525, 3531, 3547, 3556, 3559, 3642, 3651, 3671, 3678, 3683, 3704, 3709, 3787, 3814, 3827, 3875, 3878, 3887, 3963, 4002, 4015, 4024, 4062, 4083, 4093, 4105, 4119, 4160, 4162, 4176, 4185, 4196, 4221, 4236, 4277, 4307]",[],"[27, 34, 58, 113, 140, 173, 184, 189, 201, 229, 240, 267, 292, 298, 303, 330, 346, 355, 370, 375, 390, 406, 411, 438, 468, 497, 543, 630, 638, 765, 790, 801, 811, 827, 833, 835, 841, 856, 860, 907, 915, 919, 923, 950, 960, 985, 988, 992, 1029, 1043, 1053, 1066, 1094, 1110, 1151, 1164, 1242, 1302, 1314, 1321, 1359, 1365, 1378, 1407, 1413, 1427, 1457, 1498, 1502, 1504, 1552, 1561, 1577, 1581, 1617, 1628, 1640, 1671, 1676, 1706, 1747, 1768, 1781, 1801, 1824, 1848, 1877, 1895, 1899, 1906, 1924, 1935, 1941, 1958, 1968, 1982, 2000, 2002, 2004, 2010, 2017, 2029, 2061, 2085, 2090, 2108, 2121, 2136, 2140, 2157, 2159, 2195, 2204, 2222, 2230, 2232, 2307, 2320, 2322, 2358, 2367, 2395, 2407, 2422, 2432, 2445, 2459, 2470, 2492, 2509, 2515, 2521, 2571, 2604, 2608, 2647, 2656, 2696, 2758, 2777, 2819, 2843, 2858, 2923, 2933, 2944, 2997, 3068, 3094, 3120, 3149, 3160, 3182, 3189, 3191, 3193, 3199, 3222, 3224, 3226, 3229, 3233, 3240, 3245, 3272, 3293, 3296, 3307, 3311, 3324, 3362, 3376, 3434, 3445, 3456, 3465, 3467, 3469, 3500, 3518, 3525, 3531, 3547, 3556, 3559, 3642, 3651, 3671, 3678, 3683, 3704, 3709, 3787, 3814, 3827, 3875, 3878, 3887, 3963, 4002, 4015, 4024, 4062, 4083, 4093, 4105, 4119, 4160, 4162, 4176, 4185, 4196, 4221, 4236, 4277, 4307]","[855, 1241, 1576, 1823, 2135, 2357, 2695]",4311,216,4095,0,216,4088,7
-4.0,MMEZGL,"[5, 18, 48, 55, 83, 93, 107, 132, 156, 162, 213, 218, 220, 256, 287, 312, 368, 386, 398, 400, 440, 447, 497, 530, 536, 590, 614, 622, 638, 649, 662, 666, 690, 702, 707, 716, 742, 760, 803, 832, 841, 853, 859, 864, 900, 911, 915, 926, 947, 957, 972, 989, 992, 1008, 1010, 1012, 1014, 1016, 1018, 1020, 1022, 1024, 1026, 1028, 1030, 1032, 1034, 1036, 1038, 1040, 1042, 1044, 1046, 1048, 1050, 1113, 1155, 1165, 1168, 1172, 1192, 1216, 1221, 1250, 1266, 1277, 1281, 1293, 1331, 1365, 1455, 1464, 1498, 1510, 1535, 1577, 1579, 1588, 1600, 1604, 1626, 1659, 1664, 1711, 1719, 1727, 1769, 1789, 1795, 1804, 1825, 1903, 1929, 1949, 1954, 1956]",[],"[5, 18, 48, 55, 83, 93, 107, 132, 156, 162, 213, 218, 220, 256, 287, 312, 368, 386, 398, 400, 440, 447, 497, 530, 536, 590, 614, 622, 638, 649, 662, 666, 690, 702, 707, 716, 742, 760, 803, 832, 841, 853, 859, 864, 900, 911, 915, 926, 947, 957, 972, 989, 992, 1008, 1010, 1012, 1014, 1016, 1018, 1020, 1022, 1024, 1026, 1028, 1030, 1032, 1034, 1036, 1038, 1040, 1042, 1044, 1046, 1048, 1050, 1113, 1155, 1165, 1168, 1172, 1192, 1216, 1221, 1250, 1266, 1277, 1281, 1293, 1331, 1365, 1455, 1464, 1498, 1510, 1535, 1577, 1579, 1588, 1600, 1604, 1626, 1659, 1664, 1711, 1719, 1727, 1769, 1789, 1795, 1804, 1825, 1903, 1929, 1949, 1954, 1956]","[589, 1599]",1947,116,1831,0,116,1829,2
-4.0,MMG37,"[40, 58, 79, 88, 92, 145, 163, 206, 214, 221, 246, 266, 274, 305, 317, 330, 333, 337, 349, 361, 382, 400, 403, 406, 415, 429, 442, 490, 496, 535, 551, 553, 580, 590, 599, 613, 617, 667, 691, 743, 780, 789, 793, 826, 846, 870, 920, 931, 938, 941, 949, 960, 990, 1000, 1015, 1044, 1050, 1063, 1092, 1097, 1148, 1194, 1204, 1241, 1249, 1254, 1304, 1339, 1359, 1383, 1442, 1545, 1547, 1556, 1623, 1647, 1653, 1656, 1701, 1707, 1719, 1721, 1753, 1761, 1776, 1795, 1861, 1891, 1902, 1950, 1987, 2025, 2035, 2038, 2041, 2061, 2077, 2079, 2120, 2129, 2131, 2135, 2148, 2182, 2186, 2230, 2236, 2264, 2276, 2288, 2294, 2309, 2327, 2330, 2339, 2364, 2379, 2385, 2409, 2411, 2458, 2470, 2477, 2481, 2504, 2506, 2515, 2541, 2543, 2564, 2571, 2575, 2603, 2636, 2673, 2682, 2684, 2691, 2772, 2785, 2789, 2816, 2823, 2846, 2863, 2891, 2893, 2912, 3033, 3060, 3062, 3066]",[],"[40, 58, 79, 88, 92, 145, 163, 206, 214, 221, 246, 266, 274, 305, 317, 330, 333, 337, 349, 361, 382, 400, 403, 406, 415, 429, 442, 490, 496, 535, 551, 553, 580, 590, 599, 613, 617, 667, 691, 743, 780, 789, 793, 826, 846, 870, 920, 931, 938, 941, 949, 960, 990, 1000, 1015, 1044, 1050, 1063, 1092, 1097, 1148, 1194, 1204, 1241, 1249, 1254, 1304, 1339, 1359, 1383, 1442, 1545, 1547, 1556, 1623, 1647, 1653, 1656, 1701, 1707, 1719, 1721, 1753, 1761, 1776, 1795, 1861, 1891, 1902, 1950, 1987, 2025, 2035, 2038, 2041, 2061, 2077, 2079, 2120, 2129, 2131, 2135, 2148, 2182, 2186, 2230, 2236, 2264, 2276, 2288, 2294, 2309, 2327, 2330, 2339, 2364, 2379, 2385, 2409, 2411, 2458, 2470, 2477, 2481, 2504, 2506, 2515, 2541, 2543, 2564, 2571, 2575, 2603, 2636, 2673, 2682, 2684, 2691, 2772, 2785, 2789, 2816, 2823, 2846, 2863, 2891, 2893, 2912, 3033, 3060, 3062, 3066]","[332, 788, 1303, 2119, 2363, 2570]",3066,152,2914,0,152,2908,6
-4.0,MMGBCRYA,"[15, 21, 57, 86, 106, 109, 130, 162, 166, 170, 178, 189, 221, 291, 319, 333, 434, 473, 563, 565, 575, 587, 625, 672, 676, 736, 741, 805, 857, 863, 870, 916, 930, 937, 955, 963, 981, 1004, 1008, 1016, 1073, 1076, 1095, 1099, 1101, 1111, 1114, 1116, 1123, 1148, 1160, 1163, 1166, 1221, 1288, 1314, 1324, 1339, 1345, 1357, 1388, 1394, 1396, 1413, 1417, 1438, 1476, 1523, 1591, 1594, 1601, 1641, 1653, 1703, 1708, 1710, 1719, 1734, 1755, 1759, 1862, 1882, 1898, 1919, 1967, 2000, 2021, 2030, 2057, 2059, 2109, 2133, 2138, 2176, 2210, 2221, 2262, 2291, 2298, 2315, 2401, 2421, 2451, 2471, 2489, 2524, 2545, 2585, 2603, 2663]",[],"[15, 21, 57, 86, 106, 109, 130, 162, 166, 170, 178, 189, 221, 291, 319, 333, 434, 473, 563, 565, 575, 587, 625, 672, 676, 736, 741, 805, 857, 863, 870, 916, 930, 937, 955, 963, 981, 1004, 1008, 1016, 1073, 1076, 1095, 1099, 1101, 1111, 1114, 1116, 1123, 1148, 1160, 1163, 1166, 1221, 1288, 1314, 1324, 1339, 1345, 1357, 1388, 1394, 1396, 1413, 1417, 1438, 1476, 1523, 1591, 1594, 1601, 1641, 1653, 1703, 1708, 1710, 1719, 1734, 1755, 1759, 1862, 1882, 1898, 1919, 1967, 2000, 2021, 2030, 2057, 2059, 2109, 2133, 2138, 2176, 2210, 2221, 2262, 2291, 2298, 2315, 2401, 2421, 2451, 2471, 2489, 2524, 2545, 2585, 2603, 2663]","[671, 1003]",2655,110,2545,0,110,2543,2
-4.0,MMGCCRYA,"[36, 80, 84, 88, 149, 170, 200, 223, 275, 282, 288, 301, 303, 400, 418, 437, 444, 456, 524, 558, 625, 630, 702, 722, 749, 799, 858, 910, 916, 923, 969, 983, 990, 1008, 1016, 1057, 1061, 1066, 1094, 1103, 1113, 1127, 1132, 1136, 1152, 1162, 1170, 1172, 1247, 1252, 1265, 1290, 1293, 1299, 1341, 1353, 1356, 1371, 1400, 1431, 1435, 1452, 1474, 1479, 1528, 1541, 1544, 1616, 1625, 1642, 1679, 1688, 1717, 1721, 1791, 1804, 1808, 1836, 1843, 1866, 1883, 1912, 1914, 1931, 1933, 1992, 2009, 2051, 2108, 2130, 2133, 2167, 2176, 2179, 2182, 2209, 2240, 2263, 2265, 2276, 2287, 2293, 2295, 2317, 2344, 2369, 2371, 2375, 2458, 2478, 2489, 2493, 2533, 2535, 2552, 2571, 2594, 2596, 2651, 2656, 2671, 2689, 2724, 2745, 2773, 2803, 2806, 2826, 2864, 2871, 2875, 2880]",[],"[36, 80, 84, 88, 149, 170, 200, 223, 275, 282, 288, 301, 303, 400, 418, 437, 444, 456, 524, 558, 625, 630, 702, 722, 749, 799, 858, 910, 916, 923, 969, 983, 990, 1008, 1016, 1057, 1061, 1066, 1094, 1103, 1113, 1127, 1132, 1136, 1152, 1162, 1170, 1172, 1247, 1252, 1265, 1290, 1293, 1299, 1341, 1353, 1356, 1371, 1400, 1431, 1435, 1452, 1474, 1479, 1528, 1541, 1544, 1616, 1625, 1642, 1679, 1688, 1717, 1721, 1791, 1804, 1808, 1836, 1843, 1866, 1883, 1912, 1914, 1931, 1933, 1992, 2009, 2051, 2108, 2130, 2133, 2167, 2176, 2179, 2182, 2209, 2240, 2263, 2265, 2276, 2287, 2293, 2295, 2317, 2344, 2369, 2371, 2375, 2458, 2478, 2489, 2493, 2533, 2535, 2552, 2571, 2594, 2596, 2651, 2656, 2671, 2689, 2724, 2745, 2773, 2803, 2806, 2826, 2864, 2871, 2875, 2880]","[721, 1056]",2885,132,2753,0,132,2751,2
-4.0,MMGFAPD,"[36, 63, 65, 89, 94, 104, 109, 172, 185, 210, 312, 315, 329, 335, 347, 359, 369, 400, 461, 511, 595, 653, 667, 714, 742, 760, 834, 853, 968, 977, 991, 1024, 1036, 1040, 1097, 1159, 1164, 1170, 1176, 1191, 1214, 1232, 1244, 1247, 1259, 1261, 1270, 1287, 1289, 1293, 1299, 1310, 1325, 1341, 1368, 1397, 1422, 1424, 1436, 1460, 1465, 1474, 1477, 1484, 1501, 1521, 1549, 1551, 1615, 1625, 1647, 1707, 1711, 1762, 1779, 1831, 1833, 1851, 1877, 1902, 1943, 1993, 2022, 2048, 2050, 2076, 2098, 2120, 2129, 2180, 2194, 2204, 2222, 2253, 2262, 2278, 2285, 2298, 2307, 2352, 2379, 2381, 2383, 2385, 2387, 2389, 2450, 2454, 2471, 2486, 2531, 2536, 2555, 2562, 2651, 2653, 2664, 2669, 2685, 2708, 2723, 2742, 2744, 2759, 2761, 2765, 2786, 2811, 2837, 2873, 2879, 2891, 2948, 2958, 2980, 2983, 2989, 2996, 3002, 3010, 3093, 3129, 3157, 3160, 3176, 3191, 3209, 3225, 3227, 3259, 3288, 3312, 3318, 3343, 3345, 3352, 3360, 3368, 3377, 3381, 3390, 3414, 3423, 3474, 3485, 3498, 3559, 3561, 3566, 3586, 3592, 3617, 3631, 3661, 3665, 3677, 3679, 3712, 3714, 3716, 3742, 3764, 3775, 3780, 3804, 3891, 3907, 3912, 3922, 3933, 3942, 3961, 3990, 3995, 4028, 4054, 4097, 4101, 4120, 4168, 4176, 4252, 4271, 4336, 4358, 4367, 4373, 4383, 4392, 4453, 4483, 4508, 4568, 4581, 4586, 4597, 4603, 4657, 4664, 4710, 4724, 4731, 4736, 4739, 4762, 4765, 4772, 4777, 4811, 4814, 4850, 4856, 4862, 4869, 4873, 4875, 4879, 4881, 4887, 4893, 4895, 4909, 4911, 4926, 4932, 4940, 4946, 4948, 4954, 4962, 4968, 4977, 4984, 4989, 5029, 5094, 5098, 5218, 5220, 5222, 5224, 5226, 5228, 5230, 5232, 5234, 5236, 5238, 5240, 5242, 5244, 5246, 5250, 5254, 5256, 5258, 5262, 5264, 5268, 5270, 5272, 5278, 5280, 5282, 5284, 5289, 5291, 5299, 5301, 5303, 5329, 5368, 5378, 5422, 5453, 5457, 5462, 5472, 5482, 5509, 5522, 5532, 5550, 5569, 5625, 5646, 5653, 5660, 5671, 5686, 5694, 5703, 5737, 5739, 5744, 5746, 5752, 5809, 5832, 5836, 5876, 5909, 5912, 5974, 6030, 6095, 6114, 6137, 6172, 6212, 6219, 6246, 6257, 6259, 6267, 6298, 6303, 6306, 6334, 6339, 6342, 6371, 6376, 6379, 6407, 6412, 6415, 6430, 6435, 6445, 6448, 6480, 6483, 6511, 6516, 6519, 6548, 6553, 6556, 6585, 6590, 6593, 6621, 6626, 6629, 6650, 6657, 6662, 6665, 6693, 6698, 6701, 6722, 6729, 6734, 6766, 6771, 6774, 6807, 6810, 6838, 6843, 6846, 6874, 6879, 6882, 6910, 6915, 6918, 6939, 6953, 6996, 7003, 7009, 7017, 7020, 7029, 7037, 7043, 7056, 7069, 7071, 7080, 7099, 7118, 7122, 7126, 7148, 7151, 7177, 7193, 7197, 7199, 7206, 7232, 7245, 7254, 7258, 7326, 7328, 7345, 7376, 7392, 7399, 7408, 7418, 7437, 7444, 7449, 7451, 7453, 7459, 7470, 7479, 7494, 7499, 7534, 7578, 7597, 7606, 7621, 7651, 7740, 7745, 7747, 7755, 7760, 7774, 7779, 7845, 7847, 7875, 7878, 7887, 7903, 7908, 7924, 7949, 7960, 7963, 7965, 7981, 7983, 8013, 8028, 8032, 8040, 8060, 8105, 8111, 8113, 8126, 8144, 8146, 8156, 8166, 8174, 8228, 8232, 8290, 8293, 8305, 8307, 8348, 8382, 8410, 8424, 8452, 8496, 8530, 8542, 8552, 8585, 8588, 8593, 8599, 8601, 8612, 8629, 8631, 8665, 8679, 8715, 8726, 8728, 8742, 8751, 8829, 8855, 8894, 8921, 8924, 8936, 8952, 9016, 9030, 9075, 9094, 9106, 9108, 9110, 9136, 9155, 9165, 9198, 9211, 9213, 9251, 9253, 9267, 9283, 9302, 9324, 9354, 9368, 9410, 9461, 9475, 9483, 9485, 9491, 9494, 9500, 9519, 9535, 9549, 9594, 9620, 9672, 9677, 9689, 9726, 9781, 9789, 9812, 9822, 9845, 9937, 9957]",[],"[36, 63, 65, 89, 94, 104, 109, 172, 185, 210, 312, 315, 329, 335, 347, 359, 369, 400, 461, 511, 595, 653, 667, 714, 742, 760, 834, 853, 968, 977, 991, 1024, 1036, 1040, 1097, 1159, 1164, 1170, 1176, 1191, 1214, 1232, 1244, 1247, 1259, 1261, 1270, 1287, 1289, 1293, 1299, 1310, 1325, 1341, 1368, 1397, 1422, 1424, 1436, 1460, 1465, 1474, 1477, 1484, 1501, 1521, 1549, 1551, 1615, 1625, 1647, 1707, 1711, 1762, 1779, 1831, 1833, 1851, 1877, 1902, 1943, 1993, 2022, 2048, 2050, 2076, 2098, 2120, 2129, 2180, 2194, 2204, 2222, 2253, 2262, 2278, 2285, 2298, 2307, 2352, 2379, 2381, 2383, 2385, 2387, 2389, 2450, 2454, 2471, 2486, 2531, 2536, 2555, 2562, 2651, 2653, 2664, 2669, 2685, 2708, 2723, 2742, 2744, 2759, 2761, 2765, 2786, 2811, 2837, 2873, 2879, 2891, 2948, 2958, 2980, 2983, 2989, 2996, 3002, 3010, 3093, 3129, 3157, 3160, 3176, 3191, 3209, 3225, 3227, 3259, 3288, 3312, 3318, 3343, 3345, 3352, 3360, 3368, 3377, 3381, 3390, 3414, 3423, 3474, 3485, 3498, 3559, 3561, 3566, 3586, 3592, 3617, 3631, 3661, 3665, 3677, 3679, 3712, 3714, 3716, 3742, 3764, 3775, 3780, 3804, 3891, 3907, 3912, 3922, 3933, 3942, 3961, 3990, 3995, 4028, 4054, 4097, 4101, 4120, 4168, 4176, 4252, 4271, 4336, 4358, 4367, 4373, 4383, 4392, 4453, 4483, 4508, 4568, 4581, 4586, 4597, 4603, 4657, 4664, 4710, 4724, 4731, 4736, 4739, 4762, 4765, 4772, 4777, 4811, 4814, 4850, 4856, 4862, 4869, 4873, 4875, 4879, 4881, 4887, 4893, 4895, 4909, 4911, 4926, 4932, 4940, 4946, 4948, 4954, 4962, 4968, 4977, 4984, 4989, 5029, 5094, 5098, 5218, 5220, 5222, 5224, 5226, 5228, 5230, 5232, 5234, 5236, 5238, 5240, 5242, 5244, 5246, 5250, 5254, 5256, 5258, 5262, 5264, 5268, 5270, 5272, 5278, 5280, 5282, 5284, 5289, 5291, 5299, 5301, 5303, 5329, 5368, 5378, 5422, 5453, 5457, 5462, 5472, 5482, 5509, 5522, 5532, 5550, 5569, 5625, 5646, 5653, 5660, 5671, 5686, 5694, 5703, 5737, 5739, 5744, 5746, 5752, 5809, 5832, 5836, 5876, 5909, 5912, 5974, 6030, 6095, 6114, 6137, 6172, 6212, 6219, 6246, 6257, 6259, 6267, 6298, 6303, 6306, 6334, 6339, 6342, 6371, 6376, 6379, 6407, 6412, 6415, 6430, 6435, 6445, 6448, 6480, 6483, 6511, 6516, 6519, 6548, 6553, 6556, 6585, 6590, 6593, 6621, 6626, 6629, 6650, 6657, 6662, 6665, 6693, 6698, 6701, 6722, 6729, 6734, 6766, 6771, 6774, 6807, 6810, 6838, 6843, 6846, 6874, 6879, 6882, 6910, 6915, 6918, 6939, 6953, 6996, 7003, 7009, 7017, 7020, 7029, 7037, 7043, 7056, 7069, 7071, 7080, 7099, 7118, 7122, 7126, 7148, 7151, 7177, 7193, 7197, 7199, 7206, 7232, 7245, 7254, 7258, 7326, 7328, 7345, 7376, 7392, 7399, 7408, 7418, 7437, 7444, 7449, 7451, 7453, 7459, 7470, 7479, 7494, 7499, 7534, 7578, 7597, 7606, 7621, 7651, 7740, 7745, 7747, 7755, 7760, 7774, 7779, 7845, 7847, 7875, 7878, 7887, 7903, 7908, 7924, 7949, 7960, 7963, 7965, 7981, 7983, 8013, 8028, 8032, 8040, 8060, 8105, 8111, 8113, 8126, 8144, 8146, 8156, 8166, 8174, 8228, 8232, 8290, 8293, 8305, 8307, 8348, 8382, 8410, 8424, 8452, 8496, 8530, 8542, 8552, 8585, 8588, 8593, 8599, 8601, 8612, 8629, 8631, 8665, 8679, 8715, 8726, 8728, 8742, 8751, 8829, 8855, 8894, 8921, 8924, 8936, 8952, 9016, 9030, 9075, 9094, 9106, 9108, 9110, 9136, 9155, 9165, 9198, 9211, 9213, 9251, 9253, 9267, 9283, 9302, 9324, 9354, 9368, 9410, 9461, 9475, 9483, 9485, 9491, 9494, 9500, 9519, 9535, 9549, 9594, 9620, 9672, 9677, 9689, 9726, 9781, 9789, 9812, 9822, 9845, 9937, 9957]","[713, 1624, 1901, 2995, 3906, 4335, 5452, 7907]",9964,559,9405,0,559,9397,8
-4.0,MMGGLINE,"[21, 50, 68, 81, 126, 133, 158, 168, 205, 209, 215, 274, 280, 405, 421, 442, 484, 529, 562, 568, 575, 626, 641, 666, 726, 735, 754, 773, 784, 862, 877, 887, 898, 921, 946, 1054, 1059, 1070, 1087, 1102, 1114, 1128, 1134, 1136, 1138, 1149, 1162, 1179, 1182, 1201, 1208, 1275, 1341, 1369, 1390, 1466, 1476, 1488, 1499, 1546, 1617, 1633, 1669, 1705, 1707, 1736, 1788, 1810, 1816, 1828, 1926, 1974, 1984, 2009, 2017, 2070, 2077, 2137, 2201, 2241, 2251, 2257, 2289, 2299, 2332, 2345, 2368, 2384, 2398, 2419, 2422, 2442, 2466, 2500, 2521, 2588, 2600, 2614, 2635, 2639, 2647, 2656, 2664, 2669, 2694, 2729, 2731, 2754, 2761, 2802, 2807, 2824, 2872, 2911, 2943, 2950, 2981, 2986, 3026, 3032, 3045, 3058, 3151, 3153, 3155, 3163, 3193, 3213, 3215, 3217, 3219, 3221, 3223, 3225, 3227, 3229, 3231, 3233, 3235, 3237, 3241, 3243, 3245, 3249, 3251, 3257, 3259, 3261, 3273, 3296, 3300, 3303, 3321, 3338, 3345, 3407, 3429, 3440, 3442, 3444, 3447, 3486, 3496, 3499, 3531, 3537, 3543, 3582, 3606, 3615, 3622, 3629, 3743, 3763, 3791, 3798, 3808, 3810, 3812, 3816, 3818, 3824, 3834, 3836, 3838, 3840, 3844, 3846, 3851, 3871, 3884, 3888, 3930, 3940, 3949, 3962, 3964, 3978, 3996, 4023, 4045, 4050, 4110, 4112, 4128, 4134, 4204, 4210, 4228, 4234, 4236, 4275, 4289, 4318, 4325, 4327, 4371, 4401, 4418, 4430, 4461, 4473, 4475, 4502, 4515, 4520, 4531, 4583, 4593, 4605, 4607, 4619, 4625, 4627, 4645, 4647, 4685, 4698, 4718, 4726, 4791, 4814, 4825, 4832, 4884, 4899, 4902, 4916, 4930, 4950, 4987, 4989, 4994, 5010, 5021, 5039, 5048, 5054, 5085, 5096, 5099, 5151, 5164, 5171, 5182, 5189, 5194, 5220, 5241, 5335, 5375, 5393, 5402, 5419, 5455, 5473, 5486, 5489, 5503, 5519, 5570, 5625, 5631, 5640, 5650, 5665, 5667, 5707, 5840, 5850, 5944, 5951, 5960, 5977, 5992, 5999, 6015, 6018, 6024, 6026, 6028, 6069, 6072, 6079, 6091, 6098, 6123, 6165, 6230, 6258, 6353, 6363, 6375, 6386, 6494, 6510, 6546, 6582, 6584, 6613, 6665, 6689, 6695, 6707, 6805, 6853, 6863, 6888, 6896, 6949, 6956, 7016, 7080, 7120, 7130, 7136, 7168, 7178, 7211, 7224, 7247, 7263, 7277, 7298, 7301, 7321, 7345, 7379, 7400, 7467, 7479, 7493, 7514, 7518, 7526, 7535, 7543, 7548, 7573, 7608, 7610, 7633, 7640, 7681, 7686, 7703, 7751, 7790, 7822, 7829, 7839, 7860, 7865, 7905, 7911, 7924, 7937, 8030, 8032, 8034, 8042, 8072, 8092, 8094, 8096, 8098, 8100, 8102, 8104, 8106, 8108, 8110, 8112, 8114, 8116, 8118, 8132, 8134, 8136, 8148, 8171, 8175, 8178, 8196, 8213, 8282, 8304, 8315, 8317, 8319, 8322, 8361, 8371, 8374, 8406, 8412, 8418, 8457, 8481, 8490, 8497, 8504, 8667, 8683, 8685, 8691, 8693, 8701, 8711, 8713, 8715, 8719, 8722, 8724, 8758, 8792, 8814, 8823, 8830, 8837, 8853, 8895, 8916, 8922, 8934, 8936, 8952, 8964, 8982, 8984, 9001, 9007, 9012, 9017, 9019, 9033, 9081, 9097, 9113, 9121, 9123, 9133, 9163, 9180, 9192, 9194, 9223, 9237, 9240, 9242, 9259, 9264, 9276, 9279, 9292, 9331, 9336, 9343, 9347, 9355, 9361, 9367, 9374, 9380, 9382, 9396, 9400, 9451, 9471, 9479, 9555, 9568, 9579, 9586, 9642, 9657, 9660, 9674, 9681, 9688, 9695, 9715, 9753, 9759, 9775, 9786, 9804, 9813, 9819, 9850, 9872, 9939, 9952, 9959, 9964, 9997, 10062, 10109, 10136, 10147, 10157, 10170, 10195, 10225, 10228, 10241, 10259, 10268, 10309, 10330, 10337, 10387, 10393, 10408, 10412, 10421, 10426, 10428, 10436, 10444, 10463, 10468, 10471, 10477, 10497, 10508, 10540, 10545, 10552, 10568, 10571, 10583, 10618, 10629, 10652, 10694, 10727, 10734, 10747, 10782, 10795, 10800, 10828, 10881, 10886, 10908, 10924, 10934, 10979, 10983, 10991, 11010, 11038, 11042, 11047, 11053, 11123, 11129, 11162, 11203]",[],"[21, 50, 68, 81, 126, 133, 158, 168, 205, 209, 215, 274, 280, 405, 421, 442, 484, 529, 562, 568, 575, 626, 641, 666, 726, 735, 754, 773, 784, 862, 877, 887, 898, 921, 946, 1054, 1059, 1070, 1087, 1102, 1114, 1128, 1134, 1136, 1138, 1149, 1162, 1179, 1182, 1201, 1208, 1275, 1341, 1369, 1390, 1466, 1476, 1488, 1499, 1546, 1617, 1633, 1669, 1705, 1707, 1736, 1788, 1810, 1816, 1828, 1926, 1974, 1984, 2009, 2017, 2070, 2077, 2137, 2201, 2241, 2251, 2257, 2289, 2299, 2332, 2345, 2368, 2384, 2398, 2419, 2422, 2442, 2466, 2500, 2521, 2588, 2600, 2614, 2635, 2639, 2647, 2656, 2664, 2669, 2694, 2729, 2731, 2754, 2761, 2802, 2807, 2824, 2872, 2911, 2943, 2950, 2981, 2986, 3026, 3032, 3045, 3058, 3151, 3153, 3155, 3163, 3193, 3213, 3215, 3217, 3219, 3221, 3223, 3225, 3227, 3229, 3231, 3233, 3235, 3237, 3241, 3243, 3245, 3249, 3251, 3257, 3259, 3261, 3273, 3296, 3300, 3303, 3321, 3338, 3345, 3407, 3429, 3440, 3442, 3444, 3447, 3486, 3496, 3499, 3531, 3537, 3543, 3582, 3606, 3615, 3622, 3629, 3743, 3763, 3791, 3798, 3808, 3810, 3812, 3816, 3818, 3824, 3834, 3836, 3838, 3840, 3844, 3846, 3851, 3871, 3884, 3888, 3930, 3940, 3949, 3962, 3964, 3978, 3996, 4023, 4045, 4050, 4110, 4112, 4128, 4134, 4204, 4210, 4228, 4234, 4236, 4275, 4289, 4318, 4325, 4327, 4371, 4401, 4418, 4430, 4461, 4473, 4475, 4502, 4515, 4520, 4531, 4583, 4593, 4605, 4607, 4619, 4625, 4627, 4645, 4647, 4685, 4698, 4718, 4726, 4791, 4814, 4825, 4832, 4884, 4899, 4902, 4916, 4930, 4950, 4987, 4989, 4994, 5010, 5021, 5039, 5048, 5054, 5085, 5096, 5099, 5151, 5164, 5171, 5182, 5189, 5194, 5220, 5241, 5335, 5375, 5393, 5402, 5419, 5455, 5473, 5486, 5489, 5503, 5519, 5570, 5625, 5631, 5640, 5650, 5665, 5667, 5707, 5840, 5850, 5944, 5951, 5960, 5977, 5992, 5999, 6015, 6018, 6024, 6026, 6028, 6069, 6072, 6079, 6091, 6098, 6123, 6165, 6230, 6258, 6353, 6363, 6375, 6386, 6494, 6510, 6546, 6582, 6584, 6613, 6665, 6689, 6695, 6707, 6805, 6853, 6863, 6888, 6896, 6949, 6956, 7016, 7080, 7120, 7130, 7136, 7168, 7178, 7211, 7224, 7247, 7263, 7277, 7298, 7301, 7321, 7345, 7379, 7400, 7467, 7479, 7493, 7514, 7518, 7526, 7535, 7543, 7548, 7573, 7608, 7610, 7633, 7640, 7681, 7686, 7703, 7751, 7790, 7822, 7829, 7839, 7860, 7865, 7905, 7911, 7924, 7937, 8030, 8032, 8034, 8042, 8072, 8092, 8094, 8096, 8098, 8100, 8102, 8104, 8106, 8108, 8110, 8112, 8114, 8116, 8118, 8132, 8134, 8136, 8148, 8171, 8175, 8178, 8196, 8213, 8282, 8304, 8315, 8317, 8319, 8322, 8361, 8371, 8374, 8406, 8412, 8418, 8457, 8481, 8490, 8497, 8504, 8667, 8683, 8685, 8691, 8693, 8701, 8711, 8713, 8715, 8719, 8722, 8724, 8758, 8792, 8814, 8823, 8830, 8837, 8853, 8895, 8916, 8922, 8934, 8936, 8952, 8964, 8982, 8984, 9001, 9007, 9012, 9017, 9019, 9033, 9081, 9097, 9113, 9121, 9123, 9133, 9163, 9180, 9192, 9194, 9223, 9237, 9240, 9242, 9259, 9264, 9276, 9279, 9292, 9331, 9336, 9343, 9347, 9355, 9361, 9367, 9374, 9380, 9382, 9396, 9400, 9451, 9471, 9479, 9555, 9568, 9579, 9586, 9642, 9657, 9660, 9674, 9681, 9688, 9695, 9715, 9753, 9759, 9775, 9786, 9804, 9813, 9819, 9850, 9872, 9939, 9952, 9959, 9964, 9997, 10062, 10109, 10136, 10147, 10157, 10170, 10195, 10225, 10228, 10241, 10259, 10268, 10309, 10330, 10337, 10387, 10393, 10408, 10412, 10421, 10426, 10428, 10436, 10444, 10463, 10468, 10471, 10477, 10497, 10508, 10540, 10545, 10552, 10568, 10571, 10583, 10618, 10629, 10652, 10694, 10727, 10734, 10747, 10782, 10795, 10800, 10828, 10881, 10886, 10908, 10924, 10934, 10979, 10983, 10991, 11010, 11038, 11042, 11047, 11053, 11123, 11129, 11162, 11203]","[7167, 7513]",11279,580,10699,0,580,10697,2
-4.0,MMGK5,"[24, 31, 92, 102, 109, 153, 192, 205, 212, 245, 271, 278, 346, 412, 414, 421, 447, 481, 494, 504, 525, 562, 578, 587, 644, 652, 655, 667, 679, 696, 747, 830, 847, 872, 901, 937, 973, 983, 992, 999, 1033, 1055, 1070, 1094, 1096, 1115, 1118, 1135, 1143, 1174, 1191, 1209, 1211, 1228, 1256, 1262, 1276, 1281, 1284, 1301, 1326, 1370, 1402, 1405, 1420, 1440, 1474, 1477, 1481, 1483, 1492, 1528, 1554, 1583, 1594, 1610, 1621, 1660, 1691, 1717, 1723, 1725, 1756, 1777, 1806, 1810, 1816, 1835, 1873, 1891, 1925, 1956, 1962, 1967, 1982, 1987, 1990, 1994, 2005, 2009, 2024, 2026, 2032, 2035, 2042, 2048, 2051, 2073, 2079, 2089, 2095, 2097, 2101, 2103, 2105, 2113, 2117, 2119, 2266, 2312, 2319, 2376, 2505, 2508, 2589, 2596, 2600, 2621, 2627, 2648, 2711, 2713, 2715, 2746, 2748, 2769, 2778, 2783, 2786, 2788, 2821, 2826, 2846, 2851, 2875, 2882, 2915, 2941, 2964, 2971, 2987, 3036, 3084, 3109, 3123, 3126, 3130, 3137, 3140, 3145, 3163, 3179, 3185, 3198, 3222, 3228, 3230, 3240, 3270, 3281, 3288, 3310, 3363, 3370, 3403, 3409, 3425, 3433, 3435, 3440, 3446, 3451, 3466, 3481, 3502, 3508, 3513, 3526, 3530, 3564, 3582, 3603]",[],"[24, 31, 92, 102, 109, 153, 192, 205, 212, 245, 271, 278, 346, 412, 414, 421, 447, 481, 494, 504, 525, 562, 578, 587, 644, 652, 655, 667, 679, 696, 747, 830, 847, 872, 901, 937, 973, 983, 992, 999, 1033, 1055, 1070, 1094, 1096, 1115, 1118, 1135, 1143, 1174, 1191, 1209, 1211, 1228, 1256, 1262, 1276, 1281, 1284, 1301, 1326, 1370, 1402, 1405, 1420, 1440, 1474, 1477, 1481, 1483, 1492, 1528, 1554, 1583, 1594, 1610, 1621, 1660, 1691, 1717, 1723, 1725, 1756, 1777, 1806, 1810, 1816, 1835, 1873, 1891, 1925, 1956, 1962, 1967, 1982, 1987, 1990, 1994, 2005, 2009, 2024, 2026, 2032, 2035, 2042, 2048, 2051, 2073, 2079, 2089, 2095, 2097, 2101, 2103, 2105, 2113, 2117, 2119, 2266, 2312, 2319, 2376, 2505, 2508, 2589, 2596, 2600, 2621, 2627, 2648, 2711, 2713, 2715, 2746, 2748, 2769, 2778, 2783, 2786, 2788, 2821, 2826, 2846, 2851, 2875, 2882, 2915, 2941, 2964, 2971, 2987, 3036, 3084, 3109, 3123, 3126, 3130, 3137, 3140, 3145, 3163, 3179, 3185, 3198, 3222, 3228, 3230, 3240, 3270, 3281, 3288, 3310, 3363, 3370, 3403, 3409, 3425, 3433, 3435, 3440, 3446, 3451, 3466, 3481, 3502, 3508, 3513, 3526, 3530, 3564, 3582, 3603]","[695, 1805, 2595, 2825]",3603,192,3411,0,192,3407,4
-4.0,MMH2D4Q5,"[40, 48, 65, 74, 79, 160, 164, 172, 201, 240, 248, 258, 267, 284, 303, 314, 333, 346, 351, 391, 409, 436, 446, 455, 469, 473, 516, 518, 520, 523, 547, 645, 649, 678, 687, 701, 729, 741, 751, 780, 799, 805, 811, 819, 840, 849, 900, 907, 956, 1043, 1056]",[],"[40, 48, 65, 74, 79, 160, 164, 172, 201, 240, 248, 258, 267, 284, 303, 314, 333, 346, 351, 391, 409, 436, 446, 455, 469, 473, 516, 518, 520, 523, 547, 645, 649, 678, 687, 701, 729, 741, 751, 780, 799, 805, 811, 819, 840, 849, 900, 907, 956, 1043, 1056]","[159, 644]",1101,51,1050,0,51,1048,2
-4.0,MMHOX13,"[23, 31, 45, 83, 93, 96, 111, 119, 134, 140, 146, 172, 180, 254, 270, 298, 321, 326, 370, 404, 411, 417, 471, 493, 511, 554, 665, 676, 795, 801, 813, 829, 833, 845, 851, 861, 882, 894, 1030, 1038, 1042, 1050, 1071, 1084, 1106, 1120, 1136, 1148, 1157, 1170, 1215, 1285, 1346, 1394, 1430, 1433, 1441, 1445, 1456, 1476, 1498, 1543, 1558, 1571, 1575, 1579, 1582, 1591, 1602, 1605, 1648, 1652, 1669, 1704, 1717, 1727, 1731, 1754, 1770, 1924, 1945, 1977, 2029, 2039, 2042, 2060, 2063, 2065, 2069, 2077, 2099, 2101, 2110, 2123, 2129, 2161, 2183, 2189, 2203, 2215, 2230, 2250, 2278, 2280, 2290, 2366, 2374, 2377, 2379, 2381, 2392, 2402, 2408, 2412, 2418, 2420, 2426, 2445, 2482, 2484, 2496, 2499, 2505, 2532, 2539, 2541, 2544, 2551, 2559, 2571, 2584, 2586, 2588, 2596, 2604, 2631, 2649, 2654, 2659, 2663, 2669, 2677, 2695, 2703, 2716, 2739, 2745, 2799, 2803, 2812]",[],"[23, 31, 45, 83, 93, 96, 111, 119, 134, 140, 146, 172, 180, 254, 270, 298, 321, 326, 370, 404, 411, 417, 471, 493, 511, 554, 665, 676, 795, 801, 813, 829, 833, 845, 851, 861, 882, 894, 1030, 1038, 1042, 1050, 1071, 1084, 1106, 1120, 1136, 1148, 1157, 1170, 1215, 1285, 1346, 1394, 1430, 1433, 1441, 1445, 1456, 1476, 1498, 1543, 1558, 1571, 1575, 1579, 1582, 1591, 1602, 1605, 1648, 1652, 1669, 1704, 1717, 1727, 1731, 1754, 1770, 1924, 1945, 1977, 2029, 2039, 2042, 2060, 2063, 2065, 2069, 2077, 2099, 2101, 2110, 2123, 2129, 2161, 2183, 2189, 2203, 2215, 2230, 2250, 2278, 2280, 2290, 2366, 2374, 2377, 2379, 2381, 2392, 2402, 2408, 2412, 2418, 2420, 2426, 2445, 2482, 2484, 2496, 2499, 2505, 2532, 2539, 2541, 2544, 2551, 2559, 2571, 2584, 2586, 2588, 2596, 2604, 2631, 2649, 2654, 2659, 2663, 2669, 2677, 2695, 2703, 2716, 2739, 2745, 2799, 2803, 2812]",[800],2828,150,2678,0,150,2677,1
-4.0,MMHOX24I,"[25, 29, 32, 34, 48, 51, 61, 73, 83, 92, 99, 185, 187, 210, 282, 306, 429, 440, 464, 525, 528, 530, 535, 581, 599, 605, 632, 639, 644, 701, 706, 726, 731, 785, 800, 838, 848, 869, 897, 915, 922, 930, 954, 963, 992, 1052, 1054, 1133, 1147, 1161, 1165, 1167, 1182, 1265, 1269, 1276, 1347, 1368, 1374, 1423, 1459, 1494, 1516, 1529, 1554, 1584, 1646, 1677, 1720, 1753, 1764, 1785, 1812, 1823, 1904, 1914]",[],"[25, 29, 32, 34, 48, 51, 61, 73, 83, 92, 99, 185, 187, 210, 282, 306, 429, 440, 464, 525, 528, 530, 535, 581, 599, 605, 632, 639, 644, 701, 706, 726, 731, 785, 800, 838, 848, 869, 897, 915, 922, 930, 954, 963, 992, 1052, 1054, 1133, 1147, 1161, 1165, 1167, 1182, 1265, 1269, 1276, 1347, 1368, 1374, 1423, 1459, 1494, 1516, 1529, 1554, 1584, 1646, 1677, 1720, 1753, 1764, 1785, 1812, 1823, 1904, 1914]",[837],1916,76,1840,0,76,1839,1
-4.0,MMIL1BG,"[4, 8, 10, 37, 66, 122, 137, 139, 149, 161, 185, 241, 291, 293, 342, 404, 409, 412, 421, 494, 514, 517, 567, 573, 577, 593, 609, 633, 647, 653, 657, 669, 675, 679, 699, 703, 709, 719, 723, 733, 741, 753, 763, 829, 835, 846, 850, 855, 870, 875, 879, 911, 916, 938, 951, 983, 992, 995, 998, 1060, 1068, 1070, 1080, 1082, 1093, 1100, 1109, 1143, 1169, 1192, 1295, 1297, 1319, 1335, 1357, 1361, 1365, 1375, 1378, 1439, 1461, 1472, 1533, 1538, 1568, 1614, 1666, 1679, 1681, 1688, 1745, 1754, 1762, 1778, 1798, 1804, 1808, 1810, 1813, 1831, 1835, 1844, 1877, 1889, 1905, 1915, 1939, 1967, 1978, 2043, 2069, 2115, 2163, 2184, 2189, 2315, 2324, 2356, 2372, 2376, 2399, 2427, 2429, 2442, 2451, 2453, 2471, 2490, 2501, 2522, 2524, 2531, 2542, 2594, 2651, 2655, 2665, 2690, 2723, 2765, 2788, 2792, 2804, 2834, 2942, 2962, 2984, 2986, 3000, 3003, 3005, 3026, 3029, 3063, 3065, 3096, 3119, 3124, 3133, 3185, 3217, 3223, 3227, 3240, 3250, 3254, 3270, 3281, 3309, 3311, 3316, 3324, 3334, 3376, 3379, 3406, 3408, 3418, 3424, 3430, 3438, 3453, 3467, 3507, 3572, 3584, 3590, 3601, 3614, 3616, 3625, 3681, 3724, 3765, 3779, 3832, 3909, 3930, 3933, 3953, 3962, 3979, 4012, 4019, 4059, 4062, 4081, 4083, 4135, 4137, 4175, 4240, 4272, 4274, 4276, 4281, 4335, 4340, 4399, 4403, 4417, 4450, 4456, 4458, 4479, 4594, 4616, 4618, 4623, 4652, 4656, 4685, 4692, 4707, 4717, 4724, 4736, 4771, 4786, 4845, 4867, 4869, 4922, 4924, 4926, 4931, 4973, 4983, 4989, 5049, 5081, 5086, 5101, 5110, 5146, 5181, 5195, 5217, 5237, 5248, 5305, 5319, 5343, 5384, 5400, 5425, 5427, 5448, 5479, 5484, 5515, 5548, 5569, 5602, 5637, 5642, 5644, 5680, 5684, 5692, 5783, 5834, 5884, 5887, 5892, 5903, 5922, 5925, 5945, 5948, 5955, 5961, 5986, 6001, 6008, 6032, 6044, 6111, 6135, 6173, 6206, 6215, 6234, 6242, 6261, 6310, 6317, 6320, 6337, 6369, 6401, 6403, 6444, 6448, 6466, 6478, 6483, 6489, 6498, 6510, 6544, 6563, 6566, 6598, 6600, 6611, 6625, 6651, 6671, 6727, 6737, 6762, 6777, 6779, 6826, 6840, 6854, 6902, 6908, 6910, 6924, 6942, 6970, 7029, 7069]",[],"[4, 8, 10, 37, 66, 122, 137, 139, 149, 161, 185, 241, 291, 293, 342, 404, 409, 412, 421, 494, 514, 517, 567, 573, 577, 593, 609, 633, 647, 653, 657, 669, 675, 679, 699, 703, 709, 719, 723, 733, 741, 753, 763, 829, 835, 846, 850, 855, 870, 875, 879, 911, 916, 938, 951, 983, 992, 995, 998, 1060, 1068, 1070, 1080, 1082, 1093, 1100, 1109, 1143, 1169, 1192, 1295, 1297, 1319, 1335, 1357, 1361, 1365, 1375, 1378, 1439, 1461, 1472, 1533, 1538, 1568, 1614, 1666, 1679, 1681, 1688, 1745, 1754, 1762, 1778, 1798, 1804, 1808, 1810, 1813, 1831, 1835, 1844, 1877, 1889, 1905, 1915, 1939, 1967, 1978, 2043, 2069, 2115, 2163, 2184, 2189, 2315, 2324, 2356, 2372, 2376, 2399, 2427, 2429, 2442, 2451, 2453, 2471, 2490, 2501, 2522, 2524, 2531, 2542, 2594, 2651, 2655, 2665, 2690, 2723, 2765, 2788, 2792, 2804, 2834, 2942, 2962, 2984, 2986, 3000, 3003, 3005, 3026, 3029, 3063, 3065, 3096, 3119, 3124, 3133, 3185, 3217, 3223, 3227, 3240, 3250, 3254, 3270, 3281, 3309, 3311, 3316, 3324, 3334, 3376, 3379, 3406, 3408, 3418, 3424, 3430, 3438, 3453, 3467, 3507, 3572, 3584, 3590, 3601, 3614, 3616, 3625, 3681, 3724, 3765, 3779, 3832, 3909, 3930, 3933, 3953, 3962, 3979, 4012, 4019, 4059, 4062, 4081, 4083, 4135, 4137, 4175, 4240, 4272, 4274, 4276, 4281, 4335, 4340, 4399, 4403, 4417, 4450, 4456, 4458, 4479, 4594, 4616, 4618, 4623, 4652, 4656, 4685, 4692, 4707, 4717, 4724, 4736, 4771, 4786, 4845, 4867, 4869, 4922, 4924, 4926, 4931, 4973, 4983, 4989, 5049, 5081, 5086, 5101, 5110, 5146, 5181, 5195, 5217, 5237, 5248, 5305, 5319, 5343, 5384, 5400, 5425, 5427, 5448, 5479, 5484, 5515, 5548, 5569, 5602, 5637, 5642, 5644, 5680, 5684, 5692, 5783, 5834, 5884, 5887, 5892, 5903, 5922, 5925, 5945, 5948, 5955, 5961, 5986, 6001, 6008, 6032, 6044, 6111, 6135, 6173, 6206, 6215, 6234, 6242, 6261, 6310, 6317, 6320, 6337, 6369, 6401, 6403, 6444, 6448, 6466, 6478, 6483, 6489, 6498, 6510, 6544, 6563, 6566, 6598, 6600, 6611, 6625, 6651, 6671, 6727, 6737, 6762, 6777, 6779, 6826, 6840, 6854, 6902, 6908, 6910, 6924, 6942, 6970, 7029, 7069]","[1356, 1938, 3680, 4398, 5679]",7093,345,6748,0,345,6743,5
-4.0,MMIL3G,"[59, 69, 88, 94, 104, 113, 130, 135, 137, 142, 157, 162, 168, 173, 177, 189, 258, 269, 313, 327, 341, 351, 362, 366, 369, 382, 389, 470, 482, 525, 610, 628, 641, 660, 687, 691, 704, 713, 733, 746, 773, 825, 854, 876, 930, 935, 972, 984, 1003, 1035, 1039, 1078, 1099, 1108, 1110, 1143, 1147, 1149, 1185, 1188, 1200, 1213, 1218, 1223, 1233, 1251, 1264, 1273, 1300, 1327, 1367, 1382, 1433, 1435, 1446, 1496, 1507, 1530, 1587, 1683, 1758, 1836, 1844, 1854, 1872, 1893, 1901, 1914, 1916, 1918, 1933, 1940, 1947, 1957, 1993, 2035, 2037, 2059, 2091, 2111, 2113, 2125, 2152, 2159, 2176, 2202, 2222, 2273, 2297, 2336, 2349, 2357, 2364, 2391, 2399, 2416, 2452, 2512, 2547, 2555, 2579, 2584, 2588, 2596, 2613, 2651, 2659, 2666, 2694, 2699, 2704, 2709, 2721, 2737, 2743, 2759, 2796, 2809, 2862, 2864, 2873, 2892, 2897, 2907, 2917, 2937, 3010, 3013, 3034, 3036, 3052, 3055, 3118, 3124, 3159, 3167, 3194, 3216, 3281, 3305, 3333, 3346, 3377, 3379, 3390, 3402, 3424, 3429]",[],"[59, 69, 88, 94, 104, 113, 130, 135, 137, 142, 157, 162, 168, 173, 177, 189, 258, 269, 313, 327, 341, 351, 362, 366, 369, 382, 389, 470, 482, 525, 610, 628, 641, 660, 687, 691, 704, 713, 733, 746, 773, 825, 854, 876, 930, 935, 972, 984, 1003, 1035, 1039, 1078, 1099, 1108, 1110, 1143, 1147, 1149, 1185, 1188, 1200, 1213, 1218, 1223, 1233, 1251, 1264, 1273, 1300, 1327, 1367, 1382, 1433, 1435, 1446, 1496, 1507, 1530, 1587, 1683, 1758, 1836, 1844, 1854, 1872, 1893, 1901, 1914, 1916, 1918, 1933, 1940, 1947, 1957, 1993, 2035, 2037, 2059, 2091, 2111, 2113, 2125, 2152, 2159, 2176, 2202, 2222, 2273, 2297, 2336, 2349, 2357, 2364, 2391, 2399, 2416, 2452, 2512, 2547, 2555, 2579, 2584, 2588, 2596, 2613, 2651, 2659, 2666, 2694, 2699, 2704, 2709, 2721, 2737, 2743, 2759, 2796, 2809, 2862, 2864, 2873, 2892, 2897, 2907, 2917, 2937, 3010, 3013, 3034, 3036, 3052, 3055, 3118, 3124, 3159, 3167, 3194, 3216, 3281, 3305, 3333, 3346, 3377, 3379, 3390, 3402, 3424, 3429]","[686, 824, 1913, 2090]",3483,168,3315,0,168,3311,4
-4.0,MMIL5G,"[22, 24, 26, 41, 63, 81, 88, 131, 152, 154, 185, 217, 219, 231, 294, 296, 302, 312, 315, 333, 360, 366, 374, 415, 446, 469, 471, 486, 588, 616, 618, 634, 636, 672, 675, 698, 716, 732, 737, 760, 814, 819, 826, 857, 906, 966, 971, 981, 985, 1001, 1007, 1014, 1097, 1137, 1152, 1174, 1179, 1187, 1219, 1440, 1454, 1456, 1460, 1462, 1474, 1545, 1576, 1594, 1598, 1614, 1626, 1630, 1655, 1677, 1679, 1682, 1684, 1686, 1688, 1711, 1726, 1732, 1773, 1806, 1814, 1843, 1847, 1859, 1863, 1890, 1902, 1911, 1934, 1937, 1943, 1972, 1976, 1985, 2040, 2065, 2100, 2110, 2124, 2150, 2157, 2258, 2263, 2267, 2283, 2287, 2331, 2356, 2378, 2390, 2399, 2440, 2442, 2444, 2449, 2504, 2513, 2520, 2536, 2547, 2549, 2602, 2604, 2606, 2608, 2610, 2612, 2614, 2616, 2618, 2620, 2622, 2624, 2626, 2638, 2642, 2646, 2650, 2654, 2658, 2662, 2666, 2672, 2674, 2676, 2678, 2680, 2682, 2684, 2686, 2688, 2690, 2692, 2694, 2696, 2698, 2700, 2702, 2709, 2713, 2715, 2721, 2723, 2728, 2730, 2785, 2788, 2824, 2826, 2862, 2875, 2932, 2951, 2954, 2962, 2992, 2997, 3069, 3071, 3074, 3099, 3102, 3118, 3124, 3138, 3158, 3206, 3231, 3258, 3342, 3347, 3354, 3382, 3417, 3419, 3423, 3426, 3433, 3526, 3530, 3536, 3541, 3564, 3598, 3602, 3618, 3637, 3660, 3664, 3682, 3684, 3712, 3733, 3741, 3743, 3750, 3757, 3793, 3815, 3823, 3852, 3879, 3897, 3902, 3905, 3909, 3924, 3939, 3941, 3954, 3977, 4001, 4006, 4064, 4090, 4099, 4125, 4131, 4143, 4171, 4182, 4189, 4214, 4216, 4218, 4228, 4245, 4393, 4435, 4469, 4484, 4491, 4505, 4516, 4524, 4573, 4575, 4614, 4616, 4638, 4686, 4694, 4703, 4711, 4733, 4755, 4775, 4782, 4807, 4811, 4829, 4872, 4883, 4900, 4902, 4904, 4930, 4934, 4983, 4992, 4995, 4998, 5046, 5052, 5056, 5072, 5151, 5160, 5180, 5218, 5232, 5281, 5304, 5308, 5319, 5346, 5359, 5362, 5417, 5433, 5442, 5446, 5481, 5532, 5534, 5542, 5545, 5547, 5549, 5560, 5566, 5611, 5624, 5643, 5660, 5684, 5701, 5731, 5736, 5743, 5749, 5775, 5804, 5813, 5972, 5976, 5993, 6013, 6027, 6038, 6062, 6121, 6172, 6175, 6187, 6190, 6227, 6241, 6244, 6255, 6282, 6286, 6301, 6338, 6392, 6397, 6401, 6403, 6406, 6420, 6422, 6456, 6479, 6496, 6517, 6545, 6574, 6586, 6588, 6609, 6614, 6621, 6634, 6639, 6661, 6674, 6716]",[],"[22, 24, 26, 41, 63, 81, 88, 131, 152, 154, 185, 217, 219, 231, 294, 296, 302, 312, 315, 333, 360, 366, 374, 415, 446, 469, 471, 486, 588, 616, 618, 634, 636, 672, 675, 698, 716, 732, 737, 760, 814, 819, 826, 857, 906, 966, 971, 981, 985, 1001, 1007, 1014, 1097, 1137, 1152, 1174, 1179, 1187, 1219, 1440, 1454, 1456, 1460, 1462, 1474, 1545, 1576, 1594, 1598, 1614, 1626, 1630, 1655, 1677, 1679, 1682, 1684, 1686, 1688, 1711, 1726, 1732, 1773, 1806, 1814, 1843, 1847, 1859, 1863, 1890, 1902, 1911, 1934, 1937, 1943, 1972, 1976, 1985, 2040, 2065, 2100, 2110, 2124, 2150, 2157, 2258, 2263, 2267, 2283, 2287, 2331, 2356, 2378, 2390, 2399, 2440, 2442, 2444, 2449, 2504, 2513, 2520, 2536, 2547, 2549, 2602, 2604, 2606, 2608, 2610, 2612, 2614, 2616, 2618, 2620, 2622, 2624, 2626, 2638, 2642, 2646, 2650, 2654, 2658, 2662, 2666, 2672, 2674, 2676, 2678, 2680, 2682, 2684, 2686, 2688, 2690, 2692, 2694, 2696, 2698, 2700, 2702, 2709, 2713, 2715, 2721, 2723, 2728, 2730, 2785, 2788, 2824, 2826, 2862, 2875, 2932, 2951, 2954, 2962, 2992, 2997, 3069, 3071, 3074, 3099, 3102, 3118, 3124, 3138, 3158, 3206, 3231, 3258, 3342, 3347, 3354, 3382, 3417, 3419, 3423, 3426, 3433, 3526, 3530, 3536, 3541, 3564, 3598, 3602, 3618, 3637, 3660, 3664, 3682, 3684, 3712, 3733, 3741, 3743, 3750, 3757, 3793, 3815, 3823, 3852, 3879, 3897, 3902, 3905, 3909, 3924, 3939, 3941, 3954, 3977, 4001, 4006, 4064, 4090, 4099, 4125, 4131, 4143, 4171, 4182, 4189, 4214, 4216, 4218, 4228, 4245, 4393, 4435, 4469, 4484, 4491, 4505, 4516, 4524, 4573, 4575, 4614, 4616, 4638, 4686, 4694, 4703, 4711, 4733, 4755, 4775, 4782, 4807, 4811, 4829, 4872, 4883, 4900, 4902, 4904, 4930, 4934, 4983, 4992, 4995, 4998, 5046, 5052, 5056, 5072, 5151, 5160, 5180, 5218, 5232, 5281, 5304, 5308, 5319, 5346, 5359, 5362, 5417, 5433, 5442, 5446, 5481, 5532, 5534, 5542, 5545, 5547, 5549, 5560, 5566, 5611, 5624, 5643, 5660, 5684, 5701, 5731, 5736, 5743, 5749, 5775, 5804, 5813, 5972, 5976, 5993, 6013, 6027, 6038, 6062, 6121, 6172, 6175, 6187, 6190, 6227, 6241, 6244, 6255, 6282, 6286, 6301, 6338, 6392, 6397, 6401, 6403, 6406, 6420, 6422, 6456, 6479, 6496, 6517, 6545, 6574, 6586, 6588, 6609, 6614, 6621, 6634, 6639, 6661, 6674, 6716]","[731, 1593, 3597]",6720,371,6349,0,371,6346,3
-4.0,MMKFGF,"[48, 118, 123, 148, 152, 257, 272, 275, 353, 380, 407, 470, 494, 516, 519, 521, 543, 547, 567, 572, 582, 585, 588, 602, 607, 686, 694, 780, 862, 870, 874, 876, 880, 887, 942, 962, 974, 977, 992, 1003, 1010, 1041, 1043, 1046, 1050, 1060, 1087, 1108, 1136, 1138, 1140, 1144, 1161, 1174, 1181, 1188, 1194, 1213, 1255, 1260, 1280, 1319, 1338, 1358, 1390, 1427, 1443, 1459, 1492, 1494, 1549, 1557, 1561, 1575, 1607, 1609, 1625, 1648, 1727, 1743, 1771, 1805, 1913, 1915, 1923, 1930, 1932, 1948, 1957, 1967, 1978, 2013, 2031, 2055, 2080, 2091, 2100, 2119, 2133, 2173, 2232, 2264, 2271, 2323, 2325, 2327, 2367, 2372, 2405, 2461, 2485, 2537, 2549, 2562, 2593, 2608, 2633, 2660, 2663, 2677, 2682, 2716, 2723, 2732, 2754, 2760, 2772, 2780, 2785, 2821, 2830, 2858, 2862, 2887, 2925, 2976, 3078, 3107, 3143, 3186, 3214, 3219, 3244, 3246, 3277, 3279, 3294, 3302, 3315, 3333, 3350, 3367, 3415, 3423, 3457, 3477, 3521, 3535, 3540, 3550, 3582, 3584, 3597, 3615, 3641, 3658, 3661, 3684, 3731, 3747, 3760, 3767, 3778, 3790, 3798, 3802, 3806, 3809, 3819, 3821, 3836, 3840, 3887, 3945, 3947, 3961, 3963, 3972]",[],"[48, 118, 123, 148, 152, 257, 272, 275, 353, 380, 407, 470, 494, 516, 519, 521, 543, 547, 567, 572, 582, 585, 588, 602, 607, 686, 694, 780, 862, 870, 874, 876, 880, 887, 942, 962, 974, 977, 992, 1003, 1010, 1041, 1043, 1046, 1050, 1060, 1087, 1108, 1136, 1138, 1140, 1144, 1161, 1174, 1181, 1188, 1194, 1213, 1255, 1260, 1280, 1319, 1338, 1358, 1390, 1427, 1443, 1459, 1492, 1494, 1549, 1557, 1561, 1575, 1607, 1609, 1625, 1648, 1727, 1743, 1771, 1805, 1913, 1915, 1923, 1930, 1932, 1948, 1957, 1967, 1978, 2013, 2031, 2055, 2080, 2091, 2100, 2119, 2133, 2173, 2232, 2264, 2271, 2323, 2325, 2327, 2367, 2372, 2405, 2461, 2485, 2537, 2549, 2562, 2593, 2608, 2633, 2660, 2663, 2677, 2682, 2716, 2723, 2732, 2754, 2760, 2772, 2780, 2785, 2821, 2830, 2858, 2862, 2887, 2925, 2976, 3078, 3107, 3143, 3186, 3214, 3219, 3244, 3246, 3277, 3279, 3294, 3302, 3315, 3333, 3350, 3367, 3415, 3423, 3457, 3477, 3521, 3535, 3540, 3550, 3582, 3584, 3597, 3615, 3641, 3658, 3661, 3684, 3731, 3747, 3760, 3767, 3778, 3790, 3798, 3802, 3806, 3809, 3819, 3821, 3836, 3840, 3887, 3945, 3947, 3961, 3963, 3972]","[542, 1045]",3982,188,3794,0,188,3792,2
-4.0,MMLDHAG,"[49, 59, 93, 95, 106, 174, 211, 228, 233, 276, 280, 287, 293, 324, 339, 357, 359, 404, 428, 438, 442, 452, 461, 495, 515, 524, 540, 546, 548, 551, 572, 597, 606, 708, 732, 734, 737, 758, 761, 783, 785, 789, 792, 827, 830, 845, 868, 895, 902, 908, 929, 949, 976, 978, 990, 997, 1013, 1021, 1031, 1046, 1053, 1070, 1082, 1086, 1096, 1118, 1126, 1144, 1157, 1159, 1170, 1181, 1183, 1185, 1243, 1266, 1277, 1284, 1289, 1300, 1329, 1332, 1350, 1379, 1424, 1426, 1464, 1483, 1544, 1553, 1576, 1588, 1616, 1624, 1678, 1680, 1693, 1695, 1701, 1724, 1727, 1731, 1783, 1840, 1861, 1881, 1907, 1916, 1923, 1929, 1958, 1986, 1989, 1994, 2015, 2080, 2097, 2099, 2101, 2133, 2187, 2236, 2251, 2306, 2316, 2346, 2360, 2363, 2393, 2402, 2413, 2422, 2430, 2488, 2493, 2510, 2512, 2524, 2549, 2569, 2575, 2617, 2621, 2631, 2654, 2688, 2700, 2714, 2749, 2763, 2775, 2780, 2808, 2820, 2826, 2833, 2835, 2853, 2863, 2877, 2914, 2916, 2932, 2947, 2979, 2998, 3035, 3046, 3062, 3067, 3085, 3094, 3099, 3102, 3105, 3147, 3166, 3168, 3181, 3196, 3218, 3224, 3261, 3289, 3292, 3296, 3303, 3316, 3340, 3346, 3351, 3372, 3392, 3415, 3432, 3435, 3470, 3489, 3494, 3533, 3549, 3564, 3570, 3600, 3650, 3668, 3671, 3688, 3692, 3729, 3758, 3773, 3811, 3830, 3895, 3914, 3928, 3940, 3948, 3966, 3982, 3998, 4008, 4014, 4044, 4078, 4090, 4154, 4168, 4172, 4190, 4206, 4227, 4241, 4278, 4291, 4298, 4306, 4324, 4331, 4338, 4344, 4378, 4382, 4397, 4413, 4415, 4428, 4445, 4479, 4524, 4527, 4533, 4537, 4542, 4555, 4564, 4578, 4582, 4610, 4612, 4615, 4617, 4642, 4650, 4654, 4668, 4683, 4690, 4738, 4787, 4799, 4815, 4825, 4829, 4894, 4902, 4908, 4935, 4967, 4993, 4998, 5022, 5061, 5088, 5098, 5139, 5147, 5158, 5177, 5292, 5334, 5338, 5344, 5359, 5399, 5401, 5405, 5413, 5459, 5482, 5490, 5493, 5496, 5500, 5504, 5508, 5512, 5575, 5577, 5594, 5618, 5636, 5677, 5789, 5793, 5826, 5832, 5907, 5920, 5924, 5927, 5935, 5946, 5957, 5972, 6032, 6039, 6043, 6074, 6124, 6148, 6155, 6157, 6159, 6188, 6190, 6220, 6245, 6247, 6289, 6295, 6327, 6345, 6352, 6391, 6396, 6422, 6424, 6426, 6455, 6457, 6460, 6463, 6476, 6482, 6493, 6522, 6547, 6583, 6598, 6671, 6674, 6681, 6702, 6709, 6732, 6779, 6796, 6798, 6856, 6878, 6885, 6887, 6915, 6928, 6937, 6952, 6960, 7004, 7006, 7027, 7049, 7081, 7093, 7107, 7126, 7131, 7136, 7159, 7172, 7201, 7209, 7213, 7225, 7229, 7242, 7247, 7256, 7258, 7284, 7300, 7303, 7311, 7339, 7343, 7353, 7365, 7399, 7402, 7408, 7428, 7448, 7450, 7457, 7475, 7480, 7484, 7486, 7491, 7494, 7512, 7528, 7548, 7558, 7561, 7583, 7588, 7614, 7630, 7641, 7666, 7669, 7673, 7686, 7777, 7781, 7785, 7793, 7845, 7848, 7858, 7866, 7870, 7934, 7960, 7964, 7991, 8029, 8031, 8041, 8074, 8091, 8094, 8108, 8114, 8119, 8127, 8182, 8195, 8207, 8222, 8231, 8233, 8243, 8281, 8285, 8296, 8316, 8320, 8328, 8337, 8345, 8353, 8358, 8381, 8403, 8415, 8436, 8441, 8446, 8455, 8468, 8479, 8485, 8487, 8492, 8495, 8497, 8503, 8512, 8523, 8565, 8575, 8587, 8590, 8598, 8662, 8681, 8697, 8750, 8795, 8798, 8828, 8834, 8863, 8866, 8910, 8932, 8946, 8950, 8952, 8957, 8976, 8982, 8986, 8995, 8999, 9007, 9012, 9018, 9037, 9064, 9098, 9118, 9124, 9126, 9176, 9184, 9225, 9236, 9242, 9287, 9290, 9301, 9304, 9368, 9383, 9431, 9442, 9445, 9452, 9456, 9476, 9495, 9508, 9511, 9558, 9560, 9574, 9594, 9602, 9640, 9653, 9657, 9669, 9741, 9777, 9788, 9795, 9801, 9819, 9828, 9841, 9860, 9863, 9865, 9870, 9889, 9892, 9898, 9903, 9929, 9935, 9973, 9976, 9990, 10000, 10038, 10049, 10069, 10111, 10146, 10149, 10215, 10221, 10258, 10268, 10280, 10282, 10294, 10344, 10401, 10408, 10412, 10417, 10420, 10431, 10448, 10472, 10479, 10485, 10492, 10494, 10504, 10511, 10513, 10518, 10538, 10580, 10591, 10607, 10636, 10678, 10705, 10712, 10716, 10731, 10746, 10795, 10813, 10841, 10856, 10863, 10889, 10895, 10920, 10930, 10947, 10953, 10962, 10981, 10983, 10986, 10995, 11003, 11009, 11016, 11026, 11031, 11041, 11051, 11077, 11082, 11085, 11125, 11136, 11180, 11194, 11204, 11219, 11227, 11241, 11250, 11258, 11309, 11326, 11350, 11407, 11424, 11427, 11453, 11489, 11501, 11507, 11533, 11550, 11559, 11567, 11569, 11576, 11599, 11609, 11611, 11618, 11647, 11650, 11656, 11733, 11741, 11750, 11768, 11811, 11820, 11823, 11827, 11832, 11835, 11837, 11846, 11848, 11891, 11894, 11900, 11902, 11905, 11908, 11916, 11920, 11922, 11928, 11936, 11978, 12026, 12033, 12038, 12041, 12057, 12059, 12061, 12065, 12083, 12093, 12096, 12121, 12123, 12127, 12130, 12132, 12149, 12156, 12194, 12196, 12221, 12251, 12256, 12263, 12267, 12280, 12291, 12324, 12332, 12354, 12357, 12366, 12387, 12392, 12396, 12401, 12444, 12467, 12483, 12517, 12519, 12552, 12599, 12620, 12638, 12686, 12707, 12722, 12737, 12774, 12828]",[],"[49, 59, 93, 95, 106, 174, 211, 228, 233, 276, 280, 287, 293, 324, 339, 357, 359, 404, 428, 438, 442, 452, 461, 495, 515, 524, 540, 546, 548, 551, 572, 597, 606, 708, 732, 734, 737, 758, 761, 783, 785, 789, 792, 827, 830, 845, 868, 895, 902, 908, 929, 949, 976, 978, 990, 997, 1013, 1021, 1031, 1046, 1053, 1070, 1082, 1086, 1096, 1118, 1126, 1144, 1157, 1159, 1170, 1181, 1183, 1185, 1243, 1266, 1277, 1284, 1289, 1300, 1329, 1332, 1350, 1379, 1424, 1426, 1464, 1483, 1544, 1553, 1576, 1588, 1616, 1624, 1678, 1680, 1693, 1695, 1701, 1724, 1727, 1731, 1783, 1840, 1861, 1881, 1907, 1916, 1923, 1929, 1958, 1986, 1989, 1994, 2015, 2080, 2097, 2099, 2101, 2133, 2187, 2236, 2251, 2306, 2316, 2346, 2360, 2363, 2393, 2402, 2413, 2422, 2430, 2488, 2493, 2510, 2512, 2524, 2549, 2569, 2575, 2617, 2621, 2631, 2654, 2688, 2700, 2714, 2749, 2763, 2775, 2780, 2808, 2820, 2826, 2833, 2835, 2853, 2863, 2877, 2914, 2916, 2932, 2947, 2979, 2998, 3035, 3046, 3062, 3067, 3085, 3094, 3099, 3102, 3105, 3147, 3166, 3168, 3181, 3196, 3218, 3224, 3261, 3289, 3292, 3296, 3303, 3316, 3340, 3346, 3351, 3372, 3392, 3415, 3432, 3435, 3470, 3489, 3494, 3533, 3549, 3564, 3570, 3600, 3650, 3668, 3671, 3688, 3692, 3729, 3758, 3773, 3811, 3830, 3895, 3914, 3928, 3940, 3948, 3966, 3982, 3998, 4008, 4014, 4044, 4078, 4090, 4154, 4168, 4172, 4190, 4206, 4227, 4241, 4278, 4291, 4298, 4306, 4324, 4331, 4338, 4344, 4378, 4382, 4397, 4413, 4415, 4428, 4445, 4479, 4524, 4527, 4533, 4537, 4542, 4555, 4564, 4578, 4582, 4610, 4612, 4615, 4617, 4642, 4650, 4654, 4668, 4683, 4690, 4738, 4787, 4799, 4815, 4825, 4829, 4894, 4902, 4908, 4935, 4967, 4993, 4998, 5022, 5061, 5088, 5098, 5139, 5147, 5158, 5177, 5292, 5334, 5338, 5344, 5359, 5399, 5401, 5405, 5413, 5459, 5482, 5490, 5493, 5496, 5500, 5504, 5508, 5512, 5575, 5577, 5594, 5618, 5636, 5677, 5789, 5793, 5826, 5832, 5907, 5920, 5924, 5927, 5935, 5946, 5957, 5972, 6032, 6039, 6043, 6074, 6124, 6148, 6155, 6157, 6159, 6188, 6190, 6220, 6245, 6247, 6289, 6295, 6327, 6345, 6352, 6391, 6396, 6422, 6424, 6426, 6455, 6457, 6460, 6463, 6476, 6482, 6493, 6522, 6547, 6583, 6598, 6671, 6674, 6681, 6702, 6709, 6732, 6779, 6796, 6798, 6856, 6878, 6885, 6887, 6915, 6928, 6937, 6952, 6960, 7004, 7006, 7027, 7049, 7081, 7093, 7107, 7126, 7131, 7136, 7159, 7172, 7201, 7209, 7213, 7225, 7229, 7242, 7247, 7256, 7258, 7284, 7300, 7303, 7311, 7339, 7343, 7353, 7365, 7399, 7402, 7408, 7428, 7448, 7450, 7457, 7475, 7480, 7484, 7486, 7491, 7494, 7512, 7528, 7548, 7558, 7561, 7583, 7588, 7614, 7630, 7641, 7666, 7669, 7673, 7686, 7777, 7781, 7785, 7793, 7845, 7848, 7858, 7866, 7870, 7934, 7960, 7964, 7991, 8029, 8031, 8041, 8074, 8091, 8094, 8108, 8114, 8119, 8127, 8182, 8195, 8207, 8222, 8231, 8233, 8243, 8281, 8285, 8296, 8316, 8320, 8328, 8337, 8345, 8353, 8358, 8381, 8403, 8415, 8436, 8441, 8446, 8455, 8468, 8479, 8485, 8487, 8492, 8495, 8497, 8503, 8512, 8523, 8565, 8575, 8587, 8590, 8598, 8662, 8681, 8697, 8750, 8795, 8798, 8828, 8834, 8863, 8866, 8910, 8932, 8946, 8950, 8952, 8957, 8976, 8982, 8986, 8995, 8999, 9007, 9012, 9018, 9037, 9064, 9098, 9118, 9124, 9126, 9176, 9184, 9225, 9236, 9242, 9287, 9290, 9301, 9304, 9368, 9383, 9431, 9442, 9445, 9452, 9456, 9476, 9495, 9508, 9511, 9558, 9560, 9574, 9594, 9602, 9640, 9653, 9657, 9669, 9741, 9777, 9788, 9795, 9801, 9819, 9828, 9841, 9860, 9863, 9865, 9870, 9889, 9892, 9898, 9903, 9929, 9935, 9973, 9976, 9990, 10000, 10038, 10049, 10069, 10111, 10146, 10149, 10215, 10221, 10258, 10268, 10280, 10282, 10294, 10344, 10401, 10408, 10412, 10417, 10420, 10431, 10448, 10472, 10479, 10485, 10492, 10494, 10504, 10511, 10513, 10518, 10538, 10580, 10591, 10607, 10636, 10678, 10705, 10712, 10716, 10731, 10746, 10795, 10813, 10841, 10856, 10863, 10889, 10895, 10920, 10930, 10947, 10953, 10962, 10981, 10983, 10986, 10995, 11003, 11009, 11016, 11026, 11031, 11041, 11051, 11077, 11082, 11085, 11125, 11136, 11180, 11194, 11204, 11219, 11227, 11241, 11250, 11258, 11309, 11326, 11350, 11407, 11424, 11427, 11453, 11489, 11501, 11507, 11533, 11550, 11559, 11567, 11569, 11576, 11599, 11609, 11611, 11618, 11647, 11650, 11656, 11733, 11741, 11750, 11768, 11811, 11820, 11823, 11827, 11832, 11835, 11837, 11846, 11848, 11891, 11894, 11900, 11902, 11905, 11908, 11916, 11920, 11922, 11928, 11936, 11978, 12026, 12033, 12038, 12041, 12057, 12059, 12061, 12065, 12083, 12093, 12096, 12121, 12123, 12127, 12130, 12132, 12149, 12156, 12194, 12196, 12221, 12251, 12256, 12263, 12267, 12280, 12291, 12324, 12332, 12354, 12357, 12366, 12387, 12392, 12396, 12401, 12444, 12467, 12483, 12517, 12519, 12552, 12599, 12620, 12638, 12686, 12707, 12722, 12737, 12774, 12828]","[4577, 5919, 7171, 7668, 8597, 10704]",12844,754,12090,0,754,12084,6
-4.0,MMMMP9A,"[12, 71, 75, 79, 97, 119, 165, 205, 217, 235, 267, 300, 302, 317, 347, 389, 394, 410, 413, 421, 423, 432, 484, 488, 494, 520, 562, 564, 566, 568, 608, 629, 699, 745, 747, 787, 789, 813, 827, 835, 855, 864, 881, 924, 931, 953, 958, 961, 968, 972, 980, 1008, 1031, 1034, 1036, 1097, 1127, 1139, 1175, 1192, 1205, 1285, 1288, 1342, 1358, 1379, 1390, 1441, 1452, 1462, 1470, 1477, 1481, 1484, 1509, 1513, 1531, 1546, 1549, 1563, 1570, 1577, 1588, 1601, 1610, 1626, 1632, 1634, 1642, 1668, 1670, 1683, 1685, 1694, 1699, 1711, 1722, 1735, 1748, 1753, 1787, 1798, 1835, 1891, 1936, 1939, 1941, 1950, 1954, 1982, 2009, 2016, 2032, 2040, 2056, 2069, 2103, 2126, 2128, 2130, 2144, 2147, 2149, 2177, 2184, 2294, 2296, 2306, 2330, 2332, 2354, 2362, 2367, 2369, 2376, 2426, 2446, 2477, 2524, 2530, 2546, 2551, 2575, 2585, 2610, 2612, 2624, 2666, 2724, 2756, 2759, 2762, 2778, 2782, 2802, 2825, 2850, 2852, 2854, 2890, 2921, 2930, 3006, 3008, 3047, 3059, 3065, 3069, 3082, 3108, 3129, 3146, 3149, 3151, 3174, 3179, 3188, 3223, 3231, 3235, 3284, 3286, 3288, 3294, 3350, 3360, 3396, 3419, 3442, 3470, 3480, 3526, 3576, 3594, 3640, 3702, 3707, 3759, 3768, 3780, 3783, 3809, 3813, 3825, 3842, 3853, 3887, 3889, 3923, 3928, 3934, 3946, 3972, 3983, 3997, 4021, 4052, 4061, 4068, 4082, 4116, 4133, 4142, 4196, 4202, 4207, 4247, 4258, 4303, 4315, 4322, 4326, 4350, 4374, 4376, 4386, 4389, 4434, 4458, 4479, 4488, 4493, 4495, 4497, 4518, 4526, 4539, 4564, 4574, 4599, 4612, 4617, 4622, 4667, 4670, 4686, 4721, 4731, 4817, 4837, 4839, 4852, 4856, 4865, 4869, 4899, 4930, 4933, 4945, 4949, 4969, 4989, 4992, 5015, 5062, 5076, 5098, 5108, 5111, 5165, 5170, 5184, 5206, 5249, 5251, 5299, 5302, 5333, 5335, 5337, 5347, 5349, 5354, 5362, 5365, 5438, 5440, 5472, 5484, 5528, 5606, 5614, 5637, 5643, 5696, 5709, 5711, 5713, 5717, 5729, 5751, 5796, 5800, 5809, 5863, 5921, 5937, 5941, 5945, 5972, 5978, 6000, 6002, 6009, 6088, 6112, 6166, 6179, 6181, 6209, 6216, 6220, 6222, 6238, 6254, 6264, 6269, 6283, 6292, 6311, 6314, 6333, 6347, 6349, 6357, 6379, 6418, 6473, 6483, 6498, 6507, 6518, 6526, 6528, 6557, 6565, 6594, 6602, 6609, 6647, 6691, 6725, 6747, 6787, 6815, 6834, 6853, 6877, 6893, 6895, 6907, 6931, 6943, 6950, 6967, 7001, 7050, 7058, 7083, 7092, 7112, 7121, 7142, 7169, 7171, 7179, 7185, 7196, 7214, 7253, 7270, 7282, 7285, 7317, 7375, 7387, 7403, 7415, 7432, 7435, 7437, 7446, 7505, 7536, 7545, 7582, 7607, 7633, 7639, 7650, 7659, 7694, 7696, 7698, 7704, 7711, 7751, 7753, 7757, 7771, 7780, 7792, 7801, 7810, 7819, 7839, 7875, 7880, 7886, 7940, 7955, 7965, 7992, 8023, 8033, 8041, 8084, 8100, 8103, 8136, 8141, 8164, 8166, 8171]",[],"[12, 71, 75, 79, 97, 119, 165, 205, 217, 235, 267, 300, 302, 317, 347, 389, 394, 410, 413, 421, 423, 432, 484, 488, 494, 520, 562, 564, 566, 568, 608, 629, 699, 745, 747, 787, 789, 813, 827, 835, 855, 864, 881, 924, 931, 953, 958, 961, 968, 972, 980, 1008, 1031, 1034, 1036, 1097, 1127, 1139, 1175, 1192, 1205, 1285, 1288, 1342, 1358, 1379, 1390, 1441, 1452, 1462, 1470, 1477, 1481, 1484, 1509, 1513, 1531, 1546, 1549, 1563, 1570, 1577, 1588, 1601, 1610, 1626, 1632, 1634, 1642, 1668, 1670, 1683, 1685, 1694, 1699, 1711, 1722, 1735, 1748, 1753, 1787, 1798, 1835, 1891, 1936, 1939, 1941, 1950, 1954, 1982, 2009, 2016, 2032, 2040, 2056, 2069, 2103, 2126, 2128, 2130, 2144, 2147, 2149, 2177, 2184, 2294, 2296, 2306, 2330, 2332, 2354, 2362, 2367, 2369, 2376, 2426, 2446, 2477, 2524, 2530, 2546, 2551, 2575, 2585, 2610, 2612, 2624, 2666, 2724, 2756, 2759, 2762, 2778, 2782, 2802, 2825, 2850, 2852, 2854, 2890, 2921, 2930, 3006, 3008, 3047, 3059, 3065, 3069, 3082, 3108, 3129, 3146, 3149, 3151, 3174, 3179, 3188, 3223, 3231, 3235, 3284, 3286, 3288, 3294, 3350, 3360, 3396, 3419, 3442, 3470, 3480, 3526, 3576, 3594, 3640, 3702, 3707, 3759, 3768, 3780, 3783, 3809, 3813, 3825, 3842, 3853, 3887, 3889, 3923, 3928, 3934, 3946, 3972, 3983, 3997, 4021, 4052, 4061, 4068, 4082, 4116, 4133, 4142, 4196, 4202, 4207, 4247, 4258, 4303, 4315, 4322, 4326, 4350, 4374, 4376, 4386, 4389, 4434, 4458, 4479, 4488, 4493, 4495, 4497, 4518, 4526, 4539, 4564, 4574, 4599, 4612, 4617, 4622, 4667, 4670, 4686, 4721, 4731, 4817, 4837, 4839, 4852, 4856, 4865, 4869, 4899, 4930, 4933, 4945, 4949, 4969, 4989, 4992, 5015, 5062, 5076, 5098, 5108, 5111, 5165, 5170, 5184, 5206, 5249, 5251, 5299, 5302, 5333, 5335, 5337, 5347, 5349, 5354, 5362, 5365, 5438, 5440, 5472, 5484, 5528, 5606, 5614, 5637, 5643, 5696, 5709, 5711, 5713, 5717, 5729, 5751, 5796, 5800, 5809, 5863, 5921, 5937, 5941, 5945, 5972, 5978, 6000, 6002, 6009, 6088, 6112, 6166, 6179, 6181, 6209, 6216, 6220, 6222, 6238, 6254, 6264, 6269, 6283, 6292, 6311, 6314, 6333, 6347, 6349, 6357, 6379, 6418, 6473, 6483, 6498, 6507, 6518, 6526, 6528, 6557, 6565, 6594, 6602, 6609, 6647, 6691, 6725, 6747, 6787, 6815, 6834, 6853, 6877, 6893, 6895, 6907, 6931, 6943, 6950, 6967, 7001, 7050, 7058, 7083, 7092, 7112, 7121, 7142, 7169, 7171, 7179, 7185, 7196, 7214, 7253, 7270, 7282, 7285, 7317, 7375, 7387, 7403, 7415, 7432, 7435, 7437, 7446, 7505, 7536, 7545, 7582, 7607, 7633, 7639, 7650, 7659, 7694, 7696, 7698, 7704, 7711, 7751, 7753, 7757, 7771, 7780, 7792, 7801, 7810, 7819, 7839, 7875, 7880, 7886, 7940, 7955, 7965, 7992, 8023, 8033, 8041, 8084, 8100, 8103, 8136, 8141, 8164, 8166, 8171]","[1341, 2008, 2375, 2781, 3064, 3418, 3945, 4206, 5695, 5936, 6356, 6564]",8183,444,7739,0,444,7727,12
-4.0,MMMRPS24,"[24, 41, 47, 63, 88, 98, 165, 167, 187, 218, 227, 248, 258, 267, 280, 283, 320, 334, 347, 354, 361, 393, 405, 409, 435, 461, 534, 544, 552, 561, 574, 626, 646, 671, 713, 729, 751, 807, 819, 826, 837, 859, 885, 904, 924, 926, 930, 960, 984, 993, 998, 1000, 1006, 1067, 1077, 1084, 1090, 1093, 1095, 1100, 1102, 1107, 1133, 1150, 1153, 1181, 1186, 1197, 1211, 1214, 1222, 1225, 1239, 1285, 1322, 1380, 1382, 1384, 1404, 1424, 1438, 1461, 1473, 1481, 1484, 1490, 1492, 1508, 1511, 1519, 1526, 1552, 1561, 1585, 1623, 1642, 1651, 1676, 1679, 1762, 1766, 1795, 1815, 1828, 1838, 1846, 1848, 1870, 1885, 1888, 1890, 1922, 1954, 1980, 1983, 1995, 1997, 2017, 2022, 2031, 2039, 2056, 2060, 2078, 2109, 2123, 2136, 2150, 2162, 2169, 2207, 2220, 2242, 2251, 2254, 2272, 2286, 2297, 2301, 2311, 2314, 2361, 2374, 2383, 2407, 2432, 2455, 2482, 2484, 2525, 2552, 2572, 2587, 2590, 2618, 2629, 2653, 2657, 2670, 2676, 2681, 2684, 2689, 2696, 2702, 2704, 2754, 2756, 2759, 2767, 2775, 2782, 2786, 2790, 2794, 2801, 2805, 2809, 2813, 2821, 2830, 2832, 2844, 2861, 2882, 2893, 2912, 2929, 2949, 2952, 2968, 2977, 2985, 2988, 3096, 3120, 3124, 3138, 3143, 3164, 3171, 3174, 3193, 3224, 3230, 3232, 3264, 3269, 3284, 3287, 3289, 3292, 3295, 3305, 3330, 3378, 3401, 3404, 3418, 3422, 3431, 3451, 3497, 3509, 3520, 3527, 3542, 3558, 3568, 3571, 3603, 3620, 3622, 3627, 3643, 3645, 3650, 3674, 3687, 3714, 3732, 3734, 3738, 3740, 3777, 3795, 3804, 3813, 3819, 3825, 3831, 3838, 3841, 3843, 3881, 3903, 3918, 3920, 3935, 3939, 3947, 3961, 3964, 3970, 3975, 3989, 3999, 4038, 4056, 4064, 4071, 4075, 4093, 4111, 4116, 4132, 4137, 4152, 4169, 4174, 4183, 4198, 4202, 4207, 4335, 4337, 4353, 4364, 4366, 4372, 4376, 4431, 4446, 4448, 4453, 4462, 4474, 4519, 4524, 4535, 4547, 4562, 4569, 4589, 4600, 4605, 4636, 4647, 4656, 4659, 4671, 4678, 4742, 4758, 4764, 4813, 4822, 4833, 4837, 4862, 4869, 4877, 4893, 4906, 4911, 4918, 4922, 4927, 4938, 4943, 4960, 4970, 4980, 4998, 5000, 5026, 5030, 5071, 5075, 5092, 5111, 5130, 5139, 5142, 5155, 5169, 5181, 5183, 5186, 5196, 5211, 5229, 5236, 5242, 5256, 5262, 5266, 5271, 5277, 5279, 5281, 5299, 5305, 5312, 5322, 5333, 5349, 5353, 5385, 5425, 5436, 5446, 5454, 5459]",[],"[24, 41, 47, 63, 88, 98, 165, 167, 187, 218, 227, 248, 258, 267, 280, 283, 320, 334, 347, 354, 361, 393, 405, 409, 435, 461, 534, 544, 552, 561, 574, 626, 646, 671, 713, 729, 751, 807, 819, 826, 837, 859, 885, 904, 924, 926, 930, 960, 984, 993, 998, 1000, 1006, 1067, 1077, 1084, 1090, 1093, 1095, 1100, 1102, 1107, 1133, 1150, 1153, 1181, 1186, 1197, 1211, 1214, 1222, 1225, 1239, 1285, 1322, 1380, 1382, 1384, 1404, 1424, 1438, 1461, 1473, 1481, 1484, 1490, 1492, 1508, 1511, 1519, 1526, 1552, 1561, 1585, 1623, 1642, 1651, 1676, 1679, 1762, 1766, 1795, 1815, 1828, 1838, 1846, 1848, 1870, 1885, 1888, 1890, 1922, 1954, 1980, 1983, 1995, 1997, 2017, 2022, 2031, 2039, 2056, 2060, 2078, 2109, 2123, 2136, 2150, 2162, 2169, 2207, 2220, 2242, 2251, 2254, 2272, 2286, 2297, 2301, 2311, 2314, 2361, 2374, 2383, 2407, 2432, 2455, 2482, 2484, 2525, 2552, 2572, 2587, 2590, 2618, 2629, 2653, 2657, 2670, 2676, 2681, 2684, 2689, 2696, 2702, 2704, 2754, 2756, 2759, 2767, 2775, 2782, 2786, 2790, 2794, 2801, 2805, 2809, 2813, 2821, 2830, 2832, 2844, 2861, 2882, 2893, 2912, 2929, 2949, 2952, 2968, 2977, 2985, 2988, 3096, 3120, 3124, 3138, 3143, 3164, 3171, 3174, 3193, 3224, 3230, 3232, 3264, 3269, 3284, 3287, 3289, 3292, 3295, 3305, 3330, 3378, 3401, 3404, 3418, 3422, 3431, 3451, 3497, 3509, 3520, 3527, 3542, 3558, 3568, 3571, 3603, 3620, 3622, 3627, 3643, 3645, 3650, 3674, 3687, 3714, 3732, 3734, 3738, 3740, 3777, 3795, 3804, 3813, 3819, 3825, 3831, 3838, 3841, 3843, 3881, 3903, 3918, 3920, 3935, 3939, 3947, 3961, 3964, 3970, 3975, 3989, 3999, 4038, 4056, 4064, 4071, 4075, 4093, 4111, 4116, 4132, 4137, 4152, 4169, 4174, 4183, 4198, 4202, 4207, 4335, 4337, 4353, 4364, 4366, 4372, 4376, 4431, 4446, 4448, 4453, 4462, 4474, 4519, 4524, 4535, 4547, 4562, 4569, 4589, 4600, 4605, 4636, 4647, 4656, 4659, 4671, 4678, 4742, 4758, 4764, 4813, 4822, 4833, 4837, 4862, 4869, 4877, 4893, 4906, 4911, 4918, 4922, 4927, 4938, 4943, 4960, 4970, 4980, 4998, 5000, 5026, 5030, 5071, 5075, 5092, 5111, 5130, 5139, 5142, 5155, 5169, 5181, 5183, 5186, 5196, 5211, 5229, 5236, 5242, 5256, 5262, 5266, 5271, 5277, 5279, 5281, 5299, 5305, 5312, 5322, 5333, 5349, 5353, 5385, 5425, 5436, 5446, 5454, 5459]","[404, 1460, 1761, 3137]",5492,374,5118,0,374,5114,4
-4.0,MMMTIX,"[5, 11, 36, 69, 78, 87, 90, 105, 108, 122, 130, 173, 204, 214, 239, 264, 291, 302, 319, 326, 348, 403, 422, 438, 465, 468, 498, 515, 553, 560, 565, 574, 587, 615, 620, 635, 639, 653, 658, 682, 707, 722, 759, 771, 808, 827, 830, 832, 845, 867, 932, 952, 956, 971, 1024, 1048, 1053, 1098, 1107, 1127, 1178, 1183, 1199, 1211, 1213, 1236, 1242, 1247, 1256, 1279, 1281, 1288, 1306, 1319, 1329, 1344, 1356, 1360, 1377, 1383, 1394, 1402, 1404, 1407, 1428, 1439, 1452, 1467, 1503, 1508, 1516]",[],"[5, 11, 36, 69, 78, 87, 90, 105, 108, 122, 130, 173, 204, 214, 239, 264, 291, 302, 319, 326, 348, 403, 422, 438, 465, 468, 498, 515, 553, 560, 565, 574, 587, 615, 620, 635, 639, 653, 658, 682, 707, 722, 759, 771, 808, 827, 830, 832, 845, 867, 932, 952, 956, 971, 1024, 1048, 1053, 1098, 1107, 1127, 1178, 1183, 1199, 1211, 1213, 1236, 1242, 1247, 1256, 1279, 1281, 1288, 1306, 1319, 1329, 1344, 1356, 1360, 1377, 1383, 1394, 1402, 1404, 1407, 1428, 1439, 1452, 1467, 1503, 1508, 1516]","[402, 951]",1553,91,1462,0,91,1460,2
-4.0,MMMUPBS6,"[8, 15, 25, 80, 105, 150, 159, 211, 216, 220, 265, 275, 281, 288, 307, 323, 330, 360, 376, 450, 538, 568, 573, 575, 598, 601, 656, 658, 675, 679, 681, 723, 732, 748, 767, 793, 797, 814, 819, 862, 890, 905, 927, 936, 941, 968, 970, 1000, 1006, 1016, 1022, 1025, 1051, 1166, 1184, 1202, 1204, 1208, 1247, 1252, 1299, 1303, 1311, 1326, 1330, 1396, 1409, 1413, 1437, 1452, 1487, 1498, 1509, 1537, 1540, 1565, 1573, 1584, 1615, 1647, 1667, 1715, 1728, 1731, 1737, 1740, 1756, 1762, 1765, 1797, 1832, 1867, 1874, 1902, 1909, 1916, 1963, 1984, 2003, 2028, 2039, 2044, 2046, 2050, 2087, 2106, 2108, 2110, 2112, 2114, 2118, 2120, 2124, 2126, 2128, 2130, 2132, 2134, 2136, 2138, 2140, 2142, 2144, 2146, 2148, 2150, 2153, 2159, 2162, 2165, 2168, 2171, 2174, 2177, 2180, 2183, 2189, 2192, 2194, 2196, 2198, 2208, 2243, 2267, 2278, 2287, 2334, 2336, 2350, 2352, 2358, 2364, 2399, 2426, 2450, 2453, 2471, 2479, 2482, 2484, 2498, 2514, 2527, 2584, 2602, 2608, 2624, 2663, 2665, 2794, 2799, 2862, 2889, 2935, 2964, 3019, 3026, 3028, 3060, 3066, 3083, 3086, 3154, 3172, 3186, 3237, 3241, 3252, 3298, 3309, 3330, 3358, 3367, 3379, 3385, 3446, 3477, 3481, 3507, 3515, 3518, 3591, 3601, 3629, 3634, 3670, 3686, 3691, 3694, 3717, 3747, 3750, 3753, 3761, 3769, 3771, 3775, 3826, 3852, 3858, 3884, 3920, 3923, 3946, 3948, 3953, 3963, 4030, 4033, 4035, 4063, 4088, 4090, 4109, 4149, 4166, 4174, 4182, 4195, 4197, 4207, 4236, 4238, 4243, 4301, 4312, 4331, 4344, 4355, 4367, 4460, 4495, 4503, 4516, 4528, 4532, 4553, 4558, 4589, 4598]",[],"[8, 15, 25, 80, 105, 150, 159, 211, 216, 220, 265, 275, 281, 288, 307, 323, 330, 360, 376, 450, 538, 568, 573, 575, 598, 601, 656, 658, 675, 679, 681, 723, 732, 748, 767, 793, 797, 814, 819, 862, 890, 905, 927, 936, 941, 968, 970, 1000, 1006, 1016, 1022, 1025, 1051, 1166, 1184, 1202, 1204, 1208, 1247, 1252, 1299, 1303, 1311, 1326, 1330, 1396, 1409, 1413, 1437, 1452, 1487, 1498, 1509, 1537, 1540, 1565, 1573, 1584, 1615, 1647, 1667, 1715, 1728, 1731, 1737, 1740, 1756, 1762, 1765, 1797, 1832, 1867, 1874, 1902, 1909, 1916, 1963, 1984, 2003, 2028, 2039, 2044, 2046, 2050, 2087, 2106, 2108, 2110, 2112, 2114, 2118, 2120, 2124, 2126, 2128, 2130, 2132, 2134, 2136, 2138, 2140, 2142, 2144, 2146, 2148, 2150, 2153, 2159, 2162, 2165, 2168, 2171, 2174, 2177, 2180, 2183, 2189, 2192, 2194, 2196, 2198, 2208, 2243, 2267, 2278, 2287, 2334, 2336, 2350, 2352, 2358, 2364, 2399, 2426, 2450, 2453, 2471, 2479, 2482, 2484, 2498, 2514, 2527, 2584, 2602, 2608, 2624, 2663, 2665, 2794, 2799, 2862, 2889, 2935, 2964, 3019, 3026, 3028, 3060, 3066, 3083, 3086, 3154, 3172, 3186, 3237, 3241, 3252, 3298, 3309, 3330, 3358, 3367, 3379, 3385, 3446, 3477, 3481, 3507, 3515, 3518, 3591, 3601, 3629, 3634, 3670, 3686, 3691, 3694, 3717, 3747, 3750, 3753, 3761, 3769, 3771, 3775, 3826, 3852, 3858, 3884, 3920, 3923, 3946, 3948, 3953, 3963, 4030, 4033, 4035, 4063, 4088, 4090, 4109, 4149, 4166, 4174, 4182, 4195, 4197, 4207, 4236, 4238, 4243, 4301, 4312, 4331, 4344, 4355, 4367, 4460, 4495, 4503, 4516, 4528, 4532, 4553, 4558, 4589, 4598]","[731, 1203, 2045, 2793, 3236]",4615,260,4355,0,260,4350,5
-4.0,MMMYCL,"[14, 27, 43, 69, 74, 100, 171, 204, 220, 235, 257, 265, 271, 276, 278, 280, 311, 318, 338, 357, 370, 405, 427, 432, 462, 523, 568, 581, 599, 637, 664, 701, 737, 752, 764, 766, 807, 811, 830, 841, 843, 845, 847, 849, 899, 920, 932, 947, 1019, 1045, 1056, 1086, 1094, 1171, 1253, 1261, 1306, 1397, 1402, 1414, 1434, 1445, 1480, 1494, 1566, 1576, 1613, 1616, 1692, 1704, 1728, 1765, 1788, 1832, 1856, 1918, 1922, 1924, 1937, 1939, 1943, 1952, 1956, 1958, 1960, 1964, 1971, 1981, 1998, 2010, 2043, 2049, 2077, 2085, 2098, 2109, 2118, 2130, 2155, 2306, 2312, 2335, 2342, 2351, 2362, 2415, 2420, 2440, 2445, 2473, 2483, 2485, 2494, 2510, 2535, 2555, 2582, 2623, 2635, 2649, 2652, 2690, 2754, 2760, 2786, 2830, 2885, 2891, 2894, 2931, 2954, 2956, 2962, 2991, 2996, 3061, 3073, 3082, 3152, 3187, 3190, 3216, 3251, 3288, 3293, 3319, 3328, 3375, 3379, 3390, 3448, 3453, 3462, 3570, 3575, 3682, 3706, 3716, 3718, 3735, 3750, 3811, 3827, 3837, 3848, 3858, 3866, 3877, 3895, 3915, 3922, 3935, 3950, 3957, 3983, 3991, 3997, 4091, 4108, 4111, 4162, 4189, 4196, 4219, 4324, 4335, 4361, 4380, 4396, 4406, 4417, 4434, 4437, 4468, 4489, 4491, 4500, 4514, 4535, 4560, 4562, 4603, 4606, 4608, 4610, 4612, 4614, 4618, 4622, 4624, 4636, 4638, 4644, 4674, 4688, 4691, 4697, 4733, 4745, 4824, 4839, 4869, 4949, 4964, 4971, 4984, 5003, 5007, 5024, 5086, 5108, 5144, 5147, 5164, 5186, 5230, 5232, 5263, 5271, 5306, 5328, 5351, 5368, 5386, 5395, 5421, 5423, 5453, 5505, 5558, 5611, 5614, 5620, 5623, 5641, 5656, 5699, 5739, 5753, 5776, 5830, 5845, 5851, 5856, 5884, 5946, 5951, 5957, 5965, 6019, 6035, 6105, 6156, 6168, 6222, 6230, 6281, 6297, 6317, 6327, 6387, 6469, 6485, 6489, 6492, 6496, 6498, 6533, 6546, 6548, 6563, 6574, 6597, 6615, 6620, 6701, 6726, 6732, 6737, 6739, 6753, 6757, 6767, 6812, 6843, 6864, 6870, 6873, 6879, 6935, 6938, 6952, 6970, 6972, 6992, 6995, 7002, 7008, 7015, 7021, 7045, 7053, 7070, 7073, 7075, 7082, 7088, 7120, 7129, 7134, 7148, 7168, 7178, 7206, 7252, 7258, 7264, 7282, 7314, 7333, 7354, 7366, 7381, 7405, 7416, 7421, 7430, 7437, 7456, 7468, 7478, 7482, 7517, 7543, 7561, 7566, 7572, 7589, 7599, 7601, 7606, 7610, 7612, 7614, 7616, 7618, 7622, 7629, 7636, 7641, 7644, 7694, 7705, 7711, 7717, 7719, 7722, 7728, 7735, 7737, 7739, 7741, 7751, 7756, 7765, 7776, 7793, 7849, 7878, 7900, 7919, 7928, 7943, 7957, 8039, 8065, 8067, 8080, 8083, 8132, 8149, 8151, 8162, 8174, 8220, 8270, 8273, 8288]",[],"[14, 27, 43, 69, 74, 100, 171, 204, 220, 235, 257, 265, 271, 276, 278, 280, 311, 318, 338, 357, 370, 405, 427, 432, 462, 523, 568, 581, 599, 637, 664, 701, 737, 752, 764, 766, 807, 811, 830, 841, 843, 845, 847, 849, 899, 920, 932, 947, 1019, 1045, 1056, 1086, 1094, 1171, 1253, 1261, 1306, 1397, 1402, 1414, 1434, 1445, 1480, 1494, 1566, 1576, 1613, 1616, 1692, 1704, 1728, 1765, 1788, 1832, 1856, 1918, 1922, 1924, 1937, 1939, 1943, 1952, 1956, 1958, 1960, 1964, 1971, 1981, 1998, 2010, 2043, 2049, 2077, 2085, 2098, 2109, 2118, 2130, 2155, 2306, 2312, 2335, 2342, 2351, 2362, 2415, 2420, 2440, 2445, 2473, 2483, 2485, 2494, 2510, 2535, 2555, 2582, 2623, 2635, 2649, 2652, 2690, 2754, 2760, 2786, 2830, 2885, 2891, 2894, 2931, 2954, 2956, 2962, 2991, 2996, 3061, 3073, 3082, 3152, 3187, 3190, 3216, 3251, 3288, 3293, 3319, 3328, 3375, 3379, 3390, 3448, 3453, 3462, 3570, 3575, 3682, 3706, 3716, 3718, 3735, 3750, 3811, 3827, 3837, 3848, 3858, 3866, 3877, 3895, 3915, 3922, 3935, 3950, 3957, 3983, 3991, 3997, 4091, 4108, 4111, 4162, 4189, 4196, 4219, 4324, 4335, 4361, 4380, 4396, 4406, 4417, 4434, 4437, 4468, 4489, 4491, 4500, 4514, 4535, 4560, 4562, 4603, 4606, 4608, 4610, 4612, 4614, 4618, 4622, 4624, 4636, 4638, 4644, 4674, 4688, 4691, 4697, 4733, 4745, 4824, 4839, 4869, 4949, 4964, 4971, 4984, 5003, 5007, 5024, 5086, 5108, 5144, 5147, 5164, 5186, 5230, 5232, 5263, 5271, 5306, 5328, 5351, 5368, 5386, 5395, 5421, 5423, 5453, 5505, 5558, 5611, 5614, 5620, 5623, 5641, 5656, 5699, 5739, 5753, 5776, 5830, 5845, 5851, 5856, 5884, 5946, 5951, 5957, 5965, 6019, 6035, 6105, 6156, 6168, 6222, 6230, 6281, 6297, 6317, 6327, 6387, 6469, 6485, 6489, 6492, 6496, 6498, 6533, 6546, 6548, 6563, 6574, 6597, 6615, 6620, 6701, 6726, 6732, 6737, 6739, 6753, 6757, 6767, 6812, 6843, 6864, 6870, 6873, 6879, 6935, 6938, 6952, 6970, 6972, 6992, 6995, 7002, 7008, 7015, 7021, 7045, 7053, 7070, 7073, 7075, 7082, 7088, 7120, 7129, 7134, 7148, 7168, 7178, 7206, 7252, 7258, 7264, 7282, 7314, 7333, 7354, 7366, 7381, 7405, 7416, 7421, 7430, 7437, 7456, 7468, 7478, 7482, 7517, 7543, 7561, 7566, 7572, 7589, 7599, 7601, 7606, 7610, 7612, 7614, 7616, 7618, 7622, 7629, 7636, 7641, 7644, 7694, 7705, 7711, 7717, 7719, 7722, 7728, 7735, 7737, 7739, 7741, 7751, 7756, 7765, 7776, 7793, 7849, 7878, 7900, 7919, 7928, 7943, 7957, 8039, 8065, 8067, 8080, 8083, 8132, 8149, 8151, 8162, 8174, 8220, 8270, 8273, 8288]",[1787],8309,408,7901,0,408,7900,1
-4.0,MMNFMG,"[24, 43, 51, 60, 62, 64, 66, 98, 121, 139, 177, 226, 244, 275, 285, 335, 337, 343, 348, 350, 353, 365, 393, 422, 431, 528, 590, 606, 623, 639, 646, 653, 674, 680, 702, 704, 729, 739, 797, 803, 842, 909, 994, 1044, 1065, 1190, 1193, 1200, 1206, 1224, 1229, 1245, 1261, 1278, 1307, 1320, 1388, 1390, 1424, 1427, 1511, 1529, 1550, 1554, 1571, 1635, 1721, 1734, 1748, 1775, 1792, 1796, 1891, 1897, 1915, 1918, 1933, 1957, 1964, 2132, 2161, 2194, 2200, 2202, 2204, 2206, 2209, 2222, 2227, 2237, 2245, 2292, 2337, 2341, 2372, 2374, 2379, 2388, 2405, 2430, 2457, 2471, 2503, 2535, 2541, 2563, 2632, 2667, 2686, 2701, 2729, 2757, 2788, 2822, 2832, 2844, 2854, 2866, 2879, 2883, 2901, 2929, 2962, 2980, 2992, 3054, 3094, 3123, 3128, 3130, 3146, 3169, 3176, 3182, 3232, 3236, 3248, 3267, 3276, 3284, 3292, 3330, 3340, 3348, 3372, 3398, 3416, 3453, 3457, 3584, 3598, 3602, 3687, 3689, 3692, 3699, 3710, 3735, 3779, 3794, 3813, 3822, 3834, 3837, 3854, 3874, 3877, 3903, 3915, 3930, 4006, 4028, 4041, 4061, 4082, 4097, 4124, 4138, 4177, 4246, 4253, 4258, 4344, 4346, 4351, 4395, 4410, 4449, 4499, 4508, 4514, 4532, 4577, 4586, 4620, 4643, 4664, 4694, 4724, 4747, 4754, 4769, 4778, 4795, 4799, 4805, 4856, 4887, 4902, 4908, 4921, 4955, 5001, 5024, 5027, 5045, 5082, 5093, 5096, 5099, 5111, 5142, 5168, 5174, 5186, 5222, 5237, 5246, 5264, 5273, 5283, 5298, 5302, 5312, 5342, 5369, 5395, 5407, 5440, 5455]",[],"[24, 43, 51, 60, 62, 64, 66, 98, 121, 139, 177, 226, 244, 275, 285, 335, 337, 343, 348, 350, 353, 365, 393, 422, 431, 528, 590, 606, 623, 639, 646, 653, 674, 680, 702, 704, 729, 739, 797, 803, 842, 909, 994, 1044, 1065, 1190, 1193, 1200, 1206, 1224, 1229, 1245, 1261, 1278, 1307, 1320, 1388, 1390, 1424, 1427, 1511, 1529, 1550, 1554, 1571, 1635, 1721, 1734, 1748, 1775, 1792, 1796, 1891, 1897, 1915, 1918, 1933, 1957, 1964, 2132, 2161, 2194, 2200, 2202, 2204, 2206, 2209, 2222, 2227, 2237, 2245, 2292, 2337, 2341, 2372, 2374, 2379, 2388, 2405, 2430, 2457, 2471, 2503, 2535, 2541, 2563, 2632, 2667, 2686, 2701, 2729, 2757, 2788, 2822, 2832, 2844, 2854, 2866, 2879, 2883, 2901, 2929, 2962, 2980, 2992, 3054, 3094, 3123, 3128, 3130, 3146, 3169, 3176, 3182, 3232, 3236, 3248, 3267, 3276, 3284, 3292, 3330, 3340, 3348, 3372, 3398, 3416, 3453, 3457, 3584, 3598, 3602, 3687, 3689, 3692, 3699, 3710, 3735, 3779, 3794, 3813, 3822, 3834, 3837, 3854, 3874, 3877, 3903, 3915, 3930, 4006, 4028, 4041, 4061, 4082, 4097, 4124, 4138, 4177, 4246, 4253, 4258, 4344, 4346, 4351, 4395, 4410, 4449, 4499, 4508, 4514, 4532, 4577, 4586, 4620, 4643, 4664, 4694, 4724, 4747, 4754, 4769, 4778, 4795, 4799, 4805, 4856, 4887, 4902, 4908, 4921, 4955, 5001, 5024, 5027, 5045, 5082, 5093, 5096, 5099, 5111, 5142, 5168, 5174, 5186, 5222, 5237, 5246, 5264, 5273, 5283, 5298, 5302, 5312, 5342, 5369, 5395, 5407, 5440, 5455]","[1634, 2540]",5464,240,5224,0,240,5222,2
-4.0,MMNMYC,"[34, 41, 43, 58, 67, 119, 133, 150, 163, 190, 230, 268, 280, 283, 288, 295, 397, 439, 495, 535, 559, 562, 643, 670, 675, 690, 710, 730, 750, 770, 809, 836, 840, 861, 870, 874, 877, 882, 939, 941, 953, 956, 971, 985, 991, 995, 1037, 1044, 1046, 1048, 1052, 1070, 1086, 1098, 1110, 1164, 1176, 1181, 1211, 1217, 1225, 1234, 1248, 1254, 1267, 1356, 1373, 1382, 1386, 1398, 1402, 1406, 1411, 1427, 1439, 1443, 1447, 1471, 1529, 1585, 1589, 1592, 1599, 1605, 1610, 1614, 1631, 1634, 1636, 1673, 1698, 1717, 1725, 1728, 1731, 1733, 1737, 1759, 1770, 1776, 1781, 1784, 1786, 1822, 1825, 1827, 1852, 1863, 1914, 1922, 1941, 1958, 1999, 2005, 2032, 2054, 2058, 2089, 2091, 2117, 2138, 2176, 2205, 2216, 2220, 2238, 2249, 2265, 2360, 2373, 2398, 2400, 2406, 2412, 2466, 2475, 2527, 2559, 2619, 2630, 2646, 2649, 2652, 2655, 2658, 2678, 2712, 2736, 2751, 2757, 2759, 2761, 2767, 2792, 2827, 2835, 2844, 2846, 2866, 2869, 2906, 2936, 2948, 2953, 2962, 2981, 2985, 2995, 3026, 3065, 3072, 3081, 3087, 3090, 3123, 3125, 3129, 3213, 3216, 3222, 3235, 3258, 3279, 3283, 3304, 3346, 3348, 3393, 3460, 3462, 3465, 3550, 3600, 3612, 3636, 3639, 3662, 3666, 3737, 3776, 3792, 3842, 3844, 3859, 3863, 3879, 3886, 3891, 3903, 3922, 3967, 3974, 3997, 4006, 4012, 4042, 4047, 4055, 4061, 4080, 4102, 4110, 4138, 4165, 4192, 4198, 4205, 4215, 4231, 4245, 4257, 4262, 4278, 4291, 4296, 4311, 4319, 4324, 4350, 4360, 4402, 4414, 4417, 4423, 4430, 4470, 4516, 4527, 4534, 4540, 4546, 4551, 4565, 4578, 4583, 4585, 4603, 4614, 4648, 4688, 4712, 4725, 4754, 4765, 4775, 4781, 4797, 4801]",[],"[34, 41, 43, 58, 67, 119, 133, 150, 163, 190, 230, 268, 280, 283, 288, 295, 397, 439, 495, 535, 559, 562, 643, 670, 675, 690, 710, 730, 750, 770, 809, 836, 840, 861, 870, 874, 877, 882, 939, 941, 953, 956, 971, 985, 991, 995, 1037, 1044, 1046, 1048, 1052, 1070, 1086, 1098, 1110, 1164, 1176, 1181, 1211, 1217, 1225, 1234, 1248, 1254, 1267, 1356, 1373, 1382, 1386, 1398, 1402, 1406, 1411, 1427, 1439, 1443, 1447, 1471, 1529, 1585, 1589, 1592, 1599, 1605, 1610, 1614, 1631, 1634, 1636, 1673, 1698, 1717, 1725, 1728, 1731, 1733, 1737, 1759, 1770, 1776, 1781, 1784, 1786, 1822, 1825, 1827, 1852, 1863, 1914, 1922, 1941, 1958, 1999, 2005, 2032, 2054, 2058, 2089, 2091, 2117, 2138, 2176, 2205, 2216, 2220, 2238, 2249, 2265, 2360, 2373, 2398, 2400, 2406, 2412, 2466, 2475, 2527, 2559, 2619, 2630, 2646, 2649, 2652, 2655, 2658, 2678, 2712, 2736, 2751, 2757, 2759, 2761, 2767, 2792, 2827, 2835, 2844, 2846, 2866, 2869, 2906, 2936, 2948, 2953, 2962, 2981, 2985, 2995, 3026, 3065, 3072, 3081, 3087, 3090, 3123, 3125, 3129, 3213, 3216, 3222, 3235, 3258, 3279, 3283, 3304, 3346, 3348, 3393, 3460, 3462, 3465, 3550, 3600, 3612, 3636, 3639, 3662, 3666, 3737, 3776, 3792, 3842, 3844, 3859, 3863, 3879, 3886, 3891, 3903, 3922, 3967, 3974, 3997, 4006, 4012, 4042, 4047, 4055, 4061, 4080, 4102, 4110, 4138, 4165, 4192, 4198, 4205, 4215, 4231, 4245, 4257, 4262, 4278, 4291, 4296, 4311, 4319, 4324, 4350, 4360, 4402, 4414, 4417, 4423, 4430, 4470, 4516, 4527, 4534, 4540, 4546, 4551, 4565, 4578, 4583, 4585, 4603, 4614, 4648, 4688, 4712, 4725, 4754, 4765, 4775, 4781, 4797, 4801]",[1163],4800,268,4532,0,268,4531,1
-4.0,MMNUCLEO,"[19, 39, 63, 65, 99, 112, 128, 138, 146, 185, 209, 213, 218, 259, 283, 285, 299, 311, 319, 327, 386, 395, 424, 471, 509, 519, 534, 541, 543, 550, 589, 623, 625, 627, 633, 651, 663, 666, 670, 684, 716, 774, 780, 785, 839, 864, 868, 903, 927, 939, 951, 966, 974, 976, 989, 1001, 1034, 1044, 1050, 1053, 1074, 1076, 1094, 1098, 1136, 1161, 1167, 1170, 1186, 1211, 1231, 1250, 1275, 1286, 1362, 1430, 1584, 1600, 1651, 1657, 1677, 1698, 1729, 1762, 1775, 1804, 1808, 1819, 1837, 1872, 1895, 1909, 1912, 1916, 1926, 1929, 1933, 1948, 1957, 1959, 2012, 2028, 2043, 2114, 2118, 2158, 2186, 2207, 2215, 2258, 2282, 2290, 2310, 2312, 2355, 2389, 2416, 2424, 2439, 2460, 2462, 2480, 2488, 2490, 2494, 2497, 2522, 2536, 2554, 2564, 2581, 2584, 2597, 2605, 2608, 2618, 2621, 2643, 2653, 2658, 2663, 2666, 2681, 2738, 2768, 2818, 2824, 2832, 2834, 2839, 2844, 2853, 2860, 2887, 2935, 2947, 2949, 2957, 2968, 2971, 2986, 3000, 3011, 3013, 3017, 3021, 3041, 3076, 3089, 3105, 3128, 3142, 3172, 3184, 3192, 3212, 3215, 3222, 3327, 3365, 3383, 3386, 3393, 3403, 3414, 3417, 3423, 3457, 3464, 3469, 3486, 3500, 3516, 3523, 3533, 3535, 3537, 3563, 3581, 3605, 3618, 3624, 3631, 3640, 3649, 3664, 3676, 3683, 3686, 3690, 3717, 3729, 3738, 3742, 3752, 3762, 3785, 3798, 3801, 3852, 3855, 3858, 3882, 3909, 3930, 3969, 3985, 4013, 4017, 4030, 4072, 4096, 4166, 4182, 4191, 4294, 4298, 4320, 4329, 4344, 4370, 4379, 4400, 4415, 4424, 4435, 4441, 4455, 4465, 4469, 4523, 4568, 4571, 4590, 4592, 4695, 4716, 4730, 4754, 4756, 4798, 4873, 4880, 4912, 4927, 4934, 4965, 4986, 4996, 5012, 5015, 5017, 5025, 5036, 5047, 5049, 5051, 5085, 5112, 5116, 5141, 5170, 5173, 5179, 5189, 5199, 5203, 5216, 5223, 5225, 5244, 5251, 5254, 5296, 5300, 5306, 5310, 5313, 5323, 5333, 5338, 5352, 5367, 5387, 5409, 5415, 5417, 5480, 5485, 5510, 5531, 5540, 5554, 5573, 5577, 5606, 5614, 5617, 5622, 5628, 5640, 5645, 5652, 5673, 5679, 5694, 5700, 5709, 5724, 5727, 5730, 5773, 5805, 5808, 5819, 5826, 5862, 5874, 5877, 5880, 5892, 5895, 5932, 5938, 5978, 5996, 6015, 6019, 6024, 6035, 6037, 6039, 6041, 6051, 6057, 6080, 6088, 6114, 6119, 6130, 6168, 6176, 6178, 6222, 6231, 6235, 6243, 6249, 6276, 6281, 6295, 6309, 6324, 6331, 6336, 6342, 6350, 6373, 6400, 6404, 6426, 6506, 6522, 6531, 6535, 6570, 6584, 6609, 6611, 6616, 6673, 6694, 6696, 6700, 6708, 6711, 6727, 6755, 6760, 6768, 6772, 6791, 6799, 6801, 6813, 6863, 6880, 6884, 6935, 6959, 6965, 6967, 6981, 6987, 7018, 7036, 7044, 7066, 7080, 7106, 7128, 7136, 7151, 7156, 7158, 7200, 7204, 7208, 7216, 7233, 7251, 7255, 7315, 7348, 7355, 7365, 7393, 7462, 7464, 7492, 7511, 7518, 7521, 7526, 7528, 7536, 7538, 7544, 7554, 7559, 7561, 7590, 7597, 7644, 7667, 7697, 7706, 7708, 7755, 7786, 7799, 7804, 7811, 7813, 7837, 7867, 7878, 7890, 7898, 7907, 7920, 7937, 7940, 7951, 7956, 7989, 8053, 8081, 8120, 8123, 8127, 8135, 8142, 8144, 8147, 8166, 8174, 8183, 8190, 8214, 8229, 8244, 8275, 8280, 8300, 8305, 8309, 8314, 8348, 8350, 8368, 8414, 8435, 8438, 8452, 8459, 8466, 8472, 8480, 8486, 8498, 8506, 8515, 8535, 8551, 8553, 8594, 8596, 8605, 8615, 8632, 8639, 8654, 8680, 8707, 8739, 8755, 8762, 8787, 8795, 8803, 8808, 8830, 8851, 8864, 8886, 8888, 8929, 8985, 9025, 9048, 9051, 9055, 9078, 9083, 9106, 9130, 9138, 9141, 9224, 9229, 9245, 9280, 9301, 9303, 9306, 9334, 9336, 9353, 9386, 9388, 9403, 9406, 9428, 9476, 9478, 9490, 9493, 9507, 9558, 9573, 9575, 9598, 9602, 9695, 9701, 9709, 9722, 9729, 9771, 9775, 9782, 9786, 9835, 9839, 9850, 9869, 9882, 9892, 9895, 9898, 9900, 9914, 9938, 9945, 9970, 9978, 10040, 10052, 10064, 10067, 10069, 10111, 10119, 10133, 10141, 10150, 10152, 10165, 10167, 10180, 10185, 10193, 10206, 10213, 10218, 10223, 10236, 10298, 10326, 10332, 10341, 10344, 10350, 10365, 10380, 10392, 10401, 10437, 10477, 10507, 10511, 10520, 10535, 10552, 10619, 10628, 10679, 10690, 10697, 10734, 10752, 10778, 10792, 10827, 10839, 10842, 10844, 10879, 10889, 10934, 10947, 10949, 10951, 10962, 10965, 10986, 11012, 11014, 11017, 11021, 11054, 11059, 11090, 11101, 11127, 11170, 11180, 11190, 11192, 11201, 11221, 11242, 11290, 11304, 11311, 11331, 11336, 11365, 11384, 11389, 11403, 11414, 11436, 11460]",[],"[19, 39, 63, 65, 99, 112, 128, 138, 146, 185, 209, 213, 218, 259, 283, 285, 299, 311, 319, 327, 386, 395, 424, 471, 509, 519, 534, 541, 543, 550, 589, 623, 625, 627, 633, 651, 663, 666, 670, 684, 716, 774, 780, 785, 839, 864, 868, 903, 927, 939, 951, 966, 974, 976, 989, 1001, 1034, 1044, 1050, 1053, 1074, 1076, 1094, 1098, 1136, 1161, 1167, 1170, 1186, 1211, 1231, 1250, 1275, 1286, 1362, 1430, 1584, 1600, 1651, 1657, 1677, 1698, 1729, 1762, 1775, 1804, 1808, 1819, 1837, 1872, 1895, 1909, 1912, 1916, 1926, 1929, 1933, 1948, 1957, 1959, 2012, 2028, 2043, 2114, 2118, 2158, 2186, 2207, 2215, 2258, 2282, 2290, 2310, 2312, 2355, 2389, 2416, 2424, 2439, 2460, 2462, 2480, 2488, 2490, 2494, 2497, 2522, 2536, 2554, 2564, 2581, 2584, 2597, 2605, 2608, 2618, 2621, 2643, 2653, 2658, 2663, 2666, 2681, 2738, 2768, 2818, 2824, 2832, 2834, 2839, 2844, 2853, 2860, 2887, 2935, 2947, 2949, 2957, 2968, 2971, 2986, 3000, 3011, 3013, 3017, 3021, 3041, 3076, 3089, 3105, 3128, 3142, 3172, 3184, 3192, 3212, 3215, 3222, 3327, 3365, 3383, 3386, 3393, 3403, 3414, 3417, 3423, 3457, 3464, 3469, 3486, 3500, 3516, 3523, 3533, 3535, 3537, 3563, 3581, 3605, 3618, 3624, 3631, 3640, 3649, 3664, 3676, 3683, 3686, 3690, 3717, 3729, 3738, 3742, 3752, 3762, 3785, 3798, 3801, 3852, 3855, 3858, 3882, 3909, 3930, 3969, 3985, 4013, 4017, 4030, 4072, 4096, 4166, 4182, 4191, 4294, 4298, 4320, 4329, 4344, 4370, 4379, 4400, 4415, 4424, 4435, 4441, 4455, 4465, 4469, 4523, 4568, 4571, 4590, 4592, 4695, 4716, 4730, 4754, 4756, 4798, 4873, 4880, 4912, 4927, 4934, 4965, 4986, 4996, 5012, 5015, 5017, 5025, 5036, 5047, 5049, 5051, 5085, 5112, 5116, 5141, 5170, 5173, 5179, 5189, 5199, 5203, 5216, 5223, 5225, 5244, 5251, 5254, 5296, 5300, 5306, 5310, 5313, 5323, 5333, 5338, 5352, 5367, 5387, 5409, 5415, 5417, 5480, 5485, 5510, 5531, 5540, 5554, 5573, 5577, 5606, 5614, 5617, 5622, 5628, 5640, 5645, 5652, 5673, 5679, 5694, 5700, 5709, 5724, 5727, 5730, 5773, 5805, 5808, 5819, 5826, 5862, 5874, 5877, 5880, 5892, 5895, 5932, 5938, 5978, 5996, 6015, 6019, 6024, 6035, 6037, 6039, 6041, 6051, 6057, 6080, 6088, 6114, 6119, 6130, 6168, 6176, 6178, 6222, 6231, 6235, 6243, 6249, 6276, 6281, 6295, 6309, 6324, 6331, 6336, 6342, 6350, 6373, 6400, 6404, 6426, 6506, 6522, 6531, 6535, 6570, 6584, 6609, 6611, 6616, 6673, 6694, 6696, 6700, 6708, 6711, 6727, 6755, 6760, 6768, 6772, 6791, 6799, 6801, 6813, 6863, 6880, 6884, 6935, 6959, 6965, 6967, 6981, 6987, 7018, 7036, 7044, 7066, 7080, 7106, 7128, 7136, 7151, 7156, 7158, 7200, 7204, 7208, 7216, 7233, 7251, 7255, 7315, 7348, 7355, 7365, 7393, 7462, 7464, 7492, 7511, 7518, 7521, 7526, 7528, 7536, 7538, 7544, 7554, 7559, 7561, 7590, 7597, 7644, 7667, 7697, 7706, 7708, 7755, 7786, 7799, 7804, 7811, 7813, 7837, 7867, 7878, 7890, 7898, 7907, 7920, 7937, 7940, 7951, 7956, 7989, 8053, 8081, 8120, 8123, 8127, 8135, 8142, 8144, 8147, 8166, 8174, 8183, 8190, 8214, 8229, 8244, 8275, 8280, 8300, 8305, 8309, 8314, 8348, 8350, 8368, 8414, 8435, 8438, 8452, 8459, 8466, 8472, 8480, 8486, 8498, 8506, 8515, 8535, 8551, 8553, 8594, 8596, 8605, 8615, 8632, 8639, 8654, 8680, 8707, 8739, 8755, 8762, 8787, 8795, 8803, 8808, 8830, 8851, 8864, 8886, 8888, 8929, 8985, 9025, 9048, 9051, 9055, 9078, 9083, 9106, 9130, 9138, 9141, 9224, 9229, 9245, 9280, 9301, 9303, 9306, 9334, 9336, 9353, 9386, 9388, 9403, 9406, 9428, 9476, 9478, 9490, 9493, 9507, 9558, 9573, 9575, 9598, 9602, 9695, 9701, 9709, 9722, 9729, 9771, 9775, 9782, 9786, 9835, 9839, 9850, 9869, 9882, 9892, 9895, 9898, 9900, 9914, 9938, 9945, 9970, 9978, 10040, 10052, 10064, 10067, 10069, 10111, 10119, 10133, 10141, 10150, 10152, 10165, 10167, 10180, 10185, 10193, 10206, 10213, 10218, 10223, 10236, 10298, 10326, 10332, 10341, 10344, 10350, 10365, 10380, 10392, 10401, 10437, 10477, 10507, 10511, 10520, 10535, 10552, 10619, 10628, 10679, 10690, 10697, 10734, 10752, 10778, 10792, 10827, 10839, 10842, 10844, 10879, 10889, 10934, 10947, 10949, 10951, 10962, 10965, 10986, 11012, 11014, 11017, 11021, 11054, 11059, 11090, 11101, 11127, 11170, 11180, 11190, 11192, 11201, 11221, 11242, 11290, 11304, 11311, 11331, 11336, 11365, 11384, 11389, 11403, 11414, 11436, 11460]","[2042, 3141, 4293, 4694, 4879, 5198, 6230, 7517, 8122, 8738, 9050, 9881, 10436]",11471,685,10786,0,685,10773,13
-4.0,MMODC2,"[10, 12, 26, 28, 60, 72, 81, 92, 116, 123, 125, 129, 135, 143, 151, 177, 179, 181, 207, 253, 320, 332, 336, 398, 420, 426, 433, 438, 441, 445, 455, 459, 503, 510, 512, 539, 551, 578, 585, 623, 645, 663, 668, 670, 690, 727, 738, 772, 775, 777, 785, 787, 804, 823, 831, 835, 845, 849, 892, 896, 911, 926, 945, 953, 967, 978, 986, 1008, 1028, 1054, 1058, 1090, 1111, 1136, 1156, 1158, 1183, 1195, 1224, 1226, 1240, 1244, 1277, 1281, 1290, 1292, 1297, 1302, 1361, 1368, 1370, 1375, 1386, 1391, 1445, 1463, 1467, 1483, 1490, 1496, 1516, 1525, 1527, 1541, 1543, 1545, 1558, 1562, 1575, 1596, 1612, 1623, 1667, 1670, 1672, 1711, 1724, 1728, 1755, 1758, 1802, 1842, 1856, 1860, 1871, 1873, 1893, 1908, 1937, 1939, 1944, 1970, 1975, 1981, 1985, 1990, 1999, 2019, 2042, 2047, 2053, 2055, 2064, 2074, 2088, 2098, 2121, 2141, 2145, 2156, 2168, 2173, 2195, 2197, 2228, 2230, 2240, 2256, 2258, 2262, 2264, 2272, 2288, 2293, 2298, 2353, 2355, 2378, 2400, 2433, 2457, 2481, 2483, 2509, 2513, 2516, 2524, 2528, 2533, 2538, 2548, 2561, 2564, 2573, 2580, 2600, 2621, 2628, 2640, 2682, 2703, 2707, 2729, 2738, 2770, 2805, 2837, 2857, 2867, 2887, 2891, 2904, 2918, 2929, 2955, 2980, 2985, 2997, 3000, 3004, 3027, 3030, 3069, 3106, 3131, 3166, 3189, 3197, 3203, 3230, 3264, 3280, 3284, 3310, 3351, 3370, 3387, 3394, 3397, 3409, 3417, 3422, 3425, 3434, 3439, 3441, 3486, 3499, 3509, 3560, 3592, 3597, 3621, 3636, 3656, 3658, 3673, 3690, 3738, 3747, 3753, 3759, 3764, 3779, 3803, 3815, 3817, 3842, 3885, 3887, 3911, 3915, 3922, 3952, 3955, 3965, 3976, 4006, 4014, 4046, 4053, 4055, 4077, 4089, 4121, 4138, 4148, 4159, 4179, 4181, 4186, 4202, 4212, 4216, 4220, 4229, 4240, 4247]",[],"[10, 12, 26, 28, 60, 72, 81, 92, 116, 123, 125, 129, 135, 143, 151, 177, 179, 181, 207, 253, 320, 332, 336, 398, 420, 426, 433, 438, 441, 445, 455, 459, 503, 510, 512, 539, 551, 578, 585, 623, 645, 663, 668, 670, 690, 727, 738, 772, 775, 777, 785, 787, 804, 823, 831, 835, 845, 849, 892, 896, 911, 926, 945, 953, 967, 978, 986, 1008, 1028, 1054, 1058, 1090, 1111, 1136, 1156, 1158, 1183, 1195, 1224, 1226, 1240, 1244, 1277, 1281, 1290, 1292, 1297, 1302, 1361, 1368, 1370, 1375, 1386, 1391, 1445, 1463, 1467, 1483, 1490, 1496, 1516, 1525, 1527, 1541, 1543, 1545, 1558, 1562, 1575, 1596, 1612, 1623, 1667, 1670, 1672, 1711, 1724, 1728, 1755, 1758, 1802, 1842, 1856, 1860, 1871, 1873, 1893, 1908, 1937, 1939, 1944, 1970, 1975, 1981, 1985, 1990, 1999, 2019, 2042, 2047, 2053, 2055, 2064, 2074, 2088, 2098, 2121, 2141, 2145, 2156, 2168, 2173, 2195, 2197, 2228, 2230, 2240, 2256, 2258, 2262, 2264, 2272, 2288, 2293, 2298, 2353, 2355, 2378, 2400, 2433, 2457, 2481, 2483, 2509, 2513, 2516, 2524, 2528, 2533, 2538, 2548, 2561, 2564, 2573, 2580, 2600, 2621, 2628, 2640, 2682, 2703, 2707, 2729, 2738, 2770, 2805, 2837, 2857, 2867, 2887, 2891, 2904, 2918, 2929, 2955, 2980, 2985, 2997, 3000, 3004, 3027, 3030, 3069, 3106, 3131, 3166, 3189, 3197, 3203, 3230, 3264, 3280, 3284, 3310, 3351, 3370, 3387, 3394, 3397, 3409, 3417, 3422, 3425, 3434, 3439, 3441, 3486, 3499, 3509, 3560, 3592, 3597, 3621, 3636, 3656, 3658, 3673, 3690, 3738, 3747, 3753, 3759, 3764, 3779, 3803, 3815, 3817, 3842, 3885, 3887, 3911, 3915, 3922, 3952, 3955, 3965, 3976, 4006, 4014, 4046, 4053, 4055, 4077, 4089, 4121, 4138, 4148, 4159, 4179, 4181, 4186, 4202, 4212, 4216, 4220, 4229, 4240, 4247]","[331, 737, 1053, 1374, 1557, 1801, 2508, 2702, 2999]",4253,288,3965,0,288,3956,9
-4.0,MMOESTEOP,"[116, 130, 135, 142, 159, 176, 190, 200, 239, 256, 313, 325, 331, 333, 370, 384, 386, 409, 489, 504, 511, 515, 596, 607, 610, 614, 637, 652, 654, 678, 707, 712, 727, 764, 772, 819, 843, 851, 854, 862, 865, 874, 876, 878, 903, 919, 952, 969, 994, 998, 1072, 1083, 1092, 1098, 1128, 1142, 1164, 1174, 1177, 1183, 1206, 1241, 1251, 1262, 1280, 1297, 1350, 1381, 1396, 1403, 1415, 1455, 1466, 1514, 1533, 1541, 1546, 1607, 1619, 1653, 1663, 1667, 1681, 1683, 1697, 1722, 1728, 1733, 1735, 1742, 1751, 1773, 1788, 1799, 1801, 1809, 1812, 1824, 1835, 1850, 1916, 1928, 1975, 1981, 1987, 2009, 2028, 2032, 2053, 2114, 2117, 2123, 2129, 2149, 2151, 2242, 2284, 2289, 2291, 2340, 2359, 2364, 2385, 2415, 2419, 2422, 2460, 2488, 2507, 2582, 2606, 2610, 2614, 2616, 2649, 2658, 2667, 2705, 2715, 2743, 2747, 2750, 2752, 2762, 2786, 2788, 2822, 2826, 2894, 2898, 2910, 2918, 2955, 2957, 2995, 3000, 3002, 3012, 3022, 3052, 3077, 3084, 3146, 3148, 3154, 3182, 3184, 3293, 3301, 3333, 3351, 3355, 3365, 3453, 3468, 3511, 3524, 3547, 3549, 3564, 3577, 3602, 3630, 3642, 3658, 3660, 3662, 3685, 3712, 3717, 3750, 3767, 3770, 3811, 3916, 3957, 3980, 4009, 4018, 4024, 4040, 4065, 4071, 4079, 4087, 4102, 4121, 4162, 4195, 4217, 4259, 4264, 4272, 4274, 4276, 4278, 4283, 4313, 4333, 4361, 4398, 4428, 4449, 4453, 4465, 4470, 4476, 4491, 4515, 4521, 4526, 4575, 4638, 4650, 4676, 4698, 4703, 4716, 4745, 4755, 4776, 4788, 4835, 4839, 4848, 4858, 4867, 4926, 4931, 4949, 4994, 5004, 5011, 5021, 5030, 5064, 5105, 5121, 5156, 5170, 5197, 5216, 5232, 5234, 5238, 5244, 5276, 5281, 5291, 5295, 5309, 5333, 5337, 5340, 5356, 5359, 5388, 5397, 5435, 5457, 5461, 5509, 5515, 5561, 5564, 5580, 5584, 5586, 5599, 5608, 5615, 5620, 5623, 5625, 5643, 5661, 5666, 5700, 5721, 5730, 5756]",[],"[116, 130, 135, 142, 159, 176, 190, 200, 239, 256, 313, 325, 331, 333, 370, 384, 386, 409, 489, 504, 511, 515, 596, 607, 610, 614, 637, 652, 654, 678, 707, 712, 727, 764, 772, 819, 843, 851, 854, 862, 865, 874, 876, 878, 903, 919, 952, 969, 994, 998, 1072, 1083, 1092, 1098, 1128, 1142, 1164, 1174, 1177, 1183, 1206, 1241, 1251, 1262, 1280, 1297, 1350, 1381, 1396, 1403, 1415, 1455, 1466, 1514, 1533, 1541, 1546, 1607, 1619, 1653, 1663, 1667, 1681, 1683, 1697, 1722, 1728, 1733, 1735, 1742, 1751, 1773, 1788, 1799, 1801, 1809, 1812, 1824, 1835, 1850, 1916, 1928, 1975, 1981, 1987, 2009, 2028, 2032, 2053, 2114, 2117, 2123, 2129, 2149, 2151, 2242, 2284, 2289, 2291, 2340, 2359, 2364, 2385, 2415, 2419, 2422, 2460, 2488, 2507, 2582, 2606, 2610, 2614, 2616, 2649, 2658, 2667, 2705, 2715, 2743, 2747, 2750, 2752, 2762, 2786, 2788, 2822, 2826, 2894, 2898, 2910, 2918, 2955, 2957, 2995, 3000, 3002, 3012, 3022, 3052, 3077, 3084, 3146, 3148, 3154, 3182, 3184, 3293, 3301, 3333, 3351, 3355, 3365, 3453, 3468, 3511, 3524, 3547, 3549, 3564, 3577, 3602, 3630, 3642, 3658, 3660, 3662, 3685, 3712, 3717, 3750, 3767, 3770, 3811, 3916, 3957, 3980, 4009, 4018, 4024, 4040, 4065, 4071, 4079, 4087, 4102, 4121, 4162, 4195, 4217, 4259, 4264, 4272, 4274, 4276, 4278, 4283, 4313, 4333, 4361, 4398, 4428, 4449, 4453, 4465, 4470, 4476, 4491, 4515, 4521, 4526, 4575, 4638, 4650, 4676, 4698, 4703, 4716, 4745, 4755, 4776, 4788, 4835, 4839, 4848, 4858, 4867, 4926, 4931, 4949, 4994, 5004, 5011, 5021, 5030, 5064, 5105, 5121, 5156, 5170, 5197, 5216, 5232, 5234, 5238, 5244, 5276, 5281, 5291, 5295, 5309, 5333, 5337, 5340, 5356, 5359, 5388, 5397, 5435, 5457, 5461, 5509, 5515, 5561, 5564, 5580, 5584, 5586, 5599, 5608, 5615, 5620, 5623, 5625, 5643, 5661, 5666, 5700, 5721, 5730, 5756]","[993, 1127, 2283, 2821, 4101]",5775,301,5474,0,301,5469,5
-4.0,MMPO,"[22, 124, 132, 134, 146, 162, 215, 232, 234, 269, 306, 319, 325, 329, 374, 376, 416, 426, 433, 436, 451, 469, 476, 480, 496, 562, 566, 582, 650, 659, 679, 687, 700, 751, 759, 806, 817, 826, 846, 856, 858, 862, 864, 872, 914, 916, 919, 939, 955, 963, 981, 995, 998, 1114, 1142, 1176, 1193, 1202, 1250, 1269, 1304, 1314, 1320, 1326, 1356, 1380, 1451, 1478, 1503, 1506, 1510, 1576, 1592, 1605, 1610, 1622, 1638, 1680, 1683, 1687, 1696, 1703, 1705, 1710, 1714, 1717, 1722, 1760, 1767, 1770, 1801, 1809, 1811, 1851, 1897, 1903, 1910, 1920, 1932, 1951, 1955, 1963, 1994, 2004, 2007, 2019, 2021, 2058, 2100, 2107, 2182, 2194, 2200, 2214, 2233, 2240, 2305, 2367, 2379, 2382, 2392, 2415, 2447, 2453, 2465, 2467, 2491, 2514, 2528, 2531, 2554, 2562, 2569, 2585, 2595, 2628, 2642, 2648, 2678, 2681, 2693, 2731, 2733, 2739, 2763, 2821, 2840, 2861, 2885, 2923, 2942, 2949, 2966, 2998, 3022, 3025, 3036, 3040, 3055, 3059, 3081, 3109, 3133, 3147, 3155, 3167, 3178, 3183, 3212, 3245, 3254, 3315, 3337, 3382, 3384, 3408, 3411, 3415, 3417, 3422, 3442, 3448, 3471, 3504, 3506, 3520, 3527, 3530, 3532, 3535, 3537, 3544, 3550, 3559, 3585, 3628, 3636, 3644, 3656, 3667, 3669, 3699, 3720, 3729, 3733, 3735, 3740, 3750, 3770, 3799, 3802, 3821, 3836, 3886, 3895, 3904, 4019, 4045, 4049, 4051, 4071, 4081, 4101, 4108, 4134, 4149, 4156, 4188, 4234, 4236, 4239, 4244, 4251, 4258, 4279, 4296, 4319, 4369, 4384, 4386, 4390, 4442, 4447, 4574, 4584, 4589, 4591, 4658, 4758, 4770, 4793, 4806, 4817, 4832, 4836, 4856, 4872, 4889, 4894, 4903, 4910, 5002, 5048, 5063, 5070, 5090, 5096, 5121, 5165, 5181, 5191, 5194, 5216, 5226, 5251, 5262, 5282, 5288, 5304, 5313, 5317, 5342, 5348, 5358, 5534, 5543, 5565, 5576, 5584, 5587, 5590, 5615, 5622, 5624, 5642, 5654, 5674, 5696, 5704, 5729, 5732, 5735, 5775, 5790, 5810, 5815, 5874, 5879, 5881, 5886, 5895, 5897, 5925, 5957, 5963, 5966, 5977, 5999, 6011, 6013, 6015, 6050, 6063, 6075, 6100, 6127, 6146, 6150, 6152, 6192, 6199, 6251, 6259, 6270, 6295, 6300, 6309, 6315, 6330, 6341, 6353, 6360, 6365, 6385, 6427, 6437, 6443, 6453, 6455, 6461, 6466, 6471, 6473, 6475, 6477, 6479, 6483, 6485, 6487, 6489, 6492, 6496, 6510, 6514, 6526, 6530, 6532, 6535, 6539, 6541, 6543, 6545, 6552, 6556, 6560, 6564, 6566, 6569, 6571, 6573, 6581, 6583, 6587, 6590, 6594, 6596, 6609, 6611, 6613, 6615, 6621, 6625, 6629, 6631, 6636, 6638, 6642, 6659, 6665, 6669, 6671, 6673, 6677, 6679, 6684, 6688, 6690, 6698, 6700, 6702, 6705, 6709, 6711, 6717, 6719, 6721, 6723, 6725, 6728, 6767, 6782, 6791, 6806, 6813, 6820, 6834, 6849, 6857, 6859, 6882, 6902, 6906, 6912, 6916, 6957, 6983, 7060, 7150, 7162, 7168, 7175, 7198, 7200, 7211, 7310, 7329, 7366, 7395, 7420, 7505, 7514, 7543, 7553, 7626, 7629, 7633, 7647, 7688, 7713, 7719, 7727, 7757, 7782, 7794, 7809, 7811, 7817, 7834, 7843, 7847, 7866, 7868, 7937, 8003, 8013, 8016, 8025, 8044, 8048, 8059, 8067, 8110, 8171, 8178, 8215, 8217, 8241, 8253, 8275, 8296, 8315, 8346, 8364, 8392, 8407, 8428, 8431, 8441, 8483, 8513, 8538, 8570, 8588, 8612, 8614, 8679, 8681, 8692, 8722, 8737, 8805, 8808, 8831, 8841, 8908, 8978, 9024, 9033, 9080, 9123, 9131, 9157, 9165, 9173, 9210, 9217, 9227, 9229, 9232, 9241, 9245, 9252, 9258, 9297, 9304, 9306, 9309, 9314, 9323, 9343, 9358, 9399, 9404, 9410, 9418, 9432, 9435, 9455, 9465, 9477, 9484, 9554, 9556, 9583, 9629, 9647, 9690, 9713, 9717, 9731, 9748, 9810, 9812, 9814, 9840, 9842, 9877, 9891, 9897, 9904, 9915, 9928, 9939, 9972, 10002, 10006, 10010, 10020, 10025, 10035, 10038, 10043, 10056, 10088, 10113, 10122, 10130, 10138, 10146, 10150, 10164, 10173, 10196, 10224, 10226, 10231, 10268, 10277, 10282, 10332, 10340, 10367, 10375, 10384, 10417, 10422, 10464, 10481, 10488, 10520, 10539, 10545, 10551, 10567, 10569, 10574, 10616, 10625, 10648, 10650, 10671, 10696, 10703, 10752, 10757, 10789, 10797, 10827, 10841, 10850, 10854, 10860, 10867, 10895, 10899, 10907, 10927, 10962, 10971, 10973, 10975, 10980, 10984, 10999, 11006, 11013, 11015, 11034, 11068, 11077, 11094, 11100, 11111, 11119, 11124, 11126, 11128, 11193, 11245, 11257, 11330, 11345, 11348, 11388, 11390, 11393, 11396, 11404, 11474, 11511, 11520, 11529, 11549, 11564, 11568, 11570, 11574, 11594, 11601, 11610, 11612, 11628, 11630, 11637, 11641, 11645, 11647, 11657, 11666, 11674, 11699, 11701, 11706, 11765, 11784, 11797, 11829, 11841, 11861, 11863, 11867, 11892, 11902]",[],"[22, 124, 132, 134, 146, 162, 215, 232, 234, 269, 306, 319, 325, 329, 374, 376, 416, 426, 433, 436, 451, 469, 476, 480, 496, 562, 566, 582, 650, 659, 679, 687, 700, 751, 759, 806, 817, 826, 846, 856, 858, 862, 864, 872, 914, 916, 919, 939, 955, 963, 981, 995, 998, 1114, 1142, 1176, 1193, 1202, 1250, 1269, 1304, 1314, 1320, 1326, 1356, 1380, 1451, 1478, 1503, 1506, 1510, 1576, 1592, 1605, 1610, 1622, 1638, 1680, 1683, 1687, 1696, 1703, 1705, 1710, 1714, 1717, 1722, 1760, 1767, 1770, 1801, 1809, 1811, 1851, 1897, 1903, 1910, 1920, 1932, 1951, 1955, 1963, 1994, 2004, 2007, 2019, 2021, 2058, 2100, 2107, 2182, 2194, 2200, 2214, 2233, 2240, 2305, 2367, 2379, 2382, 2392, 2415, 2447, 2453, 2465, 2467, 2491, 2514, 2528, 2531, 2554, 2562, 2569, 2585, 2595, 2628, 2642, 2648, 2678, 2681, 2693, 2731, 2733, 2739, 2763, 2821, 2840, 2861, 2885, 2923, 2942, 2949, 2966, 2998, 3022, 3025, 3036, 3040, 3055, 3059, 3081, 3109, 3133, 3147, 3155, 3167, 3178, 3183, 3212, 3245, 3254, 3315, 3337, 3382, 3384, 3408, 3411, 3415, 3417, 3422, 3442, 3448, 3471, 3504, 3506, 3520, 3527, 3530, 3532, 3535, 3537, 3544, 3550, 3559, 3585, 3628, 3636, 3644, 3656, 3667, 3669, 3699, 3720, 3729, 3733, 3735, 3740, 3750, 3770, 3799, 3802, 3821, 3836, 3886, 3895, 3904, 4019, 4045, 4049, 4051, 4071, 4081, 4101, 4108, 4134, 4149, 4156, 4188, 4234, 4236, 4239, 4244, 4251, 4258, 4279, 4296, 4319, 4369, 4384, 4386, 4390, 4442, 4447, 4574, 4584, 4589, 4591, 4658, 4758, 4770, 4793, 4806, 4817, 4832, 4836, 4856, 4872, 4889, 4894, 4903, 4910, 5002, 5048, 5063, 5070, 5090, 5096, 5121, 5165, 5181, 5191, 5194, 5216, 5226, 5251, 5262, 5282, 5288, 5304, 5313, 5317, 5342, 5348, 5358, 5534, 5543, 5565, 5576, 5584, 5587, 5590, 5615, 5622, 5624, 5642, 5654, 5674, 5696, 5704, 5729, 5732, 5735, 5775, 5790, 5810, 5815, 5874, 5879, 5881, 5886, 5895, 5897, 5925, 5957, 5963, 5966, 5977, 5999, 6011, 6013, 6015, 6050, 6063, 6075, 6100, 6127, 6146, 6150, 6152, 6192, 6199, 6251, 6259, 6270, 6295, 6300, 6309, 6315, 6330, 6341, 6353, 6360, 6365, 6385, 6427, 6437, 6443, 6453, 6455, 6461, 6466, 6471, 6473, 6475, 6477, 6479, 6483, 6485, 6487, 6489, 6492, 6496, 6510, 6514, 6526, 6530, 6532, 6535, 6539, 6541, 6543, 6545, 6552, 6556, 6560, 6564, 6566, 6569, 6571, 6573, 6581, 6583, 6587, 6590, 6594, 6596, 6609, 6611, 6613, 6615, 6621, 6625, 6629, 6631, 6636, 6638, 6642, 6659, 6665, 6669, 6671, 6673, 6677, 6679, 6684, 6688, 6690, 6698, 6700, 6702, 6705, 6709, 6711, 6717, 6719, 6721, 6723, 6725, 6728, 6767, 6782, 6791, 6806, 6813, 6820, 6834, 6849, 6857, 6859, 6882, 6902, 6906, 6912, 6916, 6957, 6983, 7060, 7150, 7162, 7168, 7175, 7198, 7200, 7211, 7310, 7329, 7366, 7395, 7420, 7505, 7514, 7543, 7553, 7626, 7629, 7633, 7647, 7688, 7713, 7719, 7727, 7757, 7782, 7794, 7809, 7811, 7817, 7834, 7843, 7847, 7866, 7868, 7937, 8003, 8013, 8016, 8025, 8044, 8048, 8059, 8067, 8110, 8171, 8178, 8215, 8217, 8241, 8253, 8275, 8296, 8315, 8346, 8364, 8392, 8407, 8428, 8431, 8441, 8483, 8513, 8538, 8570, 8588, 8612, 8614, 8679, 8681, 8692, 8722, 8737, 8805, 8808, 8831, 8841, 8908, 8978, 9024, 9033, 9080, 9123, 9131, 9157, 9165, 9173, 9210, 9217, 9227, 9229, 9232, 9241, 9245, 9252, 9258, 9297, 9304, 9306, 9309, 9314, 9323, 9343, 9358, 9399, 9404, 9410, 9418, 9432, 9435, 9455, 9465, 9477, 9484, 9554, 9556, 9583, 9629, 9647, 9690, 9713, 9717, 9731, 9748, 9810, 9812, 9814, 9840, 9842, 9877, 9891, 9897, 9904, 9915, 9928, 9939, 9972, 10002, 10006, 10010, 10020, 10025, 10035, 10038, 10043, 10056, 10088, 10113, 10122, 10130, 10138, 10146, 10150, 10164, 10173, 10196, 10224, 10226, 10231, 10268, 10277, 10282, 10332, 10340, 10367, 10375, 10384, 10417, 10422, 10464, 10481, 10488, 10520, 10539, 10545, 10551, 10567, 10569, 10574, 10616, 10625, 10648, 10650, 10671, 10696, 10703, 10752, 10757, 10789, 10797, 10827, 10841, 10850, 10854, 10860, 10867, 10895, 10899, 10907, 10927, 10962, 10971, 10973, 10975, 10980, 10984, 10999, 11006, 11013, 11015, 11034, 11068, 11077, 11094, 11100, 11111, 11119, 11124, 11126, 11128, 11193, 11245, 11257, 11330, 11345, 11348, 11388, 11390, 11393, 11396, 11404, 11474, 11511, 11520, 11529, 11549, 11564, 11568, 11570, 11574, 11594, 11601, 11610, 11612, 11628, 11630, 11637, 11641, 11645, 11647, 11657, 11666, 11674, 11699, 11701, 11706, 11765, 11784, 11797, 11829, 11841, 11861, 11863, 11867, 11892, 11902]","[2193, 2446, 2948, 3503, 3728, 4018, 4769, 7167, 8440, 8907, 9903]",11906,703,11203,0,703,11192,11
-4.0,MMPPSOMA,"[27, 48, 66, 72, 84, 117, 125, 134, 162, 164, 166, 168, 170, 172, 174, 176, 178, 182, 186, 190, 198, 207, 210, 220, 252, 257, 325, 330, 361, 384, 405, 412, 422, 427, 436, 448, 460, 462, 470, 491, 500, 502, 510, 512, 522, 546, 557, 563, 571, 576, 582, 601, 609, 613, 662, 664, 683, 707, 711, 723, 753, 765, 783, 825, 902, 910, 917, 942, 958, 960, 991, 995, 1007, 1035, 1044, 1092, 1094, 1115, 1152, 1158, 1194, 1197, 1209, 1213, 1249, 1275, 1289, 1302, 1317, 1321, 1356, 1368, 1440, 1464, 1467, 1492, 1503, 1505, 1538, 1603, 1614, 1621, 1677, 1711, 1732, 1825, 1908, 1923, 2028, 2050, 2071, 2088, 2095, 2100, 2125, 2128, 2131, 2137, 2152, 2154, 2176, 2178, 2197, 2206, 2226, 2255, 2273, 2323, 2346, 2362, 2364, 2383, 2406, 2467, 2482, 2492, 2521, 2527, 2532, 2539, 2543, 2547]",[],"[27, 48, 66, 72, 84, 117, 125, 134, 162, 164, 166, 168, 170, 172, 174, 176, 178, 182, 186, 190, 198, 207, 210, 220, 252, 257, 325, 330, 361, 384, 405, 412, 422, 427, 436, 448, 460, 462, 470, 491, 500, 502, 510, 512, 522, 546, 557, 563, 571, 576, 582, 601, 609, 613, 662, 664, 683, 707, 711, 723, 753, 765, 783, 825, 902, 910, 917, 942, 958, 960, 991, 995, 1007, 1035, 1044, 1092, 1094, 1115, 1152, 1158, 1194, 1197, 1209, 1213, 1249, 1275, 1289, 1302, 1317, 1321, 1356, 1368, 1440, 1464, 1467, 1492, 1503, 1505, 1538, 1603, 1614, 1621, 1677, 1711, 1732, 1825, 1908, 1923, 2028, 2050, 2071, 2088, 2095, 2100, 2125, 2128, 2131, 2137, 2152, 2154, 2176, 2178, 2197, 2206, 2226, 2255, 2273, 2323, 2346, 2362, 2364, 2383, 2406, 2467, 2482, 2492, 2521, 2527, 2532, 2539, 2543, 2547]",[1034],2557,142,2415,0,142,2414,1
-4.0,MMPROP2,"[22, 64, 79, 139, 145, 290, 350, 409, 417, 530, 610, 632, 676, 690, 705]",[],"[22, 64, 79, 139, 145, 290, 350, 409, 417, 530, 610, 632, 676, 690, 705]",[289],713,15,698,0,15,697,1
-4.0,MMPROT1,"[7, 12, 29, 53, 95, 142, 146, 150, 165, 185, 190, 216, 226, 228, 239, 252, 258, 283, 313, 315, 317, 340, 360, 375, 389, 453, 459, 475, 479, 484, 490, 525, 545, 591, 610, 613, 615, 703, 718, 760, 764, 784, 791, 793, 798, 815, 823, 863, 888, 890, 920, 938, 993, 1035, 1045, 1075, 1095, 1105, 1108, 1125, 1178]",[],"[7, 12, 29, 53, 95, 142, 146, 150, 165, 185, 190, 216, 226, 228, 239, 252, 258, 283, 313, 315, 317, 340, 360, 375, 389, 453, 459, 475, 479, 484, 490, 525, 545, 591, 610, 613, 615, 703, 718, 760, 764, 784, 791, 793, 798, 815, 823, 863, 888, 890, 920, 938, 993, 1035, 1045, 1075, 1095, 1105, 1108, 1125, 1178]",[759],1179,61,1118,0,61,1117,1
-4.0,MMPROT2,"[4, 16, 35, 38, 40, 58, 67, 99, 112, 114, 149, 152, 157, 160, 178, 218, 223, 259, 312, 317, 334, 356, 362, 375, 400, 408, 426, 434, 455, 463, 481, 485, 505, 509, 513, 571, 596, 616, 630, 637, 644, 657, 659, 683, 708, 728, 742, 772, 792, 804, 810, 815, 881, 895, 916, 963, 988, 994, 1068, 1129, 1159, 1163, 1219, 1252, 1358, 1369, 1403, 1428, 1447, 1470, 1493, 1499, 1537]",[],"[4, 16, 35, 38, 40, 58, 67, 99, 112, 114, 149, 152, 157, 160, 178, 218, 223, 259, 312, 317, 334, 356, 362, 375, 400, 408, 426, 434, 455, 463, 481, 485, 505, 509, 513, 571, 596, 616, 630, 637, 644, 657, 659, 683, 708, 728, 742, 772, 792, 804, 810, 815, 881, 895, 916, 963, 988, 994, 1068, 1129, 1159, 1163, 1219, 1252, 1358, 1369, 1403, 1428, 1447, 1470, 1493, 1499, 1537]",[1218],1569,73,1496,0,73,1495,1
-4.0,MMSAP,"[21, 33, 40, 49, 99, 108, 130, 132, 147, 231, 243, 328, 341, 356, 398, 402, 433, 442, 461, 502, 506, 516, 566, 572, 574, 602, 649, 651, 666, 687, 702, 704, 746, 782, 788, 792, 795, 818, 828, 841, 857, 869, 887, 895, 917, 933, 973, 982, 988, 995, 1003, 1021, 1031, 1058, 1060, 1076, 1130, 1133, 1146, 1148, 1199, 1201, 1208, 1222, 1252, 1263, 1305, 1311, 1330, 1355, 1372, 1395, 1445, 1463, 1486, 1492, 1515, 1547, 1551, 1555, 1559, 1573, 1632, 1806, 1838, 1852]",[],"[21, 33, 40, 49, 99, 108, 130, 132, 147, 231, 243, 328, 341, 356, 398, 402, 433, 442, 461, 502, 506, 516, 566, 572, 574, 602, 649, 651, 666, 687, 702, 704, 746, 782, 788, 792, 795, 818, 828, 841, 857, 869, 887, 895, 917, 933, 973, 982, 988, 995, 1003, 1021, 1031, 1058, 1060, 1076, 1130, 1133, 1146, 1148, 1199, 1201, 1208, 1222, 1252, 1263, 1305, 1311, 1330, 1355, 1372, 1395, 1445, 1463, 1486, 1492, 1515, 1547, 1551, 1555, 1559, 1573, 1632, 1806, 1838, 1852]",[441],1869,86,1783,0,86,1782,1
-4.0,MMSCIMIP,"[55, 62, 118, 121, 127, 138, 141, 143, 169, 282, 288, 299, 323, 346, 367, 377, 400, 416, 420, 439, 441, 448, 455, 475, 484, 487, 495, 517, 553, 555, 563, 579, 601, 610, 612, 615, 620, 659, 661, 681, 696, 741, 785, 856, 859, 866, 971, 1011, 1013, 1018, 1022, 1027, 1033, 1050, 1055, 1065, 1067, 1077, 1089, 1096, 1114, 1148, 1154, 1191, 1217, 1241, 1243, 1246, 1299, 1340, 1378, 1383, 1385, 1446, 1458, 1512, 1532, 1547, 1556, 1562, 1594, 1615, 1619, 1627, 1631, 1648, 1665, 1682, 1698, 1713, 1736, 1743, 1745, 1750, 1791, 1804, 1834, 1837, 1847, 1851, 1854, 1856, 1858, 1868, 1901, 1947]",[],"[55, 62, 118, 121, 127, 138, 141, 143, 169, 282, 288, 299, 323, 346, 367, 377, 400, 416, 420, 439, 441, 448, 455, 475, 484, 487, 495, 517, 553, 555, 563, 579, 601, 610, 612, 615, 620, 659, 661, 681, 696, 741, 785, 856, 859, 866, 971, 1011, 1013, 1018, 1022, 1027, 1033, 1050, 1055, 1065, 1067, 1077, 1089, 1096, 1114, 1148, 1154, 1191, 1217, 1241, 1243, 1246, 1299, 1340, 1378, 1383, 1385, 1446, 1458, 1512, 1532, 1547, 1556, 1562, 1594, 1615, 1619, 1627, 1631, 1648, 1665, 1682, 1698, 1713, 1736, 1743, 1745, 1750, 1791, 1804, 1834, 1837, 1847, 1851, 1854, 1856, 1858, 1868, 1901, 1947]","[415, 1017]",1981,106,1875,0,106,1873,2
-4.0,MMSYNDE1A,"[49, 99, 137, 170, 191, 196, 254, 266, 305, 429, 437, 447, 457, 464, 479, 501, 519, 527, 552, 574, 587, 625, 627, 659, 691, 719, 726, 736, 742, 763, 800, 817, 846, 851, 873, 883, 885, 904, 952, 989, 1000, 1024, 1055, 1103, 1220, 1269, 1346, 1350, 1352, 1427, 1484, 1508, 1525, 1529, 1556, 1559, 1567, 1577, 1592, 1611, 1630, 1636, 1680, 1693, 1699, 1735, 1737, 1752, 1827, 1859, 1903, 1910, 1936, 1940, 1955, 1972, 1993, 2021, 2031, 2074, 2083, 2086, 2142, 2152, 2184, 2199, 2212, 2229, 2257, 2273, 2290, 2314, 2319, 2323, 2359, 2366, 2378, 2401, 2432, 2445, 2479, 2488, 2497, 2504, 2514, 2516, 2533, 2563, 2568, 2575, 2577, 2624, 2655, 2661, 2681, 2719, 2736, 2747, 2759, 2762, 2764, 2775, 2789, 2796, 2802, 2831, 2838, 2882, 2895, 2901, 2904, 2906, 2925, 2957, 2964, 2983, 2995, 3003, 3006, 3009, 3015, 3044, 3053, 3065, 3117, 3133, 3152, 3163, 3197, 3200, 3202, 3215, 3217, 3241, 3279, 3293, 3298, 3315, 3317, 3332, 3353, 3362, 3418, 3424, 3463, 3465, 3469, 3489, 3494, 3549, 3557, 3561, 3571, 3667, 3696, 3707, 3740, 3750, 3832, 3836, 3844, 3846, 3851, 3854, 3861, 3889, 3907, 3921, 3947, 3963, 3982, 4002, 4015, 4028, 4058, 4063, 4067, 4070, 4081, 4125, 4166, 4199, 4253, 4266, 4274, 4297, 4324, 4333, 4336, 4343, 4346, 4349, 4352, 4355, 4358, 4361, 4366, 4371, 4384, 4392, 4423, 4475, 4490, 4492, 4506, 4527, 4569, 4594, 4596, 4630, 4640, 4648, 4656, 4663, 4681, 4683, 4689, 4699, 4731, 4747, 4756, 4758, 4781, 4792, 4827, 4831, 4855, 4868, 4872, 4882, 4884, 4888, 4895, 4912, 4927, 4929, 4931, 4933, 4937, 4939, 4953, 4970, 4987, 4992, 5019, 5044, 5086, 5100, 5102, 5114, 5170, 5186, 5193, 5198, 5220, 5248, 5308, 5325, 5340, 5345, 5365, 5367, 5371, 5377, 5383, 5421, 5438, 5466, 5485, 5487, 5497, 5530, 5535, 5573, 5584, 5602, 5610, 5617, 5621, 5626, 5639, 5646, 5656, 5662, 5678, 5684, 5687, 5689, 5691, 5696, 5701, 5706, 5723, 5773, 5777, 5793, 5799, 5801, 5803, 5821, 5827, 5835, 5843, 5847, 5855, 5867, 5872, 5874, 5885, 5890, 5924, 5940, 5971, 5982, 5984, 5989, 5995, 6007, 6019, 6029, 6040, 6062, 6068, 6070, 6072, 6082, 6091, 6117, 6137, 6148, 6162, 6169, 6172, 6195, 6232, 6243, 6257, 6261, 6266, 6276, 6280, 6312, 6325, 6328, 6404, 6426, 6443, 6451, 6453, 6458, 6490, 6492, 6494, 6510, 6522, 6526, 6533, 6555, 6570, 6579, 6581, 6616, 6623, 6660, 6665, 6690, 6697, 6711, 6715, 6742, 6761, 6770, 6787, 6818, 6858, 6863, 6890, 6903, 6971, 6973, 6975, 6984, 6992, 6997, 7010, 7020, 7025, 7046, 7065, 7076, 7078, 7081, 7084, 7087, 7095, 7102, 7137, 7173, 7175, 7199, 7216, 7228, 7258, 7283, 7293, 7318, 7320, 7322, 7348, 7379, 7381, 7391, 7394, 7413, 7447, 7449, 7472, 7525, 7539, 7555, 7588, 7599, 7612, 7623, 7661, 7684, 7704, 7727, 7734, 7743, 7755, 7770, 7773, 7784, 7806, 7818, 7829, 7834, 7877, 7904, 7915, 7924, 7932, 7938, 7940, 7950, 7965, 7987, 8044, 8057, 8079, 8098, 8101, 8116, 8130, 8134, 8136, 8154, 8169, 8176, 8204, 8227, 8264, 8270, 8276, 8281, 8295, 8297, 8318, 8354, 8384, 8413, 8434, 8443, 8462, 8523, 8541, 8588, 8591, 8601, 8627, 8639, 8658, 8671, 8673, 8691, 8706, 8747, 8754, 8766, 8771, 8781, 8798, 8801, 8807, 8838, 8843, 8845, 8875, 8917, 8925, 8934, 8942, 8947, 8966, 8968, 9017, 9019, 9028, 9063, 9077, 9081, 9098, 9141, 9155, 9165, 9183, 9259, 9261, 9266, 9271, 9301, 9307, 9321, 9343, 9355, 9365, 9410, 9413, 9422, 9425, 9431, 9453, 9463, 9482, 9484, 9504, 9512, 9520, 9527, 9535, 9551, 9564, 9568, 9570, 9576, 9584, 9617, 9667, 9692, 9694, 9740, 9759, 9761, 9767, 9770, 9779, 9808, 9828, 9855, 9861, 9868, 9872, 9874, 9897, 9920, 9940, 9954, 9999, 10013, 10019, 10046, 10062, 10068, 10079, 10092, 10111, 10123, 10146, 10155, 10172, 10182, 10197, 10214, 10227, 10303, 10320, 10325, 10328, 10341, 10346, 10348, 10374, 10380, 10382, 10448, 10476, 10507, 10511, 10528, 10582, 10584, 10594, 10597, 10600, 10608, 10649, 10659, 10687, 10690, 10712, 10760, 10771, 10848, 10853, 10862, 10886, 10898, 10904, 10906, 10908, 10918, 10921, 10933, 10962, 10988, 10994, 10996, 11003, 11005, 11028, 11044, 11050, 11059, 11076, 11100, 11105, 11141, 11145, 11164, 11189, 11234, 11236, 11250, 11256, 11273, 11333, 11377, 11384, 11387, 11398, 11427, 11442, 11471, 11482, 11496, 11501, 11519, 11544, 11565, 11584, 11588, 11623, 11634, 11648, 11657, 11673, 11680, 11731, 11745, 11766, 11824, 11828, 11840, 11859, 11867, 11873, 11894, 11897, 11901, 11910, 11921, 11931, 11933, 11939, 11979, 11984, 11986, 12020, 12083, 12094, 12105, 12119, 12129, 12133, 12140, 12142, 12175, 12186, 12192, 12207, 12209, 12218, 12223, 12248, 12289, 12301, 12317, 12324, 12332, 12338, 12356, 12371, 12385, 12391, 12408, 12410, 12412, 12449, 12465, 12473, 12492, 12516, 12523, 12528, 12533, 12555, 12575, 12593, 12648, 12652, 12691, 12713, 12733, 12748, 12804, 12825, 12841, 12880, 12884, 12890, 12905, 12938, 12957, 12979, 12987, 12990, 12992, 13016, 13021, 13029, 13043, 13086, 13089, 13096, 13117, 13133, 13145, 13164, 13177, 13181, 13199, 13204, 13207, 13209, 13213, 13224, 13239, 13312, 13339, 13353, 13359, 13407, 13427, 13442, 13465, 13467, 13480, 13483, 13486, 13495, 13511, 13529, 13533, 13537, 13553, 13558, 13568, 13575, 13585, 13588, 13600, 13634, 13643, 13647, 13653, 13679, 13694, 13703, 13713, 13719, 13724, 13733, 13739, 13749, 13751, 13762, 13768, 13779, 13785, 13797, 13800, 13809, 13822, 13824, 13852, 13854, 13856, 13858, 13862, 13869, 13912, 13945, 13955, 13958, 13974, 13983, 14019, 14022, 14053, 14081, 14085, 14114, 14118, 14121, 14179, 14181, 14183, 14187, 14192, 14195, 14201, 14207, 14221, 14237, 14247, 14255, 14262, 14277, 14307, 14335, 14337, 14349, 14365, 14369, 14371, 14373, 14385, 14411, 14415, 14428, 14430, 14434, 14455, 14458, 14484, 14520, 14522, 14524, 14540, 14542, 14554, 14565, 14567, 14575, 14601, 14611, 14624, 14635, 14641, 14659, 14671, 14691, 14705, 14707, 14709, 14725, 14750, 14758, 14813, 14829, 14844, 14848, 14850, 14854, 14856, 14873, 14921, 14949, 14963, 14970, 15012, 15019, 15044, 15060, 15068, 15079, 15082, 15119, 15130, 15165, 15173, 15177, 15187, 15204, 15208, 15225, 15230, 15241, 15286, 15288, 15300, 15304, 15334, 15345, 15347, 15356, 15381, 15383, 15387, 15394, 15427, 15435, 15443, 15460, 15475, 15500, 15523, 15555, 15587, 15590, 15598, 15600, 15602, 15604, 15606, 15608, 15610, 15612, 15614, 15616, 15618, 15620, 15622, 15624, 15626, 15628, 15630, 15632, 15634, 15636, 15638, 15640, 15642, 15646, 15656, 15668, 15670, 15675, 15679, 15681, 15697, 15705, 15749, 15757, 15765, 15772, 15784, 15791, 15802, 15807, 15820, 15846, 15872, 15878, 15903, 15913, 15930, 15937, 15956, 15979, 15982, 15989, 15999, 16015, 16024, 16029, 16035, 16046, 16086, 16105, 16113, 16123, 16136, 16150, 16182, 16196, 16198, 16204, 16235, 16242, 16258, 16271, 16276, 16336, 16405, 16428, 16432, 16477, 16487, 16504, 16513, 16516, 16563, 16567, 16571, 16587, 16592, 16629, 16635, 16640, 16644, 16702, 16717, 16719, 16730, 16740, 16742, 16745, 16766, 16768, 16771, 16797, 16824, 16826, 16836, 16850, 16854, 16857, 16869, 16875, 16911, 16928, 16965, 16975, 16981, 16983, 16992, 17015, 17034, 17050, 17061, 17072, 17090, 17109, 17140, 17155, 17160, 17163, 17176, 17185, 17187, 17189, 17195, 17203, 17215, 17224, 17226, 17237, 17247, 17251, 17282, 17291, 17299, 17301, 17303, 17307, 17425, 17446, 17452, 17471, 17528, 17543, 17548, 17554, 17558, 17562, 17565, 17570, 17575, 17580, 17592, 17600, 17602, 17605, 17617, 17624, 17628, 17648, 17664, 17671, 17673, 17676, 17698, 17702, 17718, 17723, 17749, 17763, 17768, 17779, 17814, 17844, 17853, 17866, 17885, 17901, 17929, 17935, 17939, 17952, 17959, 17964, 17985, 17989, 18013, 18028, 18045, 18077, 18137, 18139, 18158, 18163, 18171, 18173, 18177, 18194, 18242, 18274, 18285, 18296, 18314, 18329, 18336, 18367, 18376, 18420, 18422, 18484, 18496, 18511, 18545, 18559, 18564, 18566, 18600, 18608, 18634, 18648, 18656, 18673, 18689, 18699, 18705, 18712, 18740, 18755, 18773, 18783, 18808, 18819, 18821, 18833, 18838, 18934, 18940, 18946, 19010, 19055, 19058, 19069, 19084, 19125, 19134, 19152, 19204, 19249, 19270, 19272, 19275, 19277, 19287, 19317, 19327, 19341, 19350, 19386, 19404, 19408, 19417, 19425, 19441, 19464, 19499, 19505, 19511, 19535, 19543, 19547, 19560, 19562, 19596, 19605, 19607, 19611, 19624, 19629, 19641, 19643, 19699, 19719, 19727, 19768, 19772, 19788, 19800, 19823, 19839, 19846, 19904, 19923, 19954, 19956, 19962, 20026, 20065, 20074, 20119, 20143, 20176, 20182, 20203, 20270, 20294, 20296, 20303, 20317, 20329, 20332, 20386, 20390, 20409, 20419, 20442, 20454, 20461, 20469, 20516, 20534, 20557, 20568, 20603, 20605, 20609, 20612, 20614, 20627, 20633, 20635, 20651, 20658, 20660, 20690, 20696, 20705, 20716, 20736, 20752, 20758, 20761, 20763, 20767, 20803, 20843, 20852, 20882, 20901, 20933, 20943, 20947, 20959, 20977, 20980, 20991, 21000, 21009, 21031, 21047, 21078, 21082, 21087, 21113, 21141, 21154, 21156, 21174, 21192, 21194, 21201, 21215, 21280, 21311, 21334, 21389, 21425, 21430, 21457, 21472, 21480, 21482, 21529, 21538, 21575, 21596, 21744, 21751, 21756, 21759, 21802, 21810, 21829, 21858, 21889, 21898, 21902, 21910, 21912, 21960, 21978, 21985, 21991, 22029, 22038, 22042, 22044, 22046, 22049, 22057, 22061, 22072, 22082, 22095, 22100, 22121, 22125, 22149, 22172, 22181, 22183, 22222, 22240, 22242, 22259, 22266, 22274, 22291, 22296, 22310, 22319, 22329, 22343, 22355, 22374, 22394, 22409, 22429, 22446, 22468, 22477, 22489, 22493, 22531, 22536, 22541, 22556, 22579, 22622, 22625, 22658, 22708, 22724, 22731, 22749, 22754, 22757, 22759, 22762, 22764, 22767, 22769, 22799, 22803, 22807, 22818, 22835, 22839, 22852, 22858, 22890, 22949, 22992, 22997, 23047, 23054, 23056, 23073, 23096, 23101, 23106, 23112, 23117, 23150, 23158, 23160, 23204, 23208, 23210, 23235, 23237, 23243, 23248, 23259, 23270, 23285, 23313, 23315, 23326, 23342, 23346, 23417, 23428, 23430, 23432, 23455, 23458, 23473, 23500, 23516, 23521, 23560, 23567, 23569, 23582]",[],"[49, 99, 137, 170, 191, 196, 254, 266, 305, 429, 437, 447, 457, 464, 479, 501, 519, 527, 552, 574, 587, 625, 627, 659, 691, 719, 726, 736, 742, 763, 800, 817, 846, 851, 873, 883, 885, 904, 952, 989, 1000, 1024, 1055, 1103, 1220, 1269, 1346, 1350, 1352, 1427, 1484, 1508, 1525, 1529, 1556, 1559, 1567, 1577, 1592, 1611, 1630, 1636, 1680, 1693, 1699, 1735, 1737, 1752, 1827, 1859, 1903, 1910, 1936, 1940, 1955, 1972, 1993, 2021, 2031, 2074, 2083, 2086, 2142, 2152, 2184, 2199, 2212, 2229, 2257, 2273, 2290, 2314, 2319, 2323, 2359, 2366, 2378, 2401, 2432, 2445, 2479, 2488, 2497, 2504, 2514, 2516, 2533, 2563, 2568, 2575, 2577, 2624, 2655, 2661, 2681, 2719, 2736, 2747, 2759, 2762, 2764, 2775, 2789, 2796, 2802, 2831, 2838, 2882, 2895, 2901, 2904, 2906, 2925, 2957, 2964, 2983, 2995, 3003, 3006, 3009, 3015, 3044, 3053, 3065, 3117, 3133, 3152, 3163, 3197, 3200, 3202, 3215, 3217, 3241, 3279, 3293, 3298, 3315, 3317, 3332, 3353, 3362, 3418, 3424, 3463, 3465, 3469, 3489, 3494, 3549, 3557, 3561, 3571, 3667, 3696, 3707, 3740, 3750, 3832, 3836, 3844, 3846, 3851, 3854, 3861, 3889, 3907, 3921, 3947, 3963, 3982, 4002, 4015, 4028, 4058, 4063, 4067, 4070, 4081, 4125, 4166, 4199, 4253, 4266, 4274, 4297, 4324, 4333, 4336, 4343, 4346, 4349, 4352, 4355, 4358, 4361, 4366, 4371, 4384, 4392, 4423, 4475, 4490, 4492, 4506, 4527, 4569, 4594, 4596, 4630, 4640, 4648, 4656, 4663, 4681, 4683, 4689, 4699, 4731, 4747, 4756, 4758, 4781, 4792, 4827, 4831, 4855, 4868, 4872, 4882, 4884, 4888, 4895, 4912, 4927, 4929, 4931, 4933, 4937, 4939, 4953, 4970, 4987, 4992, 5019, 5044, 5086, 5100, 5102, 5114, 5170, 5186, 5193, 5198, 5220, 5248, 5308, 5325, 5340, 5345, 5365, 5367, 5371, 5377, 5383, 5421, 5438, 5466, 5485, 5487, 5497, 5530, 5535, 5573, 5584, 5602, 5610, 5617, 5621, 5626, 5639, 5646, 5656, 5662, 5678, 5684, 5687, 5689, 5691, 5696, 5701, 5706, 5723, 5773, 5777, 5793, 5799, 5801, 5803, 5821, 5827, 5835, 5843, 5847, 5855, 5867, 5872, 5874, 5885, 5890, 5924, 5940, 5971, 5982, 5984, 5989, 5995, 6007, 6019, 6029, 6040, 6062, 6068, 6070, 6072, 6082, 6091, 6117, 6137, 6148, 6162, 6169, 6172, 6195, 6232, 6243, 6257, 6261, 6266, 6276, 6280, 6312, 6325, 6328, 6404, 6426, 6443, 6451, 6453, 6458, 6490, 6492, 6494, 6510, 6522, 6526, 6533, 6555, 6570, 6579, 6581, 6616, 6623, 6660, 6665, 6690, 6697, 6711, 6715, 6742, 6761, 6770, 6787, 6818, 6858, 6863, 6890, 6903, 6971, 6973, 6975, 6984, 6992, 6997, 7010, 7020, 7025, 7046, 7065, 7076, 7078, 7081, 7084, 7087, 7095, 7102, 7137, 7173, 7175, 7199, 7216, 7228, 7258, 7283, 7293, 7318, 7320, 7322, 7348, 7379, 7381, 7391, 7394, 7413, 7447, 7449, 7472, 7525, 7539, 7555, 7588, 7599, 7612, 7623, 7661, 7684, 7704, 7727, 7734, 7743, 7755, 7770, 7773, 7784, 7806, 7818, 7829, 7834, 7877, 7904, 7915, 7924, 7932, 7938, 7940, 7950, 7965, 7987, 8044, 8057, 8079, 8098, 8101, 8116, 8130, 8134, 8136, 8154, 8169, 8176, 8204, 8227, 8264, 8270, 8276, 8281, 8295, 8297, 8318, 8354, 8384, 8413, 8434, 8443, 8462, 8523, 8541, 8588, 8591, 8601, 8627, 8639, 8658, 8671, 8673, 8691, 8706, 8747, 8754, 8766, 8771, 8781, 8798, 8801, 8807, 8838, 8843, 8845, 8875, 8917, 8925, 8934, 8942, 8947, 8966, 8968, 9017, 9019, 9028, 9063, 9077, 9081, 9098, 9141, 9155, 9165, 9183, 9259, 9261, 9266, 9271, 9301, 9307, 9321, 9343, 9355, 9365, 9410, 9413, 9422, 9425, 9431, 9453, 9463, 9482, 9484, 9504, 9512, 9520, 9527, 9535, 9551, 9564, 9568, 9570, 9576, 9584, 9617, 9667, 9692, 9694, 9740, 9759, 9761, 9767, 9770, 9779, 9808, 9828, 9855, 9861, 9868, 9872, 9874, 9897, 9920, 9940, 9954, 9999, 10013, 10019, 10046, 10062, 10068, 10079, 10092, 10111, 10123, 10146, 10155, 10172, 10182, 10197, 10214, 10227, 10303, 10320, 10325, 10328, 10341, 10346, 10348, 10374, 10380, 10382, 10448, 10476, 10507, 10511, 10528, 10582, 10584, 10594, 10597, 10600, 10608, 10649, 10659, 10687, 10690, 10712, 10760, 10771, 10848, 10853, 10862, 10886, 10898, 10904, 10906, 10908, 10918, 10921, 10933, 10962, 10988, 10994, 10996, 11003, 11005, 11028, 11044, 11050, 11059, 11076, 11100, 11105, 11141, 11145, 11164, 11189, 11234, 11236, 11250, 11256, 11273, 11333, 11377, 11384, 11387, 11398, 11427, 11442, 11471, 11482, 11496, 11501, 11519, 11544, 11565, 11584, 11588, 11623, 11634, 11648, 11657, 11673, 11680, 11731, 11745, 11766, 11824, 11828, 11840, 11859, 11867, 11873, 11894, 11897, 11901, 11910, 11921, 11931, 11933, 11939, 11979, 11984, 11986, 12020, 12083, 12094, 12105, 12119, 12129, 12133, 12140, 12142, 12175, 12186, 12192, 12207, 12209, 12218, 12223, 12248, 12289, 12301, 12317, 12324, 12332, 12338, 12356, 12371, 12385, 12391, 12408, 12410, 12412, 12449, 12465, 12473, 12492, 12516, 12523, 12528, 12533, 12555, 12575, 12593, 12648, 12652, 12691, 12713, 12733, 12748, 12804, 12825, 12841, 12880, 12884, 12890, 12905, 12938, 12957, 12979, 12987, 12990, 12992, 13016, 13021, 13029, 13043, 13086, 13089, 13096, 13117, 13133, 13145, 13164, 13177, 13181, 13199, 13204, 13207, 13209, 13213, 13224, 13239, 13312, 13339, 13353, 13359, 13407, 13427, 13442, 13465, 13467, 13480, 13483, 13486, 13495, 13511, 13529, 13533, 13537, 13553, 13558, 13568, 13575, 13585, 13588, 13600, 13634, 13643, 13647, 13653, 13679, 13694, 13703, 13713, 13719, 13724, 13733, 13739, 13749, 13751, 13762, 13768, 13779, 13785, 13797, 13800, 13809, 13822, 13824, 13852, 13854, 13856, 13858, 13862, 13869, 13912, 13945, 13955, 13958, 13974, 13983, 14019, 14022, 14053, 14081, 14085, 14114, 14118, 14121, 14179, 14181, 14183, 14187, 14192, 14195, 14201, 14207, 14221, 14237, 14247, 14255, 14262, 14277, 14307, 14335, 14337, 14349, 14365, 14369, 14371, 14373, 14385, 14411, 14415, 14428, 14430, 14434, 14455, 14458, 14484, 14520, 14522, 14524, 14540, 14542, 14554, 14565, 14567, 14575, 14601, 14611, 14624, 14635, 14641, 14659, 14671, 14691, 14705, 14707, 14709, 14725, 14750, 14758, 14813, 14829, 14844, 14848, 14850, 14854, 14856, 14873, 14921, 14949, 14963, 14970, 15012, 15019, 15044, 15060, 15068, 15079, 15082, 15119, 15130, 15165, 15173, 15177, 15187, 15204, 15208, 15225, 15230, 15241, 15286, 15288, 15300, 15304, 15334, 15345, 15347, 15356, 15381, 15383, 15387, 15394, 15427, 15435, 15443, 15460, 15475, 15500, 15523, 15555, 15587, 15590, 15598, 15600, 15602, 15604, 15606, 15608, 15610, 15612, 15614, 15616, 15618, 15620, 15622, 15624, 15626, 15628, 15630, 15632, 15634, 15636, 15638, 15640, 15642, 15646, 15656, 15668, 15670, 15675, 15679, 15681, 15697, 15705, 15749, 15757, 15765, 15772, 15784, 15791, 15802, 15807, 15820, 15846, 15872, 15878, 15903, 15913, 15930, 15937, 15956, 15979, 15982, 15989, 15999, 16015, 16024, 16029, 16035, 16046, 16086, 16105, 16113, 16123, 16136, 16150, 16182, 16196, 16198, 16204, 16235, 16242, 16258, 16271, 16276, 16336, 16405, 16428, 16432, 16477, 16487, 16504, 16513, 16516, 16563, 16567, 16571, 16587, 16592, 16629, 16635, 16640, 16644, 16702, 16717, 16719, 16730, 16740, 16742, 16745, 16766, 16768, 16771, 16797, 16824, 16826, 16836, 16850, 16854, 16857, 16869, 16875, 16911, 16928, 16965, 16975, 16981, 16983, 16992, 17015, 17034, 17050, 17061, 17072, 17090, 17109, 17140, 17155, 17160, 17163, 17176, 17185, 17187, 17189, 17195, 17203, 17215, 17224, 17226, 17237, 17247, 17251, 17282, 17291, 17299, 17301, 17303, 17307, 17425, 17446, 17452, 17471, 17528, 17543, 17548, 17554, 17558, 17562, 17565, 17570, 17575, 17580, 17592, 17600, 17602, 17605, 17617, 17624, 17628, 17648, 17664, 17671, 17673, 17676, 17698, 17702, 17718, 17723, 17749, 17763, 17768, 17779, 17814, 17844, 17853, 17866, 17885, 17901, 17929, 17935, 17939, 17952, 17959, 17964, 17985, 17989, 18013, 18028, 18045, 18077, 18137, 18139, 18158, 18163, 18171, 18173, 18177, 18194, 18242, 18274, 18285, 18296, 18314, 18329, 18336, 18367, 18376, 18420, 18422, 18484, 18496, 18511, 18545, 18559, 18564, 18566, 18600, 18608, 18634, 18648, 18656, 18673, 18689, 18699, 18705, 18712, 18740, 18755, 18773, 18783, 18808, 18819, 18821, 18833, 18838, 18934, 18940, 18946, 19010, 19055, 19058, 19069, 19084, 19125, 19134, 19152, 19204, 19249, 19270, 19272, 19275, 19277, 19287, 19317, 19327, 19341, 19350, 19386, 19404, 19408, 19417, 19425, 19441, 19464, 19499, 19505, 19511, 19535, 19543, 19547, 19560, 19562, 19596, 19605, 19607, 19611, 19624, 19629, 19641, 19643, 19699, 19719, 19727, 19768, 19772, 19788, 19800, 19823, 19839, 19846, 19904, 19923, 19954, 19956, 19962, 20026, 20065, 20074, 20119, 20143, 20176, 20182, 20203, 20270, 20294, 20296, 20303, 20317, 20329, 20332, 20386, 20390, 20409, 20419, 20442, 20454, 20461, 20469, 20516, 20534, 20557, 20568, 20603, 20605, 20609, 20612, 20614, 20627, 20633, 20635, 20651, 20658, 20660, 20690, 20696, 20705, 20716, 20736, 20752, 20758, 20761, 20763, 20767, 20803, 20843, 20852, 20882, 20901, 20933, 20943, 20947, 20959, 20977, 20980, 20991, 21000, 21009, 21031, 21047, 21078, 21082, 21087, 21113, 21141, 21154, 21156, 21174, 21192, 21194, 21201, 21215, 21280, 21311, 21334, 21389, 21425, 21430, 21457, 21472, 21480, 21482, 21529, 21538, 21575, 21596, 21744, 21751, 21756, 21759, 21802, 21810, 21829, 21858, 21889, 21898, 21902, 21910, 21912, 21960, 21978, 21985, 21991, 22029, 22038, 22042, 22044, 22046, 22049, 22057, 22061, 22072, 22082, 22095, 22100, 22121, 22125, 22149, 22172, 22181, 22183, 22222, 22240, 22242, 22259, 22266, 22274, 22291, 22296, 22310, 22319, 22329, 22343, 22355, 22374, 22394, 22409, 22429, 22446, 22468, 22477, 22489, 22493, 22531, 22536, 22541, 22556, 22579, 22622, 22625, 22658, 22708, 22724, 22731, 22749, 22754, 22757, 22759, 22762, 22764, 22767, 22769, 22799, 22803, 22807, 22818, 22835, 22839, 22852, 22858, 22890, 22949, 22992, 22997, 23047, 23054, 23056, 23073, 23096, 23101, 23106, 23112, 23117, 23150, 23158, 23160, 23204, 23208, 23210, 23235, 23237, 23243, 23248, 23259, 23270, 23285, 23313, 23315, 23326, 23342, 23346, 23417, 23428, 23430, 23432, 23455, 23458, 23473, 23500, 23516, 23521, 23560, 23567, 23569, 23582]","[1345, 19009, 20385, 20942]",23593,1483,22110,0,1483,22106,4
-4.0,MMTHY1G,"[26, 62, 81, 94, 141, 158, 173, 176, 184, 192, 199, 224, 227, 230, 281, 284, 287, 290, 293, 296, 331, 336, 344, 348, 363, 475, 491, 510, 524, 530, 538, 541, 572, 617, 630, 634, 636, 665, 670, 679, 681, 697, 721, 789, 820, 855, 868, 898, 947, 958, 992, 998, 1000, 1002, 1010, 1019, 1038, 1044, 1059, 1130, 1151, 1157, 1161, 1196, 1199, 1210, 1236, 1241, 1244, 1253, 1256, 1258, 1264, 1269, 1282, 1337, 1353, 1404, 1409, 1411, 1431, 1505, 1512, 1555, 1572, 1587, 1608, 1650, 1670, 1743, 1751, 1758, 1790, 1794, 1813, 1829, 1834, 1838, 1858, 1871, 1923, 1931, 1937, 1944, 1949, 1959, 2017, 2057, 2135, 2147, 2152, 2175, 2182, 2224, 2244, 2247, 2253, 2299, 2303, 2332, 2387, 2405, 2430, 2446, 2478, 2496, 2510, 2557, 2570, 2640, 2642, 2644, 2650, 2652, 2656, 2665, 2667, 2675, 2679]",[],"[26, 62, 81, 94, 141, 158, 173, 176, 184, 192, 199, 224, 227, 230, 281, 284, 287, 290, 293, 296, 331, 336, 344, 348, 363, 475, 491, 510, 524, 530, 538, 541, 572, 617, 630, 634, 636, 665, 670, 679, 681, 697, 721, 789, 820, 855, 868, 898, 947, 958, 992, 998, 1000, 1002, 1010, 1019, 1038, 1044, 1059, 1130, 1151, 1157, 1161, 1196, 1199, 1210, 1236, 1241, 1244, 1253, 1256, 1258, 1264, 1269, 1282, 1337, 1353, 1404, 1409, 1411, 1431, 1505, 1512, 1555, 1572, 1587, 1608, 1650, 1670, 1743, 1751, 1758, 1790, 1794, 1813, 1829, 1834, 1838, 1858, 1871, 1923, 1931, 1937, 1944, 1949, 1959, 2017, 2057, 2135, 2147, 2152, 2175, 2182, 2224, 2244, 2247, 2253, 2299, 2303, 2332, 2387, 2405, 2430, 2446, 2478, 2496, 2510, 2557, 2570, 2640, 2642, 2644, 2650, 2652, 2656, 2665, 2667, 2675, 2679]","[80, 1009]",2683,139,2544,0,139,2542,2
-4.0,MMTLAC,"[4, 13, 16, 19, 25, 51, 59, 72, 91, 99, 107, 141, 171, 178, 186, 239, 278, 300, 304, 348, 402, 437, 450, 456, 495, 513, 540, 550, 573, 620, 631, 651, 676, 693, 740, 749, 773, 777, 820, 835, 847, 865, 873, 913, 918, 926, 931, 936, 1020, 1062, 1076, 1091, 1164, 1172, 1176, 1210, 1217, 1222, 1285, 1289, 1293, 1301, 1306, 1310, 1318, 1336, 1497, 1595, 1610, 1645, 1647, 1666, 1684, 1710, 1715, 1722, 1732, 1748, 1751, 1755, 1763, 1765, 1771, 1779, 1783, 1787, 1824, 1836, 1839, 1842, 1854, 1863, 1873, 1884, 1908, 1910, 1921, 1923, 1967, 1971, 1980, 1991, 2041, 2048, 2056, 2118, 2124, 2149, 2151, 2155, 2170, 2173, 2188, 2228, 2230, 2263, 2266, 2273, 2280, 2324, 2339, 2378, 2380, 2424, 2435, 2473, 2505, 2512, 2544, 2568, 2584, 2625, 2669, 2695, 2722, 2728, 2744, 2767, 2834, 2859, 2864, 2875, 2923, 2960, 2998, 3008, 3011, 3014, 3045, 3050, 3052, 3093, 3102, 3104, 3108, 3121, 3159, 3172, 3183, 3203, 3235, 3240, 3260, 3264, 3294, 3309, 3311, 3319, 3339, 3349, 3353, 3374, 3421, 3425, 3468, 3477, 3510, 3559, 3580, 3603, 3634, 3721, 3763, 3776, 3781, 3812, 3817, 3837, 3880, 3933, 3996, 4003, 4020, 4041, 4043, 4047, 4049, 4066, 4078, 4164, 4194, 4208, 4219, 4221, 4239, 4241, 4280, 4286, 4292, 4295, 4298, 4349, 4365, 4374, 4378, 4468, 4491, 4494, 4497, 4549, 4592, 4594, 4596, 4613, 4615, 4652, 4658, 4660, 4681, 4689, 4693, 4725, 4740, 4759, 4761, 4768, 4775, 4779, 4784, 4795, 4813, 4824, 4831, 4841, 4847, 4853, 4863, 4868, 4891, 4894, 4900, 4913, 4940, 4995, 5006, 5009, 5054, 5057, 5059, 5134, 5152, 5165, 5180, 5188, 5190, 5212, 5223, 5234, 5252, 5289, 5320, 5330, 5340]",[],"[4, 13, 16, 19, 25, 51, 59, 72, 91, 99, 107, 141, 171, 178, 186, 239, 278, 300, 304, 348, 402, 437, 450, 456, 495, 513, 540, 550, 573, 620, 631, 651, 676, 693, 740, 749, 773, 777, 820, 835, 847, 865, 873, 913, 918, 926, 931, 936, 1020, 1062, 1076, 1091, 1164, 1172, 1176, 1210, 1217, 1222, 1285, 1289, 1293, 1301, 1306, 1310, 1318, 1336, 1497, 1595, 1610, 1645, 1647, 1666, 1684, 1710, 1715, 1722, 1732, 1748, 1751, 1755, 1763, 1765, 1771, 1779, 1783, 1787, 1824, 1836, 1839, 1842, 1854, 1863, 1873, 1884, 1908, 1910, 1921, 1923, 1967, 1971, 1980, 1991, 2041, 2048, 2056, 2118, 2124, 2149, 2151, 2155, 2170, 2173, 2188, 2228, 2230, 2263, 2266, 2273, 2280, 2324, 2339, 2378, 2380, 2424, 2435, 2473, 2505, 2512, 2544, 2568, 2584, 2625, 2669, 2695, 2722, 2728, 2744, 2767, 2834, 2859, 2864, 2875, 2923, 2960, 2998, 3008, 3011, 3014, 3045, 3050, 3052, 3093, 3102, 3104, 3108, 3121, 3159, 3172, 3183, 3203, 3235, 3240, 3260, 3264, 3294, 3309, 3311, 3319, 3339, 3349, 3353, 3374, 3421, 3425, 3468, 3477, 3510, 3559, 3580, 3603, 3634, 3721, 3763, 3776, 3781, 3812, 3817, 3837, 3880, 3933, 3996, 4003, 4020, 4041, 4043, 4047, 4049, 4066, 4078, 4164, 4194, 4208, 4219, 4221, 4239, 4241, 4280, 4286, 4292, 4295, 4298, 4349, 4365, 4374, 4378, 4468, 4491, 4494, 4497, 4549, 4592, 4594, 4596, 4613, 4615, 4652, 4658, 4660, 4681, 4689, 4693, 4725, 4740, 4759, 4761, 4768, 4775, 4779, 4784, 4795, 4813, 4824, 4831, 4841, 4847, 4853, 4863, 4868, 4891, 4894, 4900, 4913, 4940, 4995, 5006, 5009, 5054, 5057, 5059, 5134, 5152, 5165, 5180, 5188, 5190, 5212, 5223, 5234, 5252, 5289, 5320, 5330, 5340]","[299, 748, 1171, 3092, 3338]",5250,273,4977,0,273,4972,5
-4.0,MMTNFBG,"[16, 39, 41, 52, 68, 123, 160, 169, 172, 175, 201, 218, 246, 256, 269, 294, 316, 336, 375, 442, 445, 500, 516, 525, 529, 564, 636, 692, 713, 735, 751, 800, 814, 821, 828, 836, 875, 889, 915, 970, 1004, 1007, 1027, 1197, 1215, 1235, 1271, 1276, 1284, 1287, 1303, 1307, 1313, 1328, 1414, 1424, 1428, 1437, 1460, 1488, 1500, 1512, 1516, 1524, 1534, 1540, 1554, 1559, 1563, 1573, 1575, 1624, 1649, 1666, 1684, 1729, 1751, 1759, 1778, 1786, 1805, 1822, 1824, 1908, 1912, 1937, 1942, 2063, 2068, 2117, 2122, 2137, 2184, 2241, 2255, 2267, 2270, 2333, 2366, 2379, 2389, 2393, 2395, 2416, 2420, 2431, 2444, 2446, 2457, 2473, 2520, 2522, 2545, 2595, 2598, 2607, 2621, 2665, 2743, 2761, 2767, 2771, 2777, 2822, 2842, 2865, 2870, 2915, 2931, 2946, 2948, 3000, 3004, 3015, 3092, 3127, 3135, 3137, 3141, 3148, 3168, 3181, 3205]",[],"[16, 39, 41, 52, 68, 123, 160, 169, 172, 175, 201, 218, 246, 256, 269, 294, 316, 336, 375, 442, 445, 500, 516, 525, 529, 564, 636, 692, 713, 735, 751, 800, 814, 821, 828, 836, 875, 889, 915, 970, 1004, 1007, 1027, 1197, 1215, 1235, 1271, 1276, 1284, 1287, 1303, 1307, 1313, 1328, 1414, 1424, 1428, 1437, 1460, 1488, 1500, 1512, 1516, 1524, 1534, 1540, 1554, 1559, 1563, 1573, 1575, 1624, 1649, 1666, 1684, 1729, 1751, 1759, 1778, 1786, 1805, 1822, 1824, 1908, 1912, 1937, 1942, 2063, 2068, 2117, 2122, 2137, 2184, 2241, 2255, 2267, 2270, 2333, 2366, 2379, 2389, 2393, 2395, 2416, 2420, 2431, 2444, 2446, 2457, 2473, 2520, 2522, 2545, 2595, 2598, 2607, 2621, 2665, 2743, 2761, 2767, 2771, 2777, 2822, 2842, 2865, 2870, 2915, 2931, 2946, 2948, 3000, 3004, 3015, 3092, 3127, 3135, 3137, 3141, 3148, 3168, 3181, 3205]","[1728, 1911]",3212,143,3069,0,143,3067,2
-4.0,MMTROPIB,"[10, 13, 40, 64, 74, 76, 91, 113, 147, 167, 170, 184, 197, 202, 210, 233, 248, 262, 269, 289, 298, 311, 314, 329, 383, 392, 412, 429, 456, 493, 570, 618, 650, 657, 678, 701, 769, 781, 840, 843, 857, 863, 869, 880, 890, 961, 1022, 1045, 1054, 1056, 1058, 1063, 1070, 1074, 1081, 1093, 1112, 1121, 1125, 1133, 1158, 1215, 1240, 1257, 1262, 1275, 1277, 1308, 1329, 1371, 1381, 1412, 1427, 1429, 1448, 1491, 1526, 1535, 1560, 1562, 1569, 1618, 1664, 1698, 1702, 1712, 1723, 1745, 1750, 1754, 1763, 1773, 1784, 1795, 1808, 1811, 1822, 1833, 1861, 1869, 1887, 1904, 1933, 1940, 1952, 1957, 1971, 1978, 1982, 2009, 2034, 2039, 2065, 2071, 2074, 2079, 2129, 2186, 2196, 2218, 2272, 2275, 2280, 2301, 2322, 2328, 2338, 2351, 2354, 2380, 2394, 2397, 2400, 2407, 2422, 2426, 2435, 2452, 2471, 2481, 2492, 2498, 2508, 2523, 2535, 2539, 2542, 2565, 2620, 2650, 2657, 2668, 2674, 2678, 2688, 2708, 2711, 2725, 2727, 2729, 2733, 2762, 2787, 2815, 2828, 2855, 2881, 2884, 2961, 2978, 2991, 3007, 3038, 3044, 3114, 3141, 3180, 3206, 3208, 3234, 3249, 3271, 3282, 3297, 3336, 3371, 3406, 3462, 3502, 3511, 3532, 3544, 3565, 3619, 3649, 3682, 3691, 3698, 3713, 3724, 3735, 3752, 3770, 3807, 3817, 3820, 3822, 3832, 3838, 3844, 3897, 3924, 3943, 3964, 4003, 4078, 4134, 4179, 4194, 4196, 4201, 4220, 4270, 4352, 4356, 4360, 4417, 4462, 4469, 4494, 4581, 4605, 4609, 4611, 4621, 4655, 4665, 4709, 4714, 4749, 4765, 4793, 4800, 4823, 4833, 4840, 4843, 4866, 4868, 4870, 4887, 4889, 4918, 4921, 4930, 4951, 4961, 4968, 5008, 5019, 5021, 5076, 5092, 5112, 5115, 5129, 5163, 5183, 5242, 5262, 5281, 5300, 5320, 5341, 5360, 5368, 5370, 5380, 5412, 5421, 5441, 5484, 5501, 5521, 5562, 5596, 5621, 5651, 5665]",[],"[10, 13, 40, 64, 74, 76, 91, 113, 147, 167, 170, 184, 197, 202, 210, 233, 248, 262, 269, 289, 298, 311, 314, 329, 383, 392, 412, 429, 456, 493, 570, 618, 650, 657, 678, 701, 769, 781, 840, 843, 857, 863, 869, 880, 890, 961, 1022, 1045, 1054, 1056, 1058, 1063, 1070, 1074, 1081, 1093, 1112, 1121, 1125, 1133, 1158, 1215, 1240, 1257, 1262, 1275, 1277, 1308, 1329, 1371, 1381, 1412, 1427, 1429, 1448, 1491, 1526, 1535, 1560, 1562, 1569, 1618, 1664, 1698, 1702, 1712, 1723, 1745, 1750, 1754, 1763, 1773, 1784, 1795, 1808, 1811, 1822, 1833, 1861, 1869, 1887, 1904, 1933, 1940, 1952, 1957, 1971, 1978, 1982, 2009, 2034, 2039, 2065, 2071, 2074, 2079, 2129, 2186, 2196, 2218, 2272, 2275, 2280, 2301, 2322, 2328, 2338, 2351, 2354, 2380, 2394, 2397, 2400, 2407, 2422, 2426, 2435, 2452, 2471, 2481, 2492, 2498, 2508, 2523, 2535, 2539, 2542, 2565, 2620, 2650, 2657, 2668, 2674, 2678, 2688, 2708, 2711, 2725, 2727, 2729, 2733, 2762, 2787, 2815, 2828, 2855, 2881, 2884, 2961, 2978, 2991, 3007, 3038, 3044, 3114, 3141, 3180, 3206, 3208, 3234, 3249, 3271, 3282, 3297, 3336, 3371, 3406, 3462, 3502, 3511, 3532, 3544, 3565, 3619, 3649, 3682, 3691, 3698, 3713, 3724, 3735, 3752, 3770, 3807, 3817, 3820, 3822, 3832, 3838, 3844, 3897, 3924, 3943, 3964, 4003, 4078, 4134, 4179, 4194, 4196, 4201, 4220, 4270, 4352, 4356, 4360, 4417, 4462, 4469, 4494, 4581, 4605, 4609, 4611, 4621, 4655, 4665, 4709, 4714, 4749, 4765, 4793, 4800, 4823, 4833, 4840, 4843, 4866, 4868, 4870, 4887, 4889, 4918, 4921, 4930, 4951, 4961, 4968, 5008, 5019, 5021, 5076, 5092, 5112, 5115, 5129, 5163, 5183, 5242, 5262, 5281, 5300, 5320, 5341, 5360, 5368, 5370, 5380, 5412, 5421, 5441, 5484, 5501, 5521, 5562, 5596, 5621, 5651, 5665]","[1697, 1932, 2185, 2656, 3037, 3564, 4604]",5684,289,5395,0,289,5388,7
-4.0,MMTUM198,"[9, 26, 71, 121, 174, 181, 183, 191, 195, 243, 253, 264, 325, 333, 336, 341, 343, 348, 360, 419, 458, 542, 570, 576, 612, 616, 620, 639, 652, 666, 670, 710, 736, 772, 789, 799, 832, 872, 874, 892, 933, 961, 978, 986, 990, 1013, 1051, 1085, 1093, 1099, 1165, 1197, 1217, 1228, 1233, 1312, 1340, 1421, 1449, 1469, 1584, 1593, 1599, 1693, 1718, 1720, 1725, 1730, 1734, 1751, 1778, 1799, 1817, 1819, 1828, 1850, 1875, 1895, 1906, 1934, 1937, 1949, 1955, 1985, 1987, 1991, 1995, 2013, 2057, 2079, 2094, 2096, 2103, 2105, 2194, 2208, 2241, 2256, 2263, 2268, 2278, 2306, 2323, 2341, 2347, 2365, 2368, 2374, 2390, 2422, 2430, 2459, 2461, 2478, 2488, 2502, 2557, 2567, 2627, 2631, 2639, 2669, 2672, 2688, 2719, 2736, 2746, 2752, 2797, 2809, 2819, 2823, 2853, 2883, 2889, 2900, 3022, 3041, 3044, 3047, 3050, 3057, 3097, 3099, 3103, 3118, 3121, 3136, 3180, 3188, 3203, 3211, 3216, 3307, 3314, 3318, 3322, 3329, 3339, 3356, 3379, 3385, 3431, 3451, 3461, 3489, 3555, 3557, 3588, 3622, 3629, 3633, 3638, 3658, 3718, 3720, 3731, 3771, 3774, 3792, 3795, 3819, 3830, 3837, 3846, 3871, 3889, 3905, 3914, 3958, 3971, 3985, 4010, 4032, 4046, 4057, 4074, 4088, 4093, 4099, 4109, 4181, 4221, 4244, 4246, 4265, 4290, 4310, 4320, 4344, 4346, 4364]",[],"[9, 26, 71, 121, 174, 181, 183, 191, 195, 243, 253, 264, 325, 333, 336, 341, 343, 348, 360, 419, 458, 542, 570, 576, 612, 616, 620, 639, 652, 666, 670, 710, 736, 772, 789, 799, 832, 872, 874, 892, 933, 961, 978, 986, 990, 1013, 1051, 1085, 1093, 1099, 1165, 1197, 1217, 1228, 1233, 1312, 1340, 1421, 1449, 1469, 1584, 1593, 1599, 1693, 1718, 1720, 1725, 1730, 1734, 1751, 1778, 1799, 1817, 1819, 1828, 1850, 1875, 1895, 1906, 1934, 1937, 1949, 1955, 1985, 1987, 1991, 1995, 2013, 2057, 2079, 2094, 2096, 2103, 2105, 2194, 2208, 2241, 2256, 2263, 2268, 2278, 2306, 2323, 2341, 2347, 2365, 2368, 2374, 2390, 2422, 2430, 2459, 2461, 2478, 2488, 2502, 2557, 2567, 2627, 2631, 2639, 2669, 2672, 2688, 2719, 2736, 2746, 2752, 2797, 2809, 2819, 2823, 2853, 2883, 2889, 2900, 3022, 3041, 3044, 3047, 3050, 3057, 3097, 3099, 3103, 3118, 3121, 3136, 3180, 3188, 3203, 3211, 3216, 3307, 3314, 3318, 3322, 3329, 3339, 3356, 3379, 3385, 3431, 3451, 3461, 3489, 3555, 3557, 3588, 3622, 3629, 3633, 3638, 3658, 3718, 3720, 3731, 3771, 3774, 3792, 3795, 3819, 3830, 3837, 3846, 3871, 3889, 3905, 3914, 3958, 3971, 3985, 4010, 4032, 4046, 4057, 4074, 4088, 4093, 4099, 4109, 4181, 4221, 4244, 4246, 4265, 4290, 4310, 4320, 4344, 4346, 4364]","[1692, 2818, 3098, 3313, 3587, 3818, 4180]",4377,212,4165,0,212,4158,7
-4.0,MMU01530,"[24, 29, 42, 66, 77, 88, 100, 116, 118, 191, 195, 206, 219, 222, 284, 289, 292, 296, 326, 351, 359, 415, 637, 643, 684, 696, 700, 709, 751, 892, 894, 896, 910, 917, 925, 942, 957, 975, 978, 980, 988, 990, 1005, 1011, 1013, 1035, 1044, 1047, 1051, 1063, 1081, 1085, 1090, 1092, 1100, 1102, 1104, 1119, 1121, 1130, 1135, 1140, 1149, 1151, 1165, 1170, 1173, 1175, 1177, 1181, 1187, 1193, 1195, 1204, 1210, 1212, 1217, 1225, 1233, 1251, 1269, 1271, 1305, 1307, 1310, 1315, 1326, 1337, 1339, 1345, 1347, 1358, 1362, 1402, 1417, 1428, 1432, 1440, 1442, 1451, 1459, 1461, 1463, 1516, 1561, 1577, 1581, 1590, 1594, 1601, 1604, 1644, 1647, 1650, 1653, 1659, 1665, 1671, 1684, 1699, 1747, 1750, 1773, 1820, 1828, 1838, 1864, 1867, 1870, 1880, 1883, 1897, 1902, 1904, 1909, 1942, 1944, 1956, 1977, 2028, 2038, 2149, 2159, 2194, 2224, 2230, 2245, 2249, 2270, 2274, 2287, 2294, 2299, 2303, 2317, 2322, 2326, 2338, 2347, 2350, 2401, 2407, 2413, 2520, 2530, 2551, 2557, 2582, 2593, 2641, 2683, 2757, 2799, 2845, 2854, 2886, 2910, 2927, 3003, 3095, 3136, 3140, 3170, 3189, 3232, 3236, 3246, 3269, 3285, 3299, 3302, 3350, 3445, 3466, 3501, 3524, 3527, 3537, 3543, 3555, 3587, 3609, 3645, 3730, 3737, 3784, 3804, 3820, 3834, 3850, 3866, 3895, 3928, 3933, 3936, 3940, 3963, 4012, 4014, 4019, 4025, 4032, 4036, 4045, 4064, 4067, 4074, 4133, 4142, 4154, 4168, 4211, 4217, 4244, 4251, 4264, 4283, 4300, 4407, 4413, 4424, 4447, 4455, 4457, 4478, 4504, 4506, 4520, 4542, 4546, 4568, 4574, 4585, 4589, 4600, 4654, 4658, 4669, 4677, 4697, 4702, 4734, 4737, 4741, 4798, 4803, 4862, 4894, 4896, 4898, 4905, 4909, 4929, 4947, 4957, 4962, 5010, 5018, 5023, 5038, 5041, 5061, 5072, 5074, 5084, 5087, 5129, 5149, 5159, 5164, 5166, 5172, 5178, 5184, 5186, 5194, 5212, 5256, 5261, 5282, 5288, 5301, 5307, 5330, 5361, 5389, 5406, 5419, 5422, 5440, 5450, 5491, 5506, 5512, 5525, 5546, 5556, 5558, 5570, 5579, 5595, 5603, 5607, 5636, 5655, 5703, 5714, 5732, 5741, 5745, 5775, 5826, 5828, 5872, 5886, 5891, 5903, 5918, 5924, 5926, 5930, 5932, 5963, 5968, 6030, 6040, 6056, 6089, 6095, 6101, 6129, 6165, 6167, 6214, 6230, 6265, 6314, 6322, 6325, 6343, 6395, 6424, 6428, 6436, 6451, 6454, 6485, 6489, 6491, 6507, 6511, 6533, 6537, 6539, 6542, 6547, 6551, 6561, 6563, 6567, 6573, 6575, 6599, 6612, 6626, 6654, 6656, 6693, 6695, 6698, 6707, 6709, 6711, 6713, 6728, 6756, 6780]",[],"[24, 29, 42, 66, 77, 88, 100, 116, 118, 191, 195, 206, 219, 222, 284, 289, 292, 296, 326, 351, 359, 415, 637, 643, 684, 696, 700, 709, 751, 892, 894, 896, 910, 917, 925, 942, 957, 975, 978, 980, 988, 990, 1005, 1011, 1013, 1035, 1044, 1047, 1051, 1063, 1081, 1085, 1090, 1092, 1100, 1102, 1104, 1119, 1121, 1130, 1135, 1140, 1149, 1151, 1165, 1170, 1173, 1175, 1177, 1181, 1187, 1193, 1195, 1204, 1210, 1212, 1217, 1225, 1233, 1251, 1269, 1271, 1305, 1307, 1310, 1315, 1326, 1337, 1339, 1345, 1347, 1358, 1362, 1402, 1417, 1428, 1432, 1440, 1442, 1451, 1459, 1461, 1463, 1516, 1561, 1577, 1581, 1590, 1594, 1601, 1604, 1644, 1647, 1650, 1653, 1659, 1665, 1671, 1684, 1699, 1747, 1750, 1773, 1820, 1828, 1838, 1864, 1867, 1870, 1880, 1883, 1897, 1902, 1904, 1909, 1942, 1944, 1956, 1977, 2028, 2038, 2149, 2159, 2194, 2224, 2230, 2245, 2249, 2270, 2274, 2287, 2294, 2299, 2303, 2317, 2322, 2326, 2338, 2347, 2350, 2401, 2407, 2413, 2520, 2530, 2551, 2557, 2582, 2593, 2641, 2683, 2757, 2799, 2845, 2854, 2886, 2910, 2927, 3003, 3095, 3136, 3140, 3170, 3189, 3232, 3236, 3246, 3269, 3285, 3299, 3302, 3350, 3445, 3466, 3501, 3524, 3527, 3537, 3543, 3555, 3587, 3609, 3645, 3730, 3737, 3784, 3804, 3820, 3834, 3850, 3866, 3895, 3928, 3933, 3936, 3940, 3963, 4012, 4014, 4019, 4025, 4032, 4036, 4045, 4064, 4067, 4074, 4133, 4142, 4154, 4168, 4211, 4217, 4244, 4251, 4264, 4283, 4300, 4407, 4413, 4424, 4447, 4455, 4457, 4478, 4504, 4506, 4520, 4542, 4546, 4568, 4574, 4585, 4589, 4600, 4654, 4658, 4669, 4677, 4697, 4702, 4734, 4737, 4741, 4798, 4803, 4862, 4894, 4896, 4898, 4905, 4909, 4929, 4947, 4957, 4962, 5010, 5018, 5023, 5038, 5041, 5061, 5072, 5074, 5084, 5087, 5129, 5149, 5159, 5164, 5166, 5172, 5178, 5184, 5186, 5194, 5212, 5256, 5261, 5282, 5288, 5301, 5307, 5330, 5361, 5389, 5406, 5419, 5422, 5440, 5450, 5491, 5506, 5512, 5525, 5546, 5556, 5558, 5570, 5579, 5595, 5603, 5607, 5636, 5655, 5703, 5714, 5732, 5741, 5745, 5775, 5826, 5828, 5872, 5886, 5891, 5903, 5918, 5924, 5926, 5930, 5932, 5963, 5968, 6030, 6040, 6056, 6089, 6095, 6101, 6129, 6165, 6167, 6214, 6230, 6265, 6314, 6322, 6325, 6343, 6395, 6424, 6428, 6436, 6451, 6454, 6485, 6489, 6491, 6507, 6511, 6533, 6537, 6539, 6542, 6547, 6551, 6561, 6563, 6567, 6573, 6575, 6599, 6612, 6626, 6654, 6656, 6693, 6695, 6698, 6707, 6709, 6711, 6713, 6728, 6756, 6780]","[3094, 3231]",6700,397,6303,0,397,6301,2
-4.0,MMU02278,"[4, 12, 25, 60, 62, 71, 76, 80, 114, 142, 193, 207, 230, 246, 275, 313, 330, 343, 349, 384, 401, 418, 456, 490, 505, 528, 613, 621, 653, 661, 670, 679, 693, 709, 713, 724, 745, 757, 760, 762, 778, 790, 795, 806, 837, 851, 863, 869, 871, 884, 889, 901, 909, 963, 967, 979, 1004, 1021, 1042, 1093, 1100, 1102, 1107, 1120, 1128, 1133, 1136, 1142, 1159, 1250, 1267, 1324, 1343, 1345, 1355, 1483, 1510, 1538, 1543, 1595, 1607, 1639, 1661, 1692, 1759, 1813, 1848, 1859, 1867, 1914, 1939, 1950, 1954, 1985, 2015, 2043, 2045, 2050, 2078, 2080, 2094, 2099, 2160, 2210, 2214, 2248, 2263, 2291, 2293, 2313, 2328, 2331, 2334, 2336, 2345, 2381, 2425, 2427, 2432, 2482, 2494, 2497, 2500, 2503, 2515, 2518, 2536, 2600, 2609, 2630, 2649, 2666, 2680, 2687, 2703, 2753, 2764, 2774, 2810, 2821, 2858, 2915, 2989, 3008, 3026, 3032, 3045, 3094, 3099, 3101, 3105, 3115, 3250, 3266, 3304, 3338, 3369, 3374, 3415, 3422, 3434, 3436, 3446, 3449, 3457, 3483, 3526, 3535, 3549, 3558, 3594, 3623, 3632, 3648, 3670, 3675, 3680, 3685, 3780, 3784, 3813, 3826, 3834, 3874, 3878, 3926, 3968, 3972]",[],"[4, 12, 25, 60, 62, 71, 76, 80, 114, 142, 193, 207, 230, 246, 275, 313, 330, 343, 349, 384, 401, 418, 456, 490, 505, 528, 613, 621, 653, 661, 670, 679, 693, 709, 713, 724, 745, 757, 760, 762, 778, 790, 795, 806, 837, 851, 863, 869, 871, 884, 889, 901, 909, 963, 967, 979, 1004, 1021, 1042, 1093, 1100, 1102, 1107, 1120, 1128, 1133, 1136, 1142, 1159, 1250, 1267, 1324, 1343, 1345, 1355, 1483, 1510, 1538, 1543, 1595, 1607, 1639, 1661, 1692, 1759, 1813, 1848, 1859, 1867, 1914, 1939, 1950, 1954, 1985, 2015, 2043, 2045, 2050, 2078, 2080, 2094, 2099, 2160, 2210, 2214, 2248, 2263, 2291, 2293, 2313, 2328, 2331, 2334, 2336, 2345, 2381, 2425, 2427, 2432, 2482, 2494, 2497, 2500, 2503, 2515, 2518, 2536, 2600, 2609, 2630, 2649, 2666, 2680, 2687, 2703, 2753, 2764, 2774, 2810, 2821, 2858, 2915, 2989, 3008, 3026, 3032, 3045, 3094, 3099, 3101, 3105, 3115, 3250, 3266, 3304, 3338, 3369, 3374, 3415, 3422, 3434, 3436, 3446, 3449, 3457, 3483, 3526, 3535, 3549, 3558, 3594, 3623, 3632, 3648, 3670, 3675, 3680, 3685, 3780, 3784, 3813, 3826, 3834, 3874, 3878, 3926, 3968, 3972]",[1638],3974,188,3786,0,188,3785,1
-4.0,MMU02298,"[72, 100, 115, 172, 204, 216, 316, 422, 434, 443, 462, 474, 476, 480, 499, 556, 567, 583, 585, 588, 592, 604, 657, 686, 765, 821, 840, 861, 873, 888, 897, 914, 916, 940, 942, 947, 949, 956, 971, 1024, 1100, 1181, 1185, 1192, 1272, 1274, 1284, 1318, 1327, 1334, 1339, 1377, 1420, 1428, 1467, 1474, 1476, 1479, 1492, 1494, 1502, 1509, 1517, 1532, 1566, 1621, 1640, 1644, 1654, 1664, 1682, 1696, 1708, 1717, 1719, 1725, 1759, 1767, 1785, 1795, 1845, 1859, 1881, 1910, 1925, 1952, 1960, 2103, 2156, 2180, 2182, 2206, 2219, 2241, 2243, 2279, 2356, 2364, 2372, 2393, 2409, 2412, 2414, 2418, 2433, 2441, 2446, 2473, 2489, 2543, 2557, 2567, 2608, 2619, 2623, 2628, 2682, 2707, 2727, 2734, 2771, 2781, 2817, 2875, 2879, 2898, 2932, 2991, 3005, 3008, 3010, 3016, 3018, 3023, 3048, 3068, 3117, 3121, 3133, 3137, 3156, 3169, 3176, 3221, 3254, 3309, 3321, 3329, 3340, 3348, 3359, 3367, 3378, 3386, 3397, 3405, 3416, 3424, 3435, 3443, 3454, 3473, 3493, 3502, 3548, 3551, 3591, 3619, 3633, 3641, 3687, 3689, 3795, 3824, 3837, 3894, 3896, 3898, 3912, 3921, 3930, 3947, 3949, 3962, 3970, 3972, 3974, 3976, 3985, 3987, 3996, 3998, 4000, 4009, 4011, 4037, 4041, 4045, 4057, 4081, 4083, 4119, 4132, 4155, 4171, 4177, 4189, 4191, 4199, 4208, 4211, 4214, 4240, 4247, 4249, 4261, 4271, 4282, 4285, 4322, 4329, 4344, 4346, 4352, 4354, 4360, 4376, 4378, 4402, 4438, 4463, 4500, 4506, 4528, 4548, 4553, 4556, 4590, 4593, 4678, 4688, 4714, 4716, 4718, 4722, 4724, 4726, 4728, 4740, 4742, 4750, 4752, 4754, 4756, 4758, 4760, 4762, 4764, 4766, 4770, 4792, 4795, 4811, 4827, 4898, 4943, 4955, 4979, 5016, 5024, 5036, 5083, 5087, 5148, 5156, 5191, 5207, 5219, 5291, 5302, 5304, 5306, 5310, 5341, 5349, 5358, 5399, 5433, 5452, 5458, 5478, 5480, 5503, 5507, 5528, 5530, 5532, 5551, 5555, 5599, 5618, 5631, 5675, 5696, 5801, 5803, 5837]",[],"[72, 100, 115, 172, 204, 216, 316, 422, 434, 443, 462, 474, 476, 480, 499, 556, 567, 583, 585, 588, 592, 604, 657, 686, 765, 821, 840, 861, 873, 888, 897, 914, 916, 940, 942, 947, 949, 956, 971, 1024, 1100, 1181, 1185, 1192, 1272, 1274, 1284, 1318, 1327, 1334, 1339, 1377, 1420, 1428, 1467, 1474, 1476, 1479, 1492, 1494, 1502, 1509, 1517, 1532, 1566, 1621, 1640, 1644, 1654, 1664, 1682, 1696, 1708, 1717, 1719, 1725, 1759, 1767, 1785, 1795, 1845, 1859, 1881, 1910, 1925, 1952, 1960, 2103, 2156, 2180, 2182, 2206, 2219, 2241, 2243, 2279, 2356, 2364, 2372, 2393, 2409, 2412, 2414, 2418, 2433, 2441, 2446, 2473, 2489, 2543, 2557, 2567, 2608, 2619, 2623, 2628, 2682, 2707, 2727, 2734, 2771, 2781, 2817, 2875, 2879, 2898, 2932, 2991, 3005, 3008, 3010, 3016, 3018, 3023, 3048, 3068, 3117, 3121, 3133, 3137, 3156, 3169, 3176, 3221, 3254, 3309, 3321, 3329, 3340, 3348, 3359, 3367, 3378, 3386, 3397, 3405, 3416, 3424, 3435, 3443, 3454, 3473, 3493, 3502, 3548, 3551, 3591, 3619, 3633, 3641, 3687, 3689, 3795, 3824, 3837, 3894, 3896, 3898, 3912, 3921, 3930, 3947, 3949, 3962, 3970, 3972, 3974, 3976, 3985, 3987, 3996, 3998, 4000, 4009, 4011, 4037, 4041, 4045, 4057, 4081, 4083, 4119, 4132, 4155, 4171, 4177, 4189, 4191, 4199, 4208, 4211, 4214, 4240, 4247, 4249, 4261, 4271, 4282, 4285, 4322, 4329, 4344, 4346, 4352, 4354, 4360, 4376, 4378, 4402, 4438, 4463, 4500, 4506, 4528, 4548, 4553, 4556, 4590, 4593, 4678, 4688, 4714, 4716, 4718, 4722, 4724, 4726, 4728, 4740, 4742, 4750, 4752, 4754, 4756, 4758, 4760, 4762, 4764, 4766, 4770, 4792, 4795, 4811, 4827, 4898, 4943, 4955, 4979, 5016, 5024, 5036, 5083, 5087, 5148, 5156, 5191, 5207, 5219, 5291, 5302, 5304, 5306, 5310, 5341, 5349, 5358, 5399, 5433, 5452, 5458, 5478, 5480, 5503, 5507, 5528, 5530, 5532, 5551, 5555, 5599, 5618, 5631, 5675, 5696, 5801, 5803, 5837]","[1180, 2413]",5852,307,5545,0,307,5543,2
-4.0,MMU02884,"[22, 46, 56, 68, 84, 96, 110, 162, 215, 221, 226, 235, 267, 307, 341, 389, 405, 440, 445, 447, 463, 483, 488, 503, 513, 523, 528, 537, 567, 584, 590, 628, 639, 669, 673, 712, 768, 770, 795, 800, 815, 845, 871, 876, 918, 955, 1008, 1018, 1026, 1041, 1061, 1070, 1084, 1111, 1129, 1151, 1231, 1242, 1263, 1274, 1300, 1336, 1373, 1391, 1421, 1456, 1458, 1476, 1503, 1521, 1528, 1573, 1577, 1591, 1623, 1631, 1660, 1681, 1707, 1717, 1741, 1762, 1771, 1831, 1833, 1839, 1859, 1876, 1888, 1900, 1929, 1931, 1935, 1946, 2008, 2011, 2052, 2054, 2087, 2108, 2127, 2153, 2159, 2162, 2193, 2221, 2223, 2225, 2246, 2311, 2327, 2341, 2369, 2371, 2383, 2404, 2406, 2428, 2430, 2433, 2435, 2442, 2485, 2498, 2510, 2560, 2586, 2686, 2707, 2757, 2759, 2766, 2786, 2801, 2829, 2853, 2871, 2880, 2960, 2981, 3013, 3015, 3041, 3075, 3085, 3087, 3089, 3092, 3155, 3187, 3281, 3286, 3301, 3309, 3311, 3349, 3354, 3357, 3380, 3387, 3408, 3415, 3420, 3428, 3449, 3454, 3505, 3508, 3522, 3527, 3531, 3549, 3602, 3607, 3633, 3666, 3670, 3674, 3693, 3727, 3758, 3760, 3797, 3830, 3849, 3861, 3866, 3870, 3890, 3906, 3920, 3966, 4041, 4057, 4073, 4090, 4115, 4117, 4128, 4132, 4156, 4166, 4199, 4204, 4206, 4286, 4288, 4308, 4311, 4373, 4377, 4439, 4446, 4466, 4474, 4477, 4502, 4506, 4509, 4526, 4587, 4593, 4602, 4624, 4646, 4661, 4669, 4674, 4679, 4681, 4683, 4707, 4730, 4755, 4763, 4799, 4815, 4832, 4849, 4876, 4894, 4958, 5011, 5024, 5042, 5044, 5072, 5074, 5095, 5165, 5208, 5218, 5239, 5245, 5249, 5292, 5342, 5360, 5384, 5400, 5437, 5446, 5480, 5500, 5508, 5518, 5525, 5555, 5565, 5567, 5589, 5593, 5608, 5657, 5670, 5682, 5718, 5725, 5734, 5750, 5764, 5769, 5774, 5776, 5783, 5793, 5807, 5819, 5821, 5832, 5842, 5853, 5856, 5914, 5923, 5933, 5947, 6002, 6023, 6027, 6037, 6045, 6093, 6137, 6206, 6209, 6221, 6253, 6279, 6431, 6473, 6480, 6514, 6524, 6532, 6544, 6643, 6650, 6676, 6681, 6688, 6692, 6704, 6721, 6734, 6741, 6771, 6779, 6816, 6837, 6849, 6871, 6914, 6919, 6928, 6942, 6948, 6960, 7026, 7028, 7037, 7069, 7102, 7133, 7181, 7195, 7209, 7211, 7213, 7220, 7263, 7297, 7310, 7347, 7383, 7391, 7420, 7439, 7447, 7484, 7495, 7502, 7528, 7545, 7554, 7563, 7568, 7592, 7609, 7628, 7643, 7658, 7671, 7675, 7709, 7742, 7759, 7833, 7848, 7853, 7867, 7871, 7879, 7885, 7897, 7939, 7969, 7971, 7974, 8003, 8019, 8083, 8103, 8119, 8161, 8172, 8176, 8179, 8196, 8207, 8217, 8245, 8248, 8252, 8259, 8272, 8274, 8276, 8281, 8301, 8321, 8334, 8354, 8365, 8376, 8420, 8479, 8485, 8487, 8532, 8537, 8539, 8544, 8547, 8564, 8585, 8591, 8593, 8603, 8606, 8613, 8626, 8648, 8657, 8679, 8700, 8708, 8725, 8736, 8750]",[],"[22, 46, 56, 68, 84, 96, 110, 162, 215, 221, 226, 235, 267, 307, 341, 389, 405, 440, 445, 447, 463, 483, 488, 503, 513, 523, 528, 537, 567, 584, 590, 628, 639, 669, 673, 712, 768, 770, 795, 800, 815, 845, 871, 876, 918, 955, 1008, 1018, 1026, 1041, 1061, 1070, 1084, 1111, 1129, 1151, 1231, 1242, 1263, 1274, 1300, 1336, 1373, 1391, 1421, 1456, 1458, 1476, 1503, 1521, 1528, 1573, 1577, 1591, 1623, 1631, 1660, 1681, 1707, 1717, 1741, 1762, 1771, 1831, 1833, 1839, 1859, 1876, 1888, 1900, 1929, 1931, 1935, 1946, 2008, 2011, 2052, 2054, 2087, 2108, 2127, 2153, 2159, 2162, 2193, 2221, 2223, 2225, 2246, 2311, 2327, 2341, 2369, 2371, 2383, 2404, 2406, 2428, 2430, 2433, 2435, 2442, 2485, 2498, 2510, 2560, 2586, 2686, 2707, 2757, 2759, 2766, 2786, 2801, 2829, 2853, 2871, 2880, 2960, 2981, 3013, 3015, 3041, 3075, 3085, 3087, 3089, 3092, 3155, 3187, 3281, 3286, 3301, 3309, 3311, 3349, 3354, 3357, 3380, 3387, 3408, 3415, 3420, 3428, 3449, 3454, 3505, 3508, 3522, 3527, 3531, 3549, 3602, 3607, 3633, 3666, 3670, 3674, 3693, 3727, 3758, 3760, 3797, 3830, 3849, 3861, 3866, 3870, 3890, 3906, 3920, 3966, 4041, 4057, 4073, 4090, 4115, 4117, 4128, 4132, 4156, 4166, 4199, 4204, 4206, 4286, 4288, 4308, 4311, 4373, 4377, 4439, 4446, 4466, 4474, 4477, 4502, 4506, 4509, 4526, 4587, 4593, 4602, 4624, 4646, 4661, 4669, 4674, 4679, 4681, 4683, 4707, 4730, 4755, 4763, 4799, 4815, 4832, 4849, 4876, 4894, 4958, 5011, 5024, 5042, 5044, 5072, 5074, 5095, 5165, 5208, 5218, 5239, 5245, 5249, 5292, 5342, 5360, 5384, 5400, 5437, 5446, 5480, 5500, 5508, 5518, 5525, 5555, 5565, 5567, 5589, 5593, 5608, 5657, 5670, 5682, 5718, 5725, 5734, 5750, 5764, 5769, 5774, 5776, 5783, 5793, 5807, 5819, 5821, 5832, 5842, 5853, 5856, 5914, 5923, 5933, 5947, 6002, 6023, 6027, 6037, 6045, 6093, 6137, 6206, 6209, 6221, 6253, 6279, 6431, 6473, 6480, 6514, 6524, 6532, 6544, 6643, 6650, 6676, 6681, 6688, 6692, 6704, 6721, 6734, 6741, 6771, 6779, 6816, 6837, 6849, 6871, 6914, 6919, 6928, 6942, 6948, 6960, 7026, 7028, 7037, 7069, 7102, 7133, 7181, 7195, 7209, 7211, 7213, 7220, 7263, 7297, 7310, 7347, 7383, 7391, 7420, 7439, 7447, 7484, 7495, 7502, 7528, 7545, 7554, 7563, 7568, 7592, 7609, 7628, 7643, 7658, 7671, 7675, 7709, 7742, 7759, 7833, 7848, 7853, 7867, 7871, 7879, 7885, 7897, 7939, 7969, 7971, 7974, 8003, 8019, 8083, 8103, 8119, 8161, 8172, 8176, 8179, 8196, 8207, 8217, 8245, 8248, 8252, 8259, 8272, 8274, 8276, 8281, 8301, 8321, 8334, 8354, 8365, 8376, 8420, 8479, 8485, 8487, 8532, 8537, 8539, 8544, 8547, 8564, 8585, 8591, 8593, 8603, 8606, 8613, 8626, 8648, 8657, 8679, 8700, 8708, 8725, 8736, 8750]","[1630, 5244, 6836]",8758,440,8318,0,440,8315,3
-4.0,MMU04056,"[31, 36, 38, 81, 96, 115, 149, 177, 187, 191, 218, 222, 232, 234, 266, 283, 301, 309, 311, 313, 322, 360, 375, 388, 399, 476, 495, 501, 508, 551, 565, 577, 584, 589, 591, 630, 674, 706, 775, 782, 789, 801, 817, 833, 851, 870, 883, 902, 937, 944, 949, 962, 983, 986, 1001, 1008, 1017, 1028, 1061, 1073, 1146, 1228, 1269, 1286, 1288, 1325, 1327, 1332, 1350, 1360, 1383, 1396, 1411, 1418, 1438, 1442, 1451, 1457, 1462, 1466, 1473, 1480, 1495, 1498, 1501, 1503, 1507, 1509, 1514, 1521, 1568, 1633, 1645, 1663, 1731, 1742, 1753, 1756, 1772, 1782, 1801, 1805, 1808, 1813, 1824, 1827, 1834, 1837, 1858, 1862, 1866, 1870, 1883, 1906, 1920, 1984, 2000, 2047, 2089, 2099, 2109, 2114, 2136, 2184, 2199, 2250, 2257, 2261, 2298, 2300, 2305, 2310, 2337, 2378, 2389, 2406, 2419, 2481, 2491, 2510, 2542, 2581, 2584, 2601, 2603, 2610, 2621, 2668, 2699, 2701, 2712, 2748, 2752, 2768, 2809, 2823, 2842, 2862, 2876, 2887, 2892, 2903, 2907, 2949, 2961, 2972, 3004, 3029, 3056, 3069, 3082, 3088, 3097, 3109, 3113, 3116, 3132, 3157, 3163, 3165, 3167, 3179, 3202, 3206, 3228, 3292, 3308, 3333, 3363, 3445, 3471, 3493, 3509, 3531, 3535, 3537, 3556, 3569, 3624, 3633, 3651, 3722, 3724, 3726, 3738, 3756, 3803, 3817, 3850, 3938, 3943, 3993, 3996, 4002, 4013, 4060, 4070, 4076, 4083, 4138, 4177, 4179, 4186, 4189, 4211, 4223, 4226, 4243, 4248, 4255, 4297, 4299, 4320, 4328, 4361, 4382, 4410, 4421, 4444, 4525, 4530, 4538, 4568, 4574, 4586, 4595, 4625, 4689, 4693, 4709, 4770, 4774, 4800, 4819, 4830, 4832, 4848, 4855, 4857, 4884, 4942, 4987, 4994, 5018, 5037, 5064, 5072, 5076, 5084, 5106, 5126, 5128, 5165, 5219, 5255, 5258, 5272, 5282, 5291, 5301, 5316, 5324, 5414, 5422, 5426, 5428, 5437, 5454, 5460, 5468, 5478, 5481, 5486, 5509, 5525, 5530, 5549, 5556, 5561, 5581, 5595, 5615, 5626, 5647, 5657, 5660, 5705, 5718, 5739, 5773, 5810, 5862, 5893, 5937, 5946, 5989, 6013, 6016, 6021, 6034, 6057, 6068, 6070, 6072, 6075, 6115, 6157, 6167, 6181, 6189, 6212, 6219, 6248, 6265, 6269, 6278, 6302, 6304, 6314, 6346, 6348, 6362, 6373, 6402, 6422, 6467, 6478, 6487, 6525, 6539, 6557, 6662, 6706, 6721, 6723, 6726, 6773, 6794, 6801, 6803, 6809, 6836, 6850, 6866, 6878, 7007, 7016, 7023, 7033, 7056, 7072, 7076, 7082, 7091, 7102, 7112, 7150, 7200, 7204, 7226, 7242, 7283, 7286, 7301, 7309, 7353, 7453, 7455, 7464, 7473, 7475, 7486, 7488, 7519, 7522, 7525, 7536, 7545, 7587, 7596, 7648, 7684, 7688, 7691, 7697, 7704, 7711, 7718, 7730, 7748, 7869, 7905, 7907, 7975, 7980, 8045, 8059, 8070, 8078, 8165, 8215, 8220, 8223, 8248, 8259, 8270, 8272, 8312, 8317, 8352, 8373, 8389, 8420, 8477, 8487, 8493, 8502, 8512, 8603, 8621, 8626, 8629, 8631, 8634, 8650, 8665, 8669, 8681, 8733, 8781, 8790, 8803, 8823, 8831, 8845, 8872, 8881, 8884, 8896, 8957, 8998, 9013, 9025, 9133, 9188, 9205, 9217, 9228, 9233, 9248, 9283, 9293, 9295, 9301, 9307, 9347, 9362, 9387, 9486, 9496, 9518, 9522, 9602, 9606, 9631, 9649, 9677, 9710, 9741, 9767, 9787, 9789, 9808, 9822, 9833, 9870, 9895, 9954, 9961, 9974, 9985, 10018, 10043, 10054, 10139, 10162, 10164, 10201, 10208, 10211, 10219, 10230, 10247, 10272, 10274, 10289, 10293, 10295, 10305, 10318, 10340, 10351, 10358, 10361, 10363, 10372, 10374, 10384, 10401, 10531, 10554, 10556, 10589, 10594, 10596, 10603, 10605, 10624, 10633, 10659, 10666, 10685, 10721, 10737, 10745, 10767, 10770, 10795, 10800, 10815, 10823, 10877, 10900, 10915, 10922, 10929, 10990, 10999, 11003, 11006, 11011, 11013, 11030, 11036, 11050, 11052, 11084, 11134, 11157, 11168, 11172, 11201, 11209, 11215, 11260, 11273, 11312, 11337, 11339, 11341, 11344, 11355, 11386, 11392, 11403, 11430, 11434, 11442, 11450, 11474, 11522, 11534, 11546, 11553, 11555, 11561, 11579, 11624, 11634, 11650, 11688, 11697, 11703, 11725, 11727, 11738, 11747, 11752, 11759, 11779, 11781, 11798, 11802, 11834, 11924, 11968, 11984, 11989, 11995, 12004, 12037, 12058, 12069, 12071, 12073, 12076, 12089, 12102, 12108, 12133, 12157, 12160, 12167, 12176, 12201, 12212, 12239, 12303, 12324, 12357, 12376, 12381, 12401, 12408, 12427, 12438, 12442, 12459, 12477, 12485, 12497, 12537, 12572, 12599, 12669, 12679, 12727, 12736, 12756, 12761, 12777, 12784, 12786, 12805, 12860, 12872, 12905, 12925, 12931, 12968, 12987, 13013, 13029, 13039, 13041, 13050, 13104, 13110, 13113, 13153, 13164, 13212, 13224, 13265, 13267, 13276, 13279, 13304, 13336, 13345, 13356, 13392, 13401, 13421, 13434, 13447, 13466, 13469, 13492, 13533, 13558, 13586, 13626, 13648, 13694, 13710, 13713, 13742, 13763, 13777, 13806, 13841, 13878, 13902, 13911, 13923, 13934, 13948, 13954, 13964, 13980, 14003, 14016, 14040, 14052, 14066, 14069, 14105, 14157, 14163, 14198, 14222, 14227, 14231, 14251, 14256, 14259, 14265, 14271, 14279, 14296, 14298, 14300, 14306, 14322, 14362, 14367, 14376, 14379, 14395, 14424, 14449, 14472, 14474, 14479, 14484, 14532, 14537, 14547, 14553, 14616, 14634, 14640, 14646, 14650, 14657, 14690, 14713, 14724, 14752, 14794, 14801, 14806, 14812, 14858, 14880, 14897, 14944, 14984, 15012, 15034, 15086, 15110, 15115, 15153, 15160, 15186, 15215, 15223, 15234, 15247, 15271, 15275, 15280, 15342, 15366, 15370, 15375, 15380, 15418, 15422, 15473, 15503, 15507, 15522, 15546, 15561, 15621, 15638, 15644, 15652, 15681, 15687, 15710, 15746, 15748, 15764, 15771, 15800, 15805, 15814, 15854, 15871, 15875, 15879, 15890, 15892, 15896, 15902, 15905, 15919, 15937, 15943, 15965, 15972, 15984, 15989, 15991, 15994, 15998, 16008, 16042, 16063, 16069, 16092, 16103, 16141, 16158, 16208, 16231, 16235, 16242, 16253, 16272, 16282, 16288, 16296, 16317, 16325, 16335, 16337, 16339, 16349, 16353, 16389, 16397, 16409, 16411, 16448, 16464, 16470, 16562, 16572, 16597, 16619, 16625, 16633, 16635, 16647, 16663, 16711, 16735, 16743, 16777, 16844, 16856, 16887, 16903, 16928, 16961, 16987, 16995, 17008, 17018, 17056, 17103, 17144, 17150, 17152, 17168, 17175, 17177, 17182, 17190, 17212, 17220, 17239, 17244, 17246, 17250, 17281, 17283, 17300, 17331, 17341, 17361, 17377, 17382, 17394, 17422, 17435, 17453, 17457, 17463, 17478, 17508, 17555, 17572, 17589, 17597, 17659, 17694, 17700, 17702, 17719, 17722, 17731, 17761, 17766, 17771, 17806, 17817, 17823, 17827, 17837, 17920, 17930, 17934, 17962, 17973, 17993, 18050, 18101, 18105, 18141, 18146, 18153, 18169, 18185, 18224, 18246, 18290, 18347, 18354, 18381, 18387, 18424, 18430, 18437, 18444, 18470, 18472, 18478, 18481, 18493, 18499, 18525, 18579, 18631, 18639, 18647, 18651, 18655, 18659, 18663, 18679, 18689, 18692, 18697, 18701, 18718, 18769, 18786, 18819, 18840, 18856, 18877, 18923, 18935, 18955, 18972, 18974, 18982, 19004, 19139, 19142, 19148, 19244, 19250, 19252, 19274, 19335, 19338, 19369, 19374, 19381, 19383, 19386, 19389, 19415, 19443, 19446, 19461, 19492, 19506, 19521, 19531, 19534, 19570, 19573, 19585, 19599, 19639, 19641, 19643, 19663, 19688, 19692, 19721, 19742, 19745, 19748, 19751, 19764, 19803, 19807, 19815, 19831, 19833, 19840, 19850, 19852, 19854, 19861, 19865, 19877, 19902, 19904, 19923, 19935, 19966, 19993, 20026, 20063, 20067, 20072, 20078, 20080, 20121, 20132, 20136, 20145, 20210, 20218, 20232, 20239, 20244, 20286, 20293, 20297, 20315, 20330, 20346, 20350, 20353, 20355, 20414, 20449, 20502, 20507, 20519, 20532, 20549, 20551, 20569, 20579, 20598, 20603, 20607, 20616, 20619, 20624, 20634, 20636, 20642, 20644, 20670, 20674, 20682, 20688, 20708, 20733, 20751, 20753, 20755, 20766, 20775, 20781, 20789, 20805, 20813, 20823, 20848, 20880, 20926, 20928, 20938, 20958, 20967, 20980, 20986, 20992, 20996, 20998, 21073, 21081, 21092, 21134, 21156, 21172, 21186, 21190, 21205, 21211, 21222, 21239, 21352, 21372, 21386, 21393, 21397, 21399, 21401, 21406, 21417, 21424, 21441, 21462, 21496, 21515, 21528, 21557, 21563, 21580, 21583, 21589, 21626, 21634, 21641, 21651, 21654, 21692, 21707, 21709]",[],"[31, 36, 38, 81, 96, 115, 149, 177, 187, 191, 218, 222, 232, 234, 266, 283, 301, 309, 311, 313, 322, 360, 375, 388, 399, 476, 495, 501, 508, 551, 565, 577, 584, 589, 591, 630, 674, 706, 775, 782, 789, 801, 817, 833, 851, 870, 883, 902, 937, 944, 949, 962, 983, 986, 1001, 1008, 1017, 1028, 1061, 1073, 1146, 1228, 1269, 1286, 1288, 1325, 1327, 1332, 1350, 1360, 1383, 1396, 1411, 1418, 1438, 1442, 1451, 1457, 1462, 1466, 1473, 1480, 1495, 1498, 1501, 1503, 1507, 1509, 1514, 1521, 1568, 1633, 1645, 1663, 1731, 1742, 1753, 1756, 1772, 1782, 1801, 1805, 1808, 1813, 1824, 1827, 1834, 1837, 1858, 1862, 1866, 1870, 1883, 1906, 1920, 1984, 2000, 2047, 2089, 2099, 2109, 2114, 2136, 2184, 2199, 2250, 2257, 2261, 2298, 2300, 2305, 2310, 2337, 2378, 2389, 2406, 2419, 2481, 2491, 2510, 2542, 2581, 2584, 2601, 2603, 2610, 2621, 2668, 2699, 2701, 2712, 2748, 2752, 2768, 2809, 2823, 2842, 2862, 2876, 2887, 2892, 2903, 2907, 2949, 2961, 2972, 3004, 3029, 3056, 3069, 3082, 3088, 3097, 3109, 3113, 3116, 3132, 3157, 3163, 3165, 3167, 3179, 3202, 3206, 3228, 3292, 3308, 3333, 3363, 3445, 3471, 3493, 3509, 3531, 3535, 3537, 3556, 3569, 3624, 3633, 3651, 3722, 3724, 3726, 3738, 3756, 3803, 3817, 3850, 3938, 3943, 3993, 3996, 4002, 4013, 4060, 4070, 4076, 4083, 4138, 4177, 4179, 4186, 4189, 4211, 4223, 4226, 4243, 4248, 4255, 4297, 4299, 4320, 4328, 4361, 4382, 4410, 4421, 4444, 4525, 4530, 4538, 4568, 4574, 4586, 4595, 4625, 4689, 4693, 4709, 4770, 4774, 4800, 4819, 4830, 4832, 4848, 4855, 4857, 4884, 4942, 4987, 4994, 5018, 5037, 5064, 5072, 5076, 5084, 5106, 5126, 5128, 5165, 5219, 5255, 5258, 5272, 5282, 5291, 5301, 5316, 5324, 5414, 5422, 5426, 5428, 5437, 5454, 5460, 5468, 5478, 5481, 5486, 5509, 5525, 5530, 5549, 5556, 5561, 5581, 5595, 5615, 5626, 5647, 5657, 5660, 5705, 5718, 5739, 5773, 5810, 5862, 5893, 5937, 5946, 5989, 6013, 6016, 6021, 6034, 6057, 6068, 6070, 6072, 6075, 6115, 6157, 6167, 6181, 6189, 6212, 6219, 6248, 6265, 6269, 6278, 6302, 6304, 6314, 6346, 6348, 6362, 6373, 6402, 6422, 6467, 6478, 6487, 6525, 6539, 6557, 6662, 6706, 6721, 6723, 6726, 6773, 6794, 6801, 6803, 6809, 6836, 6850, 6866, 6878, 7007, 7016, 7023, 7033, 7056, 7072, 7076, 7082, 7091, 7102, 7112, 7150, 7200, 7204, 7226, 7242, 7283, 7286, 7301, 7309, 7353, 7453, 7455, 7464, 7473, 7475, 7486, 7488, 7519, 7522, 7525, 7536, 7545, 7587, 7596, 7648, 7684, 7688, 7691, 7697, 7704, 7711, 7718, 7730, 7748, 7869, 7905, 7907, 7975, 7980, 8045, 8059, 8070, 8078, 8165, 8215, 8220, 8223, 8248, 8259, 8270, 8272, 8312, 8317, 8352, 8373, 8389, 8420, 8477, 8487, 8493, 8502, 8512, 8603, 8621, 8626, 8629, 8631, 8634, 8650, 8665, 8669, 8681, 8733, 8781, 8790, 8803, 8823, 8831, 8845, 8872, 8881, 8884, 8896, 8957, 8998, 9013, 9025, 9133, 9188, 9205, 9217, 9228, 9233, 9248, 9283, 9293, 9295, 9301, 9307, 9347, 9362, 9387, 9486, 9496, 9518, 9522, 9602, 9606, 9631, 9649, 9677, 9710, 9741, 9767, 9787, 9789, 9808, 9822, 9833, 9870, 9895, 9954, 9961, 9974, 9985, 10018, 10043, 10054, 10139, 10162, 10164, 10201, 10208, 10211, 10219, 10230, 10247, 10272, 10274, 10289, 10293, 10295, 10305, 10318, 10340, 10351, 10358, 10361, 10363, 10372, 10374, 10384, 10401, 10531, 10554, 10556, 10589, 10594, 10596, 10603, 10605, 10624, 10633, 10659, 10666, 10685, 10721, 10737, 10745, 10767, 10770, 10795, 10800, 10815, 10823, 10877, 10900, 10915, 10922, 10929, 10990, 10999, 11003, 11006, 11011, 11013, 11030, 11036, 11050, 11052, 11084, 11134, 11157, 11168, 11172, 11201, 11209, 11215, 11260, 11273, 11312, 11337, 11339, 11341, 11344, 11355, 11386, 11392, 11403, 11430, 11434, 11442, 11450, 11474, 11522, 11534, 11546, 11553, 11555, 11561, 11579, 11624, 11634, 11650, 11688, 11697, 11703, 11725, 11727, 11738, 11747, 11752, 11759, 11779, 11781, 11798, 11802, 11834, 11924, 11968, 11984, 11989, 11995, 12004, 12037, 12058, 12069, 12071, 12073, 12076, 12089, 12102, 12108, 12133, 12157, 12160, 12167, 12176, 12201, 12212, 12239, 12303, 12324, 12357, 12376, 12381, 12401, 12408, 12427, 12438, 12442, 12459, 12477, 12485, 12497, 12537, 12572, 12599, 12669, 12679, 12727, 12736, 12756, 12761, 12777, 12784, 12786, 12805, 12860, 12872, 12905, 12925, 12931, 12968, 12987, 13013, 13029, 13039, 13041, 13050, 13104, 13110, 13113, 13153, 13164, 13212, 13224, 13265, 13267, 13276, 13279, 13304, 13336, 13345, 13356, 13392, 13401, 13421, 13434, 13447, 13466, 13469, 13492, 13533, 13558, 13586, 13626, 13648, 13694, 13710, 13713, 13742, 13763, 13777, 13806, 13841, 13878, 13902, 13911, 13923, 13934, 13948, 13954, 13964, 13980, 14003, 14016, 14040, 14052, 14066, 14069, 14105, 14157, 14163, 14198, 14222, 14227, 14231, 14251, 14256, 14259, 14265, 14271, 14279, 14296, 14298, 14300, 14306, 14322, 14362, 14367, 14376, 14379, 14395, 14424, 14449, 14472, 14474, 14479, 14484, 14532, 14537, 14547, 14553, 14616, 14634, 14640, 14646, 14650, 14657, 14690, 14713, 14724, 14752, 14794, 14801, 14806, 14812, 14858, 14880, 14897, 14944, 14984, 15012, 15034, 15086, 15110, 15115, 15153, 15160, 15186, 15215, 15223, 15234, 15247, 15271, 15275, 15280, 15342, 15366, 15370, 15375, 15380, 15418, 15422, 15473, 15503, 15507, 15522, 15546, 15561, 15621, 15638, 15644, 15652, 15681, 15687, 15710, 15746, 15748, 15764, 15771, 15800, 15805, 15814, 15854, 15871, 15875, 15879, 15890, 15892, 15896, 15902, 15905, 15919, 15937, 15943, 15965, 15972, 15984, 15989, 15991, 15994, 15998, 16008, 16042, 16063, 16069, 16092, 16103, 16141, 16158, 16208, 16231, 16235, 16242, 16253, 16272, 16282, 16288, 16296, 16317, 16325, 16335, 16337, 16339, 16349, 16353, 16389, 16397, 16409, 16411, 16448, 16464, 16470, 16562, 16572, 16597, 16619, 16625, 16633, 16635, 16647, 16663, 16711, 16735, 16743, 16777, 16844, 16856, 16887, 16903, 16928, 16961, 16987, 16995, 17008, 17018, 17056, 17103, 17144, 17150, 17152, 17168, 17175, 17177, 17182, 17190, 17212, 17220, 17239, 17244, 17246, 17250, 17281, 17283, 17300, 17331, 17341, 17361, 17377, 17382, 17394, 17422, 17435, 17453, 17457, 17463, 17478, 17508, 17555, 17572, 17589, 17597, 17659, 17694, 17700, 17702, 17719, 17722, 17731, 17761, 17766, 17771, 17806, 17817, 17823, 17827, 17837, 17920, 17930, 17934, 17962, 17973, 17993, 18050, 18101, 18105, 18141, 18146, 18153, 18169, 18185, 18224, 18246, 18290, 18347, 18354, 18381, 18387, 18424, 18430, 18437, 18444, 18470, 18472, 18478, 18481, 18493, 18499, 18525, 18579, 18631, 18639, 18647, 18651, 18655, 18659, 18663, 18679, 18689, 18692, 18697, 18701, 18718, 18769, 18786, 18819, 18840, 18856, 18877, 18923, 18935, 18955, 18972, 18974, 18982, 19004, 19139, 19142, 19148, 19244, 19250, 19252, 19274, 19335, 19338, 19369, 19374, 19381, 19383, 19386, 19389, 19415, 19443, 19446, 19461, 19492, 19506, 19521, 19531, 19534, 19570, 19573, 19585, 19599, 19639, 19641, 19643, 19663, 19688, 19692, 19721, 19742, 19745, 19748, 19751, 19764, 19803, 19807, 19815, 19831, 19833, 19840, 19850, 19852, 19854, 19861, 19865, 19877, 19902, 19904, 19923, 19935, 19966, 19993, 20026, 20063, 20067, 20072, 20078, 20080, 20121, 20132, 20136, 20145, 20210, 20218, 20232, 20239, 20244, 20286, 20293, 20297, 20315, 20330, 20346, 20350, 20353, 20355, 20414, 20449, 20502, 20507, 20519, 20532, 20549, 20551, 20569, 20579, 20598, 20603, 20607, 20616, 20619, 20624, 20634, 20636, 20642, 20644, 20670, 20674, 20682, 20688, 20708, 20733, 20751, 20753, 20755, 20766, 20775, 20781, 20789, 20805, 20813, 20823, 20848, 20880, 20926, 20928, 20938, 20958, 20967, 20980, 20986, 20992, 20996, 20998, 21073, 21081, 21092, 21134, 21156, 21172, 21186, 21190, 21205, 21211, 21222, 21239, 21352, 21372, 21386, 21393, 21397, 21399, 21401, 21406, 21417, 21424, 21441, 21462, 21496, 21515, 21528, 21557, 21563, 21580, 21583, 21589, 21626, 21634, 21641, 21651, 21654, 21692, 21707, 21709]","[1382, 3530, 4688, 7979, 8895, 10317, 10876, 11259, 12211, 13491, 16230, 16561]",21711,1174,20537,0,1174,20525,12
-4.0,MMU04827,"[13, 23, 31, 51, 71, 106, 135, 147, 157, 160, 171, 193, 276, 353, 423, 488, 516, 555, 569, 614, 637, 644, 655, 671, 690, 709, 723, 725, 730, 734, 767, 769, 778, 785, 835, 904, 947, 964, 978, 991, 1055, 1075, 1089, 1097, 1100, 1115, 1134, 1187, 1233, 1239, 1288, 1300, 1322, 1338, 1345, 1383, 1389, 1397, 1448, 1487, 1492, 1513, 1522, 1550, 1568, 1611, 1650, 1677, 1688, 1702, 1715, 1726, 1790, 1819, 1863, 1882, 1897, 1931, 1936, 1938, 1945, 1948, 1967, 1969, 1978, 1985, 2010, 2012, 2015, 2049, 2071, 2073, 2082, 2127, 2142, 2149, 2155, 2180, 2184, 2187, 2201, 2204, 2213, 2222, 2225, 2247, 2258, 2264, 2266, 2281, 2320, 2333, 2340, 2354, 2367, 2370, 2409, 2417, 2430, 2456, 2513, 2524, 2580, 2600, 2610, 2633, 2639, 2648, 2670, 2676, 2720, 2727, 2751, 2768, 2792, 2829, 2834, 2851, 2856, 2860, 2881, 2883, 2887, 2889, 2896, 2916, 2920, 2938, 2949, 2983, 2996, 3011, 3029, 3074, 3096, 3100, 3126, 3199, 3212, 3268, 3275, 3331, 3336, 3338, 3375, 3454, 3458, 3524, 3533, 3539, 3549, 3552, 3556, 3567, 3576, 3605, 3615, 3652, 3668, 3685, 3689, 3702, 3707, 3724, 3763, 3790, 3792, 3810, 3839, 3842, 3895, 3904, 3915, 3934, 3942, 3952, 3974, 3979, 3994, 4040, 4071, 4077, 4102, 4111, 4132, 4141, 4156, 4166, 4175, 4183, 4186, 4245, 4277, 4282, 4302, 4408, 4416, 4419, 4435, 4505, 4517, 4544, 4580, 4584, 4617, 4624, 4629, 4654, 4671, 4729, 4744, 4765, 4770, 4777, 4801, 4804, 4815, 4822, 4836, 4854, 4857, 4867, 4871, 4874, 4879, 4904, 4912, 4935, 4964, 4967, 4970, 4974, 4984, 4997, 5099, 5111, 5118, 5130, 5175, 5185, 5190, 5222, 5224, 5226, 5228, 5238, 5241, 5255, 5261, 5287, 5339, 5355, 5358, 5375, 5408, 5423, 5445, 5471, 5478, 5492, 5495, 5521, 5534, 5539, 5608, 5629, 5667, 5676, 5680, 5703, 5710, 5754, 5772, 5807, 5821, 5847, 5854, 5905, 5930, 5945, 5965, 6009, 6012, 6027, 6073, 6092, 6099, 6124, 6127, 6146, 6165, 6195, 6218, 6224, 6238, 6248, 6270, 6301, 6329, 6343, 6400, 6412, 6438, 6481, 6493, 6571, 6576, 6619, 6633, 6646, 6663, 6679, 6686, 6693, 6748, 6754, 6761, 6806, 6816, 6824, 6847, 6861, 6865, 6872, 6874, 6880, 6903, 6905, 6948, 7067, 7070, 7085, 7112, 7134, 7150, 7155, 7162, 7253, 7257, 7266, 7282, 7286, 7292, 7329, 7360, 7370, 7384, 7400, 7415, 7446, 7475, 7510, 7520, 7555, 7580, 7593]",[],"[13, 23, 31, 51, 71, 106, 135, 147, 157, 160, 171, 193, 276, 353, 423, 488, 516, 555, 569, 614, 637, 644, 655, 671, 690, 709, 723, 725, 730, 734, 767, 769, 778, 785, 835, 904, 947, 964, 978, 991, 1055, 1075, 1089, 1097, 1100, 1115, 1134, 1187, 1233, 1239, 1288, 1300, 1322, 1338, 1345, 1383, 1389, 1397, 1448, 1487, 1492, 1513, 1522, 1550, 1568, 1611, 1650, 1677, 1688, 1702, 1715, 1726, 1790, 1819, 1863, 1882, 1897, 1931, 1936, 1938, 1945, 1948, 1967, 1969, 1978, 1985, 2010, 2012, 2015, 2049, 2071, 2073, 2082, 2127, 2142, 2149, 2155, 2180, 2184, 2187, 2201, 2204, 2213, 2222, 2225, 2247, 2258, 2264, 2266, 2281, 2320, 2333, 2340, 2354, 2367, 2370, 2409, 2417, 2430, 2456, 2513, 2524, 2580, 2600, 2610, 2633, 2639, 2648, 2670, 2676, 2720, 2727, 2751, 2768, 2792, 2829, 2834, 2851, 2856, 2860, 2881, 2883, 2887, 2889, 2896, 2916, 2920, 2938, 2949, 2983, 2996, 3011, 3029, 3074, 3096, 3100, 3126, 3199, 3212, 3268, 3275, 3331, 3336, 3338, 3375, 3454, 3458, 3524, 3533, 3539, 3549, 3552, 3556, 3567, 3576, 3605, 3615, 3652, 3668, 3685, 3689, 3702, 3707, 3724, 3763, 3790, 3792, 3810, 3839, 3842, 3895, 3904, 3915, 3934, 3942, 3952, 3974, 3979, 3994, 4040, 4071, 4077, 4102, 4111, 4132, 4141, 4156, 4166, 4175, 4183, 4186, 4245, 4277, 4282, 4302, 4408, 4416, 4419, 4435, 4505, 4517, 4544, 4580, 4584, 4617, 4624, 4629, 4654, 4671, 4729, 4744, 4765, 4770, 4777, 4801, 4804, 4815, 4822, 4836, 4854, 4857, 4867, 4871, 4874, 4879, 4904, 4912, 4935, 4964, 4967, 4970, 4974, 4984, 4997, 5099, 5111, 5118, 5130, 5175, 5185, 5190, 5222, 5224, 5226, 5228, 5238, 5241, 5255, 5261, 5287, 5339, 5355, 5358, 5375, 5408, 5423, 5445, 5471, 5478, 5492, 5495, 5521, 5534, 5539, 5608, 5629, 5667, 5676, 5680, 5703, 5710, 5754, 5772, 5807, 5821, 5847, 5854, 5905, 5930, 5945, 5965, 6009, 6012, 6027, 6073, 6092, 6099, 6124, 6127, 6146, 6165, 6195, 6218, 6224, 6238, 6248, 6270, 6301, 6329, 6343, 6400, 6412, 6438, 6481, 6493, 6571, 6576, 6619, 6633, 6646, 6663, 6679, 6686, 6693, 6748, 6754, 6761, 6806, 6816, 6824, 6847, 6861, 6865, 6872, 6874, 6880, 6903, 6905, 6948, 7067, 7070, 7085, 7112, 7134, 7150, 7155, 7162, 7253, 7257, 7266, 7282, 7286, 7292, 7329, 7360, 7370, 7384, 7400, 7415, 7446, 7475, 7510, 7520, 7555, 7580, 7593]","[3684, 4281, 4969]",7601,376,7225,0,376,7222,3
-4.0,MMU07568,"[37, 57, 85, 94, 105, 190, 222, 249, 254, 268, 283, 305, 331, 356, 362, 368, 373, 420, 453, 456, 483, 487, 515, 528, 532, 549, 594, 606, 612, 632, 639, 646, 653, 660, 701, 722, 732]",[],"[37, 57, 85, 94, 105, 190, 222, 249, 254, 268, 283, 305, 331, 356, 362, 368, 373, 420, 453, 456, 483, 487, 515, 528, 532, 549, 594, 606, 612, 632, 639, 646, 653, 660, 701, 722, 732]","[84, 267, 482]",744,37,707,0,37,704,3
-4.0,MMU07808,"[62, 66, 102, 112, 130, 152, 154, 157, 171, 178, 184, 199, 212, 278, 303, 318, 330, 332, 355, 405, 426, 501, 514, 516, 525, 543, 548, 552, 555, 585, 663, 665, 669, 674, 678, 691, 732, 734, 754, 769, 778, 800, 821, 825, 830, 835, 857, 867, 871, 877, 881, 884, 887, 935, 937, 954, 962, 976, 988, 1005, 1020, 1024, 1043, 1054, 1063, 1082, 1088, 1092, 1127, 1129, 1144, 1160, 1178, 1180, 1184, 1209, 1226, 1251, 1257, 1274, 1303, 1312, 1319, 1328, 1332, 1336, 1353, 1362, 1364, 1398, 1410, 1416, 1431, 1462, 1479, 1506, 1514, 1543, 1587, 1593, 1618, 1680, 1689, 1692, 1698, 1702, 1707, 1732, 1757, 1763, 1772, 1793, 1799, 1884, 1886, 1898, 1904, 1909, 1919, 1936, 1942, 1974, 1980, 1989, 2014, 2050, 2076, 2091, 2113, 2115, 2134, 2155, 2183, 2192, 2204, 2211, 2213, 2240, 2250, 2261, 2303, 2314, 2322, 2339, 2351, 2364, 2366, 2385, 2390, 2396, 2401, 2410, 2418, 2434, 2439, 2449, 2454, 2541, 2580, 2635, 2682, 2740, 2751, 2758, 2823]",[],"[62, 66, 102, 112, 130, 152, 154, 157, 171, 178, 184, 199, 212, 278, 303, 318, 330, 332, 355, 405, 426, 501, 514, 516, 525, 543, 548, 552, 555, 585, 663, 665, 669, 674, 678, 691, 732, 734, 754, 769, 778, 800, 821, 825, 830, 835, 857, 867, 871, 877, 881, 884, 887, 935, 937, 954, 962, 976, 988, 1005, 1020, 1024, 1043, 1054, 1063, 1082, 1088, 1092, 1127, 1129, 1144, 1160, 1178, 1180, 1184, 1209, 1226, 1251, 1257, 1274, 1303, 1312, 1319, 1328, 1332, 1336, 1353, 1362, 1364, 1398, 1410, 1416, 1431, 1462, 1479, 1506, 1514, 1543, 1587, 1593, 1618, 1680, 1689, 1692, 1698, 1702, 1707, 1732, 1757, 1763, 1772, 1793, 1799, 1884, 1886, 1898, 1904, 1909, 1919, 1936, 1942, 1974, 1980, 1989, 2014, 2050, 2076, 2091, 2113, 2115, 2134, 2155, 2183, 2192, 2204, 2211, 2213, 2240, 2250, 2261, 2303, 2314, 2322, 2339, 2351, 2364, 2366, 2385, 2390, 2396, 2401, 2410, 2418, 2434, 2439, 2449, 2454, 2541, 2580, 2635, 2682, 2740, 2751, 2758, 2823]","[673, 1697]",2841,165,2676,0,165,2674,2
-4.0,MMU09741,"[82, 90, 119, 136, 146, 181, 183, 192, 197, 208, 219, 225, 234, 240, 246, 267, 321, 324, 399, 448, 457, 471, 473, 481, 508, 512, 550, 587, 638, 655, 676, 679, 720, 727, 750, 805, 811, 872, 875, 882, 889, 916, 925, 937, 940, 952, 1046, 1050, 1066, 1077, 1095, 1099, 1109, 1134, 1150, 1153, 1188, 1231, 1235, 1250, 1252, 1275, 1294, 1296, 1312, 1319, 1328, 1353, 1367, 1377, 1397, 1402, 1415, 1421, 1427, 1449, 1489, 1498, 1519, 1531, 1538, 1559, 1590, 1596, 1656, 1665, 1680, 1695, 1725, 1750, 1853, 1895, 1903, 1926, 1931, 1969, 1976, 1983, 2001, 2035, 2062, 2081, 2091, 2117, 2160, 2175, 2183, 2197, 2214, 2232, 2241, 2258, 2291, 2301, 2307, 2309, 2314, 2365, 2384, 2416, 2433, 2435, 2442, 2447, 2511, 2513, 2518, 2521, 2528, 2569, 2581, 2584, 2607, 2674, 2676, 2701, 2728, 2730, 2755, 2775, 2801, 2823]",[],"[82, 90, 119, 136, 146, 181, 183, 192, 197, 208, 219, 225, 234, 240, 246, 267, 321, 324, 399, 448, 457, 471, 473, 481, 508, 512, 550, 587, 638, 655, 676, 679, 720, 727, 750, 805, 811, 872, 875, 882, 889, 916, 925, 937, 940, 952, 1046, 1050, 1066, 1077, 1095, 1099, 1109, 1134, 1150, 1153, 1188, 1231, 1235, 1250, 1252, 1275, 1294, 1296, 1312, 1319, 1328, 1353, 1367, 1377, 1397, 1402, 1415, 1421, 1427, 1449, 1489, 1498, 1519, 1531, 1538, 1559, 1590, 1596, 1656, 1665, 1680, 1695, 1725, 1750, 1853, 1895, 1903, 1926, 1931, 1969, 1976, 1983, 2001, 2035, 2062, 2081, 2091, 2117, 2160, 2175, 2183, 2197, 2214, 2232, 2241, 2258, 2291, 2301, 2307, 2309, 2314, 2365, 2384, 2416, 2433, 2435, 2442, 2447, 2511, 2513, 2518, 2521, 2528, 2569, 2581, 2584, 2607, 2674, 2676, 2701, 2728, 2730, 2755, 2775, 2801, 2823]","[245, 1230]",2845,142,2703,0,142,2701,2
-4.0,MMU09964,"[11, 17, 27, 31, 35, 37, 46, 50, 56, 102, 112, 115, 127, 131, 151, 158, 188, 199, 235, 253, 259, 261, 263, 296, 312, 316, 322, 342, 345, 367, 376, 380, 400, 434, 451, 463, 511, 515, 532, 590, 592, 609, 623, 741, 771, 773, 777, 779, 781, 783, 799, 804, 808, 810, 812, 816, 833, 841, 858, 875, 918, 973, 977, 982, 1018, 1070, 1143, 1152, 1223, 1232, 1264, 1296, 1300, 1304, 1306, 1326, 1351, 1356, 1385, 1458, 1585, 1595, 1630, 1632, 1641, 1645, 1667, 1685, 1687, 1713, 1723, 1750, 1755, 1768, 1822, 1874, 1882, 1887, 1890, 1902, 1908, 1911, 1951, 1969, 1978, 1981, 1988, 1996, 2013, 2016, 2024, 2045, 2054, 2092, 2116, 2182, 2188, 2225, 2234, 2312, 2318, 2322, 2324, 2346, 2376, 2384, 2398, 2411, 2464, 2466, 2475, 2491, 2502, 2504, 2512, 2523, 2588, 2616, 2622, 2665, 2672, 2681, 2694, 2698, 2704, 2721, 2731, 2733, 2740, 2749, 2759, 2793, 2860, 2892, 2909, 2932, 2960, 2966, 2971, 2995, 2997, 3001, 3003, 3015, 3036, 3039, 3045, 3056, 3059, 3061, 3080, 3112, 3114, 3130, 3137, 3149, 3190, 3214, 3235, 3324, 3415, 3419, 3429, 3433, 3437, 3449, 3486, 3547, 3598, 3607, 3674, 3701, 3704, 3713, 3780, 3797, 3818, 3861, 3880, 3883, 3934, 3969, 3971, 3977, 4060, 4076, 4078, 4103, 4110, 4127, 4154, 4163, 4189, 4191, 4221, 4224, 4229, 4238, 4262, 4265, 4271, 4304, 4349, 4358, 4360, 4392, 4436, 4445, 4451, 4490, 4501, 4509, 4532, 4549, 4573, 4576, 4599, 4605, 4608, 4621, 4658, 4663, 4676, 4687, 4737, 4747, 4752, 4765, 4773, 4775, 4789, 4793, 4800, 4825, 4858, 4907, 4956, 4963, 4965, 4993, 5012, 5080, 5085, 5092, 5104, 5123, 5125, 5135, 5147, 5149, 5154, 5156, 5162, 5164, 5205, 5212, 5252, 5265, 5299, 5314, 5376, 5378, 5386, 5437, 5448, 5458, 5479, 5508, 5510, 5562, 5589, 5604, 5606, 5616, 5623, 5653, 5660, 5668, 5698, 5709, 5727, 5731, 5748, 5752, 5755, 5759, 5766, 5794, 5817, 5821, 5825, 5829, 5833, 5837, 5841, 5845, 5849, 5957, 5961, 5978, 5991, 6039, 6085, 6091, 6095, 6174, 6177, 6201, 6203, 6232, 6241, 6254, 6273, 6306, 6336, 6397, 6413, 6448, 6452, 6461, 6477, 6500, 6525, 6529, 6567, 6596, 6601, 6613, 6683, 6739, 6742, 6746, 6754, 6756, 6762, 6765, 6772, 6820, 6822, 6857, 6862, 6867, 6870, 6891, 6908, 6954, 6974, 7009, 7031, 7045, 7063, 7097, 7125, 7152, 7169, 7180, 7199, 7203, 7222, 7225, 7231, 7233, 7237, 7239, 7248, 7276, 7293, 7299, 7407, 7424, 7435, 7450, 7453, 7463, 7465, 7469, 7493, 7498, 7501, 7526, 7534, 7601, 7606, 7613, 7619, 7625, 7636, 7645, 7661, 7668, 7670, 7676, 7680, 7696, 7717, 7719, 7761, 7765, 7774, 7918, 7921, 7926, 7928, 7936, 7944, 7963, 7967, 7977, 8005, 8008, 8029, 8060, 8069, 8071, 8074, 8077, 8106, 8110, 8119, 8158, 8163, 8193, 8197, 8222, 8252, 8269, 8283, 8291, 8298, 8306, 8335, 8340, 8363, 8373, 8446, 8456, 8461, 8467, 8470, 8480, 8513, 8531, 8563, 8587, 8602, 8606, 8710, 8721, 8728, 8741, 8744, 8750, 8753, 8756, 8765, 8789, 8797, 8819, 8822, 8849, 8856, 8872, 8902, 8933, 8967, 8989, 8998, 9018, 9022, 9045, 9100, 9174, 9189, 9191, 9195, 9198, 9255, 9312, 9338, 9412, 9418, 9420, 9436, 9506, 9524, 9526, 9539, 9577, 9587, 9594, 9596, 9615, 9686, 9731, 9734, 9744, 9746, 9748, 9789, 9860, 9899, 9931, 9933, 9953, 9965, 9981, 10002, 10006, 10031, 10060, 10075, 10080, 10105, 10127, 10140, 10184, 10186, 10214, 10216, 10220, 10255, 10261, 10274, 10279, 10300, 10305, 10312, 10327, 10329, 10333, 10358, 10364, 10373, 10379, 10390, 10414, 10430, 10435, 10463, 10471, 10487, 10515, 10517, 10570, 10581, 10616, 10618, 10633, 10658, 10674, 10680, 10685, 10698, 10710, 10713, 10721, 10727, 10769, 10778, 10781, 10859, 10868, 10876, 10902, 10935, 10938, 10945, 10992, 11018, 11051, 11055, 11061, 11128, 11154, 11187, 11191, 11197, 11247, 11270, 11278, 11281, 11301, 11316, 11357, 11397, 11443]",[],"[11, 17, 27, 31, 35, 37, 46, 50, 56, 102, 112, 115, 127, 131, 151, 158, 188, 199, 235, 253, 259, 261, 263, 296, 312, 316, 322, 342, 345, 367, 376, 380, 400, 434, 451, 463, 511, 515, 532, 590, 592, 609, 623, 741, 771, 773, 777, 779, 781, 783, 799, 804, 808, 810, 812, 816, 833, 841, 858, 875, 918, 973, 977, 982, 1018, 1070, 1143, 1152, 1223, 1232, 1264, 1296, 1300, 1304, 1306, 1326, 1351, 1356, 1385, 1458, 1585, 1595, 1630, 1632, 1641, 1645, 1667, 1685, 1687, 1713, 1723, 1750, 1755, 1768, 1822, 1874, 1882, 1887, 1890, 1902, 1908, 1911, 1951, 1969, 1978, 1981, 1988, 1996, 2013, 2016, 2024, 2045, 2054, 2092, 2116, 2182, 2188, 2225, 2234, 2312, 2318, 2322, 2324, 2346, 2376, 2384, 2398, 2411, 2464, 2466, 2475, 2491, 2502, 2504, 2512, 2523, 2588, 2616, 2622, 2665, 2672, 2681, 2694, 2698, 2704, 2721, 2731, 2733, 2740, 2749, 2759, 2793, 2860, 2892, 2909, 2932, 2960, 2966, 2971, 2995, 2997, 3001, 3003, 3015, 3036, 3039, 3045, 3056, 3059, 3061, 3080, 3112, 3114, 3130, 3137, 3149, 3190, 3214, 3235, 3324, 3415, 3419, 3429, 3433, 3437, 3449, 3486, 3547, 3598, 3607, 3674, 3701, 3704, 3713, 3780, 3797, 3818, 3861, 3880, 3883, 3934, 3969, 3971, 3977, 4060, 4076, 4078, 4103, 4110, 4127, 4154, 4163, 4189, 4191, 4221, 4224, 4229, 4238, 4262, 4265, 4271, 4304, 4349, 4358, 4360, 4392, 4436, 4445, 4451, 4490, 4501, 4509, 4532, 4549, 4573, 4576, 4599, 4605, 4608, 4621, 4658, 4663, 4676, 4687, 4737, 4747, 4752, 4765, 4773, 4775, 4789, 4793, 4800, 4825, 4858, 4907, 4956, 4963, 4965, 4993, 5012, 5080, 5085, 5092, 5104, 5123, 5125, 5135, 5147, 5149, 5154, 5156, 5162, 5164, 5205, 5212, 5252, 5265, 5299, 5314, 5376, 5378, 5386, 5437, 5448, 5458, 5479, 5508, 5510, 5562, 5589, 5604, 5606, 5616, 5623, 5653, 5660, 5668, 5698, 5709, 5727, 5731, 5748, 5752, 5755, 5759, 5766, 5794, 5817, 5821, 5825, 5829, 5833, 5837, 5841, 5845, 5849, 5957, 5961, 5978, 5991, 6039, 6085, 6091, 6095, 6174, 6177, 6201, 6203, 6232, 6241, 6254, 6273, 6306, 6336, 6397, 6413, 6448, 6452, 6461, 6477, 6500, 6525, 6529, 6567, 6596, 6601, 6613, 6683, 6739, 6742, 6746, 6754, 6756, 6762, 6765, 6772, 6820, 6822, 6857, 6862, 6867, 6870, 6891, 6908, 6954, 6974, 7009, 7031, 7045, 7063, 7097, 7125, 7152, 7169, 7180, 7199, 7203, 7222, 7225, 7231, 7233, 7237, 7239, 7248, 7276, 7293, 7299, 7407, 7424, 7435, 7450, 7453, 7463, 7465, 7469, 7493, 7498, 7501, 7526, 7534, 7601, 7606, 7613, 7619, 7625, 7636, 7645, 7661, 7668, 7670, 7676, 7680, 7696, 7717, 7719, 7761, 7765, 7774, 7918, 7921, 7926, 7928, 7936, 7944, 7963, 7967, 7977, 8005, 8008, 8029, 8060, 8069, 8071, 8074, 8077, 8106, 8110, 8119, 8158, 8163, 8193, 8197, 8222, 8252, 8269, 8283, 8291, 8298, 8306, 8335, 8340, 8363, 8373, 8446, 8456, 8461, 8467, 8470, 8480, 8513, 8531, 8563, 8587, 8602, 8606, 8710, 8721, 8728, 8741, 8744, 8750, 8753, 8756, 8765, 8789, 8797, 8819, 8822, 8849, 8856, 8872, 8902, 8933, 8967, 8989, 8998, 9018, 9022, 9045, 9100, 9174, 9189, 9191, 9195, 9198, 9255, 9312, 9338, 9412, 9418, 9420, 9436, 9506, 9524, 9526, 9539, 9577, 9587, 9594, 9596, 9615, 9686, 9731, 9734, 9744, 9746, 9748, 9789, 9860, 9899, 9931, 9933, 9953, 9965, 9981, 10002, 10006, 10031, 10060, 10075, 10080, 10105, 10127, 10140, 10184, 10186, 10214, 10216, 10220, 10255, 10261, 10274, 10279, 10300, 10305, 10312, 10327, 10329, 10333, 10358, 10364, 10373, 10379, 10390, 10414, 10430, 10435, 10463, 10471, 10487, 10515, 10517, 10570, 10581, 10616, 10618, 10633, 10658, 10674, 10680, 10685, 10698, 10710, 10713, 10721, 10727, 10769, 10778, 10781, 10859, 10868, 10876, 10902, 10935, 10938, 10945, 10992, 11018, 11051, 11055, 11061, 11128, 11154, 11187, 11191, 11197, 11247, 11270, 11278, 11281, 11301, 11316, 11357, 11397, 11443]","[1968, 3428, 4303, 4607, 7962, 8162, 8601, 9017, 9311, 10875]",11455,606,10849,0,606,10839,10
-4.0,MMU10098,"[27, 71, 85, 114, 145, 176, 179, 197, 205, 227, 246, 249, 310, 373, 393, 436, 465, 473, 490, 518, 552, 567, 594, 614, 696, 758, 806, 845, 866, 872, 882, 890, 894, 912, 917, 975, 988, 997, 1035, 1075, 1086, 1099, 1107, 1131, 1153, 1156, 1166, 1174, 1178, 1180, 1189, 1207, 1250, 1263, 1266, 1298, 1323, 1334, 1336, 1353, 1384, 1401, 1426, 1437, 1441, 1486, 1492, 1576, 1592, 1623, 1625, 1629, 1633, 1635, 1637, 1639, 1646, 1659, 1661, 1674, 1754, 1768, 1774, 1782, 1824, 1836, 1859, 1872, 1878, 1886, 1894, 1906, 1909, 1916, 1921, 1931, 1957, 1961, 1968, 2007, 2017, 2024, 2026, 2080, 2082, 2090, 2092, 2098, 2109, 2114, 2118, 2124, 2136, 2144, 2146, 2159, 2164, 2169, 2172, 2201, 2236, 2286, 2358, 2379, 2396, 2399, 2407, 2409, 2411, 2450, 2538, 2553, 2573, 2582, 2585, 2589, 2597, 2605, 2619, 2655, 2662, 2693, 2715, 2723, 2727, 2747, 2756, 2758, 2784, 2850, 2878, 2908, 2910, 2912, 2926, 2934, 2951, 2958, 2970, 2984, 2986, 3013, 3018, 3021, 3023, 3044, 3058, 3146, 3150, 3154, 3173, 3175, 3193, 3214, 3220, 3263, 3267, 3271, 3306, 3313, 3326, 3330, 3346, 3348, 3354, 3370, 3392, 3399, 3408, 3426, 3448, 3455, 3478, 3510, 3514, 3541, 3553, 3563, 3584, 3586, 3597, 3601, 3621, 3640, 3698, 3703, 3734, 3822, 3828, 3835, 3851, 3863, 3874, 3877, 3880, 3936, 3963, 3975, 3983, 4068, 4089, 4094, 4153, 4155, 4180, 4207, 4223, 4227, 4233, 4242, 4259, 4269, 4313, 4374, 4396, 4407, 4423, 4425, 4443, 4470, 4472, 4474, 4491, 4513, 4534, 4559, 4608, 4614, 4617, 4623, 4660, 4662, 4664, 4666, 4668, 4670, 4672, 4674, 4676, 4678, 4680, 4682, 4684, 4686, 4688, 4690, 4692, 4694, 4696, 4698, 4700, 4797, 4804, 4806, 4815, 4860, 4912, 4930, 4937, 4943, 4958, 4993, 4996, 5009, 5032, 5044, 5054, 5064, 5085, 5087, 5127, 5142, 5144, 5161, 5167, 5175, 5223, 5245, 5271, 5284, 5293, 5314, 5321, 5328, 5342, 5353, 5361, 5365, 5367, 5383, 5398, 5407, 5416, 5443, 5445, 5453, 5458, 5462, 5464, 5470, 5472, 5474, 5477, 5484, 5496, 5512, 5515, 5523, 5529, 5531, 5536, 5540, 5542, 5566, 5568, 5570, 5582, 5594, 5610, 5642, 5651, 5696, 5729, 5757, 5794, 5802, 5813, 5817, 5827, 5844, 5853, 5996, 5998, 6000, 6002, 6018, 6058, 6067, 6091, 6094]",[],"[27, 71, 85, 114, 145, 176, 179, 197, 205, 227, 246, 249, 310, 373, 393, 436, 465, 473, 490, 518, 552, 567, 594, 614, 696, 758, 806, 845, 866, 872, 882, 890, 894, 912, 917, 975, 988, 997, 1035, 1075, 1086, 1099, 1107, 1131, 1153, 1156, 1166, 1174, 1178, 1180, 1189, 1207, 1250, 1263, 1266, 1298, 1323, 1334, 1336, 1353, 1384, 1401, 1426, 1437, 1441, 1486, 1492, 1576, 1592, 1623, 1625, 1629, 1633, 1635, 1637, 1639, 1646, 1659, 1661, 1674, 1754, 1768, 1774, 1782, 1824, 1836, 1859, 1872, 1878, 1886, 1894, 1906, 1909, 1916, 1921, 1931, 1957, 1961, 1968, 2007, 2017, 2024, 2026, 2080, 2082, 2090, 2092, 2098, 2109, 2114, 2118, 2124, 2136, 2144, 2146, 2159, 2164, 2169, 2172, 2201, 2236, 2286, 2358, 2379, 2396, 2399, 2407, 2409, 2411, 2450, 2538, 2553, 2573, 2582, 2585, 2589, 2597, 2605, 2619, 2655, 2662, 2693, 2715, 2723, 2727, 2747, 2756, 2758, 2784, 2850, 2878, 2908, 2910, 2912, 2926, 2934, 2951, 2958, 2970, 2984, 2986, 3013, 3018, 3021, 3023, 3044, 3058, 3146, 3150, 3154, 3173, 3175, 3193, 3214, 3220, 3263, 3267, 3271, 3306, 3313, 3326, 3330, 3346, 3348, 3354, 3370, 3392, 3399, 3408, 3426, 3448, 3455, 3478, 3510, 3514, 3541, 3553, 3563, 3584, 3586, 3597, 3601, 3621, 3640, 3698, 3703, 3734, 3822, 3828, 3835, 3851, 3863, 3874, 3877, 3880, 3936, 3963, 3975, 3983, 4068, 4089, 4094, 4153, 4155, 4180, 4207, 4223, 4227, 4233, 4242, 4259, 4269, 4313, 4374, 4396, 4407, 4423, 4425, 4443, 4470, 4472, 4474, 4491, 4513, 4534, 4559, 4608, 4614, 4617, 4623, 4660, 4662, 4664, 4666, 4668, 4670, 4672, 4674, 4676, 4678, 4680, 4682, 4684, 4686, 4688, 4690, 4692, 4694, 4696, 4698, 4700, 4797, 4804, 4806, 4815, 4860, 4912, 4930, 4937, 4943, 4958, 4993, 4996, 5009, 5032, 5044, 5054, 5064, 5085, 5087, 5127, 5142, 5144, 5161, 5167, 5175, 5223, 5245, 5271, 5284, 5293, 5314, 5321, 5328, 5342, 5353, 5361, 5365, 5367, 5383, 5398, 5407, 5416, 5443, 5445, 5453, 5458, 5462, 5464, 5470, 5472, 5474, 5477, 5484, 5496, 5512, 5515, 5523, 5529, 5531, 5536, 5540, 5542, 5566, 5568, 5570, 5582, 5594, 5610, 5642, 5651, 5696, 5729, 5757, 5794, 5802, 5813, 5817, 5827, 5844, 5853, 5996, 5998, 6000, 6002, 6018, 6058, 6067, 6091, 6094]","[1173, 3509]",6118,360,5758,0,360,5756,2
-4.0,MMU11054,"[16, 24, 33, 53, 62, 96, 150, 186, 205, 276, 287, 369, 376, 384, 390, 402, 411, 423, 458, 464, 487, 516, 521, 523, 547, 572, 583, 589, 591, 618, 628, 633, 651, 690, 694, 699, 714, 722, 724, 730, 734, 752, 754, 773, 786, 790, 792, 800, 837, 843, 845, 922, 952, 960, 979, 984, 987, 1007, 1013, 1030, 1035, 1040, 1063, 1065, 1071, 1076, 1094, 1113, 1125, 1136, 1151, 1158, 1200, 1204, 1214, 1216, 1248, 1272, 1274, 1294, 1298, 1304, 1320, 1322, 1332, 1356, 1358, 1377, 1389, 1395, 1403, 1410, 1419, 1471, 1487, 1560, 1573, 1591, 1615, 1624, 1637, 1669, 1673, 1685, 1687, 1699, 1762, 1769, 1782, 1821, 1834, 1840, 1854, 1857, 1878, 1885, 1891, 1893, 1899, 1908, 1917, 1930, 1956, 1990, 1997, 2001, 2029, 2038, 2055, 2058, 2063, 2074, 2076, 2086, 2089, 2091, 2099, 2105, 2108, 2122, 2136, 2138, 2158, 2185, 2195, 2244, 2251, 2255, 2271, 2282, 2295, 2331, 2356, 2378, 2383, 2421, 2447, 2485, 2497, 2504, 2507, 2516, 2527]",[],"[16, 24, 33, 53, 62, 96, 150, 186, 205, 276, 287, 369, 376, 384, 390, 402, 411, 423, 458, 464, 487, 516, 521, 523, 547, 572, 583, 589, 591, 618, 628, 633, 651, 690, 694, 699, 714, 722, 724, 730, 734, 752, 754, 773, 786, 790, 792, 800, 837, 843, 845, 922, 952, 960, 979, 984, 987, 1007, 1013, 1030, 1035, 1040, 1063, 1065, 1071, 1076, 1094, 1113, 1125, 1136, 1151, 1158, 1200, 1204, 1214, 1216, 1248, 1272, 1274, 1294, 1298, 1304, 1320, 1322, 1332, 1356, 1358, 1377, 1389, 1395, 1403, 1410, 1419, 1471, 1487, 1560, 1573, 1591, 1615, 1624, 1637, 1669, 1673, 1685, 1687, 1699, 1762, 1769, 1782, 1821, 1834, 1840, 1854, 1857, 1878, 1885, 1891, 1893, 1899, 1908, 1917, 1930, 1956, 1990, 1997, 2001, 2029, 2038, 2055, 2058, 2063, 2074, 2076, 2086, 2089, 2091, 2099, 2105, 2108, 2122, 2136, 2138, 2158, 2185, 2195, 2244, 2251, 2255, 2271, 2282, 2295, 2331, 2356, 2378, 2383, 2421, 2447, 2485, 2497, 2504, 2507, 2516, 2527]","[457, 1418, 1996]",2565,163,2402,0,163,2399,3
-4.0,MMU11713,"[107, 165, 200, 223, 241, 251, 257, 289, 298, 300, 356, 398, 419, 422, 466, 500, 521, 545, 588, 600, 614, 635, 639, 656, 695, 703, 746, 748, 760, 803, 809, 823, 858, 860, 873, 930, 942, 951, 956, 987, 989, 991, 997, 1024, 1094, 1103, 1121, 1182, 1204, 1271, 1282, 1289, 1342, 1359, 1366, 1372, 1375, 1386, 1388, 1412, 1480, 1486, 1531, 1555, 1557, 1564, 1587, 1609, 1625, 1627, 1629, 1686, 1696, 1740, 1743, 1755]",[],"[107, 165, 200, 223, 241, 251, 257, 289, 298, 300, 356, 398, 419, 422, 466, 500, 521, 545, 588, 600, 614, 635, 639, 656, 695, 703, 746, 748, 760, 803, 809, 823, 858, 860, 873, 930, 942, 951, 956, 987, 989, 991, 997, 1024, 1094, 1103, 1121, 1182, 1204, 1271, 1282, 1289, 1342, 1359, 1366, 1372, 1375, 1386, 1388, 1412, 1480, 1486, 1531, 1555, 1557, 1564, 1587, 1609, 1625, 1627, 1629, 1686, 1696, 1740, 1743, 1755]","[288, 634]",1760,76,1684,0,76,1682,2
-4.0,MMU12029,"[10, 12, 18, 22, 24, 26, 52, 57, 92, 116, 120, 233, 282, 298, 313, 315, 324, 343, 345, 347, 351, 361, 369, 382, 402, 408, 415, 449, 487, 508, 516, 519, 526, 538, 547, 559, 578, 583, 587, 620, 626, 644, 691, 696, 700, 750, 783, 804, 810, 814, 833, 880, 889, 894, 949, 1008, 1011, 1058, 1117, 1125, 1161, 1195, 1265, 1276, 1288, 1299, 1310, 1320, 1348, 1386, 1411, 1451, 1466, 1490, 1529, 1550, 1587, 1589, 1615, 1655, 1676, 1716, 1737, 1742, 1777, 1808, 1837, 1847, 1872, 1881, 1884, 1898, 1904, 1907, 1913, 1923, 1928, 1965, 1971, 1981, 1995, 2031, 2037, 2042, 2055, 2083, 2091, 2093, 2100, 2105, 2121, 2140, 2166, 2195, 2218, 2220, 2240, 2243]",[],"[10, 12, 18, 22, 24, 26, 52, 57, 92, 116, 120, 233, 282, 298, 313, 315, 324, 343, 345, 347, 351, 361, 369, 382, 402, 408, 415, 449, 487, 508, 516, 519, 526, 538, 547, 559, 578, 583, 587, 620, 626, 644, 691, 696, 700, 750, 783, 804, 810, 814, 833, 880, 889, 894, 949, 1008, 1011, 1058, 1117, 1125, 1161, 1195, 1265, 1276, 1288, 1299, 1310, 1320, 1348, 1386, 1411, 1451, 1466, 1490, 1529, 1550, 1587, 1589, 1615, 1655, 1676, 1716, 1737, 1742, 1777, 1808, 1837, 1847, 1872, 1881, 1884, 1898, 1904, 1907, 1913, 1923, 1928, 1965, 1971, 1981, 1995, 2031, 2037, 2042, 2055, 2083, 2091, 2093, 2100, 2105, 2121, 2140, 2166, 2195, 2218, 2220, 2240, 2243]","[582, 1264]",2256,118,2138,0,118,2136,2
-4.0,MMU12273,"[22, 34, 39, 43, 54, 67, 72, 99, 136, 153, 156, 166, 176, 235, 240, 248, 284, 307, 328, 354, 359, 365, 377, 385, 390, 397, 407, 463, 497, 499, 538, 540, 554, 577, 592, 617, 676, 681, 686, 689, 706, 737, 770, 785, 790, 798, 808, 812, 814, 835, 841, 858, 916, 966, 971, 1006, 1044, 1078, 1086, 1090, 1095, 1110, 1124, 1132, 1153, 1167, 1179, 1183, 1211, 1215, 1278, 1288, 1314, 1339, 1370, 1378, 1392, 1404, 1410, 1415, 1430, 1435, 1469, 1498, 1500, 1509, 1547, 1551, 1577, 1595, 1652, 1658, 1667, 1687, 1690, 1692, 1712, 1725, 1741, 1763, 1771, 1779, 1827, 1872, 1878, 1892, 1899, 1905, 1917, 1936, 1941, 1963, 1985, 2019, 2026, 2040, 2065, 2119, 2142, 2235, 2239, 2288, 2290, 2306, 2323, 2332, 2357, 2373, 2410, 2415, 2417, 2431, 2433, 2438, 2443, 2447, 2483, 2541, 2549]",[],"[22, 34, 39, 43, 54, 67, 72, 99, 136, 153, 156, 166, 176, 235, 240, 248, 284, 307, 328, 354, 359, 365, 377, 385, 390, 397, 407, 463, 497, 499, 538, 540, 554, 577, 592, 617, 676, 681, 686, 689, 706, 737, 770, 785, 790, 798, 808, 812, 814, 835, 841, 858, 916, 966, 971, 1006, 1044, 1078, 1086, 1090, 1095, 1110, 1124, 1132, 1153, 1167, 1179, 1183, 1211, 1215, 1278, 1288, 1314, 1339, 1370, 1378, 1392, 1404, 1410, 1415, 1430, 1435, 1469, 1498, 1500, 1509, 1547, 1551, 1577, 1595, 1652, 1658, 1667, 1687, 1690, 1692, 1712, 1725, 1741, 1763, 1771, 1779, 1827, 1872, 1878, 1892, 1899, 1905, 1917, 1936, 1941, 1963, 1985, 2019, 2026, 2040, 2065, 2119, 2142, 2235, 2239, 2288, 2290, 2306, 2323, 2332, 2357, 2373, 2410, 2415, 2417, 2431, 2433, 2438, 2443, 2447, 2483, 2541, 2549]","[680, 1085, 1740]",2576,139,2437,0,139,2434,3
-4.0,MMU12559,"[63, 106, 124, 199, 201, 205, 248, 252, 258, 260, 265, 267, 323, 328, 333, 410, 425, 434, 510, 517, 523, 541, 568, 578, 580, 589, 637, 659, 661, 663, 670, 694, 699, 716, 724, 797, 799, 810, 823, 833, 887, 897, 911]",[],"[63, 106, 124, 199, 201, 205, 248, 252, 258, 260, 265, 267, 323, 328, 333, 410, 425, 434, 510, 517, 523, 541, 568, 578, 580, 589, 637, 659, 661, 663, 670, 694, 699, 716, 724, 797, 799, 810, 823, 833, 887, 897, 911]",[247],919,43,876,0,43,875,1
-4.0,MMU12560,"[13, 63, 106, 124, 199, 201, 228, 248, 252, 255, 258, 265, 267, 283, 323, 328, 333, 380, 383, 397, 436, 471, 488, 519, 525, 543, 570, 580, 582, 591, 639, 661, 663, 665, 672, 680, 696, 701, 703, 726, 799, 801, 810, 812, 835, 867, 903, 913]",[],"[13, 63, 106, 124, 199, 201, 228, 248, 252, 255, 258, 265, 267, 283, 323, 328, 333, 380, 383, 397, 436, 471, 488, 519, 525, 543, 570, 580, 582, 591, 639, 661, 663, 665, 672, 680, 696, 701, 703, 726, 799, 801, 810, 812, 835, 867, 903, 913]",[247],921,48,873,0,48,872,1
-4.0,MMU12561,"[63, 106, 124, 199, 201, 205, 248, 252, 258, 260, 265, 267, 323, 328, 333, 379, 385, 410, 421, 510, 517, 523, 539, 541, 568, 578, 580, 589, 637, 659, 661, 663, 691, 694, 699, 716, 724, 778, 797, 799, 821, 831, 885, 895, 909]",[],"[63, 106, 124, 199, 201, 205, 248, 252, 258, 260, 265, 267, 323, 328, 333, 379, 385, 410, 421, 510, 517, 523, 539, 541, 568, 578, 580, 589, 637, 659, 661, 663, 691, 694, 699, 716, 724, 778, 797, 799, 821, 831, 885, 895, 909]",[247],917,45,872,0,45,871,1
-4.0,MMU12562,"[10, 63, 124, 199, 205, 248, 252, 258, 265, 267, 323, 328, 380, 397, 429, 436, 471, 512, 519, 525, 541, 543, 570, 580, 582, 591, 639, 661, 663, 665, 672, 680, 692, 696, 701, 726, 799, 801, 810, 833, 887, 897]",[],"[10, 63, 124, 199, 205, 248, 252, 258, 265, 267, 323, 328, 380, 397, 429, 436, 471, 512, 519, 525, 541, 543, 570, 580, 582, 591, 639, 661, 663, 665, 672, 680, 692, 696, 701, 726, 799, 801, 810, 833, 887, 897]",[247],919,42,877,0,42,876,1
-4.0,MMU12565,"[18, 63, 88, 106, 124, 201, 205, 227, 248, 252, 258, 265, 267, 269, 281, 283, 298, 322, 332, 337, 349, 376, 391, 397, 401, 403, 441, 468, 476, 503, 521, 546, 565, 573, 580, 589, 598, 610, 613, 615, 621, 631, 635, 648, 655, 662, 668, 677, 682, 689, 707, 713, 754, 776, 780, 784, 786, 796, 813, 830, 837, 842, 849, 858, 867, 966, 983, 1005, 1017]",[],"[18, 63, 88, 106, 124, 201, 205, 227, 248, 252, 258, 265, 267, 269, 281, 283, 298, 322, 332, 337, 349, 376, 391, 397, 401, 403, 441, 468, 476, 503, 521, 546, 565, 573, 580, 589, 598, 610, 613, 615, 621, 631, 635, 648, 655, 662, 668, 677, 682, 689, 707, 713, 754, 776, 780, 784, 786, 796, 813, 830, 837, 842, 849, 858, 867, 966, 983, 1005, 1017]",[247],1044,69,975,0,69,974,1
-4.0,MMU13921,"[8, 11, 54, 102, 105, 110, 116, 163, 168, 178, 181, 191, 231, 284, 290, 302, 330, 338, 361, 372, 406, 431, 436, 447, 501, 522, 525, 537, 561, 586, 590, 601, 633, 642, 654, 657, 669, 681, 693, 708, 717, 726, 738, 740, 747, 821, 857, 867, 915, 953, 975, 1018, 1020, 1035, 1037, 1075, 1083, 1095, 1155, 1163, 1165, 1182, 1208, 1215, 1223, 1257, 1273, 1313, 1316, 1323, 1358, 1377, 1379, 1403, 1425, 1427, 1434, 1459, 1471, 1485, 1528, 1534, 1548, 1560, 1570, 1575, 1583, 1608, 1643, 1690, 1702, 1735, 1742, 1746, 1773, 1788, 1823, 1849, 1863, 1868, 1872, 1899, 1901, 1917, 2004, 2008, 2025, 2070, 2081, 2120, 2123, 2136, 2138, 2146, 2169, 2198, 2229, 2259, 2355, 2418, 2457, 2501, 2556, 2559, 2568, 2574, 2611, 2613, 2636, 2681, 2694, 2700, 2702, 2723, 2726, 2741, 2752, 2806, 2826, 2915, 2931, 2943, 2954, 2971, 3001, 3037, 3041, 3056, 3133, 3143, 3170, 3242, 3246, 3262, 3273, 3288, 3290, 3314, 3331, 3346, 3359, 3365, 3371, 3391, 3402, 3432, 3440, 3462, 3468, 3489, 3518, 3526, 3530, 3540, 3548, 3573, 3589, 3591, 3631, 3685, 3712, 3746, 3762, 3787, 3795, 3807, 3831, 3850, 3867, 3883, 3891, 3921, 3928, 3991, 4029, 4035, 4051, 4060, 4068, 4085, 4090, 4099, 4125, 4127, 4151, 4154, 4172, 4225, 4227, 4242, 4266, 4288, 4299, 4331, 4351, 4370, 4388, 4430, 4437, 4460, 4470, 4515, 4591, 4593, 4626, 4647, 4653, 4665]",[],"[8, 11, 54, 102, 105, 110, 116, 163, 168, 178, 181, 191, 231, 284, 290, 302, 330, 338, 361, 372, 406, 431, 436, 447, 501, 522, 525, 537, 561, 586, 590, 601, 633, 642, 654, 657, 669, 681, 693, 708, 717, 726, 738, 740, 747, 821, 857, 867, 915, 953, 975, 1018, 1020, 1035, 1037, 1075, 1083, 1095, 1155, 1163, 1165, 1182, 1208, 1215, 1223, 1257, 1273, 1313, 1316, 1323, 1358, 1377, 1379, 1403, 1425, 1427, 1434, 1459, 1471, 1485, 1528, 1534, 1548, 1560, 1570, 1575, 1583, 1608, 1643, 1690, 1702, 1735, 1742, 1746, 1773, 1788, 1823, 1849, 1863, 1868, 1872, 1899, 1901, 1917, 2004, 2008, 2025, 2070, 2081, 2120, 2123, 2136, 2138, 2146, 2169, 2198, 2229, 2259, 2355, 2418, 2457, 2501, 2556, 2559, 2568, 2574, 2611, 2613, 2636, 2681, 2694, 2700, 2702, 2723, 2726, 2741, 2752, 2806, 2826, 2915, 2931, 2943, 2954, 2971, 3001, 3037, 3041, 3056, 3133, 3143, 3170, 3242, 3246, 3262, 3273, 3288, 3290, 3314, 3331, 3346, 3359, 3365, 3371, 3391, 3402, 3432, 3440, 3462, 3468, 3489, 3518, 3526, 3530, 3540, 3548, 3573, 3589, 3591, 3631, 3685, 3712, 3746, 3762, 3787, 3795, 3807, 3831, 3850, 3867, 3883, 3891, 3921, 3928, 3991, 4029, 4035, 4051, 4060, 4068, 4085, 4090, 4099, 4125, 4127, 4151, 4154, 4172, 4225, 4227, 4242, 4266, 4288, 4299, 4331, 4351, 4370, 4388, 4430, 4437, 4460, 4470, 4515, 4591, 4593, 4626, 4647, 4653, 4665]","[952, 2003, 2354, 2693, 2930, 3241, 3990]",4671,228,4443,0,228,4436,7
-4.0,MMU14421,"[68, 99, 116, 123, 137, 164, 182, 243, 251, 256, 264, 283, 287, 322, 325, 352, 366, 400, 444, 447, 467, 474, 481, 487, 491, 510, 512, 542, 589, 621, 639, 662, 667, 691, 695, 716, 733, 782, 815, 820, 863, 869, 877, 903, 908, 927, 938, 947, 949, 951, 958, 1032, 1056, 1064, 1079, 1083, 1090, 1127, 1148, 1150, 1160, 1162, 1170, 1172, 1178, 1184, 1196, 1199, 1227, 1248, 1258, 1277, 1293, 1298, 1323, 1353, 1366, 1372, 1374, 1449, 1651, 1734, 1756, 1778, 1801, 1868, 1888, 1893, 1895, 1901, 1922, 1945, 1947, 1953, 1986, 2011, 2042, 2050, 2052, 2077, 2102, 2107, 2172, 2189, 2194, 2241, 2251, 2270, 2296, 2309, 2319, 2362, 2375, 2382, 2403, 2442, 2455, 2463, 2473, 2480, 2505, 2513, 2546, 2570, 2581, 2584, 2658, 2669, 2674, 2684, 2689, 2692, 2710, 2732, 2740, 2742, 2754, 2771, 2816, 2857, 2862, 2872, 2896, 2914, 2920, 2924, 2928, 2971, 3002, 3060, 3066, 3081, 3271, 3305, 3313, 3322, 3426, 3452, 3467, 3557, 3567, 3580, 3591, 3611, 3647, 3669, 3682, 3686, 3697, 3724, 3753, 3757, 3766, 3772, 3779, 3786, 3789, 3800, 3835, 3849, 3853, 3862, 3866, 3868, 3872, 3898, 3906, 3911, 3917, 3921, 3951, 3985, 3988, 4012, 4060, 4083, 4130, 4137, 4161, 4181, 4196, 4213, 4238, 4251, 4270, 4273, 4306, 4317, 4363, 4366, 4371, 4381, 4384, 4394, 4414, 4420, 4423, 4430, 4434, 4447, 4471, 4503, 4507, 4523, 4529, 4550, 4556, 4561, 4567, 4575, 4591, 4614, 4623, 4670, 4696, 4707, 4757, 4771, 4780, 4785, 4801, 4815, 4820, 4831, 4876, 4888, 4897, 4904, 4935, 4942, 4956, 4961, 4984, 4991, 5006, 5016, 5027, 5029, 5035, 5044, 5050, 5063, 5079, 5122, 5165, 5201, 5210, 5238, 5241, 5250, 5258, 5262, 5270, 5276, 5280, 5283, 5287, 5295, 5360, 5384, 5387, 5402, 5437, 5451, 5471, 5538, 5570, 5573, 5577, 5594, 5600, 5604, 5620, 5651, 5657, 5662, 5668, 5696, 5792, 5811, 5829, 5834, 5846, 5865, 5942, 5961, 5983, 6027, 6038, 6049, 6067, 6072, 6083, 6108, 6118, 6122, 6126, 6175, 6208, 6214, 6230, 6238, 6240, 6252]",[],"[68, 99, 116, 123, 137, 164, 182, 243, 251, 256, 264, 283, 287, 322, 325, 352, 366, 400, 444, 447, 467, 474, 481, 487, 491, 510, 512, 542, 589, 621, 639, 662, 667, 691, 695, 716, 733, 782, 815, 820, 863, 869, 877, 903, 908, 927, 938, 947, 949, 951, 958, 1032, 1056, 1064, 1079, 1083, 1090, 1127, 1148, 1150, 1160, 1162, 1170, 1172, 1178, 1184, 1196, 1199, 1227, 1248, 1258, 1277, 1293, 1298, 1323, 1353, 1366, 1372, 1374, 1449, 1651, 1734, 1756, 1778, 1801, 1868, 1888, 1893, 1895, 1901, 1922, 1945, 1947, 1953, 1986, 2011, 2042, 2050, 2052, 2077, 2102, 2107, 2172, 2189, 2194, 2241, 2251, 2270, 2296, 2309, 2319, 2362, 2375, 2382, 2403, 2442, 2455, 2463, 2473, 2480, 2505, 2513, 2546, 2570, 2581, 2584, 2658, 2669, 2674, 2684, 2689, 2692, 2710, 2732, 2740, 2742, 2754, 2771, 2816, 2857, 2862, 2872, 2896, 2914, 2920, 2924, 2928, 2971, 3002, 3060, 3066, 3081, 3271, 3305, 3313, 3322, 3426, 3452, 3467, 3557, 3567, 3580, 3591, 3611, 3647, 3669, 3682, 3686, 3697, 3724, 3753, 3757, 3766, 3772, 3779, 3786, 3789, 3800, 3835, 3849, 3853, 3862, 3866, 3868, 3872, 3898, 3906, 3911, 3917, 3921, 3951, 3985, 3988, 4012, 4060, 4083, 4130, 4137, 4161, 4181, 4196, 4213, 4238, 4251, 4270, 4273, 4306, 4317, 4363, 4366, 4371, 4381, 4384, 4394, 4414, 4420, 4423, 4430, 4434, 4447, 4471, 4503, 4507, 4523, 4529, 4550, 4556, 4561, 4567, 4575, 4591, 4614, 4623, 4670, 4696, 4707, 4757, 4771, 4780, 4785, 4801, 4815, 4820, 4831, 4876, 4888, 4897, 4904, 4935, 4942, 4956, 4961, 4984, 4991, 5006, 5016, 5027, 5029, 5035, 5044, 5050, 5063, 5079, 5122, 5165, 5201, 5210, 5238, 5241, 5250, 5258, 5262, 5270, 5276, 5280, 5283, 5287, 5295, 5360, 5384, 5387, 5402, 5437, 5451, 5471, 5538, 5570, 5573, 5577, 5594, 5600, 5604, 5620, 5651, 5657, 5662, 5668, 5696, 5792, 5811, 5829, 5834, 5846, 5865, 5942, 5961, 5983, 6027, 6038, 6049, 6067, 6072, 6083, 6108, 6118, 6122, 6126, 6175, 6208, 6214, 6230, 6238, 6240, 6252]","[3668, 4237, 4502, 4814]",6255,324,5931,0,324,5927,4
-4.0,MMVITRO,"[9, 15, 29, 31, 120, 132, 213, 240, 284, 326, 337, 340, 342, 354, 366, 376, 414, 435, 443, 457, 471, 500, 521, 525, 532, 542, 544, 572, 608, 643, 645, 651, 690, 722, 726, 730, 739, 752, 779, 789, 791, 800, 803, 826, 880, 886, 905, 941, 954, 962, 1007, 1010, 1026, 1118, 1166, 1202, 1264, 1298, 1326, 1352, 1357, 1361, 1409, 1426, 1463, 1506, 1508, 1524, 1542, 1554, 1561, 1586, 1597, 1616, 1618, 1699, 1818, 1827, 1846, 1848, 1862, 1866, 1878, 1884, 1893, 1910, 1936, 1962, 1981, 1983, 1987, 1989, 2022, 2041, 2055, 2059, 2072, 2076, 2120, 2132, 2147, 2149, 2189, 2220, 2222, 2250, 2336, 2392, 2410, 2415, 2455, 2475, 2491, 2496, 2502, 2538, 2547, 2558, 2586, 2597, 2619, 2668, 2687, 2694, 2707, 2719, 2726, 2737, 2750, 2764, 2784, 2794, 2817, 2827, 2831, 2852, 2862, 2865, 2869, 2891, 2904, 2934, 2951, 2962, 2982, 2988, 3002, 3018, 3027, 3046, 3049, 3054, 3060, 3089, 3113, 3134, 3143, 3176, 3194, 3201, 3203, 3280, 3326, 3332, 3363, 3385, 3411, 3503, 3535, 3590, 3593, 3595, 3597, 3620, 3622, 3631, 3647, 3649, 3652, 3694, 3704, 3708, 3720, 3734, 3738, 3756, 3760, 3773, 3805, 3813, 3817, 3821, 3825, 3856, 3860, 3864, 3868, 3979, 3998, 4047, 4049, 4061, 4091, 4135, 4143, 4164, 4179, 4212, 4215, 4224, 4234, 4243, 4260, 4307, 4337, 4356, 4385, 4409, 4415, 4423, 4439, 4446, 4463, 4469, 4515, 4583, 4604, 4613, 4645, 4675, 4741, 4745, 4756, 4769, 4781, 4793, 4815, 4868, 4901, 4921, 4942, 4964, 4986, 4997]",[],"[9, 15, 29, 31, 120, 132, 213, 240, 284, 326, 337, 340, 342, 354, 366, 376, 414, 435, 443, 457, 471, 500, 521, 525, 532, 542, 544, 572, 608, 643, 645, 651, 690, 722, 726, 730, 739, 752, 779, 789, 791, 800, 803, 826, 880, 886, 905, 941, 954, 962, 1007, 1010, 1026, 1118, 1166, 1202, 1264, 1298, 1326, 1352, 1357, 1361, 1409, 1426, 1463, 1506, 1508, 1524, 1542, 1554, 1561, 1586, 1597, 1616, 1618, 1699, 1818, 1827, 1846, 1848, 1862, 1866, 1878, 1884, 1893, 1910, 1936, 1962, 1981, 1983, 1987, 1989, 2022, 2041, 2055, 2059, 2072, 2076, 2120, 2132, 2147, 2149, 2189, 2220, 2222, 2250, 2336, 2392, 2410, 2415, 2455, 2475, 2491, 2496, 2502, 2538, 2547, 2558, 2586, 2597, 2619, 2668, 2687, 2694, 2707, 2719, 2726, 2737, 2750, 2764, 2784, 2794, 2817, 2827, 2831, 2852, 2862, 2865, 2869, 2891, 2904, 2934, 2951, 2962, 2982, 2988, 3002, 3018, 3027, 3046, 3049, 3054, 3060, 3089, 3113, 3134, 3143, 3176, 3194, 3201, 3203, 3280, 3326, 3332, 3363, 3385, 3411, 3503, 3535, 3590, 3593, 3595, 3597, 3620, 3622, 3631, 3647, 3649, 3652, 3694, 3704, 3708, 3720, 3734, 3738, 3756, 3760, 3773, 3805, 3813, 3817, 3821, 3825, 3856, 3860, 3864, 3868, 3979, 3998, 4047, 4049, 4061, 4091, 4135, 4143, 4164, 4179, 4212, 4215, 4224, 4234, 4243, 4260, 4307, 4337, 4356, 4385, 4409, 4415, 4423, 4439, 4446, 4463, 4469, 4515, 4583, 4604, 4613, 4645, 4675, 4741, 4745, 4756, 4769, 4781, 4793, 4815, 4868, 4901, 4921, 4942, 4964, 4986, 4997]","[1845, 2054, 2474, 2693, 3017, 3279, 4355]",4997,244,4753,0,244,4746,7
-4.0,MMVPREB2,"[37, 43, 73, 80, 95, 105, 132, 173, 177, 185, 212, 215, 232, 237, 266, 280, 297, 303, 315, 324, 345, 349, 380, 440, 467, 470, 487, 542, 588, 618, 659, 687, 714, 754, 756, 764, 769, 810, 825, 828, 886, 904, 909, 924, 931, 936, 978, 986, 988, 1019, 1033, 1049]",[],"[37, 43, 73, 80, 95, 105, 132, 173, 177, 185, 212, 215, 232, 237, 266, 280, 297, 303, 315, 324, 345, 349, 380, 440, 467, 470, 487, 542, 588, 618, 659, 687, 714, 754, 756, 764, 769, 810, 825, 828, 886, 904, 909, 924, 931, 936, 978, 986, 988, 1019, 1033, 1049]",[379],1046,52,994,0,52,993,1
-4.0,MMVPREB3,"[13, 37, 43, 73, 80, 105, 132, 173, 177, 185, 212, 215, 232, 237, 266, 280, 285, 297, 303, 315, 324, 345, 349, 380, 397, 421, 440, 467, 470, 487, 542, 588, 618, 659, 687, 714, 754, 756, 769, 810, 825, 828, 904, 909, 924, 931, 960, 978, 986, 988, 1019, 1033, 1044, 1049]",[],"[13, 37, 43, 73, 80, 105, 132, 173, 177, 185, 212, 215, 232, 237, 266, 280, 285, 297, 303, 315, 324, 345, 349, 380, 397, 421, 440, 467, 470, 487, 542, 588, 618, 659, 687, 714, 754, 756, 769, 810, 825, 828, 904, 909, 924, 931, 960, 978, 986, 988, 1019, 1033, 1044, 1049]",[379],1046,54,992,0,54,991,1
-4.0,MNKEGLOBIM,"[22, 56, 149, 190, 206, 222, 238, 247, 272, 291, 304, 317, 335, 347, 349, 368, 371, 415, 449, 470, 537, 549, 556, 563, 584, 588, 600, 605, 689, 721, 756, 762, 824, 826, 843, 856, 864, 906, 938, 953, 967, 1042, 1047, 1055, 1061, 1065, 1071, 1128, 1150, 1167, 1185, 1191, 1197, 1201, 1208, 1215, 1265, 1286, 1293, 1299, 1302, 1312, 1346, 1362, 1377, 1379, 1387, 1410, 1415, 1421, 1453, 1466, 1490, 1492, 1499, 1515, 1522, 1532, 1543, 1551, 1553, 1559, 1621, 1631, 1645, 1680, 1688, 1690]",[],"[22, 56, 149, 190, 206, 222, 238, 247, 272, 291, 304, 317, 335, 347, 349, 368, 371, 415, 449, 470, 537, 549, 556, 563, 584, 588, 600, 605, 689, 721, 756, 762, 824, 826, 843, 856, 864, 906, 938, 953, 967, 1042, 1047, 1055, 1061, 1065, 1071, 1128, 1150, 1167, 1185, 1191, 1197, 1201, 1208, 1215, 1265, 1286, 1293, 1299, 1302, 1312, 1346, 1362, 1377, 1379, 1387, 1410, 1415, 1421, 1453, 1466, 1490, 1492, 1499, 1515, 1522, 1532, 1543, 1551, 1553, 1559, 1621, 1631, 1645, 1680, 1688, 1690]","[237, 583]",1694,88,1606,0,88,1604,2
-4.0,MNKEGLOBIN,"[22, 56, 149, 190, 206, 222, 238, 247, 272, 291, 304, 317, 335, 347, 349, 368, 371, 415, 449, 470, 537, 549, 556, 563, 584, 588, 600, 605, 689, 721, 756, 822, 824, 841, 854, 862, 904, 936, 951, 965, 1040, 1045, 1053, 1059, 1063, 1069, 1075, 1126, 1148, 1165, 1183, 1189, 1195, 1199, 1206, 1213, 1263, 1284, 1291, 1297, 1300, 1310, 1344, 1360, 1375, 1377, 1385, 1408, 1413, 1419, 1451, 1464, 1488, 1490, 1497, 1513, 1520, 1530, 1541, 1549, 1551, 1557, 1619, 1629, 1643, 1678, 1686, 1688]",[],"[22, 56, 149, 190, 206, 222, 238, 247, 272, 291, 304, 317, 335, 347, 349, 368, 371, 415, 449, 470, 537, 549, 556, 563, 584, 588, 600, 605, 689, 721, 756, 822, 824, 841, 854, 862, 904, 936, 951, 965, 1040, 1045, 1053, 1059, 1063, 1069, 1075, 1126, 1148, 1165, 1183, 1189, 1195, 1199, 1206, 1213, 1263, 1284, 1291, 1297, 1300, 1310, 1344, 1360, 1375, 1377, 1385, 1408, 1413, 1419, 1451, 1464, 1488, 1490, 1497, 1513, 1520, 1530, 1541, 1549, 1551, 1557, 1619, 1629, 1643, 1678, 1686, 1688]","[237, 583]",1692,88,1604,0,88,1602,2
-4.0,MNKHGBGGAG,"[8, 69, 76, 93, 97, 137, 160, 185, 200, 240, 250, 256, 288, 298, 344, 367, 397, 418, 421, 423, 441, 465, 499, 514, 520, 587, 599, 613, 634, 638, 655, 662, 700, 703, 708, 725, 770, 773, 807, 812, 880, 930, 943, 975, 1053, 1055, 1065, 1087, 1095, 1107, 1111, 1118, 1120, 1122, 1124, 1128, 1132, 1134, 1136, 1145, 1147, 1149, 1151, 1153, 1163, 1165, 1177, 1200, 1204, 1207, 1241, 1283, 1310, 1332, 1339, 1343, 1345, 1347, 1350, 1379, 1390, 1400, 1403, 1435, 1441, 1447, 1486, 1510, 1519, 1526, 1584, 1641, 1647, 1650, 1654, 1696]",[],"[8, 69, 76, 93, 97, 137, 160, 185, 200, 240, 250, 256, 288, 298, 344, 367, 397, 418, 421, 423, 441, 465, 499, 514, 520, 587, 599, 613, 634, 638, 655, 662, 700, 703, 708, 725, 770, 773, 807, 812, 880, 930, 943, 975, 1053, 1055, 1065, 1087, 1095, 1107, 1111, 1118, 1120, 1122, 1124, 1128, 1132, 1134, 1136, 1145, 1147, 1149, 1151, 1153, 1163, 1165, 1177, 1200, 1204, 1207, 1241, 1283, 1310, 1332, 1339, 1343, 1345, 1347, 1350, 1379, 1390, 1400, 1403, 1435, 1441, 1447, 1486, 1510, 1519, 1526, 1584, 1641, 1647, 1650, 1654, 1696]","[287, 633]",1698,96,1602,0,96,1600,2
-4.0,MNPROP2,"[8, 50, 65, 125, 131, 279, 339, 398, 406, 518, 598, 621, 665, 694]",[],"[8, 50, 65, 125, 131, 279, 339, 398, 406, 518, 598, 621, 665, 694]",[278],697,14,683,0,14,682,1
-4.0,MUS8HS20,"[24, 27, 29, 35, 42, 51, 70, 109, 113, 136, 143, 154, 167, 170, 178, 189, 212, 232, 248, 258, 262, 272, 281, 302, 306, 330, 332, 350, 352, 383, 402, 416, 435, 437, 504, 513, 515, 517, 546, 548, 571, 587, 591, 608, 618, 639, 651, 683, 761, 763, 766, 774, 778, 802, 805, 827, 850, 867, 902, 934, 941, 963, 969, 1003, 1016, 1025, 1049, 1068, 1080, 1108, 1110, 1132, 1136, 1149, 1152, 1160, 1163, 1194, 1263, 1273, 1281, 1294, 1311, 1323, 1331, 1340, 1345, 1361, 1367, 1382, 1385, 1389, 1409, 1463, 1480, 1522, 1540, 1587, 1602, 1618, 1626, 1653, 1657, 1661, 1663, 1673, 1705, 1712, 1784, 1786, 1789, 1792, 1812, 1892, 1914, 1934, 1965, 2000, 2014, 2023, 2062, 2085, 2094, 2112, 2122, 2134, 2144, 2146, 2169, 2184, 2190, 2208, 2211, 2246, 2259, 2276, 2301, 2312, 2315, 2365, 2382, 2385, 2399, 2407, 2414, 2425, 2472, 2484, 2503, 2514, 2516, 2531, 2563, 2601, 2603, 2605]",[],"[24, 27, 29, 35, 42, 51, 70, 109, 113, 136, 143, 154, 167, 170, 178, 189, 212, 232, 248, 258, 262, 272, 281, 302, 306, 330, 332, 350, 352, 383, 402, 416, 435, 437, 504, 513, 515, 517, 546, 548, 571, 587, 591, 608, 618, 639, 651, 683, 761, 763, 766, 774, 778, 802, 805, 827, 850, 867, 902, 934, 941, 963, 969, 1003, 1016, 1025, 1049, 1068, 1080, 1108, 1110, 1132, 1136, 1149, 1152, 1160, 1163, 1194, 1263, 1273, 1281, 1294, 1311, 1323, 1331, 1340, 1345, 1361, 1367, 1382, 1385, 1389, 1409, 1463, 1480, 1522, 1540, 1587, 1602, 1618, 1626, 1653, 1657, 1661, 1663, 1673, 1705, 1712, 1784, 1786, 1789, 1792, 1812, 1892, 1914, 1934, 1965, 2000, 2014, 2023, 2062, 2085, 2094, 2112, 2122, 2134, 2144, 2146, 2169, 2184, 2190, 2208, 2211, 2246, 2259, 2276, 2301, 2312, 2315, 2365, 2382, 2385, 2399, 2407, 2414, 2425, 2472, 2484, 2503, 2514, 2516, 2531, 2563, 2601, 2603, 2605]",[940],2623,156,2467,0,156,2466,1
-4.0,MUSAP,"[35, 49, 59, 77, 111, 175, 208, 234, 238, 279, 294, 301, 309, 358, 396, 437, 444, 474, 500, 543, 549, 564, 580, 588, 616, 634, 658, 662, 678, 680, 745, 753, 789, 791, 811, 815, 823, 832, 861, 874, 882, 932, 946, 1013, 1051, 1059, 1077, 1083, 1095, 1105, 1154, 1174, 1177, 1203, 1212, 1215, 1218, 1276, 1341, 1345, 1360, 1368, 1398, 1400, 1415, 1424, 1461, 1481, 1492, 1500, 1503, 1505, 1633, 1641, 1651, 1660, 1689, 1702, 1704, 1707, 1709, 1715, 1745, 1760, 1780, 1802, 1816, 1875, 1912, 1981, 1983, 1987, 1999, 2016, 2018, 2066, 2068, 2092, 2098, 2173, 2188, 2195, 2197, 2209, 2226, 2258, 2268, 2277, 2292, 2294, 2322, 2339, 2362, 2367, 2372, 2401, 2431, 2448, 2460, 2502, 2508, 2524, 2534, 2537, 2552, 2595, 2600, 2610, 2618, 2630, 2657, 2669, 2687, 2697, 2704, 2730, 2756, 2760, 2767, 2775, 2780, 2802, 2823, 2829, 2831, 2846, 2851, 2862, 2865, 2869, 2876, 2927, 2953, 2970, 2983, 3020, 3026, 3031, 3040, 3060, 3062, 3072, 3089, 3100, 3152, 3178, 3187, 3191, 3211, 3213, 3226, 3228, 3230, 3237, 3246, 3265, 3305, 3313, 3344, 3360, 3364, 3375, 3382, 3392, 3399, 3426, 3439, 3443, 3479, 3493, 3495, 3508, 3518, 3561, 3575, 3579, 3594, 3666, 3672, 3751, 3769, 3780, 3782, 3806, 3816, 3822, 3839, 3845, 3847, 3849, 3851, 3853, 3855, 3857, 3859, 3861, 3874, 3876, 3917, 3940, 3942, 3951, 3953, 3955, 3960, 3963, 3999, 4002, 4030, 4035, 4040, 4045, 4065, 4082, 4117, 4145, 4161, 4188, 4217, 4220, 4246, 4257, 4311, 4326, 4340, 4346, 4384, 4412, 4417, 4422, 4424, 4437, 4445, 4474, 4481, 4485, 4493, 4496, 4510, 4516, 4518, 4529, 4540, 4547, 4593, 4615, 4626, 4636, 4654, 4662, 4677, 4712, 4741, 4781, 4814, 4861, 4863, 4879, 4882, 4884, 4905, 4907, 4928, 4947, 4958, 4972, 4976, 5075, 5081, 5091, 5093, 5120, 5135, 5155, 5177, 5212, 5216, 5231, 5235, 5291, 5337, 5343, 5347, 5370, 5374, 5403, 5406, 5442, 5450, 5457, 5459, 5466, 5480, 5503, 5521, 5530, 5535, 5548, 5606, 5620, 5632, 5644, 5671, 5677, 5696, 5710, 5712, 5714, 5717, 5748, 5754, 5756, 5786, 5797, 5815, 5858, 5870, 5886, 5939, 5953, 5987, 6014, 6018, 6027, 6032, 6056, 6068, 6072, 6077, 6083, 6090, 6123, 6136, 6143, 6176, 6222, 6235, 6240, 6260, 6321, 6324, 6347, 6381, 6407, 6411, 6442, 6444, 6459, 6488, 6490, 6495, 6513, 6526, 6539, 6555, 6566, 6587, 6611, 6620, 6625, 6627, 6663, 6666, 6675, 6683, 6696, 6710, 6714, 6716, 6738, 6740, 6753, 6769, 6797, 6799, 6806, 6818, 6824, 6833, 6845, 6864, 6866, 6897, 6913, 6930, 6964, 6978, 6987, 7028, 7052, 7073, 7115, 7129, 7152, 7158, 7167, 7175, 7195, 7197, 7202, 7214, 7216, 7218, 7220, 7222, 7228, 7230, 7234, 7236, 7238, 7252, 7256, 7272, 7283, 7458, 7469, 7472, 7478, 7480, 7497, 7527, 7560, 7656, 7664, 7718, 7737, 7756, 7891, 7895, 7923, 7973, 7985, 8008, 8020, 8063]",[],"[35, 49, 59, 77, 111, 175, 208, 234, 238, 279, 294, 301, 309, 358, 396, 437, 444, 474, 500, 543, 549, 564, 580, 588, 616, 634, 658, 662, 678, 680, 745, 753, 789, 791, 811, 815, 823, 832, 861, 874, 882, 932, 946, 1013, 1051, 1059, 1077, 1083, 1095, 1105, 1154, 1174, 1177, 1203, 1212, 1215, 1218, 1276, 1341, 1345, 1360, 1368, 1398, 1400, 1415, 1424, 1461, 1481, 1492, 1500, 1503, 1505, 1633, 1641, 1651, 1660, 1689, 1702, 1704, 1707, 1709, 1715, 1745, 1760, 1780, 1802, 1816, 1875, 1912, 1981, 1983, 1987, 1999, 2016, 2018, 2066, 2068, 2092, 2098, 2173, 2188, 2195, 2197, 2209, 2226, 2258, 2268, 2277, 2292, 2294, 2322, 2339, 2362, 2367, 2372, 2401, 2431, 2448, 2460, 2502, 2508, 2524, 2534, 2537, 2552, 2595, 2600, 2610, 2618, 2630, 2657, 2669, 2687, 2697, 2704, 2730, 2756, 2760, 2767, 2775, 2780, 2802, 2823, 2829, 2831, 2846, 2851, 2862, 2865, 2869, 2876, 2927, 2953, 2970, 2983, 3020, 3026, 3031, 3040, 3060, 3062, 3072, 3089, 3100, 3152, 3178, 3187, 3191, 3211, 3213, 3226, 3228, 3230, 3237, 3246, 3265, 3305, 3313, 3344, 3360, 3364, 3375, 3382, 3392, 3399, 3426, 3439, 3443, 3479, 3493, 3495, 3508, 3518, 3561, 3575, 3579, 3594, 3666, 3672, 3751, 3769, 3780, 3782, 3806, 3816, 3822, 3839, 3845, 3847, 3849, 3851, 3853, 3855, 3857, 3859, 3861, 3874, 3876, 3917, 3940, 3942, 3951, 3953, 3955, 3960, 3963, 3999, 4002, 4030, 4035, 4040, 4045, 4065, 4082, 4117, 4145, 4161, 4188, 4217, 4220, 4246, 4257, 4311, 4326, 4340, 4346, 4384, 4412, 4417, 4422, 4424, 4437, 4445, 4474, 4481, 4485, 4493, 4496, 4510, 4516, 4518, 4529, 4540, 4547, 4593, 4615, 4626, 4636, 4654, 4662, 4677, 4712, 4741, 4781, 4814, 4861, 4863, 4879, 4882, 4884, 4905, 4907, 4928, 4947, 4958, 4972, 4976, 5075, 5081, 5091, 5093, 5120, 5135, 5155, 5177, 5212, 5216, 5231, 5235, 5291, 5337, 5343, 5347, 5370, 5374, 5403, 5406, 5442, 5450, 5457, 5459, 5466, 5480, 5503, 5521, 5530, 5535, 5548, 5606, 5620, 5632, 5644, 5671, 5677, 5696, 5710, 5712, 5714, 5717, 5748, 5754, 5756, 5786, 5797, 5815, 5858, 5870, 5886, 5939, 5953, 5987, 6014, 6018, 6027, 6032, 6056, 6068, 6072, 6077, 6083, 6090, 6123, 6136, 6143, 6176, 6222, 6235, 6240, 6260, 6321, 6324, 6347, 6381, 6407, 6411, 6442, 6444, 6459, 6488, 6490, 6495, 6513, 6526, 6539, 6555, 6566, 6587, 6611, 6620, 6625, 6627, 6663, 6666, 6675, 6683, 6696, 6710, 6714, 6716, 6738, 6740, 6753, 6769, 6797, 6799, 6806, 6818, 6824, 6833, 6845, 6864, 6866, 6897, 6913, 6930, 6964, 6978, 6987, 7028, 7052, 7073, 7115, 7129, 7152, 7158, 7167, 7175, 7195, 7197, 7202, 7214, 7216, 7218, 7220, 7222, 7228, 7230, 7234, 7236, 7238, 7252, 7256, 7272, 7283, 7458, 7469, 7472, 7478, 7480, 7497, 7527, 7560, 7656, 7664, 7718, 7737, 7756, 7891, 7895, 7923, 7973, 7985, 8008, 8020, 8063]","[3574, 3815, 4034, 4509, 4740, 4971, 5290, 5619, 5952, 6406, 6709]",8087,455,7632,0,455,7621,11
-4.0,MUSAP5A,"[8, 33, 42, 48, 70, 180, 223, 244, 260, 275, 286, 289, 302, 309, 355, 420, 439, 477, 515, 520, 532, 552, 600, 606, 610, 635, 652, 658, 688, 698, 702, 780, 784, 787, 791, 793, 806, 828, 833, 854, 895, 921, 925, 933, 956, 959, 961, 963, 976, 997, 999, 1019, 1021, 1047, 1059, 1090, 1162, 1197, 1216, 1246, 1277, 1314, 1316, 1320, 1340, 1354, 1375, 1386, 1403, 1405, 1419, 1442, 1447, 1454, 1481, 1512, 1544, 1555, 1582, 1593, 1598, 1697, 1713, 1755, 1769, 1773, 1775, 1789, 1802, 1854, 1856, 1858, 1862, 1877, 1890, 1892, 1894, 1896, 1898, 1900, 1902, 1904, 1906, 1908, 1910, 1912, 1914, 1916, 1918, 1920, 1922, 1924, 1936, 1943, 1963, 1988, 2015, 2020, 2037, 2040, 2048, 2065, 2088, 2110, 2122, 2174, 2177, 2223, 2252, 2258, 2276, 2339, 2368, 2399, 2422, 2429, 2433, 2448, 2455, 2464, 2469, 2527, 2545, 2572, 2586, 2592, 2621, 2647, 2649, 2660, 2682, 2686, 2719, 2760, 2790, 2808, 2825, 2829, 2831, 2833, 2835, 2839, 2841, 2843, 2847, 2853, 2855, 2857, 2859, 2861, 2863, 2865, 2869, 2871, 2873, 2875, 2877, 2879, 2881, 2883, 2909, 2911, 2941, 2954, 2956, 2973, 2979, 3032, 3038, 3043, 3048, 3059, 3064, 3066, 3095, 3134, 3194, 3199, 3202, 3212, 3251, 3259, 3278, 3285, 3317, 3333, 3356, 3360, 3371, 3373, 3385, 3403, 3407, 3421, 3439, 3443, 3480, 3528, 3575, 3583, 3606, 3624, 3670, 3741, 3745, 3750, 3753, 3786, 3798, 3823, 3844, 3853, 3857, 3866, 3873, 3897, 3899, 3914, 3920, 3922, 3971, 3975, 3997, 4023, 4030, 4040, 4095, 4133, 4156, 4195, 4219, 4221, 4223, 4238, 4240, 4256, 4292, 4313, 4327, 4351, 4359, 4361, 4385, 4417, 4434, 4452, 4477, 4483, 4506, 4540, 4560, 4576, 4590, 4592, 4615, 4626, 4658, 4674, 4682, 4710, 4742, 4769, 4799, 4817, 4827, 4841, 4902, 4936, 4952, 4972, 4974, 4983, 4990, 5019, 5037, 5057, 5100, 5136, 5207, 5216, 5225, 5227, 5241, 5251, 5254, 5258, 5267, 5302, 5354, 5401, 5433, 5438, 5446, 5475, 5488, 5490, 5492, 5501, 5513, 5517, 5519, 5545, 5550, 5552, 5558, 5565, 5573, 5576, 5582, 5584, 5590, 5612, 5638, 5655, 5696, 5749, 5757, 5771, 5788, 5826, 5848, 5853, 5864, 5866, 5916, 5921, 5926, 5931, 5947, 5954, 5988, 5994, 6055, 6080, 6115, 6143, 6145, 6196, 6213, 6217, 6231, 6255, 6265, 6284, 6290, 6294, 6298, 6322, 6335, 6341, 6345, 6351, 6357, 6368, 6388, 6402, 6415, 6437, 6441, 6443, 6492, 6507, 6514, 6531, 6536, 6571, 6604, 6643, 6650, 6669, 6671, 6673, 6675, 6686, 6690, 6704, 6706, 6711, 6713, 6722, 6748, 6753, 6780, 6795, 6807, 6817, 6821]",[],"[8, 33, 42, 48, 70, 180, 223, 244, 260, 275, 286, 289, 302, 309, 355, 420, 439, 477, 515, 520, 532, 552, 600, 606, 610, 635, 652, 658, 688, 698, 702, 780, 784, 787, 791, 793, 806, 828, 833, 854, 895, 921, 925, 933, 956, 959, 961, 963, 976, 997, 999, 1019, 1021, 1047, 1059, 1090, 1162, 1197, 1216, 1246, 1277, 1314, 1316, 1320, 1340, 1354, 1375, 1386, 1403, 1405, 1419, 1442, 1447, 1454, 1481, 1512, 1544, 1555, 1582, 1593, 1598, 1697, 1713, 1755, 1769, 1773, 1775, 1789, 1802, 1854, 1856, 1858, 1862, 1877, 1890, 1892, 1894, 1896, 1898, 1900, 1902, 1904, 1906, 1908, 1910, 1912, 1914, 1916, 1918, 1920, 1922, 1924, 1936, 1943, 1963, 1988, 2015, 2020, 2037, 2040, 2048, 2065, 2088, 2110, 2122, 2174, 2177, 2223, 2252, 2258, 2276, 2339, 2368, 2399, 2422, 2429, 2433, 2448, 2455, 2464, 2469, 2527, 2545, 2572, 2586, 2592, 2621, 2647, 2649, 2660, 2682, 2686, 2719, 2760, 2790, 2808, 2825, 2829, 2831, 2833, 2835, 2839, 2841, 2843, 2847, 2853, 2855, 2857, 2859, 2861, 2863, 2865, 2869, 2871, 2873, 2875, 2877, 2879, 2881, 2883, 2909, 2911, 2941, 2954, 2956, 2973, 2979, 3032, 3038, 3043, 3048, 3059, 3064, 3066, 3095, 3134, 3194, 3199, 3202, 3212, 3251, 3259, 3278, 3285, 3317, 3333, 3356, 3360, 3371, 3373, 3385, 3403, 3407, 3421, 3439, 3443, 3480, 3528, 3575, 3583, 3606, 3624, 3670, 3741, 3745, 3750, 3753, 3786, 3798, 3823, 3844, 3853, 3857, 3866, 3873, 3897, 3899, 3914, 3920, 3922, 3971, 3975, 3997, 4023, 4030, 4040, 4095, 4133, 4156, 4195, 4219, 4221, 4223, 4238, 4240, 4256, 4292, 4313, 4327, 4351, 4359, 4361, 4385, 4417, 4434, 4452, 4477, 4483, 4506, 4540, 4560, 4576, 4590, 4592, 4615, 4626, 4658, 4674, 4682, 4710, 4742, 4769, 4799, 4817, 4827, 4841, 4902, 4936, 4952, 4972, 4974, 4983, 4990, 5019, 5037, 5057, 5100, 5136, 5207, 5216, 5225, 5227, 5241, 5251, 5254, 5258, 5267, 5302, 5354, 5401, 5433, 5438, 5446, 5475, 5488, 5490, 5492, 5501, 5513, 5517, 5519, 5545, 5550, 5552, 5558, 5565, 5573, 5576, 5582, 5584, 5590, 5612, 5638, 5655, 5696, 5749, 5757, 5771, 5788, 5826, 5848, 5853, 5864, 5866, 5916, 5921, 5926, 5931, 5947, 5954, 5988, 5994, 6055, 6080, 6115, 6143, 6145, 6196, 6213, 6217, 6231, 6255, 6265, 6284, 6290, 6294, 6298, 6322, 6335, 6341, 6345, 6351, 6357, 6368, 6388, 6402, 6415, 6437, 6441, 6443, 6492, 6507, 6514, 6531, 6536, 6571, 6604, 6643, 6650, 6669, 6671, 6673, 6675, 6686, 6690, 6704, 6706, 6711, 6713, 6722, 6748, 6753, 6780, 6795, 6807, 6817, 6821]","[2428, 2759, 4614]",6822,407,6415,0,407,6412,3
-4.0,MUSAPEX,"[8, 14, 23, 25, 55, 88, 100, 106, 119, 136, 159, 172, 197, 205, 242, 246, 267, 281, 301, 305, 333, 373, 383, 390, 392, 394, 400, 413, 431, 446, 449, 454, 461, 478, 513, 577, 580, 605, 610, 612, 628, 683, 714, 717, 742, 749, 762, 769, 773, 779, 797, 849, 864, 866, 880, 887, 915, 922, 927, 938, 960, 962, 1026, 1038, 1043, 1047, 1058, 1071, 1076, 1103, 1140, 1157, 1160, 1170, 1180, 1239, 1244, 1252, 1288, 1312, 1333, 1359, 1364, 1370, 1382, 1390, 1395, 1402, 1412, 1467, 1501, 1503, 1542, 1544, 1558, 1581, 1596, 1621, 1680, 1685, 1690, 1693, 1710, 1741, 1774, 1789, 1794, 1802, 1812, 1816, 1818, 1839, 1845, 1862, 1920, 1970, 1975, 2010, 2048, 2082, 2090, 2094, 2099, 2114, 2128, 2136, 2157, 2171, 2183, 2187, 2213, 2217, 2280, 2289, 2316, 2341, 2372, 2380, 2394, 2406, 2412, 2417, 2432, 2437, 2471, 2500, 2502, 2511, 2549, 2553, 2579, 2597, 2654, 2660, 2669, 2689, 2692, 2694, 2714, 2727, 2743, 2765, 2773, 2781, 2829, 2874, 2880, 2894, 2901, 2907, 2919, 2938, 2943, 2965, 2987, 3021, 3028, 3042, 3067, 3121, 3144, 3237, 3241, 3290, 3292, 3308, 3325, 3334, 3359, 3375, 3412, 3417, 3419, 3433, 3435, 3440, 3445, 3449, 3485, 3543, 3551, 3586, 3589, 3603, 3609, 3642, 3664, 3683, 3703, 3708, 3731, 3766, 3785, 3794, 3799, 3809, 3840, 3858, 3883, 3888, 3907, 3916, 3974, 3993, 4007]",[],"[8, 14, 23, 25, 55, 88, 100, 106, 119, 136, 159, 172, 197, 205, 242, 246, 267, 281, 301, 305, 333, 373, 383, 390, 392, 394, 400, 413, 431, 446, 449, 454, 461, 478, 513, 577, 580, 605, 610, 612, 628, 683, 714, 717, 742, 749, 762, 769, 773, 779, 797, 849, 864, 866, 880, 887, 915, 922, 927, 938, 960, 962, 1026, 1038, 1043, 1047, 1058, 1071, 1076, 1103, 1140, 1157, 1160, 1170, 1180, 1239, 1244, 1252, 1288, 1312, 1333, 1359, 1364, 1370, 1382, 1390, 1395, 1402, 1412, 1467, 1501, 1503, 1542, 1544, 1558, 1581, 1596, 1621, 1680, 1685, 1690, 1693, 1710, 1741, 1774, 1789, 1794, 1802, 1812, 1816, 1818, 1839, 1845, 1862, 1920, 1970, 1975, 2010, 2048, 2082, 2090, 2094, 2099, 2114, 2128, 2136, 2157, 2171, 2183, 2187, 2213, 2217, 2280, 2289, 2316, 2341, 2372, 2380, 2394, 2406, 2412, 2417, 2432, 2437, 2471, 2500, 2502, 2511, 2549, 2553, 2579, 2597, 2654, 2660, 2669, 2689, 2692, 2694, 2714, 2727, 2743, 2765, 2773, 2781, 2829, 2874, 2880, 2894, 2901, 2907, 2919, 2938, 2943, 2965, 2987, 3021, 3028, 3042, 3067, 3121, 3144, 3237, 3241, 3290, 3292, 3308, 3325, 3334, 3359, 3375, 3412, 3417, 3419, 3433, 3435, 3440, 3445, 3449, 3485, 3543, 3551, 3586, 3589, 3603, 3609, 3642, 3664, 3683, 3703, 3708, 3731, 3766, 3785, 3794, 3799, 3809, 3840, 3858, 3883, 3888, 3907, 3916, 3974, 3993, 4007]","[1684, 2089, 2742]",4035,225,3810,0,225,3807,3
-4.0,MUSAPOAII,"[8, 16, 39, 76, 83, 113, 258, 270, 273, 280, 292, 319, 330, 375, 390, 396, 405, 411, 413, 433, 445, 475, 496, 500, 509, 534, 554, 560, 576, 624, 626, 648, 662, 690, 702, 712, 724, 729, 761, 770, 792, 801, 807, 812, 858, 941, 945, 950, 955, 957, 987, 1004, 1013, 1017, 1019, 1031, 1069, 1078, 1115, 1156, 1160, 1213, 1238, 1244, 1315, 1341, 1405, 1415, 1436, 1440, 1490, 1539, 1544, 1558, 1563, 1579, 1619, 1626, 1637, 1698, 1723, 1742, 1744, 1752, 1754, 1765, 1773, 1808, 1832, 1838, 1880, 1888, 1892, 1905, 1922, 1924, 1929, 1931, 1943, 1948, 2001, 2017, 2053, 2061, 2064, 2067, 2072, 2117, 2144, 2169, 2186, 2208, 2229, 2259, 2294, 2310, 2328, 2362, 2365, 2368, 2388, 2413, 2434, 2448, 2460, 2493, 2516, 2524, 2532, 2564, 2566, 2569, 2572, 2574, 2612, 2622, 2626, 2642, 2651, 2653, 2656, 2691, 2721, 2723, 2791, 2796, 2895, 2908, 2923, 2929, 2936]",[],"[8, 16, 39, 76, 83, 113, 258, 270, 273, 280, 292, 319, 330, 375, 390, 396, 405, 411, 413, 433, 445, 475, 496, 500, 509, 534, 554, 560, 576, 624, 626, 648, 662, 690, 702, 712, 724, 729, 761, 770, 792, 801, 807, 812, 858, 941, 945, 950, 955, 957, 987, 1004, 1013, 1017, 1019, 1031, 1069, 1078, 1115, 1156, 1160, 1213, 1238, 1244, 1315, 1341, 1405, 1415, 1436, 1440, 1490, 1539, 1544, 1558, 1563, 1579, 1619, 1626, 1637, 1698, 1723, 1742, 1744, 1752, 1754, 1765, 1773, 1808, 1832, 1838, 1880, 1888, 1892, 1905, 1922, 1924, 1929, 1931, 1943, 1948, 2001, 2017, 2053, 2061, 2064, 2067, 2072, 2117, 2144, 2169, 2186, 2208, 2229, 2259, 2294, 2310, 2328, 2362, 2365, 2368, 2388, 2413, 2434, 2448, 2460, 2493, 2516, 2524, 2532, 2564, 2566, 2569, 2572, 2574, 2612, 2622, 2626, 2642, 2651, 2653, 2656, 2691, 2721, 2723, 2791, 2796, 2895, 2908, 2923, 2929, 2936]","[723, 1155]",2953,151,2802,0,151,2800,2
-4.0,MUSAPOIVA,"[28, 39, 48, 58, 64, 68, 77, 86, 92, 103, 127, 175, 180, 185, 227, 261, 300, 302, 307, 319, 322, 339, 359, 361, 363, 376, 381, 430, 449, 471, 478, 505, 507, 519, 530, 545, 561, 579, 589, 593, 654, 661, 697, 724, 747, 753, 824, 863, 878, 887, 890, 892, 935, 943, 959, 976, 980, 989, 1010, 1030, 1050, 1058, 1073, 1098, 1104, 1142, 1160, 1167, 1171, 1220, 1222, 1227, 1236, 1257, 1261, 1304, 1321, 1323, 1333, 1350, 1361, 1386, 1408, 1416, 1471, 1523, 1542, 1548, 1579, 1591, 1593, 1604, 1614, 1624, 1644, 1677, 1681, 1694, 1709, 1718, 1721, 1731, 1760, 1797, 1826, 1837, 1858, 1886, 1982, 2035, 2079, 2150, 2156, 2234, 2279, 2288, 2300, 2366, 2374, 2387, 2407, 2423, 2440, 2457, 2474, 2519, 2630, 2660, 2666, 2698, 2715, 2719, 2727, 2744, 2763, 2768, 2775, 2827, 2835, 2860, 2899, 2906, 2915, 2930, 2934, 2941, 2945, 2947, 2979, 3007]",[],"[28, 39, 48, 58, 64, 68, 77, 86, 92, 103, 127, 175, 180, 185, 227, 261, 300, 302, 307, 319, 322, 339, 359, 361, 363, 376, 381, 430, 449, 471, 478, 505, 507, 519, 530, 545, 561, 579, 589, 593, 654, 661, 697, 724, 747, 753, 824, 863, 878, 887, 890, 892, 935, 943, 959, 976, 980, 989, 1010, 1030, 1050, 1058, 1073, 1098, 1104, 1142, 1160, 1167, 1171, 1220, 1222, 1227, 1236, 1257, 1261, 1304, 1321, 1323, 1333, 1350, 1361, 1386, 1408, 1416, 1471, 1523, 1542, 1548, 1579, 1591, 1593, 1604, 1614, 1624, 1644, 1677, 1681, 1694, 1709, 1718, 1721, 1731, 1760, 1797, 1826, 1837, 1858, 1886, 1982, 2035, 2079, 2150, 2156, 2234, 2279, 2288, 2300, 2366, 2374, 2387, 2407, 2423, 2440, 2457, 2474, 2519, 2630, 2660, 2666, 2698, 2715, 2719, 2727, 2744, 2763, 2768, 2775, 2827, 2835, 2860, 2899, 2906, 2915, 2930, 2934, 2941, 2945, 2947, 2979, 3007]","[588, 975]",3013,150,2863,0,150,2861,2
-4.0,MUSBMP4,"[13, 60, 69, 106, 110, 138, 146, 167, 213, 217, 222, 250, 263, 268, 275, 286, 292, 317, 337, 381, 438, 442, 446, 469, 471, 490, 499, 502, 511, 526, 570, 575, 583, 588, 593, 601, 612, 614, 617, 620, 637, 649, 651, 661, 665, 669, 677, 689, 694, 696, 737, 739, 769, 773, 782, 796, 802, 821, 866, 882, 885, 910, 924, 926, 945, 953, 956, 1006, 1017, 1034, 1040, 1065, 1067, 1069, 1073, 1081, 1100, 1114, 1117, 1128, 1258, 1317, 1321, 1338, 1345, 1373, 1375, 1390, 1400, 1452, 1461, 1464, 1553, 1555, 1571, 1617, 1657, 1677, 1690, 1709, 1722, 1754, 1765, 1769, 1784, 1825, 1839, 1848, 1884, 1892, 1911, 1975, 1977, 2002, 2009, 2020, 2022, 2035, 2047, 2083, 2096, 2108, 2112, 2126, 2139, 2142, 2150, 2185, 2197, 2221, 2265, 2283, 2408, 2414, 2422, 2425, 2435, 2474, 2478, 2534, 2541, 2547, 2565, 2574, 2597, 2616, 2629, 2637, 2684, 2729, 2740, 2767, 2782, 2812, 2814, 2821, 2857, 2865, 2889, 2935, 2951, 2956, 2961, 2965, 2990, 3005, 3016, 3028, 3095, 3141, 3151, 3153, 3166, 3209, 3213, 3282, 3306, 3308, 3313, 3325, 3351, 3357, 3372, 3374, 3378, 3427, 3443, 3456, 3461, 3484, 3503, 3519, 3527, 3542, 3547, 3554, 3571, 3608, 3635, 3642, 3661, 3698, 3718, 3754, 3777, 3784, 3792, 3807, 3815, 3902, 3924, 3943, 3965, 3968, 3981, 4001, 4022, 4024, 4063, 4097, 4108, 4136, 4161, 4166, 4186, 4191, 4199, 4217, 4242, 4256, 4273, 4285, 4297, 4311, 4339, 4344, 4369, 4372, 4374, 4378, 4412, 4419, 4438, 4451, 4466, 4472, 4477, 4482, 4487, 4496, 4518, 4523, 4539, 4547, 4551, 4576, 4588, 4595, 4601, 4604, 4640, 4668, 4680, 4687, 4702, 4756, 4794, 4807, 4837, 4906, 4918, 4924, 4939, 4955, 4966, 5002, 5011, 5019, 5021, 5027, 5029, 5031, 5033, 5039, 5041, 5043, 5045, 5047, 5049, 5051, 5053, 5055, 5057, 5059, 5061, 5063, 5065, 5067, 5098, 5130, 5133, 5144, 5151, 5160, 5188, 5197, 5209, 5217, 5249, 5262, 5274, 5290, 5298, 5307, 5316, 5346, 5353, 5355, 5367, 5428, 5463, 5498, 5502, 5520, 5526, 5560, 5572, 5611, 5614, 5665, 5669, 5700, 5715, 5722, 5726, 5730, 5769, 5790, 5794, 5803, 5820, 5852, 5864, 5891, 5920, 5939, 5981, 5989, 5998, 6028, 6033, 6056, 6120, 6124, 6144, 6168, 6212, 6245, 6266, 6291, 6307, 6325, 6328, 6364, 6372, 6381, 6403, 6410, 6466, 6473, 6518, 6550, 6559, 6561, 6569, 6579, 6610, 6627, 6629, 6631, 6633, 6635, 6637, 6639, 6644, 6646, 6682, 6698, 6702, 6756, 6758, 6817, 6834, 6837, 6852, 6880, 6909, 6998, 7015, 7038, 7076, 7124, 7135, 7158, 7165, 7180, 7184, 7206, 7208, 7213, 7218, 7238, 7245, 7274, 7277, 7300, 7306, 7324, 7336, 7383, 7401, 7404, 7407, 7410, 7425, 7480, 7482, 7517, 7522, 7557, 7559, 7561, 7565, 7570, 7589, 7605, 7619, 7633, 7643, 7669, 7671, 7693, 7712, 7719, 7721, 7744, 7749, 7764, 7781, 7810, 7822, 7856, 7864, 7867, 7872, 7880, 7915, 7932, 7939, 7941, 7952, 7961, 7970, 8017, 8035, 8079, 8085, 8092, 8098, 8103, 8108, 8134, 8177, 8212, 8230, 8268, 8307, 8344, 8361, 8385, 8439, 8447, 8463, 8475, 8526, 8568, 8585, 8599, 8631, 8686, 8711, 8737, 8754, 8764, 8769, 8790, 8833, 8880, 8892, 8901, 8911, 8926, 8929, 8931, 8947, 8960, 8963, 8975, 8985, 8988, 8990, 9012, 9015, 9023, 9025, 9048, 9107, 9276, 9284, 9354, 9416, 9430, 9434, 9445, 9452, 9465, 9467, 9477, 9493, 9530, 9549, 9589, 9605, 9618, 9627, 9640, 9678, 9681, 9686, 9705, 9721, 9733]",[],"[13, 60, 69, 106, 110, 138, 146, 167, 213, 217, 222, 250, 263, 268, 275, 286, 292, 317, 337, 381, 438, 442, 446, 469, 471, 490, 499, 502, 511, 526, 570, 575, 583, 588, 593, 601, 612, 614, 617, 620, 637, 649, 651, 661, 665, 669, 677, 689, 694, 696, 737, 739, 769, 773, 782, 796, 802, 821, 866, 882, 885, 910, 924, 926, 945, 953, 956, 1006, 1017, 1034, 1040, 1065, 1067, 1069, 1073, 1081, 1100, 1114, 1117, 1128, 1258, 1317, 1321, 1338, 1345, 1373, 1375, 1390, 1400, 1452, 1461, 1464, 1553, 1555, 1571, 1617, 1657, 1677, 1690, 1709, 1722, 1754, 1765, 1769, 1784, 1825, 1839, 1848, 1884, 1892, 1911, 1975, 1977, 2002, 2009, 2020, 2022, 2035, 2047, 2083, 2096, 2108, 2112, 2126, 2139, 2142, 2150, 2185, 2197, 2221, 2265, 2283, 2408, 2414, 2422, 2425, 2435, 2474, 2478, 2534, 2541, 2547, 2565, 2574, 2597, 2616, 2629, 2637, 2684, 2729, 2740, 2767, 2782, 2812, 2814, 2821, 2857, 2865, 2889, 2935, 2951, 2956, 2961, 2965, 2990, 3005, 3016, 3028, 3095, 3141, 3151, 3153, 3166, 3209, 3213, 3282, 3306, 3308, 3313, 3325, 3351, 3357, 3372, 3374, 3378, 3427, 3443, 3456, 3461, 3484, 3503, 3519, 3527, 3542, 3547, 3554, 3571, 3608, 3635, 3642, 3661, 3698, 3718, 3754, 3777, 3784, 3792, 3807, 3815, 3902, 3924, 3943, 3965, 3968, 3981, 4001, 4022, 4024, 4063, 4097, 4108, 4136, 4161, 4166, 4186, 4191, 4199, 4217, 4242, 4256, 4273, 4285, 4297, 4311, 4339, 4344, 4369, 4372, 4374, 4378, 4412, 4419, 4438, 4451, 4466, 4472, 4477, 4482, 4487, 4496, 4518, 4523, 4539, 4547, 4551, 4576, 4588, 4595, 4601, 4604, 4640, 4668, 4680, 4687, 4702, 4756, 4794, 4807, 4837, 4906, 4918, 4924, 4939, 4955, 4966, 5002, 5011, 5019, 5021, 5027, 5029, 5031, 5033, 5039, 5041, 5043, 5045, 5047, 5049, 5051, 5053, 5055, 5057, 5059, 5061, 5063, 5065, 5067, 5098, 5130, 5133, 5144, 5151, 5160, 5188, 5197, 5209, 5217, 5249, 5262, 5274, 5290, 5298, 5307, 5316, 5346, 5353, 5355, 5367, 5428, 5463, 5498, 5502, 5520, 5526, 5560, 5572, 5611, 5614, 5665, 5669, 5700, 5715, 5722, 5726, 5730, 5769, 5790, 5794, 5803, 5820, 5852, 5864, 5891, 5920, 5939, 5981, 5989, 5998, 6028, 6033, 6056, 6120, 6124, 6144, 6168, 6212, 6245, 6266, 6291, 6307, 6325, 6328, 6364, 6372, 6381, 6403, 6410, 6466, 6473, 6518, 6550, 6559, 6561, 6569, 6579, 6610, 6627, 6629, 6631, 6633, 6635, 6637, 6639, 6644, 6646, 6682, 6698, 6702, 6756, 6758, 6817, 6834, 6837, 6852, 6880, 6909, 6998, 7015, 7038, 7076, 7124, 7135, 7158, 7165, 7180, 7184, 7206, 7208, 7213, 7218, 7238, 7245, 7274, 7277, 7300, 7306, 7324, 7336, 7383, 7401, 7404, 7407, 7410, 7425, 7480, 7482, 7517, 7522, 7557, 7559, 7561, 7565, 7570, 7589, 7605, 7619, 7633, 7643, 7669, 7671, 7693, 7712, 7719, 7721, 7744, 7749, 7764, 7781, 7810, 7822, 7856, 7864, 7867, 7872, 7880, 7915, 7932, 7939, 7941, 7952, 7961, 7970, 8017, 8035, 8079, 8085, 8092, 8098, 8103, 8108, 8134, 8177, 8212, 8230, 8268, 8307, 8344, 8361, 8385, 8439, 8447, 8463, 8475, 8526, 8568, 8585, 8599, 8631, 8686, 8711, 8737, 8754, 8764, 8769, 8790, 8833, 8880, 8892, 8901, 8911, 8926, 8929, 8931, 8947, 8960, 8963, 8975, 8985, 8988, 8990, 9012, 9015, 9023, 9025, 9048, 9107, 9276, 9284, 9354, 9416, 9430, 9434, 9445, 9452, 9465, 9467, 9477, 9493, 9530, 9549, 9589, 9605, 9618, 9627, 9640, 9678, 9681, 9686, 9705, 9721, 9733]",[7179],9668,542,9126,0,542,9125,1
-4.0,MUSBNP,"[12, 72, 80, 103, 123, 126, 139, 226, 231, 246, 267, 281, 302, 312, 337, 350, 363, 393, 413, 419, 489, 491, 493, 495, 497, 506, 557, 624, 632, 654, 681, 732, 736, 739, 748, 754, 807, 834, 863, 882, 904, 930, 962, 992, 1058, 1117, 1119, 1122, 1125, 1128, 1152, 1165, 1167, 1180, 1204, 1207, 1210, 1242, 1260, 1293, 1352, 1355, 1371, 1418, 1444, 1446, 1450, 1454]",[],"[12, 72, 80, 103, 123, 126, 139, 226, 231, 246, 267, 281, 302, 312, 337, 350, 363, 393, 413, 419, 489, 491, 493, 495, 497, 506, 557, 624, 632, 654, 681, 732, 736, 739, 748, 754, 807, 834, 863, 882, 904, 930, 962, 992, 1058, 1117, 1119, 1122, 1125, 1128, 1152, 1165, 1167, 1180, 1204, 1207, 1210, 1242, 1260, 1293, 1352, 1355, 1371, 1418, 1444, 1446, 1450, 1454]","[336, 753]",1461,68,1393,0,68,1391,2
-4.0,MUSCD14A,"[15, 59, 72, 104, 177, 181, 193, 201, 233, 245, 253, 278, 280, 291, 297, 307, 356, 393, 410, 427, 435, 473, 475, 501, 519, 525, 544, 566, 590, 592, 640, 712, 714, 717, 756, 778, 785, 826, 832, 861, 908, 918, 934, 947, 976, 978, 1003, 1028, 1064, 1067, 1079, 1101, 1123, 1153, 1166, 1213, 1224, 1272, 1285, 1288, 1318, 1326, 1366, 1392, 1402, 1408, 1455, 1472, 1481, 1486, 1490, 1564, 1575, 1609, 1611, 1615, 1619, 1624, 1630, 1636, 1641, 1644, 1647, 1652, 1656, 1661, 1666, 1678, 1688, 1754, 1765, 1780, 1786, 1803, 1840, 1853, 1863]",[],"[15, 59, 72, 104, 177, 181, 193, 201, 233, 245, 253, 278, 280, 291, 297, 307, 356, 393, 410, 427, 435, 473, 475, 501, 519, 525, 544, 566, 590, 592, 640, 712, 714, 717, 756, 778, 785, 826, 832, 861, 908, 918, 934, 947, 976, 978, 1003, 1028, 1064, 1067, 1079, 1101, 1123, 1153, 1166, 1213, 1224, 1272, 1285, 1288, 1318, 1326, 1366, 1392, 1402, 1408, 1455, 1472, 1481, 1486, 1490, 1564, 1575, 1609, 1611, 1615, 1619, 1624, 1630, 1636, 1641, 1644, 1647, 1652, 1656, 1661, 1666, 1678, 1688, 1754, 1765, 1780, 1786, 1803, 1840, 1853, 1863]",[176],1866,97,1769,0,97,1768,1
-4.0,MUSCRKNB,"[14, 17, 72, 88, 97, 101, 136, 178, 180, 212, 300, 312, 316, 332, 340, 359, 372, 461, 509, 512, 524, 533, 535, 537, 539, 541, 543, 555, 575, 583, 585, 618, 636, 648, 650, 658, 665, 669, 674, 677, 687, 736, 753, 770, 776, 784, 793, 795, 816, 831, 869, 871, 918, 930, 959, 961, 972, 981, 1023, 1059, 1083, 1101, 1103, 1105, 1107, 1116, 1140, 1145, 1159, 1176, 1197, 1220, 1234, 1236, 1370, 1373, 1428, 1441, 1449, 1464, 1489, 1494, 1603, 1608, 1619, 1628, 1635, 1638, 1646, 1660, 1662, 1768, 1808, 1825, 1839, 1846, 1892, 1905, 1919, 1924, 1990, 2000, 2007, 2059, 2064, 2070, 2098, 2111, 2115, 2120, 2139, 2147, 2205, 2246, 2261, 2269, 2284, 2313, 2324, 2350, 2365, 2396, 2449, 2456, 2462, 2467, 2508, 2527, 2601, 2629, 2650, 2659, 2735, 2737, 2787, 2797, 2819, 2830, 2853, 2857, 2862, 2880, 2889, 2904, 2907, 2931, 2949, 2952, 2959, 2970, 2974, 3009, 3050, 3057, 3085, 3129, 3141, 3193, 3204, 3228, 3243, 3249, 3274, 3290, 3297, 3311, 3313, 3324, 3326, 3407, 3409, 3437, 3473, 3475, 3506, 3546, 3550, 3596, 3600, 3670, 3685, 3691, 3756, 3758, 3796, 3806, 3843, 3863, 3877, 3883, 3885, 3914, 3926, 3931, 3946, 3950, 3955, 3957, 3964, 3997, 4006, 4015, 4018, 4027, 4067, 4101, 4158, 4180, 4214, 4226, 4236, 4241, 4265, 4291, 4307, 4313, 4315, 4339, 4341, 4343, 4345, 4347, 4349, 4351, 4353, 4355, 4357, 4361, 4363, 4365, 4384, 4386, 4454, 4482, 4493, 4504, 4506]",[],"[14, 17, 72, 88, 97, 101, 136, 178, 180, 212, 300, 312, 316, 332, 340, 359, 372, 461, 509, 512, 524, 533, 535, 537, 539, 541, 543, 555, 575, 583, 585, 618, 636, 648, 650, 658, 665, 669, 674, 677, 687, 736, 753, 770, 776, 784, 793, 795, 816, 831, 869, 871, 918, 930, 959, 961, 972, 981, 1023, 1059, 1083, 1101, 1103, 1105, 1107, 1116, 1140, 1145, 1159, 1176, 1197, 1220, 1234, 1236, 1370, 1373, 1428, 1441, 1449, 1464, 1489, 1494, 1603, 1608, 1619, 1628, 1635, 1638, 1646, 1660, 1662, 1768, 1808, 1825, 1839, 1846, 1892, 1905, 1919, 1924, 1990, 2000, 2007, 2059, 2064, 2070, 2098, 2111, 2115, 2120, 2139, 2147, 2205, 2246, 2261, 2269, 2284, 2313, 2324, 2350, 2365, 2396, 2449, 2456, 2462, 2467, 2508, 2527, 2601, 2629, 2650, 2659, 2735, 2737, 2787, 2797, 2819, 2830, 2853, 2857, 2862, 2880, 2889, 2904, 2907, 2931, 2949, 2952, 2959, 2970, 2974, 3009, 3050, 3057, 3085, 3129, 3141, 3193, 3204, 3228, 3243, 3249, 3274, 3290, 3297, 3311, 3313, 3324, 3326, 3407, 3409, 3437, 3473, 3475, 3506, 3546, 3550, 3596, 3600, 3670, 3685, 3691, 3756, 3758, 3796, 3806, 3843, 3863, 3877, 3883, 3885, 3914, 3926, 3931, 3946, 3950, 3955, 3957, 3964, 3997, 4006, 4015, 4018, 4027, 4067, 4101, 4158, 4180, 4214, 4226, 4236, 4241, 4265, 4291, 4307, 4313, 4315, 4339, 4341, 4343, 4345, 4347, 4349, 4351, 4353, 4355, 4357, 4361, 4363, 4365, 4384, 4386, 4454, 4482, 4493, 4504, 4506]","[1904, 2245, 2455, 2796, 3505, 3842]",4514,237,4277,0,237,4271,6
-4.0,MUSCYTCOVB,"[9, 42, 49, 66, 74, 127, 139, 141, 146, 162, 183, 198, 205, 216, 267, 270, 279, 282, 344, 382, 407, 413, 445, 480, 487, 513, 544, 547, 568, 591, 601, 613, 636, 649, 689, 700, 725, 729, 754, 756, 772, 775, 779, 789, 799, 812, 861, 866, 874, 913, 929, 936, 1014, 1035, 1044, 1065, 1082, 1095, 1106, 1122, 1132, 1165, 1177, 1179, 1194, 1196, 1205, 1208, 1223, 1246, 1249, 1251, 1320, 1335, 1337, 1375, 1381, 1391, 1396, 1414, 1434, 1439, 1448, 1455, 1465, 1475, 1546, 1551, 1573, 1586, 1597, 1619, 1642, 1664, 1666, 1668, 1680, 1684, 1686, 1688, 1696, 1704, 1706, 1715, 1718, 1724, 1731, 1738, 1744, 1763, 1791, 1794, 1809, 1824, 1827, 1848, 1864, 1926, 1930, 1947, 1952, 1956, 1982, 1993, 2023, 2036, 2051, 2067, 2106, 2111, 2114, 2122, 2126, 2132, 2137, 2143, 2145, 2152, 2154, 2158, 2169, 2192, 2213, 2220, 2235, 2250, 2255, 2263, 2286, 2304, 2324, 2354, 2356, 2372, 2442, 2449, 2501, 2521, 2530]",[],"[9, 42, 49, 66, 74, 127, 139, 141, 146, 162, 183, 198, 205, 216, 267, 270, 279, 282, 344, 382, 407, 413, 445, 480, 487, 513, 544, 547, 568, 591, 601, 613, 636, 649, 689, 700, 725, 729, 754, 756, 772, 775, 779, 789, 799, 812, 861, 866, 874, 913, 929, 936, 1014, 1035, 1044, 1065, 1082, 1095, 1106, 1122, 1132, 1165, 1177, 1179, 1194, 1196, 1205, 1208, 1223, 1246, 1249, 1251, 1320, 1335, 1337, 1375, 1381, 1391, 1396, 1414, 1434, 1439, 1448, 1455, 1465, 1475, 1546, 1551, 1573, 1586, 1597, 1619, 1642, 1664, 1666, 1668, 1680, 1684, 1686, 1688, 1696, 1704, 1706, 1715, 1718, 1724, 1731, 1738, 1744, 1763, 1791, 1794, 1809, 1824, 1827, 1848, 1864, 1926, 1930, 1947, 1952, 1956, 1982, 1993, 2023, 2036, 2051, 2067, 2106, 2111, 2114, 2122, 2126, 2132, 2137, 2143, 2145, 2152, 2154, 2158, 2169, 2192, 2213, 2220, 2235, 2250, 2255, 2263, 2286, 2304, 2324, 2354, 2356, 2372, 2442, 2449, 2501, 2521, 2530]","[724, 1319, 1585]",2533,159,2374,0,159,2371,3
-4.0,MUSENDOBA,"[12, 20, 42, 50, 53, 60, 81, 115, 136, 140, 145, 159, 220, 238, 243, 248, 261, 278, 286, 300, 323, 334, 346, 372, 383, 392, 406, 410, 473, 483, 487, 491, 518, 549, 559, 568, 576, 623, 632, 634, 649, 668, 675, 719, 721, 738, 742, 777, 808, 824, 849, 873, 898, 901, 924, 932, 1052, 1061, 1067, 1094, 1108, 1123, 1147, 1158, 1179, 1182, 1199, 1219, 1221, 1236, 1247, 1257, 1264, 1266, 1277, 1282, 1285, 1298, 1312, 1317, 1331, 1342, 1350, 1401, 1430, 1462, 1501, 1508, 1512, 1514, 1579, 1594, 1596, 1606, 1618, 1629, 1650, 1652, 1702, 1706, 1708, 1757, 1813, 1828, 1832, 1834, 1843, 1847, 1851, 1855, 1859, 1863, 1867, 1871, 1885, 1893, 1895, 1907, 1924, 1975, 1991, 2086, 2098, 2112, 2114, 2118, 2131, 2144, 2146, 2154, 2174, 2179, 2215, 2226, 2243, 2277, 2311, 2317, 2392, 2405, 2426, 2453, 2463, 2479, 2492, 2494, 2504, 2511, 2519, 2524, 2547, 2615, 2693, 2744, 2770, 2783, 2788, 2797, 2799, 2826, 2828, 2835, 2897, 2930, 2945, 2948, 2951, 2982, 2984, 2987, 3028, 3030, 3032, 3034, 3078, 3087, 3095, 3106, 3116, 3120, 3131, 3149, 3171, 3186, 3215, 3223, 3265, 3283, 3299, 3351, 3386, 3424, 3426, 3489, 3551, 3569, 3614, 3619, 3623, 3668, 3676, 3681, 3698, 3708, 3714, 3730, 3745, 3755, 3785, 3804, 3810, 3817, 3832, 3842, 3851, 3860, 3893, 3920, 3924, 3954, 3957, 4025, 4050, 4149, 4157, 4192, 4210, 4225, 4245, 4260, 4301, 4316, 4322, 4327, 4341, 4343, 4347, 4359, 4372, 4385, 4398, 4406, 4431, 4440, 4486, 4493, 4502, 4510, 4543, 4561, 4619, 4650, 4652, 4692, 4699, 4734, 4740, 4796, 4838, 4844, 4854, 4899, 4908, 4910, 4921, 4937, 4975, 4983, 4986, 4997, 5091, 5105, 5118, 5148, 5166, 5265, 5315, 5331, 5355, 5357, 5396, 5438, 5455, 5528, 5590, 5594, 5597, 5617, 5653, 5661, 5665, 5669, 5673, 5687, 5697, 5701, 5705, 5722, 5756, 5775, 5818, 5858, 5879, 5897, 5904, 5910, 5951, 5970, 5978, 5990, 5993, 5995, 6017, 6076, 6102, 6104, 6117, 6152, 6168, 6186, 6200, 6206, 6231, 6246, 6253, 6259, 6265, 6267, 6302, 6314, 6317, 6320, 6325, 6336, 6342, 6359, 6363, 6374, 6392, 6444, 6450, 6453, 6479, 6482, 6507, 6561, 6574, 6605, 6664, 6675, 6737, 6739, 6755, 6777, 6865, 6895, 6918, 6920, 6930, 6963, 6970, 6981, 6993, 7008, 7045, 7084, 7109, 7152, 7156, 7172, 7185, 7195, 7214, 7219, 7235, 7238, 7273, 7293, 7305, 7323, 7376, 7387, 7400, 7412, 7455, 7460, 7472, 7488, 7518, 7537, 7540, 7549, 7553, 7569, 7579, 7586, 7601, 7612, 7614, 7617, 7625, 7677, 7684, 7706, 7718, 7724, 7734, 7751, 7770, 7772, 7795, 7799, 7804, 7812, 7823, 7842, 7870]",[],"[12, 20, 42, 50, 53, 60, 81, 115, 136, 140, 145, 159, 220, 238, 243, 248, 261, 278, 286, 300, 323, 334, 346, 372, 383, 392, 406, 410, 473, 483, 487, 491, 518, 549, 559, 568, 576, 623, 632, 634, 649, 668, 675, 719, 721, 738, 742, 777, 808, 824, 849, 873, 898, 901, 924, 932, 1052, 1061, 1067, 1094, 1108, 1123, 1147, 1158, 1179, 1182, 1199, 1219, 1221, 1236, 1247, 1257, 1264, 1266, 1277, 1282, 1285, 1298, 1312, 1317, 1331, 1342, 1350, 1401, 1430, 1462, 1501, 1508, 1512, 1514, 1579, 1594, 1596, 1606, 1618, 1629, 1650, 1652, 1702, 1706, 1708, 1757, 1813, 1828, 1832, 1834, 1843, 1847, 1851, 1855, 1859, 1863, 1867, 1871, 1885, 1893, 1895, 1907, 1924, 1975, 1991, 2086, 2098, 2112, 2114, 2118, 2131, 2144, 2146, 2154, 2174, 2179, 2215, 2226, 2243, 2277, 2311, 2317, 2392, 2405, 2426, 2453, 2463, 2479, 2492, 2494, 2504, 2511, 2519, 2524, 2547, 2615, 2693, 2744, 2770, 2783, 2788, 2797, 2799, 2826, 2828, 2835, 2897, 2930, 2945, 2948, 2951, 2982, 2984, 2987, 3028, 3030, 3032, 3034, 3078, 3087, 3095, 3106, 3116, 3120, 3131, 3149, 3171, 3186, 3215, 3223, 3265, 3283, 3299, 3351, 3386, 3424, 3426, 3489, 3551, 3569, 3614, 3619, 3623, 3668, 3676, 3681, 3698, 3708, 3714, 3730, 3745, 3755, 3785, 3804, 3810, 3817, 3832, 3842, 3851, 3860, 3893, 3920, 3924, 3954, 3957, 4025, 4050, 4149, 4157, 4192, 4210, 4225, 4245, 4260, 4301, 4316, 4322, 4327, 4341, 4343, 4347, 4359, 4372, 4385, 4398, 4406, 4431, 4440, 4486, 4493, 4502, 4510, 4543, 4561, 4619, 4650, 4652, 4692, 4699, 4734, 4740, 4796, 4838, 4844, 4854, 4899, 4908, 4910, 4921, 4937, 4975, 4983, 4986, 4997, 5091, 5105, 5118, 5148, 5166, 5265, 5315, 5331, 5355, 5357, 5396, 5438, 5455, 5528, 5590, 5594, 5597, 5617, 5653, 5661, 5665, 5669, 5673, 5687, 5697, 5701, 5705, 5722, 5756, 5775, 5818, 5858, 5879, 5897, 5904, 5910, 5951, 5970, 5978, 5990, 5993, 5995, 6017, 6076, 6102, 6104, 6117, 6152, 6168, 6186, 6200, 6206, 6231, 6246, 6253, 6259, 6265, 6267, 6302, 6314, 6317, 6320, 6325, 6336, 6342, 6359, 6363, 6374, 6392, 6444, 6450, 6453, 6479, 6482, 6507, 6561, 6574, 6605, 6664, 6675, 6737, 6739, 6755, 6777, 6865, 6895, 6918, 6920, 6930, 6963, 6970, 6981, 6993, 7008, 7045, 7084, 7109, 7152, 7156, 7172, 7185, 7195, 7214, 7219, 7235, 7238, 7273, 7293, 7305, 7323, 7376, 7387, 7400, 7412, 7455, 7460, 7472, 7488, 7518, 7537, 7540, 7549, 7553, 7569, 7579, 7586, 7601, 7612, 7614, 7617, 7625, 7677, 7684, 7706, 7718, 7724, 7734, 7751, 7770, 7772, 7795, 7799, 7804, 7812, 7823, 7842, 7870]","[2743, 3618, 4049, 4853, 5090, 5589]",7872,417,7455,0,417,7449,6
-4.0,MUSFAUA,"[80, 123, 125, 141, 147, 153, 175, 215, 261, 271, 277, 289, 365, 425, 484, 507, 522, 529, 532, 545, 568, 593, 600, 627, 680, 682, 754, 761, 784, 791, 814, 825, 830, 847, 855, 899, 913, 926, 962, 972, 989, 1005, 1016, 1035, 1047, 1106, 1166, 1187, 1217, 1235, 1250, 1254, 1258, 1312, 1316, 1358, 1394, 1397, 1444, 1446, 1451, 1475, 1497, 1501, 1527, 1531, 1536, 1545, 1552, 1567, 1575, 1598, 1601, 1607, 1612, 1617, 1624, 1643, 1646, 1657, 1676, 1715, 1739, 1754, 1759, 1767, 1774, 1776, 1787, 1798, 1800, 1808, 1819, 1829, 1839, 1851, 1857, 1883, 1886, 1896, 1910, 1922, 1925, 1933, 1945, 1963, 1977, 1996, 2023, 2069, 2074, 2081, 2104, 2111, 2125, 2129, 2136, 2138, 2149, 2170, 2191, 2195, 2197, 2221, 2240, 2250, 2259, 2276, 2332, 2348, 2354, 2357, 2402, 2438, 2440, 2455, 2468, 2476, 2495, 2503, 2542, 2548, 2642, 2651, 2655, 2712, 2726, 2728, 2731, 2751, 2757, 2764, 2774, 2778, 2825]",[],"[80, 123, 125, 141, 147, 153, 175, 215, 261, 271, 277, 289, 365, 425, 484, 507, 522, 529, 532, 545, 568, 593, 600, 627, 680, 682, 754, 761, 784, 791, 814, 825, 830, 847, 855, 899, 913, 926, 962, 972, 989, 1005, 1016, 1035, 1047, 1106, 1166, 1187, 1217, 1235, 1250, 1254, 1258, 1312, 1316, 1358, 1394, 1397, 1444, 1446, 1451, 1475, 1497, 1501, 1527, 1531, 1536, 1545, 1552, 1567, 1575, 1598, 1601, 1607, 1612, 1617, 1624, 1643, 1646, 1657, 1676, 1715, 1739, 1754, 1759, 1767, 1774, 1776, 1787, 1798, 1800, 1808, 1819, 1829, 1839, 1851, 1857, 1883, 1886, 1896, 1910, 1922, 1925, 1933, 1945, 1963, 1977, 1996, 2023, 2069, 2074, 2081, 2104, 2111, 2125, 2129, 2136, 2138, 2149, 2170, 2191, 2195, 2197, 2221, 2240, 2250, 2259, 2276, 2332, 2348, 2354, 2357, 2402, 2438, 2440, 2455, 2468, 2476, 2495, 2503, 2542, 2548, 2642, 2651, 2655, 2712, 2726, 2728, 2731, 2751, 2757, 2764, 2774, 2778, 2825]","[1249, 1496, 2124]",2843,155,2688,0,155,2685,3
-4.0,MUSFERHC,"[41, 86, 177, 189, 208, 221, 230, 246, 264, 321, 324, 340, 381, 394, 453, 456, 469, 477, 484, 488, 527, 531, 539, 589, 593, 600, 628, 635, 655, 679, 714, 722, 747, 752, 771, 786, 805, 810, 828, 840, 849, 858, 864, 866, 871, 890, 892, 911, 925, 1012, 1015, 1022, 1024, 1056, 1062, 1084, 1086, 1101, 1104, 1108, 1118, 1155, 1164, 1170, 1185, 1214, 1225, 1231, 1258, 1298, 1323, 1358, 1361, 1364, 1368, 1385, 1393, 1395, 1418, 1480, 1529, 1551, 1559, 1598, 1635, 1645, 1655, 1662, 1680, 1685, 1705, 1799, 1828, 1832, 1845, 1861, 1886, 1902, 1908, 1910, 1913, 1927, 1930, 1945, 1999, 2001, 2006, 2008, 2022, 2030, 2049, 2070, 2104, 2106, 2127, 2129, 2137, 2186, 2190, 2201, 2210, 2252, 2260, 2267, 2280, 2285, 2301, 2312, 2320, 2342, 2350, 2372, 2429, 2463, 2475, 2487, 2497, 2524, 2547, 2559, 2587, 2607, 2636, 2651, 2691, 2708, 2722, 2733, 2735, 2756, 2765, 2772]",[],"[41, 86, 177, 189, 208, 221, 230, 246, 264, 321, 324, 340, 381, 394, 453, 456, 469, 477, 484, 488, 527, 531, 539, 589, 593, 600, 628, 635, 655, 679, 714, 722, 747, 752, 771, 786, 805, 810, 828, 840, 849, 858, 864, 866, 871, 890, 892, 911, 925, 1012, 1015, 1022, 1024, 1056, 1062, 1084, 1086, 1101, 1104, 1108, 1118, 1155, 1164, 1170, 1185, 1214, 1225, 1231, 1258, 1298, 1323, 1358, 1361, 1364, 1368, 1385, 1393, 1395, 1418, 1480, 1529, 1551, 1559, 1598, 1635, 1645, 1655, 1662, 1680, 1685, 1705, 1799, 1828, 1832, 1845, 1861, 1886, 1902, 1908, 1910, 1913, 1927, 1930, 1945, 1999, 2001, 2006, 2008, 2022, 2030, 2049, 2070, 2104, 2106, 2127, 2129, 2137, 2186, 2190, 2201, 2210, 2252, 2260, 2267, 2280, 2285, 2301, 2312, 2320, 2342, 2350, 2372, 2429, 2463, 2475, 2487, 2497, 2524, 2547, 2559, 2587, 2607, 2636, 2651, 2691, 2708, 2722, 2733, 2735, 2756, 2765, 2772]","[483, 1827, 2185]",2783,152,2631,0,152,2628,3
-4.0,MUSFKBP13X,"[12, 15, 28, 65, 71, 95, 116, 124, 131, 136, 186, 200, 253, 263, 265, 275, 285, 301, 322, 326, 328, 334, 361, 391, 407, 479, 548, 551, 568, 576, 579, 587, 615, 647, 681, 705, 737, 741, 746, 753, 759, 762, 765, 769, 788, 807, 818, 833, 844, 846, 861, 863, 882, 886, 905, 921, 929, 951, 971, 981, 997, 1025, 1034, 1036, 1071, 1079, 1101, 1110, 1122, 1136, 1138, 1154, 1190, 1228, 1234, 1248, 1283, 1308, 1322, 1329, 1335, 1359, 1373, 1375, 1382, 1417, 1450, 1466, 1512, 1557, 1561, 1565, 1575]",[],"[12, 15, 28, 65, 71, 95, 116, 124, 131, 136, 186, 200, 253, 263, 265, 275, 285, 301, 322, 326, 328, 334, 361, 391, 407, 479, 548, 551, 568, 576, 579, 587, 615, 647, 681, 705, 737, 741, 746, 753, 759, 762, 765, 769, 788, 807, 818, 833, 844, 846, 861, 863, 882, 886, 905, 921, 929, 951, 971, 981, 997, 1025, 1034, 1036, 1071, 1079, 1101, 1110, 1122, 1136, 1138, 1154, 1190, 1228, 1234, 1248, 1283, 1308, 1322, 1329, 1335, 1359, 1373, 1375, 1382, 1417, 1450, 1466, 1512, 1557, 1561, 1565, 1575]","[321, 736, 904, 1282]",1574,93,1481,0,93,1477,4
-4.0,MUSGAD45,"[40, 66, 86, 91, 144, 224, 273, 318, 336, 393, 423, 429, 522, 539, 544, 560, 564, 599, 610, 616, 618, 624, 680, 731, 748, 755, 808, 841, 936, 940, 942, 957, 982, 1035, 1056, 1075, 1092, 1098, 1100, 1125, 1127, 1131, 1140, 1188, 1234, 1237, 1242, 1279, 1310, 1314, 1348, 1361, 1445, 1447, 1453, 1459, 1495, 1504, 1532, 1535, 1543, 1552, 1554, 1564, 1568, 1596, 1600, 1650, 1701, 1712, 1720, 1743, 1756, 1762, 1765, 1767, 1816, 1818, 1825, 1853, 1857, 1894, 1896, 1899, 1903, 1910, 1912, 1928, 1933, 1939, 1947, 1954, 1960, 1981, 1983, 1991, 2002, 2009, 2019, 2026, 2038, 2054, 2086, 2116, 2140, 2159, 2171, 2191, 2194, 2212, 2214, 2217, 2222, 2228, 2235, 2237, 2258, 2272, 2279, 2296, 2308, 2337, 2355, 2400, 2412, 2427, 2443, 2447, 2453, 2473, 2517, 2533, 2536, 2548, 2587, 2600, 2648, 2752, 2782, 2797, 2808, 2814, 2839, 2866, 2898, 2906, 2921, 2936, 2958, 2971, 2978, 2993, 3024, 3037, 3039, 3052, 3054, 3057, 3061, 3063]",[],"[40, 66, 86, 91, 144, 224, 273, 318, 336, 393, 423, 429, 522, 539, 544, 560, 564, 599, 610, 616, 618, 624, 680, 731, 748, 755, 808, 841, 936, 940, 942, 957, 982, 1035, 1056, 1075, 1092, 1098, 1100, 1125, 1127, 1131, 1140, 1188, 1234, 1237, 1242, 1279, 1310, 1314, 1348, 1361, 1445, 1447, 1453, 1459, 1495, 1504, 1532, 1535, 1543, 1552, 1554, 1564, 1568, 1596, 1600, 1650, 1701, 1712, 1720, 1743, 1756, 1762, 1765, 1767, 1816, 1818, 1825, 1853, 1857, 1894, 1896, 1899, 1903, 1910, 1912, 1928, 1933, 1939, 1947, 1954, 1960, 1981, 1983, 1991, 2002, 2009, 2019, 2026, 2038, 2054, 2086, 2116, 2140, 2159, 2171, 2191, 2194, 2212, 2214, 2217, 2222, 2228, 2235, 2237, 2258, 2272, 2279, 2296, 2308, 2337, 2355, 2400, 2412, 2427, 2443, 2447, 2453, 2473, 2517, 2533, 2536, 2548, 2587, 2600, 2648, 2752, 2782, 2797, 2808, 2814, 2839, 2866, 2898, 2906, 2921, 2936, 2958, 2971, 2978, 2993, 3024, 3037, 3039, 3052, 3054, 3057, 3061, 3063]","[935, 1126, 1458]",3093,160,2933,0,160,2930,3
-4.0,MUSGFJE,"[45, 64, 92, 94, 126, 153, 182, 185, 191, 194, 248, 256, 264, 267, 293, 379, 463, 555, 561, 581, 588, 609, 611, 625, 674, 677, 684, 695, 705, 710, 816, 850, 856, 862, 875, 891, 911, 915, 966, 968, 1010, 1013, 1086, 1091, 1099, 1112, 1118, 1149, 1158, 1195, 1225, 1229, 1232, 1259, 1303, 1306, 1324, 1342, 1350, 1377, 1432, 1469, 1471, 1485, 1488, 1490, 1494, 1517, 1525, 1549, 1566, 1570, 1620, 1635, 1650, 1705, 1715, 1767, 1794, 1796, 1814, 1819, 1840, 1844, 1867, 1950, 1969, 1974, 1982, 2038, 2044, 2051, 2053, 2059, 2067, 2069, 2081, 2122, 2128, 2168, 2170, 2192, 2218, 2236, 2250, 2259, 2261, 2276, 2281, 2335, 2343, 2355, 2357, 2387]",[],"[45, 64, 92, 94, 126, 153, 182, 185, 191, 194, 248, 256, 264, 267, 293, 379, 463, 555, 561, 581, 588, 609, 611, 625, 674, 677, 684, 695, 705, 710, 816, 850, 856, 862, 875, 891, 911, 915, 966, 968, 1010, 1013, 1086, 1091, 1099, 1112, 1118, 1149, 1158, 1195, 1225, 1229, 1232, 1259, 1303, 1306, 1324, 1342, 1350, 1377, 1432, 1469, 1471, 1485, 1488, 1490, 1494, 1517, 1525, 1549, 1566, 1570, 1620, 1635, 1650, 1705, 1715, 1767, 1794, 1796, 1814, 1819, 1840, 1844, 1867, 1950, 1969, 1974, 1982, 2038, 2044, 2051, 2053, 2059, 2067, 2069, 2081, 2122, 2128, 2168, 2170, 2192, 2218, 2236, 2250, 2259, 2261, 2276, 2281, 2335, 2343, 2355, 2357, 2387]","[624, 1489]",2404,114,2290,0,114,2288,2
-4.0,MUSGPOAD,"[6, 37, 52, 85, 88, 137, 173, 175, 178, 181, 217, 230, 237, 279, 300, 302, 304, 306, 308, 310, 312, 314, 316, 318, 320, 322, 324, 326, 340, 348, 350, 354, 358, 388, 404, 411, 414, 417, 431, 435, 438, 462, 480, 517, 540, 548, 569, 613, 628, 630, 637, 650, 654, 696, 725, 742, 775, 781, 789, 791, 793, 823, 852, 859, 869, 871, 879, 891, 949, 955, 961, 969, 976, 988, 1012, 1045, 1049, 1054, 1085, 1094, 1103, 1125, 1127, 1138, 1141, 1170, 1195, 1198, 1203, 1228, 1266, 1307, 1317, 1325, 1329, 1341, 1351, 1393, 1396, 1490, 1497, 1504, 1506, 1537, 1552, 1576, 1578, 1584, 1658, 1675, 1716, 1720, 1732, 1738, 1748, 1873, 1916, 1930, 1951, 2005, 2018, 2043, 2047, 2056, 2061, 2076, 2084, 2093, 2107, 2116, 2119, 2171, 2203, 2239, 2255, 2264, 2270, 2286, 2299, 2307, 2325, 2365, 2397, 2404, 2426, 2469, 2475, 2482, 2512, 2539, 2543, 2546, 2549, 2551, 2561, 2576, 2624, 2646, 2648, 2653, 2682, 2696, 2711, 2728, 2761, 2809, 2816, 2818, 2844, 2853, 2860, 2863, 2865, 2878, 2886, 2899, 2906, 2908, 2921, 2974, 2996, 3005, 3014, 3035, 3038, 3047, 3080, 3091, 3118, 3133, 3142, 3177, 3185, 3187, 3193, 3315, 3319, 3330, 3338, 3344, 3377, 3401, 3404, 3409, 3423, 3436, 3443, 3445, 3447, 3482, 3494, 3519, 3521, 3539, 3555, 3581, 3595, 3604, 3614, 3635, 3666, 3675, 3682, 3696, 3701, 3706, 3717, 3746, 3787, 3802, 3804, 3816, 3848, 3884, 3897, 3902, 3914, 3920, 3927, 3990, 4018, 4021, 4024, 4028, 4039, 4047, 4062, 4068, 4079, 4085, 4087, 4113, 4127, 4138, 4157, 4169, 4184, 4198, 4204, 4207, 4243, 4251, 4267, 4327, 4404, 4408, 4452, 4492, 4495, 4506, 4589, 4629, 4638, 4716, 4783, 4791, 4793, 4810, 4817, 4821, 4825, 4838, 4875, 4882, 4917, 4921, 4934, 4997, 5001, 5007, 5039, 5046, 5084, 5096, 5111, 5115, 5155, 5157, 5183, 5200, 5246, 5251, 5263, 5287, 5307, 5327, 5329, 5343, 5347, 5387, 5401, 5405, 5417, 5446, 5489, 5499, 5502, 5514, 5516, 5536, 5578, 5611, 5629, 5648, 5653, 5660, 5669, 5676, 5679, 5720, 5800, 5805, 5827, 5849, 5860, 5907, 5911, 5916, 5945, 5951, 5953, 5975, 5994, 6017, 6019, 6049, 6075, 6078, 6114, 6143, 6150, 6165, 6171, 6182, 6198, 6207, 6212, 6227, 6362, 6382, 6399, 6407, 6409, 6421, 6427, 6437, 6450, 6506, 6516, 6520, 6524, 6539, 6574, 6628, 6715, 6725, 6740, 6757, 6780, 6804, 6817, 6835, 6837, 6839, 6860, 6864, 6873, 6886, 6898, 6943, 7004, 7021, 7033, 7035, 7049, 7057, 7067, 7093, 7168, 7189, 7192, 7205, 7208, 7234, 7259, 7265, 7278, 7301, 7303, 7354, 7394, 7404, 7426, 7434, 7456, 7488, 7505, 7531, 7545, 7568, 7584, 7593, 7627, 7633, 7637, 7647, 7661, 7718, 7757, 7761, 7772, 7777, 7784, 7811, 7822, 7835, 7838, 7846, 7851, 7861, 7863, 7873, 7903, 7919, 7930, 7934, 7981, 7999, 8026, 8041, 8043, 8066]",[],"[6, 37, 52, 85, 88, 137, 173, 175, 178, 181, 217, 230, 237, 279, 300, 302, 304, 306, 308, 310, 312, 314, 316, 318, 320, 322, 324, 326, 340, 348, 350, 354, 358, 388, 404, 411, 414, 417, 431, 435, 438, 462, 480, 517, 540, 548, 569, 613, 628, 630, 637, 650, 654, 696, 725, 742, 775, 781, 789, 791, 793, 823, 852, 859, 869, 871, 879, 891, 949, 955, 961, 969, 976, 988, 1012, 1045, 1049, 1054, 1085, 1094, 1103, 1125, 1127, 1138, 1141, 1170, 1195, 1198, 1203, 1228, 1266, 1307, 1317, 1325, 1329, 1341, 1351, 1393, 1396, 1490, 1497, 1504, 1506, 1537, 1552, 1576, 1578, 1584, 1658, 1675, 1716, 1720, 1732, 1738, 1748, 1873, 1916, 1930, 1951, 2005, 2018, 2043, 2047, 2056, 2061, 2076, 2084, 2093, 2107, 2116, 2119, 2171, 2203, 2239, 2255, 2264, 2270, 2286, 2299, 2307, 2325, 2365, 2397, 2404, 2426, 2469, 2475, 2482, 2512, 2539, 2543, 2546, 2549, 2551, 2561, 2576, 2624, 2646, 2648, 2653, 2682, 2696, 2711, 2728, 2761, 2809, 2816, 2818, 2844, 2853, 2860, 2863, 2865, 2878, 2886, 2899, 2906, 2908, 2921, 2974, 2996, 3005, 3014, 3035, 3038, 3047, 3080, 3091, 3118, 3133, 3142, 3177, 3185, 3187, 3193, 3315, 3319, 3330, 3338, 3344, 3377, 3401, 3404, 3409, 3423, 3436, 3443, 3445, 3447, 3482, 3494, 3519, 3521, 3539, 3555, 3581, 3595, 3604, 3614, 3635, 3666, 3675, 3682, 3696, 3701, 3706, 3717, 3746, 3787, 3802, 3804, 3816, 3848, 3884, 3897, 3902, 3914, 3920, 3927, 3990, 4018, 4021, 4024, 4028, 4039, 4047, 4062, 4068, 4079, 4085, 4087, 4113, 4127, 4138, 4157, 4169, 4184, 4198, 4204, 4207, 4243, 4251, 4267, 4327, 4404, 4408, 4452, 4492, 4495, 4506, 4589, 4629, 4638, 4716, 4783, 4791, 4793, 4810, 4817, 4821, 4825, 4838, 4875, 4882, 4917, 4921, 4934, 4997, 5001, 5007, 5039, 5046, 5084, 5096, 5111, 5115, 5155, 5157, 5183, 5200, 5246, 5251, 5263, 5287, 5307, 5327, 5329, 5343, 5347, 5387, 5401, 5405, 5417, 5446, 5489, 5499, 5502, 5514, 5516, 5536, 5578, 5611, 5629, 5648, 5653, 5660, 5669, 5676, 5679, 5720, 5800, 5805, 5827, 5849, 5860, 5907, 5911, 5916, 5945, 5951, 5953, 5975, 5994, 6017, 6019, 6049, 6075, 6078, 6114, 6143, 6150, 6165, 6171, 6182, 6198, 6207, 6212, 6227, 6362, 6382, 6399, 6407, 6409, 6421, 6427, 6437, 6450, 6506, 6516, 6520, 6524, 6539, 6574, 6628, 6715, 6725, 6740, 6757, 6780, 6804, 6817, 6835, 6837, 6839, 6860, 6864, 6873, 6886, 6898, 6943, 7004, 7021, 7033, 7035, 7049, 7057, 7067, 7093, 7168, 7189, 7192, 7205, 7208, 7234, 7259, 7265, 7278, 7301, 7303, 7354, 7394, 7404, 7426, 7434, 7456, 7488, 7505, 7531, 7545, 7568, 7584, 7593, 7627, 7633, 7637, 7647, 7661, 7718, 7757, 7761, 7772, 7777, 7784, 7811, 7822, 7835, 7838, 7846, 7851, 7861, 7863, 7873, 7903, 7919, 7930, 7934, 7981, 7999, 8026, 8041, 8043, 8066]","[1044, 2306, 4403, 4916]",8069,452,7617,0,452,7613,4
-4.0,MUSHBBH0,"[74, 116, 151, 164, 178, 185, 204, 277, 328, 343, 366, 371, 402, 430, 433, 471, 479, 511, 522, 528, 542, 547, 565, 572, 581, 592, 643, 652, 656, 685, 702, 722, 769, 801, 825, 868, 880, 915, 919, 936, 938, 974, 990, 1013, 1017, 1021, 1034, 1054, 1061, 1075, 1085, 1105, 1107, 1113, 1117, 1125, 1193, 1209, 1213, 1236, 1238, 1253, 1266, 1270, 1298, 1328, 1382, 1393, 1431, 1443, 1446, 1448, 1477, 1488, 1496, 1502, 1519, 1549, 1567, 1577, 1597, 1646, 1665, 1694, 1698, 1703, 1738, 1750, 1752, 1773, 1784, 1790, 1849, 1853, 1856, 1862, 1876, 1885, 1909, 1921, 1956, 1962, 1993, 2007, 2018, 2028, 2031, 2033, 2037, 2050, 2052, 2082, 2111]",[],"[74, 116, 151, 164, 178, 185, 204, 277, 328, 343, 366, 371, 402, 430, 433, 471, 479, 511, 522, 528, 542, 547, 565, 572, 581, 592, 643, 652, 656, 685, 702, 722, 769, 801, 825, 868, 880, 915, 919, 936, 938, 974, 990, 1013, 1017, 1021, 1034, 1054, 1061, 1075, 1085, 1105, 1107, 1113, 1117, 1125, 1193, 1209, 1213, 1236, 1238, 1253, 1266, 1270, 1298, 1328, 1382, 1393, 1431, 1443, 1446, 1448, 1477, 1488, 1496, 1502, 1519, 1549, 1567, 1577, 1597, 1646, 1665, 1694, 1698, 1703, 1738, 1750, 1752, 1773, 1784, 1790, 1849, 1853, 1856, 1862, 1876, 1885, 1909, 1921, 1956, 1962, 1993, 2007, 2018, 2028, 2031, 2033, 2037, 2050, 2052, 2082, 2111]","[365, 914]",2128,113,2015,0,113,2013,2
-4.0,MUSHBBH1,"[10, 27, 53, 98, 119, 160, 202, 237, 250, 264, 271, 290, 363, 414, 429, 452, 500, 511, 516, 551, 568, 600, 667, 691, 734, 746, 760, 781, 785, 802, 804, 839, 848, 872, 878, 886, 899, 903, 912, 934, 942, 945, 964, 976, 1005, 1063, 1067, 1112, 1155, 1157, 1169, 1248, 1277, 1295, 1324, 1337, 1339, 1418, 1433, 1438, 1441, 1443, 1454, 1459, 1467, 1470, 1477, 1491, 1494, 1498, 1501, 1540, 1546, 1572, 1582, 1603, 1607, 1652, 1676, 1685, 1699, 1708, 1729, 1747, 1749, 1809, 1849, 1856, 1860, 1874, 1899, 1903]",[],"[10, 27, 53, 98, 119, 160, 202, 237, 250, 264, 271, 290, 363, 414, 429, 452, 500, 511, 516, 551, 568, 600, 667, 691, 734, 746, 760, 781, 785, 802, 804, 839, 848, 872, 878, 886, 899, 903, 912, 934, 942, 945, 964, 976, 1005, 1063, 1067, 1112, 1155, 1157, 1169, 1248, 1277, 1295, 1324, 1337, 1339, 1418, 1433, 1438, 1441, 1443, 1454, 1459, 1467, 1470, 1477, 1491, 1494, 1498, 1501, 1540, 1546, 1572, 1582, 1603, 1607, 1652, 1676, 1685, 1699, 1708, 1729, 1747, 1749, 1809, 1849, 1856, 1860, 1874, 1899, 1903]","[451, 780]",1919,92,1827,0,92,1825,2
-4.0,MUSHES1,"[39, 66, 77, 84, 86, 110, 116, 128, 137, 151, 157, 162, 219, 243, 260, 271, 288, 323, 341, 346, 356, 386, 488, 507, 509, 557, 565, 573, 586, 590, 593, 636, 653, 688, 738, 785, 789, 873, 898, 937, 1006, 1069, 1109, 1122, 1126, 1141, 1143, 1160, 1187, 1190, 1234, 1243, 1249, 1275, 1278, 1308, 1321, 1324, 1339, 1342, 1352, 1368, 1382, 1401, 1407, 1411, 1414, 1425, 1451, 1456, 1474, 1489, 1494, 1513, 1537, 1552, 1554, 1566, 1595, 1627, 1630, 1672, 1699, 1753, 1755, 1785, 1798, 1812, 1818, 1820, 1828, 1840, 1950, 1964, 2005, 2055, 2086, 2104, 2107, 2173, 2182, 2198, 2209, 2213, 2224, 2226, 2237, 2265, 2274, 2309, 2314, 2388, 2391, 2399, 2422, 2432, 2442, 2449, 2472, 2487, 2509, 2520, 2536, 2564, 2578, 2615, 2642, 2656, 2683, 2697, 2700, 2718, 2721, 2744, 2756]",[],"[39, 66, 77, 84, 86, 110, 116, 128, 137, 151, 157, 162, 219, 243, 260, 271, 288, 323, 341, 346, 356, 386, 488, 507, 509, 557, 565, 573, 586, 590, 593, 636, 653, 688, 738, 785, 789, 873, 898, 937, 1006, 1069, 1109, 1122, 1126, 1141, 1143, 1160, 1187, 1190, 1234, 1243, 1249, 1275, 1278, 1308, 1321, 1324, 1339, 1342, 1352, 1368, 1382, 1401, 1407, 1411, 1414, 1425, 1451, 1456, 1474, 1489, 1494, 1513, 1537, 1552, 1554, 1566, 1595, 1627, 1630, 1672, 1699, 1753, 1755, 1785, 1798, 1812, 1818, 1820, 1828, 1840, 1950, 1964, 2005, 2055, 2086, 2104, 2107, 2173, 2182, 2198, 2209, 2213, 2224, 2226, 2237, 2265, 2274, 2309, 2314, 2388, 2391, 2399, 2422, 2432, 2442, 2449, 2472, 2487, 2509, 2520, 2536, 2564, 2578, 2615, 2642, 2656, 2683, 2697, 2700, 2718, 2721, 2744, 2756]","[556, 784, 1108]",2818,135,2683,0,135,2680,3
-4.0,MUSHOX35A,"[49, 53, 62, 64, 103, 106, 162, 187, 203, 228, 233, 237, 239, 241, 273, 282, 290, 396, 535, 551, 589, 593, 598, 603, 605, 613, 720, 740, 748, 750, 766, 774, 780, 793, 804, 884, 967, 1025, 1063, 1067, 1081, 1199, 1272, 1299, 1309, 1380, 1426, 1463, 1508, 1519, 1531, 1536, 1540, 1542, 1584, 1586, 1589, 1625, 1694, 1716, 1722, 1783, 1846, 1866, 1923, 1953, 1964, 1967, 2008, 2013, 2133, 2169, 2176, 2239, 2274, 2278, 2333, 2354, 2357, 2359, 2362, 2373, 2384, 2390, 2393, 2396, 2399, 2404, 2411, 2418, 2423, 2428, 2466, 2513, 2515, 2521, 2526, 2532, 2578, 2582, 2587, 2662, 2666, 2678, 2706, 2714, 2722, 2731, 2792, 2797, 2834, 2847, 2851, 2855, 2879, 2882, 2888, 2890, 2919, 2944, 2946, 2952, 2964, 2982, 2988, 3003, 3009, 3017, 3041, 3046, 3068, 3077, 3102, 3120, 3128, 3144, 3151, 3160, 3170, 3185, 3210, 3223, 3232, 3244, 3249, 3272, 3282, 3312, 3350, 3374, 3399, 3417, 3441, 3454, 3465, 3496, 3520, 3525, 3546, 3551, 3590, 3613, 3648, 3650, 3665, 3709, 3748, 3751, 3786, 3788]",[],"[49, 53, 62, 64, 103, 106, 162, 187, 203, 228, 233, 237, 239, 241, 273, 282, 290, 396, 535, 551, 589, 593, 598, 603, 605, 613, 720, 740, 748, 750, 766, 774, 780, 793, 804, 884, 967, 1025, 1063, 1067, 1081, 1199, 1272, 1299, 1309, 1380, 1426, 1463, 1508, 1519, 1531, 1536, 1540, 1542, 1584, 1586, 1589, 1625, 1694, 1716, 1722, 1783, 1846, 1866, 1923, 1953, 1964, 1967, 2008, 2013, 2133, 2169, 2176, 2239, 2274, 2278, 2333, 2354, 2357, 2359, 2362, 2373, 2384, 2390, 2393, 2396, 2399, 2404, 2411, 2418, 2423, 2428, 2466, 2513, 2515, 2521, 2526, 2532, 2578, 2582, 2587, 2662, 2666, 2678, 2706, 2714, 2722, 2731, 2792, 2797, 2834, 2847, 2851, 2855, 2879, 2882, 2888, 2890, 2919, 2944, 2946, 2952, 2964, 2982, 2988, 3003, 3009, 3017, 3041, 3046, 3068, 3077, 3102, 3120, 3128, 3144, 3151, 3160, 3170, 3185, 3210, 3223, 3232, 3244, 3249, 3272, 3282, 3312, 3350, 3374, 3399, 3417, 3441, 3454, 3465, 3496, 3520, 3525, 3546, 3551, 3590, 3613, 3648, 3650, 3665, 3709, 3748, 3751, 3786, 3788]",[1308],3848,170,3678,0,170,3677,1
-4.0,MUSIL1RN,"[9, 65, 71, 88, 93, 102, 169, 187, 217, 233, 239, 263, 281, 310, 359, 366, 383, 419, 450, 513, 517, 571, 609, 627, 629, 631, 633, 637, 639, 641, 653, 657, 661, 665, 667, 692, 694, 696, 698, 710, 714, 718, 720, 742, 744, 746, 748, 750, 752, 754, 756, 758, 760, 762, 764, 766, 800, 808, 815, 849, 856, 882, 887, 891, 962, 982, 993, 999, 1001, 1023, 1029, 1036, 1048, 1080, 1082, 1094, 1113, 1121, 1129, 1155, 1160, 1180, 1228, 1276, 1280, 1293, 1313, 1318, 1322, 1324, 1329, 1349, 1389, 1417, 1421, 1435, 1446, 1490, 1499, 1504, 1521, 1530, 1560, 1587, 1594, 1601, 1654, 1659, 1677, 1703, 1737, 1778, 1786, 1844, 1850, 1869, 1881, 1890, 1902, 1908, 1913, 1923, 1929, 1932, 1979, 1992, 1995, 2012, 2056, 2061, 2081, 2086, 2099, 2116, 2158, 2167, 2187, 2207, 2214, 2225, 2252, 2276, 2278, 2290, 2294, 2312, 2320, 2329, 2358, 2452, 2484, 2488, 2507, 2509, 2525, 2553, 2560, 2572, 2577, 2617, 2651, 2724, 2730, 2748, 2750, 2790, 2794, 2803, 2817, 2837, 2899, 2909, 2922, 2937, 2941, 2963, 3000, 3013, 3034, 3043, 3077, 3101, 3117, 3124, 3126, 3148, 3158, 3166, 3185, 3197, 3202, 3209, 3216, 3226, 3236, 3238, 3256, 3269, 3271, 3451, 3470, 3472, 3474, 3501, 3507, 3512, 3519, 3550, 3561, 3593, 3609, 3611, 3666, 3679, 3694, 3705, 3712, 3723, 3732, 3735, 3763, 3781, 3806, 3809, 3832, 3855, 3861, 3884, 3888, 3906, 3911, 3914, 3931, 3939, 3976, 4009, 4014, 4029, 4054, 4137, 4139, 4159, 4163, 4166, 4176, 4245, 4249, 4339, 4428, 4439, 4449, 4478, 4483, 4519, 4527, 4551, 4566, 4631, 4633, 4638, 4656, 4681, 4685, 4745, 4751, 4768, 4786, 4791, 4815, 4817, 4869, 4875, 4887, 4903, 4918, 4940, 4956, 4969, 4975, 4988, 5003, 5059, 5074, 5138, 5167, 5178, 5185, 5196, 5238, 5246, 5267, 5270, 5296, 5298, 5318, 5336, 5382, 5390, 5404, 5456, 5476, 5499, 5532, 5563, 5569, 5577, 5587, 5630, 5632, 5634, 5636, 5638, 5640, 5642, 5644, 5646, 5648, 5650, 5652, 5654, 5656, 5658, 5660, 5662, 5664, 5666, 5668, 5670, 5684, 5701, 5708, 5760, 5762, 5769, 5782, 5799, 5837, 5846, 5850, 5853, 5876, 5931, 5949, 5969, 5999, 6007, 6010, 6012, 6035, 6079, 6167, 6199, 6211, 6218, 6248, 6263, 6271, 6276, 6279, 6290, 6292, 6295, 6304, 6306, 6342]",[],"[9, 65, 71, 88, 93, 102, 169, 187, 217, 233, 239, 263, 281, 310, 359, 366, 383, 419, 450, 513, 517, 571, 609, 627, 629, 631, 633, 637, 639, 641, 653, 657, 661, 665, 667, 692, 694, 696, 698, 710, 714, 718, 720, 742, 744, 746, 748, 750, 752, 754, 756, 758, 760, 762, 764, 766, 800, 808, 815, 849, 856, 882, 887, 891, 962, 982, 993, 999, 1001, 1023, 1029, 1036, 1048, 1080, 1082, 1094, 1113, 1121, 1129, 1155, 1160, 1180, 1228, 1276, 1280, 1293, 1313, 1318, 1322, 1324, 1329, 1349, 1389, 1417, 1421, 1435, 1446, 1490, 1499, 1504, 1521, 1530, 1560, 1587, 1594, 1601, 1654, 1659, 1677, 1703, 1737, 1778, 1786, 1844, 1850, 1869, 1881, 1890, 1902, 1908, 1913, 1923, 1929, 1932, 1979, 1992, 1995, 2012, 2056, 2061, 2081, 2086, 2099, 2116, 2158, 2167, 2187, 2207, 2214, 2225, 2252, 2276, 2278, 2290, 2294, 2312, 2320, 2329, 2358, 2452, 2484, 2488, 2507, 2509, 2525, 2553, 2560, 2572, 2577, 2617, 2651, 2724, 2730, 2748, 2750, 2790, 2794, 2803, 2817, 2837, 2899, 2909, 2922, 2937, 2941, 2963, 3000, 3013, 3034, 3043, 3077, 3101, 3117, 3124, 3126, 3148, 3158, 3166, 3185, 3197, 3202, 3209, 3216, 3226, 3236, 3238, 3256, 3269, 3271, 3451, 3470, 3472, 3474, 3501, 3507, 3512, 3519, 3550, 3561, 3593, 3609, 3611, 3666, 3679, 3694, 3705, 3712, 3723, 3732, 3735, 3763, 3781, 3806, 3809, 3832, 3855, 3861, 3884, 3888, 3906, 3911, 3914, 3931, 3939, 3976, 4009, 4014, 4029, 4054, 4137, 4139, 4159, 4163, 4166, 4176, 4245, 4249, 4339, 4428, 4439, 4449, 4478, 4483, 4519, 4527, 4551, 4566, 4631, 4633, 4638, 4656, 4681, 4685, 4745, 4751, 4768, 4786, 4791, 4815, 4817, 4869, 4875, 4887, 4903, 4918, 4940, 4956, 4969, 4975, 4988, 5003, 5059, 5074, 5138, 5167, 5178, 5185, 5196, 5238, 5246, 5267, 5270, 5296, 5298, 5318, 5336, 5382, 5390, 5404, 5456, 5476, 5499, 5532, 5563, 5569, 5577, 5587, 5630, 5632, 5634, 5636, 5638, 5640, 5642, 5644, 5646, 5648, 5650, 5652, 5654, 5656, 5658, 5660, 5662, 5664, 5666, 5668, 5670, 5684, 5701, 5708, 5760, 5762, 5769, 5782, 5799, 5837, 5846, 5850, 5853, 5876, 5931, 5949, 5969, 5999, 6007, 6010, 6012, 6035, 6079, 6167, 6199, 6211, 6218, 6248, 6263, 6271, 6276, 6279, 6290, 6292, 6295, 6304, 6306, 6342]","[512, 2483, 3549]",6343,365,5978,0,365,5975,3
-4.0,MUSKE3A,"[4, 8, 22, 83, 97, 127, 140, 142, 168, 240, 242, 244, 266, 293, 305, 312, 341, 350, 361, 364, 366, 407, 412, 419, 435, 437, 445, 452, 466, 485, 545, 551, 553, 593, 623, 648, 651, 656, 658, 662, 664, 667, 672, 688, 718, 727, 742, 753, 773, 775, 789, 795, 802, 805, 834, 841, 859, 886, 889, 907, 927, 932, 954, 958, 970, 977, 982, 984, 986, 1003, 1007, 1010, 1020, 1033, 1049, 1063, 1089, 1094, 1099, 1111, 1117, 1135, 1140, 1153, 1164, 1216, 1223, 1225, 1228, 1240, 1242, 1251, 1274, 1281, 1283, 1329, 1354, 1361, 1363, 1367, 1378, 1387, 1392, 1396, 1401, 1403, 1411, 1492, 1546, 1563, 1567, 1570, 1574, 1583, 1605, 1609, 1621, 1646, 1662, 1668, 1699, 1714, 1722, 1736, 1753, 1821, 1848, 1862, 1864, 1882, 1916, 1930, 1949, 1957, 1962, 1967, 1979, 1999, 2001, 2008, 2012, 2028, 2032, 2040, 2053, 2059, 2074, 2088, 2100, 2151, 2171, 2195, 2201, 2204, 2210, 2225, 2229, 2238, 2259, 2285, 2291, 2302, 2309, 2322, 2340, 2399, 2402, 2410, 2441, 2448, 2458, 2466, 2477, 2482, 2486, 2495, 2500, 2502, 2516, 2526, 2530, 2543, 2554, 2600, 2607, 2652, 2660, 2662, 2664, 2666, 2683, 2694, 2728, 2764, 2795, 2799, 2801, 2877, 2910, 2921, 2938, 2961, 2978, 3002, 3033, 3054, 3057, 3059, 3117, 3126, 3155, 3173, 3195, 3209, 3219, 3221, 3223, 3235, 3245, 3248, 3252, 3263, 3283, 3286, 3295, 3309, 3322, 3340, 3401, 3406, 3410, 3450, 3476, 3483, 3507, 3509, 3516, 3554, 3558, 3560, 3578, 3595, 3606]",[],"[4, 8, 22, 83, 97, 127, 140, 142, 168, 240, 242, 244, 266, 293, 305, 312, 341, 350, 361, 364, 366, 407, 412, 419, 435, 437, 445, 452, 466, 485, 545, 551, 553, 593, 623, 648, 651, 656, 658, 662, 664, 667, 672, 688, 718, 727, 742, 753, 773, 775, 789, 795, 802, 805, 834, 841, 859, 886, 889, 907, 927, 932, 954, 958, 970, 977, 982, 984, 986, 1003, 1007, 1010, 1020, 1033, 1049, 1063, 1089, 1094, 1099, 1111, 1117, 1135, 1140, 1153, 1164, 1216, 1223, 1225, 1228, 1240, 1242, 1251, 1274, 1281, 1283, 1329, 1354, 1361, 1363, 1367, 1378, 1387, 1392, 1396, 1401, 1403, 1411, 1492, 1546, 1563, 1567, 1570, 1574, 1583, 1605, 1609, 1621, 1646, 1662, 1668, 1699, 1714, 1722, 1736, 1753, 1821, 1848, 1862, 1864, 1882, 1916, 1930, 1949, 1957, 1962, 1967, 1979, 1999, 2001, 2008, 2012, 2028, 2032, 2040, 2053, 2059, 2074, 2088, 2100, 2151, 2171, 2195, 2201, 2204, 2210, 2225, 2229, 2238, 2259, 2285, 2291, 2302, 2309, 2322, 2340, 2399, 2402, 2410, 2441, 2448, 2458, 2466, 2477, 2482, 2486, 2495, 2500, 2502, 2516, 2526, 2530, 2543, 2554, 2600, 2607, 2652, 2660, 2662, 2664, 2666, 2683, 2694, 2728, 2764, 2795, 2799, 2801, 2877, 2910, 2921, 2938, 2961, 2978, 3002, 3033, 3054, 3057, 3059, 3117, 3126, 3155, 3173, 3195, 3209, 3219, 3221, 3223, 3235, 3245, 3248, 3252, 3263, 3283, 3286, 3295, 3309, 3322, 3340, 3401, 3406, 3410, 3450, 3476, 3483, 3507, 3509, 3516, 3554, 3558, 3560, 3578, 3595, 3606]","[21, 544, 3218, 3400]",3613,243,3370,0,243,3366,4
-4.0,MUSLMP7A,"[4, 16, 35, 46, 50, 77, 79, 83, 101, 114, 176, 242, 277, 288, 330, 401, 430, 432, 434, 439, 446, 464, 474, 488, 493, 536, 560, 568, 578, 581, 589, 638, 650, 654, 665, 676, 679, 701, 726, 756, 788, 814, 822, 860, 870, 893, 904, 908, 984, 995, 1013, 1027, 1033, 1083, 1094, 1108, 1113, 1136, 1144, 1166, 1169, 1177, 1189, 1194, 1219, 1248, 1272, 1319, 1328, 1335, 1355, 1359, 1362, 1365, 1369, 1386, 1388, 1398, 1408, 1429, 1470, 1508, 1534, 1546, 1571, 1575, 1593, 1646, 1651, 1654, 1678, 1691, 1709, 1711, 1739, 1757, 1772, 1783, 1829, 1848, 1856, 1877, 1925, 1979, 2023, 2031, 2034, 2051, 2095, 2108, 2114, 2120, 2145, 2154, 2158, 2162, 2164, 2173, 2175, 2186, 2195, 2203, 2212, 2236, 2270, 2276, 2294, 2298, 2308, 2363, 2398, 2403, 2406, 2422, 2437, 2449, 2455, 2463, 2480, 2496, 2507, 2514, 2534, 2611, 2642, 2671, 2687, 2690, 2759, 2763, 2771, 2815, 2839, 2841, 2894, 2900, 2903, 2934, 2936, 2975, 3013, 3030, 3034, 3043, 3047, 3051, 3061, 3070, 3072, 3114, 3121, 3131, 3133, 3138, 3145, 3151, 3179, 3183, 3193, 3196, 3231, 3241, 3244, 3256, 3259, 3273, 3297, 3300, 3307, 3343, 3345, 3350, 3373, 3386, 3404, 3415, 3439, 3454, 3488, 3523, 3560, 3570, 3573, 3591, 3665, 3668, 3675, 3745, 3783, 3791, 3796, 3812, 3832, 3834, 3836, 3838, 3840, 3916, 3938, 3940, 3960, 3965, 3971, 3978, 3986, 3990, 4000, 4006, 4024, 4058, 4099, 4145, 4185, 4204, 4213, 4221, 4224, 4237, 4245]",[],"[4, 16, 35, 46, 50, 77, 79, 83, 101, 114, 176, 242, 277, 288, 330, 401, 430, 432, 434, 439, 446, 464, 474, 488, 493, 536, 560, 568, 578, 581, 589, 638, 650, 654, 665, 676, 679, 701, 726, 756, 788, 814, 822, 860, 870, 893, 904, 908, 984, 995, 1013, 1027, 1033, 1083, 1094, 1108, 1113, 1136, 1144, 1166, 1169, 1177, 1189, 1194, 1219, 1248, 1272, 1319, 1328, 1335, 1355, 1359, 1362, 1365, 1369, 1386, 1388, 1398, 1408, 1429, 1470, 1508, 1534, 1546, 1571, 1575, 1593, 1646, 1651, 1654, 1678, 1691, 1709, 1711, 1739, 1757, 1772, 1783, 1829, 1848, 1856, 1877, 1925, 1979, 2023, 2031, 2034, 2051, 2095, 2108, 2114, 2120, 2145, 2154, 2158, 2162, 2164, 2173, 2175, 2186, 2195, 2203, 2212, 2236, 2270, 2276, 2294, 2298, 2308, 2363, 2398, 2403, 2406, 2422, 2437, 2449, 2455, 2463, 2480, 2496, 2507, 2514, 2534, 2611, 2642, 2671, 2687, 2690, 2759, 2763, 2771, 2815, 2839, 2841, 2894, 2900, 2903, 2934, 2936, 2975, 3013, 3030, 3034, 3043, 3047, 3051, 3061, 3070, 3072, 3114, 3121, 3131, 3133, 3138, 3145, 3151, 3179, 3183, 3193, 3196, 3231, 3241, 3244, 3256, 3259, 3273, 3297, 3300, 3307, 3343, 3345, 3350, 3373, 3386, 3404, 3415, 3439, 3454, 3488, 3523, 3560, 3570, 3573, 3591, 3665, 3668, 3675, 3745, 3783, 3791, 3796, 3812, 3832, 3834, 3836, 3838, 3840, 3916, 3938, 3940, 3960, 3965, 3971, 3978, 3986, 3990, 4000, 4006, 4024, 4058, 4099, 4145, 4185, 4204, 4213, 4221, 4224, 4237, 4245]","[1318, 2153, 2454, 3029, 3674]",4260,239,4021,0,239,4016,5
-4.0,MUSLTA,"[21, 44, 46, 57, 73, 127, 164, 172, 175, 178, 204, 221, 250, 260, 273, 298, 334, 344, 383, 448, 451, 506, 522, 531, 535, 570, 651, 707, 728, 750, 766, 831, 838, 845, 853, 891, 931, 985, 1019, 1022, 1041, 1087, 1208, 1226, 1246, 1332, 1337, 1345, 1348, 1364, 1368, 1374, 1389, 1492, 1502, 1515, 1538, 1567, 1579, 1591, 1595, 1603, 1613, 1619, 1633, 1638, 1642, 1652, 1654, 1703, 1728, 1745, 1763, 1808, 1831, 1839, 1858, 1866, 1901, 1903, 1987, 1991, 2016, 2021, 2051, 2105, 2115, 2129, 2133, 2140, 2197, 2202, 2218, 2265, 2322, 2336, 2348, 2351, 2414, 2447, 2460, 2470, 2474, 2476, 2497, 2501, 2512, 2525, 2527, 2538, 2554, 2601, 2603, 2626, 2676, 2679, 2688, 2702, 2820, 2844, 2848, 2854, 2899, 2919, 2942, 2947, 2992, 3008, 3022, 3024, 3074, 3078, 3089, 3165, 3200, 3208, 3210, 3214, 3221, 3241, 3254, 3279, 3283]",[],"[21, 44, 46, 57, 73, 127, 164, 172, 175, 178, 204, 221, 250, 260, 273, 298, 334, 344, 383, 448, 451, 506, 522, 531, 535, 570, 651, 707, 728, 750, 766, 831, 838, 845, 853, 891, 931, 985, 1019, 1022, 1041, 1087, 1208, 1226, 1246, 1332, 1337, 1345, 1348, 1364, 1368, 1374, 1389, 1492, 1502, 1515, 1538, 1567, 1579, 1591, 1595, 1603, 1613, 1619, 1633, 1638, 1642, 1652, 1654, 1703, 1728, 1745, 1763, 1808, 1831, 1839, 1858, 1866, 1901, 1903, 1987, 1991, 2016, 2021, 2051, 2105, 2115, 2129, 2133, 2140, 2197, 2202, 2218, 2265, 2322, 2336, 2348, 2351, 2414, 2447, 2460, 2470, 2474, 2476, 2497, 2501, 2512, 2525, 2527, 2538, 2554, 2601, 2603, 2626, 2676, 2679, 2688, 2702, 2820, 2844, 2848, 2854, 2899, 2919, 2942, 2947, 2992, 3008, 3022, 3024, 3074, 3078, 3089, 3165, 3200, 3208, 3210, 3214, 3221, 3241, 3254, 3279, 3283]","[1807, 1990]",3287,143,3144,0,143,3142,2
-4.0,MUSMC26,"[85, 124, 130, 156, 181, 195, 197, 235, 239, 243, 277, 291, 294, 304, 307, 317, 340, 345, 384, 387, 406, 425, 519, 531, 540, 555, 592, 620, 635, 647, 683, 688, 696, 707, 721, 725, 753, 759, 769, 779, 783, 817, 844, 906, 970, 1018, 1020, 1072, 1095, 1175, 1233, 1261, 1264, 1348, 1582, 1590, 1592, 1622, 1662, 1669, 1698, 1806, 1840, 1856, 1885, 1907, 1954, 2007, 2022, 2029, 2047, 2060, 2072, 2111, 2192, 2195, 2236, 2254, 2342, 2348, 2371, 2383, 2387, 2420, 2424, 2450, 2471, 2476, 2497, 2541, 2568, 2596, 2637, 2652, 2692, 2728, 2762, 2785, 2795, 2838, 2899, 2922, 2924, 2960, 2963, 3047, 3056, 3076, 3093, 3101, 3108, 3147, 3191, 3195, 3219, 3223, 3241, 3250, 3261, 3272, 3284, 3332, 3345, 3366, 3416, 3443, 3463, 3472, 3484, 3549, 3558, 3628, 3630, 3650, 3667, 3671, 3683, 3688, 3690, 3700, 3717, 3721, 3732, 3738, 3757, 3832, 3840, 3871, 3921, 3928, 3942, 3965, 3974, 3983, 4042, 4045, 4101, 4145, 4170, 4180, 4183, 4209, 4216, 4249, 4271, 4273, 4303, 4323, 4325, 4342, 4401, 4414, 4430, 4450, 4457, 4478, 4484, 4487, 4497, 4527, 4539, 4542, 4587, 4601, 4614, 4649, 4664, 4670, 4676, 4681, 4753, 4766, 4771, 4812, 4823, 4895, 4944, 5065, 5070, 5094, 5141, 5182, 5237, 5307]",[],"[85, 124, 130, 156, 181, 195, 197, 235, 239, 243, 277, 291, 294, 304, 307, 317, 340, 345, 384, 387, 406, 425, 519, 531, 540, 555, 592, 620, 635, 647, 683, 688, 696, 707, 721, 725, 753, 759, 769, 779, 783, 817, 844, 906, 970, 1018, 1020, 1072, 1095, 1175, 1233, 1261, 1264, 1348, 1582, 1590, 1592, 1622, 1662, 1669, 1698, 1806, 1840, 1856, 1885, 1907, 1954, 2007, 2022, 2029, 2047, 2060, 2072, 2111, 2192, 2195, 2236, 2254, 2342, 2348, 2371, 2383, 2387, 2420, 2424, 2450, 2471, 2476, 2497, 2541, 2568, 2596, 2637, 2652, 2692, 2728, 2762, 2785, 2795, 2838, 2899, 2922, 2924, 2960, 2963, 3047, 3056, 3076, 3093, 3101, 3108, 3147, 3191, 3195, 3219, 3223, 3241, 3250, 3261, 3272, 3284, 3332, 3345, 3366, 3416, 3443, 3463, 3472, 3484, 3549, 3558, 3628, 3630, 3650, 3667, 3671, 3683, 3688, 3690, 3700, 3717, 3721, 3732, 3738, 3757, 3832, 3840, 3871, 3921, 3928, 3942, 3965, 3974, 3983, 4042, 4045, 4101, 4145, 4170, 4180, 4183, 4209, 4216, 4249, 4271, 4273, 4303, 4323, 4325, 4342, 4401, 4414, 4430, 4450, 4457, 4478, 4484, 4487, 4497, 4527, 4539, 4542, 4587, 4601, 4614, 4649, 4664, 4670, 4676, 4681, 4753, 4766, 4771, 4812, 4823, 4895, 4944, 5065, 5070, 5094, 5141, 5182, 5237, 5307]","[2419, 3190, 4144]",5387,204,5183,0,204,5180,3
-4.0,MUSOGC,"[12, 30, 96, 114, 118, 120, 129, 143, 161, 245, 280, 291, 335, 373, 375, 415, 417, 419, 439, 461, 464, 490, 494, 523, 533, 536, 544, 547, 553, 574, 580, 592, 614, 619, 621, 632, 634, 636, 638, 645, 647, 663, 665, 667, 671, 677, 703, 741, 743, 761, 780, 815, 834, 899, 921, 929]",[],"[12, 30, 96, 114, 118, 120, 129, 143, 161, 245, 280, 291, 335, 373, 375, 415, 417, 419, 439, 461, 464, 490, 494, 523, 533, 536, 544, 547, 553, 574, 580, 592, 614, 619, 621, 632, 634, 636, 638, 645, 647, 663, 665, 667, 671, 677, 703, 741, 743, 761, 780, 815, 834, 899, 921, 929]","[113, 290, 489]",942,56,886,0,56,883,3
-4.0,MUSOGCA,"[11, 28, 42, 55, 57, 88, 108, 111, 153, 155, 180, 201, 204, 215, 231, 233, 264, 267, 271, 286, 341, 357, 368, 370, 379, 410, 465, 480, 514, 537, 542, 565, 573, 624, 664, 672, 704, 706, 709, 712, 726, 750, 765, 783, 849, 867, 871, 873, 882, 896, 914, 998, 1003, 1033, 1044, 1088, 1126, 1128, 1168, 1170, 1172, 1192, 1214, 1217, 1243, 1247, 1276, 1286, 1289, 1297, 1300, 1327, 1333, 1345, 1367, 1372, 1374, 1387, 1389, 1391, 1398, 1400, 1416, 1418, 1420, 1424, 1430, 1456, 1496, 1514, 1533, 1568, 1587, 1652, 1674, 1682]",[],"[11, 28, 42, 55, 57, 88, 108, 111, 153, 155, 180, 201, 204, 215, 231, 233, 264, 267, 271, 286, 341, 357, 368, 370, 379, 410, 465, 480, 514, 537, 542, 565, 573, 624, 664, 672, 704, 706, 709, 712, 726, 750, 765, 783, 849, 867, 871, 873, 882, 896, 914, 998, 1003, 1033, 1044, 1088, 1126, 1128, 1168, 1170, 1172, 1192, 1214, 1217, 1243, 1247, 1276, 1286, 1289, 1297, 1300, 1327, 1333, 1345, 1367, 1372, 1374, 1387, 1389, 1391, 1398, 1400, 1416, 1418, 1420, 1424, 1430, 1456, 1496, 1514, 1533, 1568, 1587, 1652, 1674, 1682]","[866, 1043, 1242]",1695,96,1599,0,96,1596,3
-4.0,MUSOGCB,"[12, 96, 114, 118, 120, 129, 143, 161, 245, 280, 291, 320, 337, 363, 374, 376, 416, 418, 420, 440, 462, 465, 491, 495, 521, 524, 534, 537, 545, 548, 575, 581, 593, 615, 620, 622, 633, 635, 637, 639, 646, 648, 664, 666, 668, 672, 678, 704, 742, 744, 762, 781, 816, 835, 900, 922, 930]",[],"[12, 96, 114, 118, 120, 129, 143, 161, 245, 280, 291, 320, 337, 363, 374, 376, 416, 418, 420, 440, 462, 465, 491, 495, 521, 524, 534, 537, 545, 548, 575, 581, 593, 615, 620, 622, 633, 635, 637, 639, 646, 648, 664, 666, 668, 672, 678, 704, 742, 744, 762, 781, 816, 835, 900, 922, 930]","[113, 290, 490]",943,57,886,0,57,883,3
-4.0,MUSPNMT,"[19, 28, 55, 65, 75, 77, 86, 90, 105, 109, 112, 149, 151, 159, 172, 185, 191, 197, 201, 216, 219, 243, 245, 277, 319, 368, 397, 406, 452, 510, 524, 536, 548, 554, 556, 564, 569, 583, 603, 631, 637, 655, 664, 676, 681, 683, 695, 780, 870, 896, 898, 921, 941, 948, 956, 965, 983, 987, 994, 1016, 1077, 1096, 1107, 1124, 1148, 1150, 1189, 1196, 1200, 1209, 1222, 1238, 1269, 1273, 1303, 1314, 1317, 1358, 1369, 1388, 1391, 1417, 1438, 1468, 1524, 1530, 1594, 1620, 1653, 1666, 1714, 1749, 1822, 1829, 1853, 1882, 1921, 1944, 1955, 1975, 1988, 1999, 2010, 2024, 2062, 2111, 2136, 2141, 2143, 2153, 2199, 2205, 2246, 2253, 2304, 2306, 2308, 2313, 2344, 2367, 2373, 2377, 2407, 2416, 2436, 2446, 2451, 2455, 2492, 2501, 2516, 2547, 2552, 2576, 2600, 2667, 2698, 2704, 2728, 2732, 2735, 2741, 2743, 2756, 2771, 2778, 2781, 2789, 2837, 2846, 2885, 2891, 2893, 2915, 2917, 2922, 2934, 2950, 2965, 2971, 2981, 2987, 3041, 3116, 3125]",[],"[19, 28, 55, 65, 75, 77, 86, 90, 105, 109, 112, 149, 151, 159, 172, 185, 191, 197, 201, 216, 219, 243, 245, 277, 319, 368, 397, 406, 452, 510, 524, 536, 548, 554, 556, 564, 569, 583, 603, 631, 637, 655, 664, 676, 681, 683, 695, 780, 870, 896, 898, 921, 941, 948, 956, 965, 983, 987, 994, 1016, 1077, 1096, 1107, 1124, 1148, 1150, 1189, 1196, 1200, 1209, 1222, 1238, 1269, 1273, 1303, 1314, 1317, 1358, 1369, 1388, 1391, 1417, 1438, 1468, 1524, 1530, 1594, 1620, 1653, 1666, 1714, 1749, 1822, 1829, 1853, 1882, 1921, 1944, 1955, 1975, 1988, 1999, 2010, 2024, 2062, 2111, 2136, 2141, 2143, 2153, 2199, 2205, 2246, 2253, 2304, 2306, 2308, 2313, 2344, 2367, 2373, 2377, 2407, 2416, 2436, 2446, 2451, 2455, 2492, 2501, 2516, 2547, 2552, 2576, 2600, 2667, 2698, 2704, 2728, 2732, 2735, 2741, 2743, 2756, 2771, 2778, 2781, 2789, 2837, 2846, 2885, 2891, 2893, 2915, 2917, 2922, 2934, 2950, 2965, 2971, 2981, 2987, 3041, 3116, 3125]","[1665, 2343]",3137,165,2972,0,165,2970,2
-4.0,MUSPROTA,"[118, 125, 158, 170, 219, 255, 297, 313, 331, 338, 342, 362, 386, 412, 422, 426, 434, 438, 448, 450, 480, 556, 573, 582, 586, 591, 625, 627, 661, 698, 708, 710, 725, 737, 765, 797, 809, 822, 824, 849, 851, 884, 886, 893, 922, 946, 959, 978, 987, 1000, 1002, 1028, 1032, 1069, 1102, 1149, 1166, 1174, 1191, 1214, 1224, 1234, 1251, 1276, 1278, 1282, 1294, 1299, 1301, 1354, 1394, 1438, 1461, 1475, 1494, 1498, 1500, 1504, 1548, 1589, 1610, 1628, 1636, 1665, 1670, 1738, 1763, 1787, 1790, 1815, 1873, 1946, 1950, 1955, 1978, 2012, 2034, 2055, 2070, 2074, 2111, 2131, 2141, 2152, 2166, 2168, 2189, 2191, 2201, 2211, 2218, 2240, 2242, 2255, 2262, 2269, 2279, 2304, 2329, 2343, 2353, 2370, 2381, 2383, 2391, 2404, 2421, 2428, 2447, 2450, 2452, 2457, 2514, 2528, 2531, 2535, 2557, 2576, 2579, 2586, 2605, 2627, 2662, 2667, 2719, 2738, 2759, 2786, 2792, 2818, 2821, 2830, 2835, 2841, 2850, 2864, 2884, 2900, 2903, 2907, 2914, 2929, 2946, 2970, 2974, 3014, 3081, 3099, 3120, 3156, 3171, 3182, 3215, 3225, 3253, 3342, 3351, 3358, 3439, 3445, 3461, 3492, 3523, 3556, 3587, 3622, 3628, 3635, 3664, 3719, 3721, 3744, 3757, 3759, 3803, 3884, 3986, 4007, 4011, 4025, 4041, 4086, 4088, 4096, 4106, 4111, 4147, 4171, 4189, 4203, 4206, 4224, 4234, 4268, 4282, 4284, 4293, 4315, 4326, 4378, 4391, 4398, 4411, 4435, 4437, 4450, 4515, 4550, 4552, 4560, 4594, 4601, 4619, 4625, 4632, 4637]",[],"[118, 125, 158, 170, 219, 255, 297, 313, 331, 338, 342, 362, 386, 412, 422, 426, 434, 438, 448, 450, 480, 556, 573, 582, 586, 591, 625, 627, 661, 698, 708, 710, 725, 737, 765, 797, 809, 822, 824, 849, 851, 884, 886, 893, 922, 946, 959, 978, 987, 1000, 1002, 1028, 1032, 1069, 1102, 1149, 1166, 1174, 1191, 1214, 1224, 1234, 1251, 1276, 1278, 1282, 1294, 1299, 1301, 1354, 1394, 1438, 1461, 1475, 1494, 1498, 1500, 1504, 1548, 1589, 1610, 1628, 1636, 1665, 1670, 1738, 1763, 1787, 1790, 1815, 1873, 1946, 1950, 1955, 1978, 2012, 2034, 2055, 2070, 2074, 2111, 2131, 2141, 2152, 2166, 2168, 2189, 2191, 2201, 2211, 2218, 2240, 2242, 2255, 2262, 2269, 2279, 2304, 2329, 2343, 2353, 2370, 2381, 2383, 2391, 2404, 2421, 2428, 2447, 2450, 2452, 2457, 2514, 2528, 2531, 2535, 2557, 2576, 2579, 2586, 2605, 2627, 2662, 2667, 2719, 2738, 2759, 2786, 2792, 2818, 2821, 2830, 2835, 2841, 2850, 2864, 2884, 2900, 2903, 2907, 2914, 2929, 2946, 2970, 2974, 3014, 3081, 3099, 3120, 3156, 3171, 3182, 3215, 3225, 3253, 3342, 3351, 3358, 3439, 3445, 3461, 3492, 3523, 3556, 3587, 3622, 3628, 3635, 3664, 3719, 3721, 3744, 3757, 3759, 3803, 3884, 3986, 4007, 4011, 4025, 4041, 4086, 4088, 4096, 4106, 4111, 4147, 4171, 4189, 4203, 4206, 4224, 4234, 4268, 4282, 4284, 4293, 4315, 4326, 4378, 4391, 4398, 4411, 4435, 4437, 4450, 4515, 4550, 4552, 4560, 4594, 4601, 4619, 4625, 4632, 4637]","[1945, 2585, 3224, 3663]",4637,236,4401,0,236,4397,4
-4.0,MUSPROTEB,"[13, 15, 42, 57, 80, 105, 132, 160, 190, 201, 217, 269, 312, 322, 338, 342, 363, 399, 416, 429, 455, 484, 497, 507, 540, 562, 566, 585, 587, 595, 599, 619, 635, 643, 648, 679, 689, 732, 750, 756, 766, 773, 804, 840, 885, 903, 912, 953, 956, 963, 976, 991, 994, 998, 1001, 1016, 1025, 1075, 1103, 1136, 1160, 1173, 1206, 1222, 1230, 1257, 1280, 1304, 1307, 1312, 1314, 1352, 1368, 1371, 1401, 1465, 1473, 1483, 1499, 1554, 1588, 1626, 1646, 1659, 1683, 1727, 1755, 1806, 1824, 1857, 1863, 1888, 1898, 1909, 1921, 1929, 1938, 1955, 1957, 1989, 1999, 2038, 2082, 2091, 2118, 2121, 2131, 2140, 2175, 2208, 2226, 2247, 2277, 2315, 2342, 2391]",[],"[13, 15, 42, 57, 80, 105, 132, 160, 190, 201, 217, 269, 312, 322, 338, 342, 363, 399, 416, 429, 455, 484, 497, 507, 540, 562, 566, 585, 587, 595, 599, 619, 635, 643, 648, 679, 689, 732, 750, 756, 766, 773, 804, 840, 885, 903, 912, 953, 956, 963, 976, 991, 994, 998, 1001, 1016, 1025, 1075, 1103, 1136, 1160, 1173, 1206, 1222, 1230, 1257, 1280, 1304, 1307, 1312, 1314, 1352, 1368, 1371, 1401, 1465, 1473, 1483, 1499, 1554, 1588, 1626, 1646, 1659, 1683, 1727, 1755, 1806, 1824, 1857, 1863, 1888, 1898, 1909, 1921, 1929, 1938, 1955, 1957, 1989, 1999, 2038, 2082, 2091, 2118, 2121, 2131, 2140, 2175, 2208, 2226, 2247, 2277, 2315, 2342, 2391]","[337, 594, 993, 1988]",2390,116,2274,0,116,2270,4
-4.0,MUSPRPC2,"[41, 49, 56, 68, 74, 119, 132, 134, 137, 166, 175, 182, 197, 200, 203, 209, 211, 216, 228, 251, 255, 271, 276, 279, 292, 318, 334, 350, 362, 365, 382, 426, 442, 444, 490, 521, 525, 546, 565, 576, 626, 632, 634, 653, 684, 686, 744, 747, 752, 759, 796, 802, 818, 822, 857, 859, 918, 962, 965, 1005, 1064, 1153, 1159, 1161, 1280, 1303, 1478, 1499, 1524, 1531, 1539, 1542, 1607, 1641, 1648, 1650, 1665, 1699, 1759, 1785, 1823, 1884, 1892, 1909, 1917, 1939, 1982, 1997, 2007, 2016, 2019, 2033, 2058, 2090, 2112, 2114, 2128, 2130, 2150, 2176, 2199, 2201, 2211, 2213, 2219, 2239, 2259, 2270, 2300, 2306, 2322, 2324, 2329, 2354, 2368, 2385, 2392, 2394, 2406, 2422, 2431, 2456, 2460, 2469, 2471, 2475, 2483, 2489, 2491, 2520, 2543, 2549, 2571, 2574, 2584, 2586, 2592, 2606, 2620, 2636, 2683, 2688, 2692, 2694, 2707, 2741, 2769, 2807, 2810, 2813, 2846, 2848, 2883, 2918, 2920, 2925, 2938, 2941, 2974, 2991, 2993, 3009, 3020, 3033, 3038, 3063, 3081, 3095, 3108, 3142, 3163, 3167, 3170, 3178, 3190, 3192, 3218, 3228, 3237, 3256, 3271, 3276, 3295, 3338, 3344, 3346, 3353, 3360, 3365, 3394, 3447, 3450, 3465, 3477, 3496, 3510, 3516, 3522, 3532, 3534, 3536, 3540, 3552, 3573, 3581, 3585, 3597, 3607, 3627, 3630, 3641, 3651, 3666, 3703, 3710, 3749, 3762, 3765, 3779, 3783, 3794, 3801, 3806, 3834, 3838, 3886, 3898, 3973, 3976, 4003, 4034, 4044, 4074, 4084, 4088, 4093, 4109, 4111, 4124, 4146, 4168, 4171, 4182, 4187, 4191, 4201, 4203, 4205, 4210, 4234, 4268, 4307, 4331, 4375, 4386, 4407, 4415, 4426, 4442, 4490, 4512, 4514, 4521, 4546, 4549, 4551, 4553, 4635, 4654, 5027, 5315, 5472, 5487, 5494, 5506, 5517, 5521, 5523, 5580, 5583, 5651, 5681, 5701, 5762, 5780, 5800, 5814, 5819, 5834, 5858, 5880, 5970, 6049, 6068, 6119, 6160, 6174, 6197, 6215, 6263, 6329, 6332, 6367, 6462, 6474, 6488, 6491, 6582, 6608, 6620, 6622, 6633, 6635, 6647, 6700, 6715, 6721, 6723, 6744, 6786, 6788, 6794, 6798, 6802, 6804, 6806, 6813, 6816, 6823, 6847, 6870, 6878, 6902, 6920, 6930, 6937, 6966, 6971, 6973, 6981, 6988, 7012, 7041, 7059, 7068, 7078, 7136, 7176, 7190, 7192, 7233]",[],"[41, 49, 56, 68, 74, 119, 132, 134, 137, 166, 175, 182, 197, 200, 203, 209, 211, 216, 228, 251, 255, 271, 276, 279, 292, 318, 334, 350, 362, 365, 382, 426, 442, 444, 490, 521, 525, 546, 565, 576, 626, 632, 634, 653, 684, 686, 744, 747, 752, 759, 796, 802, 818, 822, 857, 859, 918, 962, 965, 1005, 1064, 1153, 1159, 1161, 1280, 1303, 1478, 1499, 1524, 1531, 1539, 1542, 1607, 1641, 1648, 1650, 1665, 1699, 1759, 1785, 1823, 1884, 1892, 1909, 1917, 1939, 1982, 1997, 2007, 2016, 2019, 2033, 2058, 2090, 2112, 2114, 2128, 2130, 2150, 2176, 2199, 2201, 2211, 2213, 2219, 2239, 2259, 2270, 2300, 2306, 2322, 2324, 2329, 2354, 2368, 2385, 2392, 2394, 2406, 2422, 2431, 2456, 2460, 2469, 2471, 2475, 2483, 2489, 2491, 2520, 2543, 2549, 2571, 2574, 2584, 2586, 2592, 2606, 2620, 2636, 2683, 2688, 2692, 2694, 2707, 2741, 2769, 2807, 2810, 2813, 2846, 2848, 2883, 2918, 2920, 2925, 2938, 2941, 2974, 2991, 2993, 3009, 3020, 3033, 3038, 3063, 3081, 3095, 3108, 3142, 3163, 3167, 3170, 3178, 3190, 3192, 3218, 3228, 3237, 3256, 3271, 3276, 3295, 3338, 3344, 3346, 3353, 3360, 3365, 3394, 3447, 3450, 3465, 3477, 3496, 3510, 3516, 3522, 3532, 3534, 3536, 3540, 3552, 3573, 3581, 3585, 3597, 3607, 3627, 3630, 3641, 3651, 3666, 3703, 3710, 3749, 3762, 3765, 3779, 3783, 3794, 3801, 3806, 3834, 3838, 3886, 3898, 3973, 3976, 4003, 4034, 4044, 4074, 4084, 4088, 4093, 4109, 4111, 4124, 4146, 4168, 4171, 4182, 4187, 4191, 4201, 4203, 4205, 4210, 4234, 4268, 4307, 4331, 4375, 4386, 4407, 4415, 4426, 4442, 4490, 4512, 4514, 4521, 4546, 4549, 4551, 4553, 4635, 4654, 5027, 5315, 5472, 5487, 5494, 5506, 5517, 5521, 5523, 5580, 5583, 5651, 5681, 5701, 5762, 5780, 5800, 5814, 5819, 5834, 5858, 5880, 5970, 6049, 6068, 6119, 6160, 6174, 6197, 6215, 6263, 6329, 6332, 6367, 6462, 6474, 6488, 6491, 6582, 6608, 6620, 6622, 6633, 6635, 6647, 6700, 6715, 6721, 6723, 6744, 6786, 6788, 6794, 6798, 6802, 6804, 6806, 6813, 6816, 6823, 6847, 6870, 6878, 6902, 6920, 6930, 6937, 6966, 6971, 6973, 6981, 6988, 7012, 7041, 7059, 7068, 7078, 7136, 7176, 7190, 7192, 7233]",[801],7299,351,6948,0,351,6947,1
-4.0,MUSPRPMPB,"[43, 51, 58, 70, 76, 121, 134, 136, 139, 176, 198, 201, 204, 210, 212, 217, 229, 256, 272, 278, 280, 293, 357, 363, 366, 427, 443, 445, 491, 522, 526, 546, 565, 575, 625, 631, 633, 652, 684, 686, 744, 747, 752, 759, 796, 802, 818, 822, 857, 918, 962, 965, 987, 1007, 1066, 1156, 1158, 1162, 1231, 1254, 1352, 1430, 1441, 1453, 1481, 1485, 1533, 1545, 1621, 1624, 1651, 1653, 1685, 1695, 1700, 1722, 1727, 1758, 1762, 1764, 1777, 1799, 1824, 1835, 1840, 1854, 1856, 1863, 1887, 1921, 1930, 1982, 2040, 2060, 2068, 2070, 2079, 2095, 2140, 2162, 2164, 2172, 2175, 2195, 2198, 2204, 2284, 2303, 2853, 2953, 2968, 2975, 2979, 2987, 2998, 3002, 3004, 3044, 3059, 3062, 3129, 3158, 3178, 3239, 3257, 3275, 3289, 3294, 3309, 3333, 3338, 3347, 3365, 3431, 3455, 3527, 3534, 3550, 3552]",[],"[43, 51, 58, 70, 76, 121, 134, 136, 139, 176, 198, 201, 204, 210, 212, 217, 229, 256, 272, 278, 280, 293, 357, 363, 366, 427, 443, 445, 491, 522, 526, 546, 565, 575, 625, 631, 633, 652, 684, 686, 744, 747, 752, 759, 796, 802, 818, 822, 857, 918, 962, 965, 987, 1007, 1066, 1156, 1158, 1162, 1231, 1254, 1352, 1430, 1441, 1453, 1481, 1485, 1533, 1545, 1621, 1624, 1651, 1653, 1685, 1695, 1700, 1722, 1727, 1758, 1762, 1764, 1777, 1799, 1824, 1835, 1840, 1854, 1856, 1863, 1887, 1921, 1930, 1982, 2040, 2060, 2068, 2070, 2079, 2095, 2140, 2162, 2164, 2172, 2175, 2195, 2198, 2204, 2284, 2303, 2853, 2953, 2968, 2975, 2979, 2987, 2998, 3002, 3004, 3044, 3059, 3062, 3129, 3158, 3178, 3239, 3257, 3275, 3289, 3294, 3309, 3333, 3338, 3347, 3365, 3431, 3455, 3527, 3534, 3550, 3552]",[801],3567,139,3428,0,139,3427,1
-4.0,MUSREGI,"[105, 111, 192, 215, 223, 232, 251, 284, 294, 303, 315, 326, 328, 350, 365, 442, 452, 459, 471, 474, 501, 561, 563, 581, 587, 596, 598, 614, 628, 633, 637, 718, 762, 776, 780, 801, 810, 814, 875, 893, 895, 911, 935, 947, 952, 955, 1001, 1013, 1015, 1017, 1024, 1029, 1039, 1041, 1058, 1063, 1085, 1141, 1146, 1160, 1183, 1259, 1317, 1345, 1355, 1372, 1396, 1410, 1447, 1449, 1459, 1465, 1472, 1492, 1504, 1514, 1559, 1563, 1576, 1585, 1594, 1616, 1637, 1643, 1720, 1732, 1756, 1777, 1800, 1808, 1818, 1820, 1833, 1876, 1909, 1923, 1934, 1966, 1970, 2034, 2065, 2126, 2128, 2132, 2139, 2159, 2181, 2201, 2231, 2235, 2239, 2305, 2311, 2363, 2389, 2391, 2393, 2412, 2418, 2429, 2451, 2480, 2488, 2491, 2498, 2500, 2507, 2531, 2566, 2573, 2588, 2609, 2612, 2647, 2665, 2697, 2702, 2722, 2725, 2728, 2744, 2749, 2753, 2764, 2801, 2826, 2886, 2904, 2908, 2914, 2941, 2952, 2961, 2970, 2972, 2994, 3032, 3038, 3051, 3061, 3109, 3132, 3140, 3159, 3163, 3194, 3214, 3222, 3236, 3254, 3284, 3286, 3331, 3361, 3369, 3375, 3431, 3449, 3492, 3525, 3527, 3539, 3551, 3555, 3567, 3570, 3579, 3618, 3620, 3629, 3648, 3668, 3672, 3700, 3708, 3734, 3743]",[],"[105, 111, 192, 215, 223, 232, 251, 284, 294, 303, 315, 326, 328, 350, 365, 442, 452, 459, 471, 474, 501, 561, 563, 581, 587, 596, 598, 614, 628, 633, 637, 718, 762, 776, 780, 801, 810, 814, 875, 893, 895, 911, 935, 947, 952, 955, 1001, 1013, 1015, 1017, 1024, 1029, 1039, 1041, 1058, 1063, 1085, 1141, 1146, 1160, 1183, 1259, 1317, 1345, 1355, 1372, 1396, 1410, 1447, 1449, 1459, 1465, 1472, 1492, 1504, 1514, 1559, 1563, 1576, 1585, 1594, 1616, 1637, 1643, 1720, 1732, 1756, 1777, 1800, 1808, 1818, 1820, 1833, 1876, 1909, 1923, 1934, 1966, 1970, 2034, 2065, 2126, 2128, 2132, 2139, 2159, 2181, 2201, 2231, 2235, 2239, 2305, 2311, 2363, 2389, 2391, 2393, 2412, 2418, 2429, 2451, 2480, 2488, 2491, 2498, 2500, 2507, 2531, 2566, 2573, 2588, 2609, 2612, 2647, 2665, 2697, 2702, 2722, 2725, 2728, 2744, 2749, 2753, 2764, 2801, 2826, 2886, 2904, 2908, 2914, 2941, 2952, 2961, 2970, 2972, 2994, 3032, 3038, 3051, 3061, 3109, 3132, 3140, 3159, 3163, 3194, 3214, 3222, 3236, 3254, 3284, 3286, 3331, 3361, 3369, 3375, 3431, 3449, 3492, 3525, 3527, 3539, 3551, 3555, 3567, 3570, 3579, 3618, 3620, 3629, 3648, 3668, 3672, 3700, 3708, 3734, 3743]","[1159, 1799, 2230, 2993]",3749,197,3552,0,197,3548,4
-4.0,MUSREGII,"[15, 17, 37, 45, 65, 74, 93, 106, 108, 115, 120, 122, 147, 152, 160, 172, 176, 178, 186, 217, 238, 271, 306, 321, 332, 349, 386, 397, 410, 446, 470, 496, 507, 531, 537, 604, 613, 619, 627, 670, 675, 677, 697, 755, 767, 776, 792, 803, 806, 850, 879, 893, 908, 914, 928, 936, 1013, 1034, 1088, 1142, 1148, 1163, 1172, 1238, 1240, 1272, 1274, 1299, 1309, 1356, 1368, 1383, 1385, 1444, 1492, 1559, 1574, 1583, 1604, 1627, 1631, 1638, 1658, 1683, 1691, 1694, 1762, 1787, 1790, 1797, 1835, 1876, 1884, 1886, 1917, 1929, 1939, 1942, 1959, 1987, 1989, 1993, 2024, 2035, 2057, 2102, 2126, 2129, 2132, 2143, 2149, 2164, 2180, 2216, 2218, 2272, 2318, 2332, 2353, 2361, 2364, 2369, 2383, 2422, 2431, 2438, 2444, 2456, 2467, 2479, 2491, 2523, 2527, 2531, 2544, 2555, 2599, 2634, 2647, 2699, 2701, 2724, 2838, 2880, 2910, 2922, 2928, 2946, 2954, 2984, 2987, 3002, 3024, 3059, 3062, 3068, 3070, 3092, 3104, 3117, 3121, 3143, 3170, 3192, 3194, 3211, 3221, 3234, 3278, 3309, 3319, 3329, 3337, 3351, 3369, 3381, 3440, 3464, 3468, 3480, 3526, 3616, 3635, 3681, 3758, 3790, 3844, 3855, 3878, 3882, 3897, 3925]",[],"[15, 17, 37, 45, 65, 74, 93, 106, 108, 115, 120, 122, 147, 152, 160, 172, 176, 178, 186, 217, 238, 271, 306, 321, 332, 349, 386, 397, 410, 446, 470, 496, 507, 531, 537, 604, 613, 619, 627, 670, 675, 677, 697, 755, 767, 776, 792, 803, 806, 850, 879, 893, 908, 914, 928, 936, 1013, 1034, 1088, 1142, 1148, 1163, 1172, 1238, 1240, 1272, 1274, 1299, 1309, 1356, 1368, 1383, 1385, 1444, 1492, 1559, 1574, 1583, 1604, 1627, 1631, 1638, 1658, 1683, 1691, 1694, 1762, 1787, 1790, 1797, 1835, 1876, 1884, 1886, 1917, 1929, 1939, 1942, 1959, 1987, 1989, 1993, 2024, 2035, 2057, 2102, 2126, 2129, 2132, 2143, 2149, 2164, 2180, 2216, 2218, 2272, 2318, 2332, 2353, 2361, 2364, 2369, 2383, 2422, 2431, 2438, 2444, 2456, 2467, 2479, 2491, 2523, 2527, 2531, 2544, 2555, 2599, 2634, 2647, 2699, 2701, 2724, 2838, 2880, 2910, 2922, 2928, 2946, 2954, 2984, 2987, 3002, 3024, 3059, 3062, 3068, 3070, 3092, 3104, 3117, 3121, 3143, 3170, 3192, 3194, 3211, 3221, 3234, 3278, 3309, 3319, 3329, 3337, 3351, 3369, 3381, 3440, 3464, 3468, 3480, 3526, 3616, 3635, 3681, 3758, 3790, 3844, 3855, 3878, 3882, 3897, 3925]","[927, 1626, 1988, 3091]",3925,192,3733,0,192,3729,4
-4.0,MUSROM1X,"[13, 40, 46, 53, 69, 78, 97, 111, 116, 126, 171, 220, 233, 340, 358, 381, 416, 501, 516, 526, 533, 541, 547, 561, 662, 671, 674, 693, 699, 743, 747, 765, 782, 822, 866, 912, 947, 968, 984, 1031, 1035, 1097, 1110, 1122, 1135, 1141, 1147, 1183, 1188, 1190, 1195, 1199, 1209, 1224, 1235, 1238, 1243, 1247, 1267, 1308, 1327, 1343, 1373, 1387, 1406, 1429, 1464, 1467, 1499, 1511, 1517, 1520, 1531, 1586, 1618, 1645, 1658, 1661, 1767, 1777, 1799, 1820, 1831, 1849, 1853, 1888, 1945, 1955, 1962, 1996, 2039, 2140, 2170, 2176, 2201, 2219, 2244, 2253, 2262, 2297, 2303, 2305, 2321, 2326, 2342, 2370, 2394, 2422, 2426, 2442, 2467, 2473, 2530, 2540, 2556, 2560, 2595, 2617, 2641, 2650, 2688, 2699, 2733, 2741, 2764]",[],"[13, 40, 46, 53, 69, 78, 97, 111, 116, 126, 171, 220, 233, 340, 358, 381, 416, 501, 516, 526, 533, 541, 547, 561, 662, 671, 674, 693, 699, 743, 747, 765, 782, 822, 866, 912, 947, 968, 984, 1031, 1035, 1097, 1110, 1122, 1135, 1141, 1147, 1183, 1188, 1190, 1195, 1199, 1209, 1224, 1235, 1238, 1243, 1247, 1267, 1308, 1327, 1343, 1373, 1387, 1406, 1429, 1464, 1467, 1499, 1511, 1517, 1520, 1531, 1586, 1618, 1645, 1658, 1661, 1767, 1777, 1799, 1820, 1831, 1849, 1853, 1888, 1945, 1955, 1962, 1996, 2039, 2140, 2170, 2176, 2201, 2219, 2244, 2253, 2262, 2297, 2303, 2305, 2321, 2326, 2342, 2370, 2394, 2422, 2426, 2442, 2467, 2473, 2530, 2540, 2556, 2560, 2595, 2617, 2641, 2650, 2688, 2699, 2733, 2741, 2764]","[1242, 1848]",2780,125,2655,0,125,2653,2
-4.0,MUSRPL30,"[7, 19, 21, 23, 61, 85, 92, 100, 111, 118, 145, 173, 207, 210, 241, 243, 316, 319, 327, 371, 380, 411, 426, 450, 495, 497, 501, 505, 519, 556, 558, 590, 597, 599, 608, 615, 618, 643, 661, 665, 691, 697, 709, 743, 754, 763, 771, 779, 799, 804, 824, 829, 850, 855, 872, 875, 877, 883, 892, 901, 910, 919, 944, 954, 961, 965, 1015, 1019, 1038, 1051, 1071, 1073, 1085, 1096, 1101, 1132, 1145, 1161, 1163, 1165, 1167, 1174, 1180, 1195, 1198, 1200, 1210, 1263, 1270, 1272, 1290, 1296, 1302, 1332, 1338, 1365, 1383, 1422, 1431, 1448, 1450, 1453, 1484, 1506, 1510, 1512, 1523, 1531, 1540, 1545, 1567, 1587, 1623, 1627, 1646, 1661, 1671, 1680, 1740, 1763, 1778, 1801, 1804, 1812, 1817, 1821, 1824, 1848, 1891, 1911, 1921, 1944, 1946, 1949, 1954, 1963, 1996, 2009, 2046, 2074, 2097, 2120, 2151, 2156, 2180, 2226, 2233, 2241, 2247, 2269, 2276, 2280, 2284, 2292, 2316, 2319, 2344, 2356, 2372, 2385, 2413, 2415, 2432, 2460, 2464, 2495, 2509, 2518, 2543, 2554, 2579, 2591, 2643, 2648, 2655, 2685, 2703, 2707, 2710, 2753, 2761, 2786, 2797, 2830, 2844, 2846, 2859, 2872, 2877, 2892, 2918, 2942, 2952, 2964, 2986, 2989, 3020, 3043, 3061, 3086, 3125, 3132, 3144, 3190, 3192, 3196, 3244, 3251, 3264, 3281, 3286, 3297, 3304, 3321, 3323, 3336, 3338, 3344, 3346, 3375, 3378, 3404, 3412, 3414, 3442, 3466]",[],"[7, 19, 21, 23, 61, 85, 92, 100, 111, 118, 145, 173, 207, 210, 241, 243, 316, 319, 327, 371, 380, 411, 426, 450, 495, 497, 501, 505, 519, 556, 558, 590, 597, 599, 608, 615, 618, 643, 661, 665, 691, 697, 709, 743, 754, 763, 771, 779, 799, 804, 824, 829, 850, 855, 872, 875, 877, 883, 892, 901, 910, 919, 944, 954, 961, 965, 1015, 1019, 1038, 1051, 1071, 1073, 1085, 1096, 1101, 1132, 1145, 1161, 1163, 1165, 1167, 1174, 1180, 1195, 1198, 1200, 1210, 1263, 1270, 1272, 1290, 1296, 1302, 1332, 1338, 1365, 1383, 1422, 1431, 1448, 1450, 1453, 1484, 1506, 1510, 1512, 1523, 1531, 1540, 1545, 1567, 1587, 1623, 1627, 1646, 1661, 1671, 1680, 1740, 1763, 1778, 1801, 1804, 1812, 1817, 1821, 1824, 1848, 1891, 1911, 1921, 1944, 1946, 1949, 1954, 1963, 1996, 2009, 2046, 2074, 2097, 2120, 2151, 2156, 2180, 2226, 2233, 2241, 2247, 2269, 2276, 2280, 2284, 2292, 2316, 2319, 2344, 2356, 2372, 2385, 2413, 2415, 2432, 2460, 2464, 2495, 2509, 2518, 2543, 2554, 2579, 2591, 2643, 2648, 2655, 2685, 2703, 2707, 2710, 2753, 2761, 2786, 2797, 2830, 2844, 2846, 2859, 2872, 2877, 2892, 2918, 2942, 2952, 2964, 2986, 2989, 3020, 3043, 3061, 3086, 3125, 3132, 3144, 3190, 3192, 3196, 3244, 3251, 3264, 3281, 3286, 3297, 3304, 3321, 3323, 3336, 3338, 3344, 3346, 3375, 3378, 3404, 3412, 3414, 3442, 3466]","[660, 1050, 2459]",3469,226,3243,0,226,3240,3
-4.0,MUSRPS16,"[4, 18, 68, 89, 146, 225, 242, 262, 269, 284, 287, 292, 335, 360, 374, 376, 385, 391, 408, 416, 426, 430, 436, 451, 476, 482, 513, 546, 569, 601, 637, 647, 681, 688, 690, 696, 709, 715, 753, 759, 788, 820, 830, 847, 892, 909, 911, 937, 945, 951, 964, 966, 1003, 1025, 1031, 1050, 1076, 1086, 1097, 1106, 1112, 1118, 1127, 1149, 1189, 1192, 1198, 1205, 1211, 1253, 1256, 1258, 1264, 1284, 1291, 1303, 1307, 1312, 1328, 1332, 1336, 1353, 1355, 1357, 1359, 1367, 1369, 1372, 1391, 1400, 1442, 1449, 1492, 1501, 1509, 1526, 1536, 1543, 1550, 1575, 1577, 1595, 1668, 1674, 1704, 1715, 1718, 1723, 1729, 1771, 1784, 1815, 1817, 1829, 1833, 1835, 1842, 1845, 1853, 1869, 1873, 1895, 1897, 1922, 1941, 1947, 1949, 1968, 1987, 2006, 2010, 2020, 2039, 2048, 2051, 2068, 2073, 2091, 2154, 2167, 2186, 2194, 2200, 2206, 2254, 2264, 2289, 2295, 2301, 2307, 2317, 2320, 2326, 2328, 2331, 2339, 2356, 2360, 2373, 2404, 2410, 2412, 2453, 2456, 2467, 2481, 2489, 2491, 2502, 2519, 2568, 2582, 2584, 2628]",[],"[4, 18, 68, 89, 146, 225, 242, 262, 269, 284, 287, 292, 335, 360, 374, 376, 385, 391, 408, 416, 426, 430, 436, 451, 476, 482, 513, 546, 569, 601, 637, 647, 681, 688, 690, 696, 709, 715, 753, 759, 788, 820, 830, 847, 892, 909, 911, 937, 945, 951, 964, 966, 1003, 1025, 1031, 1050, 1076, 1086, 1097, 1106, 1112, 1118, 1127, 1149, 1189, 1192, 1198, 1205, 1211, 1253, 1256, 1258, 1264, 1284, 1291, 1303, 1307, 1312, 1328, 1332, 1336, 1353, 1355, 1357, 1359, 1367, 1369, 1372, 1391, 1400, 1442, 1449, 1492, 1501, 1509, 1526, 1536, 1543, 1550, 1575, 1577, 1595, 1668, 1674, 1704, 1715, 1718, 1723, 1729, 1771, 1784, 1815, 1817, 1829, 1833, 1835, 1842, 1845, 1853, 1869, 1873, 1895, 1897, 1922, 1941, 1947, 1949, 1968, 1987, 2006, 2010, 2020, 2039, 2048, 2051, 2068, 2073, 2091, 2154, 2167, 2186, 2194, 2200, 2206, 2254, 2264, 2289, 2295, 2301, 2307, 2317, 2320, 2326, 2328, 2331, 2339, 2356, 2360, 2373, 2404, 2410, 2412, 2453, 2456, 2467, 2481, 2489, 2491, 2502, 2519, 2568, 2582, 2584, 2628]","[450, 687, 1868, 2005]",2642,174,2468,0,174,2464,4
-4.0,MUSS100B,"[5, 47, 66, 113, 134, 138, 140, 169, 192, 214, 230, 245, 255, 269, 290, 308, 316, 332, 343, 347, 357, 376, 382, 431, 460, 465, 477, 483, 494, 496, 503, 508, 552, 554, 580, 602, 604, 672, 679, 681, 694, 742, 754, 756, 881, 883, 886, 905, 929, 937, 952, 1035, 1070, 1082, 1091, 1098, 1102, 1124, 1153, 1161, 1240, 1265, 1279, 1302, 1309, 1330, 1350, 1353, 1402, 1408, 1424, 1465, 1483, 1488, 1491, 1502, 1515, 1535, 1549, 1551, 1599, 1624, 1652, 1657, 1669, 1711, 1722, 1779, 1786, 1854, 1891, 1899, 1926, 1928, 1932, 1934, 1951, 1958, 1963, 1996, 2022, 2042, 2046, 2057, 2091, 2146, 2163, 2176, 2243, 2288, 2296, 2314, 2333, 2336, 2342, 2366, 2392, 2394, 2416, 2420, 2456, 2493, 2547, 2549, 2569, 2619, 2635, 2641, 2686, 2693, 2715, 2758, 2805, 2811, 2893, 2905, 2914, 2919, 2947, 2956, 2963, 3026, 3078, 3094, 3114, 3123, 3133, 3136, 3152, 3161, 3163, 3222, 3251, 3267, 3270, 3282, 3289, 3319, 3333, 3339, 3345, 3383, 3402, 3442, 3451, 3493, 3499, 3509, 3527, 3553, 3571, 3620, 3628, 3661, 3665, 3667, 3678, 3684, 3692, 3710, 3726, 3754, 3758, 3847, 3853, 3892, 3922, 3998, 4162, 4178, 4184, 4208, 4250, 4271, 4310, 4323, 4342, 4353, 4358, 4360, 4362, 4364, 4366, 4368, 4370, 4372, 4374, 4378, 4380, 4382, 4388, 4402, 4409, 4418, 4420, 4493, 4529, 4564, 4583, 4612, 4642, 4648, 4673, 4717, 4741, 4758, 4785, 4807, 4822, 4833, 4850, 4872, 4921, 4954, 4962, 4972, 4978, 4993, 5010, 5033, 5052, 5083, 5105, 5120, 5136, 5150, 5159, 5170, 5220, 5271, 5303, 5310, 5312, 5314, 5322, 5324, 5330, 5334, 5342, 5399, 5432, 5440, 5445, 5556, 5618, 5625, 5638, 5649, 5667, 5678, 5690, 5693, 5720, 5741, 5751, 5773, 5781, 5787, 5794, 5813, 5824, 5875, 5891, 5893, 5898, 5921, 5930, 5960, 5966, 5971, 5976, 5989, 5991, 6004, 6012, 6034, 6047, 6068, 6079, 6114, 6116, 6135, 6159, 6225, 6228, 6231, 6292, 6296, 6302, 6304, 6323, 6334, 6344, 6396, 6426, 6439, 6444, 6450, 6463, 6524, 6528, 6534, 6549, 6571, 6588, 6609, 6639, 6654, 6656, 6687, 6695, 6697, 6710, 6768, 6776, 6812, 6828, 6851, 6881, 6885, 6906, 6953, 6966, 7013, 7027, 7037, 7046, 7056, 7058, 7071, 7075, 7101, 7116, 7118, 7148, 7163, 7176, 7184, 7188, 7197, 7231, 7261, 7312, 7314, 7323, 7374, 7389, 7405, 7409, 7431, 7439, 7448, 7496, 7502, 7512, 7518, 7532, 7540, 7552, 7589, 7617, 7683, 7686, 7695, 7730, 7732, 7745, 7758, 7767, 7787, 7802, 7835, 7846, 7867, 7949, 7996, 8034, 8046, 8058, 8062, 8068, 8096, 8109, 8111, 8132, 8140, 8147, 8173, 8181, 8185, 8201, 8256, 8311, 8362, 8377, 8379, 8384, 8391, 8399, 8419, 8456, 8530, 8563, 8574, 8581, 8604, 8613, 8617, 8627, 8663, 8672, 8674, 8676, 8699, 8712, 8737, 8749, 8759, 8808, 8824]",[],"[5, 47, 66, 113, 134, 138, 140, 169, 192, 214, 230, 245, 255, 269, 290, 308, 316, 332, 343, 347, 357, 376, 382, 431, 460, 465, 477, 483, 494, 496, 503, 508, 552, 554, 580, 602, 604, 672, 679, 681, 694, 742, 754, 756, 881, 883, 886, 905, 929, 937, 952, 1035, 1070, 1082, 1091, 1098, 1102, 1124, 1153, 1161, 1240, 1265, 1279, 1302, 1309, 1330, 1350, 1353, 1402, 1408, 1424, 1465, 1483, 1488, 1491, 1502, 1515, 1535, 1549, 1551, 1599, 1624, 1652, 1657, 1669, 1711, 1722, 1779, 1786, 1854, 1891, 1899, 1926, 1928, 1932, 1934, 1951, 1958, 1963, 1996, 2022, 2042, 2046, 2057, 2091, 2146, 2163, 2176, 2243, 2288, 2296, 2314, 2333, 2336, 2342, 2366, 2392, 2394, 2416, 2420, 2456, 2493, 2547, 2549, 2569, 2619, 2635, 2641, 2686, 2693, 2715, 2758, 2805, 2811, 2893, 2905, 2914, 2919, 2947, 2956, 2963, 3026, 3078, 3094, 3114, 3123, 3133, 3136, 3152, 3161, 3163, 3222, 3251, 3267, 3270, 3282, 3289, 3319, 3333, 3339, 3345, 3383, 3402, 3442, 3451, 3493, 3499, 3509, 3527, 3553, 3571, 3620, 3628, 3661, 3665, 3667, 3678, 3684, 3692, 3710, 3726, 3754, 3758, 3847, 3853, 3892, 3922, 3998, 4162, 4178, 4184, 4208, 4250, 4271, 4310, 4323, 4342, 4353, 4358, 4360, 4362, 4364, 4366, 4368, 4370, 4372, 4374, 4378, 4380, 4382, 4388, 4402, 4409, 4418, 4420, 4493, 4529, 4564, 4583, 4612, 4642, 4648, 4673, 4717, 4741, 4758, 4785, 4807, 4822, 4833, 4850, 4872, 4921, 4954, 4962, 4972, 4978, 4993, 5010, 5033, 5052, 5083, 5105, 5120, 5136, 5150, 5159, 5170, 5220, 5271, 5303, 5310, 5312, 5314, 5322, 5324, 5330, 5334, 5342, 5399, 5432, 5440, 5445, 5556, 5618, 5625, 5638, 5649, 5667, 5678, 5690, 5693, 5720, 5741, 5751, 5773, 5781, 5787, 5794, 5813, 5824, 5875, 5891, 5893, 5898, 5921, 5930, 5960, 5966, 5971, 5976, 5989, 5991, 6004, 6012, 6034, 6047, 6068, 6079, 6114, 6116, 6135, 6159, 6225, 6228, 6231, 6292, 6296, 6302, 6304, 6323, 6334, 6344, 6396, 6426, 6439, 6444, 6450, 6463, 6524, 6528, 6534, 6549, 6571, 6588, 6609, 6639, 6654, 6656, 6687, 6695, 6697, 6710, 6768, 6776, 6812, 6828, 6851, 6881, 6885, 6906, 6953, 6966, 7013, 7027, 7037, 7046, 7056, 7058, 7071, 7075, 7101, 7116, 7118, 7148, 7163, 7176, 7184, 7188, 7197, 7231, 7261, 7312, 7314, 7323, 7374, 7389, 7405, 7409, 7431, 7439, 7448, 7496, 7502, 7512, 7518, 7532, 7540, 7552, 7589, 7617, 7683, 7686, 7695, 7730, 7732, 7745, 7758, 7767, 7787, 7802, 7835, 7846, 7867, 7949, 7996, 8034, 8046, 8058, 8062, 8068, 8096, 8109, 8111, 8132, 8140, 8147, 8173, 8181, 8185, 8201, 8256, 8311, 8362, 8377, 8379, 8384, 8391, 8399, 8419, 8456, 8530, 8563, 8574, 8581, 8604, 8613, 8617, 8627, 8663, 8672, 8674, 8676, 8699, 8712, 8737, 8749, 8759, 8808, 8824]",[4920],8866,440,8426,0,440,8425,1
-4.0,MUSSERPROA,"[15, 28, 45, 53, 63, 75, 95, 112, 145, 155, 158, 186, 218, 222, 269, 282, 319, 333, 342, 355, 367, 385, 423, 460, 472, 515, 532, 570, 607, 616, 670, 692, 694, 711, 720, 741, 751, 768, 793, 798, 816, 818, 871, 911, 955, 961, 972, 1009, 1013, 1015, 1019, 1021, 1035, 1062, 1124, 1138, 1140, 1145, 1174, 1179, 1206, 1247, 1272, 1296, 1299, 1450, 1454, 1458, 1481, 1540, 1542, 1558, 1573, 1577, 1624, 1634, 1669, 1671, 1692, 1694, 1704, 1714, 1721, 1743, 1745, 1765, 1781, 1806, 1832, 1837, 1848, 1851, 1883, 1888, 1890, 1896, 1898, 1907, 1911, 1927, 1935, 1954, 1957, 1959, 1981, 2003, 2020, 2033, 2035, 2038, 2042, 2064, 2083, 2093, 2115, 2164, 2223, 2233, 2235, 2238, 2254, 2277, 2305, 2311, 2313, 2333, 2335, 2340, 2342, 2346, 2352, 2357, 2372, 2386, 2397, 2400, 2404, 2406, 2411, 2413, 2424, 2431, 2436, 2438, 2470, 2473, 2494, 2533, 2554, 2596, 2603, 2612, 2614, 2686, 2697, 2703, 2714, 2730, 2740, 2745, 2762, 2768, 2873, 2941, 2954, 2960, 2976, 3007, 3056, 3071, 3102, 3114, 3137, 3150, 3179, 3183, 3234, 3236, 3238, 3259, 3272, 3274, 3290, 3346, 3360, 3372, 3388, 3489, 3511, 3554, 3556, 3558, 3564, 3566, 3576, 3611, 3653, 3667, 3693, 3722, 3732, 3746, 3764, 3779, 3786, 3790, 3819, 3823, 3836, 3843, 3880, 3882, 3892, 3911, 3919, 3937, 3998, 4008, 4034, 4040, 4042, 4044, 4049, 4070, 4072, 4084, 4100, 4105, 4156, 4170, 4172, 4201, 4207, 4216, 4220, 4231, 4233, 4273, 4312, 4329, 4341, 4357, 4391, 4419, 4433, 4436]",[],"[15, 28, 45, 53, 63, 75, 95, 112, 145, 155, 158, 186, 218, 222, 269, 282, 319, 333, 342, 355, 367, 385, 423, 460, 472, 515, 532, 570, 607, 616, 670, 692, 694, 711, 720, 741, 751, 768, 793, 798, 816, 818, 871, 911, 955, 961, 972, 1009, 1013, 1015, 1019, 1021, 1035, 1062, 1124, 1138, 1140, 1145, 1174, 1179, 1206, 1247, 1272, 1296, 1299, 1450, 1454, 1458, 1481, 1540, 1542, 1558, 1573, 1577, 1624, 1634, 1669, 1671, 1692, 1694, 1704, 1714, 1721, 1743, 1745, 1765, 1781, 1806, 1832, 1837, 1848, 1851, 1883, 1888, 1890, 1896, 1898, 1907, 1911, 1927, 1935, 1954, 1957, 1959, 1981, 2003, 2020, 2033, 2035, 2038, 2042, 2064, 2083, 2093, 2115, 2164, 2223, 2233, 2235, 2238, 2254, 2277, 2305, 2311, 2313, 2333, 2335, 2340, 2342, 2346, 2352, 2357, 2372, 2386, 2397, 2400, 2404, 2406, 2411, 2413, 2424, 2431, 2436, 2438, 2470, 2473, 2494, 2533, 2554, 2596, 2603, 2612, 2614, 2686, 2697, 2703, 2714, 2730, 2740, 2745, 2762, 2768, 2873, 2941, 2954, 2960, 2976, 3007, 3056, 3071, 3102, 3114, 3137, 3150, 3179, 3183, 3234, 3236, 3238, 3259, 3272, 3274, 3290, 3346, 3360, 3372, 3388, 3489, 3511, 3554, 3556, 3558, 3564, 3566, 3576, 3611, 3653, 3667, 3693, 3722, 3732, 3746, 3764, 3779, 3786, 3790, 3819, 3823, 3836, 3843, 3880, 3882, 3892, 3911, 3919, 3937, 3998, 4008, 4034, 4040, 4042, 4044, 4049, 4070, 4072, 4084, 4100, 4105, 4156, 4170, 4172, 4201, 4207, 4216, 4220, 4231, 4233, 4273, 4312, 4329, 4341, 4357, 4391, 4419, 4433, 4436]","[1449, 2092, 2739, 3178]",4450,246,4204,0,246,4200,4
-4.0,MUSSSATGN,"[19, 22, 30, 34, 45, 69, 111, 123, 153, 210, 231, 249, 258, 277, 283, 303, 318, 367, 401, 432, 445, 447, 473, 475, 492, 521, 543, 579, 603, 614, 618, 626, 633, 646, 655, 661, 724, 730, 743, 794, 818, 841, 845, 851, 891, 917, 977, 990, 1049, 1074, 1098, 1103, 1144, 1163, 1173, 1200, 1206, 1226, 1239, 1278, 1310, 1319, 1347, 1363, 1387, 1401, 1413, 1424, 1441, 1478, 1480, 1508, 1513, 1515, 1534, 1548, 1558, 1567, 1572, 1588, 1593, 1600, 1607, 1610, 1619, 1632, 1638, 1667, 1673, 1675, 1702, 1716, 1722, 1737, 1752, 1754, 1775, 1803, 1826, 1831, 1858, 1886, 1890, 1998, 2005, 2025, 2030, 2064, 2073, 2082, 2094, 2097, 2103, 2107, 2119, 2132, 2136, 2166, 2182, 2191, 2195, 2199, 2201, 2206, 2215, 2222, 2250, 2259, 2278, 2290, 2299, 2308, 2324, 2350, 2354, 2365, 2387, 2389, 2426, 2437, 2448, 2450, 2452, 2463, 2470, 2478, 2488, 2497, 2499, 2515, 2517, 2521, 2531, 2545, 2553, 2555, 2570, 2581, 2583, 2595, 2601, 2631, 2640, 2643, 2665, 2684, 2690, 2693, 2703, 2712, 2761, 2764, 2815, 2820, 2829, 2862, 2868, 2887, 2894, 2906, 2911, 2930, 2974, 2982, 3005, 3040, 3044, 3060, 3084, 3116, 3134, 3151, 3161, 3186, 3192, 3200, 3204, 3206, 3223, 3228, 3234, 3242, 3249, 3263, 3270, 3281, 3283, 3295, 3309, 3355, 3368, 3373, 3410, 3437, 3444, 3450, 3452, 3474, 3515, 3517, 3520, 3563, 3569, 3572, 3579, 3591, 3595, 3602, 3608, 3613, 3617, 3620, 3663, 3666, 3707, 3711, 3722, 3724, 3731, 3741, 3750, 3755, 3808, 3860, 3885, 3893, 3899, 3926, 3928, 3964, 3972, 3974, 3986, 4003, 4047, 4053]",[],"[19, 22, 30, 34, 45, 69, 111, 123, 153, 210, 231, 249, 258, 277, 283, 303, 318, 367, 401, 432, 445, 447, 473, 475, 492, 521, 543, 579, 603, 614, 618, 626, 633, 646, 655, 661, 724, 730, 743, 794, 818, 841, 845, 851, 891, 917, 977, 990, 1049, 1074, 1098, 1103, 1144, 1163, 1173, 1200, 1206, 1226, 1239, 1278, 1310, 1319, 1347, 1363, 1387, 1401, 1413, 1424, 1441, 1478, 1480, 1508, 1513, 1515, 1534, 1548, 1558, 1567, 1572, 1588, 1593, 1600, 1607, 1610, 1619, 1632, 1638, 1667, 1673, 1675, 1702, 1716, 1722, 1737, 1752, 1754, 1775, 1803, 1826, 1831, 1858, 1886, 1890, 1998, 2005, 2025, 2030, 2064, 2073, 2082, 2094, 2097, 2103, 2107, 2119, 2132, 2136, 2166, 2182, 2191, 2195, 2199, 2201, 2206, 2215, 2222, 2250, 2259, 2278, 2290, 2299, 2308, 2324, 2350, 2354, 2365, 2387, 2389, 2426, 2437, 2448, 2450, 2452, 2463, 2470, 2478, 2488, 2497, 2499, 2515, 2517, 2521, 2531, 2545, 2553, 2555, 2570, 2581, 2583, 2595, 2601, 2631, 2640, 2643, 2665, 2684, 2690, 2693, 2703, 2712, 2761, 2764, 2815, 2820, 2829, 2862, 2868, 2887, 2894, 2906, 2911, 2930, 2974, 2982, 3005, 3040, 3044, 3060, 3084, 3116, 3134, 3151, 3161, 3186, 3192, 3200, 3204, 3206, 3223, 3228, 3234, 3242, 3249, 3263, 3270, 3281, 3283, 3295, 3309, 3355, 3368, 3373, 3410, 3437, 3444, 3450, 3452, 3474, 3515, 3517, 3520, 3563, 3569, 3572, 3579, 3591, 3595, 3602, 3608, 3613, 3617, 3620, 3663, 3666, 3707, 3711, 3722, 3724, 3731, 3741, 3750, 3755, 3808, 3860, 3885, 3893, 3899, 3926, 3928, 3964, 3972, 3974, 3986, 4003, 4047, 4053]","[840, 1162, 1346, 2905, 3039]",4059,256,3803,0,256,3798,5
-4.0,MUSTCP,"[7, 36, 65, 86, 115, 122, 133, 157, 164, 187, 191, 225, 229, 236, 254, 256, 300, 303, 312, 315, 321, 329, 349, 352, 362, 365, 379, 397, 404, 408, 410, 438, 454, 471, 477, 515, 519, 532, 546, 551, 623, 625, 638, 655, 667, 678, 680, 686, 690, 705, 753, 758, 769, 800, 813, 851, 862, 879, 884, 909, 927, 934, 955, 987, 990, 1006, 1014, 1017, 1024, 1027, 1036, 1065, 1067, 1072, 1074, 1077, 1133, 1168, 1196, 1211, 1213, 1216, 1219, 1275, 1308, 1322, 1330, 1334, 1381, 1389, 1397, 1403, 1420, 1471, 1487, 1528, 1562, 1565, 1570, 1572, 1578, 1584, 1586, 1589, 1608, 1619, 1649, 1656, 1670, 1687, 1691, 1704, 1706, 1710, 1746, 1753, 1780, 1785, 1791, 1803, 1827, 1833, 1835, 1868, 1887, 1903, 1913, 1934, 1939, 1941, 1970, 1991, 1994, 2026, 2040, 2057, 2069, 2080, 2096, 2125, 2132, 2136, 2138, 2147, 2165, 2187, 2202, 2207, 2249, 2255, 2264, 2272, 2290, 2293, 2310, 2321, 2364, 2383, 2396, 2416, 2418, 2428, 2432, 2446, 2449, 2459, 2464, 2497, 2508, 2549, 2560, 2584, 2597, 2638, 2654, 2659, 2680, 2690, 2692, 2746, 2776, 2782, 2786, 2790, 2796, 2817, 2880, 2903, 2905, 2917, 2934, 2985, 3036, 3039, 3047, 3050, 3052, 3063, 3077, 3084, 3087, 3115, 3123, 3126, 3137, 3173, 3215, 3242, 3249, 3258, 3271, 3293, 3301, 3309, 3312, 3318, 3328, 3331, 3341, 3346, 3355, 3374, 3387, 3399, 3401, 3442, 3447, 3475, 3501, 3506, 3508, 3550, 3565, 3567, 3574, 3577, 3597, 3600, 3602, 3604, 3643, 3647, 3698, 3726, 3747, 3759, 3765, 3770, 3831, 3843, 3917, 3935, 3944, 3947, 3950, 3964, 3976, 3979, 4001, 4020, 4024, 4029, 4034, 4045, 4060, 4065, 4068, 4087, 4090, 4102, 4122, 4125, 4134, 4143, 4182, 4191, 4219, 4261, 4263, 4266, 4279, 4283, 4288, 4293, 4310, 4321, 4345, 4354, 4357, 4364, 4404, 4422, 4447, 4456, 4498, 4523, 4528, 4530, 4578, 4597, 4636, 4638, 4644, 4647, 4688, 4692, 4704, 4715, 4722, 4736, 4772, 4800, 4807, 4830, 4847, 4873, 4875, 4877, 4879, 4896, 4898, 4928, 4955, 4967, 4994, 5008, 5010, 5020, 5022, 5032, 5052, 5063, 5070, 5079, 5088, 5142, 5145, 5147, 5160, 5164, 5175, 5202, 5217, 5244, 5270, 5273, 5284, 5304, 5316, 5341, 5349, 5355, 5371, 5380, 5386, 5395, 5411, 5439, 5472, 5503, 5539, 5543, 5575, 5592, 5597, 5625, 5633, 5644, 5682, 5690, 5693, 5695, 5702, 5757, 5768, 5809, 5814, 5827, 5833, 5843, 5852, 5872, 5887, 5900, 5919, 5970, 5978, 5994, 6010, 6019, 6026, 6036, 6047, 6056, 6080, 6099, 6103, 6144, 6152, 6161, 6167, 6212, 6245, 6248, 6287, 6297, 6314, 6320, 6325, 6332, 6338, 6341, 6348, 6407, 6432, 6439, 6479, 6487, 6506, 6509, 6525, 6553, 6560, 6568, 6572, 6592, 6594, 6597, 6633, 6637, 6641, 6653, 6688, 6705, 6707, 6712, 6719, 6726, 6737, 6744, 6773, 6777, 6782, 6792, 6808, 6816, 6818, 6830, 6847, 6850, 6898, 6905, 6943, 6960, 6976, 6978, 6985, 6991, 7023, 7027, 7034, 7037, 7049, 7092, 7094, 7130, 7132, 7135, 7144, 7152, 7162, 7165, 7172, 7178, 7183, 7197, 7231, 7256, 7261, 7263, 7268, 7275, 7279, 7289, 7301, 7336, 7378, 7397, 7418, 7448, 7456, 7484, 7497, 7510, 7513, 7517, 7532, 7534, 7542, 7556, 7563, 7567, 7577, 7585, 7599, 7624, 7651, 7679, 7690, 7696, 7710, 7712, 7725, 7745, 7748, 7781, 7818, 7827, 7840, 7846, 7858, 7860, 7902, 7913, 7928, 7930, 7944, 7960, 7990, 7993, 8005, 8050, 8063, 8084, 8095, 8131, 8133, 8149, 8155, 8169, 8255, 8269, 8321, 8323, 8328, 8338, 8348, 8350, 8363, 8385, 8391, 8398, 8403, 8411, 8428, 8430, 8453, 8460, 8463, 8469, 8477, 8546, 8567, 8569, 8579, 8644, 8671, 8675, 8682, 8693, 8702, 8713, 8715, 8755, 8782, 8796, 8804, 8806, 8821, 8835, 8896, 8913, 8940, 8950, 8961, 8978, 8995, 9005, 9012, 9048, 9054, 9078, 9082, 9096, 9107, 9162, 9236]",[],"[7, 36, 65, 86, 115, 122, 133, 157, 164, 187, 191, 225, 229, 236, 254, 256, 300, 303, 312, 315, 321, 329, 349, 352, 362, 365, 379, 397, 404, 408, 410, 438, 454, 471, 477, 515, 519, 532, 546, 551, 623, 625, 638, 655, 667, 678, 680, 686, 690, 705, 753, 758, 769, 800, 813, 851, 862, 879, 884, 909, 927, 934, 955, 987, 990, 1006, 1014, 1017, 1024, 1027, 1036, 1065, 1067, 1072, 1074, 1077, 1133, 1168, 1196, 1211, 1213, 1216, 1219, 1275, 1308, 1322, 1330, 1334, 1381, 1389, 1397, 1403, 1420, 1471, 1487, 1528, 1562, 1565, 1570, 1572, 1578, 1584, 1586, 1589, 1608, 1619, 1649, 1656, 1670, 1687, 1691, 1704, 1706, 1710, 1746, 1753, 1780, 1785, 1791, 1803, 1827, 1833, 1835, 1868, 1887, 1903, 1913, 1934, 1939, 1941, 1970, 1991, 1994, 2026, 2040, 2057, 2069, 2080, 2096, 2125, 2132, 2136, 2138, 2147, 2165, 2187, 2202, 2207, 2249, 2255, 2264, 2272, 2290, 2293, 2310, 2321, 2364, 2383, 2396, 2416, 2418, 2428, 2432, 2446, 2449, 2459, 2464, 2497, 2508, 2549, 2560, 2584, 2597, 2638, 2654, 2659, 2680, 2690, 2692, 2746, 2776, 2782, 2786, 2790, 2796, 2817, 2880, 2903, 2905, 2917, 2934, 2985, 3036, 3039, 3047, 3050, 3052, 3063, 3077, 3084, 3087, 3115, 3123, 3126, 3137, 3173, 3215, 3242, 3249, 3258, 3271, 3293, 3301, 3309, 3312, 3318, 3328, 3331, 3341, 3346, 3355, 3374, 3387, 3399, 3401, 3442, 3447, 3475, 3501, 3506, 3508, 3550, 3565, 3567, 3574, 3577, 3597, 3600, 3602, 3604, 3643, 3647, 3698, 3726, 3747, 3759, 3765, 3770, 3831, 3843, 3917, 3935, 3944, 3947, 3950, 3964, 3976, 3979, 4001, 4020, 4024, 4029, 4034, 4045, 4060, 4065, 4068, 4087, 4090, 4102, 4122, 4125, 4134, 4143, 4182, 4191, 4219, 4261, 4263, 4266, 4279, 4283, 4288, 4293, 4310, 4321, 4345, 4354, 4357, 4364, 4404, 4422, 4447, 4456, 4498, 4523, 4528, 4530, 4578, 4597, 4636, 4638, 4644, 4647, 4688, 4692, 4704, 4715, 4722, 4736, 4772, 4800, 4807, 4830, 4847, 4873, 4875, 4877, 4879, 4896, 4898, 4928, 4955, 4967, 4994, 5008, 5010, 5020, 5022, 5032, 5052, 5063, 5070, 5079, 5088, 5142, 5145, 5147, 5160, 5164, 5175, 5202, 5217, 5244, 5270, 5273, 5284, 5304, 5316, 5341, 5349, 5355, 5371, 5380, 5386, 5395, 5411, 5439, 5472, 5503, 5539, 5543, 5575, 5592, 5597, 5625, 5633, 5644, 5682, 5690, 5693, 5695, 5702, 5757, 5768, 5809, 5814, 5827, 5833, 5843, 5852, 5872, 5887, 5900, 5919, 5970, 5978, 5994, 6010, 6019, 6026, 6036, 6047, 6056, 6080, 6099, 6103, 6144, 6152, 6161, 6167, 6212, 6245, 6248, 6287, 6297, 6314, 6320, 6325, 6332, 6338, 6341, 6348, 6407, 6432, 6439, 6479, 6487, 6506, 6509, 6525, 6553, 6560, 6568, 6572, 6592, 6594, 6597, 6633, 6637, 6641, 6653, 6688, 6705, 6707, 6712, 6719, 6726, 6737, 6744, 6773, 6777, 6782, 6792, 6808, 6816, 6818, 6830, 6847, 6850, 6898, 6905, 6943, 6960, 6976, 6978, 6985, 6991, 7023, 7027, 7034, 7037, 7049, 7092, 7094, 7130, 7132, 7135, 7144, 7152, 7162, 7165, 7172, 7178, 7183, 7197, 7231, 7256, 7261, 7263, 7268, 7275, 7279, 7289, 7301, 7336, 7378, 7397, 7418, 7448, 7456, 7484, 7497, 7510, 7513, 7517, 7532, 7534, 7542, 7556, 7563, 7567, 7577, 7585, 7599, 7624, 7651, 7679, 7690, 7696, 7710, 7712, 7725, 7745, 7748, 7781, 7818, 7827, 7840, 7846, 7858, 7860, 7902, 7913, 7928, 7930, 7944, 7960, 7990, 7993, 8005, 8050, 8063, 8084, 8095, 8131, 8133, 8149, 8155, 8169, 8255, 8269, 8321, 8323, 8328, 8338, 8348, 8350, 8363, 8385, 8391, 8398, 8403, 8411, 8428, 8430, 8453, 8460, 8463, 8469, 8477, 8546, 8567, 8569, 8579, 8644, 8671, 8675, 8682, 8693, 8702, 8713, 8715, 8755, 8782, 8796, 8804, 8806, 8821, 8835, 8896, 8913, 8940, 8950, 8961, 8978, 8995, 9005, 9012, 9048, 9054, 9078, 9082, 9096, 9107, 9162, 9236]","[453, 1705, 1993, 3270, 3746, 4278, 4687, 6098, 6552, 7230, 7512]",9254,597,8657,0,597,8646,11
-4.0,MUSTHY1,"[26, 62, 81, 94, 141, 158, 173, 176, 184, 192, 199, 224, 227, 230, 281, 284, 287, 290, 293, 296, 331, 336, 344, 348, 363, 475, 491, 510, 524, 530, 538, 541, 572, 617, 630, 634, 636, 665, 670, 679, 681, 697, 721, 789, 820, 855, 868, 898, 947, 958, 992, 998, 1000, 1002, 1010, 1019, 1038, 1044, 1059, 1130, 1151, 1157, 1161, 1196, 1199, 1210, 1236, 1241, 1244, 1253, 1256, 1258, 1264, 1269, 1282, 1337, 1353, 1404, 1409, 1411, 1431, 1505, 1512, 1555, 1572, 1587, 1608, 1650, 1670, 1743, 1751, 1758, 1790, 1794, 1813, 1829, 1834, 1838, 1858, 1871, 1923, 1931, 1937, 1944, 1949, 1959, 2017, 2057, 2135, 2147, 2152, 2175, 2182, 2224, 2244, 2247, 2253, 2299, 2303, 2332, 2387, 2405, 2430, 2446, 2478, 2496, 2510, 2557, 2570, 2640, 2642, 2644, 2650, 2652, 2656, 2665, 2667, 2675, 2679]",[],"[26, 62, 81, 94, 141, 158, 173, 176, 184, 192, 199, 224, 227, 230, 281, 284, 287, 290, 293, 296, 331, 336, 344, 348, 363, 475, 491, 510, 524, 530, 538, 541, 572, 617, 630, 634, 636, 665, 670, 679, 681, 697, 721, 789, 820, 855, 868, 898, 947, 958, 992, 998, 1000, 1002, 1010, 1019, 1038, 1044, 1059, 1130, 1151, 1157, 1161, 1196, 1199, 1210, 1236, 1241, 1244, 1253, 1256, 1258, 1264, 1269, 1282, 1337, 1353, 1404, 1409, 1411, 1431, 1505, 1512, 1555, 1572, 1587, 1608, 1650, 1670, 1743, 1751, 1758, 1790, 1794, 1813, 1829, 1834, 1838, 1858, 1871, 1923, 1931, 1937, 1944, 1949, 1959, 2017, 2057, 2135, 2147, 2152, 2175, 2182, 2224, 2244, 2247, 2253, 2299, 2303, 2332, 2387, 2405, 2430, 2446, 2478, 2496, 2510, 2557, 2570, 2640, 2642, 2644, 2650, 2652, 2656, 2665, 2667, 2675, 2679]","[80, 1009]",2683,139,2544,0,139,2542,2
-4.0,MUSTLAG,"[34, 43, 53, 62, 76, 100, 132, 154, 170, 252, 262, 270, 306, 374, 379, 393, 404, 411, 420, 426, 432, 458, 466, 479, 498, 506, 514, 537, 548, 574, 584, 592, 645, 684, 706, 710, 754, 808, 844, 857, 863, 902, 920, 947, 957, 980, 984, 1027, 1038, 1058, 1083, 1100, 1147, 1156, 1179, 1183, 1224, 1232, 1238, 1249, 1266, 1315, 1320, 1328, 1333, 1338, 1422, 1464, 1478, 1493, 1566, 1574, 1578, 1612, 1619, 1624, 1687, 1691, 1699, 1704, 1709, 1716, 1726, 1734, 1791, 1799, 1806, 1829, 1897, 1995, 2010, 2043, 2045, 2107, 2112, 2119, 2129, 2145, 2151, 2159, 2167, 2175, 2179, 2183, 2220, 2232, 2235, 2238, 2251, 2259, 2269, 2280, 2304, 2306, 2317, 2319, 2363, 2367, 2376, 2387, 2412, 2437, 2444, 2451, 2511, 2518, 2524, 2547, 2549, 2554, 2569, 2572, 2587, 2627, 2629, 2662, 2665, 2672, 2679, 2701, 2703, 2723, 2737, 2739, 2778, 2780, 2826, 2837, 2875, 2907, 2914, 2946, 2970, 2986, 3027, 3071, 3097, 3124, 3130, 3146, 3169, 3236, 3261, 3266, 3277, 3325, 3362, 3400, 3410, 3413, 3416, 3447, 3452, 3454, 3495, 3504, 3506, 3510, 3523, 3561, 3567, 3574, 3585, 3605, 3637, 3642, 3662, 3666, 3696, 3711, 3713, 3721, 3741, 3751, 3755, 3776, 3823, 3827, 3870, 3879, 3912, 3929, 3962, 3983, 4006, 4033, 4085, 4122, 4164, 4177, 4182, 4213, 4218, 4238, 4289, 4342, 4405, 4412, 4429, 4450, 4452, 4458, 4575, 4620, 4631, 4633, 4653, 4692, 4698, 4706, 4709, 4712, 4764, 4780, 4789, 4793, 4880, 4903, 4906, 4921, 4965, 5010, 5012, 5014, 5031, 5033, 5070, 5076, 5078, 5099, 5107, 5111, 5138, 5143, 5177, 5179, 5186, 5193, 5197, 5202, 5213, 5231, 5242, 5249, 5259, 5265, 5271, 5281, 5286, 5308, 5311, 5317, 5330, 5414]",[],"[34, 43, 53, 62, 76, 100, 132, 154, 170, 252, 262, 270, 306, 374, 379, 393, 404, 411, 420, 426, 432, 458, 466, 479, 498, 506, 514, 537, 548, 574, 584, 592, 645, 684, 706, 710, 754, 808, 844, 857, 863, 902, 920, 947, 957, 980, 984, 1027, 1038, 1058, 1083, 1100, 1147, 1156, 1179, 1183, 1224, 1232, 1238, 1249, 1266, 1315, 1320, 1328, 1333, 1338, 1422, 1464, 1478, 1493, 1566, 1574, 1578, 1612, 1619, 1624, 1687, 1691, 1699, 1704, 1709, 1716, 1726, 1734, 1791, 1799, 1806, 1829, 1897, 1995, 2010, 2043, 2045, 2107, 2112, 2119, 2129, 2145, 2151, 2159, 2167, 2175, 2179, 2183, 2220, 2232, 2235, 2238, 2251, 2259, 2269, 2280, 2304, 2306, 2317, 2319, 2363, 2367, 2376, 2387, 2412, 2437, 2444, 2451, 2511, 2518, 2524, 2547, 2549, 2554, 2569, 2572, 2587, 2627, 2629, 2662, 2665, 2672, 2679, 2701, 2703, 2723, 2737, 2739, 2778, 2780, 2826, 2837, 2875, 2907, 2914, 2946, 2970, 2986, 3027, 3071, 3097, 3124, 3130, 3146, 3169, 3236, 3261, 3266, 3277, 3325, 3362, 3400, 3410, 3413, 3416, 3447, 3452, 3454, 3495, 3504, 3506, 3510, 3523, 3561, 3567, 3574, 3585, 3605, 3637, 3642, 3662, 3666, 3696, 3711, 3713, 3721, 3741, 3751, 3755, 3776, 3823, 3827, 3870, 3879, 3912, 3929, 3962, 3983, 4006, 4033, 4085, 4122, 4164, 4177, 4182, 4213, 4218, 4238, 4289, 4342, 4405, 4412, 4429, 4450, 4452, 4458, 4575, 4620, 4631, 4633, 4653, 4692, 4698, 4706, 4709, 4712, 4764, 4780, 4789, 4793, 4880, 4903, 4906, 4921, 4965, 5010, 5012, 5014, 5031, 5033, 5070, 5076, 5078, 5099, 5107, 5111, 5138, 5143, 5177, 5179, 5186, 5193, 5197, 5202, 5213, 5231, 5242, 5249, 5259, 5265, 5271, 5281, 5286, 5308, 5311, 5317, 5330, 5414]","[705, 1155, 1573, 3494, 3740]",5413,274,5139,0,274,5134,5
-4.0,MUSTSHBA2,"[9, 23, 49, 51, 70, 80, 89, 91, 98, 101, 117, 129, 180, 187, 191, 204, 210, 220, 222, 224, 254, 268, 285, 307, 315, 327, 346, 367, 380, 389, 393, 407, 409, 442, 449, 454, 465, 469, 472, 494, 514, 517, 521, 540, 558, 582, 600, 602, 624, 630, 638, 644, 658, 690, 699, 707, 709, 719, 748, 759, 766, 772, 774, 778, 794, 831, 835, 838, 841, 864, 867, 869, 874, 883, 925, 956, 960, 989, 1016, 1040, 1046, 1057, 1059, 1066, 1068, 1083, 1103, 1132, 1157, 1174, 1184, 1191, 1193, 1231, 1256]",[],"[9, 23, 49, 51, 70, 80, 89, 91, 98, 101, 117, 129, 180, 187, 191, 204, 210, 220, 222, 224, 254, 268, 285, 307, 315, 327, 346, 367, 380, 389, 393, 407, 409, 442, 449, 454, 465, 469, 472, 494, 514, 517, 521, 540, 558, 582, 600, 602, 624, 630, 638, 644, 658, 690, 699, 707, 709, 719, 748, 759, 766, 772, 774, 778, 794, 831, 835, 838, 841, 864, 867, 869, 874, 883, 925, 956, 960, 989, 1016, 1040, 1046, 1057, 1059, 1066, 1068, 1083, 1103, 1132, 1157, 1174, 1184, 1191, 1193, 1231, 1256]",[464],1284,95,1189,0,95,1188,1
-4.0,MUSY1GLOB,"[14, 20, 64, 83, 85, 90, 138, 181, 192, 196, 229, 254, 289, 330, 335, 340, 346, 355, 359, 362, 378, 387, 396, 449, 475, 478, 480, 556, 577, 597, 624, 644, 656, 670, 691, 695, 729, 771, 785, 791, 803, 809, 814, 820, 830, 871, 874, 906, 918, 921, 953, 974, 978, 993, 1004, 1025, 1052, 1067, 1093, 1108, 1134, 1176, 1225, 1247, 1250, 1254, 1332, 1334, 1342, 1348, 1365, 1384, 1414, 1423, 1446, 1451, 1457, 1463, 1473, 1526, 1535, 1549, 1558, 1583, 1596, 1598, 1600, 1638, 1658, 1682, 1697, 1702, 1707, 1747, 1749]",[],"[14, 20, 64, 83, 85, 90, 138, 181, 192, 196, 229, 254, 289, 330, 335, 340, 346, 355, 359, 362, 378, 387, 396, 449, 475, 478, 480, 556, 577, 597, 624, 644, 656, 670, 691, 695, 729, 771, 785, 791, 803, 809, 814, 820, 830, 871, 874, 906, 918, 921, 953, 974, 978, 993, 1004, 1025, 1052, 1067, 1093, 1108, 1134, 1176, 1225, 1247, 1250, 1254, 1332, 1334, 1342, 1348, 1365, 1384, 1414, 1423, 1446, 1451, 1457, 1463, 1473, 1526, 1535, 1549, 1558, 1583, 1596, 1598, 1600, 1638, 1658, 1682, 1697, 1702, 1707, 1747, 1749]","[377, 690]",1746,95,1651,0,95,1649,2
-4.0,OABBGLOB,"[12, 34, 38, 71, 98, 109, 115, 140, 162, 170, 193, 197, 255, 286, 308, 357, 378, 392, 447, 460, 506, 526, 530, 541, 549, 552, 600, 608, 610, 660, 667, 671, 687, 693, 723, 842, 900, 921, 927, 936, 940, 959, 963, 983, 994, 1027, 1067, 1072, 1094, 1097, 1117, 1157, 1175, 1196, 1212, 1263, 1275, 1289, 1310, 1314, 1318, 1323, 1332, 1353, 1364, 1396, 1414, 1422, 1428, 1450, 1504, 1511, 1514, 1523, 1535, 1556, 1623, 1643, 1690, 1744, 1758, 1761, 1778, 1787, 1803, 1865, 1869, 1876, 1887, 1902, 1915, 1957, 1965, 1976, 1988, 2006, 2021, 2037, 2079, 2101, 2108, 2122, 2132, 2193, 2220, 2226, 2229, 2232, 2268, 2292, 2295, 2302, 2304, 2363, 2465, 2467, 2486, 2551, 2576, 2601, 2604, 2617, 2671, 2687, 2690, 2698, 2702, 2706, 2726, 2749, 2791, 2815, 2836, 2844, 2931, 2939, 2965, 2974, 3005, 3010, 3020, 3028, 3031, 3033, 3080, 3116, 3125, 3129, 3157, 3160, 3198, 3212, 3216, 3230, 3239]",[],"[12, 34, 38, 71, 98, 109, 115, 140, 162, 170, 193, 197, 255, 286, 308, 357, 378, 392, 447, 460, 506, 526, 530, 541, 549, 552, 600, 608, 610, 660, 667, 671, 687, 693, 723, 842, 900, 921, 927, 936, 940, 959, 963, 983, 994, 1027, 1067, 1072, 1094, 1097, 1117, 1157, 1175, 1196, 1212, 1263, 1275, 1289, 1310, 1314, 1318, 1323, 1332, 1353, 1364, 1396, 1414, 1422, 1428, 1450, 1504, 1511, 1514, 1523, 1535, 1556, 1623, 1643, 1690, 1744, 1758, 1761, 1778, 1787, 1803, 1865, 1869, 1876, 1887, 1902, 1915, 1957, 1965, 1976, 1988, 2006, 2021, 2037, 2079, 2101, 2108, 2122, 2132, 2193, 2220, 2226, 2229, 2232, 2268, 2292, 2295, 2302, 2304, 2363, 2465, 2467, 2486, 2551, 2576, 2601, 2604, 2617, 2671, 2687, 2690, 2698, 2702, 2706, 2726, 2749, 2791, 2815, 2836, 2844, 2931, 2939, 2965, 2974, 3005, 3010, 3020, 3028, 3031, 3033, 3080, 3116, 3125, 3129, 3157, 3160, 3198, 3212, 3216, 3230, 3239]","[958, 1309]",3242,155,3087,0,155,3085,2
-4.0,OABCGLOB,"[12, 34, 38, 72, 99, 116, 141, 163, 171, 194, 198, 256, 259, 288, 296, 310, 381, 393, 395, 401, 434, 457, 468, 470, 512, 514, 534, 536, 556, 607, 615, 617, 667, 674, 678, 700, 730, 850, 852, 920, 926, 935, 939, 958, 962, 993, 1010, 1012, 1056, 1070, 1075, 1097, 1100, 1120, 1160, 1178, 1199, 1215, 1223, 1266, 1278, 1292, 1313, 1317, 1326, 1353, 1364, 1396, 1414, 1422, 1450, 1506, 1513, 1516, 1525, 1560, 1604, 1624, 1628, 1649, 1696, 1709, 1789, 1798, 1849, 1868, 1876, 1880, 1887, 1913, 1922, 1926, 1968, 1987, 1999, 2017, 2032, 2045, 2056, 2061, 2070, 2093, 2141, 2168, 2174, 2177, 2180, 2230, 2240, 2243, 2250, 2252, 2259, 2311, 2313, 2413, 2415, 2434, 2498, 2548, 2551, 2564, 2618, 2637, 2649, 2653, 2679, 2696, 2702, 2722, 2749, 2773, 2801, 2832, 2841, 2883, 2917, 2926, 2957, 2962, 2967, 2980, 2983, 2985, 2997, 3031, 3067, 3076, 3080, 3096, 3149, 3163, 3167, 3181, 3190]",[],"[12, 34, 38, 72, 99, 116, 141, 163, 171, 194, 198, 256, 259, 288, 296, 310, 381, 393, 395, 401, 434, 457, 468, 470, 512, 514, 534, 536, 556, 607, 615, 617, 667, 674, 678, 700, 730, 850, 852, 920, 926, 935, 939, 958, 962, 993, 1010, 1012, 1056, 1070, 1075, 1097, 1100, 1120, 1160, 1178, 1199, 1215, 1223, 1266, 1278, 1292, 1313, 1317, 1326, 1353, 1364, 1396, 1414, 1422, 1450, 1506, 1513, 1516, 1525, 1560, 1604, 1624, 1628, 1649, 1696, 1709, 1789, 1798, 1849, 1868, 1876, 1880, 1887, 1913, 1922, 1926, 1968, 1987, 1999, 2017, 2032, 2045, 2056, 2061, 2070, 2093, 2141, 2168, 2174, 2177, 2180, 2230, 2240, 2243, 2250, 2252, 2259, 2311, 2313, 2413, 2415, 2434, 2498, 2548, 2551, 2564, 2618, 2637, 2649, 2653, 2679, 2696, 2702, 2722, 2749, 2773, 2801, 2832, 2841, 2883, 2917, 2926, 2957, 2962, 2967, 2980, 2983, 2985, 2997, 3031, 3067, 3076, 3080, 3096, 3149, 3163, 3167, 3181, 3190]","[957, 1312]",3193,155,3038,0,155,3036,2
-4.0,OAINIGFII1,"[61, 64, 98, 139, 151, 155, 170, 180, 222, 244, 267, 296, 324, 351, 364, 378, 397, 423, 429, 431, 436, 455, 469, 493, 537, 562, 575, 629, 643, 659, 670, 677, 679, 725, 741, 762, 770, 847, 852, 858, 867, 1017, 1023, 1037, 1048, 1051, 1071, 1092, 1099, 1114, 1166, 1185, 1200, 1211, 1248, 1275, 1283, 1291, 1304, 1335, 1383, 1389, 1391, 1401, 1413, 1484, 1494, 1521, 1528, 1552, 1565, 1575, 1589, 1624, 1653, 1672, 1680, 1691, 1699, 1753, 1776, 1810, 1840, 1859, 1866, 1868, 1890, 1963, 1966, 1976, 2012, 2033, 2044, 2049, 2058, 2066, 2088, 2107, 2111, 2115, 2156, 2164, 2200, 2243, 2258, 2284, 2292, 2304, 2310, 2320, 2336, 2365, 2383, 2387]",[],"[61, 64, 98, 139, 151, 155, 170, 180, 222, 244, 267, 296, 324, 351, 364, 378, 397, 423, 429, 431, 436, 455, 469, 493, 537, 562, 575, 629, 643, 659, 670, 677, 679, 725, 741, 762, 770, 847, 852, 858, 867, 1017, 1023, 1037, 1048, 1051, 1071, 1092, 1099, 1114, 1166, 1185, 1200, 1211, 1248, 1275, 1283, 1291, 1304, 1335, 1383, 1389, 1391, 1401, 1413, 1484, 1494, 1521, 1528, 1552, 1565, 1575, 1589, 1624, 1653, 1672, 1680, 1691, 1699, 1753, 1776, 1810, 1840, 1859, 1866, 1868, 1890, 1963, 1966, 1976, 2012, 2033, 2044, 2049, 2058, 2066, 2088, 2107, 2111, 2115, 2156, 2164, 2200, 2243, 2258, 2284, 2292, 2304, 2310, 2320, 2336, 2365, 2383, 2387]",[740],2386,114,2272,0,114,2271,1
-4.0,OAINTL3,"[43, 109, 116, 121, 135, 144, 189, 193, 207, 244, 254, 293, 310, 336, 347, 351, 354, 367, 374, 385, 400, 443, 453, 667, 675, 679, 693, 722, 814, 820, 839, 851, 855, 892, 919, 941, 944, 946, 949, 967, 969, 978, 990, 992, 997, 1003, 1008, 1028, 1037, 1116, 1123, 1131, 1202, 1207, 1215, 1231, 1262, 1265, 1299, 1311, 1325, 1364, 1398, 1404, 1410, 1432, 1441, 1450, 1510, 1514, 1541, 1599, 1603, 1608, 1617, 1625, 1627, 1662, 1706, 1716, 1729, 1748, 1762, 1765, 1798, 1807, 1849, 1881, 1910, 1914, 1922, 1974, 1990, 2003, 2013, 2023, 2049, 2073, 2100, 2177, 2310, 2325, 2343, 2355, 2383, 2396, 2414, 2426, 2457, 2475, 2498, 2500, 2529, 2566, 2570, 2588, 2596, 2603, 2624, 2629, 2671, 2675, 2683, 2705, 2749, 2758, 2774]",[],"[43, 109, 116, 121, 135, 144, 189, 193, 207, 244, 254, 293, 310, 336, 347, 351, 354, 367, 374, 385, 400, 443, 453, 667, 675, 679, 693, 722, 814, 820, 839, 851, 855, 892, 919, 941, 944, 946, 949, 967, 969, 978, 990, 992, 997, 1003, 1008, 1028, 1037, 1116, 1123, 1131, 1202, 1207, 1215, 1231, 1262, 1265, 1299, 1311, 1325, 1364, 1398, 1404, 1410, 1432, 1441, 1450, 1510, 1514, 1541, 1599, 1603, 1608, 1617, 1625, 1627, 1662, 1706, 1716, 1729, 1748, 1762, 1765, 1798, 1807, 1849, 1881, 1910, 1914, 1922, 1974, 1990, 2003, 2013, 2023, 2049, 2073, 2100, 2177, 2310, 2325, 2343, 2355, 2383, 2396, 2414, 2426, 2457, 2475, 2498, 2500, 2529, 2566, 2570, 2588, 2596, 2603, 2624, 2629, 2671, 2675, 2683, 2705, 2749, 2758, 2774]","[674, 813, 1909, 2072]",2794,127,2667,0,127,2663,4
-4.0,OAKRT213,"[10, 15, 18, 41, 51, 60, 63, 67, 83, 95, 126, 128, 145, 149, 211, 222, 233, 270, 356, 403, 454, 484, 487, 524, 543, 546, 555, 557, 561, 625, 632, 722, 748, 754, 756, 759, 761, 844, 854, 861, 914, 933, 948, 976, 987, 1010, 1043, 1069, 1087, 1089, 1124, 1156, 1180, 1207, 1216, 1220, 1229, 1242, 1252, 1254, 1261, 1264, 1291, 1293, 1295, 1310, 1319, 1329, 1331, 1333, 1335, 1337, 1339, 1341, 1343, 1439, 1445, 1471, 1534, 1543, 1580, 1594, 1598, 1600, 1606, 1629, 1636, 1641, 1644, 1661, 1673, 1676, 1705, 1715, 1778, 1787, 1822, 1843, 1856, 1930, 1939, 1941, 1958, 1963, 1980, 1982, 1989, 1993, 2028, 2033, 2046, 2126, 2149, 2152, 2154, 2171, 2177, 2183, 2215, 2220, 2222, 2229, 2242, 2264, 2293, 2295, 2299, 2334, 2336, 2343, 2349, 2358, 2374, 2381, 2388, 2461, 2475, 2541, 2550, 2552, 2642, 2653, 2663, 2666, 2686, 2688, 2786, 2813, 2818, 2839, 2853, 2858, 2864, 2917, 2939, 2941, 2978, 2984, 2986, 3002, 3008, 3014, 3030, 3070, 3072, 3076, 3133, 3177, 3199, 3203, 3205, 3242, 3256, 3260, 3279, 3334, 3358, 3371, 3377, 3379, 3414, 3546, 3643, 3660, 3689, 3708, 3741, 3813, 3830, 3832, 3834, 3836, 3839, 3842, 3863, 3869, 3896, 3910, 3916, 3922, 3932, 3939, 3980, 3989, 4031, 4072, 4074, 4116, 4125, 4148, 4152, 4166, 4214, 4269, 4285, 4323, 4349, 4432, 4461, 4468, 4477, 4479, 4489, 4497, 4516, 4523, 4529, 4536, 4558, 4573, 4599, 4608, 4614, 4625, 4627, 4643, 4654, 4673, 4679, 4686, 4691, 4727, 4747, 4753, 4795, 4799, 4814, 4818, 4822, 4830, 4838, 4849, 4854, 4872, 4882, 4887, 4989, 5020, 5043, 5047, 5060, 5122, 5132, 5175, 5177, 5179, 5183, 5196, 5205, 5211, 5250, 5259, 5279, 5289, 5343, 5345, 5366, 5372, 5378, 5384, 5396, 5404, 5406, 5408, 5410, 5412, 5414, 5416, 5418, 5420, 5422, 5424, 5426, 5428, 5430, 5432, 5434, 5436, 5438, 5440, 5442, 5444, 5450, 5457, 5466, 5488, 5492, 5497, 5522, 5529, 5559, 5565, 5585, 5607, 5672, 5685, 5689, 5692, 5716, 5763, 5790, 5799, 5816, 5843, 5845, 5848, 5889, 5892, 5901, 5903, 5910, 5921, 5951, 5973, 6078, 6105, 6117, 6119, 6121, 6123, 6130, 6163, 6174, 6181, 6205, 6222, 6235, 6249, 6308, 6349, 6457, 6465, 6475, 6549, 6553, 6558, 6694, 6700, 6713, 6745, 6766, 6786, 6795, 6816, 6819, 6859, 6874, 6887, 6897, 6903, 6915, 6925, 7022, 7043, 7053, 7062, 7066, 7072, 7077, 7084, 7097, 7109, 7125, 7168, 7170, 7212, 7257, 7269, 7277, 7284, 7288, 7296, 7314, 7332, 7365, 7367, 7379, 7384, 7390, 7394, 7398, 7428, 7436, 7442, 7456, 7478, 7500, 7518, 7526, 7533, 7559, 7565, 7571, 7636, 7639, 7644, 7661, 7674, 7677, 7680, 7692, 7704, 7739, 7748, 7753, 7765, 7784, 7793, 7811, 7838, 7840, 7852, 7855, 7885, 7897, 7906, 7912, 7914, 7930, 7935, 7938, 7942, 7945, 7963, 7978, 7989, 7999, 8018, 8020, 8025, 8094, 8113, 8147, 8165, 8167, 8192, 8233, 8246, 8249, 8301, 8339, 8380, 8394, 8402, 8408, 8415, 8417, 8429, 8454, 8458, 8483, 8488, 8503, 8531, 8533, 8562, 8590, 8601, 8611, 8613, 8623, 8652, 8669, 8682, 8710, 8716, 8813, 8871, 8884, 8891, 8932, 8936, 8966, 9047, 9064, 9084, 9088, 9100, 9125, 9129, 9163, 9217, 9245, 9295, 9299, 9317, 9327, 9355, 9382, 9403, 9418, 9438, 9455, 9459, 9462]",[],"[10, 15, 18, 41, 51, 60, 63, 67, 83, 95, 126, 128, 145, 149, 211, 222, 233, 270, 356, 403, 454, 484, 487, 524, 543, 546, 555, 557, 561, 625, 632, 722, 748, 754, 756, 759, 761, 844, 854, 861, 914, 933, 948, 976, 987, 1010, 1043, 1069, 1087, 1089, 1124, 1156, 1180, 1207, 1216, 1220, 1229, 1242, 1252, 1254, 1261, 1264, 1291, 1293, 1295, 1310, 1319, 1329, 1331, 1333, 1335, 1337, 1339, 1341, 1343, 1439, 1445, 1471, 1534, 1543, 1580, 1594, 1598, 1600, 1606, 1629, 1636, 1641, 1644, 1661, 1673, 1676, 1705, 1715, 1778, 1787, 1822, 1843, 1856, 1930, 1939, 1941, 1958, 1963, 1980, 1982, 1989, 1993, 2028, 2033, 2046, 2126, 2149, 2152, 2154, 2171, 2177, 2183, 2215, 2220, 2222, 2229, 2242, 2264, 2293, 2295, 2299, 2334, 2336, 2343, 2349, 2358, 2374, 2381, 2388, 2461, 2475, 2541, 2550, 2552, 2642, 2653, 2663, 2666, 2686, 2688, 2786, 2813, 2818, 2839, 2853, 2858, 2864, 2917, 2939, 2941, 2978, 2984, 2986, 3002, 3008, 3014, 3030, 3070, 3072, 3076, 3133, 3177, 3199, 3203, 3205, 3242, 3256, 3260, 3279, 3334, 3358, 3371, 3377, 3379, 3414, 3546, 3643, 3660, 3689, 3708, 3741, 3813, 3830, 3832, 3834, 3836, 3839, 3842, 3863, 3869, 3896, 3910, 3916, 3922, 3932, 3939, 3980, 3989, 4031, 4072, 4074, 4116, 4125, 4148, 4152, 4166, 4214, 4269, 4285, 4323, 4349, 4432, 4461, 4468, 4477, 4479, 4489, 4497, 4516, 4523, 4529, 4536, 4558, 4573, 4599, 4608, 4614, 4625, 4627, 4643, 4654, 4673, 4679, 4686, 4691, 4727, 4747, 4753, 4795, 4799, 4814, 4818, 4822, 4830, 4838, 4849, 4854, 4872, 4882, 4887, 4989, 5020, 5043, 5047, 5060, 5122, 5132, 5175, 5177, 5179, 5183, 5196, 5205, 5211, 5250, 5259, 5279, 5289, 5343, 5345, 5366, 5372, 5378, 5384, 5396, 5404, 5406, 5408, 5410, 5412, 5414, 5416, 5418, 5420, 5422, 5424, 5426, 5428, 5430, 5432, 5434, 5436, 5438, 5440, 5442, 5444, 5450, 5457, 5466, 5488, 5492, 5497, 5522, 5529, 5559, 5565, 5585, 5607, 5672, 5685, 5689, 5692, 5716, 5763, 5790, 5799, 5816, 5843, 5845, 5848, 5889, 5892, 5901, 5903, 5910, 5921, 5951, 5973, 6078, 6105, 6117, 6119, 6121, 6123, 6130, 6163, 6174, 6181, 6205, 6222, 6235, 6249, 6308, 6349, 6457, 6465, 6475, 6549, 6553, 6558, 6694, 6700, 6713, 6745, 6766, 6786, 6795, 6816, 6819, 6859, 6874, 6887, 6897, 6903, 6915, 6925, 7022, 7043, 7053, 7062, 7066, 7072, 7077, 7084, 7097, 7109, 7125, 7168, 7170, 7212, 7257, 7269, 7277, 7284, 7288, 7296, 7314, 7332, 7365, 7367, 7379, 7384, 7390, 7394, 7398, 7428, 7436, 7442, 7456, 7478, 7500, 7518, 7526, 7533, 7559, 7565, 7571, 7636, 7639, 7644, 7661, 7674, 7677, 7680, 7692, 7704, 7739, 7748, 7753, 7765, 7784, 7793, 7811, 7838, 7840, 7852, 7855, 7885, 7897, 7906, 7912, 7914, 7930, 7935, 7938, 7942, 7945, 7963, 7978, 7989, 7999, 8018, 8020, 8025, 8094, 8113, 8147, 8165, 8167, 8192, 8233, 8246, 8249, 8301, 8339, 8380, 8394, 8402, 8408, 8415, 8417, 8429, 8454, 8458, 8483, 8488, 8503, 8531, 8533, 8562, 8590, 8601, 8611, 8613, 8623, 8652, 8669, 8682, 8710, 8716, 8813, 8871, 8884, 8891, 8932, 8936, 8966, 9047, 9064, 9084, 9088, 9100, 9125, 9129, 9163, 9217, 9245, 9295, 9299, 9317, 9327, 9355, 9382, 9403, 9418, 9438, 9455, 9459, 9462]","[3198, 4147, 4813, 5288, 5684, 6077, 6548, 7393]",9523,515,9008,0,515,9000,8
-4.0,OALGB,"[47, 65, 77, 79, 89, 91, 110, 124, 131, 141, 160, 178, 191, 208, 213, 224, 232, 247, 289, 318, 349, 375, 379, 412, 420, 434, 470, 477, 493, 499, 521, 523, 556, 572, 589, 603, 666, 703, 722, 768, 790, 848, 883, 888, 903, 939, 947, 956, 960, 964, 1012, 1017, 1022, 1032, 1082, 1089, 1125, 1127, 1177, 1187, 1217, 1274, 1294, 1303, 1308, 1310, 1316, 1325, 1329, 1339, 1356, 1394, 1413, 1423, 1441, 1453, 1458, 1460, 1464, 1487, 1494, 1504, 1529, 1548, 1579, 1591, 1603, 1667, 1681, 1683, 1687, 1743, 1749, 1786, 1802, 1807, 1852, 1860, 1974, 2007, 2044, 2060, 2064, 2079, 2081, 2118, 2132, 2152, 2169, 2171, 2185, 2187, 2217, 2234, 2252, 2269, 2275, 2296, 2298, 2344, 2350, 2353, 2416, 2423, 2433, 2439, 2443, 2457, 2531, 2550, 2578, 2599, 2601, 2645, 2647, 2661, 2665, 2671, 2710, 2718, 2733, 2760, 2763, 2832, 2846, 2874, 2909, 2940, 2946, 2960, 2973, 2995, 3051, 3073, 3077, 3112, 3118, 3221, 3235, 3262, 3268, 3274, 3331, 3337, 3419, 3421, 3470, 3498, 3501, 3505, 3507, 3515, 3524, 3527, 3534, 3551, 3558, 3590, 3624, 3654, 3665, 3668, 3691, 3694, 3701, 3735, 3756, 3767, 3790, 3796, 3819, 3845, 3876, 3884, 3888, 3922, 3925, 3944, 3951, 3981, 3988, 3996, 4012, 4015, 4033, 4040, 4048, 4052, 4093, 4108, 4115, 4117, 4123, 4138, 4141, 4163, 4174, 4205, 4251, 4263, 4268, 4274, 4301, 4328, 4344, 4346, 4388, 4410, 4478, 4537, 4551, 4566, 4657, 4725, 4762, 4767, 4779, 4823, 4825, 4830, 4874, 4881, 4887, 4901, 4912, 4935, 4955, 4962, 4968, 5000, 5009, 5031, 5065, 5076, 5080, 5087, 5089, 5144, 5157, 5178, 5200, 5236, 5245, 5274, 5322, 5373, 5463, 5479, 5504, 5512, 5515, 5526, 5566, 5578, 5583, 5667, 5678, 5680, 5685, 5716, 5729, 5737, 5765, 5811, 5814, 5826, 5846, 5872, 5890, 5896, 5905, 5923, 5931, 5949, 5955, 5957, 5975, 6011, 6095, 6127, 6133, 6146, 6150, 6172, 6186, 6195, 6209, 6243, 6255, 6295, 6297, 6332, 6340, 6343, 6355, 6369, 6381, 6390, 6423, 6427, 6485, 6495, 6512, 6530, 6532, 6544, 6585, 6615, 6618, 6624, 6631, 6673, 6683, 6700, 6744, 6753, 6767, 6785, 6849, 6867, 6884, 6893, 6904, 6968, 6986, 7021, 7074, 7083, 7103, 7123, 7154, 7177, 7184, 7245, 7247, 7255, 7297, 7306, 7310, 7316, 7321, 7340, 7372]",[],"[47, 65, 77, 79, 89, 91, 110, 124, 131, 141, 160, 178, 191, 208, 213, 224, 232, 247, 289, 318, 349, 375, 379, 412, 420, 434, 470, 477, 493, 499, 521, 523, 556, 572, 589, 603, 666, 703, 722, 768, 790, 848, 883, 888, 903, 939, 947, 956, 960, 964, 1012, 1017, 1022, 1032, 1082, 1089, 1125, 1127, 1177, 1187, 1217, 1274, 1294, 1303, 1308, 1310, 1316, 1325, 1329, 1339, 1356, 1394, 1413, 1423, 1441, 1453, 1458, 1460, 1464, 1487, 1494, 1504, 1529, 1548, 1579, 1591, 1603, 1667, 1681, 1683, 1687, 1743, 1749, 1786, 1802, 1807, 1852, 1860, 1974, 2007, 2044, 2060, 2064, 2079, 2081, 2118, 2132, 2152, 2169, 2171, 2185, 2187, 2217, 2234, 2252, 2269, 2275, 2296, 2298, 2344, 2350, 2353, 2416, 2423, 2433, 2439, 2443, 2457, 2531, 2550, 2578, 2599, 2601, 2645, 2647, 2661, 2665, 2671, 2710, 2718, 2733, 2760, 2763, 2832, 2846, 2874, 2909, 2940, 2946, 2960, 2973, 2995, 3051, 3073, 3077, 3112, 3118, 3221, 3235, 3262, 3268, 3274, 3331, 3337, 3419, 3421, 3470, 3498, 3501, 3505, 3507, 3515, 3524, 3527, 3534, 3551, 3558, 3590, 3624, 3654, 3665, 3668, 3691, 3694, 3701, 3735, 3756, 3767, 3790, 3796, 3819, 3845, 3876, 3884, 3888, 3922, 3925, 3944, 3951, 3981, 3988, 3996, 4012, 4015, 4033, 4040, 4048, 4052, 4093, 4108, 4115, 4117, 4123, 4138, 4141, 4163, 4174, 4205, 4251, 4263, 4268, 4274, 4301, 4328, 4344, 4346, 4388, 4410, 4478, 4537, 4551, 4566, 4657, 4725, 4762, 4767, 4779, 4823, 4825, 4830, 4874, 4881, 4887, 4901, 4912, 4935, 4955, 4962, 4968, 5000, 5009, 5031, 5065, 5076, 5080, 5087, 5089, 5144, 5157, 5178, 5200, 5236, 5245, 5274, 5322, 5373, 5463, 5479, 5504, 5512, 5515, 5526, 5566, 5578, 5583, 5667, 5678, 5680, 5685, 5716, 5729, 5737, 5765, 5811, 5814, 5826, 5846, 5872, 5890, 5896, 5905, 5923, 5931, 5949, 5955, 5957, 5975, 6011, 6095, 6127, 6133, 6146, 6150, 6172, 6186, 6195, 6209, 6243, 6255, 6295, 6297, 6332, 6340, 6343, 6355, 6369, 6381, 6390, 6423, 6427, 6485, 6495, 6512, 6530, 6532, 6544, 6585, 6615, 6618, 6624, 6631, 6673, 6683, 6700, 6744, 6753, 6767, 6785, 6849, 6867, 6884, 6893, 6904, 6968, 6986, 7021, 7074, 7083, 7103, 7123, 7154, 7177, 7184, 7245, 7247, 7255, 7297, 7306, 7310, 7316, 7321, 7340, 7372]","[938, 1742, 2660, 3883, 4656]",7372,363,7009,0,363,7004,5
-4.0,OAMETIAG,"[10, 39, 54, 78, 85, 92, 101, 127, 140, 143, 165, 206, 247, 265, 305, 311, 336, 381, 396, 406, 417, 433, 439, 460, 488, 491, 511, 529, 570, 574, 623, 642, 702, 708, 718, 747, 759, 785, 790, 794, 812, 827, 837, 854, 889, 892, 897, 904, 908, 911, 921, 923, 936, 954, 960, 970, 1017, 1029, 1037, 1068, 1137, 1190, 1205, 1232, 1300, 1323, 1480, 1484, 1511, 1583, 1642, 1647, 1675, 1683, 1702, 1713, 1715, 1763, 1777, 1784, 1802, 1810, 1830, 1865, 1885, 1892, 1947, 1961, 1974, 1980, 2007, 2040, 2080, 2086, 2112, 2119, 2126, 2136, 2138, 2144, 2146, 2208, 2215, 2222, 2224, 2236, 2238, 2261, 2281, 2304, 2332, 2355, 2384, 2394, 2399, 2402, 2422, 2432, 2474, 2481, 2499, 2542, 2576, 2584, 2599, 2636, 2646, 2655, 2682, 2698, 2708, 2720, 2727, 2732, 2746, 2780, 2793]",[],"[10, 39, 54, 78, 85, 92, 101, 127, 140, 143, 165, 206, 247, 265, 305, 311, 336, 381, 396, 406, 417, 433, 439, 460, 488, 491, 511, 529, 570, 574, 623, 642, 702, 708, 718, 747, 759, 785, 790, 794, 812, 827, 837, 854, 889, 892, 897, 904, 908, 911, 921, 923, 936, 954, 960, 970, 1017, 1029, 1037, 1068, 1137, 1190, 1205, 1232, 1300, 1323, 1480, 1484, 1511, 1583, 1642, 1647, 1675, 1683, 1702, 1713, 1715, 1763, 1777, 1784, 1802, 1810, 1830, 1865, 1885, 1892, 1947, 1961, 1974, 1980, 2007, 2040, 2080, 2086, 2112, 2119, 2126, 2136, 2138, 2144, 2146, 2208, 2215, 2222, 2224, 2236, 2238, 2261, 2281, 2304, 2332, 2355, 2384, 2394, 2399, 2402, 2422, 2432, 2474, 2481, 2499, 2542, 2576, 2584, 2599, 2636, 2646, 2655, 2682, 2698, 2708, 2720, 2727, 2732, 2746, 2780, 2793]","[701, 1479]",2793,137,2656,0,137,2654,2
-4.0,OAMTIB,"[33, 64, 73, 102, 105, 138, 151, 172, 199, 221, 259, 263, 277, 290, 339, 366, 369, 375, 445, 461, 482, 485, 510, 517, 548, 602, 626, 628, 645, 682, 684, 732, 759, 790, 823, 832, 886, 888, 904, 920, 966, 994, 1023, 1028, 1033, 1067, 1073, 1080, 1092, 1150, 1162, 1173, 1210, 1277, 1301, 1318, 1345, 1398, 1410, 1419, 1441, 1456, 1541, 1566, 1608, 1722, 1726, 1753, 1828, 1879, 1912, 1923, 1936, 1967, 1974, 1983, 1991, 2003, 2005, 2034, 2042, 2049, 2064, 2079, 2093, 2111, 2121, 2130, 2171, 2175, 2186, 2188, 2190, 2208, 2222, 2227, 2235, 2270, 2287, 2302, 2306, 2351, 2375, 2387, 2401, 2427, 2468, 2487, 2512, 2514, 2555, 2561, 2585, 2599, 2609, 2619, 2624, 2627, 2657, 2671, 2685, 2687, 2701, 2724, 2744, 2765, 2806, 2855, 2862, 2874, 2895, 2901, 2905, 2907, 2909, 2916, 2936, 2952, 2971, 2984, 2989, 3017, 3040, 3068, 3093, 3154, 3166, 3168, 3176, 3180, 3184, 3193, 3206]",[],"[33, 64, 73, 102, 105, 138, 151, 172, 199, 221, 259, 263, 277, 290, 339, 366, 369, 375, 445, 461, 482, 485, 510, 517, 548, 602, 626, 628, 645, 682, 684, 732, 759, 790, 823, 832, 886, 888, 904, 920, 966, 994, 1023, 1028, 1033, 1067, 1073, 1080, 1092, 1150, 1162, 1173, 1210, 1277, 1301, 1318, 1345, 1398, 1410, 1419, 1441, 1456, 1541, 1566, 1608, 1722, 1726, 1753, 1828, 1879, 1912, 1923, 1936, 1967, 1974, 1983, 1991, 2003, 2005, 2034, 2042, 2049, 2064, 2079, 2093, 2111, 2121, 2130, 2171, 2175, 2186, 2188, 2190, 2208, 2222, 2227, 2235, 2270, 2287, 2302, 2306, 2351, 2375, 2387, 2401, 2427, 2468, 2487, 2512, 2514, 2555, 2561, 2585, 2599, 2609, 2619, 2624, 2627, 2657, 2671, 2685, 2687, 2701, 2724, 2744, 2765, 2806, 2855, 2862, 2874, 2895, 2901, 2905, 2907, 2909, 2916, 2936, 2952, 2971, 2984, 2989, 3017, 3040, 3068, 3093, 3154, 3166, 3168, 3176, 3180, 3184, 3193, 3206]","[965, 1721]",3212,153,3059,0,153,3057,2
-4.0,OAMTIC,"[30, 36, 66, 82, 123, 147, 163, 169, 190, 215, 250, 302, 308, 348, 353, 382, 420, 447, 493, 511, 529, 546, 622, 653, 677, 685, 699, 701, 708, 718, 721, 734, 776, 814, 836, 852, 854, 870, 880, 887, 899, 914, 955, 1011, 1025, 1057, 1060, 1067, 1085, 1105, 1109, 1114, 1120, 1140, 1296, 1300, 1333, 1337, 1344, 1349, 1377, 1381, 1388, 1392, 1395, 1435, 1463, 1500, 1518, 1530, 1559, 1568, 1576, 1589, 1595, 1608, 1677, 1684, 1691, 1693, 1730, 1741, 1750, 1755, 1772, 1774, 1778, 1788, 1853, 1860, 1869, 1872, 1903, 1926, 1942, 1944, 2012, 2014, 2032, 2049, 2056, 2060, 2062, 2102, 2139, 2157, 2208, 2210, 2225, 2228, 2259, 2278, 2319, 2364]",[],"[30, 36, 66, 82, 123, 147, 163, 169, 190, 215, 250, 302, 308, 348, 353, 382, 420, 447, 493, 511, 529, 546, 622, 653, 677, 685, 699, 701, 708, 718, 721, 734, 776, 814, 836, 852, 854, 870, 880, 887, 899, 914, 955, 1011, 1025, 1057, 1060, 1067, 1085, 1105, 1109, 1114, 1120, 1140, 1296, 1300, 1333, 1337, 1344, 1349, 1377, 1381, 1388, 1392, 1395, 1435, 1463, 1500, 1518, 1530, 1559, 1568, 1576, 1589, 1595, 1608, 1677, 1684, 1691, 1693, 1730, 1741, 1750, 1755, 1772, 1774, 1778, 1788, 1853, 1860, 1869, 1872, 1903, 1926, 1942, 1944, 2012, 2014, 2032, 2049, 2056, 2060, 2062, 2102, 2139, 2157, 2208, 2210, 2225, 2228, 2259, 2278, 2319, 2364]","[621, 1295]",2376,114,2262,0,114,2260,2
-4.0,OAMTII,"[8, 26, 36, 39, 44, 72, 120, 134, 200, 265, 276, 296, 304, 310, 317, 327, 336, 343, 350, 357, 419, 432, 436, 458, 463, 466, 475, 484, 497, 527, 573, 631, 702, 704, 779, 786, 788, 800, 818, 837, 862, 963, 1024, 1037, 1049, 1074, 1108, 1126, 1134, 1153, 1171, 1192, 1194, 1198, 1212, 1226, 1229, 1270, 1275, 1289, 1313, 1326, 1359, 1379, 1383, 1399, 1463, 1469, 1548, 1589, 1593, 1613, 1674, 1704, 1718, 1725, 1732, 1734, 1748, 1771, 1782, 1791, 1813, 1815, 1831, 1859, 1873, 1877, 1929, 1932, 1950, 1977, 1996, 2009, 2025, 2045]",[],"[8, 26, 36, 39, 44, 72, 120, 134, 200, 265, 276, 296, 304, 310, 317, 327, 336, 343, 350, 357, 419, 432, 436, 458, 463, 466, 475, 484, 497, 527, 573, 631, 702, 704, 779, 786, 788, 800, 818, 837, 862, 963, 1024, 1037, 1049, 1074, 1108, 1126, 1134, 1153, 1171, 1192, 1194, 1198, 1212, 1226, 1229, 1270, 1275, 1289, 1313, 1326, 1359, 1379, 1383, 1399, 1463, 1469, 1548, 1589, 1593, 1613, 1674, 1704, 1718, 1725, 1732, 1734, 1748, 1771, 1782, 1791, 1813, 1815, 1831, 1859, 1873, 1877, 1929, 1932, 1950, 1977, 1996, 2009, 2025, 2045]","[1023, 1378]",2048,96,1952,0,96,1950,2
-4.0,OAPROTP1,"[8, 120, 160, 213, 227, 254, 267, 270, 294, 298, 405, 468]",[],"[8, 120, 160, 213, 227, 254, 267, 270, 294, 298, 405, 468]",[212],525,12,513,0,12,512,1
-4.0,OATRICH,"[50, 101, 128, 147, 153, 181, 208, 226, 254, 278, 303, 305, 311, 313, 326, 399, 476, 514, 556, 594, 633, 650, 674, 686, 713, 722, 740, 776, 783, 791, 802, 861, 905, 910, 919, 926, 939, 943, 952, 967, 991, 998, 1010, 1024, 1054, 1058, 1060, 1073, 1125, 1130, 1145, 1147, 1175, 1180, 1184, 1188, 1198, 1208, 1216, 1239, 1242, 1248, 1259, 1262, 1272, 1278, 1294, 1333, 1342, 1345, 1357, 1359, 1426, 1430, 1459, 1466, 1472, 1477, 1485, 1530, 1537, 1561, 1569, 1573, 1579, 1622, 1654, 1658, 1666, 1672, 1683, 1699, 1721, 1736, 1775, 1781, 1784, 1799, 1807, 1840, 1845, 1871, 1913, 1950, 2001, 2004, 2018, 2063, 2094, 2100, 2113, 2132, 2190, 2202, 2209, 2220, 2248, 2290, 2329, 2339, 2348, 2358, 2412, 2459, 2462, 2498, 2561, 2656, 2662, 2666, 2670, 2673, 2675, 2687, 2702, 2727, 2745, 2748, 2757, 2807, 2814, 2816, 2872, 2878, 2893, 2898, 2928, 2960, 2985, 2992, 3022, 3087, 3158, 3241, 3271, 3296, 3310, 3321, 3353, 3375, 3380, 3385, 3520, 3568, 3570, 3585, 3588, 3605, 3625, 3637, 3646, 3655, 3680, 3682, 3684, 3686, 3688, 3694, 3705, 3719, 3725, 3765, 3799, 3837, 3846, 3859, 3908, 3910, 3929, 4056, 4063, 4097, 4102, 4135, 4172, 4212, 4263, 4306, 4465, 4493, 4495, 4499, 4528, 4539, 4632, 4703, 4745, 4773, 4850, 4860, 4948, 4971, 4979, 4994, 5055, 5139, 5223, 5307, 5391, 5475, 5499, 5546, 5648, 5661, 5684, 5722, 5732, 5826, 5840, 5924, 5937, 6076, 6183, 6187, 6198, 6255, 6265, 6332, 6352, 6497, 6613, 6677, 6682, 6746, 6751, 6815, 6977, 7046, 7051, 7115, 7120, 7205, 7210, 7295, 7364, 7369, 7433, 7438, 7502, 7507, 7571, 7576, 7640, 7693, 7710, 7765, 7842, 7862, 7937, 7955, 7978, 7981, 8089, 8106, 8127, 8129, 8157, 8180, 8188, 8196, 8206, 8219, 8237, 8243, 8318, 8334, 8337, 8351, 8353, 8400, 8407, 8437, 8449, 8463, 8474, 8476, 8511, 8525, 8538, 8559, 8573, 8575, 8600, 8615, 8652, 8658, 8687, 8722, 8781, 8810, 8913, 8933, 8952, 8959, 8962, 8966, 8976, 8990, 9023, 9060, 9070, 9112, 9127, 9132, 9148, 9175, 9222, 9239, 9241, 9279, 9283, 9292, 9322]",[],"[50, 101, 128, 147, 153, 181, 208, 226, 254, 278, 303, 305, 311, 313, 326, 399, 476, 514, 556, 594, 633, 650, 674, 686, 713, 722, 740, 776, 783, 791, 802, 861, 905, 910, 919, 926, 939, 943, 952, 967, 991, 998, 1010, 1024, 1054, 1058, 1060, 1073, 1125, 1130, 1145, 1147, 1175, 1180, 1184, 1188, 1198, 1208, 1216, 1239, 1242, 1248, 1259, 1262, 1272, 1278, 1294, 1333, 1342, 1345, 1357, 1359, 1426, 1430, 1459, 1466, 1472, 1477, 1485, 1530, 1537, 1561, 1569, 1573, 1579, 1622, 1654, 1658, 1666, 1672, 1683, 1699, 1721, 1736, 1775, 1781, 1784, 1799, 1807, 1840, 1845, 1871, 1913, 1950, 2001, 2004, 2018, 2063, 2094, 2100, 2113, 2132, 2190, 2202, 2209, 2220, 2248, 2290, 2329, 2339, 2348, 2358, 2412, 2459, 2462, 2498, 2561, 2656, 2662, 2666, 2670, 2673, 2675, 2687, 2702, 2727, 2745, 2748, 2757, 2807, 2814, 2816, 2872, 2878, 2893, 2898, 2928, 2960, 2985, 2992, 3022, 3087, 3158, 3241, 3271, 3296, 3310, 3321, 3353, 3375, 3380, 3385, 3520, 3568, 3570, 3585, 3588, 3605, 3625, 3637, 3646, 3655, 3680, 3682, 3684, 3686, 3688, 3694, 3705, 3719, 3725, 3765, 3799, 3837, 3846, 3859, 3908, 3910, 3929, 4056, 4063, 4097, 4102, 4135, 4172, 4212, 4263, 4306, 4465, 4493, 4495, 4499, 4528, 4539, 4632, 4703, 4745, 4773, 4850, 4860, 4948, 4971, 4979, 4994, 5055, 5139, 5223, 5307, 5391, 5475, 5499, 5546, 5648, 5661, 5684, 5722, 5732, 5826, 5840, 5924, 5937, 6076, 6183, 6187, 6198, 6255, 6265, 6332, 6352, 6497, 6613, 6677, 6682, 6746, 6751, 6815, 6977, 7046, 7051, 7115, 7120, 7205, 7210, 7295, 7364, 7369, 7433, 7438, 7502, 7507, 7571, 7576, 7640, 7693, 7710, 7765, 7842, 7862, 7937, 7955, 7978, 7981, 8089, 8106, 8127, 8129, 8157, 8180, 8188, 8196, 8206, 8219, 8237, 8243, 8318, 8334, 8337, 8351, 8353, 8400, 8407, 8437, 8449, 8463, 8474, 8476, 8511, 8525, 8538, 8559, 8573, 8575, 8600, 8615, 8652, 8658, 8687, 8722, 8781, 8810, 8913, 8933, 8952, 8959, 8962, 8966, 8976, 8990, 9023, 9060, 9070, 9112, 9127, 9132, 9148, 9175, 9222, 9239, 9241, 9279, 9283, 9292, 9322]",[3157],9337,333,9004,0,333,9003,1
-4.0,OCAPOAIG,"[8, 61, 102, 161, 215, 243, 362, 366, 400, 492, 520, 523, 538, 554, 558, 571, 573, 609, 711, 742, 776, 778, 782, 801, 815, 823, 856, 917, 997, 1020, 1024, 1026, 1036, 1061, 1063, 1100, 1109, 1125, 1140, 1142, 1153, 1160, 1168, 1170, 1172, 1217, 1226, 1240, 1249, 1269, 1276, 1288, 1306, 1308, 1360, 1390, 1401, 1468, 1480, 1512, 1525, 1546, 1561, 1657, 1725, 1761, 1792, 1799, 1849, 1873, 1882, 1885, 1917, 1922, 1957, 1963, 1976]",[],"[8, 61, 102, 161, 215, 243, 362, 366, 400, 492, 520, 523, 538, 554, 558, 571, 573, 609, 711, 742, 776, 778, 782, 801, 815, 823, 856, 917, 997, 1020, 1024, 1026, 1036, 1061, 1063, 1100, 1109, 1125, 1140, 1142, 1153, 1160, 1168, 1170, 1172, 1217, 1226, 1240, 1249, 1269, 1276, 1288, 1306, 1308, 1360, 1390, 1401, 1468, 1480, 1512, 1525, 1546, 1561, 1657, 1725, 1761, 1792, 1799, 1849, 1873, 1882, 1885, 1917, 1922, 1957, 1963, 1976]","[553, 855]",1987,77,1910,0,77,1908,2
-4.0,OCTNFBETA,"[41, 69, 75, 203, 207, 218, 222, 228, 230, 246, 250, 259, 273, 290, 294, 315, 362, 370, 373, 379, 385, 391, 414, 430, 449, 494, 519, 578, 610, 649, 678, 763, 767, 829, 835, 859, 905, 910, 1059, 1083, 1085, 1095, 1098, 1131, 1161, 1181, 1194, 1217, 1221, 1223, 1248, 1257, 1259, 1272, 1274, 1301, 1345, 1348, 1350, 1373, 1449, 1491, 1498, 1513, 1523, 1581, 1614, 1622, 1632, 1638, 1734, 1779, 1794, 1796, 1860, 1960]",[],"[41, 69, 75, 203, 207, 218, 222, 228, 230, 246, 250, 259, 273, 290, 294, 315, 362, 370, 373, 379, 385, 391, 414, 430, 449, 494, 519, 578, 610, 649, 678, 763, 767, 829, 835, 859, 905, 910, 1059, 1083, 1085, 1095, 1098, 1131, 1161, 1181, 1194, 1217, 1221, 1223, 1248, 1257, 1259, 1272, 1274, 1301, 1345, 1348, 1350, 1373, 1449, 1491, 1498, 1513, 1523, 1581, 1614, 1622, 1632, 1638, 1734, 1779, 1794, 1796, 1860, 1960]","[577, 766]",1965,76,1889,0,76,1887,2
-4.0,OCUTGLOB,"[15, 27, 43, 193, 214, 248, 259, 262, 304, 310, 316, 333, 337, 342, 408, 414, 426, 481, 548, 550, 554, 559, 571, 573, 595, 618, 627, 639, 682, 704, 718, 734, 750, 760, 767, 778, 792, 794, 833, 845, 853, 859, 864, 875, 887, 912, 918, 928, 933, 954, 964, 971, 973, 975, 984, 1035, 1051, 1062, 1090, 1151, 1181, 1280, 1286, 1337, 1341, 1347, 1375, 1383, 1402, 1433, 1437, 1456, 1469, 1477, 1483, 1510, 1536, 1543, 1553, 1567, 1577, 1590, 1637, 1643, 1674, 1709, 1711, 1713, 1724, 1737, 1744, 1761, 1766, 1790, 1820, 1822, 1844, 1854, 1866, 1891, 1907, 1924, 1947, 1950, 1953, 1962, 2017, 2019, 2021, 2034, 2036, 2051, 2058, 2092, 2102, 2145, 2159, 2163, 2172, 2174, 2189, 2214, 2245, 2282, 2298, 2323, 2328, 2347, 2349, 2394, 2429, 2470, 2502, 2550, 2567, 2573, 2589, 2681, 2688, 2694, 2701, 2705, 2707, 2718, 2729, 2735, 2737, 2749, 2789, 2808, 2849, 2869, 2882, 2915, 2939, 2943, 2966, 2985, 2993, 3076, 3078, 3082, 3087, 3144, 3156, 3168, 3173, 3177, 3246, 3330, 3358, 3362, 3371, 3425, 3436, 3472, 3492, 3497, 3511, 3540, 3560, 3588, 3635, 3642, 3654, 3670, 3690, 3692, 3817, 3836, 3879, 3884, 3901, 3924, 3932, 3944, 4050, 4109, 4115, 4118, 4124, 4127, 4130, 4157, 4177, 4181, 4224, 4236, 4248, 4250, 4257, 4266, 4296, 4316, 4323, 4331, 4334, 4390, 4405, 4410, 4453, 4465, 4475, 4517, 4530, 4555, 4643, 4652, 4709, 4745, 4747, 4755, 4757, 4765, 4830, 4873, 4883, 4901, 4905, 4913, 4937, 4939, 4942, 4962, 4974, 4993, 5001, 5063, 5070, 5073, 5077, 5115, 5127, 5136, 5139, 5143, 5147, 5149, 5186, 5196, 5201, 5208, 5231, 5267, 5274, 5312, 5318, 5337, 5458, 5497, 5557, 5571, 5576, 5603, 5605, 5614, 5636, 5676, 5710, 5781, 5832, 5839, 5862, 5885, 5888, 5951, 5954, 5962, 6040, 6067, 6096, 6100, 6102, 6130, 6144, 6168, 6182, 6184, 6188, 6208, 6276, 6338, 6341, 6379, 6397, 6469, 6483, 6542, 6558]",[],"[15, 27, 43, 193, 214, 248, 259, 262, 304, 310, 316, 333, 337, 342, 408, 414, 426, 481, 548, 550, 554, 559, 571, 573, 595, 618, 627, 639, 682, 704, 718, 734, 750, 760, 767, 778, 792, 794, 833, 845, 853, 859, 864, 875, 887, 912, 918, 928, 933, 954, 964, 971, 973, 975, 984, 1035, 1051, 1062, 1090, 1151, 1181, 1280, 1286, 1337, 1341, 1347, 1375, 1383, 1402, 1433, 1437, 1456, 1469, 1477, 1483, 1510, 1536, 1543, 1553, 1567, 1577, 1590, 1637, 1643, 1674, 1709, 1711, 1713, 1724, 1737, 1744, 1761, 1766, 1790, 1820, 1822, 1844, 1854, 1866, 1891, 1907, 1924, 1947, 1950, 1953, 1962, 2017, 2019, 2021, 2034, 2036, 2051, 2058, 2092, 2102, 2145, 2159, 2163, 2172, 2174, 2189, 2214, 2245, 2282, 2298, 2323, 2328, 2347, 2349, 2394, 2429, 2470, 2502, 2550, 2567, 2573, 2589, 2681, 2688, 2694, 2701, 2705, 2707, 2718, 2729, 2735, 2737, 2749, 2789, 2808, 2849, 2869, 2882, 2915, 2939, 2943, 2966, 2985, 2993, 3076, 3078, 3082, 3087, 3144, 3156, 3168, 3173, 3177, 3246, 3330, 3358, 3362, 3371, 3425, 3436, 3472, 3492, 3497, 3511, 3540, 3560, 3588, 3635, 3642, 3654, 3670, 3690, 3692, 3817, 3836, 3879, 3884, 3901, 3924, 3932, 3944, 4050, 4109, 4115, 4118, 4124, 4127, 4130, 4157, 4177, 4181, 4224, 4236, 4248, 4250, 4257, 4266, 4296, 4316, 4323, 4331, 4334, 4390, 4405, 4410, 4453, 4465, 4475, 4517, 4530, 4555, 4643, 4652, 4709, 4745, 4747, 4755, 4757, 4765, 4830, 4873, 4883, 4901, 4905, 4913, 4937, 4939, 4942, 4962, 4974, 4993, 5001, 5063, 5070, 5073, 5077, 5115, 5127, 5136, 5139, 5143, 5147, 5149, 5186, 5196, 5201, 5208, 5231, 5267, 5274, 5312, 5318, 5337, 5458, 5497, 5557, 5571, 5576, 5603, 5605, 5614, 5636, 5676, 5710, 5781, 5832, 5839, 5862, 5885, 5888, 5951, 5954, 5962, 6040, 6067, 6096, 6100, 6102, 6130, 6144, 6168, 6182, 6184, 6188, 6208, 6276, 6338, 6341, 6379, 6397, 6469, 6483, 6542, 6558]","[3357, 5831]",6561,309,6252,0,309,6250,2
-4.0,OOGH,"[14, 37, 58, 64, 128, 138, 169, 172, 186, 201, 232, 279, 298, 334, 363, 376, 403, 419, 437, 447, 472, 481, 488, 531, 553, 568, 636, 639, 659, 665, 674, 687, 737, 741, 758, 769, 787, 834, 837, 850, 858, 861, 870, 882, 884, 886, 891, 900, 915, 947, 951, 953, 955, 1019, 1085, 1089, 1133, 1169, 1184, 1194, 1196, 1207, 1220, 1224, 1227, 1230, 1240, 1352, 1355, 1373, 1386, 1404, 1406, 1423, 1425, 1476, 1490, 1495, 1553, 1676, 1731, 1763, 1827, 1854, 1897, 1907, 1915, 1917, 1951, 1965, 1968, 1981, 2003, 2014, 2023, 2060, 2066, 2070, 2072, 2090, 2095, 2141, 2146]",[],"[14, 37, 58, 64, 128, 138, 169, 172, 186, 201, 232, 279, 298, 334, 363, 376, 403, 419, 437, 447, 472, 481, 488, 531, 553, 568, 636, 639, 659, 665, 674, 687, 737, 741, 758, 769, 787, 834, 837, 850, 858, 861, 870, 882, 884, 886, 891, 900, 915, 947, 951, 953, 955, 1019, 1085, 1089, 1133, 1169, 1184, 1194, 1196, 1207, 1220, 1224, 1227, 1230, 1240, 1352, 1355, 1373, 1386, 1404, 1406, 1423, 1425, 1476, 1490, 1495, 1553, 1676, 1731, 1763, 1827, 1854, 1897, 1907, 1915, 1917, 1951, 1965, 1968, 1981, 2003, 2014, 2023, 2060, 2066, 2070, 2072, 2090, 2095, 2141, 2146]","[333, 740, 1084, 1475]",2155,103,2052,0,103,2048,4
-4.0,OPOP1,"[27, 34, 55, 58, 73, 157, 193, 196, 250, 259, 283, 300, 308, 327, 378, 401, 404, 407, 547, 595]",[],"[27, 34, 55, 58, 73, 157, 193, 196, 250, 259, 283, 300, 308, 327, 378, 401, 404, 407, 547, 595]",[249],617,20,597,0,20,596,1
-4.0,ORAPROTP1A,"[8, 11, 13, 38, 60, 71, 95, 116, 134, 164, 168, 184, 251, 262, 277, 291]",[],"[8, 11, 13, 38, 60, 71, 95, 116, 134, 164, 168, 184, 251, 262, 277, 291]",[163],410,16,394,0,16,393,1
-4.0,PAA1GL,"[26, 82, 113, 118, 140, 156, 161, 181, 186, 205, 259, 312, 318, 379, 400, 424, 433, 456, 493, 502, 514, 541, 589, 599, 678, 707, 720, 740, 753, 762, 781, 798, 857, 867]",[],"[26, 82, 113, 118, 140, 156, 161, 181, 186, 205, 259, 312, 318, 379, 400, 424, 433, 456, 493, 502, 514, 541, 589, 599, 678, 707, 720, 740, 753, 762, 781, 798, 857, 867]","[204, 513]",873,34,839,0,34,837,2
-4.0,PAAFPG,"[18, 20, 23, 43, 50, 73, 126, 129, 137, 150, 180, 215, 219, 234, 252, 260, 314, 329, 352, 354, 362, 387, 416, 434, 485, 498, 513, 543, 560, 575, 591, 617, 628, 633, 639, 650, 656, 659, 899, 909, 912, 915, 923, 933, 955, 991, 1003, 1005, 1010, 1029, 1033, 1039, 1045, 1054, 1068, 1079, 1084]",[],"[18, 20, 23, 43, 50, 73, 126, 129, 137, 150, 180, 215, 219, 234, 252, 260, 314, 329, 352, 354, 362, 387, 416, 434, 485, 498, 513, 543, 560, 575, 591, 617, 628, 633, 639, 650, 656, 659, 899, 909, 912, 915, 923, 933, 955, 991, 1003, 1005, 1010, 1029, 1033, 1039, 1045, 1054, 1068, 1079, 1084]",[214],1088,57,1031,0,57,1030,1
-4.0,PAU03674,"[31, 40, 47, 67, 94, 112, 145, 202, 204, 207, 234, 242, 261, 286, 288, 292, 362, 437, 462, 466, 495, 499, 537, 593, 596, 601, 606, 609, 631, 633, 635, 686, 703, 732, 825, 866, 896, 901, 914, 919, 929, 948, 951, 960, 965, 978, 986, 988, 1005, 1009, 1058, 1061, 1072, 1098, 1102, 1111, 1126, 1143, 1151, 1188, 1195, 1199, 1236, 1238, 1249, 1255, 1271, 1286, 1294, 1296, 1304, 1310, 1312, 1325, 1333, 1335, 1373, 1375, 1389, 1400, 1405, 1419, 1422, 1475, 1477, 1496, 1508, 1527, 1567, 1571, 1573, 1585, 1605, 1610, 1618, 1622, 1634, 1648, 1650, 1670, 1705, 1711, 1726, 1750, 1769, 1781, 1854, 1934, 1936, 1964, 1998, 2010, 2022, 2034, 2045, 2060, 2079, 2101, 2105, 2124, 2210, 2216, 2236, 2306, 2311, 2364, 2395, 2398, 2401, 2415, 2420, 2452, 2467, 2470, 2488, 2494, 2512, 2518, 2532, 2541, 2544, 2559, 2571, 2577, 2605, 2617, 2679, 2689, 2692, 2762, 2807, 2852, 2897, 2942, 3036, 3038, 3058, 3063, 3088, 3093, 3118, 3133, 3172, 3176, 3188, 3203, 3221, 3229, 3243, 3245, 3268, 3293, 3310, 3320, 3335, 3338, 3349, 3364, 3374, 3380, 3389, 3395, 3400, 3418, 3422, 3425, 3428, 3431, 3492, 3501, 3509, 3548, 3558, 3566, 3569, 3575, 3639, 3686, 3727, 3733, 3748, 3774, 3778, 3792, 3800, 3802, 3815, 3865, 3867, 3871, 3896, 3899, 3938, 3962, 3973, 3978, 3990, 4002, 4005, 4014, 4018, 4020, 4024, 4030, 4036, 4038, 4047, 4071, 4101, 4146, 4155, 4170, 4172, 4176, 4182, 4186, 4215, 4228, 4234, 4239, 4274, 4295, 4319, 4324, 4338, 4349, 4353, 4368, 4373, 4386, 4434, 4440, 4465, 4467, 4502, 4508, 4512, 4524, 4526, 4551, 4567, 4577, 4612, 4640, 4656, 4684, 4690, 4692, 4703, 4706, 4714, 4724, 4742, 4749, 4766, 4786, 4791, 4793, 4826, 4830, 4832, 4834, 4838, 4893, 4896, 4902, 4911, 4920, 4941, 4947, 4956, 4990, 4995, 5007, 5076, 5087, 5099, 5138, 5150, 5157, 5171, 5196, 5232, 5238, 5259, 5267, 5294, 5296, 5298, 5381, 5402]",[],"[31, 40, 47, 67, 94, 112, 145, 202, 204, 207, 234, 242, 261, 286, 288, 292, 362, 437, 462, 466, 495, 499, 537, 593, 596, 601, 606, 609, 631, 633, 635, 686, 703, 732, 825, 866, 896, 901, 914, 919, 929, 948, 951, 960, 965, 978, 986, 988, 1005, 1009, 1058, 1061, 1072, 1098, 1102, 1111, 1126, 1143, 1151, 1188, 1195, 1199, 1236, 1238, 1249, 1255, 1271, 1286, 1294, 1296, 1304, 1310, 1312, 1325, 1333, 1335, 1373, 1375, 1389, 1400, 1405, 1419, 1422, 1475, 1477, 1496, 1508, 1527, 1567, 1571, 1573, 1585, 1605, 1610, 1618, 1622, 1634, 1648, 1650, 1670, 1705, 1711, 1726, 1750, 1769, 1781, 1854, 1934, 1936, 1964, 1998, 2010, 2022, 2034, 2045, 2060, 2079, 2101, 2105, 2124, 2210, 2216, 2236, 2306, 2311, 2364, 2395, 2398, 2401, 2415, 2420, 2452, 2467, 2470, 2488, 2494, 2512, 2518, 2532, 2541, 2544, 2559, 2571, 2577, 2605, 2617, 2679, 2689, 2692, 2762, 2807, 2852, 2897, 2942, 3036, 3038, 3058, 3063, 3088, 3093, 3118, 3133, 3172, 3176, 3188, 3203, 3221, 3229, 3243, 3245, 3268, 3293, 3310, 3320, 3335, 3338, 3349, 3364, 3374, 3380, 3389, 3395, 3400, 3418, 3422, 3425, 3428, 3431, 3492, 3501, 3509, 3548, 3558, 3566, 3569, 3575, 3639, 3686, 3727, 3733, 3748, 3774, 3778, 3792, 3800, 3802, 3815, 3865, 3867, 3871, 3896, 3899, 3938, 3962, 3973, 3978, 3990, 4002, 4005, 4014, 4018, 4020, 4024, 4030, 4036, 4038, 4047, 4071, 4101, 4146, 4155, 4170, 4172, 4176, 4182, 4186, 4215, 4228, 4234, 4239, 4274, 4295, 4319, 4324, 4338, 4349, 4353, 4368, 4373, 4386, 4434, 4440, 4465, 4467, 4502, 4508, 4512, 4524, 4526, 4551, 4567, 4577, 4612, 4640, 4656, 4684, 4690, 4692, 4703, 4706, 4714, 4724, 4742, 4749, 4766, 4786, 4791, 4793, 4826, 4830, 4832, 4834, 4838, 4893, 4896, 4902, 4911, 4920, 4941, 4947, 4956, 4990, 4995, 5007, 5076, 5087, 5099, 5138, 5150, 5157, 5171, 5196, 5232, 5238, 5259, 5267, 5294, 5296, 5298, 5381, 5402]","[3171, 3574, 3773, 4013, 4294, 4611]",5438,311,5127,0,311,5121,6
-4.0,PIGAPAI,"[17, 36, 63, 84, 86, 102, 108, 169, 192, 196, 375, 386, 430, 450, 539, 563, 567, 585, 689, 732, 741, 761, 764, 779, 795, 799, 831, 833, 855, 956, 1016, 1032, 1050, 1052, 1056, 1075, 1089, 1097, 1130, 1157, 1164, 1170, 1184, 1196, 1276, 1294, 1321, 1325, 1354, 1363, 1371, 1400, 1415, 1444, 1455, 1514, 1523, 1532, 1537, 1539, 1542, 1550, 1552, 1554, 1556, 1558, 1560, 1562, 1564, 1566, 1568, 1570, 1572, 1574, 1576, 1578, 1580, 1594, 1626, 1661, 1668, 1690, 1697, 1712, 1721, 1810, 1820, 1824, 1841, 1852, 1919, 1931, 1963, 1984, 2017, 2042, 2108, 2212, 2300, 2318, 2368, 2404, 2426, 2445, 2452, 2455, 2465, 2478, 2500, 2522, 2540, 2551, 2564, 2606, 2618, 2643, 2662, 2694, 2702, 2761, 2776, 2782, 2807, 2819, 2825, 2827, 2872, 2894, 2898, 2912, 2918, 2925, 2928, 2930, 2957, 2960, 3005, 3023, 3061, 3082, 3085, 3092, 3161, 3200, 3212, 3233, 3261, 3276, 3318]",[],"[17, 36, 63, 84, 86, 102, 108, 169, 192, 196, 375, 386, 430, 450, 539, 563, 567, 585, 689, 732, 741, 761, 764, 779, 795, 799, 831, 833, 855, 956, 1016, 1032, 1050, 1052, 1056, 1075, 1089, 1097, 1130, 1157, 1164, 1170, 1184, 1196, 1276, 1294, 1321, 1325, 1354, 1363, 1371, 1400, 1415, 1444, 1455, 1514, 1523, 1532, 1537, 1539, 1542, 1550, 1552, 1554, 1556, 1558, 1560, 1562, 1564, 1566, 1568, 1570, 1572, 1574, 1576, 1578, 1580, 1594, 1626, 1661, 1668, 1690, 1697, 1712, 1721, 1810, 1820, 1824, 1841, 1852, 1919, 1931, 1963, 1984, 2017, 2042, 2108, 2212, 2300, 2318, 2368, 2404, 2426, 2445, 2452, 2455, 2465, 2478, 2500, 2522, 2540, 2551, 2564, 2606, 2618, 2643, 2662, 2694, 2702, 2761, 2776, 2782, 2807, 2819, 2825, 2827, 2872, 2894, 2898, 2912, 2918, 2925, 2928, 2930, 2957, 2960, 3005, 3023, 3061, 3082, 3085, 3092, 3161, 3200, 3212, 3233, 3261, 3276, 3318]","[794, 1129]",3326,149,3177,0,149,3175,2
-4.0,PIGAPCIII,"[9, 19, 21, 28, 32, 46, 140, 149, 189, 191, 202, 278, 280, 283, 291, 349, 354, 376, 391, 394, 414, 457, 582, 621, 683, 697, 701, 710, 737, 753, 775, 779, 800, 868, 872, 874, 909, 918, 935, 945, 949, 974, 981, 994, 1014, 1026, 1080, 1085, 1092, 1096, 1124, 1137, 1142, 1146, 1170, 1183, 1230, 1274, 1319, 1322, 1390, 1399, 1406, 1414, 1427, 1433, 1444, 1449, 1479, 1483, 1503, 1531, 1541, 1638, 1680, 1688, 1695, 1712, 1791, 1809, 1814, 1818, 1881, 1945, 1961, 2001, 2010, 2012, 2021, 2026, 2028, 2032, 2036, 2038, 2040, 2042, 2044, 2050, 2056, 2064, 2084, 2106, 2156, 2214, 2221, 2237, 2253, 2296, 2304, 2402, 2419, 2424, 2444, 2459, 2480, 2500, 2503, 2514, 2541, 2554, 2557, 2582, 2589, 2598, 2605, 2626, 2628, 2640, 2655, 2705, 2741, 2751, 2782, 2794, 2833, 2865, 2895, 2916, 3014, 3019, 3021, 3030, 3032, 3037, 3041, 3045, 3047, 3099, 3131, 3143, 3197, 3203, 3227, 3251]",[],"[9, 19, 21, 28, 32, 46, 140, 149, 189, 191, 202, 278, 280, 283, 291, 349, 354, 376, 391, 394, 414, 457, 582, 621, 683, 697, 701, 710, 737, 753, 775, 779, 800, 868, 872, 874, 909, 918, 935, 945, 949, 974, 981, 994, 1014, 1026, 1080, 1085, 1092, 1096, 1124, 1137, 1142, 1146, 1170, 1183, 1230, 1274, 1319, 1322, 1390, 1399, 1406, 1414, 1427, 1433, 1444, 1449, 1479, 1483, 1503, 1531, 1541, 1638, 1680, 1688, 1695, 1712, 1791, 1809, 1814, 1818, 1881, 1945, 1961, 2001, 2010, 2012, 2021, 2026, 2028, 2032, 2036, 2038, 2040, 2042, 2044, 2050, 2056, 2064, 2084, 2106, 2156, 2214, 2221, 2237, 2253, 2296, 2304, 2402, 2419, 2424, 2444, 2459, 2480, 2500, 2503, 2514, 2541, 2554, 2557, 2582, 2589, 2598, 2605, 2626, 2628, 2640, 2655, 2705, 2741, 2751, 2782, 2794, 2833, 2865, 2895, 2916, 3014, 3019, 3021, 3030, 3032, 3037, 3041, 3045, 3047, 3099, 3131, 3143, 3197, 3203, 3227, 3251]","[1432, 1711]",3269,154,3115,0,154,3113,2
-4.0,PIGCNP,"[15, 26, 76, 99, 127, 224, 247, 264, 401, 405, 410, 421, 430, 440, 457, 467, 521, 529, 565, 594, 597, 666, 673, 703, 750, 752, 782, 797, 800, 804, 820, 840, 867, 895, 928, 953, 978, 989, 1001, 1063, 1126, 1130, 1151, 1155, 1236, 1249, 1340, 1342, 1355, 1366, 1409, 1417, 1431, 1492, 1497, 1544, 1552, 1560, 1570, 1616, 1623, 1627, 1653, 1663, 1667, 1675, 1678, 1696, 1700, 1703, 1737, 1748, 1767, 1782, 1813, 1835, 1847, 1851, 1858, 1879]",[],"[15, 26, 76, 99, 127, 224, 247, 264, 401, 405, 410, 421, 430, 440, 457, 467, 521, 529, 565, 594, 597, 666, 673, 703, 750, 752, 782, 797, 800, 804, 820, 840, 867, 895, 928, 953, 978, 989, 1001, 1063, 1126, 1130, 1151, 1155, 1236, 1249, 1340, 1342, 1355, 1366, 1409, 1417, 1431, 1492, 1497, 1544, 1552, 1560, 1570, 1616, 1623, 1627, 1653, 1663, 1667, 1675, 1678, 1696, 1700, 1703, 1737, 1748, 1767, 1782, 1813, 1835, 1847, 1851, 1858, 1879]",[400],1887,80,1807,0,80,1806,1
-4.0,PIGFSB,"[23, 27, 79, 149, 154, 181, 227, 250, 270, 291, 301, 311, 318, 368, 384, 410, 414, 447, 468, 491, 496, 510, 516, 520, 549, 552, 574, 579, 581, 584, 590, 671, 696, 751, 765, 773, 783, 795, 797, 799, 811, 824, 832, 839, 857, 859, 862, 887, 889, 896, 933, 941, 955, 968, 974, 1035, 1037, 1043, 1047, 1105, 1170, 1176, 1183, 1200, 1306, 1345, 1358, 1429, 1451, 1461, 1481, 1503, 1512, 1514, 1516, 1518, 1520, 1522, 1524, 1526, 1531, 1540, 1591, 1599, 1603, 1610, 1663, 1678, 1680, 1701, 1706, 1719, 1727, 1737, 1756, 1769, 1772, 1791, 1802, 1806, 1819, 1823, 1829, 1850, 1854, 1856, 1877, 1886, 1888, 1900, 1986, 2024, 2045]",[],"[23, 27, 79, 149, 154, 181, 227, 250, 270, 291, 301, 311, 318, 368, 384, 410, 414, 447, 468, 491, 496, 510, 516, 520, 549, 552, 574, 579, 581, 584, 590, 671, 696, 751, 765, 773, 783, 795, 797, 799, 811, 824, 832, 839, 857, 859, 862, 887, 889, 896, 933, 941, 955, 968, 974, 1035, 1037, 1043, 1047, 1105, 1170, 1176, 1183, 1200, 1306, 1345, 1358, 1429, 1451, 1461, 1481, 1503, 1512, 1514, 1516, 1518, 1520, 1522, 1524, 1526, 1531, 1540, 1591, 1599, 1603, 1610, 1663, 1678, 1680, 1701, 1706, 1719, 1727, 1737, 1756, 1769, 1772, 1791, 1802, 1806, 1819, 1823, 1829, 1850, 1854, 1856, 1877, 1886, 1888, 1900, 1986, 2024, 2045]","[515, 1042]",2044,113,1931,0,113,1929,2
-4.0,PIKEGLOBIN,"[22, 56, 149, 190, 206, 222, 238, 248, 272, 291, 304, 317, 335, 354, 373, 376, 420, 454, 475, 542, 554, 568, 589, 593, 605, 695, 727, 762, 768, 830, 832, 849, 862, 870, 898, 912, 942, 946, 961, 975, 1012, 1051, 1056, 1064, 1070, 1074, 1080, 1086, 1137, 1159, 1176, 1194, 1200, 1210, 1217, 1223, 1273, 1294, 1300, 1307, 1310, 1320, 1324, 1354, 1370, 1385, 1387, 1395, 1418, 1423, 1429, 1461, 1474, 1498, 1500, 1507, 1530, 1540, 1551, 1559, 1561, 1567, 1589, 1629, 1653, 1688, 1696, 1698]",[],"[22, 56, 149, 190, 206, 222, 238, 248, 272, 291, 304, 317, 335, 354, 373, 376, 420, 454, 475, 542, 554, 568, 589, 593, 605, 695, 727, 762, 768, 830, 832, 849, 862, 870, 898, 912, 942, 946, 961, 975, 1012, 1051, 1056, 1064, 1070, 1074, 1080, 1086, 1137, 1159, 1176, 1194, 1200, 1210, 1217, 1223, 1273, 1294, 1300, 1307, 1310, 1320, 1324, 1354, 1370, 1385, 1387, 1395, 1418, 1423, 1429, 1461, 1474, 1498, 1500, 1507, 1530, 1540, 1551, 1559, 1561, 1567, 1589, 1629, 1653, 1688, 1696, 1698]","[237, 588]",1702,88,1614,0,88,1612,2
-4.0,PPGLTG,"[31, 33, 61, 112, 121, 228, 265, 287, 309, 320, 342, 348, 374, 445, 528, 549, 573, 605, 629, 642, 663, 676, 689, 716, 727, 738, 748, 793, 843, 855, 868, 891, 904, 908, 912, 943, 951, 956, 983, 1062]",[],"[31, 33, 61, 112, 121, 228, 265, 287, 309, 320, 342, 348, 374, 445, 528, 549, 573, 605, 629, 642, 663, 676, 689, 716, 727, 738, 748, 793, 843, 855, 868, 891, 904, 908, 912, 943, 951, 956, 983, 1062]","[373, 662]",1065,40,1025,0,40,1023,2
-4.0,PPPROP2,"[52, 64, 94, 96, 108, 169, 175, 320, 348, 350, 426, 439, 447, 560, 577, 628, 639, 662, 706, 735]",[],"[52, 64, 94, 96, 108, 169, 175, 320, 348, 350, 426, 439, 447, 560, 577, 628, 639, 662, 706, 735]",[319],740,20,720,0,20,719,1
-4.0,PPYPROP2,"[5, 15, 17, 47, 49, 61, 122, 128, 246, 273, 303, 379, 392, 400, 514, 531, 582, 593, 616, 660, 688]",[],"[5, 15, 17, 47, 49, 61, 122, 128, 246, 273, 303, 379, 392, 400, 514, 531, 582, 593, 616, 660, 688]",[272],689,21,668,0,21,667,1
-4.0,PTAZGLO,"[22, 31, 80, 82, 84, 92, 156, 171, 176, 255, 285, 303, 306, 361, 368, 393, 407, 439, 442, 446, 452, 511, 517, 521, 545, 611, 618, 666, 695, 704, 707, 725, 773, 805, 841, 848, 879, 893, 895, 944, 966, 975, 977, 979, 994, 1003, 1025, 1031, 1063, 1076, 1082, 1087, 1101, 1121, 1130, 1138, 1158, 1168, 1184, 1204, 1260, 1271, 1300, 1315, 1336, 1423, 1464, 1486, 1511, 1542, 1544, 1550, 1604, 1608, 1610, 1637, 1649, 1653, 1657, 1666, 1673, 1680, 1694, 1708, 1722, 1736, 1750, 1754, 1778, 1792, 1806, 1820, 1825, 1834, 1861, 1875, 1890, 1903, 1918, 1933, 1948, 1962, 1977, 1992, 2023, 2037, 2050, 2065, 2079, 2093, 2107, 2121, 2149, 2163, 2177, 2191, 2205, 2220, 2231, 2245, 2254, 2266, 2315, 2332, 2339, 2344, 2382, 2422, 2430, 2500, 2520, 2535, 2554, 2559, 2575, 2599, 2649, 2767, 2772, 2781, 2783, 2789, 2814, 2821, 2933, 2942, 2964, 2967, 2976, 2988, 3020, 3057, 3066, 3078, 3092, 3112, 3125, 3130, 3155, 3170, 3200, 3215, 3270, 3286, 3348, 3358, 3361, 3370, 3384, 3400, 3456, 3507, 3509, 3516, 3545, 3552, 3575, 3578, 3587, 3590, 3629]",[],"[22, 31, 80, 82, 84, 92, 156, 171, 176, 255, 285, 303, 306, 361, 368, 393, 407, 439, 442, 446, 452, 511, 517, 521, 545, 611, 618, 666, 695, 704, 707, 725, 773, 805, 841, 848, 879, 893, 895, 944, 966, 975, 977, 979, 994, 1003, 1025, 1031, 1063, 1076, 1082, 1087, 1101, 1121, 1130, 1138, 1158, 1168, 1184, 1204, 1260, 1271, 1300, 1315, 1336, 1423, 1464, 1486, 1511, 1542, 1544, 1550, 1604, 1608, 1610, 1637, 1649, 1653, 1657, 1666, 1673, 1680, 1694, 1708, 1722, 1736, 1750, 1754, 1778, 1792, 1806, 1820, 1825, 1834, 1861, 1875, 1890, 1903, 1918, 1933, 1948, 1962, 1977, 1992, 2023, 2037, 2050, 2065, 2079, 2093, 2107, 2121, 2149, 2163, 2177, 2191, 2205, 2220, 2231, 2245, 2254, 2266, 2315, 2332, 2339, 2344, 2382, 2422, 2430, 2500, 2520, 2535, 2554, 2559, 2575, 2599, 2649, 2767, 2772, 2781, 2783, 2789, 2814, 2821, 2933, 2942, 2964, 2967, 2976, 2988, 3020, 3057, 3066, 3078, 3092, 3112, 3125, 3130, 3155, 3170, 3200, 3215, 3270, 3286, 3348, 3358, 3361, 3370, 3384, 3400, 3456, 3507, 3509, 3516, 3545, 3552, 3575, 3578, 3587, 3590, 3629]","[1603, 3077]",3612,181,3431,0,181,3429,2
-4.0,PTGGGLOG,"[49, 73, 80, 113, 153, 163, 169, 201, 211, 244, 257, 263, 280, 296, 304, 310, 330, 333, 353, 377, 411, 432, 499, 511, 525, 546, 550, 561, 572, 582, 607, 642, 649, 665, 672, 710, 713, 718, 735, 783, 822, 854, 861, 892, 897, 937, 943, 956, 990, 1065, 1069, 1077, 1107, 1120, 1127, 1129, 1131, 1133, 1135, 1137, 1139, 1141, 1143, 1145, 1147, 1149, 1151, 1153, 1155, 1157, 1159, 1161, 1163, 1165, 1167, 1169, 1175, 1177, 1179, 1191, 1198, 1214, 1221, 1256, 1263, 1326, 1348, 1359, 1361, 1363, 1366, 1406, 1419, 1451, 1457, 1463, 1502, 1526, 1535, 1542, 1549, 1659, 1662, 1669, 1682, 1710, 1717, 1727, 1729, 1731, 1735, 1737, 1755, 1757, 1759, 1763, 1765, 1770, 1791, 1797, 1804, 1808]",[],"[49, 73, 80, 113, 153, 163, 169, 201, 211, 244, 257, 263, 280, 296, 304, 310, 330, 333, 353, 377, 411, 432, 499, 511, 525, 546, 550, 561, 572, 582, 607, 642, 649, 665, 672, 710, 713, 718, 735, 783, 822, 854, 861, 892, 897, 937, 943, 956, 990, 1065, 1069, 1077, 1107, 1120, 1127, 1129, 1131, 1133, 1135, 1137, 1139, 1141, 1143, 1145, 1147, 1149, 1151, 1153, 1155, 1157, 1159, 1161, 1163, 1165, 1167, 1169, 1175, 1177, 1179, 1191, 1198, 1214, 1221, 1256, 1263, 1326, 1348, 1359, 1361, 1363, 1366, 1406, 1419, 1451, 1457, 1463, 1502, 1526, 1535, 1542, 1549, 1659, 1662, 1669, 1682, 1710, 1717, 1727, 1729, 1731, 1735, 1737, 1755, 1757, 1759, 1763, 1765, 1770, 1791, 1797, 1804, 1808]","[200, 545]",1815,122,1693,0,122,1691,2
-4.0,PTPPINS,"[24, 57, 93, 99, 124, 132, 140, 194, 207, 256, 322, 337, 352, 365, 380, 395, 410, 425, 439, 454, 468, 483, 497, 512, 526, 541, 555, 570, 583, 598, 613, 628, 666, 673, 680, 689, 729, 743, 763, 800, 849, 926, 934, 1029, 1033, 1050, 1055, 1066, 1074, 1114, 1135, 1141, 1198, 1213, 1232, 1257, 1299, 1313, 1329, 1347, 1349, 1411, 1426, 1520, 1525, 1550, 1559, 1573, 1587, 1595, 1618, 1620, 1653, 1739, 1741, 1746, 1751, 1756, 1763, 1779, 1844, 1859, 1886, 1928, 1943, 1958, 1986, 1995, 2001, 2011, 2015, 2026, 2028, 2032, 2053, 2074, 2080, 2096, 2113, 2127, 2129, 2137, 2139, 2158, 2193, 2202, 2224, 2258, 2272, 2275, 2280, 2293, 2371, 2376, 2380, 2382, 2384, 2423, 2426, 2460, 2470]",[],"[24, 57, 93, 99, 124, 132, 140, 194, 207, 256, 322, 337, 352, 365, 380, 395, 410, 425, 439, 454, 468, 483, 497, 512, 526, 541, 555, 570, 583, 598, 613, 628, 666, 673, 680, 689, 729, 743, 763, 800, 849, 926, 934, 1029, 1033, 1050, 1055, 1066, 1074, 1114, 1135, 1141, 1198, 1213, 1232, 1257, 1299, 1313, 1329, 1347, 1349, 1411, 1426, 1520, 1525, 1550, 1559, 1573, 1587, 1595, 1618, 1620, 1653, 1739, 1741, 1746, 1751, 1756, 1763, 1779, 1844, 1859, 1886, 1928, 1943, 1958, 1986, 1995, 2001, 2011, 2015, 2026, 2028, 2032, 2053, 2074, 2080, 2096, 2113, 2127, 2129, 2137, 2139, 2158, 2193, 2202, 2224, 2258, 2272, 2275, 2280, 2293, 2371, 2376, 2380, 2382, 2384, 2423, 2426, 2460, 2470]",[1410],2476,121,2355,0,121,2354,1
-4.0,PTPROP2,"[63, 75, 105, 107, 119, 180, 186, 250, 331, 361, 437, 450, 458, 572, 589, 640, 651, 674, 718, 747]",[],"[63, 75, 105, 107, 119, 180, 186, 250, 331, 361, 437, 450, 458, 572, 589, 640, 651, 674, 718, 747]",[330],751,20,731,0,20,730,1
-4.0,PVU11715,"[107, 165, 200, 239, 241, 251, 257, 289, 298, 355, 397, 418, 421, 499, 520, 544, 587, 599, 613, 634, 638, 649, 655, 746, 748, 768, 809, 859, 871, 940, 954, 989, 1004, 1022, 1080, 1092, 1096, 1101, 1118, 1130, 1181, 1203, 1259, 1273, 1284, 1291, 1320, 1341, 1345, 1369, 1375, 1378, 1387, 1389, 1407, 1471, 1505, 1550, 1574, 1576, 1583, 1606, 1628, 1636, 1638, 1644, 1646, 1648, 1686, 1707, 1717, 1752, 1775, 1777]",[],"[107, 165, 200, 239, 241, 251, 257, 289, 298, 355, 397, 418, 421, 499, 520, 544, 587, 599, 613, 634, 638, 649, 655, 746, 748, 768, 809, 859, 871, 940, 954, 989, 1004, 1022, 1080, 1092, 1096, 1101, 1118, 1130, 1181, 1203, 1259, 1273, 1284, 1291, 1320, 1341, 1345, 1369, 1375, 1378, 1387, 1389, 1407, 1471, 1505, 1550, 1574, 1576, 1583, 1606, 1628, 1636, 1638, 1644, 1646, 1648, 1686, 1707, 1717, 1752, 1775, 1777]","[288, 633]",1782,74,1708,0,74,1706,2
-4.0,QULNFLW,"[6, 16, 48, 58, 63, 70, 98, 109, 114, 146, 150, 180, 261, 310, 373, 397, 427, 435, 445, 475, 510, 547, 568, 578, 583, 649, 668, 705, 709, 763, 767, 810, 829, 839, 860, 868, 919, 939, 947, 962, 1001, 1028, 1057, 1106, 1185, 1188, 1200, 1206, 1208, 1223, 1227, 1251, 1280, 1306, 1309, 1311, 1339, 1343, 1358, 1375, 1414, 1436, 1444, 1465, 1492, 1505, 1549, 1631, 1636, 1638, 1651, 1668, 1755, 1798, 1805, 1861, 1922, 1924, 1947, 1976, 1998, 2034, 2036, 2045, 2083, 2089, 2111, 2123, 2131, 2170, 2174, 2176, 2215, 2228, 2247, 2270, 2299, 2302, 2365, 2389, 2397, 2406, 2418, 2426, 2436, 2442, 2452, 2462, 2484, 2518, 2545, 2635, 2661, 2679, 2695, 2704, 2710, 2753, 2768, 2817, 2836, 2839, 2861, 2883, 2892, 2894, 2898, 2908, 2949, 2973, 2999, 3007, 3055, 3069, 3096, 3117, 3143, 3148, 3291, 3330, 3384, 3423, 3476, 3480, 3492, 3494, 3512, 3526, 3542, 3562, 3587, 3606, 3642, 3663, 3673, 3718, 3721, 3795, 3799, 3803, 3837, 3845, 3855, 3858, 3901, 3993, 4018, 4030, 4036, 4079, 4126, 4140, 4159, 4171, 4176, 4201, 4258, 4261, 4319, 4361, 4367, 4376, 4395, 4397, 4405, 4419, 4427, 4444, 4449, 4458, 4481, 4497, 4513, 4515, 4588, 4619, 4657, 4671, 4673, 4691, 4700, 4716, 4747, 4756, 4807, 4818, 4828, 4830, 4844, 4874, 4946, 4948, 4957, 4974, 4979, 4981, 4983, 4988, 5043, 5053, 5098, 5103, 5125, 5193, 5197, 5208, 5241, 5256, 5271, 5284, 5298, 5301, 5317, 5334, 5346, 5349, 5352, 5369, 5371, 5373, 5383, 5400, 5414, 5468, 5482, 5501, 5521, 5553, 5585, 5613, 5631, 5640, 5642, 5658, 5692, 5713, 5739, 5752, 5763, 5768, 5850, 5874, 5895, 5922, 5973, 5979, 6016, 6065, 6113, 6135, 6142, 6163, 6166, 6177, 6197, 6212, 6220, 6242, 6265, 6296, 6325, 6327, 6331, 6347, 6352, 6362, 6368, 6376, 6387, 6403, 6423, 6477, 6505, 6597, 6634, 6649, 6655, 6673, 6681, 6684, 6686, 6690, 6694, 6698, 6711, 6722, 6769, 6776, 6803, 6809, 6821, 6823, 6834, 6855, 6857, 6866, 6891, 6970, 7046, 7082, 7122, 7141, 7153, 7160, 7176, 7188, 7193, 7199, 7238, 7248, 7256, 7270, 7275, 7286, 7329, 7344, 7356, 7386, 7390, 7414, 7418, 7432, 7441, 7467, 7469, 7471, 7475, 7477, 7479, 7512, 7541, 7551, 7573, 7583, 7596, 7598, 7625, 7641, 7665, 7667, 7678, 7727, 7739, 7765, 7813, 7835, 7853, 7866, 7882, 7886, 7888, 7900, 7906]",[],"[6, 16, 48, 58, 63, 70, 98, 109, 114, 146, 150, 180, 261, 310, 373, 397, 427, 435, 445, 475, 510, 547, 568, 578, 583, 649, 668, 705, 709, 763, 767, 810, 829, 839, 860, 868, 919, 939, 947, 962, 1001, 1028, 1057, 1106, 1185, 1188, 1200, 1206, 1208, 1223, 1227, 1251, 1280, 1306, 1309, 1311, 1339, 1343, 1358, 1375, 1414, 1436, 1444, 1465, 1492, 1505, 1549, 1631, 1636, 1638, 1651, 1668, 1755, 1798, 1805, 1861, 1922, 1924, 1947, 1976, 1998, 2034, 2036, 2045, 2083, 2089, 2111, 2123, 2131, 2170, 2174, 2176, 2215, 2228, 2247, 2270, 2299, 2302, 2365, 2389, 2397, 2406, 2418, 2426, 2436, 2442, 2452, 2462, 2484, 2518, 2545, 2635, 2661, 2679, 2695, 2704, 2710, 2753, 2768, 2817, 2836, 2839, 2861, 2883, 2892, 2894, 2898, 2908, 2949, 2973, 2999, 3007, 3055, 3069, 3096, 3117, 3143, 3148, 3291, 3330, 3384, 3423, 3476, 3480, 3492, 3494, 3512, 3526, 3542, 3562, 3587, 3606, 3642, 3663, 3673, 3718, 3721, 3795, 3799, 3803, 3837, 3845, 3855, 3858, 3901, 3993, 4018, 4030, 4036, 4079, 4126, 4140, 4159, 4171, 4176, 4201, 4258, 4261, 4319, 4361, 4367, 4376, 4395, 4397, 4405, 4419, 4427, 4444, 4449, 4458, 4481, 4497, 4513, 4515, 4588, 4619, 4657, 4671, 4673, 4691, 4700, 4716, 4747, 4756, 4807, 4818, 4828, 4830, 4844, 4874, 4946, 4948, 4957, 4974, 4979, 4981, 4983, 4988, 5043, 5053, 5098, 5103, 5125, 5193, 5197, 5208, 5241, 5256, 5271, 5284, 5298, 5301, 5317, 5334, 5346, 5349, 5352, 5369, 5371, 5373, 5383, 5400, 5414, 5468, 5482, 5501, 5521, 5553, 5585, 5613, 5631, 5640, 5642, 5658, 5692, 5713, 5739, 5752, 5763, 5768, 5850, 5874, 5895, 5922, 5973, 5979, 6016, 6065, 6113, 6135, 6142, 6163, 6166, 6177, 6197, 6212, 6220, 6242, 6265, 6296, 6325, 6327, 6331, 6347, 6352, 6362, 6368, 6376, 6387, 6403, 6423, 6477, 6505, 6597, 6634, 6649, 6655, 6673, 6681, 6684, 6686, 6690, 6694, 6698, 6711, 6722, 6769, 6776, 6803, 6809, 6821, 6823, 6834, 6855, 6857, 6866, 6891, 6970, 7046, 7082, 7122, 7141, 7153, 7160, 7176, 7188, 7193, 7199, 7238, 7248, 7256, 7270, 7275, 7286, 7329, 7344, 7356, 7386, 7390, 7414, 7418, 7432, 7441, 7467, 7469, 7471, 7475, 7477, 7479, 7512, 7541, 7551, 7573, 7583, 7596, 7598, 7625, 7641, 7665, 7667, 7678, 7727, 7739, 7765, 7813, 7835, 7853, 7866, 7882, 7886, 7888, 7900, 7906]","[3794, 4656, 5921]",7926,373,7553,0,373,7550,3
-4.0,QULTROPIA,"[7, 20, 33, 35, 59, 64, 68, 72, 83, 104, 124, 142, 145, 182, 184, 241, 288, 297, 307, 311, 348, 350, 378, 411, 438, 448, 470, 543, 547, 573, 592, 608, 627, 639, 670, 679, 690, 695, 718, 728, 738, 743, 749, 757, 762, 778, 807, 823, 841, 861, 883, 896, 930, 932, 934, 972, 1007, 1024, 1031, 1095, 1140, 1143, 1159, 1178, 1196, 1236, 1307, 1309, 1311, 1336, 1392, 1412, 1426, 1438, 1450, 1481, 1492, 1506, 1534, 1572, 1645, 1653, 1676, 1699, 1709, 1725, 1750, 1777, 1779, 1783, 1788, 1827, 1859, 1864, 1895, 1910, 1915, 1941, 1946, 1980, 1986, 1994, 1999, 2059, 2075, 2077, 2114, 2131, 2138, 2144, 2157, 2161, 2181, 2187, 2191, 2204, 2211, 2215, 2222, 2224, 2236, 2274, 2353, 2361, 2365, 2367, 2369, 2421, 2433, 2441, 2444, 2459, 2467, 2529, 2540, 2564, 2583, 2586, 2667, 2684, 2693, 2708, 2746, 2815, 2822, 2833, 2859, 2874, 2876, 2886, 2895, 2897, 2900, 2941, 3005, 3009, 3034, 3036, 3038, 3067, 3070, 3105, 3107, 3112, 3142, 3150, 3159, 3177, 3204, 3214, 3237, 3283, 3286, 3297, 3310, 3330, 3366, 3407, 3438, 3466, 3473, 3503, 3528, 3586, 3588, 3593, 3596, 3606, 3631, 3633, 3639, 3643, 3665, 3692, 3695, 3700, 3707, 3710, 3713, 3744, 3771, 3774, 3779, 3786, 3789, 3792, 3827, 3835, 3861, 3864, 3888, 3909, 3940, 3963, 3994, 4008, 4021, 4048, 4053, 4083, 4108, 4183, 4201, 4226, 4230, 4234, 4254, 4280, 4313, 4337, 4420, 4425, 4441, 4462, 4468, 4479, 4507, 4519, 4531, 4545, 4550, 4552, 4566, 4571, 4581, 4589, 4602, 4608, 4610, 4614, 4625, 4635, 4673, 4678, 4682, 4737, 4752, 4765, 4824, 4861, 4892, 4897, 4911, 4924, 4937, 4939, 4969, 4982, 4994, 5006]",[],"[7, 20, 33, 35, 59, 64, 68, 72, 83, 104, 124, 142, 145, 182, 184, 241, 288, 297, 307, 311, 348, 350, 378, 411, 438, 448, 470, 543, 547, 573, 592, 608, 627, 639, 670, 679, 690, 695, 718, 728, 738, 743, 749, 757, 762, 778, 807, 823, 841, 861, 883, 896, 930, 932, 934, 972, 1007, 1024, 1031, 1095, 1140, 1143, 1159, 1178, 1196, 1236, 1307, 1309, 1311, 1336, 1392, 1412, 1426, 1438, 1450, 1481, 1492, 1506, 1534, 1572, 1645, 1653, 1676, 1699, 1709, 1725, 1750, 1777, 1779, 1783, 1788, 1827, 1859, 1864, 1895, 1910, 1915, 1941, 1946, 1980, 1986, 1994, 1999, 2059, 2075, 2077, 2114, 2131, 2138, 2144, 2157, 2161, 2181, 2187, 2191, 2204, 2211, 2215, 2222, 2224, 2236, 2274, 2353, 2361, 2365, 2367, 2369, 2421, 2433, 2441, 2444, 2459, 2467, 2529, 2540, 2564, 2583, 2586, 2667, 2684, 2693, 2708, 2746, 2815, 2822, 2833, 2859, 2874, 2876, 2886, 2895, 2897, 2900, 2941, 3005, 3009, 3034, 3036, 3038, 3067, 3070, 3105, 3107, 3112, 3142, 3150, 3159, 3177, 3204, 3214, 3237, 3283, 3286, 3297, 3310, 3330, 3366, 3407, 3438, 3466, 3473, 3503, 3528, 3586, 3588, 3593, 3596, 3606, 3631, 3633, 3639, 3643, 3665, 3692, 3695, 3700, 3707, 3710, 3713, 3744, 3771, 3774, 3779, 3786, 3789, 3792, 3827, 3835, 3861, 3864, 3888, 3909, 3940, 3963, 3994, 4008, 4021, 4048, 4053, 4083, 4108, 4183, 4201, 4226, 4230, 4234, 4254, 4280, 4313, 4337, 4420, 4425, 4441, 4462, 4468, 4479, 4507, 4519, 4531, 4545, 4550, 4552, 4566, 4571, 4581, 4589, 4602, 4608, 4610, 4614, 4625, 4635, 4673, 4678, 4682, 4737, 4752, 4765, 4824, 4861, 4892, 4897, 4911, 4924, 4937, 4939, 4969, 4982, 4994, 5006]","[2186, 2360, 3004, 3437, 4047, 4336]",4959,270,4689,0,270,4683,6
-4.0,RABCRP,"[19, 41, 44, 53, 57, 65, 86, 145, 147, 168, 191, 217, 249, 274, 289, 310, 318, 328, 348, 351, 353, 367, 384, 398, 403, 417, 508, 510, 514, 516, 518, 520, 522, 524, 526, 528, 530, 532, 534, 536, 538, 540, 542, 552, 556, 558, 580, 584, 595, 634, 641, 670, 672, 684, 700, 702, 717, 745, 747, 771, 782, 786, 791, 837, 843, 871, 875, 898, 913, 932, 945, 973, 991, 1001, 1065, 1070, 1092, 1099, 1117, 1125, 1172, 1192, 1222, 1226, 1229, 1234, 1240, 1287, 1298, 1305, 1330]",[],"[19, 41, 44, 53, 57, 65, 86, 145, 147, 168, 191, 217, 249, 274, 289, 310, 318, 328, 348, 351, 353, 367, 384, 398, 403, 417, 508, 510, 514, 516, 518, 520, 522, 524, 526, 528, 530, 532, 534, 536, 538, 540, 542, 552, 556, 558, 580, 584, 595, 634, 641, 670, 672, 684, 700, 702, 717, 745, 747, 771, 782, 786, 791, 837, 843, 871, 875, 898, 913, 932, 945, 973, 991, 1001, 1065, 1070, 1092, 1099, 1117, 1125, 1172, 1192, 1222, 1226, 1229, 1234, 1240, 1287, 1298, 1305, 1330]",[397],1431,91,1340,0,91,1339,1
-4.0,RABDNP3AA,"[19, 41, 50, 73, 117, 143, 170, 200, 219, 235, 237, 278, 289, 318, 320, 328, 330, 371, 382, 389, 445, 461, 508, 525, 536, 559, 573, 597, 628, 639, 644, 655, 660, 685, 705, 735, 743, 747, 775, 778, 781, 817, 821, 844, 846, 880, 907, 911, 925, 937, 971, 996, 998, 1018, 1031, 1062, 1108, 1116, 1139, 1153, 1185, 1239, 1250, 1287, 1305, 1333, 1371, 1427, 1436, 1439, 1450, 1540, 1563, 1732, 1767, 1771, 1787, 1866, 1891, 1894, 1953, 1975, 2057, 2063, 2072, 2095, 2111, 2150, 2157, 2183, 2235, 2271, 2286, 2321, 2353, 2355, 2357, 2370, 2400, 2404, 2419, 2436, 2463, 2484, 2489, 2492, 2500, 2504, 2506, 2508, 2516, 2532, 2541, 2551, 2565, 2567, 2582, 2586, 2599, 2606, 2655, 2697, 2705, 2723, 2725, 2748, 2794, 2804, 2822, 2829, 2895, 2914, 2965, 2987, 2995, 3004, 3048]",[],"[19, 41, 50, 73, 117, 143, 170, 200, 219, 235, 237, 278, 289, 318, 320, 328, 330, 371, 382, 389, 445, 461, 508, 525, 536, 559, 573, 597, 628, 639, 644, 655, 660, 685, 705, 735, 743, 747, 775, 778, 781, 817, 821, 844, 846, 880, 907, 911, 925, 937, 971, 996, 998, 1018, 1031, 1062, 1108, 1116, 1139, 1153, 1185, 1239, 1250, 1287, 1305, 1333, 1371, 1427, 1436, 1439, 1450, 1540, 1563, 1732, 1767, 1771, 1787, 1866, 1891, 1894, 1953, 1975, 2057, 2063, 2072, 2095, 2111, 2150, 2157, 2183, 2235, 2271, 2286, 2321, 2353, 2355, 2357, 2370, 2400, 2404, 2419, 2436, 2463, 2484, 2489, 2492, 2500, 2504, 2506, 2508, 2516, 2532, 2541, 2551, 2565, 2567, 2582, 2586, 2599, 2606, 2655, 2697, 2705, 2723, 2725, 2748, 2794, 2804, 2822, 2829, 2895, 2914, 2965, 2987, 2995, 3004, 3048]",[2156],3083,137,2946,0,137,2945,1
-4.0,RABSURFA,"[22, 32, 56, 66, 75, 100, 118, 144, 146, 164, 185, 196, 209, 281, 343, 379, 383, 399, 429, 435, 438, 472, 484, 504, 515, 526, 531, 592, 616, 637, 661, 669, 680, 696, 699, 704, 726, 744, 748, 781, 796, 798, 805, 811, 819, 833, 845, 847, 854, 856, 878, 922, 929, 954, 965, 968, 972, 1039, 1051, 1061, 1176, 1178, 1193, 1247, 1254, 1256, 1260, 1279, 1313, 1337, 1347, 1405, 1414, 1421, 1432, 1468, 1471, 1475, 1514, 1540, 1542, 1602, 1607, 1613, 1615, 1617, 1629, 1643, 1655, 1660, 1718, 1724, 1730, 1786, 1804, 1822, 1824, 1828, 1846, 1863, 2073, 2081, 2114, 2129, 2163, 2210, 2214, 2283, 2291, 2321, 2337, 2357, 2384, 2386, 2398, 2410, 2419, 2423, 2454, 2485, 2493, 2504, 2546, 2548, 2557, 2570, 2576, 2611, 2627, 2636, 2643, 2657, 2664, 2679, 2694, 2726, 2739, 2773, 2790, 2829, 2843, 2856, 2911, 2927, 2948, 2979, 2994, 3015, 3022, 3040, 3046, 3101, 3113, 3133, 3170, 3175, 3182, 3200, 3232, 3234, 3240, 3244, 3263, 3266, 3273, 3282, 3291, 3306, 3366, 3394, 3424, 3434, 3444, 3448, 3452, 3456, 3464, 3472, 3506, 3551, 3556, 3578, 3583, 3585, 3652, 3663, 3705, 3727, 3733, 3750, 3752, 3781, 3783, 3791, 3802, 3806, 3822, 3867, 3918, 3934, 4007, 4009, 4034, 4039, 4041, 4057, 4081, 4118, 4136, 4167, 4173, 4178, 4189, 4193, 4210, 4224, 4272, 4284, 4308, 4310, 4323, 4353, 4362, 4366, 4369, 4371, 4389, 4392, 4406, 4412, 4417, 4465, 4471, 4483, 4510, 4512, 4521, 4523, 4532, 4578, 4585, 4587, 4637, 4649, 4662, 4692, 4714, 4730, 4770, 4786, 4800, 4835, 4858, 4869, 4913, 4923, 4936, 4960, 4966, 4988, 4999, 5078, 5089, 5108, 5118, 5136, 5186, 5216, 5232, 5234, 5241, 5267, 5273, 5303, 5322, 5338, 5344, 5358, 5395, 5441, 5505, 5525, 5533, 5550, 5563, 5595, 5599, 5623, 5639, 5653, 5663, 5695, 5705, 5779, 5796, 5816, 5834, 5836, 5844, 5859, 5883, 5893, 5900, 5904, 5981, 5995, 6014, 6022, 6071, 6125, 6148, 6179, 6190, 6195, 6220, 6225, 6244, 6293, 6328, 6331, 6349, 6360, 6370, 6379, 6397, 6458, 6483, 6505, 6530, 6535, 6538, 6599, 6622, 6624, 6634, 6641, 6660, 6663, 6666, 6681, 6685, 6724, 6727, 6736, 6776, 6794, 6818, 6859, 6908, 6914, 6923, 6926, 6940, 6954, 6960, 7032, 7042, 7048, 7050, 7067, 7073, 7135, 7145, 7147, 7149, 7160, 7173, 7175, 7180, 7195, 7248, 7250, 7269, 7280, 7285, 7294, 7302, 7308, 7313, 7345, 7347, 7349, 7383, 7388, 7395, 7401, 7413, 7420, 7444, 7446, 7451, 7459, 7461, 7469, 7475, 7477, 7540, 7627, 7637, 7648, 7654, 7678, 7749, 7751, 7754, 7761, 7805, 7850, 7881, 7923, 7978, 8003, 8019, 8079]",[],"[22, 32, 56, 66, 75, 100, 118, 144, 146, 164, 185, 196, 209, 281, 343, 379, 383, 399, 429, 435, 438, 472, 484, 504, 515, 526, 531, 592, 616, 637, 661, 669, 680, 696, 699, 704, 726, 744, 748, 781, 796, 798, 805, 811, 819, 833, 845, 847, 854, 856, 878, 922, 929, 954, 965, 968, 972, 1039, 1051, 1061, 1176, 1178, 1193, 1247, 1254, 1256, 1260, 1279, 1313, 1337, 1347, 1405, 1414, 1421, 1432, 1468, 1471, 1475, 1514, 1540, 1542, 1602, 1607, 1613, 1615, 1617, 1629, 1643, 1655, 1660, 1718, 1724, 1730, 1786, 1804, 1822, 1824, 1828, 1846, 1863, 2073, 2081, 2114, 2129, 2163, 2210, 2214, 2283, 2291, 2321, 2337, 2357, 2384, 2386, 2398, 2410, 2419, 2423, 2454, 2485, 2493, 2504, 2546, 2548, 2557, 2570, 2576, 2611, 2627, 2636, 2643, 2657, 2664, 2679, 2694, 2726, 2739, 2773, 2790, 2829, 2843, 2856, 2911, 2927, 2948, 2979, 2994, 3015, 3022, 3040, 3046, 3101, 3113, 3133, 3170, 3175, 3182, 3200, 3232, 3234, 3240, 3244, 3263, 3266, 3273, 3282, 3291, 3306, 3366, 3394, 3424, 3434, 3444, 3448, 3452, 3456, 3464, 3472, 3506, 3551, 3556, 3578, 3583, 3585, 3652, 3663, 3705, 3727, 3733, 3750, 3752, 3781, 3783, 3791, 3802, 3806, 3822, 3867, 3918, 3934, 4007, 4009, 4034, 4039, 4041, 4057, 4081, 4118, 4136, 4167, 4173, 4178, 4189, 4193, 4210, 4224, 4272, 4284, 4308, 4310, 4323, 4353, 4362, 4366, 4369, 4371, 4389, 4392, 4406, 4412, 4417, 4465, 4471, 4483, 4510, 4512, 4521, 4523, 4532, 4578, 4585, 4587, 4637, 4649, 4662, 4692, 4714, 4730, 4770, 4786, 4800, 4835, 4858, 4869, 4913, 4923, 4936, 4960, 4966, 4988, 4999, 5078, 5089, 5108, 5118, 5136, 5186, 5216, 5232, 5234, 5241, 5267, 5273, 5303, 5322, 5338, 5344, 5358, 5395, 5441, 5505, 5525, 5533, 5550, 5563, 5595, 5599, 5623, 5639, 5653, 5663, 5695, 5705, 5779, 5796, 5816, 5834, 5836, 5844, 5859, 5883, 5893, 5900, 5904, 5981, 5995, 6014, 6022, 6071, 6125, 6148, 6179, 6190, 6195, 6220, 6225, 6244, 6293, 6328, 6331, 6349, 6360, 6370, 6379, 6397, 6458, 6483, 6505, 6530, 6535, 6538, 6599, 6622, 6624, 6634, 6641, 6660, 6663, 6666, 6681, 6685, 6724, 6727, 6736, 6776, 6794, 6818, 6859, 6908, 6914, 6923, 6926, 6940, 6954, 6960, 7032, 7042, 7048, 7050, 7067, 7073, 7135, 7145, 7147, 7149, 7160, 7173, 7175, 7180, 7195, 7248, 7250, 7269, 7280, 7285, 7294, 7302, 7308, 7313, 7345, 7347, 7349, 7383, 7388, 7395, 7401, 7413, 7420, 7444, 7446, 7451, 7459, 7461, 7469, 7475, 7477, 7540, 7627, 7637, 7648, 7654, 7678, 7749, 7751, 7754, 7761, 7805, 7850, 7881, 7923, 7978, 8003, 8019, 8079]","[4033, 4361, 5088]",8090,414,7676,0,414,7673,3
-4.0,RABTNF,"[21, 44, 60, 92, 110, 115, 149, 158, 164, 167, 201, 219, 253, 262, 269, 286, 288, 350, 352, 390, 407, 419, 473, 475, 504, 560, 601, 603, 608, 636, 679, 693, 786, 828, 852, 856, 860, 884, 943, 958, 1026, 1078, 1091, 1096, 1122, 1125, 1197, 1245, 1247, 1262, 1303, 1325, 1334, 1346, 1356, 1360, 1362, 1381, 1388, 1394, 1408, 1411, 1447, 1453, 1482, 1488, 1499, 1537, 1557, 1560, 1564, 1581, 1583, 1653, 1683, 1729, 1762, 1779, 1793, 1799, 1806, 1812, 1865, 1882, 1896, 1946, 1949, 1966, 1985, 1998, 2018, 2036, 2051, 2069, 2140, 2165, 2173, 2184, 2204, 2218, 2236, 2246, 2269, 2427, 2430, 2433, 2435, 2448, 2549, 2560, 2566, 2570, 2608, 2611, 2644, 2667, 2711, 2720, 2773, 2804, 2813, 2828, 2838, 2845, 2868, 2896, 2914, 2942, 2945, 2965, 2976, 3011, 3014, 3016, 3020, 3035, 3039, 3075, 3103, 3136, 3150, 3191]",[],"[21, 44, 60, 92, 110, 115, 149, 158, 164, 167, 201, 219, 253, 262, 269, 286, 288, 350, 352, 390, 407, 419, 473, 475, 504, 560, 601, 603, 608, 636, 679, 693, 786, 828, 852, 856, 860, 884, 943, 958, 1026, 1078, 1091, 1096, 1122, 1125, 1197, 1245, 1247, 1262, 1303, 1325, 1334, 1346, 1356, 1360, 1362, 1381, 1388, 1394, 1408, 1411, 1447, 1453, 1482, 1488, 1499, 1537, 1557, 1560, 1564, 1581, 1583, 1653, 1683, 1729, 1762, 1779, 1793, 1799, 1806, 1812, 1865, 1882, 1896, 1946, 1949, 1966, 1985, 1998, 2018, 2036, 2051, 2069, 2140, 2165, 2173, 2184, 2204, 2218, 2236, 2246, 2269, 2427, 2430, 2433, 2435, 2448, 2549, 2560, 2566, 2570, 2608, 2611, 2644, 2667, 2711, 2720, 2773, 2804, 2813, 2828, 2838, 2845, 2868, 2896, 2914, 2942, 2945, 2965, 2976, 3011, 3014, 3016, 3020, 3035, 3039, 3075, 3103, 3136, 3150, 3191]","[851, 1355, 1563]",3193,142,3051,0,142,3048,3
-4.0,RATCYC,"[29, 34, 43, 56, 68, 71, 75, 77, 117, 196, 207, 226, 251, 253, 256, 271, 291, 293, 316, 328, 340, 343, 345, 363, 442, 453, 457, 476, 524, 544, 561, 573, 577, 586, 605, 608, 632, 637, 645, 684, 759, 781, 834, 839, 842, 861, 864, 869, 922, 926, 957, 966, 997, 1023, 1046, 1049, 1052, 1057, 1064, 1068, 1076, 1085, 1088, 1104, 1108, 1116, 1123, 1135, 1140, 1169, 1174, 1198, 1206, 1208, 1215, 1225, 1268, 1272, 1334, 1338, 1340, 1351, 1368, 1377, 1379, 1401, 1433, 1435, 1439, 1470, 1491, 1618, 1635, 1688, 1694, 1714, 1727, 1735, 1756, 1779, 1824, 1853, 1855, 1877, 1904, 1916, 1938, 1944, 1969, 1977, 1979, 1981, 1983, 2038, 2043, 2103, 2106, 2112, 2131, 2151, 2163, 2185, 2224, 2260, 2278, 2296, 2299, 2351, 2355, 2365, 2409, 2423, 2441, 2457, 2465, 2468, 2473, 2485]",[],"[29, 34, 43, 56, 68, 71, 75, 77, 117, 196, 207, 226, 251, 253, 256, 271, 291, 293, 316, 328, 340, 343, 345, 363, 442, 453, 457, 476, 524, 544, 561, 573, 577, 586, 605, 608, 632, 637, 645, 684, 759, 781, 834, 839, 842, 861, 864, 869, 922, 926, 957, 966, 997, 1023, 1046, 1049, 1052, 1057, 1064, 1068, 1076, 1085, 1088, 1104, 1108, 1116, 1123, 1135, 1140, 1169, 1174, 1198, 1206, 1208, 1215, 1225, 1268, 1272, 1334, 1338, 1340, 1351, 1368, 1377, 1379, 1401, 1433, 1435, 1439, 1470, 1491, 1618, 1635, 1688, 1694, 1714, 1727, 1735, 1756, 1779, 1824, 1853, 1855, 1877, 1904, 1916, 1938, 1944, 1969, 1977, 1979, 1981, 1983, 2038, 2043, 2103, 2106, 2112, 2131, 2151, 2163, 2185, 2224, 2260, 2278, 2296, 2299, 2351, 2355, 2365, 2409, 2423, 2441, 2457, 2465, 2468, 2473, 2485]",[1333],2521,138,2383,0,138,2382,1
-4.0,RATCYSS,"[21, 36, 73, 82, 105, 120, 134, 146, 174, 181, 184, 193, 257, 287, 327, 340, 357, 367, 371, 380, 431, 440, 446, 519, 527, 569, 600, 629, 642, 672, 705, 725, 735, 747, 830, 849, 854, 861, 873, 886, 932, 940, 957, 964, 975, 977, 980, 986, 995, 1007, 1011, 1111, 1115, 1120, 1124, 1127, 1137, 1152, 1162, 1175, 1179, 1201, 1206, 1212, 1218, 1222, 1269, 1286, 1288, 1300, 1337, 1349, 1380, 1414, 1416, 1428, 1454, 1470, 1472, 1495, 1546, 1561, 1584, 1631, 1648, 1653, 1664, 1669, 1687, 1738, 1796, 1821, 1847, 1856, 1879, 1881, 1928, 1942, 1951, 1965, 1972, 1986, 2010, 2036, 2113, 2137, 2140, 2163, 2259, 2283, 2285, 2372, 2436, 2501, 2505, 2507, 2531, 2536, 2538, 2546, 2606, 2615, 2642, 2645, 2650, 2668, 2674, 2676, 2692, 2694, 2697, 2739, 2770, 2778, 2784, 2790, 2800, 2811, 2850, 2861, 2864, 2873, 2878, 2881, 2902, 2929, 2931, 2954, 2965, 2973, 2985, 3016, 3019, 3136, 3156, 3192, 3201, 3224, 3254, 3306, 3364, 3369, 3378, 3381, 3398, 3466, 3475, 3492, 3494, 3501, 3505, 3507, 3524, 3538, 3540, 3546, 3562, 3609, 3622, 3659, 3669, 3685, 3694, 3703, 3792, 3805, 3828, 3830, 3835, 3852, 3866, 3871, 3883, 3890, 3913, 3916, 3943, 3965, 3980, 3995, 4027, 4058, 4064, 4074, 4084, 4088, 4092, 4098, 4106, 4109, 4153, 4155, 4157, 4159, 4161, 4163, 4165, 4167, 4169, 4171, 4173, 4177, 4179, 4181, 4183, 4185, 4187, 4189, 4191, 4193, 4197, 4199, 4201, 4205, 4215, 4217, 4219, 4251, 4259, 4276, 4278, 4282, 4284, 4288, 4292, 4331, 4337, 4386, 4395, 4411, 4414, 4424, 4448, 4470, 4521, 4529, 4569, 4588, 4596, 4598, 4603, 4657, 4676, 4683, 4685, 4691, 4699, 4706, 4715, 4752, 4760, 4776, 4795, 4799, 4812, 4830, 4848, 4851, 4870, 4883, 4885, 4888, 4905, 4908, 4923, 4933, 4990, 4994, 5026, 5029, 5059, 5078, 5084, 5096, 5098, 5103, 5105, 5111, 5113, 5126, 5152, 5214, 5225, 5304, 5320, 5322, 5337, 5351, 5354, 5390, 5392, 5441, 5454, 5459, 5489, 5493, 5510, 5525, 5532, 5540, 5551, 5553]",[],"[21, 36, 73, 82, 105, 120, 134, 146, 174, 181, 184, 193, 257, 287, 327, 340, 357, 367, 371, 380, 431, 440, 446, 519, 527, 569, 600, 629, 642, 672, 705, 725, 735, 747, 830, 849, 854, 861, 873, 886, 932, 940, 957, 964, 975, 977, 980, 986, 995, 1007, 1011, 1111, 1115, 1120, 1124, 1127, 1137, 1152, 1162, 1175, 1179, 1201, 1206, 1212, 1218, 1222, 1269, 1286, 1288, 1300, 1337, 1349, 1380, 1414, 1416, 1428, 1454, 1470, 1472, 1495, 1546, 1561, 1584, 1631, 1648, 1653, 1664, 1669, 1687, 1738, 1796, 1821, 1847, 1856, 1879, 1881, 1928, 1942, 1951, 1965, 1972, 1986, 2010, 2036, 2113, 2137, 2140, 2163, 2259, 2283, 2285, 2372, 2436, 2501, 2505, 2507, 2531, 2536, 2538, 2546, 2606, 2615, 2642, 2645, 2650, 2668, 2674, 2676, 2692, 2694, 2697, 2739, 2770, 2778, 2784, 2790, 2800, 2811, 2850, 2861, 2864, 2873, 2878, 2881, 2902, 2929, 2931, 2954, 2965, 2973, 2985, 3016, 3019, 3136, 3156, 3192, 3201, 3224, 3254, 3306, 3364, 3369, 3378, 3381, 3398, 3466, 3475, 3492, 3494, 3501, 3505, 3507, 3524, 3538, 3540, 3546, 3562, 3609, 3622, 3659, 3669, 3685, 3694, 3703, 3792, 3805, 3828, 3830, 3835, 3852, 3866, 3871, 3883, 3890, 3913, 3916, 3943, 3965, 3980, 3995, 4027, 4058, 4064, 4074, 4084, 4088, 4092, 4098, 4106, 4109, 4153, 4155, 4157, 4159, 4161, 4163, 4165, 4167, 4169, 4171, 4173, 4177, 4179, 4181, 4183, 4185, 4187, 4189, 4191, 4193, 4197, 4199, 4201, 4205, 4215, 4217, 4219, 4251, 4259, 4276, 4278, 4282, 4284, 4288, 4292, 4331, 4337, 4386, 4395, 4411, 4414, 4424, 4448, 4470, 4521, 4529, 4569, 4588, 4596, 4598, 4603, 4657, 4676, 4683, 4685, 4691, 4699, 4706, 4715, 4752, 4760, 4776, 4795, 4799, 4812, 4830, 4848, 4851, 4870, 4883, 4885, 4888, 4905, 4908, 4923, 4933, 4990, 4994, 5026, 5029, 5059, 5078, 5084, 5096, 5098, 5103, 5105, 5111, 5113, 5126, 5152, 5214, 5225, 5304, 5320, 5322, 5337, 5351, 5354, 5390, 5392, 5441, 5454, 5459, 5489, 5493, 5510, 5525, 5532, 5540, 5551, 5553]","[1006, 4026]",5556,322,5234,0,322,5232,2
-4.0,RATDCCOVB,"[14, 27, 99, 107, 121, 170, 174, 176, 183, 185, 190, 212, 216, 227, 230, 233, 253, 258, 279, 327, 337, 339, 349, 376, 395, 407, 413, 439, 447, 449, 454, 459, 517, 519, 533, 535, 541, 544, 550, 552, 554, 597, 599, 748, 751, 765, 789, 810, 831, 881, 885, 901, 937, 968, 996, 1024, 1047, 1078, 1088, 1123, 1126, 1139, 1141, 1152, 1183, 1185, 1193, 1200, 1218, 1221, 1235, 1237, 1252, 1268, 1295, 1304, 1317, 1366, 1383, 1397, 1468, 1477, 1494, 1499, 1520, 1546, 1560, 1564, 1593, 1600, 1615, 1618, 1620, 1626, 1655, 1684, 1692, 1697, 1714, 1731, 1735, 1752, 1797, 1820, 1823, 1832, 1889, 1927, 1944, 1952, 1984, 2004, 2019, 2084, 2087, 2108, 2117, 2127, 2131, 2141, 2153, 2176, 2189, 2232, 2237, 2268, 2272, 2284, 2293, 2297, 2299, 2315, 2318, 2322, 2332, 2342, 2383, 2409, 2417, 2472, 2479, 2564, 2588, 2626, 2631, 2639, 2650, 2666, 2676, 2702, 2710, 2722, 2724, 2741, 2753, 2763, 2791, 2794, 2796, 2865, 2877, 2879, 2917, 2939, 2957, 2976, 2981, 2990, 2997, 3006, 3016, 3096, 3114, 3127, 3131, 3138, 3182, 3189, 3195, 3214, 3240, 3243, 3255, 3258, 3295, 3299, 3340, 3363, 3408, 3410, 3412, 3414, 3428, 3442, 3452, 3454, 3456, 3458, 3460, 3490, 3494, 3499, 3504, 3508, 3534, 3545, 3559, 3574, 3599, 3602, 3624, 3660, 3663, 3671, 3681, 3686, 3694, 3700, 3717, 3740, 3748, 3768, 3783, 3803, 3811, 3852, 3868, 3872, 3887, 3907, 3924, 3936, 3987, 4000, 4014, 4021, 4076, 4085, 4092, 4095, 4135, 4138, 4150, 4165, 4180, 4182, 4194, 4211, 4243, 4278, 4314, 4331, 4334, 4350, 4384, 4389, 4488, 4500, 4509, 4530, 4545, 4604, 4609, 4612, 4618, 4624, 4651, 4696, 4702, 4710, 4729, 4731, 4738, 4758, 4804, 4816, 4972, 4974, 4990, 5000, 5037, 5083, 5090, 5097, 5099, 5102, 5130, 5134, 5176, 5214, 5219, 5233, 5247, 5272, 5284, 5298, 5319]",[],"[14, 27, 99, 107, 121, 170, 174, 176, 183, 185, 190, 212, 216, 227, 230, 233, 253, 258, 279, 327, 337, 339, 349, 376, 395, 407, 413, 439, 447, 449, 454, 459, 517, 519, 533, 535, 541, 544, 550, 552, 554, 597, 599, 748, 751, 765, 789, 810, 831, 881, 885, 901, 937, 968, 996, 1024, 1047, 1078, 1088, 1123, 1126, 1139, 1141, 1152, 1183, 1185, 1193, 1200, 1218, 1221, 1235, 1237, 1252, 1268, 1295, 1304, 1317, 1366, 1383, 1397, 1468, 1477, 1494, 1499, 1520, 1546, 1560, 1564, 1593, 1600, 1615, 1618, 1620, 1626, 1655, 1684, 1692, 1697, 1714, 1731, 1735, 1752, 1797, 1820, 1823, 1832, 1889, 1927, 1944, 1952, 1984, 2004, 2019, 2084, 2087, 2108, 2117, 2127, 2131, 2141, 2153, 2176, 2189, 2232, 2237, 2268, 2272, 2284, 2293, 2297, 2299, 2315, 2318, 2322, 2332, 2342, 2383, 2409, 2417, 2472, 2479, 2564, 2588, 2626, 2631, 2639, 2650, 2666, 2676, 2702, 2710, 2722, 2724, 2741, 2753, 2763, 2791, 2794, 2796, 2865, 2877, 2879, 2917, 2939, 2957, 2976, 2981, 2990, 2997, 3006, 3016, 3096, 3114, 3127, 3131, 3138, 3182, 3189, 3195, 3214, 3240, 3243, 3255, 3258, 3295, 3299, 3340, 3363, 3408, 3410, 3412, 3414, 3428, 3442, 3452, 3454, 3456, 3458, 3460, 3490, 3494, 3499, 3504, 3508, 3534, 3545, 3559, 3574, 3599, 3602, 3624, 3660, 3663, 3671, 3681, 3686, 3694, 3700, 3717, 3740, 3748, 3768, 3783, 3803, 3811, 3852, 3868, 3872, 3887, 3907, 3924, 3936, 3987, 4000, 4014, 4021, 4076, 4085, 4092, 4095, 4135, 4138, 4150, 4165, 4180, 4182, 4194, 4211, 4243, 4278, 4314, 4331, 4334, 4350, 4384, 4389, 4488, 4500, 4509, 4530, 4545, 4604, 4609, 4612, 4618, 4624, 4651, 4696, 4702, 4710, 4729, 4731, 4738, 4758, 4804, 4816, 4972, 4974, 4990, 5000, 5037, 5083, 5090, 5097, 5099, 5102, 5130, 5134, 5176, 5214, 5219, 5233, 5247, 5272, 5284, 5298, 5319]","[2267, 2864, 3126]",5324,297,5027,0,297,5024,3
-4.0,RATGRG,"[5, 43, 66, 69, 74, 79, 84, 88, 93, 123, 135, 143, 160, 175, 205, 219, 228, 242, 249, 287, 291, 309, 311, 332, 357, 363, 401, 425, 442, 447, 458, 508, 515, 539, 572, 581, 587, 601, 659, 676, 697, 720, 763, 789, 805, 813, 825, 837, 849, 912, 970, 974, 1013, 1031, 1034, 1042, 1079, 1116, 1126, 1129, 1131, 1153, 1189, 1212, 1269, 1281, 1292, 1300, 1303, 1307, 1325, 1332, 1340, 1366, 1372, 1387, 1389, 1398, 1400, 1416, 1420, 1440, 1463, 1489, 1495, 1509, 1511, 1516, 1519, 1521, 1532, 1537, 1555, 1582, 1596, 1607, 1623, 1628, 1635, 1645, 1649, 1677, 1697, 1707, 1728, 1730, 1733, 1761, 1764, 1777, 1825, 1831, 1838, 1856, 1862, 1917, 1919, 1925, 1935, 1943, 1973, 1975, 1992, 1994, 1997, 2031, 2046, 2055, 2066, 2093, 2100, 2107, 2109, 2111, 2117, 2174, 2188, 2192, 2200, 2231, 2272, 2276, 2288, 2291, 2294, 2299, 2301, 2305, 2315, 2320, 2324, 2339, 2347, 2357, 2363, 2368, 2393, 2405, 2407, 2416, 2418, 2431, 2436, 2447, 2472, 2526, 2537, 2547, 2580, 2591, 2599, 2617, 2657, 2664, 2679, 2741, 2772, 2794, 2796, 2829, 2853, 2867, 2887, 2891, 2924, 2945, 2958, 2989, 2995, 3017, 3039, 3046, 3052, 3058, 3087, 3119, 3150, 3159, 3162, 3174, 3230, 3250, 3258, 3264, 3274, 3291, 3295, 3344, 3375, 3384, 3391, 3396, 3405, 3421, 3432, 3448, 3455, 3476, 3497, 3528, 3536, 3553, 3557, 3561, 3592, 3614, 3701, 3707, 3716, 3737, 3752, 3764, 3794, 3797, 3851]",[],"[5, 43, 66, 69, 74, 79, 84, 88, 93, 123, 135, 143, 160, 175, 205, 219, 228, 242, 249, 287, 291, 309, 311, 332, 357, 363, 401, 425, 442, 447, 458, 508, 515, 539, 572, 581, 587, 601, 659, 676, 697, 720, 763, 789, 805, 813, 825, 837, 849, 912, 970, 974, 1013, 1031, 1034, 1042, 1079, 1116, 1126, 1129, 1131, 1153, 1189, 1212, 1269, 1281, 1292, 1300, 1303, 1307, 1325, 1332, 1340, 1366, 1372, 1387, 1389, 1398, 1400, 1416, 1420, 1440, 1463, 1489, 1495, 1509, 1511, 1516, 1519, 1521, 1532, 1537, 1555, 1582, 1596, 1607, 1623, 1628, 1635, 1645, 1649, 1677, 1697, 1707, 1728, 1730, 1733, 1761, 1764, 1777, 1825, 1831, 1838, 1856, 1862, 1917, 1919, 1925, 1935, 1943, 1973, 1975, 1992, 1994, 1997, 2031, 2046, 2055, 2066, 2093, 2100, 2107, 2109, 2111, 2117, 2174, 2188, 2192, 2200, 2231, 2272, 2276, 2288, 2291, 2294, 2299, 2301, 2305, 2315, 2320, 2324, 2339, 2347, 2357, 2363, 2368, 2393, 2405, 2407, 2416, 2418, 2431, 2436, 2447, 2472, 2526, 2537, 2547, 2580, 2591, 2599, 2617, 2657, 2664, 2679, 2741, 2772, 2794, 2796, 2829, 2853, 2867, 2887, 2891, 2924, 2945, 2958, 2989, 2995, 3017, 3039, 3046, 3052, 3058, 3087, 3119, 3150, 3159, 3162, 3174, 3230, 3250, 3258, 3264, 3274, 3291, 3295, 3344, 3375, 3384, 3391, 3396, 3405, 3421, 3432, 3448, 3455, 3476, 3497, 3528, 3536, 3553, 3557, 3561, 3592, 3614, 3701, 3707, 3716, 3737, 3752, 3764, 3794, 3797, 3851]","[83, 286, 1291, 1494, 1696, 1942, 2187, 2319, 2616, 2994, 3290]",3881,235,3646,0,235,3635,11
-4.0,RATGROS,"[7, 27, 51, 74, 76, 80, 88, 108, 129, 141, 148, 165, 168, 214, 237, 244, 247, 264, 290, 299, 305, 314, 332, 363, 376, 398, 402, 407, 434, 440, 449, 458, 497, 520, 544, 554, 571, 590, 622, 632, 638, 725, 735, 740, 747, 751, 762, 775, 777, 801, 811, 834, 841, 855, 901, 916, 939, 949, 952, 967, 994, 1002, 1112, 1137, 1151, 1179, 1183, 1197, 1220, 1238, 1251, 1253, 1275, 1294, 1298, 1311, 1342, 1350, 1386, 1391, 1395, 1432, 1483, 1487, 1524, 1559, 1588, 1592, 1595, 1603, 1605, 1609, 1624, 1640, 1660, 1679, 1683, 1737, 1758, 1768, 1770, 1778, 1812, 1816, 1821, 1877, 1893, 1913, 1915, 1917, 1920, 1949, 1957, 1969, 1972, 1986, 1991, 2002, 2008, 2020, 2051, 2053, 2063, 2073, 2075, 2107, 2117, 2119, 2124, 2126, 2132, 2142, 2144, 2156, 2160, 2164, 2178, 2192, 2195, 2212, 2224, 2226, 2252, 2257, 2261, 2307, 2323, 2335, 2359, 2382, 2391, 2411, 2414, 2430, 2436, 2485]",[],"[7, 27, 51, 74, 76, 80, 88, 108, 129, 141, 148, 165, 168, 214, 237, 244, 247, 264, 290, 299, 305, 314, 332, 363, 376, 398, 402, 407, 434, 440, 449, 458, 497, 520, 544, 554, 571, 590, 622, 632, 638, 725, 735, 740, 747, 751, 762, 775, 777, 801, 811, 834, 841, 855, 901, 916, 939, 949, 952, 967, 994, 1002, 1112, 1137, 1151, 1179, 1183, 1197, 1220, 1238, 1251, 1253, 1275, 1294, 1298, 1311, 1342, 1350, 1386, 1391, 1395, 1432, 1483, 1487, 1524, 1559, 1588, 1592, 1595, 1603, 1605, 1609, 1624, 1640, 1660, 1679, 1683, 1737, 1758, 1768, 1770, 1778, 1812, 1816, 1821, 1877, 1893, 1913, 1915, 1917, 1920, 1949, 1957, 1969, 1972, 1986, 1991, 2002, 2008, 2020, 2051, 2053, 2063, 2073, 2075, 2107, 2117, 2119, 2124, 2126, 2132, 2142, 2144, 2156, 2160, 2164, 2178, 2192, 2195, 2212, 2224, 2226, 2252, 2257, 2261, 2307, 2323, 2335, 2359, 2382, 2391, 2411, 2414, 2430, 2436, 2485]","[1178, 1390, 1587]",2489,156,2333,0,156,2330,3
-4.0,RATGSTY,"[17, 19, 21, 103, 142, 147, 185, 192, 208, 217, 251, 257, 276, 315, 374, 424, 455, 470, 494, 526, 544, 553, 557, 579, 603, 607, 640, 655, 660, 664, 671, 678, 692, 695, 719, 721, 723, 725, 727, 729, 733, 735, 737, 739, 741, 743, 745, 747, 749, 751, 753, 755, 757, 759, 761, 763, 783, 815, 825, 840, 843, 854, 873, 885, 907, 997, 1013, 1042, 1085, 1100, 1138, 1140, 1143, 1145, 1191, 1205, 1231, 1248, 1301, 1303, 1311, 1315, 1327, 1329, 1344, 1349, 1357, 1369, 1383, 1397, 1420, 1453, 1468, 1496, 1500, 1516, 1527, 1530, 1533, 1535, 1559, 1569, 1597, 1617, 1627, 1648, 1689, 1695, 1697, 1701, 1710, 1714, 1801, 1861, 1863, 1867, 1884, 1919, 1927, 1934, 1938, 1942, 1947, 1960, 1987, 1989, 2028, 2061, 2065, 2087, 2103, 2130, 2132, 2135, 2177, 2196, 2202, 2212, 2231, 2247, 2254, 2262, 2341, 2360, 2365, 2403, 2410, 2417, 2421, 2429, 2432, 2441, 2450, 2495, 2500, 2515, 2520, 2584, 2600, 2607, 2623, 2627, 2643, 2703, 2711, 2723, 2734, 2736, 2757, 2765, 2768, 2790, 2797, 2799, 2812, 2815, 2828, 2831, 2835, 2851, 2859, 2891, 2897, 2935, 2973, 2986, 3004, 3009, 3015, 3023, 3050, 3060, 3063, 3069, 3102, 3144, 3165, 3181, 3189, 3192, 3195, 3202, 3226, 3275, 3296, 3314, 3316, 3328, 3340, 3377, 3412, 3433, 3480, 3535, 3542, 3574, 3577, 3581, 3630, 3633, 3661, 3668, 3691, 3719, 3721, 3740, 3742, 3798, 3805, 3809, 3820, 3826, 3829, 3843, 3855, 3866, 3881, 3884, 3886, 3906, 3912, 3921, 3929, 3941, 3959, 3965, 3967, 3980, 3982, 3998, 4001, 4010, 4012, 4029, 4038, 4041, 4063, 4100, 4104, 4107, 4116, 4122, 4124, 4128, 4132, 4144, 4159, 4169, 4200, 4225, 4237, 4270, 4282, 4328, 4343, 4361, 4372, 4410, 4417, 4427, 4469, 4495, 4498, 4510, 4559, 4564, 4575, 4587, 4589, 4601, 4603, 4625, 4640, 4647, 4651, 4664, 4683, 4692, 4717, 4737, 4757, 4773, 4778, 4805, 4837, 4877, 4902, 4915, 4927, 4946, 4949, 4961, 4966, 4976, 4982, 4984, 5003, 5010, 5029, 5033, 5046, 5054, 5061, 5118, 5120, 5129, 5134, 5150, 5198, 5206, 5215, 5250, 5368, 5377, 5449, 5476, 5506, 5522, 5555, 5606, 5630, 5661, 5737, 5743, 5771, 5782, 5797, 5814, 5837, 5852, 5878, 5901, 5927, 5929, 5934, 5936, 5949, 5961, 5996, 6003, 6046, 6049, 6060, 6067, 6105, 6124, 6143, 6146, 6157, 6165, 6193, 6196, 6215, 6222, 6226, 6228, 6233, 6237, 6249, 6262, 6280]",[],"[17, 19, 21, 103, 142, 147, 185, 192, 208, 217, 251, 257, 276, 315, 374, 424, 455, 470, 494, 526, 544, 553, 557, 579, 603, 607, 640, 655, 660, 664, 671, 678, 692, 695, 719, 721, 723, 725, 727, 729, 733, 735, 737, 739, 741, 743, 745, 747, 749, 751, 753, 755, 757, 759, 761, 763, 783, 815, 825, 840, 843, 854, 873, 885, 907, 997, 1013, 1042, 1085, 1100, 1138, 1140, 1143, 1145, 1191, 1205, 1231, 1248, 1301, 1303, 1311, 1315, 1327, 1329, 1344, 1349, 1357, 1369, 1383, 1397, 1420, 1453, 1468, 1496, 1500, 1516, 1527, 1530, 1533, 1535, 1559, 1569, 1597, 1617, 1627, 1648, 1689, 1695, 1697, 1701, 1710, 1714, 1801, 1861, 1863, 1867, 1884, 1919, 1927, 1934, 1938, 1942, 1947, 1960, 1987, 1989, 2028, 2061, 2065, 2087, 2103, 2130, 2132, 2135, 2177, 2196, 2202, 2212, 2231, 2247, 2254, 2262, 2341, 2360, 2365, 2403, 2410, 2417, 2421, 2429, 2432, 2441, 2450, 2495, 2500, 2515, 2520, 2584, 2600, 2607, 2623, 2627, 2643, 2703, 2711, 2723, 2734, 2736, 2757, 2765, 2768, 2790, 2797, 2799, 2812, 2815, 2828, 2831, 2835, 2851, 2859, 2891, 2897, 2935, 2973, 2986, 3004, 3009, 3015, 3023, 3050, 3060, 3063, 3069, 3102, 3144, 3165, 3181, 3189, 3192, 3195, 3202, 3226, 3275, 3296, 3314, 3316, 3328, 3340, 3377, 3412, 3433, 3480, 3535, 3542, 3574, 3577, 3581, 3630, 3633, 3661, 3668, 3691, 3719, 3721, 3740, 3742, 3798, 3805, 3809, 3820, 3826, 3829, 3843, 3855, 3866, 3881, 3884, 3886, 3906, 3912, 3921, 3929, 3941, 3959, 3965, 3967, 3980, 3982, 3998, 4001, 4010, 4012, 4029, 4038, 4041, 4063, 4100, 4104, 4107, 4116, 4122, 4124, 4128, 4132, 4144, 4159, 4169, 4200, 4225, 4237, 4270, 4282, 4328, 4343, 4361, 4372, 4410, 4417, 4427, 4469, 4495, 4498, 4510, 4559, 4564, 4575, 4587, 4589, 4601, 4603, 4625, 4640, 4647, 4651, 4664, 4683, 4692, 4717, 4737, 4757, 4773, 4778, 4805, 4837, 4877, 4902, 4915, 4927, 4946, 4949, 4961, 4966, 4976, 4982, 4984, 5003, 5010, 5029, 5033, 5046, 5054, 5061, 5118, 5120, 5129, 5134, 5150, 5198, 5206, 5215, 5250, 5368, 5377, 5449, 5476, 5506, 5522, 5555, 5606, 5630, 5661, 5737, 5743, 5771, 5782, 5797, 5814, 5837, 5852, 5878, 5901, 5927, 5929, 5934, 5936, 5949, 5961, 5996, 6003, 6046, 6049, 6060, 6067, 6105, 6124, 6143, 6146, 6157, 6165, 6193, 6196, 6215, 6222, 6226, 6228, 6233, 6237, 6249, 6262, 6280]","[659, 996, 1495, 1862, 2060, 3180, 3376]",6287,381,5906,0,381,5899,7
-4.0,RATIGFBA,"[54, 88, 91, 143, 148, 162, 172, 175, 186, 201, 211, 217, 220, 248, 281, 289, 300, 329, 347, 362, 371, 374, 376, 413, 455, 470, 472, 507, 512, 527, 572, 587, 673, 678, 681, 705, 707, 716, 724, 732, 744, 758, 765, 772, 784, 797, 800, 816, 824, 851, 855, 860, 884, 888, 903, 920, 930, 965, 974, 981, 1003, 1007, 1020, 1036, 1087, 1089, 1096, 1098, 1102, 1116, 1153, 1157, 1161, 1215, 1237, 1239, 1243, 1258, 1331, 1362, 1372, 1382, 1401, 1403, 1407, 1409, 1446, 1449, 1451, 1456, 1507, 1526, 1529, 1531, 1548, 1551, 1556, 1572, 1590, 1691, 1704, 1713, 1732, 1761, 1772, 1783, 1789, 1793, 1804, 1824, 1828, 1830, 1834, 1839, 1843, 1864, 1949, 1968, 2035, 2061, 2075, 2083, 2087, 2158, 2187, 2204, 2219, 2225, 2233, 2241, 2249, 2254, 2260, 2283, 2320, 2345, 2386, 2397, 2419, 2450, 2493, 2500, 2505, 2542, 2597, 2612, 2618, 2626, 2646, 2688, 2691, 2700, 2733, 2736, 2738, 2744, 2781, 2813, 2816, 2835, 2842, 2901, 2903, 3003, 3007, 3031, 3059, 3093, 3106, 3124, 3127, 3158, 3160, 3206, 3208, 3215, 3230, 3254, 3256, 3263, 3304, 3313, 3332, 3352, 3380, 3400, 3425, 3442, 3444, 3451, 3466, 3470, 3488, 3490, 3497, 3516, 3532, 3558, 3573, 3579, 3585, 3614, 3618, 3620, 3633, 3640, 3672, 3675, 3691, 3724, 3764, 3770, 3801, 3807, 3815, 3817, 3820, 3829, 3841, 3874, 3880, 3901, 3917, 3925, 3927, 3949, 3954, 3978, 4001, 4007, 4012, 4037, 4075, 4080, 4089, 4128, 4130, 4132, 4145, 4200, 4210, 4224, 4227, 4261, 4268, 4270, 4304, 4306, 4312, 4357, 4363, 4367, 4371, 4388, 4407, 4413, 4418, 4460, 4489, 4513, 4517, 4536, 4540, 4547, 4561, 4565, 4579, 4621, 4625, 4627, 4651, 4659, 4663, 4666, 4668, 4684, 4696, 4708, 4719, 4754, 4760, 4776, 4791, 4795, 4825, 4829, 4846, 4859, 4865, 4869, 4898, 4909, 4938, 4971]",[],"[54, 88, 91, 143, 148, 162, 172, 175, 186, 201, 211, 217, 220, 248, 281, 289, 300, 329, 347, 362, 371, 374, 376, 413, 455, 470, 472, 507, 512, 527, 572, 587, 673, 678, 681, 705, 707, 716, 724, 732, 744, 758, 765, 772, 784, 797, 800, 816, 824, 851, 855, 860, 884, 888, 903, 920, 930, 965, 974, 981, 1003, 1007, 1020, 1036, 1087, 1089, 1096, 1098, 1102, 1116, 1153, 1157, 1161, 1215, 1237, 1239, 1243, 1258, 1331, 1362, 1372, 1382, 1401, 1403, 1407, 1409, 1446, 1449, 1451, 1456, 1507, 1526, 1529, 1531, 1548, 1551, 1556, 1572, 1590, 1691, 1704, 1713, 1732, 1761, 1772, 1783, 1789, 1793, 1804, 1824, 1828, 1830, 1834, 1839, 1843, 1864, 1949, 1968, 2035, 2061, 2075, 2083, 2087, 2158, 2187, 2204, 2219, 2225, 2233, 2241, 2249, 2254, 2260, 2283, 2320, 2345, 2386, 2397, 2419, 2450, 2493, 2500, 2505, 2542, 2597, 2612, 2618, 2626, 2646, 2688, 2691, 2700, 2733, 2736, 2738, 2744, 2781, 2813, 2816, 2835, 2842, 2901, 2903, 3003, 3007, 3031, 3059, 3093, 3106, 3124, 3127, 3158, 3160, 3206, 3208, 3215, 3230, 3254, 3256, 3263, 3304, 3313, 3332, 3352, 3380, 3400, 3425, 3442, 3444, 3451, 3466, 3470, 3488, 3490, 3497, 3516, 3532, 3558, 3573, 3579, 3585, 3614, 3618, 3620, 3633, 3640, 3672, 3675, 3691, 3724, 3764, 3770, 3801, 3807, 3815, 3817, 3820, 3829, 3841, 3874, 3880, 3901, 3917, 3925, 3927, 3949, 3954, 3978, 4001, 4007, 4012, 4037, 4075, 4080, 4089, 4128, 4130, 4132, 4145, 4200, 4210, 4224, 4227, 4261, 4268, 4270, 4304, 4306, 4312, 4357, 4363, 4367, 4371, 4388, 4407, 4413, 4418, 4460, 4489, 4513, 4517, 4536, 4540, 4547, 4561, 4565, 4579, 4621, 4625, 4627, 4651, 4659, 4663, 4666, 4668, 4684, 4696, 4708, 4719, 4754, 4760, 4776, 4791, 4795, 4825, 4829, 4846, 4859, 4865, 4869, 4898, 4909, 4938, 4971]","[526, 2034, 3002]",4993,294,4699,0,294,4696,3
-4.0,RATJE,"[46, 78, 157, 160, 184, 191, 211, 233, 237, 241, 249, 257, 283, 288, 388, 395, 418, 427, 486, 496, 522, 537, 549, 557, 611, 626, 645, 683, 707, 734, 763, 766, 772, 833, 836, 868, 1122, 1128, 1145, 1148, 1155, 1165, 1176, 1181, 1192, 1203, 1243, 1246, 1259, 1273, 1300, 1332, 1364, 1375, 1398, 1421, 1436, 1457, 1461, 1515, 1551, 1554, 1558, 1588, 1598, 1608, 1613, 1620, 1639, 1671, 1697, 1707, 1722, 1724, 1726, 1752, 1799, 1817, 1835, 1843, 1877, 1932, 1969, 1971, 1985, 1988, 1990, 1994, 2017, 2048, 2069, 2094, 2097, 2132, 2151, 2166, 2197, 2200, 2221, 2231, 2272, 2282, 2291, 2309, 2311, 2334, 2359, 2382, 2390, 2418, 2436, 2484, 2553, 2559, 2566, 2582, 2584, 2596, 2608, 2613, 2685, 2709, 2719, 2735, 2752, 2761, 2763, 2771, 2778, 2783, 2837, 2845, 2857, 2859, 2888, 2970, 2977, 2980, 2987, 2991, 2993, 3015, 3020, 3033, 3041, 3091, 3101]",[],"[46, 78, 157, 160, 184, 191, 211, 233, 237, 241, 249, 257, 283, 288, 388, 395, 418, 427, 486, 496, 522, 537, 549, 557, 611, 626, 645, 683, 707, 734, 763, 766, 772, 833, 836, 868, 1122, 1128, 1145, 1148, 1155, 1165, 1176, 1181, 1192, 1203, 1243, 1246, 1259, 1273, 1300, 1332, 1364, 1375, 1398, 1421, 1436, 1457, 1461, 1515, 1551, 1554, 1558, 1588, 1598, 1608, 1613, 1620, 1639, 1671, 1697, 1707, 1722, 1724, 1726, 1752, 1799, 1817, 1835, 1843, 1877, 1932, 1969, 1971, 1985, 1988, 1990, 1994, 2017, 2048, 2069, 2094, 2097, 2132, 2151, 2166, 2197, 2200, 2221, 2231, 2272, 2282, 2291, 2309, 2311, 2334, 2359, 2382, 2390, 2418, 2436, 2484, 2553, 2559, 2566, 2582, 2584, 2596, 2608, 2613, 2685, 2709, 2719, 2735, 2752, 2761, 2763, 2771, 2778, 2783, 2837, 2845, 2857, 2859, 2888, 2970, 2977, 2980, 2987, 2991, 2993, 3015, 3020, 3033, 3041, 3091, 3101]","[1191, 1989]",3098,147,2951,0,147,2949,2
-4.0,RATKALA,"[18, 21, 49, 132, 138, 157, 162, 188, 211, 219, 226, 228, 248, 276, 315, 317, 344, 350, 364, 406, 424, 436, 441, 477, 481, 483, 513, 530, 539, 604, 619, 621, 671, 687, 766, 773, 786, 818, 826, 848, 859, 946, 993, 1002, 1028, 1063, 1086, 1118, 1135, 1158, 1232, 1235, 1259, 1276, 1297, 1302, 1317, 1390, 1422, 1432, 1453, 1476, 1502, 1519, 1554, 1566, 1580, 1583, 1616, 1656, 1667, 1680, 1682, 1704, 1721, 1729, 1742, 1764, 1778, 1798, 1837, 1842, 1847, 1867, 1869, 1920, 1937, 1961, 2002, 2004, 2043, 2053, 2064, 2090, 2138, 2140, 2148, 2163, 2165, 2170, 2201, 2203, 2222, 2238, 2240, 2253, 2308, 2311, 2333, 2369, 2379, 2405, 2432, 2440, 2444, 2452, 2455, 2464, 2486, 2491, 2560, 2595, 2615, 2632, 2658, 2755, 2786, 2803, 2834, 2890, 2924, 2926, 3053, 3064, 3085, 3108, 3116, 3142, 3149, 3168, 3194, 3231, 3233, 3254, 3283, 3287, 3325, 3344, 3392, 3396, 3410, 3412, 3416, 3440, 3442, 3448, 3454, 3476, 3482, 3489, 3493, 3507, 3509, 3525, 3533, 3535, 3562, 3568, 3574, 3581, 3583, 3636, 3651, 3656, 3658, 3668, 3673, 3675, 3684, 3725, 3754, 3771, 3776, 3784, 3807, 3809, 3822, 3851, 3878, 3888, 3915, 3949, 3954, 3960, 3968, 3978, 3980, 3982, 3990, 4000, 4002, 4004, 4006, 4008, 4010, 4012, 4014, 4020, 4022, 4024, 4026, 4028, 4032, 4036, 4038, 4042, 4044, 4048, 4052, 4056, 4062, 4066, 4068, 4070, 4072, 4078, 4148, 4200, 4257, 4261, 4389, 4395, 4425, 4459, 4477, 4481, 4505, 4507, 4537, 4565, 4595, 4597, 4599, 4616, 4628, 4653, 4670, 4672, 4682, 4710, 4730, 4735, 4761, 4787, 4804, 4822, 4827, 4857, 4898, 4916, 4942, 4967, 4977, 4985, 5001, 5006, 5013, 5016, 5021, 5071, 5095, 5101, 5103, 5133, 5183, 5205, 5226, 5228, 5236, 5244, 5275, 5281, 5307, 5320, 5335, 5371, 5377, 5382, 5434, 5451, 5466, 5473, 5487, 5492, 5497, 5507, 5568, 5611, 5639, 5671, 5674, 5678, 5690, 5694, 5722, 5808, 5819, 5843, 5863, 5929, 5931, 5933, 5942, 5963, 5987, 6008, 6015, 6027, 6050, 6052, 6061, 6083, 6133, 6163, 6165, 6175, 6180, 6183, 6191, 6207, 6229]",[],"[18, 21, 49, 132, 138, 157, 162, 188, 211, 219, 226, 228, 248, 276, 315, 317, 344, 350, 364, 406, 424, 436, 441, 477, 481, 483, 513, 530, 539, 604, 619, 621, 671, 687, 766, 773, 786, 818, 826, 848, 859, 946, 993, 1002, 1028, 1063, 1086, 1118, 1135, 1158, 1232, 1235, 1259, 1276, 1297, 1302, 1317, 1390, 1422, 1432, 1453, 1476, 1502, 1519, 1554, 1566, 1580, 1583, 1616, 1656, 1667, 1680, 1682, 1704, 1721, 1729, 1742, 1764, 1778, 1798, 1837, 1842, 1847, 1867, 1869, 1920, 1937, 1961, 2002, 2004, 2043, 2053, 2064, 2090, 2138, 2140, 2148, 2163, 2165, 2170, 2201, 2203, 2222, 2238, 2240, 2253, 2308, 2311, 2333, 2369, 2379, 2405, 2432, 2440, 2444, 2452, 2455, 2464, 2486, 2491, 2560, 2595, 2615, 2632, 2658, 2755, 2786, 2803, 2834, 2890, 2924, 2926, 3053, 3064, 3085, 3108, 3116, 3142, 3149, 3168, 3194, 3231, 3233, 3254, 3283, 3287, 3325, 3344, 3392, 3396, 3410, 3412, 3416, 3440, 3442, 3448, 3454, 3476, 3482, 3489, 3493, 3507, 3509, 3525, 3533, 3535, 3562, 3568, 3574, 3581, 3583, 3636, 3651, 3656, 3658, 3668, 3673, 3675, 3684, 3725, 3754, 3771, 3776, 3784, 3807, 3809, 3822, 3851, 3878, 3888, 3915, 3949, 3954, 3960, 3968, 3978, 3980, 3982, 3990, 4000, 4002, 4004, 4006, 4008, 4010, 4012, 4014, 4020, 4022, 4024, 4026, 4028, 4032, 4036, 4038, 4042, 4044, 4048, 4052, 4056, 4062, 4066, 4068, 4070, 4072, 4078, 4148, 4200, 4257, 4261, 4389, 4395, 4425, 4459, 4477, 4481, 4505, 4507, 4537, 4565, 4595, 4597, 4599, 4616, 4628, 4653, 4670, 4672, 4682, 4710, 4730, 4735, 4761, 4787, 4804, 4822, 4827, 4857, 4898, 4916, 4942, 4967, 4977, 4985, 5001, 5006, 5013, 5016, 5021, 5071, 5095, 5101, 5103, 5133, 5183, 5205, 5226, 5228, 5236, 5244, 5275, 5281, 5307, 5320, 5335, 5371, 5377, 5382, 5434, 5451, 5466, 5473, 5487, 5492, 5497, 5507, 5568, 5611, 5639, 5671, 5674, 5678, 5690, 5694, 5722, 5808, 5819, 5843, 5863, 5929, 5931, 5933, 5942, 5963, 5987, 6008, 6015, 6027, 6050, 6052, 6061, 6083, 6133, 6163, 6165, 6175, 6180, 6183, 6191, 6207, 6229]","[1275, 3282, 4476, 4709]",6250,331,5919,0,331,5915,4
-4.0,RATLHB,"[17, 53, 77, 82, 105, 141, 157, 159, 180, 199, 216, 218, 224, 226, 265, 304, 319, 335, 421, 424, 426, 449, 471, 485, 488, 504, 508, 519, 558, 574, 581, 583, 592, 596, 620, 622, 654, 661, 676, 680, 701, 703, 709, 722, 736, 764, 776, 785, 794, 818, 826, 838, 879, 890, 924, 930, 935, 960, 967, 980, 1029, 1056, 1074, 1094, 1096, 1099, 1101, 1131, 1141, 1170, 1180, 1208, 1220, 1231, 1248, 1273, 1285, 1294, 1308, 1344, 1360, 1391, 1456, 1462, 1486, 1498, 1500, 1511, 1531, 1556, 1558, 1570, 1582, 1601, 1613, 1619, 1631, 1637, 1661, 1738, 1740, 1786, 1793]",[],"[17, 53, 77, 82, 105, 141, 157, 159, 180, 199, 216, 218, 224, 226, 265, 304, 319, 335, 421, 424, 426, 449, 471, 485, 488, 504, 508, 519, 558, 574, 581, 583, 592, 596, 620, 622, 654, 661, 676, 680, 701, 703, 709, 722, 736, 764, 776, 785, 794, 818, 826, 838, 879, 890, 924, 930, 935, 960, 967, 980, 1029, 1056, 1074, 1094, 1096, 1099, 1101, 1131, 1141, 1170, 1180, 1208, 1220, 1231, 1248, 1273, 1285, 1294, 1308, 1344, 1360, 1391, 1456, 1462, 1486, 1498, 1500, 1511, 1531, 1556, 1558, 1570, 1582, 1601, 1613, 1619, 1631, 1637, 1661, 1738, 1740, 1786, 1793]","[817, 1230]",1791,103,1688,0,103,1686,2
-4.0,RATLITHOST,"[15, 81, 98, 100, 110, 121, 135, 155, 163, 172, 176, 200, 271, 281, 293, 328, 331, 361, 377, 398, 422, 430, 495, 498, 519, 549, 551, 604, 606, 613, 620, 641, 646, 737, 769, 794, 822, 847, 859, 862, 868, 883, 916, 993, 1010, 1012, 1015, 1024, 1048, 1050, 1064, 1072, 1106, 1137, 1146, 1149, 1186, 1206, 1208, 1210, 1226, 1228, 1244, 1251, 1270, 1277, 1284, 1304, 1318, 1320, 1322, 1324, 1326, 1332, 1338, 1346, 1349, 1353, 1358, 1360, 1362, 1364, 1368, 1370, 1372, 1374, 1376, 1378, 1380, 1382, 1384, 1386, 1388, 1390, 1392, 1394, 1396, 1398, 1400, 1402, 1404, 1406, 1408, 1410, 1441, 1483, 1502, 1533, 1539, 1551, 1601, 1621, 1689, 1739, 1795, 1801, 1882, 1904, 1911, 1920, 1947, 1972, 2003, 2014, 2016, 2018, 2030, 2053, 2083, 2104, 2117, 2131, 2190, 2194, 2217, 2249, 2269, 2275, 2284, 2286, 2302, 2316, 2321, 2325, 2406, 2409, 2451, 2465, 2469, 2497, 2501, 2505, 2526, 2543, 2594, 2601, 2642, 2659, 2705, 2707, 2719, 2727, 2746, 2773, 2829, 2848, 2946, 2950, 2957, 3058, 3060, 3096, 3118, 3131, 3143, 3149, 3159, 3198, 3248, 3250, 3252, 3255, 3261, 3265, 3269, 3274, 3276, 3293, 3320, 3346, 3395, 3404, 3419, 3428, 3472, 3476, 3480, 3490, 3513, 3538, 3548, 3597, 3601, 3644, 3648, 3670, 3706, 3737, 3798, 3800, 3804, 3853, 3856, 3873, 3903, 3907, 3911, 3937, 3943, 3960, 3981, 3984, 3986, 4012, 4023, 4039, 4042, 4045, 4096, 4122, 4126, 4151, 4162, 4175, 4208, 4212, 4230, 4232, 4239, 4252, 4254, 4262, 4297, 4303, 4318, 4329, 4334, 4339, 4342, 4374, 4425, 4429, 4456, 4460, 4485, 4504, 4508, 4563, 4567, 4573, 4600, 4620, 4629, 4631, 4637, 4653, 4673, 4691, 4697, 4702, 4716, 4739, 4768, 4791, 4809, 4828, 4833, 4861, 4864, 4884, 4892, 4923, 4956, 4963, 4992, 5039, 5059, 5063, 5107, 5117, 5148, 5160, 5193, 5217, 5221, 5229, 5233, 5243, 5263, 5282, 5284, 5290, 5292, 5318, 5326, 5336, 5344, 5369, 5398]",[],"[15, 81, 98, 100, 110, 121, 135, 155, 163, 172, 176, 200, 271, 281, 293, 328, 331, 361, 377, 398, 422, 430, 495, 498, 519, 549, 551, 604, 606, 613, 620, 641, 646, 737, 769, 794, 822, 847, 859, 862, 868, 883, 916, 993, 1010, 1012, 1015, 1024, 1048, 1050, 1064, 1072, 1106, 1137, 1146, 1149, 1186, 1206, 1208, 1210, 1226, 1228, 1244, 1251, 1270, 1277, 1284, 1304, 1318, 1320, 1322, 1324, 1326, 1332, 1338, 1346, 1349, 1353, 1358, 1360, 1362, 1364, 1368, 1370, 1372, 1374, 1376, 1378, 1380, 1382, 1384, 1386, 1388, 1390, 1392, 1394, 1396, 1398, 1400, 1402, 1404, 1406, 1408, 1410, 1441, 1483, 1502, 1533, 1539, 1551, 1601, 1621, 1689, 1739, 1795, 1801, 1882, 1904, 1911, 1920, 1947, 1972, 2003, 2014, 2016, 2018, 2030, 2053, 2083, 2104, 2117, 2131, 2190, 2194, 2217, 2249, 2269, 2275, 2284, 2286, 2302, 2316, 2321, 2325, 2406, 2409, 2451, 2465, 2469, 2497, 2501, 2505, 2526, 2543, 2594, 2601, 2642, 2659, 2705, 2707, 2719, 2727, 2746, 2773, 2829, 2848, 2946, 2950, 2957, 3058, 3060, 3096, 3118, 3131, 3143, 3149, 3159, 3198, 3248, 3250, 3252, 3255, 3261, 3265, 3269, 3274, 3276, 3293, 3320, 3346, 3395, 3404, 3419, 3428, 3472, 3476, 3480, 3490, 3513, 3538, 3548, 3597, 3601, 3644, 3648, 3670, 3706, 3737, 3798, 3800, 3804, 3853, 3856, 3873, 3903, 3907, 3911, 3937, 3943, 3960, 3981, 3984, 3986, 4012, 4023, 4039, 4042, 4045, 4096, 4122, 4126, 4151, 4162, 4175, 4208, 4212, 4230, 4232, 4239, 4252, 4254, 4262, 4297, 4303, 4318, 4329, 4334, 4339, 4342, 4374, 4425, 4429, 4456, 4460, 4485, 4504, 4508, 4563, 4567, 4573, 4600, 4620, 4629, 4631, 4637, 4653, 4673, 4691, 4697, 4702, 4716, 4739, 4768, 4791, 4809, 4828, 4833, 4861, 4864, 4884, 4892, 4923, 4956, 4963, 4992, 5039, 5059, 5063, 5107, 5117, 5148, 5160, 5193, 5217, 5221, 5229, 5233, 5243, 5263, 5282, 5284, 5290, 5292, 5318, 5326, 5336, 5344, 5369, 5398]","[2847, 3471, 3902, 4652]",5400,309,5091,0,309,5087,4
-4.0,RATLYSOZYM,"[39, 43, 50, 61, 67, 79, 87, 94, 242, 270, 277, 300, 317, 343, 345, 347, 358, 364, 481, 504, 551, 642, 668, 671, 683, 735, 765, 769, 771, 776, 781, 788, 803, 828, 830, 857, 914, 925, 927, 935, 937, 961, 965, 967, 974, 1018, 1027, 1077, 1083, 1096, 1102, 1163, 1216, 1280, 1323, 1340, 1393, 1408, 1420, 1441, 1449, 1471, 1496, 1500, 1530, 1546, 1562, 1566, 1623, 1654, 1656, 1663, 1665, 1669, 1676, 1678, 1680, 1686, 1708, 1714, 1737, 1759, 1761, 1789, 1802, 1810, 1818, 1875, 1892, 1915, 1921, 1942, 1986, 2034, 2036, 2045, 2060, 2075, 2078, 2080, 2095, 2105, 2138, 2162, 2181, 2187, 2190, 2211, 2215, 2217, 2221, 2225, 2258, 2279, 2298, 2304, 2332, 2390, 2431, 2513, 2551, 2553, 2575, 2583, 2680, 2744, 2751, 2753, 2757, 2766, 2779, 2789, 2803, 2815, 2860, 2945, 2978, 2987, 3031, 3054, 3093, 3095, 3097, 3200, 3202, 3238, 3256, 3270, 3276, 3323, 3378, 3384, 3390, 3426, 3429, 3432, 3434, 3437, 3457, 3469, 3472, 3502, 3516, 3534, 3548, 3557, 3584, 3589, 3602, 3621, 3640, 3685, 3734, 3744, 3751, 3757, 3768, 3778, 3814, 3837, 3853, 3870, 3873, 3886, 3946, 3978, 3990, 4000, 4005, 4019, 4024, 4050, 4060, 4074, 4137, 4187, 4198, 4221, 4228, 4251, 4270, 4311, 4329, 4331, 4333, 4356, 4360, 4368, 4383, 4422, 4432, 4435, 4447, 4451, 4485, 4498, 4520, 4547, 4559, 4566, 4572, 4581, 4589, 4591, 4593, 4644, 4646, 4648, 4675, 4708, 4711, 4785, 4799, 4842, 4844, 4849, 4874, 4890, 4898, 4908, 4912, 4918, 4933, 4957, 4996, 5052, 5055, 5065, 5087, 5132, 5143, 5146, 5175, 5179, 5201, 5210, 5223, 5229, 5246, 5272, 5311, 5319, 5324, 5329, 5340, 5371, 5389, 5444, 5450, 5470, 5508, 5552, 5554, 5556, 5573, 5577, 5582, 5627, 5680, 5683, 5692, 5696, 5726, 5743, 5747, 5754, 5761, 5774, 5816, 5818, 5830, 5837, 5846, 5852, 5854, 5856, 5876, 5895, 5913, 5932, 5954, 5973, 5984, 6008, 6022, 6028, 6043, 6092, 6133, 6165, 6175, 6209, 6246, 6266, 6269, 6271, 6275, 6288, 6306, 6321, 6324, 6359, 6403, 6405, 6421, 6442, 6475, 6483, 6487, 6507, 6514, 6519, 6524, 6540, 6547, 6570, 6612, 6662, 6696, 6699, 6721, 6723, 6725]",[],"[39, 43, 50, 61, 67, 79, 87, 94, 242, 270, 277, 300, 317, 343, 345, 347, 358, 364, 481, 504, 551, 642, 668, 671, 683, 735, 765, 769, 771, 776, 781, 788, 803, 828, 830, 857, 914, 925, 927, 935, 937, 961, 965, 967, 974, 1018, 1027, 1077, 1083, 1096, 1102, 1163, 1216, 1280, 1323, 1340, 1393, 1408, 1420, 1441, 1449, 1471, 1496, 1500, 1530, 1546, 1562, 1566, 1623, 1654, 1656, 1663, 1665, 1669, 1676, 1678, 1680, 1686, 1708, 1714, 1737, 1759, 1761, 1789, 1802, 1810, 1818, 1875, 1892, 1915, 1921, 1942, 1986, 2034, 2036, 2045, 2060, 2075, 2078, 2080, 2095, 2105, 2138, 2162, 2181, 2187, 2190, 2211, 2215, 2217, 2221, 2225, 2258, 2279, 2298, 2304, 2332, 2390, 2431, 2513, 2551, 2553, 2575, 2583, 2680, 2744, 2751, 2753, 2757, 2766, 2779, 2789, 2803, 2815, 2860, 2945, 2978, 2987, 3031, 3054, 3093, 3095, 3097, 3200, 3202, 3238, 3256, 3270, 3276, 3323, 3378, 3384, 3390, 3426, 3429, 3432, 3434, 3437, 3457, 3469, 3472, 3502, 3516, 3534, 3548, 3557, 3584, 3589, 3602, 3621, 3640, 3685, 3734, 3744, 3751, 3757, 3768, 3778, 3814, 3837, 3853, 3870, 3873, 3886, 3946, 3978, 3990, 4000, 4005, 4019, 4024, 4050, 4060, 4074, 4137, 4187, 4198, 4221, 4228, 4251, 4270, 4311, 4329, 4331, 4333, 4356, 4360, 4368, 4383, 4422, 4432, 4435, 4447, 4451, 4485, 4498, 4520, 4547, 4559, 4566, 4572, 4581, 4589, 4591, 4593, 4644, 4646, 4648, 4675, 4708, 4711, 4785, 4799, 4842, 4844, 4849, 4874, 4890, 4898, 4908, 4912, 4918, 4933, 4957, 4996, 5052, 5055, 5065, 5087, 5132, 5143, 5146, 5175, 5179, 5201, 5210, 5223, 5229, 5246, 5272, 5311, 5319, 5324, 5329, 5340, 5371, 5389, 5444, 5450, 5470, 5508, 5552, 5554, 5556, 5573, 5577, 5582, 5627, 5680, 5683, 5692, 5696, 5726, 5743, 5747, 5754, 5761, 5774, 5816, 5818, 5830, 5837, 5846, 5852, 5854, 5856, 5876, 5895, 5913, 5932, 5954, 5973, 5984, 6008, 6022, 6028, 6043, 6092, 6133, 6165, 6175, 6209, 6246, 6266, 6269, 6271, 6275, 6288, 6306, 6321, 6324, 6359, 6403, 6405, 6421, 6442, 6475, 6483, 6487, 6507, 6514, 6519, 6524, 6540, 6547, 6570, 6612, 6662, 6696, 6699, 6721, 6723, 6725]","[1561, 3255, 5174]",6733,343,6390,0,343,6387,3
-4.0,RATLYSZYM,"[7, 49, 78, 114, 123, 140, 146, 158, 167, 196, 198, 217, 264, 267, 279, 307, 320, 324, 369, 406, 421, 433, 454, 462, 484, 496, 509, 513, 533, 554, 559, 575, 579, 606, 636, 667, 669, 676, 678, 682, 689, 691, 693, 699, 721, 727, 750, 772, 774, 802, 815, 823, 831, 888, 905, 928, 934, 955, 957, 1008, 1033, 1039, 1045, 1050, 1065, 1080, 1083, 1093, 1100, 1109, 1130, 1136, 1214, 1241, 1257, 1269, 1272, 1281, 1297, 1299, 1311, 1315, 1347, 1354, 1360, 1362, 1365, 1367, 1369, 1379, 1393, 1401, 1403, 1444, 1446, 1489, 1501, 1503, 1550, 1571, 1574, 1581, 1595, 1603, 1611, 1617, 1619, 1668, 1672, 1682, 1684, 1686, 1688, 1690, 1692, 1694, 1696, 1698, 1700, 1702, 1704, 1706, 1708, 1710, 1712, 1714, 1716, 1718, 1720, 1762, 1788, 1796, 1816, 1826, 1880, 1904, 1914, 1952, 2017, 2020, 2074, 2076, 2091, 2102, 2118, 2121, 2135, 2138, 2141, 2144, 2151, 2161, 2166, 2171, 2187, 2197, 2283, 2347, 2376, 2396, 2398, 2437, 2456, 2475, 2535, 2544, 2559, 2604, 2607, 2619, 2621, 2661, 2665, 2667, 2677, 2706, 2719, 2727, 2729, 2742, 2749, 2764, 2772, 2835, 2837, 2909, 2913, 2917, 2938, 2955, 2964, 2971, 3007, 3009, 3025, 3032, 3046, 3058, 3070, 3098, 3120, 3171, 3197, 3207, 3257, 3261, 3279, 3290, 3295, 3301, 3310, 3323, 3359, 3394, 3438, 3440, 3452, 3485, 3489, 3492, 3494, 3503, 3506, 3521, 3531, 3540, 3543, 3586, 3690, 3704, 3719, 3733, 3747, 3784, 3787, 3799, 3807, 3823, 3831, 3841, 3864, 3888, 3899, 3909, 3925, 3971, 4062, 4066, 4068, 4079, 4087, 4130, 4132, 4150, 4235, 4237, 4263, 4273, 4291, 4305, 4311, 4358, 4414, 4420, 4426, 4462, 4465, 4468, 4470, 4473, 4493, 4505, 4508, 4538, 4552, 4570, 4584, 4593, 4620, 4625, 4638, 4657, 4676, 4721, 4771, 4781, 4788, 4794, 4805, 4815, 4874, 4890, 4907, 4910, 4923, 4983, 5015, 5027, 5037, 5042, 5056, 5061, 5075, 5080, 5106, 5116, 5130, 5193, 5243, 5254, 5277, 5284, 5307, 5326, 5367, 5385, 5387, 5389, 5412, 5416, 5424, 5439, 5478, 5488, 5491, 5503, 5507, 5541, 5554, 5576, 5603, 5615, 5622, 5628, 5637, 5645, 5647, 5649, 5700, 5702, 5704, 5731, 5764, 5767, 5841, 5855, 5898, 5900, 5905, 5930, 5946, 5954, 5964, 5968, 5974, 5989, 6013, 6052, 6108, 6111, 6121, 6143, 6188, 6199, 6202, 6231, 6235, 6257, 6266, 6279, 6285, 6302, 6328, 6367, 6375, 6380, 6385, 6396, 6427, 6445, 6500, 6506, 6526, 6564, 6608, 6610, 6612, 6629, 6633, 6638, 6683, 6735, 6738, 6747, 6751, 6781, 6798, 6802, 6809, 6816, 6829, 6871, 6873, 6885, 6892, 6901, 6907, 6909, 6911, 6931, 6950, 6968, 6987, 7009, 7028, 7039, 7063, 7077, 7083, 7098, 7147, 7188, 7220, 7230, 7264, 7301, 7321, 7324, 7326, 7330, 7343, 7361, 7376, 7379, 7416, 7460, 7462, 7499, 7532, 7540, 7544, 7564, 7571, 7576, 7581, 7597, 7604, 7616, 7627, 7669, 7719, 7753, 7756, 7778, 7780, 7782, 7796, 7814, 7886, 7888, 7896, 7906, 7914, 7918, 7920, 7922, 7927]",[],"[7, 49, 78, 114, 123, 140, 146, 158, 167, 196, 198, 217, 264, 267, 279, 307, 320, 324, 369, 406, 421, 433, 454, 462, 484, 496, 509, 513, 533, 554, 559, 575, 579, 606, 636, 667, 669, 676, 678, 682, 689, 691, 693, 699, 721, 727, 750, 772, 774, 802, 815, 823, 831, 888, 905, 928, 934, 955, 957, 1008, 1033, 1039, 1045, 1050, 1065, 1080, 1083, 1093, 1100, 1109, 1130, 1136, 1214, 1241, 1257, 1269, 1272, 1281, 1297, 1299, 1311, 1315, 1347, 1354, 1360, 1362, 1365, 1367, 1369, 1379, 1393, 1401, 1403, 1444, 1446, 1489, 1501, 1503, 1550, 1571, 1574, 1581, 1595, 1603, 1611, 1617, 1619, 1668, 1672, 1682, 1684, 1686, 1688, 1690, 1692, 1694, 1696, 1698, 1700, 1702, 1704, 1706, 1708, 1710, 1712, 1714, 1716, 1718, 1720, 1762, 1788, 1796, 1816, 1826, 1880, 1904, 1914, 1952, 2017, 2020, 2074, 2076, 2091, 2102, 2118, 2121, 2135, 2138, 2141, 2144, 2151, 2161, 2166, 2171, 2187, 2197, 2283, 2347, 2376, 2396, 2398, 2437, 2456, 2475, 2535, 2544, 2559, 2604, 2607, 2619, 2621, 2661, 2665, 2667, 2677, 2706, 2719, 2727, 2729, 2742, 2749, 2764, 2772, 2835, 2837, 2909, 2913, 2917, 2938, 2955, 2964, 2971, 3007, 3009, 3025, 3032, 3046, 3058, 3070, 3098, 3120, 3171, 3197, 3207, 3257, 3261, 3279, 3290, 3295, 3301, 3310, 3323, 3359, 3394, 3438, 3440, 3452, 3485, 3489, 3492, 3494, 3503, 3506, 3521, 3531, 3540, 3543, 3586, 3690, 3704, 3719, 3733, 3747, 3784, 3787, 3799, 3807, 3823, 3831, 3841, 3864, 3888, 3899, 3909, 3925, 3971, 4062, 4066, 4068, 4079, 4087, 4130, 4132, 4150, 4235, 4237, 4263, 4273, 4291, 4305, 4311, 4358, 4414, 4420, 4426, 4462, 4465, 4468, 4470, 4473, 4493, 4505, 4508, 4538, 4552, 4570, 4584, 4593, 4620, 4625, 4638, 4657, 4676, 4721, 4771, 4781, 4788, 4794, 4805, 4815, 4874, 4890, 4907, 4910, 4923, 4983, 5015, 5027, 5037, 5042, 5056, 5061, 5075, 5080, 5106, 5116, 5130, 5193, 5243, 5254, 5277, 5284, 5307, 5326, 5367, 5385, 5387, 5389, 5412, 5416, 5424, 5439, 5478, 5488, 5491, 5503, 5507, 5541, 5554, 5576, 5603, 5615, 5622, 5628, 5637, 5645, 5647, 5649, 5700, 5702, 5704, 5731, 5764, 5767, 5841, 5855, 5898, 5900, 5905, 5930, 5946, 5954, 5964, 5968, 5974, 5989, 6013, 6052, 6108, 6111, 6121, 6143, 6188, 6199, 6202, 6231, 6235, 6257, 6266, 6279, 6285, 6302, 6328, 6367, 6375, 6380, 6385, 6396, 6427, 6445, 6500, 6506, 6526, 6564, 6608, 6610, 6612, 6629, 6633, 6638, 6683, 6735, 6738, 6747, 6751, 6781, 6798, 6802, 6809, 6816, 6829, 6871, 6873, 6885, 6892, 6901, 6907, 6909, 6911, 6931, 6950, 6968, 6987, 7009, 7028, 7039, 7063, 7077, 7083, 7098, 7147, 7188, 7220, 7230, 7264, 7301, 7321, 7324, 7326, 7330, 7343, 7361, 7376, 7379, 7416, 7460, 7462, 7499, 7532, 7540, 7544, 7564, 7571, 7576, 7581, 7597, 7604, 7616, 7627, 7669, 7719, 7753, 7756, 7778, 7780, 7782, 7796, 7814, 7886, 7888, 7896, 7906, 7914, 7918, 7920, 7922, 7927]","[574, 4290, 6230]",7944,467,7477,0,467,7474,3
-4.0,RATOSCAL,"[40, 55, 80, 94, 127, 140, 147, 178, 180, 214, 262, 274, 287, 297, 320, 325, 327, 383, 400, 426, 431, 457, 476, 570, 642, 677, 726, 736, 740, 764, 796, 813, 847, 853, 877, 889, 913, 955, 979, 1060, 1073, 1091, 1109, 1193, 1197, 1208, 1240, 1328, 1341, 1363, 1374, 1420, 1452, 1458, 1460, 1500, 1508, 1524, 1541, 1546, 1549, 1587, 1591, 1634, 1644, 1647, 1654, 1657, 1677, 1706, 1711, 1720, 1722, 1724, 1726, 1735, 1737, 1741, 1755, 1761, 1829, 1831, 1833, 1851, 1913, 1924, 1926, 1987, 2009, 2039, 2055, 2066, 2070, 2077, 2080, 2083, 2086, 2092, 2109]",[],"[40, 55, 80, 94, 127, 140, 147, 178, 180, 214, 262, 274, 287, 297, 320, 325, 327, 383, 400, 426, 431, 457, 476, 570, 642, 677, 726, 736, 740, 764, 796, 813, 847, 853, 877, 889, 913, 955, 979, 1060, 1073, 1091, 1109, 1193, 1197, 1208, 1240, 1328, 1341, 1363, 1374, 1420, 1452, 1458, 1460, 1500, 1508, 1524, 1541, 1546, 1549, 1587, 1591, 1634, 1644, 1647, 1654, 1657, 1677, 1706, 1711, 1720, 1722, 1724, 1726, 1735, 1737, 1741, 1755, 1761, 1829, 1831, 1833, 1851, 1913, 1924, 1926, 1987, 2009, 2039, 2055, 2066, 2070, 2077, 2080, 2083, 2086, 2092, 2109]","[1192, 1373, 1586]",2120,99,2021,0,99,2018,3
-4.0,RATPAP,"[16, 20, 43, 64, 69, 93, 100, 118, 132, 140, 156, 173, 179, 268, 271, 308, 311, 328, 367, 390, 420, 429, 437, 443, 445, 483, 496, 502, 510, 526, 542, 546, 625, 629, 634, 638, 642, 663, 667, 677, 755, 856, 864, 922, 943, 956, 958, 985, 987, 1002, 1016, 1018, 1025, 1049, 1077, 1099, 1102, 1114, 1155, 1191, 1219, 1224, 1247, 1309, 1319, 1343, 1345, 1349, 1351, 1374, 1457, 1479, 1503, 1516, 1532, 1541, 1549, 1553, 1567, 1575, 1597, 1602, 1642, 1649, 1662, 1676, 1685, 1703, 1710, 1716, 1738, 1755, 1768, 1786, 1789, 1796, 1804, 1807, 1811, 1815, 1821, 1834, 1857, 1866, 1921, 1961, 1966, 2019, 2023, 2053, 2216, 2262, 2283, 2296, 2300, 2322, 2339, 2344, 2359, 2368, 2394, 2420, 2428, 2433, 2454, 2500, 2506, 2515, 2545, 2605, 2624, 2648, 2720, 2730, 2733, 2738, 2741, 2743, 2779, 2804, 2833, 2837, 2847, 2984, 2999, 3002, 3008, 3010, 3024, 3049, 3051, 3091, 3104, 3180, 3198, 3208, 3213, 3236, 3282, 3292, 3306, 3373, 3380, 3382, 3424, 3433, 3447, 3487, 3511, 3527, 3571, 3575, 3577, 3629, 3636, 3668, 3716, 3720, 3726, 3731, 3739, 3742, 3769, 3778, 3781, 3817, 3844, 3849, 3856, 3861, 3864, 3868, 3887, 3909, 3934, 3940, 3977, 3982, 3988, 3994, 4007, 4027, 4029, 4038, 4044, 4078, 4086, 4106, 4151, 4153, 4157, 4182, 4189, 4201, 4241, 4246, 4251, 4261, 4277, 4307, 4311, 4328, 4355, 4364, 4366, 4380, 4418, 4424, 4427, 4429, 4437, 4450, 4463, 4480, 4482, 4506, 4508, 4527, 4529, 4537, 4545, 4582, 4585, 4622, 4630, 4656, 4686, 4697, 4705, 4736, 4814, 4839, 4845]",[],"[16, 20, 43, 64, 69, 93, 100, 118, 132, 140, 156, 173, 179, 268, 271, 308, 311, 328, 367, 390, 420, 429, 437, 443, 445, 483, 496, 502, 510, 526, 542, 546, 625, 629, 634, 638, 642, 663, 667, 677, 755, 856, 864, 922, 943, 956, 958, 985, 987, 1002, 1016, 1018, 1025, 1049, 1077, 1099, 1102, 1114, 1155, 1191, 1219, 1224, 1247, 1309, 1319, 1343, 1345, 1349, 1351, 1374, 1457, 1479, 1503, 1516, 1532, 1541, 1549, 1553, 1567, 1575, 1597, 1602, 1642, 1649, 1662, 1676, 1685, 1703, 1710, 1716, 1738, 1755, 1768, 1786, 1789, 1796, 1804, 1807, 1811, 1815, 1821, 1834, 1857, 1866, 1921, 1961, 1966, 2019, 2023, 2053, 2216, 2262, 2283, 2296, 2300, 2322, 2339, 2344, 2359, 2368, 2394, 2420, 2428, 2433, 2454, 2500, 2506, 2515, 2545, 2605, 2624, 2648, 2720, 2730, 2733, 2738, 2741, 2743, 2779, 2804, 2833, 2837, 2847, 2984, 2999, 3002, 3008, 3010, 3024, 3049, 3051, 3091, 3104, 3180, 3198, 3208, 3213, 3236, 3282, 3292, 3306, 3373, 3380, 3382, 3424, 3433, 3447, 3487, 3511, 3527, 3571, 3575, 3577, 3629, 3636, 3668, 3716, 3720, 3726, 3731, 3739, 3742, 3769, 3778, 3781, 3817, 3844, 3849, 3856, 3861, 3864, 3868, 3887, 3909, 3934, 3940, 3977, 3982, 3988, 3994, 4007, 4027, 4029, 4038, 4044, 4078, 4086, 4106, 4151, 4153, 4157, 4182, 4189, 4201, 4241, 4246, 4251, 4261, 4277, 4307, 4311, 4328, 4355, 4364, 4366, 4380, 4418, 4424, 4427, 4429, 4437, 4450, 4463, 4480, 4482, 4506, 4508, 4527, 4529, 4537, 4545, 4582, 4585, 4622, 4630, 4656, 4686, 4697, 4705, 4736, 4814, 4839, 4845]","[1308, 1648, 2295, 2604, 3305]",4864,253,4611,0,253,4606,5
-4.0,RATPAPIIB,"[26, 28, 46, 57, 90, 116, 118, 123, 139, 172, 229, 231, 239, 291, 301, 311, 334, 345, 357, 359, 381, 395, 409, 421, 445, 463, 475, 539, 541, 558, 566, 570, 573, 584, 621, 627, 634, 653, 661, 664, 669, 688, 813, 815, 821, 827, 845, 905, 913, 944, 964, 976, 1010, 1018, 1025, 1042, 1089, 1095, 1102, 1111, 1115, 1130, 1197, 1219, 1221, 1237, 1286, 1288, 1348, 1372, 1380, 1387, 1413, 1446, 1450, 1452, 1458, 1460, 1467, 1485, 1488, 1496, 1511, 1514, 1519, 1524, 1527, 1575, 1598, 1605, 1613, 1625, 1630, 1648, 1696, 1723, 1725, 1727, 1731, 1737, 1750, 1786, 1874, 1878, 1883, 1917, 1921, 1927, 1998, 2034, 2044, 2054, 2124, 2126, 2165, 2173, 2179, 2195, 2202, 2236, 2240, 2253, 2255, 2279, 2292, 2299, 2303, 2333, 2337, 2339, 2362, 2364, 2374, 2381, 2384, 2397, 2455, 2462, 2464, 2468, 2470, 2487, 2495, 2506, 2533, 2537, 2543, 2551, 2600, 2602, 2614, 2616, 2623, 2689, 2694, 2699, 2702, 2706, 2746, 2752, 2756, 2781, 2818, 2864, 2881, 2886, 2894, 2899, 2909, 2938, 2954, 2966, 3022, 3042, 3088, 3108, 3128, 3141, 3143, 3145, 3155, 3180, 3190, 3212, 3229, 3232, 3237, 3249, 3262, 3307, 3369, 3371, 3382, 3388, 3402, 3404, 3414, 3426, 3474, 3495, 3516, 3539, 3546, 3550, 3552, 3559, 3574, 3578, 3588, 3612, 3624, 3635, 3702, 3730, 3814, 3818, 3822, 3835, 3839, 3842, 3855, 3861, 3881, 3902, 3923, 3931, 3945, 3975, 3982, 4000, 4010, 4015, 4026, 4068, 4075, 4078, 4084, 4090, 4108, 4149, 4169, 4207, 4217, 4219, 4230, 4236, 4298, 4307, 4328, 4330, 4348, 4357, 4374, 4379, 4394, 4402, 4411, 4431, 4444, 4450, 4462, 4477, 4491, 4510, 4537, 4568, 4573, 4631, 4633, 4664, 4672, 4675, 4689, 4712]",[],"[26, 28, 46, 57, 90, 116, 118, 123, 139, 172, 229, 231, 239, 291, 301, 311, 334, 345, 357, 359, 381, 395, 409, 421, 445, 463, 475, 539, 541, 558, 566, 570, 573, 584, 621, 627, 634, 653, 661, 664, 669, 688, 813, 815, 821, 827, 845, 905, 913, 944, 964, 976, 1010, 1018, 1025, 1042, 1089, 1095, 1102, 1111, 1115, 1130, 1197, 1219, 1221, 1237, 1286, 1288, 1348, 1372, 1380, 1387, 1413, 1446, 1450, 1452, 1458, 1460, 1467, 1485, 1488, 1496, 1511, 1514, 1519, 1524, 1527, 1575, 1598, 1605, 1613, 1625, 1630, 1648, 1696, 1723, 1725, 1727, 1731, 1737, 1750, 1786, 1874, 1878, 1883, 1917, 1921, 1927, 1998, 2034, 2044, 2054, 2124, 2126, 2165, 2173, 2179, 2195, 2202, 2236, 2240, 2253, 2255, 2279, 2292, 2299, 2303, 2333, 2337, 2339, 2362, 2364, 2374, 2381, 2384, 2397, 2455, 2462, 2464, 2468, 2470, 2487, 2495, 2506, 2533, 2537, 2543, 2551, 2600, 2602, 2614, 2616, 2623, 2689, 2694, 2699, 2702, 2706, 2746, 2752, 2756, 2781, 2818, 2864, 2881, 2886, 2894, 2899, 2909, 2938, 2954, 2966, 3022, 3042, 3088, 3108, 3128, 3141, 3143, 3145, 3155, 3180, 3190, 3212, 3229, 3232, 3237, 3249, 3262, 3307, 3369, 3371, 3382, 3388, 3402, 3404, 3414, 3426, 3474, 3495, 3516, 3539, 3546, 3550, 3552, 3559, 3574, 3578, 3588, 3612, 3624, 3635, 3702, 3730, 3814, 3818, 3822, 3835, 3839, 3842, 3855, 3861, 3881, 3902, 3923, 3931, 3945, 3975, 3982, 4000, 4010, 4015, 4026, 4068, 4075, 4078, 4084, 4090, 4108, 4149, 4169, 4207, 4217, 4219, 4230, 4236, 4298, 4307, 4328, 4330, 4348, 4357, 4374, 4379, 4394, 4402, 4411, 4431, 4444, 4450, 4462, 4477, 4491, 4510, 4537, 4568, 4573, 4631, 4633, 4664, 4672, 4675, 4689, 4712]","[2298, 3140, 3473, 4107]",4718,274,4444,0,274,4440,4
-4.0,RATPPP,"[14, 36, 42, 45, 89, 119, 126, 129, 131, 133, 135, 137, 140, 147, 150, 157, 159, 279, 298, 307, 311, 376, 379, 442, 472, 488, 500, 506, 557, 576, 614, 616, 649, 662, 741, 770, 822, 831, 838, 861, 864, 892, 904, 913, 915, 945, 956, 993, 1022, 1042, 1085, 1134, 1144, 1147, 1160, 1162, 1191, 1199, 1210, 1230, 1236, 1250, 1274, 1288, 1297, 1323, 1328, 1338, 1351, 1359, 1361, 1393, 1407, 1416, 1442, 1486, 1498, 1502, 1504, 1510, 1539, 1543, 1577, 1587, 1607, 1614, 1643, 1698, 1711, 1719, 1728, 1737, 1739, 1751, 1754, 1799, 1806, 1811, 1813, 1820, 1833, 1846, 1856, 1871, 1894, 1896, 1898, 1906, 1908, 1914, 1932, 1943, 1953, 1979, 1981, 1984, 1988, 1991, 1993, 2003, 2007, 2024, 2039, 2041, 2077, 2100, 2119, 2147, 2175, 2262, 2272, 2274, 2276, 2278, 2280, 2282, 2284, 2286, 2288, 2290, 2292, 2294, 2296, 2298, 2300, 2302, 2304, 2306, 2308, 2310, 2312, 2314, 2316, 2318, 2320, 2322, 2383, 2385, 2412, 2437, 2452, 2522, 2526, 2564, 2603, 2622, 2636, 2676, 2690, 2711, 2719, 2795, 2797, 2799, 2801, 2803, 2805, 2807, 2809, 2811, 2813, 2815, 2817, 2819, 2821, 2827, 2829, 2854, 2856, 2858, 2860, 2862, 2878, 2880, 2882, 2884, 2886, 2888, 2890, 2892, 2894, 2896, 2898, 2900, 2902, 2904, 2928, 2933, 2951, 2969, 2985, 2987, 2991, 2997, 3027, 3030, 3032, 3066, 3070, 3079, 3148, 3158, 3202, 3217, 3258, 3271, 3291, 3299, 3339, 3348, 3352, 3394, 3404, 3460, 3462, 3473, 3481, 3501, 3521, 3552, 3567, 3569, 3571, 3573, 3575, 3577, 3579, 3581, 3583, 3585, 3587, 3589, 3591, 3593, 3595, 3597, 3599, 3601, 3603, 3605, 3607, 3632, 3636, 3729, 3733, 3738, 3742, 3766, 3772, 3779, 3786, 3791, 3793, 3836, 3842, 3873, 3877, 3885, 3894, 3896, 3905, 3923, 3940, 3950, 3963, 3965, 3983, 3992, 3998, 4008, 4013, 4019, 4027, 4044, 4053, 4055, 4064, 4075, 4098, 4105, 4121, 4128, 4131, 4134, 4144, 4146, 4150, 4227, 4293, 4319, 4321, 4323, 4328, 4330, 4368, 4390, 4401, 4415, 4438, 4440, 4465, 4476, 4486, 4499, 4520, 4537]",[],"[14, 36, 42, 45, 89, 119, 126, 129, 131, 133, 135, 137, 140, 147, 150, 157, 159, 279, 298, 307, 311, 376, 379, 442, 472, 488, 500, 506, 557, 576, 614, 616, 649, 662, 741, 770, 822, 831, 838, 861, 864, 892, 904, 913, 915, 945, 956, 993, 1022, 1042, 1085, 1134, 1144, 1147, 1160, 1162, 1191, 1199, 1210, 1230, 1236, 1250, 1274, 1288, 1297, 1323, 1328, 1338, 1351, 1359, 1361, 1393, 1407, 1416, 1442, 1486, 1498, 1502, 1504, 1510, 1539, 1543, 1577, 1587, 1607, 1614, 1643, 1698, 1711, 1719, 1728, 1737, 1739, 1751, 1754, 1799, 1806, 1811, 1813, 1820, 1833, 1846, 1856, 1871, 1894, 1896, 1898, 1906, 1908, 1914, 1932, 1943, 1953, 1979, 1981, 1984, 1988, 1991, 1993, 2003, 2007, 2024, 2039, 2041, 2077, 2100, 2119, 2147, 2175, 2262, 2272, 2274, 2276, 2278, 2280, 2282, 2284, 2286, 2288, 2290, 2292, 2294, 2296, 2298, 2300, 2302, 2304, 2306, 2308, 2310, 2312, 2314, 2316, 2318, 2320, 2322, 2383, 2385, 2412, 2437, 2452, 2522, 2526, 2564, 2603, 2622, 2636, 2676, 2690, 2711, 2719, 2795, 2797, 2799, 2801, 2803, 2805, 2807, 2809, 2811, 2813, 2815, 2817, 2819, 2821, 2827, 2829, 2854, 2856, 2858, 2860, 2862, 2878, 2880, 2882, 2884, 2886, 2888, 2890, 2892, 2894, 2896, 2898, 2900, 2902, 2904, 2928, 2933, 2951, 2969, 2985, 2987, 2991, 2997, 3027, 3030, 3032, 3066, 3070, 3079, 3148, 3158, 3202, 3217, 3258, 3271, 3291, 3299, 3339, 3348, 3352, 3394, 3404, 3460, 3462, 3473, 3481, 3501, 3521, 3552, 3567, 3569, 3571, 3573, 3575, 3577, 3579, 3581, 3583, 3585, 3587, 3589, 3591, 3593, 3595, 3597, 3599, 3601, 3603, 3605, 3607, 3632, 3636, 3729, 3733, 3738, 3742, 3766, 3772, 3779, 3786, 3791, 3793, 3836, 3842, 3873, 3877, 3885, 3894, 3896, 3905, 3923, 3940, 3950, 3963, 3965, 3983, 3992, 3998, 4008, 4013, 4019, 4027, 4044, 4053, 4055, 4064, 4075, 4098, 4105, 4121, 4128, 4131, 4134, 4144, 4146, 4150, 4227, 4293, 4319, 4321, 4323, 4328, 4330, 4368, 4390, 4401, 4415, 4438, 4440, 4465, 4476, 4486, 4499, 4520, 4537]",[2261],4535,326,4209,0,326,4208,1
-4.0,RATPTBZR02,"[83, 119, 121, 123, 125, 127, 131, 142, 151, 157, 177, 183, 189, 204, 225, 255, 327, 341, 356, 375, 377, 381, 383, 385, 389, 391, 393, 395, 397, 399, 401, 403, 407, 409, 413, 415, 417, 419, 421, 423, 425, 427, 429, 431, 433, 435, 437, 439, 441, 443, 445, 447, 449, 451, 453, 455, 457, 459, 461, 463, 471, 496, 520, 524, 538, 547, 560, 611, 620, 629, 645, 664, 670, 674, 678, 680, 728, 732, 738, 776, 834, 840, 872, 893, 899, 910, 914, 925, 950, 952, 955, 966, 993, 1001, 1029, 1039, 1052, 1054, 1082, 1084, 1113, 1127, 1140, 1149, 1164, 1200, 1204, 1207, 1223, 1292, 1307, 1311, 1314, 1320, 1324, 1333, 1336, 1359, 1402, 1410, 1432, 1435, 1464, 1503, 1521, 1528, 1536, 1540, 1542, 1595, 1603, 1621, 1623, 1626, 1653, 1661, 1691, 1702, 1728, 1746, 1754, 1765, 1768, 1829, 1833, 1854, 1860, 1862, 1865, 1878, 1914, 1917, 1921, 1928, 1963, 1983, 1993, 2005, 2047, 2067, 2071, 2079, 2096, 2124, 2146, 2150, 2160, 2163, 2174, 2196, 2201, 2205, 2210, 2215, 2226, 2229, 2252, 2264, 2296, 2302, 2309, 2311, 2352, 2366, 2372, 2376, 2405, 2408, 2410, 2433, 2440, 2442, 2479, 2496, 2510, 2517, 2543, 2548, 2561, 2574, 2581, 2599, 2609, 2616, 2620, 2644, 2646, 2659, 2665, 2707, 2710, 2720, 2761, 2763, 2777, 2867, 2932, 2947, 2951, 2956, 2989, 3015, 3064, 3071, 3083, 3111, 3162, 3168, 3201, 3210, 3233, 3237, 3243, 3246, 3250, 3257, 3273, 3276, 3304, 3341, 3359, 3361, 3374, 3381, 3385, 3413, 3430]",[],"[83, 119, 121, 123, 125, 127, 131, 142, 151, 157, 177, 183, 189, 204, 225, 255, 327, 341, 356, 375, 377, 381, 383, 385, 389, 391, 393, 395, 397, 399, 401, 403, 407, 409, 413, 415, 417, 419, 421, 423, 425, 427, 429, 431, 433, 435, 437, 439, 441, 443, 445, 447, 449, 451, 453, 455, 457, 459, 461, 463, 471, 496, 520, 524, 538, 547, 560, 611, 620, 629, 645, 664, 670, 674, 678, 680, 728, 732, 738, 776, 834, 840, 872, 893, 899, 910, 914, 925, 950, 952, 955, 966, 993, 1001, 1029, 1039, 1052, 1054, 1082, 1084, 1113, 1127, 1140, 1149, 1164, 1200, 1204, 1207, 1223, 1292, 1307, 1311, 1314, 1320, 1324, 1333, 1336, 1359, 1402, 1410, 1432, 1435, 1464, 1503, 1521, 1528, 1536, 1540, 1542, 1595, 1603, 1621, 1623, 1626, 1653, 1661, 1691, 1702, 1728, 1746, 1754, 1765, 1768, 1829, 1833, 1854, 1860, 1862, 1865, 1878, 1914, 1917, 1921, 1928, 1963, 1983, 1993, 2005, 2047, 2067, 2071, 2079, 2096, 2124, 2146, 2150, 2160, 2163, 2174, 2196, 2201, 2205, 2210, 2215, 2226, 2229, 2252, 2264, 2296, 2302, 2309, 2311, 2352, 2366, 2372, 2376, 2405, 2408, 2410, 2433, 2440, 2442, 2479, 2496, 2510, 2517, 2543, 2548, 2561, 2574, 2581, 2599, 2609, 2616, 2620, 2644, 2646, 2659, 2665, 2707, 2710, 2720, 2761, 2763, 2777, 2867, 2932, 2947, 2951, 2956, 2989, 3015, 3064, 3071, 3083, 3111, 3162, 3168, 3201, 3210, 3233, 3237, 3243, 3246, 3250, 3257, 3273, 3276, 3304, 3341, 3359, 3361, 3374, 3381, 3385, 3413, 3430]","[1306, 2066]",3427,247,3180,0,247,3178,2
-4.0,RATRGPI,"[18, 26, 35, 39, 63, 134, 144, 156, 191, 194, 224, 240, 262, 287, 295, 360, 363, 384, 414, 416, 469, 471, 478, 485, 506, 511, 602, 634, 659, 687, 712, 724, 727, 733, 748, 781, 858, 875, 877, 880, 889, 913, 915, 929, 937, 971, 1002, 1011, 1014, 1051, 1071, 1073, 1075, 1091, 1093, 1109, 1116, 1135, 1142, 1149, 1169, 1183, 1185, 1187, 1189, 1191, 1197, 1203, 1211, 1214, 1218, 1223, 1225, 1227, 1229, 1233, 1235, 1237, 1239, 1241, 1243, 1245, 1247, 1249, 1251, 1253, 1255, 1257, 1259, 1261, 1263, 1265, 1267, 1269, 1271, 1273, 1275, 1306, 1348, 1367, 1398, 1404, 1416, 1466, 1486, 1554, 1604, 1660, 1666, 1747, 1770, 1777, 1786, 1813, 1838, 1869, 1880, 1882, 1884, 1896, 1919, 1949, 1970, 1983, 1997, 2056, 2060, 2083, 2115, 2135, 2141, 2150, 2152, 2168, 2182, 2187, 2191, 2272, 2316, 2330, 2334, 2362, 2366, 2370, 2391, 2408, 2459, 2466, 2507, 2524, 2570, 2572, 2584, 2592, 2611, 2638, 2694, 2713, 2812, 2816, 2823, 2925, 2927, 2963, 2985, 2999, 3011, 3017, 3027, 3066, 3116, 3118, 3120, 3123, 3129, 3133, 3137, 3142, 3144, 3161, 3188, 3214, 3263, 3272, 3287, 3296, 3340, 3344, 3348, 3358, 3381, 3406, 3416, 3465, 3469, 3512, 3516, 3538, 3574, 3605, 3666, 3668, 3672, 3721, 3724, 3741, 3771, 3775, 3779, 3805, 3811, 3828, 3849, 3852, 3854, 3880, 3891, 3907, 3910, 3913, 3964, 3990, 3994, 4019, 4030, 4043, 4076, 4080, 4098, 4100, 4107, 4120, 4122, 4130, 4165, 4171, 4186, 4197, 4202, 4207, 4210, 4243, 4294, 4298, 4325, 4329, 4354, 4373, 4377, 4432, 4436, 4442, 4469, 4489, 4498, 4500, 4506, 4522, 4542, 4560, 4566, 4571, 4585, 4608, 4637, 4660, 4678, 4697, 4701, 4729, 4732, 4752, 4760, 4791, 4824, 4831, 4860, 4907, 4927, 4931, 4975, 4985, 5016, 5028, 5061, 5085, 5089, 5097, 5101, 5111, 5131, 5150, 5152, 5158, 5160, 5186, 5194, 5204, 5212, 5237]",[],"[18, 26, 35, 39, 63, 134, 144, 156, 191, 194, 224, 240, 262, 287, 295, 360, 363, 384, 414, 416, 469, 471, 478, 485, 506, 511, 602, 634, 659, 687, 712, 724, 727, 733, 748, 781, 858, 875, 877, 880, 889, 913, 915, 929, 937, 971, 1002, 1011, 1014, 1051, 1071, 1073, 1075, 1091, 1093, 1109, 1116, 1135, 1142, 1149, 1169, 1183, 1185, 1187, 1189, 1191, 1197, 1203, 1211, 1214, 1218, 1223, 1225, 1227, 1229, 1233, 1235, 1237, 1239, 1241, 1243, 1245, 1247, 1249, 1251, 1253, 1255, 1257, 1259, 1261, 1263, 1265, 1267, 1269, 1271, 1273, 1275, 1306, 1348, 1367, 1398, 1404, 1416, 1466, 1486, 1554, 1604, 1660, 1666, 1747, 1770, 1777, 1786, 1813, 1838, 1869, 1880, 1882, 1884, 1896, 1919, 1949, 1970, 1983, 1997, 2056, 2060, 2083, 2115, 2135, 2141, 2150, 2152, 2168, 2182, 2187, 2191, 2272, 2316, 2330, 2334, 2362, 2366, 2370, 2391, 2408, 2459, 2466, 2507, 2524, 2570, 2572, 2584, 2592, 2611, 2638, 2694, 2713, 2812, 2816, 2823, 2925, 2927, 2963, 2985, 2999, 3011, 3017, 3027, 3066, 3116, 3118, 3120, 3123, 3129, 3133, 3137, 3142, 3144, 3161, 3188, 3214, 3263, 3272, 3287, 3296, 3340, 3344, 3348, 3358, 3381, 3406, 3416, 3465, 3469, 3512, 3516, 3538, 3574, 3605, 3666, 3668, 3672, 3721, 3724, 3741, 3771, 3775, 3779, 3805, 3811, 3828, 3849, 3852, 3854, 3880, 3891, 3907, 3910, 3913, 3964, 3990, 3994, 4019, 4030, 4043, 4076, 4080, 4098, 4100, 4107, 4120, 4122, 4130, 4165, 4171, 4186, 4197, 4202, 4207, 4210, 4243, 4294, 4298, 4325, 4329, 4354, 4373, 4377, 4432, 4436, 4442, 4469, 4489, 4498, 4500, 4506, 4522, 4542, 4560, 4566, 4571, 4585, 4608, 4637, 4660, 4678, 4697, 4701, 4729, 4732, 4752, 4760, 4791, 4824, 4831, 4860, 4907, 4927, 4931, 4975, 4985, 5016, 5028, 5061, 5085, 5089, 5097, 5101, 5111, 5131, 5150, 5152, 5158, 5160, 5186, 5194, 5204, 5212, 5237]","[2712, 3339, 3770, 4521]",5238,300,4938,0,300,4934,4
-4.0,RATRPIII,"[122, 124, 130, 136, 146, 154, 214, 222, 253, 273, 285, 319, 327, 334, 351, 398, 404, 411, 420, 424, 439, 506, 528, 530, 546, 595, 597, 657, 681, 689, 696, 722, 755, 759, 761, 767, 769, 776, 794, 797, 805, 820, 823, 828, 833, 836, 884, 907, 914, 922, 934, 939, 957, 1005, 1032, 1034, 1036, 1040, 1046, 1060, 1095, 1184, 1188, 1193, 1227, 1231, 1237, 1308, 1321, 1344, 1354, 1364, 1434, 1436, 1475, 1483, 1489, 1505, 1512, 1546, 1550, 1563, 1565, 1589, 1602, 1609, 1613, 1643, 1647, 1649, 1672, 1674, 1684, 1691, 1694, 1707, 1765, 1772, 1774, 1778, 1780, 1797, 1805, 1816, 1840, 1844, 1848, 1854, 1862, 1911, 1913, 1926, 1928, 1935, 2005, 2010, 2015, 2018, 2022, 2062, 2068, 2072, 2097, 2134, 2180, 2197, 2202, 2210, 2216, 2225, 2254, 2270, 2282, 2338, 2358, 2404, 2424, 2444, 2457, 2461, 2471, 2496, 2506, 2528, 2545, 2548, 2553, 2565, 2578, 2624, 2686, 2688, 2699, 2705, 2719, 2721, 2731, 2743, 2791, 2812, 2833, 2856, 2863, 2867, 2869, 2876, 2891, 2895, 2906, 2930, 2942, 2953, 3020, 3048, 3132, 3136, 3140, 3153, 3157, 3161, 3174, 3180, 3200, 3221, 3242, 3250, 3264, 3294, 3301, 3319, 3329, 3334, 3345, 3387, 3394, 3397, 3403, 3409, 3427, 3468, 3488, 3527, 3537, 3539, 3550, 3556, 3618, 3628, 3649, 3651, 3669, 3678, 3695, 3700, 3715, 3723, 3732, 3752, 3765, 3771, 3783, 3798, 3812, 3831, 3858, 3889, 3894, 3952, 3954, 3985, 3993, 3996, 4033, 4045, 4073, 4133]",[],"[122, 124, 130, 136, 146, 154, 214, 222, 253, 273, 285, 319, 327, 334, 351, 398, 404, 411, 420, 424, 439, 506, 528, 530, 546, 595, 597, 657, 681, 689, 696, 722, 755, 759, 761, 767, 769, 776, 794, 797, 805, 820, 823, 828, 833, 836, 884, 907, 914, 922, 934, 939, 957, 1005, 1032, 1034, 1036, 1040, 1046, 1060, 1095, 1184, 1188, 1193, 1227, 1231, 1237, 1308, 1321, 1344, 1354, 1364, 1434, 1436, 1475, 1483, 1489, 1505, 1512, 1546, 1550, 1563, 1565, 1589, 1602, 1609, 1613, 1643, 1647, 1649, 1672, 1674, 1684, 1691, 1694, 1707, 1765, 1772, 1774, 1778, 1780, 1797, 1805, 1816, 1840, 1844, 1848, 1854, 1862, 1911, 1913, 1926, 1928, 1935, 2005, 2010, 2015, 2018, 2022, 2062, 2068, 2072, 2097, 2134, 2180, 2197, 2202, 2210, 2216, 2225, 2254, 2270, 2282, 2338, 2358, 2404, 2424, 2444, 2457, 2461, 2471, 2496, 2506, 2528, 2545, 2548, 2553, 2565, 2578, 2624, 2686, 2688, 2699, 2705, 2719, 2721, 2731, 2743, 2791, 2812, 2833, 2856, 2863, 2867, 2869, 2876, 2891, 2895, 2906, 2930, 2942, 2953, 3020, 3048, 3132, 3136, 3140, 3153, 3157, 3161, 3174, 3180, 3200, 3221, 3242, 3250, 3264, 3294, 3301, 3319, 3329, 3334, 3345, 3387, 3394, 3397, 3403, 3409, 3427, 3468, 3488, 3527, 3537, 3539, 3550, 3556, 3618, 3628, 3649, 3651, 3669, 3678, 3695, 3700, 3715, 3723, 3732, 3752, 3765, 3771, 3783, 3798, 3812, 3831, 3858, 3889, 3894, 3952, 3954, 3985, 3993, 3996, 4033, 4045, 4073, 4133]","[1608, 2456, 2790, 3426]",4134,236,3898,0,236,3894,4
-4.0,RATSVSIV1,"[43, 68, 73, 77, 80, 87, 148, 174, 186, 194, 214, 245, 249, 258, 289, 301, 321, 323, 336, 354, 365, 381, 385, 398, 419, 466, 471, 482, 494, 540, 581, 606, 616, 618, 660, 687, 705, 715, 718, 722, 752, 769, 796, 815, 839, 842, 869, 875, 893, 903, 927, 940, 954]",[],"[43, 68, 73, 77, 80, 87, 148, 174, 186, 194, 214, 245, 249, 258, 289, 301, 321, 323, 336, 354, 365, 381, 385, 398, 419, 466, 471, 482, 494, 540, 581, 606, 616, 618, 660, 687, 705, 715, 718, 722, 752, 769, 796, 815, 839, 842, 869, 875, 893, 903, 927, 940, 954]",[244],974,53,921,0,53,920,1
-4.0,RATTSHB,"[50, 56, 76, 84, 88, 98, 110, 115, 209, 225, 231, 254, 261, 266, 270, 292, 302, 324, 338, 367, 369, 383, 391, 395, 419, 422, 436, 451, 466, 515, 558, 579, 581, 623, 638, 646, 655, 662, 666, 673, 687, 702, 708, 722, 733, 759, 802, 807, 815, 818, 826, 847, 850, 855, 868, 881, 911, 913, 930, 960, 986, 1014, 1020, 1101, 1156, 1174, 1178, 1191, 1199, 1225, 1253, 1289, 1297, 1302, 1311, 1331, 1370, 1383, 1390, 1398, 1402, 1422, 1465, 1468, 1476, 1483, 1561, 1563, 1569, 1571, 1576, 1578, 1586, 1592, 1594, 1645, 1652, 1656, 1658, 1662, 1719, 1729, 1733, 1735, 1737, 1745, 1759, 1763, 1790, 1803, 1816, 1831, 1859, 1861, 1892, 1895, 1902, 1905, 1925, 1932, 1949, 1970, 1989, 2073, 2125, 2143, 2145, 2156, 2178, 2182, 2184, 2188, 2210, 2238, 2241, 2291, 2300, 2309, 2325, 2338, 2354, 2363, 2400, 2406, 2457, 2470, 2484, 2511, 2531, 2539, 2541, 2564, 2584, 2602, 2626, 2648, 2673, 2679, 2712, 2716, 2745, 2767, 2779, 2809, 2814, 2842, 2863, 2875, 2900, 2904, 2922, 2924, 2926, 2945, 2966, 2998, 3005, 3037, 3064, 3066, 3093, 3119, 3155, 3158, 3170, 3187, 3203, 3224, 3250, 3267, 3273, 3294, 3320, 3364, 3374, 3463, 3495, 3526, 3600, 3609, 3611, 3621, 3657, 3677, 3708, 3711, 3719, 3727, 3814, 3877, 3901, 3915, 3928, 3933, 3948, 3976, 3978, 4000, 4010, 4019, 4028, 4047, 4049, 4051, 4059, 4094, 4105, 4118, 4126, 4167, 4191, 4194, 4223, 4226, 4238, 4257, 4265, 4267, 4273, 4278, 4291, 4300, 4304, 4318, 4320, 4360, 4365, 4376, 4380, 4384, 4392, 4405, 4412, 4418, 4425, 4428, 4432, 4452, 4467, 4515, 4534, 4547, 4553, 4565, 4567, 4571, 4584, 4599, 4601, 4611, 4622, 4627, 4629, 4635, 4637, 4641, 4657, 4692, 4710, 4720, 4729, 4770, 4782, 4801, 4805, 4834, 4861, 4885, 4902, 4904, 4911, 4913, 4934, 4948, 5003, 5010, 5029, 5036, 5038, 5076, 5150, 5162]",[],"[50, 56, 76, 84, 88, 98, 110, 115, 209, 225, 231, 254, 261, 266, 270, 292, 302, 324, 338, 367, 369, 383, 391, 395, 419, 422, 436, 451, 466, 515, 558, 579, 581, 623, 638, 646, 655, 662, 666, 673, 687, 702, 708, 722, 733, 759, 802, 807, 815, 818, 826, 847, 850, 855, 868, 881, 911, 913, 930, 960, 986, 1014, 1020, 1101, 1156, 1174, 1178, 1191, 1199, 1225, 1253, 1289, 1297, 1302, 1311, 1331, 1370, 1383, 1390, 1398, 1402, 1422, 1465, 1468, 1476, 1483, 1561, 1563, 1569, 1571, 1576, 1578, 1586, 1592, 1594, 1645, 1652, 1656, 1658, 1662, 1719, 1729, 1733, 1735, 1737, 1745, 1759, 1763, 1790, 1803, 1816, 1831, 1859, 1861, 1892, 1895, 1902, 1905, 1925, 1932, 1949, 1970, 1989, 2073, 2125, 2143, 2145, 2156, 2178, 2182, 2184, 2188, 2210, 2238, 2241, 2291, 2300, 2309, 2325, 2338, 2354, 2363, 2400, 2406, 2457, 2470, 2484, 2511, 2531, 2539, 2541, 2564, 2584, 2602, 2626, 2648, 2673, 2679, 2712, 2716, 2745, 2767, 2779, 2809, 2814, 2842, 2863, 2875, 2900, 2904, 2922, 2924, 2926, 2945, 2966, 2998, 3005, 3037, 3064, 3066, 3093, 3119, 3155, 3158, 3170, 3187, 3203, 3224, 3250, 3267, 3273, 3294, 3320, 3364, 3374, 3463, 3495, 3526, 3600, 3609, 3611, 3621, 3657, 3677, 3708, 3711, 3719, 3727, 3814, 3877, 3901, 3915, 3928, 3933, 3948, 3976, 3978, 4000, 4010, 4019, 4028, 4047, 4049, 4051, 4059, 4094, 4105, 4118, 4126, 4167, 4191, 4194, 4223, 4226, 4238, 4257, 4265, 4267, 4273, 4278, 4291, 4300, 4304, 4318, 4320, 4360, 4365, 4376, 4380, 4384, 4392, 4405, 4412, 4418, 4425, 4428, 4432, 4452, 4467, 4515, 4534, 4547, 4553, 4565, 4567, 4571, 4584, 4599, 4601, 4611, 4622, 4627, 4629, 4635, 4637, 4641, 4657, 4692, 4710, 4720, 4729, 4770, 4782, 4801, 4805, 4834, 4861, 4885, 4902, 4904, 4911, 4913, 4934, 4948, 5003, 5010, 5029, 5036, 5038, 5076, 5150, 5162]",[4375],5160,302,4858,0,302,4857,1
-4.0,RN0B2GLOB,"[10, 32, 63, 81, 85, 137, 201, 229, 232, 234, 266, 296, 307, 317, 326, 343, 355, 358, 367, 375, 386, 392, 397, 444, 457, 467, 470, 475, 481, 501, 525, 532, 548, 559, 580, 647, 659, 673, 694, 698, 718, 720, 797, 799, 801, 805, 807, 814, 819, 821, 831, 836, 878, 885, 896, 907, 925, 931, 1063, 1084, 1096, 1106, 1135, 1139, 1145, 1171, 1198, 1232, 1253, 1267, 1276, 1312, 1314, 1319, 1340, 1347, 1385, 1428, 1451, 1454, 1463, 1470, 1486, 1514, 1520, 1528, 1535, 1553, 1557, 1560, 1563, 1592, 1636, 1638, 1645, 1647, 1659, 1661, 1674, 1685, 1703, 1709, 1714, 1745, 1759, 1767, 1802]",[],"[10, 32, 63, 81, 85, 137, 201, 229, 232, 234, 266, 296, 307, 317, 326, 343, 355, 358, 367, 375, 386, 392, 397, 444, 457, 467, 470, 475, 481, 501, 525, 532, 548, 559, 580, 647, 659, 673, 694, 698, 718, 720, 797, 799, 801, 805, 807, 814, 819, 821, 831, 836, 878, 885, 896, 907, 925, 931, 1063, 1084, 1096, 1106, 1135, 1139, 1145, 1171, 1198, 1232, 1253, 1267, 1276, 1312, 1314, 1319, 1340, 1347, 1385, 1428, 1451, 1454, 1463, 1470, 1486, 1514, 1520, 1528, 1535, 1553, 1557, 1560, 1563, 1592, 1636, 1638, 1645, 1647, 1659, 1661, 1674, 1685, 1703, 1709, 1714, 1745, 1759, 1767, 1802]","[354, 693]",1791,107,1684,0,107,1682,2
-4.0,RN2BGLOB,"[17, 25, 46, 49, 95, 111, 138, 168, 190, 206, 265, 279, 307, 310, 312, 344, 374, 385, 395, 410, 414, 433, 437, 445, 457, 463, 468, 484, 516, 529, 538, 549, 552, 572, 596, 619, 630, 651, 718, 730, 744, 765, 769, 789, 791, 800, 857, 871, 873, 879, 886, 891, 893, 903, 908, 961, 964, 983, 1001, 1007, 1089, 1136, 1167, 1189, 1218, 1222, 1228, 1251, 1254, 1260, 1281, 1315, 1350, 1359, 1395, 1397, 1402, 1423, 1430, 1468, 1474, 1476, 1511, 1534, 1537, 1546, 1553, 1569, 1597, 1603, 1611, 1618, 1635, 1639, 1642, 1645, 1674, 1711, 1713, 1715, 1727, 1742, 1753, 1761, 1770, 1776, 1781, 1808, 1833, 1859]",[],"[17, 25, 46, 49, 95, 111, 138, 168, 190, 206, 265, 279, 307, 310, 312, 344, 374, 385, 395, 410, 414, 433, 437, 445, 457, 463, 468, 484, 516, 529, 538, 549, 552, 572, 596, 619, 630, 651, 718, 730, 744, 765, 769, 789, 791, 800, 857, 871, 873, 879, 886, 891, 893, 903, 908, 961, 964, 983, 1001, 1007, 1089, 1136, 1167, 1189, 1218, 1222, 1228, 1251, 1254, 1260, 1281, 1315, 1350, 1359, 1395, 1397, 1402, 1423, 1430, 1468, 1474, 1476, 1511, 1534, 1537, 1546, 1553, 1569, 1597, 1603, 1611, 1618, 1635, 1639, 1642, 1645, 1674, 1711, 1713, 1715, 1727, 1742, 1753, 1761, 1770, 1776, 1781, 1808, 1833, 1859]","[432, 764]",1877,110,1767,0,110,1765,2
-4.0,RN3B2GLOB,"[34, 64, 68, 75, 85, 100, 123, 127, 135, 143, 154, 160, 165, 181, 211, 224, 234, 245, 248, 268, 292, 315, 326, 347, 414, 426, 440, 461, 465, 486, 488, 497, 554, 568, 570, 583, 588, 590, 600, 605, 658, 661, 680, 699, 706, 713, 726, 761, 784, 787, 801, 808, 810, 836, 868, 878, 942, 985, 988, 1000, 1046, 1048, 1058, 1061, 1073, 1118, 1124, 1126, 1161, 1184, 1187, 1196, 1203, 1219, 1247, 1253, 1261, 1268, 1285, 1289, 1292, 1295, 1324, 1361, 1363, 1365, 1377, 1392, 1404, 1422, 1428, 1433]",[],"[34, 64, 68, 75, 85, 100, 123, 127, 135, 143, 154, 160, 165, 181, 211, 224, 234, 245, 248, 268, 292, 315, 326, 347, 414, 426, 440, 461, 465, 486, 488, 497, 554, 568, 570, 583, 588, 590, 600, 605, 658, 661, 680, 699, 706, 713, 726, 761, 784, 787, 801, 808, 810, 836, 868, 878, 942, 985, 988, 1000, 1046, 1048, 1058, 1061, 1073, 1118, 1124, 1126, 1161, 1184, 1187, 1196, 1203, 1219, 1247, 1253, 1261, 1268, 1285, 1289, 1292, 1295, 1324, 1361, 1363, 1365, 1377, 1392, 1404, 1422, 1428, 1433]","[122, 460]",1438,92,1346,0,92,1344,2
-4.0,RN3B3GLOB,"[21, 26, 28, 42, 55, 67, 76, 108, 126, 130, 206, 250, 278, 281, 283, 315, 345, 349, 356, 366, 381, 404, 408, 416, 424, 435, 441, 446, 462, 503, 513, 524, 527, 547, 571, 594, 605, 626, 693, 705, 719, 740, 744, 767, 769, 778, 835, 849, 851, 864, 871, 881, 886, 929, 939, 942, 961, 980, 988, 995, 1007, 1040, 1063, 1066, 1080, 1087, 1089, 1147, 1157, 1221, 1264, 1267, 1279, 1324, 1326, 1336, 1339, 1351, 1397, 1403, 1405, 1438, 1463, 1466, 1475, 1482, 1498, 1524, 1538, 1543, 1545, 1550, 1563, 1570, 1643, 1645, 1647, 1660, 1662, 1681, 1705, 1727, 1733, 1738]",[],"[21, 26, 28, 42, 55, 67, 76, 108, 126, 130, 206, 250, 278, 281, 283, 315, 345, 349, 356, 366, 381, 404, 408, 416, 424, 435, 441, 446, 462, 503, 513, 524, 527, 547, 571, 594, 605, 626, 693, 705, 719, 740, 744, 767, 769, 778, 835, 849, 851, 864, 871, 881, 886, 929, 939, 942, 961, 980, 988, 995, 1007, 1040, 1063, 1066, 1080, 1087, 1089, 1147, 1157, 1221, 1264, 1267, 1279, 1324, 1326, 1336, 1339, 1351, 1397, 1403, 1405, 1438, 1463, 1466, 1475, 1482, 1498, 1524, 1538, 1543, 1545, 1550, 1563, 1570, 1643, 1645, 1647, 1660, 1662, 1681, 1705, 1727, 1733, 1738]","[403, 739]",1739,104,1635,0,104,1633,2
-4.0,RN3BGLOB,"[11, 14, 91, 135, 163, 166, 168, 200, 230, 234, 241, 251, 266, 289, 293, 301, 309, 320, 326, 331, 347, 377, 390, 400, 411, 414, 434, 458, 481, 492, 513, 580, 592, 606, 627, 631, 652, 654, 663, 718, 731, 746, 766, 809, 819, 822, 841, 860, 867, 874, 887, 945, 948, 962, 969, 971, 997, 1029, 1039, 1103, 1146, 1149, 1161, 1207, 1209, 1219, 1222, 1234, 1279, 1285, 1287, 1322, 1345, 1348, 1357, 1364, 1380, 1408, 1414, 1422, 1447, 1451, 1454, 1457, 1486, 1523, 1525, 1527, 1539, 1554, 1566]",[],"[11, 14, 91, 135, 163, 166, 168, 200, 230, 234, 241, 251, 266, 289, 293, 301, 309, 320, 326, 331, 347, 377, 390, 400, 411, 414, 434, 458, 481, 492, 513, 580, 592, 606, 627, 631, 652, 654, 663, 718, 731, 746, 766, 809, 819, 822, 841, 860, 867, 874, 887, 945, 948, 962, 969, 971, 997, 1029, 1039, 1103, 1146, 1149, 1161, 1207, 1209, 1219, 1222, 1234, 1279, 1285, 1287, 1322, 1345, 1348, 1357, 1364, 1380, 1408, 1414, 1422, 1447, 1451, 1454, 1457, 1486, 1523, 1525, 1527, 1539, 1554, 1566]","[288, 626]",1532,91,1441,0,91,1439,2
-4.0,RNAC01,"[96, 114, 128, 132, 163, 190, 199, 204, 239, 244, 250, 262, 286, 292, 310, 322, 375, 400, 408, 415, 418, 468, 470, 475, 477, 484, 487, 498, 500, 510, 514, 529, 556, 562, 564, 583, 595, 597, 611, 631, 639, 646, 674, 690, 735, 759, 789, 831, 838, 845, 849, 879, 897, 916, 919, 954, 956, 959, 988, 997, 999, 1011, 1017, 1050, 1054, 1072, 1086, 1100, 1116, 1169, 1208, 1227, 1238, 1269, 1272, 1292, 1332, 1347, 1368, 1372, 1391, 1405, 1417, 1427, 1438, 1441, 1456, 1458, 1464, 1468, 1474, 1491, 1535, 1557, 1615, 1617, 1638, 1678, 1695, 1699, 1708, 1730, 1760, 1776, 1805, 1825, 1848, 1882, 1884, 1900, 1905, 1909, 1911, 1915, 1931, 1933, 1954, 1972, 1974, 1976, 1983, 1993, 1997, 2014, 2046, 2048, 2067, 2091, 2107, 2109, 2116, 2141, 2164, 2191, 2195, 2210, 2212, 2215, 2221, 2232, 2235, 2249, 2270, 2282, 2298, 2325, 2382, 2420, 2424, 2443, 2450, 2529, 2534, 2557, 2598, 2602, 2605, 2608, 2613, 2632, 2656, 2686, 2698, 2735, 2737, 2742, 2752, 2775, 2780, 2785, 2798, 2868, 2894, 2899, 2901, 2904, 2913, 2919, 2976, 3015, 3022, 3024, 3032, 3054, 3072, 3090, 3099, 3115, 3143, 3156, 3229, 3237, 3244, 3250, 3278, 3291, 3296, 3336, 3351, 3355, 3377, 3387, 3406, 3413, 3420, 3427, 3439, 3449, 3467, 3477, 3542, 3557, 3574, 3576, 3585, 3633, 3651, 3662, 3682, 3698, 3712, 3724, 3727, 3734, 3736, 3758, 3768, 3776, 3788, 3807, 3811, 3819, 3833, 3835, 3851, 3869, 3890, 3915, 3949, 3972, 3985, 3992, 4001, 4063, 4092]",[],"[96, 114, 128, 132, 163, 190, 199, 204, 239, 244, 250, 262, 286, 292, 310, 322, 375, 400, 408, 415, 418, 468, 470, 475, 477, 484, 487, 498, 500, 510, 514, 529, 556, 562, 564, 583, 595, 597, 611, 631, 639, 646, 674, 690, 735, 759, 789, 831, 838, 845, 849, 879, 897, 916, 919, 954, 956, 959, 988, 997, 999, 1011, 1017, 1050, 1054, 1072, 1086, 1100, 1116, 1169, 1208, 1227, 1238, 1269, 1272, 1292, 1332, 1347, 1368, 1372, 1391, 1405, 1417, 1427, 1438, 1441, 1456, 1458, 1464, 1468, 1474, 1491, 1535, 1557, 1615, 1617, 1638, 1678, 1695, 1699, 1708, 1730, 1760, 1776, 1805, 1825, 1848, 1882, 1884, 1900, 1905, 1909, 1911, 1915, 1931, 1933, 1954, 1972, 1974, 1976, 1983, 1993, 1997, 2014, 2046, 2048, 2067, 2091, 2107, 2109, 2116, 2141, 2164, 2191, 2195, 2210, 2212, 2215, 2221, 2232, 2235, 2249, 2270, 2282, 2298, 2325, 2382, 2420, 2424, 2443, 2450, 2529, 2534, 2557, 2598, 2602, 2605, 2608, 2613, 2632, 2656, 2686, 2698, 2735, 2737, 2742, 2752, 2775, 2780, 2785, 2798, 2868, 2894, 2899, 2901, 2904, 2913, 2919, 2976, 3015, 3022, 3024, 3032, 3054, 3072, 3090, 3099, 3115, 3143, 3156, 3229, 3237, 3244, 3250, 3278, 3291, 3296, 3336, 3351, 3355, 3377, 3387, 3406, 3413, 3420, 3427, 3439, 3449, 3467, 3477, 3542, 3557, 3574, 3576, 3585, 3633, 3651, 3662, 3682, 3698, 3712, 3724, 3727, 3734, 3736, 3758, 3768, 3776, 3788, 3807, 3811, 3819, 3833, 3835, 3851, 3869, 3890, 3915, 3949, 3972, 3985, 3992, 4001, 4063, 4092]","[1367, 1694, 2597, 2867]",4085,245,3840,0,245,3836,4
-4.0,RNAC02,"[18, 34, 38, 90, 142, 144, 190, 201, 239, 252, 257, 263, 272, 316, 322, 389, 398, 400, 469, 481, 493, 495, 525, 529, 553, 625, 637, 689, 710, 754, 788, 796, 807, 818, 849, 858, 908, 944, 970, 977, 979, 1012, 1043, 1057, 1109, 1136, 1138, 1140, 1153, 1163, 1242, 1244, 1270, 1272, 1274, 1294, 1333, 1335, 1348, 1352, 1361, 1369, 1410, 1412, 1430, 1433, 1440, 1449, 1464, 1466, 1472, 1476, 1482, 1499, 1527, 1543, 1623, 1625, 1708, 1724, 1735, 1739, 1754, 1759, 1788, 1792, 1815, 1821, 1826, 1880, 1908, 1921, 1940, 1982, 1984, 2001, 2003, 2015, 2031, 2058, 2073, 2115, 2129, 2139, 2143, 2166, 2181, 2244, 2252, 2275, 2282, 2366, 2394, 2430, 2449, 2488, 2495, 2509, 2518, 2529, 2562, 2569, 2611, 2638, 2651, 2656, 2674, 2682, 2744, 2760, 2811, 2843, 2850, 2852, 2882, 2900, 2918, 2943, 2973, 2977, 2979, 3017, 3025, 3033, 3051, 3084, 3093, 3095, 3111, 3126, 3148, 3192]",[],"[18, 34, 38, 90, 142, 144, 190, 201, 239, 252, 257, 263, 272, 316, 322, 389, 398, 400, 469, 481, 493, 495, 525, 529, 553, 625, 637, 689, 710, 754, 788, 796, 807, 818, 849, 858, 908, 944, 970, 977, 979, 1012, 1043, 1057, 1109, 1136, 1138, 1140, 1153, 1163, 1242, 1244, 1270, 1272, 1274, 1294, 1333, 1335, 1348, 1352, 1361, 1369, 1410, 1412, 1430, 1433, 1440, 1449, 1464, 1466, 1472, 1476, 1482, 1499, 1527, 1543, 1623, 1625, 1708, 1724, 1735, 1739, 1754, 1759, 1788, 1792, 1815, 1821, 1826, 1880, 1908, 1921, 1940, 1982, 1984, 2001, 2003, 2015, 2031, 2058, 2073, 2115, 2129, 2139, 2143, 2166, 2181, 2244, 2252, 2275, 2282, 2366, 2394, 2430, 2449, 2488, 2495, 2509, 2518, 2529, 2562, 2569, 2611, 2638, 2651, 2656, 2674, 2682, 2744, 2760, 2811, 2843, 2850, 2852, 2882, 2900, 2918, 2943, 2973, 2977, 2979, 3017, 3025, 3033, 3051, 3084, 3093, 3095, 3111, 3126, 3148, 3192]","[1368, 1787, 2138, 2429, 2743]",3193,152,3041,0,152,3036,5
-4.0,RNANTANT,"[44, 51, 63, 73, 89, 103, 180, 195, 211, 225, 237, 287, 434, 457, 477, 481, 533, 535, 550, 560, 562, 566, 568, 580, 640, 662, 676, 682, 712, 735, 788, 792, 796, 809, 871, 900, 937, 949, 955, 989, 997, 1000, 1018, 1059, 1061, 1108, 1157, 1205, 1246, 1296, 1308, 1318, 1321, 1340, 1345, 1359, 1394, 1406, 1457, 1474, 1489, 1507, 1525, 1612, 1640, 1679, 1700, 1707, 1711, 1725, 1727, 1732, 1743, 1749, 1751, 1781, 1809, 1823, 1880, 1942, 1944, 1949, 1961, 2026, 2103, 2111, 2126, 2141, 2159, 2182, 2193, 2222, 2247, 2250, 2320, 2354, 2370, 2466, 2483, 2485, 2540, 2579, 2592, 2634, 2667, 2724, 2744, 2777, 2802, 2815, 2835, 2837, 2840, 2883, 2897, 2905, 2947, 2970, 2972, 2979, 2989, 3009, 3024, 3056, 3098, 3120, 3124, 3138, 3144, 3163, 3180, 3192, 3198, 3200, 3206, 3245, 3264, 3274, 3283, 3302, 3320, 3322, 3329, 3333, 3353, 3388, 3404, 3421, 3437, 3439, 3450, 3459, 3510, 3518, 3539, 3541, 3551, 3575, 3595, 3603, 3610, 3634, 3647, 3654, 3659, 3663, 3671, 3690, 3766, 3778, 3800, 3802, 3811, 3823, 3844, 3848, 3851, 3867, 3884, 3903, 3905, 3946, 3961, 3963, 3972, 3986, 3994, 4076, 4084, 4092, 4118, 4140, 4162, 4165, 4172, 4189, 4202, 4212, 4214, 4218, 4229, 4252, 4256, 4299, 4325, 4372, 4396, 4423, 4453, 4472, 4480, 4482, 4521, 4533, 4541, 4551, 4566, 4587, 4623, 4643, 4656, 4711, 4718, 4725, 4744, 4752, 4758, 4763, 4785, 4787, 4798, 4806, 4821, 4823, 4826, 4916, 4936, 4943, 4998, 5034, 5044, 5069]",[],"[44, 51, 63, 73, 89, 103, 180, 195, 211, 225, 237, 287, 434, 457, 477, 481, 533, 535, 550, 560, 562, 566, 568, 580, 640, 662, 676, 682, 712, 735, 788, 792, 796, 809, 871, 900, 937, 949, 955, 989, 997, 1000, 1018, 1059, 1061, 1108, 1157, 1205, 1246, 1296, 1308, 1318, 1321, 1340, 1345, 1359, 1394, 1406, 1457, 1474, 1489, 1507, 1525, 1612, 1640, 1679, 1700, 1707, 1711, 1725, 1727, 1732, 1743, 1749, 1751, 1781, 1809, 1823, 1880, 1942, 1944, 1949, 1961, 2026, 2103, 2111, 2126, 2141, 2159, 2182, 2193, 2222, 2247, 2250, 2320, 2354, 2370, 2466, 2483, 2485, 2540, 2579, 2592, 2634, 2667, 2724, 2744, 2777, 2802, 2815, 2835, 2837, 2840, 2883, 2897, 2905, 2947, 2970, 2972, 2979, 2989, 3009, 3024, 3056, 3098, 3120, 3124, 3138, 3144, 3163, 3180, 3192, 3198, 3200, 3206, 3245, 3264, 3274, 3283, 3302, 3320, 3322, 3329, 3333, 3353, 3388, 3404, 3421, 3437, 3439, 3450, 3459, 3510, 3518, 3539, 3541, 3551, 3575, 3595, 3603, 3610, 3634, 3647, 3654, 3659, 3663, 3671, 3690, 3766, 3778, 3800, 3802, 3811, 3823, 3844, 3848, 3851, 3867, 3884, 3903, 3905, 3946, 3961, 3963, 3972, 3986, 3994, 4076, 4084, 4092, 4118, 4140, 4162, 4165, 4172, 4189, 4202, 4212, 4214, 4218, 4229, 4252, 4256, 4299, 4325, 4372, 4396, 4423, 4453, 4472, 4480, 4482, 4521, 4533, 4541, 4551, 4566, 4587, 4623, 4643, 4656, 4711, 4718, 4725, 4744, 4752, 4758, 4763, 4785, 4787, 4798, 4806, 4821, 4823, 4826, 4916, 4936, 4943, 4998, 5034, 5044, 5069]","[1524, 3263, 3883]",5118,242,4876,0,242,4873,3
-4.0,RNAPOEG,"[16, 24, 66, 143, 185, 192, 229, 254, 296, 325, 335, 382, 399, 411, 441, 444, 460, 500, 507, 536, 592, 616, 621, 640, 667, 680, 685, 689, 717, 720, 758, 763, 769, 795, 817, 847, 854, 862, 873, 916, 949, 961, 980, 990, 993, 1039, 1051, 1078, 1108, 1116, 1120, 1153, 1168, 1177, 1199, 1201, 1262, 1274, 1278, 1294, 1308, 1328, 1334, 1343, 1381, 1399, 1441, 1447, 1453, 1491, 1539, 1566, 1572, 1574, 1576, 1587, 1605, 1635, 1646, 1668, 1670, 1678, 1681, 1720, 1747, 1751, 1813, 1891, 1912, 1939, 1956, 1960, 1992, 2008, 2040, 2057, 2059, 2061, 2070, 2142, 2149, 2259, 2279, 2282, 2312, 2335, 2337, 2357, 2384, 2426, 2462, 2481, 2524, 2537, 2575, 2654, 2656, 2691, 2693, 2697, 2706, 2726, 2736, 2739, 2802, 2831, 2864, 2868, 2885, 2962, 2975, 2995, 3029, 3059, 3124, 3132, 3158, 3191, 3198, 3204, 3208, 3233]",[],"[16, 24, 66, 143, 185, 192, 229, 254, 296, 325, 335, 382, 399, 411, 441, 444, 460, 500, 507, 536, 592, 616, 621, 640, 667, 680, 685, 689, 717, 720, 758, 763, 769, 795, 817, 847, 854, 862, 873, 916, 949, 961, 980, 990, 993, 1039, 1051, 1078, 1108, 1116, 1120, 1153, 1168, 1177, 1199, 1201, 1262, 1274, 1278, 1294, 1308, 1328, 1334, 1343, 1381, 1399, 1441, 1447, 1453, 1491, 1539, 1566, 1572, 1574, 1576, 1587, 1605, 1635, 1646, 1668, 1670, 1678, 1681, 1720, 1747, 1751, 1813, 1891, 1912, 1939, 1956, 1960, 1992, 2008, 2040, 2057, 2059, 2061, 2070, 2142, 2149, 2259, 2279, 2282, 2312, 2335, 2337, 2357, 2384, 2426, 2462, 2481, 2524, 2537, 2575, 2654, 2656, 2691, 2693, 2697, 2706, 2726, 2736, 2739, 2802, 2831, 2864, 2868, 2885, 2962, 2975, 2995, 3029, 3059, 3124, 3132, 3158, 3191, 3198, 3204, 3208, 3233]","[1293, 1955]",3230,142,3088,0,142,3086,2
-4.0,RNCALBD9,"[10, 13, 20, 25, 47, 65, 116, 122, 142, 155, 162, 176, 202, 297, 307, 374, 378, 388, 392, 401, 424, 448, 470, 508, 517, 534, 554, 583, 597, 601, 618, 620, 626, 628, 656, 681, 699, 704, 717, 726, 789, 798, 818, 823, 829, 834, 836, 846, 869, 876, 905, 976, 985, 989, 1042, 1046, 1100, 1103, 1105, 1145, 1160, 1198, 1208, 1211, 1248, 1254, 1294, 1312, 1331, 1339, 1356, 1400, 1451, 1472, 1485, 1487, 1513, 1533, 1538, 1543, 1546, 1548, 1551, 1606, 1616, 1622, 1691, 1707, 1730, 1732, 1734, 1740, 1746, 1748, 1769, 1780, 1782, 1794, 1798, 1805, 1818, 1832, 1866, 1883, 1898, 1919, 1933, 1970, 1977, 1986, 2037, 2072, 2078, 2112, 2124, 2157, 2185, 2188, 2190, 2192, 2196, 2220, 2245, 2251, 2286, 2292, 2318, 2333, 2382, 2384, 2438, 2448, 2485, 2500, 2522, 2536, 2561, 2564, 2682, 2712, 2718, 2737, 2741, 2743, 2780, 2796, 2831, 2927, 2932, 3051, 3053, 3107, 3119, 3178, 3193, 3255, 3354, 3402, 3404, 3406, 3441, 3445, 3463, 3468, 3492, 3494, 3509, 3534, 3558, 3651, 3696, 3711, 3738, 3744, 3771, 3776, 3826, 3829, 3842, 3856, 3861, 3871, 3947, 3957, 3959, 3970, 3983, 3994, 3999, 4018, 4058, 4063, 4080, 4137, 4175, 4181, 4197, 4202, 4205, 4234, 4238, 4260, 4271, 4273, 4282, 4311, 4321, 4354, 4359, 4375, 4390, 4413, 4419, 4462, 4482, 4490, 4530, 4549, 4588, 4599, 4620, 4634, 4712, 4728, 4753, 4762, 4767, 4806, 4813, 4828, 4844, 4865, 4868, 4870, 4874, 4887]",[],"[10, 13, 20, 25, 47, 65, 116, 122, 142, 155, 162, 176, 202, 297, 307, 374, 378, 388, 392, 401, 424, 448, 470, 508, 517, 534, 554, 583, 597, 601, 618, 620, 626, 628, 656, 681, 699, 704, 717, 726, 789, 798, 818, 823, 829, 834, 836, 846, 869, 876, 905, 976, 985, 989, 1042, 1046, 1100, 1103, 1105, 1145, 1160, 1198, 1208, 1211, 1248, 1254, 1294, 1312, 1331, 1339, 1356, 1400, 1451, 1472, 1485, 1487, 1513, 1533, 1538, 1543, 1546, 1548, 1551, 1606, 1616, 1622, 1691, 1707, 1730, 1732, 1734, 1740, 1746, 1748, 1769, 1780, 1782, 1794, 1798, 1805, 1818, 1832, 1866, 1883, 1898, 1919, 1933, 1970, 1977, 1986, 2037, 2072, 2078, 2112, 2124, 2157, 2185, 2188, 2190, 2192, 2196, 2220, 2245, 2251, 2286, 2292, 2318, 2333, 2382, 2384, 2438, 2448, 2485, 2500, 2522, 2536, 2561, 2564, 2682, 2712, 2718, 2737, 2741, 2743, 2780, 2796, 2831, 2927, 2932, 3051, 3053, 3107, 3119, 3178, 3193, 3255, 3354, 3402, 3404, 3406, 3441, 3445, 3463, 3468, 3492, 3494, 3509, 3534, 3558, 3651, 3696, 3711, 3738, 3744, 3771, 3776, 3826, 3829, 3842, 3856, 3861, 3871, 3947, 3957, 3959, 3970, 3983, 3994, 3999, 4018, 4058, 4063, 4080, 4137, 4175, 4181, 4197, 4202, 4205, 4234, 4238, 4260, 4271, 4273, 4282, 4311, 4321, 4354, 4359, 4375, 4390, 4413, 4419, 4462, 4482, 4490, 4530, 4549, 4588, 4599, 4620, 4634, 4712, 4728, 4753, 4762, 4767, 4806, 4813, 4828, 4844, 4865, 4868, 4870, 4874, 4887]",[2736],4884,236,4648,0,236,4647,1
-4.0,RNGAMT,"[55, 91, 108, 111, 145, 150, 224, 226, 233, 259, 272, 282, 295, 306, 315, 324, 340, 347, 355, 367, 396, 403, 411, 423, 466, 487, 498, 500, 554, 556, 611, 619, 693, 755, 779, 800, 804, 809, 817, 843, 862, 867, 908, 920, 929, 938, 941, 951, 1000, 1029, 1153, 1183, 1261, 1271, 1296, 1315, 1372, 1425, 1455, 1466, 1479, 1504, 1532, 1553, 1565, 1574, 1644, 1654, 1718, 1854, 1888, 1946, 1949, 1960, 1976, 1978, 1997, 2049, 2079, 2113, 2123, 2174, 2204, 2213, 2215, 2221, 2246, 2279, 2303, 2305, 2316, 2395, 2403, 2428, 2454, 2463, 2469, 2484, 2497, 2539, 2544, 2574, 2577, 2579, 2605, 2628, 2654, 2661, 2683, 2689, 2691, 2753, 2757, 2774, 2808, 2815, 2875, 2885, 2890, 2912, 2925, 2927, 2936, 2949, 2975, 2978, 2980, 3004, 3013, 3046, 3097, 3107, 3142, 3151, 3160, 3174, 3206, 3214, 3257, 3260, 3277, 3309, 3320, 3350, 3362, 3407, 3419, 3438, 3458, 3461, 3463, 3478, 3488, 3491, 3521, 3574, 3603, 3629, 3653, 3677, 3679, 3718, 3745, 3761, 3798, 3803, 3812, 3814, 3848, 3906, 3924, 3949, 3970, 3976, 3997, 4004, 4023, 4051, 4063, 4065, 4068, 4070, 4096, 4101, 4142, 4150, 4257, 4271, 4289, 4305, 4341, 4355, 4358, 4365, 4391, 4434, 4442, 4454, 4508, 4553, 4563, 4571, 4580, 4582, 4612, 4614, 4636, 4663, 4687, 4690, 4694, 4705, 4716, 4732, 4765, 4783, 4790, 4825, 4829, 4839, 4860, 4871, 4877, 4896, 4918]",[],"[55, 91, 108, 111, 145, 150, 224, 226, 233, 259, 272, 282, 295, 306, 315, 324, 340, 347, 355, 367, 396, 403, 411, 423, 466, 487, 498, 500, 554, 556, 611, 619, 693, 755, 779, 800, 804, 809, 817, 843, 862, 867, 908, 920, 929, 938, 941, 951, 1000, 1029, 1153, 1183, 1261, 1271, 1296, 1315, 1372, 1425, 1455, 1466, 1479, 1504, 1532, 1553, 1565, 1574, 1644, 1654, 1718, 1854, 1888, 1946, 1949, 1960, 1976, 1978, 1997, 2049, 2079, 2113, 2123, 2174, 2204, 2213, 2215, 2221, 2246, 2279, 2303, 2305, 2316, 2395, 2403, 2428, 2454, 2463, 2469, 2484, 2497, 2539, 2544, 2574, 2577, 2579, 2605, 2628, 2654, 2661, 2683, 2689, 2691, 2753, 2757, 2774, 2808, 2815, 2875, 2885, 2890, 2912, 2925, 2927, 2936, 2949, 2975, 2978, 2980, 3004, 3013, 3046, 3097, 3107, 3142, 3151, 3160, 3174, 3206, 3214, 3257, 3260, 3277, 3309, 3320, 3350, 3362, 3407, 3419, 3438, 3458, 3461, 3463, 3478, 3488, 3491, 3521, 3574, 3603, 3629, 3653, 3677, 3679, 3718, 3745, 3761, 3798, 3803, 3812, 3814, 3848, 3906, 3924, 3949, 3970, 3976, 3997, 4004, 4023, 4051, 4063, 4065, 4068, 4070, 4096, 4101, 4142, 4150, 4257, 4271, 4289, 4305, 4341, 4355, 4358, 4365, 4391, 4434, 4442, 4454, 4508, 4553, 4563, 4571, 4580, 4582, 4612, 4614, 4636, 4663, 4687, 4690, 4694, 4705, 4716, 4732, 4765, 4783, 4790, 4825, 4829, 4839, 4860, 4871, 4877, 4896, 4918]","[2173, 3141, 3319, 3760, 4003]",4957,225,4732,0,225,4727,5
-4.0,RNGMTG,"[13, 51, 68, 84, 93, 97, 132, 181, 186, 204, 213, 221, 235, 241, 251, 279, 307, 336, 339, 374, 397, 415, 441, 443, 445, 456, 506, 514, 517, 520, 523, 540, 596, 609, 614, 621, 669, 676, 728, 742, 771, 779, 807, 874, 886, 919, 951, 958, 960, 972, 976, 1012, 1017, 1063, 1065, 1073, 1083, 1112, 1117, 1119, 1135, 1140, 1142, 1149, 1163, 1175, 1204, 1207, 1227, 1233, 1249, 1268, 1272, 1377, 1379, 1407, 1435, 1439, 1450, 1471, 1480, 1489, 1491, 1496, 1513, 1539, 1562, 1564, 1566, 1575, 1598, 1608, 1617, 1620, 1647, 1657, 1666, 1673, 1683, 1687, 1750, 1772, 1782, 1789, 1805, 1819, 1840, 1842, 1875, 1877, 1921, 1946, 1949, 1974, 1976, 1991, 1998, 2017, 2026, 2032, 2038, 2040, 2050, 2068, 2072, 2075, 2078, 2092, 2118, 2136, 2162, 2181, 2245, 2259, 2294, 2336, 2374, 2387, 2390, 2434, 2438, 2444, 2448, 2509, 2526, 2529, 2563, 2568, 2635, 2654, 2659, 2661, 2738, 2750, 2764, 2772, 2784, 2922, 2978, 2981, 2988, 2992, 3037, 3042, 3054, 3068, 3098, 3104, 3123, 3141, 3159, 3166, 3168, 3245, 3250, 3254, 3258, 3286, 3304, 3329, 3341, 3358, 3363, 3404, 3416, 3429, 3433, 3445, 3453, 3474, 3482, 3525, 3535, 3550, 3556, 3571, 3577, 3594, 3602, 3604, 3631, 3656, 3670, 3708, 3721, 3740, 3742, 3750, 3756, 3759, 3768, 3773, 3807, 3827, 3846, 3873, 3892, 3919, 3927, 3939, 3990, 4009, 4018, 4028, 4049, 4064, 4070, 4085, 4087, 4091, 4121, 4159, 4180, 4223, 4255, 4264, 4271, 4291, 4299, 4343, 4372, 4381, 4402, 4420, 4426, 4433, 4464, 4488, 4491, 4494, 4543, 4549, 4553, 4579, 4586, 4598, 4602, 4625, 4638, 4645, 4680, 4701, 4777, 4799, 4830, 4837, 4839, 4852, 4857, 4860, 4862, 4946, 4964, 5068, 5095, 5102, 5123, 5171, 5184, 5243, 5253, 5263, 5307, 5333, 5348, 5369, 5386]",[],"[13, 51, 68, 84, 93, 97, 132, 181, 186, 204, 213, 221, 235, 241, 251, 279, 307, 336, 339, 374, 397, 415, 441, 443, 445, 456, 506, 514, 517, 520, 523, 540, 596, 609, 614, 621, 669, 676, 728, 742, 771, 779, 807, 874, 886, 919, 951, 958, 960, 972, 976, 1012, 1017, 1063, 1065, 1073, 1083, 1112, 1117, 1119, 1135, 1140, 1142, 1149, 1163, 1175, 1204, 1207, 1227, 1233, 1249, 1268, 1272, 1377, 1379, 1407, 1435, 1439, 1450, 1471, 1480, 1489, 1491, 1496, 1513, 1539, 1562, 1564, 1566, 1575, 1598, 1608, 1617, 1620, 1647, 1657, 1666, 1673, 1683, 1687, 1750, 1772, 1782, 1789, 1805, 1819, 1840, 1842, 1875, 1877, 1921, 1946, 1949, 1974, 1976, 1991, 1998, 2017, 2026, 2032, 2038, 2040, 2050, 2068, 2072, 2075, 2078, 2092, 2118, 2136, 2162, 2181, 2245, 2259, 2294, 2336, 2374, 2387, 2390, 2434, 2438, 2444, 2448, 2509, 2526, 2529, 2563, 2568, 2635, 2654, 2659, 2661, 2738, 2750, 2764, 2772, 2784, 2922, 2978, 2981, 2988, 2992, 3037, 3042, 3054, 3068, 3098, 3104, 3123, 3141, 3159, 3166, 3168, 3245, 3250, 3254, 3258, 3286, 3304, 3329, 3341, 3358, 3363, 3404, 3416, 3429, 3433, 3445, 3453, 3474, 3482, 3525, 3535, 3550, 3556, 3571, 3577, 3594, 3602, 3604, 3631, 3656, 3670, 3708, 3721, 3740, 3742, 3750, 3756, 3759, 3768, 3773, 3807, 3827, 3846, 3873, 3892, 3919, 3927, 3939, 3990, 4009, 4018, 4028, 4049, 4064, 4070, 4085, 4087, 4091, 4121, 4159, 4180, 4223, 4255, 4264, 4271, 4291, 4299, 4343, 4372, 4381, 4402, 4420, 4426, 4433, 4464, 4488, 4491, 4494, 4543, 4549, 4553, 4579, 4586, 4598, 4602, 4625, 4638, 4645, 4680, 4701, 4777, 4799, 4830, 4837, 4839, 4852, 4857, 4860, 4862, 4946, 4964, 5068, 5095, 5102, 5123, 5171, 5184, 5243, 5253, 5263, 5307, 5333, 5348, 5369, 5386]","[1682, 3249, 3918, 4254, 4463]",5392,287,5105,0,287,5100,5
-4.0,RNGROW3,"[60, 70, 76, 90, 103, 149, 152, 158, 174, 209, 217, 231, 248, 261, 263, 300, 304, 326, 352, 366, 371, 398, 435, 440, 456, 472, 496, 498, 501, 542, 544, 570, 612, 635, 643, 703, 720, 742, 747, 751, 764, 814, 818, 822, 830, 832, 837, 847, 885, 902, 923, 947, 950, 960, 992, 995, 1024, 1031, 1054, 1071, 1097, 1099, 1101, 1118, 1120, 1190, 1219, 1226, 1249, 1266, 1292, 1294, 1313, 1315, 1382, 1385, 1419, 1424, 1485, 1498, 1509, 1517, 1540, 1592, 1653, 1657, 1672, 1676, 1716, 1752, 1763, 1776, 1850, 1866, 1871, 1904, 1909, 1923, 1974, 2004, 2059, 2067, 2136, 2144, 2167, 2209, 2243, 2343, 2351, 2353, 2377, 2398, 2400, 2419, 2430, 2520, 2525]",[],"[60, 70, 76, 90, 103, 149, 152, 158, 174, 209, 217, 231, 248, 261, 263, 300, 304, 326, 352, 366, 371, 398, 435, 440, 456, 472, 496, 498, 501, 542, 544, 570, 612, 635, 643, 703, 720, 742, 747, 751, 764, 814, 818, 822, 830, 832, 837, 847, 885, 902, 923, 947, 950, 960, 992, 995, 1024, 1031, 1054, 1071, 1097, 1099, 1101, 1118, 1120, 1190, 1219, 1226, 1249, 1266, 1292, 1294, 1313, 1315, 1382, 1385, 1419, 1424, 1485, 1498, 1509, 1517, 1540, 1592, 1653, 1657, 1672, 1676, 1716, 1752, 1763, 1776, 1850, 1866, 1871, 1904, 1909, 1923, 1974, 2004, 2059, 2067, 2136, 2144, 2167, 2209, 2243, 2343, 2351, 2353, 2377, 2398, 2400, 2419, 2430, 2520, 2525]","[471, 817, 1652, 1973]",2550,117,2433,0,117,2429,4
-4.0,RNHSC73,"[9, 13, 20, 22, 76, 87, 94, 128, 188, 209, 215, 231, 234, 238, 259, 269, 282, 288, 291, 299, 321, 378, 391, 403, 422, 453, 459, 461, 464, 469, 499, 517, 519, 523, 527, 534, 536, 539, 547, 551, 571, 585, 587, 631, 712, 731, 744, 759, 795, 802, 811, 830, 838, 851, 874, 897, 933, 935, 945, 955, 966, 976, 983, 1008, 1011, 1042, 1058, 1089, 1091, 1095, 1097, 1115, 1140, 1163, 1214, 1238, 1245, 1249, 1256, 1265, 1281, 1295, 1314, 1350, 1362, 1380, 1448, 1471, 1475, 1478, 1487, 1499, 1517, 1529, 1533, 1546, 1549, 1554, 1582, 1585, 1609, 1615, 1640, 1657, 1659, 1669, 1714, 1718, 1728, 1780, 1807, 1819, 1833, 1845, 1848, 1854, 1923, 1983, 1987, 1989, 2002, 2004, 2008, 2063, 2081, 2103, 2117, 2119, 2153, 2210, 2230, 2259, 2276, 2283, 2298, 2340, 2394, 2410, 2425, 2430, 2447, 2482, 2501, 2507, 2511, 2514, 2603, 2613, 2619, 2643, 2646, 2665, 2677, 2705, 2723, 2725, 2733, 2748, 2772, 2778, 2787, 2797, 2828, 2834, 2863, 2873, 2897, 2931, 2936, 2945, 3021, 3023, 3035, 3037, 3039, 3052, 3054, 3057, 3061, 3080, 3090, 3115, 3118, 3131, 3136, 3138, 3146, 3161, 3206, 3209, 3220, 3222, 3237, 3250, 3252, 3260, 3300, 3332, 3337, 3352, 3388, 3397, 3449, 3453, 3457, 3486, 3520, 3543, 3566, 3583, 3617, 3640, 3668, 3730, 3767, 3773, 3796, 3822, 3838, 3853, 3872, 3874, 3876, 3883, 3899, 3905, 3931, 3933, 3936, 3943, 3947, 3952, 3959, 4071, 4097, 4105, 4111, 4135, 4147, 4168, 4171, 4200, 4209, 4215, 4222, 4232, 4254, 4295, 4298, 4309]",[],"[9, 13, 20, 22, 76, 87, 94, 128, 188, 209, 215, 231, 234, 238, 259, 269, 282, 288, 291, 299, 321, 378, 391, 403, 422, 453, 459, 461, 464, 469, 499, 517, 519, 523, 527, 534, 536, 539, 547, 551, 571, 585, 587, 631, 712, 731, 744, 759, 795, 802, 811, 830, 838, 851, 874, 897, 933, 935, 945, 955, 966, 976, 983, 1008, 1011, 1042, 1058, 1089, 1091, 1095, 1097, 1115, 1140, 1163, 1214, 1238, 1245, 1249, 1256, 1265, 1281, 1295, 1314, 1350, 1362, 1380, 1448, 1471, 1475, 1478, 1487, 1499, 1517, 1529, 1533, 1546, 1549, 1554, 1582, 1585, 1609, 1615, 1640, 1657, 1659, 1669, 1714, 1718, 1728, 1780, 1807, 1819, 1833, 1845, 1848, 1854, 1923, 1983, 1987, 1989, 2002, 2004, 2008, 2063, 2081, 2103, 2117, 2119, 2153, 2210, 2230, 2259, 2276, 2283, 2298, 2340, 2394, 2410, 2425, 2430, 2447, 2482, 2501, 2507, 2511, 2514, 2603, 2613, 2619, 2643, 2646, 2665, 2677, 2705, 2723, 2725, 2733, 2748, 2772, 2778, 2787, 2797, 2828, 2834, 2863, 2873, 2897, 2931, 2936, 2945, 3021, 3023, 3035, 3037, 3039, 3052, 3054, 3057, 3061, 3080, 3090, 3115, 3118, 3131, 3136, 3138, 3146, 3161, 3206, 3209, 3220, 3222, 3237, 3250, 3252, 3260, 3300, 3332, 3337, 3352, 3388, 3397, 3449, 3453, 3457, 3486, 3520, 3543, 3566, 3583, 3617, 3640, 3668, 3730, 3767, 3773, 3796, 3822, 3838, 3853, 3872, 3874, 3876, 3883, 3899, 3905, 3931, 3933, 3936, 3943, 3947, 3952, 3959, 4071, 4097, 4105, 4111, 4135, 4147, 4168, 4171, 4200, 4209, 4215, 4222, 4232, 4254, 4295, 4298, 4309]","[1244, 1713, 1982, 2618, 3034, 3448, 3766]",4313,250,4063,0,250,4056,7
-4.0,RNLALB01,"[15, 17, 33, 40, 112, 118, 133, 154, 160, 168, 181, 205, 228, 256, 271, 279, 286, 294, 318, 348, 352, 384, 389, 410, 421, 427, 461, 467, 489, 493, 538, 570, 601, 698, 715, 737, 743, 745, 785, 809, 817, 822, 844, 878, 882, 884, 892, 903, 910, 913, 920, 922, 942, 947, 963, 972, 1018, 1051, 1082, 1102, 1111, 1129, 1144, 1169, 1200, 1238, 1243, 1247, 1265, 1289, 1294, 1302, 1311, 1313, 1344, 1355, 1360, 1362, 1415, 1419, 1530, 1548, 1553, 1576, 1592, 1603, 1664, 1694, 1705, 1733, 1745, 1762, 1764, 1780, 1803, 1826, 1846, 1859, 1867, 1874, 1883, 1897, 1909, 1915, 1919, 1936, 1944, 1966, 1985, 1992, 1997, 1999, 2015, 2022, 2033, 2059, 2081, 2097, 2101, 2109, 2121, 2132, 2134, 2145, 2161, 2183, 2231, 2262, 2274, 2280, 2283, 2304, 2317, 2322, 2345, 2376, 2380, 2394, 2420, 2424, 2484, 2509, 2518, 2541, 2543, 2552, 2554, 2585, 2624, 2646, 2648, 2651, 2702, 2707, 2738, 2745, 2749, 2756, 2762, 2804, 2807, 2810, 2822, 2825, 2835, 2885, 2898, 2900, 2902, 2904, 2906, 2908, 2910, 2912, 2914, 2916, 2918, 2920, 2922, 2924, 2926, 2928, 2930, 2932, 2934, 2936, 2938, 2940, 2942, 2944, 2946, 2975, 3005, 3035, 3102, 3123, 3168, 3172, 3221, 3238, 3264, 3266, 3268, 3270, 3272, 3274, 3276, 3278, 3280, 3282, 3284, 3286, 3288, 3290, 3292, 3296, 3298, 3302, 3304, 3306, 3338, 3348, 3376, 3381, 3403, 3411, 3428, 3454, 3475, 3483, 3509, 3512, 3539, 3557, 3574, 3587, 3600, 3607, 3610, 3639, 3650, 3686, 3698, 3707, 3710, 3739, 3765, 3772, 3776, 3778, 3801, 3819]",[],"[15, 17, 33, 40, 112, 118, 133, 154, 160, 168, 181, 205, 228, 256, 271, 279, 286, 294, 318, 348, 352, 384, 389, 410, 421, 427, 461, 467, 489, 493, 538, 570, 601, 698, 715, 737, 743, 745, 785, 809, 817, 822, 844, 878, 882, 884, 892, 903, 910, 913, 920, 922, 942, 947, 963, 972, 1018, 1051, 1082, 1102, 1111, 1129, 1144, 1169, 1200, 1238, 1243, 1247, 1265, 1289, 1294, 1302, 1311, 1313, 1344, 1355, 1360, 1362, 1415, 1419, 1530, 1548, 1553, 1576, 1592, 1603, 1664, 1694, 1705, 1733, 1745, 1762, 1764, 1780, 1803, 1826, 1846, 1859, 1867, 1874, 1883, 1897, 1909, 1915, 1919, 1936, 1944, 1966, 1985, 1992, 1997, 1999, 2015, 2022, 2033, 2059, 2081, 2097, 2101, 2109, 2121, 2132, 2134, 2145, 2161, 2183, 2231, 2262, 2274, 2280, 2283, 2304, 2317, 2322, 2345, 2376, 2380, 2394, 2420, 2424, 2484, 2509, 2518, 2541, 2543, 2552, 2554, 2585, 2624, 2646, 2648, 2651, 2702, 2707, 2738, 2745, 2749, 2756, 2762, 2804, 2807, 2810, 2822, 2825, 2835, 2885, 2898, 2900, 2902, 2904, 2906, 2908, 2910, 2912, 2914, 2916, 2918, 2920, 2922, 2924, 2926, 2928, 2930, 2932, 2934, 2936, 2938, 2940, 2942, 2944, 2946, 2975, 3005, 3035, 3102, 3123, 3168, 3172, 3221, 3238, 3264, 3266, 3268, 3270, 3272, 3274, 3276, 3278, 3280, 3282, 3284, 3286, 3288, 3290, 3292, 3296, 3298, 3302, 3304, 3306, 3338, 3348, 3376, 3381, 3403, 3411, 3428, 3454, 3475, 3483, 3509, 3512, 3539, 3557, 3574, 3587, 3600, 3607, 3610, 3639, 3650, 3686, 3698, 3707, 3710, 3739, 3765, 3772, 3776, 3778, 3801, 3819]","[1414, 1914, 2419]",3814,252,3562,0,252,3559,3
-4.0,RNLPKG,"[34, 55, 68, 71, 93, 95, 103, 113, 136, 147, 173, 240, 247, 295, 327, 331, 373, 386, 468, 484, 504, 609, 618, 623, 625, 629, 631, 665, 680, 712, 716, 722, 724, 735, 738, 741, 761, 765, 774, 777, 788, 829, 866, 903, 933, 997, 1007, 1016, 1023, 1050, 1064, 1114, 1116, 1138, 1175, 1237, 1240, 1271, 1340, 1359, 1396, 1398, 1448, 1468, 1487, 1498, 1521, 1553, 1569, 1572, 1600, 1602, 1604, 1606, 1608, 1610, 1612, 1614, 1616, 1618, 1620, 1622, 1624, 1626, 1628, 1630, 1632, 1634, 1636, 1638, 1640, 1642, 1644, 1646, 1665, 1685, 1687, 1730, 1772, 1805, 1830, 1833, 1837, 1877, 1901, 1912, 1916, 1927, 1929, 1935, 1973, 2017, 2035, 2063, 2067, 2074, 2077, 2086, 2089, 2119, 2132, 2135, 2149, 2162, 2170, 2184, 2201, 2223, 2231, 2239, 2241, 2258, 2274, 2282, 2286, 2298, 2305, 2318, 2334, 2377, 2385, 2420, 2474, 2479, 2522, 2599, 2618, 2641, 2643, 2686, 2692, 2708, 2715, 2730, 2750, 2754, 2789, 2801, 2822, 2833, 2848, 2892, 2903, 2922, 2927, 3044, 3047, 3068, 3070, 3083, 3106, 3168, 3196, 3205, 3220, 3235, 3257, 3290, 3301, 3316, 3353, 3375, 3384, 3386, 3408, 3448, 3451, 3461, 3463, 3479, 3485, 3554, 3573, 3588, 3593, 3628, 3635, 3637, 3639, 3645, 3696, 3730, 3732, 3736, 3750, 3788, 3794, 3796, 3913, 3923, 3950, 4001, 4003, 4025, 4028, 4031, 4053, 4062, 4070, 4077, 4081, 4085, 4091, 4097, 4103, 4119, 4129, 4132, 4157, 4197, 4233, 4247, 4254, 4299, 4310, 4322, 4326, 4356, 4361, 4377, 4392, 4430, 4432, 4487, 4494, 4544, 4656, 4758, 4797, 4960, 5017, 5056, 5061, 5074, 5083, 5146, 5169, 5185, 5192, 5200, 5203, 5236, 5240, 5264, 5267, 5272, 5320, 5360, 5369, 5375, 5393, 5424, 5426, 5434, 5461, 5505, 5533, 5571, 5597, 5602, 5606, 5628, 5650, 5673, 5697, 5702, 5719, 5773, 5775, 5781, 5787, 5803, 5807, 5811, 5837, 5845, 5856, 5867, 5875, 5899, 5903, 5911, 5935, 6010, 6012, 6023, 6033, 6056, 6061, 6084, 6089, 6149, 6152, 6196, 6228, 6273, 6285, 6300, 6309, 6354, 6371, 6420, 6427, 6434, 6443, 6458, 6464, 6470, 6481, 6495, 6509, 6511, 6515, 6539, 6542, 6548, 6590, 6593, 6606, 6677, 6685, 6690, 6718, 6721, 6739, 6745, 6748, 6757, 6767, 6797, 6799, 6801, 6806, 6810, 6817, 6857, 6869, 6903, 6936, 6945, 6955, 6958, 6979, 6981, 7002, 7019, 7053, 7065, 7089, 7102, 7107, 7109, 7116, 7185, 7193, 7203, 7210, 7214, 7225, 7303, 7322, 7340, 7350, 7382, 7436, 7439, 7443, 7454, 7482, 7500, 7506, 7511, 7518, 7549, 7557, 7577, 7583, 7599, 7607, 7613, 7620, 7628, 7655, 7657, 7720, 7732, 7751, 7761, 7784, 7792, 7801, 7819, 7823, 7830, 7877, 7902, 7936, 7938, 7950, 7953, 7988, 8002, 8020, 8037, 8042, 8059, 8079, 8214, 8245, 8287, 8303, 8315, 8349, 8357, 8359, 8375, 8410, 8413, 8425, 8431, 8464, 8466, 8470, 8481, 8508, 8511, 8531, 8538, 8549, 8561, 8581, 8597, 8600, 8604, 8609, 8665, 8674, 8711, 8714, 8720, 8722, 8782, 8784, 8790, 8795, 8813, 8834, 8844, 8847, 8861, 8865, 8884, 8900, 8939, 8987, 9006, 9011, 9017, 9036, 9070, 9086, 9088, 9097, 9108, 9110, 9122, 9129, 9143, 9147, 9187, 9211, 9215, 9219, 9225, 9253, 9262, 9298, 9339, 9348, 9378, 9386, 9396, 9415, 9447, 9459, 9478, 9481, 9497, 9536, 9540, 9556, 9584, 9602, 9610, 9614, 9618, 9625, 9663, 9670, 9676, 9711, 9721, 9724, 9736, 9739, 9776, 9780, 9815, 9839, 9858, 9880, 9892, 9907, 9920, 9930, 9974, 9983, 9997, 10023, 10071, 10093, 10104, 10107, 10130, 10144, 10173, 10176, 10185, 10187, 10191, 10199, 10205, 10208, 10215, 10253, 10262, 10295, 10363, 10384, 10388, 10403, 10422, 10425, 10435, 10494, 10513, 10536, 10547, 10590, 10613, 10625, 10627, 10648, 10712, 10818, 10911, 10936, 10955, 10974, 11008, 11011, 11036, 11123, 11129, 11190, 11218, 11221, 11248, 11268, 11280, 11291, 11310, 11374, 11379, 11422, 11428, 11446, 11448, 11466, 11492, 11521, 11529, 11563, 11595, 11649, 11664, 11695, 11708, 11735, 11738, 11775, 11791, 11799, 11802, 11804, 11817, 11821, 11829, 11835, 11850, 11875, 11882, 11899, 11957, 11983, 11994, 12010, 12016, 12037, 12066, 12084, 12099, 12116, 12129, 12154, 12164, 12181, 12185, 12242, 12245, 12248, 12258, 12260, 12262, 12291, 12317, 12336, 12357, 12385, 12424, 12503, 12525, 12540, 12555, 12616, 12640, 12650, 12691, 12715, 12725, 12745, 12758, 12797, 12824, 12847, 12892, 12909, 12916, 12938, 12942, 12944, 12950, 12953, 12991]",[],"[34, 55, 68, 71, 93, 95, 103, 113, 136, 147, 173, 240, 247, 295, 327, 331, 373, 386, 468, 484, 504, 609, 618, 623, 625, 629, 631, 665, 680, 712, 716, 722, 724, 735, 738, 741, 761, 765, 774, 777, 788, 829, 866, 903, 933, 997, 1007, 1016, 1023, 1050, 1064, 1114, 1116, 1138, 1175, 1237, 1240, 1271, 1340, 1359, 1396, 1398, 1448, 1468, 1487, 1498, 1521, 1553, 1569, 1572, 1600, 1602, 1604, 1606, 1608, 1610, 1612, 1614, 1616, 1618, 1620, 1622, 1624, 1626, 1628, 1630, 1632, 1634, 1636, 1638, 1640, 1642, 1644, 1646, 1665, 1685, 1687, 1730, 1772, 1805, 1830, 1833, 1837, 1877, 1901, 1912, 1916, 1927, 1929, 1935, 1973, 2017, 2035, 2063, 2067, 2074, 2077, 2086, 2089, 2119, 2132, 2135, 2149, 2162, 2170, 2184, 2201, 2223, 2231, 2239, 2241, 2258, 2274, 2282, 2286, 2298, 2305, 2318, 2334, 2377, 2385, 2420, 2474, 2479, 2522, 2599, 2618, 2641, 2643, 2686, 2692, 2708, 2715, 2730, 2750, 2754, 2789, 2801, 2822, 2833, 2848, 2892, 2903, 2922, 2927, 3044, 3047, 3068, 3070, 3083, 3106, 3168, 3196, 3205, 3220, 3235, 3257, 3290, 3301, 3316, 3353, 3375, 3384, 3386, 3408, 3448, 3451, 3461, 3463, 3479, 3485, 3554, 3573, 3588, 3593, 3628, 3635, 3637, 3639, 3645, 3696, 3730, 3732, 3736, 3750, 3788, 3794, 3796, 3913, 3923, 3950, 4001, 4003, 4025, 4028, 4031, 4053, 4062, 4070, 4077, 4081, 4085, 4091, 4097, 4103, 4119, 4129, 4132, 4157, 4197, 4233, 4247, 4254, 4299, 4310, 4322, 4326, 4356, 4361, 4377, 4392, 4430, 4432, 4487, 4494, 4544, 4656, 4758, 4797, 4960, 5017, 5056, 5061, 5074, 5083, 5146, 5169, 5185, 5192, 5200, 5203, 5236, 5240, 5264, 5267, 5272, 5320, 5360, 5369, 5375, 5393, 5424, 5426, 5434, 5461, 5505, 5533, 5571, 5597, 5602, 5606, 5628, 5650, 5673, 5697, 5702, 5719, 5773, 5775, 5781, 5787, 5803, 5807, 5811, 5837, 5845, 5856, 5867, 5875, 5899, 5903, 5911, 5935, 6010, 6012, 6023, 6033, 6056, 6061, 6084, 6089, 6149, 6152, 6196, 6228, 6273, 6285, 6300, 6309, 6354, 6371, 6420, 6427, 6434, 6443, 6458, 6464, 6470, 6481, 6495, 6509, 6511, 6515, 6539, 6542, 6548, 6590, 6593, 6606, 6677, 6685, 6690, 6718, 6721, 6739, 6745, 6748, 6757, 6767, 6797, 6799, 6801, 6806, 6810, 6817, 6857, 6869, 6903, 6936, 6945, 6955, 6958, 6979, 6981, 7002, 7019, 7053, 7065, 7089, 7102, 7107, 7109, 7116, 7185, 7193, 7203, 7210, 7214, 7225, 7303, 7322, 7340, 7350, 7382, 7436, 7439, 7443, 7454, 7482, 7500, 7506, 7511, 7518, 7549, 7557, 7577, 7583, 7599, 7607, 7613, 7620, 7628, 7655, 7657, 7720, 7732, 7751, 7761, 7784, 7792, 7801, 7819, 7823, 7830, 7877, 7902, 7936, 7938, 7950, 7953, 7988, 8002, 8020, 8037, 8042, 8059, 8079, 8214, 8245, 8287, 8303, 8315, 8349, 8357, 8359, 8375, 8410, 8413, 8425, 8431, 8464, 8466, 8470, 8481, 8508, 8511, 8531, 8538, 8549, 8561, 8581, 8597, 8600, 8604, 8609, 8665, 8674, 8711, 8714, 8720, 8722, 8782, 8784, 8790, 8795, 8813, 8834, 8844, 8847, 8861, 8865, 8884, 8900, 8939, 8987, 9006, 9011, 9017, 9036, 9070, 9086, 9088, 9097, 9108, 9110, 9122, 9129, 9143, 9147, 9187, 9211, 9215, 9219, 9225, 9253, 9262, 9298, 9339, 9348, 9378, 9386, 9396, 9415, 9447, 9459, 9478, 9481, 9497, 9536, 9540, 9556, 9584, 9602, 9610, 9614, 9618, 9625, 9663, 9670, 9676, 9711, 9721, 9724, 9736, 9739, 9776, 9780, 9815, 9839, 9858, 9880, 9892, 9907, 9920, 9930, 9974, 9983, 9997, 10023, 10071, 10093, 10104, 10107, 10130, 10144, 10173, 10176, 10185, 10187, 10191, 10199, 10205, 10208, 10215, 10253, 10262, 10295, 10363, 10384, 10388, 10403, 10422, 10425, 10435, 10494, 10513, 10536, 10547, 10590, 10613, 10625, 10627, 10648, 10712, 10818, 10911, 10936, 10955, 10974, 11008, 11011, 11036, 11123, 11129, 11190, 11218, 11221, 11248, 11268, 11280, 11291, 11310, 11374, 11379, 11422, 11428, 11446, 11448, 11466, 11492, 11521, 11529, 11563, 11595, 11649, 11664, 11695, 11708, 11735, 11738, 11775, 11791, 11799, 11802, 11804, 11817, 11821, 11829, 11835, 11850, 11875, 11882, 11899, 11957, 11983, 11994, 12010, 12016, 12037, 12066, 12084, 12099, 12116, 12129, 12154, 12164, 12181, 12185, 12242, 12245, 12248, 12258, 12260, 12262, 12291, 12317, 12336, 12357, 12385, 12424, 12503, 12525, 12540, 12555, 12616, 12640, 12650, 12691, 12715, 12725, 12745, 12758, 12797, 12824, 12847, 12892, 12909, 12916, 12938, 12942, 12944, 12950, 12953, 12991]","[3219, 3949, 6009, 6284, 6605, 7192, 7453, 7818, 8078, 9480]",13004,674,12330,0,674,12320,10
-4.0,RNODC,"[30, 36, 63, 65, 72, 79, 85, 96, 116, 120, 127, 131, 153, 162, 185, 188, 222, 227, 280, 289, 323, 339, 350, 389, 468, 482, 498, 508, 533, 545, 568, 571, 581, 599, 604, 610, 708, 740, 763, 775, 801, 857, 860, 870, 873, 875, 878, 884, 906, 908, 1014, 1026, 1041, 1088, 1098, 1102, 1116, 1131, 1141, 1149, 1159, 1163, 1195, 1219, 1280, 1292, 1297, 1315, 1335, 1340, 1345, 1367, 1377, 1379, 1399, 1417, 1431, 1467, 1519, 1521, 1555, 1569, 1605, 1622, 1632, 1634, 1660, 1666, 1684, 1692, 1719, 1760, 1785, 1820, 1842, 1851, 1876, 1883, 1922, 1932, 1946, 1971, 1980, 2013, 2015, 2074, 2107, 2110, 2124, 2133, 2186, 2210, 2217, 2232, 2246, 2250, 2270, 2288, 2296, 2305, 2323, 2325, 2370, 2383, 2385, 2390, 2430, 2436, 2455, 2459, 2477, 2501, 2503, 2542, 2545, 2563, 2567, 2575, 2600, 2614, 2641, 2656, 2667, 2696, 2707, 2720, 2745, 2758, 2767, 2773, 2795, 2818, 2829, 2851, 2882, 2888, 2902, 2947, 2959, 2970, 2979, 2984, 3011, 3018, 3020, 3030, 3040, 3050, 3052, 3067, 3091, 3099, 3102, 3116, 3128, 3133, 3135, 3145, 3152, 3158, 3160, 3162, 3175, 3202, 3205, 3207, 3221, 3223, 3254, 3263, 3297, 3304, 3306, 3310, 3316, 3326, 3334, 3336, 3345, 3360, 3386, 3397, 3447, 3473, 3514, 3526, 3530, 3560, 3614, 3619, 3623, 3625, 3631, 3635, 3660, 3687, 3689, 3697, 3707, 3716, 3766, 3784, 3804, 3824, 3826, 3844, 3849, 3851, 3871, 3908, 3919, 3947, 3954, 3960, 3968, 3972, 3982, 4021, 4025, 4040, 4074, 4082, 4084, 4096, 4107, 4115, 4137, 4147, 4157, 4183, 4187, 4240, 4260, 4283, 4305, 4308, 4335, 4337, 4344, 4355, 4367, 4373, 4383, 4387, 4420, 4424, 4433, 4435, 4440, 4445, 4504, 4511, 4513, 4518, 4523, 4529, 4535, 4586, 4604, 4624, 4631, 4635, 4637, 4657, 4666, 4668, 4682, 4684, 4699, 4703, 4727, 4773, 4782, 4810, 4815, 4829, 4876, 4880, 4890, 4907, 4910, 4923, 4954, 4983, 4992, 5004, 5007, 5009, 5041, 5043, 5048, 5061, 5074, 5101, 5113, 5130, 5140, 5155, 5165, 5174, 5183, 5193, 5201, 5231, 5243, 5282, 5284, 5298, 5310, 5317, 5320, 5322, 5326, 5336, 5348, 5352, 5361, 5390, 5395, 5400, 5416, 5418, 5476, 5478, 5501, 5523, 5556, 5580, 5604, 5606, 5632, 5636, 5639, 5651, 5655, 5660, 5671, 5684, 5687, 5696, 5703, 5723, 5744, 5751, 5763, 5765, 5771, 5805, 5826, 5830, 5852, 5856, 5903, 5936, 5958, 5975, 5979, 5998, 6000, 6002, 6020, 6022, 6065, 6097, 6129, 6149, 6159, 6179, 6183, 6196, 6210, 6221, 6247, 6272, 6277, 6283, 6289, 6292, 6296, 6304, 6325, 6333, 6335, 6340, 6351, 6368, 6413, 6417, 6444, 6464, 6479, 6488, 6524, 6534, 6574, 6583, 6620, 6630, 6637, 6641, 6672, 6680, 6685, 6693, 6698, 6700, 6744, 6770, 6822, 6837, 6854, 6859, 6883, 6898, 6910, 6918, 6935, 6952, 6963, 7005, 7014, 7020, 7026, 7031, 7046, 7070, 7082, 7084, 7150, 7178, 7185, 7215, 7218, 7239, 7269, 7271, 7277, 7314, 7316, 7318, 7327, 7331, 7349, 7366, 7377, 7390, 7408, 7410, 7417, 7426, 7435, 7446, 7448, 7460, 7575, 7581, 7587, 7607, 7618, 7645, 7647, 7650, 7691, 7739, 7743, 7756, 7760]",[],"[30, 36, 63, 65, 72, 79, 85, 96, 116, 120, 127, 131, 153, 162, 185, 188, 222, 227, 280, 289, 323, 339, 350, 389, 468, 482, 498, 508, 533, 545, 568, 571, 581, 599, 604, 610, 708, 740, 763, 775, 801, 857, 860, 870, 873, 875, 878, 884, 906, 908, 1014, 1026, 1041, 1088, 1098, 1102, 1116, 1131, 1141, 1149, 1159, 1163, 1195, 1219, 1280, 1292, 1297, 1315, 1335, 1340, 1345, 1367, 1377, 1379, 1399, 1417, 1431, 1467, 1519, 1521, 1555, 1569, 1605, 1622, 1632, 1634, 1660, 1666, 1684, 1692, 1719, 1760, 1785, 1820, 1842, 1851, 1876, 1883, 1922, 1932, 1946, 1971, 1980, 2013, 2015, 2074, 2107, 2110, 2124, 2133, 2186, 2210, 2217, 2232, 2246, 2250, 2270, 2288, 2296, 2305, 2323, 2325, 2370, 2383, 2385, 2390, 2430, 2436, 2455, 2459, 2477, 2501, 2503, 2542, 2545, 2563, 2567, 2575, 2600, 2614, 2641, 2656, 2667, 2696, 2707, 2720, 2745, 2758, 2767, 2773, 2795, 2818, 2829, 2851, 2882, 2888, 2902, 2947, 2959, 2970, 2979, 2984, 3011, 3018, 3020, 3030, 3040, 3050, 3052, 3067, 3091, 3099, 3102, 3116, 3128, 3133, 3135, 3145, 3152, 3158, 3160, 3162, 3175, 3202, 3205, 3207, 3221, 3223, 3254, 3263, 3297, 3304, 3306, 3310, 3316, 3326, 3334, 3336, 3345, 3360, 3386, 3397, 3447, 3473, 3514, 3526, 3530, 3560, 3614, 3619, 3623, 3625, 3631, 3635, 3660, 3687, 3689, 3697, 3707, 3716, 3766, 3784, 3804, 3824, 3826, 3844, 3849, 3851, 3871, 3908, 3919, 3947, 3954, 3960, 3968, 3972, 3982, 4021, 4025, 4040, 4074, 4082, 4084, 4096, 4107, 4115, 4137, 4147, 4157, 4183, 4187, 4240, 4260, 4283, 4305, 4308, 4335, 4337, 4344, 4355, 4367, 4373, 4383, 4387, 4420, 4424, 4433, 4435, 4440, 4445, 4504, 4511, 4513, 4518, 4523, 4529, 4535, 4586, 4604, 4624, 4631, 4635, 4637, 4657, 4666, 4668, 4682, 4684, 4699, 4703, 4727, 4773, 4782, 4810, 4815, 4829, 4876, 4880, 4890, 4907, 4910, 4923, 4954, 4983, 4992, 5004, 5007, 5009, 5041, 5043, 5048, 5061, 5074, 5101, 5113, 5130, 5140, 5155, 5165, 5174, 5183, 5193, 5201, 5231, 5243, 5282, 5284, 5298, 5310, 5317, 5320, 5322, 5326, 5336, 5348, 5352, 5361, 5390, 5395, 5400, 5416, 5418, 5476, 5478, 5501, 5523, 5556, 5580, 5604, 5606, 5632, 5636, 5639, 5651, 5655, 5660, 5671, 5684, 5687, 5696, 5703, 5723, 5744, 5751, 5763, 5765, 5771, 5805, 5826, 5830, 5852, 5856, 5903, 5936, 5958, 5975, 5979, 5998, 6000, 6002, 6020, 6022, 6065, 6097, 6129, 6149, 6159, 6179, 6183, 6196, 6210, 6221, 6247, 6272, 6277, 6283, 6289, 6292, 6296, 6304, 6325, 6333, 6335, 6340, 6351, 6368, 6413, 6417, 6444, 6464, 6479, 6488, 6524, 6534, 6574, 6583, 6620, 6630, 6637, 6641, 6672, 6680, 6685, 6693, 6698, 6700, 6744, 6770, 6822, 6837, 6854, 6859, 6883, 6898, 6910, 6918, 6935, 6952, 6963, 7005, 7014, 7020, 7026, 7031, 7046, 7070, 7082, 7084, 7150, 7178, 7185, 7215, 7218, 7239, 7269, 7271, 7277, 7314, 7316, 7318, 7327, 7331, 7349, 7366, 7377, 7390, 7408, 7410, 7417, 7426, 7435, 7446, 7448, 7460, 7575, 7581, 7587, 7607, 7618, 7645, 7647, 7650, 7691, 7739, 7743, 7756, 7760]","[3525, 3918, 4182, 4517, 4698, 4953, 5631, 5825, 6291]",7769,487,7282,0,487,7273,9
-4.0,RNP9KA,"[23, 31, 33, 35, 37, 39, 41, 43, 45, 47, 49, 51, 53, 55, 57, 59, 61, 63, 65, 67, 69, 71, 73, 75, 77, 79, 113, 158, 162, 171, 173, 177, 181, 197, 208, 212, 220, 233, 235, 237, 249, 263, 287, 297, 321, 323, 325, 331, 333, 339, 373, 379, 387, 401, 425, 438, 469, 484, 494, 496, 503, 506, 572, 618, 633, 691, 708, 711, 716, 724, 728, 737, 757, 760, 815, 821, 824, 828, 837, 876, 880, 906, 911, 915, 925, 938, 942, 948, 977, 979, 988, 1026, 1030, 1032, 1036, 1055, 1057, 1072, 1081, 1117, 1123, 1157, 1164, 1228, 1232, 1241, 1245, 1247, 1258, 1469, 1511, 1534, 1544, 1567, 1570, 1574, 1576, 1604, 1613, 1618, 1634, 1644, 1658, 1710, 1724, 1733, 1749, 1761, 1772, 1775, 1801, 1815, 1837, 1839, 1871, 1876, 1884, 1969, 1983, 1988, 1990, 1998, 2016, 2064, 2084, 2086, 2095, 2112, 2119, 2128, 2155, 2162, 2173, 2185, 2198, 2217, 2221, 2225, 2229, 2244, 2247, 2266, 2282, 2301, 2312, 2316, 2328, 2336]",[],"[23, 31, 33, 35, 37, 39, 41, 43, 45, 47, 49, 51, 53, 55, 57, 59, 61, 63, 65, 67, 69, 71, 73, 75, 77, 79, 113, 158, 162, 171, 173, 177, 181, 197, 208, 212, 220, 233, 235, 237, 249, 263, 287, 297, 321, 323, 325, 331, 333, 339, 373, 379, 387, 401, 425, 438, 469, 484, 494, 496, 503, 506, 572, 618, 633, 691, 708, 711, 716, 724, 728, 737, 757, 760, 815, 821, 824, 828, 837, 876, 880, 906, 911, 915, 925, 938, 942, 948, 977, 979, 988, 1026, 1030, 1032, 1036, 1055, 1057, 1072, 1081, 1117, 1123, 1157, 1164, 1228, 1232, 1241, 1245, 1247, 1258, 1469, 1511, 1534, 1544, 1567, 1570, 1574, 1576, 1604, 1613, 1618, 1634, 1644, 1658, 1710, 1724, 1733, 1749, 1761, 1772, 1775, 1801, 1815, 1837, 1839, 1871, 1876, 1884, 1969, 1983, 1988, 1990, 1998, 2016, 2064, 2084, 2086, 2095, 2112, 2119, 2128, 2155, 2162, 2173, 2185, 2198, 2217, 2221, 2225, 2229, 2244, 2247, 2266, 2282, 2301, 2312, 2316, 2328, 2336]",[1227],2333,168,2165,0,168,2164,1
-4.0,RNPBPG,"[9, 13, 22, 40, 56, 92, 107, 126, 130, 137, 143, 146, 232, 236, 253, 263, 268, 332, 337, 389, 400, 405, 426, 438, 488, 502, 508, 516, 544, 578, 596, 677, 688, 745, 781, 811, 839, 878, 883, 905, 921, 923, 930, 933, 938, 945, 957, 981, 995, 1010, 1019, 1031, 1044, 1080, 1082, 1099, 1102, 1106, 1118, 1122, 1156, 1160, 1178, 1181, 1185, 1191, 1201, 1207, 1317, 1319, 1354, 1375, 1378, 1398, 1408, 1421, 1438, 1444, 1457, 1509, 1511, 1514, 1523, 1533, 1547, 1560, 1562, 1565, 1586, 1638, 1658, 1680, 1722, 1737, 1769, 1786, 1792, 1802, 1809, 1814, 1824, 1846, 1868, 1878, 1898, 1904, 1909, 1954, 1979, 1988, 1996, 2003, 2051, 2067, 2079, 2085, 2101, 2137, 2143, 2161, 2175, 2240, 2246, 2251, 2280, 2283, 2306, 2317, 2379, 2386, 2388, 2426, 2435, 2445, 2447, 2504, 2509, 2516, 2523, 2563, 2593, 2605, 2607, 2621, 2630, 2639, 2643, 2676, 2710, 2723, 2774, 2795, 2873, 2891, 2901, 2917, 2951, 2955, 2994, 3000, 3006, 3050, 3057, 3061, 3086, 3094, 3101, 3113, 3124, 3129, 3131, 3154, 3180, 3191, 3195, 3203, 3212, 3215, 3241, 3294, 3298, 3364, 3421, 3464, 3484, 3516, 3533, 3554, 3574, 3577, 3645, 3651, 3662, 3686, 3745, 3757, 3768, 3776, 3781, 3787, 3792, 3815, 3818, 3822, 3856, 3862, 3911, 3915, 3925, 3932, 3962, 3964, 3973, 3979, 3986, 3995, 4010, 4016, 4028, 4057, 4061, 4074, 4127, 4136, 4160, 4179, 4185, 4219, 4222, 4264, 4286, 4316, 4350, 4432, 4447, 4451, 4458, 4501, 4523, 4532, 4535, 4549, 4559, 4561, 4581, 4600, 4606, 4617, 4624, 4640, 4700, 4718, 4735, 4773, 4780, 4816, 4818, 4820, 4928, 4938, 4979, 4989, 5014, 5042, 5078, 5089, 5098, 5118, 5123, 5125, 5137, 5148, 5156, 5173, 5314, 5316, 5319, 5341, 5372, 5392, 5405, 5429, 5439, 5499, 5501, 5516, 5522, 5536, 5548, 5554, 5557, 5607, 5719, 5744, 5752, 5759, 5762, 5768, 5834, 5846, 5853, 5881, 5948, 5964, 5979, 6017]",[],"[9, 13, 22, 40, 56, 92, 107, 126, 130, 137, 143, 146, 232, 236, 253, 263, 268, 332, 337, 389, 400, 405, 426, 438, 488, 502, 508, 516, 544, 578, 596, 677, 688, 745, 781, 811, 839, 878, 883, 905, 921, 923, 930, 933, 938, 945, 957, 981, 995, 1010, 1019, 1031, 1044, 1080, 1082, 1099, 1102, 1106, 1118, 1122, 1156, 1160, 1178, 1181, 1185, 1191, 1201, 1207, 1317, 1319, 1354, 1375, 1378, 1398, 1408, 1421, 1438, 1444, 1457, 1509, 1511, 1514, 1523, 1533, 1547, 1560, 1562, 1565, 1586, 1638, 1658, 1680, 1722, 1737, 1769, 1786, 1792, 1802, 1809, 1814, 1824, 1846, 1868, 1878, 1898, 1904, 1909, 1954, 1979, 1988, 1996, 2003, 2051, 2067, 2079, 2085, 2101, 2137, 2143, 2161, 2175, 2240, 2246, 2251, 2280, 2283, 2306, 2317, 2379, 2386, 2388, 2426, 2435, 2445, 2447, 2504, 2509, 2516, 2523, 2563, 2593, 2605, 2607, 2621, 2630, 2639, 2643, 2676, 2710, 2723, 2774, 2795, 2873, 2891, 2901, 2917, 2951, 2955, 2994, 3000, 3006, 3050, 3057, 3061, 3086, 3094, 3101, 3113, 3124, 3129, 3131, 3154, 3180, 3191, 3195, 3203, 3212, 3215, 3241, 3294, 3298, 3364, 3421, 3464, 3484, 3516, 3533, 3554, 3574, 3577, 3645, 3651, 3662, 3686, 3745, 3757, 3768, 3776, 3781, 3787, 3792, 3815, 3818, 3822, 3856, 3862, 3911, 3915, 3925, 3932, 3962, 3964, 3973, 3979, 3986, 3995, 4010, 4016, 4028, 4057, 4061, 4074, 4127, 4136, 4160, 4179, 4185, 4219, 4222, 4264, 4286, 4316, 4350, 4432, 4447, 4451, 4458, 4501, 4523, 4532, 4535, 4549, 4559, 4561, 4581, 4600, 4606, 4617, 4624, 4640, 4700, 4718, 4735, 4773, 4780, 4816, 4818, 4820, 4928, 4938, 4979, 4989, 5014, 5042, 5078, 5089, 5098, 5118, 5123, 5125, 5137, 5148, 5156, 5173, 5314, 5316, 5319, 5341, 5372, 5392, 5405, 5429, 5439, 5499, 5501, 5516, 5522, 5536, 5548, 5554, 5557, 5607, 5719, 5744, 5752, 5759, 5762, 5768, 5834, 5846, 5853, 5881, 5948, 5964, 5979, 6017]","[1117, 2950]",6022,306,5716,0,306,5714,2
-4.0,RNPGMUT,"[7, 18, 26, 33, 64, 93, 135, 146, 166, 168, 175, 177, 179, 181, 183, 185, 187, 189, 191, 193, 195, 197, 199, 201, 203, 205, 207, 209, 211, 218, 227, 232, 237, 278, 316, 337, 339, 371, 384, 387, 421, 433, 456, 461, 467, 473, 481, 484, 492, 494, 507, 522, 573, 580, 623, 625, 688, 692, 695, 698, 707, 709, 742, 749, 760, 768, 774, 801, 806, 852, 854, 862, 887, 916, 921, 931, 946, 956, 967, 983, 988, 1004, 1035, 1047, 1064, 1089, 1101, 1119, 1151, 1169, 1201, 1207, 1217, 1244, 1250, 1257, 1274, 1335, 1353, 1357, 1399, 1413, 1417, 1423, 1426, 1463, 1516, 1532, 1597, 1606, 1617, 1619, 1624, 1638, 1654, 1670, 1676, 1684, 1735, 1818, 1857, 1873, 1875, 1896, 1913, 1917, 1920, 1922, 1926, 1935, 1963, 1985, 2024, 2033, 2063, 2065, 2084, 2133, 2177, 2199, 2220, 2243, 2249, 2253, 2267, 2288, 2292, 2302, 2307, 2335, 2341, 2358, 2367]",[],"[7, 18, 26, 33, 64, 93, 135, 146, 166, 168, 175, 177, 179, 181, 183, 185, 187, 189, 191, 193, 195, 197, 199, 201, 203, 205, 207, 209, 211, 218, 227, 232, 237, 278, 316, 337, 339, 371, 384, 387, 421, 433, 456, 461, 467, 473, 481, 484, 492, 494, 507, 522, 573, 580, 623, 625, 688, 692, 695, 698, 707, 709, 742, 749, 760, 768, 774, 801, 806, 852, 854, 862, 887, 916, 921, 931, 946, 956, 967, 983, 988, 1004, 1035, 1047, 1064, 1089, 1101, 1119, 1151, 1169, 1201, 1207, 1217, 1244, 1250, 1257, 1274, 1335, 1353, 1357, 1399, 1413, 1417, 1423, 1426, 1463, 1516, 1532, 1597, 1606, 1617, 1619, 1624, 1638, 1654, 1670, 1676, 1684, 1735, 1818, 1857, 1873, 1875, 1896, 1913, 1917, 1920, 1922, 1926, 1935, 1963, 1985, 2024, 2033, 2063, 2065, 2084, 2133, 2177, 2199, 2220, 2243, 2249, 2253, 2267, 2288, 2292, 2302, 2307, 2335, 2341, 2358, 2367]","[1596, 1872]",2421,153,2268,0,153,2266,2
-4.0,RNPROST22,"[19, 28, 46, 58, 106, 194, 238, 263, 307, 317, 385, 396, 419, 439, 445, 457, 459, 467, 476, 495, 500, 529, 531, 539, 546, 571, 642, 685, 690, 722, 734, 784, 793, 821, 855, 877, 881, 905, 907, 913, 915, 921, 965, 1028, 1065, 1075, 1129, 1173, 1180, 1203, 1220, 1238, 1252, 1263, 1277, 1308, 1315, 1335, 1396, 1404, 1413, 1415, 1417, 1419, 1421, 1423, 1425, 1427, 1429, 1431, 1433, 1435, 1437, 1439, 1441, 1443, 1445, 1447, 1449, 1451, 1453, 1455, 1457, 1459, 1461, 1465, 1471, 1473, 1478, 1493, 1497, 1499, 1505, 1511, 1527, 1576, 1637, 1657, 1682, 1697, 1717, 1724, 1731, 1739, 1743, 1760, 1768, 1788, 1790, 1792, 1798, 1806, 1837, 1839, 1871, 1899, 1942, 1995, 2003, 2012, 2026, 2045, 2109, 2164, 2187, 2194, 2201, 2229, 2251, 2253, 2299, 2322, 2357, 2365, 2386, 2407, 2420, 2448, 2528, 2542, 2552, 2557, 2570, 2592, 2597, 2619, 2623, 2631, 2635, 2676, 2703, 2709, 2742, 2747, 2749, 2751, 2759, 2767, 2815, 2830, 2847, 2850, 2858, 2864, 2897, 2924, 2947, 3019, 3021, 3043, 3061, 3089, 3091, 3111, 3122, 3152, 3160, 3247, 3259, 3269, 3278, 3295, 3325, 3348, 3350, 3355, 3377, 3408, 3418, 3422, 3424, 3426, 3428, 3470, 3472, 3485, 3503, 3559, 3573, 3586, 3616, 3648, 3650, 3652, 3659, 3669, 3681, 3691, 3700, 3708, 3719, 3729, 3749, 3751, 3768, 3770, 3778, 3801, 3812, 3826, 3828, 3830, 3836, 3842, 3846, 3869, 3875, 3877, 3881, 3917, 3921, 3925, 3927, 4012, 4049, 4056, 4082, 4089, 4170, 4175, 4218, 4237, 4242, 4248, 4268, 4275, 4278, 4280, 4342, 4352, 4380, 4388, 4398, 4433, 4458, 4495, 4527, 4540, 4552, 4566, 4584, 4602, 4606, 4612, 4614, 4616, 4632, 4647, 4666, 4689, 4723, 4728, 4732, 4747, 4755, 4776, 4821, 4857, 4860, 4869, 4876, 4887, 4921, 4929, 4935, 4945, 4953, 4961, 4966, 4969, 5021, 5027, 5043, 5065, 5074, 5092, 5101, 5132, 5162, 5186, 5197, 5255, 5269, 5275, 5283, 5289, 5303, 5334, 5338, 5362, 5396, 5476, 5478, 5519, 5529, 5532, 5539, 5543, 5550, 5553, 5555, 5580, 5593, 5602, 5608, 5619, 5629, 5663, 5681, 5685, 5716, 5766, 5876, 5912, 5941, 5943, 5953, 5981, 5987, 6010, 6030, 6045, 6130, 6134, 6139, 6163, 6215, 6238, 6241, 6244, 6266, 6315, 6334, 6340, 6367, 6382, 6384, 6418, 6434, 6478, 6521, 6523, 6525, 6537, 6555, 6634, 6642, 6647, 6681, 6694, 6729, 6791, 6806, 6822, 6827, 6832, 6848, 6891, 6931, 6953, 6956, 6968, 6975, 6979, 7005, 7024, 7028, 7030, 7035, 7042, 7051, 7065, 7070, 7083, 7092, 7138, 7170, 7173, 7193, 7213, 7252, 7304, 7313, 7324, 7327, 7377, 7386, 7388, 7413, 7415, 7417, 7432, 7442, 7456, 7471, 7473, 7501, 7561, 7563, 7575, 7601, 7603, 7624, 7626, 7647, 7658]",[],"[19, 28, 46, 58, 106, 194, 238, 263, 307, 317, 385, 396, 419, 439, 445, 457, 459, 467, 476, 495, 500, 529, 531, 539, 546, 571, 642, 685, 690, 722, 734, 784, 793, 821, 855, 877, 881, 905, 907, 913, 915, 921, 965, 1028, 1065, 1075, 1129, 1173, 1180, 1203, 1220, 1238, 1252, 1263, 1277, 1308, 1315, 1335, 1396, 1404, 1413, 1415, 1417, 1419, 1421, 1423, 1425, 1427, 1429, 1431, 1433, 1435, 1437, 1439, 1441, 1443, 1445, 1447, 1449, 1451, 1453, 1455, 1457, 1459, 1461, 1465, 1471, 1473, 1478, 1493, 1497, 1499, 1505, 1511, 1527, 1576, 1637, 1657, 1682, 1697, 1717, 1724, 1731, 1739, 1743, 1760, 1768, 1788, 1790, 1792, 1798, 1806, 1837, 1839, 1871, 1899, 1942, 1995, 2003, 2012, 2026, 2045, 2109, 2164, 2187, 2194, 2201, 2229, 2251, 2253, 2299, 2322, 2357, 2365, 2386, 2407, 2420, 2448, 2528, 2542, 2552, 2557, 2570, 2592, 2597, 2619, 2623, 2631, 2635, 2676, 2703, 2709, 2742, 2747, 2749, 2751, 2759, 2767, 2815, 2830, 2847, 2850, 2858, 2864, 2897, 2924, 2947, 3019, 3021, 3043, 3061, 3089, 3091, 3111, 3122, 3152, 3160, 3247, 3259, 3269, 3278, 3295, 3325, 3348, 3350, 3355, 3377, 3408, 3418, 3422, 3424, 3426, 3428, 3470, 3472, 3485, 3503, 3559, 3573, 3586, 3616, 3648, 3650, 3652, 3659, 3669, 3681, 3691, 3700, 3708, 3719, 3729, 3749, 3751, 3768, 3770, 3778, 3801, 3812, 3826, 3828, 3830, 3836, 3842, 3846, 3869, 3875, 3877, 3881, 3917, 3921, 3925, 3927, 4012, 4049, 4056, 4082, 4089, 4170, 4175, 4218, 4237, 4242, 4248, 4268, 4275, 4278, 4280, 4342, 4352, 4380, 4388, 4398, 4433, 4458, 4495, 4527, 4540, 4552, 4566, 4584, 4602, 4606, 4612, 4614, 4616, 4632, 4647, 4666, 4689, 4723, 4728, 4732, 4747, 4755, 4776, 4821, 4857, 4860, 4869, 4876, 4887, 4921, 4929, 4935, 4945, 4953, 4961, 4966, 4969, 5021, 5027, 5043, 5065, 5074, 5092, 5101, 5132, 5162, 5186, 5197, 5255, 5269, 5275, 5283, 5289, 5303, 5334, 5338, 5362, 5396, 5476, 5478, 5519, 5529, 5532, 5539, 5543, 5550, 5553, 5555, 5580, 5593, 5602, 5608, 5619, 5629, 5663, 5681, 5685, 5716, 5766, 5876, 5912, 5941, 5943, 5953, 5981, 5987, 6010, 6030, 6045, 6130, 6134, 6139, 6163, 6215, 6238, 6241, 6244, 6266, 6315, 6334, 6340, 6367, 6382, 6384, 6418, 6434, 6478, 6521, 6523, 6525, 6537, 6555, 6634, 6642, 6647, 6681, 6694, 6729, 6791, 6806, 6822, 6827, 6832, 6848, 6891, 6931, 6953, 6956, 6968, 6975, 6979, 7005, 7024, 7028, 7030, 7035, 7042, 7051, 7065, 7070, 7083, 7092, 7138, 7170, 7173, 7193, 7213, 7252, 7304, 7313, 7324, 7327, 7377, 7386, 7388, 7413, 7415, 7417, 7432, 7442, 7456, 7471, 7473, 7501, 7561, 7563, 7575, 7601, 7603, 7624, 7626, 7647, 7658]","[876, 3647, 4526]",7668,426,7242,0,426,7239,3
-4.0,RNREVSV2A,"[6, 13, 15, 17, 22, 52, 54, 61, 63, 68, 72, 77, 108, 122, 157, 186, 194, 198, 201, 211, 215, 227, 288, 291, 307, 313, 337, 394, 401, 422, 503, 539, 545, 566, 597, 620, 630, 637, 656, 664, 671, 727, 729, 737, 742, 755, 763, 810, 849, 872, 878, 936, 941, 954, 959, 961, 1002, 1010, 1031, 1033, 1037, 1065, 1070, 1098, 1103, 1178, 1202, 1217, 1223, 1229, 1235, 1262, 1270, 1279, 1305, 1309, 1311, 1315, 1333, 1342, 1368, 1394, 1397, 1399, 1405, 1416, 1418, 1477, 1479, 1511, 1541, 1547, 1549, 1560, 1565, 1580, 1610, 1628, 1672, 1707, 1729]",[],"[6, 13, 15, 17, 22, 52, 54, 61, 63, 68, 72, 77, 108, 122, 157, 186, 194, 198, 201, 211, 215, 227, 288, 291, 307, 313, 337, 394, 401, 422, 503, 539, 545, 566, 597, 620, 630, 637, 656, 664, 671, 727, 729, 737, 742, 755, 763, 810, 849, 872, 878, 936, 941, 954, 959, 961, 1002, 1010, 1031, 1033, 1037, 1065, 1070, 1098, 1103, 1178, 1202, 1217, 1223, 1229, 1235, 1262, 1270, 1279, 1305, 1309, 1311, 1315, 1333, 1342, 1368, 1394, 1397, 1399, 1405, 1416, 1418, 1477, 1479, 1511, 1541, 1547, 1549, 1560, 1565, 1580, 1610, 1628, 1672, 1707, 1729]","[67, 1304]",1731,101,1630,0,101,1628,2
-4.0,RNSDHG,"[18, 42, 44, 59, 106, 108, 117, 150, 161, 163, 176, 178, 200, 204, 206, 267, 279, 286, 291, 300, 314, 355, 380, 384, 401, 406, 436, 438, 454, 459, 462, 469, 524, 532, 544, 546, 569, 643, 645, 657, 687, 698, 728, 737, 744, 750, 769, 771, 815, 818, 837, 882, 904, 907, 935, 942, 965, 982, 1008, 1010, 1012, 1019, 1029, 1031, 1090, 1092, 1094, 1096, 1098, 1100, 1102, 1104, 1106, 1108, 1110, 1112, 1114, 1116, 1118, 1120, 1122, 1124, 1126, 1135, 1147, 1172, 1185, 1194, 1200, 1203, 1206, 1209, 1212, 1218, 1225, 1240, 1243, 1252, 1254, 1261, 1264, 1274, 1281, 1287, 1299, 1319, 1331, 1348, 1377, 1385, 1394, 1421, 1427, 1445, 1452, 1489, 1534, 1537, 1548, 1550, 1568, 1580, 1608, 1626, 1636, 1644, 1661, 1739, 1762, 1776, 1778, 1782, 1801, 1803, 1805, 1834, 1847, 1892, 1914, 1940, 1994, 2022, 2025, 2062, 2123, 2125, 2185, 2199, 2206, 2210, 2226, 2257, 2292, 2298, 2306, 2316, 2355, 2364, 2370, 2383, 2395, 2423, 2465, 2484, 2524, 2534, 2541, 2564, 2602, 2626, 2632, 2682, 2698, 2702, 2743, 2752, 2754, 2762, 2784, 2801, 2806, 2858, 2862, 2868, 2872, 2876, 2908, 2935, 2948, 2950, 2982, 2987, 3002, 3036, 3042, 3054, 3056, 3079, 3105, 3126, 3149, 3162, 3171, 3193, 3199, 3291, 3302, 3307, 3312, 3342, 3371, 3464, 3470, 3481, 3499, 3555, 3570, 3574, 3586, 3588, 3593, 3609, 3645, 3647, 3810, 3826, 3842, 3851, 3856, 3880, 3909, 3920, 3976, 4004, 4010, 4047, 4052, 4064, 4078, 4099, 4101, 4103, 4105, 4107, 4109, 4111, 4113, 4115, 4117, 4119, 4121, 4123, 4125, 4127, 4129, 4131, 4133, 4135, 4137, 4139, 4141, 4143, 4145, 4147, 4149, 4180, 4190, 4194, 4238, 4245, 4256, 4275, 4328, 4340, 4366, 4369, 4391, 4393, 4414, 4424, 4427, 4465, 4502, 4512, 4528, 4551, 4564, 4566, 4568, 4641, 4653, 4676, 4696, 4706, 4708, 4748, 4755, 4762, 4772, 4789, 4824, 4881, 4898, 4995, 5023, 5026, 5080, 5094, 5148, 5164, 5238, 5244, 5289, 5292, 5304, 5307, 5344, 5348, 5415, 5445, 5478, 5517, 5550, 5553, 5566, 5582, 5588, 5591, 5599, 5622, 5642, 5668, 5679, 5692, 5696, 5703, 5707, 5729, 5734, 5736, 5738, 5743, 5801, 5804, 5807, 5820, 5841, 5867, 5872, 5975, 5978, 6035, 6041, 6044, 6053, 6057, 6070, 6090, 6096, 6126, 6214, 6219, 6221, 6254, 6258, 6286, 6288, 6291, 6303, 6331, 6373, 6407, 6413, 6424, 6476, 6480, 6503, 6513, 6530, 6568, 6572, 6577, 6585, 6593, 6598, 6603, 6615, 6635, 6642, 6647, 6690, 6709, 6711, 6776, 6821, 6826, 6830, 6837, 6850, 6857, 6860, 6878, 6893, 6944, 6962, 6985, 7018, 7035, 7067, 7082, 7086, 7090, 7099, 7105, 7113, 7118, 7135, 7163, 7184, 7201, 7340, 7349, 7356, 7371, 7373, 7384, 7391, 7403, 7457, 7459, 7481, 7509, 7533, 7554, 7564, 7601, 7643, 7684, 7700, 7712, 7718, 7732, 7737, 7741, 7750, 7779, 7817, 7821, 7849, 7856, 7896, 7956, 7963, 7981, 8015, 8074, 8110, 8145, 8178, 8180, 8182, 8223, 8227, 8233, 8235, 8246, 8281, 8293, 8308, 8315, 8334, 8356, 8362, 8375, 8384, 8401, 8421, 8427, 8446, 8462, 8470, 8488, 8505, 8517, 8546, 8548, 8564, 8566, 8575, 8598, 8626, 8647, 8664, 8668, 8672, 8676, 8681, 8751, 8755, 8758, 8794, 8833, 8839, 8854, 8863, 8889, 8919, 8934, 8937, 9021, 9038, 9052, 9064, 9118, 9129, 9131, 9151, 9153, 9161, 9163, 9166, 9168, 9217, 9220, 9226, 9228, 9230, 9233, 9303, 9337, 9354, 9363, 9369, 9381, 9404, 9428, 9452, 9481, 9495, 9501, 9542, 9547]",[],"[18, 42, 44, 59, 106, 108, 117, 150, 161, 163, 176, 178, 200, 204, 206, 267, 279, 286, 291, 300, 314, 355, 380, 384, 401, 406, 436, 438, 454, 459, 462, 469, 524, 532, 544, 546, 569, 643, 645, 657, 687, 698, 728, 737, 744, 750, 769, 771, 815, 818, 837, 882, 904, 907, 935, 942, 965, 982, 1008, 1010, 1012, 1019, 1029, 1031, 1090, 1092, 1094, 1096, 1098, 1100, 1102, 1104, 1106, 1108, 1110, 1112, 1114, 1116, 1118, 1120, 1122, 1124, 1126, 1135, 1147, 1172, 1185, 1194, 1200, 1203, 1206, 1209, 1212, 1218, 1225, 1240, 1243, 1252, 1254, 1261, 1264, 1274, 1281, 1287, 1299, 1319, 1331, 1348, 1377, 1385, 1394, 1421, 1427, 1445, 1452, 1489, 1534, 1537, 1548, 1550, 1568, 1580, 1608, 1626, 1636, 1644, 1661, 1739, 1762, 1776, 1778, 1782, 1801, 1803, 1805, 1834, 1847, 1892, 1914, 1940, 1994, 2022, 2025, 2062, 2123, 2125, 2185, 2199, 2206, 2210, 2226, 2257, 2292, 2298, 2306, 2316, 2355, 2364, 2370, 2383, 2395, 2423, 2465, 2484, 2524, 2534, 2541, 2564, 2602, 2626, 2632, 2682, 2698, 2702, 2743, 2752, 2754, 2762, 2784, 2801, 2806, 2858, 2862, 2868, 2872, 2876, 2908, 2935, 2948, 2950, 2982, 2987, 3002, 3036, 3042, 3054, 3056, 3079, 3105, 3126, 3149, 3162, 3171, 3193, 3199, 3291, 3302, 3307, 3312, 3342, 3371, 3464, 3470, 3481, 3499, 3555, 3570, 3574, 3586, 3588, 3593, 3609, 3645, 3647, 3810, 3826, 3842, 3851, 3856, 3880, 3909, 3920, 3976, 4004, 4010, 4047, 4052, 4064, 4078, 4099, 4101, 4103, 4105, 4107, 4109, 4111, 4113, 4115, 4117, 4119, 4121, 4123, 4125, 4127, 4129, 4131, 4133, 4135, 4137, 4139, 4141, 4143, 4145, 4147, 4149, 4180, 4190, 4194, 4238, 4245, 4256, 4275, 4328, 4340, 4366, 4369, 4391, 4393, 4414, 4424, 4427, 4465, 4502, 4512, 4528, 4551, 4564, 4566, 4568, 4641, 4653, 4676, 4696, 4706, 4708, 4748, 4755, 4762, 4772, 4789, 4824, 4881, 4898, 4995, 5023, 5026, 5080, 5094, 5148, 5164, 5238, 5244, 5289, 5292, 5304, 5307, 5344, 5348, 5415, 5445, 5478, 5517, 5550, 5553, 5566, 5582, 5588, 5591, 5599, 5622, 5642, 5668, 5679, 5692, 5696, 5703, 5707, 5729, 5734, 5736, 5738, 5743, 5801, 5804, 5807, 5820, 5841, 5867, 5872, 5975, 5978, 6035, 6041, 6044, 6053, 6057, 6070, 6090, 6096, 6126, 6214, 6219, 6221, 6254, 6258, 6286, 6288, 6291, 6303, 6331, 6373, 6407, 6413, 6424, 6476, 6480, 6503, 6513, 6530, 6568, 6572, 6577, 6585, 6593, 6598, 6603, 6615, 6635, 6642, 6647, 6690, 6709, 6711, 6776, 6821, 6826, 6830, 6837, 6850, 6857, 6860, 6878, 6893, 6944, 6962, 6985, 7018, 7035, 7067, 7082, 7086, 7090, 7099, 7105, 7113, 7118, 7135, 7163, 7184, 7201, 7340, 7349, 7356, 7371, 7373, 7384, 7391, 7403, 7457, 7459, 7481, 7509, 7533, 7554, 7564, 7601, 7643, 7684, 7700, 7712, 7718, 7732, 7737, 7741, 7750, 7779, 7817, 7821, 7849, 7856, 7896, 7956, 7963, 7981, 8015, 8074, 8110, 8145, 8178, 8180, 8182, 8223, 8227, 8233, 8235, 8246, 8281, 8293, 8308, 8315, 8334, 8356, 8362, 8375, 8384, 8401, 8421, 8427, 8446, 8462, 8470, 8488, 8505, 8517, 8546, 8548, 8564, 8566, 8575, 8598, 8626, 8647, 8664, 8668, 8672, 8676, 8681, 8751, 8755, 8758, 8794, 8833, 8839, 8854, 8863, 8889, 8919, 8934, 8937, 9021, 9038, 9052, 9064, 9118, 9129, 9131, 9151, 9153, 9161, 9163, 9166, 9168, 9217, 9220, 9226, 9228, 9230, 9233, 9303, 9337, 9354, 9363, 9369, 9381, 9404, 9428, 9452, 9481, 9495, 9501, 9542, 9547]","[4640, 5691, 6052, 6253, 6984, 8671]",9571,542,9029,0,542,9023,6
-4.0,RNSVFG,"[22, 31, 52, 55, 68, 76, 94, 144, 147, 174, 183, 191, 198, 205, 214, 244, 246, 249, 275, 331, 350, 404, 429, 439, 455, 464, 470, 501, 505, 516, 532, 545, 559, 573, 575, 607, 637, 641, 647, 671, 710, 843, 876, 899, 927, 947, 992, 1019, 1034, 1052, 1061, 1078, 1097, 1106, 1109, 1127, 1183, 1211, 1213, 1251, 1255, 1257, 1268, 1289, 1310, 1318, 1327, 1332, 1348, 1618, 1633, 1649, 1667, 1728, 1738, 1765, 1767, 1775, 1825, 1834, 1848, 1857, 1866, 1868, 1886, 1895, 1920, 1934, 1938, 1964, 2067, 2080, 2102, 2110, 2130, 2135]",[],"[22, 31, 52, 55, 68, 76, 94, 144, 147, 174, 183, 191, 198, 205, 214, 244, 246, 249, 275, 331, 350, 404, 429, 439, 455, 464, 470, 501, 505, 516, 532, 545, 559, 573, 575, 607, 637, 641, 647, 671, 710, 843, 876, 899, 927, 947, 992, 1019, 1034, 1052, 1061, 1078, 1097, 1106, 1109, 1127, 1183, 1211, 1213, 1251, 1255, 1257, 1268, 1289, 1310, 1318, 1327, 1332, 1348, 1618, 1633, 1649, 1667, 1728, 1738, 1765, 1767, 1775, 1825, 1834, 1848, 1857, 1866, 1868, 1886, 1895, 1920, 1934, 1938, 1964, 2067, 2080, 2102, 2110, 2130, 2135]",[500],1844,96,1748,0,96,1747,1
-4.0,RNTHYCSG,"[41, 69, 82, 119, 129, 146, 161, 171, 173, 209, 212, 215, 267, 270, 273, 276, 279, 314, 319, 323, 327, 331, 347, 356, 360, 380, 544, 560, 579, 601, 604, 635, 659, 664, 680, 694, 698, 729, 735, 746, 762, 786, 814, 851, 882, 887, 903, 930, 943, 960, 1007, 1009, 1020, 1062, 1072, 1081, 1100, 1106, 1114, 1121, 1136, 1174, 1203, 1228, 1230, 1238, 1243, 1280, 1317, 1320, 1341, 1343, 1349, 1354, 1367, 1414, 1430, 1451, 1455, 1482, 1487, 1489, 1492, 1509, 1583, 1590, 1622, 1635, 1711, 1731, 1779, 1803, 1810, 1834, 1838, 1865, 1867, 1879, 1907, 1911, 1963, 1971, 1973, 1977, 1984, 1989, 1999, 2006, 2016, 2068, 2101, 2108, 2169, 2184, 2197, 2204, 2247, 2272, 2278, 2289, 2332, 2342, 2357, 2373, 2404, 2442, 2467, 2499, 2512, 2517, 2519, 2593, 2595, 2663, 2667, 2673, 2675, 2679, 2701, 2717, 2727, 2735, 2737, 2746, 2764, 2853]",[],"[41, 69, 82, 119, 129, 146, 161, 171, 173, 209, 212, 215, 267, 270, 273, 276, 279, 314, 319, 323, 327, 331, 347, 356, 360, 380, 544, 560, 579, 601, 604, 635, 659, 664, 680, 694, 698, 729, 735, 746, 762, 786, 814, 851, 882, 887, 903, 930, 943, 960, 1007, 1009, 1020, 1062, 1072, 1081, 1100, 1106, 1114, 1121, 1136, 1174, 1203, 1228, 1230, 1238, 1243, 1280, 1317, 1320, 1341, 1343, 1349, 1354, 1367, 1414, 1430, 1451, 1455, 1482, 1487, 1489, 1492, 1509, 1583, 1590, 1622, 1635, 1711, 1731, 1779, 1803, 1810, 1834, 1838, 1865, 1867, 1879, 1907, 1911, 1963, 1971, 1973, 1977, 1984, 1989, 1999, 2006, 2016, 2068, 2101, 2108, 2169, 2184, 2197, 2204, 2247, 2272, 2278, 2289, 2332, 2342, 2357, 2373, 2404, 2442, 2467, 2499, 2512, 2517, 2519, 2593, 2595, 2663, 2667, 2673, 2675, 2679, 2701, 2717, 2727, 2735, 2737, 2746, 2764, 2853]","[68, 1071]",2856,146,2710,0,146,2708,2
-4.0,RNU03551,"[25, 28, 47, 51, 53, 65, 76, 86, 90, 140, 154, 161, 170, 192, 200, 210, 220, 254, 261, 297, 365, 388, 438, 455, 540, 579, 585, 592, 603, 613, 621, 662, 671, 689, 691, 710, 716, 722, 767, 800, 806, 808, 821, 833, 843, 893, 932, 949, 1014, 1079, 1081, 1109, 1195, 1281, 1408, 1412, 1459, 1472, 1483, 1486, 1514, 1533, 1546, 1576, 1599, 1618, 1623, 1635, 1657, 1675, 1695, 1716, 1746, 1757, 1759, 1779, 1782, 1789, 1858, 1864, 1898, 1905, 1914, 1944, 1950, 1970, 1974, 1976, 1983, 1996, 1998, 2007, 2014, 2053, 2104, 2116, 2120, 2139, 2149, 2162, 2184, 2241, 2264, 2269, 2274, 2276, 2298, 2306, 2313, 2318, 2320, 2343, 2366, 2374, 2398, 2411, 2419, 2423, 2439, 2462, 2496, 2512, 2516, 2522, 2528, 2553, 2557, 2584, 2593, 2603, 2615, 2618, 2620, 2636, 2643, 2657, 2659, 2684, 2687, 2703, 2721, 2757, 2840, 2842, 2859, 2877, 2915, 2932, 2965, 2967, 3007, 3065, 3074, 3077, 3080, 3084, 3088, 3124, 3155, 3160, 3170, 3177, 3190, 3197, 3212, 3218, 3220, 3227, 3241, 3247, 3249, 3255, 3288, 3290, 3307, 3310, 3330, 3332, 3341, 3346, 3348, 3361, 3365, 3370, 3388, 3395, 3435, 3443, 3445, 3464, 3491, 3499, 3507, 3518, 3520, 3527, 3544, 3547, 3562]",[],"[25, 28, 47, 51, 53, 65, 76, 86, 90, 140, 154, 161, 170, 192, 200, 210, 220, 254, 261, 297, 365, 388, 438, 455, 540, 579, 585, 592, 603, 613, 621, 662, 671, 689, 691, 710, 716, 722, 767, 800, 806, 808, 821, 833, 843, 893, 932, 949, 1014, 1079, 1081, 1109, 1195, 1281, 1408, 1412, 1459, 1472, 1483, 1486, 1514, 1533, 1546, 1576, 1599, 1618, 1623, 1635, 1657, 1675, 1695, 1716, 1746, 1757, 1759, 1779, 1782, 1789, 1858, 1864, 1898, 1905, 1914, 1944, 1950, 1970, 1974, 1976, 1983, 1996, 1998, 2007, 2014, 2053, 2104, 2116, 2120, 2139, 2149, 2162, 2184, 2241, 2264, 2269, 2274, 2276, 2298, 2306, 2313, 2318, 2320, 2343, 2366, 2374, 2398, 2411, 2419, 2423, 2439, 2462, 2496, 2512, 2516, 2522, 2528, 2553, 2557, 2584, 2593, 2603, 2615, 2618, 2620, 2636, 2643, 2657, 2659, 2684, 2687, 2703, 2721, 2757, 2840, 2842, 2859, 2877, 2915, 2932, 2965, 2967, 3007, 3065, 3074, 3077, 3080, 3084, 3088, 3124, 3155, 3160, 3170, 3177, 3190, 3197, 3212, 3218, 3220, 3227, 3241, 3247, 3249, 3255, 3288, 3290, 3307, 3310, 3330, 3332, 3341, 3346, 3348, 3361, 3365, 3370, 3388, 3395, 3435, 3443, 3445, 3464, 3491, 3499, 3507, 3518, 3520, 3527, 3544, 3547, 3562]","[832, 2418, 3083]",3591,199,3392,0,199,3389,3
-4.0,RNU09193,"[22, 25, 34, 129, 138, 152, 197, 251, 261, 277, 303, 357, 382, 396, 403, 439, 470, 504, 529, 538, 564, 567, 574, 598, 600, 603, 605, 666, 682, 708, 725, 742, 750, 772, 784, 823, 858, 860, 864, 895, 900, 964, 991, 1011, 1026, 1049, 1053, 1063, 1078, 1114, 1126, 1136, 1142, 1149, 1169, 1216, 1277, 1295, 1306, 1323, 1326, 1337, 1364, 1374, 1393, 1396, 1411, 1435, 1450, 1458, 1464, 1473, 1535, 1541, 1548, 1569, 1594, 1627, 1638, 1654, 1656, 1686, 1695, 1715, 1728, 1732, 1743, 1760, 1773, 1779, 1828, 1852, 1889, 1899, 1901, 1911, 1915, 1951, 1986, 1989, 2019, 2021, 2038, 2053, 2078, 2085, 2095, 2097, 2102, 2108, 2117, 2119, 2134, 2144, 2161, 2164, 2197, 2212, 2232, 2256, 2260, 2282, 2296, 2300, 2311, 2313, 2319, 2333, 2358, 2413, 2450, 2454, 2478, 2491, 2493, 2498, 2505, 2507, 2510, 2529, 2531, 2631, 2651, 2664, 2688, 2716, 2721, 2723, 2737, 2750, 2754, 2760, 2764, 2766, 2789, 2795, 2799, 2811, 2830, 2857, 2890, 2897, 2910, 2916, 2920, 2932, 2980, 2982, 2986, 2993, 3013, 3015, 3035, 3038, 3044, 3055, 3057, 3085, 3130, 3151, 3188, 3200, 3220, 3228, 3233, 3239, 3259, 3265, 3297, 3303, 3327, 3331, 3333, 3337, 3383, 3403, 3405, 3413, 3425, 3433, 3452, 3458, 3472, 3485, 3506, 3528, 3543, 3572, 3574, 3585, 3601, 3613, 3648, 3683, 3693, 3698, 3709, 3748, 3758, 3764, 3788, 3803, 3833, 3843, 3867, 3882, 3900, 3911, 3919, 3957, 3959, 3977, 3994, 4014, 4022, 4036, 4054, 4056, 4133]",[],"[22, 25, 34, 129, 138, 152, 197, 251, 261, 277, 303, 357, 382, 396, 403, 439, 470, 504, 529, 538, 564, 567, 574, 598, 600, 603, 605, 666, 682, 708, 725, 742, 750, 772, 784, 823, 858, 860, 864, 895, 900, 964, 991, 1011, 1026, 1049, 1053, 1063, 1078, 1114, 1126, 1136, 1142, 1149, 1169, 1216, 1277, 1295, 1306, 1323, 1326, 1337, 1364, 1374, 1393, 1396, 1411, 1435, 1450, 1458, 1464, 1473, 1535, 1541, 1548, 1569, 1594, 1627, 1638, 1654, 1656, 1686, 1695, 1715, 1728, 1732, 1743, 1760, 1773, 1779, 1828, 1852, 1889, 1899, 1901, 1911, 1915, 1951, 1986, 1989, 2019, 2021, 2038, 2053, 2078, 2085, 2095, 2097, 2102, 2108, 2117, 2119, 2134, 2144, 2161, 2164, 2197, 2212, 2232, 2256, 2260, 2282, 2296, 2300, 2311, 2313, 2319, 2333, 2358, 2413, 2450, 2454, 2478, 2491, 2493, 2498, 2505, 2507, 2510, 2529, 2531, 2631, 2651, 2664, 2688, 2716, 2721, 2723, 2737, 2750, 2754, 2760, 2764, 2766, 2789, 2795, 2799, 2811, 2830, 2857, 2890, 2897, 2910, 2916, 2920, 2932, 2980, 2982, 2986, 2993, 3013, 3015, 3035, 3038, 3044, 3055, 3057, 3085, 3130, 3151, 3188, 3200, 3220, 3228, 3233, 3239, 3259, 3265, 3297, 3303, 3327, 3331, 3333, 3337, 3383, 3403, 3405, 3413, 3425, 3433, 3452, 3458, 3472, 3485, 3506, 3528, 3543, 3572, 3574, 3585, 3601, 3613, 3648, 3683, 3693, 3698, 3709, 3748, 3758, 3764, 3788, 3803, 3833, 3843, 3867, 3882, 3900, 3911, 3919, 3957, 3959, 3977, 3994, 4014, 4022, 4036, 4054, 4056, 4133]","[2084, 2749, 3084, 3787]",4188,239,3949,0,239,3945,4
-4.0,RNU12250,"[5, 16, 91, 103, 118, 129, 147, 221, 228, 244, 246, 253, 261, 294, 298, 326, 331, 343, 346, 362, 381, 425, 465, 474, 488, 495, 519, 537, 560, 626, 642, 647, 657, 660, 672, 697, 717, 734, 754, 786, 795, 827, 838, 859, 869, 889, 915, 922, 927, 953, 963, 968, 984, 986, 1003, 1005, 1013, 1015, 1027, 1044, 1092, 1095, 1131, 1159, 1161, 1182, 1189, 1209, 1218, 1285, 1299, 1305, 1315, 1349, 1367, 1369, 1459, 1513, 1524, 1532, 1536, 1548, 1555, 1581, 1594, 1601, 1603, 1659, 1672, 1684, 1698, 1700, 1705, 1709, 1713, 1739, 1761, 1770, 1777, 1783, 1786, 1817, 1859]",[],"[5, 16, 91, 103, 118, 129, 147, 221, 228, 244, 246, 253, 261, 294, 298, 326, 331, 343, 346, 362, 381, 425, 465, 474, 488, 495, 519, 537, 560, 626, 642, 647, 657, 660, 672, 697, 717, 734, 754, 786, 795, 827, 838, 859, 869, 889, 915, 922, 927, 953, 963, 968, 984, 986, 1003, 1005, 1013, 1015, 1027, 1044, 1092, 1095, 1131, 1159, 1161, 1182, 1189, 1209, 1218, 1285, 1299, 1305, 1315, 1349, 1367, 1369, 1459, 1513, 1524, 1532, 1536, 1548, 1555, 1581, 1594, 1601, 1603, 1659, 1672, 1684, 1698, 1700, 1705, 1709, 1713, 1739, 1761, 1770, 1777, 1783, 1786, 1817, 1859]","[293, 473]",1864,103,1761,0,103,1759,2
-4.0,RNUCPG,"[4, 6, 16, 19, 47, 58, 78, 83, 113, 117, 126, 134, 138, 156, 158, 174, 188, 191, 214, 225, 240, 247, 256, 277, 290, 354, 360, 366, 371, 381, 392, 437, 448, 459, 479, 499, 537, 579, 583, 587, 596, 614, 619, 634, 683, 689, 766, 784, 799, 849, 853, 888, 893, 915, 932, 953, 967, 985, 997, 1011, 1072, 1081, 1127, 1136, 1140, 1152, 1158, 1171, 1190, 1206, 1208, 1211, 1218, 1237, 1239, 1265, 1326, 1340, 1380, 1384, 1397, 1425, 1432, 1439, 1441, 1482, 1510, 1516, 1520, 1524, 1548, 1664, 1699, 1731, 1736, 1759, 1767, 1797, 1804, 1812, 1835, 1837, 1839, 1849, 1851, 1860, 1867, 1882, 1898, 1909, 1939, 1949, 1962, 1979, 2004, 2006, 2016, 2020, 2032, 2047, 2066, 2117, 2134, 2180, 2209, 2212, 2215, 2227, 2265, 2308, 2324, 2337, 2355, 2357, 2374, 2377, 2381, 2383, 2399, 2429, 2458, 2478, 2485, 2490, 2498, 2514, 2524, 2536, 2553, 2600, 2615, 2617, 2619, 2621, 2638, 2640, 2650, 2706, 2750, 2762, 2772, 2778, 2794, 2801, 2813, 2815, 2817, 2819, 2821, 2823, 2825, 2827, 2829, 2831, 2833, 2835, 2837, 2839, 2841, 2843, 2845, 2847, 2849, 2851, 2853, 2855, 2857, 2871, 2884, 2905, 2908, 2914, 2916, 2919, 2921, 2933, 2949, 3015, 3024, 3035, 3037, 3083, 3095, 3118, 3183, 3202, 3238, 3270, 3282, 3295, 3298, 3300, 3428, 3461, 3470, 3540, 3559, 3573, 3599, 3641, 3661, 3735, 3750, 3757, 3774, 3777, 3802, 3804, 3806, 3831, 3845, 3866, 3875, 3888, 3927, 3990, 4004, 4077, 4092, 4099, 4106, 4111, 4130, 4138, 4141, 4164, 4188, 4192, 4209, 4227, 4248, 4299, 4311, 4316, 4336, 4359, 4371, 4406, 4414, 4426, 4478, 4485, 4492, 4524, 4526, 4557, 4570, 4605, 4615, 4643, 4650, 4656, 4658, 4674, 4699, 4803, 4806, 4819, 4823, 4870, 4897, 4966, 4984, 4994, 5002, 5004, 5054, 5062, 5127, 5135, 5158, 5165, 5190, 5240, 5243, 5246, 5249, 5253, 5279, 5311, 5323, 5345, 5375, 5403, 5409, 5415, 5430, 5459, 5461, 5468, 5477, 5481, 5527, 5551, 5558, 5592, 5598, 5624, 5651, 5660, 5678, 5692, 5710, 5715, 5728, 5745, 5749, 5751, 5758, 5779, 5797, 5805, 5828, 5842, 5868, 5888, 5924, 5940, 5948, 5951, 5958, 5986, 5989, 6008, 6016, 6019, 6028, 6043, 6052, 6067, 6077, 6122, 6126, 6147, 6165, 6188, 6193, 6239, 6246, 6280, 6293, 6323, 6328, 6335, 6339, 6371, 6374, 6393, 6407, 6418, 6427, 6471, 6479, 6481, 6499, 6503, 6505, 6508, 6510, 6586, 6604, 6613, 6615, 6624, 6626, 6638, 6640, 6661, 6672, 6676, 6678, 6690, 6712, 6741, 6782, 6789, 6807, 6822, 6826, 6879, 6892, 6905, 6915, 6931, 6942, 6972, 6984, 6997, 7000, 7008, 7021, 7032, 7070, 7092, 7130, 7173, 7181, 7191, 7193, 7200, 7204, 7223, 7246, 7279, 7283, 7288, 7299, 7317, 7352, 7358, 7371, 7373, 7387, 7396, 7417, 7443, 7469, 7481, 7668, 7693, 7705, 7809, 7814, 7820, 7844, 7847, 7853, 7925, 7948, 7957, 7965, 7993, 7997, 8014, 8044, 8082, 8095, 8106, 8136, 8158, 8162, 8168, 8181, 8185, 8206, 8213, 8230, 8251, 8273, 8275, 8278, 8280, 8282, 8284, 8286, 8288, 8290, 8292, 8294, 8296, 8298, 8300, 8302, 8304, 8306, 8308, 8310, 8312, 8314, 8316, 8318, 8320, 8322, 8405, 8422, 8437, 8445, 8447, 8528, 8531, 8570, 8576, 8584, 8586, 8608, 8640, 8655, 8657, 8659, 8680, 8719, 8722, 8724, 8735, 8739, 8755, 8761, 8811, 8854, 8877, 8945, 8947, 8958, 8960, 9000, 9024, 9030, 9039, 9048, 9050, 9064, 9078, 9099, 9154, 9162, 9173, 9177, 9189, 9199, 9206, 9210, 9226, 9243, 9253, 9261, 9289, 9295, 9298, 9333, 9341, 9343, 9353, 9366, 9402, 9419, 9421, 9433, 9435, 9442, 9448, 9450, 9452, 9464, 9504, 9526, 9546, 9566, 9579, 9603, 9654, 9659, 9680, 9727, 9762, 9770, 9801, 9816, 9861, 9926, 9954, 9962, 9979, 9996, 10014, 10020, 10086, 10089, 10116, 10118, 10156, 10163, 10166, 10199, 10223, 10293, 10297, 10301, 10333, 10338, 10352, 10412, 10420, 10443, 10476, 10512, 10530, 10541, 10543, 10559, 10604, 10608, 10709, 10733, 10735, 10760, 10773, 10783, 10808, 10872, 10936, 10955, 10985, 11055, 11062, 11073, 11075, 11093, 11153, 11169, 11185, 11189, 11200, 11205, 11215, 11241, 11244, 11259, 11272, 11314, 11351, 11367, 11381, 11390, 11433, 11443, 11451, 11465, 11470, 11482, 11491, 11497, 11518, 11539, 11545, 11573, 11637, 11649, 11686, 11705, 11707, 11710, 11723, 11772, 11777, 11779, 11791, 11828, 11836, 11840, 11842, 11875, 11888, 12086, 12097, 12115, 12125, 12152, 12163, 12171, 12177, 12179, 12189, 12220, 12347, 12352, 12372, 12399, 12426, 12444, 12461, 12476, 12486, 12488, 12495]",[],"[4, 6, 16, 19, 47, 58, 78, 83, 113, 117, 126, 134, 138, 156, 158, 174, 188, 191, 214, 225, 240, 247, 256, 277, 290, 354, 360, 366, 371, 381, 392, 437, 448, 459, 479, 499, 537, 579, 583, 587, 596, 614, 619, 634, 683, 689, 766, 784, 799, 849, 853, 888, 893, 915, 932, 953, 967, 985, 997, 1011, 1072, 1081, 1127, 1136, 1140, 1152, 1158, 1171, 1190, 1206, 1208, 1211, 1218, 1237, 1239, 1265, 1326, 1340, 1380, 1384, 1397, 1425, 1432, 1439, 1441, 1482, 1510, 1516, 1520, 1524, 1548, 1664, 1699, 1731, 1736, 1759, 1767, 1797, 1804, 1812, 1835, 1837, 1839, 1849, 1851, 1860, 1867, 1882, 1898, 1909, 1939, 1949, 1962, 1979, 2004, 2006, 2016, 2020, 2032, 2047, 2066, 2117, 2134, 2180, 2209, 2212, 2215, 2227, 2265, 2308, 2324, 2337, 2355, 2357, 2374, 2377, 2381, 2383, 2399, 2429, 2458, 2478, 2485, 2490, 2498, 2514, 2524, 2536, 2553, 2600, 2615, 2617, 2619, 2621, 2638, 2640, 2650, 2706, 2750, 2762, 2772, 2778, 2794, 2801, 2813, 2815, 2817, 2819, 2821, 2823, 2825, 2827, 2829, 2831, 2833, 2835, 2837, 2839, 2841, 2843, 2845, 2847, 2849, 2851, 2853, 2855, 2857, 2871, 2884, 2905, 2908, 2914, 2916, 2919, 2921, 2933, 2949, 3015, 3024, 3035, 3037, 3083, 3095, 3118, 3183, 3202, 3238, 3270, 3282, 3295, 3298, 3300, 3428, 3461, 3470, 3540, 3559, 3573, 3599, 3641, 3661, 3735, 3750, 3757, 3774, 3777, 3802, 3804, 3806, 3831, 3845, 3866, 3875, 3888, 3927, 3990, 4004, 4077, 4092, 4099, 4106, 4111, 4130, 4138, 4141, 4164, 4188, 4192, 4209, 4227, 4248, 4299, 4311, 4316, 4336, 4359, 4371, 4406, 4414, 4426, 4478, 4485, 4492, 4524, 4526, 4557, 4570, 4605, 4615, 4643, 4650, 4656, 4658, 4674, 4699, 4803, 4806, 4819, 4823, 4870, 4897, 4966, 4984, 4994, 5002, 5004, 5054, 5062, 5127, 5135, 5158, 5165, 5190, 5240, 5243, 5246, 5249, 5253, 5279, 5311, 5323, 5345, 5375, 5403, 5409, 5415, 5430, 5459, 5461, 5468, 5477, 5481, 5527, 5551, 5558, 5592, 5598, 5624, 5651, 5660, 5678, 5692, 5710, 5715, 5728, 5745, 5749, 5751, 5758, 5779, 5797, 5805, 5828, 5842, 5868, 5888, 5924, 5940, 5948, 5951, 5958, 5986, 5989, 6008, 6016, 6019, 6028, 6043, 6052, 6067, 6077, 6122, 6126, 6147, 6165, 6188, 6193, 6239, 6246, 6280, 6293, 6323, 6328, 6335, 6339, 6371, 6374, 6393, 6407, 6418, 6427, 6471, 6479, 6481, 6499, 6503, 6505, 6508, 6510, 6586, 6604, 6613, 6615, 6624, 6626, 6638, 6640, 6661, 6672, 6676, 6678, 6690, 6712, 6741, 6782, 6789, 6807, 6822, 6826, 6879, 6892, 6905, 6915, 6931, 6942, 6972, 6984, 6997, 7000, 7008, 7021, 7032, 7070, 7092, 7130, 7173, 7181, 7191, 7193, 7200, 7204, 7223, 7246, 7279, 7283, 7288, 7299, 7317, 7352, 7358, 7371, 7373, 7387, 7396, 7417, 7443, 7469, 7481, 7668, 7693, 7705, 7809, 7814, 7820, 7844, 7847, 7853, 7925, 7948, 7957, 7965, 7993, 7997, 8014, 8044, 8082, 8095, 8106, 8136, 8158, 8162, 8168, 8181, 8185, 8206, 8213, 8230, 8251, 8273, 8275, 8278, 8280, 8282, 8284, 8286, 8288, 8290, 8292, 8294, 8296, 8298, 8300, 8302, 8304, 8306, 8308, 8310, 8312, 8314, 8316, 8318, 8320, 8322, 8405, 8422, 8437, 8445, 8447, 8528, 8531, 8570, 8576, 8584, 8586, 8608, 8640, 8655, 8657, 8659, 8680, 8719, 8722, 8724, 8735, 8739, 8755, 8761, 8811, 8854, 8877, 8945, 8947, 8958, 8960, 9000, 9024, 9030, 9039, 9048, 9050, 9064, 9078, 9099, 9154, 9162, 9173, 9177, 9189, 9199, 9206, 9210, 9226, 9243, 9253, 9261, 9289, 9295, 9298, 9333, 9341, 9343, 9353, 9366, 9402, 9419, 9421, 9433, 9435, 9442, 9448, 9450, 9452, 9464, 9504, 9526, 9546, 9566, 9579, 9603, 9654, 9659, 9680, 9727, 9762, 9770, 9801, 9816, 9861, 9926, 9954, 9962, 9979, 9996, 10014, 10020, 10086, 10089, 10116, 10118, 10156, 10163, 10166, 10199, 10223, 10293, 10297, 10301, 10333, 10338, 10352, 10412, 10420, 10443, 10476, 10512, 10530, 10541, 10543, 10559, 10604, 10608, 10709, 10733, 10735, 10760, 10773, 10783, 10808, 10872, 10936, 10955, 10985, 11055, 11062, 11073, 11075, 11093, 11153, 11169, 11185, 11189, 11200, 11205, 11215, 11241, 11244, 11259, 11272, 11314, 11351, 11367, 11381, 11390, 11433, 11443, 11451, 11465, 11470, 11482, 11491, 11497, 11518, 11539, 11545, 11573, 11637, 11649, 11686, 11705, 11707, 11710, 11723, 11772, 11777, 11779, 11791, 11828, 11836, 11840, 11842, 11875, 11888, 12086, 12097, 12115, 12125, 12152, 12163, 12171, 12177, 12179, 12189, 12220, 12347, 12352, 12372, 12399, 12426, 12444, 12461, 12476, 12486, 12488, 12495]","[4310, 5157, 7964, 8157, 9401]",12497,694,11803,0,694,11798,5
-4.0,RNVEGP1,"[89, 124, 279, 304, 306, 310, 314, 316, 318, 363, 366, 369, 385, 401, 408, 426, 464, 487, 489, 491, 499, 507, 515, 572, 586, 614, 632, 686, 691, 716, 752, 754, 764, 766, 778, 803, 805, 817, 830, 845, 882, 910, 914, 921, 927, 935, 959, 961, 1022, 1044, 1048, 1062, 1088, 1130, 1139, 1149, 1157, 1263, 1287, 1291, 1318, 1321, 1325, 1337, 1371, 1401, 1431, 1463, 1491, 1519, 1525, 1543, 1552, 1555, 1566, 1570, 1582, 1605, 1624, 1630, 1636, 1661, 1685, 1698, 1700, 1709, 1712, 1757, 1767, 1769, 1773, 1818, 1823, 1830, 1835, 1839, 1841, 1843, 1850, 1908, 1936, 1944, 1946, 1964, 1974, 1987, 1995, 1999, 2002, 2039, 2043, 2064, 2077, 2089, 2109, 2146, 2166, 2199, 2201, 2225, 2228, 2249, 2274, 2292, 2306, 2308, 2315, 2324, 2338, 2340, 2356, 2370, 2372, 2388, 2403, 2429, 2438, 2458, 2460, 2464, 2469, 2497, 2506, 2509, 2512, 2523, 2527, 2543, 2563, 2582, 2588, 2594, 2603, 2629, 2633, 2658, 2672, 2689, 2702, 2721, 2728, 2732, 2738, 2751, 2778, 2788, 2802, 2822, 2840, 2916, 2918, 2920, 2933, 2935, 2951, 2993, 3033, 3037, 3048, 3091, 3105, 3142, 3162, 3205, 3207, 3209, 3212, 3220, 3241, 3246, 3248, 3256, 3258, 3264, 3313, 3325, 3342, 3378, 3401, 3404, 3414, 3455, 3469, 3481, 3548, 3556, 3590, 3596, 3598, 3608, 3633, 3645, 3654, 3687, 3709, 3728, 3746, 3748, 3751, 3770, 3791, 3794, 3797, 3810, 3839, 3846, 3853, 3859, 3877, 3884, 3905, 3907, 3915, 3930, 3941, 3965, 4034, 4038, 4042, 4050, 4053, 4097, 4099, 4105, 4114, 4127, 4141, 4145, 4152, 4157, 4175, 4179, 4181, 4209, 4217, 4239, 4248, 4297, 4307, 4342, 4388, 4393, 4405, 4413, 4419, 4432, 4447, 4453, 4469, 4480, 4482, 4555, 4557, 4560, 4609, 4612, 4631, 4663, 4711, 4765, 4812, 4845, 4849, 4856, 4860, 4874, 4883, 4892, 4901, 4916, 4918, 4953, 4963, 4997, 4999, 5001, 5011, 5034, 5057, 5069, 5120, 5131, 5133, 5159, 5161, 5196, 5213, 5248, 5266, 5271, 5297, 5308, 5316, 5321, 5343, 5350, 5361, 5405, 5411, 5442, 5530, 5608, 5610, 5620, 5626, 5628, 5631, 5635, 5642, 5671, 5731, 5758, 5763, 5771, 5780, 5793, 5796, 5821, 5829, 5836, 5840, 5891, 5894, 5899, 5901, 5913, 5915, 5919, 5927, 5935, 5949]",[],"[89, 124, 279, 304, 306, 310, 314, 316, 318, 363, 366, 369, 385, 401, 408, 426, 464, 487, 489, 491, 499, 507, 515, 572, 586, 614, 632, 686, 691, 716, 752, 754, 764, 766, 778, 803, 805, 817, 830, 845, 882, 910, 914, 921, 927, 935, 959, 961, 1022, 1044, 1048, 1062, 1088, 1130, 1139, 1149, 1157, 1263, 1287, 1291, 1318, 1321, 1325, 1337, 1371, 1401, 1431, 1463, 1491, 1519, 1525, 1543, 1552, 1555, 1566, 1570, 1582, 1605, 1624, 1630, 1636, 1661, 1685, 1698, 1700, 1709, 1712, 1757, 1767, 1769, 1773, 1818, 1823, 1830, 1835, 1839, 1841, 1843, 1850, 1908, 1936, 1944, 1946, 1964, 1974, 1987, 1995, 1999, 2002, 2039, 2043, 2064, 2077, 2089, 2109, 2146, 2166, 2199, 2201, 2225, 2228, 2249, 2274, 2292, 2306, 2308, 2315, 2324, 2338, 2340, 2356, 2370, 2372, 2388, 2403, 2429, 2438, 2458, 2460, 2464, 2469, 2497, 2506, 2509, 2512, 2523, 2527, 2543, 2563, 2582, 2588, 2594, 2603, 2629, 2633, 2658, 2672, 2689, 2702, 2721, 2728, 2732, 2738, 2751, 2778, 2788, 2802, 2822, 2840, 2916, 2918, 2920, 2933, 2935, 2951, 2993, 3033, 3037, 3048, 3091, 3105, 3142, 3162, 3205, 3207, 3209, 3212, 3220, 3241, 3246, 3248, 3256, 3258, 3264, 3313, 3325, 3342, 3378, 3401, 3404, 3414, 3455, 3469, 3481, 3548, 3556, 3590, 3596, 3598, 3608, 3633, 3645, 3654, 3687, 3709, 3728, 3746, 3748, 3751, 3770, 3791, 3794, 3797, 3810, 3839, 3846, 3853, 3859, 3877, 3884, 3905, 3907, 3915, 3930, 3941, 3965, 4034, 4038, 4042, 4050, 4053, 4097, 4099, 4105, 4114, 4127, 4141, 4145, 4152, 4157, 4175, 4179, 4181, 4209, 4217, 4239, 4248, 4297, 4307, 4342, 4388, 4393, 4405, 4413, 4419, 4432, 4447, 4453, 4469, 4480, 4482, 4555, 4557, 4560, 4609, 4612, 4631, 4663, 4711, 4765, 4812, 4845, 4849, 4856, 4860, 4874, 4883, 4892, 4901, 4916, 4918, 4953, 4963, 4997, 4999, 5001, 5011, 5034, 5057, 5069, 5120, 5131, 5133, 5159, 5161, 5196, 5213, 5248, 5266, 5271, 5297, 5308, 5316, 5321, 5343, 5350, 5361, 5405, 5411, 5442, 5530, 5608, 5610, 5620, 5626, 5628, 5631, 5635, 5642, 5671, 5731, 5758, 5763, 5771, 5780, 5793, 5796, 5821, 5829, 5836, 5840, 5891, 5894, 5899, 5901, 5913, 5915, 5919, 5927, 5935, 5949]","[1262, 1834, 3032, 4037, 4611]",5949,351,5598,0,351,5593,5
-4.0,RNVEGP2C,"[24, 57, 67, 85, 122, 145, 154, 189, 206, 211, 220, 226, 228, 257, 265, 268, 274, 286, 310, 346, 350, 380, 386, 388, 390, 418, 420, 431, 484, 491, 494, 533, 537, 551, 559, 579, 588, 613, 615, 623, 631, 639, 702, 730, 743, 748, 802, 807, 832, 868, 870, 880, 882, 894, 919, 921, 933, 943, 958, 995, 1025, 1029, 1036, 1042, 1050, 1074, 1076, 1137, 1160, 1164, 1178, 1204, 1237, 1246, 1255, 1265, 1273, 1379, 1403, 1407, 1434, 1437, 1441, 1453, 1487, 1517, 1547, 1579, 1607, 1635, 1638, 1641, 1659, 1668, 1671, 1682, 1686, 1698, 1721, 1740, 1746, 1752, 1777, 1801, 1814, 1816, 1825, 1828, 1873, 1883, 1885, 1889, 1934, 1939, 1946, 1951, 1955, 1957, 1959, 1966, 2022, 2049, 2056, 2058, 2060, 2077, 2087, 2099, 2106, 2110, 2148, 2152, 2170, 2183, 2195, 2214, 2251, 2271, 2305, 2307, 2331, 2334, 2355, 2380, 2398, 2412, 2414, 2421, 2430, 2444, 2446, 2462, 2478, 2480, 2496, 2511, 2537, 2546, 2570, 2574, 2576, 2579, 2607, 2616, 2622, 2633, 2644, 2669, 2680, 2683, 2689, 2695, 2701, 2710, 2731, 2762, 2776, 2778, 2795, 2808, 2829, 2850, 2876, 2886, 2900, 2920, 2938, 3014, 3016, 3018, 3031, 3033, 3049, 3070, 3089, 3129, 3137, 3144, 3188, 3201, 3261, 3298, 3303, 3305, 3308, 3316, 3338, 3343, 3345, 3356, 3411, 3416, 3453, 3489, 3512, 3515, 3525, 3565, 3579, 3591, 3658, 3666, 3700, 3706, 3717, 3742, 3754, 3763, 3796, 3818, 3837, 3855, 3857, 3860, 3879, 3900, 3903, 3906, 3919, 3948, 3954, 3962, 3968, 3986, 3993, 4014, 4016, 4024, 4039, 4050, 4053, 4074, 4143, 4147, 4151, 4159, 4162, 4171, 4205, 4207, 4213, 4222, 4235, 4255, 4257, 4284, 4288, 4290, 4306, 4346, 4348, 4357, 4398, 4406, 4417, 4433, 4447, 4453, 4471, 4491, 4499, 4504, 4524, 4544, 4559, 4592, 4672, 4721, 4724, 4728, 4743, 4775, 4823, 4857, 4888, 4928, 4961, 4965, 4972, 4976, 5000, 5008, 5017, 5032, 5034, 5069, 5079, 5115, 5117, 5122, 5128, 5141, 5143, 5146, 5188, 5211, 5223, 5261, 5291, 5304, 5329, 5331, 5334, 5436, 5466, 5477, 5485, 5490, 5512, 5519, 5524, 5530, 5567, 5571, 5574, 5580, 5611, 5614, 5621, 5699]",[],"[24, 57, 67, 85, 122, 145, 154, 189, 206, 211, 220, 226, 228, 257, 265, 268, 274, 286, 310, 346, 350, 380, 386, 388, 390, 418, 420, 431, 484, 491, 494, 533, 537, 551, 559, 579, 588, 613, 615, 623, 631, 639, 702, 730, 743, 748, 802, 807, 832, 868, 870, 880, 882, 894, 919, 921, 933, 943, 958, 995, 1025, 1029, 1036, 1042, 1050, 1074, 1076, 1137, 1160, 1164, 1178, 1204, 1237, 1246, 1255, 1265, 1273, 1379, 1403, 1407, 1434, 1437, 1441, 1453, 1487, 1517, 1547, 1579, 1607, 1635, 1638, 1641, 1659, 1668, 1671, 1682, 1686, 1698, 1721, 1740, 1746, 1752, 1777, 1801, 1814, 1816, 1825, 1828, 1873, 1883, 1885, 1889, 1934, 1939, 1946, 1951, 1955, 1957, 1959, 1966, 2022, 2049, 2056, 2058, 2060, 2077, 2087, 2099, 2106, 2110, 2148, 2152, 2170, 2183, 2195, 2214, 2251, 2271, 2305, 2307, 2331, 2334, 2355, 2380, 2398, 2412, 2414, 2421, 2430, 2444, 2446, 2462, 2478, 2480, 2496, 2511, 2537, 2546, 2570, 2574, 2576, 2579, 2607, 2616, 2622, 2633, 2644, 2669, 2680, 2683, 2689, 2695, 2701, 2710, 2731, 2762, 2776, 2778, 2795, 2808, 2829, 2850, 2876, 2886, 2900, 2920, 2938, 3014, 3016, 3018, 3031, 3033, 3049, 3070, 3089, 3129, 3137, 3144, 3188, 3201, 3261, 3298, 3303, 3305, 3308, 3316, 3338, 3343, 3345, 3356, 3411, 3416, 3453, 3489, 3512, 3515, 3525, 3565, 3579, 3591, 3658, 3666, 3700, 3706, 3717, 3742, 3754, 3763, 3796, 3818, 3837, 3855, 3857, 3860, 3879, 3900, 3903, 3906, 3919, 3948, 3954, 3962, 3968, 3986, 3993, 4014, 4016, 4024, 4039, 4050, 4053, 4074, 4143, 4147, 4151, 4159, 4162, 4171, 4205, 4207, 4213, 4222, 4235, 4255, 4257, 4284, 4288, 4290, 4306, 4346, 4348, 4357, 4398, 4406, 4417, 4433, 4447, 4453, 4471, 4491, 4499, 4504, 4524, 4544, 4559, 4592, 4672, 4721, 4724, 4728, 4743, 4775, 4823, 4857, 4888, 4928, 4961, 4965, 4972, 4976, 5000, 5008, 5017, 5032, 5034, 5069, 5079, 5115, 5117, 5122, 5128, 5141, 5143, 5146, 5188, 5211, 5223, 5261, 5291, 5304, 5329, 5331, 5334, 5436, 5466, 5477, 5485, 5490, 5512, 5519, 5524, 5530, 5567, 5571, 5574, 5580, 5611, 5614, 5621, 5699]","[1378, 1950, 3128, 4146, 4723]",5745,340,5405,0,340,5400,5
-4.0,RRU04320,"[46, 55, 96, 162, 210, 212, 215, 241, 261, 268, 276, 282, 316, 324, 343, 362, 364, 387, 397, 442, 467, 497, 502, 510, 517, 519, 540, 550, 559, 574, 579, 685, 694, 701, 707, 839, 849, 878, 939, 977, 982, 990, 994, 1013, 1031, 1038, 1061, 1078, 1083, 1093, 1106, 1127, 1133, 1190, 1202, 1212, 1220, 1226, 1228, 1236, 1257, 1267, 1283, 1285, 1342, 1348, 1359, 1378, 1387, 1407, 1419, 1426, 1440, 1442, 1469, 1481, 1496, 1525, 1531, 1539, 1560, 1590, 1609, 1640, 1688, 1707, 1732, 1743, 1749, 1775, 1781, 1793, 1807, 1810, 1841, 1847, 1898, 1978, 2005, 2009, 2013, 2023, 2025, 2040, 2053, 2060, 2086, 2088, 2108, 2112, 2119, 2123, 2125, 2152, 2165, 2202, 2244, 2262, 2334, 2377, 2395, 2401, 2501, 2505, 2514, 2532, 2544, 2579, 2593, 2597, 2599, 2607, 2622, 2628, 2639, 2648, 2653, 2665, 2672, 2683, 2690, 2741, 2769, 2810, 2932, 2951, 2965, 3020, 3042, 3045, 3060, 3063, 3079, 3081, 3100, 3140, 3144, 3188, 3220, 3258, 3265, 3280, 3292, 3302, 3307, 3333, 3335, 3344, 3355, 3372, 3374, 3381, 3413, 3440, 3511, 3525, 3541, 3548, 3560, 3590, 3596, 3608, 3617, 3644, 3646, 3648, 3670, 3683, 3741, 3768, 3794, 3812, 3816, 3818, 3821, 3827, 3852, 3870, 3875, 3880, 3885, 3952, 4015, 4024, 4058, 4060, 4065, 4091, 4102, 4121, 4134, 4162, 4182, 4186, 4217, 4225, 4239, 4243, 4245, 4258, 4276, 4344, 4346, 4399, 4402, 4429, 4436, 4441, 4493, 4513, 4520, 4547, 4552, 4621, 4649, 4679, 4696, 4730, 4732, 4747, 4795, 4800, 4803, 4806, 4842, 4856, 4885, 4961, 4991, 4993, 5005, 5110, 5127, 5130, 5137, 5157, 5164, 5169, 5233, 5239, 5253, 5258, 5280, 5298, 5301, 5304, 5306, 5341, 5367, 5371, 5373, 5375, 5388, 5448, 5450, 5457, 5528, 5551, 5558, 5569, 5572, 5575, 5651, 5663, 5682, 5711, 5724, 5733, 5788, 5805, 5825, 5842, 5865, 5890, 5897, 5956, 5977, 5992, 5994, 6043, 6068, 6073, 6079, 6099, 6104, 6137, 6145, 6152, 6166, 6172, 6183, 6192, 6214, 6219, 6230, 6274, 6314, 6323, 6325, 6337, 6339, 6362, 6373, 6377, 6380, 6386, 6420, 6484, 6534, 6550, 6608, 6619, 6625, 6668, 6677, 6692, 6694, 6705, 6719, 6746, 6783, 6795, 6800]",[],"[46, 55, 96, 162, 210, 212, 215, 241, 261, 268, 276, 282, 316, 324, 343, 362, 364, 387, 397, 442, 467, 497, 502, 510, 517, 519, 540, 550, 559, 574, 579, 685, 694, 701, 707, 839, 849, 878, 939, 977, 982, 990, 994, 1013, 1031, 1038, 1061, 1078, 1083, 1093, 1106, 1127, 1133, 1190, 1202, 1212, 1220, 1226, 1228, 1236, 1257, 1267, 1283, 1285, 1342, 1348, 1359, 1378, 1387, 1407, 1419, 1426, 1440, 1442, 1469, 1481, 1496, 1525, 1531, 1539, 1560, 1590, 1609, 1640, 1688, 1707, 1732, 1743, 1749, 1775, 1781, 1793, 1807, 1810, 1841, 1847, 1898, 1978, 2005, 2009, 2013, 2023, 2025, 2040, 2053, 2060, 2086, 2088, 2108, 2112, 2119, 2123, 2125, 2152, 2165, 2202, 2244, 2262, 2334, 2377, 2395, 2401, 2501, 2505, 2514, 2532, 2544, 2579, 2593, 2597, 2599, 2607, 2622, 2628, 2639, 2648, 2653, 2665, 2672, 2683, 2690, 2741, 2769, 2810, 2932, 2951, 2965, 3020, 3042, 3045, 3060, 3063, 3079, 3081, 3100, 3140, 3144, 3188, 3220, 3258, 3265, 3280, 3292, 3302, 3307, 3333, 3335, 3344, 3355, 3372, 3374, 3381, 3413, 3440, 3511, 3525, 3541, 3548, 3560, 3590, 3596, 3608, 3617, 3644, 3646, 3648, 3670, 3683, 3741, 3768, 3794, 3812, 3816, 3818, 3821, 3827, 3852, 3870, 3875, 3880, 3885, 3952, 4015, 4024, 4058, 4060, 4065, 4091, 4102, 4121, 4134, 4162, 4182, 4186, 4217, 4225, 4239, 4243, 4245, 4258, 4276, 4344, 4346, 4399, 4402, 4429, 4436, 4441, 4493, 4513, 4520, 4547, 4552, 4621, 4649, 4679, 4696, 4730, 4732, 4747, 4795, 4800, 4803, 4806, 4842, 4856, 4885, 4961, 4991, 4993, 5005, 5110, 5127, 5130, 5137, 5157, 5164, 5169, 5233, 5239, 5253, 5258, 5280, 5298, 5301, 5304, 5306, 5341, 5367, 5371, 5373, 5375, 5388, 5448, 5450, 5457, 5528, 5551, 5558, 5569, 5572, 5575, 5651, 5663, 5682, 5711, 5724, 5733, 5788, 5805, 5825, 5842, 5865, 5890, 5897, 5956, 5977, 5992, 5994, 6043, 6068, 6073, 6079, 6099, 6104, 6137, 6145, 6152, 6166, 6172, 6183, 6192, 6214, 6219, 6230, 6274, 6314, 6323, 6325, 6337, 6339, 6362, 6373, 6377, 6380, 6386, 6420, 6484, 6534, 6550, 6608, 6619, 6625, 6668, 6677, 6692, 6694, 6705, 6719, 6746, 6783, 6795, 6800]","[2500, 3643]",6799,343,6456,0,343,6454,2
-4.0,S46763,"[13, 62, 68, 91, 106, 124, 166, 178, 187, 192, 209, 213, 238, 253, 266, 279, 292, 331, 337, 341, 381, 408, 480, 508, 513, 536, 549, 557, 626, 634, 658, 661, 678, 689, 696, 700, 721, 729, 731, 763, 770, 778, 789, 818, 847, 868, 897, 904, 915, 939, 946, 969, 973, 1007, 1011, 1018, 1036, 1038, 1082, 1085, 1094, 1097, 1103, 1111, 1131, 1134, 1144, 1147, 1161, 1179, 1186, 1190, 1192, 1220, 1236, 1253, 1259, 1297, 1301, 1314, 1328, 1333, 1405, 1407, 1420, 1437, 1449, 1460, 1462, 1468, 1472, 1487, 1535, 1540, 1551, 1582, 1595, 1633, 1644, 1661, 1666, 1691, 1709, 1716, 1737, 1769, 1772, 1788, 1796, 1799, 1806, 1809, 1818, 1847, 1849, 1854, 1856, 1859, 1915, 1950, 1978, 1993, 1995, 1998, 2001, 2057, 2090, 2104, 2112, 2116, 2163, 2171, 2179, 2185, 2202, 2253, 2269, 2310, 2344, 2347, 2352, 2354, 2360, 2366, 2368, 2371, 2390, 2401, 2431, 2438, 2452, 2469, 2473, 2486, 2488, 2492, 2528, 2535, 2562, 2567, 2573, 2585, 2609, 2615, 2617, 2650, 2669, 2685, 2695, 2716, 2721, 2723, 2752, 2773, 2776, 2808, 2822, 2839, 2851, 2862, 2878, 2907, 2914, 2918, 2920, 2929, 2947, 2969, 2984, 2989, 3031, 3037, 3046, 3054, 3072, 3075, 3092, 3103, 3146, 3165, 3178, 3198, 3200, 3210, 3214, 3228, 3231, 3241, 3246, 3279, 3290, 3331, 3342, 3366, 3379, 3420, 3436, 3441, 3462, 3472, 3474, 3528, 3558, 3564, 3568, 3572, 3578, 3599, 3662, 3685, 3687, 3699, 3716, 3767, 3818, 3821, 3829, 3832, 3834, 3845, 3859, 3866, 3869, 3897, 3905, 3908, 3919, 3955, 3997, 4024, 4031, 4040, 4053, 4075, 4083, 4091, 4094, 4100, 4110, 4113, 4123, 4128, 4137, 4156, 4169, 4181, 4183, 4224, 4229, 4257, 4283, 4288, 4290, 4332, 4347, 4349, 4356, 4359, 4379, 4382, 4384, 4386, 4425, 4429, 4480, 4508, 4529, 4541, 4547, 4552, 4613, 4625, 4699, 4717, 4726, 4729, 4732, 4746, 4758, 4761, 4783, 4802, 4806, 4811, 4816, 4827, 4842, 4847, 4850, 4869, 4872, 4884, 4904, 4907, 4916, 4925, 4964, 4973, 5001, 5043, 5045, 5048, 5061, 5065, 5070, 5075, 5092, 5103, 5127, 5136, 5139, 5146, 5186, 5204, 5229, 5238, 5280, 5305, 5310, 5312, 5360, 5379, 5418, 5420, 5426, 5429, 5470, 5474, 5486, 5497, 5504, 5518, 5554, 5582, 5589, 5612, 5629, 5655, 5657, 5659, 5661, 5678, 5680, 5710, 5737, 5749, 5776, 5790, 5792, 5802, 5804, 5814, 5834, 5845, 5852, 5861, 5870, 5924, 5927, 5929, 5942, 5946, 5957, 5984, 5999, 6026, 6052, 6055, 6066, 6086, 6098, 6123, 6131, 6137, 6153, 6162, 6168, 6177, 6193, 6221, 6254, 6285, 6321, 6325, 6357, 6374, 6379, 6407, 6415, 6426, 6464, 6472, 6475, 6477, 6484, 6539, 6550, 6591, 6596, 6609, 6615, 6625, 6634, 6654, 6669, 6682, 6701, 6752, 6760, 6776, 6792, 6801, 6808, 6818, 6829, 6838, 6862, 6881, 6885, 6926, 6934, 6943, 6949, 6994, 7027, 7030, 7069, 7079, 7096, 7102, 7107, 7114, 7120, 7123, 7130, 7189, 7214, 7221, 7261, 7269, 7288, 7291, 7307, 7335, 7342, 7350, 7354, 7374, 7376, 7379, 7415, 7419, 7423, 7435, 7470, 7487, 7489, 7494, 7501, 7508, 7519, 7526, 7555, 7559, 7564, 7574, 7590, 7598, 7600, 7612, 7629, 7632, 7680, 7687, 7725, 7742, 7758, 7760, 7767, 7773, 7805, 7809, 7816, 7819, 7831, 7874, 7876, 7912, 7914, 7917, 7926, 7934, 7944, 7947, 7954, 7960, 7965, 7979, 8013, 8038, 8043, 8045, 8050, 8057, 8061, 8071, 8083, 8118, 8160, 8179, 8200, 8230, 8238, 8266, 8279, 8292, 8295, 8299, 8314, 8316, 8324, 8338, 8345, 8349, 8359, 8367, 8381, 8406, 8433, 8461, 8472, 8478, 8492, 8494, 8507, 8527, 8530, 8563, 8600, 8609, 8622, 8628, 8640, 8642, 8684, 8695, 8710, 8712, 8726, 8742, 8772, 8775, 8787, 8832, 8845, 8866, 8877, 8913, 8915, 8931, 8937, 8951, 9037, 9051, 9103, 9105, 9110, 9120, 9130, 9132, 9145, 9167, 9173, 9180, 9185, 9193, 9210, 9212, 9235, 9242, 9245, 9251, 9259, 9328, 9349, 9351, 9361, 9426, 9453, 9457, 9464, 9475, 9484, 9495, 9497, 9537, 9564, 9578, 9586, 9588, 9603, 9617, 9678, 9695, 9722, 9732, 9736, 9743, 9760, 9777, 9787, 9794, 9830, 9836, 9860, 9864, 9878, 9889, 9944, 10018]",[],"[13, 62, 68, 91, 106, 124, 166, 178, 187, 192, 209, 213, 238, 253, 266, 279, 292, 331, 337, 341, 381, 408, 480, 508, 513, 536, 549, 557, 626, 634, 658, 661, 678, 689, 696, 700, 721, 729, 731, 763, 770, 778, 789, 818, 847, 868, 897, 904, 915, 939, 946, 969, 973, 1007, 1011, 1018, 1036, 1038, 1082, 1085, 1094, 1097, 1103, 1111, 1131, 1134, 1144, 1147, 1161, 1179, 1186, 1190, 1192, 1220, 1236, 1253, 1259, 1297, 1301, 1314, 1328, 1333, 1405, 1407, 1420, 1437, 1449, 1460, 1462, 1468, 1472, 1487, 1535, 1540, 1551, 1582, 1595, 1633, 1644, 1661, 1666, 1691, 1709, 1716, 1737, 1769, 1772, 1788, 1796, 1799, 1806, 1809, 1818, 1847, 1849, 1854, 1856, 1859, 1915, 1950, 1978, 1993, 1995, 1998, 2001, 2057, 2090, 2104, 2112, 2116, 2163, 2171, 2179, 2185, 2202, 2253, 2269, 2310, 2344, 2347, 2352, 2354, 2360, 2366, 2368, 2371, 2390, 2401, 2431, 2438, 2452, 2469, 2473, 2486, 2488, 2492, 2528, 2535, 2562, 2567, 2573, 2585, 2609, 2615, 2617, 2650, 2669, 2685, 2695, 2716, 2721, 2723, 2752, 2773, 2776, 2808, 2822, 2839, 2851, 2862, 2878, 2907, 2914, 2918, 2920, 2929, 2947, 2969, 2984, 2989, 3031, 3037, 3046, 3054, 3072, 3075, 3092, 3103, 3146, 3165, 3178, 3198, 3200, 3210, 3214, 3228, 3231, 3241, 3246, 3279, 3290, 3331, 3342, 3366, 3379, 3420, 3436, 3441, 3462, 3472, 3474, 3528, 3558, 3564, 3568, 3572, 3578, 3599, 3662, 3685, 3687, 3699, 3716, 3767, 3818, 3821, 3829, 3832, 3834, 3845, 3859, 3866, 3869, 3897, 3905, 3908, 3919, 3955, 3997, 4024, 4031, 4040, 4053, 4075, 4083, 4091, 4094, 4100, 4110, 4113, 4123, 4128, 4137, 4156, 4169, 4181, 4183, 4224, 4229, 4257, 4283, 4288, 4290, 4332, 4347, 4349, 4356, 4359, 4379, 4382, 4384, 4386, 4425, 4429, 4480, 4508, 4529, 4541, 4547, 4552, 4613, 4625, 4699, 4717, 4726, 4729, 4732, 4746, 4758, 4761, 4783, 4802, 4806, 4811, 4816, 4827, 4842, 4847, 4850, 4869, 4872, 4884, 4904, 4907, 4916, 4925, 4964, 4973, 5001, 5043, 5045, 5048, 5061, 5065, 5070, 5075, 5092, 5103, 5127, 5136, 5139, 5146, 5186, 5204, 5229, 5238, 5280, 5305, 5310, 5312, 5360, 5379, 5418, 5420, 5426, 5429, 5470, 5474, 5486, 5497, 5504, 5518, 5554, 5582, 5589, 5612, 5629, 5655, 5657, 5659, 5661, 5678, 5680, 5710, 5737, 5749, 5776, 5790, 5792, 5802, 5804, 5814, 5834, 5845, 5852, 5861, 5870, 5924, 5927, 5929, 5942, 5946, 5957, 5984, 5999, 6026, 6052, 6055, 6066, 6086, 6098, 6123, 6131, 6137, 6153, 6162, 6168, 6177, 6193, 6221, 6254, 6285, 6321, 6325, 6357, 6374, 6379, 6407, 6415, 6426, 6464, 6472, 6475, 6477, 6484, 6539, 6550, 6591, 6596, 6609, 6615, 6625, 6634, 6654, 6669, 6682, 6701, 6752, 6760, 6776, 6792, 6801, 6808, 6818, 6829, 6838, 6862, 6881, 6885, 6926, 6934, 6943, 6949, 6994, 7027, 7030, 7069, 7079, 7096, 7102, 7107, 7114, 7120, 7123, 7130, 7189, 7214, 7221, 7261, 7269, 7288, 7291, 7307, 7335, 7342, 7350, 7354, 7374, 7376, 7379, 7415, 7419, 7423, 7435, 7470, 7487, 7489, 7494, 7501, 7508, 7519, 7526, 7555, 7559, 7564, 7574, 7590, 7598, 7600, 7612, 7629, 7632, 7680, 7687, 7725, 7742, 7758, 7760, 7767, 7773, 7805, 7809, 7816, 7819, 7831, 7874, 7876, 7912, 7914, 7917, 7926, 7934, 7944, 7947, 7954, 7960, 7965, 7979, 8013, 8038, 8043, 8045, 8050, 8057, 8061, 8071, 8083, 8118, 8160, 8179, 8200, 8230, 8238, 8266, 8279, 8292, 8295, 8299, 8314, 8316, 8324, 8338, 8345, 8349, 8359, 8367, 8381, 8406, 8433, 8461, 8472, 8478, 8492, 8494, 8507, 8527, 8530, 8563, 8600, 8609, 8622, 8628, 8640, 8642, 8684, 8695, 8710, 8712, 8726, 8742, 8772, 8775, 8787, 8832, 8845, 8866, 8877, 8913, 8915, 8931, 8937, 8951, 9037, 9051, 9103, 9105, 9110, 9120, 9130, 9132, 9145, 9167, 9173, 9180, 9185, 9193, 9210, 9212, 9235, 9242, 9245, 9251, 9259, 9328, 9349, 9351, 9361, 9426, 9453, 9457, 9464, 9475, 9484, 9495, 9497, 9537, 9564, 9578, 9586, 9588, 9603, 9617, 9678, 9695, 9722, 9732, 9736, 9743, 9760, 9777, 9787, 9794, 9830, 9836, 9860, 9864, 9878, 9889, 9944, 10018]","[1235, 2487, 2775, 4052, 4528, 5060, 5469, 6880, 7334, 8012, 8294]",10036,640,9396,0,640,9385,11
-4.0,S49651,"[33, 47, 68, 85, 112, 141, 183, 186, 202, 230, 240, 247, 260, 284, 286, 303, 323, 472, 487, 491, 578, 585, 592, 606, 635, 664, 671, 719, 721, 723, 725, 727, 729, 731, 733, 735, 737, 739, 741, 743, 745, 751, 753, 757, 780, 791, 800, 816, 824, 826, 838, 855, 862, 873, 892, 894, 907, 913, 960, 967, 972, 986, 1028, 1037, 1118, 1122, 1153, 1155, 1161, 1167, 1169, 1174, 1186, 1190, 1194, 1199, 1230, 1391, 1404, 1433, 1451, 1461, 1482, 1629, 1653, 1662, 1664, 1670, 1693, 1703, 1745, 1766, 1782, 1795, 1803, 1808, 1829, 1839, 1857, 1864, 1898, 1916, 1918, 1936, 1942, 1959, 1972, 2038, 2076, 2096, 2101, 2104, 2135, 2169, 2175, 2196, 2199, 2225, 2244, 2255, 2265, 2330, 2332, 2358, 2365, 2368, 2379, 2477, 2520, 2523, 2529, 2534, 2616, 2618, 2673, 2675, 2678, 2680, 2682, 2685, 2693, 2703, 2720, 2787, 2791, 2797, 2803, 2805, 2807, 2809, 2811, 2820, 2831, 2837, 2869, 2914, 2919, 2923, 2956, 2963, 3017, 3027, 3048, 3053, 3076, 3098, 3102, 3105, 3137, 3175, 3188, 3198, 3250, 3252, 3256, 3260, 3274, 3300, 3323, 3328, 3372, 3425, 3441, 3458, 3460, 3472, 3513, 3516, 3555, 3567, 3572, 3618, 3624, 3681, 3703, 3713, 3782, 3787, 3811, 3824, 3846, 3857, 3868, 3902, 3929, 3932, 3937, 3949, 3957, 3969, 3999, 4012, 4020, 4034, 4092, 4103, 4123, 4133, 4138, 4140, 4142, 4166, 4182, 4198, 4213, 4243, 4247, 4249, 4259, 4332, 4356, 4367, 4402, 4440, 4450, 4454, 4456, 4471, 4482, 4495, 4519, 4544, 4570, 4578, 4613, 4621, 4623, 4625, 4629, 4654, 4673, 4682, 4698, 4706, 4708, 4722, 4748, 4752, 4754, 4791, 4803, 4830, 4838, 4850, 4865, 4889, 4892, 4958, 4969, 4993, 4995, 4997, 5005, 5026, 5031, 5040, 5053, 5078, 5087, 5162, 5171, 5189, 5204, 5217, 5231, 5238, 5241, 5249, 5265, 5276, 5311, 5316, 5327, 5332, 5337, 5348, 5351, 5385, 5389, 5405, 5442]",[],"[33, 47, 68, 85, 112, 141, 183, 186, 202, 230, 240, 247, 260, 284, 286, 303, 323, 472, 487, 491, 578, 585, 592, 606, 635, 664, 671, 719, 721, 723, 725, 727, 729, 731, 733, 735, 737, 739, 741, 743, 745, 751, 753, 757, 780, 791, 800, 816, 824, 826, 838, 855, 862, 873, 892, 894, 907, 913, 960, 967, 972, 986, 1028, 1037, 1118, 1122, 1153, 1155, 1161, 1167, 1169, 1174, 1186, 1190, 1194, 1199, 1230, 1391, 1404, 1433, 1451, 1461, 1482, 1629, 1653, 1662, 1664, 1670, 1693, 1703, 1745, 1766, 1782, 1795, 1803, 1808, 1829, 1839, 1857, 1864, 1898, 1916, 1918, 1936, 1942, 1959, 1972, 2038, 2076, 2096, 2101, 2104, 2135, 2169, 2175, 2196, 2199, 2225, 2244, 2255, 2265, 2330, 2332, 2358, 2365, 2368, 2379, 2477, 2520, 2523, 2529, 2534, 2616, 2618, 2673, 2675, 2678, 2680, 2682, 2685, 2693, 2703, 2720, 2787, 2791, 2797, 2803, 2805, 2807, 2809, 2811, 2820, 2831, 2837, 2869, 2914, 2919, 2923, 2956, 2963, 3017, 3027, 3048, 3053, 3076, 3098, 3102, 3105, 3137, 3175, 3188, 3198, 3250, 3252, 3256, 3260, 3274, 3300, 3323, 3328, 3372, 3425, 3441, 3458, 3460, 3472, 3513, 3516, 3555, 3567, 3572, 3618, 3624, 3681, 3703, 3713, 3782, 3787, 3811, 3824, 3846, 3857, 3868, 3902, 3929, 3932, 3937, 3949, 3957, 3969, 3999, 4012, 4020, 4034, 4092, 4103, 4123, 4133, 4138, 4140, 4142, 4166, 4182, 4198, 4213, 4243, 4247, 4249, 4259, 4332, 4356, 4367, 4402, 4440, 4450, 4454, 4456, 4471, 4482, 4495, 4519, 4544, 4570, 4578, 4613, 4621, 4623, 4625, 4629, 4654, 4673, 4682, 4698, 4706, 4708, 4722, 4748, 4752, 4754, 4791, 4803, 4830, 4838, 4850, 4865, 4889, 4892, 4958, 4969, 4993, 4995, 4997, 5005, 5026, 5031, 5040, 5053, 5078, 5087, 5162, 5171, 5189, 5204, 5217, 5231, 5238, 5241, 5249, 5265, 5276, 5311, 5316, 5327, 5332, 5337, 5348, 5351, 5385, 5389, 5405, 5442]","[1652, 2786, 3255, 4137]",5441,301,5140,0,301,5136,4
-4.0,S57980,"[18, 27, 45, 57, 105, 193, 237, 262, 306, 316, 384, 395, 418, 438, 444, 456, 458, 466, 475, 494, 499, 528, 530, 538, 545, 570, 641, 684, 689, 721, 733, 783, 792, 820, 854, 876, 880, 904, 906, 912, 914, 920, 964, 1027, 1064, 1074, 1128, 1172, 1179, 1202, 1219, 1237, 1251, 1262, 1276, 1307, 1314, 1334, 1395, 1403, 1412, 1414, 1416, 1418, 1420, 1422, 1424, 1426, 1428, 1430, 1432, 1434, 1436, 1438, 1440, 1442, 1444, 1446, 1448, 1450, 1452, 1454, 1456, 1458, 1460, 1464, 1470, 1472, 1477, 1492, 1496, 1498, 1504, 1510, 1526, 1575, 1636, 1656, 1681, 1696, 1716, 1723, 1730, 1738, 1742, 1759, 1767, 1787, 1789, 1791, 1797, 1805, 1836, 1838, 1870, 1898, 1941, 1994, 2002, 2011, 2025, 2028, 2043, 2107, 2162, 2185, 2192, 2199, 2227, 2249, 2251, 2297, 2320, 2355, 2363, 2384, 2405, 2418, 2446, 2526, 2540, 2550, 2555, 2568, 2590, 2595, 2617, 2621, 2629, 2633, 2674, 2701, 2707, 2740, 2745, 2747, 2749, 2757, 2765, 2813, 2828, 2845, 2848, 2856, 2862, 2895, 2922, 2945, 3017, 3019, 3041, 3059, 3087, 3089, 3109, 3120, 3150, 3158, 3245, 3257, 3267, 3276, 3293, 3323, 3346, 3348, 3353, 3375, 3406, 3416, 3420, 3422, 3424, 3426, 3468, 3470, 3483, 3501, 3557, 3571, 3584, 3614, 3646, 3648, 3650, 3657, 3667, 3679, 3689, 3698, 3706, 3717, 3727, 3747, 3749, 3766, 3768, 3776, 3799, 3810, 3824, 3826, 3828, 3834, 3840, 3844, 3867, 3873, 3875, 3879, 3915, 3919, 3923, 3925, 4010, 4047, 4054, 4080, 4087, 4168, 4173, 4216, 4235, 4240, 4246, 4266, 4273, 4276, 4278, 4340, 4350, 4378, 4386, 4396, 4431, 4456, 4493, 4525, 4538, 4550, 4564, 4582, 4600, 4604, 4610, 4612, 4614, 4630, 4645, 4664, 4687, 4721, 4726, 4730, 4745, 4753, 4774, 4819, 4855, 4858, 4867, 4874, 4885, 4919, 4927, 4933, 4943, 4951, 4959, 4964, 4967, 5019, 5025, 5041, 5063, 5072, 5090, 5099, 5130, 5160, 5184, 5195, 5253, 5267, 5273, 5281, 5287, 5301, 5332, 5336, 5360, 5394, 5474, 5476, 5517, 5527, 5530, 5537, 5541, 5548, 5551, 5553, 5578, 5591, 5600, 5606, 5617, 5627, 5661, 5679, 5683, 5714, 5764, 5874, 5910, 5939, 5941, 5951, 5979, 5985, 6008, 6028, 6043, 6128, 6132, 6137, 6161, 6213, 6236, 6239, 6242, 6264, 6313, 6332, 6338, 6365, 6380, 6382, 6416, 6432, 6476, 6519, 6521, 6523, 6535, 6553, 6632, 6640, 6643, 6645, 6679, 6692, 6727, 6789, 6804, 6820, 6825, 6830, 6846, 6889, 6929, 6951, 6954, 6966, 6973, 6977, 7003, 7022, 7026, 7028, 7033, 7040, 7049, 7063, 7068, 7081, 7090, 7136, 7168, 7171, 7191, 7211, 7250, 7302, 7311, 7322, 7325, 7375, 7384, 7386, 7411, 7413, 7415, 7430, 7440, 7454, 7469, 7471, 7499, 7559, 7561, 7573, 7599, 7601, 7622, 7624, 7645, 7656]",[],"[18, 27, 45, 57, 105, 193, 237, 262, 306, 316, 384, 395, 418, 438, 444, 456, 458, 466, 475, 494, 499, 528, 530, 538, 545, 570, 641, 684, 689, 721, 733, 783, 792, 820, 854, 876, 880, 904, 906, 912, 914, 920, 964, 1027, 1064, 1074, 1128, 1172, 1179, 1202, 1219, 1237, 1251, 1262, 1276, 1307, 1314, 1334, 1395, 1403, 1412, 1414, 1416, 1418, 1420, 1422, 1424, 1426, 1428, 1430, 1432, 1434, 1436, 1438, 1440, 1442, 1444, 1446, 1448, 1450, 1452, 1454, 1456, 1458, 1460, 1464, 1470, 1472, 1477, 1492, 1496, 1498, 1504, 1510, 1526, 1575, 1636, 1656, 1681, 1696, 1716, 1723, 1730, 1738, 1742, 1759, 1767, 1787, 1789, 1791, 1797, 1805, 1836, 1838, 1870, 1898, 1941, 1994, 2002, 2011, 2025, 2028, 2043, 2107, 2162, 2185, 2192, 2199, 2227, 2249, 2251, 2297, 2320, 2355, 2363, 2384, 2405, 2418, 2446, 2526, 2540, 2550, 2555, 2568, 2590, 2595, 2617, 2621, 2629, 2633, 2674, 2701, 2707, 2740, 2745, 2747, 2749, 2757, 2765, 2813, 2828, 2845, 2848, 2856, 2862, 2895, 2922, 2945, 3017, 3019, 3041, 3059, 3087, 3089, 3109, 3120, 3150, 3158, 3245, 3257, 3267, 3276, 3293, 3323, 3346, 3348, 3353, 3375, 3406, 3416, 3420, 3422, 3424, 3426, 3468, 3470, 3483, 3501, 3557, 3571, 3584, 3614, 3646, 3648, 3650, 3657, 3667, 3679, 3689, 3698, 3706, 3717, 3727, 3747, 3749, 3766, 3768, 3776, 3799, 3810, 3824, 3826, 3828, 3834, 3840, 3844, 3867, 3873, 3875, 3879, 3915, 3919, 3923, 3925, 4010, 4047, 4054, 4080, 4087, 4168, 4173, 4216, 4235, 4240, 4246, 4266, 4273, 4276, 4278, 4340, 4350, 4378, 4386, 4396, 4431, 4456, 4493, 4525, 4538, 4550, 4564, 4582, 4600, 4604, 4610, 4612, 4614, 4630, 4645, 4664, 4687, 4721, 4726, 4730, 4745, 4753, 4774, 4819, 4855, 4858, 4867, 4874, 4885, 4919, 4927, 4933, 4943, 4951, 4959, 4964, 4967, 5019, 5025, 5041, 5063, 5072, 5090, 5099, 5130, 5160, 5184, 5195, 5253, 5267, 5273, 5281, 5287, 5301, 5332, 5336, 5360, 5394, 5474, 5476, 5517, 5527, 5530, 5537, 5541, 5548, 5551, 5553, 5578, 5591, 5600, 5606, 5617, 5627, 5661, 5679, 5683, 5714, 5764, 5874, 5910, 5939, 5941, 5951, 5979, 5985, 6008, 6028, 6043, 6128, 6132, 6137, 6161, 6213, 6236, 6239, 6242, 6264, 6313, 6332, 6338, 6365, 6380, 6382, 6416, 6432, 6476, 6519, 6521, 6523, 6535, 6553, 6632, 6640, 6643, 6645, 6679, 6692, 6727, 6789, 6804, 6820, 6825, 6830, 6846, 6889, 6929, 6951, 6954, 6966, 6973, 6977, 7003, 7022, 7026, 7028, 7033, 7040, 7049, 7063, 7068, 7081, 7090, 7136, 7168, 7171, 7191, 7211, 7250, 7302, 7311, 7322, 7325, 7375, 7384, 7386, 7411, 7413, 7415, 7430, 7440, 7454, 7469, 7471, 7499, 7559, 7561, 7573, 7599, 7601, 7622, 7624, 7645, 7656]","[875, 3645, 4524]",7666,428,7238,0,428,7235,3
-4.0,S62287,"[7, 11, 20, 22, 61, 64, 120, 145, 161, 186, 191, 195, 197, 199, 231, 240, 248, 354, 493, 509, 547, 551, 556, 561, 563, 571, 678, 698, 706, 708, 724, 732, 738, 751, 762, 842, 925, 983, 1021, 1025, 1039, 1157, 1230, 1257, 1267, 1338, 1384, 1421, 1466, 1477, 1489, 1494, 1498, 1500, 1542, 1544, 1547, 1583, 1652, 1674, 1680, 1741, 1804, 1824, 1881, 1911, 1922, 1925, 1966, 1971, 2091, 2127, 2134, 2197, 2232, 2236, 2291, 2312, 2315, 2317, 2320, 2331, 2342, 2348, 2351, 2354, 2357, 2362, 2369, 2376, 2381, 2386, 2424, 2471, 2473, 2479, 2484, 2490, 2536, 2540, 2545, 2620, 2624, 2636, 2664, 2672, 2680, 2689, 2750, 2755, 2792, 2805, 2809, 2813, 2837, 2840, 2846, 2848, 2877, 2902, 2904, 2910, 2922, 2940, 2946, 2961, 2967, 2975, 2999, 3004, 3026, 3035, 3060, 3078, 3086, 3102, 3109, 3118, 3128, 3143, 3168, 3181, 3190, 3202, 3207, 3230, 3240, 3270, 3308, 3332, 3357, 3375, 3399, 3412, 3423]",[],"[7, 11, 20, 22, 61, 64, 120, 145, 161, 186, 191, 195, 197, 199, 231, 240, 248, 354, 493, 509, 547, 551, 556, 561, 563, 571, 678, 698, 706, 708, 724, 732, 738, 751, 762, 842, 925, 983, 1021, 1025, 1039, 1157, 1230, 1257, 1267, 1338, 1384, 1421, 1466, 1477, 1489, 1494, 1498, 1500, 1542, 1544, 1547, 1583, 1652, 1674, 1680, 1741, 1804, 1824, 1881, 1911, 1922, 1925, 1966, 1971, 2091, 2127, 2134, 2197, 2232, 2236, 2291, 2312, 2315, 2317, 2320, 2331, 2342, 2348, 2351, 2354, 2357, 2362, 2369, 2376, 2381, 2386, 2424, 2471, 2473, 2479, 2484, 2490, 2536, 2540, 2545, 2620, 2624, 2636, 2664, 2672, 2680, 2689, 2750, 2755, 2792, 2805, 2809, 2813, 2837, 2840, 2846, 2848, 2877, 2902, 2904, 2910, 2922, 2940, 2946, 2961, 2967, 2975, 2999, 3004, 3026, 3035, 3060, 3078, 3086, 3102, 3109, 3118, 3128, 3143, 3168, 3181, 3190, 3202, 3207, 3230, 3240, 3270, 3308, 3332, 3357, 3375, 3399, 3412, 3423]",[1266],3426,155,3271,0,155,3270,1
-4.0,S63697,"[10, 82, 93, 115, 143, 160, 203, 246, 272, 281, 285, 293, 300, 303, 350, 377, 390, 436, 439, 474, 476, 505, 518, 528, 535, 572, 580, 665, 715, 739, 830, 834, 837, 889, 895, 960, 998, 1013, 1051, 1053, 1100, 1110, 1124, 1137, 1145, 1156, 1160, 1239, 1241, 1245, 1252, 1256, 1269, 1272, 1274, 1282, 1288, 1313, 1326]",[],"[10, 82, 93, 115, 143, 160, 203, 246, 272, 281, 285, 293, 300, 303, 350, 377, 390, 436, 439, 474, 476, 505, 518, 528, 535, 572, 580, 665, 715, 739, 830, 834, 837, 889, 895, 960, 998, 1013, 1051, 1053, 1100, 1110, 1124, 1137, 1145, 1156, 1160, 1239, 1241, 1245, 1252, 1256, 1269, 1272, 1274, 1282, 1288, 1313, 1326]","[280, 829]",1332,59,1273,0,59,1271,2
-4.0,S66606,"[8, 28, 36, 141, 147, 153, 160, 212, 217, 224, 226, 235, 239, 249, 253, 300, 303, 308, 310, 316, 322, 326, 337, 341, 358, 364, 380, 386, 410, 412, 419, 421, 425, 427, 429, 431, 442, 461, 470, 495, 595, 622, 630, 672, 680, 687, 711, 717, 722, 746, 760, 768, 825, 860, 866, 870, 895, 901, 903, 950, 959, 972, 980, 988, 1029, 1050, 1074, 1077, 1081, 1084, 1086, 1091, 1097, 1103, 1129, 1132, 1139, 1146, 1157, 1175, 1186, 1201, 1203, 1219, 1225, 1227, 1252, 1255, 1289, 1293, 1323, 1355, 1398, 1403, 1408, 1410, 1474, 1485, 1487, 1501, 1508, 1540, 1563, 1616, 1640, 1650, 1653, 1679, 1683, 1686, 1728, 1738, 1741, 1767, 1774, 1799, 1801, 1838, 1847, 1860, 1865, 1867, 1876, 1893, 1909, 1914, 1924, 1930, 2008, 2010, 2049, 2076, 2093, 2095, 2100, 2114, 2250, 2260, 2290, 2301, 2319, 2333, 2338, 2486, 2507, 2519, 2521, 2523, 2525, 2530, 2534, 2536, 2538, 2544, 2600, 2605, 2608, 2610, 2615, 2633, 2707, 2711, 2739, 2750, 2753, 2761, 2765, 2772, 2783, 2786, 2804, 2816, 2828, 2839, 2854, 2862, 2869, 2880, 2891, 2903, 2925, 2936, 2949, 2982, 2993, 3055, 3148, 3153, 3173, 3229, 3254, 3264, 3310, 3366, 3375, 3400, 3440, 3468, 3480, 3488, 3512, 3523, 3534, 3558, 3574, 3577, 3585, 3612, 3614, 3618, 3622, 3626, 3628, 3630, 3632, 3636, 3638, 3644, 3646, 3648, 3657, 3661, 3665, 3676, 3680, 3685, 3702, 3709, 3716, 3718, 3724, 3728, 3739, 3763, 3768, 3819, 3832, 3842, 3844, 3894, 3900, 3904, 3914, 3941, 3973, 3983, 4015, 4068, 4089, 4100, 4105, 4157, 4183, 4187, 4198, 4201, 4215, 4219, 4231, 4245, 4269, 4312, 4336, 4344, 4354, 4405, 4407, 4519, 4531, 4590, 4599, 4603, 4615, 4623, 4625, 4627, 4629, 4631, 4633, 4641, 4659, 4665, 4671, 4674, 4698, 4700, 4707, 4751, 4786, 4812, 4867, 4902, 4913, 4953, 4966, 4989, 5024, 5030, 5055, 5058, 5066, 5076, 5100, 5116, 5154, 5177, 5179, 5198, 5209, 5215, 5220, 5225, 5322, 5332, 5344, 5350, 5357, 5410, 5431, 5436, 5492, 5501, 5518, 5539, 5561, 5567, 5587, 5601, 5604, 5619, 5636, 5645, 5684, 5695, 5702, 5704, 5708, 5714, 5717, 5719, 5755, 5769, 5781, 5826, 5869, 5891, 5897, 5899, 5912, 5934, 5937, 5952, 5959, 5965, 5968, 5988, 5997, 6049, 6072, 6087, 6096, 6104, 6117, 6126, 6160, 6168, 6172, 6176, 6182, 6184, 6189, 6223, 6236, 6256, 6297, 6302, 6313, 6348, 6357, 6359, 6361]",[],"[8, 28, 36, 141, 147, 153, 160, 212, 217, 224, 226, 235, 239, 249, 253, 300, 303, 308, 310, 316, 322, 326, 337, 341, 358, 364, 380, 386, 410, 412, 419, 421, 425, 427, 429, 431, 442, 461, 470, 495, 595, 622, 630, 672, 680, 687, 711, 717, 722, 746, 760, 768, 825, 860, 866, 870, 895, 901, 903, 950, 959, 972, 980, 988, 1029, 1050, 1074, 1077, 1081, 1084, 1086, 1091, 1097, 1103, 1129, 1132, 1139, 1146, 1157, 1175, 1186, 1201, 1203, 1219, 1225, 1227, 1252, 1255, 1289, 1293, 1323, 1355, 1398, 1403, 1408, 1410, 1474, 1485, 1487, 1501, 1508, 1540, 1563, 1616, 1640, 1650, 1653, 1679, 1683, 1686, 1728, 1738, 1741, 1767, 1774, 1799, 1801, 1838, 1847, 1860, 1865, 1867, 1876, 1893, 1909, 1914, 1924, 1930, 2008, 2010, 2049, 2076, 2093, 2095, 2100, 2114, 2250, 2260, 2290, 2301, 2319, 2333, 2338, 2486, 2507, 2519, 2521, 2523, 2525, 2530, 2534, 2536, 2538, 2544, 2600, 2605, 2608, 2610, 2615, 2633, 2707, 2711, 2739, 2750, 2753, 2761, 2765, 2772, 2783, 2786, 2804, 2816, 2828, 2839, 2854, 2862, 2869, 2880, 2891, 2903, 2925, 2936, 2949, 2982, 2993, 3055, 3148, 3153, 3173, 3229, 3254, 3264, 3310, 3366, 3375, 3400, 3440, 3468, 3480, 3488, 3512, 3523, 3534, 3558, 3574, 3577, 3585, 3612, 3614, 3618, 3622, 3626, 3628, 3630, 3632, 3636, 3638, 3644, 3646, 3648, 3657, 3661, 3665, 3676, 3680, 3685, 3702, 3709, 3716, 3718, 3724, 3728, 3739, 3763, 3768, 3819, 3832, 3842, 3844, 3894, 3900, 3904, 3914, 3941, 3973, 3983, 4015, 4068, 4089, 4100, 4105, 4157, 4183, 4187, 4198, 4201, 4215, 4219, 4231, 4245, 4269, 4312, 4336, 4344, 4354, 4405, 4407, 4519, 4531, 4590, 4599, 4603, 4615, 4623, 4625, 4627, 4629, 4631, 4633, 4641, 4659, 4665, 4671, 4674, 4698, 4700, 4707, 4751, 4786, 4812, 4867, 4902, 4913, 4953, 4966, 4989, 5024, 5030, 5055, 5058, 5066, 5076, 5100, 5116, 5154, 5177, 5179, 5198, 5209, 5215, 5220, 5225, 5322, 5332, 5344, 5350, 5357, 5410, 5431, 5436, 5492, 5501, 5518, 5539, 5561, 5567, 5587, 5601, 5604, 5619, 5636, 5645, 5684, 5695, 5702, 5704, 5708, 5714, 5717, 5719, 5755, 5769, 5781, 5826, 5869, 5891, 5897, 5899, 5912, 5934, 5937, 5952, 5959, 5965, 5968, 5988, 5997, 6049, 6072, 6087, 6096, 6104, 6117, 6126, 6160, 6168, 6172, 6176, 6182, 6184, 6189, 6223, 6236, 6256, 6297, 6302, 6313, 6348, 6357, 6359, 6361]","[2506, 2706, 3899, 4598]",6360,381,5979,0,381,5975,4
-4.0,S67057,"[12, 42, 48, 50, 54, 67, 71, 84, 92, 99, 116, 144, 155, 209, 279, 300, 319, 323, 362, 369, 409, 417, 436, 455, 495, 504, 526, 528, 594, 695, 697, 700, 718, 731, 755, 804, 825, 841, 860, 890, 904, 954, 960, 962, 974, 982, 990, 1006, 1037, 1039, 1075, 1151, 1164, 1176, 1180, 1185, 1206, 1222, 1229, 1257, 1275, 1285, 1298, 1305, 1321, 1361, 1370, 1376, 1383, 1409, 1419, 1446, 1456, 1510, 1521, 1534, 1536, 1538, 1587, 1596, 1601, 1650, 1693, 1721]",[],"[12, 42, 48, 50, 54, 67, 71, 84, 92, 99, 116, 144, 155, 209, 279, 300, 319, 323, 362, 369, 409, 417, 436, 455, 495, 504, 526, 528, 594, 695, 697, 700, 718, 731, 755, 804, 825, 841, 860, 890, 904, 954, 960, 962, 974, 982, 990, 1006, 1037, 1039, 1075, 1151, 1164, 1176, 1180, 1185, 1206, 1222, 1229, 1257, 1275, 1285, 1298, 1305, 1321, 1361, 1370, 1376, 1383, 1409, 1419, 1446, 1456, 1510, 1521, 1534, 1536, 1538, 1587, 1596, 1601, 1650, 1693, 1721]",[840],1747,84,1663,0,84,1662,1
-4.0,S69277,"[9, 29, 57, 70, 81, 98, 127, 135, 143, 147, 152, 159, 169, 180, 195, 208, 212, 215, 258, 268, 296, 318, 324, 331, 352, 375, 433, 456, 467, 479, 481, 493, 496, 504, 510, 559, 575, 590, 604, 629, 648, 735, 833, 840, 842, 845, 858, 866, 876, 891, 894, 929, 933, 941, 949, 954, 1008, 1029, 1058, 1063, 1067, 1162, 1178, 1191, 1217, 1237, 1257, 1300, 1304, 1343, 1388, 1420, 1429, 1441, 1519, 1524, 1572, 1592, 1607, 1635, 1680, 1707, 1732, 1771, 1784, 1786, 1794, 1797, 1806, 1808, 1830, 1847, 1852, 1907, 1915, 1920, 1932, 1968, 1972, 1976, 1978, 1993, 2000, 2042, 2051, 2059, 2070, 2075, 2083, 2095, 2102, 2104, 2108, 2119, 2146, 2159, 2177, 2231, 2262, 2292, 2313, 2322, 2337, 2339, 2354, 2427, 2436, 2490, 2520, 2523, 2526, 2533, 2539, 2547, 2661, 2663, 2692, 2735, 2743, 2760, 2777, 2784, 2802, 2811, 2815, 2844, 2847, 2853, 2862, 2869, 2876, 2915, 2925, 2935, 2942, 2952, 2955, 2995, 3023, 3043, 3057, 3069, 3073, 3099, 3120, 3131, 3147, 3151, 3154, 3158, 3177, 3182, 3200, 3230, 3262, 3268, 3270, 3286, 3295, 3306, 3317, 3321, 3326, 3343, 3353, 3378, 3386, 3393, 3418, 3432, 3457, 3467, 3470, 3472, 3479, 3522, 3526, 3552, 3557, 3575, 3603, 3612, 3625, 3643, 3658, 3693, 3724, 3746, 3822, 3840, 3844, 3874, 3929, 3957, 3985, 3996, 4001, 4021, 4067, 4069, 4083, 4090, 4104, 4108, 4157, 4168, 4170, 4173, 4182, 4202, 4204, 4216, 4234, 4241, 4253, 4267, 4299, 4308, 4349, 4355, 4386, 4409, 4444, 4489, 4518, 4557, 4569, 4610, 4642, 4718, 4727, 4742, 4750, 4791, 4795, 4814, 4816, 4853, 4860, 4895, 4899, 4904, 4906, 4940, 4956, 4968, 4970, 4987, 5010, 5064, 5069, 5071, 5084, 5091, 5098, 5102, 5104, 5128, 5134, 5144, 5150, 5156, 5159, 5173, 5176, 5186, 5188, 5237, 5244, 5268, 5272, 5287, 5305, 5316, 5318, 5327, 5330, 5343, 5351, 5379, 5383, 5395, 5397, 5406, 5422, 5438, 5457, 5473, 5475, 5478, 5488, 5494]",[],"[9, 29, 57, 70, 81, 98, 127, 135, 143, 147, 152, 159, 169, 180, 195, 208, 212, 215, 258, 268, 296, 318, 324, 331, 352, 375, 433, 456, 467, 479, 481, 493, 496, 504, 510, 559, 575, 590, 604, 629, 648, 735, 833, 840, 842, 845, 858, 866, 876, 891, 894, 929, 933, 941, 949, 954, 1008, 1029, 1058, 1063, 1067, 1162, 1178, 1191, 1217, 1237, 1257, 1300, 1304, 1343, 1388, 1420, 1429, 1441, 1519, 1524, 1572, 1592, 1607, 1635, 1680, 1707, 1732, 1771, 1784, 1786, 1794, 1797, 1806, 1808, 1830, 1847, 1852, 1907, 1915, 1920, 1932, 1968, 1972, 1976, 1978, 1993, 2000, 2042, 2051, 2059, 2070, 2075, 2083, 2095, 2102, 2104, 2108, 2119, 2146, 2159, 2177, 2231, 2262, 2292, 2313, 2322, 2337, 2339, 2354, 2427, 2436, 2490, 2520, 2523, 2526, 2533, 2539, 2547, 2661, 2663, 2692, 2735, 2743, 2760, 2777, 2784, 2802, 2811, 2815, 2844, 2847, 2853, 2862, 2869, 2876, 2915, 2925, 2935, 2942, 2952, 2955, 2995, 3023, 3043, 3057, 3069, 3073, 3099, 3120, 3131, 3147, 3151, 3154, 3158, 3177, 3182, 3200, 3230, 3262, 3268, 3270, 3286, 3295, 3306, 3317, 3321, 3326, 3343, 3353, 3378, 3386, 3393, 3418, 3432, 3457, 3467, 3470, 3472, 3479, 3522, 3526, 3552, 3557, 3575, 3603, 3612, 3625, 3643, 3658, 3693, 3724, 3746, 3822, 3840, 3844, 3874, 3929, 3957, 3985, 3996, 4001, 4021, 4067, 4069, 4083, 4090, 4104, 4108, 4157, 4168, 4170, 4173, 4182, 4202, 4204, 4216, 4234, 4241, 4253, 4267, 4299, 4308, 4349, 4355, 4386, 4409, 4444, 4489, 4518, 4557, 4569, 4610, 4642, 4718, 4727, 4742, 4750, 4791, 4795, 4814, 4816, 4853, 4860, 4895, 4899, 4904, 4906, 4940, 4956, 4968, 4970, 4987, 5010, 5064, 5069, 5071, 5084, 5091, 5098, 5102, 5104, 5128, 5134, 5144, 5150, 5156, 5159, 5173, 5176, 5186, 5188, 5237, 5244, 5268, 5272, 5287, 5305, 5316, 5318, 5327, 5330, 5343, 5351, 5379, 5383, 5395, 5397, 5406, 5422, 5438, 5457, 5473, 5475, 5478, 5488, 5494]","[3098, 3316, 3521, 3839, 4103]",5517,312,5205,0,312,5200,5
-4.0,S69278,"[20, 28, 34, 63, 76, 85, 89, 99, 102, 115, 118, 129, 159, 164, 179, 187, 211, 234, 244, 247, 280, 284, 308, 324, 337, 340, 350, 370, 374, 389, 435, 441, 462, 483, 496, 516, 524, 548, 574, 635, 648, 657, 659, 662, 686, 694, 705, 717, 721, 747, 749, 761, 767, 793, 812, 820, 832, 847, 851, 862, 866, 923, 997, 1002, 1050, 1070, 1085, 1113, 1185, 1197, 1207, 1220, 1222, 1229, 1232, 1241, 1266, 1283, 1288, 1344, 1352, 1357, 1369, 1381, 1403, 1407, 1411, 1413, 1422, 1428, 1468, 1477, 1485, 1496, 1501, 1506, 1521, 1528, 1530, 1534, 1545, 1550, 1562, 1568, 1580, 1598, 1602, 1632, 1645, 1663, 1698, 1720, 1754, 1784, 1790, 1792, 1805, 1814, 1829, 1831, 1846, 1919, 1928, 1930, 1982, 2012, 2015, 2018, 2025, 2039, 2153, 2155, 2227, 2235, 2252, 2276, 2294, 2303, 2307, 2336, 2339, 2345, 2354, 2361, 2368, 2407, 2417, 2427, 2434, 2444, 2447, 2487, 2515, 2535, 2549, 2561, 2565, 2591, 2612, 2623, 2630, 2642, 2657, 2661, 2664, 2668, 2687, 2692, 2710, 2740, 2778, 2796, 2805, 2816, 2821, 2827, 2831, 2836, 2847, 2853, 2863, 2888, 2896, 2903, 2928, 2942, 2967, 2977, 2980, 2982, 2989, 3032, 3036, 3050, 3062, 3067, 3085, 3120, 3133, 3151, 3166, 3176, 3201, 3211, 3232, 3254, 3330, 3348, 3352, 3382, 3417, 3445, 3454, 3459, 3525, 3527, 3541, 3548, 3562, 3566, 3615, 3626, 3628, 3631, 3640, 3649, 3651, 3663, 3681, 3688, 3697, 3714, 3746, 3755, 3796, 3802, 3833, 3856, 3965, 4005, 4017, 4058, 4090, 4104, 4112, 4175, 4190, 4198, 4237, 4241, 4260, 4262, 4265, 4298, 4306, 4341, 4345, 4350, 4352, 4386, 4402, 4415, 4417, 4457, 4516, 4531, 4546, 4552, 4590, 4610, 4616, 4622, 4632, 4638, 4644, 4647, 4659, 4670, 4719, 4726, 4749, 4753, 4767, 4777, 4781, 4783, 4803, 4815, 4830, 4841, 4843, 4852, 4855, 4863, 4881, 4885, 4897, 4899, 4908, 4924, 4959, 4975, 4977, 4980, 4984, 4996]",[],"[20, 28, 34, 63, 76, 85, 89, 99, 102, 115, 118, 129, 159, 164, 179, 187, 211, 234, 244, 247, 280, 284, 308, 324, 337, 340, 350, 370, 374, 389, 435, 441, 462, 483, 496, 516, 524, 548, 574, 635, 648, 657, 659, 662, 686, 694, 705, 717, 721, 747, 749, 761, 767, 793, 812, 820, 832, 847, 851, 862, 866, 923, 997, 1002, 1050, 1070, 1085, 1113, 1185, 1197, 1207, 1220, 1222, 1229, 1232, 1241, 1266, 1283, 1288, 1344, 1352, 1357, 1369, 1381, 1403, 1407, 1411, 1413, 1422, 1428, 1468, 1477, 1485, 1496, 1501, 1506, 1521, 1528, 1530, 1534, 1545, 1550, 1562, 1568, 1580, 1598, 1602, 1632, 1645, 1663, 1698, 1720, 1754, 1784, 1790, 1792, 1805, 1814, 1829, 1831, 1846, 1919, 1928, 1930, 1982, 2012, 2015, 2018, 2025, 2039, 2153, 2155, 2227, 2235, 2252, 2276, 2294, 2303, 2307, 2336, 2339, 2345, 2354, 2361, 2368, 2407, 2417, 2427, 2434, 2444, 2447, 2487, 2515, 2535, 2549, 2561, 2565, 2591, 2612, 2623, 2630, 2642, 2657, 2661, 2664, 2668, 2687, 2692, 2710, 2740, 2778, 2796, 2805, 2816, 2821, 2827, 2831, 2836, 2847, 2853, 2863, 2888, 2896, 2903, 2928, 2942, 2967, 2977, 2980, 2982, 2989, 3032, 3036, 3050, 3062, 3067, 3085, 3120, 3133, 3151, 3166, 3176, 3201, 3211, 3232, 3254, 3330, 3348, 3352, 3382, 3417, 3445, 3454, 3459, 3525, 3527, 3541, 3548, 3562, 3566, 3615, 3626, 3628, 3631, 3640, 3649, 3651, 3663, 3681, 3688, 3697, 3714, 3746, 3755, 3796, 3802, 3833, 3856, 3965, 4005, 4017, 4058, 4090, 4104, 4112, 4175, 4190, 4198, 4237, 4241, 4260, 4262, 4265, 4298, 4306, 4341, 4345, 4350, 4352, 4386, 4402, 4415, 4417, 4457, 4516, 4531, 4546, 4552, 4590, 4610, 4616, 4622, 4632, 4638, 4644, 4647, 4659, 4670, 4719, 4726, 4749, 4753, 4767, 4777, 4781, 4783, 4803, 4815, 4830, 4841, 4843, 4852, 4855, 4863, 4881, 4885, 4897, 4899, 4908, 4924, 4959, 4975, 4977, 4980, 4984, 4996]","[2590, 2826, 3031, 3347, 3561]",5016,306,4710,0,306,4705,5
-4.0,S69350,"[7, 51, 78, 80, 85, 118, 175, 181, 236, 261, 291, 299, 378, 404, 417, 425, 467, 486, 490, 561, 567, 569, 571, 580, 594, 640, 643, 653, 667, 669, 675, 677, 681, 707, 742, 753, 761, 768, 793, 796, 805, 813, 815, 831, 845, 847, 849, 853, 858, 861, 870, 872, 876, 941, 946, 950, 952, 1029, 1041, 1043, 1082, 1101, 1112, 1118, 1125, 1180, 1202, 1208, 1309, 1336, 1442, 1478, 1503, 1563, 1574, 1590, 1593, 1613, 1655, 1695, 1710, 1746, 1778, 1784, 1838, 1867, 1971, 1988, 2037, 2040, 2046, 2048, 2051, 2111, 2113, 2125, 2150, 2154]",[],"[7, 51, 78, 80, 85, 118, 175, 181, 236, 261, 291, 299, 378, 404, 417, 425, 467, 486, 490, 561, 567, 569, 571, 580, 594, 640, 643, 653, 667, 669, 675, 677, 681, 707, 742, 753, 761, 768, 793, 796, 805, 813, 815, 831, 845, 847, 849, 853, 858, 861, 870, 872, 876, 941, 946, 950, 952, 1029, 1041, 1043, 1082, 1101, 1112, 1118, 1125, 1180, 1202, 1208, 1309, 1336, 1442, 1478, 1503, 1563, 1574, 1590, 1593, 1613, 1655, 1695, 1710, 1746, 1778, 1784, 1838, 1867, 1971, 1988, 2037, 2040, 2046, 2048, 2051, 2111, 2113, 2125, 2150, 2154]",[235],2153,98,2055,0,98,2054,1
-4.0,SAIEGLOBIM,"[22, 56, 149, 190, 206, 222, 238, 248, 272, 291, 304, 317, 335, 347, 354, 373, 376, 454, 475, 542, 554, 568, 589, 593, 605, 610, 687, 694, 726, 761, 767, 835, 837, 867, 875, 898, 912, 945, 958, 984, 988, 1002, 1009, 1034, 1044, 1067, 1086, 1100, 1176, 1181, 1189, 1195, 1199, 1205, 1211, 1262, 1284, 1300, 1318, 1324, 1330, 1334, 1341, 1348, 1398, 1419, 1426, 1432, 1435, 1445, 1449, 1479, 1510, 1512, 1520, 1543, 1548, 1554, 1586, 1599, 1623, 1625, 1632, 1655, 1665, 1676, 1684, 1686, 1692, 1754, 1764, 1778, 1813, 1821, 1823]",[],"[22, 56, 149, 190, 206, 222, 238, 248, 272, 291, 304, 317, 335, 347, 354, 373, 376, 454, 475, 542, 554, 568, 589, 593, 605, 610, 687, 694, 726, 761, 767, 835, 837, 867, 875, 898, 912, 945, 958, 984, 988, 1002, 1009, 1034, 1044, 1067, 1086, 1100, 1176, 1181, 1189, 1195, 1199, 1205, 1211, 1262, 1284, 1300, 1318, 1324, 1330, 1334, 1341, 1348, 1398, 1419, 1426, 1432, 1435, 1445, 1449, 1479, 1510, 1512, 1520, 1543, 1548, 1554, 1586, 1599, 1623, 1625, 1632, 1655, 1665, 1676, 1684, 1686, 1692, 1754, 1764, 1778, 1813, 1821, 1823]","[237, 588]",1827,95,1732,0,95,1730,2
-4.0,SMIGCU,"[31, 104, 116, 131, 133, 137, 148, 171, 184, 201, 203, 225, 232, 240, 246, 289, 297, 306, 323, 338, 341, 348, 368, 371, 396, 411, 432, 483, 514, 521, 550, 563, 572, 592, 661, 671, 678, 697, 747, 787, 800, 823, 831, 841, 852, 865, 876, 888, 912, 924, 965, 979, 1011, 1016, 1022, 1033, 1041, 1056, 1058, 1066, 1071, 1113, 1163, 1189, 1209, 1218, 1220, 1234, 1238, 1246, 1263, 1269, 1274, 1290, 1332, 1334, 1336, 1378, 1400, 1475, 1491, 1532, 1534, 1564, 1577, 1632, 1636, 1656, 1666, 1719, 1740, 1742, 1746, 1775, 1780, 1784, 1806, 1830, 1836, 1841, 1863, 1881, 1929, 1947, 1976, 1989, 1992, 2015, 2019, 2034, 2050, 2063, 2070, 2072, 2079, 2084, 2124, 2130, 2140, 2174, 2205, 2221, 2228, 2240, 2245, 2309, 2420, 2422, 2431, 2433, 2466, 2515, 2528, 2550, 2553, 2558, 2590, 2613, 2625, 2629, 2638, 2640, 2649, 2654, 2754, 2777, 2779, 2781, 2789, 2791, 2798, 2811]",[],"[31, 104, 116, 131, 133, 137, 148, 171, 184, 201, 203, 225, 232, 240, 246, 289, 297, 306, 323, 338, 341, 348, 368, 371, 396, 411, 432, 483, 514, 521, 550, 563, 572, 592, 661, 671, 678, 697, 747, 787, 800, 823, 831, 841, 852, 865, 876, 888, 912, 924, 965, 979, 1011, 1016, 1022, 1033, 1041, 1056, 1058, 1066, 1071, 1113, 1163, 1189, 1209, 1218, 1220, 1234, 1238, 1246, 1263, 1269, 1274, 1290, 1332, 1334, 1336, 1378, 1400, 1475, 1491, 1532, 1534, 1564, 1577, 1632, 1636, 1656, 1666, 1719, 1740, 1742, 1746, 1775, 1780, 1784, 1806, 1830, 1836, 1841, 1863, 1881, 1929, 1947, 1976, 1989, 1992, 2015, 2019, 2034, 2050, 2063, 2070, 2072, 2079, 2084, 2124, 2130, 2140, 2174, 2205, 2221, 2228, 2240, 2245, 2309, 2420, 2422, 2431, 2433, 2466, 2515, 2528, 2550, 2553, 2558, 2590, 2613, 2625, 2629, 2638, 2640, 2649, 2654, 2754, 2777, 2779, 2781, 2789, 2791, 2798, 2811]","[799, 1233, 1631]",2834,152,2682,0,152,2679,3
-4.0,SMNPRP1A,"[10, 13, 27, 64, 105, 216, 222, 237, 243, 246, 254, 289, 298, 311, 321, 323, 346, 348, 361, 364, 373, 410, 424, 440, 602]",[],"[10, 13, 27, 64, 105, 216, 222, 237, 243, 246, 254, 289, 298, 311, 321, 323, 346, 348, 361, 364, 373, 410, 424, 440, 602]",[215],624,25,599,0,25,598,1
-4.0,SOEEGLOBIN,"[18, 22, 55, 148, 189, 205, 221, 237, 247, 271, 303, 315, 333, 345, 350, 352, 371, 374, 418, 452, 473, 540, 566, 587, 591, 603, 608, 643, 693, 725, 760, 766, 773, 828, 830, 860, 868, 891, 906, 936, 940, 955, 969, 1042, 1047, 1055, 1061, 1065, 1071, 1077, 1128, 1150, 1166, 1184, 1190, 1196, 1200, 1207, 1214, 1264, 1285, 1292, 1298, 1311, 1315, 1342, 1372, 1374, 1382, 1405, 1410, 1412, 1416, 1448, 1461, 1485, 1487, 1494, 1517, 1527, 1538, 1546, 1548, 1554, 1572, 1616, 1626, 1640, 1661, 1675, 1683, 1685]",[],"[18, 22, 55, 148, 189, 205, 221, 237, 247, 271, 303, 315, 333, 345, 350, 352, 371, 374, 418, 452, 473, 540, 566, 587, 591, 603, 608, 643, 693, 725, 760, 766, 773, 828, 830, 860, 868, 891, 906, 936, 940, 955, 969, 1042, 1047, 1055, 1061, 1065, 1071, 1077, 1128, 1150, 1166, 1184, 1190, 1196, 1200, 1207, 1214, 1264, 1285, 1292, 1298, 1311, 1315, 1342, 1372, 1374, 1382, 1405, 1410, 1412, 1416, 1448, 1461, 1485, 1487, 1494, 1517, 1527, 1538, 1546, 1548, 1554, 1572, 1616, 1626, 1640, 1661, 1675, 1683, 1685]","[236, 586]",1689,92,1597,0,92,1595,2
-4.0,SSBAT1G,"[9, 16, 55, 65, 128, 131, 143, 146, 172, 215, 224, 235, 237, 243, 245, 261, 275, 286, 295, 329, 354, 358, 367, 381, 392, 417, 446, 457, 470, 483, 487, 503, 519, 535, 573, 582, 591, 600, 629, 637, 640, 653, 661, 673, 688, 726, 744, 773, 796, 811, 858, 865, 890, 894, 901, 913, 921, 947, 983, 1000, 1009, 1049, 1059, 1061, 1106, 1124, 1160, 1208, 1223, 1248, 1270, 1286, 1293, 1317, 1345, 1357, 1363, 1371, 1406, 1418, 1427, 1436, 1447, 1451, 1465, 1472, 1476, 1482, 1487, 1493, 1512, 1524, 1543, 1551, 1563, 1604, 1632, 1645, 1655, 1663, 1677, 1682, 1689, 1708, 1716, 1761, 1778, 1789, 1817, 1844, 1848, 1858, 1861, 1873, 1879, 1903, 1962, 2002, 2014, 2022, 2039, 2056, 2087, 2129, 2146, 2168, 2170, 2174, 2204, 2216, 2231, 2251, 2258, 2260, 2271, 2273, 2277, 2279, 2309, 2315, 2324, 2351, 2360, 2365, 2368, 2379, 2387, 2407, 2411, 2414, 2426, 2428, 2436, 2460, 2464, 2466, 2490, 2492, 2496, 2502, 2507, 2509, 2522, 2546, 2577, 2583, 2593, 2611, 2617, 2626, 2646, 2658, 2666, 2676, 2700, 2717, 2721, 2731, 2734, 2737, 2739, 2789, 2792, 2815, 2819, 2821, 2839, 2841, 2843, 2845, 2847, 2849, 2851, 2853, 2855, 2857, 2884, 2897, 2911, 2925, 2968, 2974, 2985, 2991, 2995, 3119, 3143, 3236, 3249, 3286, 3328, 3331, 3404, 3412, 3439, 3443, 3450, 3476, 3489, 3505, 3517, 3519, 3549, 3551, 3619, 3658, 3685, 3714, 3756, 3773, 3811, 3838, 3843, 3885, 3904, 3913, 3921, 3924, 3952, 3959, 3964, 3981, 3985, 3996, 4002, 4009, 4012, 4014, 4018, 4047, 4087, 4138, 4145, 4154, 4191, 4204, 4208, 4214, 4230, 4239, 4251, 4254, 4289, 4325, 4343, 4347, 4355, 4361, 4363, 4371, 4374, 4378, 4400, 4427, 4430, 4515, 4539, 4543, 4549, 4566, 4577, 4599, 4624, 4677, 4680, 4686, 4710, 4726, 4729, 4749, 4763, 4783, 4800, 4804, 4806, 4861, 4876, 4898, 4933, 4937, 4943, 4949, 4954, 4957, 4965, 4967, 4979, 4994, 5011, 5043, 5049, 5057, 5064, 5127, 5174, 5205, 5249, 5259, 5265, 5270, 5313, 5326, 5348, 5373, 5382, 5390, 5399, 5428, 5430, 5444, 5450, 5469, 5480, 5482, 5506, 5528, 5532, 5551, 5555, 5569, 5585, 5597, 5600, 5608, 5634, 5644, 5647, 5659, 5667, 5706, 5714, 5719, 5739, 5743, 5748, 5759, 5772, 5823, 5868, 5891, 5931, 5967, 5979, 5988, 6022, 6032, 6105, 6120, 6151, 6164, 6177, 6247, 6260, 6262, 6272, 6291, 6319, 6335, 6342, 6359, 6371, 6391, 6409, 6457, 6480, 6501, 6505, 6534, 6538, 6555, 6576, 6617, 6632, 6655, 6662, 6667, 6679, 6694, 6709, 6711, 6715, 6727, 6736, 6776, 6787, 6789, 6800, 6829, 6839, 6844, 6863, 6882, 6891, 6909, 6945, 6979, 7000, 7019, 7022, 7024, 7027, 7029, 7032, 7035, 7041, 7078, 7081, 7097, 7102, 7162, 7177, 7238, 7248, 7256, 7263, 7274, 7287, 7297, 7299, 7303, 7343, 7346, 7348, 7351, 7360, 7379, 7440, 7443, 7447, 7471, 7476, 7484, 7494, 7497, 7509, 7512, 7526, 7535, 7543, 7623, 7625, 7648, 7689, 7705, 7711, 7730, 7732, 7737, 7743, 7746, 7770, 7800, 7821, 7824, 7832, 7853, 7877, 7885, 7948, 7960, 7965, 7970, 8009, 8011, 8043, 8072, 8122, 8154, 8163, 8170, 8221, 8229, 8239, 8243, 8246, 8254, 8268, 8301, 8303, 8332, 8334, 8336, 8341, 8354, 8362, 8367, 8385, 8391, 8412, 8429, 8478, 8486, 8490, 8496, 8506, 8517, 8522, 8538, 8545, 8565, 8567, 8578, 8580, 8627, 8637, 8644, 8666, 8669, 8671, 8709, 8714, 8728, 8730, 8768, 8773, 8787, 8799, 8801, 8804, 8813, 8819, 8849, 8889, 8917, 8966, 8991, 9002, 9035, 9038, 9047, 9052, 9056, 9089, 9123, 9145, 9149, 9156, 9166, 9173, 9175, 9253, 9262, 9290, 9304, 9332, 9389, 9415, 9417, 9434, 9442, 9457, 9477, 9479, 9495, 9503, 9511, 9527, 9575, 9577, 9611, 9629, 9639, 9675, 9679, 9690, 9726, 9760, 9772, 9786, 9792, 9814, 9859, 9888, 9907, 9909, 9935, 9947, 9949, 9954, 9961, 9966, 10054, 10061, 10070, 10104, 10119, 10133, 10219, 10226, 10235, 10279, 10296, 10298, 10315, 10371, 10375, 10384, 10389, 10434, 10439, 10441, 10453, 10467, 10501, 10538, 10635]",[],"[9, 16, 55, 65, 128, 131, 143, 146, 172, 215, 224, 235, 237, 243, 245, 261, 275, 286, 295, 329, 354, 358, 367, 381, 392, 417, 446, 457, 470, 483, 487, 503, 519, 535, 573, 582, 591, 600, 629, 637, 640, 653, 661, 673, 688, 726, 744, 773, 796, 811, 858, 865, 890, 894, 901, 913, 921, 947, 983, 1000, 1009, 1049, 1059, 1061, 1106, 1124, 1160, 1208, 1223, 1248, 1270, 1286, 1293, 1317, 1345, 1357, 1363, 1371, 1406, 1418, 1427, 1436, 1447, 1451, 1465, 1472, 1476, 1482, 1487, 1493, 1512, 1524, 1543, 1551, 1563, 1604, 1632, 1645, 1655, 1663, 1677, 1682, 1689, 1708, 1716, 1761, 1778, 1789, 1817, 1844, 1848, 1858, 1861, 1873, 1879, 1903, 1962, 2002, 2014, 2022, 2039, 2056, 2087, 2129, 2146, 2168, 2170, 2174, 2204, 2216, 2231, 2251, 2258, 2260, 2271, 2273, 2277, 2279, 2309, 2315, 2324, 2351, 2360, 2365, 2368, 2379, 2387, 2407, 2411, 2414, 2426, 2428, 2436, 2460, 2464, 2466, 2490, 2492, 2496, 2502, 2507, 2509, 2522, 2546, 2577, 2583, 2593, 2611, 2617, 2626, 2646, 2658, 2666, 2676, 2700, 2717, 2721, 2731, 2734, 2737, 2739, 2789, 2792, 2815, 2819, 2821, 2839, 2841, 2843, 2845, 2847, 2849, 2851, 2853, 2855, 2857, 2884, 2897, 2911, 2925, 2968, 2974, 2985, 2991, 2995, 3119, 3143, 3236, 3249, 3286, 3328, 3331, 3404, 3412, 3439, 3443, 3450, 3476, 3489, 3505, 3517, 3519, 3549, 3551, 3619, 3658, 3685, 3714, 3756, 3773, 3811, 3838, 3843, 3885, 3904, 3913, 3921, 3924, 3952, 3959, 3964, 3981, 3985, 3996, 4002, 4009, 4012, 4014, 4018, 4047, 4087, 4138, 4145, 4154, 4191, 4204, 4208, 4214, 4230, 4239, 4251, 4254, 4289, 4325, 4343, 4347, 4355, 4361, 4363, 4371, 4374, 4378, 4400, 4427, 4430, 4515, 4539, 4543, 4549, 4566, 4577, 4599, 4624, 4677, 4680, 4686, 4710, 4726, 4729, 4749, 4763, 4783, 4800, 4804, 4806, 4861, 4876, 4898, 4933, 4937, 4943, 4949, 4954, 4957, 4965, 4967, 4979, 4994, 5011, 5043, 5049, 5057, 5064, 5127, 5174, 5205, 5249, 5259, 5265, 5270, 5313, 5326, 5348, 5373, 5382, 5390, 5399, 5428, 5430, 5444, 5450, 5469, 5480, 5482, 5506, 5528, 5532, 5551, 5555, 5569, 5585, 5597, 5600, 5608, 5634, 5644, 5647, 5659, 5667, 5706, 5714, 5719, 5739, 5743, 5748, 5759, 5772, 5823, 5868, 5891, 5931, 5967, 5979, 5988, 6022, 6032, 6105, 6120, 6151, 6164, 6177, 6247, 6260, 6262, 6272, 6291, 6319, 6335, 6342, 6359, 6371, 6391, 6409, 6457, 6480, 6501, 6505, 6534, 6538, 6555, 6576, 6617, 6632, 6655, 6662, 6667, 6679, 6694, 6709, 6711, 6715, 6727, 6736, 6776, 6787, 6789, 6800, 6829, 6839, 6844, 6863, 6882, 6891, 6909, 6945, 6979, 7000, 7019, 7022, 7024, 7027, 7029, 7032, 7035, 7041, 7078, 7081, 7097, 7102, 7162, 7177, 7238, 7248, 7256, 7263, 7274, 7287, 7297, 7299, 7303, 7343, 7346, 7348, 7351, 7360, 7379, 7440, 7443, 7447, 7471, 7476, 7484, 7494, 7497, 7509, 7512, 7526, 7535, 7543, 7623, 7625, 7648, 7689, 7705, 7711, 7730, 7732, 7737, 7743, 7746, 7770, 7800, 7821, 7824, 7832, 7853, 7877, 7885, 7948, 7960, 7965, 7970, 8009, 8011, 8043, 8072, 8122, 8154, 8163, 8170, 8221, 8229, 8239, 8243, 8246, 8254, 8268, 8301, 8303, 8332, 8334, 8336, 8341, 8354, 8362, 8367, 8385, 8391, 8412, 8429, 8478, 8486, 8490, 8496, 8506, 8517, 8522, 8538, 8545, 8565, 8567, 8578, 8580, 8627, 8637, 8644, 8666, 8669, 8671, 8709, 8714, 8728, 8730, 8768, 8773, 8787, 8799, 8801, 8804, 8813, 8819, 8849, 8889, 8917, 8966, 8991, 9002, 9035, 9038, 9047, 9052, 9056, 9089, 9123, 9145, 9149, 9156, 9166, 9173, 9175, 9253, 9262, 9290, 9304, 9332, 9389, 9415, 9417, 9434, 9442, 9457, 9477, 9479, 9495, 9503, 9511, 9527, 9575, 9577, 9611, 9629, 9639, 9675, 9679, 9690, 9726, 9760, 9772, 9786, 9792, 9814, 9859, 9888, 9907, 9909, 9935, 9947, 9949, 9954, 9961, 9966, 10054, 10061, 10070, 10104, 10119, 10133, 10219, 10226, 10235, 10279, 10296, 10298, 10315, 10371, 10375, 10384, 10389, 10434, 10439, 10441, 10453, 10467, 10501, 10538, 10635]","[1316, 2215, 2582, 4538, 5771, 8238, 9144, 9388, 9674]",10667,626,10041,0,626,10032,9
-4.0,SSIKBAGE,"[15, 39, 45, 48, 51, 61, 85, 103, 105, 117, 161, 193, 210, 218, 231, 279, 309, 377, 401, 425, 434, 442, 471, 482, 542, 551, 560, 623, 693, 700, 716, 728, 731, 772, 789, 793, 891, 924, 957, 985, 1011, 1022, 1047, 1070, 1133, 1181, 1248, 1252, 1270, 1295, 1306, 1317, 1374, 1408, 1426, 1438, 1464, 1484, 1540, 1546, 1569, 1576, 1614, 1616, 1618, 1632, 1642, 1730, 1745, 1796, 1820, 1865, 1885, 1912, 1924, 1931, 1944, 1961, 1987, 2025, 2038, 2098, 2138, 2151, 2198, 2245, 2272, 2365, 2378, 2470, 2474, 2476, 2489, 2502, 2529, 2560, 2564, 2583, 2591, 2598, 2605, 2634, 2637, 2661, 2695, 2735, 2763, 2794, 2803, 2830, 2874, 2882, 2978, 3000, 3021, 3043, 3092, 3095, 3104, 3152, 3172, 3183, 3225, 3260, 3335, 3362, 3369, 3373, 3389, 3395, 3435, 3455, 3459, 3484, 3495, 3499, 3521, 3570, 3621, 3642, 3644, 3650, 3714, 3718, 3747, 3767, 3787, 3789, 3804, 3824, 3836, 3842, 3851, 3875, 3893, 3899, 3939, 3945, 3955, 3961, 3971, 3984, 3994, 4012, 4050, 4058, 4062, 4064, 4072, 4080, 4092, 4096, 4203, 4246, 4270, 4272, 4281, 4287, 4289, 4300, 4309, 4332, 4449, 4455, 4471, 4475, 4489, 4497, 4549, 4590, 4601, 4605, 4624, 4631, 4697, 4713, 4728, 4744, 4754, 4792, 4801, 4848, 4871, 4888, 4890, 4910, 4918, 4932, 4981, 5032, 5051, 5060, 5129, 5147, 5192, 5208, 5212, 5215, 5226, 5228, 5241, 5252, 5254, 5256, 5259, 5268, 5272, 5277, 5282, 5289, 5299, 5305, 5309, 5311, 5322, 5331, 5340, 5347, 5351, 5363, 5376, 5420, 5437, 5457, 5473, 5479, 5485, 5495, 5497, 5555, 5602, 5606, 5621, 5629, 5645, 5659, 5669, 5673, 5702, 5724]",[],"[15, 39, 45, 48, 51, 61, 85, 103, 105, 117, 161, 193, 210, 218, 231, 279, 309, 377, 401, 425, 434, 442, 471, 482, 542, 551, 560, 623, 693, 700, 716, 728, 731, 772, 789, 793, 891, 924, 957, 985, 1011, 1022, 1047, 1070, 1133, 1181, 1248, 1252, 1270, 1295, 1306, 1317, 1374, 1408, 1426, 1438, 1464, 1484, 1540, 1546, 1569, 1576, 1614, 1616, 1618, 1632, 1642, 1730, 1745, 1796, 1820, 1865, 1885, 1912, 1924, 1931, 1944, 1961, 1987, 2025, 2038, 2098, 2138, 2151, 2198, 2245, 2272, 2365, 2378, 2470, 2474, 2476, 2489, 2502, 2529, 2560, 2564, 2583, 2591, 2598, 2605, 2634, 2637, 2661, 2695, 2735, 2763, 2794, 2803, 2830, 2874, 2882, 2978, 3000, 3021, 3043, 3092, 3095, 3104, 3152, 3172, 3183, 3225, 3260, 3335, 3362, 3369, 3373, 3389, 3395, 3435, 3455, 3459, 3484, 3495, 3499, 3521, 3570, 3621, 3642, 3644, 3650, 3714, 3718, 3747, 3767, 3787, 3789, 3804, 3824, 3836, 3842, 3851, 3875, 3893, 3899, 3939, 3945, 3955, 3961, 3971, 3984, 3994, 4012, 4050, 4058, 4062, 4064, 4072, 4080, 4092, 4096, 4203, 4246, 4270, 4272, 4281, 4287, 4289, 4300, 4309, 4332, 4449, 4455, 4471, 4475, 4489, 4497, 4549, 4590, 4601, 4605, 4624, 4631, 4697, 4713, 4728, 4744, 4754, 4792, 4801, 4848, 4871, 4888, 4890, 4910, 4918, 4932, 4981, 5032, 5051, 5060, 5129, 5147, 5192, 5208, 5212, 5215, 5226, 5228, 5241, 5252, 5254, 5256, 5259, 5268, 5272, 5277, 5282, 5289, 5299, 5305, 5309, 5311, 5322, 5331, 5340, 5347, 5351, 5363, 5376, 5420, 5437, 5457, 5473, 5479, 5485, 5495, 5497, 5555, 5602, 5606, 5621, 5629, 5645, 5659, 5669, 5673, 5702, 5724]","[2469, 3151, 3713, 4091, 4470]",5757,260,5497,0,260,5492,5
-4.0,SSPINT1B,"[13, 54, 66, 89, 101, 103, 124, 127, 157, 160, 167, 180, 186, 190, 207, 227, 282, 288, 303, 359, 400, 468, 481, 536, 567, 588, 611, 630, 646, 652, 685, 692, 707, 734, 736, 738, 740, 742, 744, 748, 750, 756, 766, 813, 821, 843, 846, 913, 915, 921, 925, 949, 959, 976, 1014, 1017, 1026, 1064, 1082, 1104, 1135, 1157, 1172, 1174, 1239, 1245, 1334, 1340, 1367, 1389, 1409, 1417, 1421, 1462, 1479, 1484, 1514, 1519, 1523, 1537, 1545, 1548, 1551, 1616, 1618, 1697, 1717, 1719, 1799, 1817, 1819, 1846, 1858, 1861, 1883, 1910, 1934, 1955, 1972, 1976, 1988, 1994, 2023, 2028, 2030, 2037, 2056, 2078, 2085, 2090, 2097, 2106, 2128, 2132, 2145, 2196, 2217, 2224, 2235, 2253, 2271, 2292, 2321, 2401, 2408, 2422, 2457, 2499, 2518, 2552, 2604, 2649, 2674, 2700, 2717, 2720, 2735, 2741, 2760, 2776, 2785, 2787, 2794, 2801, 2832, 2856, 2883, 2896, 2930, 2936, 2938, 2941, 2943, 2949, 2994, 3009, 3029, 3036, 3048, 3059, 3073, 3112, 3133, 3143, 3174, 3177, 3183, 3207, 3213, 3247, 3291, 3329, 3374, 3379, 3381, 3388, 3400, 3408, 3422, 3429, 3434, 3443, 3445, 3464, 3477, 3502, 3504, 3524, 3531, 3561, 3619, 3639, 3646, 3658, 3707, 3804, 3806, 3810, 3816, 3852, 3855, 3859, 3891, 3904, 3942, 3974, 4011, 4026, 4034, 4042, 4052, 4054, 4057, 4066, 4075, 4103, 4160, 4179, 4205, 4208, 4235, 4250, 4255, 4281, 4294, 4305, 4361, 4412, 4418, 4436, 4478, 4481, 4492, 4508, 4522, 4551, 4578, 4583, 4587, 4618, 4624, 4627, 4629, 4653, 4757, 4769, 4778, 4794, 4798, 4808, 4823, 4825, 4827, 4852, 4857, 4916, 4921, 4923, 4970, 4990, 5030, 5089, 5111, 5120, 5134, 5139, 5143, 5182, 5246, 5289, 5316, 5368, 5370, 5372, 5389, 5425, 5469, 5479, 5493, 5500, 5504, 5512, 5523, 5552, 5556, 5569, 5572, 5578, 5608, 5671, 5709, 5717, 5723, 5736, 5743, 5760, 5763, 5791, 5804, 5814, 5816, 5843, 5845, 5848, 5922, 5977, 6009, 6027, 6050, 6073, 6090, 6099, 6115, 6135, 6142, 6145, 6153, 6159, 6161, 6164, 6232, 6245, 6248, 6318, 6343, 6396, 6410, 6415, 6435, 6442, 6474, 6477, 6479, 6495, 6528, 6557, 6563, 6568, 6570, 6606, 6610, 6614, 6678, 6710, 6731, 6745, 6747, 6755, 6769, 6775, 6781, 6791, 6809, 6816, 6835, 6851, 6854, 6879, 6897, 6904, 6910, 6923, 6963, 6970, 7043, 7049, 7088, 7103, 7154, 7156, 7181, 7209, 7230, 7243, 7267, 7274, 7282, 7327, 7332, 7345, 7388, 7401, 7433, 7463, 7474, 7483, 7495, 7529, 7583, 7617, 7654, 7667, 7671, 7678, 7701, 7720, 7735, 7762, 7791, 7860, 7882, 7892, 7899, 7954, 7958, 7962, 8000, 8002, 8006, 8050, 8054, 8056, 8140, 8151, 8173, 8198, 8201, 8234, 8247, 8258, 8265, 8267, 8305, 8381, 8384, 8388, 8398, 8442, 8449, 8460, 8518, 8542, 8556, 8612, 8625, 8628, 8636, 8640, 8674, 8696, 8727, 8730, 8732, 8736]",[],"[13, 54, 66, 89, 101, 103, 124, 127, 157, 160, 167, 180, 186, 190, 207, 227, 282, 288, 303, 359, 400, 468, 481, 536, 567, 588, 611, 630, 646, 652, 685, 692, 707, 734, 736, 738, 740, 742, 744, 748, 750, 756, 766, 813, 821, 843, 846, 913, 915, 921, 925, 949, 959, 976, 1014, 1017, 1026, 1064, 1082, 1104, 1135, 1157, 1172, 1174, 1239, 1245, 1334, 1340, 1367, 1389, 1409, 1417, 1421, 1462, 1479, 1484, 1514, 1519, 1523, 1537, 1545, 1548, 1551, 1616, 1618, 1697, 1717, 1719, 1799, 1817, 1819, 1846, 1858, 1861, 1883, 1910, 1934, 1955, 1972, 1976, 1988, 1994, 2023, 2028, 2030, 2037, 2056, 2078, 2085, 2090, 2097, 2106, 2128, 2132, 2145, 2196, 2217, 2224, 2235, 2253, 2271, 2292, 2321, 2401, 2408, 2422, 2457, 2499, 2518, 2552, 2604, 2649, 2674, 2700, 2717, 2720, 2735, 2741, 2760, 2776, 2785, 2787, 2794, 2801, 2832, 2856, 2883, 2896, 2930, 2936, 2938, 2941, 2943, 2949, 2994, 3009, 3029, 3036, 3048, 3059, 3073, 3112, 3133, 3143, 3174, 3177, 3183, 3207, 3213, 3247, 3291, 3329, 3374, 3379, 3381, 3388, 3400, 3408, 3422, 3429, 3434, 3443, 3445, 3464, 3477, 3502, 3504, 3524, 3531, 3561, 3619, 3639, 3646, 3658, 3707, 3804, 3806, 3810, 3816, 3852, 3855, 3859, 3891, 3904, 3942, 3974, 4011, 4026, 4034, 4042, 4052, 4054, 4057, 4066, 4075, 4103, 4160, 4179, 4205, 4208, 4235, 4250, 4255, 4281, 4294, 4305, 4361, 4412, 4418, 4436, 4478, 4481, 4492, 4508, 4522, 4551, 4578, 4583, 4587, 4618, 4624, 4627, 4629, 4653, 4757, 4769, 4778, 4794, 4798, 4808, 4823, 4825, 4827, 4852, 4857, 4916, 4921, 4923, 4970, 4990, 5030, 5089, 5111, 5120, 5134, 5139, 5143, 5182, 5246, 5289, 5316, 5368, 5370, 5372, 5389, 5425, 5469, 5479, 5493, 5500, 5504, 5512, 5523, 5552, 5556, 5569, 5572, 5578, 5608, 5671, 5709, 5717, 5723, 5736, 5743, 5760, 5763, 5791, 5804, 5814, 5816, 5843, 5845, 5848, 5922, 5977, 6009, 6027, 6050, 6073, 6090, 6099, 6115, 6135, 6142, 6145, 6153, 6159, 6161, 6164, 6232, 6245, 6248, 6318, 6343, 6396, 6410, 6415, 6435, 6442, 6474, 6477, 6479, 6495, 6528, 6557, 6563, 6568, 6570, 6606, 6610, 6614, 6678, 6710, 6731, 6745, 6747, 6755, 6769, 6775, 6781, 6791, 6809, 6816, 6835, 6851, 6854, 6879, 6897, 6904, 6910, 6923, 6963, 6970, 7043, 7049, 7088, 7103, 7154, 7156, 7181, 7209, 7230, 7243, 7267, 7274, 7282, 7327, 7332, 7345, 7388, 7401, 7433, 7463, 7474, 7483, 7495, 7529, 7583, 7617, 7654, 7667, 7671, 7678, 7701, 7720, 7735, 7762, 7791, 7860, 7882, 7892, 7899, 7954, 7958, 7962, 8000, 8002, 8006, 8050, 8054, 8056, 8140, 8151, 8173, 8198, 8201, 8234, 8247, 8258, 8265, 8267, 8305, 8381, 8384, 8388, 8398, 8442, 8449, 8460, 8518, 8542, 8556, 8612, 8625, 8628, 8636, 8640, 8674, 8696, 8727, 8730, 8732, 8736]","[1971, 2551, 3903, 5245, 6605]",8745,444,8301,0,444,8296,5
-4.0,TAPROTP1,"[8, 28, 115, 120, 231, 285, 315, 332, 428, 452, 490]",[],"[8, 28, 115, 120, 231, 285, 315, 332, 428, 452, 490]",[230],548,11,537,0,11,536,1
-4.0,TARHBE,"[10, 31, 54, 61, 72, 77, 88, 104, 120, 130, 154, 173, 203, 219, 229, 231, 250, 253, 297, 331, 352, 401, 405, 419, 431, 445, 466, 470, 549, 571, 581, 583, 603, 639, 645, 690, 695, 705, 707, 789, 808, 819, 823, 832, 882, 949, 953, 967, 999, 1017, 1038, 1077, 1094, 1107, 1111, 1125, 1168, 1173, 1196, 1203, 1209, 1222, 1226, 1292, 1297, 1299, 1303, 1315, 1348, 1354, 1372, 1374, 1381, 1404, 1434, 1436, 1442, 1444, 1504, 1514, 1528, 1570, 1572, 1585, 1646, 1677]",[],"[10, 31, 54, 61, 72, 77, 88, 104, 120, 130, 154, 173, 203, 219, 229, 231, 250, 253, 297, 331, 352, 401, 405, 419, 431, 445, 466, 470, 549, 571, 581, 583, 603, 639, 645, 690, 695, 705, 707, 789, 808, 819, 823, 832, 882, 949, 953, 967, 999, 1017, 1038, 1077, 1094, 1107, 1111, 1125, 1168, 1173, 1196, 1203, 1209, 1222, 1226, 1292, 1297, 1299, 1303, 1315, 1348, 1354, 1372, 1374, 1381, 1404, 1434, 1436, 1442, 1444, 1504, 1514, 1528, 1570, 1572, 1585, 1646, 1677]","[119, 465]",1683,86,1597,0,86,1595,2
-4.0,TARHBG,"[15, 17, 59, 71, 78, 116, 177, 218, 228, 234, 266, 270, 277, 344, 393, 396, 416, 440, 463, 474, 495, 497, 502, 519, 562, 574, 588, 609, 613, 645, 653, 659, 705, 729, 736, 774, 782, 799, 810, 824, 829, 876, 891, 906, 971, 997, 1016, 1026, 1028, 1030, 1033, 1041, 1062, 1102, 1154, 1218, 1220, 1236, 1264, 1290, 1299, 1309, 1315, 1331, 1345, 1373, 1439, 1473, 1489, 1494, 1499, 1502, 1505, 1508, 1518, 1522, 1526, 1538, 1541, 1545, 1570, 1587, 1611, 1621, 1649, 1664, 1671, 1677, 1681, 1726, 1728, 1738, 1746, 1773, 1778, 1784, 1823, 1849, 1856, 1941, 1987, 2010, 2045, 2053, 2055, 2060, 2062, 2064, 2067, 2070, 2073, 2077, 2079, 2081, 2087, 2089, 2091, 2093, 2096, 2129]",[],"[15, 17, 59, 71, 78, 116, 177, 218, 228, 234, 266, 270, 277, 344, 393, 396, 416, 440, 463, 474, 495, 497, 502, 519, 562, 574, 588, 609, 613, 645, 653, 659, 705, 729, 736, 774, 782, 799, 810, 824, 829, 876, 891, 906, 971, 997, 1016, 1026, 1028, 1030, 1033, 1041, 1062, 1102, 1154, 1218, 1220, 1236, 1264, 1290, 1299, 1309, 1315, 1331, 1345, 1373, 1439, 1473, 1489, 1494, 1499, 1502, 1505, 1508, 1518, 1522, 1526, 1538, 1541, 1545, 1570, 1587, 1611, 1621, 1649, 1664, 1671, 1677, 1681, 1726, 1728, 1738, 1746, 1773, 1778, 1784, 1823, 1849, 1856, 1941, 1987, 2010, 2045, 2053, 2055, 2060, 2062, 2064, 2067, 2070, 2073, 2077, 2079, 2081, 2087, 2089, 2091, 2093, 2096, 2129]","[265, 612]",2140,120,2020,0,120,2018,2
-4.0,TFLPA2P1,"[69, 74, 122, 200, 206, 238, 245, 267, 273, 304, 327, 338, 375, 377, 392, 440, 460, 464, 469, 475, 525, 529, 541, 581, 583, 590, 597, 601, 614, 651, 664, 671, 687, 717, 732, 734, 747, 755, 758, 761, 828, 839, 853, 881, 884, 897, 907, 912, 973, 981, 1002, 1104, 1112, 1125, 1139, 1217, 1229, 1263, 1265, 1288, 1294, 1312, 1316, 1324, 1361, 1374, 1378, 1393, 1486, 1502, 1536, 1567, 1654, 1659, 1672, 1683, 1712, 1743, 1750, 1754, 1772, 1806, 1839, 1849, 1864, 1877, 1895, 1927, 1992, 2022, 2032, 2036, 2040, 2109, 2152, 2192, 2195, 2198, 2200, 2230, 2241, 2270, 2292, 2294, 2364, 2407, 2459, 2464, 2496, 2668, 2674, 2691, 2693]",[],"[69, 74, 122, 200, 206, 238, 245, 267, 273, 304, 327, 338, 375, 377, 392, 440, 460, 464, 469, 475, 525, 529, 541, 581, 583, 590, 597, 601, 614, 651, 664, 671, 687, 717, 732, 734, 747, 755, 758, 761, 828, 839, 853, 881, 884, 897, 907, 912, 973, 981, 1002, 1104, 1112, 1125, 1139, 1217, 1229, 1263, 1265, 1288, 1294, 1312, 1316, 1324, 1361, 1374, 1378, 1393, 1486, 1502, 1536, 1567, 1654, 1659, 1672, 1683, 1712, 1743, 1750, 1754, 1772, 1806, 1839, 1849, 1864, 1877, 1895, 1927, 1992, 2022, 2032, 2036, 2040, 2109, 2152, 2192, 2195, 2198, 2200, 2230, 2241, 2270, 2292, 2294, 2364, 2407, 2459, 2464, 2496, 2668, 2674, 2691, 2693]","[596, 972, 1749]",2709,113,2596,0,113,2593,3
-4.0,TFLPA2P2,"[69, 74, 200, 238, 245, 267, 298, 332, 369, 371, 434, 458, 463, 469, 519, 523, 535, 575, 577, 584, 591, 595, 608, 645, 655, 658, 665, 674, 681, 683, 711, 726, 728, 741, 749, 752, 755, 822, 833, 875, 888, 891, 898, 901, 936, 960, 967, 975, 996, 1018, 1071, 1098, 1106, 1119, 1211, 1223, 1257, 1281, 1287, 1305, 1309, 1317, 1350, 1357, 1371, 1374, 1389, 1532, 1566, 1581, 1597, 1634, 1693, 1706, 1717, 1777, 1784, 1788, 1806, 1840, 1873, 1883, 1898, 1911, 1929, 1961, 1997, 2026, 2056, 2069, 2073, 2077, 2140, 2170, 2186, 2226, 2229, 2232, 2234, 2254, 2264, 2275, 2304, 2326, 2328, 2349, 2395, 2405]",[],"[69, 74, 200, 238, 245, 267, 298, 332, 369, 371, 434, 458, 463, 469, 519, 523, 535, 575, 577, 584, 591, 595, 608, 645, 655, 658, 665, 674, 681, 683, 711, 726, 728, 741, 749, 752, 755, 822, 833, 875, 888, 891, 898, 901, 936, 960, 967, 975, 996, 1018, 1071, 1098, 1106, 1119, 1211, 1223, 1257, 1281, 1287, 1305, 1309, 1317, 1350, 1357, 1371, 1374, 1389, 1532, 1566, 1581, 1597, 1634, 1693, 1706, 1717, 1777, 1784, 1788, 1806, 1840, 1873, 1883, 1898, 1911, 1929, 1961, 1997, 2026, 2056, 2069, 2073, 2077, 2140, 2170, 2186, 2226, 2229, 2232, 2234, 2254, 2264, 2275, 2304, 2326, 2328, 2349, 2395, 2405]","[590, 966, 1783]",2432,108,2324,0,108,2321,3
-4.0,TFLPA2P3,"[69, 74, 122, 200, 206, 238, 245, 267, 273, 304, 327, 338, 375, 377, 392, 440, 460, 464, 469, 475, 525, 529, 541, 581, 583, 590, 597, 601, 614, 651, 664, 671, 687, 717, 732, 734, 747, 755, 758, 761, 828, 839, 853, 881, 884, 897, 907, 912, 973, 981, 1002, 1104, 1112, 1125, 1139, 1217, 1229, 1263, 1288, 1294, 1312, 1316, 1324, 1361, 1374, 1378, 1393, 1486, 1502, 1536, 1567, 1654, 1659, 1672, 1683, 1712, 1743, 1750, 1754, 1772, 1806, 1839, 1849, 1864, 1877, 1895, 1927, 1992, 2022, 2032, 2036, 2040, 2109, 2152, 2192, 2195, 2198, 2200, 2230, 2241, 2270, 2292, 2294, 2364, 2407, 2459, 2464, 2496, 2668, 2674, 2691, 2693]",[],"[69, 74, 122, 200, 206, 238, 245, 267, 273, 304, 327, 338, 375, 377, 392, 440, 460, 464, 469, 475, 525, 529, 541, 581, 583, 590, 597, 601, 614, 651, 664, 671, 687, 717, 732, 734, 747, 755, 758, 761, 828, 839, 853, 881, 884, 897, 907, 912, 973, 981, 1002, 1104, 1112, 1125, 1139, 1217, 1229, 1263, 1288, 1294, 1312, 1316, 1324, 1361, 1374, 1378, 1393, 1486, 1502, 1536, 1567, 1654, 1659, 1672, 1683, 1712, 1743, 1750, 1754, 1772, 1806, 1839, 1849, 1864, 1877, 1895, 1927, 1992, 2022, 2032, 2036, 2040, 2109, 2152, 2192, 2195, 2198, 2200, 2230, 2241, 2270, 2292, 2294, 2364, 2407, 2459, 2464, 2496, 2668, 2674, 2691, 2693]","[596, 972, 1749]",2709,112,2597,0,112,2594,3
-4.0,TFLPA2P4,"[69, 74, 200, 238, 245, 267, 298, 332, 369, 371, 434, 458, 463, 469, 519, 523, 535, 575, 577, 584, 591, 595, 608, 645, 658, 665, 674, 681, 683, 711, 726, 728, 741, 749, 752, 755, 822, 833, 875, 888, 891, 898, 901, 936, 960, 967, 975, 996, 1018, 1071, 1098, 1106, 1119, 1211, 1223, 1257, 1281, 1287, 1305, 1309, 1317, 1350, 1357, 1371, 1374, 1389, 1532, 1566, 1581, 1597, 1634, 1693, 1706, 1717, 1777, 1784, 1788, 1806, 1840, 1873, 1883, 1898, 1911, 1929, 1961, 1997, 2026, 2056, 2069, 2073, 2077, 2140, 2170, 2186, 2226, 2229, 2232, 2234, 2254, 2264, 2275, 2304, 2326, 2328, 2349, 2395, 2405]",[],"[69, 74, 200, 238, 245, 267, 298, 332, 369, 371, 434, 458, 463, 469, 519, 523, 535, 575, 577, 584, 591, 595, 608, 645, 658, 665, 674, 681, 683, 711, 726, 728, 741, 749, 752, 755, 822, 833, 875, 888, 891, 898, 901, 936, 960, 967, 975, 996, 1018, 1071, 1098, 1106, 1119, 1211, 1223, 1257, 1281, 1287, 1305, 1309, 1317, 1350, 1357, 1371, 1374, 1389, 1532, 1566, 1581, 1597, 1634, 1693, 1706, 1717, 1777, 1784, 1788, 1806, 1840, 1873, 1883, 1898, 1911, 1929, 1961, 1997, 2026, 2056, 2069, 2073, 2077, 2140, 2170, 2186, 2226, 2229, 2232, 2234, 2254, 2264, 2275, 2304, 2326, 2328, 2349, 2395, 2405]","[590, 966, 1783]",2432,107,2325,0,107,2322,3
-4.0,TGLHBB,"[18, 79, 123, 145, 156, 160, 167, 176, 179, 266, 278, 280, 295, 324, 371, 382, 431, 441, 444, 461, 472, 482, 488, 501, 520, 552, 554, 591, 599, 612, 624, 673, 676, 696, 713, 720, 736, 754, 767, 775, 868, 889, 893, 991, 998, 1000, 1002, 1004, 1044, 1081, 1090, 1107, 1111, 1113, 1117, 1123, 1143, 1166, 1169, 1174, 1210, 1212, 1215, 1250, 1257, 1271, 1273, 1279, 1312, 1335, 1337, 1361, 1366, 1372, 1375, 1378, 1388, 1441, 1443, 1448, 1450, 1473, 1483, 1499, 1515, 1531, 1537, 1594, 1620, 1641, 1700, 1705, 1734, 1743, 1765, 1771, 1813, 1856, 1872, 1907, 1937, 2003, 2035, 2064, 2120, 2196, 2198, 2208, 2226, 2234, 2254, 2282, 2289, 2296]",[],"[18, 79, 123, 145, 156, 160, 167, 176, 179, 266, 278, 280, 295, 324, 371, 382, 431, 441, 444, 461, 472, 482, 488, 501, 520, 552, 554, 591, 599, 612, 624, 673, 676, 696, 713, 720, 736, 754, 767, 775, 868, 889, 893, 991, 998, 1000, 1002, 1004, 1044, 1081, 1090, 1107, 1111, 1113, 1117, 1123, 1143, 1166, 1169, 1174, 1210, 1212, 1215, 1250, 1257, 1271, 1273, 1279, 1312, 1335, 1337, 1361, 1366, 1372, 1375, 1378, 1388, 1441, 1443, 1448, 1450, 1473, 1483, 1499, 1515, 1531, 1537, 1594, 1620, 1641, 1700, 1705, 1734, 1743, 1765, 1771, 1813, 1856, 1872, 1907, 1937, 2003, 2035, 2064, 2120, 2196, 2198, 2208, 2226, 2234, 2254, 2282, 2289, 2296]","[519, 888]",2301,114,2187,0,114,2185,2
-4.0,TIOPRP1A,"[10, 13, 27, 102, 150, 153, 213, 219, 234, 241, 250, 277, 304, 316, 320, 375, 537]",[],"[10, 13, 27, 102, 150, 153, 213, 219, 234, 241, 250, 277, 304, 316, 320, 375, 537]",[212],557,17,540,0,17,539,1
-4.0,U00432,"[11, 24, 26, 29, 45, 50, 81, 84, 168, 221, 235, 238, 242, 244, 264, 275, 282, 289, 291, 311, 334, 344, 350, 390, 426, 438, 440, 454, 469, 471, 474, 516, 542, 599, 623, 633, 659, 672, 694, 699, 726, 731, 773, 779, 794, 815, 845, 856, 868, 916, 918, 937, 949, 971, 976, 1016, 1065, 1071, 1073, 1085, 1102, 1106, 1122, 1162, 1167, 1175, 1177, 1204, 1208, 1241, 1255, 1261, 1269, 1288, 1313, 1335, 1349, 1371, 1400, 1411, 1423, 1438, 1444, 1460, 1468, 1512]",[],"[11, 24, 26, 29, 45, 50, 81, 84, 168, 221, 235, 238, 242, 244, 264, 275, 282, 289, 291, 311, 334, 344, 350, 390, 426, 438, 440, 454, 469, 471, 474, 516, 542, 599, 623, 633, 659, 672, 694, 699, 726, 731, 773, 779, 794, 815, 845, 856, 868, 916, 918, 937, 949, 971, 976, 1016, 1065, 1071, 1073, 1085, 1102, 1106, 1122, 1162, 1167, 1175, 1177, 1204, 1208, 1241, 1255, 1261, 1269, 1288, 1313, 1335, 1349, 1371, 1400, 1411, 1423, 1438, 1444, 1460, 1468, 1512]","[83, 237, 793, 1101, 1312]",1576,86,1490,0,86,1485,5
-4.0,U00433,"[11, 24, 26, 29, 37, 45, 50, 64, 84, 88, 98, 107, 122, 191, 200, 251, 265, 268, 272, 284, 306, 310, 312, 317, 327, 370, 393, 438, 444, 486, 489, 541, 546, 558, 566, 582, 592, 618, 631, 653, 658, 685, 690, 732, 753, 757, 806, 817, 823, 829, 877, 879, 898, 910, 932, 937, 977, 1026, 1032, 1034, 1046, 1063, 1090, 1102, 1135, 1150, 1163, 1178, 1199, 1213, 1219, 1227, 1246, 1271, 1293, 1308, 1313, 1323, 1336, 1347, 1365, 1374, 1376, 1388, 1403, 1409, 1425, 1433, 1477]",[],"[11, 24, 26, 29, 37, 45, 50, 64, 84, 88, 98, 107, 122, 191, 200, 251, 265, 268, 272, 284, 306, 310, 312, 317, 327, 370, 393, 438, 444, 486, 489, 541, 546, 558, 566, 582, 592, 618, 631, 653, 658, 685, 690, 732, 753, 757, 806, 817, 823, 829, 877, 879, 898, 910, 932, 937, 977, 1026, 1032, 1034, 1046, 1063, 1090, 1102, 1135, 1150, 1163, 1178, 1199, 1213, 1219, 1227, 1246, 1271, 1293, 1308, 1313, 1323, 1336, 1347, 1365, 1374, 1376, 1388, 1403, 1409, 1425, 1433, 1477]","[83, 267, 752, 1062, 1270]",1546,89,1457,0,89,1452,5
-4.0,U00454,"[39, 43, 48, 51, 67, 76, 83, 132, 149, 169, 177, 191, 202, 205, 229, 241, 244, 252, 256, 260, 264, 275, 334, 338, 414, 436, 487, 495, 509, 521, 531, 537, 547, 565, 597, 605, 656, 658, 668, 671, 674, 677, 686, 688, 692, 712, 726, 728, 732, 734, 749, 754, 764, 773, 816, 850, 942, 952, 1012, 1016, 1032, 1037, 1048, 1063, 1067, 1091, 1099, 1112, 1154, 1158, 1168, 1182, 1185, 1193, 1237, 1264, 1331, 1341, 1350, 1447, 1525, 1552, 1558, 1582, 1599, 1606, 1625, 1632, 1636, 1645, 1655, 1706, 1723, 1725, 1733, 1735, 1750, 1754, 1764, 1805, 1808, 1822, 1844, 1854, 1882, 1898, 1924, 1968, 1992, 1994, 2015, 2029, 2042, 2046, 2072, 2118, 2134, 2167, 2221, 2253, 2255, 2257, 2265, 2267, 2270, 2272, 2274, 2316, 2320, 2338, 2354, 2362, 2364, 2372, 2383, 2392, 2394, 2404, 2407, 2416, 2430, 2433, 2438, 2489, 2516, 2536, 2556, 2585, 2603, 2620, 2632, 2650, 2655, 2674, 2689, 2720, 2761, 2764, 2782, 2788, 2815, 2824, 2828, 2831, 2844, 2887, 2902, 2908, 2913, 2926, 2940, 2959, 2964, 2970, 2981, 2991, 3019, 3026, 3042, 3044, 3068, 3091, 3116, 3119, 3131, 3191, 3202, 3261, 3277, 3280, 3300, 3320, 3330, 3351, 3369, 3393, 3413, 3418, 3421, 3428, 3433, 3448, 3450, 3452, 3465, 3484, 3517, 3557, 3559, 3565, 3617, 3620, 3623, 3642, 3645, 3689, 3699, 3709, 3711, 3755, 3776, 3779, 3782, 3792, 3809, 3865, 3898, 3906, 3929, 3937, 3955, 3984, 4030, 4036, 4044, 4072, 4096, 4104, 4113, 4180, 4189, 4196, 4257, 4259, 4261, 4264, 4270, 4277, 4329, 4363, 4374, 4384, 4400, 4410, 4438, 4508, 4510, 4517, 4519, 4530, 4534, 4537, 4574, 4578, 4587, 4597, 4600, 4620, 4645, 4654, 4658, 4682, 4685, 4716, 4746, 4749, 4751, 4787, 4798, 4825, 4863, 4883, 4888, 4917, 4930, 4935, 4947, 4969, 4971, 4976, 4979, 5012, 5028, 5042, 5084, 5095, 5099, 5133, 5160, 5187, 5197, 5199, 5220, 5241, 5246, 5266, 5304, 5342, 5347, 5362, 5367, 5377, 5379, 5385, 5387, 5418, 5433, 5449, 5543, 5546, 5594, 5606, 5614, 5618, 5626, 5641, 5654, 5668, 5704, 5706, 5722, 5728, 5733, 5741, 5749, 5754, 5761, 5768, 5775, 5779, 5783, 5790, 5821, 5825, 5873, 5895, 5911, 5939, 5950, 5961, 6077, 6091, 6107, 6112, 6133, 6140, 6145, 6154, 6175, 6190, 6198, 6210, 6213, 6259, 6348, 6378, 6445, 6465, 6539, 6547, 6549, 6566, 6581, 6587, 6607, 6613, 6649, 6721, 6744, 6747, 6780, 6783, 6787, 6801, 6811, 6815, 6849, 6862, 6877, 6888, 6892, 6896, 6898, 6901, 6930, 6942, 6968, 6978, 6984, 6995, 6997, 7042, 7050, 7053, 7058, 7068, 7099, 7114, 7168]",[],"[39, 43, 48, 51, 67, 76, 83, 132, 149, 169, 177, 191, 202, 205, 229, 241, 244, 252, 256, 260, 264, 275, 334, 338, 414, 436, 487, 495, 509, 521, 531, 537, 547, 565, 597, 605, 656, 658, 668, 671, 674, 677, 686, 688, 692, 712, 726, 728, 732, 734, 749, 754, 764, 773, 816, 850, 942, 952, 1012, 1016, 1032, 1037, 1048, 1063, 1067, 1091, 1099, 1112, 1154, 1158, 1168, 1182, 1185, 1193, 1237, 1264, 1331, 1341, 1350, 1447, 1525, 1552, 1558, 1582, 1599, 1606, 1625, 1632, 1636, 1645, 1655, 1706, 1723, 1725, 1733, 1735, 1750, 1754, 1764, 1805, 1808, 1822, 1844, 1854, 1882, 1898, 1924, 1968, 1992, 1994, 2015, 2029, 2042, 2046, 2072, 2118, 2134, 2167, 2221, 2253, 2255, 2257, 2265, 2267, 2270, 2272, 2274, 2316, 2320, 2338, 2354, 2362, 2364, 2372, 2383, 2392, 2394, 2404, 2407, 2416, 2430, 2433, 2438, 2489, 2516, 2536, 2556, 2585, 2603, 2620, 2632, 2650, 2655, 2674, 2689, 2720, 2761, 2764, 2782, 2788, 2815, 2824, 2828, 2831, 2844, 2887, 2902, 2908, 2913, 2926, 2940, 2959, 2964, 2970, 2981, 2991, 3019, 3026, 3042, 3044, 3068, 3091, 3116, 3119, 3131, 3191, 3202, 3261, 3277, 3280, 3300, 3320, 3330, 3351, 3369, 3393, 3413, 3418, 3421, 3428, 3433, 3448, 3450, 3452, 3465, 3484, 3517, 3557, 3559, 3565, 3617, 3620, 3623, 3642, 3645, 3689, 3699, 3709, 3711, 3755, 3776, 3779, 3782, 3792, 3809, 3865, 3898, 3906, 3929, 3937, 3955, 3984, 4030, 4036, 4044, 4072, 4096, 4104, 4113, 4180, 4189, 4196, 4257, 4259, 4261, 4264, 4270, 4277, 4329, 4363, 4374, 4384, 4400, 4410, 4438, 4508, 4510, 4517, 4519, 4530, 4534, 4537, 4574, 4578, 4587, 4597, 4600, 4620, 4645, 4654, 4658, 4682, 4685, 4716, 4746, 4749, 4751, 4787, 4798, 4825, 4863, 4883, 4888, 4917, 4930, 4935, 4947, 4969, 4971, 4976, 4979, 5012, 5028, 5042, 5084, 5095, 5099, 5133, 5160, 5187, 5197, 5199, 5220, 5241, 5246, 5266, 5304, 5342, 5347, 5362, 5367, 5377, 5379, 5385, 5387, 5418, 5433, 5449, 5543, 5546, 5594, 5606, 5614, 5618, 5626, 5641, 5654, 5668, 5704, 5706, 5722, 5728, 5733, 5741, 5749, 5754, 5761, 5768, 5775, 5779, 5783, 5790, 5821, 5825, 5873, 5895, 5911, 5939, 5950, 5961, 6077, 6091, 6107, 6112, 6133, 6140, 6145, 6154, 6175, 6190, 6198, 6210, 6213, 6259, 6348, 6378, 6445, 6465, 6539, 6547, 6549, 6566, 6581, 6587, 6607, 6613, 6649, 6721, 6744, 6747, 6780, 6783, 6787, 6801, 6811, 6815, 6849, 6862, 6877, 6888, 6892, 6896, 6898, 6901, 6930, 6942, 6968, 6978, 6984, 6995, 6997, 7042, 7050, 7053, 7058, 7068, 7099, 7114, 7168]","[1598, 4862]",7193,409,6784,0,409,6782,2
-4.0,U00938,"[33, 35, 39, 45, 61, 72, 76, 93, 103, 110, 144, 150, 152, 241, 248, 255, 263, 265, 268, 332, 341, 345, 349, 353, 359, 366, 373, 415, 419, 443, 493, 508, 510, 513, 520, 538, 548, 551, 557, 596, 639, 641, 646, 682, 684, 693, 699, 736, 759, 764, 778, 833, 850, 856, 883, 886, 894, 898, 900, 913, 940, 983, 988, 1013, 1020, 1022, 1113, 1134, 1153, 1170, 1174, 1186, 1188, 1249, 1254, 1372, 1377, 1399, 1440, 1455, 1464, 1466, 1470, 1481, 1507, 1510, 1517, 1522, 1535, 1543, 1551, 1555, 1561, 1564, 1567, 1582, 1592, 1618, 1696, 1698, 1703, 1706, 1712, 1748, 1753, 1786, 1796, 1816, 1830, 1844, 1854, 1875, 1905, 1918, 1922, 1931, 1952, 1964, 1999, 2016, 2069, 2081, 2180, 2184, 2191, 2208, 2212, 2220, 2222, 2234, 2246, 2251, 2263, 2290, 2304, 2313, 2323, 2348, 2382, 2385, 2389, 2443, 2453, 2459, 2508, 2514, 2542, 2545, 2547, 2569, 2571, 2577, 2589, 2599, 2607, 2612, 2622, 2647, 2662, 2664, 2666, 2668, 2698, 2704, 2716, 2720, 2724, 2733, 2743, 2753, 2762, 2774, 2777, 2790, 2802, 2806, 2825, 2838, 2875, 2915, 2950, 2975, 2987, 3014, 3018, 3022, 3041, 3053, 3055, 3065, 3068, 3080, 3084, 3104, 3111, 3118, 3163, 3204, 3211, 3232, 3287, 3303, 3312, 3316, 3351, 3378, 3398, 3405, 3428, 3445, 3473, 3475, 3492, 3494, 3588, 3602, 3605, 3618, 3622, 3660, 3665, 3677, 3688, 3703, 3711, 3730, 3764, 3769, 3775, 3781, 3787, 3855, 3866, 3868, 3881, 3895, 3909, 3925, 3948, 3977, 3983, 4016, 4036, 4064, 4071, 4115, 4187, 4197, 4203, 4208, 4273, 4275, 4281, 4309, 4316, 4332, 4341, 4374, 4417, 4441, 4754, 4762, 4766, 4775, 4789, 4792, 4794, 4797, 4805, 4808, 4810, 4854, 4859, 4875, 4915, 4952, 4974, 4976, 5012, 5024, 5041, 5072, 5085, 5093, 5096, 5104, 5132, 5135, 5139, 5146, 5150, 5156, 5160, 5162, 5170, 5196, 5203, 5237, 5249, 5256, 5262, 5318, 5376, 5437, 5453, 5571, 5573, 5575, 5577, 5579, 5585, 5592, 5598, 5613, 5619, 5625, 5630, 5641, 5664, 5667, 5669, 5734, 5746, 5766, 5780, 5810, 5837, 5840, 5862, 5895, 5899, 5911, 5915, 5936, 5963, 5967, 5971, 5975, 5995, 6010, 6012, 6039, 6051, 6054, 6096, 6108, 6157, 6159, 6183, 6186, 6199, 6253, 6275, 6277, 6286, 6306, 6319, 6321, 6343, 6352, 6355, 6403, 6413, 6436, 6468, 6483, 6547, 6549, 6579, 6587, 6593, 6603, 6669, 6691, 6712, 6714, 6720, 6727, 6732, 6737, 6744, 6764, 6769, 6774]",[],"[33, 35, 39, 45, 61, 72, 76, 93, 103, 110, 144, 150, 152, 241, 248, 255, 263, 265, 268, 332, 341, 345, 349, 353, 359, 366, 373, 415, 419, 443, 493, 508, 510, 513, 520, 538, 548, 551, 557, 596, 639, 641, 646, 682, 684, 693, 699, 736, 759, 764, 778, 833, 850, 856, 883, 886, 894, 898, 900, 913, 940, 983, 988, 1013, 1020, 1022, 1113, 1134, 1153, 1170, 1174, 1186, 1188, 1249, 1254, 1372, 1377, 1399, 1440, 1455, 1464, 1466, 1470, 1481, 1507, 1510, 1517, 1522, 1535, 1543, 1551, 1555, 1561, 1564, 1567, 1582, 1592, 1618, 1696, 1698, 1703, 1706, 1712, 1748, 1753, 1786, 1796, 1816, 1830, 1844, 1854, 1875, 1905, 1918, 1922, 1931, 1952, 1964, 1999, 2016, 2069, 2081, 2180, 2184, 2191, 2208, 2212, 2220, 2222, 2234, 2246, 2251, 2263, 2290, 2304, 2313, 2323, 2348, 2382, 2385, 2389, 2443, 2453, 2459, 2508, 2514, 2542, 2545, 2547, 2569, 2571, 2577, 2589, 2599, 2607, 2612, 2622, 2647, 2662, 2664, 2666, 2668, 2698, 2704, 2716, 2720, 2724, 2733, 2743, 2753, 2762, 2774, 2777, 2790, 2802, 2806, 2825, 2838, 2875, 2915, 2950, 2975, 2987, 3014, 3018, 3022, 3041, 3053, 3055, 3065, 3068, 3080, 3084, 3104, 3111, 3118, 3163, 3204, 3211, 3232, 3287, 3303, 3312, 3316, 3351, 3378, 3398, 3405, 3428, 3445, 3473, 3475, 3492, 3494, 3588, 3602, 3605, 3618, 3622, 3660, 3665, 3677, 3688, 3703, 3711, 3730, 3764, 3769, 3775, 3781, 3787, 3855, 3866, 3868, 3881, 3895, 3909, 3925, 3948, 3977, 3983, 4016, 4036, 4064, 4071, 4115, 4187, 4197, 4203, 4208, 4273, 4275, 4281, 4309, 4316, 4332, 4341, 4374, 4417, 4441, 4754, 4762, 4766, 4775, 4789, 4792, 4794, 4797, 4805, 4808, 4810, 4854, 4859, 4875, 4915, 4952, 4974, 4976, 5012, 5024, 5041, 5072, 5085, 5093, 5096, 5104, 5132, 5135, 5139, 5146, 5150, 5156, 5160, 5162, 5170, 5196, 5203, 5237, 5249, 5256, 5262, 5318, 5376, 5437, 5453, 5571, 5573, 5575, 5577, 5579, 5585, 5592, 5598, 5613, 5619, 5625, 5630, 5641, 5664, 5667, 5669, 5734, 5746, 5766, 5780, 5810, 5837, 5840, 5862, 5895, 5899, 5911, 5915, 5936, 5963, 5967, 5971, 5975, 5995, 6010, 6012, 6039, 6051, 6054, 6096, 6108, 6157, 6159, 6183, 6186, 6199, 6253, 6275, 6277, 6286, 6306, 6319, 6321, 6343, 6352, 6355, 6403, 6413, 6436, 6468, 6483, 6547, 6549, 6579, 6587, 6593, 6603, 6669, 6691, 6712, 6714, 6720, 6727, 6732, 6737, 6744, 6764, 6769, 6774]","[1169, 4070, 5155]",6781,384,6397,0,384,6394,3
-4.0,U01026,"[10, 29, 31, 45, 53, 89, 127, 141, 151, 153, 204, 263, 271, 281, 349, 351, 390, 420, 429, 434, 475, 493, 505, 508, 526, 546, 558, 572, 581, 644, 661, 688, 708, 710, 726, 755, 771, 825, 849, 854, 902, 979, 1017, 1025, 1046, 1083, 1106, 1115, 1117, 1149, 1154, 1156, 1208, 1228, 1232, 1237, 1243, 1293, 1309, 1343, 1349, 1351, 1358, 1365, 1369, 1382, 1404, 1420, 1437, 1445, 1448, 1461, 1491, 1508, 1529, 1532, 1598, 1602, 1613, 1628, 1642, 1668, 1671, 1678, 1704, 1747, 1751, 1755, 1776, 1882, 1888, 1890, 1903, 1928, 1982, 1995, 2007, 2041, 2066, 2072, 2090, 2135, 2142, 2155, 2159, 2174, 2283, 2297, 2317, 2332, 2348, 2354, 2460, 2498, 2531, 2535, 2538, 2542, 2560, 2627, 2637, 2652, 2665, 2715, 2751, 2761, 2780, 2810, 2827, 2831, 2866, 2897, 2940, 2980, 2983, 2986, 2988, 3018, 3029, 3058, 3080, 3149, 3152, 3195]",[],"[10, 29, 31, 45, 53, 89, 127, 141, 151, 153, 204, 263, 271, 281, 349, 351, 390, 420, 429, 434, 475, 493, 505, 508, 526, 546, 558, 572, 581, 644, 661, 688, 708, 710, 726, 755, 771, 825, 849, 854, 902, 979, 1017, 1025, 1046, 1083, 1106, 1115, 1117, 1149, 1154, 1156, 1208, 1228, 1232, 1237, 1243, 1293, 1309, 1343, 1349, 1351, 1358, 1365, 1369, 1382, 1404, 1420, 1437, 1445, 1448, 1461, 1491, 1508, 1529, 1532, 1598, 1602, 1613, 1628, 1642, 1668, 1671, 1678, 1704, 1747, 1751, 1755, 1776, 1882, 1888, 1890, 1903, 1928, 1982, 1995, 2007, 2041, 2066, 2072, 2090, 2135, 2142, 2155, 2159, 2174, 2283, 2297, 2317, 2332, 2348, 2354, 2460, 2498, 2531, 2535, 2538, 2542, 2560, 2627, 2637, 2652, 2665, 2715, 2751, 2761, 2780, 2810, 2827, 2831, 2866, 2897, 2940, 2980, 2983, 2986, 2988, 3018, 3029, 3058, 3080, 3149, 3152, 3195]","[1364, 1746, 2537]",3217,144,3073,0,144,3070,3
-4.0,U01027,"[27, 51, 56, 104, 181, 219, 227, 249, 287, 310, 319, 321, 353, 358, 360, 415, 435, 439, 444, 450, 500, 516, 550, 556, 558, 565, 572, 576, 589, 610, 626, 639, 646, 649, 662, 692, 709, 730, 733, 736, 799, 803, 814, 852, 905, 948, 952, 956, 977, 1083, 1089, 1091, 1104, 1129, 1183, 1196, 1208, 1242, 1267, 1273, 1291, 1295, 1336, 1343, 1356, 1360, 1375, 1507, 1511, 1527, 1620, 1633, 1652, 1693, 1697, 1711, 1715, 1733, 1793, 1800, 1810, 1825, 1838, 1888, 1924, 1934, 1953, 1983, 2000, 2004, 2014, 2039, 2049, 2055, 2067, 2084, 2113, 2152, 2155, 2158, 2160, 2193, 2222, 2244, 2313, 2316, 2359, 2411, 2416, 2503, 2554, 2569, 2626, 2661, 2695, 2731, 2733, 2736, 2741]",[],"[27, 51, 56, 104, 181, 219, 227, 249, 287, 310, 319, 321, 353, 358, 360, 415, 435, 439, 444, 450, 500, 516, 550, 556, 558, 565, 572, 576, 589, 610, 626, 639, 646, 649, 662, 692, 709, 730, 733, 736, 799, 803, 814, 852, 905, 948, 952, 956, 977, 1083, 1089, 1091, 1104, 1129, 1183, 1196, 1208, 1242, 1267, 1273, 1291, 1295, 1336, 1343, 1356, 1360, 1375, 1507, 1511, 1527, 1620, 1633, 1652, 1693, 1697, 1711, 1715, 1733, 1793, 1800, 1810, 1825, 1838, 1888, 1924, 1934, 1953, 1983, 2000, 2004, 2014, 2039, 2049, 2055, 2067, 2084, 2113, 2152, 2155, 2158, 2160, 2193, 2222, 2244, 2313, 2316, 2359, 2411, 2416, 2503, 2554, 2569, 2626, 2661, 2695, 2731, 2733, 2736, 2741]","[571, 947, 1710]",2762,119,2643,0,119,2640,3
-4.0,U01844,"[9, 27, 43, 65, 69, 78, 83, 95, 105, 118, 183, 195, 198, 211, 213, 218, 231, 268, 300, 305, 317, 341, 344, 435, 477, 491, 516, 526, 542, 544, 555, 562, 588, 594, 597, 614, 620, 624, 636, 654, 664, 680, 685, 767, 782, 875, 882, 928, 966, 990, 1010, 1015, 1029, 1038, 1071, 1083, 1095, 1123, 1143, 1164, 1181, 1198, 1244, 1250, 1308, 1331, 1336, 1338, 1431, 1451, 1453, 1463, 1473, 1475, 1481, 1504, 1506, 1518, 1526, 1560, 1572, 1590, 1594, 1600, 1603, 1610, 1619, 1651, 1670, 1676, 1704, 1741, 1746, 1771, 1804, 1815, 1868, 1878, 1880, 1901, 1911, 1920, 1956, 1987, 1991, 2002, 2004, 2006, 2008, 2015, 2020, 2026, 2039, 2091, 2142, 2156, 2174, 2189, 2197, 2204, 2220, 2234, 2245, 2251, 2274, 2293, 2310, 2329, 2396, 2412, 2423, 2475, 2514, 2532, 2554, 2558, 2573, 2577, 2586, 2597, 2639, 2654, 2658, 2686, 2718, 2721, 2793, 2818, 2871, 2891, 2936, 3011, 3058, 3068, 3071, 3098, 3114, 3135, 3141, 3143, 3173, 3176, 3212, 3225, 3241, 3254, 3257, 3272, 3342, 3356, 3391, 3394, 3404, 3409, 3446, 3479, 3487, 3496, 3499, 3521, 3532, 3551, 3572, 3581, 3609, 3614, 3683, 3721, 3750, 3782, 3805, 3844, 3869, 3877, 3906, 3913, 3985, 3992, 4006, 4029, 4038, 4081, 4083, 4085, 4089, 4095, 4103, 4109, 4117, 4128, 4131, 4144, 4183, 4197, 4199, 4208]",[],"[9, 27, 43, 65, 69, 78, 83, 95, 105, 118, 183, 195, 198, 211, 213, 218, 231, 268, 300, 305, 317, 341, 344, 435, 477, 491, 516, 526, 542, 544, 555, 562, 588, 594, 597, 614, 620, 624, 636, 654, 664, 680, 685, 767, 782, 875, 882, 928, 966, 990, 1010, 1015, 1029, 1038, 1071, 1083, 1095, 1123, 1143, 1164, 1181, 1198, 1244, 1250, 1308, 1331, 1336, 1338, 1431, 1451, 1453, 1463, 1473, 1475, 1481, 1504, 1506, 1518, 1526, 1560, 1572, 1590, 1594, 1600, 1603, 1610, 1619, 1651, 1670, 1676, 1704, 1741, 1746, 1771, 1804, 1815, 1868, 1878, 1880, 1901, 1911, 1920, 1956, 1987, 1991, 2002, 2004, 2006, 2008, 2015, 2020, 2026, 2039, 2091, 2142, 2156, 2174, 2189, 2197, 2204, 2220, 2234, 2245, 2251, 2274, 2293, 2310, 2329, 2396, 2412, 2423, 2475, 2514, 2532, 2554, 2558, 2573, 2577, 2586, 2597, 2639, 2654, 2658, 2686, 2718, 2721, 2793, 2818, 2871, 2891, 2936, 3011, 3058, 3068, 3071, 3098, 3114, 3135, 3141, 3143, 3173, 3176, 3212, 3225, 3241, 3254, 3257, 3272, 3342, 3356, 3391, 3394, 3404, 3409, 3446, 3479, 3487, 3496, 3499, 3521, 3532, 3551, 3572, 3581, 3609, 3614, 3683, 3721, 3750, 3782, 3805, 3844, 3869, 3877, 3906, 3913, 3985, 3992, 4006, 4029, 4038, 4081, 4083, 4085, 4089, 4095, 4103, 4109, 4117, 4128, 4131, 4144, 4183, 4197, 4199, 4208]","[1986, 2141, 2474, 2653, 3211]",4220,216,4004,0,216,3999,5
-4.0,XELCRPGA,"[6, 41, 55, 61, 76, 96, 122, 124, 131, 184, 236, 257, 263, 275, 280, 286, 315, 330, 341, 408, 422, 461, 481, 498, 509, 560, 584, 616, 632, 642, 710, 722, 727, 731, 738, 752, 787, 798, 819, 838, 843, 847, 862, 871, 886, 893, 904, 959, 1005, 1007, 1022, 1024, 1026, 1059, 1062, 1097, 1101, 1104, 1109, 1131, 1139, 1146, 1189, 1231, 1239, 1286, 1308, 1314, 1326, 1329, 1331, 1344, 1351, 1401, 1420, 1423, 1425, 1443, 1467, 1503, 1521, 1538, 1592, 1595, 1617, 1642, 1649, 1670, 1681, 1687, 1743, 1780, 1782, 1806, 1812, 1872, 1884, 1889, 1895, 1945, 1961, 2001, 2003, 2007, 2012, 2024, 2030, 2038, 2063, 2080, 2116, 2128, 2130, 2140, 2144, 2148, 2160, 2184, 2206, 2225, 2233, 2253, 2268, 2270, 2378, 2393, 2406, 2409, 2421, 2432, 2439, 2446, 2473, 2482, 2493, 2505, 2539, 2550, 2561, 2576, 2622, 2647, 2693, 2700, 2708, 2727, 2780, 2789, 2803, 2816, 2839, 2877, 2889, 2907, 2921, 2930, 2932, 2954, 2962, 2984, 3011, 3058, 3072, 3094, 3126, 3155, 3164, 3179, 3184, 3198, 3200, 3215, 3224, 3227, 3253, 3266, 3291, 3303, 3336, 3339, 3343, 3358, 3365, 3369, 3378, 3383, 3391, 3401, 3428, 3433, 3498, 3526, 3528, 3552, 3556, 3565, 3581, 3605, 3612, 3627, 3642, 3700, 3702, 3708, 3736, 3740, 3755, 3771, 3782, 3795, 3799, 3830, 3832, 3850, 3853, 3887]",[],"[6, 41, 55, 61, 76, 96, 122, 124, 131, 184, 236, 257, 263, 275, 280, 286, 315, 330, 341, 408, 422, 461, 481, 498, 509, 560, 584, 616, 632, 642, 710, 722, 727, 731, 738, 752, 787, 798, 819, 838, 843, 847, 862, 871, 886, 893, 904, 959, 1005, 1007, 1022, 1024, 1026, 1059, 1062, 1097, 1101, 1104, 1109, 1131, 1139, 1146, 1189, 1231, 1239, 1286, 1308, 1314, 1326, 1329, 1331, 1344, 1351, 1401, 1420, 1423, 1425, 1443, 1467, 1503, 1521, 1538, 1592, 1595, 1617, 1642, 1649, 1670, 1681, 1687, 1743, 1780, 1782, 1806, 1812, 1872, 1884, 1889, 1895, 1945, 1961, 2001, 2003, 2007, 2012, 2024, 2030, 2038, 2063, 2080, 2116, 2128, 2130, 2140, 2144, 2148, 2160, 2184, 2206, 2225, 2233, 2253, 2268, 2270, 2378, 2393, 2406, 2409, 2421, 2432, 2439, 2446, 2473, 2482, 2493, 2505, 2539, 2550, 2561, 2576, 2622, 2647, 2693, 2700, 2708, 2727, 2780, 2789, 2803, 2816, 2839, 2877, 2889, 2907, 2921, 2930, 2932, 2954, 2962, 2984, 3011, 3058, 3072, 3094, 3126, 3155, 3164, 3179, 3184, 3198, 3200, 3215, 3224, 3227, 3253, 3266, 3291, 3303, 3336, 3339, 3343, 3358, 3365, 3369, 3378, 3383, 3391, 3401, 3428, 3433, 3498, 3526, 3528, 3552, 3556, 3565, 3581, 3605, 3612, 3627, 3642, 3700, 3702, 3708, 3736, 3740, 3755, 3771, 3782, 3795, 3799, 3830, 3832, 3850, 3853, 3887]",[1096],3892,216,3676,0,216,3675,1
-4.0,XELCRYB,"[9, 48, 57, 63, 76, 126, 128, 130, 156, 163, 171, 180, 197, 201, 205, 238, 259, 314, 333, 356, 373, 385, 399, 421, 482, 485, 539, 576, 583, 593, 597, 606, 610, 657, 687, 707, 723, 735, 780, 787, 790, 817, 833, 868, 886, 895, 897, 912, 917, 946, 969, 989, 991, 995, 1002, 1012, 1029, 1038, 1128, 1142, 1152, 1186, 1209, 1223, 1239, 1248, 1296, 1305, 1310, 1327, 1331, 1345, 1347, 1362, 1371, 1373, 1379, 1394, 1399, 1418, 1433, 1461, 1463, 1467, 1470, 1478, 1501, 1505, 1515, 1586, 1656, 1694, 1700, 1720, 1722, 1740, 1769, 1773, 1808, 1852, 1863, 1906, 1910, 1913, 1924, 1945, 1953, 1978, 1996, 2004, 2048]",[],"[9, 48, 57, 63, 76, 126, 128, 130, 156, 163, 171, 180, 197, 201, 205, 238, 259, 314, 333, 356, 373, 385, 399, 421, 482, 485, 539, 576, 583, 593, 597, 606, 610, 657, 687, 707, 723, 735, 780, 787, 790, 817, 833, 868, 886, 895, 897, 912, 917, 946, 969, 989, 991, 995, 1002, 1012, 1029, 1038, 1128, 1142, 1152, 1186, 1209, 1223, 1239, 1248, 1296, 1305, 1310, 1327, 1331, 1345, 1347, 1362, 1371, 1373, 1379, 1394, 1399, 1418, 1433, 1461, 1463, 1467, 1470, 1478, 1501, 1505, 1515, 1586, 1656, 1694, 1700, 1720, 1722, 1740, 1769, 1773, 1808, 1852, 1863, 1906, 1910, 1913, 1924, 1945, 1953, 1978, 1996, 2004, 2048]","[706, 1326]",2050,111,1939,0,111,1937,2
-4.0,XELHBBC,"[12, 33, 38, 40, 69, 82, 105, 133, 179, 197, 230, 264, 268, 296, 317, 339, 351, 365, 389, 405, 407, 409, 415, 435, 437, 455, 462, 494, 515, 526, 544, 557, 565, 568, 658, 679, 698, 716, 725, 727, 787, 810, 838, 852, 859, 965, 990, 1019, 1058, 1063, 1083, 1090, 1096, 1102, 1133, 1159, 1187, 1190, 1207, 1234, 1243, 1276, 1291, 1294, 1305, 1311, 1353, 1355, 1357, 1360, 1368, 1373, 1385, 1389, 1406, 1409, 1414, 1419, 1423, 1433, 1456, 1527, 1537, 1638, 1675, 1715, 1718, 1730, 1740, 1764, 1785, 1789, 1827, 1833, 1845, 1888, 1917, 1931, 1963, 1970, 1979]",[],"[12, 33, 38, 40, 69, 82, 105, 133, 179, 197, 230, 264, 268, 296, 317, 339, 351, 365, 389, 405, 407, 409, 415, 435, 437, 455, 462, 494, 515, 526, 544, 557, 565, 568, 658, 679, 698, 716, 725, 727, 787, 810, 838, 852, 859, 965, 990, 1019, 1058, 1063, 1083, 1090, 1096, 1102, 1133, 1159, 1187, 1190, 1207, 1234, 1243, 1276, 1291, 1294, 1305, 1311, 1353, 1355, 1357, 1360, 1368, 1373, 1385, 1389, 1406, 1409, 1414, 1419, 1423, 1433, 1456, 1527, 1537, 1638, 1675, 1715, 1718, 1730, 1740, 1764, 1785, 1789, 1827, 1833, 1845, 1888, 1917, 1931, 1963, 1970, 1979]","[263, 678]",1982,101,1881,0,101,1879,2
-4.0,XLACTA,"[9, 57, 86, 103, 109, 132, 140, 146, 166, 183, 185, 193, 233, 279, 308, 310, 314, 323, 331, 362, 370, 373, 405, 409, 421, 434, 443, 445, 484, 498, 554, 624, 636, 702, 714, 759, 782, 814, 823, 850, 863, 888, 924, 939, 942, 958, 970, 984, 1035, 1045, 1085, 1099, 1143, 1166, 1202, 1204, 1206, 1225, 1227, 1243, 1261, 1287, 1350, 1383, 1415, 1467, 1558, 1588, 1597, 1668, 1683, 1686, 1688, 1697, 1700, 1705, 1713, 1716, 1741, 1759, 1770, 1792, 1808, 1813, 1819, 1839, 1866, 1913, 1939, 1942, 1981, 1983, 1989, 2048, 2056, 2063, 2095, 2105, 2122, 2128, 2130, 2150, 2176, 2183, 2187, 2192, 2199, 2229, 2261, 2300, 2358, 2367, 2369, 2376, 2382, 2443, 2465, 2467, 2493, 2495, 2506, 2517, 2527, 2551, 2556, 2558, 2571, 2578, 2584, 2592, 2611, 2619, 2625, 2634, 2649, 2655, 2669, 2791, 2823, 2828, 2838, 2891, 2963, 3003, 3011, 3016, 3024, 3031, 3042, 3136, 3149, 3198, 3230, 3285, 3295, 3300, 3311, 3321, 3324, 3352, 3358, 3399, 3423, 3443, 3460, 3470, 3478, 3486, 3496, 3499, 3517, 3545, 3547, 3553, 3557, 3580, 3608, 3624, 3641, 3699, 3704, 3706, 3767, 3789, 3805, 3816, 3820, 3835, 3840, 3860, 3869, 3914, 3955, 3977, 3982, 3995, 4001, 4003, 4015, 4031, 4058, 4076, 4129, 4139, 4157, 4164, 4201, 4204, 4234, 4243, 4267, 4273, 4297, 4306, 4312, 4330, 4336, 4341, 4347, 4371, 4380, 4386, 4410, 4415, 4421, 4445, 4454, 4478, 4484, 4489, 4495, 4519, 4528, 4534, 4558, 4563, 4569, 4578, 4593, 4595, 4668, 4698, 4782, 4805, 4846, 4850, 4887, 4900, 4906, 4919, 4947, 4962, 4996, 5013, 5023, 5036, 5041, 5046, 5049, 5059, 5067, 5079, 5129, 5156, 5166, 5204, 5224, 5243, 5298, 5303, 5313, 5317, 5339, 5354, 5368, 5407, 5442, 5484, 5504, 5510, 5514, 5551, 5562, 5612, 5655, 5666, 5680, 5700, 5702, 5707, 5710, 5721, 5734, 5745, 5767, 5771, 5796, 5804, 5812, 5850, 5899, 5903, 5936, 5944, 5947, 5950]",[],"[9, 57, 86, 103, 109, 132, 140, 146, 166, 183, 185, 193, 233, 279, 308, 310, 314, 323, 331, 362, 370, 373, 405, 409, 421, 434, 443, 445, 484, 498, 554, 624, 636, 702, 714, 759, 782, 814, 823, 850, 863, 888, 924, 939, 942, 958, 970, 984, 1035, 1045, 1085, 1099, 1143, 1166, 1202, 1204, 1206, 1225, 1227, 1243, 1261, 1287, 1350, 1383, 1415, 1467, 1558, 1588, 1597, 1668, 1683, 1686, 1688, 1697, 1700, 1705, 1713, 1716, 1741, 1759, 1770, 1792, 1808, 1813, 1819, 1839, 1866, 1913, 1939, 1942, 1981, 1983, 1989, 2048, 2056, 2063, 2095, 2105, 2122, 2128, 2130, 2150, 2176, 2183, 2187, 2192, 2199, 2229, 2261, 2300, 2358, 2367, 2369, 2376, 2382, 2443, 2465, 2467, 2493, 2495, 2506, 2517, 2527, 2551, 2556, 2558, 2571, 2578, 2584, 2592, 2611, 2619, 2625, 2634, 2649, 2655, 2669, 2791, 2823, 2828, 2838, 2891, 2963, 3003, 3011, 3016, 3024, 3031, 3042, 3136, 3149, 3198, 3230, 3285, 3295, 3300, 3311, 3321, 3324, 3352, 3358, 3399, 3423, 3443, 3460, 3470, 3478, 3486, 3496, 3499, 3517, 3545, 3547, 3553, 3557, 3580, 3608, 3624, 3641, 3699, 3704, 3706, 3767, 3789, 3805, 3816, 3820, 3835, 3840, 3860, 3869, 3914, 3955, 3977, 3982, 3995, 4001, 4003, 4015, 4031, 4058, 4076, 4129, 4139, 4157, 4164, 4201, 4204, 4234, 4243, 4267, 4273, 4297, 4306, 4312, 4330, 4336, 4341, 4347, 4371, 4380, 4386, 4410, 4415, 4421, 4445, 4454, 4478, 4484, 4489, 4495, 4519, 4528, 4534, 4558, 4563, 4569, 4578, 4593, 4595, 4668, 4698, 4782, 4805, 4846, 4850, 4887, 4900, 4906, 4919, 4947, 4962, 4996, 5013, 5023, 5036, 5041, 5046, 5049, 5059, 5067, 5079, 5129, 5156, 5166, 5204, 5224, 5243, 5298, 5303, 5313, 5317, 5339, 5354, 5368, 5407, 5442, 5484, 5504, 5510, 5514, 5551, 5562, 5612, 5655, 5666, 5680, 5700, 5702, 5707, 5710, 5721, 5734, 5745, 5767, 5771, 5796, 5804, 5812, 5850, 5899, 5903, 5936, 5944, 5947, 5950]","[2591, 3868, 4138, 4845, 5128]",5947,306,5641,0,306,5636,5
-4.0,XLACTCAG,"[43, 66, 77, 115, 123, 139, 144, 146, 154, 218, 231, 259, 268, 280, 312, 321, 323, 353, 358, 362, 371, 386, 423, 443, 454, 477, 479, 483, 504, 509, 518, 572, 575, 617, 756, 774, 821, 832, 836, 843, 856, 860, 881, 921, 923, 967, 1020, 1030, 1070, 1090, 1094, 1101, 1146, 1148, 1155, 1162, 1177, 1188, 1194, 1200, 1202, 1223, 1241, 1251, 1257, 1264, 1274, 1310, 1339, 1343, 1349, 1361, 1372, 1375, 1389, 1395, 1407, 1412, 1421, 1434, 1449, 1451, 1516, 1550, 1572, 1586, 1601, 1606, 1610, 1612, 1614, 1639, 1652, 1655, 1664, 1671, 1701, 1714, 1768, 1796, 1806, 1820, 1828, 1850, 1872, 1923, 1929, 1935, 1979, 2010, 2016, 2029, 2032, 2045, 2047, 2064, 2066, 2095, 2099, 2108, 2112, 2167, 2192, 2201, 2209, 2221, 2240, 2260, 2277, 2293, 2295, 2347, 2349, 2375, 2377, 2399, 2410, 2433, 2438, 2440, 2453, 2457, 2466, 2474, 2524, 2566, 2569, 2574, 2577, 2583, 2585, 2611, 2676, 2689, 2702, 2721, 2726, 2734, 2767, 2799, 2813, 2820, 2825, 2838, 2861, 2868, 2890, 2907, 2913, 2937, 2948, 2957, 2964, 3011, 3024, 3028, 3037, 3061, 3077, 3099, 3129, 3133, 3144, 3146, 3156, 3158, 3204, 3238, 3243, 3291, 3293, 3299, 3303, 3309, 3326, 3330, 3354, 3370, 3387, 3450, 3452, 3513, 3535, 3551, 3562, 3566, 3581, 3586, 3592, 3603, 3606, 3615, 3653, 3674, 3680, 3714, 3721, 3733, 3780, 3802, 3840, 3888, 3931, 4000, 4008, 4014, 4020, 4031, 4033, 4042, 4049, 4128, 4141, 4161, 4177, 4203, 4238, 4253, 4257, 4261, 4290, 4307, 4355, 4363, 4365, 4391, 4413, 4445, 4465, 4498, 4522, 4527, 4557, 4559, 4580, 4619, 4635, 4671, 4693, 4699, 4715, 4770, 4775, 4788, 4794, 4796, 4808, 4824, 4851, 4866, 4908, 4922, 4932, 4936, 5032, 5056, 5062, 5110, 5117, 5128, 5141, 5199, 5227, 5295, 5310, 5316, 5334, 5354, 5385, 5389, 5408, 5415, 5494, 5499, 5521, 5527, 5563, 5625, 5630, 5637, 5656, 5669, 5684, 5705, 5724, 5726, 5743, 5747, 5826, 5831, 5884, 5897, 5899, 5962, 5989, 6003, 6010, 6020, 6037, 6084, 6114, 6131, 6138, 6143, 6157, 6172, 6177, 6180, 6209, 6234, 6257, 6280, 6295, 6356, 6369, 6379, 6382, 6392, 6400, 6462, 6507, 6547, 6577, 6581, 6629, 6661, 6731, 6757, 6765, 6768, 6788, 6804, 6810, 6813, 6818, 6833, 6836, 6843, 6858, 6919, 6930, 6940, 6962, 6980, 7023, 7034, 7079, 7089, 7113, 7119, 7124, 7128, 7174, 7179, 7189, 7191, 7197, 7211, 7252, 7261, 7264, 7266, 7268, 7274, 7293, 7304, 7326, 7334, 7342, 7348, 7368, 7376, 7403, 7447, 7512, 7517, 7564, 7574, 7611, 7627, 7645, 7703, 7714, 7772, 7794, 7806, 7854, 7858, 7943, 7972, 7975, 8008, 8025, 8083, 8086, 8099, 8141, 8169, 8183, 8214, 8236, 8249, 8348, 8352, 8359, 8374, 8380, 8397, 8411, 8415, 8430, 8438, 8453, 8462, 8474, 8480, 8483, 8486, 8493, 8514, 8520, 8540, 8573, 8591, 8604, 8636, 8676, 8681, 8695, 8725, 8753, 8766, 8768, 8819, 8863, 8865, 8867, 8893, 8901]",[],"[43, 66, 77, 115, 123, 139, 144, 146, 154, 218, 231, 259, 268, 280, 312, 321, 323, 353, 358, 362, 371, 386, 423, 443, 454, 477, 479, 483, 504, 509, 518, 572, 575, 617, 756, 774, 821, 832, 836, 843, 856, 860, 881, 921, 923, 967, 1020, 1030, 1070, 1090, 1094, 1101, 1146, 1148, 1155, 1162, 1177, 1188, 1194, 1200, 1202, 1223, 1241, 1251, 1257, 1264, 1274, 1310, 1339, 1343, 1349, 1361, 1372, 1375, 1389, 1395, 1407, 1412, 1421, 1434, 1449, 1451, 1516, 1550, 1572, 1586, 1601, 1606, 1610, 1612, 1614, 1639, 1652, 1655, 1664, 1671, 1701, 1714, 1768, 1796, 1806, 1820, 1828, 1850, 1872, 1923, 1929, 1935, 1979, 2010, 2016, 2029, 2032, 2045, 2047, 2064, 2066, 2095, 2099, 2108, 2112, 2167, 2192, 2201, 2209, 2221, 2240, 2260, 2277, 2293, 2295, 2347, 2349, 2375, 2377, 2399, 2410, 2433, 2438, 2440, 2453, 2457, 2466, 2474, 2524, 2566, 2569, 2574, 2577, 2583, 2585, 2611, 2676, 2689, 2702, 2721, 2726, 2734, 2767, 2799, 2813, 2820, 2825, 2838, 2861, 2868, 2890, 2907, 2913, 2937, 2948, 2957, 2964, 3011, 3024, 3028, 3037, 3061, 3077, 3099, 3129, 3133, 3144, 3146, 3156, 3158, 3204, 3238, 3243, 3291, 3293, 3299, 3303, 3309, 3326, 3330, 3354, 3370, 3387, 3450, 3452, 3513, 3535, 3551, 3562, 3566, 3581, 3586, 3592, 3603, 3606, 3615, 3653, 3674, 3680, 3714, 3721, 3733, 3780, 3802, 3840, 3888, 3931, 4000, 4008, 4014, 4020, 4031, 4033, 4042, 4049, 4128, 4141, 4161, 4177, 4203, 4238, 4253, 4257, 4261, 4290, 4307, 4355, 4363, 4365, 4391, 4413, 4445, 4465, 4498, 4522, 4527, 4557, 4559, 4580, 4619, 4635, 4671, 4693, 4699, 4715, 4770, 4775, 4788, 4794, 4796, 4808, 4824, 4851, 4866, 4908, 4922, 4932, 4936, 5032, 5056, 5062, 5110, 5117, 5128, 5141, 5199, 5227, 5295, 5310, 5316, 5334, 5354, 5385, 5389, 5408, 5415, 5494, 5499, 5521, 5527, 5563, 5625, 5630, 5637, 5656, 5669, 5684, 5705, 5724, 5726, 5743, 5747, 5826, 5831, 5884, 5897, 5899, 5962, 5989, 6003, 6010, 6020, 6037, 6084, 6114, 6131, 6138, 6143, 6157, 6172, 6177, 6180, 6209, 6234, 6257, 6280, 6295, 6356, 6369, 6379, 6382, 6392, 6400, 6462, 6507, 6547, 6577, 6581, 6629, 6661, 6731, 6757, 6765, 6768, 6788, 6804, 6810, 6813, 6818, 6833, 6836, 6843, 6858, 6919, 6930, 6940, 6962, 6980, 7023, 7034, 7079, 7089, 7113, 7119, 7124, 7128, 7174, 7179, 7189, 7191, 7197, 7211, 7252, 7261, 7264, 7266, 7268, 7274, 7293, 7304, 7326, 7334, 7342, 7348, 7368, 7376, 7403, 7447, 7512, 7517, 7564, 7574, 7611, 7627, 7645, 7703, 7714, 7772, 7794, 7806, 7854, 7858, 7943, 7972, 7975, 8008, 8025, 8083, 8086, 8099, 8141, 8169, 8183, 8214, 8236, 8249, 8348, 8352, 8359, 8374, 8380, 8397, 8411, 8415, 8430, 8438, 8453, 8462, 8474, 8480, 8483, 8486, 8493, 8514, 8520, 8540, 8573, 8591, 8604, 8636, 8676, 8681, 8695, 8725, 8753, 8766, 8768, 8819, 8863, 8865, 8867, 8893, 8901]","[2473, 3614, 4931, 5562, 6461]",8901,459,8442,0,459,8437,5
-4.0,XLBGL3,"[23, 27, 33, 40, 43, 116, 144, 149, 190, 192, 266, 300, 308, 339, 344, 351, 389, 438, 449, 453, 459, 461, 465, 469, 475, 477, 527, 545, 559, 565, 585, 588, 607, 615, 693, 723, 726, 736, 739, 745, 761, 773, 819, 834, 877, 881, 883, 895, 960, 963, 965, 983, 1014, 1041, 1045, 1062, 1067, 1074, 1122, 1155, 1176, 1180, 1182, 1198, 1219, 1226, 1273, 1300, 1338, 1379, 1389, 1391, 1413, 1429, 1439, 1446, 1449, 1455, 1463, 1520, 1537, 1552, 1556, 1581, 1595, 1608, 1612, 1626, 1636, 1647, 1692, 1708, 1718, 1729, 1731, 1733, 1750, 1760, 1779, 1784, 1798, 1821, 1825, 1852, 1856, 1861, 1863, 1879, 1902, 1943, 1947, 1957, 1961, 1970, 1982, 1997, 1999, 2054, 2096, 2116, 2127, 2131, 2145, 2156, 2162, 2168, 2207, 2243, 2337, 2348, 2351, 2368, 2389, 2422, 2424, 2444, 2488, 2506, 2535, 2545, 2551, 2583, 2613, 2615, 2639, 2643, 2701, 2713, 2748, 2764, 2820, 2827, 2835, 2848, 2861, 2872, 2909, 2912, 2927]",[],"[23, 27, 33, 40, 43, 116, 144, 149, 190, 192, 266, 300, 308, 339, 344, 351, 389, 438, 449, 453, 459, 461, 465, 469, 475, 477, 527, 545, 559, 565, 585, 588, 607, 615, 693, 723, 726, 736, 739, 745, 761, 773, 819, 834, 877, 881, 883, 895, 960, 963, 965, 983, 1014, 1041, 1045, 1062, 1067, 1074, 1122, 1155, 1176, 1180, 1182, 1198, 1219, 1226, 1273, 1300, 1338, 1379, 1389, 1391, 1413, 1429, 1439, 1446, 1449, 1455, 1463, 1520, 1537, 1552, 1556, 1581, 1595, 1608, 1612, 1626, 1636, 1647, 1692, 1708, 1718, 1729, 1731, 1733, 1750, 1760, 1779, 1784, 1798, 1821, 1825, 1852, 1856, 1861, 1863, 1879, 1902, 1943, 1947, 1957, 1961, 1970, 1982, 1997, 1999, 2054, 2096, 2116, 2127, 2131, 2145, 2156, 2162, 2168, 2207, 2243, 2337, 2348, 2351, 2368, 2389, 2422, 2424, 2444, 2488, 2506, 2535, 2545, 2551, 2583, 2613, 2615, 2639, 2643, 2701, 2713, 2748, 2764, 2820, 2827, 2835, 2848, 2861, 2872, 2909, 2912, 2927]","[388, 1175]",2965,159,2806,0,159,2804,2
-4.0,XLGLAA1,"[7, 9, 132, 138, 163, 188, 195, 251, 267, 286, 301, 308, 339, 372, 389, 392, 456, 482, 503, 507, 532, 534, 541, 547, 560, 564, 591, 595, 599, 634, 641, 644, 651, 660, 681, 711, 746, 751, 760, 795, 807, 821, 839, 861, 864, 867, 890, 923, 936, 945, 964, 993, 1012, 1044, 1054, 1088, 1103, 1114, 1137, 1139, 1160, 1186]",[],"[7, 9, 132, 138, 163, 188, 195, 251, 267, 286, 301, 308, 339, 372, 389, 392, 456, 482, 503, 507, 532, 534, 541, 547, 560, 564, 591, 595, 599, 634, 641, 644, 651, 660, 681, 711, 746, 751, 760, 795, 807, 821, 839, 861, 864, 867, 890, 923, 936, 945, 964, 993, 1012, 1044, 1054, 1088, 1103, 1114, 1137, 1139, 1160, 1186]","[137, 502]",1193,62,1131,0,62,1129,2
-4.0,XLGLAA2,"[7, 9, 120, 133, 139, 161, 164, 195, 200, 202, 224, 249, 270, 318, 325, 356, 406, 409, 499, 520, 524, 538, 560, 567, 573, 587, 602, 606, 611, 656, 676, 678, 685, 697, 736, 758, 769, 773, 814, 854, 876, 879, 882, 905, 938, 951, 960, 979, 1058, 1068, 1102, 1143, 1164, 1175]",[],"[7, 9, 120, 133, 139, 161, 164, 195, 200, 202, 224, 249, 270, 318, 325, 356, 406, 409, 499, 520, 524, 538, 560, 567, 573, 587, 602, 606, 611, 656, 676, 678, 685, 697, 736, 758, 769, 773, 814, 854, 876, 879, 882, 905, 938, 951, 960, 979, 1058, 1068, 1102, 1143, 1164, 1175]","[138, 519]",1193,54,1139,0,54,1137,2
-4.0,XLK81A1G,"[29, 35, 68, 86, 88, 90, 134, 183, 198, 211, 233, 268, 327, 353, 368, 407, 409, 419, 425, 456, 467, 490, 514, 516, 532, 550, 572, 591, 597, 611, 616, 644, 667, 673, 687, 722, 783, 821, 866, 875, 888, 898, 905, 907, 909, 928, 936, 985, 988, 1051, 1054, 1069, 1100, 1104, 1112, 1118, 1142, 1178, 1183, 1223, 1228, 1258, 1260, 1268, 1290, 1327, 1372, 1413, 1476, 1485, 1488, 1490, 1494, 1518, 1545, 1557, 1596, 1619, 1665, 1672, 1701, 1708, 1760, 1768, 1775, 1811, 1839, 1842, 1855, 1863, 1883, 1888, 1891, 1912, 1918, 1975, 2006, 2014, 2019, 2023, 2025, 2034, 2038, 2064, 2089, 2109, 2127, 2161, 2181, 2242, 2295, 2299, 2302, 2328, 2341, 2344, 2346, 2370, 2393, 2404, 2406, 2413, 2455, 2460, 2469, 2499, 2515, 2537, 2578, 2607, 2609, 2616, 2634, 2639, 2677, 2735, 2781, 2786, 2819, 2823, 2835, 2843, 2856, 2890, 2901, 2907, 2929, 2931, 3008, 3014, 3027, 3068, 3076, 3082, 3084, 3088, 3098, 3105, 3116, 3121, 3146, 3150, 3183, 3215, 3217, 3220, 3241, 3249, 3267, 3287, 3289, 3315, 3330, 3340, 3343, 3364, 3387, 3389, 3393, 3407, 3410, 3433, 3437, 3439, 3448, 3464, 3486, 3532, 3536, 3572, 3641, 3648, 3742, 3769, 3850, 3854, 3861, 3910, 3915, 3926, 3934, 3955, 4024, 4049, 4053, 4098, 4105, 4114, 4128, 4137, 4150, 4155, 4160, 4171, 4177, 4258, 4278, 4282, 4317, 4331, 4340, 4351, 4399, 4406, 4420, 4422, 4426, 4430, 4440, 4454, 4458, 4460, 4482, 4485, 4504, 4510, 4535, 4558, 4574, 4580, 4621, 4624, 4627, 4641, 4648, 4662, 4673, 4690, 4695, 4706, 4770, 4782, 4791, 4794, 4806, 4809, 4821, 4826, 4889, 4891, 4949, 4954, 4958, 4990, 5029, 5045, 5076, 5136, 5143, 5147, 5155, 5171, 5175, 5224, 5226, 5285, 5319, 5330, 5362, 5380, 5394, 5397, 5399, 5413, 5440, 5472, 5498, 5520, 5522, 5525, 5545, 5560, 5562, 5572, 5589, 5634, 5673, 5718, 5720, 5750, 5773, 5778, 5860, 5868, 5895]",[],"[29, 35, 68, 86, 88, 90, 134, 183, 198, 211, 233, 268, 327, 353, 368, 407, 409, 419, 425, 456, 467, 490, 514, 516, 532, 550, 572, 591, 597, 611, 616, 644, 667, 673, 687, 722, 783, 821, 866, 875, 888, 898, 905, 907, 909, 928, 936, 985, 988, 1051, 1054, 1069, 1100, 1104, 1112, 1118, 1142, 1178, 1183, 1223, 1228, 1258, 1260, 1268, 1290, 1327, 1372, 1413, 1476, 1485, 1488, 1490, 1494, 1518, 1545, 1557, 1596, 1619, 1665, 1672, 1701, 1708, 1760, 1768, 1775, 1811, 1839, 1842, 1855, 1863, 1883, 1888, 1891, 1912, 1918, 1975, 2006, 2014, 2019, 2023, 2025, 2034, 2038, 2064, 2089, 2109, 2127, 2161, 2181, 2242, 2295, 2299, 2302, 2328, 2341, 2344, 2346, 2370, 2393, 2404, 2406, 2413, 2455, 2460, 2469, 2499, 2515, 2537, 2578, 2607, 2609, 2616, 2634, 2639, 2677, 2735, 2781, 2786, 2819, 2823, 2835, 2843, 2856, 2890, 2901, 2907, 2929, 2931, 3008, 3014, 3027, 3068, 3076, 3082, 3084, 3088, 3098, 3105, 3116, 3121, 3146, 3150, 3183, 3215, 3217, 3220, 3241, 3249, 3267, 3287, 3289, 3315, 3330, 3340, 3343, 3364, 3387, 3389, 3393, 3407, 3410, 3433, 3437, 3439, 3448, 3464, 3486, 3532, 3536, 3572, 3641, 3648, 3742, 3769, 3850, 3854, 3861, 3910, 3915, 3926, 3934, 3955, 4024, 4049, 4053, 4098, 4105, 4114, 4128, 4137, 4150, 4155, 4160, 4171, 4177, 4258, 4278, 4282, 4317, 4331, 4340, 4351, 4399, 4406, 4420, 4422, 4426, 4430, 4440, 4454, 4458, 4460, 4482, 4485, 4504, 4510, 4535, 4558, 4574, 4580, 4621, 4624, 4627, 4641, 4648, 4662, 4673, 4690, 4695, 4706, 4770, 4782, 4791, 4794, 4806, 4809, 4821, 4826, 4889, 4891, 4949, 4954, 4958, 4990, 5029, 5045, 5076, 5136, 5143, 5147, 5155, 5171, 5175, 5224, 5226, 5285, 5319, 5330, 5362, 5380, 5394, 5397, 5399, 5413, 5440, 5472, 5498, 5520, 5522, 5525, 5545, 5560, 5562, 5572, 5589, 5634, 5673, 5718, 5720, 5750, 5773, 5778, 5860, 5868, 5895]","[1759, 2294, 2734, 3026, 3531, 3849, 4170]",5893,305,5588,0,305,5581,7
-4.0,XLRPL14,"[6, 15, 65, 85, 96, 103, 108, 123, 171, 194, 205, 241, 250, 310, 317, 335, 378, 389, 407, 435, 454, 495, 498, 500, 514, 526, 552, 609, 631, 663, 677, 701, 710, 733, 771, 790, 792, 824, 832, 834, 848, 861, 913, 968, 1004, 1015, 1026, 1028, 1035, 1041, 1043, 1052, 1054, 1057, 1071, 1073, 1087, 1122, 1137, 1142, 1159, 1166, 1233, 1259, 1293, 1297, 1301, 1355, 1398, 1408, 1412, 1444, 1446, 1451, 1454, 1459, 1500, 1508, 1545, 1579, 1602, 1606, 1616, 1627, 1670, 1682, 1703, 1706, 1739, 1742, 1755, 1784, 1818, 1838, 1886, 1892, 1895, 1897, 1909, 1918, 1928, 1935, 1961, 1999, 2002, 2014, 2025, 2028, 2038, 2042, 2078, 2083, 2088, 2092, 2099, 2101, 2119, 2126, 2130, 2141, 2146, 2167, 2169, 2176, 2188, 2197, 2203, 2218, 2220, 2239, 2249, 2276, 2282, 2288, 2291, 2304, 2317, 2320, 2328, 2363, 2365, 2383, 2410, 2419, 2433, 2435, 2437, 2483, 2551, 2561, 2566, 2577, 2587, 2590, 2625, 2629, 2635, 2667, 2683, 2706, 2714, 2718, 2744, 2768, 2771, 2780, 2786, 2796, 2799, 2806, 2820, 2833, 2857, 2863, 2875, 2887, 2892, 2897, 2914, 2927, 2933, 2962, 2969, 2975, 2995, 2998, 3009, 3022, 3036, 3052, 3056, 3086, 3090, 3104, 3176, 3220, 3231, 3254, 3270, 3279, 3283, 3305, 3315, 3440, 3459, 3461, 3489, 3531, 3539, 3541, 3543, 3610, 3636, 3648, 3652, 3665, 3669, 3689, 3696, 3723, 3725, 3727, 3738, 3760, 3763, 3773, 3782, 3784, 3815, 3817, 3822, 3835, 3843, 3848, 3865, 3875, 3879, 3881, 3884, 3898, 3916, 3918, 3924, 3929, 3965, 3969, 3976, 4014, 4038, 4040, 4066, 4101, 4121, 4135, 4145, 4147, 4152, 4185, 4200, 4207, 4209, 4220, 4231, 4264, 4266, 4276, 4278, 4306, 4323, 4328, 4335, 4348, 4367, 4377, 4431, 4435, 4439, 4470, 4526, 4548, 4555, 4587, 4590, 4592, 4597, 4602, 4614, 4650, 4663, 4693, 4740, 4751, 4786, 4815, 4832, 4847, 4869, 4905, 4922, 4925, 4928, 4935, 4949, 4979, 4984, 4996, 5009, 5039, 5062, 5069, 5072, 5117, 5152, 5177, 5202, 5221, 5233, 5235, 5264, 5280, 5288, 5301, 5344, 5357, 5370, 5373, 5383, 5385, 5426, 5431, 5437, 5457, 5459, 5488, 5506, 5547, 5560, 5566, 5568, 5662, 5695, 5705, 5739, 5749, 5765, 5767, 5771, 5789, 5806, 5827, 5830, 5857, 5861, 5865, 5912, 5921, 5937, 5940, 5967, 5977, 5993, 5995, 6028, 6052, 6057, 6131, 6147, 6169, 6229, 6236, 6243, 6255, 6270, 6290, 6296, 6298, 6325, 6329, 6345, 6354, 6439, 6453, 6468, 6482, 6486, 6490, 6513, 6523, 6606, 6623, 6705, 6712, 6732, 6739, 6765, 6778, 6786, 6799, 6805, 6837, 6874, 6886, 6896, 6911, 6913, 6916, 6941, 6949, 6982, 6987, 7053, 7059, 7078, 7088, 7137, 7151, 7154, 7159, 7163, 7169, 7180, 7226, 7240, 7270, 7272, 7294, 7302, 7320, 7340, 7342, 7355, 7379, 7384, 7390, 7392, 7394, 7443, 7449, 7460, 7465, 7470, 7477, 7502, 7504, 7571, 7577, 7603, 7613, 7619, 7663, 7666, 7673, 7678, 7684, 7688, 7690, 7693, 7701, 7730, 7762, 7806, 7814, 7820, 7829, 7841, 7850, 7855, 7883, 7895, 7905, 7909, 7959, 7962, 8023, 8066, 8103, 8109, 8111, 8118, 8126, 8141, 8166, 8171, 8184, 8207, 8226, 8230, 8232, 8237, 8255, 8262, 8279, 8292, 8299, 8355, 8366, 8378, 8477, 8487, 8528, 8534, 8540, 8549, 8564, 8568, 8582, 8589, 8594, 8611, 8615, 8617, 8622, 8645, 8648, 8660, 8664, 8675, 8677, 8714, 8733, 8735, 8759, 8767, 8830, 8840, 8850, 8858, 8882, 8922, 8943, 8954, 8966, 8970, 8977, 8989, 9005, 9009, 9028, 9046, 9052, 9055, 9073, 9077, 9094, 9109, 9118]",[],"[6, 15, 65, 85, 96, 103, 108, 123, 171, 194, 205, 241, 250, 310, 317, 335, 378, 389, 407, 435, 454, 495, 498, 500, 514, 526, 552, 609, 631, 663, 677, 701, 710, 733, 771, 790, 792, 824, 832, 834, 848, 861, 913, 968, 1004, 1015, 1026, 1028, 1035, 1041, 1043, 1052, 1054, 1057, 1071, 1073, 1087, 1122, 1137, 1142, 1159, 1166, 1233, 1259, 1293, 1297, 1301, 1355, 1398, 1408, 1412, 1444, 1446, 1451, 1454, 1459, 1500, 1508, 1545, 1579, 1602, 1606, 1616, 1627, 1670, 1682, 1703, 1706, 1739, 1742, 1755, 1784, 1818, 1838, 1886, 1892, 1895, 1897, 1909, 1918, 1928, 1935, 1961, 1999, 2002, 2014, 2025, 2028, 2038, 2042, 2078, 2083, 2088, 2092, 2099, 2101, 2119, 2126, 2130, 2141, 2146, 2167, 2169, 2176, 2188, 2197, 2203, 2218, 2220, 2239, 2249, 2276, 2282, 2288, 2291, 2304, 2317, 2320, 2328, 2363, 2365, 2383, 2410, 2419, 2433, 2435, 2437, 2483, 2551, 2561, 2566, 2577, 2587, 2590, 2625, 2629, 2635, 2667, 2683, 2706, 2714, 2718, 2744, 2768, 2771, 2780, 2786, 2796, 2799, 2806, 2820, 2833, 2857, 2863, 2875, 2887, 2892, 2897, 2914, 2927, 2933, 2962, 2969, 2975, 2995, 2998, 3009, 3022, 3036, 3052, 3056, 3086, 3090, 3104, 3176, 3220, 3231, 3254, 3270, 3279, 3283, 3305, 3315, 3440, 3459, 3461, 3489, 3531, 3539, 3541, 3543, 3610, 3636, 3648, 3652, 3665, 3669, 3689, 3696, 3723, 3725, 3727, 3738, 3760, 3763, 3773, 3782, 3784, 3815, 3817, 3822, 3835, 3843, 3848, 3865, 3875, 3879, 3881, 3884, 3898, 3916, 3918, 3924, 3929, 3965, 3969, 3976, 4014, 4038, 4040, 4066, 4101, 4121, 4135, 4145, 4147, 4152, 4185, 4200, 4207, 4209, 4220, 4231, 4264, 4266, 4276, 4278, 4306, 4323, 4328, 4335, 4348, 4367, 4377, 4431, 4435, 4439, 4470, 4526, 4548, 4555, 4587, 4590, 4592, 4597, 4602, 4614, 4650, 4663, 4693, 4740, 4751, 4786, 4815, 4832, 4847, 4869, 4905, 4922, 4925, 4928, 4935, 4949, 4979, 4984, 4996, 5009, 5039, 5062, 5069, 5072, 5117, 5152, 5177, 5202, 5221, 5233, 5235, 5264, 5280, 5288, 5301, 5344, 5357, 5370, 5373, 5383, 5385, 5426, 5431, 5437, 5457, 5459, 5488, 5506, 5547, 5560, 5566, 5568, 5662, 5695, 5705, 5739, 5749, 5765, 5767, 5771, 5789, 5806, 5827, 5830, 5857, 5861, 5865, 5912, 5921, 5937, 5940, 5967, 5977, 5993, 5995, 6028, 6052, 6057, 6131, 6147, 6169, 6229, 6236, 6243, 6255, 6270, 6290, 6296, 6298, 6325, 6329, 6345, 6354, 6439, 6453, 6468, 6482, 6486, 6490, 6513, 6523, 6606, 6623, 6705, 6712, 6732, 6739, 6765, 6778, 6786, 6799, 6805, 6837, 6874, 6886, 6896, 6911, 6913, 6916, 6941, 6949, 6982, 6987, 7053, 7059, 7078, 7088, 7137, 7151, 7154, 7159, 7163, 7169, 7180, 7226, 7240, 7270, 7272, 7294, 7302, 7320, 7340, 7342, 7355, 7379, 7384, 7390, 7392, 7394, 7443, 7449, 7460, 7465, 7470, 7477, 7502, 7504, 7571, 7577, 7603, 7613, 7619, 7663, 7666, 7673, 7678, 7684, 7688, 7690, 7693, 7701, 7730, 7762, 7806, 7814, 7820, 7829, 7841, 7850, 7855, 7883, 7895, 7905, 7909, 7959, 7962, 8023, 8066, 8103, 8109, 8111, 8118, 8126, 8141, 8166, 8171, 8184, 8207, 8226, 8230, 8232, 8237, 8255, 8262, 8279, 8292, 8299, 8355, 8366, 8378, 8477, 8487, 8528, 8534, 8540, 8549, 8564, 8568, 8582, 8589, 8594, 8611, 8615, 8617, 8622, 8645, 8648, 8660, 8664, 8675, 8677, 8714, 8733, 8735, 8759, 8767, 8830, 8840, 8850, 8858, 8882, 8922, 8943, 8954, 8966, 8970, 8977, 8989, 9005, 9009, 9028, 9046, 9052, 9055, 9073, 9077, 9094, 9109, 9118]","[912, 1891, 2087, 4978, 5356, 7904]",9117,546,8571,0,546,8565,6
-4.0,XLRPL1AG,"[31, 40, 45, 60, 79, 167, 170, 176, 211, 234, 289, 309, 333, 340, 344, 357, 364, 368, 385, 395, 418, 424, 470, 479, 504, 513, 544, 548, 603, 629, 635, 639, 644, 655, 657, 694, 715, 723, 775, 777, 784, 805, 813, 815, 896, 909, 930, 944, 963, 980, 982, 999, 1042, 1062, 1064, 1067, 1072, 1079, 1086, 1110, 1145, 1150, 1154, 1163, 1167, 1182, 1226, 1236, 1254, 1294, 1312, 1314, 1340, 1363, 1394, 1432, 1450, 1466, 1483, 1491, 1527, 1532, 1544, 1598, 1626, 1658, 1664, 1670, 1686, 1762, 1764, 1773, 1782, 1790, 1796, 1806, 1818, 1843, 1856, 1868, 1881, 1897, 1905, 1919, 1922, 1930, 1932, 1960, 1974, 1976, 2010, 2025, 2055, 2106, 2122, 2126, 2129, 2131, 2148, 2177, 2195, 2208, 2212, 2214, 2227, 2242, 2282, 2285, 2295, 2297, 2308, 2310, 2332, 2344, 2354, 2365, 2373, 2380, 2389, 2391, 2395, 2413, 2419, 2425, 2439, 2462, 2485, 2488, 2497, 2520, 2530, 2542, 2544, 2566, 2592, 2615, 2639, 2676, 2682, 2684, 2687, 2690, 2696, 2700, 2735, 2740, 2767, 2811, 2819, 2831, 2841, 2858, 2861, 2890, 2894, 2896, 2919, 2925, 2958, 2965, 2969, 2978, 3013, 3019, 3039, 3048, 3051, 3063, 3093, 3101, 3138, 3148, 3167, 3174, 3189, 3191, 3195, 3200, 3233, 3246, 3254, 3257, 3274, 3300, 3316, 3400, 3422, 3484, 3499, 3503, 3508, 3524, 3534, 3537, 3558, 3595, 3623, 3626, 3631, 3673, 3682, 3684, 3693, 3696, 3702, 3718, 3724, 3736, 3754, 3778, 3780, 3807, 3832, 3836, 3845, 3852, 3861, 3864, 3881, 3887, 3923, 3954, 3958, 3969, 3973, 3975, 3996, 4014, 4022, 4029, 4036, 4040, 4042, 4057, 4073, 4085, 4103, 4112, 4137, 4143, 4170, 4222, 4241, 4261, 4264, 4274, 4338, 4357, 4365, 4375, 4377, 4383, 4405, 4434, 4468, 4471, 4476, 4484, 4489, 4534, 4574, 4578, 4608, 4620, 4627, 4632, 4638, 4661, 4670, 4672, 4688, 4694, 4696, 4705, 4734, 4738, 4740, 4762, 4768, 4806, 4808, 4814, 4825, 4827, 4851, 4869, 4888, 4892, 4894, 4904, 4930, 4937, 4963, 4966, 4972, 4983, 4995, 5019, 5055, 5059, 5087, 5180, 5184, 5193, 5233, 5237, 5274, 5283, 5291, 5293, 5304, 5308, 5315, 5342, 5370, 5411, 5438, 5456, 5476, 5481, 5485, 5487, 5498, 5512, 5516, 5518, 5541, 5547, 5584, 5589, 5595, 5597, 5599, 5625, 5644, 5729, 5758, 5762, 5817, 5821, 5826, 5845, 5878, 5881, 5904, 5914, 5917, 5921, 5926, 5938, 5945, 5963, 5994, 6001, 6010, 6046, 6053, 6089, 6099, 6102, 6115, 6118, 6134, 6136, 6146, 6153, 6157, 6175, 6188, 6201, 6207, 6211, 6222, 6247, 6259, 6296, 6298, 6336, 6370, 6382, 6452, 6558, 6571, 6581, 6613, 6625, 6627, 6629, 6649, 6654, 6668, 6688, 6705, 6708, 6710, 6733, 6739, 6764, 6776, 6796, 6799, 6802, 6814, 6837, 6876, 6904, 6919]",[],"[31, 40, 45, 60, 79, 167, 170, 176, 211, 234, 289, 309, 333, 340, 344, 357, 364, 368, 385, 395, 418, 424, 470, 479, 504, 513, 544, 548, 603, 629, 635, 639, 644, 655, 657, 694, 715, 723, 775, 777, 784, 805, 813, 815, 896, 909, 930, 944, 963, 980, 982, 999, 1042, 1062, 1064, 1067, 1072, 1079, 1086, 1110, 1145, 1150, 1154, 1163, 1167, 1182, 1226, 1236, 1254, 1294, 1312, 1314, 1340, 1363, 1394, 1432, 1450, 1466, 1483, 1491, 1527, 1532, 1544, 1598, 1626, 1658, 1664, 1670, 1686, 1762, 1764, 1773, 1782, 1790, 1796, 1806, 1818, 1843, 1856, 1868, 1881, 1897, 1905, 1919, 1922, 1930, 1932, 1960, 1974, 1976, 2010, 2025, 2055, 2106, 2122, 2126, 2129, 2131, 2148, 2177, 2195, 2208, 2212, 2214, 2227, 2242, 2282, 2285, 2295, 2297, 2308, 2310, 2332, 2344, 2354, 2365, 2373, 2380, 2389, 2391, 2395, 2413, 2419, 2425, 2439, 2462, 2485, 2488, 2497, 2520, 2530, 2542, 2544, 2566, 2592, 2615, 2639, 2676, 2682, 2684, 2687, 2690, 2696, 2700, 2735, 2740, 2767, 2811, 2819, 2831, 2841, 2858, 2861, 2890, 2894, 2896, 2919, 2925, 2958, 2965, 2969, 2978, 3013, 3019, 3039, 3048, 3051, 3063, 3093, 3101, 3138, 3148, 3167, 3174, 3189, 3191, 3195, 3200, 3233, 3246, 3254, 3257, 3274, 3300, 3316, 3400, 3422, 3484, 3499, 3503, 3508, 3524, 3534, 3537, 3558, 3595, 3623, 3626, 3631, 3673, 3682, 3684, 3693, 3696, 3702, 3718, 3724, 3736, 3754, 3778, 3780, 3807, 3832, 3836, 3845, 3852, 3861, 3864, 3881, 3887, 3923, 3954, 3958, 3969, 3973, 3975, 3996, 4014, 4022, 4029, 4036, 4040, 4042, 4057, 4073, 4085, 4103, 4112, 4137, 4143, 4170, 4222, 4241, 4261, 4264, 4274, 4338, 4357, 4365, 4375, 4377, 4383, 4405, 4434, 4468, 4471, 4476, 4484, 4489, 4534, 4574, 4578, 4608, 4620, 4627, 4632, 4638, 4661, 4670, 4672, 4688, 4694, 4696, 4705, 4734, 4738, 4740, 4762, 4768, 4806, 4808, 4814, 4825, 4827, 4851, 4869, 4888, 4892, 4894, 4904, 4930, 4937, 4963, 4966, 4972, 4983, 4995, 5019, 5055, 5059, 5087, 5180, 5184, 5193, 5233, 5237, 5274, 5283, 5291, 5293, 5304, 5308, 5315, 5342, 5370, 5411, 5438, 5456, 5476, 5481, 5485, 5487, 5498, 5512, 5516, 5518, 5541, 5547, 5584, 5589, 5595, 5597, 5599, 5625, 5644, 5729, 5758, 5762, 5817, 5821, 5826, 5845, 5878, 5881, 5904, 5914, 5917, 5921, 5926, 5938, 5945, 5963, 5994, 6001, 6010, 6046, 6053, 6089, 6099, 6102, 6115, 6118, 6134, 6136, 6146, 6153, 6157, 6175, 6188, 6201, 6207, 6211, 6222, 6247, 6259, 6296, 6298, 6336, 6370, 6382, 6452, 6558, 6571, 6581, 6613, 6625, 6627, 6629, 6649, 6654, 6668, 6688, 6705, 6708, 6710, 6733, 6739, 6764, 6776, 6796, 6799, 6802, 6814, 6837, 6876, 6904, 6919]","[512, 2121, 2438, 2818, 3137, 3831, 4573, 5179, 5757]",6950,427,6523,0,427,6514,9
-4.0,XLS8,"[4, 13, 16, 27, 36, 39, 52, 61, 64, 81, 84, 88, 99, 127, 136, 150, 161, 165, 195, 209, 252, 256, 297, 300, 327, 335, 364, 390, 401, 415, 450, 465, 478, 483, 494, 504, 518, 520, 542, 557, 593, 615, 641, 655, 676, 693, 697, 721, 723, 768, 770, 788, 800, 802, 805, 831, 857, 860, 871, 874, 891, 922, 933, 939, 942, 952, 962, 964, 966, 978, 985, 1007, 1011, 1118, 1120, 1125, 1164, 1166, 1199, 1235, 1254, 1258, 1265, 1272, 1294, 1301, 1314, 1317, 1346, 1354, 1368, 1444, 1447, 1454, 1468, 1484, 1502, 1508, 1513, 1523, 1531, 1541, 1546, 1566, 1582, 1601, 1603, 1617, 1651, 1684, 1694, 1696, 1716, 1721, 1761, 1812, 1822, 1830, 1850, 1868, 1875, 1879, 1890, 1895, 1904, 1912, 1916, 1918, 1937, 1943, 1960, 1982, 2011, 2017, 2022, 2033, 2037, 2085, 2102, 2109, 2111, 2146, 2151, 2166, 2193, 2206, 2226, 2236, 2281, 2285, 2289, 2322, 2327, 2331, 2335, 2369, 2381, 2396, 2400, 2407, 2418, 2429, 2459, 2462, 2464, 2478, 2490, 2555, 2565, 2617, 2621, 2627, 2639, 2642, 2671, 2673, 2713, 2739, 2743, 2750, 2775, 2784, 2789, 2814, 2866, 2870, 2882, 2885, 2894, 2898, 2913, 2926, 2955, 2978, 2981, 2997, 3005, 3029, 3031, 3034, 3057, 3065, 3067, 3085, 3105, 3135, 3155, 3171, 3187, 3211, 3306, 3324, 3349, 3362, 3380, 3408, 3423, 3451, 3456, 3458, 3468, 3473, 3495, 3506, 3511, 3529, 3535, 3540, 3550, 3553, 3568, 3573, 3609, 3627, 3630, 3639, 3644, 3704, 3723, 3734, 3738, 3745, 3750, 3763, 3770, 3780, 3802, 3824, 3846, 3908, 3939, 3944, 3951, 3958, 3964, 3975, 4080, 4088, 4148, 4154, 4160, 4171, 4182, 4230, 4263, 4311, 4314, 4330, 4348, 4360, 4373, 4376, 4387, 4421, 4431, 4447, 4463, 4469, 4474, 4499, 4504, 4509, 4545, 4564, 4566, 4580, 4656, 4658, 4667, 4678, 4680, 4706, 4759, 4768, 4775, 4802, 4857, 4882, 4886, 4898, 4900, 4912, 4915, 4919, 4923, 4925, 4932, 5022, 5041, 5077, 5087, 5112, 5121, 5176, 5247, 5257, 5266, 5322, 5326, 5368, 5392, 5404, 5408, 5413, 5416, 5429, 5433, 5440, 5448, 5451, 5461, 5470, 5472, 5523, 5539, 5581, 5588, 5595, 5606, 5612, 5614, 5619, 5625, 5638, 5642, 5656, 5709, 5713, 5718, 5725, 5732, 5734, 5750, 5760, 5778, 5788, 5811, 5817, 5850, 5859, 5867, 5895, 5898, 5913, 5917, 5947, 5960, 6008, 6017, 6036, 6062, 6114, 6120, 6131, 6146, 6209, 6238, 6251, 6257, 6259, 6279, 6287, 6289, 6292, 6294, 6298, 6326, 6330, 6351, 6358, 6375, 6382, 6386, 6393, 6454, 6460, 6469, 6473, 6511, 6523, 6537, 6568, 6585, 6590, 6661, 6676, 6709, 6728, 6732, 6734, 6769, 6777, 6815, 6820, 6827, 6871, 6887, 6903, 6909, 6914, 6924, 6932, 6942, 6947, 6967, 6983, 7001, 7003, 7017, 7109, 7117, 7128, 7136, 7140, 7145, 7155, 7159, 7166, 7182, 7209, 7216, 7218, 7225, 7235, 7252, 7255, 7266, 7270, 7307, 7310, 7372, 7382, 7386, 7431, 7450, 7455, 7458, 7468, 7471, 7475, 7480, 7485, 7507, 7518, 7526, 7534, 7553, 7596, 7669, 7677, 7693, 7722, 7745, 7756, 7768, 7785, 7819, 7821, 7834, 7844, 7860, 7883, 7923, 7934, 7947, 7968, 7984, 8002, 8025, 8027, 8061, 8072, 8091, 8115, 8149, 8151, 8173, 8185, 8196, 8240, 8248, 8275, 8279, 8281, 8285, 8293, 8334, 8342, 8347, 8354, 8385, 8388, 8412, 8444, 8509, 8533, 8543, 8552, 8562, 8584, 8592, 8604, 8612, 8624, 8656, 8709, 8718, 8748, 8761, 8764, 8775, 8793, 8796, 8804, 8843, 8848, 8855, 8867, 8869, 8893, 8913, 8915, 8966, 8969, 8995, 9006, 9008, 9015, 9057, 9096, 9135, 9160, 9172, 9197, 9213, 9231, 9237, 9242, 9252, 9260, 9270, 9275, 9295, 9311, 9326, 9330, 9332, 9346, 9372, 9380, 9433, 9460, 9476, 9486, 9520, 9531, 9540, 9551, 9585, 9712, 9728, 9735, 9767, 9785, 9787, 9790, 9794, 9805, 9822, 9833, 9860, 9887, 9910, 9921, 9952, 9976, 9979, 9995, 10009, 10014, 10041, 10045, 10101, 10139, 10146, 10162, 10187, 10194, 10198, 10201, 10215, 10251, 10257, 10298, 10300, 10306, 10326, 10331, 10344, 10355, 10367, 10404, 10407, 10414, 10437, 10539, 10541, 10550, 10560, 10569, 10586, 10596, 10602, 10607, 10610, 10621, 10635, 10667, 10699, 10706, 10718, 10734, 10740, 10754, 10762, 10767, 10792, 10796, 10798, 10810, 10823, 10829, 10884, 10890, 10898, 10918, 10927, 10933, 10948, 10968, 10978, 10983, 10989, 11022, 11032, 11053, 11085, 11088, 11106, 11109, 11111, 11116, 11139, 11146, 11154, 11175, 11213, 11230, 11239, 11321, 11331, 11349, 11368, 11374, 11412, 11419, 11432, 11470, 11478, 11487, 11504, 11515, 11552, 11596, 11598, 11623, 11640, 11660, 11695, 11731, 11758, 11783, 11823, 11875, 11903, 11937, 11958, 11964, 11973, 11994, 12020, 12026, 12043, 12070, 12080, 12088, 12106, 12122, 12136, 12166, 12178, 12181, 12184, 12195, 12198, 12217, 12222, 12225, 12252, 12266, 12343, 12355, 12360, 12365, 12367, 12389, 12393, 12406, 12411, 12417, 12430, 12432, 12440, 12465, 12481, 12499, 12505, 12510, 12520, 12528, 12538, 12543, 12562, 12578, 12597, 12599, 12613, 12646, 12684, 12728, 12740, 12743, 12752, 12757, 12765, 12798, 12808, 12826, 12870, 12878, 12916, 12933, 12935, 12956, 12979, 12983, 12985, 13007, 13017, 13024, 13031, 13053, 13075, 13084, 13089, 13093, 13108, 13130, 13173, 13175, 13181, 13187, 13190, 13220, 13225, 13235, 13251, 13253, 13280, 13283, 13300, 13309, 13314, 13349, 13359, 13363, 13365, 13405, 13412, 13425, 13440, 13470, 13472, 13496, 13498]",[],"[4, 13, 16, 27, 36, 39, 52, 61, 64, 81, 84, 88, 99, 127, 136, 150, 161, 165, 195, 209, 252, 256, 297, 300, 327, 335, 364, 390, 401, 415, 450, 465, 478, 483, 494, 504, 518, 520, 542, 557, 593, 615, 641, 655, 676, 693, 697, 721, 723, 768, 770, 788, 800, 802, 805, 831, 857, 860, 871, 874, 891, 922, 933, 939, 942, 952, 962, 964, 966, 978, 985, 1007, 1011, 1118, 1120, 1125, 1164, 1166, 1199, 1235, 1254, 1258, 1265, 1272, 1294, 1301, 1314, 1317, 1346, 1354, 1368, 1444, 1447, 1454, 1468, 1484, 1502, 1508, 1513, 1523, 1531, 1541, 1546, 1566, 1582, 1601, 1603, 1617, 1651, 1684, 1694, 1696, 1716, 1721, 1761, 1812, 1822, 1830, 1850, 1868, 1875, 1879, 1890, 1895, 1904, 1912, 1916, 1918, 1937, 1943, 1960, 1982, 2011, 2017, 2022, 2033, 2037, 2085, 2102, 2109, 2111, 2146, 2151, 2166, 2193, 2206, 2226, 2236, 2281, 2285, 2289, 2322, 2327, 2331, 2335, 2369, 2381, 2396, 2400, 2407, 2418, 2429, 2459, 2462, 2464, 2478, 2490, 2555, 2565, 2617, 2621, 2627, 2639, 2642, 2671, 2673, 2713, 2739, 2743, 2750, 2775, 2784, 2789, 2814, 2866, 2870, 2882, 2885, 2894, 2898, 2913, 2926, 2955, 2978, 2981, 2997, 3005, 3029, 3031, 3034, 3057, 3065, 3067, 3085, 3105, 3135, 3155, 3171, 3187, 3211, 3306, 3324, 3349, 3362, 3380, 3408, 3423, 3451, 3456, 3458, 3468, 3473, 3495, 3506, 3511, 3529, 3535, 3540, 3550, 3553, 3568, 3573, 3609, 3627, 3630, 3639, 3644, 3704, 3723, 3734, 3738, 3745, 3750, 3763, 3770, 3780, 3802, 3824, 3846, 3908, 3939, 3944, 3951, 3958, 3964, 3975, 4080, 4088, 4148, 4154, 4160, 4171, 4182, 4230, 4263, 4311, 4314, 4330, 4348, 4360, 4373, 4376, 4387, 4421, 4431, 4447, 4463, 4469, 4474, 4499, 4504, 4509, 4545, 4564, 4566, 4580, 4656, 4658, 4667, 4678, 4680, 4706, 4759, 4768, 4775, 4802, 4857, 4882, 4886, 4898, 4900, 4912, 4915, 4919, 4923, 4925, 4932, 5022, 5041, 5077, 5087, 5112, 5121, 5176, 5247, 5257, 5266, 5322, 5326, 5368, 5392, 5404, 5408, 5413, 5416, 5429, 5433, 5440, 5448, 5451, 5461, 5470, 5472, 5523, 5539, 5581, 5588, 5595, 5606, 5612, 5614, 5619, 5625, 5638, 5642, 5656, 5709, 5713, 5718, 5725, 5732, 5734, 5750, 5760, 5778, 5788, 5811, 5817, 5850, 5859, 5867, 5895, 5898, 5913, 5917, 5947, 5960, 6008, 6017, 6036, 6062, 6114, 6120, 6131, 6146, 6209, 6238, 6251, 6257, 6259, 6279, 6287, 6289, 6292, 6294, 6298, 6326, 6330, 6351, 6358, 6375, 6382, 6386, 6393, 6454, 6460, 6469, 6473, 6511, 6523, 6537, 6568, 6585, 6590, 6661, 6676, 6709, 6728, 6732, 6734, 6769, 6777, 6815, 6820, 6827, 6871, 6887, 6903, 6909, 6914, 6924, 6932, 6942, 6947, 6967, 6983, 7001, 7003, 7017, 7109, 7117, 7128, 7136, 7140, 7145, 7155, 7159, 7166, 7182, 7209, 7216, 7218, 7225, 7235, 7252, 7255, 7266, 7270, 7307, 7310, 7372, 7382, 7386, 7431, 7450, 7455, 7458, 7468, 7471, 7475, 7480, 7485, 7507, 7518, 7526, 7534, 7553, 7596, 7669, 7677, 7693, 7722, 7745, 7756, 7768, 7785, 7819, 7821, 7834, 7844, 7860, 7883, 7923, 7934, 7947, 7968, 7984, 8002, 8025, 8027, 8061, 8072, 8091, 8115, 8149, 8151, 8173, 8185, 8196, 8240, 8248, 8275, 8279, 8281, 8285, 8293, 8334, 8342, 8347, 8354, 8385, 8388, 8412, 8444, 8509, 8533, 8543, 8552, 8562, 8584, 8592, 8604, 8612, 8624, 8656, 8709, 8718, 8748, 8761, 8764, 8775, 8793, 8796, 8804, 8843, 8848, 8855, 8867, 8869, 8893, 8913, 8915, 8966, 8969, 8995, 9006, 9008, 9015, 9057, 9096, 9135, 9160, 9172, 9197, 9213, 9231, 9237, 9242, 9252, 9260, 9270, 9275, 9295, 9311, 9326, 9330, 9332, 9346, 9372, 9380, 9433, 9460, 9476, 9486, 9520, 9531, 9540, 9551, 9585, 9712, 9728, 9735, 9767, 9785, 9787, 9790, 9794, 9805, 9822, 9833, 9860, 9887, 9910, 9921, 9952, 9976, 9979, 9995, 10009, 10014, 10041, 10045, 10101, 10139, 10146, 10162, 10187, 10194, 10198, 10201, 10215, 10251, 10257, 10298, 10300, 10306, 10326, 10331, 10344, 10355, 10367, 10404, 10407, 10414, 10437, 10539, 10541, 10550, 10560, 10569, 10586, 10596, 10602, 10607, 10610, 10621, 10635, 10667, 10699, 10706, 10718, 10734, 10740, 10754, 10762, 10767, 10792, 10796, 10798, 10810, 10823, 10829, 10884, 10890, 10898, 10918, 10927, 10933, 10948, 10968, 10978, 10983, 10989, 11022, 11032, 11053, 11085, 11088, 11106, 11109, 11111, 11116, 11139, 11146, 11154, 11175, 11213, 11230, 11239, 11321, 11331, 11349, 11368, 11374, 11412, 11419, 11432, 11470, 11478, 11487, 11504, 11515, 11552, 11596, 11598, 11623, 11640, 11660, 11695, 11731, 11758, 11783, 11823, 11875, 11903, 11937, 11958, 11964, 11973, 11994, 12020, 12026, 12043, 12070, 12080, 12088, 12106, 12122, 12136, 12166, 12178, 12181, 12184, 12195, 12198, 12217, 12222, 12225, 12252, 12266, 12343, 12355, 12360, 12365, 12367, 12389, 12393, 12406, 12411, 12417, 12430, 12432, 12440, 12465, 12481, 12499, 12505, 12510, 12520, 12528, 12538, 12543, 12562, 12578, 12597, 12599, 12613, 12646, 12684, 12728, 12740, 12743, 12752, 12757, 12765, 12798, 12808, 12826, 12870, 12878, 12916, 12933, 12935, 12956, 12979, 12983, 12985, 13007, 13017, 13024, 13031, 13053, 13075, 13084, 13089, 13093, 13108, 13130, 13173, 13175, 13181, 13187, 13190, 13220, 13225, 13235, 13251, 13253, 13280, 13283, 13300, 13309, 13314, 13349, 13359, 13363, 13365, 13405, 13412, 13425, 13440, 13470, 13472, 13496, 13498]","[2032, 3938, 5912, 7381, 12177]",13517,815,12702,0,815,12697,5
-4.0,XLTUBAG,"[9, 14, 17, 22, 37, 47, 84, 87, 94, 154, 232, 241, 262, 273, 299, 308, 384, 389, 401, 438, 458, 483, 515, 528, 531, 566, 585, 588, 592, 596, 613, 628, 654, 673, 679, 683, 722, 726, 737, 740, 750, 762, 838, 840, 850, 895, 903, 905, 912, 932, 943, 980, 985, 992, 995, 1003, 1018, 1024, 1028, 1031, 1035, 1139, 1145, 1162, 1170, 1195, 1198, 1217, 1220, 1223, 1236, 1239, 1259, 1271, 1281, 1285, 1296, 1298, 1303, 1324, 1328, 1362, 1377, 1421, 1432, 1455, 1497, 1500, 1508, 1515, 1517, 1533, 1542, 1556, 1586, 1593, 1596, 1608, 1614, 1616, 1638, 1640, 1645, 1681, 1702, 1733, 1740, 1745, 1761, 1799, 1812, 1818, 1833, 1838, 1878, 1886, 1911, 1922, 1933, 1952, 1962, 1979, 1990, 1999, 2007, 2012, 2021, 2041, 2044, 2049, 2080, 2108, 2129, 2142, 2146, 2194, 2219, 2227, 2255, 2265, 2285, 2301, 2323, 2350, 2382, 2422, 2441, 2452, 2464, 2517, 2552, 2568, 2601, 2611, 2655, 2697, 2712, 2751, 2763, 2789, 2797, 2818, 2833, 2843, 2847, 2852, 2871, 2875, 2933, 2939, 2961, 2965, 2975, 2984, 2999, 3081, 3095, 3109, 3117, 3143, 3172, 3199, 3205, 3207, 3219, 3227, 3235, 3237, 3249, 3262, 3269, 3273, 3280, 3317, 3332, 3335, 3351, 3377, 3389, 3436, 3448, 3465, 3467, 3483, 3486, 3500, 3502, 3511, 3523, 3538, 3546, 3611, 3627, 3636, 3638, 3685, 3692, 3700, 3722, 3725, 3728, 3732, 3739, 3745, 3753, 3763, 3801, 3813, 3824, 3829, 3845, 3883, 3887, 3893, 3913, 3919, 3940, 3951, 3961, 3967, 3983, 3985, 3999, 4011, 4021, 4023, 4025, 4029, 4053, 4085, 4120, 4146, 4168, 4180, 4184, 4200, 4204, 4213, 4215, 4225, 4249, 4288, 4336, 4359, 4371, 4377, 4395, 4402, 4414, 4464, 4496, 4502, 4505, 4515, 4547, 4553, 4558, 4565, 4572, 4586, 4590, 4594, 4639, 4645, 4657, 4686, 4688, 4700, 4708, 4726, 4741, 4754, 4757, 4776, 4803, 4899, 4908, 4918, 4934, 4943, 4988, 4993, 5027, 5040, 5049, 5059, 5075, 5084, 5129, 5134, 5168, 5188, 5197, 5215, 5227, 5232, 5285, 5314, 5321, 5353, 5356, 5382, 5432, 5455, 5473, 5514, 5552, 5576, 5580, 5604, 5609, 5619, 5675, 5691, 5705, 5709, 5731, 5768, 5776, 5785, 5793, 5795, 5809, 5812, 5821, 5851, 5859, 5876, 5913, 5925, 5928, 5983, 5994, 6079, 6087, 6132, 6146, 6162, 6175, 6207, 6246, 6291, 6298, 6307, 6313, 6328, 6335, 6338, 6343, 6346, 6351, 6354, 6366, 6400, 6410, 6414, 6422, 6433, 6441, 6468, 6471, 6495, 6502, 6507, 6509, 6511, 6553, 6566, 6578, 6589, 6597, 6605, 6609, 6613, 6619, 6631, 6635, 6687, 6691, 6700, 6728, 6744, 6755, 6758, 6770, 6832, 6843, 6845, 6854, 6865, 6876, 6879, 6886]",[],"[9, 14, 17, 22, 37, 47, 84, 87, 94, 154, 232, 241, 262, 273, 299, 308, 384, 389, 401, 438, 458, 483, 515, 528, 531, 566, 585, 588, 592, 596, 613, 628, 654, 673, 679, 683, 722, 726, 737, 740, 750, 762, 838, 840, 850, 895, 903, 905, 912, 932, 943, 980, 985, 992, 995, 1003, 1018, 1024, 1028, 1031, 1035, 1139, 1145, 1162, 1170, 1195, 1198, 1217, 1220, 1223, 1236, 1239, 1259, 1271, 1281, 1285, 1296, 1298, 1303, 1324, 1328, 1362, 1377, 1421, 1432, 1455, 1497, 1500, 1508, 1515, 1517, 1533, 1542, 1556, 1586, 1593, 1596, 1608, 1614, 1616, 1638, 1640, 1645, 1681, 1702, 1733, 1740, 1745, 1761, 1799, 1812, 1818, 1833, 1838, 1878, 1886, 1911, 1922, 1933, 1952, 1962, 1979, 1990, 1999, 2007, 2012, 2021, 2041, 2044, 2049, 2080, 2108, 2129, 2142, 2146, 2194, 2219, 2227, 2255, 2265, 2285, 2301, 2323, 2350, 2382, 2422, 2441, 2452, 2464, 2517, 2552, 2568, 2601, 2611, 2655, 2697, 2712, 2751, 2763, 2789, 2797, 2818, 2833, 2843, 2847, 2852, 2871, 2875, 2933, 2939, 2961, 2965, 2975, 2984, 2999, 3081, 3095, 3109, 3117, 3143, 3172, 3199, 3205, 3207, 3219, 3227, 3235, 3237, 3249, 3262, 3269, 3273, 3280, 3317, 3332, 3335, 3351, 3377, 3389, 3436, 3448, 3465, 3467, 3483, 3486, 3500, 3502, 3511, 3523, 3538, 3546, 3611, 3627, 3636, 3638, 3685, 3692, 3700, 3722, 3725, 3728, 3732, 3739, 3745, 3753, 3763, 3801, 3813, 3824, 3829, 3845, 3883, 3887, 3893, 3913, 3919, 3940, 3951, 3961, 3967, 3983, 3985, 3999, 4011, 4021, 4023, 4025, 4029, 4053, 4085, 4120, 4146, 4168, 4180, 4184, 4200, 4204, 4213, 4215, 4225, 4249, 4288, 4336, 4359, 4371, 4377, 4395, 4402, 4414, 4464, 4496, 4502, 4505, 4515, 4547, 4553, 4558, 4565, 4572, 4586, 4590, 4594, 4639, 4645, 4657, 4686, 4688, 4700, 4708, 4726, 4741, 4754, 4757, 4776, 4803, 4899, 4908, 4918, 4934, 4943, 4988, 4993, 5027, 5040, 5049, 5059, 5075, 5084, 5129, 5134, 5168, 5188, 5197, 5215, 5227, 5232, 5285, 5314, 5321, 5353, 5356, 5382, 5432, 5455, 5473, 5514, 5552, 5576, 5580, 5604, 5609, 5619, 5675, 5691, 5705, 5709, 5731, 5768, 5776, 5785, 5793, 5795, 5809, 5812, 5821, 5851, 5859, 5876, 5913, 5925, 5928, 5983, 5994, 6079, 6087, 6132, 6146, 6162, 6175, 6207, 6246, 6291, 6298, 6307, 6313, 6328, 6335, 6338, 6343, 6346, 6351, 6354, 6366, 6400, 6410, 6414, 6422, 6433, 6441, 6468, 6471, 6495, 6502, 6507, 6509, 6511, 6553, 6566, 6578, 6589, 6597, 6605, 6609, 6613, 6619, 6631, 6635, 6687, 6691, 6700, 6728, 6744, 6755, 6758, 6770, 6832, 6843, 6845, 6854, 6865, 6876, 6879, 6886]","[678, 4401, 5575]",6889,413,6476,0,413,6473,3
-4.0,XLXANF1A,"[13, 21, 29, 52, 62, 93, 111, 210, 222, 230, 236, 244, 249, 256, 263, 274, 286, 297, 308, 318, 330, 345, 394, 447, 455, 465, 473, 477, 482, 486, 514, 522, 538, 550, 558, 560, 597, 612, 616, 683, 685, 707, 709, 892, 922, 938, 942, 945, 963, 967, 974, 996, 1008, 1024, 1028, 1050, 1052, 1113, 1171, 1174, 1191, 1273, 1279, 1284, 1303, 1329, 1403, 1438, 1447, 1449, 1461, 1465, 1468, 1470, 1497, 1556, 1575, 1657, 1725, 1738, 1740, 1760, 1763, 1776, 1790, 1800, 1817, 1826, 1870, 1872, 1918, 1961, 1971, 2019, 2021, 2027, 2030, 2063, 2083, 2094, 2145, 2178, 2186, 2189, 2205, 2241, 2259, 2282, 2293, 2319, 2324, 2344, 2366, 2368, 2378, 2417, 2426, 2432, 2446, 2451, 2473, 2484, 2486, 2522, 2530, 2535, 2560, 2579, 2593, 2623, 2625, 2632, 2648, 2656, 2707, 2802, 3087, 3141, 3172, 3176, 3178, 3198, 3256, 3260, 3264, 3298, 3409, 3413, 3417, 3421, 3425, 3429, 3433, 3437, 3441, 3489, 3493, 3497, 3546, 3592, 3710, 3842, 3858, 3876, 4076, 4090, 4106, 4124, 4134, 4180, 4191, 4228, 4235, 4241, 4280, 4283, 4306, 4308, 4314, 4325, 4339, 4341, 4352, 4374, 4385, 4436, 4463, 4473, 4477, 4479, 4513, 4517, 4543, 4550, 4596, 4632, 4641, 4653, 4655, 4658, 4672, 4689, 4699, 4723, 4729, 4743, 4752, 4761, 4833, 4858, 4860, 4874]",[],"[13, 21, 29, 52, 62, 93, 111, 210, 222, 230, 236, 244, 249, 256, 263, 274, 286, 297, 308, 318, 330, 345, 394, 447, 455, 465, 473, 477, 482, 486, 514, 522, 538, 550, 558, 560, 597, 612, 616, 683, 685, 707, 709, 892, 922, 938, 942, 945, 963, 967, 974, 996, 1008, 1024, 1028, 1050, 1052, 1113, 1171, 1174, 1191, 1273, 1279, 1284, 1303, 1329, 1403, 1438, 1447, 1449, 1461, 1465, 1468, 1470, 1497, 1556, 1575, 1657, 1725, 1738, 1740, 1760, 1763, 1776, 1790, 1800, 1817, 1826, 1870, 1872, 1918, 1961, 1971, 2019, 2021, 2027, 2030, 2063, 2083, 2094, 2145, 2178, 2186, 2189, 2205, 2241, 2259, 2282, 2293, 2319, 2324, 2344, 2366, 2368, 2378, 2417, 2426, 2432, 2446, 2451, 2473, 2484, 2486, 2522, 2530, 2535, 2560, 2579, 2593, 2623, 2625, 2632, 2648, 2656, 2707, 2802, 3087, 3141, 3172, 3176, 3178, 3198, 3256, 3260, 3264, 3298, 3409, 3413, 3417, 3421, 3425, 3429, 3433, 3437, 3441, 3489, 3493, 3497, 3546, 3592, 3710, 3842, 3858, 3876, 4076, 4090, 4106, 4124, 4134, 4180, 4191, 4228, 4235, 4241, 4280, 4283, 4306, 4308, 4314, 4325, 4339, 4341, 4352, 4374, 4385, 4436, 4463, 4473, 4477, 4479, 4513, 4517, 4543, 4550, 4596, 4632, 4641, 4653, 4655, 4658, 4672, 4689, 4699, 4723, 4729, 4743, 4752, 4761, 4833, 4858, 4860, 4874]","[1460, 1960, 2706]",4879,212,4667,0,212,4664,3
-4.0,XTGLA,"[63, 79, 102, 159, 163, 173, 203, 236, 245, 247, 270, 274, 277, 284, 287, 299, 310, 340, 361, 381, 403, 420, 435, 440, 442, 459, 464, 491, 528, 539, 590, 597, 610, 629, 653, 667, 670, 678, 704, 732, 737, 818, 834, 861, 880, 883, 932, 963, 988, 995, 1005, 1053, 1106, 1121, 1137, 1168, 1214, 1246, 1274, 1278, 1282, 1308, 1324, 1328, 1332, 1352, 1462, 1467, 1475, 1481, 1519, 1522, 1525, 1542, 1545, 1552, 1554, 1590, 1616, 1628, 1636, 1674, 1685, 1694, 1702, 1743, 1753, 1757, 1773, 1817, 1828, 1851, 1855, 1949, 1963, 1978, 1987, 2020, 2035, 2039, 2046, 2055, 2080, 2086, 2100, 2147, 2163, 2168, 2214, 2220, 2228, 2243, 2246, 2258, 2278, 2284, 2289, 2291, 2300, 2317, 2339, 2344, 2359, 2397, 2403, 2421, 2423, 2451, 2477, 2530, 2540, 2582, 2606, 2643, 2683, 2685, 2725, 2728, 2781, 2792, 2818, 2839, 2847, 2849, 2854, 2862, 2878, 2884, 2891, 2922, 2929, 2931, 2941, 2956, 2961, 2983, 3026, 3040, 3061, 3083, 3104, 3125, 3130, 3149, 3158, 3244, 3278, 3290, 3300, 3329, 3341, 3380, 3426, 3466, 3489, 3494, 3562, 3569, 3600, 3605, 3620, 3632, 3665, 3672, 3705, 3711, 3719, 3730, 3735, 3743, 3765, 3773, 3785, 3806, 3811, 3818, 3828, 3834, 3841, 3879, 3883, 3895, 3900, 3916, 3918, 3987, 3992, 3998, 4014, 4026, 4089, 4098, 4205, 4210, 4230, 4249, 4257, 4259, 4282, 4293, 4302, 4305, 4314, 4316, 4345, 4397, 4399, 4405, 4412, 4422, 4438, 4444, 4469, 4478, 4483, 4490, 4508, 4533, 4538, 4555, 4582, 4587, 4590, 4596, 4599, 4632, 4636, 4643, 4649, 4651, 4657, 4687, 4710, 4719, 4721, 4729, 4775, 4784, 4805]",[],"[63, 79, 102, 159, 163, 173, 203, 236, 245, 247, 270, 274, 277, 284, 287, 299, 310, 340, 361, 381, 403, 420, 435, 440, 442, 459, 464, 491, 528, 539, 590, 597, 610, 629, 653, 667, 670, 678, 704, 732, 737, 818, 834, 861, 880, 883, 932, 963, 988, 995, 1005, 1053, 1106, 1121, 1137, 1168, 1214, 1246, 1274, 1278, 1282, 1308, 1324, 1328, 1332, 1352, 1462, 1467, 1475, 1481, 1519, 1522, 1525, 1542, 1545, 1552, 1554, 1590, 1616, 1628, 1636, 1674, 1685, 1694, 1702, 1743, 1753, 1757, 1773, 1817, 1828, 1851, 1855, 1949, 1963, 1978, 1987, 2020, 2035, 2039, 2046, 2055, 2080, 2086, 2100, 2147, 2163, 2168, 2214, 2220, 2228, 2243, 2246, 2258, 2278, 2284, 2289, 2291, 2300, 2317, 2339, 2344, 2359, 2397, 2403, 2421, 2423, 2451, 2477, 2530, 2540, 2582, 2606, 2643, 2683, 2685, 2725, 2728, 2781, 2792, 2818, 2839, 2847, 2849, 2854, 2862, 2878, 2884, 2891, 2922, 2929, 2931, 2941, 2956, 2961, 2983, 3026, 3040, 3061, 3083, 3104, 3125, 3130, 3149, 3158, 3244, 3278, 3290, 3300, 3329, 3341, 3380, 3426, 3466, 3489, 3494, 3562, 3569, 3600, 3605, 3620, 3632, 3665, 3672, 3705, 3711, 3719, 3730, 3735, 3743, 3765, 3773, 3785, 3806, 3811, 3818, 3828, 3834, 3841, 3879, 3883, 3895, 3900, 3916, 3918, 3987, 3992, 3998, 4014, 4026, 4089, 4098, 4205, 4210, 4230, 4249, 4257, 4259, 4282, 4293, 4302, 4305, 4314, 4316, 4345, 4397, 4399, 4405, 4412, 4422, 4438, 4444, 4469, 4478, 4483, 4490, 4508, 4533, 4538, 4555, 4582, 4587, 4590, 4596, 4599, 4632, 4636, 4643, 4649, 4651, 4657, 4687, 4710, 4719, 4721, 4729, 4775, 4784, 4805]","[731, 2838]",4839,259,4580,0,259,4578,2
-4.0,XTGLAA,"[9, 11, 36, 46, 48, 58, 79, 85, 98, 119, 128, 149, 177, 196, 217, 249, 285, 311, 336, 348, 350, 378, 384, 412, 417, 421, 463, 483, 485, 502, 516, 524, 542, 546, 572, 607, 644, 648, 650, 657, 673, 686, 720, 730, 749, 759, 767, 786, 795, 806, 829, 831, 837, 841, 846, 887, 893, 909, 911, 993, 1006, 1037, 1062, 1100, 1108, 1120, 1132, 1157, 1210, 1216, 1218, 1298, 1354, 1365, 1391, 1412, 1416, 1428, 1430, 1474, 1476, 1494, 1507, 1514, 1520, 1534, 1553, 1575, 1600, 1605, 1684, 1706, 1728, 1731, 1734, 1757, 1790, 1797, 1803, 1812, 1831, 1845, 1851, 1860, 1879, 1911, 1921, 1955]",[],"[9, 11, 36, 46, 48, 58, 79, 85, 98, 119, 128, 149, 177, 196, 217, 249, 285, 311, 336, 348, 350, 378, 384, 412, 417, 421, 463, 483, 485, 502, 516, 524, 542, 546, 572, 607, 644, 648, 650, 657, 673, 686, 720, 730, 749, 759, 767, 786, 795, 806, 829, 831, 837, 841, 846, 887, 893, 909, 911, 993, 1006, 1037, 1062, 1100, 1108, 1120, 1132, 1157, 1210, 1216, 1218, 1298, 1354, 1365, 1391, 1412, 1416, 1428, 1430, 1474, 1476, 1494, 1507, 1514, 1520, 1534, 1553, 1575, 1600, 1605, 1684, 1706, 1728, 1731, 1734, 1757, 1790, 1797, 1803, 1812, 1831, 1845, 1851, 1860, 1879, 1911, 1921, 1955]","[1036, 1411]",1993,108,1885,0,108,1883,2
-4.0,XTGLB,"[22, 54, 61, 93, 123, 160, 170, 176, 179, 203, 205, 213, 219, 265, 273, 276, 283, 310, 336, 348, 390, 394, 408, 433, 511, 517, 520, 530, 569, 620, 635, 638, 645, 691, 722, 761, 771, 779, 794, 807, 810, 823, 857, 870, 886, 890, 897, 916, 973, 975, 995, 1011, 1049, 1067, 1119, 1189, 1240, 1277, 1284, 1294, 1327, 1335, 1367, 1379, 1388, 1396, 1399, 1422, 1424, 1439, 1457, 1469, 1496, 1507, 1591, 1594, 1651, 1713, 1727, 1734, 1749, 1783, 1793, 1813, 1824, 1872, 1906, 1947, 1959, 1980, 2006, 2038, 2075, 2098, 2102, 2117, 2133, 2157, 2176, 2217, 2220, 2240, 2242, 2296, 2335, 2337, 2347, 2385, 2422, 2425, 2439, 2458, 2478, 2522, 2545, 2575, 2599, 2601, 2605, 2621, 2624, 2644, 2655, 2675, 2684, 2696, 2702, 2723, 2728, 2735, 2742, 2765, 2784, 2816, 2837, 2898, 2900, 2964, 2996, 2999, 3062, 3131, 3150, 3194, 3271, 3274, 3276, 3291, 3308, 3328, 3372, 3407, 3409, 3431, 3439, 3513, 3540, 3580, 3600, 3612, 3615, 3618, 3628, 3635, 3659, 3686, 3693, 3698, 3702, 3731, 3738, 3764, 3770, 3776, 3815, 3824, 3851, 3899, 3903, 3938, 3965, 3996, 4007, 4023, 4035]",[],"[22, 54, 61, 93, 123, 160, 170, 176, 179, 203, 205, 213, 219, 265, 273, 276, 283, 310, 336, 348, 390, 394, 408, 433, 511, 517, 520, 530, 569, 620, 635, 638, 645, 691, 722, 761, 771, 779, 794, 807, 810, 823, 857, 870, 886, 890, 897, 916, 973, 975, 995, 1011, 1049, 1067, 1119, 1189, 1240, 1277, 1284, 1294, 1327, 1335, 1367, 1379, 1388, 1396, 1399, 1422, 1424, 1439, 1457, 1469, 1496, 1507, 1591, 1594, 1651, 1713, 1727, 1734, 1749, 1783, 1793, 1813, 1824, 1872, 1906, 1947, 1959, 1980, 2006, 2038, 2075, 2098, 2102, 2117, 2133, 2157, 2176, 2217, 2220, 2240, 2242, 2296, 2335, 2337, 2347, 2385, 2422, 2425, 2439, 2458, 2478, 2522, 2545, 2575, 2599, 2601, 2605, 2621, 2624, 2644, 2655, 2675, 2684, 2696, 2702, 2723, 2728, 2735, 2742, 2765, 2784, 2816, 2837, 2898, 2900, 2964, 2996, 2999, 3062, 3131, 3150, 3194, 3271, 3274, 3276, 3291, 3308, 3328, 3372, 3407, 3409, 3431, 3439, 3513, 3540, 3580, 3600, 3612, 3615, 3618, 3628, 3635, 3659, 3686, 3693, 3698, 3702, 3731, 3738, 3764, 3770, 3776, 3815, 3824, 3851, 3899, 3903, 3938, 3965, 3996, 4007, 4023, 4035]","[2384, 2836]",4044,185,3859,0,185,3857,2
-4.0,ZEFB2MICB,"[10, 12, 14, 41, 80, 113, 128, 131, 135, 141, 152, 185, 188, 208, 272, 279, 289, 301, 305, 309, 336, 343, 350, 360, 364, 384, 399, 425, 433, 435, 437, 447, 453, 475, 489, 501, 519, 533, 543, 547, 559, 568, 588, 591, 618, 626, 639, 685, 687, 691, 697, 703, 709, 711, 725, 778, 801, 821, 841, 847, 852, 858, 904, 926, 932, 934, 939, 955, 986, 1040, 1045, 1090, 1109, 1151, 1177, 1182, 1188, 1192, 1195, 1220, 1256, 1269, 1281, 1286, 1288, 1310, 1324, 1346, 1350, 1352, 1358, 1410, 1412, 1440, 1442, 1444, 1461, 1473, 1489, 1540, 1552, 1585, 1588, 1600, 1642, 1658, 1667, 1673, 1680, 1682, 1696, 1732, 1748, 1780, 1799, 1812, 1820, 1847, 1851, 1861, 1863, 1873, 1879, 1894, 1901, 1921, 1933, 1955, 1961, 1977, 2043, 2067, 2092, 2115, 2124, 2146, 2160, 2166, 2171]",[],"[10, 12, 14, 41, 80, 113, 128, 131, 135, 141, 152, 185, 188, 208, 272, 279, 289, 301, 305, 309, 336, 343, 350, 360, 364, 384, 399, 425, 433, 435, 437, 447, 453, 475, 489, 501, 519, 533, 543, 547, 559, 568, 588, 591, 618, 626, 639, 685, 687, 691, 697, 703, 709, 711, 725, 778, 801, 821, 841, 847, 852, 858, 904, 926, 932, 934, 939, 955, 986, 1040, 1045, 1090, 1109, 1151, 1177, 1182, 1188, 1192, 1195, 1220, 1256, 1269, 1281, 1286, 1288, 1310, 1324, 1346, 1350, 1352, 1358, 1410, 1412, 1440, 1442, 1444, 1461, 1473, 1489, 1540, 1552, 1585, 1588, 1600, 1642, 1658, 1667, 1673, 1680, 1682, 1696, 1732, 1748, 1780, 1799, 1812, 1820, 1847, 1851, 1861, 1863, 1873, 1879, 1894, 1901, 1921, 1933, 1955, 1961, 1977, 2043, 2067, 2092, 2115, 2124, 2146, 2160, 2166, 2171]","[304, 1187]",2194,139,2055,0,139,2053,2
